type,raw_padyam_text,class,satakam,lg_data,chandassu_score,n_aksharaalu_score,n_paadalu_score,gana_kramam_score,yati_score,prasa_score
seesamu,"శ్రీమదనంత లక్ష్మీ యుతోరః స్థల- చతురాననాండ పూరిత పిచండ
ధర చక్ర ఖడ్గ గదా శరాసనహస్త- నిఖిల వేదాంత వర్ణిత చరిత్ర
సకల పావన నదీ జనక పాదాంభోజ- దమణీయ ఖగకులోత్తమ తురంగ
మణి సౌధవ త్ఫణామండ లోరగతల్ప- వరకల్పకోద్యాన వన విహార",vupajaathi,Aandhranaayaka,"[('శ్రీ', 'U'), ('మ', '|'), ('ద', '|'), ('నం', 'U'), ('త', '|'), ('ల', 'U'), ('క్ష్మీ', 'U'), ('యు', '|'), ('తో', 'U'), ('రః', 'U'), ('స్థ', '|'), ('ల', '|'), ('చ', '|'), ('తు', '|'), ('రా', 'U'), ('న', '|'), ('నాం', 'U'), ('డ', '|'), ('పూ', 'U'), ('రి', '|'), ('త', '|'), ('పి', '|'), ('చం', 'U'), ('డ', '|'), ('ధ', '|'), ('ర', '|'), ('చ', '|'), ('క్ర', '|'), ('ఖ', 'U'), ('డ్గ', '|'), ('గ', '|'), ('దా', 'U'), ('శ', '|'), ('రా', 'U'), ('స', '|'), ('న', '|'), ('హ', 'U'), ('స్త', '|'), ('ని', '|'), ('ఖి', '|'), ('ల', '|'), ('వే', 'U'), ('దాం', 'U'), ('త', '|'), ('వ', 'U'), ('ర్ణి', '|'), ('త', '|'), ('చ', '|'), ('రి', '|'), ('త్ర', '|'), ('స', '|'), ('క', '|'), ('ల', '|'), ('పా', 'U'), ('వ', '|'), ('న', '|'), ('న', '|'), ('దీ', 'U'), ('జ', '|'), ('న', '|'), ('క', '|'), ('పా', 'U'), ('దాం', 'U'), ('భో', 'U'), ('జ', '|'), ('ద', '|'), ('మ', '|'), ('ణీ', 'U'), ('య', '|'), ('ఖ', '|'), ('గ', '|'), ('కు', '|'), ('లో', 'U'), ('త్త', '|'), ('మ', '|'), ('తు', '|'), ('రం', 'U'), ('గ', '|'), ('మ', '|'), ('ణి', '|'), ('సౌ', 'U'), ('ధ', '|'), ('వ', 'U'), ('త్ఫ', '|'), ('ణా', 'U'), ('మం', 'U'), ('డ', '|'), ('లో', 'U'), ('ర', '|'), ('గ', '|'), ('త', 'U'), ('ల్ప', '|'), ('వ', '|'), ('ర', '|'), ('క', 'U'), ('ల్ప', '|'), ('కో', 'U'), ('ద్యా', 'U'), ('న', '|'), ('వ', '|'), ('న', '|'), ('వి', '|'), ('హా', 'U'), ('ర', '|')]",0.8020833333333334,-1.0,1.0,0.78125,0.625,-1.0
teytageethi,"భాను సితభాను నేత్ర సౌభాగ్యగాత్ర-యోగిహృద్గేయ భవనైక భాగధేయ
చిత్ర చిత్ర ప్రభావ దాక్షిణ్యభావ-హత విమతజీవ శ్రీకాకుళాంధ్రదేవ!",vupajaathi,Aandhranaayaka,"[('భా', 'U'), ('ను', '|'), ('సి', '|'), ('త', '|'), ('భా', 'U'), ('ను', '|'), ('నే', 'U'), ('త్ర', '|'), ('సౌ', 'U'), ('భా', 'U'), ('గ్య', '|'), ('గా', 'U'), ('త్ర', '|'), ('యో', 'U'), ('గి', '|'), ('హృ', 'U'), ('ద్గే', 'U'), ('య', '|'), ('భ', '|'), ('వ', '|'), ('నై', 'U'), ('క', '|'), ('భా', 'U'), ('గ', '|'), ('ధే', 'U'), ('య', '|'), ('చి', '|'), ('త్ర', '|'), ('చి', '|'), ('త్ర', '|'), ('ప్ర', '|'), ('భా', 'U'), ('వ', '|'), ('దా', 'U'), ('క్షి', 'U'), ('ణ్య', '|'), ('భా', 'U'), ('వ', '|'), ('హ', '|'), ('త', '|'), ('వి', '|'), ('మ', '|'), ('త', '|'), ('జీ', 'U'), ('వ', '|'), ('శ్రీ', 'U'), ('కా', 'U'), ('కు', '|'), ('ళాం', 'U'), ('ధ్ర', '|'), ('దే', 'U'), ('వ', '|')]",0.7666666666666666,-1.0,1.0,0.8,0.5,-1.0
seesamu,"వైజయంతీధామ వర్ణిత సుత్రామ- శోభననామ లోకాభిరామ
కువలయశ్యామ వికుంఠపట్టణధామ- శ్రుతిహితనామ దైవతలలామ
కృత్యదైత్య సంగ్రామ గీతార్థ పరిణామ- యదుకులాంబుధిసోమ అఘవిరామ
సంగర జిత భౌమ రంగద్గుణస్తోమ- త్రిభువన క్షేమ వర్ధిష్ణుకామ",vupajaathi,Aandhranaayaka,"[('వై', 'U'), ('జ', '|'), ('యం', 'U'), ('తీ', 'U'), ('ధా', 'U'), ('మ', '|'), ('వ', 'U'), ('ర్ణి', '|'), ('త', '|'), ('సు', '|'), ('త్రా', 'U'), ('మ', '|'), ('శో', 'U'), ('భ', '|'), ('న', '|'), ('నా', 'U'), ('మ', '|'), ('లో', 'U'), ('కా', 'U'), ('భి', '|'), ('రా', 'U'), ('మ', '|'), ('కు', '|'), ('వ', '|'), ('ల', '|'), ('య', 'U'), ('శ్యా', 'U'), ('మ', '|'), ('వి', '|'), ('కుం', 'U'), ('ఠ', '|'), ('ప', 'U'), ('ట్ట', '|'), ('ణ', '|'), ('ధా', 'U'), ('మ', '|'), ('శ్రు', '|'), ('తి', '|'), ('హి', '|'), ('త', '|'), ('నా', 'U'), ('మ', '|'), ('దై', 'U'), ('వ', '|'), ('త', '|'), ('ల', '|'), ('లా', 'U'), ('మ', '|'), ('కృ', 'U'), ('త్య', '|'), ('దై', 'U'), ('త్య', '|'), ('సం', 'U'), ('గ్రా', 'U'), ('మ', '|'), ('గీ', 'U'), ('తా', 'U'), ('ర్థ', '|'), ('ప', '|'), ('రి', '|'), ('ణా', 'U'), ('మ', '|'), ('య', '|'), ('దు', '|'), ('కు', '|'), ('లాం', 'U'), ('బు', '|'), ('ధి', '|'), ('సో', 'U'), ('మ', '|'), ('అ', '|'), ('ఘ', '|'), ('వి', '|'), ('రా', 'U'), ('మ', '|'), ('సం', 'U'), ('గ', '|'), ('ర', '|'), ('జి', '|'), ('త', '|'), ('భౌ', 'U'), ('మ', '|'), ('రం', 'U'), ('గ', 'U'), ('ద్గు', '|'), ('ణ', 'U'), ('స్తో', 'U'), ('మ', '|'), ('త్రి', '|'), ('భు', '|'), ('వ', '|'), ('న', 'U'), ('క్షే', 'U'), ('మ', '|'), ('వ', 'U'), ('ర్ధి', 'U'), ('ష్ణు', '|'), ('కా', 'U'), ('మ', '|')]",0.65625,-1.0,1.0,0.71875,0.25,-1.0
teytageethi,"దాసులము గామ? నీ పేరు దలఁచుకోమ?-కొసరితిమి ప్రేమ కోరిన కోర్కు లీవ?
చిత్ర చిత్ర ప్రభావ దాక్షిణ్యభావ-హత విమతజీవ శ్రీకాకుళాంధ్రదేవ!",vupajaathi,Aandhranaayaka,"[('దా', 'U'), ('సు', '|'), ('ల', '|'), ('ము', '|'), ('గా', 'U'), ('మ', '|'), ('నీ', 'U'), ('పే', 'U'), ('రు', '|'), ('ద', '|'), ('ల', '|'), ('చు', '|'), ('కో', 'U'), ('మ', '|'), ('కొ', '|'), ('స', '|'), ('రి', '|'), ('తి', '|'), ('మి', '|'), ('ప్రే', 'U'), ('మ', '|'), ('కో', 'U'), ('రి', '|'), ('న', '|'), ('కో', 'U'), ('ర్కు', '|'), ('లీ', 'U'), ('వ', '|'), ('చి', '|'), ('త్ర', '|'), ('చి', '|'), ('త్ర', '|'), ('ప్ర', '|'), ('భా', 'U'), ('వ', '|'), ('దా', 'U'), ('క్షి', 'U'), ('ణ్య', '|'), ('భా', 'U'), ('వ', '|'), ('హ', '|'), ('త', '|'), ('వి', '|'), ('మ', '|'), ('త', '|'), ('జీ', 'U'), ('వ', '|'), ('శ్రీ', 'U'), ('కా', 'U'), ('కు', '|'), ('ళాం', 'U'), ('ధ్ర', '|'), ('దే', 'U'), ('వ', '|')]",0.7666666666666666,-1.0,1.0,0.8,0.5,-1.0
seesamu,"మానుషహర్యక్ష మార్తాండ సోమాక్ష- త్రిభువనాధ్యక్ష కౌంతేయపక్ష
మదనకోటివిలాస మంజుల దరహాస- శ్రీహృన్నివాస కౌశేయవాస
శార్ఙ్గకోదండ పిచండ భృతాజాండ- వినుతవేదండ రవిప్రచండ
దీనశరణ్య విద్విట్భేద నైపుణ్య- భక్తానుగణ్య దిక్ప్రభువరేణ్య",vupajaathi,Aandhranaayaka,"[('మా', 'U'), ('ను', '|'), ('ష', '|'), ('హ', 'U'), ('ర్య', 'U'), ('క్ష', '|'), ('మా', 'U'), ('ర్తాం', 'U'), ('డ', '|'), ('సో', 'U'), ('మా', 'U'), ('క్ష', '|'), ('త్రి', '|'), ('భు', '|'), ('వ', '|'), ('నా', 'U'), ('ధ్య', 'U'), ('క్ష', '|'), ('కౌం', 'U'), ('తే', 'U'), ('య', '|'), ('ప', 'U'), ('క్ష', '|'), ('మ', '|'), ('ద', '|'), ('న', '|'), ('కో', 'U'), ('టి', '|'), ('వి', '|'), ('లా', 'U'), ('స', '|'), ('మం', 'U'), ('జు', '|'), ('ల', '|'), ('ద', '|'), ('ర', '|'), ('హా', 'U'), ('స', '|'), ('శ్రీ', 'U'), ('హృ', 'U'), ('న్ని', '|'), ('వా', 'U'), ('స', '|'), ('కౌ', 'U'), ('శే', 'U'), ('య', '|'), ('వా', 'U'), ('స', '|'), ('శా', 'U'), ('ర్ఙ్గ', '|'), ('కో', 'U'), ('దం', 'U'), ('డ', '|'), ('పి', '|'), ('చం', 'U'), ('డ', '|'), ('భృ', '|'), ('తా', 'U'), ('జాం', 'U'), ('డ', '|'), ('వి', '|'), ('ను', '|'), ('త', '|'), ('వే', 'U'), ('దం', 'U'), ('డ', '|'), ('ర', '|'), ('వి', '|'), ('ప్ర', '|'), ('చం', 'U'), ('డ', '|'), ('దీ', 'U'), ('న', '|'), ('శ', '|'), ('ర', 'U'), ('ణ్య', '|'), ('వి', 'U'), ('ద్వి', 'U'), ('ట్భే', 'U'), ('ద', '|'), ('నై', 'U'), ('పు', 'U'), ('ణ్య', '|'), ('భ', 'U'), ('క్తా', 'U'), ('ను', '|'), ('గ', 'U'), ('ణ్య', '|'), ('ది', 'U'), ('క్ప్ర', '|'), ('భు', '|'), ('వ', '|'), ('రే', 'U'), ('ణ్య', '|')]",0.8645833333333334,-1.0,1.0,0.84375,0.75,-1.0
teytageethi,"సిద్ధసంకల్ప అవికల్ప శేషతల్ప-నిష్కలంక నిరాతంక నిరుపమాంక
చిత్ర చిత్ర ప్రభావ దాక్షిణ్యభావ-హత విమతజీవ శ్రీకాకుళాంధ్రదేవ!",vupajaathi,Aandhranaayaka,"[('సి', 'U'), ('ద్ధ', '|'), ('సం', 'U'), ('క', 'U'), ('ల్ప', '|'), ('అ', '|'), ('వి', '|'), ('క', 'U'), ('ల్ప', '|'), ('శే', 'U'), ('ష', '|'), ('త', 'U'), ('ల్ప', '|'), ('ని', 'U'), ('ష్క', '|'), ('లం', 'U'), ('క', '|'), ('ని', '|'), ('రా', 'U'), ('తం', 'U'), ('క', '|'), ('ని', '|'), ('రు', '|'), ('ప', '|'), ('మాం', 'U'), ('క', '|'), ('చి', '|'), ('త్ర', '|'), ('చి', '|'), ('త్ర', '|'), ('ప్ర', '|'), ('భా', 'U'), ('వ', '|'), ('దా', 'U'), ('క్షి', 'U'), ('ణ్య', '|'), ('భా', 'U'), ('వ', '|'), ('హ', '|'), ('త', '|'), ('వి', '|'), ('మ', '|'), ('త', '|'), ('జీ', 'U'), ('వ', '|'), ('శ్రీ', 'U'), ('కా', 'U'), ('కు', '|'), ('ళాం', 'U'), ('ధ్ర', '|'), ('దే', 'U'), ('వ', '|')]",0.7666666666666666,-1.0,1.0,0.8,0.5,-1.0
seesamu,"గోవింద ముచికుంద సేవిత పాదార- వింద నిత్యానంద విశ్వతుంద
శ్రీమంత విజయలక్ష్మీకాంత నిర్మల- స్వాంత భక్తోద్యాన వనవసంత
అఘనాశ కోటిసూర్యప్రకాశ వరేశ- విజితాశ సన్మనోంబుజ నివేశ
సద్గుణ గేహ వాసవనీల సమదేహ- బంధురోత్సాహ సువర్ణవాహ",vupajaathi,Aandhranaayaka,"[('గో', 'U'), ('విం', 'U'), ('ద', '|'), ('ము', '|'), ('చి', '|'), ('కుం', 'U'), ('ద', '|'), ('సే', 'U'), ('వి', '|'), ('త', '|'), ('పా', 'U'), ('దా', 'U'), ('ర', '|'), ('విం', 'U'), ('ద', '|'), ('ని', 'U'), ('త్యా', 'U'), ('నం', 'U'), ('ద', '|'), ('వి', 'U'), ('శ్వ', '|'), ('తుం', 'U'), ('ద', '|'), ('శ్రీ', 'U'), ('మం', 'U'), ('త', '|'), ('వి', '|'), ('జ', '|'), ('య', '|'), ('ల', 'U'), ('క్ష్మీ', 'U'), ('కాం', 'U'), ('త', '|'), ('ని', 'U'), ('ర్మ', '|'), ('ల', 'U'), ('స్వాం', 'U'), ('త', '|'), ('భ', 'U'), ('క్తో', 'U'), ('ద్యా', 'U'), ('న', '|'), ('వ', '|'), ('న', '|'), ('వ', '|'), ('సం', 'U'), ('త', '|'), ('అ', '|'), ('ఘ', '|'), ('నా', 'U'), ('శ', '|'), ('కో', 'U'), ('టి', '|'), ('సూ', 'U'), ('ర్య', '|'), ('ప్ర', '|'), ('కా', 'U'), ('శ', '|'), ('వ', '|'), ('రే', 'U'), ('శ', '|'), ('వి', '|'), ('జి', '|'), ('తా', 'U'), ('శ', '|'), ('స', 'U'), ('న్మ', '|'), ('నోం', 'U'), ('బు', '|'), ('జ', '|'), ('ని', '|'), ('వే', 'U'), ('శ', '|'), ('స', 'U'), ('ద్గు', '|'), ('ణ', '|'), ('గే', 'U'), ('హ', '|'), ('వా', 'U'), ('స', '|'), ('వ', '|'), ('నీ', 'U'), ('ల', '|'), ('స', '|'), ('మ', '|'), ('దే', 'U'), ('హ', '|'), ('బం', 'U'), ('ధు', '|'), ('రో', 'U'), ('త్సా', 'U'), ('హ', '|'), ('సు', '|'), ('వ', 'U'), ('ర్ణ', '|'), ('వా', 'U'), ('హ', '|')]",0.8020833333333334,-1.0,1.0,0.78125,0.625,-1.0
teytageethi,"పండితస్తోత్ర చారిత్ర పద్మనేత్ర-మధుర మంజులభాష సమస్తపోష
చిత్ర చిత్ర ప్రభావ దాక్షిణ్యభావ-హత విమతజీవ శ్రీకాకుళాంధ్రదేవ!",vupajaathi,Aandhranaayaka,"[('పం', 'U'), ('డి', '|'), ('త', 'U'), ('స్తో', 'U'), ('త్ర', '|'), ('చా', 'U'), ('రి', '|'), ('త్ర', '|'), ('ప', 'U'), ('ద్మ', '|'), ('నే', 'U'), ('త్ర', '|'), ('మ', '|'), ('ధు', '|'), ('ర', '|'), ('మం', 'U'), ('జు', '|'), ('ల', '|'), ('భా', 'U'), ('ష', '|'), ('స', '|'), ('మ', 'U'), ('స్త', '|'), ('పో', 'U'), ('ష', '|'), ('చి', '|'), ('త్ర', '|'), ('చి', '|'), ('త్ర', '|'), ('ప్ర', '|'), ('భా', 'U'), ('వ', '|'), ('దా', 'U'), ('క్షి', 'U'), ('ణ్య', '|'), ('భా', 'U'), ('వ', '|'), ('హ', '|'), ('త', '|'), ('వి', '|'), ('మ', '|'), ('త', '|'), ('జీ', 'U'), ('వ', '|'), ('శ్రీ', 'U'), ('కా', 'U'), ('కు', '|'), ('ళాం', 'U'), ('ధ్ర', '|'), ('దే', 'U'), ('వ', '|')]",0.7666666666666666,-1.0,1.0,0.8,0.5,-1.0
seesamu,"శ్రీకాకుళము భక్తలోక చింతామణి- శ్రీకాకుళము సుకృతాకరంబు
శ్రీకాకుళము ధరాలోక వైకుంఠంబు- శ్రీకాకుళము మర్త్యసేవితంబు
శ్రీకాకుళము వేదసిద్ధాంత మహిమంబు- శ్రీకాకుళము హతవ్యాకులంబు
శ్రీకాకుళము మహాక్షేత్రావతంసంబు- శ్రీకాకుళము సర్వసిద్ధికరము",vupajaathi,Aandhranaayaka,"[('శ్రీ', 'U'), ('కా', 'U'), ('కు', '|'), ('ళ', '|'), ('ము', '|'), ('భ', 'U'), ('క్త', '|'), ('లో', 'U'), ('క', '|'), ('చిం', 'U'), ('తా', 'U'), ('మ', '|'), ('ణి', '|'), ('శ్రీ', 'U'), ('కా', 'U'), ('కు', '|'), ('ళ', '|'), ('ము', '|'), ('సు', '|'), ('కృ', '|'), ('తా', 'U'), ('క', '|'), ('రం', 'U'), ('బు', '|'), ('శ్రీ', 'U'), ('కా', 'U'), ('కు', '|'), ('ళ', '|'), ('ము', '|'), ('ధ', '|'), ('రా', 'U'), ('లో', 'U'), ('క', '|'), ('వై', 'U'), ('కుం', 'U'), ('ఠం', 'U'), ('బు', '|'), ('శ్రీ', 'U'), ('కా', 'U'), ('కు', '|'), ('ళ', '|'), ('ము', '|'), ('మ', 'U'), ('ర్త్య', '|'), ('సే', 'U'), ('వి', '|'), ('తం', 'U'), ('బు', '|'), ('శ్రీ', 'U'), ('కా', 'U'), ('కు', '|'), ('ళ', '|'), ('ము', '|'), ('వే', 'U'), ('ద', '|'), ('సి', 'U'), ('ద్ధాం', 'U'), ('త', '|'), ('మ', '|'), ('హి', '|'), ('మం', 'U'), ('బు', '|'), ('శ్రీ', 'U'), ('కా', 'U'), ('కు', '|'), ('ళ', '|'), ('ము', '|'), ('హ', '|'), ('త', 'U'), ('వ్యా', 'U'), ('కు', '|'), ('లం', 'U'), ('బు', '|'), ('శ్రీ', 'U'), ('కా', 'U'), ('కు', '|'), ('ళ', '|'), ('ము', '|'), ('మ', '|'), ('హా', 'U'), ('క్షే', 'U'), ('త్రా', 'U'), ('వ', '|'), ('తం', 'U'), ('సం', 'U'), ('బు', '|'), ('శ్రీ', 'U'), ('కా', 'U'), ('కు', '|'), ('ళ', '|'), ('ము', '|'), ('స', 'U'), ('ర్వ', '|'), ('సి', 'U'), ('ద్ధి', '|'), ('క', '|'), ('ర', '|'), ('ము', '|')]",1.0,-1.0,1.0,1.0,1.0,-1.0
teytageethi,"తెలియ శ్రీకాకుళంబు నీ దివ్యదేశ-మాంధ్రనాయక నీవె శ్రీహరివి నిజము
చిత్ర చిత్ర ప్రభావ దాక్షిణ్యభావ-హత విమతజీవ శ్రీకాకుళాంధ్రదేవ!",vupajaathi,Aandhranaayaka,"[('తె', '|'), ('లి', '|'), ('య', '|'), ('శ్రీ', 'U'), ('కా', 'U'), ('కు', '|'), ('ళం', 'U'), ('బు', '|'), ('నీ', 'U'), ('ది', 'U'), ('వ్య', '|'), ('దే', 'U'), ('శ', '|'), ('మాం', 'U'), ('ధ్ర', '|'), ('నా', 'U'), ('య', '|'), ('క', '|'), ('నీ', 'U'), ('వె', '|'), ('శ్రీ', 'U'), ('హ', '|'), ('రి', '|'), ('వి', '|'), ('ని', '|'), ('జ', '|'), ('ము', '|'), ('చి', '|'), ('త్ర', '|'), ('చి', '|'), ('త్ర', '|'), ('ప్ర', '|'), ('భా', 'U'), ('వ', '|'), ('దా', 'U'), ('క్షి', 'U'), ('ణ్య', '|'), ('భా', 'U'), ('వ', '|'), ('హ', '|'), ('త', '|'), ('వి', '|'), ('మ', '|'), ('త', '|'), ('జీ', 'U'), ('వ', '|'), ('శ్రీ', 'U'), ('కా', 'U'), ('కు', '|'), ('ళాం', 'U'), ('ధ్ర', '|'), ('దే', 'U'), ('వ', '|')]",0.6833333333333332,-1.0,1.0,0.8,0.25,-1.0
seesamu,"ఇంద్రనీలచ్ఛాయ లీను నెమ్మేనిపైఁ- గనకాంబరప్రభ గ్రందుకొనఁగఁ
బర్వసుధాంశు శోభసముజ్జ్వలవక్త్ర- మున నూర్ధ్వపుండ్రము ముద్దు గుల్క
నెగుభుజంబుల ధగద్ధగితాంగద ద్యుతుల్‌- మూర్ధరత్నకిరీటమునఁ జరింప
వర్ణితోరస్థలి వైయంతిక కౌస్తు- భాంతర శ్రీదేవియంద మమర",vupajaathi,Aandhranaayaka,"[('ఇం', 'U'), ('ద్ర', '|'), ('నీ', 'U'), ('ల', 'U'), ('చ్ఛా', 'U'), ('య', '|'), ('లీ', 'U'), ('ను', '|'), ('నె', 'U'), ('మ్మే', 'U'), ('ని', '|'), ('పై', 'U'), ('గ', '|'), ('న', '|'), ('కాం', 'U'), ('బ', '|'), ('ర', '|'), ('ప్ర', '|'), ('భ', '|'), ('గ్రం', 'U'), ('దు', '|'), ('కొ', '|'), ('న', '|'), ('గ', '|'), ('బ', 'U'), ('ర్వ', '|'), ('సు', '|'), ('ధాం', 'U'), ('శు', '|'), ('శో', 'U'), ('భ', '|'), ('స', '|'), ('ము', 'U'), ('జ్జ్వ', '|'), ('ల', '|'), ('వ', 'U'), ('క్త్ర', '|'), ('ము', '|'), ('న', '|'), ('నూ', 'U'), ('ర్ధ్వ', '|'), ('పుం', 'U'), ('డ్ర', '|'), ('ము', '|'), ('ము', 'U'), ('ద్దు', '|'), ('గు', 'U'), ('ల్క', '|'), ('నె', '|'), ('గు', '|'), ('భు', '|'), ('జం', 'U'), ('బు', '|'), ('ల', '|'), ('ధ', '|'), ('గ', 'U'), ('ద్ధ', '|'), ('గి', '|'), ('తాం', 'U'), ('గ', '|'), ('ద', 'U'), ('ద్యు', '|'), ('తు', 'U'), ('ల్మూ', 'U'), ('ర్ధ', '|'), ('ర', 'U'), ('త్న', '|'), ('కి', '|'), ('రీ', 'U'), ('ట', '|'), ('ము', '|'), ('న', '|'), ('జ', '|'), ('రిం', 'U'), ('ప', '|'), ('వ', 'U'), ('ర్ణి', '|'), ('తో', 'U'), ('ర', 'U'), ('స్థ', '|'), ('లి', '|'), ('వై', 'U'), ('యం', 'U'), ('తి', '|'), ('క', '|'), ('కౌ', 'U'), ('స్తు', '|'), ('భాం', 'U'), ('త', '|'), ('ర', '|'), ('శ్రీ', 'U'), ('దే', 'U'), ('వి', '|'), ('యం', 'U'), ('ద', '|'), ('మ', '|'), ('మ', '|'), ('ర', '|')]",0.5104166666666666,-1.0,1.0,0.53125,0.0,-1.0
teytageethi,"రమ్ము దర్శన మిమ్ము ఘోరములఁ జిమ్ము-మభయ మిమ్ము భవత్తత్త్వ మానతిమ్ము 
చిత్ర చిత్ర ప్రభావ దాక్షిణ్యభావ-హత విమతజీవ శ్రీకాకుళాంధ్రదేవ!",vupajaathi,Aandhranaayaka,"[('ర', 'U'), ('మ్ము', '|'), ('ద', 'U'), ('ర్శ', '|'), ('న', '|'), ('మి', 'U'), ('మ్ము', '|'), ('ఘో', 'U'), ('ర', '|'), ('ము', '|'), ('ల', '|'), ('జి', 'U'), ('మ్ము', '|'), ('మ', '|'), ('భ', '|'), ('య', '|'), ('మి', 'U'), ('మ్ము', '|'), ('భ', '|'), ('వ', 'U'), ('త్త', 'U'), ('త్త్వ', '|'), ('మా', 'U'), ('న', '|'), ('తి', 'U'), ('మ్ము', '|'), ('చి', '|'), ('త్ర', '|'), ('చి', '|'), ('త్ర', '|'), ('ప్ర', '|'), ('భా', 'U'), ('వ', '|'), ('దా', 'U'), ('క్షి', 'U'), ('ణ్య', '|'), ('భా', 'U'), ('వ', '|'), ('హ', '|'), ('త', '|'), ('వి', '|'), ('మ', '|'), ('త', '|'), ('జీ', 'U'), ('వ', '|'), ('శ్రీ', 'U'), ('కా', 'U'), ('కు', '|'), ('ళాం', 'U'), ('ధ్ర', '|'), ('దే', 'U'), ('వ', '|')]",0.7666666666666666,-1.0,1.0,0.8,0.5,-1.0
seesamu,"కలిగినప్పుడె కన్న తలిదండ్రు లెన్న నే- నిసువు మాటాడంగ నేర్చె జగతి
జయలిజగంబు లంబకు నిజోదరమునం- దేబిడ్డ చూపించె నిద్ధరిత్రిఁ
దొడలపై ముద్దుగా నిడుకొన్న జనని కే- పసిపిల్ల కొండంతబరువు దోఁచెఁ
దల్లిచెంగటనుండి యిల్లిల్లుఁ జొచ్చి యే- కుఱ్ఱఁ డింతుల బల్మిఁ గూడ నేర్చె",vupajaathi,Aandhranaayaka,"[('క', '|'), ('లి', '|'), ('గి', '|'), ('న', 'U'), ('ప్పు', '|'), ('డె', '|'), ('క', 'U'), ('న్న', '|'), ('త', '|'), ('లి', '|'), ('దం', 'U'), ('డ్రు', '|'), ('లె', 'U'), ('న్న', '|'), ('నే', 'U'), ('ని', '|'), ('సు', '|'), ('వు', '|'), ('మా', 'U'), ('టా', 'U'), ('డం', 'U'), ('గ', '|'), ('నే', 'U'), ('ర్చె', '|'), ('జ', '|'), ('గ', '|'), ('తి', '|'), ('జ', '|'), ('య', '|'), ('లి', '|'), ('జ', '|'), ('గం', 'U'), ('బు', '|'), ('లం', 'U'), ('బ', '|'), ('కు', '|'), ('ని', '|'), ('జో', 'U'), ('ద', '|'), ('ర', '|'), ('ము', '|'), ('నం', 'U'), ('దే', 'U'), ('బి', 'U'), ('డ్డ', '|'), ('చూ', 'U'), ('పిం', 'U'), ('చె', '|'), ('ని', 'U'), ('ద్ధ', '|'), ('రి', '|'), ('త్రి', '|'), ('దొ', '|'), ('డ', '|'), ('ల', '|'), ('పై', 'U'), ('ము', 'U'), ('ద్దు', '|'), ('గా', 'U'), ('ని', '|'), ('డు', '|'), ('కొ', 'U'), ('న్న', '|'), ('జ', '|'), ('న', '|'), ('ని', '|'), ('కే', 'U'), ('ప', '|'), ('సి', '|'), ('పి', 'U'), ('ల్ల', '|'), ('కొం', 'U'), ('డం', 'U'), ('త', '|'), ('బ', '|'), ('రు', '|'), ('వు', '|'), ('దో', 'U'), ('చె', '|'), ('ద', 'U'), ('ల్లి', '|'), ('చెం', 'U'), ('గ', '|'), ('ట', '|'), ('నుం', 'U'), ('డి', '|'), ('యి', 'U'), ('ల్లి', 'U'), ('ల్లు', '|'), ('జొ', 'U'), ('చ్చి', '|'), ('యే', 'U'), ('కు', 'U'), ('ఱ్ఱ', '|'), ('డిం', 'U'), ('తు', '|'), ('ల', '|'), ('బ', 'U'), ('ల్మి', '|'), ('గూ', 'U'), ('డ', '|'), ('నే', 'U'), ('ర్చె', '|')]",0.6666666666666666,-1.0,1.0,0.75,0.25,-1.0
teytageethi,"నాబుడత వీవెరా యబ్బ! యబ్బురంపు-కతలమారివి నీ వెఱుంగనివి గలవె?
చిత్ర చిత్ర ప్రభావ దాక్షిణ్యభావ-హత విమతజీవ శ్రీకాకుళాంధ్రదేవ!",vupajaathi,Aandhranaayaka,"[('నా', 'U'), ('బు', '|'), ('డ', '|'), ('త', '|'), ('వీ', 'U'), ('వె', '|'), ('రా', 'U'), ('య', 'U'), ('బ్బ', '|'), ('య', 'U'), ('బ్బు', '|'), ('రం', 'U'), ('పు', '|'), ('క', '|'), ('త', '|'), ('ల', '|'), ('మా', 'U'), ('రి', '|'), ('వి', '|'), ('నీ', 'U'), ('వె', '|'), ('ఱుం', 'U'), ('గ', '|'), ('ని', '|'), ('వి', '|'), ('గ', '|'), ('ల', '|'), ('వె', '|'), ('చి', '|'), ('త్ర', '|'), ('చి', '|'), ('త్ర', '|'), ('ప్ర', '|'), ('భా', 'U'), ('వ', '|'), ('దా', 'U'), ('క్షి', 'U'), ('ణ్య', '|'), ('భా', 'U'), ('వ', '|'), ('హ', '|'), ('త', '|'), ('వి', '|'), ('మ', '|'), ('త', '|'), ('జీ', 'U'), ('వ', '|'), ('శ్రీ', 'U'), ('కా', 'U'), ('కు', '|'), ('ళాం', 'U'), ('ధ్ర', '|'), ('దే', 'U'), ('వ', '|')]",0.6833333333333332,-1.0,1.0,0.8,0.25,-1.0
seesamu,"వరమిచ్చినట్టి శంకరుని కెగ్గు దలంచు- భస్మాసురుని పేరుఁ బాపినావు
తనయిల్లుఁ గాచు నుగ్రుని బోరుటకుఁ బిల్చు- బాణుచేతులు తెగఁ బఱికినావు
తొలుమిన్కు లజుని మ్రుచ్చిలి గొన్న సోమకుఁ- జంపి విద్యలు ధాత కంపినావు
బలిమి దైత్యులు సుధాకలశము న్గొన వారి- వంచించి సురలకుఁ బంచినావు",vupajaathi,Aandhranaayaka,"[('వ', '|'), ('ర', '|'), ('మి', 'U'), ('చ్చి', '|'), ('న', 'U'), ('ట్టి', '|'), ('శం', 'U'), ('క', '|'), ('రు', '|'), ('ని', '|'), ('కె', 'U'), ('గ్గు', '|'), ('ద', '|'), ('లం', 'U'), ('చు', '|'), ('భ', 'U'), ('స్మా', 'U'), ('సు', '|'), ('రు', '|'), ('ని', '|'), ('పే', 'U'), ('రు', '|'), ('బా', 'U'), ('పి', '|'), ('నా', 'U'), ('వు', '|'), ('త', '|'), ('న', '|'), ('యి', 'U'), ('ల్లు', '|'), ('గా', 'U'), ('చు', '|'), ('ను', '|'), ('గ్రు', '|'), ('ని', '|'), ('బో', 'U'), ('రు', '|'), ('ట', '|'), ('కు', '|'), ('బి', 'U'), ('ల్చు', '|'), ('బా', 'U'), ('ణు', '|'), ('చే', 'U'), ('తు', '|'), ('లు', '|'), ('తె', '|'), ('గ', '|'), ('బ', '|'), ('ఱి', '|'), ('కి', '|'), ('నా', 'U'), ('వు', '|'), ('తొ', '|'), ('లు', '|'), ('మి', 'U'), ('న్కు', '|'), ('ల', '|'), ('జు', '|'), ('ని', '|'), ('మ్రు', 'U'), ('చ్చి', '|'), ('లి', '|'), ('గొ', 'U'), ('న్న', '|'), ('సో', 'U'), ('మ', '|'), ('కు', '|'), ('జం', 'U'), ('పి', '|'), ('వి', 'U'), ('ద్య', '|'), ('లు', '|'), ('ధా', 'U'), ('త', '|'), ('కం', 'U'), ('పి', '|'), ('నా', 'U'), ('వు', '|'), ('బ', '|'), ('లి', '|'), ('మి', '|'), ('దై', 'U'), ('త్యు', '|'), ('లు', '|'), ('సు', '|'), ('ధా', 'U'), ('క', '|'), ('ల', '|'), ('శ', '|'), ('ము', 'U'), ('న్గొ', '|'), ('న', '|'), ('వా', 'U'), ('రి', '|'), ('వం', 'U'), ('చిం', 'U'), ('చి', '|'), ('సు', '|'), ('ర', '|'), ('ల', '|'), ('కు', '|'), ('బం', 'U'), ('చి', '|'), ('నా', 'U'), ('వు', '|')]",1.0,-1.0,1.0,1.0,1.0,-1.0
teytageethi,"నిఖిలదైవత కార్యముల్‌ నిర్వహించు-నీకు నిజకార్యము భరంబె నిర్వహింప!
చిత్ర చిత్ర ప్రభావ దాక్షిణ్యభావ-హత విమతజీవ శ్రీకాకుళాంధ్రదేవ!",vupajaathi,Aandhranaayaka,"[('ని', '|'), ('ఖి', '|'), ('ల', '|'), ('దై', 'U'), ('వ', '|'), ('త', '|'), ('కా', 'U'), ('ర్య', '|'), ('ము', 'U'), ('ల్ని', 'U'), ('ర్వ', '|'), ('హిం', 'U'), ('చు', '|'), ('నీ', 'U'), ('కు', '|'), ('ని', '|'), ('జ', '|'), ('కా', 'U'), ('ర్య', '|'), ('ము', '|'), ('భ', '|'), ('రం', 'U'), ('బె', '|'), ('ని', 'U'), ('ర్వ', '|'), ('హిం', 'U'), ('ప', '|'), ('చి', '|'), ('త్ర', '|'), ('చి', '|'), ('త్ర', '|'), ('ప్ర', '|'), ('భా', 'U'), ('వ', '|'), ('దా', 'U'), ('క్షి', 'U'), ('ణ్య', '|'), ('భా', 'U'), ('వ', '|'), ('హ', '|'), ('త', '|'), ('వి', '|'), ('మ', '|'), ('త', '|'), ('జీ', 'U'), ('వ', '|'), ('శ్రీ', 'U'), ('కా', 'U'), ('కు', '|'), ('ళాం', 'U'), ('ధ్ర', '|'), ('దే', 'U'), ('వ', '|')]",0.7666666666666666,-1.0,1.0,0.8,0.5,-1.0
seesamu,"అచట లే వని కదా యరచేతఁ జఱచెఁ గ్రు- ద్ధత సభా స్తంభంబు దానవేంద్రుఁ
డచట లే వని కదా యస్త్రరాజం బేసె- గురుసుతుం డుత్తరోదరమునందు
నచట లే వని కదా యతికోపి ననిచెఁ- బాండవు లున్నవనికిఁ గౌరవకులేంద్రుఁ
డచట లే వని కదా యాత్మీయసభను ద్రౌ- పది వల్వ లూడ్చె సర్పధ్వజుండు",vupajaathi,Aandhranaayaka,"[('అ', '|'), ('చ', '|'), ('ట', '|'), ('లే', 'U'), ('వ', '|'), ('ని', '|'), ('క', '|'), ('దా', 'U'), ('య', '|'), ('ర', '|'), ('చే', 'U'), ('త', '|'), ('జ', '|'), ('ఱ', '|'), ('చె', '|'), ('గ్రు', 'U'), ('ద్ధ', '|'), ('త', '|'), ('స', '|'), ('భా', 'U'), ('స్తం', 'U'), ('భం', 'U'), ('బు', '|'), ('దా', 'U'), ('న', '|'), ('వేం', 'U'), ('ద్రు', '|'), ('డ', '|'), ('చ', '|'), ('ట', '|'), ('లే', 'U'), ('వ', '|'), ('ని', '|'), ('క', '|'), ('దా', 'U'), ('య', 'U'), ('స్త్ర', '|'), ('రా', 'U'), ('జం', 'U'), ('బే', 'U'), ('సె', '|'), ('గు', '|'), ('రు', '|'), ('సు', '|'), ('తుం', 'U'), ('డు', 'U'), ('త్త', '|'), ('రో', 'U'), ('ద', '|'), ('ర', '|'), ('ము', '|'), ('నం', 'U'), ('దు', '|'), ('న', '|'), ('చ', '|'), ('ట', '|'), ('లే', 'U'), ('వ', '|'), ('ని', '|'), ('క', '|'), ('దా', 'U'), ('య', '|'), ('తి', '|'), ('కో', 'U'), ('పి', '|'), ('న', '|'), ('ని', '|'), ('చె', '|'), ('బాం', 'U'), ('డ', '|'), ('వు', '|'), ('లు', 'U'), ('న్న', '|'), ('వ', '|'), ('ని', '|'), ('కి', '|'), ('గౌ', 'U'), ('ర', '|'), ('వ', '|'), ('కు', '|'), ('లేం', 'U'), ('ద్రు', '|'), ('డ', '|'), ('చ', '|'), ('ట', '|'), ('లే', 'U'), ('వ', '|'), ('ని', '|'), ('క', '|'), ('దా', 'U'), ('యా', 'U'), ('త్మీ', 'U'), ('య', '|'), ('స', '|'), ('భ', '|'), ('ను', '|'), ('ద్రౌ', 'U'), ('ప', '|'), ('ది', '|'), ('వ', 'U'), ('ల్వ', '|'), ('లూ', 'U'), ('డ్చె', '|'), ('స', 'U'), ('ర్ప', 'U'), ('ధ్వ', '|'), ('జుం', 'U'), ('డు', '|')]",0.875,-1.0,1.0,1.0,0.625,-1.0
teytageethi,"లేక యచ్చోటులను గల్గలేదె ముందు-కలవు కేవల మిచ్చోటఁ గల్గు టరుదె
చిత్ర చిత్ర ప్రభావ దాక్షిణ్యభావ-హత విమతజీవ శ్రీకాకుళాంధ్రదేవ!",vupajaathi,Aandhranaayaka,"[('లే', 'U'), ('క', '|'), ('య', 'U'), ('చ్చో', 'U'), ('టు', '|'), ('ల', '|'), ('ను', '|'), ('గ', 'U'), ('ల్గ', '|'), ('లే', 'U'), ('దె', '|'), ('ముం', 'U'), ('దు', '|'), ('క', '|'), ('ల', '|'), ('వు', '|'), ('కే', 'U'), ('వ', '|'), ('ల', '|'), ('మి', 'U'), ('చ్చో', 'U'), ('ట', '|'), ('గ', 'U'), ('ల్గు', '|'), ('ట', '|'), ('రు', '|'), ('దె', '|'), ('చి', '|'), ('త్ర', '|'), ('చి', '|'), ('త్ర', '|'), ('ప్ర', '|'), ('భా', 'U'), ('వ', '|'), ('దా', 'U'), ('క్షి', 'U'), ('ణ్య', '|'), ('భా', 'U'), ('వ', '|'), ('హ', '|'), ('త', '|'), ('వి', '|'), ('మ', '|'), ('త', '|'), ('జీ', 'U'), ('వ', '|'), ('శ్రీ', 'U'), ('కా', 'U'), ('కు', '|'), ('ళాం', 'U'), ('ధ్ర', '|'), ('దే', 'U'), ('వ', '|')]",0.7666666666666666,-1.0,1.0,0.8,0.5,-1.0
seesamu,"అంచితాఖండ దీపారాధనల చేత- దీపించు నెప్పుడు దేవళంబు
అగరుసాంబ్రాణి ధూపార్పణంబులచేత- భవనం బ దెప్పుడుఁ బరిమళించు
నతినృత్యగీత వాద్యస్వనంబులచేత- నెప్పుడుఁ గోవెల యెసక మెసఁగు
నఖిలోపచార సమర్పణంబులచేత- మెఱయు నెప్పుడుఁ దిరుమేను కళల",vupajaathi,Aandhranaayaka,"[('అం', 'U'), ('చి', '|'), ('తా', 'U'), ('ఖం', 'U'), ('డ', '|'), ('దీ', 'U'), ('పా', 'U'), ('రా', 'U'), ('ధ', '|'), ('న', '|'), ('ల', '|'), ('చే', 'U'), ('త', '|'), ('దీ', 'U'), ('పిం', 'U'), ('చు', '|'), ('నె', 'U'), ('ప్పు', '|'), ('డు', '|'), ('దే', 'U'), ('వ', '|'), ('ళం', 'U'), ('బు', '|'), ('అ', '|'), ('గ', '|'), ('రు', '|'), ('సాం', 'U'), ('బ్రా', 'U'), ('ణి', '|'), ('ధూ', 'U'), ('పా', 'U'), ('ర్ప', '|'), ('ణం', 'U'), ('బు', '|'), ('ల', '|'), ('చే', 'U'), ('త', '|'), ('భ', '|'), ('వ', '|'), ('నం', 'U'), ('బ', '|'), ('దె', 'U'), ('ప్పు', '|'), ('డు', '|'), ('బ', '|'), ('రి', '|'), ('మ', '|'), ('ళిం', 'U'), ('చు', '|'), ('న', '|'), ('తి', '|'), ('నృ', 'U'), ('త్య', '|'), ('గీ', 'U'), ('త', '|'), ('వా', 'U'), ('ద్య', 'U'), ('స్వ', '|'), ('నం', 'U'), ('బు', '|'), ('ల', '|'), ('చే', 'U'), ('త', '|'), ('నె', 'U'), ('ప్పు', '|'), ('డు', '|'), ('గో', 'U'), ('వె', '|'), ('ల', '|'), ('యె', '|'), ('స', '|'), ('క', '|'), ('మె', '|'), ('స', '|'), ('గు', '|'), ('న', '|'), ('ఖి', '|'), ('లో', 'U'), ('ప', '|'), ('చా', 'U'), ('ర', '|'), ('స', '|'), ('మ', 'U'), ('ర్ప', '|'), ('ణం', 'U'), ('బు', '|'), ('ల', '|'), ('చే', 'U'), ('త', '|'), ('మె', '|'), ('ఱ', '|'), ('యు', '|'), ('నె', 'U'), ('ప్పు', '|'), ('డు', '|'), ('ది', '|'), ('రు', '|'), ('మే', 'U'), ('ను', '|'), ('క', '|'), ('ళ', '|'), ('ల', '|')]",0.7916666666666666,-1.0,1.0,1.0,0.375,-1.0
teytageethi,"నిపు డొకించుక లోభిత్వ మెనసి నట్లు-దోఁచుచున్నాఁడ విట్టియద్భుతము గలదె
చిత్ర చిత్ర ప్రభావ దాక్షిణ్యభావ-హత విమతజీవ శ్రీకాకుళాంధ్రదేవ!",vupajaathi,Aandhranaayaka,"[('ని', '|'), ('పు', '|'), ('డొ', '|'), ('కిం', 'U'), ('చు', '|'), ('క', '|'), ('లో', 'U'), ('భి', 'U'), ('త్వ', '|'), ('మె', '|'), ('న', '|'), ('సి', '|'), ('న', 'U'), ('ట్లు', '|'), ('దో', 'U'), ('చు', '|'), ('చు', 'U'), ('న్నా', 'U'), ('డ', '|'), ('వి', 'U'), ('ట్టి', '|'), ('య', 'U'), ('ద్భు', '|'), ('త', '|'), ('ము', '|'), ('గ', '|'), ('ల', '|'), ('దె', '|'), ('చి', '|'), ('త్ర', '|'), ('చి', '|'), ('త్ర', '|'), ('ప్ర', '|'), ('భా', 'U'), ('వ', '|'), ('దా', 'U'), ('క్షి', 'U'), ('ణ్య', '|'), ('భా', 'U'), ('వ', '|'), ('హ', '|'), ('త', '|'), ('వి', '|'), ('మ', '|'), ('త', '|'), ('జీ', 'U'), ('వ', '|'), ('శ్రీ', 'U'), ('కా', 'U'), ('కు', '|'), ('ళాం', 'U'), ('ధ్ర', '|'), ('దే', 'U'), ('వ', '|')]",0.6833333333333332,-1.0,1.0,0.8,0.25,-1.0
seesamu,"భక్తిఁజేసిన శిలాప్రతిమ మాత్రమే కాని- హరి యిందుఁ గలుగునా యనెడువారు
స్వామి యిం దుండిన సత్యంబుఁ జూపక- యుండునే యని పల్కుచుండువారు
బుద్ధావతారంబుఁ బూనినాఁ డఖిలంబుఁ- గని కనన ట్లుండు ననెడువారు
దేవతామహిమంబు దెలియునో యేమేమి- నడువ నున్నదో యని నుడువువారు",vupajaathi,Aandhranaayaka,"[('భ', 'U'), ('క్తి', '|'), ('జే', 'U'), ('సి', '|'), ('న', '|'), ('శి', '|'), ('లా', 'U'), ('ప్ర', '|'), ('తి', '|'), ('మ', '|'), ('మా', 'U'), ('త్ర', '|'), ('మే', 'U'), ('కా', 'U'), ('ని', '|'), ('హ', '|'), ('రి', '|'), ('యిం', 'U'), ('దు', '|'), ('గ', '|'), ('లు', '|'), ('గు', '|'), ('నా', 'U'), ('య', '|'), ('నె', '|'), ('డు', '|'), ('వా', 'U'), ('రు', 'U'), ('స్వా', 'U'), ('మి', '|'), ('యిం', 'U'), ('దుం', 'U'), ('డి', '|'), ('న', '|'), ('స', 'U'), ('త్యం', 'U'), ('బు', '|'), ('జూ', 'U'), ('ప', '|'), ('క', '|'), ('యుం', 'U'), ('డు', '|'), ('నే', 'U'), ('య', '|'), ('ని', '|'), ('ప', 'U'), ('ల్కు', '|'), ('చుం', 'U'), ('డు', '|'), ('వా', 'U'), ('రు', '|'), ('బు', 'U'), ('ద్ధా', 'U'), ('వ', '|'), ('తా', 'U'), ('రం', 'U'), ('బు', '|'), ('బూ', 'U'), ('ని', '|'), ('నా', 'U'), ('డ', '|'), ('ఖి', '|'), ('లం', 'U'), ('బు', '|'), ('గ', '|'), ('ని', '|'), ('క', '|'), ('న', '|'), ('న', 'U'), ('ట్లుం', 'U'), ('డు', '|'), ('న', '|'), ('నె', '|'), ('డు', '|'), ('వా', 'U'), ('రు', '|'), ('దే', 'U'), ('వ', '|'), ('తా', 'U'), ('మ', '|'), ('హి', '|'), ('మం', 'U'), ('బు', '|'), ('దె', '|'), ('లి', '|'), ('యు', '|'), ('నో', 'U'), ('యే', 'U'), ('మే', 'U'), ('మి', '|'), ('న', '|'), ('డు', '|'), ('వ', '|'), ('ను', 'U'), ('న్న', '|'), ('దో', 'U'), ('య', '|'), ('ని', '|'), ('ను', '|'), ('డు', '|'), ('వు', '|'), ('వా', 'U'), ('రు', '|')]",0.6041666666666666,-1.0,1.0,0.5625,0.25,-1.0
teytageethi,"నీకు నిత్యోపచారముల్‌ లేకయున్న-లోకు లి ట్లాడుకొండ్రు పరాకిదేమి
చిత్ర చిత్ర ప్రభావ దాక్షిణ్యభావ-హత విమతజీవ శ్రీకాకుళాంధ్రదేవ!",vupajaathi,Aandhranaayaka,"[('నీ', 'U'), ('కు', '|'), ('ని', 'U'), ('త్యో', 'U'), ('ప', '|'), ('చా', 'U'), ('ర', '|'), ('ము', 'U'), ('ల్లే', 'U'), ('క', '|'), ('యు', 'U'), ('న్న', '|'), ('లో', 'U'), ('కు', '|'), ('లి', 'U'), ('ట్లా', 'U'), ('డు', '|'), ('కొం', 'U'), ('డ్రు', '|'), ('ప', '|'), ('రా', 'U'), ('కి', '|'), ('దే', 'U'), ('మి', '|'), ('చి', '|'), ('త్ర', '|'), ('చి', '|'), ('త్ర', '|'), ('ప్ర', '|'), ('భా', 'U'), ('వ', '|'), ('దా', 'U'), ('క్షి', 'U'), ('ణ్య', '|'), ('భా', 'U'), ('వ', '|'), ('హ', '|'), ('త', '|'), ('వి', '|'), ('మ', '|'), ('త', '|'), ('జీ', 'U'), ('వ', '|'), ('శ్రీ', 'U'), ('కా', 'U'), ('కు', '|'), ('ళాం', 'U'), ('ధ్ర', '|'), ('దే', 'U'), ('వ', '|')]",0.7666666666666666,-1.0,1.0,0.8,0.5,-1.0
seesamu,"ధర నూటయెనిమిది తిరుపతులందు శ్రీ- కాకుళం బరయఁ బ్రఖ్యాతమేని
యాంధ్రనాయకుఁడ వం చఖిలదేశంబుల- నిన్నుఁ గీర్తించుటే నిజమయేని
వైఖానసోక్తికి వంచన రాకుండ- నెరలు చూపినమాట నిజమయేని
వైకుంఠుఁడవు స్వయంవ్యక్తిగా మర్చావ- తార మొందినమాట తథ్యమేని",vupajaathi,Aandhranaayaka,"[('ధ', '|'), ('ర', '|'), ('నూ', 'U'), ('ట', '|'), ('యె', '|'), ('ని', '|'), ('మి', '|'), ('ది', '|'), ('తి', '|'), ('రు', '|'), ('ప', '|'), ('తు', '|'), ('లం', 'U'), ('దు', '|'), ('శ్రీ', 'U'), ('కా', 'U'), ('కు', '|'), ('ళం', 'U'), ('బ', '|'), ('ర', '|'), ('య', '|'), ('బ్ర', 'U'), ('ఖ్యా', 'U'), ('త', '|'), ('మే', 'U'), ('ని', '|'), ('యాం', 'U'), ('ధ్ర', '|'), ('నా', 'U'), ('య', '|'), ('కు', '|'), ('డ', '|'), ('వం', 'U'), ('చ', '|'), ('ఖి', '|'), ('ల', '|'), ('దే', 'U'), ('శం', 'U'), ('బు', '|'), ('ల', '|'), ('ని', 'U'), ('న్ను', '|'), ('గీ', 'U'), ('ర్తిం', 'U'), ('చు', '|'), ('టే', 'U'), ('ని', '|'), ('జ', '|'), ('మ', '|'), ('యే', 'U'), ('ని', '|'), ('వై', 'U'), ('ఖా', 'U'), ('న', '|'), ('సో', 'U'), ('క్తి', '|'), ('కి', '|'), ('వం', 'U'), ('చ', '|'), ('న', '|'), ('రా', 'U'), ('కుం', 'U'), ('డ', '|'), ('నె', '|'), ('ర', '|'), ('లు', '|'), ('చూ', 'U'), ('పి', '|'), ('న', '|'), ('మా', 'U'), ('ట', '|'), ('ని', '|'), ('జ', '|'), ('మ', '|'), ('యే', 'U'), ('ని', '|'), ('వై', 'U'), ('కుం', 'U'), ('ఠు', '|'), ('డ', '|'), ('వు', 'U'), ('స్వ', '|'), ('యం', 'U'), ('వ్య', 'U'), ('క్తి', '|'), ('గా', 'U'), ('మ', 'U'), ('ర్చా', 'U'), ('వ', '|'), ('తా', 'U'), ('ర', '|'), ('మొం', 'U'), ('ది', '|'), ('న', '|'), ('మా', 'U'), ('ట', '|'), ('త', 'U'), ('థ్య', '|'), ('మే', 'U'), ('ని', '|')]",0.9479166666666666,-1.0,1.0,0.96875,0.875,-1.0
teytageethi,"వివిధ పూజోత్సవములు నిర్విఘ్నములుగఁ-జేసికొనకున్న నీకుఁ బ్రసిద్ధి గలదె
చిత్ర చిత్ర ప్రభావ దాక్షిణ్యభావ-హత విమతజీవ శ్రీకాకుళాంధ్రదేవ!",vupajaathi,Aandhranaayaka,"[('వి', '|'), ('వి', '|'), ('ధ', '|'), ('పూ', 'U'), ('జో', 'U'), ('త్స', '|'), ('వ', '|'), ('ము', '|'), ('లు', '|'), ('ని', 'U'), ('ర్వి', 'U'), ('ఘ్న', '|'), ('ము', '|'), ('లు', '|'), ('గ', '|'), ('జే', 'U'), ('సి', '|'), ('కొ', '|'), ('న', '|'), ('కు', 'U'), ('న్న', '|'), ('నీ', 'U'), ('కు', '|'), ('బ్ర', '|'), ('సి', 'U'), ('ద్ధి', '|'), ('గ', '|'), ('ల', '|'), ('దె', '|'), ('చి', '|'), ('త్ర', '|'), ('చి', '|'), ('త్ర', '|'), ('ప్ర', '|'), ('భా', 'U'), ('వ', '|'), ('దా', 'U'), ('క్షి', 'U'), ('ణ్య', '|'), ('భా', 'U'), ('వ', '|'), ('హ', '|'), ('త', '|'), ('వి', '|'), ('మ', '|'), ('త', '|'), ('జీ', 'U'), ('వ', '|'), ('శ్రీ', 'U'), ('కా', 'U'), ('కు', '|'), ('ళాం', 'U'), ('ధ్ర', '|'), ('దే', 'U'), ('వ', '|')]",0.7666666666666666,-1.0,1.0,0.8,0.5,-1.0
seesamu,"మానితంబుగ గరుత్మద్ధ్వజారోహణం- బెప్పుడొనర్తువో చెప్పుమయ్య!
గరిమతో నీ తిరుక్కల్యాణసంభ్రమం- బెప్పు డెప్పుడొ వేగ చెప్పు మయ్య
రమతో మహోన్నతరథ మెక్కి తిరువీథు- లెప్పు డేతెంతువో చెప్పు మయ్య
ధరణి నభ్యాగతదాన ప్రజాబృంద- మెప్పుడు బలియునో చెప్పు మయ్య",vupajaathi,Aandhranaayaka,"[('మా', 'U'), ('ని', '|'), ('తం', 'U'), ('బు', '|'), ('గ', '|'), ('గ', '|'), ('రు', 'U'), ('త్మ', 'U'), ('ద్ధ్వ', '|'), ('జా', 'U'), ('రో', 'U'), ('హ', '|'), ('ణం', 'U'), ('బె', 'U'), ('ప్పు', '|'), ('డొ', '|'), ('న', 'U'), ('ర్తు', '|'), ('వో', 'U'), ('చె', 'U'), ('ప్పు', '|'), ('మ', 'U'), ('య్య', '|'), ('గ', '|'), ('రి', '|'), ('మ', '|'), ('తో', 'U'), ('నీ', 'U'), ('తి', '|'), ('రు', 'U'), ('క్క', 'U'), ('ల్యా', 'U'), ('ణ', '|'), ('సం', 'U'), ('భ్ర', '|'), ('మం', 'U'), ('బె', 'U'), ('ప్పు', '|'), ('డె', 'U'), ('ప్పు', '|'), ('డొ', '|'), ('వే', 'U'), ('గ', '|'), ('చె', 'U'), ('ప్పు', '|'), ('మ', 'U'), ('య్య', '|'), ('ర', '|'), ('మ', '|'), ('తో', 'U'), ('మ', '|'), ('హో', 'U'), ('న్న', '|'), ('త', '|'), ('ర', '|'), ('థ', '|'), ('మె', 'U'), ('క్కి', '|'), ('తి', '|'), ('రు', '|'), ('వీ', 'U'), ('థు', '|'), ('లె', 'U'), ('ప్పు', '|'), ('డే', 'U'), ('తెం', 'U'), ('తు', '|'), ('వో', 'U'), ('చె', 'U'), ('ప్పు', '|'), ('మ', 'U'), ('య్య', '|'), ('ధ', '|'), ('ర', '|'), ('ణి', '|'), ('న', 'U'), ('భ్యా', 'U'), ('గ', '|'), ('త', '|'), ('దా', 'U'), ('న', '|'), ('ప్ర', '|'), ('జా', 'U'), ('బృం', 'U'), ('ద', '|'), ('మె', 'U'), ('ప్పు', '|'), ('డు', '|'), ('బ', '|'), ('లి', '|'), ('యు', '|'), ('నో', 'U'), ('చె', 'U'), ('ప్పు', '|'), ('మ', 'U'), ('య్య', '|')]",1.0,-1.0,1.0,1.0,1.0,-1.0
teytageethi,"వత్సరోత్సవ వీక్షణవాంఛ జనుల-కెపుడు ఫలియించునో యానతీయు మయ్య
చిత్ర చిత్ర ప్రభావ దాక్షిణ్యభావ-హత విమతజీవ శ్రీకాకుళాంధ్రదేవ!",vupajaathi,Aandhranaayaka,"[('వ', 'U'), ('త్స', '|'), ('రో', 'U'), ('త్స', '|'), ('వ', '|'), ('వీ', 'U'), ('క్ష', '|'), ('ణ', '|'), ('వాం', 'U'), ('ఛ', '|'), ('జ', '|'), ('ను', '|'), ('ల', '|'), ('కె', '|'), ('పు', '|'), ('డు', '|'), ('ఫ', '|'), ('లి', '|'), ('యిం', 'U'), ('చు', '|'), ('నో', 'U'), ('యా', 'U'), ('న', '|'), ('తీ', 'U'), ('యు', '|'), ('మ', 'U'), ('య్య', '|'), ('చి', '|'), ('త్ర', '|'), ('చి', '|'), ('త్ర', '|'), ('ప్ర', '|'), ('భా', 'U'), ('వ', '|'), ('దా', 'U'), ('క్షి', 'U'), ('ణ్య', '|'), ('భా', 'U'), ('వ', '|'), ('హ', '|'), ('త', '|'), ('వి', '|'), ('మ', '|'), ('త', '|'), ('జీ', 'U'), ('వ', '|'), ('శ్రీ', 'U'), ('కా', 'U'), ('కు', '|'), ('ళాం', 'U'), ('ధ్ర', '|'), ('దే', 'U'), ('వ', '|')]",0.6833333333333332,-1.0,1.0,0.8,0.25,-1.0
seesamu,"తగునట్లు తిరుమేను తా నామతింపుచు- మిన్న పీతాంబరం బున్న దనుచుఁ
గమలతోఁ బుట్టిన కౌస్తుభం బది పోవఁ- దక్కు సొమ్మది నీకు తక్కె ననుచు
లలితరత్న ద్యుతి మొలచినట్లు కిరీట- ముత్తమాంగముఁ బాయ కున్న దనుచు
మండితమాణిక్యకుండలంబులు కర్ణ- యుగళితోఁ బుట్టిన ట్లున్న వనుచు",vupajaathi,Aandhranaayaka,"[('త', '|'), ('గు', '|'), ('న', 'U'), ('ట్లు', '|'), ('తి', '|'), ('రు', '|'), ('మే', 'U'), ('ను', '|'), ('తా', 'U'), ('నా', 'U'), ('మ', '|'), ('తిం', 'U'), ('పు', '|'), ('చు', '|'), ('మి', 'U'), ('న్న', '|'), ('పీ', 'U'), ('తాం', 'U'), ('బ', '|'), ('రం', 'U'), ('బు', 'U'), ('న్న', '|'), ('ద', '|'), ('ను', '|'), ('చు', '|'), ('గ', '|'), ('మ', '|'), ('ల', '|'), ('తో', 'U'), ('బు', 'U'), ('ట్టి', '|'), ('న', '|'), ('కౌ', 'U'), ('స్తు', '|'), ('భం', 'U'), ('బ', '|'), ('ది', '|'), ('పో', 'U'), ('వ', '|'), ('ద', 'U'), ('క్కు', '|'), ('సొ', 'U'), ('మ్మ', '|'), ('ది', '|'), ('నీ', 'U'), ('కు', '|'), ('త', 'U'), ('క్కె', '|'), ('న', '|'), ('ను', '|'), ('చు', '|'), ('ల', '|'), ('లి', '|'), ('త', '|'), ('ర', 'U'), ('త్న', 'U'), ('ద్యు', '|'), ('తి', '|'), ('మొ', '|'), ('ల', '|'), ('చి', '|'), ('న', 'U'), ('ట్లు', '|'), ('కి', '|'), ('రీ', 'U'), ('ట', '|'), ('ము', 'U'), ('త్త', '|'), ('మాం', 'U'), ('గ', '|'), ('ము', '|'), ('బా', 'U'), ('య', '|'), ('కు', 'U'), ('న్న', '|'), ('ద', '|'), ('ను', '|'), ('చు', '|'), ('మం', 'U'), ('డి', '|'), ('త', '|'), ('మా', 'U'), ('ణి', 'U'), ('క్య', '|'), ('కుం', 'U'), ('డ', '|'), ('లం', 'U'), ('బు', '|'), ('లు', '|'), ('క', 'U'), ('ర్ణ', '|'), ('యు', '|'), ('గ', '|'), ('ళి', '|'), ('తో', 'U'), ('బు', 'U'), ('ట్టి', '|'), ('న', 'U'), ('ట్లు', 'U'), ('న్న', '|'), ('వ', '|'), ('ను', '|'), ('చు', '|')]",0.9166666666666666,-1.0,1.0,1.0,0.75,-1.0
teytageethi,"నిండుకొన్నావు గడియించు నేరుపరివె-ప్రావలువ బ్రారువాణముల్‌ బ్రాఁతి యేమి?
చిత్ర చిత్ర ప్రభావ దాక్షిణ్యభావ-హత విమతజీవ శ్రీకాకుళాంధ్రదేవ!",vupajaathi,Aandhranaayaka,"[('నిం', 'U'), ('డు', '|'), ('కొ', 'U'), ('న్నా', 'U'), ('వు', '|'), ('గ', '|'), ('డి', '|'), ('యిం', 'U'), ('చు', '|'), ('నే', 'U'), ('రు', '|'), ('ప', '|'), ('రి', '|'), ('వె', '|'), ('ప్రా', 'U'), ('వ', '|'), ('లు', '|'), ('వ', '|'), ('బ్రా', 'U'), ('రు', '|'), ('వా', 'U'), ('ణ', '|'), ('ము', 'U'), ('ల్బ్రా', 'U'), ('తి', '|'), ('యే', 'U'), ('మి', '|'), ('చి', '|'), ('త్ర', '|'), ('చి', '|'), ('త్ర', '|'), ('ప్ర', '|'), ('భా', 'U'), ('వ', '|'), ('దా', 'U'), ('క్షి', 'U'), ('ణ్య', '|'), ('భా', 'U'), ('వ', '|'), ('హ', '|'), ('త', '|'), ('వి', '|'), ('మ', '|'), ('త', '|'), ('జీ', 'U'), ('వ', '|'), ('శ్రీ', 'U'), ('కా', 'U'), ('కు', '|'), ('ళాం', 'U'), ('ధ్ర', '|'), ('దే', 'U'), ('వ', '|')]",0.7666666666666666,-1.0,1.0,0.8,0.5,-1.0
seesamu,"వంచన గాదె దివ్యక్షేత్రపతులలో- మంత్రార్థకృత్యము ల్మాని యున్న?
నపకీర్తిగాదె లోకాలోకములయందు- వత్సరోత్సవములు వదలి యున్న?
నగుబాటు గాదె యన్యమతస్థజనులలో- నిజదాసకోటి మన్నింపకున్నఁ?
బరిపాటి గాదె యల్పజ్ఞానమతులలో- దేవతామహిమంబుఁ దెలుపకున్న?",vupajaathi,Aandhranaayaka,"[('వం', 'U'), ('చ', '|'), ('న', '|'), ('గా', 'U'), ('దె', '|'), ('ది', 'U'), ('వ్య', 'U'), ('క్షే', 'U'), ('త్ర', '|'), ('ప', '|'), ('తు', '|'), ('ల', '|'), ('లో', 'U'), ('మం', 'U'), ('త్రా', 'U'), ('ర్థ', '|'), ('కృ', 'U'), ('త్య', '|'), ('ము', 'U'), ('ల్మా', 'U'), ('ని', '|'), ('యు', 'U'), ('న్న', '|'), ('న', '|'), ('ప', '|'), ('కీ', 'U'), ('ర్తి', '|'), ('గా', 'U'), ('దె', '|'), ('లో', 'U'), ('కా', 'U'), ('లో', 'U'), ('క', '|'), ('ము', '|'), ('ల', '|'), ('యం', 'U'), ('దు', '|'), ('వ', 'U'), ('త్స', '|'), ('రో', 'U'), ('త్స', '|'), ('వ', '|'), ('ము', '|'), ('లు', '|'), ('వ', '|'), ('ద', '|'), ('లి', '|'), ('యు', 'U'), ('న్న', '|'), ('న', '|'), ('గు', '|'), ('బా', 'U'), ('టు', '|'), ('గా', 'U'), ('దె', '|'), ('య', 'U'), ('న్య', '|'), ('మ', '|'), ('త', 'U'), ('స్థ', '|'), ('జ', '|'), ('ను', '|'), ('ల', '|'), ('లో', 'U'), ('ని', '|'), ('జ', '|'), ('దా', 'U'), ('స', '|'), ('కో', 'U'), ('టి', '|'), ('మ', 'U'), ('న్నిం', 'U'), ('ప', '|'), ('కు', 'U'), ('న్న', '|'), ('బ', '|'), ('రి', '|'), ('పా', 'U'), ('టి', '|'), ('గా', 'U'), ('దె', '|'), ('య', 'U'), ('ల్ప', 'U'), ('జ్ఞా', 'U'), ('న', '|'), ('మ', '|'), ('తు', '|'), ('ల', '|'), ('లో', 'U'), ('దే', 'U'), ('వ', '|'), ('తా', 'U'), ('మ', '|'), ('హి', '|'), ('మం', 'U'), ('బు', '|'), ('దె', '|'), ('లు', '|'), ('ప', '|'), ('కు', 'U'), ('న్న', '|')]",0.9583333333333334,-1.0,1.0,1.0,0.875,-1.0
teytageethi,"నేఁటిదా నీ ప్రతిష్ఠ వర్ణించి చూడఁ-బాడి దప్పిన బలునిందపాలు గావె?
చిత్ర చిత్ర ప్రభావ దాక్షిణ్యభావ-హత విమతజీవ శ్రీకాకుళాంధ్రదేవ!",vupajaathi,Aandhranaayaka,"[('నే', 'U'), ('టి', '|'), ('దా', 'U'), ('నీ', 'U'), ('ప్ర', '|'), ('తి', 'U'), ('ష్ఠ', '|'), ('వ', 'U'), ('ర్ణిం', 'U'), ('చి', '|'), ('చూ', 'U'), ('డ', '|'), ('బా', 'U'), ('డి', '|'), ('ద', 'U'), ('ప్పి', '|'), ('న', '|'), ('బ', '|'), ('లు', '|'), ('నిం', 'U'), ('ద', '|'), ('పా', 'U'), ('లు', '|'), ('గా', 'U'), ('వె', '|'), ('చి', '|'), ('త్ర', '|'), ('చి', '|'), ('త్ర', '|'), ('ప్ర', '|'), ('భా', 'U'), ('వ', '|'), ('దా', 'U'), ('క్షి', 'U'), ('ణ్య', '|'), ('భా', 'U'), ('వ', '|'), ('హ', '|'), ('త', '|'), ('వి', '|'), ('మ', '|'), ('త', '|'), ('జీ', 'U'), ('వ', '|'), ('శ్రీ', 'U'), ('కా', 'U'), ('కు', '|'), ('ళాం', 'U'), ('ధ్ర', '|'), ('దే', 'U'), ('వ', '|')]",0.7666666666666666,-1.0,1.0,0.8,0.5,-1.0
seesamu,"తిరునాళ్ళతఱి వచ్చెఁ బరిపరివిధముల- నెలమి సామగ్రిఁ జేయింప వేమి?
సేవకు లందందు సేవింప భావింప- తిరువీథుల రథంబుఁ ద్రిప్పవేమి?
వృజిన మెల్లఁ దొలంగు నిజ మంచుఁ బ్రజ లెంచు- పరమప్రసాదంబుఁ బంచవేమి?
దివ్య దేశం బిది తీర్థంబు సార్థంబు- చక్రతీర్థము కృప సలుప వేమి?",vupajaathi,Aandhranaayaka,"[('తి', '|'), ('రు', '|'), ('నా', 'U'), ('ళ్ళ', '|'), ('త', '|'), ('ఱి', '|'), ('వ', 'U'), ('చ్చె', '|'), ('బ', '|'), ('రి', '|'), ('ప', '|'), ('రి', '|'), ('వి', '|'), ('ధ', '|'), ('ము', '|'), ('ల', '|'), ('నె', '|'), ('ల', '|'), ('మి', '|'), ('సా', 'U'), ('మ', '|'), ('గ్రి', '|'), ('జే', 'U'), ('యిం', 'U'), ('ప', '|'), ('వే', 'U'), ('మి', '|'), ('సే', 'U'), ('వ', '|'), ('కు', '|'), ('లం', 'U'), ('దం', 'U'), ('దు', '|'), ('సే', 'U'), ('విం', 'U'), ('ప', '|'), ('భా', 'U'), ('విం', 'U'), ('ప', '|'), ('తి', '|'), ('రు', '|'), ('వీ', 'U'), ('థు', '|'), ('ల', '|'), ('ర', '|'), ('థం', 'U'), ('బు', '|'), ('ద్రి', 'U'), ('ప్ప', '|'), ('వే', 'U'), ('మి', '|'), ('వృ', '|'), ('జి', '|'), ('న', '|'), ('మె', 'U'), ('ల్ల', '|'), ('దొ', '|'), ('లం', 'U'), ('గు', '|'), ('ని', '|'), ('జ', '|'), ('మం', 'U'), ('చు', '|'), ('బ్ర', '|'), ('జ', '|'), ('లెం', 'U'), ('చు', '|'), ('ప', '|'), ('ర', '|'), ('మ', '|'), ('ప్ర', '|'), ('సా', 'U'), ('దం', 'U'), ('బు', '|'), ('బం', 'U'), ('చ', '|'), ('వే', 'U'), ('మి', '|'), ('ది', 'U'), ('వ్య', '|'), ('దే', 'U'), ('శం', 'U'), ('బి', '|'), ('ది', '|'), ('తీ', 'U'), ('ర్థం', 'U'), ('బు', '|'), ('సా', 'U'), ('ర్థం', 'U'), ('బు', '|'), ('చ', '|'), ('క్ర', '|'), ('తీ', 'U'), ('ర్థ', '|'), ('ము', '|'), ('కృ', '|'), ('ప', '|'), ('స', '|'), ('లు', '|'), ('ప', '|'), ('వే', 'U'), ('మి', '|')]",0.6354166666666666,-1.0,1.0,0.53125,0.375,-1.0
teytageethi,"హఠము గావించి నీయన్వయంబు లెత్తి-కీర్తి నిందఁగ వర్ణించి గేలిపఱతు
చిత్ర చిత్ర ప్రభావ దాక్షిణ్యభావ-హత విమతజీవ శ్రీకాకుళాంధ్రదేవ!",vupajaathi,Aandhranaayaka,"[('హ', '|'), ('ఠ', '|'), ('ము', '|'), ('గా', 'U'), ('విం', 'U'), ('చి', '|'), ('నీ', 'U'), ('య', 'U'), ('న్వ', '|'), ('యం', 'U'), ('బు', '|'), ('లె', 'U'), ('త్తి', '|'), ('కీ', 'U'), ('ర్తి', '|'), ('నిం', 'U'), ('ద', '|'), ('గ', '|'), ('వ', 'U'), ('ర్ణిం', 'U'), ('చి', '|'), ('గే', 'U'), ('లి', '|'), ('ప', '|'), ('ఱ', '|'), ('తు', '|'), ('చి', '|'), ('త్ర', '|'), ('చి', '|'), ('త్ర', '|'), ('ప్ర', '|'), ('భా', 'U'), ('వ', '|'), ('దా', 'U'), ('క్షి', 'U'), ('ణ్య', '|'), ('భా', 'U'), ('వ', '|'), ('హ', '|'), ('త', '|'), ('వి', '|'), ('మ', '|'), ('త', '|'), ('జీ', 'U'), ('వ', '|'), ('శ్రీ', 'U'), ('కా', 'U'), ('కు', '|'), ('ళాం', 'U'), ('ధ్ర', '|'), ('దే', 'U'), ('వ', '|')]",0.7666666666666666,-1.0,1.0,0.8,0.5,-1.0
seesamu,"చెల్లింపఁ దగునె వ్రేపల్లెలోఁ గల వెఱ్ఱి- గొల్లయిల్లాండ్రను గొల్లగొనఁగ?
మెక్కంగఁ దగునె ము న్పెక్కిండ్లలో నుట్ల- కెక్కి పాల్వెన్నలు డొక్క నిండ?
మ్రుచ్చిలఁ దగునె మళ్ళుచ్చి జలక మ్మాడు- మచ్చెకంటుల కోక లిచ్చకముగ?
మ్రొక్కంగఁ దగునె ముం దొక్కపువ్వునకుఁ దాఁ- గక్కసించినయాలి కక్కజముగ",vupajaathi,Aandhranaayaka,"[('చె', 'U'), ('ల్లిం', 'U'), ('ప', '|'), ('ద', '|'), ('గు', '|'), ('నె', '|'), ('వ్రే', 'U'), ('ప', 'U'), ('ల్లె', '|'), ('లో', 'U'), ('గ', '|'), ('ల', '|'), ('వె', 'U'), ('ఱ్ఱి', '|'), ('గొ', 'U'), ('ల్ల', '|'), ('యి', 'U'), ('ల్లాం', 'U'), ('డ్ర', '|'), ('ను', '|'), ('గొ', 'U'), ('ల్ల', '|'), ('గొ', '|'), ('న', '|'), ('గ', '|'), ('మె', 'U'), ('క్కం', 'U'), ('గ', '|'), ('ద', '|'), ('గు', '|'), ('నె', '|'), ('ము', 'U'), ('న్పె', 'U'), ('క్కిం', 'U'), ('డ్ల', '|'), ('లో', 'U'), ('ను', 'U'), ('ట్ల', '|'), ('కె', 'U'), ('క్కి', '|'), ('పా', 'U'), ('ల్వె', 'U'), ('న్న', '|'), ('లు', '|'), ('డొ', 'U'), ('క్క', '|'), ('నిం', 'U'), ('డ', '|'), ('మ్రు', 'U'), ('చ్చి', '|'), ('ల', '|'), ('ద', '|'), ('గు', '|'), ('నె', '|'), ('మ', 'U'), ('ళ్ళు', 'U'), ('చ్చి', '|'), ('జ', '|'), ('ల', '|'), ('క', 'U'), ('మ్మా', 'U'), ('డు', '|'), ('మ', 'U'), ('చ్చె', '|'), ('కం', 'U'), ('టు', '|'), ('ల', '|'), ('కో', 'U'), ('క', '|'), ('లి', 'U'), ('చ్చ', '|'), ('క', '|'), ('ము', '|'), ('గ', '|'), ('మ్రొ', 'U'), ('క్కం', 'U'), ('గ', '|'), ('ద', '|'), ('గు', '|'), ('నె', '|'), ('ముం', 'U'), ('దొ', 'U'), ('క్క', '|'), ('పు', 'U'), ('వ్వు', '|'), ('న', '|'), ('కు', '|'), ('దా', 'U'), ('గ', 'U'), ('క్క', '|'), ('సిం', 'U'), ('చి', '|'), ('న', '|'), ('యా', 'U'), ('లి', '|'), ('క', 'U'), ('క్క', '|'), ('జ', '|'), ('ము', '|'), ('గ', '|')]",0.9895833333333334,-1.0,1.0,0.96875,1.0,-1.0
teytageethi,"నిట్టీ నగుబాటుపనులు నీ వెన్ని కలుగఁ-జేసినాఁడవు మంచిప్రసిద్ధకుఁడవె
చిత్ర చిత్ర ప్రభావ దాక్షిణ్యభావ-హత విమతజీవ శ్రీకాకుళాంధ్రదేవ!",vupajaathi,Aandhranaayaka,"[('ని', 'U'), ('ట్టీ', 'U'), ('న', '|'), ('గు', '|'), ('బా', 'U'), ('టు', '|'), ('ప', '|'), ('ను', '|'), ('లు', '|'), ('నీ', 'U'), ('వె', 'U'), ('న్ని', '|'), ('క', '|'), ('లు', '|'), ('గ', '|'), ('జే', 'U'), ('సి', '|'), ('నా', 'U'), ('డ', '|'), ('వు', '|'), ('మం', 'U'), ('చి', '|'), ('ప్ర', '|'), ('సి', 'U'), ('ద్ధ', '|'), ('కు', '|'), ('డ', '|'), ('వె', '|'), ('చి', '|'), ('త్ర', '|'), ('చి', '|'), ('త్ర', '|'), ('ప్ర', '|'), ('భా', 'U'), ('వ', '|'), ('దా', 'U'), ('క్షి', 'U'), ('ణ్య', '|'), ('భా', 'U'), ('వ', '|'), ('హ', '|'), ('త', '|'), ('వి', '|'), ('మ', '|'), ('త', '|'), ('జీ', 'U'), ('వ', '|'), ('శ్రీ', 'U'), ('కా', 'U'), ('కు', '|'), ('ళాం', 'U'), ('ధ్ర', '|'), ('దే', 'U'), ('వ', '|')]",0.5666666666666667,-1.0,1.0,0.45,0.25,-1.0
seesamu,"అబ్బుకో గలవొ కాయక్లేశ మొనరించుఁ- దేవాసురు లటుండ దివ్యరమను
దోచుకోఁ గలవొ చే సాచి లోకము లాచి- బలిమహాదాత వైభవము లెల్ల
రాఁ దీయఁగలవొ సత్రాజిత్తుఁ డీకున్న- మణిశమంతక మొక మమతఁ గొల్పి
నాటించఁ గలవొ సన్న కసన్ననె వనంబు- పెట్టు మ్రాన్పెకలించి పెరటిలోనఁ",vupajaathi,Aandhranaayaka,"[('అ', 'U'), ('బ్బు', '|'), ('కో', 'U'), ('గ', '|'), ('ల', '|'), ('వొ', '|'), ('కా', 'U'), ('య', 'U'), ('క్లే', 'U'), ('శ', '|'), ('మొ', '|'), ('న', '|'), ('రిం', 'U'), ('చు', '|'), ('దే', 'U'), ('వా', 'U'), ('సు', '|'), ('రు', '|'), ('ల', '|'), ('టుం', 'U'), ('డ', '|'), ('ది', 'U'), ('వ్య', '|'), ('ర', '|'), ('మ', '|'), ('ను', '|'), ('దో', 'U'), ('చు', '|'), ('కో', 'U'), ('గ', '|'), ('ల', '|'), ('వొ', '|'), ('చే', 'U'), ('సా', 'U'), ('చి', '|'), ('లో', 'U'), ('క', '|'), ('ము', '|'), ('లా', 'U'), ('చి', '|'), ('బ', '|'), ('లి', '|'), ('మ', '|'), ('హా', 'U'), ('దా', 'U'), ('త', '|'), ('వై', 'U'), ('భ', '|'), ('వ', '|'), ('ము', '|'), ('లె', 'U'), ('ల్ల', '|'), ('రా', 'U'), ('దీ', 'U'), ('య', '|'), ('గ', '|'), ('ల', '|'), ('వొ', '|'), ('స', '|'), ('త్రా', 'U'), ('జి', 'U'), ('త్తు', '|'), ('డీ', 'U'), ('కు', 'U'), ('న్న', '|'), ('మ', '|'), ('ణి', '|'), ('శ', '|'), ('మం', 'U'), ('త', '|'), ('క', '|'), ('మొ', '|'), ('క', '|'), ('మ', '|'), ('మ', '|'), ('త', '|'), ('గొ', 'U'), ('ల్పి', '|'), ('నా', 'U'), ('టిం', 'U'), ('చ', '|'), ('గ', '|'), ('ల', '|'), ('వొ', '|'), ('స', 'U'), ('న్న', '|'), ('క', '|'), ('స', 'U'), ('న్న', '|'), ('నె', '|'), ('వ', '|'), ('నం', 'U'), ('బు', '|'), ('పె', 'U'), ('ట్టు', '|'), ('మ్రా', 'U'), ('న్పె', '|'), ('క', '|'), ('లిం', 'U'), ('చి', '|'), ('పె', '|'), ('ర', '|'), ('టి', '|'), ('లో', 'U'), ('న', '|')]",1.0,-1.0,1.0,1.0,1.0,-1.0
teytageethi,"దెచ్చుకొన వేమి వస్త్రాన్నదీపధూప-గంధ తాంబూలములకైన గడన దెలిసె
చిత్ర చిత్ర ప్రభావ దాక్షిణ్యభావ-హత విమతజీవ శ్రీకాకుళాంధ్రదేవ!",vupajaathi,Aandhranaayaka,"[('దె', 'U'), ('చ్చు', '|'), ('కొ', '|'), ('న', '|'), ('వే', 'U'), ('మి', '|'), ('వ', 'U'), ('స్త్రా', 'U'), ('న్న', '|'), ('దీ', 'U'), ('ప', '|'), ('ధూ', 'U'), ('ప', '|'), ('గం', 'U'), ('ధ', '|'), ('తాం', 'U'), ('బూ', 'U'), ('ల', '|'), ('ము', '|'), ('ల', '|'), ('కై', 'U'), ('న', '|'), ('గ', '|'), ('డ', '|'), ('న', '|'), ('దె', '|'), ('లి', '|'), ('సె', '|'), ('చి', '|'), ('త్ర', '|'), ('చి', '|'), ('త్ర', '|'), ('ప్ర', '|'), ('భా', 'U'), ('వ', '|'), ('దా', 'U'), ('క్షి', 'U'), ('ణ్య', '|'), ('భా', 'U'), ('వ', '|'), ('హ', '|'), ('త', '|'), ('వి', '|'), ('మ', '|'), ('త', '|'), ('జీ', 'U'), ('వ', '|'), ('శ్రీ', 'U'), ('కా', 'U'), ('కు', '|'), ('ళాం', 'U'), ('ధ్ర', '|'), ('దే', 'U'), ('వ', '|')]",0.7666666666666666,-1.0,1.0,0.8,0.5,-1.0
seesamu,"తలను బించెపుదండ ధరియించవలె గాని- మణికిరీటము బెట్ట మనుజపతివె?
గళమున వనమాలికలు పూనవలెఁ గాని- హారము న్వేయ దేశాధిపతివె?
కరమున మురళి చక్కఁగఁ బూనవలెఁ గాని- శాతాసిఁ బూనంగ క్షత్రియుఁడవె?
తనువు గోక్షీరవాసన గుప్పవలెఁ గాని- చందనం బలఁద రాజవె తలంప?",vupajaathi,Aandhranaayaka,"[('త', '|'), ('ల', '|'), ('ను', '|'), ('బిం', 'U'), ('చె', '|'), ('పు', '|'), ('దం', 'U'), ('డ', '|'), ('ధ', '|'), ('రి', '|'), ('యిం', 'U'), ('చ', '|'), ('వ', '|'), ('లె', '|'), ('గా', 'U'), ('ని', '|'), ('మ', '|'), ('ణి', '|'), ('కి', '|'), ('రీ', 'U'), ('ట', '|'), ('ము', '|'), ('బె', 'U'), ('ట్ట', '|'), ('మ', '|'), ('ను', '|'), ('జ', '|'), ('ప', '|'), ('తి', '|'), ('వె', '|'), ('గ', '|'), ('ళ', '|'), ('ము', '|'), ('న', '|'), ('వ', '|'), ('న', '|'), ('మా', 'U'), ('లి', '|'), ('క', '|'), ('లు', '|'), ('పూ', 'U'), ('న', '|'), ('వ', '|'), ('లె', '|'), ('గా', 'U'), ('ని', '|'), ('హా', 'U'), ('ర', '|'), ('ము', 'U'), ('న్వే', 'U'), ('య', '|'), ('దే', 'U'), ('శా', 'U'), ('ధి', '|'), ('ప', '|'), ('తి', '|'), ('వె', '|'), ('క', '|'), ('ర', '|'), ('ము', '|'), ('న', '|'), ('ము', '|'), ('ర', '|'), ('ళి', '|'), ('చ', 'U'), ('క్క', '|'), ('గ', '|'), ('బూ', 'U'), ('న', '|'), ('వ', '|'), ('లె', '|'), ('గా', 'U'), ('ని', '|'), ('శా', 'U'), ('తా', 'U'), ('సి', '|'), ('బూ', 'U'), ('నం', 'U'), ('గ', 'U'), ('క్ష', '|'), ('త్రి', '|'), ('యు', '|'), ('డ', '|'), ('వె', '|'), ('త', '|'), ('ను', '|'), ('వు', '|'), ('గో', 'U'), ('క్షీ', 'U'), ('ర', '|'), ('వా', 'U'), ('స', '|'), ('న', '|'), ('గు', 'U'), ('ప్ప', '|'), ('వ', '|'), ('లె', '|'), ('గా', 'U'), ('ని', '|'), ('చం', 'U'), ('ద', '|'), ('నం', 'U'), ('బ', '|'), ('ల', '|'), ('ద', '|'), ('రా', 'U'), ('జ', '|'), ('వె', '|'), ('త', '|'), ('లం', 'U'), ('ప', '|')]",0.8020833333333334,-1.0,1.0,0.78125,0.625,-1.0
teytageethi,"నెల్లలోక మెఱింగిన గొల్లవాఁడ-వేది కుల మింత రాజస మేమి నీకు
చిత్ర చిత్ర ప్రభావ దాక్షిణ్యభావ-హత విమతజీవ శ్రీకాకుళాంధ్రదేవ!",vupajaathi,Aandhranaayaka,"[('నె', 'U'), ('ల్ల', '|'), ('లో', 'U'), ('క', '|'), ('మె', '|'), ('ఱిం', 'U'), ('గి', '|'), ('న', '|'), ('గొ', 'U'), ('ల్ల', '|'), ('వా', 'U'), ('డ', '|'), ('వే', 'U'), ('ది', '|'), ('కు', '|'), ('ల', '|'), ('మిం', 'U'), ('త', '|'), ('రా', 'U'), ('జ', '|'), ('స', '|'), ('మే', 'U'), ('మి', '|'), ('నీ', 'U'), ('కు', '|'), ('చి', '|'), ('త్ర', '|'), ('చి', '|'), ('త్ర', '|'), ('ప్ర', '|'), ('భా', 'U'), ('వ', '|'), ('దా', 'U'), ('క్షి', 'U'), ('ణ్య', '|'), ('భా', 'U'), ('వ', '|'), ('హ', '|'), ('త', '|'), ('వి', '|'), ('మ', '|'), ('త', '|'), ('జీ', 'U'), ('వ', '|'), ('శ్రీ', 'U'), ('కా', 'U'), ('కు', '|'), ('ళాం', 'U'), ('ధ్ర', '|'), ('దే', 'U'), ('వ', '|')]",0.6833333333333332,-1.0,1.0,0.8,0.25,-1.0
seesamu,"కన్నవారల మున్ను గారాగృహంబున- విడిచి పాఱితివి నీ కడిమి యేమి?
పగవాఁడు పురిటిలోఁ బట్టి నెత్తుకపోవఁ- దమకించుచున్న నీ ధైర్య మేమి?
ముద్దుమన్మని గోప్యముగ నొండు బంధింపఁ- దెలియన ట్లున్న నీ తెగువ యేమి?
వైరిధాటికి నోడి వనధి మధ్యమునందు- నిలు గట్టుకొన్న నీ బలిమి యేమి?",vupajaathi,Aandhranaayaka,"[('క', 'U'), ('న్న', '|'), ('వా', 'U'), ('ర', '|'), ('ల', '|'), ('ము', 'U'), ('న్ను', '|'), ('గా', 'U'), ('రా', 'U'), ('గృ', '|'), ('హం', 'U'), ('బు', '|'), ('న', '|'), ('వి', '|'), ('డి', '|'), ('చి', '|'), ('పా', 'U'), ('ఱి', '|'), ('తి', '|'), ('వి', '|'), ('నీ', 'U'), ('క', '|'), ('డి', '|'), ('మి', '|'), ('యే', 'U'), ('మి', '|'), ('ప', '|'), ('గ', '|'), ('వా', 'U'), ('డు', '|'), ('పు', '|'), ('రి', '|'), ('టి', '|'), ('లో', 'U'), ('బ', 'U'), ('ట్టి', '|'), ('నె', 'U'), ('త్తు', '|'), ('క', '|'), ('పో', 'U'), ('వ', '|'), ('ద', '|'), ('మ', '|'), ('కిం', 'U'), ('చు', '|'), ('చు', 'U'), ('న్న', '|'), ('నీ', 'U'), ('ధై', 'U'), ('ర్య', '|'), ('మే', 'U'), ('మి', '|'), ('ము', 'U'), ('ద్దు', '|'), ('మ', 'U'), ('న్మ', '|'), ('ని', '|'), ('గో', 'U'), ('ప్య', '|'), ('ము', '|'), ('గ', '|'), ('నొం', 'U'), ('డు', '|'), ('బం', 'U'), ('ధిం', 'U'), ('ప', '|'), ('దె', '|'), ('లి', '|'), ('య', '|'), ('న', 'U'), ('ట్లు', 'U'), ('న్న', '|'), ('నీ', 'U'), ('తె', '|'), ('గు', '|'), ('వ', '|'), ('యే', 'U'), ('మి', '|'), ('వై', 'U'), ('రి', '|'), ('ధా', 'U'), ('టి', '|'), ('కి', '|'), ('నో', 'U'), ('డి', '|'), ('వ', '|'), ('న', '|'), ('ధి', '|'), ('మ', 'U'), ('ధ్య', '|'), ('ము', '|'), ('నం', 'U'), ('దు', '|'), ('ని', '|'), ('లు', '|'), ('గ', 'U'), ('ట్టు', '|'), ('కొ', 'U'), ('న్న', '|'), ('నీ', 'U'), ('బ', '|'), ('లి', '|'), ('మి', '|'), ('యే', 'U'), ('మి', '|')]",1.0,-1.0,1.0,1.0,1.0,-1.0
teytageethi,"విఱిగి తిరి గెన్నఁడెన్నఁడో తఱి యెఱింగి-యొరుల నడఁచితి వది యేమి భరము నీకు?
చిత్ర చిత్ర ప్రభావ దాక్షిణ్యభావ-హత విమతజీవ శ్రీకాకుళాంధ్రదేవ!",vupajaathi,Aandhranaayaka,"[('వి', '|'), ('ఱి', '|'), ('గి', '|'), ('తి', '|'), ('రి', '|'), ('గె', 'U'), ('న్న', '|'), ('డె', 'U'), ('న్న', '|'), ('డో', 'U'), ('త', '|'), ('ఱి', '|'), ('యె', '|'), ('ఱిం', 'U'), ('గి', '|'), ('యొ', '|'), ('రు', '|'), ('ల', '|'), ('న', '|'), ('డ', '|'), ('చి', '|'), ('తి', '|'), ('వ', '|'), ('ది', '|'), ('యే', 'U'), ('మి', '|'), ('భ', '|'), ('ర', '|'), ('ము', '|'), ('నీ', 'U'), ('కు', '|'), ('చి', '|'), ('త్ర', '|'), ('చి', '|'), ('త్ర', '|'), ('ప్ర', '|'), ('భా', 'U'), ('వ', '|'), ('దా', 'U'), ('క్షి', 'U'), ('ణ్య', '|'), ('భా', 'U'), ('వ', '|'), ('హ', '|'), ('త', '|'), ('వి', '|'), ('మ', '|'), ('త', '|'), ('జీ', 'U'), ('వ', '|'), ('శ్రీ', 'U'), ('కా', 'U'), ('కు', '|'), ('ళాం', 'U'), ('ధ్ర', '|'), ('దే', 'U'), ('వ', '|')]",0.7666666666666666,-1.0,1.0,0.8,0.5,-1.0
seesamu,"భిల్లాంగనాదంతపీడిత ఫలభుక్తి- హేయంబు దోఁచలే దింత నీకు
సంక్రందనాత్మజ స్యందన సారథ్య- మెరుసుగాఁ దోఁచలే దింత నీకు
గోపాలకానేక గోవత్సపాలనం- బెగ్గుగాఁ దోఁచలే దింత నీకు
వ్రజబాలికా ముక్తవస్త్రాపహరణము- హీనమై తోఁచలే దింత నీకు",vupajaathi,Aandhranaayaka,"[('భి', 'U'), ('ల్లాం', 'U'), ('గ', '|'), ('నా', 'U'), ('దం', 'U'), ('త', '|'), ('పీ', 'U'), ('డి', '|'), ('త', '|'), ('ఫ', '|'), ('ల', '|'), ('భు', 'U'), ('క్తి', '|'), ('హే', 'U'), ('యం', 'U'), ('బు', '|'), ('దో', 'U'), ('చ', '|'), ('లే', 'U'), ('దిం', 'U'), ('త', '|'), ('నీ', 'U'), ('కు', '|'), ('సం', 'U'), ('క్రం', 'U'), ('ద', '|'), ('నా', 'U'), ('త్మ', '|'), ('జ', 'U'), ('స్యం', 'U'), ('ద', '|'), ('న', '|'), ('సా', 'U'), ('ర', 'U'), ('థ్య', '|'), ('మె', '|'), ('రు', '|'), ('సు', '|'), ('గా', 'U'), ('దో', 'U'), ('చ', '|'), ('లే', 'U'), ('దిం', 'U'), ('త', '|'), ('నీ', 'U'), ('కు', '|'), ('గో', 'U'), ('పా', 'U'), ('ల', '|'), ('కా', 'U'), ('నే', 'U'), ('క', '|'), ('గో', 'U'), ('వ', 'U'), ('త్స', '|'), ('పా', 'U'), ('ల', '|'), ('నం', 'U'), ('బె', 'U'), ('గ్గు', '|'), ('గా', 'U'), ('దో', 'U'), ('చ', '|'), ('లే', 'U'), ('దిం', 'U'), ('త', '|'), ('నీ', 'U'), ('కు', '|'), ('వ్ర', '|'), ('జ', '|'), ('బా', 'U'), ('లి', '|'), ('కా', 'U'), ('ము', 'U'), ('క్త', '|'), ('వ', 'U'), ('స్త్రా', 'U'), ('ప', '|'), ('హ', '|'), ('ర', '|'), ('ణ', '|'), ('ము', '|'), ('హీ', 'U'), ('న', '|'), ('మై', 'U'), ('తో', 'U'), ('చ', '|'), ('లే', 'U'), ('దిం', 'U'), ('త', '|'), ('నీ', 'U'), ('కు', '|')]",0.8333333333333334,-1.0,1.0,1.0,0.5,-1.0
teytageethi,"నుచ్చనీచంబు లెఱుఁగక యిచ్చఁ జేయు-చేష్ట లివి భక్తహితమతిఁ జేసి తండ్రు
చిత్ర చిత్ర ప్రభావ దాక్షిణ్యభావ-హత విమతజీవ శ్రీకాకుళాంధ్రదేవ!",vupajaathi,Aandhranaayaka,"[('ను', 'U'), ('చ్చ', '|'), ('నీ', 'U'), ('చం', 'U'), ('బు', '|'), ('లె', '|'), ('ఱు', '|'), ('గ', '|'), ('క', '|'), ('యి', 'U'), ('చ్చ', '|'), ('జే', 'U'), ('యు', '|'), ('చే', 'U'), ('ష్ట', '|'), ('లి', '|'), ('వి', '|'), ('భ', 'U'), ('క్త', '|'), ('హి', '|'), ('త', '|'), ('మ', '|'), ('తి', '|'), ('జే', 'U'), ('సి', '|'), ('తం', 'U'), ('డ్రు', '|'), ('చి', '|'), ('త్ర', '|'), ('చి', '|'), ('త్ర', '|'), ('ప్ర', '|'), ('భా', 'U'), ('వ', '|'), ('దా', 'U'), ('క్షి', 'U'), ('ణ్య', '|'), ('భా', 'U'), ('వ', '|'), ('హ', '|'), ('త', '|'), ('వి', '|'), ('మ', '|'), ('త', '|'), ('జీ', 'U'), ('వ', '|'), ('శ్రీ', 'U'), ('కా', 'U'), ('కు', '|'), ('ళాం', 'U'), ('ధ్ర', '|'), ('దే', 'U'), ('వ', '|')]",0.7666666666666666,-1.0,1.0,0.8,0.5,-1.0
seesamu,"విమతభూపతు లెట్లు విముఖులై పాఱిరో- రాజపీఠం బెక్కరాని నీకు
కుంభినీధవు లెట్లు కూఁతుండ్ర నిచ్చిరో- కుల మొల్లకయె నీకు గోపకునకు
సుందరీమణు లెట్లు చూచి మోహించిరో- క ప్పగు మైచాయ గలుగునీకు
దాసజనం బెట్లు దాస్యంబు సలిపిరో- తిరియువానిని మారు తిరియు నీకు",vupajaathi,Aandhranaayaka,"[('వి', '|'), ('మ', '|'), ('త', '|'), ('భూ', 'U'), ('ప', '|'), ('తు', '|'), ('లె', 'U'), ('ట్లు', '|'), ('వి', '|'), ('ము', '|'), ('ఖు', '|'), ('లై', 'U'), ('పా', 'U'), ('ఱి', '|'), ('రో', 'U'), ('రా', 'U'), ('జ', '|'), ('పీ', 'U'), ('ఠం', 'U'), ('బె', 'U'), ('క్క', '|'), ('రా', 'U'), ('ని', '|'), ('నీ', 'U'), ('కు', '|'), ('కుం', 'U'), ('భి', '|'), ('నీ', 'U'), ('ధ', '|'), ('వు', '|'), ('లె', 'U'), ('ట్లు', '|'), ('కూ', 'U'), ('తుం', 'U'), ('డ్ర', '|'), ('ని', 'U'), ('చ్చి', '|'), ('రో', 'U'), ('కు', '|'), ('ల', '|'), ('మొ', 'U'), ('ల్ల', '|'), ('క', '|'), ('యె', '|'), ('నీ', 'U'), ('కు', '|'), ('గో', 'U'), ('ప', '|'), ('కు', '|'), ('న', '|'), ('కు', '|'), ('సుం', 'U'), ('ద', '|'), ('రీ', 'U'), ('మ', '|'), ('ణు', '|'), ('లె', 'U'), ('ట్లు', '|'), ('చూ', 'U'), ('చి', '|'), ('మో', 'U'), ('హిం', 'U'), ('చి', '|'), ('రో', 'U'), ('క', 'U'), ('ప్ప', '|'), ('గు', '|'), ('మై', 'U'), ('చా', 'U'), ('య', '|'), ('గ', '|'), ('లు', '|'), ('గు', '|'), ('నీ', 'U'), ('కు', '|'), ('దా', 'U'), ('స', '|'), ('జ', '|'), ('నం', 'U'), ('బె', 'U'), ('ట్లు', '|'), ('దా', 'U'), ('స్యం', 'U'), ('బు', '|'), ('స', '|'), ('లి', '|'), ('పి', '|'), ('రో', 'U'), ('తి', '|'), ('రి', '|'), ('యు', '|'), ('వా', 'U'), ('ని', '|'), ('ని', '|'), ('మా', 'U'), ('రు', '|'), ('తి', '|'), ('రి', '|'), ('యు', '|'), ('నీ', 'U'), ('కు', '|')]",1.0,-1.0,1.0,1.0,1.0,-1.0
teytageethi,"మమత నీలీల లటు సూచి బ్రమసి రేమె-తగుదువే యిట్టిఘనతకు దంభభూప
చిత్ర చిత్ర ప్రభావ దాక్షిణ్యభావ-హత విమతజీవ శ్రీకాకుళాంధ్రదేవ!",vupajaathi,Aandhranaayaka,"[('మ', '|'), ('మ', '|'), ('త', '|'), ('నీ', 'U'), ('లీ', 'U'), ('ల', '|'), ('ల', '|'), ('టు', '|'), ('సూ', 'U'), ('చి', '|'), ('బ్ర', '|'), ('మ', '|'), ('సి', '|'), ('రే', 'U'), ('మె', '|'), ('త', '|'), ('గు', '|'), ('దు', '|'), ('వే', 'U'), ('యి', 'U'), ('ట్టి', '|'), ('ఘ', '|'), ('న', '|'), ('త', '|'), ('కు', '|'), ('దం', 'U'), ('భ', '|'), ('భూ', 'U'), ('ప', '|'), ('చి', '|'), ('త్ర', '|'), ('చి', '|'), ('త్ర', '|'), ('ప్ర', '|'), ('భా', 'U'), ('వ', '|'), ('దా', 'U'), ('క్షి', 'U'), ('ణ్య', '|'), ('భా', 'U'), ('వ', '|'), ('హ', '|'), ('త', '|'), ('వి', '|'), ('మ', '|'), ('త', '|'), ('జీ', 'U'), ('వ', '|'), ('శ్రీ', 'U'), ('కా', 'U'), ('కు', '|'), ('ళాం', 'U'), ('ధ్ర', '|'), ('దే', 'U'), ('వ', '|')]",0.7666666666666666,-1.0,1.0,0.8,0.5,-1.0
seesamu,"విక్రమాక్రమిత భూచక్రుఁ డౌ హేమాక్షు- పొం గణంచుటలు కోణంగితనము
కరగతామృతకుంభ గర్వితాసురకోటిఁ- దూలఁగొట్టుటలు గయ్యాళితనము
కుచపూర్ణ విషదుగ్ధకుటిల యౌ పూతన- పేరు మాయించుట పిల్లతనము
కంసపురీ ద్వారగమనావరోధి యౌ- మదకరి నీడ్చుట మకురుతనము",vupajaathi,Aandhranaayaka,"[('వి', '|'), ('క్ర', '|'), ('మా', 'U'), ('క్ర', '|'), ('మి', '|'), ('త', '|'), ('భూ', 'U'), ('చ', '|'), ('క్రు', '|'), ('డౌ', 'U'), ('హే', 'U'), ('మా', 'U'), ('క్షు', '|'), ('పొం', 'U'), ('గ', '|'), ('ణం', 'U'), ('చు', '|'), ('ట', '|'), ('లు', '|'), ('కో', 'U'), ('ణం', 'U'), ('గి', '|'), ('త', '|'), ('న', '|'), ('ము', '|'), ('క', '|'), ('ర', '|'), ('గ', '|'), ('తా', 'U'), ('మృ', '|'), ('త', '|'), ('కుం', 'U'), ('భ', '|'), ('గ', 'U'), ('ర్వి', '|'), ('తా', 'U'), ('సు', '|'), ('ర', '|'), ('కో', 'U'), ('టి', '|'), ('దూ', 'U'), ('ల', '|'), ('గొ', 'U'), ('ట్టు', '|'), ('ట', '|'), ('లు', '|'), ('గ', 'U'), ('య్యా', 'U'), ('ళి', '|'), ('త', '|'), ('న', '|'), ('ము', '|'), ('కు', '|'), ('చ', '|'), ('పూ', 'U'), ('ర్ణ', '|'), ('వి', '|'), ('ష', '|'), ('దు', 'U'), ('గ్ధ', '|'), ('కు', '|'), ('టి', '|'), ('ల', '|'), ('యౌ', 'U'), ('పూ', 'U'), ('త', '|'), ('న', '|'), ('పే', 'U'), ('రు', '|'), ('మా', 'U'), ('యిం', 'U'), ('చు', '|'), ('ట', '|'), ('పి', 'U'), ('ల్ల', '|'), ('త', '|'), ('న', '|'), ('ము', '|'), ('కం', 'U'), ('స', '|'), ('పు', '|'), ('రీ', 'U'), ('ద్వా', 'U'), ('ర', '|'), ('గ', '|'), ('మ', '|'), ('నా', 'U'), ('వ', '|'), ('రో', 'U'), ('ధి', '|'), ('యౌ', 'U'), ('మ', '|'), ('ద', '|'), ('క', '|'), ('రి', '|'), ('నీ', 'U'), ('డ్చు', '|'), ('ట', '|'), ('మ', '|'), ('కు', '|'), ('రు', '|'), ('త', '|'), ('న', '|'), ('ము', '|')]",0.5520833333333334,-1.0,1.0,0.65625,0.0,-1.0
teytageethi,"వడిగలతనంబులా యివి? గడన యేమి-కొద్దిపను లివి నీ కిది పెద్దతనమె?
చిత్ర చిత్ర ప్రభావ దాక్షిణ్యభావ-హత విమతజీవ శ్రీకాకుళాంధ్రదేవ!",vupajaathi,Aandhranaayaka,"[('వ', '|'), ('డి', '|'), ('గ', '|'), ('ల', '|'), ('త', '|'), ('నం', 'U'), ('బు', '|'), ('లా', 'U'), ('యి', '|'), ('వి', '|'), ('గ', '|'), ('డ', '|'), ('న', '|'), ('యే', 'U'), ('మి', '|'), ('కొ', 'U'), ('ద్ది', '|'), ('ప', '|'), ('ను', '|'), ('లి', '|'), ('వి', '|'), ('నీ', 'U'), ('కి', '|'), ('ది', '|'), ('పె', 'U'), ('ద్ద', '|'), ('త', '|'), ('న', '|'), ('మె', '|'), ('చి', '|'), ('త్ర', '|'), ('చి', '|'), ('త్ర', '|'), ('ప్ర', '|'), ('భా', 'U'), ('వ', '|'), ('దా', 'U'), ('క్షి', 'U'), ('ణ్య', '|'), ('భా', 'U'), ('వ', '|'), ('హ', '|'), ('త', '|'), ('వి', '|'), ('మ', '|'), ('త', '|'), ('జీ', 'U'), ('వ', '|'), ('శ్రీ', 'U'), ('కా', 'U'), ('కు', '|'), ('ళాం', 'U'), ('ధ్ర', '|'), ('దే', 'U'), ('వ', '|')]",0.7666666666666666,-1.0,1.0,0.8,0.5,-1.0
seesamu,"కెరలి కంసుఁడు నిన్ను నఱకఁ గాచినవాని- బారి సోదరిఁ ద్రోచి పాఱినావు
సరిపోర నరకు నొంచఁగ లేక చేతివి- ల్లాలిచే నిడి దండ నలరినావు
తెగడి బంధువు లాజిఁ దిట్టి కొట్టఁగ నోర్చి- వైదర్భిఁ జేపట్టి వచ్చినావు
దర్పకోద్ధతి కెంతొ తత్తరపడి నిజ- స్త్రీ పదాబ్జములఁ జే మోపినావు",vupajaathi,Aandhranaayaka,"[('కె', '|'), ('ర', '|'), ('లి', '|'), ('కం', 'U'), ('సు', '|'), ('డు', '|'), ('ని', 'U'), ('న్ను', '|'), ('న', '|'), ('ఱ', '|'), ('క', '|'), ('గా', 'U'), ('చి', '|'), ('న', '|'), ('వా', 'U'), ('ని', '|'), ('బా', 'U'), ('రి', '|'), ('సో', 'U'), ('ద', '|'), ('రి', '|'), ('ద్రో', 'U'), ('చి', '|'), ('పా', 'U'), ('ఱి', '|'), ('నా', 'U'), ('వు', '|'), ('స', '|'), ('రి', '|'), ('పో', 'U'), ('ర', '|'), ('న', '|'), ('ర', '|'), ('కు', '|'), ('నొం', 'U'), ('చ', '|'), ('గ', '|'), ('లే', 'U'), ('క', '|'), ('చే', 'U'), ('తి', '|'), ('వి', 'U'), ('ల్లా', 'U'), ('లి', '|'), ('చే', 'U'), ('ని', '|'), ('డి', '|'), ('దం', 'U'), ('డ', '|'), ('న', '|'), ('ల', '|'), ('రి', '|'), ('నా', 'U'), ('వు', '|'), ('తె', '|'), ('గ', '|'), ('డి', '|'), ('బం', 'U'), ('ధు', '|'), ('వు', '|'), ('లా', 'U'), ('జి', '|'), ('ది', 'U'), ('ట్టి', '|'), ('కొ', 'U'), ('ట్ట', '|'), ('గ', '|'), ('నో', 'U'), ('ర్చి', '|'), ('వై', 'U'), ('ద', 'U'), ('ర్భి', '|'), ('జే', 'U'), ('ప', 'U'), ('ట్టి', '|'), ('వ', 'U'), ('చ్చి', '|'), ('నా', 'U'), ('వు', '|'), ('ద', 'U'), ('ర్ప', '|'), ('కో', 'U'), ('ద్ధ', '|'), ('తి', '|'), ('కెం', 'U'), ('తొ', '|'), ('త', 'U'), ('త్త', '|'), ('ర', '|'), ('ప', '|'), ('డి', '|'), ('ని', '|'), ('జ', 'U'), ('స్త్రీ', 'U'), ('ప', '|'), ('దా', 'U'), ('బ్జ', '|'), ('ము', '|'), ('ల', '|'), ('జే', 'U'), ('మో', 'U'), ('పి', '|'), ('నా', 'U'), ('వు', '|')]",0.9166666666666666,-1.0,1.0,1.0,0.75,-1.0
teytageethi,"నీ పరాక్రమ మిట్టిది నిఖిలజగము-లాజ్ఞ మీఱక నిల్చుట యద్భుతంబు
చిత్ర చిత్ర ప్రభావ దాక్షిణ్యభావ-హత విమతజీవ శ్రీకాకుళాంధ్రదేవ!",vupajaathi,Aandhranaayaka,"[('నీ', 'U'), ('ప', '|'), ('రా', 'U'), ('క్ర', '|'), ('మ', '|'), ('మి', 'U'), ('ట్టి', '|'), ('ది', '|'), ('ని', '|'), ('ఖి', '|'), ('ల', '|'), ('జ', '|'), ('గ', '|'), ('ము', '|'), ('లా', 'U'), ('జ్ఞ', '|'), ('మీ', 'U'), ('ఱ', '|'), ('క', '|'), ('ని', 'U'), ('ల్చు', '|'), ('ట', '|'), ('య', 'U'), ('ద్భు', '|'), ('తం', 'U'), ('బు', '|'), ('చి', '|'), ('త్ర', '|'), ('చి', '|'), ('త్ర', '|'), ('ప్ర', '|'), ('భా', 'U'), ('వ', '|'), ('దా', 'U'), ('క్షి', 'U'), ('ణ్య', '|'), ('భా', 'U'), ('వ', '|'), ('హ', '|'), ('త', '|'), ('వి', '|'), ('మ', '|'), ('త', '|'), ('జీ', 'U'), ('వ', '|'), ('శ్రీ', 'U'), ('కా', 'U'), ('కు', '|'), ('ళాం', 'U'), ('ధ్ర', '|'), ('దే', 'U'), ('వ', '|')]",0.6833333333333332,-1.0,1.0,0.8,0.25,-1.0
seesamu,"వ్రేపల్లెలో గొల్లవెలఁదులు గొట్ట రా- దొడిదొడి యిల్లిల్లుఁ దూఱలేదొ
రాసకేళికయందు రమణులా యెందఱో- చుట్టి పట్టినఁ బాఱఁ జూడలేదొ
పదియాఱు వేల గోపకుమారికలు తేరి- పాఱఁ జూచిన మతి బ్రమయలేదొ
ప్రణయవాదంబున భార్య లా యెనమండ్రు- గసరివేసినఁ గూర్మిఁ గొసరలేదొ",vupajaathi,Aandhranaayaka,"[('వ్రే', 'U'), ('ప', 'U'), ('ల్లె', '|'), ('లో', 'U'), ('గొ', 'U'), ('ల్ల', '|'), ('వె', '|'), ('ల', '|'), ('దు', '|'), ('లు', '|'), ('గొ', 'U'), ('ట్ట', '|'), ('రా', 'U'), ('దొ', '|'), ('డి', '|'), ('దొ', '|'), ('డి', '|'), ('యి', 'U'), ('ల్లి', 'U'), ('ల్లు', '|'), ('దూ', 'U'), ('ఱ', '|'), ('లే', 'U'), ('దొ', '|'), ('రా', 'U'), ('స', '|'), ('కే', 'U'), ('ళి', '|'), ('క', '|'), ('యం', 'U'), ('దు', '|'), ('ర', '|'), ('మ', '|'), ('ణు', '|'), ('లా', 'U'), ('యెం', 'U'), ('ద', '|'), ('ఱో', 'U'), ('చు', 'U'), ('ట్టి', '|'), ('ప', 'U'), ('ట్టి', '|'), ('న', '|'), ('బా', 'U'), ('ఱ', '|'), ('జూ', 'U'), ('డ', '|'), ('లే', 'U'), ('దొ', '|'), ('ప', '|'), ('ది', '|'), ('యా', 'U'), ('ఱు', '|'), ('వే', 'U'), ('ల', '|'), ('గో', 'U'), ('ప', '|'), ('కు', '|'), ('మా', 'U'), ('రి', '|'), ('క', '|'), ('లు', '|'), ('తే', 'U'), ('రి', '|'), ('పా', 'U'), ('ఱ', '|'), ('జూ', 'U'), ('చి', '|'), ('న', '|'), ('మ', '|'), ('తి', '|'), ('బ్ర', '|'), ('మ', '|'), ('య', '|'), ('లే', 'U'), ('దొ', '|'), ('ప్ర', '|'), ('ణ', '|'), ('య', '|'), ('వా', 'U'), ('దం', 'U'), ('బు', '|'), ('న', '|'), ('భా', 'U'), ('ర్య', '|'), ('లా', 'U'), ('యె', '|'), ('న', '|'), ('మం', 'U'), ('డ్రు', '|'), ('గ', '|'), ('స', '|'), ('రి', '|'), ('వే', 'U'), ('సి', '|'), ('న', '|'), ('గూ', 'U'), ('ర్మి', '|'), ('గొ', '|'), ('స', '|'), ('ర', '|'), ('లే', 'U'), ('దొ', '|')]",1.0,-1.0,1.0,1.0,1.0,-1.0
teytageethi,"తలిరుబోఁ డుల యెదుటఁ దత్తరము గలుగ-నేవు పరరాజముఖమున నిలువ గలవె
చిత్ర చిత్ర ప్రభావ దాక్షిణ్యభావ-హత విమతజీవ శ్రీకాకుళాంధ్రదేవ!",vupajaathi,Aandhranaayaka,"[('త', '|'), ('లి', '|'), ('రు', '|'), ('బో', 'U'), ('డు', '|'), ('ల', '|'), ('యె', '|'), ('దు', '|'), ('ట', '|'), ('ద', 'U'), ('త్త', '|'), ('ర', '|'), ('ము', '|'), ('గ', '|'), ('లు', '|'), ('గ', '|'), ('నే', 'U'), ('వు', '|'), ('ప', '|'), ('ర', '|'), ('రా', 'U'), ('జ', '|'), ('ము', '|'), ('ఖ', '|'), ('ము', '|'), ('న', '|'), ('ని', '|'), ('లు', '|'), ('వ', '|'), ('గ', '|'), ('ల', '|'), ('వె', '|'), ('చి', '|'), ('త్ర', '|'), ('చి', '|'), ('త్ర', '|'), ('ప్ర', '|'), ('భా', 'U'), ('వ', '|'), ('దా', 'U'), ('క్షి', 'U'), ('ణ్య', '|'), ('భా', 'U'), ('వ', '|'), ('హ', '|'), ('త', '|'), ('వి', '|'), ('మ', '|'), ('త', '|'), ('జీ', 'U'), ('వ', '|'), ('శ్రీ', 'U'), ('కా', 'U'), ('కు', '|'), ('ళాం', 'U'), ('ధ్ర', '|'), ('దే', 'U'), ('వ', '|')]",0.7666666666666666,-1.0,1.0,0.8,0.5,-1.0
seesamu,"ఆలు నిర్వాహకురాలు భూదేవి యై- యఖిలభారకుఁ డనునాఖ్యఁ దెచ్చె
నిష్టసంపన్నురా లిందిర భార్యయై- కామితార్థదుఁ డన్న ఘనతఁ దెచ్చెఁ
గమలగర్భుఁడు సృష్టికర్త తనూజుఁడై- బహుకుటుంబకుఁడన్న బలిమి దెచ్చెఁ
గలుషవిధ్వంసిని గంగ కుమారి యై- బతితపావనుఁ డన్న ప్రతిభఁ దెచ్చె",vupajaathi,Aandhranaayaka,"[('ఆ', 'U'), ('లు', '|'), ('ని', 'U'), ('ర్వా', 'U'), ('హ', '|'), ('కు', '|'), ('రా', 'U'), ('లు', '|'), ('భూ', 'U'), ('దే', 'U'), ('వి', '|'), ('యై', 'U'), ('య', '|'), ('ఖి', '|'), ('ల', '|'), ('భా', 'U'), ('ర', '|'), ('కు', '|'), ('డ', '|'), ('ను', '|'), ('నా', 'U'), ('ఖ్య', '|'), ('దె', 'U'), ('చ్చె', '|'), ('ని', 'U'), ('ష్ట', '|'), ('సం', 'U'), ('ప', 'U'), ('న్ను', '|'), ('రా', 'U'), ('లిం', 'U'), ('ది', '|'), ('ర', '|'), ('భా', 'U'), ('ర్య', '|'), ('యై', 'U'), ('కా', 'U'), ('మి', '|'), ('తా', 'U'), ('ర్థ', '|'), ('దు', '|'), ('డ', 'U'), ('న్న', '|'), ('ఘ', '|'), ('న', '|'), ('త', '|'), ('దె', 'U'), ('చ్చె', '|'), ('గ', '|'), ('మ', '|'), ('ల', '|'), ('గ', 'U'), ('ర్భు', '|'), ('డు', '|'), ('సృ', 'U'), ('ష్టి', '|'), ('క', 'U'), ('ర్త', '|'), ('త', '|'), ('నూ', 'U'), ('జు', '|'), ('డై', 'U'), ('బ', '|'), ('హు', '|'), ('కు', '|'), ('టుం', 'U'), ('బ', '|'), ('కు', '|'), ('డ', 'U'), ('న్న', '|'), ('బ', '|'), ('లి', '|'), ('మి', '|'), ('దె', 'U'), ('చ్చె', '|'), ('గ', '|'), ('లు', '|'), ('ష', '|'), ('వి', 'U'), ('ధ్వం', 'U'), ('సి', '|'), ('ని', '|'), ('గం', 'U'), ('గ', '|'), ('కు', '|'), ('మా', 'U'), ('రి', '|'), ('యై', 'U'), ('బ', '|'), ('తి', '|'), ('త', '|'), ('పా', 'U'), ('వ', '|'), ('ను', '|'), ('డ', 'U'), ('న్న', '|'), ('ప్ర', '|'), ('తి', '|'), ('భ', '|'), ('దె', 'U'), ('చ్చె', '|')]",0.875,-1.0,1.0,1.0,0.625,-1.0
teytageethi,"నాండ్రు బిడ్డలు దెచ్చుప్రఖ్యాతి గాని-మొదటినుండియు నీవు దామోదరుఁడవె
చిత్ర చిత్ర ప్రభావ దాక్షిణ్యభావ-హత విమతజీవ శ్రీకాకుళాంధ్రదేవ!",vupajaathi,Aandhranaayaka,"[('నాం', 'U'), ('డ్రు', '|'), ('బి', 'U'), ('డ్డ', '|'), ('లు', '|'), ('దె', 'U'), ('చ్చు', '|'), ('ప్ర', 'U'), ('ఖ్యా', 'U'), ('తి', '|'), ('గా', 'U'), ('ని', '|'), ('మొ', '|'), ('ద', '|'), ('టి', '|'), ('నుం', 'U'), ('డి', '|'), ('యు', '|'), ('నీ', 'U'), ('వు', '|'), ('దా', 'U'), ('మో', 'U'), ('ద', '|'), ('రు', '|'), ('డ', '|'), ('వె', '|'), ('చి', '|'), ('త్ర', '|'), ('చి', '|'), ('త్ర', '|'), ('ప్ర', '|'), ('భా', 'U'), ('వ', '|'), ('దా', 'U'), ('క్షి', 'U'), ('ణ్య', '|'), ('భా', 'U'), ('వ', '|'), ('హ', '|'), ('త', '|'), ('వి', '|'), ('మ', '|'), ('త', '|'), ('జీ', 'U'), ('వ', '|'), ('శ్రీ', 'U'), ('కా', 'U'), ('కు', '|'), ('ళాం', 'U'), ('ధ్ర', '|'), ('దే', 'U'), ('వ', '|')]",0.6833333333333332,-1.0,1.0,0.8,0.25,-1.0
seesamu,"కడలి రాయనిముద్దుకన్నియఁ బెండ్లాడి- యూఁచఁగా నిల్లట ముండు టేమి
సహజ నొక్కర్తెను షండ పాండవునకుఁ- బెండ్లిఁ జేసితి నీవు పెద్ద వేమి
చిరరతిప్రౌఢను జిన్నబిడ్డని కీవు- గూర్చితి వారీతి గూడు నేమి
యుగములనాటి పెన్మగువను ముసలన్న- కొగిఁ జేసితివి తగుం దగు మఱేమి",vupajaathi,Aandhranaayaka,"[('క', '|'), ('డ', '|'), ('లి', '|'), ('రా', 'U'), ('య', '|'), ('ని', '|'), ('ము', 'U'), ('ద్దు', '|'), ('క', 'U'), ('న్ని', '|'), ('య', '|'), ('బెం', 'U'), ('డ్లా', 'U'), ('డి', '|'), ('యూ', 'U'), ('చ', '|'), ('గా', 'U'), ('ని', 'U'), ('ల్ల', '|'), ('ట', '|'), ('ముం', 'U'), ('డు', '|'), ('టే', 'U'), ('మి', '|'), ('స', '|'), ('హ', '|'), ('జ', '|'), ('నొ', 'U'), ('క్క', 'U'), ('ర్తె', '|'), ('ను', '|'), ('షం', 'U'), ('డ', '|'), ('పాం', 'U'), ('డ', '|'), ('వు', '|'), ('న', '|'), ('కు', '|'), ('బెం', 'U'), ('డ్లి', '|'), ('జే', 'U'), ('సి', '|'), ('తి', '|'), ('నీ', 'U'), ('వు', '|'), ('పె', 'U'), ('ద్ద', '|'), ('వే', 'U'), ('మి', '|'), ('చి', '|'), ('ర', '|'), ('ర', '|'), ('తి', '|'), ('ప్రౌ', 'U'), ('ఢ', '|'), ('ను', '|'), ('జి', 'U'), ('న్న', '|'), ('బి', 'U'), ('డ్డ', '|'), ('ని', '|'), ('కీ', 'U'), ('వు', '|'), ('గూ', 'U'), ('ర్చి', '|'), ('తి', '|'), ('వా', 'U'), ('రీ', 'U'), ('తి', '|'), ('గూ', 'U'), ('డు', '|'), ('నే', 'U'), ('మి', '|'), ('యు', '|'), ('గ', '|'), ('ము', '|'), ('ల', '|'), ('నా', 'U'), ('టి', '|'), ('పె', 'U'), ('న్మ', '|'), ('గు', '|'), ('వ', '|'), ('ను', '|'), ('ము', '|'), ('స', '|'), ('ల', 'U'), ('న్న', '|'), ('కొ', '|'), ('గి', '|'), ('జే', 'U'), ('సి', '|'), ('తి', '|'), ('వి', '|'), ('త', '|'), ('గుం', 'U'), ('ద', '|'), ('గు', '|'), ('మ', '|'), ('ఱే', 'U'), ('మి', '|')]",0.9583333333333334,-1.0,1.0,1.0,0.875,-1.0
teytageethi,"తెలియ నవ్యక్తుఁడవు గావు తెలిసికొన్న-నిట్టివాఁ డని తెలియలే దెవ్వరికిని
చిత్ర చిత్ర ప్రభావ దాక్షిణ్యభావ-హత విమతజీవ శ్రీకాకుళాంధ్రదేవ!",vupajaathi,Aandhranaayaka,"[('తె', '|'), ('లి', '|'), ('య', '|'), ('న', 'U'), ('వ్య', 'U'), ('క్తు', '|'), ('డ', '|'), ('వు', '|'), ('గా', 'U'), ('వు', '|'), ('తె', '|'), ('లి', '|'), ('సి', '|'), ('కొ', 'U'), ('న్న', '|'), ('ని', 'U'), ('ట్టి', '|'), ('వా', 'U'), ('డ', '|'), ('ని', '|'), ('తె', '|'), ('లి', '|'), ('య', '|'), ('లే', 'U'), ('దె', 'U'), ('వ్వ', '|'), ('రి', '|'), ('కి', '|'), ('ని', '|'), ('చి', '|'), ('త్ర', '|'), ('చి', '|'), ('త్ర', '|'), ('ప్ర', '|'), ('భా', 'U'), ('వ', '|'), ('దా', 'U'), ('క్షి', 'U'), ('ణ్య', '|'), ('భా', 'U'), ('వ', '|'), ('హ', '|'), ('త', '|'), ('వి', '|'), ('మ', '|'), ('త', '|'), ('జీ', 'U'), ('వ', '|'), ('శ్రీ', 'U'), ('కా', 'U'), ('కు', '|'), ('ళాం', 'U'), ('ధ్ర', '|'), ('దే', 'U'), ('వ', '|')]",0.6833333333333332,-1.0,1.0,0.8,0.25,-1.0
seesamu,"నీ జ్యేష్ఠపుత్త్రుఁ డెన్నికకు రాని యశాశ్వ- తపుఁ బను ల్సేయు సంతతము జగతి
వేరొక ముద్దుకుమారుఁడందఱిమోహ- లతల స్త్రీపురుషుల లంకెఁ బెట్టు
నీతలోదరి లోకమాత పక్షాపక్ష- దృష్టిఁ జంచలవృత్తిఁ దిరుగుచుండు
నీ వనన్యకృతాది నిబిడమాయావిధా- నుల జేయు దెవ్వరిఁ దొలఁగనీక",vupajaathi,Aandhranaayaka,"[('నీ', 'U'), ('జ్యే', 'U'), ('ష్ఠ', '|'), ('పు', 'U'), ('త్త్రు', '|'), ('డె', 'U'), ('న్ని', '|'), ('క', '|'), ('కు', '|'), ('రా', 'U'), ('ని', '|'), ('య', '|'), ('శా', 'U'), ('శ్వ', '|'), ('త', '|'), ('పు', '|'), ('బ', '|'), ('ను', 'U'), ('ల్సే', 'U'), ('యు', '|'), ('సం', 'U'), ('త', '|'), ('త', '|'), ('ము', '|'), ('జ', '|'), ('గ', '|'), ('తి', '|'), ('వే', 'U'), ('రొ', '|'), ('క', '|'), ('ము', 'U'), ('ద్దు', '|'), ('కు', '|'), ('మా', 'U'), ('రు', '|'), ('డం', 'U'), ('ద', '|'), ('ఱి', '|'), ('మో', 'U'), ('హ', '|'), ('ల', '|'), ('త', '|'), ('ల', 'U'), ('స్త్రీ', 'U'), ('పు', '|'), ('రు', '|'), ('షు', '|'), ('ల', '|'), ('లం', 'U'), ('కె', '|'), ('బె', 'U'), ('ట్టు', '|'), ('నీ', 'U'), ('త', '|'), ('లో', 'U'), ('ద', '|'), ('రి', '|'), ('లో', 'U'), ('క', '|'), ('మా', 'U'), ('త', '|'), ('ప', 'U'), ('క్షా', 'U'), ('ప', 'U'), ('క్ష', '|'), ('దృ', 'U'), ('ష్టి', '|'), ('జం', 'U'), ('చ', '|'), ('ల', '|'), ('వృ', 'U'), ('త్తి', '|'), ('ది', '|'), ('రు', '|'), ('గు', '|'), ('చుం', 'U'), ('డు', '|'), ('నీ', 'U'), ('వ', '|'), ('న', 'U'), ('న్య', '|'), ('కృ', '|'), ('తా', 'U'), ('ది', '|'), ('ని', '|'), ('బి', '|'), ('డ', '|'), ('మా', 'U'), ('యా', 'U'), ('వి', '|'), ('ధా', 'U'), ('ను', '|'), ('ల', '|'), ('జే', 'U'), ('యు', '|'), ('దె', 'U'), ('వ్వ', '|'), ('రి', '|'), ('దొ', '|'), ('ల', '|'), ('గ', '|'), ('నీ', 'U'), ('క', '|')]",0.9895833333333334,-1.0,1.0,0.96875,1.0,-1.0
teytageethi,"నొకరికంటె గుణాధికు లొకరు మీరు-ఇంతచక్కన దెలిసె మీయింటివరుస
చిత్ర చిత్ర ప్రభావ దాక్షిణ్యభావ-హత విమతజీవ శ్రీకాకుళాంధ్రదేవ!",vupajaathi,Aandhranaayaka,"[('నొ', '|'), ('క', '|'), ('రి', '|'), ('కం', 'U'), ('టె', '|'), ('గు', '|'), ('ణా', 'U'), ('ధి', '|'), ('కు', '|'), ('లొ', '|'), ('క', '|'), ('రు', '|'), ('మీ', 'U'), ('రు', '|'), ('ఇం', 'U'), ('త', '|'), ('చ', 'U'), ('క్క', '|'), ('న', '|'), ('దె', '|'), ('లి', '|'), ('సె', '|'), ('మీ', 'U'), ('యిం', 'U'), ('టి', '|'), ('వ', '|'), ('రు', '|'), ('స', '|'), ('చి', '|'), ('త్ర', '|'), ('చి', '|'), ('త్ర', '|'), ('ప్ర', '|'), ('భా', 'U'), ('వ', '|'), ('దా', 'U'), ('క్షి', 'U'), ('ణ్య', '|'), ('భా', 'U'), ('వ', '|'), ('హ', '|'), ('త', '|'), ('వి', '|'), ('మ', '|'), ('త', '|'), ('జీ', 'U'), ('వ', '|'), ('శ్రీ', 'U'), ('కా', 'U'), ('కు', '|'), ('ళాం', 'U'), ('ధ్ర', '|'), ('దే', 'U'), ('వ', '|')]",0.6833333333333332,-1.0,1.0,0.8,0.25,-1.0
seesamu,"సకలంబు నీవ యై మొకమఱ్ఱియాకుపై- నిచ్చఁ బరుండునాఁ డెంత గలవొ!
తన బిడ్డఁ డని యశోదాదేవి పొత్తుల- నిడుక ముద్దాడునాఁ డెంత గలవొ!
తక్కులమారత్త దక్కించుకొనఁగ ని- న్నెత్తుక పెంచునాఁ డెంత గలవొ!
భయలేశ మెఱుఁగక బల్పాముపడగపై- గంతులు వైచునాఁ డెంత గలవొ!",vupajaathi,Aandhranaayaka,"[('స', '|'), ('క', '|'), ('లం', 'U'), ('బు', '|'), ('నీ', 'U'), ('వ', '|'), ('యై', 'U'), ('మొ', '|'), ('క', '|'), ('మ', 'U'), ('ఱ్ఱి', '|'), ('యా', 'U'), ('కు', '|'), ('పై', 'U'), ('ని', 'U'), ('చ్చ', '|'), ('బ', '|'), ('రుం', 'U'), ('డు', '|'), ('నా', 'U'), ('డెం', 'U'), ('త', '|'), ('గ', '|'), ('ల', '|'), ('వొ', '|'), ('త', '|'), ('న', '|'), ('బి', 'U'), ('డ్డ', '|'), ('డ', '|'), ('ని', '|'), ('య', '|'), ('శో', 'U'), ('దా', 'U'), ('దే', 'U'), ('వి', '|'), ('పొ', 'U'), ('త్తు', '|'), ('ల', '|'), ('ని', '|'), ('డు', '|'), ('క', '|'), ('ము', 'U'), ('ద్దా', 'U'), ('డు', '|'), ('నా', 'U'), ('డెం', 'U'), ('త', '|'), ('గ', '|'), ('ల', '|'), ('వొ', '|'), ('త', 'U'), ('క్కు', '|'), ('ల', '|'), ('మా', 'U'), ('ర', 'U'), ('త్త', '|'), ('ద', 'U'), ('క్కిం', 'U'), ('చు', '|'), ('కొ', '|'), ('న', '|'), ('గ', '|'), ('ని', 'U'), ('న్నె', 'U'), ('త్తు', '|'), ('క', '|'), ('పెం', 'U'), ('చు', '|'), ('నా', 'U'), ('డెం', 'U'), ('త', '|'), ('గ', '|'), ('ల', '|'), ('వొ', '|'), ('భ', '|'), ('య', '|'), ('లే', 'U'), ('శ', '|'), ('మె', '|'), ('ఱు', '|'), ('గ', '|'), ('క', '|'), ('బ', 'U'), ('ల్పా', 'U'), ('ము', '|'), ('ప', '|'), ('డ', '|'), ('గ', '|'), ('పై', 'U'), ('గం', 'U'), ('తు', '|'), ('లు', '|'), ('వై', 'U'), ('చు', '|'), ('నా', 'U'), ('డెం', 'U'), ('త', '|'), ('గ', '|'), ('ల', '|'), ('వొ', '|')]",0.875,-1.0,1.0,1.0,0.625,-1.0
teytageethi,"పరువు గలవాఁడ వేమి ప్రాఁబల్కు లంచు-దెలియ వరిముక్కు ముల్లంత తలవొ! లేవొ!
చిత్ర చిత్ర ప్రభావ దాక్షిణ్యభావ-హత విమతజీవ శ్రీకాకుళాంధ్రదేవ!",vupajaathi,Aandhranaayaka,"[('ప', '|'), ('రు', '|'), ('వు', '|'), ('గ', '|'), ('ల', '|'), ('వా', 'U'), ('డ', '|'), ('వే', 'U'), ('మి', '|'), ('ప్రా', 'U'), ('బ', 'U'), ('ల్కు', '|'), ('లం', 'U'), ('చు', '|'), ('దె', '|'), ('లి', '|'), ('య', '|'), ('వ', '|'), ('రి', '|'), ('ము', 'U'), ('క్కు', '|'), ('ము', 'U'), ('ల్లం', 'U'), ('త', '|'), ('త', '|'), ('ల', '|'), ('వొ', '|'), ('లే', 'U'), ('వొ', '|'), ('చి', '|'), ('త్ర', '|'), ('చి', '|'), ('త్ర', '|'), ('ప్ర', '|'), ('భా', 'U'), ('వ', '|'), ('దా', 'U'), ('క్షి', 'U'), ('ణ్య', '|'), ('భా', 'U'), ('వ', '|'), ('హ', '|'), ('త', '|'), ('వి', '|'), ('మ', '|'), ('త', '|'), ('జీ', 'U'), ('వ', '|'), ('శ్రీ', 'U'), ('కా', 'U'), ('కు', '|'), ('ళాం', 'U'), ('ధ్ర', '|'), ('దే', 'U'), ('వ', '|')]",0.7666666666666666,-1.0,1.0,0.8,0.5,-1.0
seesamu,"కల్లరు ల్గాని వ్రేపల్లెవా రందఱు- హర్షింప నచట నీయాట సాగె
మధురాపురీవరమనుజు లామోదించి- మన్నింప నచట నీయాట సాగె
ద్వారకాపట్టణధన్యులు నినుఁ గోరి- కొల్వఁగా నచట నీకొల్వు సాగెఁ
గరిపురధర్మజుం డురురాజసభ నిన్ను- భూషింప నచట నీముర్వు సాగె",vupajaathi,Aandhranaayaka,"[('క', 'U'), ('ల్ల', '|'), ('రు', 'U'), ('ల్గా', 'U'), ('ని', '|'), ('వ్రే', 'U'), ('ప', 'U'), ('ల్లె', '|'), ('వా', 'U'), ('రం', 'U'), ('ద', '|'), ('ఱు', '|'), ('హ', 'U'), ('ర్షిం', 'U'), ('ప', '|'), ('న', '|'), ('చ', '|'), ('ట', '|'), ('నీ', 'U'), ('యా', 'U'), ('ట', '|'), ('సా', 'U'), ('గె', '|'), ('మ', '|'), ('ధు', '|'), ('రా', 'U'), ('పు', '|'), ('రీ', 'U'), ('వ', '|'), ('ర', '|'), ('మ', '|'), ('ను', '|'), ('జు', '|'), ('లా', 'U'), ('మో', 'U'), ('దిం', 'U'), ('చి', '|'), ('మ', 'U'), ('న్నిం', 'U'), ('ప', '|'), ('న', '|'), ('చ', '|'), ('ట', '|'), ('నీ', 'U'), ('యా', 'U'), ('ట', '|'), ('సా', 'U'), ('గె', 'U'), ('ద్వా', 'U'), ('ర', '|'), ('కా', 'U'), ('ప', 'U'), ('ట్ట', '|'), ('ణ', '|'), ('ధ', 'U'), ('న్యు', '|'), ('లు', '|'), ('ని', '|'), ('ను', '|'), ('గో', 'U'), ('రి', '|'), ('కొ', 'U'), ('ల్వ', '|'), ('గా', 'U'), ('న', '|'), ('చ', '|'), ('ట', '|'), ('నీ', 'U'), ('కొ', 'U'), ('ల్వు', '|'), ('సా', 'U'), ('గె', '|'), ('గ', '|'), ('రి', '|'), ('పు', '|'), ('ర', '|'), ('ధ', 'U'), ('ర్మ', '|'), ('జుం', 'U'), ('డు', '|'), ('రు', '|'), ('రా', 'U'), ('జ', '|'), ('స', '|'), ('భ', '|'), ('ని', 'U'), ('న్ను', '|'), ('భూ', 'U'), ('షిం', 'U'), ('ప', '|'), ('న', '|'), ('చ', '|'), ('ట', '|'), ('నీ', 'U'), ('ము', 'U'), ('ర్వు', '|'), ('సా', 'U'), ('గె', '|')]",0.7291666666666666,-1.0,1.0,0.6875,0.5,-1.0
teytageethi,"నెరుక మాలినవారుఁ నీపరువు దలఁతు-రేమి నీపొంకములు సాగు నేమి యచట?
చిత్ర చిత్ర ప్రభావ దాక్షిణ్యభావ-హత విమతజీవ శ్రీకాకుళాంధ్రదేవ!",vupajaathi,Aandhranaayaka,"[('నె', '|'), ('రు', '|'), ('క', '|'), ('మా', 'U'), ('లి', '|'), ('న', '|'), ('వా', 'U'), ('రు', '|'), ('నీ', 'U'), ('ప', '|'), ('రు', '|'), ('వు', '|'), ('ద', '|'), ('ల', '|'), ('తు', '|'), ('రే', 'U'), ('మి', '|'), ('నీ', 'U'), ('పొం', 'U'), ('క', '|'), ('ము', '|'), ('లు', '|'), ('సా', 'U'), ('గు', '|'), ('నే', 'U'), ('మి', '|'), ('య', '|'), ('చ', '|'), ('ట', '|'), ('చి', '|'), ('త్ర', '|'), ('చి', '|'), ('త్ర', '|'), ('ప్ర', '|'), ('భా', 'U'), ('వ', '|'), ('దా', 'U'), ('క్షి', 'U'), ('ణ్య', '|'), ('భా', 'U'), ('వ', '|'), ('హ', '|'), ('త', '|'), ('వి', '|'), ('మ', '|'), ('త', '|'), ('జీ', 'U'), ('వ', '|'), ('శ్రీ', 'U'), ('కా', 'U'), ('కు', '|'), ('ళాం', 'U'), ('ధ్ర', '|'), ('దే', 'U'), ('వ', '|')]",0.7666666666666666,-1.0,1.0,0.8,0.5,-1.0
seesamu,"దూడలలోఁ బెరదూడ మేయఁగఁజూచి- యట్టె పట్టుక చావఁగొట్టవలెనె
పొడవ రా వేగ నాబోఁతుకొమ్ములు పట్టి- విడువక దానిపే రుడుపవలెనె
ముక్కుతోఁ జెనకిన కొక్కెరాయనిఁ బట్టి- వెర వొప్పఁగా మెడ విఱువవలెనె
తన్నుఁ బో తని మృగాధమ మంచు నెంచక- తొడరి గార్ధభమును ద్రుంపవలెనె",vupajaathi,Aandhranaayaka,"[('దూ', 'U'), ('డ', '|'), ('ల', '|'), ('లో', 'U'), ('బె', '|'), ('ర', '|'), ('దూ', 'U'), ('డ', '|'), ('మే', 'U'), ('య', '|'), ('గ', '|'), ('జూ', 'U'), ('చి', '|'), ('య', 'U'), ('ట్టె', '|'), ('ప', 'U'), ('ట్టు', '|'), ('క', '|'), ('చా', 'U'), ('వ', '|'), ('గొ', 'U'), ('ట్ట', '|'), ('వ', '|'), ('లె', '|'), ('నె', '|'), ('పొ', '|'), ('డ', '|'), ('వ', '|'), ('రా', 'U'), ('వే', 'U'), ('గ', '|'), ('నా', 'U'), ('బో', 'U'), ('తు', '|'), ('కొ', 'U'), ('మ్ము', '|'), ('లు', '|'), ('ప', 'U'), ('ట్టి', '|'), ('వి', '|'), ('డు', '|'), ('వ', '|'), ('క', '|'), ('దా', 'U'), ('ని', '|'), ('పే', 'U'), ('రు', '|'), ('డు', '|'), ('ప', '|'), ('వ', '|'), ('లె', '|'), ('నె', '|'), ('ము', 'U'), ('క్కు', '|'), ('తో', 'U'), ('జె', '|'), ('న', '|'), ('కి', '|'), ('న', '|'), ('కొ', 'U'), ('క్కె', '|'), ('రా', 'U'), ('య', '|'), ('ని', '|'), ('బ', 'U'), ('ట్టి', '|'), ('వె', '|'), ('ర', '|'), ('వొ', 'U'), ('ప్ప', '|'), ('గా', 'U'), ('మె', '|'), ('డ', '|'), ('వి', '|'), ('ఱు', '|'), ('వ', '|'), ('వ', '|'), ('లె', '|'), ('నె', '|'), ('త', 'U'), ('న్ను', '|'), ('బో', 'U'), ('త', '|'), ('ని', '|'), ('మృ', '|'), ('గా', 'U'), ('ధ', '|'), ('మ', '|'), ('మం', 'U'), ('చు', '|'), ('నెం', 'U'), ('చ', '|'), ('క', '|'), ('తొ', '|'), ('డ', '|'), ('రి', '|'), ('గా', 'U'), ('ర్ధ', '|'), ('భ', '|'), ('ము', '|'), ('ను', '|'), ('ద్రుం', 'U'), ('ప', '|'), ('వ', '|'), ('లె', '|'), ('నె', '|')]",1.0,-1.0,1.0,1.0,1.0,-1.0
teytageethi,"మేమి ఘనకార్యములు చేసి తిద్ధరిత్రి-నెన్నటికి నీ వొనర్చిన విట్టిపనులె
చిత్ర చిత్ర ప్రభావ దాక్షిణ్యభావ-హత విమతజీవ శ్రీకాకుళాంధ్రదేవ!",vupajaathi,Aandhranaayaka,"[('మే', 'U'), ('మి', '|'), ('ఘ', '|'), ('న', '|'), ('కా', 'U'), ('ర్య', '|'), ('ము', '|'), ('లు', '|'), ('చే', 'U'), ('సి', '|'), ('తి', 'U'), ('ద్ధ', '|'), ('రి', '|'), ('త్రి', '|'), ('నె', 'U'), ('న్న', '|'), ('టి', '|'), ('కి', '|'), ('నీ', 'U'), ('వొ', '|'), ('న', 'U'), ('ర్చి', '|'), ('న', '|'), ('వి', 'U'), ('ట్టి', '|'), ('ప', '|'), ('ను', '|'), ('లె', '|'), ('చి', '|'), ('త్ర', '|'), ('చి', '|'), ('త్ర', '|'), ('ప్ర', '|'), ('భా', 'U'), ('వ', '|'), ('దా', 'U'), ('క్షి', 'U'), ('ణ్య', '|'), ('భా', 'U'), ('వ', '|'), ('హ', '|'), ('త', '|'), ('వి', '|'), ('మ', '|'), ('త', '|'), ('జీ', 'U'), ('వ', '|'), ('శ్రీ', 'U'), ('కా', 'U'), ('కు', '|'), ('ళాం', 'U'), ('ధ్ర', '|'), ('దే', 'U'), ('వ', '|')]",0.6166666666666667,-1.0,1.0,0.6,0.25,-1.0
seesamu,"కవ్వడి కెంత చక్కఁగ బోధ చేసిన- నితరహింసాకర్మ మిష్టపఱుప
రాయబారం బెంత రసికత నడిపిన- ననికి భారతుల నాయత్త పఱుప
విశ్వరూపం బెంత విమలతఁ జూపిన- నోర్వని కురురాజు నులుకు పఱుప
విలుఁ బట్ట నని యెంతొ చెలిమిగఁ బలికిన- నవల సుయోధను నాసపఱుప",vupajaathi,Aandhranaayaka,"[('క', 'U'), ('వ్వ', '|'), ('డి', '|'), ('కెం', 'U'), ('త', '|'), ('చ', 'U'), ('క్క', '|'), ('గ', '|'), ('బో', 'U'), ('ధ', '|'), ('చే', 'U'), ('సి', '|'), ('న', '|'), ('ని', '|'), ('త', '|'), ('ర', '|'), ('హిం', 'U'), ('సా', 'U'), ('క', 'U'), ('ర్మ', '|'), ('మి', 'U'), ('ష్ట', '|'), ('ప', '|'), ('ఱు', '|'), ('ప', '|'), ('రా', 'U'), ('య', '|'), ('బా', 'U'), ('రం', 'U'), ('బెం', 'U'), ('త', '|'), ('ర', '|'), ('సి', '|'), ('క', '|'), ('త', '|'), ('న', '|'), ('డి', '|'), ('పి', '|'), ('న', '|'), ('న', '|'), ('ని', '|'), ('కి', '|'), ('భా', 'U'), ('ర', '|'), ('తు', '|'), ('ల', '|'), ('నా', 'U'), ('య', 'U'), ('త్త', '|'), ('ప', '|'), ('ఱు', '|'), ('ప', '|'), ('వి', 'U'), ('శ్వ', '|'), ('రూ', 'U'), ('పం', 'U'), ('బెం', 'U'), ('త', '|'), ('వి', '|'), ('మ', '|'), ('ల', '|'), ('త', '|'), ('జూ', 'U'), ('పి', '|'), ('న', '|'), ('నో', 'U'), ('ర్వ', '|'), ('ని', '|'), ('కు', '|'), ('రు', '|'), ('రా', 'U'), ('జు', '|'), ('ను', '|'), ('లు', '|'), ('కు', '|'), ('ప', '|'), ('ఱు', '|'), ('ప', '|'), ('వి', '|'), ('లు', '|'), ('బ', 'U'), ('ట్ట', '|'), ('న', '|'), ('ని', '|'), ('యెం', 'U'), ('తొ', '|'), ('చె', '|'), ('లి', '|'), ('మి', '|'), ('గ', '|'), ('బ', '|'), ('లి', '|'), ('కి', '|'), ('న', '|'), ('న', '|'), ('వ', '|'), ('ల', '|'), ('సు', '|'), ('యో', 'U'), ('ధ', '|'), ('ను', '|'), ('నా', 'U'), ('స', '|'), ('ప', '|'), ('ఱు', '|'), ('ప', '|')]",0.9166666666666666,-1.0,1.0,1.0,0.75,-1.0
teytageethi,"పోరు చంపక చుట్టముల్‌ పోర నీల్గఁ-జూచుచుంటివి యేనాఁటి చుట్ట మీవు?
చిత్ర చిత్ర ప్రభావ దాక్షిణ్యభావ-హత విమతజీవ శ్రీకాకుళాంధ్రదేవ!",vupajaathi,Aandhranaayaka,"[('పో', 'U'), ('రు', '|'), ('చం', 'U'), ('ప', '|'), ('క', '|'), ('చు', 'U'), ('ట్ట', '|'), ('ము', 'U'), ('ల్పో', 'U'), ('ర', '|'), ('నీ', 'U'), ('ల్గ', '|'), ('జూ', 'U'), ('చు', '|'), ('చుం', 'U'), ('టి', '|'), ('వి', '|'), ('యే', 'U'), ('నా', 'U'), ('టి', '|'), ('చు', 'U'), ('ట్ట', '|'), ('మీ', 'U'), ('వు', '|'), ('చి', '|'), ('త్ర', '|'), ('చి', '|'), ('త్ర', '|'), ('ప్ర', '|'), ('భా', 'U'), ('వ', '|'), ('దా', 'U'), ('క్షి', 'U'), ('ణ్య', '|'), ('భా', 'U'), ('వ', '|'), ('హ', '|'), ('త', '|'), ('వి', '|'), ('మ', '|'), ('త', '|'), ('జీ', 'U'), ('వ', '|'), ('శ్రీ', 'U'), ('కా', 'U'), ('కు', '|'), ('ళాం', 'U'), ('ధ్ర', '|'), ('దే', 'U'), ('వ', '|')]",0.7666666666666666,-1.0,1.0,0.8,0.5,-1.0
seesamu,"శ్రీమద్వికుంఠపురీ వరేశుఁడ వయ్యు- గొల్లపల్లెల నుండఁ గోరు టేమి
యక్షీణలక్ష్మీ కటాక్షవీక్షుఁడ వయ్యుఁ- ద్రోవ లే కింటింటఁ దోఁచ నేమి
భూరి చతుర్దశ భువనావనుఁడ వయ్యుఁ- గడువేడ్కఁ దొఱ్ఱులఁ గాయ నేమి
సన్మునిదేవతా సంభావితుఁడ వయ్యు- నాలగావరులతో నాడ నేమి?",vupajaathi,Aandhranaayaka,"[('శ్రీ', 'U'), ('మ', 'U'), ('ద్వి', '|'), ('కుం', 'U'), ('ఠ', '|'), ('పు', '|'), ('రీ', 'U'), ('వ', '|'), ('రే', 'U'), ('శు', '|'), ('డ', '|'), ('వ', 'U'), ('య్యు', '|'), ('గొ', 'U'), ('ల్ల', '|'), ('ప', 'U'), ('ల్లె', '|'), ('ల', '|'), ('నుం', 'U'), ('డ', '|'), ('గో', 'U'), ('రు', '|'), ('టే', 'U'), ('మి', '|'), ('య', 'U'), ('క్షీ', 'U'), ('ణ', '|'), ('ల', 'U'), ('క్ష్మీ', 'U'), ('క', '|'), ('టా', 'U'), ('క్ష', '|'), ('వీ', 'U'), ('క్షు', '|'), ('డ', '|'), ('వ', 'U'), ('య్యు', '|'), ('ద్రో', 'U'), ('వ', '|'), ('లే', 'U'), ('కిం', 'U'), ('టిం', 'U'), ('ట', '|'), ('దో', 'U'), ('చ', '|'), ('నే', 'U'), ('మి', '|'), ('భూ', 'U'), ('రి', '|'), ('చ', '|'), ('తు', 'U'), ('ర్ద', '|'), ('శ', '|'), ('భు', '|'), ('వ', '|'), ('నా', 'U'), ('వ', '|'), ('ను', '|'), ('డ', '|'), ('వ', 'U'), ('య్యు', '|'), ('గ', '|'), ('డు', '|'), ('వే', 'U'), ('డ్క', '|'), ('దొ', 'U'), ('ఱ్ఱు', '|'), ('ల', '|'), ('గా', 'U'), ('య', '|'), ('నే', 'U'), ('మి', '|'), ('స', 'U'), ('న్ము', '|'), ('ని', '|'), ('దే', 'U'), ('వ', '|'), ('తా', 'U'), ('సం', 'U'), ('భా', 'U'), ('వి', '|'), ('తు', '|'), ('డ', '|'), ('వ', 'U'), ('య్యు', '|'), ('నా', 'U'), ('ల', '|'), ('గా', 'U'), ('వ', '|'), ('రు', '|'), ('ల', '|'), ('తో', 'U'), ('నా', 'U'), ('డ', '|'), ('నే', 'U'), ('మి', '|')]",0.9583333333333334,-1.0,1.0,1.0,0.875,-1.0
teytageethi,"గొప్పలో గొప్పవాఁడవు కొలదిలోనఁ-గొలదివాఁడవు ని న్నెట్లు గొలువ వచ్చు?
చిత్ర చిత్ర ప్రభావ దాక్షిణ్యభావ-హత విమతజీవ శ్రీకాకుళాంధ్రదేవ!",vupajaathi,Aandhranaayaka,"[('గొ', 'U'), ('ప్ప', '|'), ('లో', 'U'), ('గొ', 'U'), ('ప్ప', '|'), ('వా', 'U'), ('డ', '|'), ('వు', '|'), ('కొ', '|'), ('ల', '|'), ('ది', '|'), ('లో', 'U'), ('న', '|'), ('గొ', '|'), ('ల', '|'), ('ది', '|'), ('వా', 'U'), ('డ', '|'), ('వు', '|'), ('ని', 'U'), ('న్నె', 'U'), ('ట్లు', '|'), ('గొ', '|'), ('లు', '|'), ('వ', '|'), ('వ', 'U'), ('చ్చు', '|'), ('చి', '|'), ('త్ర', '|'), ('చి', '|'), ('త్ర', '|'), ('ప్ర', '|'), ('భా', 'U'), ('వ', '|'), ('దా', 'U'), ('క్షి', 'U'), ('ణ్య', '|'), ('భా', 'U'), ('వ', '|'), ('హ', '|'), ('త', '|'), ('వి', '|'), ('మ', '|'), ('త', '|'), ('జీ', 'U'), ('వ', '|'), ('శ్రీ', 'U'), ('కా', 'U'), ('కు', '|'), ('ళాం', 'U'), ('ధ్ర', '|'), ('దే', 'U'), ('వ', '|')]",0.7666666666666666,-1.0,1.0,0.8,0.5,-1.0
seesamu,"దుర్యోధనుం డవధ్యుఁడ వంచు మానెఁ గా- కలుక బంధింపఁగాఁ దలఁప లేదె?
గోపాలుఁడవు పూజఁ గొందువేరా యని- సభ నిన్నుఁ దిట్టఁడే చైద్యుఁ డెదిరి?
నీలాంఛనంబులఁ బోలు చిహ్నలు దాల్చి- తానె నీ వనఁడె యుద్ధతినిఁ బౌండ్రుఁ?
డెవ్వరుఁ బట్టలే రేను బట్టెద నంచు- యవనుండు దరుమఁడే యాహవమున",vupajaathi,Aandhranaayaka,"[('దు', 'U'), ('ర్యో', 'U'), ('ధ', '|'), ('నుం', 'U'), ('డ', '|'), ('వ', 'U'), ('ధ్యు', '|'), ('డ', '|'), ('వం', 'U'), ('చు', '|'), ('మా', 'U'), ('నె', '|'), ('గా', 'U'), ('క', '|'), ('లు', '|'), ('క', '|'), ('బం', 'U'), ('ధిం', 'U'), ('ప', '|'), ('గా', 'U'), ('ద', '|'), ('ల', '|'), ('ప', '|'), ('లే', 'U'), ('దె', '|'), ('గో', 'U'), ('పా', 'U'), ('లు', '|'), ('డ', '|'), ('వు', '|'), ('పూ', 'U'), ('జ', '|'), ('గొం', 'U'), ('దు', '|'), ('వే', 'U'), ('రా', 'U'), ('య', '|'), ('ని', '|'), ('స', '|'), ('భ', '|'), ('ని', 'U'), ('న్ను', '|'), ('ది', 'U'), ('ట్ట', '|'), ('డే', 'U'), ('చై', 'U'), ('ద్యు', '|'), ('డె', '|'), ('ది', '|'), ('రి', '|'), ('నీ', 'U'), ('లాం', 'U'), ('ఛ', '|'), ('నం', 'U'), ('బు', '|'), ('ల', '|'), ('బో', 'U'), ('లు', '|'), ('చి', 'U'), ('హ్న', '|'), ('లు', '|'), ('దా', 'U'), ('ల్చి', '|'), ('తా', 'U'), ('నె', '|'), ('నీ', 'U'), ('వ', '|'), ('న', '|'), ('డె', '|'), ('యు', 'U'), ('ద్ధ', '|'), ('తి', '|'), ('ని', '|'), ('బౌం', 'U'), ('డ్రు', '|'), ('డె', 'U'), ('వ్వ', '|'), ('రు', '|'), ('బ', 'U'), ('ట్ట', '|'), ('లే', 'U'), ('రే', 'U'), ('ను', '|'), ('బ', 'U'), ('ట్టె', '|'), ('ద', '|'), ('నం', 'U'), ('చు', '|'), ('య', '|'), ('వ', '|'), ('నుం', 'U'), ('డు', '|'), ('ద', '|'), ('రు', '|'), ('మ', '|'), ('డే', 'U'), ('యా', 'U'), ('హ', '|'), ('వ', '|'), ('ము', '|'), ('న', '|')]",0.9583333333333334,-1.0,1.0,1.0,0.875,-1.0
teytageethi,"నృపులు కొందఱు వెఱచిరే నీకు మున్ను-ప్రాణముల కాసపడరేని భండమున
చిత్ర చిత్ర ప్రభావ దాక్షిణ్యభావ-హత విమతజీవ శ్రీకాకుళాంధ్రదేవ!",vupajaathi,Aandhranaayaka,"[('నృ', '|'), ('పు', '|'), ('లు', '|'), ('కొం', 'U'), ('ద', '|'), ('ఱు', '|'), ('వె', '|'), ('ఱ', '|'), ('చి', '|'), ('రే', 'U'), ('నీ', 'U'), ('కు', '|'), ('ము', 'U'), ('న్ను', '|'), ('ప్రా', 'U'), ('ణ', '|'), ('ము', '|'), ('ల', '|'), ('కా', 'U'), ('స', '|'), ('ప', '|'), ('డ', '|'), ('రే', 'U'), ('ని', '|'), ('భం', 'U'), ('డ', '|'), ('ము', '|'), ('న', '|'), ('చి', '|'), ('త్ర', '|'), ('చి', '|'), ('త్ర', '|'), ('ప్ర', '|'), ('భా', 'U'), ('వ', '|'), ('దా', 'U'), ('క్షి', 'U'), ('ణ్య', '|'), ('భా', 'U'), ('వ', '|'), ('హ', '|'), ('త', '|'), ('వి', '|'), ('మ', '|'), ('త', '|'), ('జీ', 'U'), ('వ', '|'), ('శ్రీ', 'U'), ('కా', 'U'), ('కు', '|'), ('ళాం', 'U'), ('ధ్ర', '|'), ('దే', 'U'), ('వ', '|')]",0.7833333333333333,-1.0,1.0,0.85,0.5,-1.0
seesamu,"రాజు లెవ్వరుఁ బఙ్క్తిభోజన మిడకున్న- దాసునింట భుజించి తనియలేదొ?
బంధువు లెవ్వరు గంధ మీ కుండిన- మువ్వంకలది పూయ మురియలేదొ?
దొర లెవ్వరును బూలసరము లీకుండినఁ- దెలిసి మాలికుఁ డీగ నలరలేదొ?
ప్రభువు లెవ్వరు వస్త్రబహుమాన మీ కున్నఁ- దెచ్చి యిచ్చిన చాకి మెచ్చలేదొ?",vupajaathi,Aandhranaayaka,"[('రా', 'U'), ('జు', '|'), ('లె', 'U'), ('వ్వ', '|'), ('రు', '|'), ('బ', 'U'), ('ఙ్క్తి', '|'), ('భో', 'U'), ('జ', '|'), ('న', '|'), ('మి', '|'), ('డ', '|'), ('కు', 'U'), ('న్న', '|'), ('దా', 'U'), ('సు', '|'), ('నిం', 'U'), ('ట', '|'), ('భు', '|'), ('జిం', 'U'), ('చి', '|'), ('త', '|'), ('ని', '|'), ('య', '|'), ('లే', 'U'), ('దొ', '|'), ('బం', 'U'), ('ధు', '|'), ('వు', '|'), ('లె', 'U'), ('వ్వ', '|'), ('రు', '|'), ('గం', 'U'), ('ధ', '|'), ('మీ', 'U'), ('కుం', 'U'), ('డి', '|'), ('న', '|'), ('ము', 'U'), ('వ్వం', 'U'), ('క', '|'), ('ల', '|'), ('ది', '|'), ('పూ', 'U'), ('య', '|'), ('ము', '|'), ('రి', '|'), ('య', '|'), ('లే', 'U'), ('దొ', '|'), ('దొ', '|'), ('ర', '|'), ('లె', 'U'), ('వ్వ', '|'), ('రు', '|'), ('ను', '|'), ('బూ', 'U'), ('ల', '|'), ('స', '|'), ('ర', '|'), ('ము', '|'), ('లీ', 'U'), ('కుం', 'U'), ('డి', '|'), ('న', '|'), ('దె', '|'), ('లి', '|'), ('సి', '|'), ('మా', 'U'), ('లి', '|'), ('కు', '|'), ('డీ', 'U'), ('గ', '|'), ('న', '|'), ('ల', '|'), ('ర', '|'), ('లే', 'U'), ('దొ', '|'), ('ప్ర', '|'), ('భు', '|'), ('వు', '|'), ('లె', 'U'), ('వ్వ', '|'), ('రు', '|'), ('వ', 'U'), ('స్త్ర', '|'), ('బ', '|'), ('హు', '|'), ('మా', 'U'), ('న', '|'), ('మీ', 'U'), ('కు', 'U'), ('న్న', '|'), ('దె', 'U'), ('చ్చి', '|'), ('యి', 'U'), ('చ్చి', '|'), ('న', '|'), ('చా', 'U'), ('కి', '|'), ('మె', 'U'), ('చ్చ', '|'), ('లే', 'U'), ('దొ', '|')]",1.0,-1.0,1.0,1.0,1.0,-1.0
teytageethi,"పాటి సేయంగ నేరాజు బంధుగుఁడవొ?-మున్నె నీపస దెలిసిన దెన్న నేమి?
చిత్ర చిత్ర ప్రభావ దాక్షిణ్యభావ-హత విమతజీవ శ్రీకాకుళాంధ్రదేవ!",vupajaathi,Aandhranaayaka,"[('పా', 'U'), ('టి', '|'), ('సే', 'U'), ('యం', 'U'), ('గ', '|'), ('నే', 'U'), ('రా', 'U'), ('జు', '|'), ('బం', 'U'), ('ధు', '|'), ('గు', '|'), ('డ', '|'), ('వొ', '|'), ('ము', 'U'), ('న్నె', '|'), ('నీ', 'U'), ('ప', '|'), ('స', '|'), ('దె', '|'), ('లి', '|'), ('సి', '|'), ('న', '|'), ('దె', 'U'), ('న్న', '|'), ('నే', 'U'), ('మి', '|'), ('చి', '|'), ('త్ర', '|'), ('చి', '|'), ('త్ర', '|'), ('ప్ర', '|'), ('భా', 'U'), ('వ', '|'), ('దా', 'U'), ('క్షి', 'U'), ('ణ్య', '|'), ('భా', 'U'), ('వ', '|'), ('హ', '|'), ('త', '|'), ('వి', '|'), ('మ', '|'), ('త', '|'), ('జీ', 'U'), ('వ', '|'), ('శ్రీ', 'U'), ('కా', 'U'), ('కు', '|'), ('ళాం', 'U'), ('ధ్ర', '|'), ('దే', 'U'), ('వ', '|')]",0.7666666666666666,-1.0,1.0,0.8,0.5,-1.0
seesamu,"నాఁగలి రోఁక లన్నకు నిచ్చి శంఖాది- పంచాయుధము లీవు పట్టినావు
తాఱిటెక్కెంబు కోల్తల పెద్ద కెత్తించి- గరుడధ్వజం బీవు గట్టినావు
వెలరాని కఱవోని వలువ జ్యేష్ఠున కిచ్చి- కనకాంబరం బీవు గట్టినావు
మద్య మగ్రజునకు మత్తిలఁ దావించి- జున్ను బాల్‌ పెరుఁ గీవు జుఱ్ఱినావు",vupajaathi,Aandhranaayaka,"[('నా', 'U'), ('గ', '|'), ('లి', '|'), ('రో', 'U'), ('క', '|'), ('ల', 'U'), ('న్న', '|'), ('కు', '|'), ('ని', 'U'), ('చ్చి', '|'), ('శం', 'U'), ('ఖా', 'U'), ('ది', '|'), ('పం', 'U'), ('చా', 'U'), ('యు', '|'), ('ధ', '|'), ('ము', '|'), ('లీ', 'U'), ('వు', '|'), ('ప', 'U'), ('ట్టి', '|'), ('నా', 'U'), ('వు', '|'), ('తా', 'U'), ('ఱి', '|'), ('టె', 'U'), ('క్కెం', 'U'), ('బు', '|'), ('కో', 'U'), ('ల్త', '|'), ('ల', '|'), ('పె', 'U'), ('ద్ద', '|'), ('కె', 'U'), ('త్తిం', 'U'), ('చి', '|'), ('గ', '|'), ('రు', '|'), ('డ', 'U'), ('ధ్వ', '|'), ('జం', 'U'), ('బీ', 'U'), ('వు', '|'), ('గ', 'U'), ('ట్టి', '|'), ('నా', 'U'), ('వు', '|'), ('వె', '|'), ('ల', '|'), ('రా', 'U'), ('ని', '|'), ('క', '|'), ('ఱ', '|'), ('వో', 'U'), ('ని', '|'), ('వ', '|'), ('లు', '|'), ('వ', 'U'), ('జ్యే', 'U'), ('ష్ఠు', '|'), ('న', '|'), ('కి', 'U'), ('చ్చి', '|'), ('క', '|'), ('న', '|'), ('కాం', 'U'), ('బ', '|'), ('రం', 'U'), ('బీ', 'U'), ('వు', '|'), ('గ', 'U'), ('ట్టి', '|'), ('నా', 'U'), ('వు', '|'), ('మ', 'U'), ('ద్య', '|'), ('మ', '|'), ('గ్ర', '|'), ('జు', '|'), ('న', '|'), ('కు', '|'), ('మ', 'U'), ('త్తి', '|'), ('ల', '|'), ('దా', 'U'), ('విం', 'U'), ('చి', '|'), ('జు', 'U'), ('న్ను', '|'), ('బా', 'U'), ('ల్పె', '|'), ('రు', '|'), ('గీ', 'U'), ('వు', '|'), ('జు', 'U'), ('ఱ్ఱి', '|'), ('నా', 'U'), ('వు', '|')]",0.9895833333333334,-1.0,1.0,0.96875,1.0,-1.0
teytageethi,"తగువరివె యన్నదమ్ముల ధర్మ మీవె-తీర్చవలెఁ గాని మఱియొండు తీర్పఁగలఁడె
చిత్ర చిత్ర ప్రభావ దాక్షిణ్యభావ-హత విమతజీవ శ్రీకాకుళాంధ్రదేవ!",vupajaathi,Aandhranaayaka,"[('త', '|'), ('గు', '|'), ('వ', '|'), ('రి', '|'), ('వె', '|'), ('య', 'U'), ('న్న', '|'), ('ద', 'U'), ('మ్ము', '|'), ('ల', '|'), ('ధ', 'U'), ('ర్మ', '|'), ('మీ', 'U'), ('వె', '|'), ('తీ', 'U'), ('ర్చ', '|'), ('వ', '|'), ('లె', '|'), ('గా', 'U'), ('ని', '|'), ('మ', '|'), ('ఱి', '|'), ('యొం', 'U'), ('డు', '|'), ('తీ', 'U'), ('ర్ప', '|'), ('గ', '|'), ('ల', '|'), ('డె', '|'), ('చి', '|'), ('త్ర', '|'), ('చి', '|'), ('త్ర', '|'), ('ప్ర', '|'), ('భా', 'U'), ('వ', '|'), ('దా', 'U'), ('క్షి', 'U'), ('ణ్య', '|'), ('భా', 'U'), ('వ', '|'), ('హ', '|'), ('త', '|'), ('వి', '|'), ('మ', '|'), ('త', '|'), ('జీ', 'U'), ('వ', '|'), ('శ్రీ', 'U'), ('కా', 'U'), ('కు', '|'), ('ళాం', 'U'), ('ధ్ర', '|'), ('దే', 'U'), ('వ', '|')]",0.7666666666666666,-1.0,1.0,0.8,0.5,-1.0
seesamu,"అప్పనంబులు గొన్ను నఖిలదిఙ్మండలే- శ్వరులచే వేంకటాచలనివాసుఁ
డరుదుగా నరువదా ఱవసరంబులు మహా- భోగంబుఁ గొనునీలభూధ్రవరుఁడు
పానకం బాలు సాఁబాలు భక్తుల కిచ్చి- మెసఁగును మంగళాద్రీశ్వరుండు
పుట్టకొలంది మైపూఁతఁగాఁ గొను మంచి- గంధంబు సింహనగ ప్రభుండు",vupajaathi,Aandhranaayaka,"[('అ', 'U'), ('ప్ప', '|'), ('నం', 'U'), ('బు', '|'), ('లు', '|'), ('గొ', 'U'), ('న్ను', '|'), ('న', '|'), ('ఖి', '|'), ('ల', '|'), ('ది', 'U'), ('ఙ్మం', 'U'), ('డ', '|'), ('లే', 'U'), ('శ్వ', '|'), ('రు', '|'), ('ల', '|'), ('చే', 'U'), ('వేం', 'U'), ('క', '|'), ('టా', 'U'), ('చ', '|'), ('ల', '|'), ('ని', '|'), ('వా', 'U'), ('సు', '|'), ('డ', '|'), ('రు', '|'), ('దు', '|'), ('గా', 'U'), ('న', '|'), ('రు', '|'), ('వ', '|'), ('దా', 'U'), ('ఱ', '|'), ('వ', '|'), ('స', '|'), ('రం', 'U'), ('బు', '|'), ('లు', '|'), ('మ', '|'), ('హా', 'U'), ('భో', 'U'), ('గం', 'U'), ('బు', '|'), ('గొ', '|'), ('ను', '|'), ('నీ', 'U'), ('ల', '|'), ('భూ', 'U'), ('ధ్ర', '|'), ('వ', '|'), ('రు', '|'), ('డు', '|'), ('పా', 'U'), ('న', '|'), ('కం', 'U'), ('బా', 'U'), ('లు', '|'), ('సా', 'U'), ('బా', 'U'), ('లు', '|'), ('భ', 'U'), ('క్తు', '|'), ('ల', '|'), ('కి', 'U'), ('చ్చి', '|'), ('మె', '|'), ('స', '|'), ('గు', '|'), ('ను', '|'), ('మం', 'U'), ('గ', '|'), ('ళా', 'U'), ('ద్రీ', 'U'), ('శ్వ', '|'), ('రుం', 'U'), ('డు', '|'), ('పు', 'U'), ('ట్ట', '|'), ('కొ', '|'), ('లం', 'U'), ('ది', '|'), ('మై', 'U'), ('పూ', 'U'), ('త', '|'), ('గా', 'U'), ('గొ', '|'), ('ను', '|'), ('మం', 'U'), ('చి', '|'), ('గం', 'U'), ('ధం', 'U'), ('బు', '|'), ('సిం', 'U'), ('హ', '|'), ('న', '|'), ('గ', '|'), ('ప్ర', '|'), ('భుం', 'U'), ('డు', '|')]",0.8541666666666666,-1.0,1.0,0.9375,0.625,-1.0
teytageethi,"సాటిసాములరీతి నిచ్చోట నీవు-మూర్తిమంతంబుఁ జూపక కీర్తి గలదె?
చిత్ర చిత్ర ప్రభావ దాక్షిణ్యభావ-హత విమతజీవ శ్రీకాకుళాంధ్రదేవ!",vupajaathi,Aandhranaayaka,"[('సా', 'U'), ('టి', '|'), ('సా', 'U'), ('ము', '|'), ('ల', '|'), ('రీ', 'U'), ('తి', '|'), ('ని', 'U'), ('చ్చో', 'U'), ('ట', '|'), ('నీ', 'U'), ('వు', '|'), ('మూ', 'U'), ('ర్తి', '|'), ('మం', 'U'), ('తం', 'U'), ('బు', '|'), ('జూ', 'U'), ('ప', '|'), ('క', '|'), ('కీ', 'U'), ('ర్తి', '|'), ('గ', '|'), ('ల', '|'), ('దె', '|'), ('చి', '|'), ('త్ర', '|'), ('చి', '|'), ('త్ర', '|'), ('ప్ర', '|'), ('భా', 'U'), ('వ', '|'), ('దా', 'U'), ('క్షి', 'U'), ('ణ్య', '|'), ('భా', 'U'), ('వ', '|'), ('హ', '|'), ('త', '|'), ('వి', '|'), ('మ', '|'), ('త', '|'), ('జీ', 'U'), ('వ', '|'), ('శ్రీ', 'U'), ('కా', 'U'), ('కు', '|'), ('ళాం', 'U'), ('ధ్ర', '|'), ('దే', 'U'), ('వ', '|')]",0.7666666666666666,-1.0,1.0,0.8,0.5,-1.0
seesamu,"బొచ్చెచేఁపకు నైన మచ్చరం బున్నది- తాఁబేటి కైన సత్త్వంబు గలదు
డీకొన్న నడవిపందికిఁ గల్గు రోసంబు- తెరనోటినరుఁడైనఁ దెగువ సేయుఁ
బొట్టివానికి నైన దిట్టతనం బుండు- బాపని కైన దర్పంబు గలదు
చుంచురాజున కైన శూరత్వ మున్నది- ముసలికి నైనఁ జేపుష్టి గలదు",vupajaathi,Aandhranaayaka,"[('బొ', 'U'), ('చ్చె', '|'), ('చే', 'U'), ('ప', '|'), ('కు', '|'), ('నై', 'U'), ('న', '|'), ('మ', 'U'), ('చ్చ', '|'), ('రం', 'U'), ('బు', 'U'), ('న్న', '|'), ('ది', '|'), ('తా', 'U'), ('బే', 'U'), ('టి', '|'), ('కై', 'U'), ('న', '|'), ('స', 'U'), ('త్త్వం', 'U'), ('బు', '|'), ('గ', '|'), ('ల', '|'), ('దు', '|'), ('డీ', 'U'), ('కొ', 'U'), ('న్న', '|'), ('న', '|'), ('డ', '|'), ('వి', '|'), ('పం', 'U'), ('ది', '|'), ('కి', '|'), ('గ', 'U'), ('ల్గు', '|'), ('రో', 'U'), ('సం', 'U'), ('బు', '|'), ('తె', '|'), ('ర', '|'), ('నో', 'U'), ('టి', '|'), ('న', '|'), ('రు', '|'), ('డై', 'U'), ('న', '|'), ('దె', '|'), ('గు', '|'), ('వ', '|'), ('సే', 'U'), ('యు', '|'), ('బొ', 'U'), ('ట్టి', '|'), ('వా', 'U'), ('ని', '|'), ('కి', '|'), ('నై', 'U'), ('న', '|'), ('ది', 'U'), ('ట్ట', '|'), ('త', '|'), ('నం', 'U'), ('బుం', 'U'), ('డు', '|'), ('బా', 'U'), ('ప', '|'), ('ని', '|'), ('కై', 'U'), ('న', '|'), ('ద', 'U'), ('ర్పం', 'U'), ('బు', '|'), ('గ', '|'), ('ల', '|'), ('దు', '|'), ('చుం', 'U'), ('చు', '|'), ('రా', 'U'), ('జు', '|'), ('న', '|'), ('కై', 'U'), ('న', '|'), ('శూ', 'U'), ('ర', 'U'), ('త్వ', '|'), ('ము', 'U'), ('న్న', '|'), ('ది', '|'), ('ము', '|'), ('స', '|'), ('లి', '|'), ('కి', '|'), ('నై', 'U'), ('న', '|'), ('జే', 'U'), ('పు', 'U'), ('ష్టి', '|'), ('గ', '|'), ('ల', '|'), ('దు', '|')]",1.0,-1.0,1.0,1.0,1.0,-1.0
teytageethi,"సిద్ధ మాభీరుఁడవు నీవె బుద్ధి నెంచఁ-గలికి వై యేమి సేయఁ గలవొ కాని
చిత్ర చిత్ర ప్రభావ దాక్షిణ్యభావ-హత విమతజీవ శ్రీకాకుళాంధ్రదేవ!",vupajaathi,Aandhranaayaka,"[('సి', 'U'), ('ద్ధ', '|'), ('మా', 'U'), ('భీ', 'U'), ('రు', '|'), ('డ', '|'), ('వు', '|'), ('నీ', 'U'), ('వె', '|'), ('బు', 'U'), ('ద్ధి', '|'), ('నెం', 'U'), ('చ', '|'), ('గ', '|'), ('లి', '|'), ('కి', '|'), ('వై', 'U'), ('యే', 'U'), ('మి', '|'), ('సే', 'U'), ('య', '|'), ('గ', '|'), ('ల', '|'), ('వొ', '|'), ('కా', 'U'), ('ని', '|'), ('చి', '|'), ('త్ర', '|'), ('చి', '|'), ('త్ర', '|'), ('ప్ర', '|'), ('భా', 'U'), ('వ', '|'), ('దా', 'U'), ('క్షి', 'U'), ('ణ్య', '|'), ('భా', 'U'), ('వ', '|'), ('హ', '|'), ('త', '|'), ('వి', '|'), ('మ', '|'), ('త', '|'), ('జీ', 'U'), ('వ', '|'), ('శ్రీ', 'U'), ('కా', 'U'), ('కు', '|'), ('ళాం', 'U'), ('ధ్ర', '|'), ('దే', 'U'), ('వ', '|')]",0.7000000000000001,-1.0,1.0,0.85,0.25,-1.0
seesamu,"మును నందగోవత్సములఁ గాయునప్పుడు- సనునయించిరె కంజజాది సురలు?
విటచోరచేష్టల వ్రేపల్లెఁ దిరుగు నీ- దగుమ్రోల నచ్చర లాడినారె?
నరరథాశ్వముల సంగరవీథిఁ దోలునాఁ- డెంచి దిక్పతులు భావించినారె?
మగధేశుదాడికి మథుర వీడిననాఁడు- దేవర్షు లెల్లఁ గీర్తించినారె?",vupajaathi,Aandhranaayaka,"[('ము', '|'), ('ను', '|'), ('నం', 'U'), ('ద', '|'), ('గో', 'U'), ('వ', 'U'), ('త్స', '|'), ('ము', '|'), ('ల', '|'), ('గా', 'U'), ('యు', '|'), ('న', 'U'), ('ప్పు', '|'), ('డు', '|'), ('స', '|'), ('ను', '|'), ('న', '|'), ('యిం', 'U'), ('చి', '|'), ('రె', '|'), ('కం', 'U'), ('జ', '|'), ('జా', 'U'), ('ది', '|'), ('సు', '|'), ('ర', '|'), ('లు', '|'), ('వి', '|'), ('ట', '|'), ('చో', 'U'), ('ర', '|'), ('చే', 'U'), ('ష్ట', '|'), ('ల', '|'), ('వ్రే', 'U'), ('ప', 'U'), ('ల్లె', '|'), ('ది', '|'), ('రు', '|'), ('గు', '|'), ('నీ', 'U'), ('ద', '|'), ('గు', '|'), ('మ్రో', 'U'), ('ల', '|'), ('న', 'U'), ('చ్చ', '|'), ('ర', '|'), ('లా', 'U'), ('డి', '|'), ('నా', 'U'), ('రె', '|'), ('న', '|'), ('ర', '|'), ('ర', '|'), ('థా', 'U'), ('శ్వ', '|'), ('ము', '|'), ('ల', '|'), ('సం', 'U'), ('గ', '|'), ('ర', '|'), ('వీ', 'U'), ('థి', '|'), ('దో', 'U'), ('లు', '|'), ('నా', 'U'), ('డెం', 'U'), ('చి', '|'), ('ది', 'U'), ('క్ప', '|'), ('తు', '|'), ('లు', '|'), ('భా', 'U'), ('విం', 'U'), ('చి', '|'), ('నా', 'U'), ('రె', '|'), ('మ', '|'), ('గ', '|'), ('ధే', 'U'), ('శు', '|'), ('దా', 'U'), ('డి', '|'), ('కి', '|'), ('మ', '|'), ('థు', '|'), ('ర', '|'), ('వీ', 'U'), ('డి', '|'), ('న', '|'), ('నా', 'U'), ('డు', '|'), ('దే', 'U'), ('వ', 'U'), ('ర్షు', '|'), ('లె', 'U'), ('ల్ల', '|'), ('గీ', 'U'), ('ర్తిం', 'U'), ('చి', '|'), ('నా', 'U'), ('రె', '|')]",0.9583333333333334,-1.0,1.0,1.0,0.875,-1.0
teytageethi,"యల్పునిగ నెంచినారె లోకైకనాథ-నాథునిఁగ నెంచినారె ము న్దరణిఁ? జెపుమ
చిత్ర చిత్ర ప్రభావ దాక్షిణ్యభావ-హత విమతజీవ శ్రీకాకుళాంధ్రదేవ!",vupajaathi,Aandhranaayaka,"[('య', 'U'), ('ల్పు', '|'), ('ని', '|'), ('గ', '|'), ('నెం', 'U'), ('చి', '|'), ('నా', 'U'), ('రె', '|'), ('లో', 'U'), ('కై', 'U'), ('క', '|'), ('నా', 'U'), ('థ', '|'), ('నా', 'U'), ('థు', '|'), ('ని', '|'), ('గ', '|'), ('నెం', 'U'), ('చి', '|'), ('నా', 'U'), ('రె', '|'), ('ము', 'U'), ('న్ద', '|'), ('ర', '|'), ('ణి', '|'), ('జె', '|'), ('పు', '|'), ('మ', '|'), ('చి', '|'), ('త్ర', '|'), ('చి', '|'), ('త్ర', '|'), ('ప్ర', '|'), ('భా', 'U'), ('వ', '|'), ('దా', 'U'), ('క్షి', 'U'), ('ణ్య', '|'), ('భా', 'U'), ('వ', '|'), ('హ', '|'), ('త', '|'), ('వి', '|'), ('మ', '|'), ('త', '|'), ('జీ', 'U'), ('వ', '|'), ('శ్రీ', 'U'), ('కా', 'U'), ('కు', '|'), ('ళాం', 'U'), ('ధ్ర', '|'), ('దే', 'U'), ('వ', '|')]",0.6833333333333332,-1.0,1.0,0.8,0.25,-1.0
seesamu,"పూతనాకుచకుంభపూర్ణ విషస్తన్య- పాయివై బ్రదికిన భాగ్య మేమి?
కాళియాశీవిషగ్రసన ప్రమాదంబు గడచి జీవించిన ఘనత యేమి?
చాణూరమల్లదో స్తంభ ఘట్టన కోర్చి- లబ్ధజయుఁడ వైన లాభ మేమి?
సాళ్వరాజామోఘ శక్తిప్రయోగంబు- మరలించుకొనిన సామర్ధ్యమేమి?",vupajaathi,Aandhranaayaka,"[('పూ', 'U'), ('త', '|'), ('నా', 'U'), ('కు', '|'), ('చ', '|'), ('కుం', 'U'), ('భ', '|'), ('పూ', 'U'), ('ర్ణ', '|'), ('వి', '|'), ('ష', 'U'), ('స్త', 'U'), ('న్య', '|'), ('పా', 'U'), ('యి', '|'), ('వై', 'U'), ('బ్ర', '|'), ('ది', '|'), ('కి', '|'), ('న', '|'), ('భా', 'U'), ('గ్య', '|'), ('మే', 'U'), ('మి', '|'), ('కా', 'U'), ('ళి', '|'), ('యా', 'U'), ('శీ', 'U'), ('వి', '|'), ('ష', '|'), ('గ్ర', '|'), ('స', '|'), ('న', '|'), ('ప్ర', '|'), ('మా', 'U'), ('దం', 'U'), ('బు', '|'), ('గ', '|'), ('డ', '|'), ('చి', '|'), ('జీ', 'U'), ('విం', 'U'), ('చి', '|'), ('న', '|'), ('ఘ', '|'), ('న', '|'), ('త', '|'), ('యే', 'U'), ('మి', '|'), ('చా', 'U'), ('ణూ', 'U'), ('ర', '|'), ('మ', 'U'), ('ల్ల', '|'), ('దో', 'U'), ('స్తం', 'U'), ('భ', '|'), ('ఘ', 'U'), ('ట్ట', '|'), ('న', '|'), ('కో', 'U'), ('ర్చి', '|'), ('ల', 'U'), ('బ్ధ', '|'), ('జ', '|'), ('యు', '|'), ('డ', '|'), ('వై', 'U'), ('న', '|'), ('లా', 'U'), ('భ', '|'), ('మే', 'U'), ('మి', '|'), ('సా', 'U'), ('ళ్వ', '|'), ('రా', 'U'), ('జా', 'U'), ('మో', 'U'), ('ఘ', '|'), ('శ', 'U'), ('క్తి', '|'), ('ప్ర', '|'), ('యో', 'U'), ('గం', 'U'), ('బు', '|'), ('మ', '|'), ('ర', '|'), ('లిం', 'U'), ('చు', '|'), ('కొ', '|'), ('ని', '|'), ('న', '|'), ('సా', 'U'), ('మ', 'U'), ('ర్ధ్య', '|'), ('మే', 'U'), ('మి', '|')]",1.0,-1.0,1.0,1.0,1.0,-1.0
teytageethi,"బడుగుదాసరివలె నన్నవస్త్రములకుఁ-బరుల కాశింతు విచట నీపంత మేమి?
చిత్ర చిత్ర ప్రభావ దాక్షిణ్యభావ-హత విమతజీవ శ్రీకాకుళాంధ్రదేవ!",vupajaathi,Aandhranaayaka,"[('బ', '|'), ('డు', '|'), ('గు', '|'), ('దా', 'U'), ('స', '|'), ('రి', '|'), ('వ', '|'), ('లె', '|'), ('న', 'U'), ('న్న', '|'), ('వ', 'U'), ('స్త్ర', '|'), ('ము', '|'), ('ల', '|'), ('కు', '|'), ('బ', '|'), ('రు', '|'), ('ల', '|'), ('కా', 'U'), ('శిం', 'U'), ('తు', '|'), ('వి', '|'), ('చ', '|'), ('ట', '|'), ('నీ', 'U'), ('పం', 'U'), ('త', '|'), ('మే', 'U'), ('మి', '|'), ('చి', '|'), ('త్ర', '|'), ('చి', '|'), ('త్ర', '|'), ('ప్ర', '|'), ('భా', 'U'), ('వ', '|'), ('దా', 'U'), ('క్షి', 'U'), ('ణ్య', '|'), ('భా', 'U'), ('వ', '|'), ('హ', '|'), ('త', '|'), ('వి', '|'), ('మ', '|'), ('త', '|'), ('జీ', 'U'), ('వ', '|'), ('శ్రీ', 'U'), ('కా', 'U'), ('కు', '|'), ('ళాం', 'U'), ('ధ్ర', '|'), ('దే', 'U'), ('వ', '|')]",0.6833333333333332,-1.0,1.0,0.8,0.25,-1.0
seesamu,"పట్టి గొల్లది రోఁట గట్ట నోపిననీకుఁ- రోసంబు లే దన్న నీసు గలదె?
జారచోరాదిచేష్టలఁ బ్రవర్తిల్లు నీ- కపకీర్తి యన్న భయంబు గలదె?
భార్యచేఁ దన్నులుఁ బడ్డవానికి నీకు- లజ్జ లే దని యన్న లాఘవంబె?
కుండంటు లే దని కొసరి మెక్కిన నీకు- హీనత లెంచిన న్యూన మగునె?",vupajaathi,Aandhranaayaka,"[('ప', 'U'), ('ట్టి', '|'), ('గొ', 'U'), ('ల్ల', '|'), ('ది', '|'), ('రో', 'U'), ('ట', '|'), ('గ', 'U'), ('ట్ట', '|'), ('నో', 'U'), ('పి', '|'), ('న', '|'), ('నీ', 'U'), ('కు', '|'), ('రో', 'U'), ('సం', 'U'), ('బు', '|'), ('లే', 'U'), ('ద', 'U'), ('న్న', '|'), ('నీ', 'U'), ('సు', '|'), ('గ', '|'), ('ల', '|'), ('దె', '|'), ('జా', 'U'), ('ర', '|'), ('చో', 'U'), ('రా', 'U'), ('ది', '|'), ('చే', 'U'), ('ష్ట', '|'), ('ల', '|'), ('బ్ర', '|'), ('వ', 'U'), ('ర్తి', 'U'), ('ల్లు', '|'), ('నీ', 'U'), ('క', '|'), ('ప', '|'), ('కీ', 'U'), ('ర్తి', '|'), ('య', 'U'), ('న్న', '|'), ('భ', '|'), ('యం', 'U'), ('బు', '|'), ('గ', '|'), ('ల', '|'), ('దె', '|'), ('భా', 'U'), ('ర్య', '|'), ('చే', 'U'), ('ద', 'U'), ('న్ను', '|'), ('లు', '|'), ('బ', 'U'), ('డ్డ', '|'), ('వా', 'U'), ('ని', '|'), ('కి', '|'), ('నీ', 'U'), ('కు', '|'), ('ల', 'U'), ('జ్జ', '|'), ('లే', 'U'), ('ద', '|'), ('ని', '|'), ('య', 'U'), ('న్న', '|'), ('లా', 'U'), ('ఘ', '|'), ('వం', 'U'), ('బె', '|'), ('కుం', 'U'), ('డం', 'U'), ('టు', '|'), ('లే', 'U'), ('ద', '|'), ('ని', '|'), ('కొ', '|'), ('స', '|'), ('రి', '|'), ('మె', 'U'), ('క్కి', '|'), ('న', '|'), ('నీ', 'U'), ('కు', '|'), ('హీ', 'U'), ('న', '|'), ('త', '|'), ('లెం', 'U'), ('చి', '|'), ('న', 'U'), ('న్యూ', 'U'), ('న', '|'), ('మ', '|'), ('గు', '|'), ('నె', '|')]",0.9583333333333334,-1.0,1.0,1.0,0.875,-1.0
teytageethi,"కోరి దాసులు ని న్నెంత దూరుచున్నఁ-బంత మున్నదె నీ కిసుమంత యైన?
చిత్ర చిత్ర ప్రభావ దాక్షిణ్యభావ-హత విమతజీవ శ్రీకాకుళాంధ్రదేవ!",vupajaathi,Aandhranaayaka,"[('కో', 'U'), ('రి', '|'), ('దా', 'U'), ('సు', '|'), ('లు', '|'), ('ని', 'U'), ('న్నెం', 'U'), ('త', '|'), ('దూ', 'U'), ('రు', '|'), ('చు', 'U'), ('న్న', '|'), ('బం', 'U'), ('త', '|'), ('ము', 'U'), ('న్న', '|'), ('దె', '|'), ('నీ', 'U'), ('కి', '|'), ('సు', '|'), ('మం', 'U'), ('త', '|'), ('యై', 'U'), ('న', '|'), ('చి', '|'), ('త్ర', '|'), ('చి', '|'), ('త్ర', '|'), ('ప్ర', '|'), ('భా', 'U'), ('వ', '|'), ('దా', 'U'), ('క్షి', 'U'), ('ణ్య', '|'), ('భా', 'U'), ('వ', '|'), ('హ', '|'), ('త', '|'), ('వి', '|'), ('మ', '|'), ('త', '|'), ('జీ', 'U'), ('వ', '|'), ('శ్రీ', 'U'), ('కా', 'U'), ('కు', '|'), ('ళాం', 'U'), ('ధ్ర', '|'), ('దే', 'U'), ('వ', '|')]",0.7666666666666666,-1.0,1.0,0.8,0.5,-1.0
seesamu,"కడు దొంగతనమునఁ గని తల్లి వైచినఁ- దనబిడ్డనిగ బెంచె నిను యశోద
జనని గర్భము దించుకొనిన వేఱొకతల్లి- కడుపుఁ జేసికొనంగ గలిగెనన్న
తండ్రి వివాహయత్నము సేయ నొల్లక- తగులుక వచ్చె నీ ధర్మపత్ని
యన్న రారాజు కీనున్న నీసోదరి- యింటికి జోగిరా నంటుకొనియె",vupajaathi,Aandhranaayaka,"[('క', '|'), ('డు', '|'), ('దొం', 'U'), ('గ', '|'), ('త', '|'), ('న', '|'), ('ము', '|'), ('న', '|'), ('గ', '|'), ('ని', '|'), ('త', 'U'), ('ల్లి', '|'), ('వై', 'U'), ('చి', '|'), ('న', '|'), ('ద', '|'), ('న', '|'), ('బి', 'U'), ('డ్డ', '|'), ('ని', '|'), ('గ', '|'), ('బెం', 'U'), ('చె', '|'), ('ని', '|'), ('ను', '|'), ('య', '|'), ('శో', 'U'), ('ద', '|'), ('జ', '|'), ('న', '|'), ('ని', '|'), ('గ', 'U'), ('ర్భ', '|'), ('ము', '|'), ('దిం', 'U'), ('చు', '|'), ('కొ', '|'), ('ని', '|'), ('న', '|'), ('వే', 'U'), ('ఱొ', '|'), ('క', '|'), ('త', 'U'), ('ల్లి', '|'), ('క', '|'), ('డు', '|'), ('పు', '|'), ('జే', 'U'), ('సి', '|'), ('కొ', '|'), ('నం', 'U'), ('గ', '|'), ('గ', '|'), ('లి', '|'), ('గె', '|'), ('న', 'U'), ('న్న', '|'), ('తం', 'U'), ('డ్రి', '|'), ('వి', '|'), ('వా', 'U'), ('హ', '|'), ('య', 'U'), ('త్న', '|'), ('ము', '|'), ('సే', 'U'), ('య', '|'), ('నొ', 'U'), ('ల్ల', '|'), ('క', '|'), ('త', '|'), ('గు', '|'), ('లు', '|'), ('క', '|'), ('వ', 'U'), ('చ్చె', '|'), ('నీ', 'U'), ('ధ', 'U'), ('ర్మ', '|'), ('ప', 'U'), ('త్ని', '|'), ('య', 'U'), ('న్న', '|'), ('రా', 'U'), ('రా', 'U'), ('జు', '|'), ('కీ', 'U'), ('ను', 'U'), ('న్న', '|'), ('నీ', 'U'), ('సో', 'U'), ('ద', '|'), ('రి', '|'), ('యిం', 'U'), ('టి', '|'), ('కి', '|'), ('జో', 'U'), ('గి', '|'), ('రా', 'U'), ('నం', 'U'), ('టు', '|'), ('కొ', '|'), ('ని', '|'), ('యె', '|')]",1.0,-1.0,1.0,1.0,1.0,-1.0
teytageethi,"నిట్టి నీ సంప్రదాయంబు గుట్టు బెట్టు-రట్టు సేయుదుఁ గనుము నా భట్టుతనము
చిత్ర చిత్ర ప్రభావ దాక్షిణ్యభావ-హత విమతజీవ శ్రీకాకుళాంధ్రదేవ!",vupajaathi,Aandhranaayaka,"[('ని', 'U'), ('ట్టి', '|'), ('నీ', 'U'), ('సం', 'U'), ('ప్ర', '|'), ('దా', 'U'), ('యం', 'U'), ('బు', '|'), ('గు', 'U'), ('ట్టు', '|'), ('బె', 'U'), ('ట్టు', '|'), ('ర', 'U'), ('ట్టు', '|'), ('సే', 'U'), ('యు', '|'), ('దు', '|'), ('గ', '|'), ('ను', '|'), ('ము', '|'), ('నా', 'U'), ('భ', 'U'), ('ట్టు', '|'), ('త', '|'), ('న', '|'), ('ము', '|'), ('చి', '|'), ('త్ర', '|'), ('చి', '|'), ('త్ర', '|'), ('ప్ర', '|'), ('భా', 'U'), ('వ', '|'), ('దా', 'U'), ('క్షి', 'U'), ('ణ్య', '|'), ('భా', 'U'), ('వ', '|'), ('హ', '|'), ('త', '|'), ('వి', '|'), ('మ', '|'), ('త', '|'), ('జీ', 'U'), ('వ', '|'), ('శ్రీ', 'U'), ('కా', 'U'), ('కు', '|'), ('ళాం', 'U'), ('ధ్ర', '|'), ('దే', 'U'), ('వ', '|')]",0.7666666666666666,-1.0,1.0,0.8,0.5,-1.0
seesamu,"పక్షంబు గల దండ్రు పాండుపుత్రులయందు- పాండవుల్‌ పడినట్టి పాటులేమి!
పూర్వజన్మమునందుఁ బూజించె గజ మండ్రు- గజరాజు పొందిన గాసి యేమి!
యల కుచేలునకు బాల్యస్నేహితుఁడ వండ్రు- నెఱిఁ గుచేలుఁడు పడ్డనెవ్వ లేమి!
ప్రహ్లాదుఁ డాజన్మభక్తియుక్తుం డండ్రు- ప్రహ్లాదుఁ డొందిన బాధ లేమి!",vupajaathi,Aandhranaayaka,"[('ప', 'U'), ('క్షం', 'U'), ('బు', '|'), ('గ', '|'), ('ల', '|'), ('దం', 'U'), ('డ్రు', '|'), ('పాం', 'U'), ('డు', '|'), ('పు', '|'), ('త్రు', '|'), ('ల', '|'), ('యం', 'U'), ('దు', '|'), ('పాం', 'U'), ('డ', '|'), ('వు', 'U'), ('ల్ప', '|'), ('డి', '|'), ('న', 'U'), ('ట్టి', '|'), ('పా', 'U'), ('టు', '|'), ('లే', 'U'), ('మి', '|'), ('పూ', 'U'), ('ర్వ', '|'), ('జ', 'U'), ('న్మ', '|'), ('ము', '|'), ('నం', 'U'), ('దు', '|'), ('బూ', 'U'), ('జిం', 'U'), ('చె', '|'), ('గ', '|'), ('జ', '|'), ('మం', 'U'), ('డ్రు', '|'), ('గ', '|'), ('జ', '|'), ('రా', 'U'), ('జు', '|'), ('పొం', 'U'), ('ది', '|'), ('న', '|'), ('గా', 'U'), ('సి', '|'), ('యే', 'U'), ('మి', '|'), ('య', '|'), ('ల', '|'), ('కు', '|'), ('చే', 'U'), ('లు', '|'), ('న', '|'), ('కు', '|'), ('బా', 'U'), ('ల్య', 'U'), ('స్నే', 'U'), ('హి', '|'), ('తు', '|'), ('డ', '|'), ('వం', 'U'), ('డ్రు', '|'), ('నె', '|'), ('ఱి', '|'), ('గు', '|'), ('చే', 'U'), ('లు', '|'), ('డు', '|'), ('ప', 'U'), ('డ్డ', '|'), ('నె', 'U'), ('వ్వ', '|'), ('లే', 'U'), ('మి', '|'), ('ప్ర', 'U'), ('హ్లా', 'U'), ('దు', '|'), ('డా', 'U'), ('జ', 'U'), ('న్మ', '|'), ('భ', 'U'), ('క్తి', '|'), ('యు', 'U'), ('క్తుం', 'U'), ('డం', 'U'), ('డ్రు', '|'), ('ప్ర', 'U'), ('హ్లా', 'U'), ('దు', '|'), ('డొం', 'U'), ('ది', '|'), ('న', '|'), ('బా', 'U'), ('ధ', '|'), ('లే', 'U'), ('మి', '|')]",1.0,-1.0,1.0,1.0,1.0,-1.0
teytageethi,"యెంతయాలస్యమున వారి నేలినాఁడ-విట్టిదే నీ దయారసం బెంచి చూద
చిత్ర చిత్ర ప్రభావ దాక్షిణ్యభావ-హత విమతజీవ శ్రీకాకుళాంధ్రదేవ!",vupajaathi,Aandhranaayaka,"[('యెం', 'U'), ('త', '|'), ('యా', 'U'), ('ల', 'U'), ('స్య', '|'), ('ము', '|'), ('న', '|'), ('వా', 'U'), ('రి', '|'), ('నే', 'U'), ('లి', '|'), ('నా', 'U'), ('డ', '|'), ('వి', 'U'), ('ట్టి', '|'), ('దే', 'U'), ('నీ', 'U'), ('ద', '|'), ('యా', 'U'), ('ర', '|'), ('సం', 'U'), ('బెం', 'U'), ('చి', '|'), ('చూ', 'U'), ('ద', '|'), ('చి', '|'), ('త్ర', '|'), ('చి', '|'), ('త్ర', '|'), ('ప్ర', '|'), ('భా', 'U'), ('వ', '|'), ('దా', 'U'), ('క్షి', 'U'), ('ణ్య', '|'), ('భా', 'U'), ('వ', '|'), ('హ', '|'), ('త', '|'), ('వి', '|'), ('మ', '|'), ('త', '|'), ('జీ', 'U'), ('వ', '|'), ('శ్రీ', 'U'), ('కా', 'U'), ('కు', '|'), ('ళాం', 'U'), ('ధ్ర', '|'), ('దే', 'U'), ('వ', '|')]",0.6,-1.0,1.0,0.8,0.0,-1.0
seesamu,"అనఘ మౌ విప్రసత్రాన్న మెంగిలిఁ జేసి- తీవె మున్‌ క్రతుభోక్త నేనే యనుచు
సవతికొమాళ్ళ సమయించి తందఱిఁ- దరుగని రాక్షసాంతకుఁడ ననుచు
బంధువు లన్యోన్య వైరానుహతులుగా- నడచితి భూభారహారి ననుచు
బలిమి నన్య స్త్రీలఁ బట్టితి వెందఱి- నస్ఖలద్బ్రహ్మచర్యమతి ననుచు",vupajaathi,Aandhranaayaka,"[('అ', '|'), ('న', '|'), ('ఘ', '|'), ('మౌ', 'U'), ('వి', '|'), ('ప్ర', '|'), ('స', '|'), ('త్రా', 'U'), ('న్న', '|'), ('మెం', 'U'), ('గి', '|'), ('లి', '|'), ('జే', 'U'), ('సి', '|'), ('తీ', 'U'), ('వె', '|'), ('ము', 'U'), ('న్క్ర', '|'), ('తు', '|'), ('భో', 'U'), ('క్త', '|'), ('నే', 'U'), ('నే', 'U'), ('య', '|'), ('ను', '|'), ('చు', '|'), ('స', '|'), ('వ', '|'), ('తి', '|'), ('కొ', '|'), ('మా', 'U'), ('ళ్ళ', '|'), ('స', '|'), ('మ', '|'), ('యిం', 'U'), ('చి', '|'), ('తం', 'U'), ('ద', '|'), ('ఱి', '|'), ('ద', '|'), ('రు', '|'), ('గ', '|'), ('ని', '|'), ('రా', 'U'), ('క్ష', '|'), ('సాం', 'U'), ('త', '|'), ('కు', '|'), ('డ', '|'), ('న', '|'), ('ను', '|'), ('చు', '|'), ('బం', 'U'), ('ధు', '|'), ('వు', '|'), ('ల', 'U'), ('న్యో', 'U'), ('న్య', '|'), ('వై', 'U'), ('రా', 'U'), ('ను', '|'), ('హ', '|'), ('తు', '|'), ('లు', '|'), ('గా', 'U'), ('న', '|'), ('డ', '|'), ('చి', '|'), ('తి', '|'), ('భూ', 'U'), ('భా', 'U'), ('ర', '|'), ('హా', 'U'), ('రి', '|'), ('న', '|'), ('ను', '|'), ('చు', '|'), ('బ', '|'), ('లి', '|'), ('మి', '|'), ('న', 'U'), ('న్య', 'U'), ('స్త్రీ', 'U'), ('ల', '|'), ('బ', 'U'), ('ట్టి', '|'), ('తి', '|'), ('వెం', 'U'), ('ద', '|'), ('ఱి', '|'), ('న', 'U'), ('స్ఖ', '|'), ('ల', 'U'), ('ద్బ్ర', 'U'), ('హ్మ', '|'), ('చ', 'U'), ('ర్య', '|'), ('మ', '|'), ('తి', '|'), ('న', '|'), ('ను', '|'), ('చు', '|')]",0.6458333333333334,-1.0,1.0,0.6875,0.25,-1.0
teytageethi,"లోకమున నడ్డ మెవ్వరు లేకయునికి-హద్దు లే కిట్లు నడచితి వళుకు మాలి
చిత్ర చిత్ర ప్రభావ దాక్షిణ్యభావ-హత విమతజీవ శ్రీకాకుళాంధ్రదేవ!",vupajaathi,Aandhranaayaka,"[('లో', 'U'), ('క', '|'), ('ము', '|'), ('న', '|'), ('న', 'U'), ('డ్డ', '|'), ('మె', 'U'), ('వ్వ', '|'), ('రు', '|'), ('లే', 'U'), ('క', '|'), ('యు', '|'), ('ని', '|'), ('కి', '|'), ('హ', 'U'), ('ద్దు', '|'), ('లే', 'U'), ('కి', 'U'), ('ట్లు', '|'), ('న', '|'), ('డ', '|'), ('చి', '|'), ('తి', '|'), ('వ', '|'), ('ళు', '|'), ('కు', '|'), ('మా', 'U'), ('లి', '|'), ('చి', '|'), ('త్ర', '|'), ('చి', '|'), ('త్ర', '|'), ('ప్ర', '|'), ('భా', 'U'), ('వ', '|'), ('దా', 'U'), ('క్షి', 'U'), ('ణ్య', '|'), ('భా', 'U'), ('వ', '|'), ('హ', '|'), ('త', '|'), ('వి', '|'), ('మ', '|'), ('త', '|'), ('జీ', 'U'), ('వ', '|'), ('శ్రీ', 'U'), ('కా', 'U'), ('కు', '|'), ('ళాం', 'U'), ('ధ్ర', '|'), ('దే', 'U'), ('వ', '|')]",0.6833333333333332,-1.0,1.0,0.8,0.25,-1.0
seesamu,"అది యోగ్యంతరం గాలానబంధంబు- వదలించుకొని నీకు వశము గాదొ!
వేదాంత సకృద చుంబితల మంత్రావర్ణ- నల గుహలుండి రా నలవి గాదొ!
నిమి షార్ధ నిమిషాది నిత్యవేళాచక్ర- గతి నిరోధించి రాఁ గ్రమము గాదొ!
వక్రకంటక పంకవత్క్రూరజనమనః- కాపథంబులను గా ల్మోపరాదొ!",vupajaathi,Aandhranaayaka,"[('అ', '|'), ('ది', '|'), ('యో', 'U'), ('గ్యం', 'U'), ('త', '|'), ('రం', 'U'), ('గా', 'U'), ('లా', 'U'), ('న', '|'), ('బం', 'U'), ('ధం', 'U'), ('బు', '|'), ('వ', '|'), ('ద', '|'), ('లిం', 'U'), ('చు', '|'), ('కొ', '|'), ('ని', '|'), ('నీ', 'U'), ('కు', '|'), ('వ', '|'), ('శ', '|'), ('ము', '|'), ('గా', 'U'), ('దొ', '|'), ('వే', 'U'), ('దాం', 'U'), ('త', '|'), ('స', '|'), ('కృ', '|'), ('ద', '|'), ('చుం', 'U'), ('బి', '|'), ('త', '|'), ('ల', '|'), ('మం', 'U'), ('త్రా', 'U'), ('వ', 'U'), ('ర్ణ', '|'), ('న', '|'), ('ల', '|'), ('గు', '|'), ('హ', '|'), ('లుం', 'U'), ('డి', '|'), ('రా', 'U'), ('న', '|'), ('ల', '|'), ('వి', '|'), ('గా', 'U'), ('దొ', '|'), ('ని', '|'), ('మి', '|'), ('షా', 'U'), ('ర్ధ', '|'), ('ని', '|'), ('మి', '|'), ('షా', 'U'), ('ది', '|'), ('ని', 'U'), ('త్య', '|'), ('వే', 'U'), ('ళా', 'U'), ('చ', '|'), ('క్ర', '|'), ('గ', '|'), ('తి', '|'), ('ని', '|'), ('రో', 'U'), ('ధిం', 'U'), ('చి', '|'), ('రా', 'U'), ('గ్ర', '|'), ('మ', '|'), ('ము', '|'), ('గా', 'U'), ('దొ', '|'), ('వ', '|'), ('క్ర', '|'), ('కం', 'U'), ('ట', '|'), ('క', '|'), ('పం', 'U'), ('క', '|'), ('వ', 'U'), ('త్క్రూ', 'U'), ('ర', '|'), ('జ', '|'), ('న', '|'), ('మ', '|'), ('నః', 'U'), ('కా', 'U'), ('ప', '|'), ('థం', 'U'), ('బు', '|'), ('ల', '|'), ('ను', '|'), ('గా', 'U'), ('ల్మో', 'U'), ('ప', '|'), ('రా', 'U'), ('దొ', '|')]",0.5208333333333334,-1.0,1.0,0.5625,0.0,-1.0
teytageethi,"యేమి యాలస్య మిది నీకు నేల సకల-జంతుసంతాన రక్షావిచక్షణునకు
చిత్ర చిత్ర ప్రభావ దాక్షిణ్యభావ-హత విమతజీవ శ్రీకాకుళాంధ్రదేవ!",vupajaathi,Aandhranaayaka,"[('యే', 'U'), ('మి', '|'), ('యా', 'U'), ('ల', 'U'), ('స్య', '|'), ('మి', '|'), ('ది', '|'), ('నీ', 'U'), ('కు', '|'), ('నే', 'U'), ('ల', '|'), ('స', '|'), ('క', '|'), ('ల', '|'), ('జం', 'U'), ('తు', '|'), ('సం', 'U'), ('తా', 'U'), ('న', '|'), ('ర', 'U'), ('క్షా', 'U'), ('వి', '|'), ('చ', 'U'), ('క్ష', '|'), ('ణు', '|'), ('న', '|'), ('కు', '|'), ('చి', '|'), ('త్ర', '|'), ('చి', '|'), ('త్ర', '|'), ('ప్ర', '|'), ('భా', 'U'), ('వ', '|'), ('దా', 'U'), ('క్షి', 'U'), ('ణ్య', '|'), ('భా', 'U'), ('వ', '|'), ('హ', '|'), ('త', '|'), ('వి', '|'), ('మ', '|'), ('త', '|'), ('జీ', 'U'), ('వ', '|'), ('శ్రీ', 'U'), ('కా', 'U'), ('కు', '|'), ('ళాం', 'U'), ('ధ్ర', '|'), ('దే', 'U'), ('వ', '|')]",0.6833333333333332,-1.0,1.0,0.8,0.25,-1.0
seesamu,"కఠిన స్తనంబుల ఘట్టించి దట్టించి- జడలచే మోది నున్దొడల నదిమి
పలుగంట్లు చేసి గోరుల నాటి దొమ్మిగా- యువతీసహస్రంబు లుపరతాది
బంధనంబుల నిన్నుఁ బైకొని తమి రేచి- రమియింప నిదురింప రాక నాఁటి
బడలిక దీర నాపఁగ రాని సుఖనిద్ర- బవళించియున్నట్టి భావ మిచటఁ",vupajaathi,Aandhranaayaka,"[('క', '|'), ('ఠి', '|'), ('న', 'U'), ('స్త', '|'), ('నం', 'U'), ('బు', '|'), ('ల', '|'), ('ఘ', 'U'), ('ట్టిం', 'U'), ('చి', '|'), ('ద', 'U'), ('ట్టిం', 'U'), ('చి', '|'), ('జ', '|'), ('డ', '|'), ('ల', '|'), ('చే', 'U'), ('మో', 'U'), ('ది', '|'), ('ను', 'U'), ('న్దొ', '|'), ('డ', '|'), ('ల', '|'), ('న', '|'), ('ది', '|'), ('మి', '|'), ('ప', '|'), ('లు', '|'), ('గం', 'U'), ('ట్లు', '|'), ('చే', 'U'), ('సి', '|'), ('గో', 'U'), ('రు', '|'), ('ల', '|'), ('నా', 'U'), ('టి', '|'), ('దొ', 'U'), ('మ్మి', '|'), ('గా', 'U'), ('యు', '|'), ('వ', '|'), ('తీ', 'U'), ('స', '|'), ('హ', '|'), ('స్రం', 'U'), ('బు', '|'), ('లు', '|'), ('ప', '|'), ('ర', '|'), ('తా', 'U'), ('ది', '|'), ('బం', 'U'), ('ధ', '|'), ('నం', 'U'), ('బు', '|'), ('ల', '|'), ('ని', 'U'), ('న్ను', '|'), ('బై', 'U'), ('కొ', '|'), ('ని', '|'), ('త', '|'), ('మి', '|'), ('రే', 'U'), ('చి', '|'), ('ర', '|'), ('మి', '|'), ('యిం', 'U'), ('ప', '|'), ('ని', '|'), ('దు', '|'), ('రిం', 'U'), ('ప', '|'), ('రా', 'U'), ('క', '|'), ('నా', 'U'), ('టి', '|'), ('బ', '|'), ('డ', '|'), ('లి', '|'), ('క', '|'), ('దీ', 'U'), ('ర', '|'), ('నా', 'U'), ('ప', '|'), ('గ', '|'), ('రా', 'U'), ('ని', '|'), ('సు', '|'), ('ఖ', '|'), ('ని', '|'), ('ద్ర', '|'), ('బ', '|'), ('వ', '|'), ('ళిం', 'U'), ('చి', '|'), ('యు', 'U'), ('న్న', 'U'), ('ట్టి', '|'), ('భా', 'U'), ('వ', '|'), ('మి', '|'), ('చ', '|'), ('ట', '|')]",0.6979166666666666,-1.0,1.0,0.71875,0.375,-1.0
teytageethi,"దోఁచుచున్నది సంఫుల్లతోయజాక్ష!-మేల్‌ బళా! యింత జా గేమి మేలుకొనవె!
చిత్ర చిత్ర ప్రభావ దాక్షిణ్యభావ-హత విమతజీవ శ్రీకాకుళాంధ్రదేవ!",vupajaathi,Aandhranaayaka,"[('దో', 'U'), ('చు', '|'), ('చు', 'U'), ('న్న', '|'), ('ది', '|'), ('సం', 'U'), ('ఫు', 'U'), ('ల్ల', '|'), ('తో', 'U'), ('య', '|'), ('జా', 'U'), ('క్ష', '|'), ('మే', 'U'), ('ల్బ', '|'), ('ళా', 'U'), ('యిం', 'U'), ('త', '|'), ('జా', 'U'), ('గే', 'U'), ('మి', '|'), ('మే', 'U'), ('లు', '|'), ('కొ', '|'), ('న', '|'), ('వె', '|'), ('చి', '|'), ('త్ర', '|'), ('చి', '|'), ('త్ర', '|'), ('ప్ర', '|'), ('భా', 'U'), ('వ', '|'), ('దా', 'U'), ('క్షి', 'U'), ('ణ్య', '|'), ('భా', 'U'), ('వ', '|'), ('హ', '|'), ('త', '|'), ('వి', '|'), ('మ', '|'), ('త', '|'), ('జీ', 'U'), ('వ', '|'), ('శ్రీ', 'U'), ('కా', 'U'), ('కు', '|'), ('ళాం', 'U'), ('ధ్ర', '|'), ('దే', 'U'), ('వ', '|')]",0.7666666666666666,-1.0,1.0,0.8,0.5,-1.0
seesamu,"నీ బొడ్డుదమ్మి లోనికిఁ జొచ్చి చూచిన- నలువకు నీలోఁతు దెలియకున్నె?
బహుసహస్రాంగనా గృహముల నినుఁ గన్న- మునిరాజు నీమాయఁ గనకయున్నె?
నీ విశ్వరూప మెన్నికఁ జేసి పొడఁగన్న- నరుఁడు నీయురువు దా నెఱుఁగకున్నె?
తనమనఃపీఠి ని న్ననిశ మారాధించు- హరుఁడు భవత్తత్త్వం బరయకున్నె?",vupajaathi,Aandhranaayaka,"[('నీ', 'U'), ('బొ', 'U'), ('డ్డు', '|'), ('ద', 'U'), ('మ్మి', '|'), ('లో', 'U'), ('ని', '|'), ('కి', '|'), ('జొ', 'U'), ('చ్చి', '|'), ('చూ', 'U'), ('చి', '|'), ('న', '|'), ('న', '|'), ('లు', '|'), ('వ', '|'), ('కు', '|'), ('నీ', 'U'), ('లో', 'U'), ('తు', '|'), ('దె', '|'), ('లి', '|'), ('య', '|'), ('కు', 'U'), ('న్నె', '|'), ('బ', '|'), ('హు', '|'), ('స', '|'), ('హ', '|'), ('స్రాం', 'U'), ('గ', '|'), ('నా', 'U'), ('గృ', '|'), ('హ', '|'), ('ము', '|'), ('ల', '|'), ('ని', '|'), ('ను', '|'), ('గ', 'U'), ('న్న', '|'), ('ము', '|'), ('ని', '|'), ('రా', 'U'), ('జు', '|'), ('నీ', 'U'), ('మా', 'U'), ('య', '|'), ('గ', '|'), ('న', '|'), ('క', '|'), ('యు', 'U'), ('న్నె', '|'), ('నీ', 'U'), ('వి', 'U'), ('శ్వ', '|'), ('రూ', 'U'), ('ప', '|'), ('మె', 'U'), ('న్ని', '|'), ('క', '|'), ('జే', 'U'), ('సి', '|'), ('పొ', '|'), ('డ', '|'), ('గ', 'U'), ('న్న', '|'), ('న', '|'), ('రు', '|'), ('డు', '|'), ('నీ', 'U'), ('యు', '|'), ('రు', '|'), ('వు', '|'), ('దా', 'U'), ('నె', '|'), ('ఱు', '|'), ('గ', '|'), ('కు', 'U'), ('న్నె', '|'), ('త', '|'), ('న', '|'), ('మ', '|'), ('నః', 'U'), ('పీ', 'U'), ('ఠి', '|'), ('ని', 'U'), ('న్న', '|'), ('ని', '|'), ('శ', '|'), ('మా', 'U'), ('రా', 'U'), ('ధిం', 'U'), ('చు', '|'), ('హ', '|'), ('రు', '|'), ('డు', '|'), ('భ', '|'), ('వ', 'U'), ('త్త', 'U'), ('త్త్వం', 'U'), ('బ', '|'), ('ర', '|'), ('య', '|'), ('కు', 'U'), ('న్నె', '|')]",0.8854166666666666,-1.0,1.0,0.90625,0.75,-1.0
teytageethi,"గరువ మేటికి నీ మర్మ మెఱుఁగ రనుచుఁ-దెలిసినమహాత్ములకు నైనఁ దెలియకున్నె
చిత్ర చిత్ర ప్రభావ దాక్షిణ్యభావ-హత విమతజీవ శ్రీకాకుళాంధ్రదేవ!",vupajaathi,Aandhranaayaka,"[('గ', '|'), ('రు', '|'), ('వ', '|'), ('మే', 'U'), ('టి', '|'), ('కి', '|'), ('నీ', 'U'), ('మ', 'U'), ('ర్మ', '|'), ('మె', '|'), ('ఱు', '|'), ('గ', '|'), ('ర', '|'), ('ను', '|'), ('చు', '|'), ('దె', '|'), ('లి', '|'), ('సి', '|'), ('న', '|'), ('మ', '|'), ('హా', 'U'), ('త్ము', '|'), ('ల', '|'), ('కు', '|'), ('నై', 'U'), ('న', '|'), ('దె', '|'), ('లి', '|'), ('య', '|'), ('కు', 'U'), ('న్నె', '|'), ('చి', '|'), ('త్ర', '|'), ('చి', '|'), ('త్ర', '|'), ('ప్ర', '|'), ('భా', 'U'), ('వ', '|'), ('దా', 'U'), ('క్షి', 'U'), ('ణ్య', '|'), ('భా', 'U'), ('వ', '|'), ('హ', '|'), ('త', '|'), ('వి', '|'), ('మ', '|'), ('త', '|'), ('జీ', 'U'), ('వ', '|'), ('శ్రీ', 'U'), ('కా', 'U'), ('కు', '|'), ('ళాం', 'U'), ('ధ్ర', '|'), ('దే', 'U'), ('వ', '|')]",0.6833333333333332,-1.0,1.0,0.8,0.25,-1.0
seesamu,"పురుషాకృతిగ నిన్ను గురుతుఁ బట్టఁగ రాదు- స్త్రీమూర్తి వనుచును జెప్ప రాదు
పరఁగ నపుంసకభావ మెన్నఁగ రాదు- రూపంబు గల్గు టెఱుంగ రాదు
గుణవంతుఁడ వ టంచు గణుతింపఁగా రాదు- మర్యాద దెలియ నేమతికి రాదు
కులజుఁడ వనుచు నిక్కువముఁ జెప్పఁగ రాదు- స్థల మెక్కడనొ కాని తెలియరాదు",vupajaathi,Aandhranaayaka,"[('పు', '|'), ('రు', '|'), ('షా', 'U'), ('కృ', '|'), ('తి', '|'), ('గ', '|'), ('ని', 'U'), ('న్ను', '|'), ('గు', '|'), ('రు', '|'), ('తు', '|'), ('బ', 'U'), ('ట్ట', '|'), ('గ', '|'), ('రా', 'U'), ('దు', 'U'), ('స్త్రీ', 'U'), ('మూ', 'U'), ('ర్తి', '|'), ('వ', '|'), ('ను', '|'), ('చు', '|'), ('ను', '|'), ('జె', 'U'), ('ప్ప', '|'), ('రా', 'U'), ('దు', '|'), ('ప', '|'), ('ర', '|'), ('గ', '|'), ('న', '|'), ('పుం', 'U'), ('స', '|'), ('క', '|'), ('భా', 'U'), ('వ', '|'), ('మె', 'U'), ('న్న', '|'), ('గ', '|'), ('రా', 'U'), ('దు', '|'), ('రూ', 'U'), ('పం', 'U'), ('బు', '|'), ('గ', 'U'), ('ల్గు', '|'), ('టె', '|'), ('ఱుం', 'U'), ('గ', '|'), ('రా', 'U'), ('దు', '|'), ('గు', '|'), ('ణ', '|'), ('వం', 'U'), ('తు', '|'), ('డ', '|'), ('వ', '|'), ('టం', 'U'), ('చు', '|'), ('గ', '|'), ('ణు', '|'), ('తిం', 'U'), ('ప', '|'), ('గా', 'U'), ('రా', 'U'), ('దు', '|'), ('మ', 'U'), ('ర్యా', 'U'), ('ద', '|'), ('దె', '|'), ('లి', '|'), ('య', '|'), ('నే', 'U'), ('మ', '|'), ('తి', '|'), ('కి', '|'), ('రా', 'U'), ('దు', '|'), ('కు', '|'), ('ల', '|'), ('జు', '|'), ('డ', '|'), ('వ', '|'), ('ను', '|'), ('చు', '|'), ('ని', 'U'), ('క్కు', '|'), ('వ', '|'), ('ము', '|'), ('జె', 'U'), ('ప్ప', '|'), ('గ', '|'), ('రా', 'U'), ('దు', 'U'), ('స్థ', '|'), ('ల', '|'), ('మె', 'U'), ('క్క', '|'), ('డ', '|'), ('నొ', '|'), ('కా', 'U'), ('ని', '|'), ('తె', '|'), ('లి', '|'), ('య', '|'), ('రా', 'U'), ('దు', '|')]",0.9791666666666666,-1.0,1.0,0.9375,1.0,-1.0
teytageethi,"వస్తునిర్దేశ మొనరింప వశము గాని-నిన్ను వర్ణింపరా దయా నిశ్చితముగ
చిత్ర చిత్ర ప్రభావ దాక్షిణ్యభావ-హత విమతజీవ శ్రీకాకుళాంధ్రదేవ!",vupajaathi,Aandhranaayaka,"[('వ', 'U'), ('స్తు', '|'), ('ని', 'U'), ('ర్దే', 'U'), ('శ', '|'), ('మొ', '|'), ('న', '|'), ('రిం', 'U'), ('ప', '|'), ('వ', '|'), ('శ', '|'), ('ము', '|'), ('గా', 'U'), ('ని', '|'), ('ని', 'U'), ('న్ను', '|'), ('వ', 'U'), ('ర్ణిం', 'U'), ('ప', '|'), ('రా', 'U'), ('ద', '|'), ('యా', 'U'), ('ని', 'U'), ('శ్చి', '|'), ('త', '|'), ('ము', '|'), ('గ', '|'), ('చి', '|'), ('త్ర', '|'), ('చి', '|'), ('త్ర', '|'), ('ప్ర', '|'), ('భా', 'U'), ('వ', '|'), ('దా', 'U'), ('క్షి', 'U'), ('ణ్య', '|'), ('భా', 'U'), ('వ', '|'), ('హ', '|'), ('త', '|'), ('వి', '|'), ('మ', '|'), ('త', '|'), ('జీ', 'U'), ('వ', '|'), ('శ్రీ', 'U'), ('కా', 'U'), ('కు', '|'), ('ళాం', 'U'), ('ధ్ర', '|'), ('దే', 'U'), ('వ', '|')]",0.7666666666666666,-1.0,1.0,0.8,0.5,-1.0
seesamu,"నమ్ముదు రేరీతి నారదు నాత్మజు- మానిని జేసిన మాయవానిఁ?
దలఁతు రేరీతి నల్‌దలలదయము నోలి- బొడ్డుదమ్మినిఁ గన్న పురుషమణిని?
భూషింతు రేరీతి పుష్పబాణవిరోధి- విషయభ్రమితుఁ జేయు వేసగాని?
భాషింతు రేరీతి బ్రహ్మాదిమశకప- ర్యంతంబు గలిగిన వింతవాని?",vupajaathi,Aandhranaayaka,"[('న', 'U'), ('మ్ము', '|'), ('దు', '|'), ('రే', 'U'), ('రీ', 'U'), ('తి', '|'), ('నా', 'U'), ('ర', '|'), ('దు', '|'), ('నా', 'U'), ('త్మ', '|'), ('జు', '|'), ('మా', 'U'), ('ని', '|'), ('ని', '|'), ('జే', 'U'), ('సి', '|'), ('న', '|'), ('మా', 'U'), ('య', '|'), ('వా', 'U'), ('ని', '|'), ('ద', '|'), ('ల', '|'), ('తు', '|'), ('రే', 'U'), ('రీ', 'U'), ('తి', '|'), ('న', 'U'), ('ల్ద', '|'), ('ల', '|'), ('ల', '|'), ('ద', '|'), ('య', '|'), ('ము', '|'), ('నో', 'U'), ('లి', '|'), ('బొ', 'U'), ('డ్డు', '|'), ('ద', 'U'), ('మ్మి', '|'), ('ని', '|'), ('గ', 'U'), ('న్న', '|'), ('పు', '|'), ('రు', '|'), ('ష', '|'), ('మ', '|'), ('ణి', '|'), ('ని', '|'), ('భూ', 'U'), ('షిం', 'U'), ('తు', '|'), ('రే', 'U'), ('రీ', 'U'), ('తి', '|'), ('పు', 'U'), ('ష్ప', '|'), ('బా', 'U'), ('ణ', '|'), ('వి', '|'), ('రో', 'U'), ('ధి', '|'), ('వి', '|'), ('ష', '|'), ('య', '|'), ('భ్ర', '|'), ('మి', '|'), ('తు', '|'), ('జే', 'U'), ('యు', '|'), ('వే', 'U'), ('స', '|'), ('గా', 'U'), ('ని', '|'), ('భా', 'U'), ('షిం', 'U'), ('తు', '|'), ('రే', 'U'), ('రీ', 'U'), ('తి', '|'), ('బ్ర', 'U'), ('హ్మా', 'U'), ('ది', '|'), ('మ', '|'), ('శ', '|'), ('క', '|'), ('ప', 'U'), ('ర్యం', 'U'), ('తం', 'U'), ('బు', '|'), ('గ', '|'), ('లి', '|'), ('గి', '|'), ('న', '|'), ('విం', 'U'), ('త', '|'), ('వా', 'U'), ('ని', '|')]",1.0,-1.0,1.0,1.0,1.0,-1.0
teytageethi,"ని న్నెఱిఁ గెఱింగి యందఱు నన్నుతింతు-రెవ్వరికి నీవు కావలె నెంచి చూడ?
చిత్ర చిత్ర ప్రభావ దాక్షిణ్యభావ-హత విమతజీవ శ్రీకాకుళాంధ్రదేవ!",vupajaathi,Aandhranaayaka,"[('ని', 'U'), ('న్నె', '|'), ('ఱి', '|'), ('గె', '|'), ('ఱిం', 'U'), ('గి', '|'), ('యం', 'U'), ('ద', '|'), ('ఱు', '|'), ('న', 'U'), ('న్ను', '|'), ('తిం', 'U'), ('తు', '|'), ('రె', 'U'), ('వ్వ', '|'), ('రి', '|'), ('కి', '|'), ('నీ', 'U'), ('వు', '|'), ('కా', 'U'), ('వ', '|'), ('లె', '|'), ('నెం', 'U'), ('చి', '|'), ('చూ', 'U'), ('డ', '|'), ('చి', '|'), ('త్ర', '|'), ('చి', '|'), ('త్ర', '|'), ('ప్ర', '|'), ('భా', 'U'), ('వ', '|'), ('దా', 'U'), ('క్షి', 'U'), ('ణ్య', '|'), ('భా', 'U'), ('వ', '|'), ('హ', '|'), ('త', '|'), ('వి', '|'), ('మ', '|'), ('త', '|'), ('జీ', 'U'), ('వ', '|'), ('శ్రీ', 'U'), ('కా', 'U'), ('కు', '|'), ('ళాం', 'U'), ('ధ్ర', '|'), ('దే', 'U'), ('వ', '|')]",0.6833333333333332,-1.0,1.0,0.8,0.25,-1.0
seesamu,"ఎక్కడ నీకన్న దిక్కు లేనట్ల ని- న్నర్చింతు రబ్జగర్భాది సురలు
మఱి యెందు గతి లేనిమాడ్కి మహామును- ల్నీయందె లక్ష్యము ల్నిలుపు కొందు
రిలఁ దరణోపాయ మెందున లేనట్లు- సజ్జనుల్‌ నీకథల్‌ చదువుకొండ్రు
పగతుర మెయ్యెడ బ్రతికెద మన్నట్లు- దునిసిరి నీచేత దనుజు లెల్ల",vupajaathi,Aandhranaayaka,"[('ఎ', 'U'), ('క్క', '|'), ('డ', '|'), ('నీ', 'U'), ('క', 'U'), ('న్న', '|'), ('ది', 'U'), ('క్కు', '|'), ('లే', 'U'), ('న', 'U'), ('ట్ల', '|'), ('ని', 'U'), ('న్న', 'U'), ('ర్చిం', 'U'), ('తు', '|'), ('ర', 'U'), ('బ్జ', '|'), ('గ', 'U'), ('ర్భా', 'U'), ('ది', '|'), ('సు', '|'), ('ర', '|'), ('లు', '|'), ('మ', '|'), ('ఱి', '|'), ('యెం', 'U'), ('దు', '|'), ('గ', '|'), ('తి', '|'), ('లే', 'U'), ('ని', '|'), ('మా', 'U'), ('డ్కి', '|'), ('మ', '|'), ('హా', 'U'), ('ము', '|'), ('ను', 'U'), ('ల్నీ', 'U'), ('యం', 'U'), ('దె', '|'), ('ల', 'U'), ('క్ష్య', '|'), ('ము', 'U'), ('ల్ని', '|'), ('లు', '|'), ('పు', '|'), ('కొం', 'U'), ('దు', '|'), ('రి', '|'), ('ల', '|'), ('ద', '|'), ('ర', '|'), ('ణో', 'U'), ('పా', 'U'), ('య', '|'), ('మెం', 'U'), ('దు', '|'), ('న', '|'), ('లే', 'U'), ('న', 'U'), ('ట్లు', '|'), ('స', 'U'), ('జ్జ', '|'), ('ను', 'U'), ('ల్నీ', 'U'), ('క', '|'), ('థ', 'U'), ('ల్చ', '|'), ('దు', '|'), ('వు', '|'), ('కొం', 'U'), ('డ్రు', '|'), ('ప', '|'), ('గ', '|'), ('తు', '|'), ('ర', '|'), ('మె', 'U'), ('య్యె', '|'), ('డ', '|'), ('బ్ర', '|'), ('తి', '|'), ('కె', '|'), ('ద', '|'), ('మ', 'U'), ('న్న', 'U'), ('ట్లు', '|'), ('దు', '|'), ('ని', '|'), ('సి', '|'), ('రి', '|'), ('నీ', 'U'), ('చే', 'U'), ('త', '|'), ('ద', '|'), ('ను', '|'), ('జు', '|'), ('లె', 'U'), ('ల్ల', '|')]",0.9166666666666666,-1.0,1.0,1.0,0.75,-1.0
teytageethi,"దత్త్వ మరసిన శుద్ధబుద్ధస్వరూప-మింత మధికార మెన్నటి దేమి చెపుమ
చిత్ర చిత్ర ప్రభావ దాక్షిణ్యభావ-హత విమతజీవ శ్రీకాకుళాంధ్రదేవ!",vupajaathi,Aandhranaayaka,"[('ద', 'U'), ('త్త్వ', '|'), ('మ', '|'), ('ర', '|'), ('సి', '|'), ('న', '|'), ('శు', 'U'), ('ద్ధ', '|'), ('బు', 'U'), ('ద్ధ', 'U'), ('స్వ', '|'), ('రూ', 'U'), ('ప', '|'), ('మిం', 'U'), ('త', '|'), ('మ', '|'), ('ధి', '|'), ('కా', 'U'), ('ర', '|'), ('మె', 'U'), ('న్న', '|'), ('టి', '|'), ('దే', 'U'), ('మి', '|'), ('చె', '|'), ('పు', '|'), ('మ', '|'), ('చి', '|'), ('త్ర', '|'), ('చి', '|'), ('త్ర', '|'), ('ప్ర', '|'), ('భా', 'U'), ('వ', '|'), ('దా', 'U'), ('క్షి', 'U'), ('ణ్య', '|'), ('భా', 'U'), ('వ', '|'), ('హ', '|'), ('త', '|'), ('వి', '|'), ('మ', '|'), ('త', '|'), ('జీ', 'U'), ('వ', '|'), ('శ్రీ', 'U'), ('కా', 'U'), ('కు', '|'), ('ళాం', 'U'), ('ధ్ర', '|'), ('దే', 'U'), ('వ', '|')]",0.6833333333333332,-1.0,1.0,0.8,0.25,-1.0
seesamu,"ఆడించెదవు బొమ్మలాటవాఁడును బోలె- సర్వచరాచరజంతువులను
కనుకట్టు గట్టెదు గారడీఁడును బోలె- మిథ్యాప్రపంచంబు తథ్యముగను
వేర్వేఱఁ దోఁతువు వేషధారియుఁ బోలెఁ- బహువిధదేవతాభద్రకళలఁ
దెలివి మాన్పుదువు జక్కులవాని చందానఁ- బ్రజల సంపద్రంగవల్లిఁ జేర్చి",vupajaathi,Aandhranaayaka,"[('ఆ', 'U'), ('డిం', 'U'), ('చె', '|'), ('ద', '|'), ('వు', '|'), ('బొ', 'U'), ('మ్మ', '|'), ('లా', 'U'), ('ట', '|'), ('వా', 'U'), ('డు', '|'), ('ను', '|'), ('బో', 'U'), ('లె', '|'), ('స', 'U'), ('ర్వ', '|'), ('చ', '|'), ('రా', 'U'), ('చ', '|'), ('ర', '|'), ('జం', 'U'), ('తు', '|'), ('వు', '|'), ('ల', '|'), ('ను', '|'), ('క', '|'), ('ను', '|'), ('క', 'U'), ('ట్టు', '|'), ('గ', 'U'), ('ట్టె', '|'), ('దు', '|'), ('గా', 'U'), ('ర', '|'), ('డీ', 'U'), ('డు', '|'), ('ను', '|'), ('బో', 'U'), ('లె', '|'), ('మి', 'U'), ('థ్యా', 'U'), ('ప్ర', '|'), ('పం', 'U'), ('చం', 'U'), ('బు', '|'), ('త', 'U'), ('థ్య', '|'), ('ము', '|'), ('గ', '|'), ('ను', '|'), ('వే', 'U'), ('ర్వే', 'U'), ('ఱ', '|'), ('దో', 'U'), ('తు', '|'), ('వు', '|'), ('వే', 'U'), ('ష', '|'), ('ధా', 'U'), ('రి', '|'), ('యు', '|'), ('బో', 'U'), ('లె', '|'), ('బ', '|'), ('హు', '|'), ('వి', '|'), ('ధ', '|'), ('దే', 'U'), ('వ', '|'), ('తా', 'U'), ('భ', '|'), ('ద్ర', '|'), ('క', '|'), ('ళ', '|'), ('ల', '|'), ('దె', '|'), ('లి', '|'), ('వి', '|'), ('మా', 'U'), ('న్పు', '|'), ('దు', '|'), ('వు', '|'), ('జ', 'U'), ('క్కు', '|'), ('ల', '|'), ('వా', 'U'), ('ని', '|'), ('చం', 'U'), ('దా', 'U'), ('న', '|'), ('బ్ర', '|'), ('జ', '|'), ('ల', '|'), ('సం', 'U'), ('ప', '|'), ('ద్రం', 'U'), ('గ', '|'), ('వ', 'U'), ('ల్లి', '|'), ('జే', 'U'), ('ర్చి', '|')]",0.8854166666666666,-1.0,1.0,0.90625,0.75,-1.0
teytageethi,"యిట్టివే కద నీవిద్య లెన్ని యైన-నింక నేమిట ఘనుఁడవో యెఱుఁగరాదు
చిత్ర చిత్ర ప్రభావ దాక్షిణ్యభావ-హత విమతజీవ శ్రీకాకుళాంధ్రదేవ!",vupajaathi,Aandhranaayaka,"[('యి', 'U'), ('ట్టి', '|'), ('వే', 'U'), ('క', '|'), ('ద', '|'), ('నీ', 'U'), ('వి', 'U'), ('ద్య', '|'), ('లె', 'U'), ('న్ని', '|'), ('యై', 'U'), ('న', '|'), ('నిం', 'U'), ('క', '|'), ('నే', 'U'), ('మి', '|'), ('ట', '|'), ('ఘ', '|'), ('ను', '|'), ('డ', '|'), ('వో', 'U'), ('యె', '|'), ('ఱు', '|'), ('గ', '|'), ('రా', 'U'), ('దు', '|'), ('చి', '|'), ('త్ర', '|'), ('చి', '|'), ('త్ర', '|'), ('ప్ర', '|'), ('భా', 'U'), ('వ', '|'), ('దా', 'U'), ('క్షి', 'U'), ('ణ్య', '|'), ('భా', 'U'), ('వ', '|'), ('హ', '|'), ('త', '|'), ('వి', '|'), ('మ', '|'), ('త', '|'), ('జీ', 'U'), ('వ', '|'), ('శ్రీ', 'U'), ('కా', 'U'), ('కు', '|'), ('ళాం', 'U'), ('ధ్ర', '|'), ('దే', 'U'), ('వ', '|')]",0.6,-1.0,1.0,0.8,0.0,-1.0
seesamu,"కూరిమి నల తంతెగొట్టు సన్న్యాసితో- ముచ్చటించెద వేమి పుణ్యమూర్తి
సాటిగా వెలిగొండవీటి జంగముచెల్మిఁ- బచరింతు వేనాఁటి బాంధవుండు
వెలిపాపపాన్పుపై వేడ్కతోఁ బవళింతు- వది యేమి భోగిభోగాంతరంబు
పొరుగిండ్ల కేప్రొద్దుఁ బో రాఁ దలఁచునింతిఁ- బాయకుండెద వేమి భాగ్యలక్ష్మి",vupajaathi,Aandhranaayaka,"[('కూ', 'U'), ('రి', '|'), ('మి', '|'), ('న', '|'), ('ల', '|'), ('తం', 'U'), ('తె', '|'), ('గొ', 'U'), ('ట్టు', '|'), ('స', 'U'), ('న్న్యా', 'U'), ('సి', '|'), ('తో', 'U'), ('ము', 'U'), ('చ్చ', '|'), ('టిం', 'U'), ('చె', '|'), ('ద', '|'), ('వే', 'U'), ('మి', '|'), ('పు', 'U'), ('ణ్య', '|'), ('మూ', 'U'), ('ర్తి', '|'), ('సా', 'U'), ('టి', '|'), ('గా', 'U'), ('వె', '|'), ('లి', '|'), ('గొం', 'U'), ('డ', '|'), ('వీ', 'U'), ('టి', '|'), ('జం', 'U'), ('గ', '|'), ('ము', '|'), ('చె', 'U'), ('ల్మి', '|'), ('బ', '|'), ('చ', '|'), ('రిం', 'U'), ('తు', '|'), ('వే', 'U'), ('నా', 'U'), ('టి', '|'), ('బాం', 'U'), ('ధ', '|'), ('వుం', 'U'), ('డు', '|'), ('వె', '|'), ('లి', '|'), ('పా', 'U'), ('ప', '|'), ('పా', 'U'), ('న్పు', '|'), ('పై', 'U'), ('వే', 'U'), ('డ్క', '|'), ('తో', 'U'), ('బ', '|'), ('వ', '|'), ('ళిం', 'U'), ('తు', '|'), ('వ', '|'), ('ది', '|'), ('యే', 'U'), ('మి', '|'), ('భో', 'U'), ('గి', '|'), ('భో', 'U'), ('గాం', 'U'), ('త', '|'), ('రం', 'U'), ('బు', '|'), ('పొ', '|'), ('రు', '|'), ('గిం', 'U'), ('డ్ల', '|'), ('కే', 'U'), ('ప్రొ', 'U'), ('ద్దు', '|'), ('బో', 'U'), ('రా', 'U'), ('ద', '|'), ('ల', '|'), ('చు', '|'), ('నిం', 'U'), ('తి', '|'), ('బా', 'U'), ('య', '|'), ('కుం', 'U'), ('డె', '|'), ('ద', '|'), ('వే', 'U'), ('మి', '|'), ('భా', 'U'), ('గ్య', '|'), ('ల', 'U'), ('క్ష్మి', '|')]",0.9583333333333334,-1.0,1.0,1.0,0.875,-1.0
teytageethi,"మంచి సహవాసములు గల్గె నెంచి చూడ-నీకె తగు నట్టివారితో బెనరు నెఱివ
చిత్ర చిత్ర ప్రభావ దాక్షిణ్యభావ-హత విమతజీవ శ్రీకాకుళాంధ్రదేవ!",vupajaathi,Aandhranaayaka,"[('మం', 'U'), ('చి', '|'), ('స', '|'), ('హ', '|'), ('వా', 'U'), ('స', '|'), ('ము', '|'), ('లు', '|'), ('గ', 'U'), ('ల్గె', '|'), ('నెం', 'U'), ('చి', '|'), ('చూ', 'U'), ('డ', '|'), ('నీ', 'U'), ('కె', '|'), ('త', '|'), ('గు', '|'), ('న', 'U'), ('ట్టి', '|'), ('వా', 'U'), ('రి', '|'), ('తో', 'U'), ('బె', '|'), ('న', '|'), ('రు', '|'), ('నె', '|'), ('ఱి', '|'), ('వ', '|'), ('చి', '|'), ('త్ర', '|'), ('చి', '|'), ('త్ర', '|'), ('ప్ర', '|'), ('భా', 'U'), ('వ', '|'), ('దా', 'U'), ('క్షి', 'U'), ('ణ్య', '|'), ('భా', 'U'), ('వ', '|'), ('హ', '|'), ('త', '|'), ('వి', '|'), ('మ', '|'), ('త', '|'), ('జీ', 'U'), ('వ', '|'), ('శ్రీ', 'U'), ('కా', 'U'), ('కు', '|'), ('ళాం', 'U'), ('ధ్ర', '|'), ('దే', 'U'), ('వ', '|')]",0.6833333333333332,-1.0,1.0,0.8,0.25,-1.0
seesamu,"అఖిలపోషకుఁడ వ న్నాఖ్య మాత్రమె కాని- కర్తవు నీవె భోక్తవును నీవె
యక్షరుండ వను ప్రఖ్యాతి మాత్రమె కాని- చర్చింప వేఱొండు సాక్షి గలఁడె
సుగుణాబ్ధి వని నిన్ను స్తుతి యొనర్చుటె కాని- నిర్గుణుం డెవ్వఁడు నీకు మించ
విశ్వాత్ముఁడ వటంచు వినుతించుటయే కాని- చొచ్చి ని న్నెవ్వఁడు చూచినాఁడు",vupajaathi,Aandhranaayaka,"[('అ', '|'), ('ఖి', '|'), ('ల', '|'), ('పో', 'U'), ('ష', '|'), ('కు', '|'), ('డ', '|'), ('వ', 'U'), ('న్నా', 'U'), ('ఖ్య', '|'), ('మా', 'U'), ('త్ర', '|'), ('మె', '|'), ('కా', 'U'), ('ని', '|'), ('క', 'U'), ('ర్త', '|'), ('వు', '|'), ('నీ', 'U'), ('వె', '|'), ('భో', 'U'), ('క్త', '|'), ('వు', '|'), ('ను', '|'), ('నీ', 'U'), ('వె', '|'), ('య', 'U'), ('క్ష', '|'), ('రుం', 'U'), ('డ', '|'), ('వ', '|'), ('ను', '|'), ('ప్ర', 'U'), ('ఖ్యా', 'U'), ('తి', '|'), ('మా', 'U'), ('త్ర', '|'), ('మె', '|'), ('కా', 'U'), ('ని', '|'), ('చ', 'U'), ('ర్చిం', 'U'), ('ప', '|'), ('వే', 'U'), ('ఱొం', 'U'), ('డు', '|'), ('సా', 'U'), ('క్షి', '|'), ('గ', '|'), ('ల', '|'), ('డె', '|'), ('సు', '|'), ('గు', '|'), ('ణా', 'U'), ('బ్ధి', '|'), ('వ', '|'), ('ని', '|'), ('ని', 'U'), ('న్ను', 'U'), ('స్తు', '|'), ('తి', '|'), ('యొ', '|'), ('న', 'U'), ('ర్చు', '|'), ('టె', '|'), ('కా', 'U'), ('ని', '|'), ('ని', 'U'), ('ర్గు', '|'), ('ణుం', 'U'), ('డె', 'U'), ('వ్వ', '|'), ('డు', '|'), ('నీ', 'U'), ('కు', '|'), ('మిం', 'U'), ('చ', '|'), ('వి', 'U'), ('శ్వా', 'U'), ('త్ము', '|'), ('డ', '|'), ('వ', '|'), ('టం', 'U'), ('చు', '|'), ('వి', '|'), ('ను', '|'), ('తిం', 'U'), ('చు', '|'), ('ట', '|'), ('యే', 'U'), ('కా', 'U'), ('ని', '|'), ('చొ', 'U'), ('చ్చి', '|'), ('ని', 'U'), ('న్నె', 'U'), ('వ్వ', '|'), ('డు', '|'), ('చూ', 'U'), ('చి', '|'), ('నా', 'U'), ('డు', '|')]",0.9375,-1.0,1.0,0.9375,0.875,-1.0
teytageethi,"వినుకలులె గాని నిన్ను నీవిశ్వములను-మొద లెఱుంగుదురే నిజంబునకుఁ బిల్వ
చిత్ర చిత్ర ప్రభావ దాక్షిణ్యభావ-హత విమతజీవ శ్రీకాకుళాంధ్రదేవ!",vupajaathi,Aandhranaayaka,"[('వి', '|'), ('ను', '|'), ('క', '|'), ('లు', '|'), ('లె', '|'), ('గా', 'U'), ('ని', '|'), ('ని', 'U'), ('న్ను', '|'), ('నీ', 'U'), ('వి', 'U'), ('శ్వ', '|'), ('ము', '|'), ('ల', '|'), ('ను', '|'), ('మొ', '|'), ('ద', '|'), ('లె', '|'), ('ఱుం', 'U'), ('గు', '|'), ('దు', '|'), ('రే', 'U'), ('ని', '|'), ('జం', 'U'), ('బు', '|'), ('న', '|'), ('కు', '|'), ('బి', 'U'), ('ల్వ', '|'), ('చి', '|'), ('త్ర', '|'), ('చి', '|'), ('త్ర', '|'), ('ప్ర', '|'), ('భా', 'U'), ('వ', '|'), ('దా', 'U'), ('క్షి', 'U'), ('ణ్య', '|'), ('భా', 'U'), ('వ', '|'), ('హ', '|'), ('త', '|'), ('వి', '|'), ('మ', '|'), ('త', '|'), ('జీ', 'U'), ('వ', '|'), ('శ్రీ', 'U'), ('కా', 'U'), ('కు', '|'), ('ళాం', 'U'), ('ధ్ర', '|'), ('దే', 'U'), ('వ', '|')]",0.7666666666666666,-1.0,1.0,0.8,0.5,-1.0
seesamu,"ఒక గుణంబున నీవె సకల ప్రపంచంబుఁ- గల్పించితి వభూతకల్పనముగ
వేఱొకగుణముచే విశ్వవిశ్వప్రాణ- రక్షణం బొనరింతు వక్షయముగ
మఱి యొండు గుణముచే మండలంబులు గూడఁ- జెఱపివేయుదువు నిశ్శేషముగను
నిర్గుణంబున నీవె నిరవకాశంబుగాఁ- బట్టక యుందువు బయలు మెఱసి",vupajaathi,Aandhranaayaka,"[('ఒ', '|'), ('క', '|'), ('గు', '|'), ('ణం', 'U'), ('బు', '|'), ('న', '|'), ('నీ', 'U'), ('వె', '|'), ('స', '|'), ('క', '|'), ('ల', '|'), ('ప్ర', '|'), ('పం', 'U'), ('చం', 'U'), ('బు', '|'), ('గ', 'U'), ('ల్పిం', 'U'), ('చి', '|'), ('తి', '|'), ('వ', '|'), ('భూ', 'U'), ('త', '|'), ('క', 'U'), ('ల్ప', '|'), ('న', '|'), ('ము', '|'), ('గ', '|'), ('వే', 'U'), ('ఱొ', '|'), ('క', '|'), ('గు', '|'), ('ణ', '|'), ('ము', '|'), ('చే', 'U'), ('వి', 'U'), ('శ్వ', '|'), ('వి', 'U'), ('శ్వ', '|'), ('ప్రా', 'U'), ('ణ', '|'), ('ర', 'U'), ('క్ష', '|'), ('ణం', 'U'), ('బొ', '|'), ('న', '|'), ('రిం', 'U'), ('తు', '|'), ('వ', 'U'), ('క్ష', '|'), ('య', '|'), ('ము', '|'), ('గ', '|'), ('మ', '|'), ('ఱి', '|'), ('యొం', 'U'), ('డు', '|'), ('గు', '|'), ('ణ', '|'), ('ము', '|'), ('చే', 'U'), ('మం', 'U'), ('డ', '|'), ('లం', 'U'), ('బు', '|'), ('లు', '|'), ('గూ', 'U'), ('డ', '|'), ('జె', '|'), ('ఱ', '|'), ('పి', '|'), ('వే', 'U'), ('యు', '|'), ('దు', '|'), ('వు', '|'), ('ని', 'U'), ('శ్శే', 'U'), ('ష', '|'), ('ము', '|'), ('గ', '|'), ('ను', '|'), ('ని', 'U'), ('ర్గు', '|'), ('ణం', 'U'), ('బు', '|'), ('న', '|'), ('నీ', 'U'), ('వె', '|'), ('ని', '|'), ('ర', '|'), ('వ', '|'), ('కా', 'U'), ('శం', 'U'), ('బు', '|'), ('గా', 'U'), ('బ', 'U'), ('ట్ట', '|'), ('క', '|'), ('యుం', 'U'), ('దు', '|'), ('వు', '|'), ('బ', '|'), ('య', '|'), ('లు', '|'), ('మె', '|'), ('ఱ', '|'), ('సి', '|')]",0.71875,-1.0,1.0,0.65625,0.5,-1.0
teytageethi,"గుణ మొకటి గాదు తెలిసినగుణము లేదు-చేరి నినుఁ గొల్వరాదు వచింపరాదు
చిత్ర చిత్ర ప్రభావ దాక్షిణ్యభావ-హత విమతజీవ శ్రీకాకుళాంధ్రదేవ!",vupajaathi,Aandhranaayaka,"[('గు', '|'), ('ణ', '|'), ('మొ', '|'), ('క', '|'), ('టి', '|'), ('గా', 'U'), ('దు', '|'), ('తె', '|'), ('లి', '|'), ('సి', '|'), ('న', '|'), ('గు', '|'), ('ణ', '|'), ('ము', '|'), ('లే', 'U'), ('దు', '|'), ('చే', 'U'), ('రి', '|'), ('ని', '|'), ('ను', '|'), ('గొ', 'U'), ('ల్వ', '|'), ('రా', 'U'), ('దు', '|'), ('వ', '|'), ('చిం', 'U'), ('ప', '|'), ('రా', 'U'), ('దు', '|'), ('చి', '|'), ('త్ర', '|'), ('చి', '|'), ('త్ర', '|'), ('ప్ర', '|'), ('భా', 'U'), ('వ', '|'), ('దా', 'U'), ('క్షి', 'U'), ('ణ్య', '|'), ('భా', 'U'), ('వ', '|'), ('హ', '|'), ('త', '|'), ('వి', '|'), ('మ', '|'), ('త', '|'), ('జీ', 'U'), ('వ', '|'), ('శ్రీ', 'U'), ('కా', 'U'), ('కు', '|'), ('ళాం', 'U'), ('ధ్ర', '|'), ('దే', 'U'), ('వ', '|')]",0.7666666666666666,-1.0,1.0,0.8,0.5,-1.0
seesamu,"జీవిని జీవి భక్షింపఁ జేసితి వింతె- కొని పెట్టినావె చేతనుల కెల్లఁ?
జేసినంత భుజింపఁ జేసినా వింతె కా- కెక్కువ లెవ్వరి కిచ్చినావు?
కర్మసూత్రంబునఁ గట్టి త్రిప్పెదవు గా- కిచ్చ నొక్కనిఁ బోవనిచ్చినావె?
వెసంబృథక్ప్రతుల వేఱుఁబెట్టితివి గా- కందఱి కైకమత్య మిడినావె?",vupajaathi,Aandhranaayaka,"[('జీ', 'U'), ('వి', '|'), ('ని', '|'), ('జీ', 'U'), ('వి', '|'), ('భ', 'U'), ('క్షిం', 'U'), ('ప', '|'), ('జే', 'U'), ('సి', '|'), ('తి', '|'), ('విం', 'U'), ('తె', '|'), ('కొ', '|'), ('ని', '|'), ('పె', 'U'), ('ట్టి', '|'), ('నా', 'U'), ('వె', '|'), ('చే', 'U'), ('త', '|'), ('ను', '|'), ('ల', '|'), ('కె', 'U'), ('ల్ల', '|'), ('జే', 'U'), ('సి', '|'), ('నం', 'U'), ('త', '|'), ('భు', '|'), ('జిం', 'U'), ('ప', '|'), ('జే', 'U'), ('సి', '|'), ('నా', 'U'), ('విం', 'U'), ('తె', '|'), ('కా', 'U'), ('కె', 'U'), ('క్కు', '|'), ('వ', '|'), ('లె', 'U'), ('వ్వ', '|'), ('రి', '|'), ('కి', 'U'), ('చ్చి', '|'), ('నా', 'U'), ('వు', '|'), ('క', 'U'), ('ర్మ', '|'), ('సూ', 'U'), ('త్రం', 'U'), ('బు', '|'), ('న', '|'), ('గ', 'U'), ('ట్టి', '|'), ('త్రి', 'U'), ('ప్పె', '|'), ('ద', '|'), ('వు', '|'), ('గా', 'U'), ('కి', 'U'), ('చ్చ', '|'), ('నొ', 'U'), ('క్క', '|'), ('ని', '|'), ('బో', 'U'), ('వ', '|'), ('ని', 'U'), ('చ్చి', '|'), ('నా', 'U'), ('వె', '|'), ('వె', '|'), ('సం', 'U'), ('బృ', '|'), ('థ', 'U'), ('క్ప్ర', '|'), ('తు', '|'), ('ల', '|'), ('వే', 'U'), ('ఱు', '|'), ('బె', 'U'), ('ట్టి', '|'), ('తి', '|'), ('వి', '|'), ('గా', 'U'), ('కం', 'U'), ('ద', '|'), ('ఱి', '|'), ('కై', 'U'), ('క', '|'), ('మ', 'U'), ('త్య', '|'), ('మి', '|'), ('డి', '|'), ('నా', 'U'), ('వె', '|')]",0.8541666666666666,-1.0,1.0,0.8125,0.75,-1.0
teytageethi,"తెలిసె నీరక్షకత్వంబు దేవదేవ!-వేఱె గతి లేక నిన్ను సేవింప వలసె?
చిత్ర చిత్ర ప్రభావ దాక్షిణ్యభావ-హత విమతజీవ శ్రీకాకుళాంధ్రదేవ!",vupajaathi,Aandhranaayaka,"[('తె', '|'), ('లి', '|'), ('సె', '|'), ('నీ', 'U'), ('ర', 'U'), ('క్ష', '|'), ('క', 'U'), ('త్వం', 'U'), ('బు', '|'), ('దే', 'U'), ('వ', '|'), ('దే', 'U'), ('వ', '|'), ('వే', 'U'), ('ఱె', '|'), ('గ', '|'), ('తి', '|'), ('లే', 'U'), ('క', '|'), ('ని', 'U'), ('న్ను', '|'), ('సే', 'U'), ('విం', 'U'), ('ప', '|'), ('వ', '|'), ('ల', '|'), ('సె', '|'), ('చి', '|'), ('త్ర', '|'), ('చి', '|'), ('త్ర', '|'), ('ప్ర', '|'), ('భా', 'U'), ('వ', '|'), ('దా', 'U'), ('క్షి', 'U'), ('ణ్య', '|'), ('భా', 'U'), ('వ', '|'), ('హ', '|'), ('త', '|'), ('వి', '|'), ('మ', '|'), ('త', '|'), ('జీ', 'U'), ('వ', '|'), ('శ్రీ', 'U'), ('కా', 'U'), ('కు', '|'), ('ళాం', 'U'), ('ధ్ర', '|'), ('దే', 'U'), ('వ', '|')]",0.7666666666666666,-1.0,1.0,0.8,0.5,-1.0
seesamu,"నీరుపట్టుగ నుంట నారాయణుఁడ వండ్రు- నారాయణాఖ్యాధికార మేమి?
బలిసి యంతట నీవె గలుగ విష్ణుఁడ వందు- రావిష్ణునామప్రభావ వేమి?
ముగురు నీవై వెలుంగఁగఁ గేశవుఁడ వండ్రు- కేశవాభిఖ్యాప్రకాశ మేమి?
సిరికి మగఁడ వై మెరయ శ్రీపతి వండ్రు- శ్రీపతినామప్రసిద్ధి యేమి?",vupajaathi,Aandhranaayaka,"[('నీ', 'U'), ('రు', '|'), ('ప', 'U'), ('ట్టు', '|'), ('గ', '|'), ('నుం', 'U'), ('ట', '|'), ('నా', 'U'), ('రా', 'U'), ('య', '|'), ('ణు', '|'), ('డ', '|'), ('వం', 'U'), ('డ్రు', '|'), ('నా', 'U'), ('రా', 'U'), ('య', '|'), ('ణా', 'U'), ('ఖ్యా', 'U'), ('ధి', '|'), ('కా', 'U'), ('ర', '|'), ('మే', 'U'), ('మి', '|'), ('బ', '|'), ('లి', '|'), ('సి', '|'), ('యం', 'U'), ('త', '|'), ('ట', '|'), ('నీ', 'U'), ('వె', '|'), ('గ', '|'), ('లు', '|'), ('గ', '|'), ('వి', 'U'), ('ష్ణు', '|'), ('డ', '|'), ('వం', 'U'), ('దు', '|'), ('రా', 'U'), ('వి', 'U'), ('ష్ణు', '|'), ('నా', 'U'), ('మ', '|'), ('ప్ర', '|'), ('భా', 'U'), ('వ', '|'), ('వే', 'U'), ('మి', '|'), ('ము', '|'), ('గు', '|'), ('రు', '|'), ('నీ', 'U'), ('వై', 'U'), ('వె', '|'), ('లుం', 'U'), ('గ', '|'), ('గ', '|'), ('గే', 'U'), ('శ', '|'), ('వు', '|'), ('డ', '|'), ('వం', 'U'), ('డ్రు', '|'), ('కే', 'U'), ('శ', '|'), ('వా', 'U'), ('భి', 'U'), ('ఖ్యా', 'U'), ('ప్ర', '|'), ('కా', 'U'), ('శ', '|'), ('మే', 'U'), ('మి', '|'), ('సి', '|'), ('రి', '|'), ('కి', '|'), ('మ', '|'), ('గ', '|'), ('డ', '|'), ('వై', 'U'), ('మె', '|'), ('ర', '|'), ('య', '|'), ('శ్రీ', 'U'), ('ప', '|'), ('తి', '|'), ('వం', 'U'), ('డ్రు', '|'), ('శ్రీ', 'U'), ('ప', '|'), ('తి', '|'), ('నా', 'U'), ('మ', '|'), ('ప్ర', '|'), ('సి', 'U'), ('ద్ధి', '|'), ('యే', 'U'), ('మి', '|')]",0.875,-1.0,1.0,0.875,0.75,-1.0
teytageethi,"పెట్టుపేరు లనేకముల్‌ పుట్టుపేరు-గుఱు తెఱింగిన నీమూల మెఱుఁగవచ్చు
చిత్ర చిత్ర ప్రభావ దాక్షిణ్యభావ-హత విమతజీవ శ్రీకాకుళాంధ్రదేవ!",vupajaathi,Aandhranaayaka,"[('పె', 'U'), ('ట్టు', '|'), ('పే', 'U'), ('రు', '|'), ('ల', '|'), ('నే', 'U'), ('క', '|'), ('ము', 'U'), ('ల్పు', 'U'), ('ట్టు', '|'), ('పే', 'U'), ('రు', '|'), ('గు', '|'), ('ఱు', '|'), ('తె', '|'), ('ఱిం', 'U'), ('గి', '|'), ('న', '|'), ('నీ', 'U'), ('మూ', 'U'), ('ల', '|'), ('మె', '|'), ('ఱు', '|'), ('గ', '|'), ('వ', 'U'), ('చ్చు', '|'), ('చి', '|'), ('త్ర', '|'), ('చి', '|'), ('త్ర', '|'), ('ప్ర', '|'), ('భా', 'U'), ('వ', '|'), ('దా', 'U'), ('క్షి', 'U'), ('ణ్య', '|'), ('భా', 'U'), ('వ', '|'), ('హ', '|'), ('త', '|'), ('వి', '|'), ('మ', '|'), ('త', '|'), ('జీ', 'U'), ('వ', '|'), ('శ్రీ', 'U'), ('కా', 'U'), ('కు', '|'), ('ళాం', 'U'), ('ధ్ర', '|'), ('దే', 'U'), ('వ', '|')]",0.7666666666666666,-1.0,1.0,0.8,0.5,-1.0
seesamu,"వేఁడని చూదక విపినవహ్నిజ్వాలఁ- ద్రావెదో తేనియఁ ద్రావినట్లు
భార మం చనక గోవర్ధనపర్వతం- బెత్తెదో పూబంతి యెత్తినట్లు
విషపుంజ మనక నాభీలాజగరజిహ్వఁ- జింపెదో ప్రాబట్టఁ జింపినట్లు
పెస నసాధ్యుండని వెరవక నరకుని- నఱికెదో పార్వేఁట నఱికినట్లు",vupajaathi,Aandhranaayaka,"[('వే', 'U'), ('డ', '|'), ('ని', '|'), ('చూ', 'U'), ('ద', '|'), ('క', '|'), ('వి', '|'), ('పి', '|'), ('న', '|'), ('వ', 'U'), ('హ్ని', 'U'), ('జ్వా', 'U'), ('ల', '|'), ('ద్రా', 'U'), ('వె', '|'), ('దో', 'U'), ('తే', 'U'), ('ని', '|'), ('య', '|'), ('ద్రా', 'U'), ('వి', '|'), ('న', 'U'), ('ట్లు', '|'), ('భా', 'U'), ('ర', '|'), ('మం', 'U'), ('చ', '|'), ('న', '|'), ('క', '|'), ('గో', 'U'), ('వ', 'U'), ('ర్ధ', '|'), ('న', '|'), ('ప', 'U'), ('ర్వ', '|'), ('తం', 'U'), ('బె', 'U'), ('త్తె', '|'), ('దో', 'U'), ('పూ', 'U'), ('బం', 'U'), ('తి', '|'), ('యె', 'U'), ('త్తి', '|'), ('న', 'U'), ('ట్లు', '|'), ('వి', '|'), ('ష', '|'), ('పుం', 'U'), ('జ', '|'), ('మ', '|'), ('న', '|'), ('క', '|'), ('నా', 'U'), ('భీ', 'U'), ('లా', 'U'), ('జ', '|'), ('గ', '|'), ('ర', '|'), ('జి', 'U'), ('హ్వ', '|'), ('జిం', 'U'), ('పె', '|'), ('దో', 'U'), ('ప్రా', 'U'), ('బ', 'U'), ('ట్ట', '|'), ('జిం', 'U'), ('పి', '|'), ('న', 'U'), ('ట్లు', '|'), ('పె', '|'), ('స', '|'), ('న', '|'), ('సా', 'U'), ('ధ్యుం', 'U'), ('డ', '|'), ('ని', '|'), ('వె', '|'), ('ర', '|'), ('వ', '|'), ('క', '|'), ('న', '|'), ('ర', '|'), ('కు', '|'), ('ని', '|'), ('న', '|'), ('ఱి', '|'), ('కె', '|'), ('దో', 'U'), ('పా', 'U'), ('ర్వే', 'U'), ('ట', '|'), ('న', '|'), ('ఱి', '|'), ('కి', '|'), ('న', 'U'), ('ట్లు', '|')]",0.875,-1.0,1.0,1.0,0.625,-1.0
teytageethi,"భక్తసంరక్షణ త్వరా పరవశతను-జేసినా వేమొ యూరక సేయఁగలవె?
చిత్ర చిత్ర ప్రభావ దాక్షిణ్యభావ-హత విమతజీవ శ్రీకాకుళాంధ్రదేవ!",vupajaathi,Aandhranaayaka,"[('భ', 'U'), ('క్త', '|'), ('సం', 'U'), ('ర', 'U'), ('క్ష', '|'), ('ణ', 'U'), ('త్వ', '|'), ('రా', 'U'), ('ప', '|'), ('ర', '|'), ('వ', '|'), ('శ', '|'), ('త', '|'), ('ను', '|'), ('జే', 'U'), ('సి', '|'), ('నా', 'U'), ('వే', 'U'), ('మొ', '|'), ('యూ', 'U'), ('ర', '|'), ('క', '|'), ('సే', 'U'), ('య', '|'), ('గ', '|'), ('ల', '|'), ('వె', '|'), ('చి', '|'), ('త్ర', '|'), ('చి', '|'), ('త్ర', '|'), ('ప్ర', '|'), ('భా', 'U'), ('వ', '|'), ('దా', 'U'), ('క్షి', 'U'), ('ణ్య', '|'), ('భా', 'U'), ('వ', '|'), ('హ', '|'), ('త', '|'), ('వి', '|'), ('మ', '|'), ('త', '|'), ('జీ', 'U'), ('వ', '|'), ('శ్రీ', 'U'), ('కా', 'U'), ('కు', '|'), ('ళాం', 'U'), ('ధ్ర', '|'), ('దే', 'U'), ('వ', '|')]",0.7666666666666666,-1.0,1.0,0.8,0.5,-1.0
seesamu,"వత్సాపహరణగర్వము మాని యజుఁడు దా- నపరాధి ననుచు సాష్టాంగ మెఱఁగె
భవుఁడు బాణున కాజి బాసట యై వచ్చి- భక్తునిఁ బట్టిచ్చి ప్రణుతిఁ జేసె
వజ్రి శిలావృష్టి వర్షించి లజ్జించి- తప్పుఁ జేసితి నంచు దండ మిడియె
సమవర్తి భీతి నంజలిఁ జేసి యాత్మలో- కస్థితు గురుపుత్రుఁ గాను కిచ్చె",vupajaathi,Aandhranaayaka,"[('వ', 'U'), ('త్సా', 'U'), ('ప', '|'), ('హ', '|'), ('ర', '|'), ('ణ', '|'), ('గ', 'U'), ('ర్వ', '|'), ('ము', '|'), ('మా', 'U'), ('ని', '|'), ('య', '|'), ('జు', '|'), ('డు', '|'), ('దా', 'U'), ('న', '|'), ('ప', '|'), ('రా', 'U'), ('ధి', '|'), ('న', '|'), ('ను', '|'), ('చు', '|'), ('సా', 'U'), ('ష్టాం', 'U'), ('గ', '|'), ('మె', '|'), ('ఱ', '|'), ('గె', '|'), ('భ', '|'), ('వు', '|'), ('డు', '|'), ('బా', 'U'), ('ణు', '|'), ('న', '|'), ('కా', 'U'), ('జి', '|'), ('బా', 'U'), ('స', '|'), ('ట', '|'), ('యై', 'U'), ('వ', 'U'), ('చ్చి', '|'), ('భ', 'U'), ('క్తు', '|'), ('ని', '|'), ('బ', 'U'), ('ట్టి', 'U'), ('చ్చి', '|'), ('ప్ర', '|'), ('ణు', '|'), ('తి', '|'), ('జే', 'U'), ('సె', '|'), ('వ', '|'), ('జ్రి', '|'), ('శి', '|'), ('లా', 'U'), ('వృ', 'U'), ('ష్టి', '|'), ('వ', 'U'), ('ర్షిం', 'U'), ('చి', '|'), ('ల', 'U'), ('జ్జిం', 'U'), ('చి', '|'), ('త', 'U'), ('ప్పు', '|'), ('జే', 'U'), ('సి', '|'), ('తి', '|'), ('నం', 'U'), ('చు', '|'), ('దం', 'U'), ('డ', '|'), ('మి', '|'), ('డి', '|'), ('యె', '|'), ('స', '|'), ('మ', '|'), ('వ', 'U'), ('ర్తి', '|'), ('భీ', 'U'), ('తి', '|'), ('నం', 'U'), ('జ', '|'), ('లి', '|'), ('జే', 'U'), ('సి', '|'), ('యా', 'U'), ('త్మ', '|'), ('లో', 'U'), ('క', 'U'), ('స్థి', '|'), ('తు', '|'), ('గు', '|'), ('రు', '|'), ('పు', '|'), ('త్రు', '|'), ('గా', 'U'), ('ను', '|'), ('కి', 'U'), ('చ్చె', '|')]",0.7291666666666666,-1.0,1.0,0.8125,0.375,-1.0
teytageethi,"క్షోణిఁ బుట్టుక మాలిన గొల్లవాని-నిన్ను నావేల్పు లోడింప నేర రేమి?
చిత్ర చిత్ర ప్రభావ దాక్షిణ్యభావ-హత విమతజీవ శ్రీకాకుళాంధ్రదేవ!",vupajaathi,Aandhranaayaka,"[('క్షో', 'U'), ('ణి', '|'), ('బు', 'U'), ('ట్టు', '|'), ('క', '|'), ('మా', 'U'), ('లి', '|'), ('న', '|'), ('గొ', 'U'), ('ల్ల', '|'), ('వా', 'U'), ('ని', '|'), ('ని', 'U'), ('న్ను', '|'), ('నా', 'U'), ('వే', 'U'), ('ల్పు', '|'), ('లో', 'U'), ('డిం', 'U'), ('ప', '|'), ('నే', 'U'), ('ర', '|'), ('రే', 'U'), ('మి', '|'), ('చి', '|'), ('త్ర', '|'), ('చి', '|'), ('త్ర', '|'), ('ప్ర', '|'), ('భా', 'U'), ('వ', '|'), ('దా', 'U'), ('క్షి', 'U'), ('ణ్య', '|'), ('భా', 'U'), ('వ', '|'), ('హ', '|'), ('త', '|'), ('వి', '|'), ('మ', '|'), ('త', '|'), ('జీ', 'U'), ('వ', '|'), ('శ్రీ', 'U'), ('కా', 'U'), ('కు', '|'), ('ళాం', 'U'), ('ధ్ర', '|'), ('దే', 'U'), ('వ', '|')]",0.7666666666666666,-1.0,1.0,0.8,0.5,-1.0
seesamu,"కొనముట్ట హెచ్చుతగ్గుల ప్రాతఁసుద్దుల- తాతపుస్తక మొకఁ డాతతాయి
మ్రుచ్చిలి నీటిలోఁ జొచ్చి డాఁగిన వాని- పావన మేమి వెంబడిగఁ బెద్ద
కోఱమీనంబవై యాఱొండుసంద్రము- ల్నిముసంబులో నీఁది నెమకి వాని
డొక్క వ్రక్కలుగాఁ గఱుక్కున బరిఁ గోసి- కడ లేనినుడువు లెక్కటికి నోట",vupajaathi,Aandhranaayaka,"[('కొ', '|'), ('న', '|'), ('ము', 'U'), ('ట్ట', '|'), ('హె', 'U'), ('చ్చు', '|'), ('త', 'U'), ('గ్గు', '|'), ('ల', '|'), ('ప్రా', 'U'), ('త', '|'), ('సు', 'U'), ('ద్దు', '|'), ('ల', '|'), ('తా', 'U'), ('త', '|'), ('పు', 'U'), ('స్త', '|'), ('క', '|'), ('మొ', '|'), ('క', '|'), ('డా', 'U'), ('త', '|'), ('తా', 'U'), ('యి', '|'), ('మ్రు', 'U'), ('చ్చి', '|'), ('లి', '|'), ('నీ', 'U'), ('టి', '|'), ('లో', 'U'), ('జొ', 'U'), ('చ్చి', '|'), ('డా', 'U'), ('గి', '|'), ('న', '|'), ('వా', 'U'), ('ని', '|'), ('పా', 'U'), ('వ', '|'), ('న', '|'), ('మే', 'U'), ('మి', '|'), ('వెం', 'U'), ('బ', '|'), ('డి', '|'), ('గ', '|'), ('బె', 'U'), ('ద్ద', '|'), ('కో', 'U'), ('ఱ', '|'), ('మీ', 'U'), ('నం', 'U'), ('బ', '|'), ('వై', 'U'), ('యా', 'U'), ('ఱొం', 'U'), ('డు', '|'), ('సం', 'U'), ('ద్ర', '|'), ('ము', 'U'), ('ల్ని', '|'), ('ము', '|'), ('సం', 'U'), ('బు', '|'), ('లో', 'U'), ('నీ', 'U'), ('ది', '|'), ('నె', '|'), ('మ', '|'), ('కి', '|'), ('వా', 'U'), ('ని', '|'), ('డొ', 'U'), ('క్క', '|'), ('వ్ర', 'U'), ('క్క', '|'), ('లు', '|'), ('గా', 'U'), ('గ', '|'), ('ఱు', 'U'), ('క్కు', '|'), ('న', '|'), ('బ', '|'), ('రి', '|'), ('గో', 'U'), ('సి', '|'), ('క', '|'), ('డ', '|'), ('లే', 'U'), ('ని', '|'), ('ను', '|'), ('డు', '|'), ('వు', '|'), ('లె', 'U'), ('క్క', '|'), ('టి', '|'), ('కి', '|'), ('నో', 'U'), ('ట', '|')]",1.0,-1.0,1.0,1.0,1.0,-1.0
teytageethi,"మాట వెళ్ళనివానికి మగుడ నిచ్చి-యింతపనికిని నవతార మెత్తి తీవు
చిత్ర చిత్ర ప్రభావ దాక్షిణ్యభావ-హత విమతజీవ శ్రీకాకుళాంధ్రదేవ!",vupajaathi,Aandhranaayaka,"[('మా', 'U'), ('ట', '|'), ('వె', 'U'), ('ళ్ళ', '|'), ('ని', '|'), ('వా', 'U'), ('ని', '|'), ('కి', '|'), ('మ', '|'), ('గు', '|'), ('డ', '|'), ('ని', 'U'), ('చ్చి', '|'), ('యిం', 'U'), ('త', '|'), ('ప', '|'), ('ని', '|'), ('కి', '|'), ('ని', '|'), ('న', '|'), ('వ', '|'), ('తా', 'U'), ('ర', '|'), ('మె', 'U'), ('త్తి', '|'), ('తీ', 'U'), ('వు', '|'), ('చి', '|'), ('త్ర', '|'), ('చి', '|'), ('త్ర', '|'), ('ప్ర', '|'), ('భా', 'U'), ('వ', '|'), ('దా', 'U'), ('క్షి', 'U'), ('ణ్య', '|'), ('భా', 'U'), ('వ', '|'), ('హ', '|'), ('త', '|'), ('వి', '|'), ('మ', '|'), ('త', '|'), ('జీ', 'U'), ('వ', '|'), ('శ్రీ', 'U'), ('కా', 'U'), ('కు', '|'), ('ళాం', 'U'), ('ధ్ర', '|'), ('దే', 'U'), ('వ', '|')]",0.6833333333333332,-1.0,1.0,0.8,0.25,-1.0
seesamu,"అబ్ధిపయఃపాత్ర మద్రికాణంధాన- మహిరాజగుణము దా రమరఁ గూర్చి
యమృతాభిలాష దేవతాసురుల్‌ మథియింప- గిరి మున్గం గచ్ఛపాకృతి వహించి
నిర్వహించుట గాని సర్వకాశ్యపులలోఁ- బఙ్క్తిభేదముఁ జేసి పల్మ ఱాస
కొల్పి దైత్యులనోరుఁ గొట్టి యాదిత్యుల- కమృతాన్న మిడితి వాయమరులందుఁ",vupajaathi,Aandhranaayaka,"[('అ', 'U'), ('బ్ధి', '|'), ('ప', '|'), ('యః', 'U'), ('పా', 'U'), ('త్ర', '|'), ('మ', '|'), ('ద్రి', '|'), ('కా', 'U'), ('ణం', 'U'), ('ధా', 'U'), ('న', '|'), ('మ', '|'), ('హి', '|'), ('రా', 'U'), ('జ', '|'), ('గు', '|'), ('ణ', '|'), ('ము', '|'), ('దా', 'U'), ('ర', '|'), ('మ', '|'), ('ర', '|'), ('గూ', 'U'), ('ర్చి', '|'), ('య', '|'), ('మృ', '|'), ('తా', 'U'), ('భి', '|'), ('లా', 'U'), ('ష', '|'), ('దే', 'U'), ('వ', '|'), ('తా', 'U'), ('సు', '|'), ('రు', 'U'), ('ల్మ', '|'), ('థి', '|'), ('యిం', 'U'), ('ప', '|'), ('గి', '|'), ('రి', '|'), ('ము', 'U'), ('న్గం', 'U'), ('గ', 'U'), ('చ్ఛ', '|'), ('పా', 'U'), ('కృ', '|'), ('తి', '|'), ('వ', '|'), ('హిం', 'U'), ('చి', '|'), ('ని', 'U'), ('ర్వ', '|'), ('హిం', 'U'), ('చు', '|'), ('ట', '|'), ('గా', 'U'), ('ని', '|'), ('స', 'U'), ('ర్వ', '|'), ('కా', 'U'), ('శ్య', '|'), ('పు', '|'), ('ల', '|'), ('లో', 'U'), ('బ', 'U'), ('ఙ్క్తి', '|'), ('భే', 'U'), ('ద', '|'), ('ము', '|'), ('జే', 'U'), ('సి', '|'), ('ప', 'U'), ('ల్మ', '|'), ('ఱా', 'U'), ('స', '|'), ('కొ', 'U'), ('ల్పి', '|'), ('దై', 'U'), ('త్యు', '|'), ('ల', '|'), ('నో', 'U'), ('రు', '|'), ('గొ', 'U'), ('ట్టి', '|'), ('యా', 'U'), ('ది', 'U'), ('త్యు', '|'), ('ల', '|'), ('క', '|'), ('మృ', '|'), ('తా', 'U'), ('న్న', '|'), ('మి', '|'), ('డి', '|'), ('తి', '|'), ('వా', 'U'), ('య', '|'), ('మ', '|'), ('రు', '|'), ('లం', 'U'), ('దు', '|')]",0.5625,-1.0,1.0,0.5625,0.125,-1.0
teytageethi,"బక్షపాతివి గావె? యభక్తిఁ బడిరి-నమ్ముదురె యానిశాటు లెన్నటికి నిన్ను
చిత్ర చిత్ర ప్రభావ దాక్షిణ్యభావ-హత విమతజీవ శ్రీకాకుళాంధ్రదేవ!",vupajaathi,Aandhranaayaka,"[('బ', 'U'), ('క్ష', '|'), ('పా', 'U'), ('తి', '|'), ('వి', '|'), ('గా', 'U'), ('వె', '|'), ('య', '|'), ('భ', 'U'), ('క్తి', '|'), ('బ', '|'), ('డి', '|'), ('రి', '|'), ('న', 'U'), ('మ్ము', '|'), ('దు', '|'), ('రె', '|'), ('యా', 'U'), ('ని', '|'), ('శా', 'U'), ('టు', '|'), ('లె', 'U'), ('న్న', '|'), ('టి', '|'), ('కి', '|'), ('ని', 'U'), ('న్ను', '|'), ('చి', '|'), ('త్ర', '|'), ('చి', '|'), ('త్ర', '|'), ('ప్ర', '|'), ('భా', 'U'), ('వ', '|'), ('దా', 'U'), ('క్షి', 'U'), ('ణ్య', '|'), ('భా', 'U'), ('వ', '|'), ('హ', '|'), ('త', '|'), ('వి', '|'), ('మ', '|'), ('త', '|'), ('జీ', 'U'), ('వ', '|'), ('శ్రీ', 'U'), ('కా', 'U'), ('కు', '|'), ('ళాం', 'U'), ('ధ్ర', '|'), ('దే', 'U'), ('వ', '|')]",0.7666666666666666,-1.0,1.0,0.8,0.5,-1.0
seesamu,"ఉక్కునఁ బసిఁడికన్‌ రక్కసుఁ డొకఁడు ప- ల్దిక్కు లోరిచి బొల్లిపక్కి మావు
నెక్కు రౌ తెక్కడఁ జిక్కెడు నంచు నీ- యిక్కువ లరయంగఁ గిక్కురించి
నక్కితి విలక్రిందఁ జొక్కపుఁ బంది వై- కొక్కరింపుచు నాతఁ డక్కడికిని
మొక్కరింపఁగఁ జొరఁ బొక్కతే కట వాని- డొక్కగఱుక్కునఁ జెక్కిపట్టి",vupajaathi,Aandhranaayaka,"[('ఉ', 'U'), ('క్కు', '|'), ('న', '|'), ('బ', '|'), ('సి', '|'), ('డి', '|'), ('క', '|'), ('న్ర', 'U'), ('క్క', '|'), ('సు', '|'), ('డొ', '|'), ('క', '|'), ('డు', '|'), ('ప', 'U'), ('ల్ది', 'U'), ('క్కు', '|'), ('లో', 'U'), ('రి', '|'), ('చి', '|'), ('బొ', 'U'), ('ల్లి', '|'), ('ప', 'U'), ('క్కి', '|'), ('మా', 'U'), ('వు', '|'), ('నె', 'U'), ('క్కు', '|'), ('రౌ', 'U'), ('తె', 'U'), ('క్క', '|'), ('డ', '|'), ('జి', 'U'), ('క్కె', '|'), ('డు', '|'), ('నం', 'U'), ('చు', '|'), ('నీ', 'U'), ('యి', 'U'), ('క్కు', '|'), ('వ', '|'), ('ల', '|'), ('ర', '|'), ('యం', 'U'), ('గ', '|'), ('గి', 'U'), ('క్కు', '|'), ('రిం', 'U'), ('చి', '|'), ('న', 'U'), ('క్కి', '|'), ('తి', '|'), ('వి', '|'), ('ల', '|'), ('క్రిం', 'U'), ('ద', '|'), ('జొ', 'U'), ('క్క', '|'), ('పు', '|'), ('బం', 'U'), ('ది', '|'), ('వై', 'U'), ('కొ', 'U'), ('క్క', '|'), ('రిం', 'U'), ('పు', '|'), ('చు', '|'), ('నా', 'U'), ('త', '|'), ('డ', 'U'), ('క్క', '|'), ('డి', '|'), ('కి', '|'), ('ని', '|'), ('మొ', 'U'), ('క్క', '|'), ('రిం', 'U'), ('ప', '|'), ('గ', '|'), ('జొ', '|'), ('ర', '|'), ('బొ', 'U'), ('క్క', '|'), ('తే', 'U'), ('క', '|'), ('ట', '|'), ('వా', 'U'), ('ని', '|'), ('డొ', 'U'), ('క్క', '|'), ('గ', '|'), ('ఱు', 'U'), ('క్కు', '|'), ('న', '|'), ('జె', 'U'), ('క్కి', '|'), ('ప', 'U'), ('ట్టి', '|')]",1.0,-1.0,1.0,1.0,1.0,-1.0
teytageethi,"నొక్కి పుడ మింత నీటిపై కెక్కఁదీయ-మక్కువ దనర్ప నది యేమి రక్కరింపు
చిత్ర చిత్ర ప్రభావ దాక్షిణ్యభావ-హత విమతజీవ శ్రీకాకుళాంధ్రదేవ!",vupajaathi,Aandhranaayaka,"[('నొ', 'U'), ('క్కి', '|'), ('పు', '|'), ('డ', '|'), ('మిం', 'U'), ('త', '|'), ('నీ', 'U'), ('టి', '|'), ('పై', 'U'), ('కె', 'U'), ('క్క', '|'), ('దీ', 'U'), ('య', '|'), ('మ', 'U'), ('క్కు', '|'), ('వ', '|'), ('ద', '|'), ('న', 'U'), ('ర్ప', '|'), ('న', '|'), ('ది', '|'), ('యే', 'U'), ('మి', '|'), ('ర', 'U'), ('క్క', '|'), ('రిం', 'U'), ('పు', '|'), ('చి', '|'), ('త్ర', '|'), ('చి', '|'), ('త్ర', '|'), ('ప్ర', '|'), ('భా', 'U'), ('వ', '|'), ('దా', 'U'), ('క్షి', 'U'), ('ణ్య', '|'), ('భా', 'U'), ('వ', '|'), ('హ', '|'), ('త', '|'), ('వి', '|'), ('మ', '|'), ('త', '|'), ('జీ', 'U'), ('వ', '|'), ('శ్రీ', 'U'), ('కా', 'U'), ('కు', '|'), ('ళాం', 'U'), ('ధ్ర', '|'), ('దే', 'U'), ('వ', '|')]",0.7666666666666666,-1.0,1.0,0.8,0.5,-1.0
seesamu,"అయవారు చదివించినట్లుగాఁ జదువక- మఱి కొట్టి తిట్టక వెఱపుఁ గొనక
తనయుఁ డెంతో పరధ్యానంబుగా నున్నఁ- దండ్రి వల్దని చెప్పఁ దగఁడె ధాత్రి
నీకుఁ గోపం బేమి నృహరిరూపంబున- స్తంభంబులోఁ బుట్టి చటులనేత్ర
దంష్ట్రానఖప్రభ దహనకీలలఁ బోలి- భగ్గు రనంగఁ బైఁబడి హిరణ్య",vupajaathi,Aandhranaayaka,"[('అ', '|'), ('య', '|'), ('వా', 'U'), ('రు', '|'), ('చ', '|'), ('ది', '|'), ('విం', 'U'), ('చి', '|'), ('న', 'U'), ('ట్లు', '|'), ('గా', 'U'), ('జ', '|'), ('దు', '|'), ('వ', '|'), ('క', '|'), ('మ', '|'), ('ఱి', '|'), ('కొ', 'U'), ('ట్టి', '|'), ('తి', 'U'), ('ట్ట', '|'), ('క', '|'), ('వె', '|'), ('ఱ', '|'), ('పు', '|'), ('గొ', '|'), ('న', '|'), ('క', '|'), ('త', '|'), ('న', '|'), ('యు', '|'), ('డెం', 'U'), ('తో', 'U'), ('ప', '|'), ('ర', 'U'), ('ధ్యా', 'U'), ('నం', 'U'), ('బు', '|'), ('గా', 'U'), ('ను', 'U'), ('న్న', '|'), ('దం', 'U'), ('డ్రి', '|'), ('వ', 'U'), ('ల్ద', '|'), ('ని', '|'), ('చె', 'U'), ('ప్ప', '|'), ('ద', '|'), ('గ', '|'), ('డె', '|'), ('ధా', 'U'), ('త్రి', '|'), ('నీ', 'U'), ('కు', '|'), ('గో', 'U'), ('పం', 'U'), ('బే', 'U'), ('మి', '|'), ('నృ', '|'), ('హ', '|'), ('రి', '|'), ('రూ', 'U'), ('పం', 'U'), ('బు', '|'), ('న', 'U'), ('స్తం', 'U'), ('భం', 'U'), ('బు', '|'), ('లో', 'U'), ('బు', 'U'), ('ట్టి', '|'), ('చ', '|'), ('టు', '|'), ('ల', '|'), ('నే', 'U'), ('త్ర', '|'), ('దం', 'U'), ('ష్ట్రా', 'U'), ('న', '|'), ('ఖ', '|'), ('ప్ర', '|'), ('భ', '|'), ('ద', '|'), ('హ', '|'), ('న', '|'), ('కీ', 'U'), ('ల', '|'), ('ల', '|'), ('బో', 'U'), ('లి', '|'), ('భ', 'U'), ('గ్గు', '|'), ('ర', '|'), ('నం', 'U'), ('గ', '|'), ('బై', 'U'), ('బ', '|'), ('డి', '|'), ('హి', '|'), ('ర', 'U'), ('ణ్య', '|')]",0.84375,-1.0,1.0,0.90625,0.625,-1.0
teytageethi,"కశిపుఁ దునుమాడి ప్రహ్లాదుఁ గరుణ నేలి-తందఱి కసహ్య మయ్యె ని న్నపుడె కనఁగ
చిత్ర చిత్ర ప్రభావ దాక్షిణ్యభావ-హత విమతజీవ శ్రీకాకుళాంధ్రదేవ!",vupajaathi,Aandhranaayaka,"[('క', '|'), ('శి', '|'), ('పు', '|'), ('దు', '|'), ('ను', '|'), ('మా', 'U'), ('డి', '|'), ('ప్ర', 'U'), ('హ్లా', 'U'), ('దు', '|'), ('గ', '|'), ('రు', '|'), ('ణ', '|'), ('నే', 'U'), ('లి', '|'), ('తం', 'U'), ('ద', '|'), ('ఱి', '|'), ('క', '|'), ('స', 'U'), ('హ్య', '|'), ('మ', 'U'), ('య్యె', '|'), ('ని', 'U'), ('న్న', '|'), ('పు', '|'), ('డె', '|'), ('క', '|'), ('న', '|'), ('గ', '|'), ('చి', '|'), ('త్ర', '|'), ('చి', '|'), ('త్ర', '|'), ('ప్ర', '|'), ('భా', 'U'), ('వ', '|'), ('దా', 'U'), ('క్షి', 'U'), ('ణ్య', '|'), ('భా', 'U'), ('వ', '|'), ('హ', '|'), ('త', '|'), ('వి', '|'), ('మ', '|'), ('త', '|'), ('జీ', 'U'), ('వ', '|'), ('శ్రీ', 'U'), ('కా', 'U'), ('కు', '|'), ('ళాం', 'U'), ('ధ్ర', '|'), ('దే', 'U'), ('వ', '|')]",0.6833333333333332,-1.0,1.0,0.8,0.25,-1.0
seesamu,"కశ్యపుఁ డదితి ని న్గన్నవారలు గారె- పెంచిరే మరుగుజ్జుబిడ్డ వనుచుఁ
గుండిక దండంబు గోఁచితో వచ్చిన- కపటవటుండు నిక్కముగ భూమి
సురుఁడు గాఁడని యాత్మగురుఁడీయవల దనఁ- గరుణించి బలిదాత కామితార్థ
మొసగంగ నభివృద్ధి నొంది మే లొర్వక- ధర్మంబు నాల్గుపాదముల జరుపు",vupajaathi,Aandhranaayaka,"[('క', 'U'), ('శ్య', '|'), ('పు', '|'), ('డ', '|'), ('ది', '|'), ('తి', '|'), ('ని', 'U'), ('న్గ', 'U'), ('న్న', '|'), ('వా', 'U'), ('ర', '|'), ('లు', '|'), ('గా', 'U'), ('రె', '|'), ('పెం', 'U'), ('చి', '|'), ('రే', 'U'), ('మ', '|'), ('రు', '|'), ('గు', 'U'), ('జ్జు', '|'), ('బి', 'U'), ('డ్డ', '|'), ('వ', '|'), ('ను', '|'), ('చు', '|'), ('గుం', 'U'), ('డి', '|'), ('క', '|'), ('దం', 'U'), ('డం', 'U'), ('బు', '|'), ('గో', 'U'), ('చి', '|'), ('తో', 'U'), ('వ', 'U'), ('చ్చి', '|'), ('న', '|'), ('క', '|'), ('ప', '|'), ('ట', '|'), ('వ', '|'), ('టుం', 'U'), ('డు', '|'), ('ని', 'U'), ('క్క', '|'), ('ము', '|'), ('గ', '|'), ('భూ', 'U'), ('మి', '|'), ('సు', '|'), ('రు', '|'), ('డు', '|'), ('గా', 'U'), ('డ', '|'), ('ని', '|'), ('యా', 'U'), ('త్మ', '|'), ('గు', '|'), ('రు', '|'), ('డీ', 'U'), ('య', '|'), ('వ', '|'), ('ల', '|'), ('ద', '|'), ('న', '|'), ('గ', '|'), ('రు', '|'), ('ణిం', 'U'), ('చి', '|'), ('బ', '|'), ('లి', '|'), ('దా', 'U'), ('త', '|'), ('కా', 'U'), ('మి', '|'), ('తా', 'U'), ('ర్థ', '|'), ('మొ', '|'), ('స', '|'), ('గం', 'U'), ('గ', '|'), ('న', '|'), ('భి', '|'), ('వృ', 'U'), ('ద్ధి', '|'), ('నొం', 'U'), ('ది', '|'), ('మే', 'U'), ('లొ', 'U'), ('ర్వ', '|'), ('క', '|'), ('ధ', 'U'), ('ర్మం', 'U'), ('బు', '|'), ('నా', 'U'), ('ల్గు', '|'), ('పా', 'U'), ('ద', '|'), ('ము', '|'), ('ల', '|'), ('జ', '|'), ('రు', '|'), ('పు', '|')]",0.9583333333333334,-1.0,1.0,1.0,0.875,-1.0
teytageethi,"నట్టిదాతను దిగఁద్రొక్కి యతనిసిరులు-దెచ్చి కులగోత్రభేది కీ నిచ్చకంబో
చిత్ర చిత్ర ప్రభావ దాక్షిణ్యభావ-హత విమతజీవ శ్రీకాకుళాంధ్రదేవ!",vupajaathi,Aandhranaayaka,"[('న', 'U'), ('ట్టి', '|'), ('దా', 'U'), ('త', '|'), ('ను', '|'), ('ది', '|'), ('గ', '|'), ('ద్రొ', 'U'), ('క్కి', '|'), ('య', '|'), ('త', '|'), ('ని', '|'), ('సి', '|'), ('రు', '|'), ('లు', '|'), ('దె', 'U'), ('చ్చి', '|'), ('కు', '|'), ('ల', '|'), ('గో', 'U'), ('త్ర', '|'), ('భే', 'U'), ('ది', '|'), ('కీ', 'U'), ('ని', 'U'), ('చ్చ', '|'), ('కం', 'U'), ('బో', 'U'), ('చి', '|'), ('త్ర', '|'), ('చి', '|'), ('త్ర', '|'), ('ప్ర', '|'), ('భా', 'U'), ('వ', '|'), ('దా', 'U'), ('క్షి', 'U'), ('ణ్య', '|'), ('భా', 'U'), ('వ', '|'), ('హ', '|'), ('త', '|'), ('వి', '|'), ('మ', '|'), ('త', '|'), ('జీ', 'U'), ('వ', '|'), ('శ్రీ', 'U'), ('కా', 'U'), ('కు', '|'), ('ళాం', 'U'), ('ధ్ర', '|'), ('దే', 'U'), ('వ', '|')]",0.6833333333333332,-1.0,1.0,0.8,0.25,-1.0
seesamu,"జపతపోనిష్ఠుఁడౌ జమదగ్ని కుదయించి- కరము దారుణవృత్తిఁ గత్తి కట్టి
కినుక రాజద్రోహమునకు శంకింపక- సకలభూపతుల గొంతుకలు గోసి
కార్తవీర్యార్జును కరసహస్రం బొండు- తఱి గండ్రగొడ్డంట నఱికివైచి
వసుధపై రక్తప్రవాహంబు లొనరించి- తజ్జలంబులఁ బితృతర్పణములు",vupajaathi,Aandhranaayaka,"[('జ', '|'), ('ప', '|'), ('త', '|'), ('పో', 'U'), ('ని', 'U'), ('ష్ఠు', '|'), ('డౌ', 'U'), ('జ', '|'), ('మ', '|'), ('ద', 'U'), ('గ్ని', '|'), ('కు', '|'), ('ద', '|'), ('యిం', 'U'), ('చి', '|'), ('క', '|'), ('ర', '|'), ('ము', '|'), ('దా', 'U'), ('రు', '|'), ('ణ', '|'), ('వృ', 'U'), ('త్తి', '|'), ('గ', 'U'), ('త్తి', '|'), ('క', 'U'), ('ట్టి', '|'), ('కి', '|'), ('ను', '|'), ('క', '|'), ('రా', 'U'), ('జ', '|'), ('ద్రో', 'U'), ('హ', '|'), ('ము', '|'), ('న', '|'), ('కు', '|'), ('శం', 'U'), ('కిం', 'U'), ('ప', '|'), ('క', '|'), ('స', '|'), ('క', '|'), ('ల', '|'), ('భూ', 'U'), ('ప', '|'), ('తు', '|'), ('ల', '|'), ('గొం', 'U'), ('తు', '|'), ('క', '|'), ('లు', '|'), ('గో', 'U'), ('సి', '|'), ('కా', 'U'), ('ర్త', '|'), ('వీ', 'U'), ('ర్యా', 'U'), ('ర్జు', '|'), ('ను', '|'), ('క', '|'), ('ర', '|'), ('స', '|'), ('హ', '|'), ('స్రం', 'U'), ('బొం', 'U'), ('డు', '|'), ('త', '|'), ('ఱి', '|'), ('గం', 'U'), ('డ్ర', '|'), ('గొ', 'U'), ('డ్డం', 'U'), ('ట', '|'), ('న', '|'), ('ఱి', '|'), ('కి', '|'), ('వై', 'U'), ('చి', '|'), ('వ', '|'), ('సు', '|'), ('ధ', '|'), ('పై', 'U'), ('ర', 'U'), ('క్త', '|'), ('ప్ర', '|'), ('వా', 'U'), ('హం', 'U'), ('బు', '|'), ('లొ', '|'), ('న', '|'), ('రిం', 'U'), ('చి', '|'), ('త', 'U'), ('జ్జ', '|'), ('లం', 'U'), ('బు', '|'), ('ల', '|'), ('బి', '|'), ('తృ', '|'), ('త', 'U'), ('ర్ప', '|'), ('ణ', '|'), ('ము', '|'), ('లు', '|')]",0.625,-1.0,1.0,0.625,0.25,-1.0
teytageethi,"సేసి యిల విప్రులకు ధారఁ బోసినట్టి-కీర్తియే కాని బ్రహ్మణ్యకృత్య మగునె
చిత్ర చిత్ర ప్రభావ దాక్షిణ్యభావ-హత విమతజీవ శ్రీకాకుళాంధ్రదేవ!",vupajaathi,Aandhranaayaka,"[('సే', 'U'), ('సి', '|'), ('యి', '|'), ('ల', '|'), ('వి', '|'), ('ప్రు', '|'), ('ల', '|'), ('కు', '|'), ('ధా', 'U'), ('ర', '|'), ('బో', 'U'), ('సి', '|'), ('న', 'U'), ('ట్టి', '|'), ('కీ', 'U'), ('ర్తి', '|'), ('యే', 'U'), ('కా', 'U'), ('ని', '|'), ('బ్ర', 'U'), ('హ్మ', 'U'), ('ణ్య', '|'), ('కృ', 'U'), ('త్య', '|'), ('మ', '|'), ('గు', '|'), ('నె', '|'), ('చి', '|'), ('త్ర', '|'), ('చి', '|'), ('త్ర', '|'), ('ప్ర', '|'), ('భా', 'U'), ('వ', '|'), ('దా', 'U'), ('క్షి', 'U'), ('ణ్య', '|'), ('భా', 'U'), ('వ', '|'), ('హ', '|'), ('త', '|'), ('వి', '|'), ('మ', '|'), ('త', '|'), ('జీ', 'U'), ('వ', '|'), ('శ్రీ', 'U'), ('కా', 'U'), ('కు', '|'), ('ళాం', 'U'), ('ధ్ర', '|'), ('దే', 'U'), ('వ', '|')]",0.6833333333333332,-1.0,1.0,0.8,0.25,-1.0
seesamu,"తా వచ్చెద నటంచు ధైర్యలక్ష్మి మహీజ- వెంట రా నడవికి వెడలినావు
సుగ్రీవుఁ డున్నచో సొమ్ము దా నిడ సీత- యాజాడ నతనిపొం దతికినావు
ముందు జానకి లంక మూర్ఖించి చొచ్చి నిన్‌- దెచ్చినరిపుల సాధించినావు
వైదేహి భవదంకవసతిఁ గూర్చున్నచో- భువనసామ్రాజ్యముల్‌ పొందినావు",vupajaathi,Aandhranaayaka,"[('తా', 'U'), ('వ', 'U'), ('చ్చె', '|'), ('ద', '|'), ('న', '|'), ('టం', 'U'), ('చు', '|'), ('ధై', 'U'), ('ర్య', '|'), ('ల', 'U'), ('క్ష్మి', '|'), ('మ', '|'), ('హీ', 'U'), ('జ', '|'), ('వెం', 'U'), ('ట', '|'), ('రా', 'U'), ('న', '|'), ('డ', '|'), ('వి', '|'), ('కి', '|'), ('వె', '|'), ('డ', '|'), ('లి', '|'), ('నా', 'U'), ('వు', '|'), ('సు', '|'), ('గ్రీ', 'U'), ('వు', '|'), ('డు', 'U'), ('న్న', '|'), ('చో', 'U'), ('సొ', 'U'), ('మ్ము', '|'), ('దా', 'U'), ('ని', '|'), ('డ', '|'), ('సీ', 'U'), ('త', '|'), ('యా', 'U'), ('జా', 'U'), ('డ', '|'), ('న', '|'), ('త', '|'), ('ని', '|'), ('పొం', 'U'), ('ద', '|'), ('తి', '|'), ('కి', '|'), ('నా', 'U'), ('వు', '|'), ('ముం', 'U'), ('దు', '|'), ('జా', 'U'), ('న', '|'), ('కి', '|'), ('లం', 'U'), ('క', '|'), ('మూ', 'U'), ('ర్ఖిం', 'U'), ('చి', '|'), ('చొ', 'U'), ('చ్చి', '|'), ('ని', 'U'), ('న్దె', 'U'), ('చ్చి', '|'), ('న', '|'), ('రి', '|'), ('పు', '|'), ('ల', '|'), ('సా', 'U'), ('ధిం', 'U'), ('చి', '|'), ('నా', 'U'), ('వు', '|'), ('వై', 'U'), ('దే', 'U'), ('హి', '|'), ('భ', '|'), ('వ', '|'), ('దం', 'U'), ('క', '|'), ('వ', '|'), ('స', '|'), ('తి', '|'), ('గూ', 'U'), ('ర్చు', 'U'), ('న్న', '|'), ('చో', 'U'), ('భు', '|'), ('వ', '|'), ('న', '|'), ('సా', 'U'), ('మ్రా', 'U'), ('జ్య', '|'), ('ము', 'U'), ('ల్పొం', 'U'), ('ది', '|'), ('నా', 'U'), ('వు', '|')]",0.7083333333333334,-1.0,1.0,0.75,0.375,-1.0
teytageethi,"గట్టిగా మైథిలినిఁ జెట్టఁ బట్టినట్టి-పౌరుషము లబ్బె నేనాఁటి పూరుషుఁడవొ
చిత్ర చిత్ర ప్రభావ దాక్షిణ్యభావ-హత విమతజీవ శ్రీకాకుళాంధ్రదేవ!",vupajaathi,Aandhranaayaka,"[('గ', 'U'), ('ట్టి', '|'), ('గా', 'U'), ('మై', 'U'), ('థి', '|'), ('లి', '|'), ('ని', '|'), ('జె', 'U'), ('ట్ట', '|'), ('బ', 'U'), ('ట్టి', '|'), ('న', 'U'), ('ట్టి', '|'), ('పౌ', 'U'), ('రు', '|'), ('ష', '|'), ('ము', '|'), ('ల', 'U'), ('బ్బె', '|'), ('నే', 'U'), ('నా', 'U'), ('టి', '|'), ('పూ', 'U'), ('రు', '|'), ('షు', '|'), ('డ', '|'), ('వొ', '|'), ('చి', '|'), ('త్ర', '|'), ('చి', '|'), ('త్ర', '|'), ('ప్ర', '|'), ('భా', 'U'), ('వ', '|'), ('దా', 'U'), ('క్షి', 'U'), ('ణ్య', '|'), ('భా', 'U'), ('వ', '|'), ('హ', '|'), ('త', '|'), ('వి', '|'), ('మ', '|'), ('త', '|'), ('జీ', 'U'), ('వ', '|'), ('శ్రీ', 'U'), ('కా', 'U'), ('కు', '|'), ('ళాం', 'U'), ('ధ్ర', '|'), ('దే', 'U'), ('వ', '|')]",0.7666666666666666,-1.0,1.0,0.8,0.5,-1.0
seesamu,"ధర్మవిఘాత మిద్ధర నీ వొనర్చిన- మూఁడులోకంబులు మ్రోసె నపుడె
జనకునికూఁతు నిచ్చను బెండ్లి యాడంగ- నరనాథకోటులు నవ్వి రపుడె
పుణ్యజనంబులఁ బోరి బాధింపంగ- సుర లద్భుతము నొంది చూచి రపుడె
సంతతాశ్రిత విభీషణు రాజుఁ జేయంగ- నల రవీంద్రులు సాక్షి నిలిచి రపుడె",vupajaathi,Aandhranaayaka,"[('ధ', 'U'), ('ర్మ', '|'), ('వి', '|'), ('ఘా', 'U'), ('త', '|'), ('మి', 'U'), ('ద్ధ', '|'), ('ర', '|'), ('నీ', 'U'), ('వొ', '|'), ('న', 'U'), ('ర్చి', '|'), ('న', '|'), ('మూ', 'U'), ('డు', '|'), ('లో', 'U'), ('కం', 'U'), ('బు', '|'), ('లు', '|'), ('మ్రో', 'U'), ('సె', '|'), ('న', '|'), ('పు', '|'), ('డె', '|'), ('జ', '|'), ('న', '|'), ('కు', '|'), ('ని', '|'), ('కూ', 'U'), ('తు', '|'), ('ని', 'U'), ('చ్చ', '|'), ('ను', '|'), ('బెం', 'U'), ('డ్లి', '|'), ('యా', 'U'), ('డం', 'U'), ('గ', '|'), ('న', '|'), ('ర', '|'), ('నా', 'U'), ('థ', '|'), ('కో', 'U'), ('టు', '|'), ('లు', '|'), ('న', 'U'), ('వ్వి', '|'), ('ర', '|'), ('పు', '|'), ('డె', '|'), ('పు', 'U'), ('ణ్య', '|'), ('జ', '|'), ('నం', 'U'), ('బు', '|'), ('ల', '|'), ('బో', 'U'), ('రి', '|'), ('బా', 'U'), ('ధిం', 'U'), ('పం', 'U'), ('గ', '|'), ('సు', '|'), ('ర', '|'), ('ల', 'U'), ('ద్భు', '|'), ('త', '|'), ('ము', '|'), ('నొం', 'U'), ('ది', '|'), ('చూ', 'U'), ('చి', '|'), ('ర', '|'), ('పు', '|'), ('డె', '|'), ('సం', 'U'), ('త', '|'), ('తా', 'U'), ('శ్రి', '|'), ('త', '|'), ('వి', '|'), ('భీ', 'U'), ('ష', '|'), ('ణు', '|'), ('రా', 'U'), ('జు', '|'), ('జే', 'U'), ('యం', 'U'), ('గ', '|'), ('న', '|'), ('ల', '|'), ('ర', '|'), ('వీం', 'U'), ('ద్రు', '|'), ('లు', '|'), ('సా', 'U'), ('క్షి', '|'), ('ని', '|'), ('లి', '|'), ('చి', '|'), ('ర', '|'), ('పు', '|'), ('డె', '|')]",1.0,-1.0,1.0,1.0,1.0,-1.0
teytageethi,"మంచినడవడి నడిచినా పెంచి చూడఁ-గీర్తి గల మూర్తివే యిట్టి వార్త లరయ
చిత్ర చిత్ర ప్రభావ దాక్షిణ్యభావ-హత విమతజీవ శ్రీకాకుళాంధ్రదేవ!",vupajaathi,Aandhranaayaka,"[('మం', 'U'), ('చి', '|'), ('న', '|'), ('డ', '|'), ('వ', '|'), ('డి', '|'), ('న', '|'), ('డి', '|'), ('చి', '|'), ('నా', 'U'), ('పెం', 'U'), ('చి', '|'), ('చూ', 'U'), ('డ', '|'), ('గీ', 'U'), ('ర్తి', '|'), ('గ', '|'), ('ల', '|'), ('మూ', 'U'), ('ర్తి', '|'), ('వే', 'U'), ('యి', 'U'), ('ట్టి', '|'), ('వా', 'U'), ('ర్త', '|'), ('ల', '|'), ('ర', '|'), ('య', '|'), ('చి', '|'), ('త్ర', '|'), ('చి', '|'), ('త్ర', '|'), ('ప్ర', '|'), ('భా', 'U'), ('వ', '|'), ('దా', 'U'), ('క్షి', 'U'), ('ణ్య', '|'), ('భా', 'U'), ('వ', '|'), ('హ', '|'), ('త', '|'), ('వి', '|'), ('మ', '|'), ('త', '|'), ('జీ', 'U'), ('వ', '|'), ('శ్రీ', 'U'), ('కా', 'U'), ('కు', '|'), ('ళాం', 'U'), ('ధ్ర', '|'), ('దే', 'U'), ('వ', '|')]",0.7666666666666666,-1.0,1.0,0.8,0.5,-1.0
seesamu,"నన్ముని నధ్వరసాఫల్యుఁ గావింప- జానకీపరిణయోత్సవము గలిగె
రవినందనునిఁ గీశరాజ్యాధిపతిఁ జేయ- సేతుబంధనకీర్తిఁ జెందఁ గలిగె
బహుదేవతాస్త్రీల బందిగంబులఁ బాపఁ- జెఱ నున్న వైదేహిఁ జెందఁ గలిగె
నలవిభీషణుని లంకాధినాథునిఁ జేయ- నెలమి నయోధ్య నీ వేలఁ గలిగె",vupajaathi,Aandhranaayaka,"[('న', 'U'), ('న్ము', '|'), ('ని', '|'), ('న', 'U'), ('ధ్వ', '|'), ('ర', '|'), ('సా', 'U'), ('ఫ', 'U'), ('ల్యు', '|'), ('గా', 'U'), ('విం', 'U'), ('ప', '|'), ('జా', 'U'), ('న', '|'), ('కీ', 'U'), ('ప', '|'), ('రి', '|'), ('ణ', '|'), ('యో', 'U'), ('త్స', '|'), ('వ', '|'), ('ము', '|'), ('గ', '|'), ('లి', '|'), ('గె', '|'), ('ర', '|'), ('వి', '|'), ('నం', 'U'), ('ద', '|'), ('ను', '|'), ('ని', '|'), ('గీ', 'U'), ('శ', '|'), ('రా', 'U'), ('జ్యా', 'U'), ('ధి', '|'), ('ప', '|'), ('తి', '|'), ('జే', 'U'), ('య', '|'), ('సే', 'U'), ('తు', '|'), ('బం', 'U'), ('ధ', '|'), ('న', '|'), ('కీ', 'U'), ('ర్తి', '|'), ('జెం', 'U'), ('ద', '|'), ('గ', '|'), ('లి', '|'), ('గె', '|'), ('బ', '|'), ('హు', '|'), ('దే', 'U'), ('వ', '|'), ('తా', 'U'), ('స్త్రీ', 'U'), ('ల', '|'), ('బం', 'U'), ('ది', '|'), ('గం', 'U'), ('బు', '|'), ('ల', '|'), ('బా', 'U'), ('ప', '|'), ('జె', '|'), ('ఱ', '|'), ('ను', 'U'), ('న్న', '|'), ('వై', 'U'), ('దే', 'U'), ('హి', '|'), ('జెం', 'U'), ('ద', '|'), ('గ', '|'), ('లి', '|'), ('గె', '|'), ('న', '|'), ('ల', '|'), ('వి', '|'), ('భీ', 'U'), ('ష', '|'), ('ణు', '|'), ('ని', '|'), ('లం', 'U'), ('కా', 'U'), ('ధి', '|'), ('నా', 'U'), ('థు', '|'), ('ని', '|'), ('జే', 'U'), ('య', '|'), ('నె', '|'), ('ల', '|'), ('మి', '|'), ('న', '|'), ('యో', 'U'), ('ధ్య', '|'), ('నీ', 'U'), ('వే', 'U'), ('ల', '|'), ('గ', '|'), ('లి', '|'), ('గె', '|')]",0.875,-1.0,1.0,1.0,0.625,-1.0
teytageethi,"నబ్బె నీకుఁ బరోపకారైన ఫలము-లంతియే కాక నీచేత నైన దేమి?
చిత్ర చిత్ర ప్రభావ దాక్షిణ్యభావ-హత విమతజీవ శ్రీకాకుళాంధ్రదేవ!",vupajaathi,Aandhranaayaka,"[('న', 'U'), ('బ్బె', '|'), ('నీ', 'U'), ('కు', '|'), ('బ', '|'), ('రో', 'U'), ('ప', '|'), ('కా', 'U'), ('రై', 'U'), ('న', '|'), ('ఫ', '|'), ('ల', '|'), ('ము', '|'), ('లం', 'U'), ('తి', '|'), ('యే', 'U'), ('కా', 'U'), ('క', '|'), ('నీ', 'U'), ('చే', 'U'), ('త', '|'), ('నై', 'U'), ('న', '|'), ('దే', 'U'), ('మి', '|'), ('చి', '|'), ('త్ర', '|'), ('చి', '|'), ('త్ర', '|'), ('ప్ర', '|'), ('భా', 'U'), ('వ', '|'), ('దా', 'U'), ('క్షి', 'U'), ('ణ్య', '|'), ('భా', 'U'), ('వ', '|'), ('హ', '|'), ('త', '|'), ('వి', '|'), ('మ', '|'), ('త', '|'), ('జీ', 'U'), ('వ', '|'), ('శ్రీ', 'U'), ('కా', 'U'), ('కు', '|'), ('ళాం', 'U'), ('ధ్ర', '|'), ('దే', 'U'), ('వ', '|')]",0.6,-1.0,1.0,0.8,0.0,-1.0
seesamu,"ఒకపినతల్లి మే లోర్వలే కనిచిన- విపినంబులకుఁ బోవు వెఱ్ఱి గలఁడె?
తండ్రి మృతుండైనఁ దనరాజ్య మత్తఱి- నేల రాకుండిన బేల గలఁడె?
యనుజుండు వల దన నాలిమాటలు విని- చెడుగిఱ్ఱిఁ బట్టఁ బో వెడఁగు గలఁడె?
పరదేశమున నుండి బలవద్విరోధంబు- బలిపించుకొన్న వెంగలియు గలఁడె?",vupajaathi,Aandhranaayaka,"[('ఒ', '|'), ('క', '|'), ('పి', '|'), ('న', '|'), ('త', 'U'), ('ల్లి', '|'), ('మే', 'U'), ('లో', 'U'), ('ర్వ', '|'), ('లే', 'U'), ('క', '|'), ('ని', '|'), ('చి', '|'), ('న', '|'), ('వి', '|'), ('పి', '|'), ('నం', 'U'), ('బు', '|'), ('ల', '|'), ('కు', '|'), ('బో', 'U'), ('వు', '|'), ('వె', 'U'), ('ఱ్ఱి', '|'), ('గ', '|'), ('ల', '|'), ('డె', '|'), ('తం', 'U'), ('డ్రి', '|'), ('మృ', '|'), ('తుం', 'U'), ('డై', 'U'), ('న', '|'), ('ద', '|'), ('న', '|'), ('రా', 'U'), ('జ్య', '|'), ('మ', 'U'), ('త్త', '|'), ('ఱి', '|'), ('నే', 'U'), ('ల', '|'), ('రా', 'U'), ('కుం', 'U'), ('డి', '|'), ('న', '|'), ('బే', 'U'), ('ల', '|'), ('గ', '|'), ('ల', '|'), ('డె', '|'), ('య', '|'), ('ను', '|'), ('జుం', 'U'), ('డు', '|'), ('వ', '|'), ('ల', '|'), ('ద', '|'), ('న', '|'), ('నా', 'U'), ('లి', '|'), ('మా', 'U'), ('ట', '|'), ('లు', '|'), ('వి', '|'), ('ని', '|'), ('చె', '|'), ('డు', '|'), ('గి', 'U'), ('ఱ్ఱి', '|'), ('బ', 'U'), ('ట్ట', '|'), ('బో', 'U'), ('వె', '|'), ('డ', '|'), ('గు', '|'), ('గ', '|'), ('ల', '|'), ('డె', '|'), ('ప', '|'), ('ర', '|'), ('దే', 'U'), ('శ', '|'), ('ము', '|'), ('న', '|'), ('నుం', 'U'), ('డి', '|'), ('బ', '|'), ('ల', '|'), ('వ', 'U'), ('ద్వి', '|'), ('రో', 'U'), ('ధం', 'U'), ('బు', '|'), ('బ', '|'), ('లి', '|'), ('పిం', 'U'), ('చు', '|'), ('కొ', 'U'), ('న్న', '|'), ('వెం', 'U'), ('గ', '|'), ('లి', '|'), ('యు', '|'), ('గ', '|'), ('ల', '|'), ('డె', '|')]",0.9166666666666666,-1.0,1.0,1.0,0.75,-1.0
teytageethi,"నీవు సేసినపను లిట్టి నేరుపరివె-జగదుపద్రవ మెట్లు పోఁ జఱచినావొ?
చిత్ర చిత్ర ప్రభావ దాక్షిణ్యభావ-హత విమతజీవ శ్రీకాకుళాంధ్రదేవ!",vupajaathi,Aandhranaayaka,"[('నీ', 'U'), ('వు', '|'), ('సే', 'U'), ('సి', '|'), ('న', '|'), ('ప', '|'), ('ను', '|'), ('లి', 'U'), ('ట్టి', '|'), ('నే', 'U'), ('రు', '|'), ('ప', '|'), ('రి', '|'), ('వె', '|'), ('జ', '|'), ('గ', '|'), ('దు', '|'), ('ప', '|'), ('ద్ర', '|'), ('వ', '|'), ('మె', 'U'), ('ట్లు', '|'), ('పో', 'U'), ('జ', '|'), ('ఱ', '|'), ('చి', '|'), ('నా', 'U'), ('వొ', '|'), ('చి', '|'), ('త్ర', '|'), ('చి', '|'), ('త్ర', '|'), ('ప్ర', '|'), ('భా', 'U'), ('వ', '|'), ('దా', 'U'), ('క్షి', 'U'), ('ణ్య', '|'), ('భా', 'U'), ('వ', '|'), ('హ', '|'), ('త', '|'), ('వి', '|'), ('మ', '|'), ('త', '|'), ('జీ', 'U'), ('వ', '|'), ('శ్రీ', 'U'), ('కా', 'U'), ('కు', '|'), ('ళాం', 'U'), ('ధ్ర', '|'), ('దే', 'U'), ('వ', '|')]",0.6833333333333332,-1.0,1.0,0.55,0.5,-1.0
seesamu,"నినుఁ గోరి కన్నతండ్రిని నీనిమిత్త మై- చింతించి మృతిఁ బొందఁ జేసినావు
నిను వని న్సేవింప ననుజు నాఁకటి కేమి- యొసఁగ కీవే పండ్లు మెసఁగినావు
నినుఁ గపు ల్గొల్చి తల్చినకార్య మీడేర్పఁ- బిదపవారలఁ జెట్లఁ బెట్టినావు
నిన్నుఁ బాయ కడవికిఁ జనుదేర నిల్లాలి- నొరుపంచఁ గొన్నాళు లుంచినావు",vupajaathi,Aandhranaayaka,"[('ని', '|'), ('ను', '|'), ('గో', 'U'), ('రి', '|'), ('క', 'U'), ('న్న', '|'), ('తం', 'U'), ('డ్రి', '|'), ('ని', '|'), ('నీ', 'U'), ('ని', '|'), ('మి', 'U'), ('త్త', '|'), ('మై', 'U'), ('చిం', 'U'), ('తిం', 'U'), ('చి', '|'), ('మృ', '|'), ('తి', '|'), ('బొం', 'U'), ('ద', '|'), ('జే', 'U'), ('సి', '|'), ('నా', 'U'), ('వు', '|'), ('ని', '|'), ('ను', '|'), ('వ', '|'), ('ని', 'U'), ('న్సే', 'U'), ('విం', 'U'), ('ప', '|'), ('న', '|'), ('ను', '|'), ('జు', '|'), ('నా', 'U'), ('క', '|'), ('టి', '|'), ('కే', 'U'), ('మి', '|'), ('యొ', '|'), ('స', '|'), ('గ', '|'), ('కీ', 'U'), ('వే', 'U'), ('పం', 'U'), ('డ్లు', '|'), ('మె', '|'), ('స', '|'), ('గి', '|'), ('నా', 'U'), ('వు', '|'), ('ని', '|'), ('ను', '|'), ('గ', '|'), ('పు', 'U'), ('ల్గొ', 'U'), ('ల్చి', '|'), ('త', 'U'), ('ల్చి', '|'), ('న', '|'), ('కా', 'U'), ('ర్య', '|'), ('మీ', 'U'), ('డే', 'U'), ('ర్ప', '|'), ('బి', '|'), ('ద', '|'), ('ప', '|'), ('వా', 'U'), ('ర', '|'), ('ల', '|'), ('జె', 'U'), ('ట్ల', '|'), ('బె', 'U'), ('ట్టి', '|'), ('నా', 'U'), ('వు', '|'), ('ని', 'U'), ('న్ను', '|'), ('బా', 'U'), ('య', '|'), ('క', '|'), ('డ', '|'), ('వి', '|'), ('కి', '|'), ('జ', '|'), ('ను', '|'), ('దే', 'U'), ('ర', '|'), ('ని', 'U'), ('ల్లా', 'U'), ('లి', '|'), ('నొ', '|'), ('రు', '|'), ('పం', 'U'), ('చ', '|'), ('గొ', 'U'), ('న్నా', 'U'), ('ళు', '|'), ('లుం', 'U'), ('చి', '|'), ('నా', 'U'), ('వు', '|')]",0.90625,-1.0,1.0,0.96875,0.75,-1.0
teytageethi,"రాజకళఁ జూచి ని న్నొక రాజు వనిన-మానుషం బేది? యిది యంత మాయ గాని
చిత్ర చిత్ర ప్రభావ దాక్షిణ్యభావ-హత విమతజీవ శ్రీకాకుళాంధ్రదేవ!",vupajaathi,Aandhranaayaka,"[('రా', 'U'), ('జ', '|'), ('క', '|'), ('ళ', '|'), ('జూ', 'U'), ('చి', '|'), ('ని', 'U'), ('న్నొ', '|'), ('క', '|'), ('రా', 'U'), ('జు', '|'), ('వ', '|'), ('ని', '|'), ('న', '|'), ('మా', 'U'), ('ను', '|'), ('షం', 'U'), ('బే', 'U'), ('ది', '|'), ('యి', '|'), ('ది', '|'), ('యం', 'U'), ('త', '|'), ('మా', 'U'), ('య', '|'), ('గా', 'U'), ('ని', '|'), ('చి', '|'), ('త్ర', '|'), ('చి', '|'), ('త్ర', '|'), ('ప్ర', '|'), ('భా', 'U'), ('వ', '|'), ('దా', 'U'), ('క్షి', 'U'), ('ణ్య', '|'), ('భా', 'U'), ('వ', '|'), ('హ', '|'), ('త', '|'), ('వి', '|'), ('మ', '|'), ('త', '|'), ('జీ', 'U'), ('వ', '|'), ('శ్రీ', 'U'), ('కా', 'U'), ('కు', '|'), ('ళాం', 'U'), ('ధ్ర', '|'), ('దే', 'U'), ('వ', '|')]",0.7666666666666666,-1.0,1.0,0.8,0.5,-1.0
seesamu,"కులగురుద్వేషి నొజ్జలుగ పెన్కొని కాచి- నిష్ఠురమంత్రము ల్నేర్చినావు
పూర్వదేవతలు కాపుర మున్నపురియందు- వంచించి యగ్గిఁ బెట్టించినావు
తాతలతరమునఁ ద్రవ్వించినపయోధి- పేరుగాఁ గొంత పూడ్పించినావు
మోస మౌ టెఱుఁగక మోహించి వచ్చిన- యెలనాగముక్కుఁ గోయించినావు",vupajaathi,Aandhranaayaka,"[('కు', '|'), ('ల', '|'), ('గు', '|'), ('రు', 'U'), ('ద్వే', 'U'), ('షి', '|'), ('నొ', 'U'), ('జ్జ', '|'), ('లు', '|'), ('గ', '|'), ('పె', 'U'), ('న్కొ', '|'), ('ని', '|'), ('కా', 'U'), ('చి', '|'), ('ని', 'U'), ('ష్ఠు', '|'), ('ర', '|'), ('మం', 'U'), ('త్ర', '|'), ('ము', 'U'), ('ల్నే', 'U'), ('ర్చి', '|'), ('నా', 'U'), ('వు', '|'), ('పూ', 'U'), ('ర్వ', '|'), ('దే', 'U'), ('వ', '|'), ('త', '|'), ('లు', '|'), ('కా', 'U'), ('పు', '|'), ('ర', '|'), ('ము', 'U'), ('న్న', '|'), ('పు', '|'), ('రి', '|'), ('యం', 'U'), ('దు', '|'), ('వం', 'U'), ('చిం', 'U'), ('చి', '|'), ('య', 'U'), ('గ్గి', '|'), ('బె', 'U'), ('ట్టిం', 'U'), ('చి', '|'), ('నా', 'U'), ('వు', '|'), ('తా', 'U'), ('త', '|'), ('ల', '|'), ('త', '|'), ('ర', '|'), ('ము', '|'), ('న', '|'), ('ద్ర', 'U'), ('వ్విం', 'U'), ('చి', '|'), ('న', '|'), ('ప', '|'), ('యో', 'U'), ('ధి', '|'), ('పే', 'U'), ('రు', '|'), ('గా', 'U'), ('గొం', 'U'), ('త', '|'), ('పూ', 'U'), ('డ్పిం', 'U'), ('చి', '|'), ('నా', 'U'), ('వు', '|'), ('మో', 'U'), ('స', '|'), ('మౌ', 'U'), ('టె', '|'), ('ఱు', '|'), ('గ', '|'), ('క', '|'), ('మో', 'U'), ('హిం', 'U'), ('చి', '|'), ('వ', 'U'), ('చ్చి', '|'), ('న', '|'), ('యె', '|'), ('ల', '|'), ('నా', 'U'), ('గ', '|'), ('ము', 'U'), ('క్కు', '|'), ('గో', 'U'), ('యిం', 'U'), ('చి', '|'), ('నా', 'U'), ('వు', '|')]",1.0,-1.0,1.0,1.0,1.0,-1.0
teytageethi,"బళిర! నీవంటిధార్మికుఁ బ్రస్తుతింపఁ-గొదువ లింకేమి కైవల్య మెదుట వచ్చు
చిత్ర చిత్ర ప్రభావ దాక్షిణ్యభావ-హత విమతజీవ శ్రీకాకుళాంధ్రదేవ!",vupajaathi,Aandhranaayaka,"[('బ', '|'), ('ళి', '|'), ('ర', '|'), ('నీ', 'U'), ('వం', 'U'), ('టి', '|'), ('ధా', 'U'), ('ర్మి', '|'), ('కు', '|'), ('బ్ర', 'U'), ('స్తు', '|'), ('తిం', 'U'), ('ప', '|'), ('గొ', '|'), ('దు', '|'), ('వ', '|'), ('లిం', 'U'), ('కే', 'U'), ('మి', '|'), ('కై', 'U'), ('వ', 'U'), ('ల్య', '|'), ('మె', '|'), ('దు', '|'), ('ట', '|'), ('వ', 'U'), ('చ్చు', '|'), ('చి', '|'), ('త్ర', '|'), ('చి', '|'), ('త్ర', '|'), ('ప్ర', '|'), ('భా', 'U'), ('వ', '|'), ('దా', 'U'), ('క్షి', 'U'), ('ణ్య', '|'), ('భా', 'U'), ('వ', '|'), ('హ', '|'), ('త', '|'), ('వి', '|'), ('మ', '|'), ('త', '|'), ('జీ', 'U'), ('వ', '|'), ('శ్రీ', 'U'), ('కా', 'U'), ('కు', '|'), ('ళాం', 'U'), ('ధ్ర', '|'), ('దే', 'U'), ('వ', '|')]",0.7666666666666666,-1.0,1.0,0.8,0.5,-1.0
seesamu,"శౌర్య మెక్కించి విశ్వామిత్రుఁ డూరకఁ- దొడరింపఁ దాటకఁ దునిమినావు
వైదేహి వాక్యనిర్భంధంబుఁ ద్రోయలే- కఱిముఱి మారీచు నఱికినావు
వెనుకంజ వైచిన విడువక పైకి రా- నరుదుగా ఖరుతలఁ దరిగినావు
మొఱ్ఱో యనుచు దేవమునులు వా రెన్నాళ్ళో- యనుసరింప దశాస్యుఁ దునిమినావు",vupajaathi,Aandhranaayaka,"[('శౌ', 'U'), ('ర్య', '|'), ('మె', 'U'), ('క్కిం', 'U'), ('చి', '|'), ('వి', 'U'), ('శ్వా', 'U'), ('మి', '|'), ('త్రు', '|'), ('డూ', 'U'), ('ర', '|'), ('క', '|'), ('దొ', '|'), ('డ', '|'), ('రిం', 'U'), ('ప', '|'), ('దా', 'U'), ('ట', '|'), ('క', '|'), ('దు', '|'), ('ని', '|'), ('మి', '|'), ('నా', 'U'), ('వు', '|'), ('వై', 'U'), ('దే', 'U'), ('హి', '|'), ('వా', 'U'), ('క్య', '|'), ('ని', 'U'), ('ర్భం', 'U'), ('ధం', 'U'), ('బు', '|'), ('ద్రో', 'U'), ('య', '|'), ('లే', 'U'), ('క', '|'), ('ఱి', '|'), ('ము', '|'), ('ఱి', '|'), ('మా', 'U'), ('రీ', 'U'), ('చు', '|'), ('న', '|'), ('ఱి', '|'), ('కి', '|'), ('నా', 'U'), ('వు', '|'), ('వె', '|'), ('ను', '|'), ('కం', 'U'), ('జ', '|'), ('వై', 'U'), ('చి', '|'), ('న', '|'), ('వి', '|'), ('డు', '|'), ('వ', '|'), ('క', '|'), ('పై', 'U'), ('కి', '|'), ('రా', 'U'), ('న', '|'), ('రు', '|'), ('దు', '|'), ('గా', 'U'), ('ఖ', '|'), ('రు', '|'), ('త', '|'), ('ల', '|'), ('ద', '|'), ('రి', '|'), ('గి', '|'), ('నా', 'U'), ('వు', '|'), ('మొ', 'U'), ('ఱ్ఱో', 'U'), ('య', '|'), ('ను', '|'), ('చు', '|'), ('దే', 'U'), ('వ', '|'), ('ము', '|'), ('ను', '|'), ('లు', '|'), ('వా', 'U'), ('రె', 'U'), ('న్నా', 'U'), ('ళ్ళో', 'U'), ('య', '|'), ('ను', '|'), ('స', '|'), ('రిం', 'U'), ('ప', '|'), ('ద', '|'), ('శా', 'U'), ('స్యు', '|'), ('దు', '|'), ('ని', '|'), ('మి', '|'), ('నా', 'U'), ('వు', '|')]",0.875,-1.0,1.0,0.875,0.75,-1.0
teytageethi,"కాని రోసంబు గలదె నిక్కముగ నీకు?-మనసు మెత్తనివాఁడ నే మనఁగ వచ్చు
చిత్ర చిత్ర ప్రభావ దాక్షిణ్యభావ-హత విమతజీవ శ్రీకాకుళాంధ్రదేవ!",vupajaathi,Aandhranaayaka,"[('కా', 'U'), ('ని', '|'), ('రో', 'U'), ('సం', 'U'), ('బు', '|'), ('గ', '|'), ('ల', '|'), ('దె', '|'), ('ని', 'U'), ('క్క', '|'), ('ము', '|'), ('గ', '|'), ('నీ', 'U'), ('కు', '|'), ('మ', '|'), ('న', '|'), ('సు', '|'), ('మె', 'U'), ('త్త', '|'), ('ని', '|'), ('వా', 'U'), ('డ', '|'), ('నే', 'U'), ('మ', '|'), ('న', '|'), ('గ', '|'), ('వ', 'U'), ('చ్చు', '|'), ('చి', '|'), ('త్ర', '|'), ('చి', '|'), ('త్ర', '|'), ('ప్ర', '|'), ('భా', 'U'), ('వ', '|'), ('దా', 'U'), ('క్షి', 'U'), ('ణ్య', '|'), ('భా', 'U'), ('వ', '|'), ('హ', '|'), ('త', '|'), ('వి', '|'), ('మ', '|'), ('త', '|'), ('జీ', 'U'), ('వ', '|'), ('శ్రీ', 'U'), ('కా', 'U'), ('కు', '|'), ('ళాం', 'U'), ('ధ్ర', '|'), ('దే', 'U'), ('వ', '|')]",0.7666666666666666,-1.0,1.0,0.8,0.5,-1.0
seesamu,"కొంచెపుఁ బని దాసి నించుక దండింపఁ- బగబట్టి యది యెన్నిపాట్లు వెట్టె
బలిమినిఁ బట్టి శూర్పణఖ నాసికఁ గోయ- నది నీకుఁ బిదప నెం తలఁతఁ దెచ్చె
జిన్నతనంబునఁ జెనకి పోఁ దోలిన- మారీచుఁ డొనరించె మాయ లెన్ని
నిరపరాధుని వాలి నురుశరాహతిఁ గూల్ప- వానియిల్లా లెంత వగచి తిట్టె",vupajaathi,Aandhranaayaka,"[('కొం', 'U'), ('చె', '|'), ('పు', '|'), ('బ', '|'), ('ని', '|'), ('దా', 'U'), ('సి', '|'), ('నిం', 'U'), ('చు', '|'), ('క', '|'), ('దం', 'U'), ('డిం', 'U'), ('ప', '|'), ('బ', '|'), ('గ', '|'), ('బ', 'U'), ('ట్టి', '|'), ('య', '|'), ('ది', '|'), ('యె', 'U'), ('న్ని', '|'), ('పా', 'U'), ('ట్లు', '|'), ('వె', 'U'), ('ట్టె', '|'), ('బ', '|'), ('లి', '|'), ('మి', '|'), ('ని', '|'), ('బ', 'U'), ('ట్టి', '|'), ('శూ', 'U'), ('ర్ప', '|'), ('ణ', '|'), ('ఖ', '|'), ('నా', 'U'), ('సి', '|'), ('క', '|'), ('గో', 'U'), ('య', '|'), ('న', '|'), ('ది', '|'), ('నీ', 'U'), ('కు', '|'), ('బి', '|'), ('ద', '|'), ('ప', '|'), ('నెం', 'U'), ('త', '|'), ('ల', '|'), ('త', '|'), ('దె', 'U'), ('చ్చె', '|'), ('జి', 'U'), ('న్న', '|'), ('త', '|'), ('నం', 'U'), ('బు', '|'), ('న', '|'), ('జె', '|'), ('న', '|'), ('కి', '|'), ('పో', 'U'), ('దో', 'U'), ('లి', '|'), ('న', '|'), ('మా', 'U'), ('రీ', 'U'), ('చు', '|'), ('డొ', '|'), ('న', '|'), ('రిం', 'U'), ('చె', '|'), ('మా', 'U'), ('య', '|'), ('లె', 'U'), ('న్ని', '|'), ('ని', '|'), ('ర', '|'), ('ప', '|'), ('రా', 'U'), ('ధు', '|'), ('ని', '|'), ('వా', 'U'), ('లి', '|'), ('ను', '|'), ('రు', '|'), ('శ', '|'), ('రా', 'U'), ('హ', '|'), ('తి', '|'), ('గూ', 'U'), ('ల్ప', '|'), ('వా', 'U'), ('ని', '|'), ('యి', 'U'), ('ల్లా', 'U'), ('లెం', 'U'), ('త', '|'), ('వ', '|'), ('గ', '|'), ('చి', '|'), ('తి', 'U'), ('ట్టె', '|')]",0.9583333333333334,-1.0,1.0,1.0,0.875,-1.0
teytageethi,"స్వామి వై యేమి యెఱుఁగవు స్వల్పకార్య-కారణంబున నెన్నెన్ని కతలు పుట్టె
చిత్ర చిత్ర ప్రభావ దాక్షిణ్యభావ-హత విమతజీవ శ్రీకాకుళాంధ్రదేవ!",vupajaathi,Aandhranaayaka,"[('స్వా', 'U'), ('మి', '|'), ('వై', 'U'), ('యే', 'U'), ('మి', '|'), ('యె', '|'), ('ఱు', '|'), ('గ', '|'), ('వు', 'U'), ('స్వ', 'U'), ('ల్ప', '|'), ('కా', 'U'), ('ర్య', '|'), ('కా', 'U'), ('ర', '|'), ('ణం', 'U'), ('బు', '|'), ('న', '|'), ('నె', 'U'), ('న్నె', 'U'), ('న్ని', '|'), ('క', '|'), ('త', '|'), ('లు', '|'), ('పు', 'U'), ('ట్టె', '|'), ('చి', '|'), ('త్ర', '|'), ('చి', '|'), ('త్ర', '|'), ('ప్ర', '|'), ('భా', 'U'), ('వ', '|'), ('దా', 'U'), ('క్షి', 'U'), ('ణ్య', '|'), ('భా', 'U'), ('వ', '|'), ('హ', '|'), ('త', '|'), ('వి', '|'), ('మ', '|'), ('త', '|'), ('జీ', 'U'), ('వ', '|'), ('శ్రీ', 'U'), ('కా', 'U'), ('కు', '|'), ('ళాం', 'U'), ('ధ్ర', '|'), ('దే', 'U'), ('వ', '|')]",0.7666666666666666,-1.0,1.0,0.8,0.5,-1.0
seesamu,"నీపేరు వినుటకే యోపక చెవిఁ గంట- గట్టుకున్నాతనిఁ గావ నేమి?
కలన నీతోఁ గత్తిఁ గట్టుక పోరాడు- వాని సోదరుని బ్రోవఁగ బ నేమి?
బాధింపఁ దగు మహాపాత కుండటుచేరి నీవాఁడ నంటె మన్నింప నేమి?
మాయవేసముల నీ మర్మ మారయుచున్న- విమత ధూతల బట్టి విడువ నేమి?",vupajaathi,Aandhranaayaka,"[('నీ', 'U'), ('పే', 'U'), ('రు', '|'), ('వి', '|'), ('ను', '|'), ('ట', '|'), ('కే', 'U'), ('యో', 'U'), ('ప', '|'), ('క', '|'), ('చె', '|'), ('వి', '|'), ('గం', 'U'), ('ట', '|'), ('గ', 'U'), ('ట్టు', '|'), ('కు', 'U'), ('న్నా', 'U'), ('త', '|'), ('ని', '|'), ('గా', 'U'), ('వ', '|'), ('నే', 'U'), ('మి', '|'), ('క', '|'), ('ల', '|'), ('న', '|'), ('నీ', 'U'), ('తో', 'U'), ('గ', 'U'), ('త్తి', '|'), ('గ', 'U'), ('ట్టు', '|'), ('క', '|'), ('పో', 'U'), ('రా', 'U'), ('డు', '|'), ('వా', 'U'), ('ని', '|'), ('సో', 'U'), ('ద', '|'), ('రు', '|'), ('ని', '|'), ('బ్రో', 'U'), ('వ', '|'), ('గ', '|'), ('బ', '|'), ('నే', 'U'), ('మి', '|'), ('బా', 'U'), ('ధిం', 'U'), ('ప', '|'), ('ద', '|'), ('గు', '|'), ('మ', '|'), ('హా', 'U'), ('పా', 'U'), ('త', '|'), ('కుం', 'U'), ('డ', '|'), ('టు', '|'), ('చే', 'U'), ('రి', '|'), ('నీ', 'U'), ('వా', 'U'), ('డ', '|'), ('నం', 'U'), ('టె', '|'), ('మ', 'U'), ('న్నిం', 'U'), ('ప', '|'), ('నే', 'U'), ('మి', '|'), ('మా', 'U'), ('య', '|'), ('వే', 'U'), ('స', '|'), ('ము', '|'), ('ల', '|'), ('నీ', 'U'), ('మ', 'U'), ('ర్మ', '|'), ('మా', 'U'), ('ర', '|'), ('యు', '|'), ('చు', 'U'), ('న్న', '|'), ('వి', '|'), ('మ', '|'), ('త', '|'), ('ధూ', 'U'), ('త', '|'), ('ల', '|'), ('బ', 'U'), ('ట్టి', '|'), ('వి', '|'), ('డు', '|'), ('వ', '|'), ('నే', 'U'), ('మి', '|')]",1.0,-1.0,1.0,1.0,1.0,-1.0
teytageethi,"పతిత శరణాగతావన ప్రకటదీక్ష-లోకముల కబ్బురంబుగ నీకె గలదొ?
చిత్ర చిత్ర ప్రభావ దాక్షిణ్యభావ-హత విమతజీవ శ్రీకాకుళాంధ్రదేవ!",vupajaathi,Aandhranaayaka,"[('ప', '|'), ('తి', '|'), ('త', '|'), ('శ', '|'), ('ర', '|'), ('ణా', 'U'), ('గ', '|'), ('తా', 'U'), ('వ', '|'), ('న', '|'), ('ప్ర', '|'), ('క', '|'), ('ట', '|'), ('దీ', 'U'), ('క్ష', '|'), ('లో', 'U'), ('క', '|'), ('ము', '|'), ('ల', '|'), ('క', 'U'), ('బ్బు', '|'), ('రం', 'U'), ('బు', '|'), ('గ', '|'), ('నీ', 'U'), ('కె', '|'), ('గ', '|'), ('ల', '|'), ('దొ', '|'), ('చి', '|'), ('త్ర', '|'), ('చి', '|'), ('త్ర', '|'), ('ప్ర', '|'), ('భా', 'U'), ('వ', '|'), ('దా', 'U'), ('క్షి', 'U'), ('ణ్య', '|'), ('భా', 'U'), ('వ', '|'), ('హ', '|'), ('త', '|'), ('వి', '|'), ('మ', '|'), ('త', '|'), ('జీ', 'U'), ('వ', '|'), ('శ్రీ', 'U'), ('కా', 'U'), ('కు', '|'), ('ళాం', 'U'), ('ధ్ర', '|'), ('దే', 'U'), ('వ', '|')]",0.7666666666666666,-1.0,1.0,0.8,0.5,-1.0
seesamu,"పఱపిన శస్త్రంబె బహుముఖంబుల దైత్య- వాహినీమర్మము ల్వ్రచ్చి వెడల
ముందు దూసిన బాణమునకన్న సరి మించి- వెనుకమ్ము దైత్యుల విఱుగఁ బొడువ
నేసినమార్గణం బెదు రెక్కి యితరాస్త్ర- మడఁచి క్రవ్యాదుల మగుడఁ జేయ
నిగిడించిన శరంబె నిర్జరారులఁ ద్రుంచి- తొడిఁదొడిఁ దనకుఁ దా దొసకుఁ జేరఁ",vupajaathi,Aandhranaayaka,"[('ప', '|'), ('ఱ', '|'), ('పి', '|'), ('న', '|'), ('శ', 'U'), ('స్త్రం', 'U'), ('బె', '|'), ('బ', '|'), ('హు', '|'), ('ము', '|'), ('ఖం', 'U'), ('బు', '|'), ('ల', '|'), ('దై', 'U'), ('త్య', '|'), ('వా', 'U'), ('హి', '|'), ('నీ', 'U'), ('మ', 'U'), ('ర్మ', '|'), ('ము', 'U'), ('ల్వ్ర', 'U'), ('చ్చి', '|'), ('వె', '|'), ('డ', '|'), ('ల', '|'), ('ముం', 'U'), ('దు', '|'), ('దూ', 'U'), ('సి', '|'), ('న', '|'), ('బా', 'U'), ('ణ', '|'), ('ము', '|'), ('న', '|'), ('క', 'U'), ('న్న', '|'), ('స', '|'), ('రి', '|'), ('మిం', 'U'), ('చి', '|'), ('వె', '|'), ('ను', '|'), ('క', 'U'), ('మ్ము', '|'), ('దై', 'U'), ('త్యు', '|'), ('ల', '|'), ('వి', '|'), ('ఱు', '|'), ('గ', '|'), ('బొ', '|'), ('డు', '|'), ('వ', '|'), ('నే', 'U'), ('సి', '|'), ('న', '|'), ('మా', 'U'), ('ర్గ', '|'), ('ణం', 'U'), ('బె', '|'), ('దు', '|'), ('రె', 'U'), ('క్కి', '|'), ('యి', '|'), ('త', '|'), ('రా', 'U'), ('స్త్ర', '|'), ('మ', '|'), ('డ', '|'), ('చి', '|'), ('క్ర', 'U'), ('వ్యా', 'U'), ('దు', '|'), ('ల', '|'), ('మ', '|'), ('గు', '|'), ('డ', '|'), ('జే', 'U'), ('య', '|'), ('ని', '|'), ('గి', '|'), ('డిం', 'U'), ('చి', '|'), ('న', '|'), ('శ', '|'), ('రం', 'U'), ('బె', '|'), ('ని', 'U'), ('ర్జ', '|'), ('రా', 'U'), ('రు', '|'), ('ల', '|'), ('ద్రుం', 'U'), ('చి', '|'), ('తొ', '|'), ('డి', '|'), ('దొ', '|'), ('డి', '|'), ('ద', '|'), ('న', '|'), ('కు', '|'), ('దా', 'U'), ('దొ', '|'), ('స', '|'), ('కు', '|'), ('జే', 'U'), ('ర', '|')]",0.9583333333333334,-1.0,1.0,1.0,0.875,-1.0
teytageethi,"దొలఁగి రసురులు కొంత నీబలిమి దెలిసె-ముష్టి నీ దెంత నీయస్త్రములదె వింత
చిత్ర చిత్ర ప్రభావ దాక్షిణ్యభావ-హత విమతజీవ శ్రీకాకుళాంధ్రదేవ!",vupajaathi,Aandhranaayaka,"[('దొ', '|'), ('ల', '|'), ('గి', '|'), ('ర', '|'), ('సు', '|'), ('రు', '|'), ('లు', '|'), ('కొం', 'U'), ('త', '|'), ('నీ', 'U'), ('బ', '|'), ('లి', '|'), ('మి', '|'), ('దె', '|'), ('లి', '|'), ('సె', '|'), ('ము', 'U'), ('ష్టి', '|'), ('నీ', 'U'), ('దెం', 'U'), ('త', '|'), ('నీ', 'U'), ('య', 'U'), ('స్త్ర', '|'), ('ము', '|'), ('ల', '|'), ('దె', '|'), ('విం', 'U'), ('త', '|'), ('చి', '|'), ('త్ర', '|'), ('చి', '|'), ('త్ర', '|'), ('ప్ర', '|'), ('భా', 'U'), ('వ', '|'), ('దా', 'U'), ('క్షి', 'U'), ('ణ్య', '|'), ('భా', 'U'), ('వ', '|'), ('హ', '|'), ('త', '|'), ('వి', '|'), ('మ', '|'), ('త', '|'), ('జీ', 'U'), ('వ', '|'), ('శ్రీ', 'U'), ('కా', 'U'), ('కు', '|'), ('ళాం', 'U'), ('ధ్ర', '|'), ('దే', 'U'), ('వ', '|')]",0.7666666666666666,-1.0,1.0,0.8,0.5,-1.0
seesamu,"అడవిలోఁ దెరువర్ల నుడుగక తినుచున్న- యాఁడుదాని వధించు టర్హ మగునె?
చిక్కినవారికిఁ జేతు లెంతయుఁ జాఁచు- మొండివాని వధించ ముఖ్య మగునె?
యెక్క డెక్కడ నైన నేఱుక తినుకాకి- కన్ను బోఁ బొడుచుట ఘనగుణంబె?
కడు వ్రేటుఁ బడి గడ్డి కఱచినఁ మారీచుఁ- దఱిమి బాధించుట నెఱతనంబె?",vupajaathi,Aandhranaayaka,"[('అ', '|'), ('డ', '|'), ('వి', '|'), ('లో', 'U'), ('దె', '|'), ('రు', '|'), ('వ', 'U'), ('ర్ల', '|'), ('ను', '|'), ('డు', '|'), ('గ', '|'), ('క', '|'), ('తి', '|'), ('ను', '|'), ('చు', 'U'), ('న్న', '|'), ('యా', 'U'), ('డు', '|'), ('దా', 'U'), ('ని', '|'), ('వ', '|'), ('ధిం', 'U'), ('చు', '|'), ('ట', 'U'), ('ర్హ', '|'), ('మ', '|'), ('గు', '|'), ('నె', '|'), ('చి', 'U'), ('క్కి', '|'), ('న', '|'), ('వా', 'U'), ('రి', '|'), ('కి', '|'), ('జే', 'U'), ('తు', '|'), ('లెం', 'U'), ('త', '|'), ('యు', '|'), ('జా', 'U'), ('చు', '|'), ('మొం', 'U'), ('డి', '|'), ('వా', 'U'), ('ని', '|'), ('వ', '|'), ('ధిం', 'U'), ('చ', '|'), ('ము', 'U'), ('ఖ్య', '|'), ('మ', '|'), ('గు', '|'), ('నె', '|'), ('యె', 'U'), ('క్క', '|'), ('డె', 'U'), ('క్క', '|'), ('డ', '|'), ('నై', 'U'), ('న', '|'), ('నే', 'U'), ('ఱు', '|'), ('క', '|'), ('తి', '|'), ('ను', '|'), ('కా', 'U'), ('కి', '|'), ('క', 'U'), ('న్ను', '|'), ('బో', 'U'), ('బొ', '|'), ('డు', '|'), ('చు', '|'), ('ట', '|'), ('ఘ', '|'), ('న', '|'), ('గు', '|'), ('ణం', 'U'), ('బె', '|'), ('క', '|'), ('డు', '|'), ('వ్రే', 'U'), ('టు', '|'), ('బ', '|'), ('డి', '|'), ('గ', 'U'), ('డ్డి', '|'), ('క', '|'), ('ఱ', '|'), ('చి', '|'), ('న', '|'), ('మా', 'U'), ('రీ', 'U'), ('చు', '|'), ('ద', '|'), ('ఱి', '|'), ('మి', '|'), ('బా', 'U'), ('ధిం', 'U'), ('చు', '|'), ('ట', '|'), ('నె', '|'), ('ఱ', '|'), ('త', '|'), ('నం', 'U'), ('బె', '|')]",0.9166666666666666,-1.0,1.0,1.0,0.75,-1.0
teytageethi,"యెవ్వ రేరాజు లొనరించి రిట్టిపనులు?-చేసితివి యింక నె ద్దేని సేయఁగలవు!
చిత్ర చిత్ర ప్రభావ దాక్షిణ్యభావ-హత విమతజీవ శ్రీకాకుళాంధ్రదేవ!",vupajaathi,Aandhranaayaka,"[('యె', 'U'), ('వ్వ', '|'), ('రే', 'U'), ('రా', 'U'), ('జు', '|'), ('లొ', '|'), ('న', '|'), ('రిం', 'U'), ('చి', '|'), ('రి', 'U'), ('ట్టి', '|'), ('ప', '|'), ('ను', '|'), ('లు', '|'), ('చే', 'U'), ('సి', '|'), ('తి', '|'), ('వి', '|'), ('యిం', 'U'), ('క', '|'), ('నె', 'U'), ('ద్దే', 'U'), ('ని', '|'), ('సే', 'U'), ('య', '|'), ('గ', '|'), ('ల', '|'), ('వు', '|'), ('చి', '|'), ('త్ర', '|'), ('చి', '|'), ('త్ర', '|'), ('ప్ర', '|'), ('భా', 'U'), ('వ', '|'), ('దా', 'U'), ('క్షి', 'U'), ('ణ్య', '|'), ('భా', 'U'), ('వ', '|'), ('హ', '|'), ('త', '|'), ('వి', '|'), ('మ', '|'), ('త', '|'), ('జీ', 'U'), ('వ', '|'), ('శ్రీ', 'U'), ('కా', 'U'), ('కు', '|'), ('ళాం', 'U'), ('ధ్ర', '|'), ('దే', 'U'), ('వ', '|')]",0.6833333333333332,-1.0,1.0,0.8,0.25,-1.0
seesamu,"రాజకార్యపరుండు తేజోబలాధికుఁ- డాంజనేయుఁడు భృత్యుఁ డగుటఁ జేసి
యమితశౌర్యుఁడు ప్లవంగమకులేశుఁ డినజుఁ- డఱ లేని స్నేహితుఁడగుటఁ జేసి
విమతమర్మజ్ఞుండు విశ్వాసభరితాత్ముఁ- డల విభీషణుఁ డాప్తుఁ డగుటఁ జేసి
సుమనస్కు లమనస్కు లమృతవాక్యంబులన్‌- బొసఁగ నాశీర్వదించుట జేసి",vupajaathi,Aandhranaayaka,"[('రా', 'U'), ('జ', '|'), ('కా', 'U'), ('ర్య', '|'), ('ప', '|'), ('రుం', 'U'), ('డు', '|'), ('తే', 'U'), ('జో', 'U'), ('బ', '|'), ('లా', 'U'), ('ధి', '|'), ('కు', '|'), ('డాం', 'U'), ('జ', '|'), ('నే', 'U'), ('యు', '|'), ('డు', '|'), ('భృ', 'U'), ('త్యు', '|'), ('డ', '|'), ('గు', '|'), ('ట', '|'), ('జే', 'U'), ('సి', '|'), ('య', '|'), ('మి', '|'), ('త', '|'), ('శౌ', 'U'), ('ర్యు', '|'), ('డు', 'U'), ('ప్ల', '|'), ('వం', 'U'), ('గ', '|'), ('మ', '|'), ('కు', '|'), ('లే', 'U'), ('శు', '|'), ('డి', '|'), ('న', '|'), ('జు', '|'), ('డ', '|'), ('ఱ', '|'), ('లే', 'U'), ('ని', 'U'), ('స్నే', 'U'), ('హి', '|'), ('తు', '|'), ('డ', '|'), ('గు', '|'), ('ట', '|'), ('జే', 'U'), ('సి', '|'), ('వి', '|'), ('మ', '|'), ('త', '|'), ('మ', 'U'), ('ర్మ', 'U'), ('జ్ఞుం', 'U'), ('డు', '|'), ('వి', 'U'), ('శ్వా', 'U'), ('స', '|'), ('భ', '|'), ('రి', '|'), ('తా', 'U'), ('త్ము', '|'), ('డ', '|'), ('ల', '|'), ('వి', '|'), ('భీ', 'U'), ('ష', '|'), ('ణు', '|'), ('డా', 'U'), ('ప్తు', '|'), ('డ', '|'), ('గు', '|'), ('ట', '|'), ('జే', 'U'), ('సి', '|'), ('సు', '|'), ('మ', '|'), ('న', 'U'), ('స్కు', '|'), ('ల', '|'), ('మ', '|'), ('న', 'U'), ('స్కు', '|'), ('ల', '|'), ('మృ', '|'), ('త', '|'), ('వా', 'U'), ('క్యం', 'U'), ('బు', '|'), ('ల', 'U'), ('న్బొ', '|'), ('స', '|'), ('గ', '|'), ('నా', 'U'), ('శీ', 'U'), ('ర్వ', '|'), ('దిం', 'U'), ('చు', '|'), ('ట', '|'), ('జే', 'U'), ('సి', '|')]",0.9166666666666666,-1.0,1.0,0.875,0.875,-1.0
teytageethi,"లంక సాధించితివి గాని లావుచేత-నిర్జరారుల గెలువంగ నీతరంబె?
చిత్ర చిత్ర ప్రభావ దాక్షిణ్యభావ-హత విమతజీవ శ్రీకాకుళాంధ్రదేవ!",vupajaathi,Aandhranaayaka,"[('లం', 'U'), ('క', '|'), ('సా', 'U'), ('ధిం', 'U'), ('చి', '|'), ('తి', '|'), ('వి', '|'), ('గా', 'U'), ('ని', '|'), ('లా', 'U'), ('వు', '|'), ('చే', 'U'), ('త', '|'), ('ని', 'U'), ('ర్జ', '|'), ('రా', 'U'), ('రు', '|'), ('ల', '|'), ('గె', '|'), ('లు', '|'), ('వం', 'U'), ('గ', '|'), ('నీ', 'U'), ('త', '|'), ('రం', 'U'), ('బె', '|'), ('చి', '|'), ('త్ర', '|'), ('చి', '|'), ('త్ర', '|'), ('ప్ర', '|'), ('భా', 'U'), ('వ', '|'), ('దా', 'U'), ('క్షి', 'U'), ('ణ్య', '|'), ('భా', 'U'), ('వ', '|'), ('హ', '|'), ('త', '|'), ('వి', '|'), ('మ', '|'), ('త', '|'), ('జీ', 'U'), ('వ', '|'), ('శ్రీ', 'U'), ('కా', 'U'), ('కు', '|'), ('ళాం', 'U'), ('ధ్ర', '|'), ('దే', 'U'), ('వ', '|')]",0.7666666666666666,-1.0,1.0,0.8,0.5,-1.0
seesamu,"నడువఁజాల దని జానకి నెత్తుకొని ముందు- నడచు విరాధుని నఱకు టేమి?
చనవున వైదేహి చనుబిడ్డవలెఁ నోటఁ- బట్టిన యైంద్రికన్గొట్టు టేమి?
సీత సంతోషింపఁ జిత్రవేషముఁ దాల్చి- తిరుగు మారీచుని నరుకు టేమి?
తల్లినివలెఁ దెచ్చి ధరణీజను నశోక- వని నిల్ప రావఁణు దునుము టేమి?",vupajaathi,Aandhranaayaka,"[('న', '|'), ('డు', '|'), ('వ', '|'), ('జా', 'U'), ('ల', '|'), ('ద', '|'), ('ని', '|'), ('జా', 'U'), ('న', '|'), ('కి', '|'), ('నె', 'U'), ('త్తు', '|'), ('కొ', '|'), ('ని', '|'), ('ముం', 'U'), ('దు', '|'), ('న', '|'), ('డ', '|'), ('చు', '|'), ('వి', '|'), ('రా', 'U'), ('ధు', '|'), ('ని', '|'), ('న', '|'), ('ఱ', '|'), ('కు', '|'), ('టే', 'U'), ('మి', '|'), ('చ', '|'), ('న', '|'), ('వు', '|'), ('న', '|'), ('వై', 'U'), ('దే', 'U'), ('హి', '|'), ('చ', '|'), ('ను', '|'), ('బి', 'U'), ('డ్డ', '|'), ('వ', '|'), ('లె', '|'), ('నో', 'U'), ('ట', '|'), ('బ', 'U'), ('ట్టి', '|'), ('న', '|'), ('యైం', 'U'), ('ద్రి', '|'), ('క', 'U'), ('న్గొ', 'U'), ('ట్టు', '|'), ('టే', 'U'), ('మి', '|'), ('సీ', 'U'), ('త', '|'), ('సం', 'U'), ('తో', 'U'), ('షిం', 'U'), ('ప', '|'), ('జి', '|'), ('త్ర', '|'), ('వే', 'U'), ('ష', '|'), ('ము', '|'), ('దా', 'U'), ('ల్చి', '|'), ('తి', '|'), ('రు', '|'), ('గు', '|'), ('మా', 'U'), ('రీ', 'U'), ('చు', '|'), ('ని', '|'), ('న', '|'), ('రు', '|'), ('కు', '|'), ('టే', 'U'), ('మి', '|'), ('త', 'U'), ('ల్లి', '|'), ('ని', '|'), ('వ', '|'), ('లె', '|'), ('దె', 'U'), ('చ్చి', '|'), ('ధ', '|'), ('ర', '|'), ('ణీ', 'U'), ('జ', '|'), ('ను', '|'), ('న', '|'), ('శో', 'U'), ('క', '|'), ('వ', '|'), ('ని', '|'), ('ని', 'U'), ('ల్ప', '|'), ('రా', 'U'), ('వ', '|'), ('ణు', '|'), ('దు', '|'), ('ను', '|'), ('ము', '|'), ('టే', 'U'), ('మి', '|')]",0.8125,-1.0,1.0,0.8125,0.625,-1.0
teytageethi,"కోప మిటు లేమి? వారు మహాపరాధు-లైన ముక్తిప్రసాదార్హు లగుట యేమి?
చిత్ర చిత్ర ప్రభావ దాక్షిణ్యభావ-హత విమతజీవ శ్రీకాకుళాంధ్రదేవ!",vupajaathi,Aandhranaayaka,"[('కో', 'U'), ('ప', '|'), ('మి', '|'), ('టు', '|'), ('లే', 'U'), ('మి', '|'), ('వా', 'U'), ('రు', '|'), ('మ', '|'), ('హా', 'U'), ('ప', '|'), ('రా', 'U'), ('ధు', '|'), ('లై', 'U'), ('న', '|'), ('ము', 'U'), ('క్తి', '|'), ('ప్ర', '|'), ('సా', 'U'), ('దా', 'U'), ('ర్హు', '|'), ('ల', '|'), ('గు', '|'), ('ట', '|'), ('యే', 'U'), ('మి', '|'), ('చి', '|'), ('త్ర', '|'), ('చి', '|'), ('త్ర', '|'), ('ప్ర', '|'), ('భా', 'U'), ('వ', '|'), ('దా', 'U'), ('క్షి', 'U'), ('ణ్య', '|'), ('భా', 'U'), ('వ', '|'), ('హ', '|'), ('త', '|'), ('వి', '|'), ('మ', '|'), ('త', '|'), ('జీ', 'U'), ('వ', '|'), ('శ్రీ', 'U'), ('కా', 'U'), ('కు', '|'), ('ళాం', 'U'), ('ధ్ర', '|'), ('దే', 'U'), ('వ', '|')]",0.7666666666666666,-1.0,1.0,0.8,0.5,-1.0
seesamu,"వరరాజ్యకాంక్షలోఁ బట్టకుండెద వైన- సుగ్రీవునగరంబుఁ జూడరాదె?
పరధనంబున కాస పడక యుండెద వైన- నాలంక నొకరాయి యంటరాదె?
పరయోష పై నిచ్చఁబాయ కుండెద వైన- నల శూర్పణఖముక్కు నిలుపరాదె?
పరదానవులఁ ద్రుంపఁ బంతగించెద వైన- మూల దైత్యులఁ దోలి పుచ్చరాదె?",vupajaathi,Aandhranaayaka,"[('వ', '|'), ('ర', '|'), ('రా', 'U'), ('జ్య', '|'), ('కాం', 'U'), ('క్ష', '|'), ('లో', 'U'), ('బ', 'U'), ('ట్ట', '|'), ('కుం', 'U'), ('డె', '|'), ('ద', '|'), ('వై', 'U'), ('న', '|'), ('సు', '|'), ('గ్రీ', 'U'), ('వు', '|'), ('న', '|'), ('గ', '|'), ('రం', 'U'), ('బు', '|'), ('జూ', 'U'), ('డ', '|'), ('రా', 'U'), ('దె', '|'), ('ప', '|'), ('ర', '|'), ('ధ', '|'), ('నం', 'U'), ('బు', '|'), ('న', '|'), ('కా', 'U'), ('స', '|'), ('ప', '|'), ('డ', '|'), ('క', '|'), ('యుం', 'U'), ('డె', '|'), ('ద', '|'), ('వై', 'U'), ('న', '|'), ('నా', 'U'), ('లం', 'U'), ('క', '|'), ('నొ', '|'), ('క', '|'), ('రా', 'U'), ('యి', '|'), ('యం', 'U'), ('ట', '|'), ('రా', 'U'), ('దె', '|'), ('ప', '|'), ('ర', '|'), ('యో', 'U'), ('ష', '|'), ('పై', 'U'), ('ని', 'U'), ('చ్చ', '|'), ('బా', 'U'), ('య', '|'), ('కుం', 'U'), ('డె', '|'), ('ద', '|'), ('వై', 'U'), ('న', '|'), ('న', '|'), ('ల', '|'), ('శూ', 'U'), ('ర్ప', '|'), ('ణ', '|'), ('ఖ', '|'), ('ము', 'U'), ('క్కు', '|'), ('ని', '|'), ('లు', '|'), ('ప', '|'), ('రా', 'U'), ('దె', '|'), ('ప', '|'), ('ర', '|'), ('దా', 'U'), ('న', '|'), ('వు', '|'), ('ల', '|'), ('ద్రుం', 'U'), ('ప', '|'), ('బం', 'U'), ('త', '|'), ('గిం', 'U'), ('చె', '|'), ('ద', '|'), ('వై', 'U'), ('న', '|'), ('మూ', 'U'), ('ల', '|'), ('దై', 'U'), ('త్యు', '|'), ('ల', '|'), ('దో', 'U'), ('లి', '|'), ('పు', 'U'), ('చ్చ', '|'), ('రా', 'U'), ('దె', '|')]",0.5625,-1.0,1.0,0.6875,0.0,-1.0
teytageethi,"చేసిన ప్రతిజ్ఞలో నొండు వీస మైనఁ-దప్పు వోకుండ నడచిన ధార్మికుఁడవొ!
చిత్ర చిత్ర ప్రభావ దాక్షిణ్యభావ-హత విమతజీవ శ్రీకాకుళాంధ్రదేవ!",vupajaathi,Aandhranaayaka,"[('చే', 'U'), ('సి', '|'), ('న', '|'), ('ప్ర', '|'), ('తి', 'U'), ('జ్ఞ', '|'), ('లో', 'U'), ('నొం', 'U'), ('డు', '|'), ('వీ', 'U'), ('స', '|'), ('మై', 'U'), ('న', '|'), ('ద', 'U'), ('ప్పు', '|'), ('వో', 'U'), ('కుం', 'U'), ('డ', '|'), ('న', '|'), ('డ', '|'), ('చి', '|'), ('న', '|'), ('ధా', 'U'), ('ర్మి', '|'), ('కు', '|'), ('డ', '|'), ('వొ', '|'), ('చి', '|'), ('త్ర', '|'), ('చి', '|'), ('త్ర', '|'), ('ప్ర', '|'), ('భా', 'U'), ('వ', '|'), ('దా', 'U'), ('క్షి', 'U'), ('ణ్య', '|'), ('భా', 'U'), ('వ', '|'), ('హ', '|'), ('త', '|'), ('వి', '|'), ('మ', '|'), ('త', '|'), ('జీ', 'U'), ('వ', '|'), ('శ్రీ', 'U'), ('కా', 'U'), ('కు', '|'), ('ళాం', 'U'), ('ధ్ర', '|'), ('దే', 'U'), ('వ', '|')]",0.7666666666666666,-1.0,1.0,0.8,0.5,-1.0
seesamu,"నిర్దయాత్ములె కాని నిత్యాగ్ని హోత్రాది- కర్మనైష్ఠికులైన ఘనులు గారె?
శుచిశూన్యులే కాని శ్రుత్యాదిపాఠక- ప్రకటవేదార్థబోధకులు గారె?
సత్యహీనులె కాని చంద్రశేఖరపాద-పద్మపూజానందపరులు గారె?
మాయికులే గాని మంత్ర ప్రయోగోప- సంహరణ క్రియాచణులు గారె?",vupajaathi,Aandhranaayaka,"[('ని', 'U'), ('ర్ద', '|'), ('యా', 'U'), ('త్ము', '|'), ('లె', '|'), ('కా', 'U'), ('ని', '|'), ('ని', 'U'), ('త్యా', 'U'), ('గ్ని', '|'), ('హో', 'U'), ('త్రా', 'U'), ('ది', '|'), ('క', 'U'), ('ర్మ', '|'), ('నై', 'U'), ('ష్ఠి', '|'), ('కు', '|'), ('లై', 'U'), ('న', '|'), ('ఘ', '|'), ('ను', '|'), ('లు', '|'), ('గా', 'U'), ('రె', '|'), ('శు', '|'), ('చి', '|'), ('శూ', 'U'), ('న్యు', '|'), ('లే', 'U'), ('కా', 'U'), ('ని', '|'), ('శ్రు', 'U'), ('త్యా', 'U'), ('ది', '|'), ('పా', 'U'), ('ఠ', '|'), ('క', '|'), ('ప్ర', '|'), ('క', '|'), ('ట', '|'), ('వే', 'U'), ('దా', 'U'), ('ర్థ', '|'), ('బో', 'U'), ('ధ', '|'), ('కు', '|'), ('లు', '|'), ('గా', 'U'), ('రె', '|'), ('స', 'U'), ('త్య', '|'), ('హీ', 'U'), ('ను', '|'), ('లె', '|'), ('కా', 'U'), ('ని', '|'), ('చం', 'U'), ('ద్ర', '|'), ('శే', 'U'), ('ఖ', '|'), ('ర', '|'), ('పా', 'U'), ('ద', '|'), ('ప', 'U'), ('ద్మ', '|'), ('పూ', 'U'), ('జా', 'U'), ('నం', 'U'), ('ద', '|'), ('ప', '|'), ('రు', '|'), ('లు', '|'), ('గా', 'U'), ('రె', '|'), ('మా', 'U'), ('యి', '|'), ('కు', '|'), ('లే', 'U'), ('గా', 'U'), ('ని', '|'), ('మం', 'U'), ('త్ర', '|'), ('ప్ర', '|'), ('యో', 'U'), ('గో', 'U'), ('ప', '|'), ('సం', 'U'), ('హ', '|'), ('ర', '|'), ('ణ', '|'), ('క్రి', '|'), ('యా', 'U'), ('చ', '|'), ('ణు', '|'), ('లు', '|'), ('గా', 'U'), ('రె', '|')]",0.9375,-1.0,1.0,0.9375,0.875,-1.0
teytageethi,"కులము బ్రాహ్మణ్య మగు దైత్యకులము నెట్లు-గూల్చితివి బ్రహ్మహత్యకు గొంక కహహ?
చిత్ర చిత్ర ప్రభావ దాక్షిణ్యభావ-హత విమతజీవ శ్రీకాకుళాంధ్రదేవ!",vupajaathi,Aandhranaayaka,"[('కు', '|'), ('ల', '|'), ('ము', '|'), ('బ్రా', 'U'), ('హ్మ', 'U'), ('ణ్య', '|'), ('మ', '|'), ('గు', '|'), ('దై', 'U'), ('త్య', '|'), ('కు', '|'), ('ల', '|'), ('ము', '|'), ('నె', 'U'), ('ట్లు', '|'), ('గూ', 'U'), ('ల్చి', '|'), ('తి', '|'), ('వి', '|'), ('బ్ర', 'U'), ('హ్మ', '|'), ('హ', 'U'), ('త్య', '|'), ('కు', '|'), ('గొం', 'U'), ('క', '|'), ('క', '|'), ('హ', '|'), ('హ', '|'), ('చి', '|'), ('త్ర', '|'), ('చి', '|'), ('త్ర', '|'), ('ప్ర', '|'), ('భా', 'U'), ('వ', '|'), ('దా', 'U'), ('క్షి', 'U'), ('ణ్య', '|'), ('భా', 'U'), ('వ', '|'), ('హ', '|'), ('త', '|'), ('వి', '|'), ('మ', '|'), ('త', '|'), ('జీ', 'U'), ('వ', '|'), ('శ్రీ', 'U'), ('కా', 'U'), ('కు', '|'), ('ళాం', 'U'), ('ధ్ర', '|'), ('దే', 'U'), ('వ', '|')]",0.7666666666666666,-1.0,1.0,0.8,0.5,-1.0
seesamu,"ఒక్కవ్రేటునఁ గూలునో వాలి బలశాలి- చెట్లుమా టొగ్గి వేసితివి గాని
మొనసి నీల్గునె పఙ్క్తిముఖుఁడు తన్నాభికా- మృతకుంభ పగలఁ గొట్టితివి గాని
కుంభకర్ణుఁడు రణక్షోణిలోఁ దీరునే- తీఱని నిద్ర నెదిర్చెఁ గాని
చిక్కునే యింద్రజి త్తుక్కున సోదరుం- డశననిద్రలు మాని యఁడఁచె గాని",vupajaathi,Aandhranaayaka,"[('ఒ', 'U'), ('క్క', '|'), ('వ్రే', 'U'), ('టు', '|'), ('న', '|'), ('గూ', 'U'), ('లు', '|'), ('నో', 'U'), ('వా', 'U'), ('లి', '|'), ('బ', '|'), ('ల', '|'), ('శా', 'U'), ('లి', '|'), ('చె', 'U'), ('ట్లు', '|'), ('మా', 'U'), ('టొ', 'U'), ('గ్గి', '|'), ('వే', 'U'), ('సి', '|'), ('తి', '|'), ('వి', '|'), ('గా', 'U'), ('ని', '|'), ('మొ', '|'), ('న', '|'), ('సి', '|'), ('నీ', 'U'), ('ల్గు', '|'), ('నె', '|'), ('ప', 'U'), ('ఙ్క్తి', '|'), ('ము', '|'), ('ఖు', '|'), ('డు', '|'), ('త', 'U'), ('న్నా', 'U'), ('భి', '|'), ('కా', 'U'), ('మృ', '|'), ('త', '|'), ('కుం', 'U'), ('భ', '|'), ('ప', '|'), ('గ', '|'), ('ల', '|'), ('గొ', 'U'), ('ట్టి', '|'), ('తి', '|'), ('వి', '|'), ('గా', 'U'), ('ని', '|'), ('కుం', 'U'), ('భ', '|'), ('క', 'U'), ('ర్ణు', '|'), ('డు', '|'), ('ర', '|'), ('ణ', 'U'), ('క్షో', 'U'), ('ణి', '|'), ('లో', 'U'), ('దీ', 'U'), ('రు', '|'), ('నే', 'U'), ('తీ', 'U'), ('ఱ', '|'), ('ని', '|'), ('ని', '|'), ('ద్ర', '|'), ('నె', '|'), ('ది', 'U'), ('ర్చె', '|'), ('గా', 'U'), ('ని', '|'), ('చి', 'U'), ('క్కు', '|'), ('నే', 'U'), ('యిం', 'U'), ('ద్ర', '|'), ('జి', 'U'), ('త్తు', 'U'), ('క్కు', '|'), ('న', '|'), ('సో', 'U'), ('ద', '|'), ('రుం', 'U'), ('డ', '|'), ('శ', '|'), ('న', '|'), ('ని', '|'), ('ద్ర', '|'), ('లు', '|'), ('మా', 'U'), ('ని', '|'), ('య', '|'), ('డ', '|'), ('చె', '|'), ('గా', 'U'), ('ని', '|')]",0.7916666666666666,-1.0,1.0,0.875,0.5,-1.0
teytageethi,"యింద ఱాయంబు లెరుగుదు వందువలన-మడిసి రసురులు నీచేత మడియువారె?
చిత్ర చిత్ర ప్రభావ దాక్షిణ్యభావ-హత విమతజీవ శ్రీకాకుళాంధ్రదేవ!",vupajaathi,Aandhranaayaka,"[('యిం', 'U'), ('ద', '|'), ('ఱా', 'U'), ('యం', 'U'), ('బు', '|'), ('లె', '|'), ('రు', '|'), ('గు', '|'), ('దు', '|'), ('వం', 'U'), ('దు', '|'), ('వ', '|'), ('ల', '|'), ('న', '|'), ('మ', '|'), ('డి', '|'), ('సి', '|'), ('ర', '|'), ('సు', '|'), ('రు', '|'), ('లు', '|'), ('నీ', 'U'), ('చే', 'U'), ('త', '|'), ('మ', '|'), ('డి', '|'), ('యు', '|'), ('వా', 'U'), ('రె', '|'), ('చి', '|'), ('త్ర', '|'), ('చి', '|'), ('త్ర', '|'), ('ప్ర', '|'), ('భా', 'U'), ('వ', '|'), ('దా', 'U'), ('క్షి', 'U'), ('ణ్య', '|'), ('భా', 'U'), ('వ', '|'), ('హ', '|'), ('త', '|'), ('వి', '|'), ('మ', '|'), ('త', '|'), ('జీ', 'U'), ('వ', '|'), ('శ్రీ', 'U'), ('కా', 'U'), ('కు', '|'), ('ళాం', 'U'), ('ధ్ర', '|'), ('దే', 'U'), ('వ', '|')]",0.7666666666666666,-1.0,1.0,0.8,0.5,-1.0
seesamu,"మొసలిఁ బెట్టినకస్తి మొఱ్ఱ బెట్టినహస్తి- రక్కరించితి నన్నరంబె మేమి?
తులువ పల్వురిలోన వలువ నిప్పంగ జాన- సిగ్గుఁ గాచితి నన్నపగ్గె యేమి?
బలువు శాపముచేత బండపాఱిననాఁతి- ఱంకుఁ బాపితి నన్న బింక మేమి?
పెద్ద మోదినభీతి బెగడి వచ్చినకోఁతి- కండ జేసితి నన్న యంద మేమి?",vupajaathi,Aandhranaayaka,"[('మొ', '|'), ('స', '|'), ('లి', '|'), ('బె', 'U'), ('ట్టి', '|'), ('న', '|'), ('క', 'U'), ('స్తి', '|'), ('మొ', 'U'), ('ఱ్ఱ', '|'), ('బె', 'U'), ('ట్టి', '|'), ('న', '|'), ('హ', 'U'), ('స్తి', '|'), ('ర', 'U'), ('క్క', '|'), ('రిం', 'U'), ('చి', '|'), ('తి', '|'), ('న', 'U'), ('న్న', '|'), ('రం', 'U'), ('బె', '|'), ('మే', 'U'), ('మి', '|'), ('తు', '|'), ('లు', '|'), ('వ', '|'), ('ప', 'U'), ('ల్వు', '|'), ('రి', '|'), ('లో', 'U'), ('న', '|'), ('వ', '|'), ('లు', '|'), ('వ', '|'), ('ని', 'U'), ('ప్పం', 'U'), ('గ', '|'), ('జా', 'U'), ('న', '|'), ('సి', 'U'), ('గ్గు', '|'), ('గా', 'U'), ('చి', '|'), ('తి', '|'), ('న', 'U'), ('న్న', '|'), ('ప', 'U'), ('గ్గె', '|'), ('యే', 'U'), ('మి', '|'), ('బ', '|'), ('లు', '|'), ('వు', '|'), ('శా', 'U'), ('ప', '|'), ('ము', '|'), ('చే', 'U'), ('త', '|'), ('బం', 'U'), ('డ', '|'), ('పా', 'U'), ('ఱి', '|'), ('న', '|'), ('నా', 'U'), ('తి', '|'), ('ఱం', 'U'), ('కు', '|'), ('బా', 'U'), ('పి', '|'), ('తి', '|'), ('న', 'U'), ('న్న', '|'), ('బిం', 'U'), ('క', '|'), ('మే', 'U'), ('మి', '|'), ('పె', 'U'), ('ద్ద', '|'), ('మో', 'U'), ('ది', '|'), ('న', '|'), ('భీ', 'U'), ('తి', '|'), ('బె', '|'), ('గ', '|'), ('డి', '|'), ('వ', 'U'), ('చ్చి', '|'), ('న', '|'), ('కో', 'U'), ('తి', '|'), ('కం', 'U'), ('డ', '|'), ('జే', 'U'), ('సి', '|'), ('తి', '|'), ('న', 'U'), ('న్న', '|'), ('యం', 'U'), ('ద', '|'), ('మే', 'U'), ('మి', '|')]",0.90625,-1.0,1.0,0.96875,0.75,-1.0
teytageethi,"భవభయంబున నిన్నెంత ప్రస్తుతింపఁ-గరుణఁ జేపట్ట లేని నీ ఘనత యేమి?
చిత్ర చిత్ర ప్రభావ దాక్షిణ్యభావ-హత విమతజీవ శ్రీకాకుళాంధ్రదేవ!",vupajaathi,Aandhranaayaka,"[('భ', '|'), ('వ', '|'), ('భ', '|'), ('యం', 'U'), ('బు', '|'), ('న', '|'), ('ని', 'U'), ('న్నెం', 'U'), ('త', '|'), ('ప్ర', 'U'), ('స్తు', '|'), ('తిం', 'U'), ('ప', '|'), ('గ', '|'), ('రు', '|'), ('ణ', '|'), ('జే', 'U'), ('ప', 'U'), ('ట్ట', '|'), ('లే', 'U'), ('ని', '|'), ('నీ', 'U'), ('ఘ', '|'), ('న', '|'), ('త', '|'), ('యే', 'U'), ('మి', '|'), ('చి', '|'), ('త్ర', '|'), ('చి', '|'), ('త్ర', '|'), ('ప్ర', '|'), ('భా', 'U'), ('వ', '|'), ('దా', 'U'), ('క్షి', 'U'), ('ణ్య', '|'), ('భా', 'U'), ('వ', '|'), ('హ', '|'), ('త', '|'), ('వి', '|'), ('మ', '|'), ('త', '|'), ('జీ', 'U'), ('వ', '|'), ('శ్రీ', 'U'), ('కా', 'U'), ('కు', '|'), ('ళాం', 'U'), ('ధ్ర', '|'), ('దే', 'U'), ('వ', '|')]",0.7666666666666666,-1.0,1.0,0.8,0.5,-1.0
seesamu,"నీచువాసనచేత నీటిలో నుండుట- యెక్కువప్పులను రా యెత్తుకొనుట
కడుపాఁకటికిఁ దుంగకాయలు మెక్కుట- యని నోరు దెఱచి పెల్లఱచుచుంట
సిరి గల్గి బిచ్చపుఁ జిప్పఁ జేపట్టుట- చేకత్తి పరరాజుచేతి కిడుట
పట్టణప్రజకుఁ జెప్పక పాఱిపోవుట- కలు ద్రావి నిను నీవె దెలియకుంట",vupajaathi,Aandhranaayaka,"[('నీ', 'U'), ('చు', '|'), ('వా', 'U'), ('స', '|'), ('న', '|'), ('చే', 'U'), ('త', '|'), ('నీ', 'U'), ('టి', '|'), ('లో', 'U'), ('నుం', 'U'), ('డు', '|'), ('ట', '|'), ('యె', 'U'), ('క్కు', '|'), ('వ', 'U'), ('ప్పు', '|'), ('ల', '|'), ('ను', '|'), ('రా', 'U'), ('యె', 'U'), ('త్తు', '|'), ('కొ', '|'), ('ను', '|'), ('ట', '|'), ('క', '|'), ('డు', '|'), ('పా', 'U'), ('క', '|'), ('టి', '|'), ('కి', '|'), ('దుం', 'U'), ('గ', '|'), ('కా', 'U'), ('య', '|'), ('లు', '|'), ('మె', 'U'), ('క్కు', '|'), ('ట', '|'), ('య', '|'), ('ని', '|'), ('నో', 'U'), ('రు', '|'), ('దె', '|'), ('ఱ', '|'), ('చి', '|'), ('పె', 'U'), ('ల్ల', '|'), ('ఱ', '|'), ('చు', '|'), ('చుం', 'U'), ('ట', '|'), ('సి', '|'), ('రి', '|'), ('గ', 'U'), ('ల్గి', '|'), ('బి', 'U'), ('చ్చ', '|'), ('పు', '|'), ('జి', 'U'), ('ప్ప', '|'), ('జే', 'U'), ('ప', 'U'), ('ట్టు', '|'), ('ట', '|'), ('చే', 'U'), ('క', 'U'), ('త్తి', '|'), ('ప', '|'), ('ర', '|'), ('రా', 'U'), ('జు', '|'), ('చే', 'U'), ('తి', '|'), ('కి', '|'), ('డు', '|'), ('ట', '|'), ('ప', 'U'), ('ట్ట', '|'), ('ణ', '|'), ('ప్ర', '|'), ('జ', '|'), ('కు', '|'), ('జె', 'U'), ('ప్ప', '|'), ('క', '|'), ('పా', 'U'), ('ఱి', '|'), ('పో', 'U'), ('వు', '|'), ('ట', '|'), ('క', '|'), ('లు', '|'), ('ద్రా', 'U'), ('వి', '|'), ('ని', '|'), ('ను', '|'), ('నీ', 'U'), ('వె', '|'), ('దె', '|'), ('లి', '|'), ('య', '|'), ('కుం', 'U'), ('ట', '|')]",0.9583333333333334,-1.0,1.0,1.0,0.875,-1.0
teytageethi,"మ్రానువై యుంట గుఱ్ఱపుమనిసి వంట-పుడమి నాడిక సేయక విడువ నిన్ను
చిత్ర చిత్ర ప్రభావ దాక్షిణ్యభావ-హత విమతజీవ శ్రీకాకుళాంధ్రదేవ!",vupajaathi,Aandhranaayaka,"[('మ్రా', 'U'), ('ను', '|'), ('వై', 'U'), ('యుం', 'U'), ('ట', '|'), ('గు', 'U'), ('ఱ్ఱ', '|'), ('పు', '|'), ('మ', '|'), ('ని', '|'), ('సి', '|'), ('వం', 'U'), ('ట', '|'), ('పు', '|'), ('డ', '|'), ('మి', '|'), ('నా', 'U'), ('డి', '|'), ('క', '|'), ('సే', 'U'), ('య', '|'), ('క', '|'), ('వి', '|'), ('డు', '|'), ('వ', '|'), ('ని', 'U'), ('న్ను', '|'), ('చి', '|'), ('త్ర', '|'), ('చి', '|'), ('త్ర', '|'), ('ప్ర', '|'), ('భా', 'U'), ('వ', '|'), ('దా', 'U'), ('క్షి', 'U'), ('ణ్య', '|'), ('భా', 'U'), ('వ', '|'), ('హ', '|'), ('త', '|'), ('వి', '|'), ('మ', '|'), ('త', '|'), ('జీ', 'U'), ('వ', '|'), ('శ్రీ', 'U'), ('కా', 'U'), ('కు', '|'), ('ళాం', 'U'), ('ధ్ర', '|'), ('దే', 'U'), ('వ', '|')]",0.7666666666666666,-1.0,1.0,0.8,0.5,-1.0
seesamu,"ఖరు నాజిలోఁ జొచ్చి శర ముచ్చి పో నేయ- వెనుకకు లంఘించి వెఱచె ననిరి
యనిఁ బాఱునో కోఁతి యతి మ్రానిమాటున- నేయ వాలినిఁ బొంచి యేసె ననిరి
గరుడధ్వజుం డన్న గురుతుఁ దెల్పుట కున్న- బలభీతి శస్త్రాహి బద్ధుఁ డనిరి
బలినిఁ జంపఁగ రానివరమున యాచింప- వృత్తి నాతని భిక్ష మెత్తె ననిరి",vupajaathi,Aandhranaayaka,"[('ఖ', '|'), ('రు', '|'), ('నా', 'U'), ('జి', '|'), ('లో', 'U'), ('జొ', 'U'), ('చ్చి', '|'), ('శ', '|'), ('ర', '|'), ('ము', 'U'), ('చ్చి', '|'), ('పో', 'U'), ('నే', 'U'), ('య', '|'), ('వె', '|'), ('ను', '|'), ('క', '|'), ('కు', '|'), ('లం', 'U'), ('ఘిం', 'U'), ('చి', '|'), ('వె', '|'), ('ఱ', '|'), ('చె', '|'), ('న', '|'), ('ని', '|'), ('రి', '|'), ('య', '|'), ('ని', '|'), ('బా', 'U'), ('ఱు', '|'), ('నో', 'U'), ('కో', 'U'), ('తి', '|'), ('య', '|'), ('తి', '|'), ('మ్రా', 'U'), ('ని', '|'), ('మా', 'U'), ('టు', '|'), ('న', '|'), ('నే', 'U'), ('య', '|'), ('వా', 'U'), ('లి', '|'), ('ని', '|'), ('బొం', 'U'), ('చి', '|'), ('యే', 'U'), ('సె', '|'), ('న', '|'), ('ని', '|'), ('రి', '|'), ('గ', '|'), ('రు', '|'), ('డ', 'U'), ('ధ్వ', '|'), ('జుం', 'U'), ('డ', 'U'), ('న్న', '|'), ('గు', '|'), ('రు', '|'), ('తు', '|'), ('దె', 'U'), ('ల్పు', '|'), ('ట', '|'), ('కు', 'U'), ('న్న', '|'), ('బ', '|'), ('ల', '|'), ('భీ', 'U'), ('తి', '|'), ('శ', 'U'), ('స్త్రా', 'U'), ('హి', '|'), ('బ', 'U'), ('ద్ధు', '|'), ('డ', '|'), ('ని', '|'), ('రి', '|'), ('బ', '|'), ('లి', '|'), ('ని', '|'), ('జం', 'U'), ('ప', '|'), ('గ', '|'), ('రా', 'U'), ('ని', '|'), ('వ', '|'), ('ర', '|'), ('ము', '|'), ('న', '|'), ('యా', 'U'), ('చిం', 'U'), ('ప', '|'), ('వృ', 'U'), ('త్తి', '|'), ('నా', 'U'), ('త', '|'), ('ని', '|'), ('భి', 'U'), ('క్ష', '|'), ('మె', 'U'), ('త్తె', '|'), ('న', '|'), ('ని', '|'), ('రి', '|')]",0.9166666666666666,-1.0,1.0,1.0,0.75,-1.0
teytageethi,"యశ మదెంతొ ప్రయాస లభ్యంబె కాని-యెంతలో వచ్చు నపకీర్తి యెఱుఁగ వేమి
చిత్ర చిత్ర ప్రభావ దాక్షిణ్యభావ-హత విమతజీవ శ్రీకాకుళాంధ్రదేవ!",vupajaathi,Aandhranaayaka,"[('య', '|'), ('శ', '|'), ('మ', '|'), ('దెం', 'U'), ('తొ', '|'), ('ప్ర', '|'), ('యా', 'U'), ('స', '|'), ('ల', 'U'), ('భ్యం', 'U'), ('బె', '|'), ('కా', 'U'), ('ని', '|'), ('యెం', 'U'), ('త', '|'), ('లో', 'U'), ('వ', 'U'), ('చ్చు', '|'), ('న', '|'), ('ప', '|'), ('కీ', 'U'), ('ర్తి', '|'), ('యె', '|'), ('ఱు', '|'), ('గ', '|'), ('వే', 'U'), ('మి', '|'), ('చి', '|'), ('త్ర', '|'), ('చి', '|'), ('త్ర', '|'), ('ప్ర', '|'), ('భా', 'U'), ('వ', '|'), ('దా', 'U'), ('క్షి', 'U'), ('ణ్య', '|'), ('భా', 'U'), ('వ', '|'), ('హ', '|'), ('త', '|'), ('వి', '|'), ('మ', '|'), ('త', '|'), ('జీ', 'U'), ('వ', '|'), ('శ్రీ', 'U'), ('కా', 'U'), ('కు', '|'), ('ళాం', 'U'), ('ధ్ర', '|'), ('దే', 'U'), ('వ', '|')]",0.7666666666666666,-1.0,1.0,0.8,0.5,-1.0
seesamu,"ఘోరకబంధుదీర్ఘోరుదోర్దండముల్‌- తరిగి వచ్చిన మాట తథ్య మేని
పంఙ్క్తికంఠాత్మజ ఫణిరాజబంధమో- చనుఁడ వై వచ్చుట సత్యమేని
మైరావణాభేద్య కారాగృహముఁ గూల్చి- బ్రదికి వచ్చినపల్కు భద్రమేని
మారీచు దుస్తరమాయాభ్రమతఁ బాసి- విజయ మొందినసుద్ధి నిజమ యేని",vupajaathi,Aandhranaayaka,"[('ఘో', 'U'), ('ర', '|'), ('క', '|'), ('బం', 'U'), ('ధు', '|'), ('దీ', 'U'), ('ర్ఘో', 'U'), ('రు', '|'), ('దో', 'U'), ('ర్దం', 'U'), ('డ', '|'), ('ము', 'U'), ('ల్త', '|'), ('రి', '|'), ('గి', '|'), ('వ', 'U'), ('చ్చి', '|'), ('న', '|'), ('మా', 'U'), ('ట', '|'), ('త', 'U'), ('థ్య', '|'), ('మే', 'U'), ('ని', '|'), ('పం', 'U'), ('ఙ్క్తి', '|'), ('కం', 'U'), ('ఠా', 'U'), ('త్మ', '|'), ('జ', '|'), ('ఫ', '|'), ('ణి', '|'), ('రా', 'U'), ('జ', '|'), ('బం', 'U'), ('ధ', '|'), ('మో', 'U'), ('చ', '|'), ('ను', '|'), ('డ', '|'), ('వై', 'U'), ('వ', 'U'), ('చ్చు', '|'), ('ట', '|'), ('స', 'U'), ('త్య', '|'), ('మే', 'U'), ('ని', '|'), ('మై', 'U'), ('రా', 'U'), ('వ', '|'), ('ణా', 'U'), ('భే', 'U'), ('ద్య', '|'), ('కా', 'U'), ('రా', 'U'), ('గృ', '|'), ('హ', '|'), ('ము', '|'), ('గూ', 'U'), ('ల్చి', '|'), ('బ్ర', '|'), ('ది', '|'), ('కి', '|'), ('వ', 'U'), ('చ్చి', '|'), ('న', '|'), ('ప', 'U'), ('ల్కు', '|'), ('భ', '|'), ('ద్ర', '|'), ('మే', 'U'), ('ని', '|'), ('మా', 'U'), ('రీ', 'U'), ('చు', '|'), ('దు', 'U'), ('స్త', '|'), ('ర', '|'), ('మా', 'U'), ('యా', 'U'), ('భ్ర', '|'), ('మ', '|'), ('త', '|'), ('బా', 'U'), ('సి', '|'), ('వి', '|'), ('జ', '|'), ('య', '|'), ('మొం', 'U'), ('ది', '|'), ('న', '|'), ('సు', 'U'), ('ద్ధి', '|'), ('ని', '|'), ('జ', '|'), ('మ', '|'), ('యే', 'U'), ('ని', '|')]",0.8645833333333334,-1.0,1.0,0.84375,0.75,-1.0
teytageethi,"కలిత రాజోపచార భోగములఁ గీర్తి-శాలి పై యిందు మెఱయుట సాక్షి జగతి
చిత్ర చిత్ర ప్రభావ దాక్షిణ్యభావ-హత విమతజీవ శ్రీకాకుళాంధ్రదేవ!",vupajaathi,Aandhranaayaka,"[('క', '|'), ('లి', '|'), ('త', '|'), ('రా', 'U'), ('జో', 'U'), ('ప', '|'), ('చా', 'U'), ('ర', '|'), ('భో', 'U'), ('గ', '|'), ('ము', '|'), ('ల', '|'), ('గీ', 'U'), ('ర్తి', '|'), ('శా', 'U'), ('లి', '|'), ('పై', 'U'), ('యిం', 'U'), ('దు', '|'), ('మె', '|'), ('ఱ', '|'), ('యు', '|'), ('ట', '|'), ('సా', 'U'), ('క్షి', '|'), ('జ', '|'), ('గ', '|'), ('తి', '|'), ('చి', '|'), ('త్ర', '|'), ('చి', '|'), ('త్ర', '|'), ('ప్ర', '|'), ('భా', 'U'), ('వ', '|'), ('దా', 'U'), ('క్షి', 'U'), ('ణ్య', '|'), ('భా', 'U'), ('వ', '|'), ('హ', '|'), ('త', '|'), ('వి', '|'), ('మ', '|'), ('త', '|'), ('జీ', 'U'), ('వ', '|'), ('శ్రీ', 'U'), ('కా', 'U'), ('కు', '|'), ('ళాం', 'U'), ('ధ్ర', '|'), ('దే', 'U'), ('వ', '|')]",0.7666666666666666,-1.0,1.0,0.8,0.5,-1.0
seesamu,"నీ శాంతి యంభోధి నిర్భరాంబువులు బా- ణముఖంబునకుఁ దెచ్చు నాఁడె తెలిసె
నీ కోప మరి రావణైకానుజన్ము నా- నగరి రాజుగఁ జేయు నాఁడె తెలిసె
నీ కీర్తి కపటదుర్నితుఁడౌ ధ్వాంక్షదా- నవు తప్పుఁ గాచిన నాఁడె తెలిసె
నీయభిజ్ఞత యవినిందిత నీతన్వి- నగ్నినిఁ జొరు మన్న యపుడె తెలిసె",vupajaathi,Aandhranaayaka,"[('నీ', 'U'), ('శాం', 'U'), ('తి', '|'), ('యం', 'U'), ('భో', 'U'), ('ధి', '|'), ('ని', 'U'), ('ర్భ', '|'), ('రాం', 'U'), ('బు', '|'), ('వు', '|'), ('లు', '|'), ('బా', 'U'), ('ణ', '|'), ('ము', '|'), ('ఖం', 'U'), ('బు', '|'), ('న', '|'), ('కు', '|'), ('దె', 'U'), ('చ్చు', '|'), ('నా', 'U'), ('డె', '|'), ('తె', '|'), ('లి', '|'), ('సె', '|'), ('నీ', 'U'), ('కో', 'U'), ('ప', '|'), ('మ', '|'), ('రి', '|'), ('రా', 'U'), ('వ', '|'), ('ణై', 'U'), ('కా', 'U'), ('ను', '|'), ('జ', 'U'), ('న్ము', '|'), ('నా', 'U'), ('న', '|'), ('గ', '|'), ('రి', '|'), ('రా', 'U'), ('జు', '|'), ('గ', '|'), ('జే', 'U'), ('యు', '|'), ('నా', 'U'), ('డె', '|'), ('తె', '|'), ('లి', '|'), ('సె', '|'), ('నీ', 'U'), ('కీ', 'U'), ('ర్తి', '|'), ('క', '|'), ('ప', '|'), ('ట', '|'), ('దు', 'U'), ('ర్ని', '|'), ('తు', '|'), ('డౌ', 'U'), ('ధ్వాం', 'U'), ('క్ష', '|'), ('దా', 'U'), ('న', '|'), ('వు', '|'), ('త', 'U'), ('ప్పు', '|'), ('గా', 'U'), ('చి', '|'), ('న', '|'), ('నా', 'U'), ('డె', '|'), ('తె', '|'), ('లి', '|'), ('సె', '|'), ('నీ', 'U'), ('య', '|'), ('భి', 'U'), ('జ్ఞ', '|'), ('త', '|'), ('య', '|'), ('వి', '|'), ('నిం', 'U'), ('ది', '|'), ('త', '|'), ('నీ', 'U'), ('త', 'U'), ('న్వి', '|'), ('న', 'U'), ('గ్ని', '|'), ('ని', '|'), ('జొ', '|'), ('రు', '|'), ('మ', 'U'), ('న్న', '|'), ('య', '|'), ('పు', '|'), ('డె', '|'), ('తె', '|'), ('లి', '|'), ('సె', '|')]",0.8229166666666666,-1.0,1.0,0.84375,0.625,-1.0
teytageethi,"నెంచరాని గుణాఢ్యుఁడ వీవె యనుచుఁ-దెలిసి మ్రొక్కెద నితర మౌ దిక్కు లేక
చిత్ర చిత్ర ప్రభావ దాక్షిణ్యభావ-హత విమతజీవ శ్రీకాకుళాంధ్రదేవ!",vupajaathi,Aandhranaayaka,"[('నెం', 'U'), ('చ', '|'), ('రా', 'U'), ('ని', '|'), ('గు', '|'), ('ణా', 'U'), ('ఢ్యు', '|'), ('డ', '|'), ('వీ', 'U'), ('వె', '|'), ('య', '|'), ('ను', '|'), ('చు', '|'), ('దె', '|'), ('లి', '|'), ('సి', '|'), ('మ్రొ', 'U'), ('క్కె', '|'), ('ద', '|'), ('ని', '|'), ('త', '|'), ('ర', '|'), ('మౌ', 'U'), ('ది', 'U'), ('క్కు', '|'), ('లే', 'U'), ('క', '|'), ('చి', '|'), ('త్ర', '|'), ('చి', '|'), ('త్ర', '|'), ('ప్ర', '|'), ('భా', 'U'), ('వ', '|'), ('దా', 'U'), ('క్షి', 'U'), ('ణ్య', '|'), ('భా', 'U'), ('వ', '|'), ('హ', '|'), ('త', '|'), ('వి', '|'), ('మ', '|'), ('త', '|'), ('జీ', 'U'), ('వ', '|'), ('శ్రీ', 'U'), ('కా', 'U'), ('కు', '|'), ('ళాం', 'U'), ('ధ్ర', '|'), ('దే', 'U'), ('వ', '|')]",0.6833333333333332,-1.0,1.0,0.8,0.25,-1.0
seesamu,"జనకువాక్యమున రాజ్యవిసర్జనమె కాని- యడరు శౌర్య మొకింత విడిచినావె?
దీక్ష నాభరణము ల్దివియు మాత్రమె కాని- వర ధనుర్బాణము ల్వదలినావె?
వ్రత మని కాంచనాంబరముఁ గట్టవు గాని- బిగువు వజ్రాంగి మై విదచినావె?
ప్రతినఁ బరార్థమే మితర మొల్లవు గాని- యభిమానధనముపై నలిగినావె?",vupajaathi,Aandhranaayaka,"[('జ', '|'), ('న', '|'), ('కు', '|'), ('వా', 'U'), ('క్య', '|'), ('ము', '|'), ('న', '|'), ('రా', 'U'), ('జ్య', '|'), ('వి', '|'), ('స', 'U'), ('ర్జ', '|'), ('న', '|'), ('మె', '|'), ('కా', 'U'), ('ని', '|'), ('య', '|'), ('డ', '|'), ('రు', '|'), ('శౌ', 'U'), ('ర్య', '|'), ('మొ', '|'), ('కిం', 'U'), ('త', '|'), ('వి', '|'), ('డి', '|'), ('చి', '|'), ('నా', 'U'), ('వె', '|'), ('దీ', 'U'), ('క్ష', '|'), ('నా', 'U'), ('భ', '|'), ('ర', '|'), ('ణ', '|'), ('ము', 'U'), ('ల్ది', '|'), ('వి', '|'), ('యు', '|'), ('మా', 'U'), ('త్ర', '|'), ('మె', '|'), ('కా', 'U'), ('ని', '|'), ('వ', '|'), ('ర', '|'), ('ధ', '|'), ('ను', 'U'), ('ర్బా', 'U'), ('ణ', '|'), ('ము', 'U'), ('ల్వ', '|'), ('ద', '|'), ('లి', '|'), ('నా', 'U'), ('వె', '|'), ('వ్ర', '|'), ('త', '|'), ('మ', '|'), ('ని', '|'), ('కాం', 'U'), ('చ', '|'), ('నాం', 'U'), ('బ', '|'), ('ర', '|'), ('ము', '|'), ('గ', 'U'), ('ట్ట', '|'), ('వు', '|'), ('గా', 'U'), ('ని', '|'), ('బి', '|'), ('గు', '|'), ('వు', '|'), ('వ', '|'), ('జ్రాం', 'U'), ('గి', '|'), ('మై', 'U'), ('వి', '|'), ('ద', '|'), ('చి', '|'), ('నా', 'U'), ('వె', '|'), ('ప్ర', '|'), ('తి', '|'), ('న', '|'), ('బ', '|'), ('రా', 'U'), ('ర్థ', '|'), ('మే', 'U'), ('మి', '|'), ('త', '|'), ('ర', '|'), ('మొ', 'U'), ('ల్ల', '|'), ('వు', '|'), ('గా', 'U'), ('ని', '|'), ('య', '|'), ('భి', '|'), ('మా', 'U'), ('న', '|'), ('ధ', '|'), ('న', '|'), ('ము', '|'), ('పై', 'U'), ('న', '|'), ('లి', '|'), ('గి', '|'), ('నా', 'U'), ('వె', '|')]",0.875,-1.0,1.0,1.0,0.625,-1.0
teytageethi,"నిఖిల రక్షోవిదారణ నిర్భయాంక-వేషధారివి నీ మునివృత్తి యేమి?
చిత్ర చిత్ర ప్రభావ దాక్షిణ్యభావ-హత విమతజీవ శ్రీకాకుళాంధ్రదేవ!",vupajaathi,Aandhranaayaka,"[('ని', '|'), ('ఖి', '|'), ('ల', '|'), ('ర', 'U'), ('క్షో', 'U'), ('వి', '|'), ('దా', 'U'), ('ర', '|'), ('ణ', '|'), ('ని', 'U'), ('ర్భ', '|'), ('యాం', 'U'), ('క', '|'), ('వే', 'U'), ('ష', '|'), ('ధా', 'U'), ('రి', '|'), ('వి', '|'), ('నీ', 'U'), ('ము', '|'), ('ని', '|'), ('వృ', 'U'), ('త్తి', '|'), ('యే', 'U'), ('మి', '|'), ('చి', '|'), ('త్ర', '|'), ('చి', '|'), ('త్ర', '|'), ('ప్ర', '|'), ('భా', 'U'), ('వ', '|'), ('దా', 'U'), ('క్షి', 'U'), ('ణ్య', '|'), ('భా', 'U'), ('వ', '|'), ('హ', '|'), ('త', '|'), ('వి', '|'), ('మ', '|'), ('త', '|'), ('జీ', 'U'), ('వ', '|'), ('శ్రీ', 'U'), ('కా', 'U'), ('కు', '|'), ('ళాం', 'U'), ('ధ్ర', '|'), ('దే', 'U'), ('వ', '|')]",0.6833333333333332,-1.0,1.0,0.8,0.25,-1.0
seesamu,"వెఱపించఁ గలవొ చేవిలు నీ కొసంగి తా- విగతరోషుం డైన విప్రవరునిఁ
గట్టించఁ గలవొ సాగరముపై సేతువు- మలలఁ గోఁతులమూక లలరఁ బట్టి
ఘనత నీఁ గలవొ యన్నను గొట్టి తమ్మున- కారాజ్య మా చంద్రతారకముగ
వేంచేయఁ గలవొ విన్వీథిఁ దేరగ నున్న- పుష్పకం బెక్కి నీపురికి మరల",vupajaathi,Aandhranaayaka,"[('వె', '|'), ('ఱ', '|'), ('పిం', 'U'), ('చ', '|'), ('గ', '|'), ('ల', '|'), ('వొ', '|'), ('చే', 'U'), ('వి', '|'), ('లు', '|'), ('నీ', 'U'), ('కొ', '|'), ('సం', 'U'), ('గి', '|'), ('తా', 'U'), ('వి', '|'), ('గ', '|'), ('త', '|'), ('రో', 'U'), ('షుం', 'U'), ('డై', 'U'), ('న', '|'), ('వి', '|'), ('ప్ర', '|'), ('వ', '|'), ('రు', '|'), ('ని', '|'), ('గ', 'U'), ('ట్టిం', 'U'), ('చ', '|'), ('గ', '|'), ('ల', '|'), ('వొ', '|'), ('సా', 'U'), ('గ', '|'), ('ర', '|'), ('ము', '|'), ('పై', 'U'), ('సే', 'U'), ('తు', '|'), ('వు', '|'), ('మ', '|'), ('ల', '|'), ('ల', '|'), ('గో', 'U'), ('తు', '|'), ('ల', '|'), ('మూ', 'U'), ('క', '|'), ('ల', '|'), ('ల', '|'), ('ర', '|'), ('బ', 'U'), ('ట్టి', '|'), ('ఘ', '|'), ('న', '|'), ('త', '|'), ('నీ', 'U'), ('గ', '|'), ('ల', '|'), ('వొ', '|'), ('య', 'U'), ('న్న', '|'), ('ను', '|'), ('గొ', 'U'), ('ట్టి', '|'), ('త', 'U'), ('మ్ము', '|'), ('న', '|'), ('కా', 'U'), ('రా', 'U'), ('జ్య', '|'), ('మా', 'U'), ('చం', 'U'), ('ద్ర', '|'), ('తా', 'U'), ('ర', '|'), ('క', '|'), ('ము', '|'), ('గ', '|'), ('వేం', 'U'), ('చే', 'U'), ('య', '|'), ('గ', '|'), ('ల', '|'), ('వొ', '|'), ('వి', 'U'), ('న్వీ', 'U'), ('థి', '|'), ('దే', 'U'), ('ర', '|'), ('గ', '|'), ('ను', 'U'), ('న్న', '|'), ('పు', 'U'), ('ష్ప', '|'), ('కం', 'U'), ('బె', 'U'), ('క్కి', '|'), ('నీ', 'U'), ('పు', '|'), ('రి', '|'), ('కి', '|'), ('మ', '|'), ('ర', '|'), ('ల', '|')]",0.6770833333333334,-1.0,1.0,0.65625,0.375,-1.0
teytageethi,"జగతి నిటు సంతతోత్సాహచరణమునకు-యుక్తి సేయుదు వోహొ నీ శక్తి దెలిసె
చిత్ర చిత్ర ప్రభావ దాక్షిణ్యభావ-హత విమతజీవ శ్రీకాకుళాంధ్రదేవ!",vupajaathi,Aandhranaayaka,"[('జ', '|'), ('గ', '|'), ('తి', '|'), ('ని', '|'), ('టు', '|'), ('సం', 'U'), ('త', '|'), ('తో', 'U'), ('త్సా', 'U'), ('హ', '|'), ('చ', '|'), ('ర', '|'), ('ణ', '|'), ('ము', '|'), ('న', '|'), ('కు', '|'), ('యు', 'U'), ('క్తి', '|'), ('సే', 'U'), ('యు', '|'), ('దు', '|'), ('వో', 'U'), ('హొ', '|'), ('నీ', 'U'), ('శ', 'U'), ('క్తి', '|'), ('దె', '|'), ('లి', '|'), ('సె', '|'), ('చి', '|'), ('త్ర', '|'), ('చి', '|'), ('త్ర', '|'), ('ప్ర', '|'), ('భా', 'U'), ('వ', '|'), ('దా', 'U'), ('క్షి', 'U'), ('ణ్య', '|'), ('భా', 'U'), ('వ', '|'), ('హ', '|'), ('త', '|'), ('వి', '|'), ('మ', '|'), ('త', '|'), ('జీ', 'U'), ('వ', '|'), ('శ్రీ', 'U'), ('కా', 'U'), ('కు', '|'), ('ళాం', 'U'), ('ధ్ర', '|'), ('దే', 'U'), ('వ', '|')]",0.7666666666666666,-1.0,1.0,0.8,0.5,-1.0
seesamu,"ని న్నెదుర్కొన రాని నెపమునఁ గోపించి- గోపితహితు నూతుఁ గొట్టవలెనె?
సంబంధినోటఁ గొంచెపుమాట రా వాని- కరిపురం బలుకఁ బెకల్పవలెనె?
నిను జూచి వేడ్క నొందిన గర్వముగ నెంచి- నిండి పాఱెడు నీరు నిలుపవలెనె?
చెలికానివలె నొద్దఁ చేరి యెత్తుకొనంగఁ- గినుకఁ ప్రలంబునిఁ దునుమవలెనె?",vupajaathi,Aandhranaayaka,"[('ని', 'U'), ('న్నె', '|'), ('దు', 'U'), ('ర్కొ', '|'), ('న', '|'), ('రా', 'U'), ('ని', '|'), ('నె', '|'), ('ప', '|'), ('ము', '|'), ('న', '|'), ('గో', 'U'), ('పిం', 'U'), ('చి', '|'), ('గో', 'U'), ('పి', '|'), ('త', '|'), ('హి', '|'), ('తు', '|'), ('నూ', 'U'), ('తు', '|'), ('గొ', 'U'), ('ట్ట', '|'), ('వ', '|'), ('లె', '|'), ('నె', '|'), ('సం', 'U'), ('బం', 'U'), ('ధి', '|'), ('నో', 'U'), ('ట', '|'), ('గొం', 'U'), ('చె', '|'), ('పు', '|'), ('మా', 'U'), ('ట', '|'), ('రా', 'U'), ('వా', 'U'), ('ని', '|'), ('క', '|'), ('రి', '|'), ('పు', '|'), ('రం', 'U'), ('బ', '|'), ('లు', '|'), ('క', '|'), ('బె', '|'), ('క', 'U'), ('ల్ప', '|'), ('వ', '|'), ('లె', '|'), ('నె', '|'), ('ని', '|'), ('ను', '|'), ('జూ', 'U'), ('చి', '|'), ('వే', 'U'), ('డ్క', '|'), ('నొం', 'U'), ('ది', '|'), ('న', '|'), ('గ', 'U'), ('ర్వ', '|'), ('ము', '|'), ('గ', '|'), ('నెం', 'U'), ('చి', '|'), ('నిం', 'U'), ('డి', '|'), ('పా', 'U'), ('ఱె', '|'), ('డు', '|'), ('నీ', 'U'), ('రు', '|'), ('ని', '|'), ('లు', '|'), ('ప', '|'), ('వ', '|'), ('లె', '|'), ('నె', '|'), ('చె', '|'), ('లి', '|'), ('కా', 'U'), ('ని', '|'), ('వ', '|'), ('లె', '|'), ('నొ', 'U'), ('ద్ద', '|'), ('చే', 'U'), ('రి', '|'), ('యె', 'U'), ('త్తు', '|'), ('కొ', '|'), ('నం', 'U'), ('గ', '|'), ('గి', '|'), ('ను', '|'), ('క', '|'), ('ప్ర', '|'), ('లం', 'U'), ('బు', '|'), ('ని', '|'), ('దు', '|'), ('ను', '|'), ('మ', '|'), ('వ', '|'), ('లె', '|'), ('నె', '|')]",0.9583333333333334,-1.0,1.0,1.0,0.875,-1.0
teytageethi,"ఎంతరోసంబు గలవాఁడ వేమి నీవు-తెలివికాఁడవె బలరామ! తెలిసె నిందు
చిత్ర చిత్ర ప్రభావ దాక్షిణ్యభావ-హత విమతజీవ శ్రీకాకుళాంధ్రదేవ!",vupajaathi,Aandhranaayaka,"[('ఎం', 'U'), ('త', '|'), ('రో', 'U'), ('సం', 'U'), ('బు', '|'), ('గ', '|'), ('ల', '|'), ('వా', 'U'), ('డ', '|'), ('వే', 'U'), ('మి', '|'), ('నీ', 'U'), ('వు', '|'), ('తె', '|'), ('లి', '|'), ('వి', '|'), ('కా', 'U'), ('డ', '|'), ('వె', '|'), ('బ', '|'), ('ల', '|'), ('రా', 'U'), ('మ', '|'), ('తె', '|'), ('లి', '|'), ('సె', '|'), ('నిం', 'U'), ('దు', '|'), ('చి', '|'), ('త్ర', '|'), ('చి', '|'), ('త్ర', '|'), ('ప్ర', '|'), ('భా', 'U'), ('వ', '|'), ('దా', 'U'), ('క్షి', 'U'), ('ణ్య', '|'), ('భా', 'U'), ('వ', '|'), ('హ', '|'), ('త', '|'), ('వి', '|'), ('మ', '|'), ('త', '|'), ('జీ', 'U'), ('వ', '|'), ('శ్రీ', 'U'), ('కా', 'U'), ('కు', '|'), ('ళాం', 'U'), ('ధ్ర', '|'), ('దే', 'U'), ('వ', '|')]",0.6833333333333332,-1.0,1.0,0.8,0.25,-1.0
seesamu,"పరపురుషాకృత గురుతుగాఁ జూడక- త్రిపుర పతివ్రతాతిలకములను
విటపయుక్తి భ్రమించి విఫలభ్రమతఁజేసి- తత్సతీపతుల దుర్దాంతబలుల
హతము సేయించితి వల మహానటునిచే- రథారధాంగాశ్వసారథిశరాన
గుణనిషంగాస్త్రము ల్కోరినట్లుండు నే- సమకూర్చి యసురుల సంహరించి",vupajaathi,Aandhranaayaka,"[('ప', '|'), ('ర', '|'), ('పు', '|'), ('రు', '|'), ('షా', 'U'), ('కృ', '|'), ('త', '|'), ('గు', '|'), ('రు', '|'), ('తు', '|'), ('గా', 'U'), ('జూ', 'U'), ('డ', '|'), ('క', '|'), ('త్రి', '|'), ('పు', '|'), ('ర', '|'), ('ప', '|'), ('తి', '|'), ('వ్ర', '|'), ('తా', 'U'), ('తి', '|'), ('ల', '|'), ('క', '|'), ('ము', '|'), ('ల', '|'), ('ను', '|'), ('వి', '|'), ('ట', '|'), ('ప', '|'), ('యు', 'U'), ('క్తి', '|'), ('భ్ర', '|'), ('మిం', 'U'), ('చి', '|'), ('వి', '|'), ('ఫ', '|'), ('ల', '|'), ('భ్ర', '|'), ('మ', '|'), ('త', '|'), ('జే', 'U'), ('సి', '|'), ('త', 'U'), ('త్స', '|'), ('తీ', 'U'), ('ప', '|'), ('తు', '|'), ('ల', '|'), ('దు', 'U'), ('ర్దాం', 'U'), ('త', '|'), ('బ', '|'), ('లు', '|'), ('ల', '|'), ('హ', '|'), ('త', '|'), ('ము', '|'), ('సే', 'U'), ('యిం', 'U'), ('చి', '|'), ('తి', '|'), ('వ', '|'), ('ల', '|'), ('మ', '|'), ('హా', 'U'), ('న', '|'), ('టు', '|'), ('ని', '|'), ('చే', 'U'), ('ర', '|'), ('థా', 'U'), ('ర', '|'), ('ధాం', 'U'), ('గా', 'U'), ('శ్వ', '|'), ('సా', 'U'), ('ర', '|'), ('థి', '|'), ('శ', '|'), ('రా', 'U'), ('న', '|'), ('గు', '|'), ('ణ', '|'), ('ని', '|'), ('షం', 'U'), ('గా', 'U'), ('స్త్ర', '|'), ('ము', 'U'), ('ల్కో', 'U'), ('రి', '|'), ('న', 'U'), ('ట్లుం', 'U'), ('డు', '|'), ('నే', 'U'), ('స', '|'), ('మ', '|'), ('కూ', 'U'), ('ర్చి', '|'), ('య', '|'), ('సు', '|'), ('రు', '|'), ('ల', '|'), ('సం', 'U'), ('హ', '|'), ('రిం', 'U'), ('చి', '|')]",0.6145833333333334,-1.0,1.0,0.71875,0.125,-1.0
teytageethi,"సాహసుఁడ వైతిని న్నుంచి శంకరుండు-త్రిపురసంహరుఁ డను నాఖ్యఁ దెచ్చుకొనియె
చిత్ర చిత్ర ప్రభావ దాక్షిణ్యభావ-హత విమతజీవ శ్రీకాకుళాంధ్రదేవ!",vupajaathi,Aandhranaayaka,"[('సా', 'U'), ('హ', '|'), ('సు', '|'), ('డ', '|'), ('వై', 'U'), ('తి', '|'), ('ని', 'U'), ('న్నుం', 'U'), ('చి', '|'), ('శం', 'U'), ('క', '|'), ('రుం', 'U'), ('డు', '|'), ('త్రి', '|'), ('పు', '|'), ('ర', '|'), ('సం', 'U'), ('హ', '|'), ('రు', '|'), ('డ', '|'), ('ను', '|'), ('నా', 'U'), ('ఖ్య', '|'), ('దె', 'U'), ('చ్చు', '|'), ('కొ', '|'), ('ని', '|'), ('యె', '|'), ('చి', '|'), ('త్ర', '|'), ('చి', '|'), ('త్ర', '|'), ('ప్ర', '|'), ('భా', 'U'), ('వ', '|'), ('దా', 'U'), ('క్షి', 'U'), ('ణ్య', '|'), ('భా', 'U'), ('వ', '|'), ('హ', '|'), ('త', '|'), ('వి', '|'), ('మ', '|'), ('త', '|'), ('జీ', 'U'), ('వ', '|'), ('శ్రీ', 'U'), ('కా', 'U'), ('కు', '|'), ('ళాం', 'U'), ('ధ్ర', '|'), ('దే', 'U'), ('వ', '|')]",0.7666666666666666,-1.0,1.0,0.8,0.5,-1.0
seesamu,"సకల వర్ణంబులు సంకరంబులు జేసి- యఖిల ధర్మములు శూన్యములు సేసి
భూతలంబును బాపభూయిష్ఠముగఁ సేసి-పరగఁ బ్రపంచంబు భ్రష్టు సేసి
కలి విజృంభించిన కడపటనా నీవు- తురగవాహనుఁడ వై దోర్విరాజి
ఖడ్గచంచద్ధారఁ గలుషాత్ముల వధించి- శిష్టసంరక్షణ సేయు టెల్ల",vupajaathi,Aandhranaayaka,"[('స', '|'), ('క', '|'), ('ల', '|'), ('వ', 'U'), ('ర్ణం', 'U'), ('బు', '|'), ('లు', '|'), ('సం', 'U'), ('క', '|'), ('రం', 'U'), ('బు', '|'), ('లు', '|'), ('జే', 'U'), ('సి', '|'), ('య', '|'), ('ఖి', '|'), ('ల', '|'), ('ధ', 'U'), ('ర్మ', '|'), ('ము', '|'), ('లు', '|'), ('శూ', 'U'), ('న్య', '|'), ('ము', '|'), ('లు', '|'), ('సే', 'U'), ('సి', '|'), ('భూ', 'U'), ('త', '|'), ('లం', 'U'), ('బు', '|'), ('ను', '|'), ('బా', 'U'), ('ప', '|'), ('భూ', 'U'), ('యి', 'U'), ('ష్ఠ', '|'), ('ము', '|'), ('గ', '|'), ('సే', 'U'), ('సి', '|'), ('ప', '|'), ('ర', '|'), ('గ', '|'), ('బ్ర', '|'), ('పం', 'U'), ('చం', 'U'), ('బు', '|'), ('భ్ర', 'U'), ('ష్టు', '|'), ('సే', 'U'), ('సి', '|'), ('క', '|'), ('లి', '|'), ('వి', '|'), ('జృం', 'U'), ('భిం', 'U'), ('చి', '|'), ('న', '|'), ('క', '|'), ('డ', '|'), ('ప', '|'), ('ట', '|'), ('నా', 'U'), ('నీ', 'U'), ('వు', '|'), ('తు', '|'), ('ర', '|'), ('గ', '|'), ('వా', 'U'), ('హ', '|'), ('ను', '|'), ('డ', '|'), ('వై', 'U'), ('దో', 'U'), ('ర్వి', '|'), ('రా', 'U'), ('జి', '|'), ('ఖ', 'U'), ('డ్గ', '|'), ('చం', 'U'), ('చ', 'U'), ('ద్ధా', 'U'), ('ర', '|'), ('గ', '|'), ('లు', '|'), ('షా', 'U'), ('త్ము', '|'), ('ల', '|'), ('వ', '|'), ('ధిం', 'U'), ('చి', '|'), ('శి', 'U'), ('ష్ట', '|'), ('సం', 'U'), ('ర', 'U'), ('క్ష', '|'), ('ణ', '|'), ('సే', 'U'), ('యు', '|'), ('టె', 'U'), ('ల్ల', '|')]",1.0,-1.0,1.0,1.0,1.0,-1.0
teytageethi,"ననిశము చరాచరాది జీవావనైక-జాగరూకుఁడవా నీవు జాగు దెలిసె
చిత్ర చిత్ర ప్రభావ దాక్షిణ్యభావ-హత విమతజీవ శ్రీకాకుళాంధ్రదేవ!",vupajaathi,Aandhranaayaka,"[('న', '|'), ('ని', '|'), ('శ', '|'), ('ము', '|'), ('చ', '|'), ('రా', 'U'), ('చ', '|'), ('రా', 'U'), ('ది', '|'), ('జీ', 'U'), ('వా', 'U'), ('వ', '|'), ('నై', 'U'), ('క', '|'), ('జా', 'U'), ('గ', '|'), ('రూ', 'U'), ('కు', '|'), ('డ', '|'), ('వా', 'U'), ('నీ', 'U'), ('వు', '|'), ('జా', 'U'), ('గు', '|'), ('దె', '|'), ('లి', '|'), ('సె', '|'), ('చి', '|'), ('త్ర', '|'), ('చి', '|'), ('త్ర', '|'), ('ప్ర', '|'), ('భా', 'U'), ('వ', '|'), ('దా', 'U'), ('క్షి', 'U'), ('ణ్య', '|'), ('భా', 'U'), ('వ', '|'), ('హ', '|'), ('త', '|'), ('వి', '|'), ('మ', '|'), ('త', '|'), ('జీ', 'U'), ('వ', '|'), ('శ్రీ', 'U'), ('కా', 'U'), ('కు', '|'), ('ళాం', 'U'), ('ధ్ర', '|'), ('దే', 'U'), ('వ', '|')]",0.6833333333333332,-1.0,1.0,0.8,0.25,-1.0
seesamu,"భువనమోహన! కృష్ణమూర్తివి నీ వేని- ఆలీల లిచ్చట నాడవలదె?
బలసముజ్జ్వల కామపాలుఁడ వీ వేని- దీపించి యాబల్మిఁ జూపవలదె?
వీరనృసింహావతారుఁడ వీ వేనిఁ- దత్తేజ మింతైనఁ దాల్పవలదె
సత్యవిక్రమ! రామచంద్రుఁడ వీ వేని- ఆపౌరుష మొకింత చూపవలదె?",vupajaathi,Aandhranaayaka,"[('భు', '|'), ('వ', '|'), ('న', '|'), ('మో', 'U'), ('హ', '|'), ('న', '|'), ('కృ', 'U'), ('ష్ణ', '|'), ('మూ', 'U'), ('ర్తి', '|'), ('వి', '|'), ('నీ', 'U'), ('వే', 'U'), ('ని', '|'), ('ఆ', 'U'), ('లీ', 'U'), ('ల', '|'), ('లి', 'U'), ('చ్చ', '|'), ('ట', '|'), ('నా', 'U'), ('డ', '|'), ('వ', '|'), ('ల', '|'), ('దె', '|'), ('బ', '|'), ('ల', '|'), ('స', '|'), ('ము', 'U'), ('జ్జ్వ', '|'), ('ల', '|'), ('కా', 'U'), ('మ', '|'), ('పా', 'U'), ('లు', '|'), ('డ', '|'), ('వీ', 'U'), ('వే', 'U'), ('ని', '|'), ('దీ', 'U'), ('పిం', 'U'), ('చి', '|'), ('యా', 'U'), ('బ', 'U'), ('ల్మి', '|'), ('జూ', 'U'), ('ప', '|'), ('వ', '|'), ('ల', '|'), ('దె', '|'), ('వీ', 'U'), ('ర', '|'), ('నృ', '|'), ('సిం', 'U'), ('హా', 'U'), ('వ', '|'), ('తా', 'U'), ('రు', '|'), ('డ', '|'), ('వీ', 'U'), ('వే', 'U'), ('ని', '|'), ('ద', 'U'), ('త్తే', 'U'), ('జ', '|'), ('మిం', 'U'), ('తై', 'U'), ('న', '|'), ('దా', 'U'), ('ల్ప', '|'), ('వ', '|'), ('ల', '|'), ('దె', '|'), ('స', 'U'), ('త్య', '|'), ('వి', '|'), ('క్ర', '|'), ('మ', '|'), ('రా', 'U'), ('మ', '|'), ('చం', 'U'), ('ద్రు', '|'), ('డ', '|'), ('వీ', 'U'), ('వే', 'U'), ('ని', '|'), ('ఆ', 'U'), ('పౌ', 'U'), ('రు', '|'), ('ష', '|'), ('మొ', '|'), ('కిం', 'U'), ('త', '|'), ('చూ', 'U'), ('ప', '|'), ('వ', '|'), ('ల', '|'), ('దె', '|')]",0.9166666666666666,-1.0,1.0,1.0,0.75,-1.0
teytageethi,"యెంచ దేవర దైవమో యీవె కాని-చూపఱకు నీదు మహిమను జూపవలదె?
చిత్ర చిత్ర ప్రభావ దాక్షిణ్యభావ-హత విమతజీవ శ్రీకాకుళాంధ్రదేవ!",vupajaathi,Aandhranaayaka,"[('యెం', 'U'), ('చ', '|'), ('దే', 'U'), ('వ', '|'), ('ర', '|'), ('దై', 'U'), ('వ', '|'), ('మో', 'U'), ('యీ', 'U'), ('వె', '|'), ('కా', 'U'), ('ని', '|'), ('చూ', 'U'), ('ప', '|'), ('ఱ', '|'), ('కు', '|'), ('నీ', 'U'), ('దు', '|'), ('మ', '|'), ('హి', '|'), ('మ', '|'), ('ను', '|'), ('జూ', 'U'), ('ప', '|'), ('వ', '|'), ('ల', '|'), ('దె', '|'), ('చి', '|'), ('త్ర', '|'), ('చి', '|'), ('త్ర', '|'), ('ప్ర', '|'), ('భా', 'U'), ('వ', '|'), ('దా', 'U'), ('క్షి', 'U'), ('ణ్య', '|'), ('భా', 'U'), ('వ', '|'), ('హ', '|'), ('త', '|'), ('వి', '|'), ('మ', '|'), ('త', '|'), ('జీ', 'U'), ('వ', '|'), ('శ్రీ', 'U'), ('కా', 'U'), ('కు', '|'), ('ళాం', 'U'), ('ధ్ర', '|'), ('దే', 'U'), ('వ', '|')]",0.7666666666666666,-1.0,1.0,0.8,0.5,-1.0
seesamu,"ఆలగాపరివాఁడ వనక నిన్నఖిలవే- దాంతమార్గ విహారి వందు నేమి?
హలముఁ బట్టివవాఁడ వనక న్బహువిధా- జాండనిర్వాహుఁడ వందు నేమి?
యలసారివాఁడ వంచనక నిన్ను సమస్త- శాస్త్రప్రపూర్ణుఁడ వందు నేమి?
యడవి ద్రిమ్మరివాఁడ వనక నిన్సకల లో- కాపన్నివారుఁడ వందు నేమి?",vupajaathi,Aandhranaayaka,"[('ఆ', 'U'), ('ల', '|'), ('గా', 'U'), ('ప', '|'), ('రి', '|'), ('వా', 'U'), ('డ', '|'), ('వ', '|'), ('న', '|'), ('క', '|'), ('ని', 'U'), ('న్న', '|'), ('ఖి', '|'), ('ల', '|'), ('వే', 'U'), ('దాం', 'U'), ('త', '|'), ('మా', 'U'), ('ర్గ', '|'), ('వి', '|'), ('హా', 'U'), ('రి', '|'), ('వం', 'U'), ('దు', '|'), ('నే', 'U'), ('మి', '|'), ('హ', '|'), ('ల', '|'), ('ము', '|'), ('బ', 'U'), ('ట్టి', '|'), ('వ', '|'), ('వా', 'U'), ('డ', '|'), ('వ', '|'), ('న', '|'), ('క', 'U'), ('న్బ', '|'), ('హు', '|'), ('వి', '|'), ('ధా', 'U'), ('జాం', 'U'), ('డ', '|'), ('ని', 'U'), ('ర్వా', 'U'), ('హు', '|'), ('డ', '|'), ('వం', 'U'), ('దు', '|'), ('నే', 'U'), ('మి', '|'), ('య', '|'), ('ల', '|'), ('సా', 'U'), ('రి', '|'), ('వా', 'U'), ('డ', '|'), ('వం', 'U'), ('చ', '|'), ('న', '|'), ('క', '|'), ('ని', 'U'), ('న్ను', '|'), ('స', '|'), ('మ', 'U'), ('స్త', '|'), ('శా', 'U'), ('స్త్ర', '|'), ('ప్ర', '|'), ('పూ', 'U'), ('ర్ణు', '|'), ('డ', '|'), ('వం', 'U'), ('దు', '|'), ('నే', 'U'), ('మి', '|'), ('య', '|'), ('డ', '|'), ('వి', '|'), ('ద్రి', 'U'), ('మ్మ', '|'), ('రి', '|'), ('వా', 'U'), ('డ', '|'), ('వ', '|'), ('న', '|'), ('క', '|'), ('ని', 'U'), ('న్స', '|'), ('క', '|'), ('ల', '|'), ('లో', 'U'), ('కా', 'U'), ('ప', 'U'), ('న్ని', '|'), ('వా', 'U'), ('రు', '|'), ('డ', '|'), ('వం', 'U'), ('దు', '|'), ('నే', 'U'), ('మి', '|')]",0.5729166666666666,-1.0,1.0,0.71875,0.0,-1.0
teytageethi,"పుడమి నీ దగు కొంచెపునడత లెంచ-కభినుతింతునె లోకైక విభుఁడ వనుచు
చిత్ర చిత్ర ప్రభావ దాక్షిణ్యభావ-హత విమతజీవ శ్రీకాకుళాంధ్రదేవ!",vupajaathi,Aandhranaayaka,"[('పు', '|'), ('డ', '|'), ('మి', '|'), ('నీ', 'U'), ('ద', '|'), ('గు', '|'), ('కొం', 'U'), ('చె', '|'), ('పు', '|'), ('న', '|'), ('డ', '|'), ('త', '|'), ('లెం', 'U'), ('చ', '|'), ('క', '|'), ('భి', '|'), ('ను', '|'), ('తిం', 'U'), ('తు', '|'), ('నె', '|'), ('లో', 'U'), ('కై', 'U'), ('క', '|'), ('వి', '|'), ('భు', '|'), ('డ', '|'), ('వ', '|'), ('ను', '|'), ('చు', '|'), ('చి', '|'), ('త్ర', '|'), ('చి', '|'), ('త్ర', '|'), ('ప్ర', '|'), ('భా', 'U'), ('వ', '|'), ('దా', 'U'), ('క్షి', 'U'), ('ణ్య', '|'), ('భా', 'U'), ('వ', '|'), ('హ', '|'), ('త', '|'), ('వి', '|'), ('మ', '|'), ('త', '|'), ('జీ', 'U'), ('వ', '|'), ('శ్రీ', 'U'), ('కా', 'U'), ('కు', '|'), ('ళాం', 'U'), ('ధ్ర', '|'), ('దే', 'U'), ('వ', '|')]",0.7666666666666666,-1.0,1.0,0.8,0.5,-1.0
seesamu,"మామయింటికిఁ బోవ మంచితీర్థము పుట్ట- దతఁ డంత కారువాఁడతఁడె సుమ్ము
పునుక కంచము తోలుపుట్టంబు గలమిత్రుఁ- డెందు నన్నముఁ జెట్టు నేమి గప్పు
మాటమాత్రం బైన మగువ నో రాపదు- కొడుకు పెట్తునె తలగొట్లమారి
యన్నది మేషాండ మున్న దిచ్చే దొక్క- తొఱ్ఱిగొ డ్డది నీకుఁ దోలు నేమి",vupajaathi,Aandhranaayaka,"[('మా', 'U'), ('మ', '|'), ('యిం', 'U'), ('టి', '|'), ('కి', '|'), ('బో', 'U'), ('వ', '|'), ('మం', 'U'), ('చి', '|'), ('తీ', 'U'), ('ర్థ', '|'), ('ము', '|'), ('పు', 'U'), ('ట్ట', '|'), ('ద', '|'), ('త', '|'), ('డం', 'U'), ('త', '|'), ('కా', 'U'), ('రు', '|'), ('వా', 'U'), ('డ', '|'), ('త', '|'), ('డె', '|'), ('సు', 'U'), ('మ్ము', '|'), ('పు', '|'), ('ను', '|'), ('క', '|'), ('కం', 'U'), ('చ', '|'), ('ము', '|'), ('తో', 'U'), ('లు', '|'), ('పు', 'U'), ('ట్టం', 'U'), ('బు', '|'), ('గ', '|'), ('ల', '|'), ('మి', '|'), ('త్రు', '|'), ('డెం', 'U'), ('దు', '|'), ('న', 'U'), ('న్న', '|'), ('ము', '|'), ('జె', 'U'), ('ట్టు', '|'), ('నే', 'U'), ('మి', '|'), ('గ', 'U'), ('ప్పు', '|'), ('మా', 'U'), ('ట', '|'), ('మా', 'U'), ('త్రం', 'U'), ('బై', 'U'), ('న', '|'), ('మ', '|'), ('గు', '|'), ('వ', '|'), ('నో', 'U'), ('రా', 'U'), ('ప', '|'), ('దు', '|'), ('కొ', '|'), ('డు', '|'), ('కు', '|'), ('పె', 'U'), ('ట్తు', '|'), ('నె', '|'), ('త', '|'), ('ల', '|'), ('గొ', 'U'), ('ట్ల', '|'), ('మా', 'U'), ('రి', '|'), ('య', 'U'), ('న్న', '|'), ('ది', '|'), ('మే', 'U'), ('షాం', 'U'), ('డ', '|'), ('ము', 'U'), ('న్న', '|'), ('ది', 'U'), ('చ్చే', 'U'), ('దొ', 'U'), ('క్క', '|'), ('తొ', 'U'), ('ఱ్ఱి', '|'), ('గొ', 'U'), ('డ్డ', '|'), ('ది', '|'), ('నీ', 'U'), ('కు', '|'), ('దో', 'U'), ('లు', '|'), ('నే', 'U'), ('మి', '|')]",0.9583333333333334,-1.0,1.0,1.0,0.875,-1.0
teytageethi,"ఎవ్వరింటికిఁ బోయిన నేమి ఫలము-ఉన్నచో నుండి సిరులఁ బెంపొందు మయ్య
చిత్ర చిత్ర ప్రభావ దాక్షిణ్యభావ-హత విమతజీవ శ్రీకాకుళాంధ్రదేవ!",vupajaathi,Aandhranaayaka,"[('ఎ', 'U'), ('వ్వ', '|'), ('రిం', 'U'), ('టి', '|'), ('కి', '|'), ('బో', 'U'), ('యి', '|'), ('న', '|'), ('నే', 'U'), ('మి', '|'), ('ఫ', '|'), ('ల', '|'), ('ము', '|'), ('ఉ', 'U'), ('న్న', '|'), ('చో', 'U'), ('నుం', 'U'), ('డి', '|'), ('సి', '|'), ('రు', '|'), ('ల', '|'), ('బెం', 'U'), ('పొం', 'U'), ('దు', '|'), ('మ', 'U'), ('య్య', '|'), ('చి', '|'), ('త్ర', '|'), ('చి', '|'), ('త్ర', '|'), ('ప్ర', '|'), ('భా', 'U'), ('వ', '|'), ('దా', 'U'), ('క్షి', 'U'), ('ణ్య', '|'), ('భా', 'U'), ('వ', '|'), ('హ', '|'), ('త', '|'), ('వి', '|'), ('మ', '|'), ('త', '|'), ('జీ', 'U'), ('వ', '|'), ('శ్రీ', 'U'), ('కా', 'U'), ('కు', '|'), ('ళాం', 'U'), ('ధ్ర', '|'), ('దే', 'U'), ('వ', '|')]",0.6,-1.0,1.0,0.8,0.0,-1.0
seesamu,"దుర్జనభంజనోర్యుక్త సుదర్శన- ధారివే నీవు యదార్థముగను
శాత్రవభయద విస్వన పాంచజన్య భూ- షిత కరాంబుజుఁడవే సిద్ధముగను
మత్తారిభేదనాయత్త కౌమోదకి- నిజకరభరితమే నిశ్చయముగ
ఘోరవిద్విడ్రక్త ధారార్ధ్రనందక- సంధానపాణివే సత్యముగను",vupajaathi,Aandhranaayaka,"[('దు', 'U'), ('ర్జ', '|'), ('న', '|'), ('భం', 'U'), ('జ', '|'), ('నో', 'U'), ('ర్యు', 'U'), ('క్త', '|'), ('సు', '|'), ('ద', 'U'), ('ర్శ', '|'), ('న', '|'), ('ధా', 'U'), ('రి', '|'), ('వే', 'U'), ('నీ', 'U'), ('వు', '|'), ('య', '|'), ('దా', 'U'), ('ర్థ', '|'), ('ము', '|'), ('గ', '|'), ('ను', '|'), ('శా', 'U'), ('త్ర', '|'), ('వ', '|'), ('భ', '|'), ('య', '|'), ('ద', '|'), ('వి', 'U'), ('స్వ', '|'), ('న', '|'), ('పాం', 'U'), ('చ', '|'), ('జ', 'U'), ('న్య', '|'), ('భూ', 'U'), ('షి', '|'), ('త', '|'), ('క', '|'), ('రాం', 'U'), ('బు', '|'), ('జు', '|'), ('డ', '|'), ('వే', 'U'), ('సి', 'U'), ('ద్ధ', '|'), ('ము', '|'), ('గ', '|'), ('ను', '|'), ('మ', 'U'), ('త్తా', 'U'), ('రి', '|'), ('భే', 'U'), ('ద', '|'), ('నా', 'U'), ('య', 'U'), ('త్త', '|'), ('కౌ', 'U'), ('మో', 'U'), ('ద', '|'), ('కి', '|'), ('ని', '|'), ('జ', '|'), ('క', '|'), ('ర', '|'), ('భ', '|'), ('రి', '|'), ('త', '|'), ('మే', 'U'), ('ని', 'U'), ('శ్చ', '|'), ('య', '|'), ('ము', '|'), ('గ', '|'), ('ఘో', 'U'), ('ర', '|'), ('వి', 'U'), ('ద్వి', '|'), ('డ్ర', 'U'), ('క్త', '|'), ('ధా', 'U'), ('రా', 'U'), ('ర్ధ్ర', '|'), ('నం', 'U'), ('ద', '|'), ('క', '|'), ('సం', 'U'), ('ధా', 'U'), ('న', '|'), ('పా', 'U'), ('ణి', '|'), ('వే', 'U'), ('స', 'U'), ('త్య', '|'), ('ము', '|'), ('గ', '|'), ('ను', '|')]",0.8229166666666666,-1.0,1.0,0.84375,0.625,-1.0
teytageethi,"సన్నుతామోఘ బాణైకశార్ఞ్గచక్ర-శయుఁడవే నమ్మవచ్చునే స్వామి! నిన్ను?
చిత్ర చిత్ర ప్రభావ దాక్షిణ్యభావ-హత విమతజీవ శ్రీకాకుళాంధ్రదేవ!",vupajaathi,Aandhranaayaka,"[('స', 'U'), ('న్ను', '|'), ('తా', 'U'), ('మో', 'U'), ('ఘ', '|'), ('బా', 'U'), ('ణై', 'U'), ('క', '|'), ('శా', 'U'), ('ర్ఞ్గ', '|'), ('చ', '|'), ('క్ర', '|'), ('శ', '|'), ('యు', '|'), ('డ', '|'), ('వే', 'U'), ('న', 'U'), ('మ్మ', '|'), ('వ', 'U'), ('చ్చు', '|'), ('నే', 'U'), ('స్వా', 'U'), ('మి', '|'), ('ని', 'U'), ('న్ను', '|'), ('చి', '|'), ('త్ర', '|'), ('చి', '|'), ('త్ర', '|'), ('ప్ర', '|'), ('భా', 'U'), ('వ', '|'), ('దా', 'U'), ('క్షి', 'U'), ('ణ్య', '|'), ('భా', 'U'), ('వ', '|'), ('హ', '|'), ('త', '|'), ('వి', '|'), ('మ', '|'), ('త', '|'), ('జీ', 'U'), ('వ', '|'), ('శ్రీ', 'U'), ('కా', 'U'), ('కు', '|'), ('ళాం', 'U'), ('ధ్ర', '|'), ('దే', 'U'), ('వ', '|')]",0.6833333333333332,-1.0,1.0,0.55,0.5,-1.0
seesamu,"ఇల్లు రత్నాకరం బెన్నాళ్ళకును జాలు- జీవనం బొరుల యాచింపవలెనె?
ఇంట మహాలక్ష్మి యెప్పుడు దాండవం- బొనరించు నొకఁడు నీ కొసఁగవలెనె?
స్థిరత లోలోన నిక్షేపించు ధనము నెం- చఁగ రాని దొకరిఁ జేఁ జాపవలెనె?
పంటపైరులకాఁపు కంటఁ గాయుచునుండు- కోరికఁ బెరసొమ్ము గొనఁగవలెనె?",vupajaathi,Aandhranaayaka,"[('ఇ', 'U'), ('ల్లు', '|'), ('ర', 'U'), ('త్నా', 'U'), ('క', '|'), ('రం', 'U'), ('బె', 'U'), ('న్నా', 'U'), ('ళ్ళ', '|'), ('కు', '|'), ('ను', '|'), ('జా', 'U'), ('లు', '|'), ('జీ', 'U'), ('వ', '|'), ('నం', 'U'), ('బొ', '|'), ('రు', '|'), ('ల', '|'), ('యా', 'U'), ('చిం', 'U'), ('ప', '|'), ('వ', '|'), ('లె', '|'), ('నె', '|'), ('ఇం', 'U'), ('ట', '|'), ('మ', '|'), ('హా', 'U'), ('ల', 'U'), ('క్ష్మి', '|'), ('యె', 'U'), ('ప్పు', '|'), ('డు', '|'), ('దాం', 'U'), ('డ', '|'), ('వం', 'U'), ('బొ', '|'), ('న', '|'), ('రిం', 'U'), ('చు', '|'), ('నొ', '|'), ('క', '|'), ('డు', '|'), ('నీ', 'U'), ('కొ', '|'), ('స', '|'), ('గ', '|'), ('వ', '|'), ('లె', '|'), ('నె', 'U'), ('స్థి', '|'), ('ర', '|'), ('త', '|'), ('లో', 'U'), ('లో', 'U'), ('న', '|'), ('ని', 'U'), ('క్షే', 'U'), ('పిం', 'U'), ('చు', '|'), ('ధ', '|'), ('న', '|'), ('ము', '|'), ('నెం', 'U'), ('చ', '|'), ('గ', '|'), ('రా', 'U'), ('ని', '|'), ('దొ', '|'), ('క', '|'), ('రి', '|'), ('జే', 'U'), ('జా', 'U'), ('ప', '|'), ('వ', '|'), ('లె', '|'), ('నె', '|'), ('పం', 'U'), ('ట', '|'), ('పై', 'U'), ('రు', '|'), ('ల', '|'), ('కా', 'U'), ('పు', '|'), ('కం', 'U'), ('ట', '|'), ('గా', 'U'), ('యు', '|'), ('చు', '|'), ('నుం', 'U'), ('డు', '|'), ('కో', 'U'), ('రి', '|'), ('క', '|'), ('బె', '|'), ('ర', '|'), ('సొ', 'U'), ('మ్ము', '|'), ('గొ', '|'), ('న', '|'), ('గ', '|'), ('వ', '|'), ('లె', '|'), ('నె', '|')]",0.8645833333333334,-1.0,1.0,0.96875,0.625,-1.0
teytageethi,"ధాత్రి నెవ్వరి రక్షించఁ దలఁచినావొ-కోరువారలచేఁ బూజ గొందు వింతె
చిత్ర చిత్ర ప్రభావ దాక్షిణ్యభావ-హత విమతజీవ శ్రీకాకుళాంధ్రదేవ!",vupajaathi,Aandhranaayaka,"[('ధా', 'U'), ('త్రి', '|'), ('నె', 'U'), ('వ్వ', '|'), ('రి', '|'), ('ర', 'U'), ('క్షిం', 'U'), ('చ', '|'), ('ద', '|'), ('ల', '|'), ('చి', '|'), ('నా', 'U'), ('వొ', '|'), ('కో', 'U'), ('రు', '|'), ('వా', 'U'), ('ర', '|'), ('ల', '|'), ('చే', 'U'), ('బూ', 'U'), ('జ', '|'), ('గొం', 'U'), ('దు', '|'), ('విం', 'U'), ('తె', '|'), ('చి', '|'), ('త్ర', '|'), ('చి', '|'), ('త్ర', '|'), ('ప్ర', '|'), ('భా', 'U'), ('వ', '|'), ('దా', 'U'), ('క్షి', 'U'), ('ణ్య', '|'), ('భా', 'U'), ('వ', '|'), ('హ', '|'), ('త', '|'), ('వి', '|'), ('మ', '|'), ('త', '|'), ('జీ', 'U'), ('వ', '|'), ('శ్రీ', 'U'), ('కా', 'U'), ('కు', '|'), ('ళాం', 'U'), ('ధ్ర', '|'), ('దే', 'U'), ('వ', '|')]",0.7666666666666666,-1.0,1.0,0.8,0.5,-1.0
seesamu,"అబ్ధికన్యా వివాహ మహోత్సవము నాఁడుఁ- జూడలే దిచ్చోట జూడఁ గలిగె
జానకీకల్యాణసంభ్రమం బానాఁడు- జూడలే దిచ్చోట జూడఁ గలిగె
భోజసుతోద్వాహ భూరివైభవమందుఁ- జూడలే దిచ్చోటఁ జూడఁ గలిగె
రేవతీపరిణయ శ్రీవిలాసంబపుడు- చూడలే దిచ్చోటఁ జూడఁ గలిగె",vupajaathi,Aandhranaayaka,"[('అ', 'U'), ('బ్ధి', '|'), ('క', 'U'), ('న్యా', 'U'), ('వి', '|'), ('వా', 'U'), ('హ', '|'), ('మ', '|'), ('హో', 'U'), ('త్స', '|'), ('వ', '|'), ('ము', '|'), ('నా', 'U'), ('డు', '|'), ('జూ', 'U'), ('డ', '|'), ('లే', 'U'), ('ది', 'U'), ('చ్చో', 'U'), ('ట', '|'), ('జూ', 'U'), ('డ', '|'), ('గ', '|'), ('లి', '|'), ('గె', '|'), ('జా', 'U'), ('న', '|'), ('కీ', 'U'), ('క', 'U'), ('ల్యా', 'U'), ('ణ', '|'), ('సం', 'U'), ('భ్ర', '|'), ('మం', 'U'), ('బా', 'U'), ('నా', 'U'), ('డు', '|'), ('జూ', 'U'), ('డ', '|'), ('లే', 'U'), ('ది', 'U'), ('చ్చో', 'U'), ('ట', '|'), ('జూ', 'U'), ('డ', '|'), ('గ', '|'), ('లి', '|'), ('గె', '|'), ('భో', 'U'), ('జ', '|'), ('సు', '|'), ('తో', 'U'), ('ద్వా', 'U'), ('హ', '|'), ('భూ', 'U'), ('రి', '|'), ('వై', 'U'), ('భ', '|'), ('వ', '|'), ('మం', 'U'), ('దు', '|'), ('జూ', 'U'), ('డ', '|'), ('లే', 'U'), ('ది', 'U'), ('చ్చో', 'U'), ('ట', '|'), ('జూ', 'U'), ('డ', '|'), ('గ', '|'), ('లి', '|'), ('గె', '|'), ('రే', 'U'), ('వ', '|'), ('తీ', 'U'), ('ప', '|'), ('రి', '|'), ('ణ', '|'), ('య', '|'), ('శ్రీ', 'U'), ('వి', '|'), ('లా', 'U'), ('సం', 'U'), ('బ', '|'), ('పు', '|'), ('డు', '|'), ('చూ', 'U'), ('డ', '|'), ('లే', 'U'), ('ది', 'U'), ('చ్చో', 'U'), ('ట', '|'), ('జూ', 'U'), ('డ', '|'), ('గ', '|'), ('లి', '|'), ('గె', '|')]",0.9479166666666666,-1.0,1.0,0.96875,0.875,-1.0
teytageethi,"ననుచు నిట రాజ్యరమఁ బెండ్లియాడ-నిన్నుఁ బ్రజలు సేవించి సంతోషభరితులైరి
చిత్ర చిత్ర ప్రభావ దాక్షిణ్యభావ-హత విమతజీవ శ్రీకాకుళాంధ్రదేవ!",vupajaathi,Aandhranaayaka,"[('న', '|'), ('ను', '|'), ('చు', '|'), ('ని', '|'), ('ట', '|'), ('రా', 'U'), ('జ్య', '|'), ('ర', '|'), ('మ', '|'), ('బెం', 'U'), ('డ్లి', '|'), ('యా', 'U'), ('డ', '|'), ('ని', 'U'), ('న్ను', '|'), ('బ్ర', '|'), ('జ', '|'), ('లు', '|'), ('సే', 'U'), ('విం', 'U'), ('చి', '|'), ('సం', 'U'), ('తో', 'U'), ('ష', '|'), ('భ', '|'), ('రి', '|'), ('తు', '|'), ('లై', 'U'), ('రి', '|'), ('చి', '|'), ('త్ర', '|'), ('చి', '|'), ('త్ర', '|'), ('ప్ర', '|'), ('భా', 'U'), ('వ', '|'), ('దా', 'U'), ('క్షి', 'U'), ('ణ్య', '|'), ('భా', 'U'), ('వ', '|'), ('హ', '|'), ('త', '|'), ('వి', '|'), ('మ', '|'), ('త', '|'), ('జీ', 'U'), ('వ', '|'), ('శ్రీ', 'U'), ('కా', 'U'), ('కు', '|'), ('ళాం', 'U'), ('ధ్ర', '|'), ('దే', 'U'), ('వ', '|')]",0.6833333333333332,-1.0,1.0,0.8,0.25,-1.0
seesamu,"అఖిలలోక స్థాపనాచార్యమణి వయ్యు- నిజభక్తగురునిచే నిలుపుకొన్న
గర్భస్థితానేక కమలజాండుఁడ వయ్యు- నొండుకోవెలని జెల్వొందుచున్న
బహుచరాచర భూతపరిపాలకుఁడ వయ్యు- భక్తార్పితార్థము ల్పట్టుచున్న
హరచతుర్ముఖ దేవతాగోచరుఁడ వయ్యు- నెప్పుడు దర్శనం బిచ్చుచున్న",vupajaathi,Aandhranaayaka,"[('అ', '|'), ('ఖి', '|'), ('ల', '|'), ('లో', 'U'), ('క', 'U'), ('స్థా', 'U'), ('ప', '|'), ('నా', 'U'), ('చా', 'U'), ('ర్య', '|'), ('మ', '|'), ('ణి', '|'), ('వ', 'U'), ('య్యు', '|'), ('ని', '|'), ('జ', '|'), ('భ', 'U'), ('క్త', '|'), ('గు', '|'), ('రు', '|'), ('ని', '|'), ('చే', 'U'), ('ని', '|'), ('లు', '|'), ('పు', '|'), ('కొ', 'U'), ('న్న', '|'), ('గ', 'U'), ('ర్భ', 'U'), ('స్థి', '|'), ('తా', 'U'), ('నే', 'U'), ('క', '|'), ('క', '|'), ('మ', '|'), ('ల', '|'), ('జాం', 'U'), ('డు', '|'), ('డ', '|'), ('వ', 'U'), ('య్యు', '|'), ('నొం', 'U'), ('డు', '|'), ('కో', 'U'), ('వె', '|'), ('ల', '|'), ('ని', '|'), ('జె', 'U'), ('ల్వొం', 'U'), ('దు', '|'), ('చు', 'U'), ('న్న', '|'), ('బ', '|'), ('హు', '|'), ('చ', '|'), ('రా', 'U'), ('చ', '|'), ('ర', '|'), ('భూ', 'U'), ('త', '|'), ('ప', '|'), ('రి', '|'), ('పా', 'U'), ('ల', '|'), ('కు', '|'), ('డ', '|'), ('వ', 'U'), ('య్యు', '|'), ('భ', 'U'), ('క్తా', 'U'), ('ర్పి', '|'), ('తా', 'U'), ('ర్థ', '|'), ('ము', 'U'), ('ల్ప', 'U'), ('ట్టు', '|'), ('చు', 'U'), ('న్న', '|'), ('హ', '|'), ('ర', '|'), ('చ', '|'), ('తు', 'U'), ('ర్ము', '|'), ('ఖ', '|'), ('దే', 'U'), ('వ', '|'), ('తా', 'U'), ('గో', 'U'), ('చ', '|'), ('రు', '|'), ('డ', '|'), ('వ', 'U'), ('య్యు', '|'), ('నె', 'U'), ('ప్పు', '|'), ('డు', '|'), ('ద', 'U'), ('ర్శ', '|'), ('నం', 'U'), ('బి', 'U'), ('చ్చు', '|'), ('చు', 'U'), ('న్న', '|')]",0.8333333333333334,-1.0,1.0,1.0,0.5,-1.0
teytageethi,"నిన్ను సేవింప రెవ్వరో పెన్నిధాన-మెదుట నుండంగఁ గనిమూసి యేఁగువారె
చిత్ర చిత్ర ప్రభావ దాక్షిణ్యభావ-హత విమతజీవ శ్రీకాకుళాంధ్రదేవ!",vupajaathi,Aandhranaayaka,"[('ని', 'U'), ('న్ను', '|'), ('సే', 'U'), ('విం', 'U'), ('ప', '|'), ('రె', 'U'), ('వ్వ', '|'), ('రో', 'U'), ('పె', 'U'), ('న్ని', '|'), ('ధా', 'U'), ('న', '|'), ('మె', '|'), ('దు', '|'), ('ట', '|'), ('నుం', 'U'), ('డం', 'U'), ('గ', '|'), ('గ', '|'), ('ని', '|'), ('మూ', 'U'), ('సి', '|'), ('యే', 'U'), ('గు', '|'), ('వా', 'U'), ('రె', '|'), ('చి', '|'), ('త్ర', '|'), ('చి', '|'), ('త్ర', '|'), ('ప్ర', '|'), ('భా', 'U'), ('వ', '|'), ('దా', 'U'), ('క్షి', 'U'), ('ణ్య', '|'), ('భా', 'U'), ('వ', '|'), ('హ', '|'), ('త', '|'), ('వి', '|'), ('మ', '|'), ('త', '|'), ('జీ', 'U'), ('వ', '|'), ('శ్రీ', 'U'), ('కా', 'U'), ('కు', '|'), ('ళాం', 'U'), ('ధ్ర', '|'), ('దే', 'U'), ('వ', '|')]",0.6833333333333332,-1.0,1.0,0.8,0.25,-1.0
seesamu,"కైలాస మేరు సంకాశ నాగాశన- స్కంధంబుపై రథోత్సవము గల్గఁ
జందనమందార సంతానకల్పక- వనముల మృగయోత్సవమ్ము గల్గ
రంగత్పయఃపయోరాశి వీచికలపై- వర్ణింప డోలోత్సవంబు గల్గ
బహుఫణారత్న శుంభద్భుజంగమ భోగ- వసతిఁ బర్యంకోత్సవంబు గల్గ",vupajaathi,Aandhranaayaka,"[('కై', 'U'), ('లా', 'U'), ('స', '|'), ('మే', 'U'), ('రు', '|'), ('సం', 'U'), ('కా', 'U'), ('శ', '|'), ('నా', 'U'), ('గా', 'U'), ('శ', '|'), ('న', 'U'), ('స్కం', 'U'), ('ధం', 'U'), ('బు', '|'), ('పై', 'U'), ('ర', '|'), ('థో', 'U'), ('త్స', '|'), ('వ', '|'), ('ము', '|'), ('గ', 'U'), ('ల్గ', '|'), ('జం', 'U'), ('ద', '|'), ('న', '|'), ('మం', 'U'), ('దా', 'U'), ('ర', '|'), ('సం', 'U'), ('తా', 'U'), ('న', '|'), ('క', 'U'), ('ల్ప', '|'), ('క', '|'), ('వ', '|'), ('న', '|'), ('ము', '|'), ('ల', '|'), ('మృ', '|'), ('గ', '|'), ('యో', 'U'), ('త్స', '|'), ('వ', 'U'), ('మ్ము', '|'), ('గ', 'U'), ('ల్గ', '|'), ('రం', 'U'), ('గ', 'U'), ('త్ప', '|'), ('యః', 'U'), ('ప', '|'), ('యో', 'U'), ('రా', 'U'), ('శి', '|'), ('వీ', 'U'), ('చి', '|'), ('క', '|'), ('ల', '|'), ('పై', 'U'), ('వ', 'U'), ('ర్ణిం', 'U'), ('ప', '|'), ('డో', 'U'), ('లో', 'U'), ('త్స', '|'), ('వం', 'U'), ('బు', '|'), ('గ', 'U'), ('ల్గ', '|'), ('బ', '|'), ('హు', '|'), ('ఫ', '|'), ('ణా', 'U'), ('ర', 'U'), ('త్న', '|'), ('శుం', 'U'), ('భ', 'U'), ('ద్భు', '|'), ('జం', 'U'), ('గ', '|'), ('మ', '|'), ('భో', 'U'), ('గ', '|'), ('వ', '|'), ('స', '|'), ('తి', '|'), ('బ', 'U'), ('ర్యం', 'U'), ('కో', 'U'), ('త్స', '|'), ('వం', 'U'), ('బు', '|'), ('గ', 'U'), ('ల్గ', '|')]",1.0,-1.0,1.0,1.0,1.0,-1.0
teytageethi,"బరకృతోత్సవ మిచ్చట బ్రాఁతె నీకు-భక్త జనులకు నేత్రోత్సవంబె కాని
చిత్ర చిత్ర ప్రభావ దాక్షిణ్యభావ-హత విమతజీవ శ్రీకాకుళాంధ్రదేవ!",vupajaathi,Aandhranaayaka,"[('బ', '|'), ('ర', '|'), ('కృ', '|'), ('తో', 'U'), ('త్స', '|'), ('వ', '|'), ('మి', 'U'), ('చ్చ', '|'), ('ట', '|'), ('బ్రా', 'U'), ('తె', '|'), ('నీ', 'U'), ('కు', '|'), ('భ', 'U'), ('క్త', '|'), ('జ', '|'), ('ను', '|'), ('ల', '|'), ('కు', '|'), ('నే', 'U'), ('త్రో', 'U'), ('త్స', '|'), ('వం', 'U'), ('బె', '|'), ('కా', 'U'), ('ని', '|'), ('చి', '|'), ('త్ర', '|'), ('చి', '|'), ('త్ర', '|'), ('ప్ర', '|'), ('భా', 'U'), ('వ', '|'), ('దా', 'U'), ('క్షి', 'U'), ('ణ్య', '|'), ('భా', 'U'), ('వ', '|'), ('హ', '|'), ('త', '|'), ('వి', '|'), ('మ', '|'), ('త', '|'), ('జీ', 'U'), ('వ', '|'), ('శ్రీ', 'U'), ('కా', 'U'), ('కు', '|'), ('ళాం', 'U'), ('ధ్ర', '|'), ('దే', 'U'), ('వ', '|')]",0.6833333333333332,-1.0,1.0,0.8,0.25,-1.0
seesamu,"కోరిక లీను వైకుంఠంబులోని- లోననగరిలో నామూల నవ్యదివ్య
సౌధంబుదాపలి సరసమందారవ- నాంతరామృత సరఃప్రాంతచంద్ర
కాంతోపలోత్పల కల్పితపర్యంక- సకల సౌభాగ్య లక్షణనివాస
లక్ష్మీమనోజ్ఞ విలాసివశీకృత- సంభోగసామ్రాజ్యసంతతాభి",vupajaathi,Aandhranaayaka,"[('కో', 'U'), ('రి', '|'), ('క', '|'), ('లీ', 'U'), ('ను', '|'), ('వై', 'U'), ('కుం', 'U'), ('ఠం', 'U'), ('బు', '|'), ('లో', 'U'), ('ని', '|'), ('లో', 'U'), ('న', '|'), ('న', '|'), ('గ', '|'), ('రి', '|'), ('లో', 'U'), ('నా', 'U'), ('మూ', 'U'), ('ల', '|'), ('న', 'U'), ('వ్య', '|'), ('ది', 'U'), ('వ్య', '|'), ('సౌ', 'U'), ('ధం', 'U'), ('బు', '|'), ('దా', 'U'), ('ప', '|'), ('లి', '|'), ('స', '|'), ('ర', '|'), ('స', '|'), ('మం', 'U'), ('దా', 'U'), ('ర', '|'), ('వ', '|'), ('నాం', 'U'), ('త', '|'), ('రా', 'U'), ('మృ', '|'), ('త', '|'), ('స', '|'), ('రః', 'U'), ('ప్రాం', 'U'), ('త', '|'), ('చం', 'U'), ('ద్ర', '|'), ('కాం', 'U'), ('తో', 'U'), ('ప', '|'), ('లో', 'U'), ('త్ప', '|'), ('ల', '|'), ('క', 'U'), ('ల్పి', '|'), ('త', '|'), ('ప', 'U'), ('ర్యం', 'U'), ('క', '|'), ('స', '|'), ('క', '|'), ('ల', '|'), ('సౌ', 'U'), ('భా', 'U'), ('గ్య', '|'), ('ల', 'U'), ('క్ష', '|'), ('ణ', '|'), ('ని', '|'), ('వా', 'U'), ('స', '|'), ('ల', 'U'), ('క్ష్మీ', 'U'), ('మ', '|'), ('నో', 'U'), ('జ్ఞ', '|'), ('వి', '|'), ('లా', 'U'), ('సి', '|'), ('వ', '|'), ('శీ', 'U'), ('కృ', '|'), ('త', '|'), ('సం', 'U'), ('భో', 'U'), ('గ', '|'), ('సా', 'U'), ('మ్రా', 'U'), ('జ్య', '|'), ('సం', 'U'), ('త', '|'), ('తా', 'U'), ('భి', '|')]",0.9895833333333334,-1.0,1.0,0.96875,1.0,-1.0
teytageethi,"రామమూర్తికి వాంఛేతర ప్రపంచ-మేమి గావరె లీలార్థ మింతె కాని
చిత్ర చిత్ర ప్రభావ దాక్షిణ్యభావ-హత విమతజీవ శ్రీకాకుళాంధ్రదేవ!",vupajaathi,Aandhranaayaka,"[('రా', 'U'), ('మ', '|'), ('మూ', 'U'), ('ర్తి', '|'), ('కి', '|'), ('వాం', 'U'), ('ఛే', 'U'), ('త', '|'), ('ర', '|'), ('ప్ర', '|'), ('పం', 'U'), ('చ', '|'), ('మే', 'U'), ('మి', '|'), ('గా', 'U'), ('వ', '|'), ('రె', '|'), ('లీ', 'U'), ('లా', 'U'), ('ర్థ', '|'), ('మిం', 'U'), ('తె', '|'), ('కా', 'U'), ('ని', '|'), ('చి', '|'), ('త్ర', '|'), ('చి', '|'), ('త్ర', '|'), ('ప్ర', '|'), ('భా', 'U'), ('వ', '|'), ('దా', 'U'), ('క్షి', 'U'), ('ణ్య', '|'), ('భా', 'U'), ('వ', '|'), ('హ', '|'), ('త', '|'), ('వి', '|'), ('మ', '|'), ('త', '|'), ('జీ', 'U'), ('వ', '|'), ('శ్రీ', 'U'), ('కా', 'U'), ('కు', '|'), ('ళాం', 'U'), ('ధ్ర', '|'), ('దే', 'U'), ('వ', '|')]",0.6166666666666667,-1.0,1.0,0.6,0.25,-1.0
seesamu,"గుఱుతుగ సద్భక్తకోటి కీనాఁటికి- విడరాని బహుఋణస్థుఁడవు నీవు
సేవకు లెన్నెన్ని త్రోవలఁ జనుచున్న- వదలక యనుసరించెదవు నీవు
నిజదాసు లాత్మేచ్ఛ నిలిపి రెచ్చో నిన్నుఁ- దొలఁగ కచ్చోటనే నిలచె దీవు
శ్రితు లంబలియు నైనఁ జేఁ జూప నది యెంత- యమృతభోగంబుగా నలరె దీవు",vupajaathi,Aandhranaayaka,"[('గు', '|'), ('ఱు', '|'), ('తు', '|'), ('గ', '|'), ('స', 'U'), ('ద్భ', 'U'), ('క్త', '|'), ('కో', 'U'), ('టి', '|'), ('కీ', 'U'), ('నా', 'U'), ('టి', '|'), ('కి', '|'), ('వి', '|'), ('డ', '|'), ('రా', 'U'), ('ని', '|'), ('బ', '|'), ('హు', '|'), ('ఋ', '|'), ('ణ', 'U'), ('స్థు', '|'), ('డ', '|'), ('వు', '|'), ('నీ', 'U'), ('వు', '|'), ('సే', 'U'), ('వ', '|'), ('కు', '|'), ('లె', 'U'), ('న్నె', 'U'), ('న్ని', '|'), ('త్రో', 'U'), ('వ', '|'), ('ల', '|'), ('జ', '|'), ('ను', '|'), ('చు', 'U'), ('న్న', '|'), ('వ', '|'), ('ద', '|'), ('ల', '|'), ('క', '|'), ('య', '|'), ('ను', '|'), ('స', '|'), ('రిం', 'U'), ('చె', '|'), ('ద', '|'), ('వు', '|'), ('నీ', 'U'), ('వు', '|'), ('ని', '|'), ('జ', '|'), ('దా', 'U'), ('సు', '|'), ('లా', 'U'), ('త్మే', 'U'), ('చ్ఛ', '|'), ('ని', '|'), ('లి', '|'), ('పి', '|'), ('రె', 'U'), ('చ్చో', 'U'), ('ని', 'U'), ('న్ను', '|'), ('దొ', '|'), ('ల', '|'), ('గ', '|'), ('క', 'U'), ('చ్చో', 'U'), ('ట', '|'), ('నే', 'U'), ('ని', '|'), ('ల', '|'), ('చె', '|'), ('దీ', 'U'), ('వు', '|'), ('శ్రి', '|'), ('తు', '|'), ('లం', 'U'), ('బ', '|'), ('లి', '|'), ('యు', '|'), ('నై', 'U'), ('న', '|'), ('జే', 'U'), ('జూ', 'U'), ('ప', '|'), ('న', '|'), ('ది', '|'), ('యెం', 'U'), ('త', '|'), ('య', '|'), ('మృ', '|'), ('త', '|'), ('భో', 'U'), ('గం', 'U'), ('బు', '|'), ('గా', 'U'), ('న', '|'), ('ల', '|'), ('రె', '|'), ('దీ', 'U'), ('వు', '|')]",0.9583333333333334,-1.0,1.0,1.0,0.875,-1.0
teytageethi,"జగము లన్నియు నీకు వశ్యము లటంటి-వీవు నిజదాసవశ్యుఁడ వెంత ఘనత?
చిత్ర చిత్ర ప్రభావ దాక్షిణ్యభావ-హత విమతజీవ శ్రీకాకుళాంధ్రదేవ!",vupajaathi,Aandhranaayaka,"[('జ', '|'), ('గ', '|'), ('ము', '|'), ('ల', 'U'), ('న్ని', '|'), ('యు', '|'), ('నీ', 'U'), ('కు', '|'), ('వ', 'U'), ('శ్య', '|'), ('ము', '|'), ('ల', '|'), ('టం', 'U'), ('టి', '|'), ('వీ', 'U'), ('వు', '|'), ('ని', '|'), ('జ', '|'), ('దా', 'U'), ('స', '|'), ('వ', 'U'), ('శ్యు', '|'), ('డ', '|'), ('వెం', 'U'), ('త', '|'), ('ఘ', '|'), ('న', '|'), ('త', '|'), ('చి', '|'), ('త్ర', '|'), ('చి', '|'), ('త్ర', '|'), ('ప్ర', '|'), ('భా', 'U'), ('వ', '|'), ('దా', 'U'), ('క్షి', 'U'), ('ణ్య', '|'), ('భా', 'U'), ('వ', '|'), ('హ', '|'), ('త', '|'), ('వి', '|'), ('మ', '|'), ('త', '|'), ('జీ', 'U'), ('వ', '|'), ('శ్రీ', 'U'), ('కా', 'U'), ('కు', '|'), ('ళాం', 'U'), ('ధ్ర', '|'), ('దే', 'U'), ('వ', '|')]",0.7666666666666666,-1.0,1.0,0.8,0.5,-1.0
seesamu,"వెనుక వేసుకొని యుర్వీనాథకోటులు- సైంథవుఁ గావంగఁ జాలినారె?
ధర నేయు తనసుతు శిర మెవ్వఁడతఁ డీల్గ- శాపించి సింధురా జోపినాఁడె?
సాటింతు నాసర్వసైన్యంబు లని కర్ణు- చేశక్తి నరు నేయఁ జెప్పినారె?
పరులచే నొవ్వని పంతంబు గలభీష్ము- డర్జునాస్త్రంబుల కాఁగినాఁడె?",vupajaathi,Aandhranaayaka,"[('వె', '|'), ('ను', '|'), ('క', '|'), ('వే', 'U'), ('సు', '|'), ('కొ', '|'), ('ని', '|'), ('యు', 'U'), ('ర్వీ', 'U'), ('నా', 'U'), ('థ', '|'), ('కో', 'U'), ('టు', '|'), ('లు', '|'), ('సైం', 'U'), ('థ', '|'), ('వు', '|'), ('గా', 'U'), ('వం', 'U'), ('గ', '|'), ('జా', 'U'), ('లి', '|'), ('నా', 'U'), ('రె', '|'), ('ధ', '|'), ('ర', '|'), ('నే', 'U'), ('యు', '|'), ('త', '|'), ('న', '|'), ('సు', '|'), ('తు', '|'), ('శి', '|'), ('ర', '|'), ('మె', 'U'), ('వ్వ', '|'), ('డ', '|'), ('త', '|'), ('డీ', 'U'), ('ల్గ', '|'), ('శా', 'U'), ('పిం', 'U'), ('చి', '|'), ('సిం', 'U'), ('ధు', '|'), ('రా', 'U'), ('జో', 'U'), ('పి', '|'), ('నా', 'U'), ('డె', '|'), ('సా', 'U'), ('టిం', 'U'), ('తు', '|'), ('నా', 'U'), ('స', 'U'), ('ర్వ', '|'), ('సై', 'U'), ('న్యం', 'U'), ('బు', '|'), ('ల', '|'), ('ని', '|'), ('క', 'U'), ('ర్ణు', '|'), ('చే', 'U'), ('శ', 'U'), ('క్తి', '|'), ('న', '|'), ('రు', '|'), ('నే', 'U'), ('య', '|'), ('జె', 'U'), ('ప్పి', '|'), ('నా', 'U'), ('రె', '|'), ('ప', '|'), ('రు', '|'), ('ల', '|'), ('చే', 'U'), ('నొ', 'U'), ('వ్వ', '|'), ('ని', '|'), ('పం', 'U'), ('తం', 'U'), ('బు', '|'), ('గ', '|'), ('ల', '|'), ('భీ', 'U'), ('ష్ము', '|'), ('డ', 'U'), ('ర్జు', '|'), ('నా', 'U'), ('స్త్రం', 'U'), ('బు', '|'), ('ల', '|'), ('కా', 'U'), ('గి', '|'), ('నా', 'U'), ('డె', '|')]",0.9583333333333334,-1.0,1.0,1.0,0.875,-1.0
teytageethi,"మనుజయత్నంబు బల మెంత మాత్ర మీవు-నిజము కరుణించు నాతఁడే విజయుఁ డరయ
చిత్ర చిత్ర ప్రభావ దాక్షిణ్యభావ-హత విమతజీవ శ్రీకాకుళాంధ్రదేవ!",vupajaathi,Aandhranaayaka,"[('మ', '|'), ('ను', '|'), ('జ', '|'), ('య', 'U'), ('త్నం', 'U'), ('బు', '|'), ('బ', '|'), ('ల', '|'), ('మెం', 'U'), ('త', '|'), ('మా', 'U'), ('త్ర', '|'), ('మీ', 'U'), ('వు', '|'), ('ని', '|'), ('జ', '|'), ('ము', '|'), ('క', '|'), ('రు', '|'), ('ణిం', 'U'), ('చు', '|'), ('నా', 'U'), ('త', '|'), ('డే', 'U'), ('వి', '|'), ('జ', '|'), ('యు', '|'), ('డ', '|'), ('ర', '|'), ('య', '|'), ('చి', '|'), ('త్ర', '|'), ('చి', '|'), ('త్ర', '|'), ('ప్ర', '|'), ('భా', 'U'), ('వ', '|'), ('దా', 'U'), ('క్షి', 'U'), ('ణ్య', '|'), ('భా', 'U'), ('వ', '|'), ('హ', '|'), ('త', '|'), ('వి', '|'), ('మ', '|'), ('త', '|'), ('జీ', 'U'), ('వ', '|'), ('శ్రీ', 'U'), ('కా', 'U'), ('కు', '|'), ('ళాం', 'U'), ('ధ్ర', '|'), ('దే', 'U'), ('వ', '|')]",0.7666666666666666,-1.0,1.0,0.8,0.5,-1.0
seesamu,"ఆగామి సంచిత ప్రారబ్ధము లటుండ- నిజజన్మమందు నే నెల్లవేళ
నఘములే చేసితి నని యుష్మత్సుధా- సదృశ నిర్హేతుక జాయమాను
కరుణాకటాక్ష వీక్షణ మెంచ కెప్పుడో- ప్రసరింపవలె నే నపారదురిత
వారధిఁ దరియింపవలెఁ గాని గతి యితః- పర మెఱుంగను భక్తపాలనాంక!",vupajaathi,Aandhranaayaka,"[('ఆ', 'U'), ('గా', 'U'), ('మి', '|'), ('సం', 'U'), ('చి', '|'), ('త', '|'), ('ప్రా', 'U'), ('ర', 'U'), ('బ్ధ', '|'), ('ము', '|'), ('ల', '|'), ('టుం', 'U'), ('డ', '|'), ('ని', '|'), ('జ', '|'), ('జ', 'U'), ('న్మ', '|'), ('మం', 'U'), ('దు', '|'), ('నే', 'U'), ('నె', 'U'), ('ల్ల', '|'), ('వే', 'U'), ('ళ', '|'), ('న', '|'), ('ఘ', '|'), ('ము', '|'), ('లే', 'U'), ('చే', 'U'), ('సి', '|'), ('తి', '|'), ('న', '|'), ('ని', '|'), ('యు', 'U'), ('ష్మ', 'U'), ('త్సు', '|'), ('ధా', 'U'), ('స', '|'), ('దృ', '|'), ('శ', '|'), ('ని', 'U'), ('ర్హే', 'U'), ('తు', '|'), ('క', '|'), ('జా', 'U'), ('య', '|'), ('మా', 'U'), ('ను', '|'), ('క', '|'), ('రు', '|'), ('ణా', 'U'), ('క', '|'), ('టా', 'U'), ('క్ష', '|'), ('వీ', 'U'), ('క్ష', '|'), ('ణ', '|'), ('మెం', 'U'), ('చ', '|'), ('కె', 'U'), ('ప్పు', '|'), ('డో', 'U'), ('ప్ర', '|'), ('స', '|'), ('రిం', 'U'), ('ప', '|'), ('వ', '|'), ('లె', '|'), ('నే', 'U'), ('న', '|'), ('పా', 'U'), ('ర', '|'), ('దు', '|'), ('రి', '|'), ('త', '|'), ('వా', 'U'), ('ర', '|'), ('ధి', '|'), ('ద', '|'), ('రి', '|'), ('యిం', 'U'), ('ప', '|'), ('వ', '|'), ('లె', '|'), ('గా', 'U'), ('ని', '|'), ('గ', '|'), ('తి', '|'), ('యి', '|'), ('తః', 'U'), ('ప', '|'), ('ర', '|'), ('మె', '|'), ('ఱుం', 'U'), ('గ', '|'), ('ను', '|'), ('భ', 'U'), ('క్త', '|'), ('పా', 'U'), ('ల', '|'), ('నాం', 'U'), ('క', '|')]",0.6770833333333334,-1.0,1.0,0.65625,0.375,-1.0
teytageethi,"శేషపర్యంక! రాజ్యలక్ష్మీ సహాంక-ప్రధననిశ్శంక! యదుకులాంబుధిశశాంక!
చిత్ర చిత్ర ప్రభావ దాక్షిణ్యభావ-హత విమతజీవ శ్రీకాకుళాంధ్రదేవ!",vupajaathi,Aandhranaayaka,"[('శే', 'U'), ('ష', '|'), ('ప', 'U'), ('ర్యం', 'U'), ('క', '|'), ('రా', 'U'), ('జ్య', '|'), ('ల', 'U'), ('క్ష్మీ', 'U'), ('స', '|'), ('హాం', 'U'), ('క', '|'), ('ప్ర', '|'), ('ధ', '|'), ('న', '|'), ('ని', 'U'), ('శ్శం', 'U'), ('క', '|'), ('య', '|'), ('దు', '|'), ('కు', '|'), ('లాం', 'U'), ('బు', '|'), ('ధి', '|'), ('శ', '|'), ('శాం', 'U'), ('క', '|'), ('చి', '|'), ('త్ర', '|'), ('చి', '|'), ('త్ర', '|'), ('ప్ర', '|'), ('భా', 'U'), ('వ', '|'), ('దా', 'U'), ('క్షి', 'U'), ('ణ్య', '|'), ('భా', 'U'), ('వ', '|'), ('హ', '|'), ('త', '|'), ('వి', '|'), ('మ', '|'), ('త', '|'), ('జీ', 'U'), ('వ', '|'), ('శ్రీ', 'U'), ('కా', 'U'), ('కు', '|'), ('ళాం', 'U'), ('ధ్ర', '|'), ('దే', 'U'), ('వ', '|')]",0.7666666666666666,-1.0,1.0,0.8,0.5,-1.0
seesamu,"పూర్వకవీంద్రులు పుణ్యఫలం బేమి- సాక్షాత్కరించి యస్మత్పరంబు
గా గద్యపద్యముల్‌ గల్పించు మనిన వే- వర మొసంగితి వండ్రు వాంఛఁ జేసి
నేర్చి నట్లుగఁ గూర్చి నేఁటి కవిత్వంబు- నీకంకితముఁ జేసి నెనరు దోఁపఁ
జేదోయి యొగ్గిన శ్రీపాదరజ మింత- నామీఁదఁ బాఱ నీ వేమి సామి",vupajaathi,Aandhranaayaka,"[('పూ', 'U'), ('ర్వ', '|'), ('క', '|'), ('వీం', 'U'), ('ద్రు', '|'), ('లు', '|'), ('పు', 'U'), ('ణ్య', '|'), ('ఫ', '|'), ('లం', 'U'), ('బే', 'U'), ('మి', '|'), ('సా', 'U'), ('క్షా', 'U'), ('త్క', '|'), ('రిం', 'U'), ('చి', '|'), ('య', 'U'), ('స్మ', 'U'), ('త్ప', '|'), ('రం', 'U'), ('బు', '|'), ('గా', 'U'), ('గ', 'U'), ('ద్య', '|'), ('ప', 'U'), ('ద్య', '|'), ('ము', 'U'), ('ల్గ', 'U'), ('ల్పిం', 'U'), ('చు', '|'), ('మ', '|'), ('ని', '|'), ('న', '|'), ('వే', 'U'), ('వ', '|'), ('ర', '|'), ('మొ', '|'), ('సం', 'U'), ('గి', '|'), ('తి', '|'), ('వం', 'U'), ('డ్రు', '|'), ('వాం', 'U'), ('ఛ', '|'), ('జే', 'U'), ('సి', '|'), ('నే', 'U'), ('ర్చి', '|'), ('న', 'U'), ('ట్లు', '|'), ('గ', '|'), ('గూ', 'U'), ('ర్చి', '|'), ('నే', 'U'), ('టి', '|'), ('క', '|'), ('వి', 'U'), ('త్వం', 'U'), ('బు', '|'), ('నీ', 'U'), ('కం', 'U'), ('కి', '|'), ('త', '|'), ('ము', '|'), ('జే', 'U'), ('సి', '|'), ('నె', '|'), ('న', '|'), ('రు', '|'), ('దో', 'U'), ('ప', '|'), ('జే', 'U'), ('దో', 'U'), ('యి', '|'), ('యొ', 'U'), ('గ్గి', '|'), ('న', '|'), ('శ్రీ', 'U'), ('పా', 'U'), ('ద', '|'), ('ర', '|'), ('జ', '|'), ('మిం', 'U'), ('త', '|'), ('నా', 'U'), ('మీ', 'U'), ('ద', '|'), ('బా', 'U'), ('ఱ', '|'), ('నీ', 'U'), ('వే', 'U'), ('మి', '|'), ('సా', 'U'), ('మి', '|')]",1.0,-1.0,1.0,1.0,1.0,-1.0
teytageethi,"కృపకుఁ బాత్రముఁ జేయు మక్షీణభాగ్య-లక్షణాంచిత పాదపల్లవకరాబ్జ!
చిత్ర చిత్ర ప్రభావ దాక్షిణ్యభావ-హత విమతజీవ శ్రీకాకుళాంధ్రదేవ!",vupajaathi,Aandhranaayaka,"[('కృ', '|'), ('ప', '|'), ('కు', '|'), ('బా', 'U'), ('త్ర', '|'), ('ము', '|'), ('జే', 'U'), ('యు', '|'), ('మ', 'U'), ('క్షీ', 'U'), ('ణ', '|'), ('భా', 'U'), ('గ్య', '|'), ('ల', 'U'), ('క్ష', '|'), ('ణాం', 'U'), ('చి', '|'), ('త', '|'), ('పా', 'U'), ('ద', '|'), ('ప', 'U'), ('ల్ల', '|'), ('వ', '|'), ('క', '|'), ('రా', 'U'), ('బ్జ', '|'), ('చి', '|'), ('త్ర', '|'), ('చి', '|'), ('త్ర', '|'), ('ప్ర', '|'), ('భా', 'U'), ('వ', '|'), ('దా', 'U'), ('క్షి', 'U'), ('ణ్య', '|'), ('భా', 'U'), ('వ', '|'), ('హ', '|'), ('త', '|'), ('వి', '|'), ('మ', '|'), ('త', '|'), ('జీ', 'U'), ('వ', '|'), ('శ్రీ', 'U'), ('కా', 'U'), ('కు', '|'), ('ళాం', 'U'), ('ధ్ర', '|'), ('దే', 'U'), ('వ', '|')]",0.7666666666666666,-1.0,1.0,0.8,0.5,-1.0
seesamu,"కావ్యదోషము లెఱుంగని మత్కవిత్వంబు- విద్వన్నుతంబుఁ గావించినావు
బహిరంత రింద్రియ పరిశుద్ధి లేని నా- తలఁపులోపల వచ్చి నిలచినావు
పుణ్యకర్మ మొకింత పూని సేయని నన్నుఁ- బెద్దలచేత మెప్పించినావు
పురుషప్రయత్నంబు గురు తెఱుంగని నన్ను- భుక్తి గల్గఁగ జేసి ప్రోచినావు",vupajaathi,Aandhranaayaka,"[('కా', 'U'), ('వ్య', '|'), ('దో', 'U'), ('ష', '|'), ('ము', '|'), ('లె', '|'), ('ఱుం', 'U'), ('గ', '|'), ('ని', '|'), ('మ', 'U'), ('త్క', '|'), ('వి', 'U'), ('త్వం', 'U'), ('బు', '|'), ('వి', 'U'), ('ద్వ', 'U'), ('న్ను', '|'), ('తం', 'U'), ('బు', '|'), ('గా', 'U'), ('విం', 'U'), ('చి', '|'), ('నా', 'U'), ('వు', '|'), ('బ', '|'), ('హి', '|'), ('రం', 'U'), ('త', '|'), ('రిం', 'U'), ('ద్రి', '|'), ('య', '|'), ('ప', '|'), ('రి', '|'), ('శు', 'U'), ('ద్ధి', '|'), ('లే', 'U'), ('ని', '|'), ('నా', 'U'), ('త', '|'), ('ల', '|'), ('పు', '|'), ('లో', 'U'), ('ప', '|'), ('ల', '|'), ('వ', 'U'), ('చ్చి', '|'), ('ని', '|'), ('ల', '|'), ('చి', '|'), ('నా', 'U'), ('వు', '|'), ('పు', 'U'), ('ణ్య', '|'), ('క', 'U'), ('ర్మ', '|'), ('మొ', '|'), ('కిం', 'U'), ('త', '|'), ('పూ', 'U'), ('ని', '|'), ('సే', 'U'), ('య', '|'), ('ని', '|'), ('న', 'U'), ('న్ను', '|'), ('బె', 'U'), ('ద్ద', '|'), ('ల', '|'), ('చే', 'U'), ('త', '|'), ('మె', 'U'), ('ప్పిం', 'U'), ('చి', '|'), ('నా', 'U'), ('వు', '|'), ('పు', '|'), ('రు', '|'), ('ష', '|'), ('ప్ర', '|'), ('య', 'U'), ('త్నం', 'U'), ('బు', '|'), ('గు', '|'), ('రు', '|'), ('తె', '|'), ('ఱుం', 'U'), ('గ', '|'), ('ని', '|'), ('న', 'U'), ('న్ను', '|'), ('భు', 'U'), ('క్తి', '|'), ('గ', 'U'), ('ల్గ', '|'), ('గ', '|'), ('జే', 'U'), ('సి', '|'), ('ప్రో', 'U'), ('చి', '|'), ('నా', 'U'), ('వు', '|')]",1.0,-1.0,1.0,1.0,1.0,-1.0
teytageethi,"పతితుఁ జేపట్టినావు చేపట్టినావె-యన్యగతిఁ బోవనీయకు మార్తరక్ష!
చిత్ర చిత్ర ప్రభావ దాక్షిణ్యభావ-హత విమతజీవ శ్రీకాకుళాంధ్రదేవ!",vupajaathi,Aandhranaayaka,"[('ప', '|'), ('తి', '|'), ('తు', '|'), ('జే', 'U'), ('ప', 'U'), ('ట్టి', '|'), ('నా', 'U'), ('వు', '|'), ('చే', 'U'), ('ప', 'U'), ('ట్టి', '|'), ('నా', 'U'), ('వె', '|'), ('య', 'U'), ('న్య', '|'), ('గ', '|'), ('తి', '|'), ('బో', 'U'), ('వ', '|'), ('నీ', 'U'), ('య', '|'), ('కు', '|'), ('మా', 'U'), ('ర్త', '|'), ('ర', 'U'), ('క్ష', '|'), ('చి', '|'), ('త్ర', '|'), ('చి', '|'), ('త్ర', '|'), ('ప్ర', '|'), ('భా', 'U'), ('వ', '|'), ('దా', 'U'), ('క్షి', 'U'), ('ణ్య', '|'), ('భా', 'U'), ('వ', '|'), ('హ', '|'), ('త', '|'), ('వి', '|'), ('మ', '|'), ('త', '|'), ('జీ', 'U'), ('వ', '|'), ('శ్రీ', 'U'), ('కా', 'U'), ('కు', '|'), ('ళాం', 'U'), ('ధ్ర', '|'), ('దే', 'U'), ('వ', '|')]",0.6833333333333332,-1.0,1.0,0.8,0.25,-1.0
seesamu,"శబరి యెంగిలిపండ్లు చవిఁజూచు ననుకంప- కుబ్జ గంధము పూఁతఁ గొన్నకరుణ
పాంచాలి కోర సాపడిన దయారతి- గోపమ్మ యుగ్గుఁబాల్‌ గ్రోలుకృపను
మాలికుఁ డొసఁగు తోమాలెఁ దాల్చినప్రేమ- ద్విజుని కొం గటుకులు దిన్నకూర్మి
గుహుఁడు పాదములు బట్టుట కుల్బు నెనరును- నుడుతదాస్యమునకుఁ బొడము ప్రేమ",vupajaathi,Aandhranaayaka,"[('శ', '|'), ('బ', '|'), ('రి', '|'), ('యెం', 'U'), ('గి', '|'), ('లి', '|'), ('పం', 'U'), ('డ్లు', '|'), ('చ', '|'), ('వి', '|'), ('జూ', 'U'), ('చు', '|'), ('న', '|'), ('ను', '|'), ('కం', 'U'), ('ప', '|'), ('కు', 'U'), ('బ్జ', '|'), ('గం', 'U'), ('ధ', '|'), ('ము', '|'), ('పూ', 'U'), ('త', '|'), ('గొ', 'U'), ('న్న', '|'), ('క', '|'), ('రు', '|'), ('ణ', '|'), ('పాం', 'U'), ('చా', 'U'), ('లి', '|'), ('కో', 'U'), ('ర', '|'), ('సా', 'U'), ('ప', '|'), ('డి', '|'), ('న', '|'), ('ద', '|'), ('యా', 'U'), ('ర', '|'), ('తి', '|'), ('గో', 'U'), ('ప', 'U'), ('మ్మ', '|'), ('యు', 'U'), ('గ్గు', '|'), ('బా', 'U'), ('ల్గ్రో', 'U'), ('లు', '|'), ('కృ', '|'), ('ప', '|'), ('ను', '|'), ('మా', 'U'), ('లి', '|'), ('కు', '|'), ('డొ', '|'), ('స', '|'), ('గు', '|'), ('తో', 'U'), ('మా', 'U'), ('లె', '|'), ('దా', 'U'), ('ల్చి', '|'), ('న', '|'), ('ప్రే', 'U'), ('మ', 'U'), ('ద్వి', '|'), ('జు', '|'), ('ని', '|'), ('కొం', 'U'), ('గ', '|'), ('టు', '|'), ('కు', '|'), ('లు', '|'), ('ది', 'U'), ('న్న', '|'), ('కూ', 'U'), ('ర్మి', '|'), ('గు', '|'), ('హు', '|'), ('డు', '|'), ('పా', 'U'), ('ద', '|'), ('ము', '|'), ('లు', '|'), ('బ', 'U'), ('ట్టు', '|'), ('ట', '|'), ('కు', 'U'), ('ల్బు', '|'), ('నె', '|'), ('న', '|'), ('రు', '|'), ('ను', '|'), ('ను', '|'), ('డు', '|'), ('త', '|'), ('దా', 'U'), ('స్య', '|'), ('ము', '|'), ('న', '|'), ('కు', '|'), ('బొ', '|'), ('డ', '|'), ('ము', '|'), ('ప్రే', 'U'), ('మ', '|')]",0.9479166666666666,-1.0,1.0,0.96875,0.875,-1.0
teytageethi,"శతక మంగీకరింపుము జగతి జనకుఁ-డర్భ కావ్యక్త భాషల నలరి నట్లు
చిత్ర చిత్ర ప్రభావ దాక్షిణ్యభావ-హత విమతజీవ శ్రీకాకుళాంధ్రదేవ!",vupajaathi,Aandhranaayaka,"[('శ', '|'), ('త', '|'), ('క', '|'), ('మం', 'U'), ('గీ', 'U'), ('క', '|'), ('రిం', 'U'), ('పు', '|'), ('ము', '|'), ('జ', '|'), ('గ', '|'), ('తి', '|'), ('జ', '|'), ('న', '|'), ('కు', '|'), ('డ', 'U'), ('ర్భ', '|'), ('కా', 'U'), ('వ్య', 'U'), ('క్త', '|'), ('భా', 'U'), ('ష', '|'), ('ల', '|'), ('న', '|'), ('ల', '|'), ('రి', '|'), ('న', 'U'), ('ట్లు', '|'), ('చి', '|'), ('త్ర', '|'), ('చి', '|'), ('త్ర', '|'), ('ప్ర', '|'), ('భా', 'U'), ('వ', '|'), ('దా', 'U'), ('క్షి', 'U'), ('ణ్య', '|'), ('భా', 'U'), ('వ', '|'), ('హ', '|'), ('త', '|'), ('వి', '|'), ('మ', '|'), ('త', '|'), ('జీ', 'U'), ('వ', '|'), ('శ్రీ', 'U'), ('కా', 'U'), ('కు', '|'), ('ళాం', 'U'), ('ధ్ర', '|'), ('దే', 'U'), ('వ', '|')]",0.6833333333333332,-1.0,1.0,0.8,0.25,-1.0
seesamu,"శతక మొకటి 'మనసా హరిపాదము- లాశ్రయించవె' యని యల్లినాఁడఁ
గరిమ 'రామా! భక్త కల్పద్రుమా!' యని యొప్పగా శతకంబుఁ జెప్పినాఁడ
నలరులదండ మీ కనఁగ 'హంసలదీవి- గోపాల శతకంబుఁ' గూర్చినాఁడ
యుష్మ దంకితముగా నూహించ శకమ మీ- నంచితంబుగ రచియించినాఁడ",vupajaathi,Aandhranaayaka,"[('శ', '|'), ('త', '|'), ('క', '|'), ('మొ', '|'), ('క', '|'), ('టి', '|'), ('మ', '|'), ('న', '|'), ('సా', 'U'), ('హ', '|'), ('రి', '|'), ('పా', 'U'), ('ద', '|'), ('ము', '|'), ('లా', 'U'), ('శ్ర', '|'), ('యిం', 'U'), ('చ', '|'), ('వె', '|'), ('య', '|'), ('ని', '|'), ('య', 'U'), ('ల్లి', '|'), ('నా', 'U'), ('డ', '|'), ('గ', '|'), ('రి', '|'), ('మ', '|'), ('రా', 'U'), ('మా', 'U'), ('భ', 'U'), ('క్త', '|'), ('క', 'U'), ('ల్ప', '|'), ('ద్రు', '|'), ('మా', 'U'), ('య', '|'), ('ని', '|'), ('యొ', 'U'), ('ప్ప', '|'), ('గా', 'U'), ('శ', '|'), ('త', '|'), ('కం', 'U'), ('బు', '|'), ('జె', 'U'), ('ప్పి', '|'), ('నా', 'U'), ('డ', '|'), ('న', '|'), ('ల', '|'), ('రు', '|'), ('ల', '|'), ('దం', 'U'), ('డ', '|'), ('మీ', 'U'), ('క', '|'), ('న', '|'), ('గ', '|'), ('హం', 'U'), ('స', '|'), ('ల', '|'), ('దీ', 'U'), ('వి', '|'), ('గో', 'U'), ('పా', 'U'), ('ల', '|'), ('శ', '|'), ('త', '|'), ('కం', 'U'), ('బు', '|'), ('గూ', 'U'), ('ర్చి', '|'), ('నా', 'U'), ('డ', '|'), ('యు', 'U'), ('ష్మ', '|'), ('దం', 'U'), ('కి', '|'), ('త', '|'), ('ము', '|'), ('గా', 'U'), ('నూ', 'U'), ('హిం', 'U'), ('చ', '|'), ('శ', '|'), ('క', '|'), ('మ', '|'), ('మీ', 'U'), ('నం', 'U'), ('చి', '|'), ('తం', 'U'), ('బు', '|'), ('గ', '|'), ('ర', '|'), ('చి', '|'), ('యిం', 'U'), ('చి', '|'), ('నా', 'U'), ('డ', '|')]",0.875,-1.0,1.0,1.0,0.625,-1.0
teytageethi,"భవదనుగ్రహ కవితచేఁ బ్రబలువాఁడ-నవని గాసుల పురుషోత్త మాఖ్యవాఁడ
చిత్రజిత్ర ప్రభావ దాక్షిణ్యభావ-హతవిమతజీవ శ్రీ కాకుళాంధ్ర దేవ!",vupajaathi,Aandhranaayaka,"[('భ', '|'), ('వ', '|'), ('ద', '|'), ('ను', '|'), ('గ్ర', '|'), ('హ', '|'), ('క', '|'), ('వి', '|'), ('త', '|'), ('చే', 'U'), ('బ్ర', '|'), ('బ', '|'), ('లు', '|'), ('వా', 'U'), ('డ', '|'), ('న', '|'), ('వ', '|'), ('ని', '|'), ('గా', 'U'), ('సు', '|'), ('ల', '|'), ('పు', '|'), ('రు', '|'), ('షో', 'U'), ('త్త', '|'), ('మా', 'U'), ('ఖ్య', '|'), ('వా', 'U'), ('డ', '|'), ('చి', '|'), ('త్ర', '|'), ('జి', '|'), ('త్ర', '|'), ('ప్ర', '|'), ('భా', 'U'), ('వ', '|'), ('దా', 'U'), ('క్షి', 'U'), ('ణ్య', '|'), ('భా', 'U'), ('వ', '|'), ('హ', '|'), ('త', '|'), ('వి', '|'), ('మ', '|'), ('త', '|'), ('జీ', 'U'), ('వ', '|'), ('శ్రీ', 'U'), ('కా', 'U'), ('కు', '|'), ('ళాం', 'U'), ('ధ్ర', '|'), ('దే', 'U'), ('వ', '|')]",0.6166666666666667,-1.0,1.0,0.6,0.25,-1.0
saardulamu,"శ్రీసాకేతపురీవరంబున సునాసీరోపలస్థాపిత-
ప్రాసాదాంతర చంద్రకాంతమణియుక్పర్యంకభాగంబునన్
శ్రీసీతాసతిఁ గూడ వేడ్కలలరం గ్రీడించు మిమ్మెప్పుడున్
మా సన్మానసవీథిఁ గొల్చెదము రామా! భక్తమందారమా!",vruttamu,Bhaktamandaara,"[('శ్రీ', 'U'), ('సా', 'U'), ('కే', 'U'), ('త', '|'), ('పు', '|'), ('రీ', 'U'), ('వ', '|'), ('రం', 'U'), ('బు', '|'), ('న', '|'), ('సు', '|'), ('నా', 'U'), ('సీ', 'U'), ('రో', 'U'), ('ప', '|'), ('ల', 'U'), ('స్థా', 'U'), ('పి', '|'), ('త', '|'), ('ప్రా', 'U'), ('సా', 'U'), ('దాం', 'U'), ('త', '|'), ('ర', '|'), ('చం', 'U'), ('ద్ర', '|'), ('కాం', 'U'), ('త', '|'), ('మ', '|'), ('ణి', '|'), ('యు', 'U'), ('క్ప', 'U'), ('ర్యం', 'U'), ('క', '|'), ('భా', 'U'), ('గం', 'U'), ('బు', '|'), ('నన్', 'U'), ('శ్రీ', 'U'), ('సీ', 'U'), ('తా', 'U'), ('స', '|'), ('తి', '|'), ('గూ', 'U'), ('డ', '|'), ('వే', 'U'), ('డ్క', '|'), ('ల', '|'), ('ల', '|'), ('రం', 'U'), ('గ్రీ', 'U'), ('డిం', 'U'), ('చు', '|'), ('మి', 'U'), ('మ్మె', 'U'), ('ప్పు', '|'), ('డున్', 'U'), ('మా', 'U'), ('స', 'U'), ('న్మా', 'U'), ('న', '|'), ('స', '|'), ('వీ', 'U'), ('థి', '|'), ('గొ', 'U'), ('ల్చె', '|'), ('ద', '|'), ('ము', '|'), ('రా', 'U'), ('మా', 'U'), ('భ', 'U'), ('క్త', '|'), ('మం', 'U'), ('దా', 'U'), ('ర', '|'), ('మా', 'U')]",0.9928571428571429,1.0,1.0,0.9642857142857143,1.0,1.0
saardulamu,"అస్తోకామలకీర్తికామ! లసదుద్యన్నీరదశ్యామ! భూ
విస్తారప్రభుతాలలామ! త్రిజగత్ప్రఖ్యాతసన్నామ! ధీ-
రస్తుత్యోరుగుణాభిరామ! భుజసారస్ఫారపౌలస్త్యదు-
ర్మస్తస్తోమవిరామ! ధీమహిత! రామా! భక్తమందారమా!",vruttamu,Bhaktamandaara,"[('అ', 'U'), ('స్తో', 'U'), ('కా', 'U'), ('మ', '|'), ('ల', '|'), ('కీ', 'U'), ('ర్తి', '|'), ('కా', 'U'), ('మ', '|'), ('ల', '|'), ('స', '|'), ('దు', 'U'), ('ద్య', 'U'), ('న్నీ', 'U'), ('ర', '|'), ('ద', 'U'), ('శ్యా', 'U'), ('మ', '|'), ('భూ', 'U'), ('వి', 'U'), ('స్తా', 'U'), ('ర', '|'), ('ప్ర', '|'), ('భు', '|'), ('తా', 'U'), ('ల', '|'), ('లా', 'U'), ('మ', '|'), ('త్రి', '|'), ('జ', '|'), ('గ', 'U'), ('త్ప్ర', 'U'), ('ఖ్యా', 'U'), ('త', '|'), ('స', 'U'), ('న్నా', 'U'), ('మ', '|'), ('ధీ', 'U'), ('ర', 'U'), ('స్తు', 'U'), ('త్యో', 'U'), ('రు', '|'), ('గు', '|'), ('ణా', 'U'), ('భి', '|'), ('రా', 'U'), ('మ', '|'), ('భు', '|'), ('జ', '|'), ('సా', 'U'), ('ర', 'U'), ('స్ఫా', 'U'), ('ర', '|'), ('పౌ', 'U'), ('ల', 'U'), ('స్త్య', '|'), ('దు', 'U'), ('ర్మ', 'U'), ('స్త', 'U'), ('స్తో', 'U'), ('మ', '|'), ('వి', '|'), ('రా', 'U'), ('మ', '|'), ('ధీ', 'U'), ('మ', '|'), ('హి', '|'), ('త', '|'), ('రా', 'U'), ('మా', 'U'), ('భ', 'U'), ('క్త', '|'), ('మం', 'U'), ('దా', 'U'), ('ర', '|'), ('మా', 'U')]",0.9428571428571428,1.0,1.0,0.9642857142857143,0.75,1.0
mattebhamu,"కదనప్రాంగణకార్తికేయ! విలసద్గాంగేయకౌశేయ! భా-
స్వదుదంచద్ఘననీలకాయ! త్రిజగత్సంరక్షణోపాయ! స-
మ్ముదితాశేషమరున్నికాయ! దివిషన్ముఖ్యాతిగేయా! గరు-
త్మదమేయాశ్వ! సుధీవిధేయగుణ! రామా! భక్తమందారమా!",vruttamu,Bhaktamandaara,"[('క', '|'), ('ద', '|'), ('న', '|'), ('ప్రాం', 'U'), ('గ', '|'), ('ణ', '|'), ('కా', 'U'), ('ర్తి', '|'), ('కే', 'U'), ('య', '|'), ('వి', '|'), ('ల', '|'), ('స', 'U'), ('ద్గాం', 'U'), ('గే', 'U'), ('య', '|'), ('కౌ', 'U'), ('శే', 'U'), ('య', '|'), ('భా', 'U'), ('స్వ', '|'), ('దు', '|'), ('దం', 'U'), ('చ', 'U'), ('ద్ఘ', '|'), ('న', '|'), ('నీ', 'U'), ('ల', '|'), ('కా', 'U'), ('య', '|'), ('త్రి', '|'), ('జ', '|'), ('గ', 'U'), ('త్సం', 'U'), ('ర', 'U'), ('క్ష', '|'), ('ణో', 'U'), ('పా', 'U'), ('య', '|'), ('స', 'U'), ('మ్ము', '|'), ('ది', '|'), ('తా', 'U'), ('శే', 'U'), ('ష', '|'), ('మ', '|'), ('రు', 'U'), ('న్ని', '|'), ('కా', 'U'), ('య', '|'), ('ది', '|'), ('వి', '|'), ('ష', 'U'), ('న్ము', 'U'), ('ఖ్యా', 'U'), ('తి', '|'), ('గే', 'U'), ('యా', 'U'), ('గ', '|'), ('రు', 'U'), ('త్మ', '|'), ('ద', '|'), ('మే', 'U'), ('యా', 'U'), ('శ్వ', '|'), ('సు', '|'), ('ధీ', 'U'), ('వి', '|'), ('ధే', 'U'), ('య', '|'), ('గు', '|'), ('ణ', '|'), ('రా', 'U'), ('మా', 'U'), ('భ', 'U'), ('క్త', '|'), ('మం', 'U'), ('దా', 'U'), ('ర', '|'), ('మా', 'U')]",0.9928571428571429,1.0,1.0,0.9642857142857143,1.0,1.0
mattebhamu,"అకలంకాయతకీర్తి జాల! మహనీయాభీలశౌర్యస్ఫుర-
న్మకరాక్షాసురరావణప్రముఖ నానాదానవోత్తాలతూ-
లకరాళస్ఫుటవహ్నికీల! జయశీలా! సద్దయావాల! హే-
మకనచ్చేల! బుధానుపాల! రఘురామా! భక్తమందారమా!",vruttamu,Bhaktamandaara,"[('అ', '|'), ('క', '|'), ('లం', 'U'), ('కా', 'U'), ('య', '|'), ('త', '|'), ('కీ', 'U'), ('ర్తి', '|'), ('జా', 'U'), ('ల', '|'), ('మ', '|'), ('హ', '|'), ('నీ', 'U'), ('యా', 'U'), ('భీ', 'U'), ('ల', '|'), ('శౌ', 'U'), ('ర్య', 'U'), ('స్ఫు', '|'), ('ర', 'U'), ('న్మ', '|'), ('క', '|'), ('రా', 'U'), ('క్షా', 'U'), ('సు', '|'), ('ర', '|'), ('రా', 'U'), ('వ', '|'), ('ణ', '|'), ('ప్ర', '|'), ('ము', '|'), ('ఖ', '|'), ('నా', 'U'), ('నా', 'U'), ('దా', 'U'), ('న', '|'), ('వో', 'U'), ('త్తా', 'U'), ('ల', '|'), ('తూ', 'U'), ('ల', '|'), ('క', '|'), ('రా', 'U'), ('ళ', 'U'), ('స్ఫు', '|'), ('ట', '|'), ('వ', 'U'), ('హ్ని', '|'), ('కీ', 'U'), ('ల', '|'), ('జ', '|'), ('య', '|'), ('శీ', 'U'), ('లా', 'U'), ('స', 'U'), ('ద్ద', '|'), ('యా', 'U'), ('వా', 'U'), ('ల', '|'), ('హే', 'U'), ('మ', '|'), ('క', '|'), ('న', 'U'), ('చ్చే', 'U'), ('ల', '|'), ('బు', '|'), ('ధా', 'U'), ('ను', '|'), ('పా', 'U'), ('ల', '|'), ('ర', '|'), ('ఘు', '|'), ('రా', 'U'), ('మా', 'U'), ('భ', 'U'), ('క్త', '|'), ('మం', 'U'), ('దా', 'U'), ('ర', '|'), ('మా', 'U')]",0.9928571428571429,1.0,1.0,0.9642857142857143,1.0,1.0
mattebhamu,"దురితధ్వాంతపతంగ! సంగరమహాదుర్వారగర్వాహితో-
త్కర సేనాకదళీమతంగ! లసదేకాంతాత్మపంకేజసం-
చరదుద్యన్మదభృంగ! పుంగవ ఘనశ్యామాంగ! సద్గంగ! క-
మ్రరమాలింగనసంగతాంగ! రఘురామా! భక్తమందారమా!",vruttamu,Bhaktamandaara,"[('దు', '|'), ('రి', '|'), ('త', 'U'), ('ధ్వాం', 'U'), ('త', '|'), ('ప', '|'), ('తం', 'U'), ('గ', '|'), ('సం', 'U'), ('గ', '|'), ('ర', '|'), ('మ', '|'), ('హా', 'U'), ('దు', 'U'), ('ర్వా', 'U'), ('ర', '|'), ('గ', 'U'), ('ర్వా', 'U'), ('హి', '|'), ('తో', 'U'), ('త్క', '|'), ('ర', '|'), ('సే', 'U'), ('నా', 'U'), ('క', '|'), ('ద', '|'), ('ళీ', 'U'), ('మ', '|'), ('తం', 'U'), ('గ', '|'), ('ల', '|'), ('స', '|'), ('దే', 'U'), ('కాం', 'U'), ('తా', 'U'), ('త్మ', '|'), ('పం', 'U'), ('కే', 'U'), ('జ', '|'), ('సం', 'U'), ('చ', '|'), ('ర', '|'), ('దు', 'U'), ('ద్య', 'U'), ('న్మ', '|'), ('ద', '|'), ('భృం', 'U'), ('గ', '|'), ('పుం', 'U'), ('గ', '|'), ('వ', '|'), ('ఘ', '|'), ('న', 'U'), ('శ్యా', 'U'), ('మాం', 'U'), ('గ', '|'), ('స', 'U'), ('ద్గం', 'U'), ('గ', '|'), ('క', '|'), ('మ్ర', '|'), ('ర', '|'), ('మా', 'U'), ('లిం', 'U'), ('గ', '|'), ('న', '|'), ('సం', 'U'), ('గ', '|'), ('తాం', 'U'), ('గ', '|'), ('ర', '|'), ('ఘు', '|'), ('రా', 'U'), ('మా', 'U'), ('భ', 'U'), ('క్త', '|'), ('మం', 'U'), ('దా', 'U'), ('ర', '|'), ('మా', 'U')]",0.9928571428571429,1.0,1.0,0.9642857142857143,1.0,1.0
saardulamu,"దండం బీయదె నీకుఁ గైకొనుము దోర్దండాగ్రజాగ్రన్మహో-
దండోత్తాలవిశాల దివ్యతరకోదండాగ్రనిర్ముక్త స-
త్కాండవ్రాతవిఖండితాహితశిరఃకాండా! కనత్కుండలా!
మాండవ్యాది తపోధనప్రణుత! రామా! భక్తమందారమా!",vruttamu,Bhaktamandaara,"[('దం', 'U'), ('డం', 'U'), ('బీ', 'U'), ('య', '|'), ('దె', '|'), ('నీ', 'U'), ('కు', '|'), ('గై', 'U'), ('కొ', '|'), ('ను', '|'), ('ము', '|'), ('దో', 'U'), ('ర్దం', 'U'), ('డా', 'U'), ('గ్ర', '|'), ('జా', 'U'), ('గ్ర', 'U'), ('న్మ', '|'), ('హో', 'U'), ('దం', 'U'), ('డో', 'U'), ('త్తా', 'U'), ('ల', '|'), ('వి', '|'), ('శా', 'U'), ('ల', '|'), ('ది', 'U'), ('వ్య', '|'), ('త', '|'), ('ర', '|'), ('కో', 'U'), ('దం', 'U'), ('డా', 'U'), ('గ్ర', '|'), ('ని', 'U'), ('ర్ము', 'U'), ('క్త', '|'), ('స', 'U'), ('త్కాం', 'U'), ('డ', '|'), ('వ్రా', 'U'), ('త', '|'), ('వి', '|'), ('ఖం', 'U'), ('డి', '|'), ('తా', 'U'), ('హి', '|'), ('త', '|'), ('శి', '|'), ('రః', 'U'), ('కాం', 'U'), ('డా', 'U'), ('క', '|'), ('న', 'U'), ('త్కుం', 'U'), ('డ', '|'), ('లా', 'U'), ('మాం', 'U'), ('డ', 'U'), ('వ్యా', 'U'), ('ది', '|'), ('త', '|'), ('పో', 'U'), ('ధ', '|'), ('న', '|'), ('ప్ర', '|'), ('ణు', '|'), ('త', '|'), ('రా', 'U'), ('మా', 'U'), ('భ', 'U'), ('క్త', '|'), ('మం', 'U'), ('దా', 'U'), ('ర', '|'), ('మా', 'U')]",0.9857142857142858,1.0,1.0,0.9285714285714286,1.0,1.0
saardulamu,"వింతల్‍గాఁ గడు మీకు సత్కృతులు గావింతున్ దుషారాద్రిజా-
కాంతాక్రాంతజటాంతరాళవిలుఠద్గంగాతరంగచ్ఛటో-
త్క్రాంతాత్యంత ఝళంఝళన్నినద రంగద్ధాటి మీఱంగ సా-
మంతా! సంతతశాంతిమంత! జయరామా! భక్తమందారమా!",vruttamu,Bhaktamandaara,"[('విం', 'U'), ('త', 'U'), ('ల్గా', 'U'), ('గ', '|'), ('డు', '|'), ('మీ', 'U'), ('కు', '|'), ('స', 'U'), ('త్కృ', '|'), ('తు', '|'), ('లు', '|'), ('గా', 'U'), ('విం', 'U'), ('తు', 'U'), ('న్దు', '|'), ('షా', 'U'), ('రా', 'U'), ('ద్రి', '|'), ('జా', 'U'), ('కాం', 'U'), ('తా', 'U'), ('క్రాం', 'U'), ('త', '|'), ('జ', '|'), ('టాం', 'U'), ('త', '|'), ('రా', 'U'), ('ళ', '|'), ('వి', '|'), ('లు', '|'), ('ఠ', 'U'), ('ద్గం', 'U'), ('గా', 'U'), ('త', '|'), ('రం', 'U'), ('గ', 'U'), ('చ్ఛ', '|'), ('టో', 'U'), ('త్క్రాం', 'U'), ('తా', 'U'), ('త్యం', 'U'), ('త', '|'), ('ఝ', '|'), ('ళం', 'U'), ('ఝ', '|'), ('ళ', 'U'), ('న్ని', '|'), ('న', '|'), ('ద', '|'), ('రం', 'U'), ('గ', 'U'), ('ద్ధా', 'U'), ('టి', '|'), ('మీ', 'U'), ('ఱం', 'U'), ('గ', '|'), ('సా', 'U'), ('మం', 'U'), ('తా', 'U'), ('సం', 'U'), ('త', '|'), ('త', '|'), ('శాం', 'U'), ('తి', '|'), ('మం', 'U'), ('త', '|'), ('జ', '|'), ('య', '|'), ('రా', 'U'), ('మా', 'U'), ('భ', 'U'), ('క్త', '|'), ('మం', 'U'), ('దా', 'U'), ('ర', '|'), ('మా', 'U')]",1.0,1.0,1.0,1.0,1.0,1.0
mattebhamu,"రకపుం గావ్యకళాకలాపరచనాప్రాగల్భ్యసంసిద్ధికై
ప్రకటప్రేమ భజింతు నీశ మకుటప్రస్ఫీతగంగాజలా-
ధికమాధుర్యకవిత్వధూర్వహన ధీదివ్యప్రభావాఢ్యఁ ది-
మ్మకవిశ్రేష్ఠు మదగ్రజున్ మదిని రామా! భక్తమందారమా!",vruttamu,Bhaktamandaara,"[('ర', '|'), ('క', '|'), ('పుం', 'U'), ('గా', 'U'), ('వ్య', '|'), ('క', '|'), ('ళా', 'U'), ('క', '|'), ('లా', 'U'), ('ప', '|'), ('ర', '|'), ('చ', '|'), ('నా', 'U'), ('ప్రా', 'U'), ('గ', 'U'), ('ల్భ్య', '|'), ('సం', 'U'), ('సి', 'U'), ('ద్ధి', '|'), ('కై', 'U'), ('ప్ర', '|'), ('క', '|'), ('ట', '|'), ('ప్రే', 'U'), ('మ', '|'), ('భ', '|'), ('జిం', 'U'), ('తు', '|'), ('నీ', 'U'), ('శ', '|'), ('మ', '|'), ('కు', '|'), ('ట', '|'), ('ప్ర', 'U'), ('స్ఫీ', 'U'), ('త', '|'), ('గం', 'U'), ('గా', 'U'), ('జ', '|'), ('లా', 'U'), ('ధి', '|'), ('క', '|'), ('మా', 'U'), ('ధు', 'U'), ('ర్య', '|'), ('క', '|'), ('వి', 'U'), ('త్వ', '|'), ('ధూ', 'U'), ('ర్వ', '|'), ('హ', '|'), ('న', '|'), ('ధీ', 'U'), ('ది', 'U'), ('వ్య', '|'), ('ప్ర', '|'), ('భా', 'U'), ('వా', 'U'), ('ఢ్య', '|'), ('ది', 'U'), ('మ్మ', '|'), ('క', '|'), ('వి', '|'), ('శ్రే', 'U'), ('ష్ఠు', '|'), ('మ', '|'), ('ద', '|'), ('గ్ర', '|'), ('జు', 'U'), ('న్మ', '|'), ('ది', '|'), ('ని', '|'), ('రా', 'U'), ('మా', 'U'), ('భ', 'U'), ('క్త', '|'), ('మం', 'U'), ('దా', 'U'), ('ర', '|'), ('మా', 'U')]",0.9642857142857142,1.0,1.0,0.8214285714285714,1.0,1.0
mattebhamu,"సకలాభీష్టఫలప్రదాయకుఁడవై చంచద్దయాశాలివై
ప్రకటస్నేహరసార్ద్రమానసుఁడవై భంగీకృతానేకపా-
తకఘోరామయశాత్రవోత్కరుడవై ధాత్రీసుతం గూడి మా-
మక చిత్తాబ్జమునన్ వసించు మొగి, రామా! భక్తమందారమా!",vruttamu,Bhaktamandaara,"[('స', '|'), ('క', '|'), ('లా', 'U'), ('భీ', 'U'), ('ష్ట', '|'), ('ఫ', '|'), ('ల', '|'), ('ప్ర', '|'), ('దా', 'U'), ('య', '|'), ('కు', '|'), ('డ', '|'), ('వై', 'U'), ('చం', 'U'), ('చ', 'U'), ('ద్ద', '|'), ('యా', 'U'), ('శా', 'U'), ('లి', '|'), ('వై', 'U'), ('ప్ర', '|'), ('క', '|'), ('ట', 'U'), ('స్నే', 'U'), ('హ', '|'), ('ర', '|'), ('సా', 'U'), ('ర్ద్ర', '|'), ('మా', 'U'), ('న', '|'), ('సు', '|'), ('డ', '|'), ('వై', 'U'), ('భం', 'U'), ('గీ', 'U'), ('కృ', '|'), ('తా', 'U'), ('నే', 'U'), ('క', '|'), ('పా', 'U'), ('త', '|'), ('క', '|'), ('ఘో', 'U'), ('రా', 'U'), ('మ', '|'), ('య', '|'), ('శా', 'U'), ('త్ర', '|'), ('వో', 'U'), ('త్క', '|'), ('రు', '|'), ('డ', '|'), ('వై', 'U'), ('ధా', 'U'), ('త్రీ', 'U'), ('సు', '|'), ('తం', 'U'), ('గూ', 'U'), ('డి', '|'), ('మా', 'U'), ('మ', '|'), ('క', '|'), ('చి', 'U'), ('త్తా', 'U'), ('బ్జ', '|'), ('ము', '|'), ('న', 'U'), ('న్వ', '|'), ('సిం', 'U'), ('చు', '|'), ('మొ', '|'), ('గి', '|'), ('రా', 'U'), ('మా', 'U'), ('భ', 'U'), ('క్త', '|'), ('మం', 'U'), ('దా', 'U'), ('ర', '|'), ('మా', 'U')]",0.9928571428571429,1.0,1.0,0.9642857142857143,1.0,1.0
mattebhamu,"మణిపుంఖాంకితకంకపత్రచయ సమ్యగ్దివ్యతూణద్వయం-
బణుమధ్యంబునఁ దళ్కు గుల్క ఖలదైత్యానీకహృద్భేదకృ-
ద్ధణనీయోగ్రకఠోరకార్ముకము చేతంబూని నా వెంట ల-
క్ష్మణుడు న్నీవును నంటి త్రిమ్మరుము రామా! భక్తమందారమా!",vruttamu,Bhaktamandaara,"[('మ', '|'), ('ణి', '|'), ('పుం', 'U'), ('ఖాం', 'U'), ('కి', '|'), ('త', '|'), ('కం', 'U'), ('క', '|'), ('ప', '|'), ('త్ర', '|'), ('చ', '|'), ('య', '|'), ('స', 'U'), ('మ్య', 'U'), ('గ్ది', 'U'), ('వ్య', '|'), ('తూ', 'U'), ('ణ', 'U'), ('ద్వ', '|'), ('యం', 'U'), ('బ', '|'), ('ణు', '|'), ('మ', 'U'), ('ధ్యం', 'U'), ('బు', '|'), ('న', '|'), ('ద', 'U'), ('ళ్కు', '|'), ('గు', 'U'), ('ల్క', '|'), ('ఖ', '|'), ('ల', '|'), ('దై', 'U'), ('త్యా', 'U'), ('నీ', 'U'), ('క', '|'), ('హృ', 'U'), ('ద్భే', 'U'), ('ద', '|'), ('కృ', 'U'), ('ద్ధ', '|'), ('ణ', '|'), ('నీ', 'U'), ('యో', 'U'), ('గ్ర', '|'), ('క', '|'), ('ఠో', 'U'), ('ర', '|'), ('కా', 'U'), ('ర్ము', '|'), ('క', '|'), ('ము', '|'), ('చే', 'U'), ('తం', 'U'), ('బూ', 'U'), ('ని', '|'), ('నా', 'U'), ('వెం', 'U'), ('ట', '|'), ('ల', 'U'), ('క్ష్మ', '|'), ('ణు', '|'), ('డు', 'U'), ('న్నీ', 'U'), ('వు', '|'), ('ను', '|'), ('నం', 'U'), ('టి', '|'), ('త్రి', 'U'), ('మ్మ', '|'), ('రు', '|'), ('ము', '|'), ('రా', 'U'), ('మా', 'U'), ('భ', 'U'), ('క్త', '|'), ('మం', 'U'), ('దా', 'U'), ('ర', '|'), ('మా', 'U')]",0.9428571428571428,1.0,1.0,0.9642857142857143,0.75,1.0
mattebhamu,"పలుమాఱున్ భవదీయకావ్యరచనాప్రాగల్భ్య మొప్పార ని-
న్గొలుతున్ మామక మానసాబ్జమున బొంకుల్ గావు నీ వెచ్చటం
గలలోనం బొడకట్ట విట్టి వగ బాగా! మేల్! బళా! శ్యామకో-
మలవిభ్రాజితమందరావయవ! రామా! భక్తమందారమా!",vruttamu,Bhaktamandaara,"[('ప', '|'), ('లు', '|'), ('మా', 'U'), ('ఱు', 'U'), ('న్భ', '|'), ('వ', '|'), ('దీ', 'U'), ('య', '|'), ('కా', 'U'), ('వ్య', '|'), ('ర', '|'), ('చ', '|'), ('నా', 'U'), ('ప్రా', 'U'), ('గ', 'U'), ('ల్భ్య', '|'), ('మొ', 'U'), ('ప్పా', 'U'), ('ర', '|'), ('ని', 'U'), ('న్గొ', '|'), ('లు', '|'), ('తు', 'U'), ('న్మా', 'U'), ('మ', '|'), ('క', '|'), ('మా', 'U'), ('న', '|'), ('సా', 'U'), ('బ్జ', '|'), ('ము', '|'), ('న', '|'), ('బొం', 'U'), ('కు', 'U'), ('ల్గా', 'U'), ('వు', '|'), ('నీ', 'U'), ('వె', 'U'), ('చ్చ', '|'), ('టం', 'U'), ('గ', '|'), ('ల', '|'), ('లో', 'U'), ('నం', 'U'), ('బొ', '|'), ('డ', '|'), ('క', 'U'), ('ట్ట', '|'), ('వి', 'U'), ('ట్టి', '|'), ('వ', '|'), ('గ', '|'), ('బా', 'U'), ('గా', 'U'), ('మే', 'U'), ('ల్బ', '|'), ('ళా', 'U'), ('శ్యా', 'U'), ('మ', '|'), ('కో', 'U'), ('మ', '|'), ('ల', '|'), ('వి', '|'), ('భ్రా', 'U'), ('జి', '|'), ('త', '|'), ('మం', 'U'), ('ద', '|'), ('రా', 'U'), ('వ', '|'), ('య', '|'), ('వ', '|'), ('రా', 'U'), ('మా', 'U'), ('భ', 'U'), ('క్త', '|'), ('మం', 'U'), ('దా', 'U'), ('ర', '|'), ('మా', 'U')]",0.9928571428571429,1.0,1.0,0.9642857142857143,1.0,1.0
mattebhamu,"రఘువంశాంబుధిపూర్ణచంద్ర! విలసద్రాజన్యదేవేంద్ర! నా
యఘసంఘంబులఁ బాఱఁద్రోలి భవదీయామేయకారుణ్యదృ-
ష్టి ఘనప్రక్రియఁ జూచి యేలుకొనుమా! సేవింతు నత్యంతమున్
మఘవప్రస్తుతసద్గుణాభరణ! రామా! భక్తమందారమా!",vruttamu,Bhaktamandaara,"[('ర', '|'), ('ఘు', '|'), ('వం', 'U'), ('శాం', 'U'), ('బు', '|'), ('ధి', '|'), ('పూ', 'U'), ('ర్ణ', '|'), ('చం', 'U'), ('ద్ర', '|'), ('వి', '|'), ('ల', '|'), ('స', '|'), ('ద్రా', 'U'), ('జ', 'U'), ('న్య', '|'), ('దే', 'U'), ('వేం', 'U'), ('ద్ర', '|'), ('నా', 'U'), ('య', '|'), ('ఘ', '|'), ('సం', 'U'), ('ఘం', 'U'), ('బు', '|'), ('ల', '|'), ('బా', 'U'), ('ఱ', '|'), ('ద్రో', 'U'), ('లి', '|'), ('భ', '|'), ('వ', '|'), ('దీ', 'U'), ('యా', 'U'), ('మే', 'U'), ('య', '|'), ('కా', 'U'), ('రు', 'U'), ('ణ్య', '|'), ('దృ', 'U'), ('ష్టి', '|'), ('ఘ', '|'), ('న', '|'), ('ప్ర', '|'), ('క్రి', '|'), ('య', '|'), ('జూ', 'U'), ('చి', '|'), ('యే', 'U'), ('లు', '|'), ('కొ', '|'), ('ను', '|'), ('మా', 'U'), ('సే', 'U'), ('విం', 'U'), ('తు', '|'), ('న', 'U'), ('త్యం', 'U'), ('త', '|'), ('మున్', 'U'), ('మ', '|'), ('ఘ', '|'), ('వ', '|'), ('ప్ర', 'U'), ('స్తు', '|'), ('త', '|'), ('స', 'U'), ('ద్గు', '|'), ('ణా', 'U'), ('భ', '|'), ('ర', '|'), ('ణ', '|'), ('రా', 'U'), ('మా', 'U'), ('భ', 'U'), ('క్త', '|'), ('మం', 'U'), ('దా', 'U'), ('ర', '|'), ('మా', 'U')]",0.9714285714285715,1.0,1.0,0.8571428571428571,1.0,1.0
mattebhamu,"గణుతింతున్ భవదీయ సద్గుణకథల్ కౌతూహలం బొప్పఁగాఁ
బ్రణుతింతున్ సచరాచరాదిక మహాబ్రహ్మాండభాండచ్ఛటా-
గణితప్రాణిజనాంతరాత్మవని వేడ్కన్ సంతతంబున్ నభో-
మణివంశాంబుధిశీతభాను! రఘురామా! భక్తమందారమా!",vruttamu,Bhaktamandaara,"[('గ', '|'), ('ణు', '|'), ('తిం', 'U'), ('తు', 'U'), ('న్భ', '|'), ('వ', '|'), ('దీ', 'U'), ('య', '|'), ('స', 'U'), ('ద్గు', '|'), ('ణ', '|'), ('క', '|'), ('థ', 'U'), ('ల్కౌ', 'U'), ('తూ', 'U'), ('హ', '|'), ('లం', 'U'), ('బొ', 'U'), ('ప్ప', '|'), ('గా', 'U'), ('బ్ర', '|'), ('ణు', '|'), ('తిం', 'U'), ('తు', 'U'), ('న్స', '|'), ('చ', '|'), ('రా', 'U'), ('చ', '|'), ('రా', 'U'), ('ది', '|'), ('క', '|'), ('మ', '|'), ('హా', 'U'), ('బ్ర', 'U'), ('హ్మాం', 'U'), ('డ', '|'), ('భాం', 'U'), ('డ', 'U'), ('చ్ఛ', '|'), ('టా', 'U'), ('గ', '|'), ('ణి', '|'), ('త', '|'), ('ప్రా', 'U'), ('ణి', '|'), ('జ', '|'), ('నాం', 'U'), ('త', '|'), ('రా', 'U'), ('త్మ', '|'), ('వ', '|'), ('ని', '|'), ('వే', 'U'), ('డ్క', 'U'), ('న్సం', 'U'), ('త', '|'), ('తం', 'U'), ('బు', 'U'), ('న్న', '|'), ('భో', 'U'), ('మ', '|'), ('ణి', '|'), ('వం', 'U'), ('శాం', 'U'), ('బు', '|'), ('ధి', '|'), ('శీ', 'U'), ('త', '|'), ('భా', 'U'), ('ను', '|'), ('ర', '|'), ('ఘు', '|'), ('రా', 'U'), ('మా', 'U'), ('భ', 'U'), ('క్త', '|'), ('మం', 'U'), ('దా', 'U'), ('ర', '|'), ('మా', 'U')]",0.9928571428571429,1.0,1.0,0.9642857142857143,1.0,1.0
mattebhamu,"సారాసారవిచార! ధీరజనతాసంరక్షణాధార! స-
త్కారుణ్యాకరమూర్తివంచు నెద నత్యంతంబు మీ దివ్యశృం-
గారాగారపదారవిందములు వేడ్కన్ గొల్తు నన్ బ్రోవుమీ
మారీచప్రమదప్రహారశర! రామా! భక్తమందారమా!",vruttamu,Bhaktamandaara,"[('సా', 'U'), ('రా', 'U'), ('సా', 'U'), ('ర', '|'), ('వి', '|'), ('చా', 'U'), ('ర', '|'), ('ధీ', 'U'), ('ర', '|'), ('జ', '|'), ('న', '|'), ('తా', 'U'), ('సం', 'U'), ('ర', 'U'), ('క్ష', '|'), ('ణా', 'U'), ('ధా', 'U'), ('ర', '|'), ('స', 'U'), ('త్కా', 'U'), ('రు', 'U'), ('ణ్యా', 'U'), ('క', '|'), ('ర', '|'), ('మూ', 'U'), ('ర్తి', '|'), ('వం', 'U'), ('చు', '|'), ('నె', '|'), ('ద', '|'), ('న', 'U'), ('త్యం', 'U'), ('తం', 'U'), ('బు', '|'), ('మీ', 'U'), ('ది', 'U'), ('వ్య', '|'), ('శృం', 'U'), ('గా', 'U'), ('రా', 'U'), ('గా', 'U'), ('ర', '|'), ('ప', '|'), ('దా', 'U'), ('ర', '|'), ('విం', 'U'), ('ద', '|'), ('ము', '|'), ('లు', '|'), ('వే', 'U'), ('డ్క', 'U'), ('న్గొ', 'U'), ('ల్తు', '|'), ('న', 'U'), ('న్బ్రో', 'U'), ('వు', '|'), ('మీ', 'U'), ('మా', 'U'), ('రీ', 'U'), ('చ', '|'), ('ప్ర', '|'), ('మ', '|'), ('ద', '|'), ('ప్ర', '|'), ('హా', 'U'), ('ర', '|'), ('శ', '|'), ('ర', '|'), ('రా', 'U'), ('మా', 'U'), ('భ', 'U'), ('క్త', '|'), ('మం', 'U'), ('దా', 'U'), ('ర', '|'), ('మా', 'U')]",0.4971428571428572,0.95,1.0,0.03571428571428571,0.0,0.5
mattebhamu,"మిహికాంశూపమసుందరాననముతో మేలీను కందోయితో
నహిజిద్రత్నవినీలవిగ్రహముతో నంచత్కిరీటంబుతో
విహగాధీశ్వరు నెక్కి నా యెదుటికిన్ విచ్చేయవే యో పితా-
మహసుత్రామముఖామరప్రణుత! రామా! భక్తమందారమా!",vruttamu,Bhaktamandaara,"[('మి', '|'), ('హి', '|'), ('కాం', 'U'), ('శూ', 'U'), ('ప', '|'), ('మ', '|'), ('సుం', 'U'), ('ద', '|'), ('రా', 'U'), ('న', '|'), ('న', '|'), ('ము', '|'), ('తో', 'U'), ('మే', 'U'), ('లీ', 'U'), ('ను', '|'), ('కం', 'U'), ('దో', 'U'), ('యి', '|'), ('తో', 'U'), ('న', '|'), ('హి', '|'), ('జి', '|'), ('ద్ర', 'U'), ('త్న', '|'), ('వి', '|'), ('నీ', 'U'), ('ల', '|'), ('వి', '|'), ('గ్ర', '|'), ('హ', '|'), ('ము', '|'), ('తో', 'U'), ('నం', 'U'), ('చ', 'U'), ('త్కి', '|'), ('రీ', 'U'), ('టం', 'U'), ('బు', '|'), ('తో', 'U'), ('వి', '|'), ('హ', '|'), ('గా', 'U'), ('ధీ', 'U'), ('శ్వ', '|'), ('రు', '|'), ('నె', 'U'), ('క్కి', '|'), ('నా', 'U'), ('యె', '|'), ('దు', '|'), ('టి', '|'), ('కి', 'U'), ('న్వి', 'U'), ('చ్చే', 'U'), ('య', '|'), ('వే', 'U'), ('యో', 'U'), ('పి', '|'), ('తా', 'U'), ('మ', '|'), ('హ', '|'), ('సు', '|'), ('త్రా', 'U'), ('మ', '|'), ('ము', '|'), ('ఖా', 'U'), ('మ', '|'), ('ర', '|'), ('ప్ర', '|'), ('ణు', '|'), ('త', '|'), ('రా', 'U'), ('మా', 'U'), ('భ', 'U'), ('క్త', '|'), ('మం', 'U'), ('దా', 'U'), ('ర', '|'), ('మా', 'U')]",0.9714285714285715,1.0,1.0,0.8571428571428571,1.0,1.0
saardulamu,"కంజాతప్రభవాండభాండచయరంగచ్చేతనాచేతనా-
ళిం జెన్నారఁగఁ బ్రోదిసేతువని హాళిన్ ధీజనుల్ దెల్ప హృత్
కంజాతంబున మిమ్ము గొల్తు నను వేడ్కన్ వేగ రక్షింపుమీ
మంజుశ్రీకరుణాకటాక్షమున రామా! భక్తమందారమా!",vruttamu,Bhaktamandaara,"[('కం', 'U'), ('జా', 'U'), ('త', '|'), ('ప్ర', '|'), ('భ', '|'), ('వాం', 'U'), ('డ', '|'), ('భాం', 'U'), ('డ', '|'), ('చ', '|'), ('య', '|'), ('రం', 'U'), ('గ', 'U'), ('చ్చే', 'U'), ('త', '|'), ('నా', 'U'), ('చే', 'U'), ('త', '|'), ('నా', 'U'), ('ళిం', 'U'), ('జె', 'U'), ('న్నా', 'U'), ('ర', '|'), ('గ', '|'), ('బ్రో', 'U'), ('ది', '|'), ('సే', 'U'), ('తు', '|'), ('వ', '|'), ('ని', '|'), ('హా', 'U'), ('ళి', 'U'), ('న్ధీ', 'U'), ('జ', '|'), ('ను', 'U'), ('ల్దె', 'U'), ('ల్ప', '|'), ('హృత్', 'U'), ('కం', 'U'), ('జా', 'U'), ('తం', 'U'), ('బు', '|'), ('న', '|'), ('మి', 'U'), ('మ్ము', '|'), ('గొ', 'U'), ('ల్తు', '|'), ('న', '|'), ('ను', '|'), ('వే', 'U'), ('డ్క', 'U'), ('న్వే', 'U'), ('గ', '|'), ('ర', 'U'), ('క్షిం', 'U'), ('పు', '|'), ('మీ', 'U'), ('మం', 'U'), ('జు', '|'), ('శ్రీ', 'U'), ('క', '|'), ('రు', '|'), ('ణా', 'U'), ('క', '|'), ('టా', 'U'), ('క్ష', '|'), ('ము', '|'), ('న', '|'), ('రా', 'U'), ('మా', 'U'), ('భ', 'U'), ('క్త', '|'), ('మం', 'U'), ('దా', 'U'), ('ర', '|'), ('మా', 'U')]",0.9857142857142858,1.0,1.0,0.9285714285714286,1.0,1.0
mattebhamu,"తళుకుం బంగరుకామ గుబ్బగొడు గందంబొప్ప శత్రుఘ్నుఁడ-
ర్మలి బట్టన్ భరతుండు చామరము గూర్మి న్వీవఁగా లక్ష్మణుం-
డలదుం దూపుల విల్లు డాల్పఁ గపిసేనాధీశ్వరుల్ గొల్వ ని-
ర్మలలీలం గొలువుండు నిన్ దలఁతు రామా! భక్తమందారమా!",vruttamu,Bhaktamandaara,"[('త', '|'), ('ళు', '|'), ('కుం', 'U'), ('బం', 'U'), ('గ', '|'), ('రు', '|'), ('కా', 'U'), ('మ', '|'), ('గు', 'U'), ('బ్బ', '|'), ('గొ', '|'), ('డు', '|'), ('గం', 'U'), ('దం', 'U'), ('బొ', 'U'), ('ప్ప', '|'), ('శ', '|'), ('త్రు', 'U'), ('ఘ్ను', '|'), ('డ', 'U'), ('ర్మ', '|'), ('లి', '|'), ('బ', 'U'), ('ట్ట', 'U'), ('న్భ', '|'), ('ర', '|'), ('తుం', 'U'), ('డు', '|'), ('చా', 'U'), ('మ', '|'), ('ర', '|'), ('ము', '|'), ('గూ', 'U'), ('ర్మి', 'U'), ('న్వీ', 'U'), ('వ', '|'), ('గా', 'U'), ('ల', 'U'), ('క్ష్మ', '|'), ('ణుం', 'U'), ('డ', '|'), ('ల', '|'), ('దుం', 'U'), ('దూ', 'U'), ('పు', '|'), ('ల', '|'), ('వి', 'U'), ('ల్లు', '|'), ('డా', 'U'), ('ల్ప', '|'), ('గ', '|'), ('పి', '|'), ('సే', 'U'), ('నా', 'U'), ('ధీ', 'U'), ('శ్వ', '|'), ('రు', 'U'), ('ల్గొ', 'U'), ('ల్వ', '|'), ('ని', 'U'), ('ర్మ', '|'), ('ల', '|'), ('లీ', 'U'), ('లం', 'U'), ('గొ', '|'), ('లు', '|'), ('వుం', 'U'), ('డు', '|'), ('ని', 'U'), ('న్ద', '|'), ('ల', '|'), ('తు', '|'), ('రా', 'U'), ('మా', 'U'), ('భ', 'U'), ('క్త', '|'), ('మం', 'U'), ('దా', 'U'), ('ర', '|'), ('మా', 'U')]",0.8428571428571429,1.0,1.0,0.9642857142857143,0.5,0.75
saardulamu,"నిక్కంబారయఁ దావకాంఘ్రివిలసన్నీరేరుహద్వంద్వమే
దిక్కెల్లప్పుడు మాకటంచు మదినెంతే వేడ్క భావించెదన్
జిక్కుల్ పన్నక నమ్మికిచ్చి సరగం జేపట్టి రక్షింపు స-
మ్యక్కారుణ్యకటాక్షవీక్ష నను రామా! భక్తమందారమా!",vruttamu,Bhaktamandaara,"[('ని', 'U'), ('క్కం', 'U'), ('బా', 'U'), ('ర', '|'), ('య', '|'), ('దా', 'U'), ('వ', '|'), ('కాం', 'U'), ('ఘ్రి', '|'), ('వి', '|'), ('ల', '|'), ('స', 'U'), ('న్నీ', 'U'), ('రే', 'U'), ('రు', '|'), ('హ', 'U'), ('ద్వం', 'U'), ('ద్వ', '|'), ('మే', 'U'), ('ది', 'U'), ('క్కె', 'U'), ('ల్ల', 'U'), ('ప్పు', '|'), ('డు', '|'), ('మా', 'U'), ('క', '|'), ('టం', 'U'), ('చు', '|'), ('మ', '|'), ('ది', '|'), ('నెం', 'U'), ('తే', 'U'), ('వే', 'U'), ('డ్క', '|'), ('భా', 'U'), ('విం', 'U'), ('చె', '|'), ('దన్', 'U'), ('జి', 'U'), ('క్కు', 'U'), ('ల్ప', 'U'), ('న్న', '|'), ('క', '|'), ('న', 'U'), ('మ్మి', '|'), ('కి', 'U'), ('చ్చి', '|'), ('స', '|'), ('ర', '|'), ('గం', 'U'), ('జే', 'U'), ('ప', 'U'), ('ట్టి', '|'), ('ర', 'U'), ('క్షిం', 'U'), ('పు', '|'), ('స', 'U'), ('మ్య', 'U'), ('క్కా', 'U'), ('రు', 'U'), ('ణ్య', '|'), ('క', '|'), ('టా', 'U'), ('క్ష', '|'), ('వీ', 'U'), ('క్ష', '|'), ('న', '|'), ('ను', '|'), ('రా', 'U'), ('మా', 'U'), ('భ', 'U'), ('క్త', '|'), ('మం', 'U'), ('దా', 'U'), ('ర', '|'), ('మా', 'U')]",1.0,1.0,1.0,1.0,1.0,1.0
mattebhamu,"అతసీపుష్పసమానకోమలవినీలాంగున్ సముద్యన్మహో-
న్నతకోదండనిషంగగంగు బలవన్నక్తంచరాఖర్వప-
ర్వతజీమూతతురంగుఁ గింకరజనవ్రాతావనాత్యంతర-
మ్యతరాపాంగుని నిన్ భజింతు మది రామా! భక్తమందారమా!",vruttamu,Bhaktamandaara,"[('అ', '|'), ('త', '|'), ('సీ', 'U'), ('పు', 'U'), ('ష్ప', '|'), ('స', '|'), ('మా', 'U'), ('న', '|'), ('కో', 'U'), ('మ', '|'), ('ల', '|'), ('వి', '|'), ('నీ', 'U'), ('లాం', 'U'), ('గు', 'U'), ('న్స', '|'), ('ము', 'U'), ('ద్య', 'U'), ('న్మ', '|'), ('హో', 'U'), ('న్న', '|'), ('త', '|'), ('కో', 'U'), ('దం', 'U'), ('డ', '|'), ('ని', '|'), ('షం', 'U'), ('గ', '|'), ('గం', 'U'), ('గు', '|'), ('బ', '|'), ('ల', '|'), ('వ', 'U'), ('న్న', 'U'), ('క్తం', 'U'), ('చ', '|'), ('రా', 'U'), ('ఖ', 'U'), ('ర్వ', '|'), ('ప', 'U'), ('ర్వ', '|'), ('త', '|'), ('జీ', 'U'), ('మూ', 'U'), ('త', '|'), ('తు', '|'), ('రం', 'U'), ('గు', '|'), ('గిం', 'U'), ('క', '|'), ('ర', '|'), ('జ', '|'), ('న', '|'), ('వ్రా', 'U'), ('తా', 'U'), ('వ', '|'), ('నా', 'U'), ('త్యం', 'U'), ('త', '|'), ('ర', 'U'), ('మ్య', '|'), ('త', '|'), ('రా', 'U'), ('పాం', 'U'), ('గు', '|'), ('ని', '|'), ('ని', 'U'), ('న్భ', '|'), ('జిం', 'U'), ('తు', '|'), ('మ', '|'), ('ది', '|'), ('రా', 'U'), ('మా', 'U'), ('భ', 'U'), ('క్త', '|'), ('మం', 'U'), ('దా', 'U'), ('ర', '|'), ('మా', 'U')]",0.9428571428571428,1.0,1.0,0.9642857142857143,0.75,1.0
saardulamu,"ఆర్తత్రాణపరాయణుండవని నిన్నత్యంతమున్ సజ్జను-
ల్గీర్తింపన్ విని తావకీన పదనాళీకద్వయంబాత్మ వి-
స్ఫూర్తిం జెందఁగ నెంతు నెల్లపుడు నన్బోషింపుమీ సత్కృపన్
మార్తాండద్విజరాజసన్నయన! రామా! భక్తమందారమా!",vruttamu,Bhaktamandaara,"[('ఆ', 'U'), ('ర్త', '|'), ('త్రా', 'U'), ('ణ', '|'), ('ప', '|'), ('రా', 'U'), ('య', '|'), ('ణుం', 'U'), ('డ', '|'), ('వ', '|'), ('ని', '|'), ('ని', 'U'), ('న్న', 'U'), ('త్యం', 'U'), ('త', '|'), ('ము', 'U'), ('న్స', 'U'), ('జ్జ', '|'), ('ను', 'U'), ('ల్గీ', 'U'), ('ర్తిం', 'U'), ('ప', 'U'), ('న్వి', '|'), ('ని', '|'), ('తా', 'U'), ('వ', '|'), ('కీ', 'U'), ('న', '|'), ('ప', '|'), ('ద', '|'), ('నా', 'U'), ('ళీ', 'U'), ('క', 'U'), ('ద్వ', '|'), ('యం', 'U'), ('బా', 'U'), ('త్మ', '|'), ('వి', 'U'), ('స్ఫూ', 'U'), ('ర్తిం', 'U'), ('జెం', 'U'), ('ద', '|'), ('గ', '|'), ('నెం', 'U'), ('తు', '|'), ('నె', 'U'), ('ల్ల', '|'), ('పు', '|'), ('డు', '|'), ('న', 'U'), ('న్బో', 'U'), ('షిం', 'U'), ('పు', '|'), ('మీ', 'U'), ('స', 'U'), ('త్కృ', '|'), ('పన్', 'U'), ('మా', 'U'), ('ర్తాం', 'U'), ('డ', 'U'), ('ద్వి', '|'), ('జ', '|'), ('రా', 'U'), ('జ', '|'), ('స', 'U'), ('న్న', '|'), ('య', '|'), ('న', '|'), ('రా', 'U'), ('మా', 'U'), ('భ', 'U'), ('క్త', '|'), ('మం', 'U'), ('దా', 'U'), ('ర', '|'), ('మా', 'U')]",0.9428571428571428,1.0,1.0,0.9642857142857143,0.75,1.0
mattebhamu,"మదనాగాశ్వశతాంగ కాంచనకనన్మాణిక్యభూషా మృగీ
మదదివ్యాంబరచామరధ్వజ లసన్మంజూషికాందోళికా-
మృదుతల్పార్థసమృద్ధిగల్గి పిదప న్నీ సన్నిధిం జేరు నిన్
మదిలో నెప్పుడు గొల్చు మానవుఁడు రామా! భక్తమందారమా!",vruttamu,Bhaktamandaara,"[('మ', '|'), ('ద', '|'), ('నా', 'U'), ('గా', 'U'), ('శ్వ', '|'), ('శ', '|'), ('తాం', 'U'), ('గ', '|'), ('కాం', 'U'), ('చ', '|'), ('న', '|'), ('క', '|'), ('న', 'U'), ('న్మా', 'U'), ('ణి', 'U'), ('క్య', '|'), ('భూ', 'U'), ('షా', 'U'), ('మృ', '|'), ('గీ', 'U'), ('మ', '|'), ('ద', '|'), ('ది', 'U'), ('వ్యాం', 'U'), ('బ', '|'), ('ర', '|'), ('చా', 'U'), ('మ', '|'), ('ర', 'U'), ('ధ్వ', '|'), ('జ', '|'), ('ల', '|'), ('స', 'U'), ('న్మం', 'U'), ('జూ', 'U'), ('షి', '|'), ('కాం', 'U'), ('దో', 'U'), ('ళి', '|'), ('కా', 'U'), ('మృ', '|'), ('దు', '|'), ('త', 'U'), ('ల్పా', 'U'), ('ర్థ', '|'), ('స', '|'), ('మృ', 'U'), ('ద్ధి', '|'), ('గ', 'U'), ('ల్గి', '|'), ('పి', '|'), ('ద', '|'), ('ప', 'U'), ('న్నీ', 'U'), ('స', 'U'), ('న్ని', '|'), ('ధిం', 'U'), ('జే', 'U'), ('రు', '|'), ('నిన్', 'U'), ('మ', '|'), ('ది', '|'), ('లో', 'U'), ('నె', 'U'), ('ప్పు', '|'), ('డు', '|'), ('గొ', 'U'), ('ల్చు', '|'), ('మా', 'U'), ('న', '|'), ('వు', '|'), ('డు', '|'), ('రా', 'U'), ('మా', 'U'), ('భ', 'U'), ('క్త', '|'), ('మం', 'U'), ('దా', 'U'), ('ర', '|'), ('మా', 'U')]",0.95,1.0,1.0,1.0,0.75,1.0
saardulamu,"శ్రీకంఠాంబుజసంభవేంద్రరవిశోచిష్కేశముఖ్యామరా-
నీకంబుల్ గడుభక్తి నిన్ గొలిచి పూన్కిన్ ధన్యులైనారు నేఁ-
డాకాంక్షన్ భజియింతు మేమఱక చిత్తానంద మొందింపుమా
మాకుం బ్రాపును దాపు నీవగుచు రామా! భక్తమందారమా!",vruttamu,Bhaktamandaara,"[('శ్రీ', 'U'), ('కం', 'U'), ('ఠాం', 'U'), ('బు', '|'), ('జ', '|'), ('సం', 'U'), ('భ', '|'), ('వేం', 'U'), ('ద్ర', '|'), ('ర', '|'), ('వి', '|'), ('శో', 'U'), ('చి', 'U'), ('ష్కే', 'U'), ('శ', '|'), ('ము', 'U'), ('ఖ్యా', 'U'), ('మ', '|'), ('రా', 'U'), ('నీ', 'U'), ('కం', 'U'), ('బు', 'U'), ('ల్గ', '|'), ('డు', '|'), ('భ', 'U'), ('క్తి', '|'), ('ని', 'U'), ('న్గొ', '|'), ('లి', '|'), ('చి', '|'), ('పూ', 'U'), ('న్కి', 'U'), ('న్ధ', 'U'), ('న్యు', '|'), ('లై', 'U'), ('నా', 'U'), ('రు', '|'), ('నే', 'U'), ('డా', 'U'), ('కాం', 'U'), ('క్ష', 'U'), ('న్భ', '|'), ('జి', '|'), ('యిం', 'U'), ('తు', '|'), ('మే', 'U'), ('మ', '|'), ('ఱ', '|'), ('క', '|'), ('చి', 'U'), ('త్తా', 'U'), ('నం', 'U'), ('ద', '|'), ('మొం', 'U'), ('దిం', 'U'), ('పు', '|'), ('మా', 'U'), ('మా', 'U'), ('కుం', 'U'), ('బ్రా', 'U'), ('పు', '|'), ('ను', '|'), ('దా', 'U'), ('పు', '|'), ('నీ', 'U'), ('వ', '|'), ('గు', '|'), ('చు', '|'), ('రా', 'U'), ('మా', 'U'), ('భ', 'U'), ('క్త', '|'), ('మం', 'U'), ('దా', 'U'), ('ర', '|'), ('మా', 'U')]",0.95,1.0,1.0,1.0,0.75,1.0
mattebhamu,"కరిరా, జార్జున, పుండరీక, శుక, గంగానందన వ్యాసులున్
పరమాధీశ, బలీంద్ర, మారుతసుతుల్, సంప్రీతి సద్భక్తి మీ
పరమాంఘ్రిద్వయచింతనాభిరతిమైఁ బ్రాపించిరౌ సద్గతిన్
స్మరకోటిప్రతిమానరూపయుత రామా! భక్తమందారమా!",vruttamu,Bhaktamandaara,"[('క', '|'), ('రి', '|'), ('రా', 'U'), ('జా', 'U'), ('ర్జు', '|'), ('న', '|'), ('పుం', 'U'), ('డ', '|'), ('రీ', 'U'), ('క', '|'), ('శు', '|'), ('క', '|'), ('గం', 'U'), ('గా', 'U'), ('నం', 'U'), ('ద', '|'), ('న', 'U'), ('వ్యా', 'U'), ('సు', '|'), ('లున్', 'U'), ('ప', '|'), ('ర', '|'), ('మా', 'U'), ('ధీ', 'U'), ('శ', '|'), ('బ', '|'), ('లీం', 'U'), ('ద్ర', '|'), ('మా', 'U'), ('రు', '|'), ('త', '|'), ('సు', '|'), ('తు', 'U'), ('ల్సం', 'U'), ('ప్రీ', 'U'), ('తి', '|'), ('స', 'U'), ('ద్భ', 'U'), ('క్తి', '|'), ('మీ', 'U'), ('ప', '|'), ('ర', '|'), ('మాం', 'U'), ('ఘ్రి', 'U'), ('ద్వ', '|'), ('య', '|'), ('చిం', 'U'), ('త', '|'), ('నా', 'U'), ('భి', '|'), ('ర', '|'), ('తి', '|'), ('మై', 'U'), ('బ్రా', 'U'), ('పిం', 'U'), ('చి', '|'), ('రౌ', 'U'), ('స', 'U'), ('ద్గ', '|'), ('తిన్', 'U'), ('స్మ', '|'), ('ర', '|'), ('కో', 'U'), ('టి', '|'), ('ప్ర', '|'), ('తి', '|'), ('మా', 'U'), ('న', '|'), ('రూ', 'U'), ('ప', '|'), ('యు', '|'), ('త', '|'), ('రా', 'U'), ('మా', 'U'), ('భ', 'U'), ('క్త', '|'), ('మం', 'U'), ('దా', 'U'), ('ర', '|'), ('మా', 'U')]",0.9428571428571428,1.0,1.0,0.9642857142857143,0.75,1.0
mattebhamu,"అహితార్తుల్ వెడఁబాయు లేము లెడలున్ వ్యాధుల్ దొలంగు న్నవ-
గ్రహదోషంబులు శాంతిఁ బొందుఁ గలుషవ్రాతంబు జాఱున్ శుభా-
వహమౌ తావక దివ్యనామ మెలమిన్ వాక్రుచ్చినన్ ధాత్రిపై
మహితోద్దండతరప్రతాపగుణ! రామా! భక్తమందారమా!",vruttamu,Bhaktamandaara,"[('అ', '|'), ('హి', '|'), ('తా', 'U'), ('ర్తు', 'U'), ('ల్వె', '|'), ('డ', '|'), ('బా', 'U'), ('యు', '|'), ('లే', 'U'), ('ము', '|'), ('లె', '|'), ('డ', '|'), ('లు', 'U'), ('న్వ్యా', 'U'), ('ధు', 'U'), ('ల్దొ', '|'), ('లం', 'U'), ('గు', 'U'), ('న్న', '|'), ('వ', '|'), ('గ్ర', '|'), ('హ', '|'), ('దో', 'U'), ('షం', 'U'), ('బు', '|'), ('లు', '|'), ('శాం', 'U'), ('తి', '|'), ('బొం', 'U'), ('దు', '|'), ('గ', '|'), ('లు', '|'), ('ష', '|'), ('వ్రా', 'U'), ('తం', 'U'), ('బు', '|'), ('జా', 'U'), ('ఱు', 'U'), ('న్శు', '|'), ('భా', 'U'), ('వ', '|'), ('హ', '|'), ('మౌ', 'U'), ('తా', 'U'), ('వ', '|'), ('క', '|'), ('ది', 'U'), ('వ్య', '|'), ('నా', 'U'), ('మ', '|'), ('మె', '|'), ('ల', '|'), ('మి', 'U'), ('న్వా', 'U'), ('క్రు', 'U'), ('చ్చి', '|'), ('న', 'U'), ('న్ధా', 'U'), ('త్రి', '|'), ('పై', 'U'), ('మ', '|'), ('హి', '|'), ('తో', 'U'), ('ద్దం', 'U'), ('డ', '|'), ('త', '|'), ('ర', '|'), ('ప్ర', '|'), ('తా', 'U'), ('ప', '|'), ('గు', '|'), ('ణ', '|'), ('రా', 'U'), ('మా', 'U'), ('భ', 'U'), ('క్త', '|'), ('మం', 'U'), ('దా', 'U'), ('ర', '|'), ('మా', 'U')]",0.9785714285714284,1.0,1.0,0.8928571428571429,1.0,1.0
mattebhamu,"గర్గాగస్త్య వసిష్ఠశుక మార్కండేయగాధేయు లం-
తర్గాఢాధికశత్రుశిక్షణకళాధౌరేయతాబుద్ధి సం-
సర్గప్రక్రియ మిమ్ముఁ గొల్తురుగదా క్ష్మాకన్యకోరోజస-
న్మార్గస్ఫాయదురఃకవాటతట! రామా! భక్తమందారమా!",vruttamu,Bhaktamandaara,"[('గ', 'U'), ('ర్గా', 'U'), ('గ', 'U'), ('స్త్య', '|'), ('వ', '|'), ('సి', 'U'), ('ష్ఠ', '|'), ('శు', '|'), ('క', '|'), ('మా', 'U'), ('ర్కం', 'U'), ('డే', 'U'), ('య', '|'), ('గా', 'U'), ('ధే', 'U'), ('యు', '|'), ('లం', 'U'), ('త', 'U'), ('ర్గా', 'U'), ('ఢా', 'U'), ('ధి', '|'), ('క', '|'), ('శ', '|'), ('త్రు', '|'), ('శి', 'U'), ('క్ష', '|'), ('ణ', '|'), ('క', '|'), ('ళా', 'U'), ('ధౌ', 'U'), ('రే', 'U'), ('య', '|'), ('తా', 'U'), ('బు', 'U'), ('ద్ధి', '|'), ('సం', 'U'), ('స', 'U'), ('ర్గ', '|'), ('ప్ర', '|'), ('క్రి', '|'), ('య', '|'), ('మి', 'U'), ('మ్ము', '|'), ('గొ', 'U'), ('ల్తు', '|'), ('రు', '|'), ('గ', '|'), ('దా', 'U'), ('క్ష్మా', 'U'), ('క', 'U'), ('న్య', '|'), ('కో', 'U'), ('రో', 'U'), ('జ', '|'), ('స', 'U'), ('న్మా', 'U'), ('ర్గ', 'U'), ('స్ఫా', 'U'), ('య', '|'), ('దు', '|'), ('రః', 'U'), ('క', '|'), ('వా', 'U'), ('ట', '|'), ('త', '|'), ('ట', '|'), ('రా', 'U'), ('మా', 'U'), ('భ', 'U'), ('క్త', '|'), ('మం', 'U'), ('దా', 'U'), ('ర', '|'), ('మా', 'U')]",0.5492857142857143,0.925,1.0,0.07142857142857142,0.25,0.5
mattebhamu,"అకలంకాయతభోగభాగ్యదము నిత్యానందసంధానహే-
తుక మాభీలతరాఘమేఘఘనవాతూలంబు ముక్తిప్రదా-
యక మత్యంతపవిత్ర మెంచ నిల నాహా! తారకబ్రహ్మ నా-
మకమంత్రంబు భళీ! భవన్మహిమ! రామా! భక్తమందారమా!",vruttamu,Bhaktamandaara,"[('అ', '|'), ('క', '|'), ('లం', 'U'), ('కా', 'U'), ('య', '|'), ('త', '|'), ('భో', 'U'), ('గ', '|'), ('భా', 'U'), ('గ్య', '|'), ('ద', '|'), ('ము', '|'), ('ని', 'U'), ('త్యా', 'U'), ('నం', 'U'), ('ద', '|'), ('సం', 'U'), ('ధా', 'U'), ('న', '|'), ('హే', 'U'), ('తు', '|'), ('క', '|'), ('మా', 'U'), ('భీ', 'U'), ('ల', '|'), ('త', '|'), ('రా', 'U'), ('ఘ', '|'), ('మే', 'U'), ('ఘ', '|'), ('ఘ', '|'), ('న', '|'), ('వా', 'U'), ('తూ', 'U'), ('లం', 'U'), ('బు', '|'), ('ము', 'U'), ('క్తి', '|'), ('ప్ర', '|'), ('దా', 'U'), ('య', '|'), ('క', '|'), ('మ', 'U'), ('త్యం', 'U'), ('త', '|'), ('ప', '|'), ('వి', '|'), ('త్ర', '|'), ('మెం', 'U'), ('చ', '|'), ('ని', '|'), ('ల', '|'), ('నా', 'U'), ('హా', 'U'), ('తా', 'U'), ('ర', '|'), ('క', '|'), ('బ్ర', 'U'), ('హ్మ', '|'), ('నా', 'U'), ('మ', '|'), ('క', '|'), ('మం', 'U'), ('త్రం', 'U'), ('బు', '|'), ('భ', '|'), ('ళీ', 'U'), ('భ', '|'), ('వ', 'U'), ('న్మ', '|'), ('హి', '|'), ('మ', '|'), ('రా', 'U'), ('మా', 'U'), ('భ', 'U'), ('క్త', '|'), ('మం', 'U'), ('దా', 'U'), ('ర', '|'), ('మా', 'U')]",0.9785714285714284,1.0,1.0,0.8928571428571429,1.0,1.0
mattebhamu,"ఇనుఁ డద్దంబగు నగ్ని నీరగు భుజగేంద్రుండు పూదండయౌ
వనధుల్ పల్వలపంక్తులే జలధరాధ్వం బిల్లెయౌ రాజయో-
గనిరూఢస్థితిఁ దావకీన పదయుగ్మం బెల్లకాలంబు ప్రే-
మ నెదం బూని భజించు ధన్యులకు రామా! భక్తమందారమా!",vruttamu,Bhaktamandaara,"[('ఇ', '|'), ('ను', '|'), ('డ', 'U'), ('ద్దం', 'U'), ('బ', '|'), ('గు', '|'), ('న', 'U'), ('గ్ని', '|'), ('నీ', 'U'), ('ర', '|'), ('గు', '|'), ('భు', '|'), ('జ', '|'), ('గేం', 'U'), ('ద్రుం', 'U'), ('డు', '|'), ('పూ', 'U'), ('దం', 'U'), ('డ', '|'), ('యౌ', 'U'), ('వ', '|'), ('న', '|'), ('ధు', 'U'), ('ల్ప', 'U'), ('ల్వ', '|'), ('ల', '|'), ('పం', 'U'), ('క్తు', '|'), ('లే', 'U'), ('జ', '|'), ('ల', '|'), ('ధ', '|'), ('రా', 'U'), ('ధ్వం', 'U'), ('బి', 'U'), ('ల్లె', '|'), ('యౌ', 'U'), ('రా', 'U'), ('జ', '|'), ('యో', 'U'), ('గ', '|'), ('ని', '|'), ('రూ', 'U'), ('ఢ', 'U'), ('స్థి', '|'), ('తి', '|'), ('దా', 'U'), ('వ', '|'), ('కీ', 'U'), ('న', '|'), ('ప', '|'), ('ద', '|'), ('యు', 'U'), ('గ్మం', 'U'), ('బె', 'U'), ('ల్ల', '|'), ('కా', 'U'), ('లం', 'U'), ('బు', '|'), ('ప్రే', 'U'), ('మ', '|'), ('నె', '|'), ('దం', 'U'), ('బూ', 'U'), ('ని', '|'), ('భ', '|'), ('జిం', 'U'), ('చు', '|'), ('ధ', 'U'), ('న్యు', '|'), ('ల', '|'), ('కు', '|'), ('రా', 'U'), ('మా', 'U'), ('భ', 'U'), ('క్త', '|'), ('మం', 'U'), ('దా', 'U'), ('ర', '|'), ('మా', 'U')]",0.9428571428571428,1.0,1.0,0.9642857142857143,0.75,1.0
mattebhamu,"ముదమొప్పార నిరంతరంబు బలవన్మోక్షప్రదామేయభా-
స్వదుదలచ్ఛవదంఘ్రితామరససేవాసక్తచిత్తంబు దు-
ర్మదులం జేరునే పారిజాతసుమనోమత్తద్విరేఫంబు దా
మదనోర్వీజము చెంతకుం జనునె రామా! భక్తమందారమా!",vruttamu,Bhaktamandaara,"[('ము', '|'), ('ద', '|'), ('మొ', 'U'), ('ప్పా', 'U'), ('ర', '|'), ('ని', '|'), ('రం', 'U'), ('త', '|'), ('రం', 'U'), ('బు', '|'), ('బ', '|'), ('ల', '|'), ('వ', 'U'), ('న్మో', 'U'), ('క్ష', '|'), ('ప్ర', '|'), ('దా', 'U'), ('మే', 'U'), ('య', '|'), ('భా', 'U'), ('స్వ', '|'), ('దు', '|'), ('ద', '|'), ('ల', 'U'), ('చ్ఛ', '|'), ('వ', '|'), ('దం', 'U'), ('ఘ్రి', '|'), ('తా', 'U'), ('మ', '|'), ('ర', '|'), ('స', '|'), ('సే', 'U'), ('వా', 'U'), ('స', 'U'), ('క్త', '|'), ('చి', 'U'), ('త్తం', 'U'), ('బు', '|'), ('దు', 'U'), ('ర్మ', '|'), ('దు', '|'), ('లం', 'U'), ('జే', 'U'), ('రు', '|'), ('నే', 'U'), ('పా', 'U'), ('రి', '|'), ('జా', 'U'), ('త', '|'), ('సు', '|'), ('మ', '|'), ('నో', 'U'), ('మ', 'U'), ('త్త', 'U'), ('ద్వి', '|'), ('రే', 'U'), ('ఫం', 'U'), ('బు', '|'), ('దా', 'U'), ('మ', '|'), ('ద', '|'), ('నో', 'U'), ('ర్వీ', 'U'), ('జ', '|'), ('ము', '|'), ('చెం', 'U'), ('త', '|'), ('కుం', 'U'), ('జ', '|'), ('ను', '|'), ('నె', '|'), ('రా', 'U'), ('మా', 'U'), ('భ', 'U'), ('క్త', '|'), ('మం', 'U'), ('దా', 'U'), ('ర', '|'), ('మా', 'U')]",0.9785714285714284,1.0,1.0,0.8928571428571429,1.0,1.0
saardulamu,"ఖండించున్ బహుజన్మసంచితచలద్గాఢోగ్రదోషావలిం
జండప్రక్రియ శైలజావినుతభాస్వచ్చారుదివ్యన్మహో-
ద్దండశ్రీ భవదీయనామ మిలమీఁదన్ భూతభేతాళకూ-
ష్మాండవ్రాతఘనాఘనశ్వనన రామా! భక్తమందారమా!",vruttamu,Bhaktamandaara,"[('ఖం', 'U'), ('డిం', 'U'), ('చు', 'U'), ('న్బ', '|'), ('హు', '|'), ('జ', 'U'), ('న్మ', '|'), ('సం', 'U'), ('చి', '|'), ('త', '|'), ('చ', '|'), ('ల', 'U'), ('ద్గా', 'U'), ('ఢో', 'U'), ('గ్ర', '|'), ('దో', 'U'), ('షా', 'U'), ('వ', '|'), ('లిం', 'U'), ('జం', 'U'), ('డ', '|'), ('ప్ర', '|'), ('క్రి', '|'), ('య', '|'), ('శై', 'U'), ('ల', '|'), ('జా', 'U'), ('వి', '|'), ('ను', '|'), ('త', '|'), ('భా', 'U'), ('స్వ', 'U'), ('చ్చా', 'U'), ('రు', '|'), ('ది', 'U'), ('వ్య', 'U'), ('న్మ', '|'), ('హో', 'U'), ('ద్దం', 'U'), ('డ', '|'), ('శ్రీ', 'U'), ('భ', '|'), ('వ', '|'), ('దీ', 'U'), ('య', '|'), ('నా', 'U'), ('మ', '|'), ('మి', '|'), ('ల', '|'), ('మీ', 'U'), ('ద', 'U'), ('న్భూ', 'U'), ('త', '|'), ('భే', 'U'), ('తా', 'U'), ('ళ', '|'), ('కూ', 'U'), ('ష్మాం', 'U'), ('డ', '|'), ('వ్రా', 'U'), ('త', '|'), ('ఘ', '|'), ('నా', 'U'), ('ఘ', '|'), ('న', 'U'), ('శ్వ', '|'), ('న', '|'), ('న', '|'), ('రా', 'U'), ('మా', 'U'), ('భ', 'U'), ('క్త', '|'), ('మం', 'U'), ('దా', 'U'), ('ర', '|'), ('మా', 'U')]",0.9785714285714284,1.0,1.0,0.8928571428571429,1.0,1.0
saardulamu,"సారాసారకృపాకటాక్షమున నిచ్చల్ భూర్భువస్వః త్రిలో-
కారూఢాఖిలజంతుజాలముల నెయ్యం బొప్పఁగాఁ బ్రోచు ని-
న్నారాధించి సుఖింపలేక శిలలం బ్రార్థింతురెంతే నప-
స్మారభ్రాంతిమదాత్మమూఢు లిల రామా! భక్తమందారమా!",vruttamu,Bhaktamandaara,"[('సా', 'U'), ('రా', 'U'), ('సా', 'U'), ('ర', '|'), ('కృ', '|'), ('పా', 'U'), ('క', '|'), ('టా', 'U'), ('క్ష', '|'), ('ము', '|'), ('న', '|'), ('ని', 'U'), ('చ్చ', 'U'), ('ల్భూ', 'U'), ('ర్భు', '|'), ('వ', 'U'), ('స్వః', 'U'), ('త్రి', '|'), ('లో', 'U'), ('కా', 'U'), ('రూ', 'U'), ('ఢా', 'U'), ('ఖి', '|'), ('ల', '|'), ('జం', 'U'), ('తు', '|'), ('జా', 'U'), ('ల', '|'), ('ము', '|'), ('ల', '|'), ('నె', 'U'), ('య్యం', 'U'), ('బొ', 'U'), ('ప్ప', '|'), ('గా', 'U'), ('బ్రో', 'U'), ('చు', '|'), ('ని', 'U'), ('న్నా', 'U'), ('రా', 'U'), ('ధిం', 'U'), ('చి', '|'), ('సు', '|'), ('ఖిం', 'U'), ('ప', '|'), ('లే', 'U'), ('క', '|'), ('శి', '|'), ('ల', '|'), ('లం', 'U'), ('బ్రా', 'U'), ('ర్థిం', 'U'), ('తు', '|'), ('రెం', 'U'), ('తే', 'U'), ('న', '|'), ('ప', 'U'), ('స్మా', 'U'), ('ర', '|'), ('భ్రాం', 'U'), ('తి', '|'), ('మ', '|'), ('దా', 'U'), ('త్మ', '|'), ('మూ', 'U'), ('ఢు', '|'), ('లి', '|'), ('ల', '|'), ('రా', 'U'), ('మా', 'U'), ('భ', 'U'), ('క్త', '|'), ('మం', 'U'), ('దా', 'U'), ('ర', '|'), ('మా', 'U')]",0.8928571428571429,1.0,1.0,0.9642857142857143,0.5,1.0
mattebhamu,"సరసీజాతభవాభవామరుల్ చర్చింప మీ మాయ గా-
నరటంచున్ సతతంబు ప్రాఁజదువులు న్నానాపురాణంబులున్
సరసప్రక్రియఁ జాటుచుండఁగఁ బిశాచప్రాయు లెంతేని సో-
మరిపోతుల్ నరులెట్లు గాంచెదరు? రామా! భక్తమందారమా!",vruttamu,Bhaktamandaara,"[('స', '|'), ('ర', '|'), ('సీ', 'U'), ('జా', 'U'), ('త', '|'), ('భ', '|'), ('వా', 'U'), ('భ', '|'), ('వా', 'U'), ('మ', '|'), ('రు', 'U'), ('ల్చ', 'U'), ('ర్చిం', 'U'), ('ప', '|'), ('మీ', 'U'), ('మా', 'U'), ('య', '|'), ('గా', 'U'), ('న', '|'), ('ర', '|'), ('టం', 'U'), ('చు', 'U'), ('న్స', '|'), ('త', '|'), ('తం', 'U'), ('బు', '|'), ('ప్రా', 'U'), ('జ', '|'), ('దు', '|'), ('వు', '|'), ('లు', 'U'), ('న్నా', 'U'), ('నా', 'U'), ('పు', '|'), ('రా', 'U'), ('ణం', 'U'), ('బు', '|'), ('లున్', 'U'), ('స', '|'), ('ర', '|'), ('స', '|'), ('ప్ర', '|'), ('క్రి', '|'), ('య', '|'), ('జా', 'U'), ('టు', '|'), ('చుం', 'U'), ('డ', '|'), ('గ', '|'), ('బి', '|'), ('శా', 'U'), ('చ', '|'), ('ప్రా', 'U'), ('యు', '|'), ('లెం', 'U'), ('తే', 'U'), ('ని', '|'), ('సో', 'U'), ('మ', '|'), ('రి', '|'), ('పో', 'U'), ('తు', 'U'), ('ల్న', '|'), ('రు', '|'), ('లె', 'U'), ('ట్లు', '|'), ('గాం', 'U'), ('చె', '|'), ('ద', '|'), ('రు', '|'), ('రా', 'U'), ('మా', 'U'), ('భ', 'U'), ('క్త', '|'), ('మం', 'U'), ('దా', 'U'), ('ర', '|'), ('మా', 'U')]",0.4664285714285715,0.975,1.0,0.1071428571428571,0.0,0.25
saardulamu,"ధర్మంబంచు నధర్మమంచుఁ గడుమిథ్యాలీల లేపారఁగా
నిర్మాణం బొనరించి ప్రాణులను నిర్నిద్రప్రభావంబులన్
బేర్మిం జెందఁగఁ జేసి యంత్రకుగతిన్ బిట్టూరకే త్రిప్పు నీ
మర్మం బెవ్వ రెఱుంగఁగాఁ గలరు? రామా! భక్తమందారమా!",vruttamu,Bhaktamandaara,"[('ధ', 'U'), ('ర్మం', 'U'), ('బం', 'U'), ('చు', '|'), ('న', '|'), ('ధ', 'U'), ('ర్మ', '|'), ('మం', 'U'), ('చు', '|'), ('గ', '|'), ('డు', '|'), ('మి', 'U'), ('థ్యా', 'U'), ('లీ', 'U'), ('ల', '|'), ('లే', 'U'), ('పా', 'U'), ('ర', '|'), ('గా', 'U'), ('ని', 'U'), ('ర్మా', 'U'), ('ణం', 'U'), ('బొ', '|'), ('న', '|'), ('రిం', 'U'), ('చి', '|'), ('ప్రా', 'U'), ('ణు', '|'), ('ల', '|'), ('ను', '|'), ('ని', 'U'), ('ర్ని', '|'), ('ద్ర', '|'), ('ప్ర', '|'), ('భా', 'U'), ('వం', 'U'), ('బు', '|'), ('లన్', 'U'), ('బే', 'U'), ('ర్మిం', 'U'), ('జెం', 'U'), ('ద', '|'), ('గ', '|'), ('జే', 'U'), ('సి', '|'), ('యం', 'U'), ('త్ర', '|'), ('కు', '|'), ('గ', '|'), ('తి', 'U'), ('న్బి', 'U'), ('ట్టూ', 'U'), ('ర', '|'), ('కే', 'U'), ('త్రి', 'U'), ('ప్పు', '|'), ('నీ', 'U'), ('మ', 'U'), ('ర్మం', 'U'), ('బె', 'U'), ('వ్వ', '|'), ('రె', '|'), ('ఱుం', 'U'), ('గ', '|'), ('గా', 'U'), ('గ', '|'), ('ల', '|'), ('రు', '|'), ('రా', 'U'), ('మా', 'U'), ('భ', 'U'), ('క్త', '|'), ('మం', 'U'), ('దా', 'U'), ('ర', '|'), ('మా', 'U')]",0.9928571428571429,1.0,1.0,0.9642857142857143,1.0,1.0
mattebhamu,"వ్రతముల్ పట్టిన దేవభూసురగురువ్రాతంబులం గొల్చినం
గ్రతుతంత్రంబులు దానధర్మము లపారంబౌనటుల్ చేసినన్
శతవర్షంబులు గంగలో మునిఁగినన్ సంధిల్లునే ముక్తి దు-
ర్మతికిం దావక భక్తి గల్గమిని ? రామా! భక్తమందారమా!",vruttamu,Bhaktamandaara,"[('వ్ర', '|'), ('త', '|'), ('ము', 'U'), ('ల్ప', 'U'), ('ట్టి', '|'), ('న', '|'), ('దే', 'U'), ('వ', '|'), ('భూ', 'U'), ('సు', '|'), ('ర', '|'), ('గు', '|'), ('రు', '|'), ('వ్రా', 'U'), ('తం', 'U'), ('బు', '|'), ('లం', 'U'), ('గొ', 'U'), ('ల్చి', '|'), ('నం', 'U'), ('గ్ర', '|'), ('తు', '|'), ('తం', 'U'), ('త్రం', 'U'), ('బు', '|'), ('లు', '|'), ('దా', 'U'), ('న', '|'), ('ధ', 'U'), ('ర్మ', '|'), ('ము', '|'), ('ల', '|'), ('పా', 'U'), ('రం', 'U'), ('బౌ', 'U'), ('న', '|'), ('టు', 'U'), ('ల్చే', 'U'), ('సి', '|'), ('నన్', 'U'), ('శ', '|'), ('త', '|'), ('వ', 'U'), ('ర్షం', 'U'), ('బు', '|'), ('లు', '|'), ('గం', 'U'), ('గ', '|'), ('లో', 'U'), ('ము', '|'), ('ని', '|'), ('గి', '|'), ('న', 'U'), ('న్సం', 'U'), ('ధి', 'U'), ('ల్లు', '|'), ('నే', 'U'), ('ము', 'U'), ('క్తి', '|'), ('దు', 'U'), ('ర్మ', '|'), ('తి', '|'), ('కిం', 'U'), ('దా', 'U'), ('వ', '|'), ('క', '|'), ('భ', 'U'), ('క్తి', '|'), ('గ', 'U'), ('ల్గ', '|'), ('మి', '|'), ('ని', '|'), ('రా', 'U'), ('మా', 'U'), ('భ', 'U'), ('క్త', '|'), ('మం', 'U'), ('దా', 'U'), ('ర', '|'), ('మా', 'U')]",0.9928571428571429,1.0,1.0,0.9642857142857143,1.0,1.0
saardulamu,"సందేహింపక కొంచకెప్పుడు హృదబ్జాతంబులో భక్తి నీ
యందంబై తగుమూర్తి నిల్పికొని యత్యాసక్తి సేవించువాఁ
డొందుం గుప్పున వాంఛితార్థములు బాగొప్పారు వందారు స-
న్మందారంబవు గావె నీ వరయ, రామా! భక్తమందారమా!",vruttamu,Bhaktamandaara,"[('సం', 'U'), ('దే', 'U'), ('హిం', 'U'), ('ప', '|'), ('క', '|'), ('కొం', 'U'), ('చ', '|'), ('కె', 'U'), ('ప్పు', '|'), ('డు', '|'), ('హృ', '|'), ('ద', 'U'), ('బ్జా', 'U'), ('తం', 'U'), ('బు', '|'), ('లో', 'U'), ('భ', 'U'), ('క్తి', '|'), ('నీ', 'U'), ('యం', 'U'), ('దం', 'U'), ('బై', 'U'), ('త', '|'), ('గు', '|'), ('మూ', 'U'), ('ర్తి', '|'), ('ని', 'U'), ('ల్పి', '|'), ('కొ', '|'), ('ని', '|'), ('య', 'U'), ('త్యా', 'U'), ('స', 'U'), ('క్తి', '|'), ('సే', 'U'), ('విం', 'U'), ('చు', '|'), ('వా', 'U'), ('డొం', 'U'), ('దుం', 'U'), ('గు', 'U'), ('ప్పు', '|'), ('న', '|'), ('వాం', 'U'), ('ఛి', '|'), ('తా', 'U'), ('ర్థ', '|'), ('ము', '|'), ('లు', '|'), ('బా', 'U'), ('గొ', 'U'), ('ప్పా', 'U'), ('రు', '|'), ('వం', 'U'), ('దా', 'U'), ('రు', '|'), ('స', 'U'), ('న్మం', 'U'), ('దా', 'U'), ('రం', 'U'), ('బ', '|'), ('వు', '|'), ('గా', 'U'), ('వె', '|'), ('నీ', 'U'), ('వ', '|'), ('ర', '|'), ('య', '|'), ('రా', 'U'), ('మా', 'U'), ('భ', 'U'), ('క్త', '|'), ('మం', 'U'), ('దా', 'U'), ('ర', '|'), ('మా', 'U')]",0.95,1.0,1.0,1.0,0.75,1.0
mattebhamu,"అరిషడ్వర్గముఁ బాఱఁద్రోలి సకలవ్యామోహముల్ వీడి సు-
స్థిరయోగాంతరదృష్టి మీ చరణముల్ సేవించు పుణ్యాత్మకుల్
వరవైకుంఠపురాంతరాళమున భాస్వల్లీలలన్ ముక్తి తా-
మరసాక్షీరతికేలిఁ జొక్కుదురు రామా! భక్తమందారమా!",vruttamu,Bhaktamandaara,"[('అ', '|'), ('రి', '|'), ('ష', 'U'), ('డ్వ', 'U'), ('ర్గ', '|'), ('ము', '|'), ('బా', 'U'), ('ఱ', '|'), ('ద్రో', 'U'), ('లి', '|'), ('స', '|'), ('క', '|'), ('ల', 'U'), ('వ్యా', 'U'), ('మో', 'U'), ('హ', '|'), ('ము', 'U'), ('ల్వీ', 'U'), ('డి', '|'), ('సు', 'U'), ('స్థి', '|'), ('ర', '|'), ('యో', 'U'), ('గాం', 'U'), ('త', '|'), ('ర', '|'), ('దృ', 'U'), ('ష్టి', '|'), ('మీ', 'U'), ('చ', '|'), ('ర', '|'), ('ణ', '|'), ('ము', 'U'), ('ల్సే', 'U'), ('విం', 'U'), ('చు', '|'), ('పు', 'U'), ('ణ్యా', 'U'), ('త్మ', '|'), ('కుల్', 'U'), ('వ', '|'), ('ర', '|'), ('వై', 'U'), ('కుం', 'U'), ('ఠ', '|'), ('పు', '|'), ('రాం', 'U'), ('త', '|'), ('రా', 'U'), ('ళ', '|'), ('ము', '|'), ('న', '|'), ('భా', 'U'), ('స్వ', 'U'), ('ల్లీ', 'U'), ('ల', '|'), ('ల', 'U'), ('న్ము', 'U'), ('క్తి', '|'), ('తా', 'U'), ('మ', '|'), ('ర', '|'), ('సా', 'U'), ('క్షీ', 'U'), ('ర', '|'), ('తి', '|'), ('కే', 'U'), ('లి', '|'), ('జొ', 'U'), ('క్కు', '|'), ('దు', '|'), ('రు', '|'), ('రా', 'U'), ('మా', 'U'), ('భ', 'U'), ('క్త', '|'), ('మం', 'U'), ('దా', 'U'), ('ర', '|'), ('మా', 'U')]",1.0,1.0,1.0,1.0,1.0,1.0
mattebhamu,"ఉదయార్కాంశువికస్వరాంబుజరమాయుక్తంబులై యొప్పు నీ
పదముల్ ధ్యానము చేసి ముక్తియువతిం బ్రాపింపఁగా లేక దు-
ర్మదవృత్తిన్ బశుమాంస మగ్ని దనరారన్ వేల్చుఁగా దేవతా
మదిరాక్షీసురతేచ్ఛ, భూసురుఁడు రామా! భక్తమందారమా!",vruttamu,Bhaktamandaara,"[('ఉ', '|'), ('ద', '|'), ('యా', 'U'), ('ర్కాం', 'U'), ('శు', '|'), ('వి', '|'), ('క', 'U'), ('స్వ', '|'), ('రాం', 'U'), ('బు', '|'), ('జ', '|'), ('ర', '|'), ('మా', 'U'), ('యు', 'U'), ('క్తం', 'U'), ('బు', '|'), ('లై', 'U'), ('యొ', 'U'), ('ప్పు', '|'), ('నీ', 'U'), ('ప', '|'), ('ద', '|'), ('ము', 'U'), ('ల్ధ్యా', 'U'), ('న', '|'), ('ము', '|'), ('చే', 'U'), ('సి', '|'), ('ము', 'U'), ('క్తి', '|'), ('యు', '|'), ('వ', '|'), ('తిం', 'U'), ('బ్రా', 'U'), ('పిం', 'U'), ('ప', '|'), ('గా', 'U'), ('లే', 'U'), ('క', '|'), ('దు', 'U'), ('ర్మ', '|'), ('ద', '|'), ('వృ', 'U'), ('త్తి', 'U'), ('న్బ', '|'), ('శు', '|'), ('మాం', 'U'), ('స', '|'), ('మ', 'U'), ('గ్ని', '|'), ('ద', '|'), ('న', '|'), ('రా', 'U'), ('ర', 'U'), ('న్వే', 'U'), ('ల్చు', '|'), ('గా', 'U'), ('దే', 'U'), ('వ', '|'), ('తా', 'U'), ('మ', '|'), ('ది', '|'), ('రా', 'U'), ('క్షీ', 'U'), ('సు', '|'), ('ర', '|'), ('తే', 'U'), ('చ్ఛ', '|'), ('భూ', 'U'), ('సు', '|'), ('రు', '|'), ('డు', '|'), ('రా', 'U'), ('మా', 'U'), ('భ', 'U'), ('క్త', '|'), ('మం', 'U'), ('దా', 'U'), ('ర', '|'), ('మా', 'U')]",0.95,1.0,1.0,1.0,0.75,1.0
saardulamu,"ప్రాణివ్యూహలలాటభాగముల లీలాలోలచిత్తంబునన్
పాణీకోకిలవాణినాథుఁడు లిఖింపంబొల్చు భాగ్యాక్షర-
శ్రేణిం బెంపఁ గరంబె యెవ్వరికి సంసిద్ధంబు స్వారాట్ఛిరో-
మాణిక్యస్ఫురదంఘ్రితామరస రామా! భక్తమందారమా!",vruttamu,Bhaktamandaara,"[('ప్రా', 'U'), ('ణి', 'U'), ('వ్యూ', 'U'), ('హ', '|'), ('ల', '|'), ('లా', 'U'), ('ట', '|'), ('భా', 'U'), ('గ', '|'), ('ము', '|'), ('ల', '|'), ('లీ', 'U'), ('లా', 'U'), ('లో', 'U'), ('ల', '|'), ('చి', 'U'), ('త్తం', 'U'), ('బు', '|'), ('నన్', 'U'), ('పా', 'U'), ('ణీ', 'U'), ('కో', 'U'), ('కి', '|'), ('ల', '|'), ('వా', 'U'), ('ణి', '|'), ('నా', 'U'), ('థు', '|'), ('డు', '|'), ('లి', '|'), ('ఖిం', 'U'), ('పం', 'U'), ('బొ', 'U'), ('ల్చు', '|'), ('భా', 'U'), ('గ్యా', 'U'), ('క్ష', '|'), ('ర', '|'), ('శ్రే', 'U'), ('ణిం', 'U'), ('బెం', 'U'), ('ప', '|'), ('గ', '|'), ('రం', 'U'), ('బె', '|'), ('యె', 'U'), ('వ్వ', '|'), ('రి', '|'), ('కి', '|'), ('సం', 'U'), ('సి', 'U'), ('ద్ధం', 'U'), ('బు', 'U'), ('స్వా', 'U'), ('రా', 'U'), ('ట్ఛి', '|'), ('రో', 'U'), ('మా', 'U'), ('ణి', 'U'), ('క్య', 'U'), ('స్ఫు', '|'), ('ర', '|'), ('దం', 'U'), ('ఘ్రి', '|'), ('తా', 'U'), ('మ', '|'), ('ర', '|'), ('స', '|'), ('రా', 'U'), ('మా', 'U'), ('భ', 'U'), ('క్త', '|'), ('మం', 'U'), ('దా', 'U'), ('ర', '|'), ('మా', 'U')]",0.9357142857142857,1.0,1.0,0.9285714285714286,0.75,1.0
mattebhamu,"నిను సేవింపని పాపకర్ములకు వాణీనాథగోరాజవా-
హనసుత్రామముఖామరప్రవర వాచాగోచరంబై సనా-
తనమై ముక్తి రమాసమేతమగు నీ ధామంబు సిద్ధించునే
మనురాడ్వంశసుధాబ్ధిసోమ! రామా! భక్తమందారమా!",vruttamu,Bhaktamandaara,"[('ని', '|'), ('ను', '|'), ('సే', 'U'), ('విం', 'U'), ('ప', '|'), ('ని', '|'), ('పా', 'U'), ('ప', '|'), ('క', 'U'), ('ర్ము', '|'), ('ల', '|'), ('కు', '|'), ('వా', 'U'), ('ణీ', 'U'), ('నా', 'U'), ('థ', '|'), ('గో', 'U'), ('రా', 'U'), ('జ', '|'), ('వా', 'U'), ('హ', '|'), ('న', '|'), ('సు', '|'), ('త్రా', 'U'), ('మ', '|'), ('ము', '|'), ('ఖా', 'U'), ('మ', '|'), ('ర', '|'), ('ప్ర', '|'), ('వ', '|'), ('ర', '|'), ('వా', 'U'), ('చా', 'U'), ('గో', 'U'), ('చ', '|'), ('రం', 'U'), ('బై', 'U'), ('స', '|'), ('నా', 'U'), ('త', '|'), ('న', '|'), ('మై', 'U'), ('ము', 'U'), ('క్తి', '|'), ('ర', '|'), ('మా', 'U'), ('స', '|'), ('మే', 'U'), ('త', '|'), ('మ', '|'), ('గు', '|'), ('నీ', 'U'), ('ధా', 'U'), ('మం', 'U'), ('బు', '|'), ('సి', 'U'), ('ద్ధిం', 'U'), ('చు', '|'), ('నే', 'U'), ('మ', '|'), ('ను', '|'), ('రా', 'U'), ('డ్వం', 'U'), ('శ', '|'), ('సు', '|'), ('ధా', 'U'), ('బ్ధి', '|'), ('సో', 'U'), ('మ', '|'), ('రా', 'U'), ('మా', 'U'), ('భ', 'U'), ('క్త', '|'), ('మం', 'U'), ('దా', 'U'), ('ర', '|'), ('మా', 'U')]",0.8521428571428572,0.975,1.0,0.7857142857142857,0.5,1.0
mattebhamu,"మొదలంజేసిన పుణ్యపాపములు సన్మోదాతిఖేదంబులై
యదన న్వచ్చి భుజింపఁ బాలుపడు నాహా! యెవ్వరి న్వేఁడిన
న్వదలంజాల వవెన్నిచందములఁ దా వారింపఁ జింతించినన్
మదనారాతికినైనఁ దథ్యమిది రామా! భక్తమందారమా!",vruttamu,Bhaktamandaara,"[('మొ', '|'), ('ద', '|'), ('లం', 'U'), ('జే', 'U'), ('సి', '|'), ('న', '|'), ('పు', 'U'), ('ణ్య', '|'), ('పా', 'U'), ('ప', '|'), ('ము', '|'), ('లు', '|'), ('స', 'U'), ('న్మో', 'U'), ('దా', 'U'), ('తి', '|'), ('ఖే', 'U'), ('దం', 'U'), ('బు', '|'), ('లై', 'U'), ('య', '|'), ('ద', '|'), ('న', 'U'), ('న్వ', 'U'), ('చ్చి', '|'), ('భు', '|'), ('జిం', 'U'), ('ప', '|'), ('బా', 'U'), ('లు', '|'), ('ప', '|'), ('డు', '|'), ('నా', 'U'), ('హా', 'U'), ('యె', 'U'), ('వ్వ', '|'), ('రి', 'U'), ('న్వే', 'U'), ('డి', '|'), ('న', 'U'), ('న్వ', '|'), ('ద', '|'), ('లం', 'U'), ('జా', 'U'), ('ల', '|'), ('వ', '|'), ('వె', 'U'), ('న్ని', '|'), ('చం', 'U'), ('ద', '|'), ('ము', '|'), ('ల', '|'), ('దా', 'U'), ('వా', 'U'), ('రిం', 'U'), ('ప', '|'), ('జిం', 'U'), ('తిం', 'U'), ('చి', '|'), ('నన్', 'U'), ('మ', '|'), ('ద', '|'), ('నా', 'U'), ('రా', 'U'), ('తి', '|'), ('కి', '|'), ('నై', 'U'), ('న', '|'), ('ద', 'U'), ('థ్య', '|'), ('మి', '|'), ('ది', '|'), ('రా', 'U'), ('మా', 'U'), ('భ', 'U'), ('క్త', '|'), ('మం', 'U'), ('దా', 'U'), ('ర', '|'), ('మా', 'U')]",1.0,1.0,1.0,1.0,1.0,1.0
saardulamu,"ఇందందున్ సుఖమీయఁజాలని మహాహేయార్థసంసారఘో-
రాంధూబృందనిబద్ధులై సతతమన్యాయప్రచారంబులన్
గ్రిందున్మీఁదును గానకెంతయును రక్తిన్ ధాత్రి వర్తింతురౌ
మందుల్ సుందరమందహాసముఖ రామా! భక్తమందారమా!",vruttamu,Bhaktamandaara,"[('ఇం', 'U'), ('దం', 'U'), ('దు', 'U'), ('న్సు', '|'), ('ఖ', '|'), ('మీ', 'U'), ('య', '|'), ('జా', 'U'), ('ల', '|'), ('ని', '|'), ('మ', '|'), ('హా', 'U'), ('హే', 'U'), ('యా', 'U'), ('ర్థ', '|'), ('సం', 'U'), ('సా', 'U'), ('ర', '|'), ('ఘో', 'U'), ('రాం', 'U'), ('ధూ', 'U'), ('బృం', 'U'), ('ద', '|'), ('ని', '|'), ('బ', 'U'), ('ద్ధు', '|'), ('లై', 'U'), ('స', '|'), ('త', '|'), ('త', '|'), ('మ', 'U'), ('న్యా', 'U'), ('య', '|'), ('ప్ర', '|'), ('చా', 'U'), ('రం', 'U'), ('బు', '|'), ('లన్', 'U'), ('గ్రిం', 'U'), ('దు', 'U'), ('న్మీ', 'U'), ('దు', '|'), ('ను', '|'), ('గా', 'U'), ('న', '|'), ('కెం', 'U'), ('త', '|'), ('యు', '|'), ('ను', '|'), ('ర', 'U'), ('క్తి', 'U'), ('న్ధా', 'U'), ('త్రి', '|'), ('వ', 'U'), ('ర్తిం', 'U'), ('తు', '|'), ('రౌ', 'U'), ('మం', 'U'), ('దు', 'U'), ('ల్సుం', 'U'), ('ద', '|'), ('ర', '|'), ('మం', 'U'), ('ద', '|'), ('హా', 'U'), ('స', '|'), ('ము', '|'), ('ఖ', '|'), ('రా', 'U'), ('మా', 'U'), ('భ', 'U'), ('క్త', '|'), ('మం', 'U'), ('దా', 'U'), ('ర', '|'), ('మా', 'U')]",0.8428571428571429,1.0,1.0,0.9642857142857143,0.5,0.75
mattebhamu,"అమరశ్రేష్ఠుని వారువంబునకు దూండ్లాహార మీశానమౌ-
ళి మహాభోగికి గాలిమేఁత, నిను హాళిన్మోయు మాద్యద్విహం-
గమలోకేంద్రున కెల్లఁ బుర్వుగమియే బోనంబు ప్రారబ్ధక-
ర్మ మవశ్యంబ భుజింప కెట్లు చను ? రామా! భక్తమందారమా!",vruttamu,Bhaktamandaara,"[('అ', '|'), ('మ', '|'), ('ర', '|'), ('శ్రే', 'U'), ('ష్ఠు', '|'), ('ని', '|'), ('వా', 'U'), ('రు', '|'), ('వం', 'U'), ('బు', '|'), ('న', '|'), ('కు', '|'), ('దూం', 'U'), ('డ్లా', 'U'), ('హా', 'U'), ('ర', '|'), ('మీ', 'U'), ('శా', 'U'), ('న', '|'), ('మౌ', 'U'), ('ళి', '|'), ('మ', '|'), ('హా', 'U'), ('భో', 'U'), ('గి', '|'), ('కి', '|'), ('గా', 'U'), ('లి', '|'), ('మే', 'U'), ('త', '|'), ('ని', '|'), ('ను', '|'), ('హా', 'U'), ('ళి', 'U'), ('న్మో', 'U'), ('యు', '|'), ('మా', 'U'), ('ద్య', 'U'), ('ద్వి', '|'), ('హం', 'U'), ('గ', '|'), ('మ', '|'), ('లో', 'U'), ('కేం', 'U'), ('ద్రు', '|'), ('న', '|'), ('కె', 'U'), ('ల్ల', '|'), ('బు', 'U'), ('ర్వు', '|'), ('గ', '|'), ('మి', '|'), ('యే', 'U'), ('బో', 'U'), ('నం', 'U'), ('బు', '|'), ('ప్రా', 'U'), ('ర', 'U'), ('బ్ధ', '|'), ('క', 'U'), ('ర్మ', '|'), ('మ', '|'), ('వ', 'U'), ('శ్యం', 'U'), ('బ', '|'), ('భు', '|'), ('జిం', 'U'), ('ప', '|'), ('కె', 'U'), ('ట్లు', '|'), ('చ', '|'), ('ను', '|'), ('రా', 'U'), ('మా', 'U'), ('భ', 'U'), ('క్త', '|'), ('మం', 'U'), ('దా', 'U'), ('ర', '|'), ('మా', 'U')]",0.8928571428571429,1.0,1.0,0.9642857142857143,0.5,1.0
mattebhamu,"నరుఁడెల్లప్పుడు నాజవంజవభరానమ్రాత్ముఁడై యున్నఁగా-
ని రహస్యంబుగ నీ పదద్వయము ధ్యానింపన్ వలెన్ భక్తితో
బరమానందసుధాసారనుభవలిప్సాబుద్ధియై నుర్విఁ గు-
మ్మరిపుర్వుం బలెఁ బంకదూరగతి రామా! భక్తమందారమా!",vruttamu,Bhaktamandaara,"[('న', '|'), ('రు', '|'), ('డె', 'U'), ('ల్ల', 'U'), ('ప్పు', '|'), ('డు', '|'), ('నా', 'U'), ('జ', '|'), ('వం', 'U'), ('జ', '|'), ('వ', '|'), ('భ', '|'), ('రా', 'U'), ('న', '|'), ('మ్రా', 'U'), ('త్ము', '|'), ('డై', 'U'), ('యు', 'U'), ('న్న', '|'), ('గా', 'U'), ('ని', '|'), ('ర', '|'), ('హ', 'U'), ('స్యం', 'U'), ('బు', '|'), ('గ', '|'), ('నీ', 'U'), ('ప', '|'), ('ద', 'U'), ('ద్వ', '|'), ('య', '|'), ('ము', 'U'), ('ధ్యా', 'U'), ('నిం', 'U'), ('ప', 'U'), ('న్వ', '|'), ('లె', 'U'), ('న్భ', 'U'), ('క్తి', '|'), ('తో', 'U'), ('బ', '|'), ('ర', '|'), ('మా', 'U'), ('నం', 'U'), ('ద', '|'), ('సు', '|'), ('ధా', 'U'), ('సా', 'U'), ('ర', '|'), ('ను', '|'), ('భ', '|'), ('వ', '|'), ('లి', 'U'), ('ప్సా', 'U'), ('బు', 'U'), ('ద్ధి', '|'), ('యై', 'U'), ('ను', 'U'), ('ర్వి', '|'), ('గు', 'U'), ('మ్మ', '|'), ('రి', '|'), ('పు', 'U'), ('ర్వుం', 'U'), ('బ', '|'), ('లె', '|'), ('బం', 'U'), ('క', '|'), ('దూ', 'U'), ('ర', '|'), ('గ', '|'), ('తి', '|'), ('రా', 'U'), ('మా', 'U'), ('భ', 'U'), ('క్త', '|'), ('మం', 'U'), ('దా', 'U'), ('ర', '|'), ('మా', 'U')]",0.9785714285714284,1.0,1.0,0.8928571428571429,1.0,1.0
saardulamu,"దానం బాభరణంబు హస్తమునకు దద్‍జ్ఞానికి న్నీపద-
ధ్యానం బాభరణంబు భూసురున కత్యంతంబ గంగానదీ-
స్నానం బాభరణంబు భూతలమునన్ నాడెంపుటిల్లాలికిన్
మానం బాభరణంబు తథ్యమిది రామా! భక్తమందారమా!",vruttamu,Bhaktamandaara,"[('దా', 'U'), ('నం', 'U'), ('బా', 'U'), ('భ', '|'), ('ర', '|'), ('ణం', 'U'), ('బు', '|'), ('హ', 'U'), ('స్త', '|'), ('ము', '|'), ('న', '|'), ('కు', '|'), ('ద', 'U'), ('ద్జ్ఞా', 'U'), ('ని', '|'), ('కి', 'U'), ('న్నీ', 'U'), ('ప', '|'), ('ద', 'U'), ('ధ్యా', 'U'), ('నం', 'U'), ('బా', 'U'), ('భ', '|'), ('ర', '|'), ('ణం', 'U'), ('బు', '|'), ('భూ', 'U'), ('సు', '|'), ('రు', '|'), ('న', '|'), ('క', 'U'), ('త్యం', 'U'), ('తం', 'U'), ('బ', '|'), ('గం', 'U'), ('గా', 'U'), ('న', '|'), ('దీ', 'U'), ('స్నా', 'U'), ('నం', 'U'), ('బా', 'U'), ('భ', '|'), ('ర', '|'), ('ణం', 'U'), ('బు', '|'), ('భూ', 'U'), ('త', '|'), ('ల', '|'), ('ము', '|'), ('న', 'U'), ('న్నా', 'U'), ('డెం', 'U'), ('పు', '|'), ('టి', 'U'), ('ల్లా', 'U'), ('లి', '|'), ('కిన్', 'U'), ('మా', 'U'), ('నం', 'U'), ('బా', 'U'), ('భ', '|'), ('ర', '|'), ('ణం', 'U'), ('బు', '|'), ('త', 'U'), ('థ్య', '|'), ('మి', '|'), ('ది', '|'), ('రా', 'U'), ('మా', 'U'), ('భ', 'U'), ('క్త', '|'), ('మం', 'U'), ('దా', 'U'), ('ర', '|'), ('మా', 'U')]",0.9928571428571429,1.0,1.0,0.9642857142857143,1.0,1.0
mattebhamu,"అదన న్వేఁడిన యాచకప్రతతి కీయంగావలెన్ రొక్కమిం-
పొదవన్ మీ కథలాలకింపవలె మేనుప్పొంగ గంగామహా-
నదిలో స్నానము లాచరింపవలె హీనప్రక్రియ న్మాని స-
మ్మదచిత్తంబున మర్త్యుఁడెల్లపుడు రామా! భక్తమందారమా!",vruttamu,Bhaktamandaara,"[('అ', '|'), ('ద', '|'), ('న', 'U'), ('న్వే', 'U'), ('డి', '|'), ('న', '|'), ('యా', 'U'), ('చ', '|'), ('క', '|'), ('ప్ర', '|'), ('త', '|'), ('తి', '|'), ('కీ', 'U'), ('యం', 'U'), ('గా', 'U'), ('వ', '|'), ('లె', '|'), ('న్రొ', 'U'), ('క్క', '|'), ('మిం', 'U'), ('పొ', '|'), ('ద', '|'), ('వ', 'U'), ('న్మీ', 'U'), ('క', '|'), ('థ', '|'), ('లా', 'U'), ('ల', '|'), ('కిం', 'U'), ('ప', '|'), ('వ', '|'), ('లె', '|'), ('మే', 'U'), ('ను', 'U'), ('ప్పొం', 'U'), ('గ', '|'), ('గం', 'U'), ('గా', 'U'), ('మ', '|'), ('హా', 'U'), ('న', '|'), ('ది', '|'), ('లో', 'U'), ('స్నా', 'U'), ('న', '|'), ('ము', '|'), ('లా', 'U'), ('చ', '|'), ('రిం', 'U'), ('ప', '|'), ('వ', '|'), ('లె', '|'), ('హీ', 'U'), ('న', '|'), ('ప్ర', '|'), ('క్రి', '|'), ('య', 'U'), ('న్మా', 'U'), ('ని', '|'), ('స', 'U'), ('మ్మ', '|'), ('ద', '|'), ('చి', 'U'), ('త్తం', 'U'), ('బు', '|'), ('న', '|'), ('మ', 'U'), ('ర్త్యు', '|'), ('డె', 'U'), ('ల్ల', '|'), ('పు', '|'), ('డు', '|'), ('రా', 'U'), ('మా', 'U'), ('భ', 'U'), ('క్త', '|'), ('మం', 'U'), ('దా', 'U'), ('ర', '|'), ('మా', 'U')]",0.9285714285714285,1.0,1.0,0.8928571428571429,0.75,1.0
saardulamu,"ఉద్యానాదిక సప్తసంతతుల బాగొప్పార నిల్పన్ వలెన్
సద్యోదానమునన్ బుధాళి కెపుడున్ సంప్రీతి సల్పన్ వలెన్
ప్రోద్యద్విద్యలు సంగ్రహింపవలె నిత్యోత్సాహియై మర్త్యుఁ డో
మాద్యద్దానవకాననజ్వలన! రామా! భక్తమందారమా!",vruttamu,Bhaktamandaara,"[('ఉ', 'U'), ('ద్యా', 'U'), ('నా', 'U'), ('ది', '|'), ('క', '|'), ('స', 'U'), ('ప్త', '|'), ('సం', 'U'), ('త', '|'), ('తు', '|'), ('ల', '|'), ('బా', 'U'), ('గొ', 'U'), ('ప్పా', 'U'), ('ర', '|'), ('ని', 'U'), ('ల్ప', 'U'), ('న్వ', '|'), ('లెన్', 'U'), ('స', 'U'), ('ద్యో', 'U'), ('దా', 'U'), ('న', '|'), ('ము', '|'), ('న', 'U'), ('న్బు', '|'), ('ధా', 'U'), ('ళి', '|'), ('కె', '|'), ('పు', '|'), ('డు', 'U'), ('న్సం', 'U'), ('ప్రీ', 'U'), ('తి', '|'), ('స', 'U'), ('ల్ప', 'U'), ('న్వ', '|'), ('లెన్', 'U'), ('ప్రో', 'U'), ('ద్య', 'U'), ('ద్వి', 'U'), ('ద్య', '|'), ('లు', '|'), ('సం', 'U'), ('గ్ర', '|'), ('హిం', 'U'), ('ప', '|'), ('వ', '|'), ('లె', '|'), ('ని', 'U'), ('త్యో', 'U'), ('త్సా', 'U'), ('హి', '|'), ('యై', 'U'), ('మ', 'U'), ('ర్త్యు', '|'), ('డో', 'U'), ('మా', 'U'), ('ద్య', 'U'), ('ద్దా', 'U'), ('న', '|'), ('వ', '|'), ('కా', 'U'), ('న', '|'), ('న', 'U'), ('జ్వ', '|'), ('ల', '|'), ('న', '|'), ('రా', 'U'), ('మా', 'U'), ('భ', 'U'), ('క్త', '|'), ('మం', 'U'), ('దా', 'U'), ('ర', '|'), ('మా', 'U')]",0.9,1.0,1.0,1.0,0.5,1.0
mattebhamu,"నిను భక్తిన్ భజియించినన్ గురువుల న్నిత్యంబు సేవించినన్
ధనవంతుండయి గర్వదూరుఁడగుచున్ ధర్మంబు గావించినన్
జనతామోదకపద్ధతి న్మెలఁగినన్ జారుండు గాకుండినన్
మనుజుం డారయ దేవుఁ డిమ్మహిని రామా! భక్తమందారమా!",vruttamu,Bhaktamandaara,"[('ని', '|'), ('ను', '|'), ('భ', 'U'), ('క్తి', 'U'), ('న్భ', '|'), ('జి', '|'), ('యిం', 'U'), ('చి', '|'), ('న', 'U'), ('న్గు', '|'), ('రు', '|'), ('వు', '|'), ('ల', 'U'), ('న్ని', 'U'), ('త్యం', 'U'), ('బు', '|'), ('సే', 'U'), ('విం', 'U'), ('చి', '|'), ('నన్', 'U'), ('ధ', '|'), ('న', '|'), ('వం', 'U'), ('తుం', 'U'), ('డ', '|'), ('యి', '|'), ('గ', 'U'), ('ర్వ', '|'), ('దూ', 'U'), ('రు', '|'), ('డ', '|'), ('గు', '|'), ('చు', 'U'), ('న్ధ', 'U'), ('ర్మం', 'U'), ('బు', '|'), ('గా', 'U'), ('విం', 'U'), ('చి', '|'), ('నన్', 'U'), ('జ', '|'), ('న', '|'), ('తా', 'U'), ('మో', 'U'), ('ద', '|'), ('క', '|'), ('ప', 'U'), ('ద్ధ', '|'), ('తి', 'U'), ('న్మె', '|'), ('ల', '|'), ('గి', '|'), ('న', 'U'), ('న్జా', 'U'), ('రుం', 'U'), ('డు', '|'), ('గా', 'U'), ('కుం', 'U'), ('డి', '|'), ('నన్', 'U'), ('మ', '|'), ('ను', '|'), ('జుం', 'U'), ('డా', 'U'), ('ర', '|'), ('య', '|'), ('దే', 'U'), ('వు', '|'), ('డి', 'U'), ('మ్మ', '|'), ('హి', '|'), ('ని', '|'), ('రా', 'U'), ('మా', 'U'), ('భ', 'U'), ('క్త', '|'), ('మం', 'U'), ('దా', 'U'), ('ర', '|'), ('మా', 'U')]",1.0,1.0,1.0,1.0,1.0,1.0
saardulamu,"అన్యాయంబు దొఱంగి యెల్లరకు నత్యానంద మింపొంద సౌ-
జన్యప్రక్రియ నేల యేలునతఁడున్ శాస్త్రానుసారంబుగాఁ
గన్యాదానము సేయు నాతఁడును వేడ్కన్ భూసురున్ బిల్చి స-
న్మాన్యం బిచ్చినవాడు ధన్యుడిల రామా! భక్తమందారమా!",vruttamu,Bhaktamandaara,"[('అ', 'U'), ('న్యా', 'U'), ('యం', 'U'), ('బు', '|'), ('దొ', '|'), ('ఱం', 'U'), ('గి', '|'), ('యె', 'U'), ('ల్ల', '|'), ('ర', '|'), ('కు', '|'), ('న', 'U'), ('త్యా', 'U'), ('నం', 'U'), ('ద', '|'), ('మిం', 'U'), ('పొం', 'U'), ('ద', '|'), ('సౌ', 'U'), ('జ', 'U'), ('న్య', '|'), ('ప్ర', '|'), ('క్రి', '|'), ('య', '|'), ('నే', 'U'), ('ల', '|'), ('యే', 'U'), ('లు', '|'), ('న', '|'), ('త', '|'), ('డు', 'U'), ('న్శా', 'U'), ('స్త్రా', 'U'), ('ను', '|'), ('సా', 'U'), ('రం', 'U'), ('బు', '|'), ('గా', 'U'), ('గ', 'U'), ('న్యా', 'U'), ('దా', 'U'), ('న', '|'), ('ము', '|'), ('సే', 'U'), ('యు', '|'), ('నా', 'U'), ('త', '|'), ('డు', '|'), ('ను', '|'), ('వే', 'U'), ('డ్క', 'U'), ('న్భూ', 'U'), ('సు', '|'), ('రు', 'U'), ('న్బి', 'U'), ('ల్చి', '|'), ('స', 'U'), ('న్మా', 'U'), ('న్యం', 'U'), ('బి', 'U'), ('చ్చి', '|'), ('న', '|'), ('వా', 'U'), ('డు', '|'), ('ధ', 'U'), ('న్యు', '|'), ('డి', '|'), ('ల', '|'), ('రా', 'U'), ('మా', 'U'), ('భ', 'U'), ('క్త', '|'), ('మం', 'U'), ('దా', 'U'), ('ర', '|'), ('మా', 'U')]",0.9928571428571429,1.0,1.0,0.9642857142857143,1.0,1.0
mattebhamu,"చెఱువున్ సూనుఁడుఁ దోటయుం గృతియు నిక్షేపంబునుం దేవమం-
దిరమున్ విప్రవివాహమున్ జగతి నెంతే వేడ్క గావించుచున్
నిరతంబున్ భవదీయపాదవిలసన్నీరేరుహద్వంద్వ సం-
స్మరణం బూనెడువాఁడు ముక్తుఁడగు రామా! భక్తమందారమా!",vruttamu,Bhaktamandaara,"[('చె', '|'), ('ఱు', '|'), ('వు', 'U'), ('న్సూ', 'U'), ('ను', '|'), ('డు', '|'), ('దో', 'U'), ('ట', '|'), ('యుం', 'U'), ('గృ', '|'), ('తి', '|'), ('యు', '|'), ('ని', 'U'), ('క్షే', 'U'), ('పం', 'U'), ('బు', '|'), ('నుం', 'U'), ('దే', 'U'), ('వ', '|'), ('మం', 'U'), ('ది', '|'), ('ర', '|'), ('ము', 'U'), ('న్వి', '|'), ('ప్ర', '|'), ('వి', '|'), ('వా', 'U'), ('హ', '|'), ('ము', 'U'), ('న్జ', '|'), ('గ', '|'), ('తి', '|'), ('నెం', 'U'), ('తే', 'U'), ('వే', 'U'), ('డ్క', '|'), ('గా', 'U'), ('విం', 'U'), ('చు', '|'), ('చున్', 'U'), ('ని', '|'), ('ర', '|'), ('తం', 'U'), ('బు', 'U'), ('న్భ', '|'), ('వ', '|'), ('దీ', 'U'), ('య', '|'), ('పా', 'U'), ('ద', '|'), ('వి', '|'), ('ల', '|'), ('స', 'U'), ('న్నీ', 'U'), ('రే', 'U'), ('రు', '|'), ('హ', 'U'), ('ద్వం', 'U'), ('ద్వ', '|'), ('సం', 'U'), ('స్మ', '|'), ('ర', '|'), ('ణం', 'U'), ('బూ', 'U'), ('నె', '|'), ('డు', '|'), ('వా', 'U'), ('డు', '|'), ('ము', 'U'), ('క్తు', '|'), ('డ', '|'), ('గు', '|'), ('రా', 'U'), ('మా', 'U'), ('భ', 'U'), ('క్త', '|'), ('మం', 'U'), ('దా', 'U'), ('ర', '|'), ('మా', 'U')]",0.9428571428571428,1.0,1.0,0.9642857142857143,1.0,0.75
saardulamu,"ఆకాంక్షన్ గృహదాసికాసురతలీలాసక్తి వర్తించినన్
లోకస్తుత్యచరిత్ర! సత్కులవధూలోలుండు గాకుండినన్
కోకాప్తాస్తమయోదయంబుల యెడన్ గూర్కూనినన్ మర్త్యుపై
మా కారుణ్యకటాక్ష మూన దిల రామా! భక్తమందారమా!",vruttamu,Bhaktamandaara,"[('ఆ', 'U'), ('కాం', 'U'), ('క్ష', 'U'), ('న్గృ', '|'), ('హ', '|'), ('దా', 'U'), ('సి', '|'), ('కా', 'U'), ('సు', '|'), ('ర', '|'), ('త', '|'), ('లీ', 'U'), ('లా', 'U'), ('స', 'U'), ('క్తి', '|'), ('వ', 'U'), ('ర్తిం', 'U'), ('చి', '|'), ('నన్', 'U'), ('లో', 'U'), ('క', 'U'), ('స్తు', 'U'), ('త్య', '|'), ('చ', '|'), ('రి', '|'), ('త్ర', '|'), ('స', 'U'), ('త్కు', '|'), ('ల', '|'), ('వ', '|'), ('ధూ', 'U'), ('లో', 'U'), ('లుం', 'U'), ('డు', '|'), ('గా', 'U'), ('కుం', 'U'), ('డి', '|'), ('నన్', 'U'), ('కో', 'U'), ('కా', 'U'), ('ప్తా', 'U'), ('స్త', '|'), ('మ', '|'), ('యో', 'U'), ('ద', '|'), ('యం', 'U'), ('బు', '|'), ('ల', '|'), ('యె', '|'), ('డ', 'U'), ('న్గూ', 'U'), ('ర్కూ', 'U'), ('ని', '|'), ('న', 'U'), ('న్మ', 'U'), ('ర్త్యు', '|'), ('పై', 'U'), ('మా', 'U'), ('కా', 'U'), ('రు', 'U'), ('ణ్య', '|'), ('క', '|'), ('టా', 'U'), ('క్ష', '|'), ('మూ', 'U'), ('న', '|'), ('ది', '|'), ('ల', '|'), ('రా', 'U'), ('మా', 'U'), ('భ', 'U'), ('క్త', '|'), ('మం', 'U'), ('దా', 'U'), ('ర', '|'), ('మా', 'U')]",0.9428571428571428,1.0,1.0,0.9642857142857143,0.75,1.0
mattebhamu,"గణుతింపంగ నరాధముల్ సుకవికిం గాసీనివాఁడున్ దయా-
గుణ మొక్కింతయు లేనివాఁడు నొరుపై గొండెంబు గావించువాఁ
డణుమధ్యన్ సతిఁ బాసి దాసిపొం దాసించువాఁ డుర్వి బ్రా-
హ్మణవిత్తంబు హరించువాఁ డరయ రామా! భక్తమందారమా!",vruttamu,Bhaktamandaara,"[('గ', '|'), ('ణు', '|'), ('తిం', 'U'), ('పం', 'U'), ('గ', '|'), ('న', '|'), ('రా', 'U'), ('ధ', '|'), ('ము', 'U'), ('ల్సు', '|'), ('క', '|'), ('వి', '|'), ('కిం', 'U'), ('గా', 'U'), ('సీ', 'U'), ('ని', '|'), ('వా', 'U'), ('డు', 'U'), ('న్ద', '|'), ('యా', 'U'), ('గు', '|'), ('ణ', '|'), ('మొ', 'U'), ('క్కిం', 'U'), ('త', '|'), ('యు', '|'), ('లే', 'U'), ('ని', '|'), ('వా', 'U'), ('డు', '|'), ('నొ', '|'), ('రు', '|'), ('పై', 'U'), ('గొం', 'U'), ('డెం', 'U'), ('బు', '|'), ('గా', 'U'), ('విం', 'U'), ('చు', '|'), ('వా', 'U'), ('డ', '|'), ('ణు', '|'), ('మ', 'U'), ('ధ్య', 'U'), ('న్స', '|'), ('తి', '|'), ('బా', 'U'), ('సి', '|'), ('దా', 'U'), ('సి', '|'), ('పొం', 'U'), ('దా', 'U'), ('సిం', 'U'), ('చు', '|'), ('వా', 'U'), ('డు', 'U'), ('ర్వి', '|'), ('బ్రా', 'U'), ('హ్మ', '|'), ('ణ', '|'), ('వి', 'U'), ('త్తం', 'U'), ('బు', '|'), ('హ', '|'), ('రిం', 'U'), ('చు', '|'), ('వా', 'U'), ('డ', '|'), ('ర', '|'), ('య', '|'), ('రా', 'U'), ('మా', 'U'), ('భ', 'U'), ('క్త', '|'), ('మం', 'U'), ('దా', 'U'), ('ర', '|'), ('మా', 'U')]",0.7664285714285715,0.975,1.0,0.6071428571428571,0.5,0.75
mattebhamu,"వృషలీభర్తయు దేవలుండు నటుఁడున్ వేదాభిశస్తుండు మా-
హిషికుం డగ్నిద కుండగోళకులునున్ హింసాపరస్వాంతుడున్
విషదుండుం గొఱగాఁడు పంక్తి కెపుడుర్విన్ భక్తసంఘాతక-
ల్మషమత్తద్విరదౌఘ పంచముఖరామా! భక్తమందారమా!",vruttamu,Bhaktamandaara,"[('వృ', '|'), ('ష', '|'), ('లీ', 'U'), ('భ', 'U'), ('ర్త', '|'), ('యు', '|'), ('దే', 'U'), ('వ', '|'), ('లుం', 'U'), ('డు', '|'), ('న', '|'), ('టు', '|'), ('డు', 'U'), ('న్వే', 'U'), ('దా', 'U'), ('భి', '|'), ('శ', 'U'), ('స్తుం', 'U'), ('డు', '|'), ('మా', 'U'), ('హి', '|'), ('షి', '|'), ('కుం', 'U'), ('డ', 'U'), ('గ్ని', '|'), ('ద', '|'), ('కుం', 'U'), ('డ', '|'), ('గో', 'U'), ('ళ', '|'), ('కు', '|'), ('లు', '|'), ('ను', 'U'), ('న్హిం', 'U'), ('సా', 'U'), ('ప', '|'), ('ర', 'U'), ('స్వాం', 'U'), ('తు', '|'), ('డున్', 'U'), ('వి', '|'), ('ష', '|'), ('దుం', 'U'), ('డుం', 'U'), ('గొ', '|'), ('ఱ', '|'), ('గా', 'U'), ('డు', '|'), ('పం', 'U'), ('క్తి', '|'), ('కె', '|'), ('పు', '|'), ('డు', 'U'), ('ర్వి', 'U'), ('న్భ', 'U'), ('క్త', '|'), ('సం', 'U'), ('ఘా', 'U'), ('త', '|'), ('క', 'U'), ('ల్మ', '|'), ('ష', '|'), ('మ', 'U'), ('త్త', 'U'), ('ద్వి', '|'), ('ర', '|'), ('దౌ', 'U'), ('ఘ', '|'), ('పం', 'U'), ('చ', '|'), ('ము', '|'), ('ఖ', '|'), ('రా', 'U'), ('మా', 'U'), ('భ', 'U'), ('క్త', '|'), ('మం', 'U'), ('దా', 'U'), ('ర', '|'), ('మా', 'U')]",1.0,1.0,1.0,1.0,1.0,1.0
mattebhamu,"అగసాలిన్ దిలఘాతకున్ యవనునిన్ వ్యాపారి దాసున్ విటున్
జగతీనాథుని వేటకాని గణికన్ జండాలునిన్ జోరునిన్
బ్రెగడం గోమటి జూదరిన్ బుధజనుల్ పెన్రొక్కమర్పింప న-
మ్మఁగ రాదెంతయుఁ దథ్య మిద్ధరణి రామా! భక్తమందారమా!",vruttamu,Bhaktamandaara,"[('అ', '|'), ('గ', '|'), ('సా', 'U'), ('లి', 'U'), ('న్ది', '|'), ('ల', '|'), ('ఘా', 'U'), ('త', '|'), ('కు', 'U'), ('న్య', '|'), ('వ', '|'), ('ను', '|'), ('ని', 'U'), ('న్వ్యా', 'U'), ('పా', 'U'), ('రి', '|'), ('దా', 'U'), ('సు', 'U'), ('న్వి', '|'), ('టున్', 'U'), ('జ', '|'), ('గ', '|'), ('తీ', 'U'), ('నా', 'U'), ('థు', '|'), ('ని', '|'), ('వే', 'U'), ('ట', '|'), ('కా', 'U'), ('ని', '|'), ('గ', '|'), ('ణి', '|'), ('క', 'U'), ('న్జం', 'U'), ('డా', 'U'), ('లు', '|'), ('ని', 'U'), ('న్జో', 'U'), ('రు', '|'), ('నిన్', 'U'), ('బ్రె', '|'), ('గ', '|'), ('డం', 'U'), ('గో', 'U'), ('మ', '|'), ('టి', '|'), ('జూ', 'U'), ('ద', '|'), ('రి', 'U'), ('న్బు', '|'), ('ధ', '|'), ('జ', '|'), ('ను', 'U'), ('ల్పె', '|'), ('న్రొ', 'U'), ('క్క', '|'), ('మ', 'U'), ('ర్పిం', 'U'), ('ప', '|'), ('న', 'U'), ('మ్మ', '|'), ('గ', '|'), ('రా', 'U'), ('దెం', 'U'), ('త', '|'), ('యు', '|'), ('ద', 'U'), ('థ్య', '|'), ('మి', 'U'), ('ద్ధ', '|'), ('ర', '|'), ('ణి', '|'), ('రా', 'U'), ('మా', 'U'), ('భ', 'U'), ('క్త', '|'), ('మం', 'U'), ('దా', 'U'), ('ర', '|'), ('మా', 'U')]",0.9928571428571429,1.0,1.0,0.9642857142857143,1.0,1.0
mattebhamu,"అలుకన్ మిక్కిలి సాహసంబు ఘనమన్యాయప్రచారంబునుం
జలముం దట్టము కామమెక్కుడు మహాజాలంబు శీలంబహో
తలపైఁ జేయిడి బాసచేసిన యథార్థం బుర్విపైఁ బుష్పకో-
మలుల న్నమ్మఁగరాదు పూరుషులు రామా! భక్తమందారమా!",vruttamu,Bhaktamandaara,"[('అ', '|'), ('లు', '|'), ('క', 'U'), ('న్మి', 'U'), ('క్కి', '|'), ('లి', '|'), ('సా', 'U'), ('హ', '|'), ('సం', 'U'), ('బు', '|'), ('ఘ', '|'), ('న', '|'), ('మ', 'U'), ('న్యా', 'U'), ('య', '|'), ('ప్ర', '|'), ('చా', 'U'), ('రం', 'U'), ('బు', '|'), ('నుం', 'U'), ('జ', '|'), ('ల', '|'), ('ముం', 'U'), ('ద', 'U'), ('ట్ట', '|'), ('ము', '|'), ('కా', 'U'), ('మ', '|'), ('మె', 'U'), ('క్కు', '|'), ('డు', '|'), ('మ', '|'), ('హా', 'U'), ('జా', 'U'), ('లం', 'U'), ('బు', '|'), ('శీ', 'U'), ('లం', 'U'), ('బ', '|'), ('హో', 'U'), ('త', '|'), ('ల', '|'), ('పై', 'U'), ('జే', 'U'), ('యి', '|'), ('డి', '|'), ('బా', 'U'), ('స', '|'), ('చే', 'U'), ('సి', '|'), ('న', '|'), ('య', '|'), ('థా', 'U'), ('ర్థం', 'U'), ('బు', 'U'), ('ర్వి', '|'), ('పై', 'U'), ('బు', 'U'), ('ష్ప', '|'), ('కో', 'U'), ('మ', '|'), ('లు', '|'), ('ల', 'U'), ('న్న', 'U'), ('మ్మ', '|'), ('గ', '|'), ('రా', 'U'), ('దు', '|'), ('పూ', 'U'), ('రు', '|'), ('షు', '|'), ('లు', '|'), ('రా', 'U'), ('మా', 'U'), ('భ', 'U'), ('క్త', '|'), ('మం', 'U'), ('దా', 'U'), ('ర', '|'), ('మా', 'U')]",0.9928571428571429,1.0,1.0,0.9642857142857143,1.0,1.0
mattebhamu,"కుకవుల్ కూళలు కొంటెతొత్తుకొడుకుల్ కొండీలు కోనారులుం
దకతైతత్తలవారు పాచకులు జూదంబాడువారు న్మహిం
బ్రకటంబై సిరిగాంచిరీ కలియుగప్రామాణ్య మాశ్చర్య మో
మకరాక్షాసురగర్వసంహరణ రామా! భక్తమందారమా!",vruttamu,Bhaktamandaara,"[('కు', '|'), ('క', '|'), ('వు', 'U'), ('ల్కూ', 'U'), ('ళ', '|'), ('లు', '|'), ('కొం', 'U'), ('టె', '|'), ('తొ', 'U'), ('త్తు', '|'), ('కొ', '|'), ('డు', '|'), ('కు', 'U'), ('ల్కొం', 'U'), ('డీ', 'U'), ('లు', '|'), ('కో', 'U'), ('నా', 'U'), ('రు', '|'), ('లుం', 'U'), ('ద', '|'), ('క', '|'), ('తై', 'U'), ('త', 'U'), ('త్త', '|'), ('ల', '|'), ('వా', 'U'), ('రు', '|'), ('పా', 'U'), ('చ', '|'), ('కు', '|'), ('లు', '|'), ('జూ', 'U'), ('దం', 'U'), ('బా', 'U'), ('డు', '|'), ('వా', 'U'), ('రు', 'U'), ('న్మ', '|'), ('హిం', 'U'), ('బ్ర', '|'), ('క', '|'), ('టం', 'U'), ('బై', 'U'), ('సి', '|'), ('రి', '|'), ('గాం', 'U'), ('చి', '|'), ('రీ', 'U'), ('క', '|'), ('లి', '|'), ('యు', '|'), ('గ', '|'), ('ప్రా', 'U'), ('మా', 'U'), ('ణ్య', '|'), ('మా', 'U'), ('శ్చ', 'U'), ('ర్య', '|'), ('మో', 'U'), ('మ', '|'), ('క', '|'), ('రా', 'U'), ('క్షా', 'U'), ('సు', '|'), ('ర', '|'), ('గ', 'U'), ('ర్వ', '|'), ('సం', 'U'), ('హ', '|'), ('ర', '|'), ('ణ', '|'), ('రా', 'U'), ('మా', 'U'), ('భ', 'U'), ('క్త', '|'), ('మం', 'U'), ('దా', 'U'), ('ర', '|'), ('మా', 'U')]",0.9928571428571429,1.0,1.0,0.9642857142857143,1.0,1.0
mattebhamu,"కలికాలంబున వైద్యలక్షణపరీక్షాశూన్యమూఢావనీ-
తలనాథుల్ బలుమోటకాఁపుదొరలున్ దట్టంబుగా బిల్చి మం-
దుల వేయింప భుజించి క్రొవ్వి కడువైద్యుల్ గారె సిగ్గేది? త-
మ్మళులన్ నంబులు క్షౌరకాంత్యజులు రామా! భక్తమందారమా!",vruttamu,Bhaktamandaara,"[('క', '|'), ('లి', '|'), ('కా', 'U'), ('లం', 'U'), ('బు', '|'), ('న', '|'), ('వై', 'U'), ('ద్య', '|'), ('ల', 'U'), ('క్ష', '|'), ('ణ', '|'), ('ప', '|'), ('రీ', 'U'), ('క్షా', 'U'), ('శూ', 'U'), ('న్య', '|'), ('మూ', 'U'), ('ఢా', 'U'), ('వ', '|'), ('నీ', 'U'), ('త', '|'), ('ల', '|'), ('నా', 'U'), ('థు', 'U'), ('ల్బ', '|'), ('లు', '|'), ('మో', 'U'), ('ట', '|'), ('కా', 'U'), ('పు', '|'), ('దొ', '|'), ('ర', '|'), ('లు', 'U'), ('న్ద', 'U'), ('ట్టం', 'U'), ('బు', '|'), ('గా', 'U'), ('బి', 'U'), ('ల్చి', '|'), ('మం', 'U'), ('దు', '|'), ('ల', '|'), ('వే', 'U'), ('యిం', 'U'), ('ప', '|'), ('భు', '|'), ('జిం', 'U'), ('చి', '|'), ('క్రొ', 'U'), ('వ్వి', '|'), ('క', '|'), ('డు', '|'), ('వై', 'U'), ('ద్యు', 'U'), ('ల్గా', 'U'), ('రె', '|'), ('సి', 'U'), ('గ్గే', 'U'), ('ది', '|'), ('త', 'U'), ('మ్మ', '|'), ('ళు', '|'), ('ల', 'U'), ('న్నం', 'U'), ('బు', '|'), ('లు', 'U'), ('క్షౌ', 'U'), ('ర', '|'), ('కాం', 'U'), ('త్య', '|'), ('జు', '|'), ('లు', '|'), ('రా', 'U'), ('మా', 'U'), ('భ', 'U'), ('క్త', '|'), ('మం', 'U'), ('దా', 'U'), ('ర', '|'), ('మా', 'U')]",0.9428571428571428,1.0,1.0,0.9642857142857143,1.0,0.75
saardulamu,"దీనత్వంబునఁ గూడులేక చెడి యెంతే భైక్ష్యముల్ గొంచు ల-
జ్జానామంబులు లేకయుంబు బలురాజన్యుండు చేపట్టి దా
నానావస్తువులిచ్చి వైభవమిడన్ న్యాయజ్ఞుఁడై వాఁడిలన్
మానం జాలునె తొంటినీచగతి రామా! భక్తమందారమా!",vruttamu,Bhaktamandaara,"[('దీ', 'U'), ('న', 'U'), ('త్వం', 'U'), ('బు', '|'), ('న', '|'), ('గూ', 'U'), ('డు', '|'), ('లే', 'U'), ('క', '|'), ('చె', '|'), ('డి', '|'), ('యెం', 'U'), ('తే', 'U'), ('భై', 'U'), ('క్ష్య', '|'), ('ము', 'U'), ('ల్గొం', 'U'), ('చు', '|'), ('ల', 'U'), ('జ్జా', 'U'), ('నా', 'U'), ('మం', 'U'), ('బు', '|'), ('లు', '|'), ('లే', 'U'), ('క', '|'), ('యుం', 'U'), ('బు', '|'), ('బ', '|'), ('లు', '|'), ('రా', 'U'), ('జ', 'U'), ('న్యుం', 'U'), ('డు', '|'), ('చే', 'U'), ('ప', 'U'), ('ట్టి', '|'), ('దా', 'U'), ('నా', 'U'), ('నా', 'U'), ('వ', 'U'), ('స్తు', '|'), ('వు', '|'), ('లి', 'U'), ('చ్చి', '|'), ('వై', 'U'), ('భ', '|'), ('వ', '|'), ('మి', '|'), ('డ', 'U'), ('న్న్యా', 'U'), ('య', 'U'), ('జ్ఞు', '|'), ('డై', 'U'), ('వా', 'U'), ('డి', '|'), ('లన్', 'U'), ('మా', 'U'), ('నం', 'U'), ('జా', 'U'), ('లు', '|'), ('నె', '|'), ('తొం', 'U'), ('టి', '|'), ('నీ', 'U'), ('చ', '|'), ('గ', '|'), ('తి', '|'), ('రా', 'U'), ('మా', 'U'), ('భ', 'U'), ('క్త', '|'), ('మం', 'U'), ('దా', 'U'), ('ర', '|'), ('మా', 'U')]",1.0,1.0,1.0,1.0,1.0,1.0
saardulamu,"ఎన్నం గార్ధభ ముత్తమాశ్వమగునే; హీనుండు దాతృత్వసం-
పన్నుండౌనె; ఖలుండు పుణ్యుఁడగునే; పల్గాకి సాధౌనె; క-
ల్జున్నౌనే; మహిషంబ హస్తి యగునే; జోరీగ దేఁటౌనెటుల్
మన్నుం బిల్లి మృగేంద్రమౌనె భువి రామా! భక్తమందారమా!",vruttamu,Bhaktamandaara,"[('ఎ', 'U'), ('న్నం', 'U'), ('గా', 'U'), ('ర్ధ', '|'), ('భ', '|'), ('ము', 'U'), ('త్త', '|'), ('మా', 'U'), ('శ్వ', '|'), ('మ', '|'), ('గు', '|'), ('నే', 'U'), ('హీ', 'U'), ('నుం', 'U'), ('డు', '|'), ('దా', 'U'), ('తృ', 'U'), ('త్వ', '|'), ('సం', 'U'), ('ప', 'U'), ('న్నుం', 'U'), ('డౌ', 'U'), ('నె', '|'), ('ఖ', '|'), ('లుం', 'U'), ('డు', '|'), ('పు', 'U'), ('ణ్యు', '|'), ('డ', '|'), ('గు', '|'), ('నే', 'U'), ('ప', 'U'), ('ల్గా', 'U'), ('కి', '|'), ('సా', 'U'), ('ధౌ', 'U'), ('నె', '|'), ('క', 'U'), ('ల్జు', 'U'), ('న్నౌ', 'U'), ('నే', 'U'), ('మ', '|'), ('హి', '|'), ('షం', 'U'), ('బ', '|'), ('హ', 'U'), ('స్తి', '|'), ('య', '|'), ('గు', '|'), ('నే', 'U'), ('జో', 'U'), ('రీ', 'U'), ('గ', '|'), ('దే', 'U'), ('టౌ', 'U'), ('నె', '|'), ('టుల్', 'U'), ('మ', 'U'), ('న్నుం', 'U'), ('బి', 'U'), ('ల్లి', '|'), ('మృ', '|'), ('గేం', 'U'), ('ద్ర', '|'), ('మౌ', 'U'), ('నె', '|'), ('భు', '|'), ('వి', '|'), ('రా', 'U'), ('మా', 'U'), ('భ', 'U'), ('క్త', '|'), ('మం', 'U'), ('దా', 'U'), ('ర', '|'), ('మా', 'U')]",0.95,1.0,1.0,1.0,0.75,1.0
mattebhamu,"బలిభిక్షన్ దయఁ బెట్టఁబూనిన మహాపాపాత్మకుల్ భూమిలో-
పలఁ గోట్యర్బుదసంఖ్యయైనఁ ద్రిజగత్ప్రఖ్యాతదానవచ్ఛటా-
కలనావర్తితపుణ్యమూర్తియగునే గాటంబుగాఁ బర్వు దో-
మలు వేయైన మదద్విపంబగునె రామా! భక్తమందారమా!",vruttamu,Bhaktamandaara,"[('బ', '|'), ('లి', '|'), ('భి', 'U'), ('క్ష', 'U'), ('న్ద', '|'), ('య', '|'), ('బె', 'U'), ('ట్ట', '|'), ('బూ', 'U'), ('ని', '|'), ('న', '|'), ('మ', '|'), ('హా', 'U'), ('పా', 'U'), ('పా', 'U'), ('త్మ', '|'), ('కు', 'U'), ('ల్భూ', 'U'), ('మి', '|'), ('లో', 'U'), ('ప', '|'), ('ల', '|'), ('గో', 'U'), ('ట్య', 'U'), ('ర్బు', '|'), ('ద', '|'), ('సం', 'U'), ('ఖ్య', '|'), ('యై', 'U'), ('న', '|'), ('ద్రి', '|'), ('జ', '|'), ('గ', 'U'), ('త్ప్ర', 'U'), ('ఖ్యా', 'U'), ('త', '|'), ('దా', 'U'), ('న', '|'), ('వ', 'U'), ('చ్ఛ', '|'), ('టా', 'U'), ('క', '|'), ('ల', '|'), ('నా', 'U'), ('వ', 'U'), ('ర్తి', '|'), ('త', '|'), ('పు', 'U'), ('ణ్య', '|'), ('మూ', 'U'), ('ర్తి', '|'), ('య', '|'), ('గు', '|'), ('నే', 'U'), ('గా', 'U'), ('టం', 'U'), ('బు', '|'), ('గా', 'U'), ('బ', 'U'), ('ర్వు', '|'), ('దో', 'U'), ('మ', '|'), ('లు', '|'), ('వే', 'U'), ('యై', 'U'), ('న', '|'), ('మ', '|'), ('ద', 'U'), ('ద్వి', '|'), ('పం', 'U'), ('బ', '|'), ('గు', '|'), ('నె', '|'), ('రా', 'U'), ('మా', 'U'), ('భ', 'U'), ('క్త', '|'), ('మం', 'U'), ('దా', 'U'), ('ర', '|'), ('మా', 'U')]",0.6832142857142858,0.9875,1.0,0.4285714285714285,0.5,0.5
mattebhamu,"ధరలోనన్ సుకవిప్రణీతబలవద్ధాటీనిరాఘాటభా-
స్వర సత్కావ్యకథాసుధారసపరీక్షాదీక్ష విద్వన్మహా-
పురుషశ్రేష్ఠున కబ్బు పామరునకే పోల్కిన్ లభించున్ సదా
మరుదాత్మోద్భవసేవితాంఘ్రి నల! రామా! భక్తమందారమా!",vruttamu,Bhaktamandaara,"[('ధ', '|'), ('ర', '|'), ('లో', 'U'), ('న', 'U'), ('న్సు', '|'), ('క', '|'), ('వి', '|'), ('ప్ర', '|'), ('ణీ', 'U'), ('త', '|'), ('బ', '|'), ('ల', '|'), ('వ', 'U'), ('ద్ధా', 'U'), ('టీ', 'U'), ('ని', '|'), ('రా', 'U'), ('ఘా', 'U'), ('ట', '|'), ('భా', 'U'), ('స్వ', '|'), ('ర', '|'), ('స', 'U'), ('త్కా', 'U'), ('వ్య', '|'), ('క', '|'), ('థా', 'U'), ('సు', '|'), ('ధా', 'U'), ('ర', '|'), ('స', '|'), ('ప', '|'), ('రీ', 'U'), ('క్షా', 'U'), ('దీ', 'U'), ('క్ష', '|'), ('వి', 'U'), ('ద్వ', 'U'), ('న్మ', '|'), ('హా', 'U'), ('పు', '|'), ('రు', '|'), ('ష', '|'), ('శ్రే', 'U'), ('ష్ఠు', '|'), ('న', '|'), ('క', 'U'), ('బ్బు', '|'), ('పా', 'U'), ('మ', '|'), ('రు', '|'), ('న', '|'), ('కే', 'U'), ('పో', 'U'), ('ల్కి', 'U'), ('న్ల', '|'), ('భిం', 'U'), ('చు', 'U'), ('న్స', '|'), ('దా', 'U'), ('మ', '|'), ('రు', '|'), ('దా', 'U'), ('త్మో', 'U'), ('ద్భ', '|'), ('వ', '|'), ('సే', 'U'), ('వి', '|'), ('తాం', 'U'), ('ఘ్రి', '|'), ('న', '|'), ('ల', '|'), ('రా', 'U'), ('మా', 'U'), ('భ', 'U'), ('క్త', '|'), ('మం', 'U'), ('దా', 'U'), ('ర', '|'), ('మా', 'U')]",0.9857142857142858,1.0,1.0,0.9285714285714286,1.0,1.0
saardulamu,"పద్యంబేల పిసిండి? కీప్సితము దీర్పన్ లేని జేజేకు నై-
వేద్యంబేల? పదార్థచోరునకు నుర్విన్ వేదవేదాంతస-
ద్విద్యాభ్యాసకబుద్ధియేల? మది భావింపంగ నెల్లప్పుడున్
మద్యం బానెడువానికేల సుధ? రామా! భక్తమందారమా!",vruttamu,Bhaktamandaara,"[('ప', 'U'), ('ద్యం', 'U'), ('బే', 'U'), ('ల', '|'), ('పి', '|'), ('సిం', 'U'), ('డి', '|'), ('కీ', 'U'), ('ప్సి', '|'), ('త', '|'), ('ము', '|'), ('దీ', 'U'), ('ర్ప', 'U'), ('న్లే', 'U'), ('ని', '|'), ('జే', 'U'), ('జే', 'U'), ('కు', '|'), ('నై', 'U'), ('వే', 'U'), ('ద్యం', 'U'), ('బే', 'U'), ('ల', '|'), ('ప', '|'), ('దా', 'U'), ('ర్థ', '|'), ('చో', 'U'), ('రు', '|'), ('న', '|'), ('కు', '|'), ('ను', 'U'), ('ర్వి', 'U'), ('న్వే', 'U'), ('ద', '|'), ('వే', 'U'), ('దాం', 'U'), ('త', '|'), ('స', 'U'), ('ద్వి', 'U'), ('ద్యా', 'U'), ('భ్యా', 'U'), ('స', '|'), ('క', '|'), ('బు', 'U'), ('ద్ధి', '|'), ('యే', 'U'), ('ల', '|'), ('మ', '|'), ('ది', '|'), ('భా', 'U'), ('విం', 'U'), ('పం', 'U'), ('గ', '|'), ('నె', 'U'), ('ల్ల', 'U'), ('ప్పు', '|'), ('డున్', 'U'), ('మ', 'U'), ('ద్యం', 'U'), ('బా', 'U'), ('నె', '|'), ('డు', '|'), ('వా', 'U'), ('ని', '|'), ('కే', 'U'), ('ల', '|'), ('సు', '|'), ('ధ', '|'), ('రా', 'U'), ('మా', 'U'), ('భ', 'U'), ('క్త', '|'), ('మం', 'U'), ('దా', 'U'), ('ర', '|'), ('మా', 'U')]",1.0,1.0,1.0,1.0,1.0,1.0
mattebhamu,"ముకురంబేటికి గ్రుడ్డివానికి జనామోదానుసంధానరూ-
పకళాకౌశలకామినీసురతలిప్సాబుద్ధి ధాత్రి న్నపుం-
సకతం గుందెడువానికేమిటికి మీసంబేమిటికిన్ లోభికిన్
మకుటంబేమిటికి మర్కటంబునకు రామా! భక్తమందారమా!",vruttamu,Bhaktamandaara,"[('ము', '|'), ('కు', '|'), ('రం', 'U'), ('బే', 'U'), ('టి', '|'), ('కి', '|'), ('గ్రు', 'U'), ('డ్డి', '|'), ('వా', 'U'), ('ని', '|'), ('కి', '|'), ('జ', '|'), ('నా', 'U'), ('మో', 'U'), ('దా', 'U'), ('ను', '|'), ('సం', 'U'), ('ధా', 'U'), ('న', '|'), ('రూ', 'U'), ('ప', '|'), ('క', '|'), ('ళా', 'U'), ('కౌ', 'U'), ('శ', '|'), ('ల', '|'), ('కా', 'U'), ('మి', '|'), ('నీ', 'U'), ('సు', '|'), ('ర', '|'), ('త', '|'), ('లి', 'U'), ('ప్సా', 'U'), ('బు', 'U'), ('ద్ధి', '|'), ('ధా', 'U'), ('త్రి', 'U'), ('న్న', '|'), ('పుం', 'U'), ('స', '|'), ('క', '|'), ('తం', 'U'), ('గుం', 'U'), ('దె', '|'), ('డు', '|'), ('వా', 'U'), ('ని', '|'), ('కే', 'U'), ('మి', '|'), ('టి', '|'), ('కి', '|'), ('మీ', 'U'), ('సం', 'U'), ('బే', 'U'), ('మి', '|'), ('టి', '|'), ('కి', 'U'), ('న్లో', 'U'), ('భి', '|'), ('కిన్', 'U'), ('మ', '|'), ('కు', '|'), ('టం', 'U'), ('బే', 'U'), ('మి', '|'), ('టి', '|'), ('కి', '|'), ('మ', 'U'), ('ర్క', '|'), ('టం', 'U'), ('బు', '|'), ('న', '|'), ('కు', '|'), ('రా', 'U'), ('మా', 'U'), ('భ', 'U'), ('క్త', '|'), ('మం', 'U'), ('దా', 'U'), ('ర', '|'), ('మా', 'U')]",0.8307142857142857,0.975,1.0,0.6785714285714286,0.75,0.75
mattebhamu,"కుజనున్ ధర్మతనూజుఁడంచు నతిమూర్ఖున్ భోజరాజంచు ఘో-
రజరాభారకురూపకారిని రమారామాకుమారుండటం-
చు జడత్వంబున వేఁడి కాకవులు కాసుం గానరెన్నంగ సా-
మజరాజోగ్రవిపద్దశాపహర! రామా! భక్తమందారమా!",vruttamu,Bhaktamandaara,"[('కు', '|'), ('జ', '|'), ('ను', 'U'), ('న్ధ', 'U'), ('ర్మ', '|'), ('త', '|'), ('నూ', 'U'), ('జు', '|'), ('డం', 'U'), ('చు', '|'), ('న', '|'), ('తి', '|'), ('మూ', 'U'), ('ర్ఖు', 'U'), ('న్భో', 'U'), ('జ', '|'), ('రా', 'U'), ('జం', 'U'), ('చు', '|'), ('ఘో', 'U'), ('ర', '|'), ('జ', '|'), ('రా', 'U'), ('భా', 'U'), ('ర', '|'), ('కు', '|'), ('రూ', 'U'), ('ప', '|'), ('కా', 'U'), ('రి', '|'), ('ని', '|'), ('ర', '|'), ('మా', 'U'), ('రా', 'U'), ('మా', 'U'), ('కు', '|'), ('మా', 'U'), ('రుం', 'U'), ('డ', '|'), ('టం', 'U'), ('చు', '|'), ('జ', '|'), ('డ', 'U'), ('త్వం', 'U'), ('బు', '|'), ('న', '|'), ('వే', 'U'), ('డి', '|'), ('కా', 'U'), ('క', '|'), ('వు', '|'), ('లు', '|'), ('కా', 'U'), ('సుం', 'U'), ('గా', 'U'), ('న', '|'), ('రె', 'U'), ('న్నం', 'U'), ('గ', '|'), ('సా', 'U'), ('మ', '|'), ('జ', '|'), ('రా', 'U'), ('జో', 'U'), ('గ్ర', '|'), ('వి', '|'), ('ప', 'U'), ('ద్ద', '|'), ('శా', 'U'), ('ప', '|'), ('హ', '|'), ('ర', '|'), ('రా', 'U'), ('మా', 'U'), ('భ', 'U'), ('క్త', '|'), ('మం', 'U'), ('దా', 'U'), ('ర', '|'), ('మా', 'U')]",1.0,1.0,1.0,1.0,1.0,1.0
mattebhamu,"చలదశ్వత్థతరుప్రవాళమనుచున్ సారంగహేరంబటం-
చలరుం దింటెనపూవటంచు ముకురంబంచున్ భ్రమన్ సజ్జనుల్
కళలూరంగ రమించుచున్ వదల రేకాలంబు ముగ్ధాంగనా-
మలమూత్రాకరమారమందిరము రామా! భక్తమందారమా!",vruttamu,Bhaktamandaara,"[('చ', '|'), ('ల', '|'), ('ద', 'U'), ('శ్వ', 'U'), ('త్థ', '|'), ('త', '|'), ('రు', '|'), ('ప్ర', '|'), ('వా', 'U'), ('ళ', '|'), ('మ', '|'), ('ను', '|'), ('చు', 'U'), ('న్సా', 'U'), ('రం', 'U'), ('గ', '|'), ('హే', 'U'), ('రం', 'U'), ('బ', '|'), ('టం', 'U'), ('చ', '|'), ('ల', '|'), ('రుం', 'U'), ('దిం', 'U'), ('టె', '|'), ('న', '|'), ('పూ', 'U'), ('వ', '|'), ('టం', 'U'), ('చు', '|'), ('ము', '|'), ('కు', '|'), ('రం', 'U'), ('బం', 'U'), ('చు', 'U'), ('న్భ్ర', '|'), ('మ', 'U'), ('న్స', 'U'), ('జ్జ', '|'), ('నుల్', 'U'), ('క', '|'), ('ళ', '|'), ('లూ', 'U'), ('రం', 'U'), ('గ', '|'), ('ర', '|'), ('మిం', 'U'), ('చు', '|'), ('చు', 'U'), ('న్వ', '|'), ('ద', '|'), ('ల', '|'), ('రే', 'U'), ('కా', 'U'), ('లం', 'U'), ('బు', '|'), ('ము', 'U'), ('గ్ధాం', 'U'), ('గ', '|'), ('నా', 'U'), ('మ', '|'), ('ల', '|'), ('మూ', 'U'), ('త్రా', 'U'), ('క', '|'), ('ర', '|'), ('మా', 'U'), ('ర', '|'), ('మం', 'U'), ('ది', '|'), ('ర', '|'), ('ము', '|'), ('రా', 'U'), ('మా', 'U'), ('భ', 'U'), ('క్త', '|'), ('మం', 'U'), ('దా', 'U'), ('ర', '|'), ('మా', 'U')]",0.8928571428571429,1.0,1.0,0.9642857142857143,0.75,0.75
mattebhamu,"సుదతీపీనపయోధరద్వయముపై సొంపొందు నెమ్మోముపై
మదనాగారముపైఁ గపోలములపై మధ్యప్రదేశంబుపై
రదనావాసంబుపయి న్నితంబముపయిన్ రాజిల్లు నెంతేని దు-
ర్మదవృత్తిన్ ఖలుచిత్త మిద్ధరణి రామా! భక్తమందారమా!",vruttamu,Bhaktamandaara,"[('సు', '|'), ('ద', '|'), ('తీ', 'U'), ('పీ', 'U'), ('న', '|'), ('ప', '|'), ('యో', 'U'), ('ధ', '|'), ('ర', 'U'), ('ద్వ', '|'), ('య', '|'), ('ము', '|'), ('పై', 'U'), ('సొం', 'U'), ('పొం', 'U'), ('దు', '|'), ('నె', 'U'), ('మ్మో', 'U'), ('ము', '|'), ('పై', 'U'), ('మ', '|'), ('ద', '|'), ('నా', 'U'), ('గా', 'U'), ('ర', '|'), ('ము', '|'), ('పై', 'U'), ('గ', '|'), ('పో', 'U'), ('ల', '|'), ('ము', '|'), ('ల', '|'), ('పై', 'U'), ('మ', 'U'), ('ధ్య', '|'), ('ప్ర', '|'), ('దే', 'U'), ('శం', 'U'), ('బు', '|'), ('పై', 'U'), ('ర', '|'), ('ద', '|'), ('నా', 'U'), ('వా', 'U'), ('సం', 'U'), ('బు', '|'), ('ప', '|'), ('యి', 'U'), ('న్ని', '|'), ('తం', 'U'), ('బ', '|'), ('ము', '|'), ('ప', '|'), ('యి', '|'), ('న్రా', 'U'), ('జి', 'U'), ('ల్లు', '|'), ('నెం', 'U'), ('తే', 'U'), ('ని', '|'), ('దు', 'U'), ('ర్మ', '|'), ('ద', '|'), ('వృ', 'U'), ('త్తి', 'U'), ('న్ఖ', '|'), ('లు', '|'), ('చి', 'U'), ('త్త', '|'), ('మి', 'U'), ('ద్ధ', '|'), ('ర', '|'), ('ణి', '|'), ('రా', 'U'), ('మా', 'U'), ('భ', 'U'), ('క్త', '|'), ('మం', 'U'), ('దా', 'U'), ('ర', '|'), ('మా', 'U')]",0.7474999999999999,0.9875,1.0,0.5,0.5,0.75
mattebhamu,"రసికోత్తంసులు సత్కులీనులు మహాద్రాఘిష్ఠసంసారఘో-
రసముద్రాంతరమగ్నులై దరికిఁ జేరన్ లేక విభ్రాంతిచేఁ
బసులం గాచిన మోటకొయ్యదొరలం బ్రార్థింతురెంతేని దే-
మసగాదే యిది యెంచి చూచినను రామా! భక్తమందారమా!",vruttamu,Bhaktamandaara,"[('ర', '|'), ('సి', '|'), ('కో', 'U'), ('త్తం', 'U'), ('సు', '|'), ('లు', '|'), ('స', 'U'), ('త్కు', '|'), ('లీ', 'U'), ('ను', '|'), ('లు', '|'), ('మ', '|'), ('హా', 'U'), ('ద్రా', 'U'), ('ఘి', 'U'), ('ష్ఠ', '|'), ('సం', 'U'), ('సా', 'U'), ('ర', '|'), ('ఘో', 'U'), ('ర', '|'), ('స', '|'), ('ము', '|'), ('ద్రాం', 'U'), ('త', '|'), ('ర', '|'), ('మ', 'U'), ('గ్ను', '|'), ('లై', 'U'), ('ద', '|'), ('రి', '|'), ('కి', '|'), ('జే', 'U'), ('ర', 'U'), ('న్లే', 'U'), ('క', '|'), ('వి', '|'), ('భ్రాం', 'U'), ('తి', '|'), ('చే', 'U'), ('బ', '|'), ('సు', '|'), ('లం', 'U'), ('గా', 'U'), ('చి', '|'), ('న', '|'), ('మో', 'U'), ('ట', '|'), ('కొ', 'U'), ('య్య', '|'), ('దొ', '|'), ('ర', '|'), ('లం', 'U'), ('బ్రా', 'U'), ('ర్థిం', 'U'), ('తు', '|'), ('రెం', 'U'), ('తే', 'U'), ('ని', '|'), ('దే', 'U'), ('మ', '|'), ('స', '|'), ('గా', 'U'), ('దే', 'U'), ('యి', '|'), ('ది', '|'), ('యెం', 'U'), ('చి', '|'), ('చూ', 'U'), ('చి', '|'), ('న', '|'), ('ను', '|'), ('రా', 'U'), ('మా', 'U'), ('భ', 'U'), ('క్త', '|'), ('మం', 'U'), ('దా', 'U'), ('ర', '|'), ('మా', 'U')]",0.9857142857142858,1.0,1.0,0.9285714285714286,1.0,1.0
mattebhamu,"సరసుం డాతఁడు పెద్ద యాతఁడు మహాసౌందర్యవంతుం డతం
డరిహృద్భీకరశౌర్యధుర్యుఁ డతఁ డుద్యద్దానకర్ణుం డతం
డురుగోత్రోద్భవుఁ డాత డెవ్వడిల నుద్యోగార్థసంపన్నుఁడౌ
మరుదీశోపలనీలమూర్తి ధర! రామా! భక్తమందారమా!",vruttamu,Bhaktamandaara,"[('స', '|'), ('ర', '|'), ('సుం', 'U'), ('డా', 'U'), ('త', '|'), ('డు', '|'), ('పె', 'U'), ('ద్ద', '|'), ('యా', 'U'), ('త', '|'), ('డు', '|'), ('మ', '|'), ('హా', 'U'), ('సౌం', 'U'), ('ద', 'U'), ('ర్య', '|'), ('వం', 'U'), ('తుం', 'U'), ('డ', '|'), ('తం', 'U'), ('డ', '|'), ('రి', '|'), ('హృ', 'U'), ('ద్భీ', 'U'), ('క', '|'), ('ర', '|'), ('శౌ', 'U'), ('ర్య', '|'), ('ధు', 'U'), ('ర్యు', '|'), ('డ', '|'), ('త', '|'), ('డు', 'U'), ('ద్య', 'U'), ('ద్దా', 'U'), ('న', '|'), ('క', 'U'), ('ర్ణుం', 'U'), ('డ', '|'), ('తం', 'U'), ('డు', '|'), ('రు', '|'), ('గో', 'U'), ('త్రో', 'U'), ('ద్భ', '|'), ('వు', '|'), ('డా', 'U'), ('త', '|'), ('డె', 'U'), ('వ్వ', '|'), ('డి', '|'), ('ల', '|'), ('ను', 'U'), ('ద్యో', 'U'), ('గా', 'U'), ('ర్థ', '|'), ('సం', 'U'), ('ప', 'U'), ('న్ను', '|'), ('డౌ', 'U'), ('మ', '|'), ('రు', '|'), ('దీ', 'U'), ('శో', 'U'), ('ప', '|'), ('ల', '|'), ('నీ', 'U'), ('ల', '|'), ('మూ', 'U'), ('ర్తి', '|'), ('ధ', '|'), ('ర', '|'), ('రా', 'U'), ('మా', 'U'), ('భ', 'U'), ('క్త', '|'), ('మం', 'U'), ('దా', 'U'), ('ర', '|'), ('మా', 'U')]",1.0,1.0,1.0,1.0,1.0,1.0
saardulamu,"విత్తంబొత్తుగఁ గూర్చి మానవుఁడు దుర్వృత్తిం బ్రవర్తించి యు-
వ్వెత్తుం దేహమెఱుంగలేక తిరుగున్ హేలాగతిన్ బత్తిఁ దాఁ
జిత్తాంబ్జంబున మిమ్ముఁ గొల్వఁ డెపు డిస్సీ యెంత పాపంబొకో
మత్తారాతినిశాటసంహరణ! రామా! భక్తమందారమా!",vruttamu,Bhaktamandaara,"[('వి', 'U'), ('త్తం', 'U'), ('బొ', 'U'), ('త్తు', '|'), ('గ', '|'), ('గూ', 'U'), ('ర్చి', '|'), ('మా', 'U'), ('న', '|'), ('వు', '|'), ('డు', '|'), ('దు', 'U'), ('ర్వృ', 'U'), ('త్తిం', 'U'), ('బ్ర', '|'), ('వ', 'U'), ('ర్తిం', 'U'), ('చి', '|'), ('యు', 'U'), ('వ్వె', 'U'), ('త్తుం', 'U'), ('దే', 'U'), ('హ', '|'), ('మె', '|'), ('ఱుం', 'U'), ('గ', '|'), ('లే', 'U'), ('క', '|'), ('తి', '|'), ('రు', '|'), ('గు', 'U'), ('న్హే', 'U'), ('లా', 'U'), ('గ', '|'), ('తి', 'U'), ('న్బ', 'U'), ('త్తి', '|'), ('దా', 'U'), ('జి', 'U'), ('త్తాం', 'U'), ('బ్జం', 'U'), ('బు', '|'), ('న', '|'), ('మి', 'U'), ('మ్ము', '|'), ('గొ', 'U'), ('ల్వ', '|'), ('డె', '|'), ('పు', '|'), ('డి', 'U'), ('స్సీ', 'U'), ('యెం', 'U'), ('త', '|'), ('పా', 'U'), ('పం', 'U'), ('బొ', '|'), ('కో', 'U'), ('మ', 'U'), ('త్తా', 'U'), ('రా', 'U'), ('తి', '|'), ('ని', '|'), ('శా', 'U'), ('ట', '|'), ('సం', 'U'), ('హ', '|'), ('ర', '|'), ('ణ', '|'), ('రా', 'U'), ('మా', 'U'), ('భ', 'U'), ('క్త', '|'), ('మం', 'U'), ('దా', 'U'), ('ర', '|'), ('మా', 'U')]",0.9,1.0,1.0,1.0,0.5,1.0
mattebhamu,"శమ మావంతయుఁ బూననొల్లఁడు గరిష్ఠజ్ఞానవిద్యావిశే-
షము గోరంతయు నాత్మలోఁ దలఁపఁ డాచారప్రచారంబు ధ-
ర్మము వీసంబును జేయఁజాలఁడు గదా మందుండు పెన్ రొక్కపున్
మమతన్ దేహమెఱుంగలేక ధర రామా! భక్తమందారమా!",vruttamu,Bhaktamandaara,"[('శ', '|'), ('మ', '|'), ('మా', 'U'), ('వం', 'U'), ('త', '|'), ('యు', '|'), ('బూ', 'U'), ('న', '|'), ('నొ', 'U'), ('ల్ల', '|'), ('డు', '|'), ('గ', '|'), ('రి', 'U'), ('ష్ఠ', 'U'), ('జ్ఞా', 'U'), ('న', '|'), ('వి', 'U'), ('ద్యా', 'U'), ('వి', '|'), ('శే', 'U'), ('ష', '|'), ('ము', '|'), ('గో', 'U'), ('రం', 'U'), ('త', '|'), ('యు', '|'), ('నా', 'U'), ('త్మ', '|'), ('లో', 'U'), ('ద', '|'), ('ల', '|'), ('ప', '|'), ('డా', 'U'), ('చా', 'U'), ('ర', '|'), ('ప్ర', '|'), ('చా', 'U'), ('రం', 'U'), ('బు', '|'), ('ధ', 'U'), ('ర్మ', '|'), ('ము', '|'), ('వీ', 'U'), ('సం', 'U'), ('బు', '|'), ('ను', '|'), ('జే', 'U'), ('య', '|'), ('జా', 'U'), ('ల', '|'), ('డు', '|'), ('గ', '|'), ('దా', 'U'), ('మం', 'U'), ('దుం', 'U'), ('డు', '|'), ('పె', '|'), ('న్రొ', 'U'), ('క్క', '|'), ('పున్', 'U'), ('మ', '|'), ('మ', '|'), ('త', 'U'), ('న్దే', 'U'), ('హ', '|'), ('మె', '|'), ('ఱుం', 'U'), ('గ', '|'), ('లే', 'U'), ('క', '|'), ('ధ', '|'), ('ర', '|'), ('రా', 'U'), ('మా', 'U'), ('భ', 'U'), ('క్త', '|'), ('మం', 'U'), ('దా', 'U'), ('ర', '|'), ('మా', 'U')]",0.9857142857142858,1.0,1.0,0.9285714285714286,1.0,1.0
mattebhamu,"భువిలో లోభులు కూడఁబెట్టిన ధనంబున్ బందికాం డ్రూడిగల్
బవినీలున్ దరిబేసులున్ దొరలొగిన్ బచ్చుల్ నటీదాసికా-
యువతుల్ గుంటెనకత్తెలున్ గొనుదు రోహో! యెట్టి కర్మంబొ! హై-
మవతిసన్నుతదివ్యనామ! రఘురామా! భక్తమందారమా!",vruttamu,Bhaktamandaara,"[('భు', '|'), ('వి', '|'), ('లో', 'U'), ('లో', 'U'), ('భు', '|'), ('లు', '|'), ('కూ', 'U'), ('డ', '|'), ('బె', 'U'), ('ట్టి', '|'), ('న', '|'), ('ధ', '|'), ('నం', 'U'), ('బు', 'U'), ('న్బం', 'U'), ('ది', '|'), ('కాం', 'U'), ('డ్రూ', 'U'), ('డి', '|'), ('గల్', 'U'), ('బ', '|'), ('వి', '|'), ('నీ', 'U'), ('లు', 'U'), ('న్ద', '|'), ('రి', '|'), ('బే', 'U'), ('సు', '|'), ('లు', 'U'), ('న్దొ', '|'), ('ర', '|'), ('లొ', '|'), ('గి', 'U'), ('న్బ', 'U'), ('చ్చు', 'U'), ('ల్న', '|'), ('టీ', 'U'), ('దా', 'U'), ('సి', '|'), ('కా', 'U'), ('యు', '|'), ('వ', '|'), ('తు', 'U'), ('ల్గుం', 'U'), ('టె', '|'), ('న', '|'), ('క', 'U'), ('త్తె', '|'), ('లు', 'U'), ('న్గొ', '|'), ('ను', '|'), ('దు', '|'), ('రో', 'U'), ('హో', 'U'), ('యె', 'U'), ('ట్టి', '|'), ('క', 'U'), ('ర్మం', 'U'), ('బొ', '|'), ('హై', 'U'), ('మ', '|'), ('వ', '|'), ('తి', '|'), ('స', 'U'), ('న్ను', '|'), ('త', '|'), ('ది', 'U'), ('వ్య', '|'), ('నా', 'U'), ('మ', '|'), ('ర', '|'), ('ఘు', '|'), ('రా', 'U'), ('మా', 'U'), ('భ', 'U'), ('క్త', '|'), ('మం', 'U'), ('దా', 'U'), ('ర', '|'), ('మా', 'U')]",0.9928571428571429,1.0,1.0,0.9642857142857143,1.0,1.0
mattebhamu,"సిరులెంతేనియు నిక్కువంబనుచు దుశ్శీలన్ మదిన్ నమ్మి ని-
ర్భరగర్వంబున మీఁదు చూతు రహహా! భావంబుతో నెంచినం
గరికర్ణాంతము లంబుబుద్బుదతతుల్ ఖద్యోతకీటప్రభల్
మరుదగ్రార్పితదీపమాలికలు! రామా! భక్తమందారమా!",vruttamu,Bhaktamandaara,"[('సి', '|'), ('రు', '|'), ('లెం', 'U'), ('తే', 'U'), ('ని', '|'), ('యు', '|'), ('ని', 'U'), ('క్కు', '|'), ('వం', 'U'), ('బ', '|'), ('ను', '|'), ('చు', '|'), ('దు', 'U'), ('శ్శీ', 'U'), ('ల', 'U'), ('న్మ', '|'), ('ది', 'U'), ('న్న', 'U'), ('మ్మి', '|'), ('ని', 'U'), ('ర్భ', '|'), ('ర', '|'), ('గ', 'U'), ('ర్వం', 'U'), ('బు', '|'), ('న', '|'), ('మీ', 'U'), ('దు', '|'), ('చూ', 'U'), ('తు', '|'), ('ర', '|'), ('హ', '|'), ('హా', 'U'), ('భా', 'U'), ('వం', 'U'), ('బు', '|'), ('తో', 'U'), ('నెం', 'U'), ('చి', '|'), ('నం', 'U'), ('గ', '|'), ('రి', '|'), ('క', 'U'), ('ర్ణాం', 'U'), ('త', '|'), ('ము', '|'), ('లం', 'U'), ('బు', '|'), ('బు', 'U'), ('ద్బు', '|'), ('ద', '|'), ('త', '|'), ('తు', 'U'), ('ల్ఖ', 'U'), ('ద్యో', 'U'), ('త', '|'), ('కీ', 'U'), ('ట', '|'), ('ప్ర', '|'), ('భల్', 'U'), ('మ', '|'), ('రు', '|'), ('ద', '|'), ('గ్రా', 'U'), ('ర్పి', '|'), ('త', '|'), ('దీ', 'U'), ('ప', '|'), ('మా', 'U'), ('లి', '|'), ('క', '|'), ('లు', '|'), ('రా', 'U'), ('మా', 'U'), ('భ', 'U'), ('క్త', '|'), ('మం', 'U'), ('దా', 'U'), ('ర', '|'), ('మా', 'U')]",0.9857142857142858,1.0,1.0,0.9285714285714286,1.0,1.0
mattebhamu,"ఇటు రా రమ్మని పిల్చి గౌరవముగా హేమాంబరాందోళికా-
కటకప్రాకటభూషణాదు లిడి వేడ్కన్ ఱేఁడు ప్రార్థింప వి-
స్ఫుటభంగిం దగు కావ్యకన్య నిడనొప్పున్ గానిచో నుర్వి కో-
మటి మేనర్కమె బల్మిఁ గట్టఁగను? రామా! భక్తమందారమా!",vruttamu,Bhaktamandaara,"[('ఇ', '|'), ('టు', '|'), ('రా', 'U'), ('ర', 'U'), ('మ్మ', '|'), ('ని', '|'), ('పి', 'U'), ('ల్చి', '|'), ('గౌ', 'U'), ('ర', '|'), ('వ', '|'), ('ము', '|'), ('గా', 'U'), ('హే', 'U'), ('మాం', 'U'), ('బ', '|'), ('రాం', 'U'), ('దో', 'U'), ('ళి', '|'), ('కా', 'U'), ('క', '|'), ('ట', '|'), ('క', '|'), ('ప్రా', 'U'), ('క', '|'), ('ట', '|'), ('భూ', 'U'), ('ష', '|'), ('ణా', 'U'), ('దు', '|'), ('లి', '|'), ('డి', '|'), ('వే', 'U'), ('డ్క', 'U'), ('న్ఱే', 'U'), ('డు', '|'), ('ప్రా', 'U'), ('ర్థిం', 'U'), ('ప', '|'), ('వి', 'U'), ('స్ఫు', '|'), ('ట', '|'), ('భం', 'U'), ('గిం', 'U'), ('ద', '|'), ('గు', '|'), ('కా', 'U'), ('వ్య', '|'), ('క', 'U'), ('న్య', '|'), ('ని', '|'), ('డ', '|'), ('నొ', 'U'), ('ప్పు', 'U'), ('న్గా', 'U'), ('ని', '|'), ('చో', 'U'), ('ను', 'U'), ('ర్వి', '|'), ('కో', 'U'), ('మ', '|'), ('టి', '|'), ('మే', 'U'), ('న', 'U'), ('ర్క', '|'), ('మె', '|'), ('బ', 'U'), ('ల్మి', '|'), ('గ', 'U'), ('ట్ట', '|'), ('గ', '|'), ('ను', '|'), ('రా', 'U'), ('మా', 'U'), ('భ', 'U'), ('క్త', '|'), ('మం', 'U'), ('దా', 'U'), ('ర', '|'), ('మా', 'U')]",0.9428571428571428,1.0,1.0,0.9642857142857143,0.75,1.0
mattebhamu,"తనకుం బద్యము లల్లి సత్కవులు నిత్యంబుం బ్రసంగింపఁగా
విని యొత్తుల్ దిను దాసరిం బలె బయల్వీక్షించుచుం గానియై-
న నొసంగన్ మదిలోఁ దలంపని మదాంధక్షోణిపాలుం డిలన్
మను మార్గంబు గ్రహింపఁగాఁ గలడె రామా! భక్తమందారమా!",vruttamu,Bhaktamandaara,"[('త', '|'), ('న', '|'), ('కుం', 'U'), ('బ', 'U'), ('ద్య', '|'), ('ము', '|'), ('ల', 'U'), ('ల్లి', '|'), ('స', 'U'), ('త్క', '|'), ('వు', '|'), ('లు', '|'), ('ని', 'U'), ('త్యం', 'U'), ('బుం', 'U'), ('బ్ర', '|'), ('సం', 'U'), ('గిం', 'U'), ('ప', '|'), ('గా', 'U'), ('వి', '|'), ('ని', '|'), ('యొ', 'U'), ('త్తు', 'U'), ('ల్ది', '|'), ('ను', '|'), ('దా', 'U'), ('స', '|'), ('రిం', 'U'), ('బ', '|'), ('లె', '|'), ('బ', '|'), ('య', 'U'), ('ల్వీ', 'U'), ('క్షిం', 'U'), ('చు', '|'), ('చుం', 'U'), ('గా', 'U'), ('ని', '|'), ('యై', 'U'), ('న', '|'), ('నొ', '|'), ('సం', 'U'), ('గ', 'U'), ('న్మ', '|'), ('ది', '|'), ('లో', 'U'), ('ద', '|'), ('లం', 'U'), ('ప', '|'), ('ని', '|'), ('మ', '|'), ('దాం', 'U'), ('ధ', 'U'), ('క్షో', 'U'), ('ణి', '|'), ('పా', 'U'), ('లుం', 'U'), ('డి', '|'), ('లన్', 'U'), ('మ', '|'), ('ను', '|'), ('మా', 'U'), ('ర్గం', 'U'), ('బు', '|'), ('గ్ర', '|'), ('హిం', 'U'), ('ప', '|'), ('గా', 'U'), ('గ', '|'), ('ల', '|'), ('డె', '|'), ('రా', 'U'), ('మా', 'U'), ('భ', 'U'), ('క్త', '|'), ('మం', 'U'), ('దా', 'U'), ('ర', '|'), ('మా', 'U')]",0.95,1.0,1.0,1.0,0.75,1.0
saardulamu,"ధాటీపాటవచాటుకావ్యరచనోద్యద్ధోరణీసారణీ-
వాటీకోద్గతి సత్కవీశ్వరుఁడు నిత్యంబుం దమున్ వేఁడఁగా
వీటీఘోటకహాటకాదు లిడ రుర్విన్ నిర్దయాబుద్ధిచే
మాటే బంగరు నేటి రాజులకు రామా! భక్తమందారమా!",vruttamu,Bhaktamandaara,"[('ధా', 'U'), ('టీ', 'U'), ('పా', 'U'), ('ట', '|'), ('వ', '|'), ('చా', 'U'), ('టు', '|'), ('కా', 'U'), ('వ్య', '|'), ('ర', '|'), ('చ', '|'), ('నో', 'U'), ('ద్య', 'U'), ('ద్ధో', 'U'), ('ర', '|'), ('ణీ', 'U'), ('సా', 'U'), ('ర', '|'), ('ణీ', 'U'), ('వా', 'U'), ('టీ', 'U'), ('కో', 'U'), ('ద్గ', '|'), ('తి', '|'), ('స', 'U'), ('త్క', '|'), ('వీ', 'U'), ('శ్వ', '|'), ('రు', '|'), ('డు', '|'), ('ని', 'U'), ('త్యం', 'U'), ('బుం', 'U'), ('ద', '|'), ('ము', 'U'), ('న్వే', 'U'), ('డ', '|'), ('గా', 'U'), ('వీ', 'U'), ('టీ', 'U'), ('ఘో', 'U'), ('ట', '|'), ('క', '|'), ('హా', 'U'), ('ట', '|'), ('కా', 'U'), ('దు', '|'), ('లి', '|'), ('డ', '|'), ('రు', 'U'), ('ర్వి', 'U'), ('న్ని', 'U'), ('ర్ద', '|'), ('యా', 'U'), ('బు', 'U'), ('ద్ధి', '|'), ('చే', 'U'), ('మా', 'U'), ('టే', 'U'), ('బం', 'U'), ('గ', '|'), ('రు', '|'), ('నే', 'U'), ('టి', '|'), ('రా', 'U'), ('జు', '|'), ('ల', '|'), ('కు', '|'), ('రా', 'U'), ('మా', 'U'), ('భ', 'U'), ('క్త', '|'), ('మం', 'U'), ('దా', 'U'), ('ర', '|'), ('మా', 'U')]",0.95,1.0,1.0,1.0,0.75,1.0
mattebhamu,"పలుమాఱుం ద్విజరాజు లొక్కటఁ దముం బాధింతురంచున్ విషా-
నలఘోరాననము ల్ముండుంచుకొని కానన్ రాక దుర్గస్థలం-
బుల వర్తించుచు బుస్సురందు రిల నాభోగేశు లెందైననున్
మలఁకల్మాని చరింపఁగాఁ గలరె? రామా! భక్తమందారమా!",vruttamu,Bhaktamandaara,"[('ప', '|'), ('లు', '|'), ('మా', 'U'), ('ఱుం', 'U'), ('ద్వి', '|'), ('జ', '|'), ('రా', 'U'), ('జు', '|'), ('లొ', 'U'), ('క్క', '|'), ('ట', '|'), ('ద', '|'), ('ముం', 'U'), ('బా', 'U'), ('ధిం', 'U'), ('తు', '|'), ('రం', 'U'), ('చు', 'U'), ('న్వి', '|'), ('షా', 'U'), ('న', '|'), ('ల', '|'), ('ఘో', 'U'), ('రా', 'U'), ('న', '|'), ('న', '|'), ('ము', 'U'), ('ల్ముం', 'U'), ('డుం', 'U'), ('చు', '|'), ('కొ', '|'), ('ని', '|'), ('కా', 'U'), ('న', '|'), ('న్రా', 'U'), ('క', '|'), ('దు', 'U'), ('ర్గ', 'U'), ('స్థ', '|'), ('లం', 'U'), ('బు', '|'), ('ల', '|'), ('వ', 'U'), ('ర్తిం', 'U'), ('చు', '|'), ('చు', '|'), ('బు', 'U'), ('స్సు', '|'), ('రం', 'U'), ('దు', '|'), ('రి', '|'), ('ల', '|'), ('నా', 'U'), ('భో', 'U'), ('గే', 'U'), ('శు', '|'), ('లెం', 'U'), ('దై', 'U'), ('న', '|'), ('నున్', 'U'), ('మ', '|'), ('ల', '|'), ('క', 'U'), ('ల్మా', 'U'), ('ని', '|'), ('చ', '|'), ('రిం', 'U'), ('ప', '|'), ('గా', 'U'), ('గ', '|'), ('ల', '|'), ('రె', '|'), ('రా', 'U'), ('మా', 'U'), ('భ', 'U'), ('క్త', '|'), ('మం', 'U'), ('దా', 'U'), ('ర', '|'), ('మా', 'U')]",0.9857142857142858,1.0,1.0,0.9285714285714286,1.0,1.0
mattebhamu,"గడియల్ రెండిక సైచి రా వెనుక రా కాసంతసేపుండి రా
విడిదింటం గడె సేద దీర్చుకొని రా వేగంబె బోసేసి రా
యెడపొద్దప్పుడు రమ్మటంచు సుకవిన్ హీనప్రభుం డీగతిన్
మడఁత ల్వల్కుచుఁ ద్రిప్పుఁ గాసిడక! రామా! భక్తమందారమా!",vruttamu,Bhaktamandaara,"[('గ', '|'), ('డి', '|'), ('య', '|'), ('ల్రెం', 'U'), ('డి', '|'), ('క', '|'), ('సై', 'U'), ('చి', '|'), ('రా', 'U'), ('వె', '|'), ('ను', '|'), ('క', '|'), ('రా', 'U'), ('కా', 'U'), ('సం', 'U'), ('త', '|'), ('సే', 'U'), ('పుం', 'U'), ('డి', '|'), ('రా', 'U'), ('వి', '|'), ('డి', '|'), ('దిం', 'U'), ('టం', 'U'), ('గ', '|'), ('డె', '|'), ('సే', 'U'), ('ద', '|'), ('దీ', 'U'), ('ర్చు', '|'), ('కొ', '|'), ('ని', '|'), ('రా', 'U'), ('వే', 'U'), ('గం', 'U'), ('బె', '|'), ('బో', 'U'), ('సే', 'U'), ('సి', '|'), ('రా', 'U'), ('యె', '|'), ('డ', '|'), ('పొ', 'U'), ('ద్ద', 'U'), ('ప్పు', '|'), ('డు', '|'), ('ర', 'U'), ('మ్మ', '|'), ('టం', 'U'), ('చు', '|'), ('సు', '|'), ('క', '|'), ('వి', 'U'), ('న్హీ', 'U'), ('న', '|'), ('ప్ర', '|'), ('భుం', 'U'), ('డీ', 'U'), ('గ', '|'), ('తిన్', 'U'), ('మ', '|'), ('డ', '|'), ('త', 'U'), ('ల్వ', 'U'), ('ల్కు', '|'), ('చు', '|'), ('ద్రి', 'U'), ('ప్పు', '|'), ('గా', 'U'), ('సి', '|'), ('డ', '|'), ('క', '|'), ('రా', 'U'), ('మా', 'U'), ('భ', 'U'), ('క్త', '|'), ('మం', 'U'), ('దా', 'U'), ('ర', '|'), ('మా', 'U')]",0.9857142857142858,1.0,1.0,0.9285714285714286,1.0,1.0
mattebhamu,"బలరాజన్యుఁడు ధూర్తకాకవిఁ గనం గంపించి విత్తంబు దా-
నలఘుప్రక్రియ నిచ్చు సత్కవివరున్ హాస్యంబు గావించు నౌ
నిల బర్బూరము గాలివానఁ బడుఁగా కింతైనఁ గంపించునే
మలయోర్వీధరమారుతంబునకు రామా! భక్తమందారమా!",vruttamu,Bhaktamandaara,"[('బ', '|'), ('ల', '|'), ('రా', 'U'), ('జ', 'U'), ('న్యు', '|'), ('డు', '|'), ('ధూ', 'U'), ('ర్త', '|'), ('కా', 'U'), ('క', '|'), ('వి', '|'), ('గ', '|'), ('నం', 'U'), ('గం', 'U'), ('పిం', 'U'), ('చి', '|'), ('వి', 'U'), ('త్తం', 'U'), ('బు', '|'), ('దా', 'U'), ('న', '|'), ('ల', '|'), ('ఘు', '|'), ('ప్ర', '|'), ('క్రి', '|'), ('య', '|'), ('ని', 'U'), ('చ్చు', '|'), ('స', 'U'), ('త్క', '|'), ('వి', '|'), ('వ', '|'), ('రు', 'U'), ('న్హా', 'U'), ('స్యం', 'U'), ('బు', '|'), ('గా', 'U'), ('విం', 'U'), ('చు', '|'), ('నౌ', 'U'), ('ని', '|'), ('ల', '|'), ('బ', 'U'), ('ర్బూ', 'U'), ('ర', '|'), ('ము', '|'), ('గా', 'U'), ('లి', '|'), ('వా', 'U'), ('న', '|'), ('బ', '|'), ('డు', '|'), ('గా', 'U'), ('కిం', 'U'), ('తై', 'U'), ('న', '|'), ('గం', 'U'), ('పిం', 'U'), ('చు', '|'), ('నే', 'U'), ('మ', '|'), ('ల', '|'), ('యో', 'U'), ('ర్వీ', 'U'), ('ధ', '|'), ('ర', '|'), ('మా', 'U'), ('రు', '|'), ('తం', 'U'), ('బు', '|'), ('న', '|'), ('కు', '|'), ('రా', 'U'), ('మా', 'U'), ('భ', 'U'), ('క్త', '|'), ('మం', 'U'), ('దా', 'U'), ('ర', '|'), ('మా', 'U')]",0.8857142857142858,1.0,1.0,0.9285714285714286,0.5,1.0
saardulamu,"కాయస్థు ల్గణికాజనంబులు తురుష్కశ్రేణులున్ దుష్టదా-
సేయుల్ వైద్యులునుం బురోహితులు దాసీభూతముల్ గాయకుల్
బోయల్ గొందఱు లోభిభూవరు ధనంబున్ సంతతంబున్ మహా-
మాయాజాలము పన్ని లాగుదురు రామా! భక్తమందారమా!",vruttamu,Bhaktamandaara,"[('కా', 'U'), ('య', 'U'), ('స్థు', 'U'), ('ల్గ', '|'), ('ణి', '|'), ('కా', 'U'), ('జ', '|'), ('నం', 'U'), ('బు', '|'), ('లు', '|'), ('తు', '|'), ('రు', 'U'), ('ష్క', '|'), ('శ్రే', 'U'), ('ణు', '|'), ('లు', 'U'), ('న్దు', 'U'), ('ష్ట', '|'), ('దా', 'U'), ('సే', 'U'), ('యు', 'U'), ('ల్వై', 'U'), ('ద్యు', '|'), ('లు', '|'), ('నుం', 'U'), ('బు', '|'), ('రో', 'U'), ('హి', '|'), ('తు', '|'), ('లు', '|'), ('దా', 'U'), ('సీ', 'U'), ('భూ', 'U'), ('త', '|'), ('ము', 'U'), ('ల్గా', 'U'), ('య', '|'), ('కుల్', 'U'), ('బో', 'U'), ('య', 'U'), ('ల్గొం', 'U'), ('ద', '|'), ('ఱు', '|'), ('లో', 'U'), ('భి', '|'), ('భూ', 'U'), ('వ', '|'), ('రు', '|'), ('ధ', '|'), ('నం', 'U'), ('బు', 'U'), ('న్సం', 'U'), ('త', '|'), ('తం', 'U'), ('బు', 'U'), ('న్మ', '|'), ('హా', 'U'), ('మా', 'U'), ('యా', 'U'), ('జా', 'U'), ('ల', '|'), ('ము', '|'), ('ప', 'U'), ('న్ని', '|'), ('లా', 'U'), ('గు', '|'), ('దు', '|'), ('రు', '|'), ('రా', 'U'), ('మా', 'U'), ('భ', 'U'), ('క్త', '|'), ('మం', 'U'), ('దా', 'U'), ('ర', '|'), ('మా', 'U')]",0.9928571428571429,1.0,1.0,0.9642857142857143,1.0,1.0
saardulamu,"శ్రీలక్ష్మీ మదయుక్తుఁడై నృపుఁడు వాసిం బేర్చు భూదేవునిం
గేలింబెట్టి తదీయకోపమహిమన్ గీడొంచు నెట్లన్న ది-
క్ఖేలత్కీర్తి త్రిశంకుం డల్క నలశక్తిం బల్కి తద్వాగ్గతిన్
మాలండై చెడిపోవడోట మును, రామా! భక్తమందారమా!",vruttamu,Bhaktamandaara,"[('శ్రీ', 'U'), ('ల', 'U'), ('క్ష్మీ', 'U'), ('మ', '|'), ('ద', '|'), ('యు', 'U'), ('క్తు', '|'), ('డై', 'U'), ('నృ', '|'), ('పు', '|'), ('డు', '|'), ('వా', 'U'), ('సిం', 'U'), ('బే', 'U'), ('ర్చు', '|'), ('భూ', 'U'), ('దే', 'U'), ('వు', '|'), ('నిం', 'U'), ('గే', 'U'), ('లిం', 'U'), ('బె', 'U'), ('ట్టి', '|'), ('త', '|'), ('దీ', 'U'), ('య', '|'), ('కో', 'U'), ('ప', '|'), ('మ', '|'), ('హి', '|'), ('మ', 'U'), ('న్గీ', 'U'), ('డొం', 'U'), ('చు', '|'), ('నె', 'U'), ('ట్ల', 'U'), ('న్న', '|'), ('ది', 'U'), ('క్ఖే', 'U'), ('ల', 'U'), ('త్కీ', 'U'), ('ర్తి', '|'), ('త్రి', '|'), ('శం', 'U'), ('కుం', 'U'), ('డ', 'U'), ('ల్క', '|'), ('న', '|'), ('ల', '|'), ('శ', 'U'), ('క్తిం', 'U'), ('బ', 'U'), ('ల్కి', '|'), ('త', 'U'), ('ద్వా', 'U'), ('గ్గ', '|'), ('తిన్', 'U'), ('మా', 'U'), ('లం', 'U'), ('డై', 'U'), ('చె', '|'), ('డి', '|'), ('పో', 'U'), ('వ', '|'), ('డో', 'U'), ('ట', '|'), ('ము', '|'), ('ను', '|'), ('రా', 'U'), ('మా', 'U'), ('భ', 'U'), ('క్త', '|'), ('మం', 'U'), ('దా', 'U'), ('ర', '|'), ('మా', 'U')]",0.9928571428571429,1.0,1.0,0.9642857142857143,1.0,1.0
mattebhamu,"లసదుద్యజ్జ్వలభవ్యదివ్యకవితాలంకారవిద్యావిశే-
షసమాటోపవిజృంభమాణకవిరాట్సంక్రందనుం ద్రిప్పిత్రి-
ప్పి సమీచానతఁ బ్రోవకుండు నృపతుల్ పెంపేది నిర్భాగ్యులై
మసియై పోవరే తత్క్రుధాగ్ని నిల రామా! భక్తమందారమా!",vruttamu,Bhaktamandaara,"[('ల', '|'), ('స', '|'), ('దు', 'U'), ('ద్య', 'U'), ('జ్జ్వ', '|'), ('ల', '|'), ('భ', 'U'), ('వ్య', '|'), ('ది', 'U'), ('వ్య', '|'), ('క', '|'), ('వి', '|'), ('తా', 'U'), ('లం', 'U'), ('కా', 'U'), ('ర', '|'), ('వి', 'U'), ('ద్యా', 'U'), ('వి', '|'), ('శే', 'U'), ('ష', '|'), ('స', '|'), ('మా', 'U'), ('టో', 'U'), ('ప', '|'), ('వి', '|'), ('జృం', 'U'), ('భ', '|'), ('మా', 'U'), ('ణ', '|'), ('క', '|'), ('వి', '|'), ('రా', 'U'), ('ట్సం', 'U'), ('క్రం', 'U'), ('ద', '|'), ('నుం', 'U'), ('ద్రి', 'U'), ('ప్పి', '|'), ('త్రి', 'U'), ('ప్పి', '|'), ('స', '|'), ('మీ', 'U'), ('చా', 'U'), ('న', '|'), ('త', '|'), ('బ్రో', 'U'), ('వ', '|'), ('కుం', 'U'), ('డు', '|'), ('నృ', '|'), ('ప', '|'), ('తు', 'U'), ('ల్పెం', 'U'), ('పే', 'U'), ('ది', '|'), ('ని', 'U'), ('ర్భా', 'U'), ('గ్యు', '|'), ('లై', 'U'), ('మ', '|'), ('సి', '|'), ('యై', 'U'), ('పో', 'U'), ('వ', '|'), ('రే', 'U'), ('త', 'U'), ('త్క్రు', '|'), ('ధా', 'U'), ('గ్ని', '|'), ('ని', '|'), ('ల', '|'), ('రా', 'U'), ('మా', 'U'), ('భ', 'U'), ('క్త', '|'), ('మం', 'U'), ('దా', 'U'), ('ర', '|'), ('మా', 'U')]",0.9928571428571429,1.0,1.0,0.9642857142857143,1.0,1.0
mattebhamu,"రసికత్వంబును దానధర్మగుణముం బ్రత్యర్థిశిక్షాకళా-
భ్యసనప్రౌఢిమ సాధుబంధుజనతాత్యంతావనోపాయలా-
లసచిత్తంబును దృప్తియుం గొఁఱత వాలాయంబు దానెంచఁ దా-
మసమే మిక్కిలి దుర్నరేంద్రులకు రామా! భక్తమందారమా!",vruttamu,Bhaktamandaara,"[('ర', '|'), ('సి', '|'), ('క', 'U'), ('త్వం', 'U'), ('బు', '|'), ('ను', '|'), ('దా', 'U'), ('న', '|'), ('ధ', 'U'), ('ర్మ', '|'), ('గు', '|'), ('ణ', '|'), ('ముం', 'U'), ('బ్ర', 'U'), ('త్య', 'U'), ('ర్థి', '|'), ('శి', 'U'), ('క్షా', 'U'), ('క', '|'), ('ళా', 'U'), ('భ్య', '|'), ('స', '|'), ('న', '|'), ('ప్రౌ', 'U'), ('ఢి', '|'), ('మ', '|'), ('సా', 'U'), ('ధు', '|'), ('బం', 'U'), ('ధు', '|'), ('జ', '|'), ('న', '|'), ('తా', 'U'), ('త్యం', 'U'), ('తా', 'U'), ('వ', '|'), ('నో', 'U'), ('పా', 'U'), ('య', '|'), ('లా', 'U'), ('ల', '|'), ('స', '|'), ('చి', 'U'), ('త్తం', 'U'), ('బు', '|'), ('ను', '|'), ('దృ', 'U'), ('ప్తి', '|'), ('యుం', 'U'), ('గొ', '|'), ('ఱ', '|'), ('త', '|'), ('వా', 'U'), ('లా', 'U'), ('యం', 'U'), ('బు', '|'), ('దా', 'U'), ('నెం', 'U'), ('చ', '|'), ('దా', 'U'), ('మ', '|'), ('స', '|'), ('మే', 'U'), ('మి', 'U'), ('క్కి', '|'), ('లి', '|'), ('దు', 'U'), ('ర్న', '|'), ('రేం', 'U'), ('ద్రు', '|'), ('ల', '|'), ('కు', '|'), ('రా', 'U'), ('మా', 'U'), ('భ', 'U'), ('క్త', '|'), ('మం', 'U'), ('దా', 'U'), ('ర', '|'), ('మా', 'U')]",0.9928571428571429,1.0,1.0,0.9642857142857143,1.0,1.0
mattebhamu,"ఖలభూనాథుఁడు నిచ్చనిచ్చ జనులన్ గారించి విత్తంబు మి-
క్కిలిగా గూరిచి పుట్టలో నిఱికి వేఁగింపంగ నుద్దండతం
బలవన్మ్లేచ్ఛులు పొంది లావనుచు లే బాధితురౌ పెట్టి జెఱ్ఱిఁజీ-
మలు చీకాకుగఁ జేయు చందముగ రామా! భక్తమందారమా!",vruttamu,Bhaktamandaara,"[('ఖ', '|'), ('ల', '|'), ('భూ', 'U'), ('నా', 'U'), ('థు', '|'), ('డు', '|'), ('ని', 'U'), ('చ్చ', '|'), ('ని', 'U'), ('చ్చ', '|'), ('జ', '|'), ('ను', '|'), ('ల', 'U'), ('న్గా', 'U'), ('రిం', 'U'), ('చి', '|'), ('వి', 'U'), ('త్తం', 'U'), ('బు', '|'), ('మి', 'U'), ('క్కి', '|'), ('లి', '|'), ('గా', 'U'), ('గూ', 'U'), ('రి', '|'), ('చి', '|'), ('పు', 'U'), ('ట్ట', '|'), ('లో', 'U'), ('ని', '|'), ('ఱి', '|'), ('కి', '|'), ('వే', 'U'), ('గిం', 'U'), ('పం', 'U'), ('గ', '|'), ('ను', 'U'), ('ద్దం', 'U'), ('డ', '|'), ('తం', 'U'), ('బ', '|'), ('ల', '|'), ('వ', 'U'), ('న్మ్లే', 'U'), ('చ్ఛు', '|'), ('లు', '|'), ('పొం', 'U'), ('ది', '|'), ('లా', 'U'), ('వ', '|'), ('ను', '|'), ('చు', '|'), ('లే', 'U'), ('బా', 'U'), ('ధి', '|'), ('తు', '|'), ('రౌ', 'U'), ('పె', 'U'), ('ట్టి', '|'), ('జె', 'U'), ('ఱ్ఱి', '|'), ('జీ', 'U'), ('మ', '|'), ('లు', '|'), ('చీ', 'U'), ('కా', 'U'), ('కు', '|'), ('గ', '|'), ('జే', 'U'), ('యు', '|'), ('చం', 'U'), ('ద', '|'), ('ము', '|'), ('గ', '|'), ('రా', 'U'), ('మా', 'U'), ('భ', 'U'), ('క్త', '|'), ('మం', 'U'), ('దా', 'U'), ('ర', '|'), ('మా', 'U')]",0.837857142857143,0.975,1.0,0.7142857142857143,0.75,0.75
mattebhamu,"అతికష్టం బొనరించి భూమిజనుఁ డత్యాసక్తి విత్తంబు వి-
స్తృతభంగిం గడియింపఁగా నెఱిఁగి ధాత్రీకాంతు లుద్దండప-
ద్ధతి వానిం గొనిపోయి కొట్టి మిగులం దండించి యా సొమ్ము స-
మ్మతిఁ గైకొండ్రు మఱెంత నిర్దయులొ రామా! భక్తమందారమా!",vruttamu,Bhaktamandaara,"[('అ', '|'), ('తి', '|'), ('క', 'U'), ('ష్టం', 'U'), ('బొ', '|'), ('న', '|'), ('రిం', 'U'), ('చి', '|'), ('భూ', 'U'), ('మి', '|'), ('జ', '|'), ('ను', '|'), ('డ', 'U'), ('త్యా', 'U'), ('స', 'U'), ('క్తి', '|'), ('వి', 'U'), ('త్తం', 'U'), ('బు', '|'), ('వి', 'U'), ('స్తృ', '|'), ('త', '|'), ('భం', 'U'), ('గిం', 'U'), ('గ', '|'), ('డి', '|'), ('యిం', 'U'), ('ప', '|'), ('గా', 'U'), ('నె', '|'), ('ఱి', '|'), ('గి', '|'), ('ధా', 'U'), ('త్రీ', 'U'), ('కాం', 'U'), ('తు', '|'), ('లు', 'U'), ('ద్దం', 'U'), ('డ', '|'), ('ప', 'U'), ('ద్ధ', '|'), ('తి', '|'), ('వా', 'U'), ('నిం', 'U'), ('గొ', '|'), ('ని', '|'), ('పో', 'U'), ('యి', '|'), ('కొ', 'U'), ('ట్టి', '|'), ('మి', '|'), ('గు', '|'), ('లం', 'U'), ('దం', 'U'), ('డిం', 'U'), ('చి', '|'), ('యా', 'U'), ('సొ', 'U'), ('మ్ము', '|'), ('స', 'U'), ('మ్మ', '|'), ('తి', '|'), ('గై', 'U'), ('కొం', 'U'), ('డ్రు', '|'), ('మ', '|'), ('ఱెం', 'U'), ('త', '|'), ('ని', 'U'), ('ర్ద', '|'), ('యు', '|'), ('లొ', '|'), ('రా', 'U'), ('మా', 'U'), ('భ', 'U'), ('క్త', '|'), ('మం', 'U'), ('దా', 'U'), ('ర', '|'), ('మా', 'U')]",1.0,1.0,1.0,1.0,1.0,1.0
saardulamu,"దానంబిల్లె, దయారసంబు నహి, సద్ధర్మంబు తీర్, మీ పద-
ధ్యానంబున్ గడులొచ్చు సత్యవచనవ్యాపారముల్ సున్న సు-
జ్ఞానం బెంతయు నా స్తి సాధుజనసన్మానేచ్ఛ లేదెన్న నీ
క్ష్మానాథాధమకోటి కేది గతి రామా! భక్తమందారమా!",vruttamu,Bhaktamandaara,"[('దా', 'U'), ('నం', 'U'), ('బి', 'U'), ('ల్లె', '|'), ('ద', '|'), ('యా', 'U'), ('ర', '|'), ('సం', 'U'), ('బు', '|'), ('న', '|'), ('హి', '|'), ('స', 'U'), ('ద్ధ', 'U'), ('ర్మం', 'U'), ('బు', '|'), ('తీ', 'U'), ('ర్మీ', 'U'), ('ప', '|'), ('ద', 'U'), ('ధ్యా', 'U'), ('నం', 'U'), ('బు', 'U'), ('న్గ', '|'), ('డు', '|'), ('లొ', 'U'), ('చ్చు', '|'), ('స', 'U'), ('త్య', '|'), ('వ', '|'), ('చ', '|'), ('న', 'U'), ('వ్యా', 'U'), ('పా', 'U'), ('ర', '|'), ('ము', 'U'), ('ల్సు', 'U'), ('న్న', '|'), ('సు', 'U'), ('జ్ఞా', 'U'), ('నం', 'U'), ('బెం', 'U'), ('త', '|'), ('యు', '|'), ('నా', 'U'), ('స్తి', '|'), ('సా', 'U'), ('ధు', '|'), ('జ', '|'), ('న', '|'), ('స', 'U'), ('న్మా', 'U'), ('నే', 'U'), ('చ్ఛ', '|'), ('లే', 'U'), ('దె', 'U'), ('న్న', '|'), ('నీ', 'U'), ('క్ష్మా', 'U'), ('నా', 'U'), ('థా', 'U'), ('ధ', '|'), ('మ', '|'), ('కో', 'U'), ('టి', '|'), ('కే', 'U'), ('ది', '|'), ('గ', '|'), ('తి', '|'), ('రా', 'U'), ('మా', 'U'), ('భ', 'U'), ('క్త', '|'), ('మం', 'U'), ('దా', 'U'), ('ర', '|'), ('మా', 'U')]",0.95,1.0,1.0,1.0,0.75,1.0
mattebhamu,"తనువుల్ నిక్కములంచు నెంచుకొని యత్యంతదుర్మార్గవ-
ర్తనులై నిర్దయమీఱ భూమిప్రజలం దండించి విత్తంబు లా-
ర్జవము ల్సేయుచు గొందులం దొదిగి నిచ్చల్గానరాకుంద్రు ఛీ!
మనుజాధీశుల కేఁటి ధర్మములు రామా! భక్తమందారమా!",vruttamu,Bhaktamandaara,"[('త', '|'), ('ను', '|'), ('వు', 'U'), ('ల్ని', 'U'), ('క్క', '|'), ('ము', '|'), ('లం', 'U'), ('చు', '|'), ('నెం', 'U'), ('చు', '|'), ('కొ', '|'), ('ని', '|'), ('య', 'U'), ('త్యం', 'U'), ('త', '|'), ('దు', 'U'), ('ర్మా', 'U'), ('ర్గ', '|'), ('వ', 'U'), ('ర్త', '|'), ('ను', '|'), ('లై', 'U'), ('ని', 'U'), ('ర్ద', '|'), ('య', '|'), ('మీ', 'U'), ('ఱ', '|'), ('భూ', 'U'), ('మి', '|'), ('ప్ర', '|'), ('జ', '|'), ('లం', 'U'), ('దం', 'U'), ('డిం', 'U'), ('చి', '|'), ('వి', 'U'), ('త్తం', 'U'), ('బు', '|'), ('లా', 'U'), ('ర్జ', '|'), ('వ', '|'), ('ము', 'U'), ('ల్సే', 'U'), ('యు', '|'), ('చు', '|'), ('గొం', 'U'), ('దు', '|'), ('లం', 'U'), ('దొ', '|'), ('ది', '|'), ('గి', '|'), ('ని', 'U'), ('చ్చ', 'U'), ('ల్గా', 'U'), ('న', '|'), ('రా', 'U'), ('కుం', 'U'), ('ద్రు', '|'), ('ఛీ', 'U'), ('మ', '|'), ('ను', '|'), ('జా', 'U'), ('ధీ', 'U'), ('శు', '|'), ('ల', '|'), ('కే', 'U'), ('టి', '|'), ('ధ', 'U'), ('ర్మ', '|'), ('ము', '|'), ('లు', '|'), ('రా', 'U'), ('మా', 'U'), ('భ', 'U'), ('క్త', '|'), ('మం', 'U'), ('దా', 'U'), ('ర', '|'), ('మా', 'U')]",0.5260714285714286,0.9875,1.0,0.1428571428571428,0.25,0.25
mattebhamu,"మురుగుల్ ప్రోగులు నుంగరాల్సరిపిణీ ల్ముక్తామణిహారముల్
తురంగంబు ల్గరు లందబులు భటస్తోమంబులున్ రాజ్యమున్
స్థిరమంచున్ మది నమ్మి పాపములు వే సేతు ర్మదోన్మత్తపా-
మరభూవిష్టపదుష్టనాయకులు రామా! భక్తమందారమా!",vruttamu,Bhaktamandaara,"[('ము', '|'), ('రు', '|'), ('గు', 'U'), ('ల్ప్రో', 'U'), ('గు', '|'), ('లు', '|'), ('నుం', 'U'), ('గ', '|'), ('రా', 'U'), ('ల్స', '|'), ('రి', '|'), ('పి', '|'), ('ణీ', 'U'), ('ల్ము', 'U'), ('క్తా', 'U'), ('మ', '|'), ('ణి', '|'), ('హా', 'U'), ('ర', '|'), ('ముల్', 'U'), ('తు', '|'), ('రం', 'U'), ('గం', 'U'), ('బు', 'U'), ('ల్గ', '|'), ('రు', '|'), ('లం', 'U'), ('ద', '|'), ('బు', '|'), ('లు', '|'), ('భ', '|'), ('ట', 'U'), ('స్తో', 'U'), ('మం', 'U'), ('బు', '|'), ('లు', '|'), ('న్రా', 'U'), ('జ్య', '|'), ('మున్', 'U'), ('స్థి', '|'), ('ర', '|'), ('మం', 'U'), ('చు', 'U'), ('న్మ', '|'), ('ది', '|'), ('న', 'U'), ('మ్మి', '|'), ('పా', 'U'), ('ప', '|'), ('ము', '|'), ('లు', '|'), ('వే', 'U'), ('సే', 'U'), ('తు', 'U'), ('ర్మ', '|'), ('దో', 'U'), ('న్మ', 'U'), ('త్త', '|'), ('పా', 'U'), ('మ', '|'), ('ర', '|'), ('భూ', 'U'), ('వి', 'U'), ('ష్ట', '|'), ('ప', '|'), ('దు', 'U'), ('ష్ట', '|'), ('నా', 'U'), ('య', '|'), ('కు', '|'), ('లు', '|'), ('రా', 'U'), ('మా', 'U'), ('భ', 'U'), ('క్త', '|'), ('మం', 'U'), ('దా', 'U'), ('ర', '|'), ('మా', 'U')]",0.5974999999999999,0.9875,1.0,0.25,0.25,0.5
mattebhamu,"మకరోగ్రక్రకచాగ్రజాగ్రదురుసమ్యక్ఛాతదంష్ట్రాక్షత
ప్రకటాంఘ్రిద్వయనిర్గళద్రుధిరధారాపూరఘోరవ్యధా-
చకితుండై మొఱసేయ నగ్గజపతిన్ సంప్రీతి రక్షింపవే
మకుటీభూతశశాంకచాపహర! రామా! భక్తమందారమా!",vruttamu,Bhaktamandaara,"[('మ', '|'), ('క', '|'), ('రో', 'U'), ('గ్ర', '|'), ('క్ర', '|'), ('క', '|'), ('చా', 'U'), ('గ్ర', '|'), ('జా', 'U'), ('గ్ర', '|'), ('దు', '|'), ('రు', '|'), ('స', 'U'), ('మ్య', 'U'), ('క్ఛా', 'U'), ('త', '|'), ('దం', 'U'), ('ష్ట్రా', 'U'), ('క్ష', '|'), ('త', '|'), ('ప్ర', '|'), ('క', '|'), ('టాం', 'U'), ('ఘ్రి', 'U'), ('ద్వ', '|'), ('య', '|'), ('ని', 'U'), ('ర్గ', '|'), ('ళ', '|'), ('ద్రు', '|'), ('ధి', '|'), ('ర', '|'), ('ధా', 'U'), ('రా', 'U'), ('పూ', 'U'), ('ర', '|'), ('ఘో', 'U'), ('ర', 'U'), ('వ్య', '|'), ('ధా', 'U'), ('చ', '|'), ('కి', '|'), ('తుం', 'U'), ('డై', 'U'), ('మొ', '|'), ('ఱ', '|'), ('సే', 'U'), ('య', '|'), ('న', 'U'), ('గ్గ', '|'), ('జ', '|'), ('ప', '|'), ('తి', 'U'), ('న్సం', 'U'), ('ప్రీ', 'U'), ('తి', '|'), ('ర', 'U'), ('క్షిం', 'U'), ('ప', '|'), ('వే', 'U'), ('మ', '|'), ('కు', '|'), ('టీ', 'U'), ('భూ', 'U'), ('త', '|'), ('శ', '|'), ('శాం', 'U'), ('క', '|'), ('చా', 'U'), ('ప', '|'), ('హ', '|'), ('ర', '|'), ('రా', 'U'), ('మా', 'U'), ('భ', 'U'), ('క్త', '|'), ('మం', 'U'), ('దా', 'U'), ('ర', '|'), ('మా', 'U')]",0.9785714285714284,1.0,1.0,0.8928571428571429,1.0,1.0
mattebhamu,"అగవిద్వేషణుఁ గూడి వేడుక నహల్యాదేవి గ్రీడింపఁగా
భగవంతుండగు గౌతముండు గని కోపస్ఫూర్తి శాపింప నీ
జగతిం ఱాపడి తాపమొందగ పదాబ్జప్రస్ఫురద్ధూళిచే
మగువం జేసితి వెంత వింత యది రామా! భక్తమందారమా!",vruttamu,Bhaktamandaara,"[('అ', '|'), ('గ', '|'), ('వి', 'U'), ('ద్వే', 'U'), ('ష', '|'), ('ణు', '|'), ('గూ', 'U'), ('డి', '|'), ('వే', 'U'), ('డు', '|'), ('క', '|'), ('న', '|'), ('హ', 'U'), ('ల్యా', 'U'), ('దే', 'U'), ('వి', '|'), ('గ్రీ', 'U'), ('డిం', 'U'), ('ప', '|'), ('గా', 'U'), ('భ', '|'), ('గ', '|'), ('వం', 'U'), ('తుం', 'U'), ('డ', '|'), ('గు', '|'), ('గౌ', 'U'), ('త', '|'), ('ముం', 'U'), ('డు', '|'), ('గ', '|'), ('ని', '|'), ('కో', 'U'), ('ప', 'U'), ('స్ఫూ', 'U'), ('ర్తి', '|'), ('శా', 'U'), ('పిం', 'U'), ('ప', '|'), ('నీ', 'U'), ('జ', '|'), ('గ', '|'), ('తిం', 'U'), ('ఱా', 'U'), ('ప', '|'), ('డి', '|'), ('తా', 'U'), ('ప', '|'), ('మొం', 'U'), ('ద', '|'), ('గ', '|'), ('ప', '|'), ('దా', 'U'), ('బ్జ', '|'), ('ప్ర', 'U'), ('స్ఫు', '|'), ('ర', 'U'), ('ద్ధూ', 'U'), ('ళి', '|'), ('చే', 'U'), ('మ', '|'), ('గు', '|'), ('వం', 'U'), ('జే', 'U'), ('సి', '|'), ('తి', '|'), ('వెం', 'U'), ('త', '|'), ('విం', 'U'), ('త', '|'), ('య', '|'), ('ది', '|'), ('రా', 'U'), ('మా', 'U'), ('భ', 'U'), ('క్త', '|'), ('మం', 'U'), ('దా', 'U'), ('ర', '|'), ('మా', 'U')]",0.9928571428571429,1.0,1.0,0.9642857142857143,1.0,1.0
mattebhamu,"అమరేంద్రాది సమస్తదేవభయదాహంకారహుంకార దు-
ర్దదబాహాబలసింహనాద పటుకోదండోగ్రబాణచ్ఛటా-
సమజాగ్రత్ఖరదూషణాసురుల భాస్వద్దండకారణ్యసీ-
మ మును ల్మలని మెచ్చఁ ద్రుంచితివి రామా! భక్తమందారమా!",vruttamu,Bhaktamandaara,"[('అ', '|'), ('మ', '|'), ('రేం', 'U'), ('ద్రా', 'U'), ('ది', '|'), ('స', '|'), ('మ', 'U'), ('స్త', '|'), ('దే', 'U'), ('వ', '|'), ('భ', '|'), ('య', '|'), ('దా', 'U'), ('హం', 'U'), ('కా', 'U'), ('ర', '|'), ('హుం', 'U'), ('కా', 'U'), ('ర', '|'), ('దు', 'U'), ('ర్ద', '|'), ('ద', '|'), ('బా', 'U'), ('హా', 'U'), ('బ', '|'), ('ల', '|'), ('సిం', 'U'), ('హ', '|'), ('నా', 'U'), ('ద', '|'), ('ప', '|'), ('టు', '|'), ('కో', 'U'), ('దం', 'U'), ('డో', 'U'), ('గ్ర', '|'), ('బా', 'U'), ('ణ', 'U'), ('చ్ఛ', '|'), ('టా', 'U'), ('స', '|'), ('మ', '|'), ('జా', 'U'), ('గ్ర', 'U'), ('త్ఖ', '|'), ('ర', '|'), ('దూ', 'U'), ('ష', '|'), ('ణా', 'U'), ('సు', '|'), ('రు', '|'), ('ల', '|'), ('భా', 'U'), ('స్వ', 'U'), ('ద్దం', 'U'), ('డ', '|'), ('కా', 'U'), ('ర', 'U'), ('ణ్య', '|'), ('సీ', 'U'), ('మ', '|'), ('ము', '|'), ('ను', 'U'), ('ల్మ', '|'), ('ల', '|'), ('ని', '|'), ('మె', 'U'), ('చ్చ', '|'), ('ద్రుం', 'U'), ('చి', '|'), ('తి', '|'), ('వి', '|'), ('రా', 'U'), ('మా', 'U'), ('భ', 'U'), ('క్త', '|'), ('మం', 'U'), ('దా', 'U'), ('ర', '|'), ('మా', 'U')]",0.9428571428571428,1.0,1.0,0.9642857142857143,1.0,0.75
saardulamu,"నే నీ బంటను నీవు నా దొర విదే నిక్కంబటంచు న్మదిన్
నానాభంగుల నమ్మి కొల్చితినె యెన్నాళ్ళాయె జీతంబు కా-
సైన న్నేఁటి కొసంగవైతి భళి యాహా! లెస్స! బాగాయెగా!
మౌనీంద్రాశయపద్మషట్చరణ! రామా! భక్తమందారమా!",vruttamu,Bhaktamandaara,"[('నే', 'U'), ('నీ', 'U'), ('బం', 'U'), ('ట', '|'), ('ను', '|'), ('నీ', 'U'), ('వు', '|'), ('నా', 'U'), ('దొ', '|'), ('ర', '|'), ('వి', '|'), ('దే', 'U'), ('ని', 'U'), ('క్కం', 'U'), ('బ', '|'), ('టం', 'U'), ('చు', 'U'), ('న్మ', '|'), ('దిన్', 'U'), ('నా', 'U'), ('నా', 'U'), ('భం', 'U'), ('గు', '|'), ('ల', '|'), ('న', 'U'), ('మ్మి', '|'), ('కొ', 'U'), ('ల్చి', '|'), ('తి', '|'), ('నె', '|'), ('యె', 'U'), ('న్నా', 'U'), ('ళ్ళా', 'U'), ('యె', '|'), ('జీ', 'U'), ('తం', 'U'), ('బు', '|'), ('కా', 'U'), ('సై', 'U'), ('న', 'U'), ('న్నే', 'U'), ('టి', '|'), ('కొ', '|'), ('సం', 'U'), ('గ', '|'), ('వై', 'U'), ('తి', '|'), ('భ', '|'), ('ళి', '|'), ('యా', 'U'), ('హా', 'U'), ('లె', 'U'), ('స్స', '|'), ('బా', 'U'), ('గా', 'U'), ('యె', '|'), ('గా', 'U'), ('మౌ', 'U'), ('నీం', 'U'), ('ద్రా', 'U'), ('శ', '|'), ('య', '|'), ('ప', 'U'), ('ద్మ', '|'), ('ష', 'U'), ('ట్చ', '|'), ('ర', '|'), ('ణ', '|'), ('రా', 'U'), ('మా', 'U'), ('భ', 'U'), ('క్త', '|'), ('మం', 'U'), ('దా', 'U'), ('ర', '|'), ('మా', 'U')]",0.95,1.0,1.0,1.0,0.75,1.0
mattebhamu,"బలదేవుం డతినీచవృ త్తిని సురాపానంబు గావింపఁగా
జలజాతాస్త్రుఁడు మానినీపురుషలజ్జాత్యాగముల్ సేయఁగా
చలమారంగ నలక్ష్మి సజ్జనుల నిచ్చల పట్టి బాధింపఁగా
మలపం జాల విదే వివేక మిల? రామా! భక్తమందారమా!",vruttamu,Bhaktamandaara,"[('బ', '|'), ('ల', '|'), ('దే', 'U'), ('వుం', 'U'), ('డ', '|'), ('తి', '|'), ('నీ', 'U'), ('చ', '|'), ('వృ', 'U'), ('త్తి', '|'), ('ని', '|'), ('సు', '|'), ('రా', 'U'), ('పా', 'U'), ('నం', 'U'), ('బు', '|'), ('గా', 'U'), ('విం', 'U'), ('ప', '|'), ('గా', 'U'), ('జ', '|'), ('ల', '|'), ('జా', 'U'), ('తా', 'U'), ('స్త్రు', '|'), ('డు', '|'), ('మా', 'U'), ('ని', '|'), ('నీ', 'U'), ('పు', '|'), ('రు', '|'), ('ష', '|'), ('ల', 'U'), ('జ్జా', 'U'), ('త్యా', 'U'), ('గ', '|'), ('ము', 'U'), ('ల్సే', 'U'), ('య', '|'), ('గా', 'U'), ('చ', '|'), ('ల', '|'), ('మా', 'U'), ('రం', 'U'), ('గ', '|'), ('న', '|'), ('ల', 'U'), ('క్ష్మి', '|'), ('స', 'U'), ('జ్జ', '|'), ('ను', '|'), ('ల', '|'), ('ని', 'U'), ('చ్చ', '|'), ('ల', '|'), ('ప', 'U'), ('ట్టి', '|'), ('బా', 'U'), ('ధిం', 'U'), ('ప', '|'), ('గా', 'U'), ('మ', '|'), ('ల', '|'), ('పం', 'U'), ('జా', 'U'), ('ల', '|'), ('వి', '|'), ('దే', 'U'), ('వి', '|'), ('వే', 'U'), ('క', '|'), ('మి', '|'), ('ల', '|'), ('రా', 'U'), ('మా', 'U'), ('భ', 'U'), ('క్త', '|'), ('మం', 'U'), ('దా', 'U'), ('ర', '|'), ('మా', 'U')]",0.8260714285714286,0.9875,1.0,0.6428571428571429,0.75,0.75
mattebhamu,"అదిరా! పిల్చినఁ బల్కవేటికి? బరాకా చాలు నింకేలఁగాఁ
గదరా! మిక్కిలి వేఁడి వేసరిలు బాగా? నీకు శ్రీజానకీ-
మదిరాక్షీ శరణంబులాన! నను బ్రేమన్ ద్రోవరా వేడ్క శ్రీ-
మదుదంచత్ర్పభుతాగుణప్రథిత! రామా! భక్తమందారమా!",vruttamu,Bhaktamandaara,"[('అ', '|'), ('ది', '|'), ('రా', 'U'), ('పి', 'U'), ('ల్చి', '|'), ('న', '|'), ('బ', 'U'), ('ల్క', '|'), ('వే', 'U'), ('టి', '|'), ('కి', '|'), ('బ', '|'), ('రా', 'U'), ('కా', 'U'), ('చా', 'U'), ('లు', '|'), ('నిం', 'U'), ('కే', 'U'), ('ల', '|'), ('గా', 'U'), ('గ', '|'), ('ద', '|'), ('రా', 'U'), ('మి', 'U'), ('క్కి', '|'), ('లి', '|'), ('వే', 'U'), ('డి', '|'), ('వే', 'U'), ('స', '|'), ('రి', '|'), ('లు', '|'), ('బా', 'U'), ('గా', 'U'), ('నీ', 'U'), ('కు', '|'), ('శ్రీ', 'U'), ('జా', 'U'), ('న', '|'), ('కీ', 'U'), ('మ', '|'), ('ది', '|'), ('రా', 'U'), ('క్షీ', 'U'), ('శ', '|'), ('ర', '|'), ('ణం', 'U'), ('బు', '|'), ('లా', 'U'), ('న', '|'), ('న', '|'), ('ను', '|'), ('బ్రే', 'U'), ('మ', 'U'), ('న్ద్రో', 'U'), ('వ', '|'), ('రా', 'U'), ('వే', 'U'), ('డ్క', '|'), ('శ్రీ', 'U'), ('మ', '|'), ('దు', '|'), ('దం', 'U'), ('చ', 'U'), ('త్ర్ప', '|'), ('భు', '|'), ('తా', 'U'), ('గు', '|'), ('ణ', '|'), ('ప్ర', '|'), ('థి', '|'), ('త', '|'), ('రా', 'U'), ('మా', 'U'), ('భ', 'U'), ('క్త', '|'), ('మం', 'U'), ('దా', 'U'), ('ర', '|'), ('మా', 'U')]",0.9428571428571428,1.0,1.0,0.9642857142857143,0.75,1.0
saardulamu,"వందిం బోలి భవత్కథావళులనే వర్ణింతు నత్యంత మీ
చందం బొందఁగఁ గొందలం బుడిపి నిచ్చల్లచ్చి హెచ్చంగ నీ
వందందుం దిరుగంగబోక దయ నాయందుండు మెల్లప్పుడున్
మందప్రక్రియ మాని పూనికను రామా! భక్తమందారమా!",vruttamu,Bhaktamandaara,"[('వం', 'U'), ('దిం', 'U'), ('బో', 'U'), ('లి', '|'), ('భ', '|'), ('వ', 'U'), ('త్క', '|'), ('థా', 'U'), ('వ', '|'), ('ళు', '|'), ('ల', '|'), ('నే', 'U'), ('వ', 'U'), ('ర్ణిం', 'U'), ('తు', '|'), ('న', 'U'), ('త్యం', 'U'), ('త', '|'), ('మీ', 'U'), ('చం', 'U'), ('దం', 'U'), ('బొం', 'U'), ('ద', '|'), ('గ', '|'), ('గొం', 'U'), ('ద', '|'), ('లం', 'U'), ('బు', '|'), ('డి', '|'), ('పి', '|'), ('ని', 'U'), ('చ్చ', 'U'), ('ల్ల', 'U'), ('చ్చి', '|'), ('హె', 'U'), ('చ్చం', 'U'), ('గ', '|'), ('నీ', 'U'), ('వం', 'U'), ('దం', 'U'), ('దుం', 'U'), ('ది', '|'), ('రు', '|'), ('గం', 'U'), ('గ', '|'), ('బో', 'U'), ('క', '|'), ('ద', '|'), ('య', '|'), ('నా', 'U'), ('యం', 'U'), ('దుం', 'U'), ('డు', '|'), ('మె', 'U'), ('ల్ల', 'U'), ('ప్పు', '|'), ('డున్', 'U'), ('మం', 'U'), ('ద', '|'), ('ప్ర', '|'), ('క్రి', '|'), ('య', '|'), ('మా', 'U'), ('ని', '|'), ('పూ', 'U'), ('ని', '|'), ('క', '|'), ('ను', '|'), ('రా', 'U'), ('మా', 'U'), ('భ', 'U'), ('క్త', '|'), ('మం', 'U'), ('దా', 'U'), ('ర', '|'), ('మా', 'U')]",0.9428571428571428,1.0,1.0,0.9642857142857143,0.75,1.0
mattebhamu,"అకటా! తావక కావ్యభవ్యరచనావ్యాపారలీలావిలో-
లకసత్స్వాంతుఁడనైన నా పయిని నీ లక్ష్మీకటాక్షామృతం
బొకవేళం జనుదేర దేమి? దయలేదో యోగిహృత్పద్మస-
న్మకరందాసవపానకృద్భ్రమర! రామా! భక్తమందారమా!",vruttamu,Bhaktamandaara,"[('అ', '|'), ('క', '|'), ('టా', 'U'), ('తా', 'U'), ('వ', '|'), ('క', '|'), ('కా', 'U'), ('వ్య', '|'), ('భ', 'U'), ('వ్య', '|'), ('ర', '|'), ('చ', '|'), ('నా', 'U'), ('వ్యా', 'U'), ('పా', 'U'), ('ర', '|'), ('లీ', 'U'), ('లా', 'U'), ('వి', '|'), ('లో', 'U'), ('ల', '|'), ('క', '|'), ('స', 'U'), ('త్స్వాం', 'U'), ('తు', '|'), ('డ', '|'), ('నై', 'U'), ('న', '|'), ('నా', 'U'), ('ప', '|'), ('యి', '|'), ('ని', '|'), ('నీ', 'U'), ('ల', 'U'), ('క్ష్మీ', 'U'), ('క', '|'), ('టా', 'U'), ('క్షా', 'U'), ('మృ', '|'), ('తం', 'U'), ('బొ', '|'), ('క', '|'), ('వే', 'U'), ('ళం', 'U'), ('జ', '|'), ('ను', '|'), ('దే', 'U'), ('ర', '|'), ('దే', 'U'), ('మి', '|'), ('ద', '|'), ('య', '|'), ('లే', 'U'), ('దో', 'U'), ('యో', 'U'), ('గి', '|'), ('హృ', 'U'), ('త్ప', 'U'), ('ద్మ', '|'), ('స', 'U'), ('న్మ', '|'), ('క', '|'), ('రం', 'U'), ('దా', 'U'), ('స', '|'), ('వ', '|'), ('పా', 'U'), ('న', '|'), ('కృ', 'U'), ('ద్భ్ర', '|'), ('మ', '|'), ('ర', '|'), ('రా', 'U'), ('మా', 'U'), ('భ', 'U'), ('క్త', '|'), ('మం', 'U'), ('దా', 'U'), ('ర', '|'), ('మా', 'U')]",0.95,1.0,1.0,1.0,0.75,1.0
mattebhamu,"నతమర్త్యవ్రజవాంఛితార్థఫలదానశ్రీవిరాజన్మహో-
న్నతమందారమవంచు ధీరజను లానందంబునం దెల్ప నే
వ్రతచర్య న్నినువేఁడి వేసరితి ప్రోవన్ రావిదే నీకు స-
మ్మతమా! తెల్పుము తేటతెల్లముగ రామా! భక్తమందారమా!",vruttamu,Bhaktamandaara,"[('న', '|'), ('త', '|'), ('మ', 'U'), ('ర్త్య', '|'), ('వ్ర', '|'), ('జ', '|'), ('వాం', 'U'), ('ఛి', '|'), ('తా', 'U'), ('ర్థ', '|'), ('ఫ', '|'), ('ల', '|'), ('దా', 'U'), ('న', '|'), ('శ్రీ', 'U'), ('వి', '|'), ('రా', 'U'), ('జ', 'U'), ('న్మ', '|'), ('హో', 'U'), ('న్న', '|'), ('త', '|'), ('మం', 'U'), ('దా', 'U'), ('ర', '|'), ('మ', '|'), ('వం', 'U'), ('చు', '|'), ('ధీ', 'U'), ('ర', '|'), ('జ', '|'), ('ను', '|'), ('లా', 'U'), ('నం', 'U'), ('దం', 'U'), ('బు', '|'), ('నం', 'U'), ('దె', 'U'), ('ల్ప', '|'), ('నే', 'U'), ('వ్ర', '|'), ('త', '|'), ('చ', 'U'), ('ర్య', 'U'), ('న్ని', '|'), ('ను', '|'), ('వే', 'U'), ('డి', '|'), ('వే', 'U'), ('స', '|'), ('రి', '|'), ('తి', '|'), ('ప్రో', 'U'), ('వ', '|'), ('న్రా', 'U'), ('వి', '|'), ('దే', 'U'), ('నీ', 'U'), ('కు', '|'), ('స', 'U'), ('మ్మ', '|'), ('త', '|'), ('మా', 'U'), ('తె', 'U'), ('ల్పు', '|'), ('ము', '|'), ('తే', 'U'), ('ట', '|'), ('తె', 'U'), ('ల్ల', '|'), ('ము', '|'), ('గ', '|'), ('రా', 'U'), ('మా', 'U'), ('భ', 'U'), ('క్త', '|'), ('మం', 'U'), ('దా', 'U'), ('ర', '|'), ('మా', 'U')]",0.9785714285714284,1.0,1.0,0.8928571428571429,1.0,1.0
mattebhamu,"పదపద్యంబు లొనర్చి నీకొసగనో ప్రాజ్ఞుల్ నుతింపగ మీ
పదపద్మంబులు భక్తితోడ మదిలో భావింపనో? యేమిటం
గొదవే దేఁటికి జాగుచేసెదవ ? కోర్కులు దీర్పు వేవేగ! శా-
మదరాతిక్షణదాచరప్రమద! రామా! భక్తమందారమా!",vruttamu,Bhaktamandaara,"[('ప', '|'), ('ద', '|'), ('ప', 'U'), ('ద్యం', 'U'), ('బు', '|'), ('లొ', '|'), ('న', 'U'), ('ర్చి', '|'), ('నీ', 'U'), ('కొ', '|'), ('స', '|'), ('గ', '|'), ('నో', 'U'), ('ప్రా', 'U'), ('జ్ఞు', 'U'), ('ల్ను', '|'), ('తిం', 'U'), ('ప', '|'), ('గ', '|'), ('మీ', 'U'), ('ప', '|'), ('ద', '|'), ('ప', 'U'), ('ద్మం', 'U'), ('బు', '|'), ('లు', '|'), ('భ', 'U'), ('క్తి', '|'), ('తో', 'U'), ('డ', '|'), ('మ', '|'), ('ది', '|'), ('లో', 'U'), ('భా', 'U'), ('విం', 'U'), ('ప', '|'), ('నో', 'U'), ('యే', 'U'), ('మి', '|'), ('టం', 'U'), ('గొ', '|'), ('ద', '|'), ('వే', 'U'), ('దే', 'U'), ('టి', '|'), ('కి', '|'), ('జా', 'U'), ('గు', '|'), ('చే', 'U'), ('సె', '|'), ('ద', '|'), ('వ', '|'), ('కో', 'U'), ('ర్కు', '|'), ('లు', '|'), ('దీ', 'U'), ('ర్పు', '|'), ('వే', 'U'), ('వే', 'U'), ('గ', '|'), ('శా', 'U'), ('మ', '|'), ('ద', '|'), ('రా', 'U'), ('తి', 'U'), ('క్ష', '|'), ('ణ', '|'), ('దా', 'U'), ('చ', '|'), ('ర', '|'), ('ప్ర', '|'), ('మ', '|'), ('ద', '|'), ('రా', 'U'), ('మా', 'U'), ('భ', 'U'), ('క్త', '|'), ('మం', 'U'), ('దా', 'U'), ('ర', '|'), ('మా', 'U')]",0.8260714285714286,0.9875,1.0,0.6428571428571429,0.75,0.75
mattebhamu,"క్రతువుల్ సేసెదనంటినా బహుపదార్థంబిల్లె! సంధ్యాజప-
వ్రతముల్ సేసెదనంటినా దొరలఁ గొల్వంగావలెం గూటికై
ధృతి నిన్వేడెదనంటినా నిలువ దొక్కింతైనగానీ దయా-
మతి నన్నేగతిఁ బ్రోచెదో యెఁఱుగ రామా! భక్తమందారమా!",vruttamu,Bhaktamandaara,"[('క్ర', '|'), ('తు', '|'), ('వు', 'U'), ('ల్సే', 'U'), ('సె', '|'), ('ద', '|'), ('నం', 'U'), ('టి', '|'), ('నా', 'U'), ('బ', '|'), ('హు', '|'), ('ప', '|'), ('దా', 'U'), ('ర్థం', 'U'), ('బి', 'U'), ('ల్లె', '|'), ('సం', 'U'), ('ధ్యా', 'U'), ('జ', '|'), ('ప', '|'), ('వ్ర', '|'), ('త', '|'), ('ము', 'U'), ('ల్సే', 'U'), ('సె', '|'), ('ద', '|'), ('నం', 'U'), ('టి', '|'), ('నా', 'U'), ('దొ', '|'), ('ర', '|'), ('ల', '|'), ('గొ', 'U'), ('ల్వం', 'U'), ('గా', 'U'), ('వ', '|'), ('లెం', 'U'), ('గూ', 'U'), ('టి', '|'), ('కై', 'U'), ('ధృ', '|'), ('తి', '|'), ('ని', 'U'), ('న్వే', 'U'), ('డె', '|'), ('ద', '|'), ('నం', 'U'), ('టి', '|'), ('నా', 'U'), ('ని', '|'), ('లు', '|'), ('వ', '|'), ('దొ', 'U'), ('క్కిం', 'U'), ('తై', 'U'), ('న', '|'), ('గా', 'U'), ('నీ', 'U'), ('ద', '|'), ('యా', 'U'), ('మ', '|'), ('తి', '|'), ('న', 'U'), ('న్నే', 'U'), ('గ', '|'), ('తి', '|'), ('బ్రో', 'U'), ('చె', '|'), ('దో', 'U'), ('యె', '|'), ('ఱు', '|'), ('గ', '|'), ('రా', 'U'), ('మా', 'U'), ('భ', 'U'), ('క్త', '|'), ('మం', 'U'), ('దా', 'U'), ('ర', '|'), ('మా', 'U')]",0.9428571428571428,1.0,1.0,0.9642857142857143,0.75,1.0
mattebhamu,"తగునా పావన తావకీన పదధ్యాననిష్ఠాగరి
ష్ఠగతిన్ వర్తిలు మాకు నిప్పు డతికష్టప్రాప్తిఁ గావించి బల్
పగవానిన్ బలెఁ జూడఁగాఁ గటకటా! పాపంపు గాదోటు! జి-
హ్మగసమ్రాట్కరకంకణప్రణుత! రామా! భక్తమందారమా!",vruttamu,Bhaktamandaara,"[('త', '|'), ('గు', '|'), ('నా', 'U'), ('పా', 'U'), ('వ', '|'), ('న', '|'), ('తా', 'U'), ('వ', '|'), ('కీ', 'U'), ('న', '|'), ('ప', '|'), ('ద', 'U'), ('ధ్యా', 'U'), ('న', '|'), ('ని', 'U'), ('ష్ఠా', 'U'), ('గ', '|'), ('రి', 'U'), ('ష్ఠ', '|'), ('గ', '|'), ('తి', 'U'), ('న్వ', 'U'), ('ర్తి', '|'), ('లు', '|'), ('మా', 'U'), ('కు', '|'), ('ని', 'U'), ('ప్పు', '|'), ('డ', '|'), ('తి', '|'), ('క', 'U'), ('ష్ట', '|'), ('ప్రా', 'U'), ('ప్తి', '|'), ('గా', 'U'), ('విం', 'U'), ('చి', '|'), ('బల్', 'U'), ('ప', '|'), ('గ', '|'), ('వా', 'U'), ('ని', 'U'), ('న్బ', '|'), ('లె', '|'), ('జూ', 'U'), ('డ', '|'), ('గా', 'U'), ('గ', '|'), ('ట', '|'), ('క', '|'), ('టా', 'U'), ('పా', 'U'), ('పం', 'U'), ('పు', '|'), ('గా', 'U'), ('దో', 'U'), ('టు', '|'), ('జి', 'U'), ('హ్మ', '|'), ('గ', '|'), ('స', '|'), ('మ్రా', 'U'), ('ట్క', '|'), ('ర', '|'), ('కం', 'U'), ('క', '|'), ('ణ', '|'), ('ప్ర', '|'), ('ణు', '|'), ('త', '|'), ('రా', 'U'), ('మా', 'U'), ('భ', 'U'), ('క్త', '|'), ('మం', 'U'), ('దా', 'U'), ('ర', '|'), ('మా', 'U')]",0.5164285714285715,0.975,1.0,0.1071428571428571,0.25,0.25
mattebhamu,"నిను నా దైవముగా భజించుటకు నే నిత్యంబుఁ గావించు స-
జ్జనతాకర్ణరసాయనప్రకటభాస్వత్ సోములే సాక్షి నీ
వనుకంప న్ననుఁ బ్రోచుచుండుటకు నీ యైశ్వర్యమె సాక్షి నీ
మనసు న్నా మనసు న్నెఱుఁగు నిది రామా! భక్తమందారమా!",vruttamu,Bhaktamandaara,"[('ని', '|'), ('ను', '|'), ('నా', 'U'), ('దై', 'U'), ('వ', '|'), ('ము', '|'), ('గా', 'U'), ('భ', '|'), ('జిం', 'U'), ('చు', '|'), ('ట', '|'), ('కు', '|'), ('నే', 'U'), ('ని', 'U'), ('త్యం', 'U'), ('బు', '|'), ('గా', 'U'), ('విం', 'U'), ('చు', '|'), ('స', 'U'), ('జ్జ', '|'), ('న', '|'), ('తా', 'U'), ('క', 'U'), ('ర్ణ', '|'), ('ర', '|'), ('సా', 'U'), ('య', '|'), ('న', '|'), ('ప్ర', '|'), ('క', '|'), ('ట', '|'), ('భా', 'U'), ('స్వ', 'U'), ('త్సో', 'U'), ('ము', '|'), ('లే', 'U'), ('సా', 'U'), ('క్షి', '|'), ('నీ', 'U'), ('వ', '|'), ('ను', '|'), ('కం', 'U'), ('ప', 'U'), ('న్న', '|'), ('ను', '|'), ('బ్రో', 'U'), ('చు', '|'), ('చుం', 'U'), ('డు', '|'), ('ట', '|'), ('కు', '|'), ('నీ', 'U'), ('యై', 'U'), ('శ్వ', 'U'), ('ర్య', '|'), ('మె', '|'), ('సా', 'U'), ('క్షి', '|'), ('నీ', 'U'), ('మ', '|'), ('న', '|'), ('సు', 'U'), ('న్నా', 'U'), ('మ', '|'), ('న', '|'), ('సు', 'U'), ('న్నె', '|'), ('ఱు', '|'), ('గు', '|'), ('ని', '|'), ('ది', '|'), ('రా', 'U'), ('మా', 'U'), ('భ', 'U'), ('క్త', '|'), ('మం', 'U'), ('దా', 'U'), ('ర', '|'), ('మా', 'U')]",0.9285714285714285,1.0,1.0,0.8928571428571429,0.75,1.0
mattebhamu,"జయమొప్పార నిను న్మదీయహృదయాబ్జాతంబునం గొల్తు నే-
రములెల్లన్ క్షమచేసి ప్రోతువనుచున్ రాఁగం జనన్ నీదు చి-
త్తము నా భాగ్య మదెట్టిదో యెఱుగ తథ్యం బిద్ధసంగ్రామధా-
మమహాకాయవిరామశాతశర! రామా! భక్తమందారమా!",vruttamu,Bhaktamandaara,"[('జ', '|'), ('య', '|'), ('మొ', 'U'), ('ప్పా', 'U'), ('ర', '|'), ('ని', '|'), ('ను', 'U'), ('న్మ', '|'), ('దీ', 'U'), ('య', '|'), ('హృ', '|'), ('ద', '|'), ('యా', 'U'), ('బ్జా', 'U'), ('తం', 'U'), ('బు', '|'), ('నం', 'U'), ('గొ', 'U'), ('ల్తు', '|'), ('నే', 'U'), ('ర', '|'), ('ము', '|'), ('లె', 'U'), ('ల్ల', 'U'), ('న్క్ష', '|'), ('మ', '|'), ('చే', 'U'), ('సి', '|'), ('ప్రో', 'U'), ('తు', '|'), ('వ', '|'), ('ను', '|'), ('చు', '|'), ('న్రా', 'U'), ('గం', 'U'), ('జ', '|'), ('న', 'U'), ('న్నీ', 'U'), ('దు', '|'), ('చి', 'U'), ('త్త', '|'), ('ము', '|'), ('నా', 'U'), ('భా', 'U'), ('గ్య', '|'), ('మ', '|'), ('దె', 'U'), ('ట్టి', '|'), ('దో', 'U'), ('యె', '|'), ('ఱు', '|'), ('గ', '|'), ('త', 'U'), ('థ్యం', 'U'), ('బి', 'U'), ('ద్ధ', '|'), ('సం', 'U'), ('గ్రా', 'U'), ('మ', '|'), ('ధా', 'U'), ('మ', '|'), ('మ', '|'), ('హా', 'U'), ('కా', 'U'), ('య', '|'), ('వి', '|'), ('రా', 'U'), ('మ', '|'), ('శా', 'U'), ('త', '|'), ('శ', '|'), ('ర', '|'), ('రా', 'U'), ('మా', 'U'), ('భ', 'U'), ('క్త', '|'), ('మం', 'U'), ('దా', 'U'), ('ర', '|'), ('మా', 'U')]",0.9428571428571428,1.0,1.0,0.9642857142857143,1.0,0.75
mattebhamu,"జయ! నారాయణ! భక్తవత్సల! హరే! శౌరే! జగన్నాయకా
జయ! సీతాహృదయేశ! శేషశయనా! శశ్వద్దయాసాగరా!
జయ! పీతాంబర! రామచంద్ర! జలదశ్యామాంగ! విష్ణో! నిరా-
మయ! లీలామనుజావతారధర! రామా! భక్తమందారమా!",vruttamu,Bhaktamandaara,"[('జ', '|'), ('య', '|'), ('నా', 'U'), ('రా', 'U'), ('య', '|'), ('ణ', '|'), ('భ', 'U'), ('క్త', '|'), ('వ', 'U'), ('త్స', '|'), ('ల', '|'), ('హ', '|'), ('రే', 'U'), ('శౌ', 'U'), ('రే', 'U'), ('జ', '|'), ('గ', 'U'), ('న్నా', 'U'), ('య', '|'), ('కా', 'U'), ('జ', '|'), ('య', '|'), ('సీ', 'U'), ('తా', 'U'), ('హృ', '|'), ('ద', '|'), ('యే', 'U'), ('శ', '|'), ('శే', 'U'), ('ష', '|'), ('శ', '|'), ('య', '|'), ('నా', 'U'), ('శ', 'U'), ('శ్వ', 'U'), ('ద్ద', '|'), ('యా', 'U'), ('సా', 'U'), ('గ', '|'), ('రా', 'U'), ('జ', '|'), ('య', '|'), ('పీ', 'U'), ('తాం', 'U'), ('బ', '|'), ('ర', '|'), ('రా', 'U'), ('మ', '|'), ('చం', 'U'), ('ద్ర', '|'), ('జ', '|'), ('ల', '|'), ('ద', 'U'), ('శ్యా', 'U'), ('మాం', 'U'), ('గ', '|'), ('వి', 'U'), ('ష్ణో', 'U'), ('ని', '|'), ('రా', 'U'), ('మ', '|'), ('య', '|'), ('లీ', 'U'), ('లా', 'U'), ('మ', '|'), ('ను', '|'), ('జా', 'U'), ('వ', '|'), ('తా', 'U'), ('ర', '|'), ('ధ', '|'), ('ర', '|'), ('రా', 'U'), ('మా', 'U'), ('భ', 'U'), ('క్త', '|'), ('మం', 'U'), ('దా', 'U'), ('ర', '|'), ('మా', 'U')]",1.0,1.0,1.0,1.0,1.0,1.0
mattebhamu,"సరసప్రస్తుత కూచిమంచికులభాస్వద్వార్ధిరాకాసుధా-
కరుఁడన్ గంగనమంత్రినందనుఁడ! రంగత్తిమ్మభూమండలే-
శ్వరపర్యార్పిత “బేబదల్” బిరుదవిస్ఫాయజ్జగన్నాథనా
మ రసజ్ఞుండను బ్రోవు మెప్డు నను రామా! భక్తమందారమా!",vruttamu,Bhaktamandaara,"[('స', '|'), ('ర', '|'), ('స', '|'), ('ప్ర', 'U'), ('స్తు', '|'), ('త', '|'), ('కూ', 'U'), ('చి', '|'), ('మం', 'U'), ('చి', '|'), ('కు', '|'), ('ల', '|'), ('భా', 'U'), ('స్వ', 'U'), ('ద్వా', 'U'), ('ర్ధి', '|'), ('రా', 'U'), ('కా', 'U'), ('సు', '|'), ('ధా', 'U'), ('క', '|'), ('రు', '|'), ('డ', 'U'), ('న్గం', 'U'), ('గ', '|'), ('న', '|'), ('మం', 'U'), ('త్రి', '|'), ('నం', 'U'), ('ద', '|'), ('ను', '|'), ('డ', '|'), ('రం', 'U'), ('గ', 'U'), ('త్తి', 'U'), ('మ్మ', '|'), ('భూ', 'U'), ('మం', 'U'), ('డ', '|'), ('లే', 'U'), ('శ్వ', '|'), ('ర', '|'), ('ప', 'U'), ('ర్యా', 'U'), ('ర్పి', '|'), ('త', '|'), ('బే', 'U'), ('బ', '|'), ('ద', 'U'), ('ల్బి', '|'), ('రు', '|'), ('ద', '|'), ('వి', 'U'), ('స్ఫా', 'U'), ('య', 'U'), ('జ్జ', '|'), ('గ', 'U'), ('న్నా', 'U'), ('థ', '|'), ('నా', 'U'), ('మ', '|'), ('ర', '|'), ('స', 'U'), ('జ్ఞుం', 'U'), ('డ', '|'), ('ను', '|'), ('బ్రో', 'U'), ('వు', '|'), ('మె', 'U'), ('ప్డు', '|'), ('న', '|'), ('ను', '|'), ('రా', 'U'), ('మా', 'U'), ('భ', 'U'), ('క్త', '|'), ('మం', 'U'), ('దా', 'U'), ('ర', '|'), ('మా', 'U')]",0.9928571428571429,1.0,1.0,0.9642857142857143,1.0,1.0
saardulamu,"శ్రీకైలాస మహామహీధర శిరఃశృంగాటకాంచన్మణి-
ప్రాకారాంతర చంద్రకాంత రజతప్రాసాదశుద్ధాంత సిం-
హాకారోన్నతహేమపీఠమునఁ గొల్వైయుండు నిన్నెన్నెదన్
రాకాచంద్రనిభప్రభాకలిత! భర్గా! పార్వతీవల్లభా!",vruttamu,Bharga,"[('శ్రీ', 'U'), ('కై', 'U'), ('లా', 'U'), ('స', '|'), ('మ', '|'), ('హా', 'U'), ('మ', '|'), ('హీ', 'U'), ('ధ', '|'), ('ర', '|'), ('శి', '|'), ('రః', 'U'), ('శృం', 'U'), ('గా', 'U'), ('ట', '|'), ('కాం', 'U'), ('చ', 'U'), ('న్మ', '|'), ('ణి', '|'), ('ప్రా', 'U'), ('కా', 'U'), ('రాం', 'U'), ('త', '|'), ('ర', '|'), ('చం', 'U'), ('ద్ర', '|'), ('కాం', 'U'), ('త', '|'), ('ర', '|'), ('జ', '|'), ('త', '|'), ('ప్రా', 'U'), ('సా', 'U'), ('ద', '|'), ('శు', 'U'), ('ద్ధాం', 'U'), ('త', '|'), ('సిం', 'U'), ('హా', 'U'), ('కా', 'U'), ('రో', 'U'), ('న్న', '|'), ('త', '|'), ('హే', 'U'), ('మ', '|'), ('పీ', 'U'), ('ఠ', '|'), ('ము', '|'), ('న', '|'), ('గొ', 'U'), ('ల్వై', 'U'), ('యుం', 'U'), ('డు', '|'), ('ని', 'U'), ('న్నె', 'U'), ('న్నె', '|'), ('దన్', 'U'), ('రా', 'U'), ('కా', 'U'), ('చం', 'U'), ('ద్ర', '|'), ('ని', '|'), ('భ', '|'), ('ప్ర', '|'), ('భా', 'U'), ('క', '|'), ('లి', '|'), ('త', '|'), ('భ', 'U'), ('ర్గా', 'U'), ('పా', 'U'), ('ర్వ', '|'), ('తీ', 'U'), ('వ', 'U'), ('ల్ల', '|'), ('భా', 'U')]",0.8785714285714284,1.0,1.0,0.8928571428571429,0.5,1.0
mattebhamu,"క్షితినంభోనిధి కర్ఘ్యమిచ్చు క్రియ భక్తిన్బద్మినీభర్త కా-
రతి యర్పించు తెఱంగున న్బహుతరబ్రహ్మాండసంత్రాతకున్
శతకంబొక్కటి గూర్చి నీ కొసగెద న్సంరూఢిఁ గైకొమ్ము నా
కృతి సంస్తుత్యలసద్గుణాభరణ! భర్గా! పార్వతీవల్లభా!",vruttamu,Bharga,"[('క్షి', '|'), ('తి', '|'), ('నం', 'U'), ('భో', 'U'), ('ని', '|'), ('ధి', '|'), ('క', 'U'), ('ర్ఘ్య', '|'), ('మి', 'U'), ('చ్చు', '|'), ('క్రి', '|'), ('య', '|'), ('భ', 'U'), ('క్తి', 'U'), ('న్బ', 'U'), ('ద్మి', '|'), ('నీ', 'U'), ('భ', 'U'), ('ర్త', '|'), ('కా', 'U'), ('ర', '|'), ('తి', '|'), ('య', 'U'), ('ర్పిం', 'U'), ('చు', '|'), ('తె', '|'), ('ఱం', 'U'), ('గు', '|'), ('న', 'U'), ('న్బ', '|'), ('హు', '|'), ('త', '|'), ('ర', '|'), ('బ్ర', 'U'), ('హ్మాం', 'U'), ('డ', '|'), ('సం', 'U'), ('త్రా', 'U'), ('త', '|'), ('కున్', 'U'), ('శ', '|'), ('త', '|'), ('కం', 'U'), ('బొ', 'U'), ('క్క', '|'), ('టి', '|'), ('గూ', 'U'), ('ర్చి', '|'), ('నీ', 'U'), ('కొ', '|'), ('స', '|'), ('గె', '|'), ('ద', 'U'), ('న్సం', 'U'), ('రూ', 'U'), ('ఢి', '|'), ('గై', 'U'), ('కొ', 'U'), ('మ్ము', '|'), ('నా', 'U'), ('కృ', '|'), ('తి', '|'), ('సం', 'U'), ('స్తు', 'U'), ('త్య', '|'), ('ల', '|'), ('స', 'U'), ('ద్గు', '|'), ('ణా', 'U'), ('భ', '|'), ('ర', '|'), ('ణ', '|'), ('భ', 'U'), ('ర్గా', 'U'), ('పా', 'U'), ('ర్వ', '|'), ('తీ', 'U'), ('వ', 'U'), ('ల్ల', '|'), ('భా', 'U')]",0.9428571428571428,1.0,1.0,0.9642857142857143,0.75,1.0
mattebhamu,"శుక శాండిల్య మృకండుజాత్రి కలశీసూనుల్ భరద్వాజ శౌ-
నక వాల్మీకి వసిష్ఠ గర్గ భృగు మాండవ్యాజసంభూత కౌ-
శిక కణ్వాది మహర్షిశేఖరులు నిన్ జింతింపఁగా లేరు, కొం-
కక నేనెంతటివాఁడ నిన్బొగడ భర్గా! పార్వతీవల్లభా!",vruttamu,Bharga,"[('శు', '|'), ('క', '|'), ('శాం', 'U'), ('డి', 'U'), ('ల్య', '|'), ('మృ', '|'), ('కం', 'U'), ('డు', '|'), ('జా', 'U'), ('త్రి', '|'), ('క', '|'), ('ల', '|'), ('శీ', 'U'), ('సూ', 'U'), ('ను', 'U'), ('ల్భ', '|'), ('ర', 'U'), ('ద్వా', 'U'), ('జ', '|'), ('శౌ', 'U'), ('న', '|'), ('క', '|'), ('వా', 'U'), ('ల్మీ', 'U'), ('కి', '|'), ('వ', '|'), ('సి', 'U'), ('ష్ఠ', '|'), ('గ', 'U'), ('ర్గ', '|'), ('భృ', '|'), ('గు', '|'), ('మాం', 'U'), ('డ', 'U'), ('వ్యా', 'U'), ('జ', '|'), ('సం', 'U'), ('భూ', 'U'), ('త', '|'), ('కౌ', 'U'), ('శి', '|'), ('క', '|'), ('క', 'U'), ('ణ్వా', 'U'), ('ది', '|'), ('మ', '|'), ('హ', 'U'), ('ర్షి', '|'), ('శే', 'U'), ('ఖ', '|'), ('రు', '|'), ('లు', '|'), ('ని', 'U'), ('న్జిం', 'U'), ('తిం', 'U'), ('ప', '|'), ('గా', 'U'), ('లే', 'U'), ('రు', '|'), ('కొం', 'U'), ('క', '|'), ('క', '|'), ('నే', 'U'), ('నెం', 'U'), ('త', '|'), ('టి', '|'), ('వా', 'U'), ('డ', '|'), ('ని', 'U'), ('న్బొ', '|'), ('గ', '|'), ('డ', '|'), ('భ', 'U'), ('ర్గా', 'U'), ('పా', 'U'), ('ర్వ', '|'), ('తీ', 'U'), ('వ', 'U'), ('ల్ల', '|'), ('భా', 'U')]",0.95,1.0,1.0,1.0,0.75,1.0
mattebhamu,"వరకౌండిన్యసగోత్రపాత్రుని యశోవర్ధిష్ణునిం గుక్కుటే-
శ్వరకారుణ్యకటాక్షలబ్ధ కవితాసామ్రాజ్యధౌరేయునిన్
స్థిరపుణ్యుండగు గంగమంత్రిసుతునిన్ దిమ్మప్రధానేంద్రునిన్
గరుణన్బ్రోవుము కూచిమంచికులు భర్గా! పార్వతీవల్లభా!",vruttamu,Bharga,"[('వ', '|'), ('ర', '|'), ('కౌం', 'U'), ('డి', 'U'), ('న్య', '|'), ('స', '|'), ('గో', 'U'), ('త్ర', '|'), ('పా', 'U'), ('త్రు', '|'), ('ని', '|'), ('య', '|'), ('శో', 'U'), ('వ', 'U'), ('ర్ధి', 'U'), ('ష్ణు', '|'), ('నిం', 'U'), ('గు', 'U'), ('క్కు', '|'), ('టే', 'U'), ('శ్వ', '|'), ('ర', '|'), ('కా', 'U'), ('రు', 'U'), ('ణ్య', '|'), ('క', '|'), ('టా', 'U'), ('క్ష', '|'), ('ల', 'U'), ('బ్ధ', '|'), ('క', '|'), ('వి', '|'), ('తా', 'U'), ('సా', 'U'), ('మ్రా', 'U'), ('జ్య', '|'), ('ధౌ', 'U'), ('రే', 'U'), ('యు', '|'), ('నిన్', 'U'), ('స్థి', '|'), ('ర', '|'), ('పు', 'U'), ('ణ్యుం', 'U'), ('డ', '|'), ('గు', '|'), ('గం', 'U'), ('గ', '|'), ('మం', 'U'), ('త్రి', '|'), ('సు', '|'), ('తు', '|'), ('ని', 'U'), ('న్ది', 'U'), ('మ్మ', '|'), ('ప్ర', '|'), ('ధా', 'U'), ('నేం', 'U'), ('ద్రు', '|'), ('నిన్', 'U'), ('గ', '|'), ('రు', '|'), ('ణ', 'U'), ('న్బ్రో', 'U'), ('వు', '|'), ('ము', '|'), ('కూ', 'U'), ('చి', '|'), ('మం', 'U'), ('చి', '|'), ('కు', '|'), ('లు', '|'), ('భ', 'U'), ('ర్గా', 'U'), ('పా', 'U'), ('ర్వ', '|'), ('తీ', 'U'), ('వ', 'U'), ('ల్ల', '|'), ('భా', 'U')]",0.9928571428571429,1.0,1.0,0.9642857142857143,1.0,1.0
mattebhamu,"ప్రచురత్వంబుగ నెంతు నాత్మనెపుడు న్బ్రత్యూహసంశాంతికై
విచలత్కర్ణసమీరదూరిత మహావిఘ్నంబుభృజ్జాలునిన్
రుచిరాస్వాంబురుహస్రవన్మదజలప్రోత్సాహ లీలాముహుః
ప్రచురద్భృంగకులున్ గణాధిపుని భర్గా! పార్వతీవల్లభా!",vruttamu,Bharga,"[('ప్ర', '|'), ('చు', '|'), ('ర', 'U'), ('త్వం', 'U'), ('బు', '|'), ('గ', '|'), ('నెం', 'U'), ('తు', '|'), ('నా', 'U'), ('త్మ', '|'), ('నె', '|'), ('పు', '|'), ('డు', 'U'), ('న్బ్ర', 'U'), ('త్యూ', 'U'), ('హ', '|'), ('సం', 'U'), ('శాం', 'U'), ('తి', '|'), ('కై', 'U'), ('వి', '|'), ('చ', '|'), ('ల', 'U'), ('త్క', 'U'), ('ర్ణ', '|'), ('స', '|'), ('మీ', 'U'), ('ర', '|'), ('దూ', 'U'), ('రి', '|'), ('త', '|'), ('మ', '|'), ('హా', 'U'), ('వి', 'U'), ('ఘ్నం', 'U'), ('బు', '|'), ('భృ', 'U'), ('జ్జా', 'U'), ('లు', '|'), ('నిన్', 'U'), ('రు', '|'), ('చి', '|'), ('రా', 'U'), ('స్వాం', 'U'), ('బు', '|'), ('రు', '|'), ('హ', '|'), ('స్ర', '|'), ('వ', 'U'), ('న్మ', '|'), ('ద', '|'), ('జ', '|'), ('ల', '|'), ('ప్రో', 'U'), ('త్సా', 'U'), ('హ', '|'), ('లీ', 'U'), ('లా', 'U'), ('ము', '|'), ('హుః', 'U'), ('ప్ర', '|'), ('చు', '|'), ('ర', 'U'), ('ద్భృం', 'U'), ('గ', '|'), ('కు', '|'), ('లు', 'U'), ('న్గ', '|'), ('ణా', 'U'), ('ధి', '|'), ('పు', '|'), ('ని', '|'), ('భ', 'U'), ('ర్గా', 'U'), ('పా', 'U'), ('ర్వ', '|'), ('తీ', 'U'), ('వ', 'U'), ('ల్ల', '|'), ('భా', 'U')]",0.9857142857142858,1.0,1.0,0.9285714285714286,1.0,1.0
saardulamu,"వేమాఱున్ భవదీయ పావనకళావిఖ్యాతకావ్యక్రియా-
సామీచీన్య హృదంతరాళకవిరాట్సంక్రదనశ్రేణికిన్
సామర్థ్యం బొనగూర్చి మంచినుడువుల్ సంప్రీతి నొందించు వా-
గ్భామారత్నము లీలమై నిలిచి భర్గా! పార్వతీవల్లభా!",vruttamu,Bharga,"[('వే', 'U'), ('మా', 'U'), ('ఱు', 'U'), ('న్భ', '|'), ('వ', '|'), ('దీ', 'U'), ('య', '|'), ('పా', 'U'), ('వ', '|'), ('న', '|'), ('క', '|'), ('ళా', 'U'), ('వి', 'U'), ('ఖ్యా', 'U'), ('త', '|'), ('కా', 'U'), ('వ్య', '|'), ('క్రి', '|'), ('యా', 'U'), ('సా', 'U'), ('మీ', 'U'), ('చీ', 'U'), ('న్య', '|'), ('హృ', '|'), ('దం', 'U'), ('త', '|'), ('రా', 'U'), ('ళ', '|'), ('క', '|'), ('వి', '|'), ('రా', 'U'), ('ట్సం', 'U'), ('క్ర', '|'), ('ద', '|'), ('న', '|'), ('శ్రే', 'U'), ('ణి', '|'), ('కిన్', 'U'), ('సా', 'U'), ('మ', 'U'), ('ర్థ్యం', 'U'), ('బొ', '|'), ('న', '|'), ('గూ', 'U'), ('ర్చి', '|'), ('మం', 'U'), ('చి', '|'), ('ను', '|'), ('డు', '|'), ('వు', 'U'), ('ల్సం', 'U'), ('ప్రీ', 'U'), ('తి', '|'), ('నొం', 'U'), ('దిం', 'U'), ('చు', '|'), ('వా', 'U'), ('గ్భా', 'U'), ('మా', 'U'), ('ర', 'U'), ('త్న', '|'), ('ము', '|'), ('లీ', 'U'), ('ల', '|'), ('మై', 'U'), ('ని', '|'), ('లి', '|'), ('చి', '|'), ('భ', 'U'), ('ర్గా', 'U'), ('పా', 'U'), ('ర్వ', '|'), ('తీ', 'U'), ('వ', 'U'), ('ల్ల', '|'), ('భా', 'U')]",0.9785714285714284,1.0,1.0,0.8928571428571429,1.0,1.0
mattebhamu,"చిరభక్తిన్మదిలో భవద్వ్రతముగాఁ జింతింతు నశ్రాంతమున్
బరవాది ప్రమథద్విపేంద్రపదవీపంచాననశ్రేష్ఠు బం-
ధురతేజోనిధి దెందులూరికులపాథోరాశిరాకానిశా-
కరునిన్ లింగయసద్గురూత్తముని భర్గా! పార్వతీవల్లభా!",vruttamu,Bharga,"[('చి', '|'), ('ర', '|'), ('భ', 'U'), ('క్తి', 'U'), ('న్మ', '|'), ('ది', '|'), ('లో', 'U'), ('భ', '|'), ('వ', 'U'), ('ద్వ్ర', '|'), ('త', '|'), ('ము', '|'), ('గా', 'U'), ('జిం', 'U'), ('తిం', 'U'), ('తు', '|'), ('న', '|'), ('శ్రాం', 'U'), ('త', '|'), ('మున్', 'U'), ('బ', '|'), ('ర', '|'), ('వా', 'U'), ('ది', '|'), ('ప్ర', '|'), ('మ', '|'), ('థ', 'U'), ('ద్వి', '|'), ('పేం', 'U'), ('ద్ర', '|'), ('ప', '|'), ('ద', '|'), ('వీ', 'U'), ('పం', 'U'), ('చా', 'U'), ('న', '|'), ('న', '|'), ('శ్రే', 'U'), ('ష్ఠు', '|'), ('బం', 'U'), ('ధు', '|'), ('ర', '|'), ('తే', 'U'), ('జో', 'U'), ('ని', '|'), ('ధి', '|'), ('దెం', 'U'), ('దు', '|'), ('లూ', 'U'), ('రి', '|'), ('కు', '|'), ('ల', '|'), ('పా', 'U'), ('థో', 'U'), ('రా', 'U'), ('శి', '|'), ('రా', 'U'), ('కా', 'U'), ('ని', '|'), ('శా', 'U'), ('క', '|'), ('రు', '|'), ('ని', 'U'), ('న్లిం', 'U'), ('గ', '|'), ('య', '|'), ('స', 'U'), ('ద్గు', '|'), ('రూ', 'U'), ('త్త', '|'), ('ము', '|'), ('ని', '|'), ('భ', 'U'), ('ర్గా', 'U'), ('పా', 'U'), ('ర్వ', '|'), ('తీ', 'U'), ('వ', 'U'), ('ల్ల', '|'), ('భా', 'U')]",0.9785714285714284,1.0,1.0,0.8928571428571429,1.0,1.0
mattebhamu,"పులితోల్ముమ్మొనవాలు పాఁపతొడవుల్ భూత్యంతరాగంబు పు-
న్కలపేర్లెక్కువకన్ను నీలగళమున్ గంగావతంసంబు క్రొ-
న్నెలపూ వద్రిసుతాసమన్వయము విన్కీల్గంటు లేజింకయున్
గల నీ మూర్తిఁ దలంతు నెప్పుడును భర్గా! పార్వతీవల్లభా!",vruttamu,Bharga,"[('పు', '|'), ('లి', '|'), ('తో', 'U'), ('ల్ము', 'U'), ('మ్మొ', '|'), ('న', '|'), ('వా', 'U'), ('లు', '|'), ('పా', 'U'), ('ప', '|'), ('తొ', '|'), ('డ', '|'), ('వు', 'U'), ('ల్భూ', 'U'), ('త్యం', 'U'), ('త', '|'), ('రా', 'U'), ('గం', 'U'), ('బు', '|'), ('పు', 'U'), ('న్క', '|'), ('ల', '|'), ('పే', 'U'), ('ర్లె', 'U'), ('క్కు', '|'), ('వ', '|'), ('క', 'U'), ('న్ను', '|'), ('నీ', 'U'), ('ల', '|'), ('గ', '|'), ('ళ', '|'), ('ము', 'U'), ('న్గం', 'U'), ('గా', 'U'), ('వ', '|'), ('తం', 'U'), ('సం', 'U'), ('బు', '|'), ('క్రొ', 'U'), ('న్నె', '|'), ('ల', '|'), ('పూ', 'U'), ('వ', '|'), ('ద్రి', '|'), ('సు', '|'), ('తా', 'U'), ('స', '|'), ('మ', 'U'), ('న్వ', '|'), ('య', '|'), ('ము', '|'), ('వి', 'U'), ('న్కీ', 'U'), ('ల్గం', 'U'), ('టు', '|'), ('లే', 'U'), ('జిం', 'U'), ('క', '|'), ('యున్', 'U'), ('గ', '|'), ('ల', '|'), ('నీ', 'U'), ('మూ', 'U'), ('ర్తి', '|'), ('ద', '|'), ('లం', 'U'), ('తు', '|'), ('నె', 'U'), ('ప్పు', '|'), ('డు', '|'), ('ను', '|'), ('భ', 'U'), ('ర్గా', 'U'), ('పా', 'U'), ('ర్వ', '|'), ('తీ', 'U'), ('వ', 'U'), ('ల్ల', '|'), ('భా', 'U')]",0.9928571428571429,1.0,1.0,0.9642857142857143,1.0,1.0
mattebhamu,"హర! మృత్యుంజయ! చంద్రశేఖర! విరూపాక్షా! మహాదేవ! శం-
కర! భూతేశ! మహేశ! రుద్ర! మృడ! గంగాజూట! గౌరీమనో-
హర! సర్వజ్ఞ! బిలేశయాభరణ! శర్వా! నీలకంఠా! శివా!
కరిచర్మాంబర! యంచు నెంతు నిను భర్గా! పార్వతీవల్లభా!",vruttamu,Bharga,"[('హ', '|'), ('ర', '|'), ('మృ', 'U'), ('త్యుం', 'U'), ('జ', '|'), ('య', '|'), ('చం', 'U'), ('ద్ర', '|'), ('శే', 'U'), ('ఖ', '|'), ('ర', '|'), ('వి', '|'), ('రూ', 'U'), ('పా', 'U'), ('క్షా', 'U'), ('మ', '|'), ('హా', 'U'), ('దే', 'U'), ('వ', '|'), ('శం', 'U'), ('క', '|'), ('ర', '|'), ('భూ', 'U'), ('తే', 'U'), ('శ', '|'), ('మ', '|'), ('హే', 'U'), ('శ', '|'), ('రు', '|'), ('ద్ర', '|'), ('మృ', '|'), ('డ', '|'), ('గం', 'U'), ('గా', 'U'), ('జూ', 'U'), ('ట', '|'), ('గౌ', 'U'), ('రీ', 'U'), ('మ', '|'), ('నో', 'U'), ('హ', '|'), ('ర', '|'), ('స', 'U'), ('ర్వ', 'U'), ('జ్ఞ', '|'), ('బి', '|'), ('లే', 'U'), ('శ', '|'), ('యా', 'U'), ('భ', '|'), ('ర', '|'), ('ణ', '|'), ('శ', 'U'), ('ర్వా', 'U'), ('నీ', 'U'), ('ల', '|'), ('కం', 'U'), ('ఠా', 'U'), ('శి', '|'), ('వా', 'U'), ('క', '|'), ('రి', '|'), ('చ', 'U'), ('ర్మాం', 'U'), ('బ', '|'), ('ర', '|'), ('యం', 'U'), ('చు', '|'), ('నెం', 'U'), ('తు', '|'), ('ని', '|'), ('ను', '|'), ('భ', 'U'), ('ర్గా', 'U'), ('పా', 'U'), ('ర్వ', '|'), ('తీ', 'U'), ('వ', 'U'), ('ల్ల', '|'), ('భా', 'U')]",0.8928571428571429,1.0,1.0,0.9642857142857143,0.5,1.0
mattebhamu,"జగదీశాయ నమోస్తు తే భగవతే చంద్రావతంసాయ ప-
న్నగహారాయ శివాయ లోకగురవే నానామరుద్రూపిణే
నిగమాంతప్రతిపాదితాయ విలసన్నిర్వాణనాథాయ ధీ-
రగుణాఢ్యాయ యటంచు మ్రొక్కిడుదు భర్గా! పార్వతీవల్లభా!",vruttamu,Bharga,"[('జ', '|'), ('గ', '|'), ('దీ', 'U'), ('శా', 'U'), ('య', '|'), ('న', '|'), ('మో', 'U'), ('స్తు', '|'), ('తే', 'U'), ('భ', '|'), ('గ', '|'), ('వ', '|'), ('తే', 'U'), ('చం', 'U'), ('ద్రా', 'U'), ('వ', '|'), ('తం', 'U'), ('సా', 'U'), ('య', '|'), ('ప', 'U'), ('న్న', '|'), ('గ', '|'), ('హా', 'U'), ('రా', 'U'), ('య', '|'), ('శి', '|'), ('వా', 'U'), ('య', '|'), ('లో', 'U'), ('క', '|'), ('గు', '|'), ('ర', '|'), ('వే', 'U'), ('నా', 'U'), ('నా', 'U'), ('మ', '|'), ('రు', '|'), ('ద్రూ', 'U'), ('పి', '|'), ('ణే', 'U'), ('ని', '|'), ('గ', '|'), ('మాం', 'U'), ('త', '|'), ('ప్ర', '|'), ('తి', '|'), ('పా', 'U'), ('ది', '|'), ('తా', 'U'), ('య', '|'), ('వి', '|'), ('ల', '|'), ('స', 'U'), ('న్ని', 'U'), ('ర్వా', 'U'), ('ణ', '|'), ('నా', 'U'), ('థా', 'U'), ('య', '|'), ('ధీ', 'U'), ('ర', '|'), ('గు', '|'), ('ణా', 'U'), ('ఢ్యా', 'U'), ('య', '|'), ('య', '|'), ('టం', 'U'), ('చు', '|'), ('మ్రొ', 'U'), ('క్కి', '|'), ('డు', '|'), ('దు', '|'), ('భ', 'U'), ('ర్గా', 'U'), ('పా', 'U'), ('ర్వ', '|'), ('తీ', 'U'), ('వ', 'U'), ('ల్ల', '|'), ('భా', 'U')]",0.9857142857142858,1.0,1.0,0.9285714285714286,1.0,1.0
mattebhamu,"వ్రతముల్ దేవగురుద్విజార్యపదసేవల్ వైశ్వదేవాది స-
త్క్ర తుహోమాదులు దానధర్మములు వైరాగ్యప్రచారంబు లా-
శ్రితరక్షావిధు లించుకే నెఱుఁగ నీ చిత్తంబు నా భాగ్య మే-
గతి రక్షించెదొ కాని నన్నిఁకను భర్గా! పార్వతీవల్లభా!",vruttamu,Bharga,"[('వ్ర', '|'), ('త', '|'), ('ము', 'U'), ('ల్దే', 'U'), ('వ', '|'), ('గు', '|'), ('రు', 'U'), ('ద్వి', '|'), ('జా', 'U'), ('ర్య', '|'), ('ప', '|'), ('ద', '|'), ('సే', 'U'), ('వ', 'U'), ('ల్వై', 'U'), ('శ్వ', '|'), ('దే', 'U'), ('వా', 'U'), ('ది', '|'), ('స', 'U'), ('త్క్ర', '|'), ('తు', '|'), ('హో', 'U'), ('మా', 'U'), ('దు', '|'), ('లు', '|'), ('దా', 'U'), ('న', '|'), ('ధ', 'U'), ('ర్మ', '|'), ('ము', '|'), ('లు', '|'), ('వై', 'U'), ('రా', 'U'), ('గ్య', '|'), ('ప్ర', '|'), ('చా', 'U'), ('రం', 'U'), ('బు', '|'), ('లా', 'U'), ('శ్రి', '|'), ('త', '|'), ('ర', 'U'), ('క్షా', 'U'), ('వి', '|'), ('ధు', '|'), ('లిం', 'U'), ('చు', '|'), ('కే', 'U'), ('నె', '|'), ('ఱు', '|'), ('గ', '|'), ('నీ', 'U'), ('చి', 'U'), ('త్తం', 'U'), ('బు', '|'), ('నా', 'U'), ('భా', 'U'), ('గ్య', '|'), ('మే', 'U'), ('గ', '|'), ('తి', '|'), ('ర', 'U'), ('క్షిం', 'U'), ('చె', '|'), ('దొ', '|'), ('కా', 'U'), ('ని', '|'), ('న', 'U'), ('న్ని', '|'), ('క', '|'), ('ను', '|'), ('భ', 'U'), ('ర్గా', 'U'), ('పా', 'U'), ('ర్వ', '|'), ('తీ', 'U'), ('వ', 'U'), ('ల్ల', '|'), ('భా', 'U')]",0.9928571428571429,1.0,1.0,0.9642857142857143,1.0,1.0
mattebhamu,"మరుదర్కేందుకృశానుయజ్వ గగనాంభకుంభినీమూర్తి నం-
బరకేశున్ శరణాగతార్తిహరణు న్బాలేందుచూడామణిన్
ధరణీభృత్తనయాస్తనద్వయమిళిత్కస్తూరికాపంకసం-
కరదోరంతరు నిన్ భజించెదను భర్గా! పార్వతీవల్లభా!",vruttamu,Bharga,"[('మ', '|'), ('రు', '|'), ('ద', 'U'), ('ర్కేం', 'U'), ('దు', '|'), ('కృ', '|'), ('శా', 'U'), ('ను', '|'), ('య', 'U'), ('జ్వ', '|'), ('గ', '|'), ('గ', '|'), ('నాం', 'U'), ('భ', '|'), ('కుం', 'U'), ('భి', '|'), ('నీ', 'U'), ('మూ', 'U'), ('ర్తి', '|'), ('నం', 'U'), ('బ', '|'), ('ర', '|'), ('కే', 'U'), ('శు', 'U'), ('న్శ', '|'), ('ర', '|'), ('ణా', 'U'), ('గ', '|'), ('తా', 'U'), ('ర్తి', '|'), ('హ', '|'), ('ర', '|'), ('ణు', 'U'), ('న్బా', 'U'), ('లేం', 'U'), ('దు', '|'), ('చూ', 'U'), ('డా', 'U'), ('మ', '|'), ('ణిన్', 'U'), ('ధ', '|'), ('ర', '|'), ('ణీ', 'U'), ('భృ', 'U'), ('త్త', '|'), ('న', '|'), ('యా', 'U'), ('స్త', '|'), ('న', 'U'), ('ద్వ', '|'), ('య', '|'), ('మి', '|'), ('ళి', 'U'), ('త్క', 'U'), ('స్తూ', 'U'), ('రి', '|'), ('కా', 'U'), ('పం', 'U'), ('క', '|'), ('సం', 'U'), ('క', '|'), ('ర', '|'), ('దో', 'U'), ('రం', 'U'), ('త', '|'), ('రు', '|'), ('ని', 'U'), ('న్భ', '|'), ('జిం', 'U'), ('చె', '|'), ('ద', '|'), ('ను', '|'), ('భ', 'U'), ('ర్గా', 'U'), ('పా', 'U'), ('ర్వ', '|'), ('తీ', 'U'), ('వ', 'U'), ('ల్ల', '|'), ('భా', 'U')]",0.9928571428571429,1.0,1.0,0.9642857142857143,1.0,1.0
mattebhamu,"మిహిరప్రోద్భవఘోరకింకరసమున్మేషోరగశ్రేణికా
విహగోత్తంస మశేషదోషపటలీవేదండకంఠీరవం
బహితక్రూరగణాటవీహుతవహంబైనట్టి పంచాక్షరం
బహహా! కల్గెను నాకు భాగ్యమున భర్గా! పార్వతీవల్లభా!",vruttamu,Bharga,"[('మి', '|'), ('హి', '|'), ('ర', '|'), ('ప్రో', 'U'), ('ద్భ', '|'), ('వ', '|'), ('ఘో', 'U'), ('ర', '|'), ('కిం', 'U'), ('క', '|'), ('ర', '|'), ('స', '|'), ('ము', 'U'), ('న్మే', 'U'), ('షో', 'U'), ('ర', '|'), ('గ', '|'), ('శ్రే', 'U'), ('ణి', '|'), ('కా', 'U'), ('వి', '|'), ('హ', '|'), ('గో', 'U'), ('త్తం', 'U'), ('స', '|'), ('మ', '|'), ('శే', 'U'), ('ష', '|'), ('దో', 'U'), ('ష', '|'), ('ప', '|'), ('ట', '|'), ('లీ', 'U'), ('వే', 'U'), ('దం', 'U'), ('డ', '|'), ('కం', 'U'), ('ఠీ', 'U'), ('ర', '|'), ('వం', 'U'), ('బ', '|'), ('హి', '|'), ('త', '|'), ('క్రూ', 'U'), ('ర', '|'), ('గ', '|'), ('ణా', 'U'), ('ట', '|'), ('వీ', 'U'), ('హు', '|'), ('త', '|'), ('వ', '|'), ('హం', 'U'), ('బై', 'U'), ('న', 'U'), ('ట్టి', '|'), ('పం', 'U'), ('చా', 'U'), ('క్ష', '|'), ('రం', 'U'), ('బ', '|'), ('హ', '|'), ('హా', 'U'), ('క', 'U'), ('ల్గె', '|'), ('ను', '|'), ('నా', 'U'), ('కు', '|'), ('భా', 'U'), ('గ్య', '|'), ('ము', '|'), ('న', '|'), ('భ', 'U'), ('ర్గా', 'U'), ('పా', 'U'), ('ర్వ', '|'), ('తీ', 'U'), ('వ', 'U'), ('ల్ల', '|'), ('భా', 'U')]",0.9285714285714285,1.0,1.0,0.8928571428571429,0.75,1.0
mattebhamu,"నృపసేవా పరకామినీ పరధన ప్రేమాతిరేకంబు లొ-
క్కపుడుం గూర్పక తావకీన పదపద్మారాధనేచ్ఛారతుల్
కృప దైవాఱ నొసంగి భక్తవరుగా నేప్రొద్దు నన్బ్రోవుమీ
కపటారాతినిశాటసంహరణ! భర్గా! పార్వతీవల్లభా!",vruttamu,Bharga,"[('నృ', '|'), ('ప', '|'), ('సే', 'U'), ('వా', 'U'), ('ప', '|'), ('ర', '|'), ('కా', 'U'), ('మి', '|'), ('నీ', 'U'), ('ప', '|'), ('ర', '|'), ('ధ', '|'), ('న', '|'), ('ప్రే', 'U'), ('మా', 'U'), ('తి', '|'), ('రే', 'U'), ('కం', 'U'), ('బు', '|'), ('లొ', 'U'), ('క్క', '|'), ('పు', '|'), ('డుం', 'U'), ('గూ', 'U'), ('ర్ప', '|'), ('క', '|'), ('తా', 'U'), ('వ', '|'), ('కీ', 'U'), ('న', '|'), ('ప', '|'), ('ద', '|'), ('ప', 'U'), ('ద్మా', 'U'), ('రా', 'U'), ('ధ', '|'), ('నే', 'U'), ('చ్ఛా', 'U'), ('ర', '|'), ('తుల్', 'U'), ('కృ', '|'), ('ప', '|'), ('దై', 'U'), ('వా', 'U'), ('ఱ', '|'), ('నొ', '|'), ('సం', 'U'), ('గి', '|'), ('భ', 'U'), ('క్త', '|'), ('వ', '|'), ('రు', '|'), ('గా', 'U'), ('నే', 'U'), ('ప్రొ', 'U'), ('ద్దు', '|'), ('న', 'U'), ('న్బ్రో', 'U'), ('వు', '|'), ('మీ', 'U'), ('క', '|'), ('ప', '|'), ('టా', 'U'), ('రా', 'U'), ('తి', '|'), ('ని', '|'), ('శా', 'U'), ('ట', '|'), ('సం', 'U'), ('హ', '|'), ('ర', '|'), ('ణ', '|'), ('భ', 'U'), ('ర్గా', 'U'), ('పా', 'U'), ('ర్వ', '|'), ('తీ', 'U'), ('వ', 'U'), ('ల్ల', '|'), ('భా', 'U')]",0.8428571428571429,1.0,1.0,0.9642857142857143,0.25,1.0
mattebhamu,"అభవున్ శాశ్వతు నాద్యు నక్షయుని నవ్యక్తుం బరేశు న్మహా-
ప్రభు నాద్యంతవిహీను భూతమయు సర్వజ్ఞున్ గుణాతీతుఁ బ-
ద్మభవాండోదరు నాత్మరూపభవు నద్వంద్వుం జిదానందునిన్
రభసంబొప్పఁ దలంతు నిన్నె్పుడు భర్గా! పార్వతీవల్లభా!",vruttamu,Bharga,"[('అ', '|'), ('భ', '|'), ('వు', 'U'), ('న్శా', 'U'), ('శ్వ', '|'), ('తు', '|'), ('నా', 'U'), ('ద్యు', '|'), ('న', 'U'), ('క్ష', '|'), ('యు', '|'), ('ని', '|'), ('న', 'U'), ('వ్య', 'U'), ('క్తుం', 'U'), ('బ', '|'), ('రే', 'U'), ('శు', 'U'), ('న్మ', '|'), ('హా', 'U'), ('ప్ర', '|'), ('భు', '|'), ('నా', 'U'), ('ద్యం', 'U'), ('త', '|'), ('వి', '|'), ('హీ', 'U'), ('ను', '|'), ('భూ', 'U'), ('త', '|'), ('మ', '|'), ('యు', '|'), ('స', 'U'), ('ర్వ', 'U'), ('జ్ఞు', 'U'), ('న్గు', '|'), ('ణా', 'U'), ('తీ', 'U'), ('తు', '|'), ('బ', 'U'), ('ద్మ', '|'), ('భ', '|'), ('వాం', 'U'), ('డో', 'U'), ('ద', '|'), ('రు', '|'), ('నా', 'U'), ('త్మ', '|'), ('రూ', 'U'), ('ప', '|'), ('భ', '|'), ('వు', '|'), ('న', 'U'), ('ద్వం', 'U'), ('ద్వుం', 'U'), ('జి', '|'), ('దా', 'U'), ('నం', 'U'), ('దు', '|'), ('నిన్', 'U'), ('ర', '|'), ('భ', '|'), ('సం', 'U'), ('బొ', 'U'), ('ప్ప', '|'), ('ద', '|'), ('లం', 'U'), ('తు', '|'), ('ని', 'U'), ('న్నె్పు', '|'), ('డు', '|'), ('భ', 'U'), ('ర్గా', 'U'), ('పా', 'U'), ('ర్వ', '|'), ('తీ', 'U'), ('వ', 'U'), ('ల్ల', '|'), ('భా', 'U')]",0.9189285714285715,0.9875,1.0,0.8571428571428571,0.75,1.0
mattebhamu,"తనర న్నిన్మదినెంతు నెప్పుడును నా దైవంబుగా దాతఁగా
జనకుంగాఁ జెలికానిగా గురువుఁగా సద్బంధుగా నన్నఁగా
ఘననిక్షేపముగా మహాప్రభునిగాఁ గల్యాణసంధాయిగా
గనకోర్వీధరకార్ముకోల్లాసిత భర్గా! పార్వతీవల్లభా!",vruttamu,Bharga,"[('త', '|'), ('న', '|'), ('ర', 'U'), ('న్ని', 'U'), ('న్మ', '|'), ('ది', '|'), ('నెం', 'U'), ('తు', '|'), ('నె', 'U'), ('ప్పు', '|'), ('డు', '|'), ('ను', '|'), ('నా', 'U'), ('దై', 'U'), ('వం', 'U'), ('బు', '|'), ('గా', 'U'), ('దా', 'U'), ('త', '|'), ('గా', 'U'), ('జ', '|'), ('న', '|'), ('కుం', 'U'), ('గా', 'U'), ('జె', '|'), ('లి', '|'), ('కా', 'U'), ('ని', '|'), ('గా', 'U'), ('గు', '|'), ('రు', '|'), ('వు', '|'), ('గా', 'U'), ('స', 'U'), ('ద్బం', 'U'), ('ధు', '|'), ('గా', 'U'), ('న', 'U'), ('న్న', '|'), ('గా', 'U'), ('ఘ', '|'), ('న', '|'), ('ని', 'U'), ('క్షే', 'U'), ('ప', '|'), ('ము', '|'), ('గా', 'U'), ('మ', '|'), ('హా', 'U'), ('ప్ర', '|'), ('భు', '|'), ('ని', '|'), ('గా', 'U'), ('గ', 'U'), ('ల్యా', 'U'), ('ణ', '|'), ('సం', 'U'), ('ధా', 'U'), ('యి', '|'), ('గా', 'U'), ('గ', '|'), ('న', '|'), ('కో', 'U'), ('ర్వీ', 'U'), ('ధ', '|'), ('ర', '|'), ('కా', 'U'), ('ర్ము', '|'), ('కో', 'U'), ('ల్లా', 'U'), ('సి', '|'), ('త', '|'), ('భ', 'U'), ('ర్గా', 'U'), ('పా', 'U'), ('ర్వ', '|'), ('తీ', 'U'), ('వ', 'U'), ('ల్ల', '|'), ('భా', 'U')]",0.9928571428571429,1.0,1.0,0.9642857142857143,1.0,1.0
mattebhamu,"ప్రతివారంబు శివోహమస్మి యనుచు న్భావింతు గంగాధర-
స్తుతులెల్లప్పుడుఁ జేతు శంకరకథల్ సొంపార నాలింతు నా-
యుతబుద్ధిన్ జగమెల్ల నీశ్వరమయం బంచు న్విచారింతు నే-
గతి రక్షించెదొ కాని నీవు నను భర్గా! పార్వతీవల్లభా!",vruttamu,Bharga,"[('ప్ర', '|'), ('తి', '|'), ('వా', 'U'), ('రం', 'U'), ('బు', '|'), ('శి', '|'), ('వో', 'U'), ('హ', '|'), ('మ', 'U'), ('స్మి', '|'), ('య', '|'), ('ను', '|'), ('చు', 'U'), ('న్భా', 'U'), ('విం', 'U'), ('తు', '|'), ('గం', 'U'), ('గా', 'U'), ('ధ', '|'), ('ర', 'U'), ('స్తు', '|'), ('తు', '|'), ('లె', 'U'), ('ల్ల', 'U'), ('ప్పు', '|'), ('డు', '|'), ('జే', 'U'), ('తు', '|'), ('శం', 'U'), ('క', '|'), ('ర', '|'), ('క', '|'), ('థ', 'U'), ('ల్సొం', 'U'), ('పా', 'U'), ('ర', '|'), ('నా', 'U'), ('లిం', 'U'), ('తు', '|'), ('నా', 'U'), ('యు', '|'), ('త', '|'), ('బు', 'U'), ('ద్ధి', 'U'), ('న్జ', '|'), ('గ', '|'), ('మె', 'U'), ('ల్ల', '|'), ('నీ', 'U'), ('శ్వ', '|'), ('ర', '|'), ('మ', '|'), ('యం', 'U'), ('బం', 'U'), ('చు', 'U'), ('న్వి', '|'), ('చా', 'U'), ('రిం', 'U'), ('తు', '|'), ('నే', 'U'), ('గ', '|'), ('తి', '|'), ('ర', 'U'), ('క్షిం', 'U'), ('చె', '|'), ('దొ', '|'), ('కా', 'U'), ('ని', '|'), ('నీ', 'U'), ('వు', '|'), ('న', '|'), ('ను', '|'), ('భ', 'U'), ('ర్గా', 'U'), ('పా', 'U'), ('ర్వ', '|'), ('తీ', 'U'), ('వ', 'U'), ('ల్ల', '|'), ('భా', 'U')]",0.95,1.0,1.0,1.0,0.75,1.0
mattebhamu,"పురుహుతాగ్నిపరేతరాట్పలభుగంభోదీశవాతార్థపాం
బరకేశాబ్జభవాచ్యుతాదిక మహాబర్హిర్ముఖానేకభా-
స్వరకార్తస్వరవిస్ఫురన్మకుట శశ్వత్పద్మరాగప్రభో-
త్కరనీరాజిత పాదపంకరుహ! భర్గా! పార్వతీవల్లభా!",vruttamu,Bharga,"[('పు', '|'), ('రు', '|'), ('హు', '|'), ('తా', 'U'), ('గ్ని', '|'), ('ప', '|'), ('రే', 'U'), ('త', '|'), ('రా', 'U'), ('ట్ప', '|'), ('ల', '|'), ('భు', '|'), ('గం', 'U'), ('భో', 'U'), ('దీ', 'U'), ('శ', '|'), ('వా', 'U'), ('తా', 'U'), ('ర్థ', '|'), ('పాం', 'U'), ('బ', '|'), ('ర', '|'), ('కే', 'U'), ('శా', 'U'), ('బ్జ', '|'), ('భ', '|'), ('వా', 'U'), ('చ్యు', '|'), ('తా', 'U'), ('ది', '|'), ('క', '|'), ('మ', '|'), ('హా', 'U'), ('బ', 'U'), ('ర్హి', 'U'), ('ర్ము', '|'), ('ఖా', 'U'), ('నే', 'U'), ('క', '|'), ('భా', 'U'), ('స్వ', '|'), ('ర', '|'), ('కా', 'U'), ('ర్త', 'U'), ('స్వ', '|'), ('ర', '|'), ('వి', 'U'), ('స్ఫు', '|'), ('ర', 'U'), ('న్మ', '|'), ('కు', '|'), ('ట', '|'), ('శ', 'U'), ('శ్వ', 'U'), ('త్ప', 'U'), ('ద్మ', '|'), ('రా', 'U'), ('గ', '|'), ('ప్ర', '|'), ('భో', 'U'), ('త్క', '|'), ('ర', '|'), ('నీ', 'U'), ('రా', 'U'), ('జి', '|'), ('త', '|'), ('పా', 'U'), ('ద', '|'), ('పం', 'U'), ('క', '|'), ('రు', '|'), ('హ', '|'), ('భ', 'U'), ('ర్గా', 'U'), ('పా', 'U'), ('ర్వ', '|'), ('తీ', 'U'), ('వ', 'U'), ('ల్ల', '|'), ('భా', 'U')]",0.9857142857142858,1.0,1.0,0.9285714285714286,1.0,1.0
saardulamu,"వ్యాకీర్ణాచ్ఛజటాటవీతటనితాంతాలంబితోద్యత్తమి-
స్రాకాంతప్రథితప్రభాసముదయాశ్రాంతప్రఫుల్లన్మహా-
నాకద్వీపవతీవినిర్మిలజలాంతర్భాగభాగ్దివ్యరే-
ఖాకాంతోత్పలకైరవప్రకర! భర్గా! పార్వతీవల్లభా!",vruttamu,Bharga,"[('వ్యా', 'U'), ('కీ', 'U'), ('ర్ణా', 'U'), ('చ్ఛ', '|'), ('జ', '|'), ('టా', 'U'), ('ట', '|'), ('వీ', 'U'), ('త', '|'), ('ట', '|'), ('ని', '|'), ('తాం', 'U'), ('తా', 'U'), ('లం', 'U'), ('బి', '|'), ('తో', 'U'), ('ద్య', 'U'), ('త్త', '|'), ('మి', '|'), ('స్రా', 'U'), ('కాం', 'U'), ('త', '|'), ('ప్ర', '|'), ('థి', '|'), ('త', '|'), ('ప్ర', '|'), ('భా', 'U'), ('స', '|'), ('ము', '|'), ('ద', '|'), ('యా', 'U'), ('శ్రాం', 'U'), ('త', '|'), ('ప్ర', '|'), ('ఫు', 'U'), ('ల్ల', 'U'), ('న్మ', '|'), ('హా', 'U'), ('నా', 'U'), ('క', 'U'), ('ద్వీ', 'U'), ('ప', '|'), ('వ', '|'), ('తీ', 'U'), ('వి', '|'), ('ని', 'U'), ('ర్మి', '|'), ('ల', '|'), ('జ', '|'), ('లాం', 'U'), ('త', 'U'), ('ర్భా', 'U'), ('గ', '|'), ('భా', 'U'), ('గ్ది', 'U'), ('వ్య', '|'), ('రే', 'U'), ('ఖా', 'U'), ('కాం', 'U'), ('తో', 'U'), ('త్ప', '|'), ('ల', '|'), ('కై', 'U'), ('ర', '|'), ('వ', '|'), ('ప్ర', '|'), ('క', '|'), ('ర', '|'), ('భ', 'U'), ('ర్గా', 'U'), ('పా', 'U'), ('ర్వ', '|'), ('తీ', 'U'), ('వ', 'U'), ('ల్ల', '|'), ('భా', 'U')]",0.8642857142857142,1.0,1.0,0.8214285714285714,0.5,1.0
mattebhamu,"సతతానందితసర్గ! సర్వసుమనస్సంస్తుత్యసన్మార్గ! యూ-
ర్జితకారుణ్యనిసర్గ! రాజతధరిత్రీభృన్మహాదుర్గ! హృ-
త్కుతుకాలింగితదుర్గ! సంహృతసమిద్ఘోరద్విషద్వర్గ! సం-
యతనీరంధ్రసుఖాపవర్గ! జయ! భర్గా! పార్వతీవల్లభా!",vruttamu,Bharga,"[('స', '|'), ('త', '|'), ('తా', 'U'), ('నం', 'U'), ('ది', '|'), ('త', '|'), ('స', 'U'), ('ర్గ', '|'), ('స', 'U'), ('ర్వ', '|'), ('సు', '|'), ('మ', '|'), ('న', 'U'), ('స్సం', 'U'), ('స్తు', 'U'), ('త్య', '|'), ('స', 'U'), ('న్మా', 'U'), ('ర్గ', '|'), ('యూ', 'U'), ('ర్జి', '|'), ('త', '|'), ('కా', 'U'), ('రు', 'U'), ('ణ్య', '|'), ('ని', '|'), ('స', 'U'), ('ర్గ', '|'), ('రా', 'U'), ('జ', '|'), ('త', '|'), ('ధ', '|'), ('రి', '|'), ('త్రీ', 'U'), ('భృ', 'U'), ('న్మ', '|'), ('హా', 'U'), ('దు', 'U'), ('ర్గ', '|'), ('హృ', 'U'), ('త్కు', '|'), ('తు', '|'), ('కా', 'U'), ('లిం', 'U'), ('గి', '|'), ('త', '|'), ('దు', 'U'), ('ర్గ', '|'), ('సం', 'U'), ('హృ', '|'), ('త', '|'), ('స', '|'), ('మి', 'U'), ('ద్ఘో', 'U'), ('ర', 'U'), ('ద్వి', '|'), ('ష', 'U'), ('ద్వ', 'U'), ('ర్గ', '|'), ('సం', 'U'), ('య', '|'), ('త', '|'), ('నీ', 'U'), ('రం', 'U'), ('ధ్ర', '|'), ('సు', '|'), ('ఖా', 'U'), ('ప', '|'), ('వ', 'U'), ('ర్గ', '|'), ('జ', '|'), ('య', '|'), ('భ', 'U'), ('ర్గా', 'U'), ('పా', 'U'), ('ర్వ', '|'), ('తీ', 'U'), ('వ', 'U'), ('ల్ల', '|'), ('భా', 'U')]",0.9428571428571428,1.0,1.0,0.9642857142857143,0.75,1.0
mattebhamu,"పురరక్షఃపటుతూల హవ్యవహ! విస్ఫూర్జద్రురుక్రూరగో-
పరిపంథిక్షణదాచరోరగ మహాపక్షీంద్ర! ఘోరాంధకా-
సురగంధద్విరదేంద్ర పంచముఖ! యక్షుద్రప్రభావోల్లస-
త్కరిలేఖద్విషదభ్ర గంధవహ! భర్గా! పార్వతీవల్లభా!",vruttamu,Bharga,"[('పు', '|'), ('ర', '|'), ('ర', 'U'), ('క్షః', 'U'), ('ప', '|'), ('టు', '|'), ('తూ', 'U'), ('ల', '|'), ('హ', 'U'), ('వ్య', '|'), ('వ', '|'), ('హ', '|'), ('వి', 'U'), ('స్ఫూ', 'U'), ('ర్జ', '|'), ('ద్రు', '|'), ('రు', '|'), ('క్రూ', 'U'), ('ర', '|'), ('గో', 'U'), ('ప', '|'), ('రి', '|'), ('పం', 'U'), ('థి', 'U'), ('క్ష', '|'), ('ణ', '|'), ('దా', 'U'), ('చ', '|'), ('రో', 'U'), ('ర', '|'), ('గ', '|'), ('మ', '|'), ('హా', 'U'), ('ప', 'U'), ('క్షీం', 'U'), ('ద్ర', '|'), ('ఘో', 'U'), ('రాం', 'U'), ('ధ', '|'), ('కా', 'U'), ('సు', '|'), ('ర', '|'), ('గం', 'U'), ('ధ', 'U'), ('ద్వి', '|'), ('ర', '|'), ('దేం', 'U'), ('ద్ర', '|'), ('పం', 'U'), ('చ', '|'), ('ము', '|'), ('ఖ', '|'), ('య', 'U'), ('క్షు', '|'), ('ద్ర', '|'), ('ప్ర', '|'), ('భా', 'U'), ('వో', 'U'), ('ల్ల', '|'), ('స', 'U'), ('త్క', '|'), ('రి', '|'), ('లే', 'U'), ('ఖ', 'U'), ('ద్వి', '|'), ('ష', '|'), ('ద', '|'), ('భ్ర', '|'), ('గం', 'U'), ('ధ', '|'), ('వ', '|'), ('హ', '|'), ('భ', 'U'), ('ర్గా', 'U'), ('పా', 'U'), ('ర్వ', '|'), ('తీ', 'U'), ('వ', 'U'), ('ల్ల', '|'), ('భా', 'U')]",0.9714285714285715,1.0,1.0,0.8571428571428571,1.0,1.0
mattebhamu,"అమరాహార్యము విల్లుగా ఫణికులాధ్యక్షుండు తన్మౌర్విగాఁ
గమలాధీశుఁడు తూపుగా, నిగమముల్ గంధర్వముల్ గాఁగ స-
ర్వమహీచక్రముఁ దేరుఁజేసి విధి సారథ్యంబు మీఱం బరా-
క్రమలీలన్ దిగప్రోళ్ళఁ గూల్చితివి భర్గా! పార్వతీవల్లభా!",vruttamu,Bharga,"[('అ', '|'), ('మ', '|'), ('రా', 'U'), ('హా', 'U'), ('ర్య', '|'), ('ము', '|'), ('వి', 'U'), ('ల్లు', '|'), ('గా', 'U'), ('ఫ', '|'), ('ణి', '|'), ('కు', '|'), ('లా', 'U'), ('ధ్య', 'U'), ('క్షుం', 'U'), ('డు', '|'), ('త', 'U'), ('న్మౌ', 'U'), ('ర్వి', '|'), ('గా', 'U'), ('గ', '|'), ('మ', '|'), ('లా', 'U'), ('ధీ', 'U'), ('శు', '|'), ('డు', '|'), ('తూ', 'U'), ('పు', '|'), ('గా', 'U'), ('ని', '|'), ('గ', '|'), ('మ', '|'), ('ము', 'U'), ('ల్గం', 'U'), ('ధ', 'U'), ('ర్వ', '|'), ('ము', 'U'), ('ల్గా', 'U'), ('గ', '|'), ('స', 'U'), ('ర్వ', '|'), ('మ', '|'), ('హీ', 'U'), ('చ', '|'), ('క్ర', '|'), ('ము', '|'), ('దే', 'U'), ('రు', '|'), ('జే', 'U'), ('సి', '|'), ('వి', '|'), ('ధి', '|'), ('సా', 'U'), ('ర', 'U'), ('థ్యం', 'U'), ('బు', '|'), ('మీ', 'U'), ('ఱం', 'U'), ('బ', '|'), ('రా', 'U'), ('క్ర', '|'), ('మ', '|'), ('లీ', 'U'), ('ల', 'U'), ('న్ది', '|'), ('గ', '|'), ('ప్రో', 'U'), ('ళ్ళ', '|'), ('గూ', 'U'), ('ల్చి', '|'), ('తి', '|'), ('వి', '|'), ('భ', 'U'), ('ర్గా', 'U'), ('పా', 'U'), ('ర్వ', '|'), ('తీ', 'U'), ('వ', 'U'), ('ల్ల', '|'), ('భా', 'U')]",0.9928571428571429,1.0,1.0,0.9642857142857143,1.0,1.0
saardulamu,"కోటీరాంగదమేఖలాఘనతులాకోటీ కవాటీనట-
ద్ఘోటీ హాటకపేటికాభటవధూకోటీ నటాందోళికా-
వీటీ నాటకచేటికాంబరతతుల్ వే చేకుఱు న్నిన్నిరా-
ఘాటప్రౌఢి భజించు ధన్యులకు భర్గా! పార్వతీవల్లభా!",vruttamu,Bharga,"[('కో', 'U'), ('టీ', 'U'), ('రాం', 'U'), ('గ', '|'), ('ద', '|'), ('మే', 'U'), ('ఖ', '|'), ('లా', 'U'), ('ఘ', '|'), ('న', '|'), ('తు', '|'), ('లా', 'U'), ('కో', 'U'), ('టీ', 'U'), ('క', '|'), ('వా', 'U'), ('టీ', 'U'), ('న', '|'), ('ట', 'U'), ('ద్ఘో', 'U'), ('టీ', 'U'), ('హా', 'U'), ('ట', '|'), ('క', '|'), ('పే', 'U'), ('టి', '|'), ('కా', 'U'), ('భ', '|'), ('ట', '|'), ('వ', '|'), ('ధూ', 'U'), ('కో', 'U'), ('టీ', 'U'), ('న', '|'), ('టాం', 'U'), ('దో', 'U'), ('ళి', '|'), ('కా', 'U'), ('వీ', 'U'), ('టీ', 'U'), ('నా', 'U'), ('ట', '|'), ('క', '|'), ('చే', 'U'), ('టి', '|'), ('కాం', 'U'), ('బ', '|'), ('ర', '|'), ('త', '|'), ('తు', 'U'), ('ల్వే', 'U'), ('చే', 'U'), ('కు', '|'), ('ఱు', 'U'), ('న్ని', 'U'), ('న్ని', '|'), ('రా', 'U'), ('ఘా', 'U'), ('ట', '|'), ('ప్రౌ', 'U'), ('ఢి', '|'), ('భ', '|'), ('జిం', 'U'), ('చు', '|'), ('ధ', 'U'), ('న్యు', '|'), ('ల', '|'), ('కు', '|'), ('భ', 'U'), ('ర్గా', 'U'), ('పా', 'U'), ('ర్వ', '|'), ('తీ', 'U'), ('వ', 'U'), ('ల్ల', '|'), ('భా', 'U')]",0.9928571428571429,1.0,1.0,0.9642857142857143,1.0,1.0
saardulamu,"కంఠేకాలుఁడటంచు నిన్నెపుడు లోకవ్రాత మగ్గింప వై-
కుంఠేంద్రాంబుజసంభవప్రముఖులం గోలాహలప్రక్రియం
గుంఠీభూతులఁ జేయు దుర్భయదకాకోలంబు హేలాగతిన్
గంఠాగ్రంబునఁ బూనినాఁడవట! భర్గా! పార్వతీవల్లభా!",vruttamu,Bharga,"[('కం', 'U'), ('ఠే', 'U'), ('కా', 'U'), ('లు', '|'), ('డ', '|'), ('టం', 'U'), ('చు', '|'), ('ని', 'U'), ('న్నె', '|'), ('పు', '|'), ('డు', '|'), ('లో', 'U'), ('క', '|'), ('వ్రా', 'U'), ('త', '|'), ('మ', 'U'), ('గ్గిం', 'U'), ('ప', '|'), ('వై', 'U'), ('కుం', 'U'), ('ఠేం', 'U'), ('ద్రాం', 'U'), ('బు', '|'), ('జ', '|'), ('సం', 'U'), ('భ', '|'), ('వ', '|'), ('ప్ర', '|'), ('ము', '|'), ('ఖు', '|'), ('లం', 'U'), ('గో', 'U'), ('లా', 'U'), ('హ', '|'), ('ల', '|'), ('ప్ర', '|'), ('క్రి', '|'), ('యం', 'U'), ('గుం', 'U'), ('ఠీ', 'U'), ('భూ', 'U'), ('తు', '|'), ('ల', '|'), ('జే', 'U'), ('యు', '|'), ('దు', 'U'), ('ర్భ', '|'), ('య', '|'), ('ద', '|'), ('కా', 'U'), ('కో', 'U'), ('లం', 'U'), ('బు', '|'), ('హే', 'U'), ('లా', 'U'), ('గ', '|'), ('తిన్', 'U'), ('గం', 'U'), ('ఠా', 'U'), ('గ్రం', 'U'), ('బు', '|'), ('న', '|'), ('బూ', 'U'), ('ని', '|'), ('నా', 'U'), ('డ', '|'), ('వ', '|'), ('ట', '|'), ('భ', 'U'), ('ర్గా', 'U'), ('పా', 'U'), ('ర్వ', '|'), ('తీ', 'U'), ('వ', 'U'), ('ల్ల', '|'), ('భా', 'U')]",0.9785714285714284,1.0,1.0,0.8928571428571429,1.0,1.0
mattebhamu,"నిను డెందంబునఁ జీరికిం గొనక వాణీనాథజంభద్విష-
ద్దనుజారిప్రముఖాఖిలామరతతిన్ దట్టంబుగాఁ గూర్చి యా-
మున జన్నంబొనరించు దక్షుని దురాత్ము న్వీరభద్రోగ్రసం-
హననం బూని వధించితౌరా! భళి! భర్గా! పార్వతీవల్లభా!",vruttamu,Bharga,"[('ని', '|'), ('ను', '|'), ('డెం', 'U'), ('దం', 'U'), ('బు', '|'), ('న', '|'), ('జీ', 'U'), ('రి', '|'), ('కిం', 'U'), ('గొ', '|'), ('న', '|'), ('క', '|'), ('వా', 'U'), ('ణీ', 'U'), ('నా', 'U'), ('థ', '|'), ('జం', 'U'), ('భ', 'U'), ('ద్వి', '|'), ('ష', 'U'), ('ద్ద', '|'), ('ను', '|'), ('జా', 'U'), ('రి', '|'), ('ప్ర', '|'), ('ము', '|'), ('ఖా', 'U'), ('ఖి', '|'), ('లా', 'U'), ('మ', '|'), ('ర', '|'), ('త', '|'), ('తి', 'U'), ('న్ద', 'U'), ('ట్టం', 'U'), ('బు', '|'), ('గా', 'U'), ('గూ', 'U'), ('ర్చి', '|'), ('యా', 'U'), ('ము', '|'), ('న', '|'), ('జ', 'U'), ('న్నం', 'U'), ('బొ', '|'), ('న', '|'), ('రిం', 'U'), ('చు', '|'), ('ద', 'U'), ('క్షు', '|'), ('ని', '|'), ('దు', '|'), ('రా', 'U'), ('త్ము', 'U'), ('న్వీ', 'U'), ('ర', '|'), ('భ', '|'), ('ద్రో', 'U'), ('గ్ర', '|'), ('సం', 'U'), ('హ', '|'), ('న', '|'), ('నం', 'U'), ('బూ', 'U'), ('ని', '|'), ('వ', '|'), ('ధిం', 'U'), ('చి', '|'), ('తౌ', 'U'), ('రా', 'U'), ('భ', '|'), ('ళి', '|'), ('భ', 'U'), ('ర్గా', 'U'), ('పా', 'U'), ('ర్వ', '|'), ('తీ', 'U'), ('వ', 'U'), ('ల్ల', '|'), ('భా', 'U')]",0.9285714285714285,1.0,1.0,0.8928571428571429,0.75,1.0
mattebhamu,"కిరిహంసాకృతులూని వెన్నుఁడును బంకేజాతగర్భుండు నీ
చరణంబుల్ శిరము న్గనం దలఁచి నిచ్చల్భోగిలోకంబు పు-
ష్కరమార్గంబును రోసి కానక నిరాశం జెందుచో వారలం
గరుణం బ్రోవవె లింగమూర్తివయి! భర్గా! పార్వతీవల్లభా!",vruttamu,Bharga,"[('కి', '|'), ('రి', '|'), ('హం', 'U'), ('సా', 'U'), ('కృ', '|'), ('తు', '|'), ('లూ', 'U'), ('ని', '|'), ('వె', 'U'), ('న్ను', '|'), ('డు', '|'), ('ను', '|'), ('బం', 'U'), ('కే', 'U'), ('జా', 'U'), ('త', '|'), ('గ', 'U'), ('ర్భుం', 'U'), ('డు', '|'), ('నీ', 'U'), ('చ', '|'), ('ర', '|'), ('ణం', 'U'), ('బు', 'U'), ('ల్శి', '|'), ('ర', '|'), ('ము', 'U'), ('న్గ', '|'), ('నం', 'U'), ('ద', '|'), ('ల', '|'), ('చి', '|'), ('ని', 'U'), ('చ్చ', 'U'), ('ల్భో', 'U'), ('గి', '|'), ('లో', 'U'), ('కం', 'U'), ('బు', '|'), ('పు', 'U'), ('ష్క', '|'), ('ర', '|'), ('మా', 'U'), ('ర్గం', 'U'), ('బు', '|'), ('ను', '|'), ('రో', 'U'), ('సి', '|'), ('కా', 'U'), ('న', '|'), ('క', '|'), ('ని', '|'), ('రా', 'U'), ('శం', 'U'), ('జెం', 'U'), ('దు', '|'), ('చో', 'U'), ('వా', 'U'), ('ర', '|'), ('లం', 'U'), ('గ', '|'), ('రు', '|'), ('ణం', 'U'), ('బ్రో', 'U'), ('వ', '|'), ('వె', '|'), ('లిం', 'U'), ('గ', '|'), ('మూ', 'U'), ('ర్తి', '|'), ('వ', '|'), ('యి', '|'), ('భ', 'U'), ('ర్గా', 'U'), ('పా', 'U'), ('ర్వ', '|'), ('తీ', 'U'), ('వ', 'U'), ('ల్ల', '|'), ('భా', 'U')]",1.0,1.0,1.0,1.0,1.0,1.0
mattebhamu,"తరమే యేరికిఁ దావకీన ఘననిత్యశ్రీవిలాసక్రియల్
గరిమ న్దెల్పఁగ? దారుకావనిని లోకఖ్యాతిగా వర్ణివై
పరమానందరసార్ద్రమానసుఁడవై పల్మారు గ్రీడించితౌ
నరుదార న్మునిదారలం గలిసి భర్గా! పార్వతీవల్లభా!",vruttamu,Bharga,"[('త', '|'), ('ర', '|'), ('మే', 'U'), ('యే', 'U'), ('రి', '|'), ('కి', '|'), ('దా', 'U'), ('వ', '|'), ('కీ', 'U'), ('న', '|'), ('ఘ', '|'), ('న', '|'), ('ని', 'U'), ('త్య', '|'), ('శ్రీ', 'U'), ('వి', '|'), ('లా', 'U'), ('స', '|'), ('క్రి', '|'), ('యల్', 'U'), ('గ', '|'), ('రి', '|'), ('మ', 'U'), ('న్దె', 'U'), ('ల్ప', '|'), ('గ', '|'), ('దా', 'U'), ('రు', '|'), ('కా', 'U'), ('వ', '|'), ('ని', '|'), ('ని', '|'), ('లో', 'U'), ('క', 'U'), ('ఖ్యా', 'U'), ('తి', '|'), ('గా', 'U'), ('వ', 'U'), ('ర్ణి', '|'), ('వై', 'U'), ('ప', '|'), ('ర', '|'), ('మా', 'U'), ('నం', 'U'), ('ద', '|'), ('ర', '|'), ('సా', 'U'), ('ర్ద్ర', '|'), ('మా', 'U'), ('న', '|'), ('సు', '|'), ('డ', '|'), ('వై', 'U'), ('ప', 'U'), ('ల్మా', 'U'), ('రు', '|'), ('గ్రీ', 'U'), ('డిం', 'U'), ('చి', '|'), ('తౌ', 'U'), ('న', '|'), ('రు', '|'), ('దా', 'U'), ('ర', 'U'), ('న్ము', '|'), ('ని', '|'), ('దా', 'U'), ('ర', '|'), ('లం', 'U'), ('గ', '|'), ('లి', '|'), ('సి', '|'), ('భ', 'U'), ('ర్గా', 'U'), ('పా', 'U'), ('ర్వ', '|'), ('తీ', 'U'), ('వ', 'U'), ('ల్ల', '|'), ('భా', 'U')]",0.9357142857142857,1.0,1.0,0.9285714285714286,0.75,1.0
mattebhamu,"హరికన్న న్మరి దైవ మెవ్వఁడును లేఁడంచు న్భుజంబెత్తి ని-
ర్భరగర్వోద్ధతిఁ గాశికానగరిలోఁ బల్మాఱు వాదించు ని-
ష్ఠురవాగ్దోషరతుం బరాశరసుతున్ స్రుక్కింపవే భీమవై-
ఖరి దోఃస్థంభన మాచరించి మును భర్గా! పార్వతీవల్లభా!",vruttamu,Bharga,"[('హ', '|'), ('రి', '|'), ('క', 'U'), ('న్న', 'U'), ('న్మ', '|'), ('రి', '|'), ('దై', 'U'), ('వ', '|'), ('మె', 'U'), ('వ్వ', '|'), ('డు', '|'), ('ను', '|'), ('లే', 'U'), ('డం', 'U'), ('చు', 'U'), ('న్భు', '|'), ('జం', 'U'), ('బె', 'U'), ('త్తి', '|'), ('ని', 'U'), ('ర్భ', '|'), ('ర', '|'), ('గ', 'U'), ('ర్వో', 'U'), ('ద్ధ', '|'), ('తి', '|'), ('గా', 'U'), ('శి', '|'), ('కా', 'U'), ('న', '|'), ('గ', '|'), ('రి', '|'), ('లో', 'U'), ('బ', 'U'), ('ల్మా', 'U'), ('ఱు', '|'), ('వా', 'U'), ('దిం', 'U'), ('చు', '|'), ('ని', 'U'), ('ష్ఠు', '|'), ('ర', '|'), ('వా', 'U'), ('గ్దో', 'U'), ('ష', '|'), ('ర', '|'), ('తుం', 'U'), ('బ', '|'), ('రా', 'U'), ('శ', '|'), ('ర', '|'), ('సు', '|'), ('తు', 'U'), ('న్స్రు', 'U'), ('క్కిం', 'U'), ('ప', '|'), ('వే', 'U'), ('భీ', 'U'), ('మ', '|'), ('వై', 'U'), ('ఖ', '|'), ('రి', '|'), ('దోః', 'U'), ('స్థం', 'U'), ('భ', '|'), ('న', '|'), ('మా', 'U'), ('చ', '|'), ('రిం', 'U'), ('చి', '|'), ('ము', '|'), ('ను', '|'), ('భ', 'U'), ('ర్గా', 'U'), ('పా', 'U'), ('ర్వ', '|'), ('తీ', 'U'), ('వ', 'U'), ('ల్ల', '|'), ('భా', 'U')]",0.95,1.0,1.0,1.0,0.75,1.0
mattebhamu,"దనుజారాతి మృదంగము న్నలువ కైతాళంబు గోత్రాహితుం-
డెనయ న్వేణువు వాణి వీణయును వాయింపన్ రమాకాంత నే-
ర్పున గానం బొనరింప సంజతఱి వేల్పుల్మెచ్చఁగా హాళిమై
ఘనతన్ దాండవకేళి సేయుదఁట! భర్గా! పార్వతీవల్లభా!",vruttamu,Bharga,"[('ద', '|'), ('ను', '|'), ('జా', 'U'), ('రా', 'U'), ('తి', '|'), ('మృ', '|'), ('దం', 'U'), ('గ', '|'), ('ము', 'U'), ('న్న', '|'), ('లు', '|'), ('వ', '|'), ('కై', 'U'), ('తా', 'U'), ('ళం', 'U'), ('బు', '|'), ('గో', 'U'), ('త్రా', 'U'), ('హి', '|'), ('తుం', 'U'), ('డె', '|'), ('న', '|'), ('య', 'U'), ('న్వే', 'U'), ('ణు', '|'), ('వు', '|'), ('వా', 'U'), ('ణి', '|'), ('వీ', 'U'), ('ణ', '|'), ('యు', '|'), ('ను', '|'), ('వా', 'U'), ('యిం', 'U'), ('ప', '|'), ('న్ర', '|'), ('మా', 'U'), ('కాం', 'U'), ('త', '|'), ('నే', 'U'), ('ర్పు', '|'), ('న', '|'), ('గా', 'U'), ('నం', 'U'), ('బొ', '|'), ('న', '|'), ('రిం', 'U'), ('ప', '|'), ('సం', 'U'), ('జ', '|'), ('త', '|'), ('ఱి', '|'), ('వే', 'U'), ('ల్పు', 'U'), ('ల్మె', 'U'), ('చ్చ', '|'), ('గా', 'U'), ('హా', 'U'), ('ళి', '|'), ('మై', 'U'), ('ఘ', '|'), ('న', '|'), ('త', 'U'), ('న్దాం', 'U'), ('డ', '|'), ('వ', '|'), ('కే', 'U'), ('ళి', '|'), ('సే', 'U'), ('యు', '|'), ('ద', '|'), ('ట', '|'), ('భ', 'U'), ('ర్గా', 'U'), ('పా', 'U'), ('ర్వ', '|'), ('తీ', 'U'), ('వ', 'U'), ('ల్ల', '|'), ('భా', 'U')]",0.9428571428571428,1.0,1.0,0.9642857142857143,0.75,1.0
saardulamu,"నీలాంభోధరమధ్యసంస్థితతటిన్నీకాశమై విస్ఫుర-
ల్లీల న్నివ్వరిముంటి చందమున నెంతే సూక్ష్మమై పచ్చనై
చాలన్భాసిలు తేజమీవ యనుచు న్స్వాంతంబునం దెన్నుదుర్
వాలెంబున్ ఘనులైన తాపసులు భర్గా! పార్వతీవల్లభా!",vruttamu,Bharga,"[('నీ', 'U'), ('లాం', 'U'), ('భో', 'U'), ('ధ', '|'), ('ర', '|'), ('మ', 'U'), ('ధ్య', '|'), ('సం', 'U'), ('స్థి', '|'), ('త', '|'), ('త', '|'), ('టి', 'U'), ('న్నీ', 'U'), ('కా', 'U'), ('శ', '|'), ('మై', 'U'), ('వి', 'U'), ('స్ఫు', '|'), ('ర', 'U'), ('ల్లీ', 'U'), ('ల', 'U'), ('న్ని', 'U'), ('వ్వ', '|'), ('రి', '|'), ('ముం', 'U'), ('టి', '|'), ('చం', 'U'), ('ద', '|'), ('ము', '|'), ('న', '|'), ('నెం', 'U'), ('తే', 'U'), ('సూ', 'U'), ('క్ష్మ', '|'), ('మై', 'U'), ('ప', 'U'), ('చ్చ', '|'), ('నై', 'U'), ('చా', 'U'), ('ల', 'U'), ('న్భా', 'U'), ('సి', '|'), ('లు', '|'), ('తే', 'U'), ('జ', '|'), ('మీ', 'U'), ('వ', '|'), ('య', '|'), ('ను', '|'), ('చు', 'U'), ('న్స్వాం', 'U'), ('తం', 'U'), ('బు', '|'), ('నం', 'U'), ('దె', 'U'), ('న్ను', '|'), ('దుర్', 'U'), ('వా', 'U'), ('లెం', 'U'), ('బు', 'U'), ('న్ఘ', '|'), ('ను', '|'), ('లై', 'U'), ('న', '|'), ('తా', 'U'), ('ప', '|'), ('సు', '|'), ('లు', '|'), ('భ', 'U'), ('ర్గా', 'U'), ('పా', 'U'), ('ర్వ', '|'), ('తీ', 'U'), ('వ', 'U'), ('ల్ల', '|'), ('భా', 'U')]",0.9,1.0,1.0,1.0,0.5,1.0
mattebhamu,"గొనబార న్విటజంగమాకృతిని మున్ గొంకేది భల్లాణరా-
యని సద్మంబున కేఁగి యాతని సతి న్బ్రార్థించి యా లేమ య-
క్కునఁ జక్క న్నెలనాళ్ళబాలకుఁడవై గోమొప్పఁ గన్పట్టితౌఁ
గన నబ్రంబులు నీ విహారములు భర్గా! పార్వతీవల్లభా!",vruttamu,Bharga,"[('గొ', '|'), ('న', '|'), ('బా', 'U'), ('ర', 'U'), ('న్వి', '|'), ('ట', '|'), ('జం', 'U'), ('గ', '|'), ('మా', 'U'), ('కృ', '|'), ('తి', '|'), ('ని', '|'), ('ము', 'U'), ('న్గొం', 'U'), ('కే', 'U'), ('ది', '|'), ('భ', 'U'), ('ల్లా', 'U'), ('ణ', '|'), ('రా', 'U'), ('య', '|'), ('ని', '|'), ('స', 'U'), ('ద్మం', 'U'), ('బు', '|'), ('న', '|'), ('కే', 'U'), ('గి', '|'), ('యా', 'U'), ('త', '|'), ('ని', '|'), ('స', '|'), ('తి', 'U'), ('న్బ్రా', 'U'), ('ర్థిం', 'U'), ('చి', '|'), ('యా', 'U'), ('లే', 'U'), ('మ', '|'), ('య', 'U'), ('క్కు', '|'), ('న', '|'), ('జ', 'U'), ('క్క', 'U'), ('న్నె', '|'), ('ల', '|'), ('నా', 'U'), ('ళ్ళ', '|'), ('బా', 'U'), ('ల', '|'), ('కు', '|'), ('డ', '|'), ('వై', 'U'), ('గో', 'U'), ('మొ', 'U'), ('ప్ప', '|'), ('గ', 'U'), ('న్ప', 'U'), ('ట్టి', '|'), ('తౌ', 'U'), ('గ', '|'), ('న', '|'), ('న', '|'), ('బ్రం', 'U'), ('బు', '|'), ('లు', '|'), ('నీ', 'U'), ('వి', '|'), ('హా', 'U'), ('ర', '|'), ('ము', '|'), ('లు', '|'), ('భ', 'U'), ('ర్గా', 'U'), ('పా', 'U'), ('ర్వ', '|'), ('తీ', 'U'), ('వ', 'U'), ('ల్ల', '|'), ('భా', 'U')]",0.9428571428571428,1.0,1.0,0.9642857142857143,0.75,1.0
mattebhamu,"యమరాడ్భీకరకాలపాశమథితుండై శ్వేతకేతుండు దు-
ర్దమశోకాకులచిత్తవృత్తిమెయి నిన్బ్రార్థింప వైళంబ యా
శమనుం గ్రొవ్వఱఁ దన్ని మౌనితనయున్ శశ్వద్గతిన్బ్రోవవే
కమలేశార్చితపాదపంకరుహ! భర్గా! పార్వతీవల్లభా!",vruttamu,Bharga,"[('య', '|'), ('మ', '|'), ('రా', 'U'), ('డ్భీ', 'U'), ('క', '|'), ('ర', '|'), ('కా', 'U'), ('ల', '|'), ('పా', 'U'), ('శ', '|'), ('మ', '|'), ('థి', '|'), ('తుం', 'U'), ('డై', 'U'), ('శ్వే', 'U'), ('త', '|'), ('కే', 'U'), ('తుం', 'U'), ('డు', '|'), ('దు', 'U'), ('ర్ద', '|'), ('మ', '|'), ('శో', 'U'), ('కా', 'U'), ('కు', '|'), ('ల', '|'), ('చి', 'U'), ('త్త', '|'), ('వృ', 'U'), ('త్తి', '|'), ('మె', '|'), ('యి', '|'), ('ని', 'U'), ('న్బ్రా', 'U'), ('ర్థిం', 'U'), ('ప', '|'), ('వై', 'U'), ('ళం', 'U'), ('బ', '|'), ('యా', 'U'), ('శ', '|'), ('మ', '|'), ('నుం', 'U'), ('గ్రొ', 'U'), ('వ్వ', '|'), ('ఱ', '|'), ('ద', 'U'), ('న్ని', '|'), ('మౌ', 'U'), ('ని', '|'), ('త', '|'), ('న', '|'), ('యు', 'U'), ('న్శ', 'U'), ('శ్వ', 'U'), ('ద్గ', '|'), ('తి', 'U'), ('న్బ్రో', 'U'), ('వ', '|'), ('వే', 'U'), ('క', '|'), ('మ', '|'), ('లే', 'U'), ('శా', 'U'), ('ర్చి', '|'), ('త', '|'), ('పా', 'U'), ('ద', '|'), ('పం', 'U'), ('క', '|'), ('రు', '|'), ('హ', '|'), ('భ', 'U'), ('ర్గా', 'U'), ('పా', 'U'), ('ర్వ', '|'), ('తీ', 'U'), ('వ', 'U'), ('ల్ల', '|'), ('భా', 'U')]",0.95,1.0,1.0,1.0,0.75,1.0
mattebhamu,"త్రిజగద్రక్షణశక్తిఁ గోరి కమలాధీశుడు నిన్వేయిపం-
కజపత్త్రంబులఁ బూజసేయునెడ నొక్కండందులేకుండినన్
నిజనేత్రాబ్జ మతండొసంగినఁ గృప న్వీక్షించితౌఁ జక్ర మ-
క్కజ మొప్పారఁగ నిచ్చి యేలుకొని భర్గా! పార్వతీవల్లభా!",vruttamu,Bharga,"[('త్రి', '|'), ('జ', '|'), ('గ', '|'), ('ద్ర', 'U'), ('క్ష', '|'), ('ణ', '|'), ('శ', 'U'), ('క్తి', '|'), ('గో', 'U'), ('రి', '|'), ('క', '|'), ('మ', '|'), ('లా', 'U'), ('ధీ', 'U'), ('శు', '|'), ('డు', '|'), ('ని', 'U'), ('న్వే', 'U'), ('యి', '|'), ('పం', 'U'), ('క', '|'), ('జ', '|'), ('ప', 'U'), ('త్త్రం', 'U'), ('బు', '|'), ('ల', '|'), ('బూ', 'U'), ('జ', '|'), ('సే', 'U'), ('యు', '|'), ('నె', '|'), ('డ', '|'), ('నొ', 'U'), ('క్కం', 'U'), ('డం', 'U'), ('దు', '|'), ('లే', 'U'), ('కుం', 'U'), ('డి', '|'), ('నన్', 'U'), ('ని', '|'), ('జ', '|'), ('నే', 'U'), ('త్రా', 'U'), ('బ్జ', '|'), ('మ', '|'), ('తం', 'U'), ('డొ', '|'), ('సం', 'U'), ('గి', '|'), ('న', '|'), ('గృ', '|'), ('ప', 'U'), ('న్వీ', 'U'), ('క్షిం', 'U'), ('చి', '|'), ('తౌ', 'U'), ('జ', '|'), ('క్ర', '|'), ('మ', 'U'), ('క్క', '|'), ('జ', '|'), ('మొ', 'U'), ('ప్పా', 'U'), ('ర', '|'), ('గ', '|'), ('ని', 'U'), ('చ్చి', '|'), ('యే', 'U'), ('లు', '|'), ('కొ', '|'), ('ని', '|'), ('భ', 'U'), ('ర్గా', 'U'), ('పా', 'U'), ('ర్వ', '|'), ('తీ', 'U'), ('వ', 'U'), ('ల్ల', '|'), ('భా', 'U')]",0.9785714285714284,1.0,1.0,0.8928571428571429,1.0,1.0
mattebhamu,"చిరుతొండండను భక్తునింటికి హొయల్ చెన్నార వేంచేసి త-
ద్వరపుత్రున్ దునిమించి నంజుడుతునె ల్వండించి భక్షించుచో
సిరియొప్ప న్నిజమూర్తిఁ జూపి యతనిన్ జేపట్టి రక్షింపవే
కరిదైత్యాధమగర్వనిర్మథన! భర్గా! పార్వతీవల్లభా!",vruttamu,Bharga,"[('చి', '|'), ('రు', '|'), ('తొం', 'U'), ('డం', 'U'), ('డ', '|'), ('ను', '|'), ('భ', 'U'), ('క్తు', '|'), ('నిం', 'U'), ('టి', '|'), ('కి', '|'), ('హొ', '|'), ('య', 'U'), ('ల్చె', 'U'), ('న్నా', 'U'), ('ర', '|'), ('వేం', 'U'), ('చే', 'U'), ('సి', '|'), ('త', 'U'), ('ద్వ', '|'), ('ర', '|'), ('పు', '|'), ('త్రు', 'U'), ('న్దు', '|'), ('ని', '|'), ('మిం', 'U'), ('చి', '|'), ('నం', 'U'), ('జు', '|'), ('డు', '|'), ('తు', '|'), ('నె', 'U'), ('ల్వం', 'U'), ('డిం', 'U'), ('చి', '|'), ('భ', 'U'), ('క్షిం', 'U'), ('చు', '|'), ('చో', 'U'), ('సి', '|'), ('రి', '|'), ('యొ', 'U'), ('ప్ప', 'U'), ('న్ని', '|'), ('జ', '|'), ('మూ', 'U'), ('ర్తి', '|'), ('జూ', 'U'), ('పి', '|'), ('య', '|'), ('త', '|'), ('ని', 'U'), ('న్జే', 'U'), ('ప', 'U'), ('ట్టి', '|'), ('ర', 'U'), ('క్షిం', 'U'), ('ప', '|'), ('వే', 'U'), ('క', '|'), ('రి', '|'), ('దై', 'U'), ('త్యా', 'U'), ('ధ', '|'), ('మ', '|'), ('గ', 'U'), ('ర్వ', '|'), ('ని', 'U'), ('ర్మ', '|'), ('థ', '|'), ('న', '|'), ('భ', 'U'), ('ర్గా', 'U'), ('పా', 'U'), ('ర్వ', '|'), ('తీ', 'U'), ('వ', 'U'), ('ల్ల', '|'), ('భా', 'U')]",0.9928571428571429,1.0,1.0,0.9642857142857143,1.0,1.0
mattebhamu,"విజయుం డుగ్రవిపక్షశిక్షణకళావృత్తి న్మిముం గోరి య-
క్కజమొప్పన్ దప మింద్రకీలశిఖరిన్ గావించుచో బోయవై
విజయఖ్యాతిగఁ బోరి పాశుపతమీవే వాని కిష్టంబుగా
రజతక్షోణిధరాగ్రసద్భవన! భర్గా! పార్వతీవల్లభా!",vruttamu,Bharga,"[('వి', '|'), ('జ', '|'), ('యుం', 'U'), ('డు', '|'), ('గ్ర', '|'), ('వి', '|'), ('ప', 'U'), ('క్ష', '|'), ('శి', 'U'), ('క్ష', '|'), ('ణ', '|'), ('క', '|'), ('ళా', 'U'), ('వృ', 'U'), ('త్తి', 'U'), ('న్మి', '|'), ('ముం', 'U'), ('గో', 'U'), ('రి', '|'), ('య', 'U'), ('క్క', '|'), ('జ', '|'), ('మొ', 'U'), ('ప్ప', 'U'), ('న్ద', '|'), ('ప', '|'), ('మిం', 'U'), ('ద్ర', '|'), ('కీ', 'U'), ('ల', '|'), ('శి', '|'), ('ఖ', '|'), ('రి', 'U'), ('న్గా', 'U'), ('విం', 'U'), ('చు', '|'), ('చో', 'U'), ('బో', 'U'), ('య', '|'), ('వై', 'U'), ('వి', '|'), ('జ', '|'), ('య', 'U'), ('ఖ్యా', 'U'), ('తి', '|'), ('గ', '|'), ('బో', 'U'), ('రి', '|'), ('పా', 'U'), ('శు', '|'), ('ప', '|'), ('త', '|'), ('మీ', 'U'), ('వే', 'U'), ('వా', 'U'), ('ని', '|'), ('కి', 'U'), ('ష్టం', 'U'), ('బు', '|'), ('గా', 'U'), ('ర', '|'), ('జ', '|'), ('త', 'U'), ('క్షో', 'U'), ('ణి', '|'), ('ధ', '|'), ('రా', 'U'), ('గ్ర', '|'), ('స', 'U'), ('ద్భ', '|'), ('వ', '|'), ('న', '|'), ('భ', 'U'), ('ర్గా', 'U'), ('పా', 'U'), ('ర్వ', '|'), ('తీ', 'U'), ('వ', 'U'), ('ల్ల', '|'), ('భా', 'U')]",0.9428571428571428,1.0,1.0,0.9642857142857143,0.75,1.0
mattebhamu,"తనకున్ మిక్కిలి ముజ్జగంబుల కిఁకన్ దైవంబు లేఁడంచుఁ బా-
యని దర్పంబున దైత్యదానవమునీంద్రామర్త్యసంసత్పదం-
బున వాదించు విరించి పంచమమహామూర్ధంబు ఖండింపవే
కన నత్యుద్ధతభైరవాకృతిని భర్గా! పార్వతీవల్లభా!",vruttamu,Bharga,"[('త', '|'), ('న', '|'), ('కు', 'U'), ('న్మి', 'U'), ('క్కి', '|'), ('లి', '|'), ('ము', 'U'), ('జ్జ', '|'), ('గం', 'U'), ('బు', '|'), ('ల', '|'), ('కి', '|'), ('క', 'U'), ('న్దై', 'U'), ('వం', 'U'), ('బు', '|'), ('లే', 'U'), ('డం', 'U'), ('చు', '|'), ('బా', 'U'), ('య', '|'), ('ని', '|'), ('ద', 'U'), ('ర్పం', 'U'), ('బు', '|'), ('న', '|'), ('దై', 'U'), ('త్య', '|'), ('దా', 'U'), ('న', '|'), ('వ', '|'), ('ము', '|'), ('నీం', 'U'), ('ద్రా', 'U'), ('మ', 'U'), ('ర్త్య', '|'), ('సం', 'U'), ('స', 'U'), ('త్ప', '|'), ('దం', 'U'), ('బు', '|'), ('న', '|'), ('వా', 'U'), ('దిం', 'U'), ('చు', '|'), ('వి', '|'), ('రిం', 'U'), ('చి', '|'), ('పం', 'U'), ('చ', '|'), ('మ', '|'), ('మ', '|'), ('హా', 'U'), ('మూ', 'U'), ('ర్ధం', 'U'), ('బు', '|'), ('ఖం', 'U'), ('డిం', 'U'), ('ప', '|'), ('వే', 'U'), ('క', '|'), ('న', '|'), ('న', 'U'), ('త్యు', 'U'), ('ద్ధ', '|'), ('త', '|'), ('భై', 'U'), ('ర', '|'), ('వా', 'U'), ('కృ', '|'), ('తి', '|'), ('ని', '|'), ('భ', 'U'), ('ర్గా', 'U'), ('పా', 'U'), ('ర్వ', '|'), ('తీ', 'U'), ('వ', 'U'), ('ల్ల', '|'), ('భా', 'U')]",0.95,1.0,1.0,1.0,0.75,1.0
mattebhamu,"సకలాధీశుఁడ వెన్న నీవొక్కఁడవే సత్యంబు సత్యంబు కొం-
చక యంతర్బహిరుజ్జ్వలద్భువనరక్షాదీక్షఁ గాకోల ము-
త్సుకతం గంఠమునందుఁ దాల్చితివి మెచ్చుల్మీఱఁ గ్రూరాత్ములై
యకటా! మూఢు లెఱుంగఁజాలరిది భర్గా! పార్వతీవల్లభా!",vruttamu,Bharga,"[('స', '|'), ('క', '|'), ('లా', 'U'), ('ధీ', 'U'), ('శు', '|'), ('డ', '|'), ('వె', 'U'), ('న్న', '|'), ('నీ', 'U'), ('వొ', 'U'), ('క్క', '|'), ('డ', '|'), ('వే', 'U'), ('స', 'U'), ('త్యం', 'U'), ('బు', '|'), ('స', 'U'), ('త్యం', 'U'), ('బు', '|'), ('కొం', 'U'), ('చ', '|'), ('క', '|'), ('యం', 'U'), ('త', 'U'), ('ర్బ', '|'), ('హి', '|'), ('రు', 'U'), ('జ్జ్వ', '|'), ('ల', 'U'), ('ద్భు', '|'), ('వ', '|'), ('న', '|'), ('ర', 'U'), ('క్షా', 'U'), ('దీ', 'U'), ('క్ష', '|'), ('గా', 'U'), ('కో', 'U'), ('ల', '|'), ('ము', 'U'), ('త్సు', '|'), ('క', '|'), ('తం', 'U'), ('గం', 'U'), ('ఠ', '|'), ('ము', '|'), ('నం', 'U'), ('దు', '|'), ('దా', 'U'), ('ల్చి', '|'), ('తి', '|'), ('వి', '|'), ('మె', 'U'), ('చ్చు', 'U'), ('ల్మీ', 'U'), ('ఱ', '|'), ('గ్రూ', 'U'), ('రా', 'U'), ('త్ము', '|'), ('లై', 'U'), ('య', '|'), ('క', '|'), ('టా', 'U'), ('మూ', 'U'), ('ఢు', '|'), ('లె', '|'), ('ఱుం', 'U'), ('గ', '|'), ('జా', 'U'), ('ల', '|'), ('రి', '|'), ('ది', '|'), ('భ', 'U'), ('ర్గా', 'U'), ('పా', 'U'), ('ర్వ', '|'), ('తీ', 'U'), ('వ', 'U'), ('ల్ల', '|'), ('భా', 'U')]",0.9428571428571428,1.0,1.0,0.9642857142857143,0.75,1.0
saardulamu,"ఏరీ నీ కెనయైన దైవతములీ యీరేడులోకంబులన్
గారామారమృకండుసూనుఁడు మహోగ్రక్రూరమృత్యువ్యథా
భీరుండై శరణన్న మిత్తి నపుడే పెంపార్చి రక్షించిత-
య్యారే! శాశ్వతజీవిగా నతని భర్గా! పార్వతీవల్లభా!",vruttamu,Bharga,"[('ఏ', 'U'), ('రీ', 'U'), ('నీ', 'U'), ('కె', '|'), ('న', '|'), ('యై', 'U'), ('న', '|'), ('దై', 'U'), ('వ', '|'), ('త', '|'), ('ము', '|'), ('లీ', 'U'), ('యీ', 'U'), ('రే', 'U'), ('డు', '|'), ('లో', 'U'), ('కం', 'U'), ('బు', '|'), ('లన్', 'U'), ('గా', 'U'), ('రా', 'U'), ('మా', 'U'), ('ర', '|'), ('మృ', '|'), ('కం', 'U'), ('డు', '|'), ('సూ', 'U'), ('ను', '|'), ('డు', '|'), ('మ', '|'), ('హో', 'U'), ('గ్ర', '|'), ('క్రూ', 'U'), ('ర', '|'), ('మృ', 'U'), ('త్యు', 'U'), ('వ్య', '|'), ('థా', 'U'), ('భీ', 'U'), ('రుం', 'U'), ('డై', 'U'), ('శ', '|'), ('ర', '|'), ('ణ', 'U'), ('న్న', '|'), ('మి', 'U'), ('త్తి', '|'), ('న', '|'), ('పు', '|'), ('డే', 'U'), ('పెం', 'U'), ('పా', 'U'), ('ర్చి', '|'), ('ర', 'U'), ('క్షిం', 'U'), ('చి', '|'), ('త', 'U'), ('య్యా', 'U'), ('రే', 'U'), ('శా', 'U'), ('శ్వ', '|'), ('త', '|'), ('జీ', 'U'), ('వి', '|'), ('గా', 'U'), ('న', '|'), ('త', '|'), ('ని', '|'), ('భ', 'U'), ('ర్గా', 'U'), ('పా', 'U'), ('ర్వ', '|'), ('తీ', 'U'), ('వ', 'U'), ('ల్ల', '|'), ('భా', 'U')]",0.8928571428571429,1.0,1.0,0.9642857142857143,0.5,1.0
saardulamu,"లోకశ్రేణికి నీవె కర్త వను టాలోకింప నిక్కంబెపో
వైకుంఠాధిపుఁడైన శౌరి దినరాడ్వంశంబునన్ రాఘవుం-
డై కన్పట్టి జగద్ధితంబుగ నసంఖ్యన్ శంభులింగంబులన్
వ్యాకీర్ణేచ్ఛఁ బ్రతిష్ఠ చేసెఁ గద భర్గా! పార్వతీవల్లభా!",vruttamu,Bharga,"[('లో', 'U'), ('క', '|'), ('శ్రే', 'U'), ('ణి', '|'), ('కి', '|'), ('నీ', 'U'), ('వె', '|'), ('క', 'U'), ('ర్త', '|'), ('వ', '|'), ('ను', '|'), ('టా', 'U'), ('లో', 'U'), ('కిం', 'U'), ('ప', '|'), ('ని', 'U'), ('క్కం', 'U'), ('బె', '|'), ('పో', 'U'), ('వై', 'U'), ('కుం', 'U'), ('ఠా', 'U'), ('ధి', '|'), ('పు', '|'), ('డై', 'U'), ('న', '|'), ('శౌ', 'U'), ('రి', '|'), ('ది', '|'), ('న', '|'), ('రా', 'U'), ('డ్వం', 'U'), ('శం', 'U'), ('బు', '|'), ('న', '|'), ('న్రా', 'U'), ('ఘ', '|'), ('వుం', 'U'), ('డై', 'U'), ('క', 'U'), ('న్ప', 'U'), ('ట్టి', '|'), ('జ', '|'), ('గ', 'U'), ('ద్ధి', '|'), ('తం', 'U'), ('బు', '|'), ('గ', '|'), ('న', '|'), ('సం', 'U'), ('ఖ్య', 'U'), ('న్శం', 'U'), ('భు', '|'), ('లిం', 'U'), ('గం', 'U'), ('బు', '|'), ('లన్', 'U'), ('వ్యా', 'U'), ('కీ', 'U'), ('ర్ణే', 'U'), ('చ్ఛ', '|'), ('బ్ర', '|'), ('తి', 'U'), ('ష్ఠ', '|'), ('చే', 'U'), ('సె', '|'), ('గ', '|'), ('ద', '|'), ('భ', 'U'), ('ర్గా', 'U'), ('పా', 'U'), ('ర్వ', '|'), ('తీ', 'U'), ('వ', 'U'), ('ల్ల', '|'), ('భా', 'U')]",0.8857142857142858,1.0,1.0,0.9285714285714286,0.5,1.0
mattebhamu,"శిలలన్ఱొప్పియుఁ జెప్పుఁగాలను గడున్జిత్రంబుగాఁ ద్రొక్కియున్
వెలివెట్టించియుఁ గుంటెనల్నడపియు న్వే రోఁకటం గ్రుమ్మియు
న్నిలయద్వారమునందుఁ గాఁపునిచియున్ నీవారలైనారు వా-
రల భాగ్యం బిఁక నేమిచెప్పనగు? భర్గా! పార్వతీవల్లభా!",vruttamu,Bharga,"[('శి', '|'), ('ల', '|'), ('ల', 'U'), ('న్ఱొ', 'U'), ('ప్పి', '|'), ('యు', '|'), ('జె', 'U'), ('ప్పు', '|'), ('గా', 'U'), ('ల', '|'), ('ను', '|'), ('గ', '|'), ('డు', 'U'), ('న్జి', '|'), ('త్రం', 'U'), ('బు', '|'), ('గా', 'U'), ('ద్రొ', 'U'), ('క్కి', '|'), ('యున్', 'U'), ('వె', '|'), ('లి', '|'), ('వె', 'U'), ('ట్టిం', 'U'), ('చి', '|'), ('యు', '|'), ('గుం', 'U'), ('టె', '|'), ('న', 'U'), ('ల్న', '|'), ('డ', '|'), ('పి', '|'), ('యు', 'U'), ('న్వే', 'U'), ('రో', 'U'), ('క', '|'), ('టం', 'U'), ('గ్రు', 'U'), ('మ్మి', '|'), ('యు', 'U'), ('న్ని', '|'), ('ల', '|'), ('య', 'U'), ('ద్వా', 'U'), ('ర', '|'), ('ము', '|'), ('నం', 'U'), ('దు', '|'), ('గా', 'U'), ('పు', '|'), ('ని', '|'), ('చి', '|'), ('యు', 'U'), ('న్నీ', 'U'), ('వా', 'U'), ('ర', '|'), ('లై', 'U'), ('నా', 'U'), ('రు', '|'), ('వా', 'U'), ('ర', '|'), ('ల', '|'), ('భా', 'U'), ('గ్యం', 'U'), ('బి', '|'), ('క', '|'), ('నే', 'U'), ('మి', '|'), ('చె', 'U'), ('ప్ప', '|'), ('న', '|'), ('గు', '|'), ('భ', 'U'), ('ర్గా', 'U'), ('పా', 'U'), ('ర్వ', '|'), ('తీ', 'U'), ('వ', 'U'), ('ల్ల', '|'), ('భా', 'U')]",0.9928571428571429,1.0,1.0,0.9642857142857143,1.0,1.0
mattebhamu,"అజినంబు న్వృషఘోటియుం బునుకలు న్హాలాహలంబు న్మహా-
భుజగంబు ల్శవభస్మము ల్గొఱలఁగా భూతాళితో నుండియున్
ద్రిజగన్మంగళదాయకాకృతిఁ గడున్ దీపించు టబ్రం బహా
రజనీనాథకళాశిరోభరణ! భర్గా! పార్వతీవల్లభా!",vruttamu,Bharga,"[('అ', '|'), ('జి', '|'), ('నం', 'U'), ('బు', 'U'), ('న్వృ', '|'), ('ష', '|'), ('ఘో', 'U'), ('టి', '|'), ('యుం', 'U'), ('బు', '|'), ('ను', '|'), ('క', '|'), ('లు', 'U'), ('న్హా', 'U'), ('లా', 'U'), ('హ', '|'), ('లం', 'U'), ('బు', 'U'), ('న్మ', '|'), ('హా', 'U'), ('భు', '|'), ('జ', '|'), ('గం', 'U'), ('బు', 'U'), ('ల్శ', '|'), ('వ', '|'), ('భ', 'U'), ('స్మ', '|'), ('ము', 'U'), ('ల్గొ', '|'), ('ఱ', '|'), ('ల', '|'), ('గా', 'U'), ('భూ', 'U'), ('తా', 'U'), ('ళి', '|'), ('తో', 'U'), ('నుం', 'U'), ('డి', '|'), ('యున్', 'U'), ('ద్రి', '|'), ('జ', '|'), ('గ', 'U'), ('న్మం', 'U'), ('గ', '|'), ('ళ', '|'), ('దా', 'U'), ('య', '|'), ('కా', 'U'), ('కృ', '|'), ('తి', '|'), ('గ', '|'), ('డు', 'U'), ('న్దీ', 'U'), ('పిం', 'U'), ('చు', '|'), ('ట', '|'), ('బ్రం', 'U'), ('బ', '|'), ('హా', 'U'), ('ర', '|'), ('జ', '|'), ('నీ', 'U'), ('నా', 'U'), ('థ', '|'), ('క', '|'), ('ళా', 'U'), ('శి', '|'), ('రో', 'U'), ('భ', '|'), ('ర', '|'), ('ణ', '|'), ('భ', 'U'), ('ర్గా', 'U'), ('పా', 'U'), ('ర్వ', '|'), ('తీ', 'U'), ('వ', 'U'), ('ల్ల', '|'), ('భా', 'U')]",0.9928571428571429,1.0,1.0,0.9642857142857143,1.0,1.0
saardulamu,"డాయన్రాద యటండ్రు మాదృశులు చండాలాదుల న్డాసినన్
బాయుం బుణ్యచయంబులంచుఁ జదువు ల్పల్కంగ నీ వయ్యయో
బోయం డెంగిలిమాంసమిచ్చుటకు లోబుల్పూని చేకొంటి వే
ప్రాయశ్చిత్తము కద్దు దీనికిఁక? భర్గా! పార్వతీవల్లభా!",vruttamu,Bharga,"[('డా', 'U'), ('య', '|'), ('న్రా', 'U'), ('ద', '|'), ('య', '|'), ('టం', 'U'), ('డ్రు', '|'), ('మా', 'U'), ('దృ', '|'), ('శు', '|'), ('లు', '|'), ('చం', 'U'), ('డా', 'U'), ('లా', 'U'), ('దు', '|'), ('ల', 'U'), ('న్డా', 'U'), ('సి', '|'), ('నన్', 'U'), ('బా', 'U'), ('యుం', 'U'), ('బు', 'U'), ('ణ్య', '|'), ('చ', '|'), ('యం', 'U'), ('బు', '|'), ('లం', 'U'), ('చు', '|'), ('జ', '|'), ('దు', '|'), ('వు', 'U'), ('ల్ప', 'U'), ('ల్కం', 'U'), ('గ', '|'), ('నీ', 'U'), ('వ', 'U'), ('య్య', '|'), ('యో', 'U'), ('బో', 'U'), ('యం', 'U'), ('డెం', 'U'), ('గి', '|'), ('లి', '|'), ('మాం', 'U'), ('స', '|'), ('మి', 'U'), ('చ్చు', '|'), ('ట', '|'), ('కు', '|'), ('లో', 'U'), ('బు', 'U'), ('ల్పూ', 'U'), ('ని', '|'), ('చే', 'U'), ('కొం', 'U'), ('టి', '|'), ('వే', 'U'), ('ప్రా', 'U'), ('య', 'U'), ('శ్చి', 'U'), ('త్త', '|'), ('ము', '|'), ('క', 'U'), ('ద్దు', '|'), ('దీ', 'U'), ('ని', '|'), ('కి', '|'), ('క', '|'), ('భ', 'U'), ('ర్గా', 'U'), ('పా', 'U'), ('ర్వ', '|'), ('తీ', 'U'), ('వ', 'U'), ('ల్ల', '|'), ('భా', 'U')]",0.9928571428571429,1.0,1.0,0.9642857142857143,1.0,1.0
saardulamu,"భంజించుం గద! ఘోరదుష్కృతతతిన్ భస్మత్రిపుండ్రంబుల-
న్మంజుశ్రీలలితాక్షమాలికలఁ బ్రేమం బూని సద్భక్తి నీ-
కుం జేమోడ్చు మహానుభావుఁ డెపుడుం కుక్షిస్థలప్రోల్లస-
త్కంజాతప్రభవాండభాండచయ! భర్గా! పార్వతీవల్లభా!",vruttamu,Bharga,"[('భం', 'U'), ('జిం', 'U'), ('చుం', 'U'), ('గ', '|'), ('ద', '|'), ('ఘో', 'U'), ('ర', '|'), ('దు', 'U'), ('ష్కృ', '|'), ('త', '|'), ('త', '|'), ('తి', 'U'), ('న్భ', 'U'), ('స్మ', '|'), ('త్రి', '|'), ('పుం', 'U'), ('డ్రం', 'U'), ('బు', '|'), ('ల', 'U'), ('న్మం', 'U'), ('జు', '|'), ('శ్రీ', 'U'), ('ల', '|'), ('లి', '|'), ('తా', 'U'), ('క్ష', '|'), ('మా', 'U'), ('లి', '|'), ('క', '|'), ('ల', '|'), ('బ్రే', 'U'), ('మం', 'U'), ('బూ', 'U'), ('ని', '|'), ('స', 'U'), ('ద్భ', 'U'), ('క్తి', '|'), ('నీ', 'U'), ('కుం', 'U'), ('జే', 'U'), ('మో', 'U'), ('డ్చు', '|'), ('మ', '|'), ('హా', 'U'), ('ను', '|'), ('భా', 'U'), ('వు', '|'), ('డె', '|'), ('పు', '|'), ('డుం', 'U'), ('కు', 'U'), ('క్షి', 'U'), ('స్థ', '|'), ('ల', '|'), ('ప్రో', 'U'), ('ల్ల', '|'), ('స', 'U'), ('త్కం', 'U'), ('జా', 'U'), ('త', '|'), ('ప్ర', '|'), ('భ', '|'), ('వాం', 'U'), ('డ', '|'), ('భాం', 'U'), ('డ', '|'), ('చ', '|'), ('య', '|'), ('భ', 'U'), ('ర్గా', 'U'), ('పా', 'U'), ('ర్వ', '|'), ('తీ', 'U'), ('వ', 'U'), ('ల్ల', '|'), ('భా', 'U')]",0.9714285714285715,1.0,1.0,0.8571428571428571,1.0,1.0
saardulamu,"శ్రీశైలంబును గుంభఘోణమును గాంచీస్థాన కేదారముల్
కాశీ ద్వారవతీ ప్రయాగములు నీలక్ష్మాధరావంతికల్
లేశంబున్ ఫలమీవు నిన్నెపుడు హాళిం గొల్వలేకున్నచోఁ
గాశాకాశధునీఘనాభరణ! భర్గా! పార్వతీవల్లభా!",vruttamu,Bharga,"[('శ్రీ', 'U'), ('శై', 'U'), ('లం', 'U'), ('బు', '|'), ('ను', '|'), ('గుం', 'U'), ('భ', '|'), ('ఘో', 'U'), ('ణ', '|'), ('ము', '|'), ('ను', '|'), ('గాం', 'U'), ('చీ', 'U'), ('స్థా', 'U'), ('న', '|'), ('కే', 'U'), ('దా', 'U'), ('ర', '|'), ('ముల్', 'U'), ('కా', 'U'), ('శీ', 'U'), ('ద్వా', 'U'), ('ర', '|'), ('వ', '|'), ('తీ', 'U'), ('ప్ర', '|'), ('యా', 'U'), ('గ', '|'), ('ము', '|'), ('లు', '|'), ('నీ', 'U'), ('ల', 'U'), ('క్ష్మా', 'U'), ('ధ', '|'), ('రా', 'U'), ('వం', 'U'), ('తి', '|'), ('కల్', 'U'), ('లే', 'U'), ('శం', 'U'), ('బు', 'U'), ('న్ఫ', '|'), ('ల', '|'), ('మీ', 'U'), ('వు', '|'), ('ని', 'U'), ('న్నె', '|'), ('పు', '|'), ('డు', '|'), ('హా', 'U'), ('ళిం', 'U'), ('గొ', 'U'), ('ల్వ', '|'), ('లే', 'U'), ('కు', 'U'), ('న్న', '|'), ('చో', 'U'), ('గా', 'U'), ('శా', 'U'), ('కా', 'U'), ('శ', '|'), ('ధు', '|'), ('నీ', 'U'), ('ఘ', '|'), ('నా', 'U'), ('భ', '|'), ('ర', '|'), ('ణ', '|'), ('భ', 'U'), ('ర్గా', 'U'), ('పా', 'U'), ('ర్వ', '|'), ('తీ', 'U'), ('వ', 'U'), ('ల్ల', '|'), ('భా', 'U')]",0.95,1.0,1.0,1.0,0.75,1.0
saardulamu,"కావేరీ సరయూ మహేంద్రతనయా గంగా కళిందాత్మజా
రేవా వేత్రవతీ సరస్వతుల కర్థిం బోవఁగానేల నీ
సేవాసంస్మరణార్చనాదు లెపుడున్ సిద్ధించు మర్త్యాళికిన్
గ్రైవీభూతభుజంగమప్రవర! భర్గా! పార్వతీవల్లభా!",vruttamu,Bharga,"[('కా', 'U'), ('వే', 'U'), ('రీ', 'U'), ('స', '|'), ('ర', '|'), ('యూ', 'U'), ('మ', '|'), ('హేం', 'U'), ('ద్ర', '|'), ('త', '|'), ('న', '|'), ('యా', 'U'), ('గం', 'U'), ('గా', 'U'), ('క', '|'), ('ళిం', 'U'), ('దా', 'U'), ('త్మ', '|'), ('జా', 'U'), ('రే', 'U'), ('వా', 'U'), ('వే', 'U'), ('త్ర', '|'), ('వ', '|'), ('తీ', 'U'), ('స', '|'), ('ర', 'U'), ('స్వ', '|'), ('తు', '|'), ('ల', '|'), ('క', 'U'), ('ర్థిం', 'U'), ('బో', 'U'), ('వ', '|'), ('గా', 'U'), ('నే', 'U'), ('ల', '|'), ('నీ', 'U'), ('సే', 'U'), ('వా', 'U'), ('సం', 'U'), ('స్మ', '|'), ('ర', '|'), ('ణా', 'U'), ('ర్చ', '|'), ('నా', 'U'), ('దు', '|'), ('లె', '|'), ('పు', '|'), ('డు', 'U'), ('న్సి', 'U'), ('ద్ధిం', 'U'), ('చు', '|'), ('మ', 'U'), ('ర్త్యా', 'U'), ('ళి', '|'), ('కిన్', 'U'), ('గ్రై', 'U'), ('వీ', 'U'), ('భూ', 'U'), ('త', '|'), ('భు', '|'), ('జం', 'U'), ('గ', '|'), ('మ', '|'), ('ప్ర', '|'), ('వ', '|'), ('ర', '|'), ('భ', 'U'), ('ర్గా', 'U'), ('పా', 'U'), ('ర్వ', '|'), ('తీ', 'U'), ('వ', 'U'), ('ల్ల', '|'), ('భా', 'U')]",0.9928571428571429,1.0,1.0,0.9642857142857143,1.0,1.0
mattebhamu,"అరిషడ్వర్గముఁ దోలి సర్వహితులై యష్టాంగయోగక్రియా-
పరులై గాడ్పుజయించి ముద్రవెలయన్ బ్రహ్మంబునీక్షించి వా-
విరి సోహమ్మని యెంచుచుండెడి మహావేదాంతులౌ యోగిశే-
ఖరులెల్లన్ మిముఁ గాంచుచుండ్రు గద! భర్గా! పార్వతీవల్లభా!",vruttamu,Bharga,"[('అ', '|'), ('రి', '|'), ('ష', 'U'), ('డ్వ', 'U'), ('ర్గ', '|'), ('ము', '|'), ('దో', 'U'), ('లి', '|'), ('స', 'U'), ('ర్వ', '|'), ('హి', '|'), ('తు', '|'), ('లై', 'U'), ('య', 'U'), ('ష్టాం', 'U'), ('గ', '|'), ('యో', 'U'), ('గ', '|'), ('క్రి', '|'), ('యా', 'U'), ('ప', '|'), ('రు', '|'), ('లై', 'U'), ('గా', 'U'), ('డ్పు', '|'), ('జ', '|'), ('యిం', 'U'), ('చి', '|'), ('ము', '|'), ('ద్ర', '|'), ('వె', '|'), ('ల', '|'), ('య', 'U'), ('న్బ్ర', 'U'), ('హ్మం', 'U'), ('బు', '|'), ('నీ', 'U'), ('క్షిం', 'U'), ('చి', '|'), ('వా', 'U'), ('వి', '|'), ('రి', '|'), ('సో', 'U'), ('హ', 'U'), ('మ్మ', '|'), ('ని', '|'), ('యెం', 'U'), ('చు', '|'), ('చుం', 'U'), ('డె', '|'), ('డి', '|'), ('మ', '|'), ('హా', 'U'), ('వే', 'U'), ('దాం', 'U'), ('తు', '|'), ('లౌ', 'U'), ('యో', 'U'), ('గి', '|'), ('శే', 'U'), ('ఖ', '|'), ('రు', '|'), ('లె', 'U'), ('ల్ల', 'U'), ('న్మి', '|'), ('ము', '|'), ('గాం', 'U'), ('చు', '|'), ('చుం', 'U'), ('డ్రు', '|'), ('గ', '|'), ('ద', '|'), ('భ', 'U'), ('ర్గా', 'U'), ('పా', 'U'), ('ర్వ', '|'), ('తీ', 'U'), ('వ', 'U'), ('ల్ల', '|'), ('భా', 'U')]",0.9857142857142858,1.0,1.0,0.9285714285714286,1.0,1.0
mattebhamu,"తలపోయన్ దిలజాలకాంతరమహాతైలంబు చందానఁ బూ-
సలలో దారము పోల్కి నాత్మమయతన్ సర్వాంతరస్థాయివై
విలసల్లీలల నిండియుండుకొను నిన్వీక్షంపఁగా నేర్చువా-
రలె ధన్యుల్ గద ముజ్జగంబులను భర్గా! పార్వతీవల్లభా!",vruttamu,Bharga,"[('త', '|'), ('ల', '|'), ('పో', 'U'), ('య', 'U'), ('న్ది', '|'), ('ల', '|'), ('జా', 'U'), ('ల', '|'), ('కాం', 'U'), ('త', '|'), ('ర', '|'), ('మ', '|'), ('హా', 'U'), ('తై', 'U'), ('లం', 'U'), ('బు', '|'), ('చం', 'U'), ('దా', 'U'), ('న', '|'), ('బూ', 'U'), ('స', '|'), ('ల', '|'), ('లో', 'U'), ('దా', 'U'), ('ర', '|'), ('ము', '|'), ('పో', 'U'), ('ల్కి', '|'), ('నా', 'U'), ('త్మ', '|'), ('మ', '|'), ('య', '|'), ('త', 'U'), ('న్స', 'U'), ('ర్వాం', 'U'), ('త', '|'), ('ర', 'U'), ('స్థా', 'U'), ('యి', '|'), ('వై', 'U'), ('వి', '|'), ('ల', '|'), ('స', 'U'), ('ల్లీ', 'U'), ('ల', '|'), ('ల', '|'), ('నిం', 'U'), ('డి', '|'), ('యుం', 'U'), ('డు', '|'), ('కొ', '|'), ('ను', '|'), ('ని', 'U'), ('న్వీ', 'U'), ('క్షం', 'U'), ('ప', '|'), ('గా', 'U'), ('నే', 'U'), ('ర్చు', '|'), ('వా', 'U'), ('ర', '|'), ('లె', '|'), ('ధ', 'U'), ('న్యు', 'U'), ('ల్గ', '|'), ('ద', '|'), ('ము', 'U'), ('జ్జ', '|'), ('గం', 'U'), ('బు', '|'), ('ల', '|'), ('ను', '|'), ('భ', 'U'), ('ర్గా', 'U'), ('పా', 'U'), ('ర్వ', '|'), ('తీ', 'U'), ('వ', 'U'), ('ల్ల', '|'), ('భా', 'U')]",1.0,1.0,1.0,1.0,1.0,1.0
saardulamu,"ఏణాంకుండొకఁడై పయోఘటములందెల్ల న్బహుత్వంబుచే
రాణం బొల్చు తెఱంగునం బృథుతరబ్రహ్మాండభాండాంతర
ప్రాణిశ్రేణులయందు నీవొకఁడవే రాణింతువౌ సర్వగీ-
ర్వాణస్తుత్యచరిత్ర! యాత్మమయ! భర్గా! పార్వతీవల్లభా!",vruttamu,Bharga,"[('ఏ', 'U'), ('ణాం', 'U'), ('కుం', 'U'), ('డొ', '|'), ('క', '|'), ('డై', 'U'), ('ప', '|'), ('యో', 'U'), ('ఘ', '|'), ('ట', '|'), ('ము', '|'), ('లం', 'U'), ('దె', 'U'), ('ల్ల', 'U'), ('న్బ', '|'), ('హు', 'U'), ('త్వం', 'U'), ('బు', '|'), ('చే', 'U'), ('రా', 'U'), ('ణం', 'U'), ('బొ', 'U'), ('ల్చు', '|'), ('తె', '|'), ('ఱం', 'U'), ('గు', '|'), ('నం', 'U'), ('బృ', '|'), ('థు', '|'), ('త', '|'), ('ర', '|'), ('బ్ర', 'U'), ('హ్మాం', 'U'), ('డ', '|'), ('భాం', 'U'), ('డాం', 'U'), ('త', '|'), ('ర', '|'), ('ప్రా', 'U'), ('ణి', '|'), ('శ్రే', 'U'), ('ణు', '|'), ('ల', '|'), ('యం', 'U'), ('దు', '|'), ('నీ', 'U'), ('వొ', '|'), ('క', '|'), ('డ', '|'), ('వే', 'U'), ('రా', 'U'), ('ణిం', 'U'), ('తు', '|'), ('వౌ', 'U'), ('స', 'U'), ('ర్వ', '|'), ('గీ', 'U'), ('ర్వా', 'U'), ('ణ', 'U'), ('స్తు', 'U'), ('త్య', '|'), ('చ', '|'), ('రి', '|'), ('త్ర', '|'), ('యా', 'U'), ('త్మ', '|'), ('మ', '|'), ('య', '|'), ('భ', 'U'), ('ర్గా', 'U'), ('పా', 'U'), ('ర్వ', '|'), ('తీ', 'U'), ('వ', 'U'), ('ల్ల', '|'), ('భా', 'U')]",0.9214285714285715,1.0,1.0,0.8571428571428571,0.75,1.0
saardulamu,"ఓంకారప్రముఖాక్షరోచ్చరణసంయోగంబు గావేన్ముఖా-
లంకారార్థము శబ్దబిందుకళలున్ లక్ష్యప్రయోగక్రియల్
పొంకంబౌ గురుమార్గముల్ యతిగతిం బో దుష్కృతిం బోలి సా-
హంకారుండయి ప్రాకృతుండు చెడు భర్గా! పార్వతీవల్లభా!",vruttamu,Bharga,"[('ఓం', 'U'), ('కా', 'U'), ('ర', '|'), ('ప్ర', '|'), ('ము', '|'), ('ఖా', 'U'), ('క్ష', '|'), ('రో', 'U'), ('చ్చ', '|'), ('ర', '|'), ('ణ', '|'), ('సం', 'U'), ('యో', 'U'), ('గం', 'U'), ('బు', '|'), ('గా', 'U'), ('వే', 'U'), ('న్ము', '|'), ('ఖా', 'U'), ('లం', 'U'), ('కా', 'U'), ('రా', 'U'), ('ర్థ', '|'), ('ము', '|'), ('శ', 'U'), ('బ్ద', '|'), ('బిం', 'U'), ('దు', '|'), ('క', '|'), ('ళ', '|'), ('లు', 'U'), ('న్ల', 'U'), ('క్ష్య', '|'), ('ప్ర', '|'), ('యో', 'U'), ('గ', '|'), ('క్రి', '|'), ('యల్', 'U'), ('పొం', 'U'), ('కం', 'U'), ('బౌ', 'U'), ('గు', '|'), ('రు', '|'), ('మా', 'U'), ('ర్గ', '|'), ('ము', 'U'), ('ల్య', '|'), ('తి', '|'), ('గ', '|'), ('తిం', 'U'), ('బో', 'U'), ('దు', 'U'), ('ష్కృ', '|'), ('తిం', 'U'), ('బో', 'U'), ('లి', '|'), ('సా', 'U'), ('హం', 'U'), ('కా', 'U'), ('రుం', 'U'), ('డ', '|'), ('యి', '|'), ('ప్రా', 'U'), ('కృ', '|'), ('తుం', 'U'), ('డు', '|'), ('చె', '|'), ('డు', '|'), ('భ', 'U'), ('ర్గా', 'U'), ('పా', 'U'), ('ర్వ', '|'), ('తీ', 'U'), ('వ', 'U'), ('ల్ల', '|'), ('భా', 'U')]",0.8785714285714284,1.0,1.0,0.8928571428571429,0.5,1.0
mattebhamu,"అకలంకం బతులం బఖండ మమృతం బానందకందం బనూ-
నక మాద్యంతవిహీన మక్షర మనంతం బప్రమేయం బరూ-
పక మవ్యక్త మచింత్య మద్వయమునౌ బ్రహ్మంబు నీవంచుఁ గొం-
కక లోఁ గన్గొనువారు బల్లిదులు భర్గా! పార్వతీవల్లభా!",vruttamu,Bharga,"[('అ', '|'), ('క', '|'), ('లం', 'U'), ('కం', 'U'), ('బ', '|'), ('తు', '|'), ('లం', 'U'), ('బ', '|'), ('ఖం', 'U'), ('డ', '|'), ('మ', '|'), ('మృ', '|'), ('తం', 'U'), ('బా', 'U'), ('నం', 'U'), ('ద', '|'), ('కం', 'U'), ('దం', 'U'), ('బ', '|'), ('నూ', 'U'), ('న', '|'), ('క', '|'), ('మా', 'U'), ('ద్యం', 'U'), ('త', '|'), ('వి', '|'), ('హీ', 'U'), ('న', '|'), ('మ', 'U'), ('క్ష', '|'), ('ర', '|'), ('మ', '|'), ('నం', 'U'), ('తం', 'U'), ('బ', '|'), ('ప్ర', '|'), ('మే', 'U'), ('యం', 'U'), ('బ', '|'), ('రూ', 'U'), ('ప', '|'), ('క', '|'), ('మ', 'U'), ('వ్య', 'U'), ('క్త', '|'), ('మ', '|'), ('చిం', 'U'), ('త్య', '|'), ('మ', 'U'), ('ద్వ', '|'), ('య', '|'), ('ము', '|'), ('నౌ', 'U'), ('బ్ర', 'U'), ('హ్మం', 'U'), ('బు', '|'), ('నీ', 'U'), ('వం', 'U'), ('చు', '|'), ('గొం', 'U'), ('క', '|'), ('క', '|'), ('లో', 'U'), ('గ', 'U'), ('న్గొ', '|'), ('ను', '|'), ('వా', 'U'), ('రు', '|'), ('బ', 'U'), ('ల్లి', '|'), ('దు', '|'), ('లు', '|'), ('భ', 'U'), ('ర్గా', 'U'), ('పా', 'U'), ('ర్వ', '|'), ('తీ', 'U'), ('వ', 'U'), ('ల్ల', '|'), ('భా', 'U')]",0.8928571428571429,1.0,1.0,0.9642857142857143,0.5,1.0
saardulamu,"ఆకుల్ మెక్కదె మేఁక? చెట్టుకొననొయ్యన్ వ్రేలదే పక్షి? పె-
న్గాకుల్ గ్రుంకవె నీట? గాలిఁ గొనదే నాగంబు? బల్గొందులన్
ఘూకం బుండదె? కోనలం దిరుగదే క్రోడంబు? నిన్గాంచినన్
గాకిన్నింటను ముక్తి చేకుఱునె? భర్గా! పార్వతీవల్లభా!",vruttamu,Bharga,"[('ఆ', 'U'), ('కు', 'U'), ('ల్మె', 'U'), ('క్క', '|'), ('దె', '|'), ('మే', 'U'), ('క', '|'), ('చె', 'U'), ('ట్టు', '|'), ('కొ', '|'), ('న', '|'), ('నొ', 'U'), ('య్య', 'U'), ('న్వ్రే', 'U'), ('ల', '|'), ('దే', 'U'), ('ప', 'U'), ('క్షి', '|'), ('పె', 'U'), ('న్గా', 'U'), ('కు', 'U'), ('ల్గ్రుం', 'U'), ('క', '|'), ('వె', '|'), ('నీ', 'U'), ('ట', '|'), ('గా', 'U'), ('లి', '|'), ('గొ', '|'), ('న', '|'), ('దే', 'U'), ('నా', 'U'), ('గం', 'U'), ('బు', '|'), ('బ', 'U'), ('ల్గొం', 'U'), ('దు', '|'), ('లన్', 'U'), ('ఘూ', 'U'), ('కం', 'U'), ('బుం', 'U'), ('డ', '|'), ('దె', '|'), ('కో', 'U'), ('న', '|'), ('లం', 'U'), ('ది', '|'), ('రు', '|'), ('గ', '|'), ('దే', 'U'), ('క్రో', 'U'), ('డం', 'U'), ('బు', '|'), ('ని', 'U'), ('న్గాం', 'U'), ('చి', '|'), ('నన్', 'U'), ('గా', 'U'), ('కి', 'U'), ('న్నిం', 'U'), ('ట', '|'), ('ను', '|'), ('ము', 'U'), ('క్తి', '|'), ('చే', 'U'), ('కు', '|'), ('ఱు', '|'), ('నె', '|'), ('భ', 'U'), ('ర్గా', 'U'), ('పా', 'U'), ('ర్వ', '|'), ('తీ', 'U'), ('వ', 'U'), ('ల్ల', '|'), ('భా', 'U')]",1.0,1.0,1.0,1.0,1.0,1.0
mattebhamu,"ధర మృద్దారుశిలామయప్రతిమలన్ దైవంబు లంచుం బర-
స్పరవాదంబులఁ బోరుచున్ నిబిడసంసారాంధులై మేలు చే-
కుఱకే మగ్గములోని కండెల గతిన్ ఘోరార్తులై ప్రాకృతుల్
కరముం జచ్చుచుఁ బుట్టుచుంద్రు గద! భర్గా! పార్వతీవల్లభా!",vruttamu,Bharga,"[('ధ', '|'), ('ర', '|'), ('మృ', 'U'), ('ద్దా', 'U'), ('రు', '|'), ('శి', '|'), ('లా', 'U'), ('మ', '|'), ('య', '|'), ('ప్ర', '|'), ('తి', '|'), ('మ', '|'), ('ల', 'U'), ('న్దై', 'U'), ('వం', 'U'), ('బు', '|'), ('లం', 'U'), ('చుం', 'U'), ('బ', '|'), ('ర', 'U'), ('స్ప', '|'), ('ర', '|'), ('వా', 'U'), ('దం', 'U'), ('బు', '|'), ('ల', '|'), ('బో', 'U'), ('రు', '|'), ('చు', 'U'), ('న్ని', '|'), ('బి', '|'), ('డ', '|'), ('సం', 'U'), ('సా', 'U'), ('రాం', 'U'), ('ధు', '|'), ('లై', 'U'), ('మే', 'U'), ('లు', '|'), ('చే', 'U'), ('కు', '|'), ('ఱ', '|'), ('కే', 'U'), ('మ', 'U'), ('గ్గ', '|'), ('ము', '|'), ('లో', 'U'), ('ని', '|'), ('కం', 'U'), ('డె', '|'), ('ల', '|'), ('గ', '|'), ('తి', 'U'), ('న్ఘో', 'U'), ('రా', 'U'), ('ర్తు', '|'), ('లై', 'U'), ('ప్రా', 'U'), ('కృ', '|'), ('తుల్', 'U'), ('క', '|'), ('ర', '|'), ('ముం', 'U'), ('జ', 'U'), ('చ్చు', '|'), ('చు', '|'), ('బు', 'U'), ('ట్టు', '|'), ('చుం', 'U'), ('ద్రు', '|'), ('గ', '|'), ('ద', '|'), ('భ', 'U'), ('ర్గా', 'U'), ('పా', 'U'), ('ర్వ', '|'), ('తీ', 'U'), ('వ', 'U'), ('ల్ల', '|'), ('భా', 'U')]",0.9428571428571428,1.0,1.0,0.9642857142857143,1.0,0.75
mattebhamu,"జననీగర్భమహామహోగ్రనరకస్థానవ్యథం గొన్నినా-
ళ్లెనయన్ బాల్యకుమారతాదశలఁ గొన్నేడుల్ వధూమీనకే-
తనగేహభ్రమఁ గొన్నినాళ్ళు ఘనవృద్ధప్రాప్తిఁ గొన్నేళ్ళుఁ బా-
యని దుఃఖంబులఁ బ్రాణి గుందుఁ గద? భర్గా! పార్వతీవల్లభా!",vruttamu,Bharga,"[('జ', '|'), ('న', '|'), ('నీ', 'U'), ('గ', 'U'), ('ర్భ', '|'), ('మ', '|'), ('హా', 'U'), ('మ', '|'), ('హో', 'U'), ('గ్ర', '|'), ('న', '|'), ('ర', '|'), ('క', 'U'), ('స్థా', 'U'), ('న', 'U'), ('వ్య', '|'), ('థం', 'U'), ('గొ', 'U'), ('న్ని', '|'), ('నా', 'U'), ('ళ్లె', '|'), ('న', '|'), ('య', 'U'), ('న్బా', 'U'), ('ల్య', '|'), ('కు', '|'), ('మా', 'U'), ('ర', '|'), ('తా', 'U'), ('ద', '|'), ('శ', '|'), ('ల', '|'), ('గొ', 'U'), ('న్నే', 'U'), ('డు', 'U'), ('ల్వ', '|'), ('ధూ', 'U'), ('మీ', 'U'), ('న', '|'), ('కే', 'U'), ('త', '|'), ('న', '|'), ('గే', 'U'), ('హ', '|'), ('భ్ర', '|'), ('మ', '|'), ('గొ', 'U'), ('న్ని', '|'), ('నా', 'U'), ('ళ్ళు', '|'), ('ఘ', '|'), ('న', '|'), ('వృ', 'U'), ('ద్ధ', '|'), ('ప్రా', 'U'), ('ప్తి', '|'), ('గొ', 'U'), ('న్నే', 'U'), ('ళ్ళు', '|'), ('బా', 'U'), ('య', '|'), ('ని', '|'), ('దుః', 'U'), ('ఖం', 'U'), ('బు', '|'), ('ల', '|'), ('బ్రా', 'U'), ('ణి', '|'), ('గుం', 'U'), ('దు', '|'), ('గ', '|'), ('ద', '|'), ('భ', 'U'), ('ర్గా', 'U'), ('పా', 'U'), ('ర్వ', '|'), ('తీ', 'U'), ('వ', 'U'), ('ల్ల', '|'), ('భా', 'U')]",0.8857142857142858,1.0,1.0,0.9285714285714286,0.5,1.0
saardulamu,"కేదారాదిక పుణ్యభూముల కశక్తిం బోవఁగారాదు; బల్
పేదర్కంబున దానధర్మవిధు లోలిం జేయఁగారాదు గా-
కేదే నొక్కతఱిన్ సమస్తభువనాధీశున్ నినుం గొల్వఁగా
రాదో? కానరుగాక దుర్మతులు భర్గా! పార్వతీవల్లభా!",vruttamu,Bharga,"[('కే', 'U'), ('దా', 'U'), ('రా', 'U'), ('ది', '|'), ('క', '|'), ('పు', 'U'), ('ణ్య', '|'), ('భూ', 'U'), ('ము', '|'), ('ల', '|'), ('క', '|'), ('శ', 'U'), ('క్తిం', 'U'), ('బో', 'U'), ('వ', '|'), ('గా', 'U'), ('రా', 'U'), ('దు', '|'), ('బల్', 'U'), ('పే', 'U'), ('ద', 'U'), ('ర్కం', 'U'), ('బు', '|'), ('న', '|'), ('దా', 'U'), ('న', '|'), ('ధ', 'U'), ('ర్మ', '|'), ('వి', '|'), ('ధు', '|'), ('లో', 'U'), ('లిం', 'U'), ('జే', 'U'), ('య', '|'), ('గా', 'U'), ('రా', 'U'), ('దు', '|'), ('గా', 'U'), ('కే', 'U'), ('దే', 'U'), ('నొ', 'U'), ('క్క', '|'), ('త', '|'), ('ఱి', 'U'), ('న్స', '|'), ('మ', 'U'), ('స్త', '|'), ('భు', '|'), ('వ', '|'), ('నా', 'U'), ('ధీ', 'U'), ('శు', 'U'), ('న్ని', '|'), ('నుం', 'U'), ('గొ', 'U'), ('ల్వ', '|'), ('గా', 'U'), ('రా', 'U'), ('దో', 'U'), ('కా', 'U'), ('న', '|'), ('రు', '|'), ('గా', 'U'), ('క', '|'), ('దు', 'U'), ('ర్మ', '|'), ('తు', '|'), ('లు', '|'), ('భ', 'U'), ('ర్గా', 'U'), ('పా', 'U'), ('ర్వ', '|'), ('తీ', 'U'), ('వ', 'U'), ('ల్ల', '|'), ('భా', 'U')]",0.9,1.0,1.0,1.0,0.5,1.0
mattebhamu,"తరుణీశుంభదురోజకుంభములపై ధమ్మిల్లబంధంబుపైఁ
గరమూలంబులపైఁ గపోలములపైఁ గందోయిపై మోముపై
నిరతంబున్ విహరించు చిత్త మెపుడున్ నీయందొకప్డేనిఁ జే-
ర్పరుగా మూఢు లదేమిదుష్కృతమొ? భర్గా! పార్వతీవల్లభా!",vruttamu,Bharga,"[('త', '|'), ('రు', '|'), ('ణీ', 'U'), ('శుం', 'U'), ('భ', '|'), ('దు', '|'), ('రో', 'U'), ('జ', '|'), ('కుం', 'U'), ('భ', '|'), ('ము', '|'), ('ల', '|'), ('పై', 'U'), ('ధ', 'U'), ('మ్మి', 'U'), ('ల్ల', '|'), ('బం', 'U'), ('ధం', 'U'), ('బు', '|'), ('పై', 'U'), ('గ', '|'), ('ర', '|'), ('మూ', 'U'), ('లం', 'U'), ('బు', '|'), ('ల', '|'), ('పై', 'U'), ('గ', '|'), ('పో', 'U'), ('ల', '|'), ('ము', '|'), ('ల', '|'), ('పై', 'U'), ('గం', 'U'), ('దో', 'U'), ('యి', '|'), ('పై', 'U'), ('మో', 'U'), ('ము', '|'), ('పై', 'U'), ('ని', '|'), ('ర', '|'), ('తం', 'U'), ('బు', 'U'), ('న్వి', '|'), ('హ', '|'), ('రిం', 'U'), ('చు', '|'), ('చి', 'U'), ('త్త', '|'), ('మె', '|'), ('పు', '|'), ('డు', 'U'), ('న్నీ', 'U'), ('యం', 'U'), ('దొ', '|'), ('క', 'U'), ('ప్డే', 'U'), ('ని', '|'), ('జే', 'U'), ('ర్ప', '|'), ('రు', '|'), ('గా', 'U'), ('మూ', 'U'), ('ఢు', '|'), ('ల', '|'), ('దే', 'U'), ('మి', '|'), ('దు', 'U'), ('ష్కృ', '|'), ('త', '|'), ('మొ', '|'), ('భ', 'U'), ('ర్గా', 'U'), ('పా', 'U'), ('ర్వ', '|'), ('తీ', 'U'), ('వ', 'U'), ('ల్ల', '|'), ('భా', 'U')]",1.0,1.0,1.0,1.0,1.0,1.0
mattebhamu,"మిము నొక్కప్పుడుఁ గొల్వనేరక వృథామిథ్యాప్రచారంబులం-
గములై వాఁగులయందు నెల్ల మునుగంగాఁ బుణ్యము ల్సేరునే?
తమి నశ్రాంతము నీటఁ గ్రుంకులిడి యేధర్మంబు లార్జించెనో
కమఠగ్రాహఢులీకుళీరములు! భర్గా! పార్వతీవల్లభా!",vruttamu,Bharga,"[('మి', '|'), ('ము', '|'), ('నొ', 'U'), ('క్క', 'U'), ('ప్పు', '|'), ('డు', '|'), ('గొ', 'U'), ('ల్వ', '|'), ('నే', 'U'), ('ర', '|'), ('క', '|'), ('వృ', '|'), ('థా', 'U'), ('మి', 'U'), ('థ్యా', 'U'), ('ప్ర', '|'), ('చా', 'U'), ('రం', 'U'), ('బు', '|'), ('లం', 'U'), ('గ', '|'), ('ము', '|'), ('లై', 'U'), ('వా', 'U'), ('గు', '|'), ('ల', '|'), ('యం', 'U'), ('దు', '|'), ('నె', 'U'), ('ల్ల', '|'), ('ము', '|'), ('ను', '|'), ('గం', 'U'), ('గా', 'U'), ('బు', 'U'), ('ణ్య', '|'), ('ము', 'U'), ('ల్సే', 'U'), ('రు', '|'), ('నే', 'U'), ('త', '|'), ('మి', '|'), ('న', '|'), ('శ్రాం', 'U'), ('త', '|'), ('ము', '|'), ('నీ', 'U'), ('ట', '|'), ('గ్రుం', 'U'), ('కు', '|'), ('లి', '|'), ('డి', '|'), ('యే', 'U'), ('ధ', 'U'), ('ర్మం', 'U'), ('బు', '|'), ('లా', 'U'), ('ర్జిం', 'U'), ('చె', '|'), ('నో', 'U'), ('క', '|'), ('మ', '|'), ('ఠ', '|'), ('గ్రా', 'U'), ('హ', '|'), ('ఢు', '|'), ('లీ', 'U'), ('కు', '|'), ('ళీ', 'U'), ('ర', '|'), ('ము', '|'), ('లు', '|'), ('భ', 'U'), ('ర్గా', 'U'), ('పా', 'U'), ('ర్వ', '|'), ('తీ', 'U'), ('వ', 'U'), ('ల్ల', '|'), ('భా', 'U')]",0.9857142857142858,1.0,1.0,0.9285714285714286,1.0,1.0
mattebhamu,"హరి దైవంబు విరించి సర్వభువనాధ్యక్షుండు బృందారకే-
శ్వరుఁడాఢ్యుండు హుతాశనుండు పతి భాస్వంతుండు వేల్పండ్రు
లో నరయ న్నేరరుగా ‘శివాత్పరతరం నాస్తీ’తివాక్యార్థ మే-
కరణిం గోవిదులైరొ కాని మఱి! భర్గా! పార్వతీవల్లభా!",vruttamu,Bharga,"[('హ', '|'), ('రి', '|'), ('దై', 'U'), ('వం', 'U'), ('బు', '|'), ('వి', '|'), ('రిం', 'U'), ('చి', '|'), ('స', 'U'), ('ర్వ', '|'), ('భు', '|'), ('వ', '|'), ('నా', 'U'), ('ధ్య', 'U'), ('క్షుం', 'U'), ('డు', '|'), ('బృం', 'U'), ('దా', 'U'), ('ర', '|'), ('కే', 'U'), ('శ్వ', '|'), ('రు', '|'), ('డా', 'U'), ('ఢ్యుం', 'U'), ('డు', '|'), ('హు', '|'), ('తా', 'U'), ('శ', '|'), ('నుం', 'U'), ('డు', '|'), ('ప', '|'), ('తి', '|'), ('భా', 'U'), ('స్వం', 'U'), ('తుం', 'U'), ('డు', '|'), ('వే', 'U'), ('ల్పం', 'U'), ('డ్రు', '|'), ('లో', 'U'), ('న', '|'), ('ర', '|'), ('య', 'U'), ('న్నే', 'U'), ('ర', '|'), ('రు', '|'), ('గా', 'U'), ('శి', '|'), ('వా', 'U'), ('త్ప', '|'), ('ర', '|'), ('త', '|'), ('రం', 'U'), ('నా', 'U'), ('స్తీ', 'U'), ('తి', '|'), ('వా', 'U'), ('క్యా', 'U'), ('ర్థ', '|'), ('మే', 'U'), ('క', '|'), ('ర', '|'), ('ణిం', 'U'), ('గో', 'U'), ('వి', '|'), ('దు', '|'), ('లై', 'U'), ('రొ', '|'), ('కా', 'U'), ('ని', '|'), ('మ', '|'), ('ఱి', '|'), ('భ', 'U'), ('ర్గా', 'U'), ('పా', 'U'), ('ర్వ', '|'), ('తీ', 'U'), ('వ', 'U'), ('ల్ల', '|'), ('భా', 'U')]",1.0,1.0,1.0,1.0,1.0,1.0
saardulamu,"వేయేనూఱుపురాణముల్ సదివినన్ వేదాంతముల్ గన్న నా-
మ్నాయంబుల్ పరికించినన్ స్మృతులు వేమాఱుల్ విమర్శించిన
న్నీయం దాఢ్యత దోఁచుచున్నయదివో నిక్కంబు భావింపఁగా
గాయత్రీపతివై తనర్చుటను భర్గా! పార్వతీవల్లభా!",vruttamu,Bharga,"[('వే', 'U'), ('యే', 'U'), ('నూ', 'U'), ('ఱు', '|'), ('పు', '|'), ('రా', 'U'), ('ణ', '|'), ('ము', 'U'), ('ల్స', '|'), ('ది', '|'), ('వి', '|'), ('న', 'U'), ('న్వే', 'U'), ('దాం', 'U'), ('త', '|'), ('ము', 'U'), ('ల్గ', 'U'), ('న్న', '|'), ('నా', 'U'), ('మ్నా', 'U'), ('యం', 'U'), ('బు', 'U'), ('ల్ప', '|'), ('రి', '|'), ('కిం', 'U'), ('చి', '|'), ('న', 'U'), ('న్స్మృ', '|'), ('తు', '|'), ('లు', '|'), ('వే', 'U'), ('మా', 'U'), ('ఱు', 'U'), ('ల్వి', '|'), ('మ', 'U'), ('ర్శిం', 'U'), ('చి', '|'), ('న', 'U'), ('న్నీ', 'U'), ('యం', 'U'), ('దా', 'U'), ('ఢ్య', '|'), ('త', '|'), ('దో', 'U'), ('చు', '|'), ('చు', 'U'), ('న్న', '|'), ('య', '|'), ('ది', '|'), ('వో', 'U'), ('ని', 'U'), ('క్కం', 'U'), ('బు', '|'), ('భా', 'U'), ('విం', 'U'), ('ప', '|'), ('గా', 'U'), ('గా', 'U'), ('య', '|'), ('త్రీ', 'U'), ('ప', '|'), ('తి', '|'), ('వై', 'U'), ('త', '|'), ('న', 'U'), ('ర్చు', '|'), ('ట', '|'), ('ను', '|'), ('భ', 'U'), ('ర్గా', 'U'), ('పా', 'U'), ('ర్వ', '|'), ('తీ', 'U'), ('వ', 'U'), ('ల్ల', '|'), ('భా', 'U')]",0.9928571428571429,1.0,1.0,0.9642857142857143,1.0,1.0
saardulamu,"ఆఘంటాపథపద్ధతిన్ శివశివే త్యాలాపసంశీలులై
రేఘస్రంబులు ద్రోచు పుణ్యతము లుర్విన్ బ్రహ్మహత్యాద్యనే-
కాఘౌఘంబులు వాసి తావకపదప్రాప్తిన్ విడంబింతురౌ
ద్రాఘిష్ఠప్రభుతాగుణోల్లాసన! భర్గా! పార్వతీవల్లభా!",vruttamu,Bharga,"[('ఆ', 'U'), ('ఘం', 'U'), ('టా', 'U'), ('ప', '|'), ('థ', '|'), ('ప', 'U'), ('ద్ధ', '|'), ('తి', 'U'), ('న్శి', '|'), ('వ', '|'), ('శి', '|'), ('వే', 'U'), ('త్యా', 'U'), ('లా', 'U'), ('ప', '|'), ('సం', 'U'), ('శీ', 'U'), ('లు', '|'), ('లై', 'U'), ('రే', 'U'), ('ఘ', '|'), ('స్రం', 'U'), ('బు', '|'), ('లు', '|'), ('ద్రో', 'U'), ('చు', '|'), ('పు', 'U'), ('ణ్య', '|'), ('త', '|'), ('ము', '|'), ('లు', 'U'), ('ర్వి', 'U'), ('న్బ్ర', 'U'), ('హ్మ', '|'), ('హ', 'U'), ('త్యా', 'U'), ('ద్య', '|'), ('నే', 'U'), ('కా', 'U'), ('ఘౌ', 'U'), ('ఘం', 'U'), ('బు', '|'), ('లు', '|'), ('వా', 'U'), ('సి', '|'), ('తా', 'U'), ('వ', '|'), ('క', '|'), ('ప', '|'), ('ద', '|'), ('ప్రా', 'U'), ('ప్తి', 'U'), ('న్వి', '|'), ('డం', 'U'), ('బిం', 'U'), ('తు', '|'), ('రౌ', 'U'), ('ద్రా', 'U'), ('ఘి', 'U'), ('ష్ఠ', '|'), ('ప్ర', '|'), ('భు', '|'), ('తా', 'U'), ('గు', '|'), ('ణో', 'U'), ('ల్లా', 'U'), ('స', '|'), ('న', '|'), ('భ', 'U'), ('ర్గా', 'U'), ('పా', 'U'), ('ర్వ', '|'), ('తీ', 'U'), ('వ', 'U'), ('ల్ల', '|'), ('భా', 'U')]",0.9214285714285715,1.0,1.0,0.8571428571428571,0.75,1.0
mattebhamu,"పృథివిన్ మర్త్యుఁ డొకప్డు నీ శిరముపై బిల్వీదళం బొక్కట-
త్యాధికాహ్లాదముతోడ నిడ్డ నది యాహా! ఘోటకాందోళికా-
రథనాగాంబరపుత్రపౌత్రవనితారత్నాదులై యొప్పుఁబో
ప్రథితాదభ్రసితాభ్రశుభ్రయశ! భర్గా! పార్వతీవల్లభా!",vruttamu,Bharga,"[('పృ', '|'), ('థి', '|'), ('వి', 'U'), ('న్మ', 'U'), ('ర్త్యు', '|'), ('డొ', '|'), ('క', 'U'), ('ప్డు', '|'), ('నీ', 'U'), ('శి', '|'), ('ర', '|'), ('ము', '|'), ('పై', 'U'), ('బి', 'U'), ('ల్వీ', 'U'), ('ద', '|'), ('ళం', 'U'), ('బొ', 'U'), ('క్క', '|'), ('ట', 'U'), ('త్యా', 'U'), ('ధి', '|'), ('కా', 'U'), ('హ్లా', 'U'), ('ద', '|'), ('ము', '|'), ('తో', 'U'), ('డ', '|'), ('ని', 'U'), ('డ్డ', '|'), ('న', '|'), ('ది', '|'), ('యా', 'U'), ('హా', 'U'), ('ఘో', 'U'), ('ట', '|'), ('కాం', 'U'), ('దో', 'U'), ('ళి', '|'), ('కా', 'U'), ('ర', '|'), ('థ', '|'), ('నా', 'U'), ('గాం', 'U'), ('బ', '|'), ('ర', '|'), ('పు', '|'), ('త్ర', '|'), ('పౌ', 'U'), ('త్ర', '|'), ('వ', '|'), ('ని', '|'), ('తా', 'U'), ('ర', 'U'), ('త్నా', 'U'), ('దు', '|'), ('లై', 'U'), ('యొ', 'U'), ('ప్పు', '|'), ('బో', 'U'), ('ప్ర', '|'), ('థి', '|'), ('తా', 'U'), ('ద', '|'), ('భ్ర', '|'), ('సి', '|'), ('తా', 'U'), ('భ్ర', '|'), ('శు', '|'), ('భ్ర', '|'), ('య', '|'), ('శ', '|'), ('భ', 'U'), ('ర్గా', 'U'), ('పా', 'U'), ('ర్వ', '|'), ('తీ', 'U'), ('వ', 'U'), ('ల్ల', '|'), ('భా', 'U')]",0.9214285714285715,1.0,1.0,0.8571428571428571,1.0,0.75
mattebhamu,"మిము సేవించుటచేతఁ గాదె చిరలక్ష్మీసంగతుల్ శౌరికిన్
నముచిద్వేషికి శాశ్వతస్థితమహానాకాధిపత్యంబు వా-
గ్రమణీభర్త కశేషసృష్టిరచనాప్రావీణ్యమున్ గల్గె నీ
క్రమ మజ్ఞుల్ గనలేరు గాని భువి భర్గా! పార్వతీవల్లభా!",vruttamu,Bharga,"[('మి', '|'), ('ము', '|'), ('సే', 'U'), ('విం', 'U'), ('చు', '|'), ('ట', '|'), ('చే', 'U'), ('త', '|'), ('గా', 'U'), ('దె', '|'), ('చి', '|'), ('ర', '|'), ('ల', 'U'), ('క్ష్మీ', 'U'), ('సం', 'U'), ('గ', '|'), ('తు', 'U'), ('ల్శౌ', 'U'), ('రి', '|'), ('కిన్', 'U'), ('న', '|'), ('ము', '|'), ('చి', 'U'), ('ద్వే', 'U'), ('షి', '|'), ('కి', '|'), ('శా', 'U'), ('శ్వ', '|'), ('త', 'U'), ('స్థి', '|'), ('త', '|'), ('మ', '|'), ('హా', 'U'), ('నా', 'U'), ('కా', 'U'), ('ధి', '|'), ('ప', 'U'), ('త్యం', 'U'), ('బు', '|'), ('వా', 'U'), ('గ్ర', '|'), ('మ', '|'), ('ణీ', 'U'), ('భ', 'U'), ('ర్త', '|'), ('క', '|'), ('శే', 'U'), ('ష', '|'), ('సృ', 'U'), ('ష్టి', '|'), ('ర', '|'), ('చ', '|'), ('నా', 'U'), ('ప్రా', 'U'), ('వీ', 'U'), ('ణ్య', '|'), ('ము', 'U'), ('న్గ', 'U'), ('ల్గె', '|'), ('నీ', 'U'), ('క్ర', '|'), ('మ', '|'), ('మ', 'U'), ('జ్ఞు', 'U'), ('ల్గ', '|'), ('న', '|'), ('లే', 'U'), ('రు', '|'), ('గా', 'U'), ('ని', '|'), ('భు', '|'), ('వి', '|'), ('భ', 'U'), ('ర్గా', 'U'), ('పా', 'U'), ('ర్వ', '|'), ('తీ', 'U'), ('వ', 'U'), ('ల్ల', '|'), ('భా', 'U')]",1.0,1.0,1.0,1.0,1.0,1.0
saardulamu,"వాణీశాంబుజలోచనప్రముఖ గీర్వాణార్చితాంఘ్రిద్వయున్
క్షోణీభాగశతాంగునిన్ గజహరున్ శ్రుత్యంతవేద్యున్ నినున్
బాణాదిప్రమథోత్తముల్ గొలిచి మేల్పట్టూనిరౌ సంతత-
ప్రాణివ్యూహమనోంబురుడ్భవన! భర్గా! పార్వతీవల్లభా!",vruttamu,Bharga,"[('వా', 'U'), ('ణీ', 'U'), ('శాం', 'U'), ('బు', '|'), ('జ', '|'), ('లో', 'U'), ('చ', '|'), ('న', '|'), ('ప్ర', '|'), ('ము', '|'), ('ఖ', '|'), ('గీ', 'U'), ('ర్వా', 'U'), ('ణా', 'U'), ('ర్చి', '|'), ('తాం', 'U'), ('ఘ్రి', 'U'), ('ద్వ', '|'), ('యున్', 'U'), ('క్షో', 'U'), ('ణీ', 'U'), ('భా', 'U'), ('గ', '|'), ('శ', '|'), ('తాం', 'U'), ('గు', '|'), ('ని', 'U'), ('న్గ', '|'), ('జ', '|'), ('హ', '|'), ('రు', 'U'), ('న్శ్రు', 'U'), ('త్యం', 'U'), ('త', '|'), ('వే', 'U'), ('ద్యు', 'U'), ('న్ని', '|'), ('నున్', 'U'), ('బా', 'U'), ('ణా', 'U'), ('ది', '|'), ('ప్ర', '|'), ('మ', '|'), ('థో', 'U'), ('త్త', '|'), ('ము', 'U'), ('ల్గొ', '|'), ('లి', '|'), ('చి', '|'), ('మే', 'U'), ('ల్ప', 'U'), ('ట్టూ', 'U'), ('ని', '|'), ('రౌ', 'U'), ('సం', 'U'), ('త', '|'), ('త', '|'), ('ప్రా', 'U'), ('ణి', 'U'), ('వ్యూ', 'U'), ('హ', '|'), ('మ', '|'), ('నోం', 'U'), ('బు', '|'), ('రు', 'U'), ('డ్భ', '|'), ('వ', '|'), ('న', '|'), ('భ', 'U'), ('ర్గా', 'U'), ('పా', 'U'), ('ర్వ', '|'), ('తీ', 'U'), ('వ', 'U'), ('ల్ల', '|'), ('భా', 'U')]",0.9785714285714284,1.0,1.0,0.8928571428571429,1.0,1.0
saardulamu,"దారిద్ర్యంబు దొలంగు మృత్యువెడలున్ దవ్వౌనఘవ్రాతము
ల్ఘోరవ్యాధులు గండదోషము లడంగున్ జారచోరవ్యథల్
దూరంబౌ నహితానలగ్రహగణార్తుల్ వీడు నిక్కంబు నీ
కారుణ్యం బొకయింత గల్గునెడ భర్గా! పార్వతీవల్లభా!",vruttamu,Bharga,"[('దా', 'U'), ('రి', 'U'), ('ద్ర్యం', 'U'), ('బు', '|'), ('దొ', '|'), ('లం', 'U'), ('గు', '|'), ('మృ', 'U'), ('త్యు', '|'), ('వె', '|'), ('డ', '|'), ('లు', 'U'), ('న్ద', 'U'), ('వ్వౌ', 'U'), ('న', '|'), ('ఘ', '|'), ('వ్రా', 'U'), ('త', '|'), ('ము', 'U'), ('ల్ఘో', 'U'), ('ర', 'U'), ('వ్యా', 'U'), ('ధు', '|'), ('లు', '|'), ('గం', 'U'), ('డ', '|'), ('దో', 'U'), ('ష', '|'), ('ము', '|'), ('ల', '|'), ('డం', 'U'), ('గు', 'U'), ('న్జా', 'U'), ('ర', '|'), ('చో', 'U'), ('ర', 'U'), ('వ్య', '|'), ('థల్', 'U'), ('దూ', 'U'), ('రం', 'U'), ('బౌ', 'U'), ('న', '|'), ('హి', '|'), ('తా', 'U'), ('న', '|'), ('ల', '|'), ('గ్ర', '|'), ('హ', '|'), ('గ', '|'), ('ణా', 'U'), ('ర్తు', 'U'), ('ల్వీ', 'U'), ('డు', '|'), ('ని', 'U'), ('క్కం', 'U'), ('బు', '|'), ('నీ', 'U'), ('కా', 'U'), ('రు', 'U'), ('ణ్యం', 'U'), ('బొ', '|'), ('క', '|'), ('యిం', 'U'), ('త', '|'), ('గ', 'U'), ('ల్గు', '|'), ('నె', '|'), ('డ', '|'), ('భ', 'U'), ('ర్గా', 'U'), ('పా', 'U'), ('ర్వ', '|'), ('తీ', 'U'), ('వ', 'U'), ('ల్ల', '|'), ('భా', 'U')]",0.9857142857142858,1.0,1.0,0.9285714285714286,1.0,1.0
mattebhamu,"సుత, పద్మాకర, దేవతాగృహ, వన, క్షోణీసురోద్వాహ, స-
త్కృతి, నిక్షేపము లంచు నెంచ నలువౌ నీ సప్తసంతానముల్
హితవారంగ నొనర్చు పుణ్యమెనయున్ హేలాగతి న్మర్త్యుఁడొ-
క్కతఱిన్ మిమ్ముఁ దలంచెనేని మది భర్గా! పార్వతీవల్లభా!",vruttamu,Bharga,"[('సు', '|'), ('త', '|'), ('ప', 'U'), ('ద్మా', 'U'), ('క', '|'), ('ర', '|'), ('దే', 'U'), ('వ', '|'), ('తా', 'U'), ('గృ', '|'), ('హ', '|'), ('వ', '|'), ('న', 'U'), ('క్షో', 'U'), ('ణీ', 'U'), ('సు', '|'), ('రో', 'U'), ('ద్వా', 'U'), ('హ', '|'), ('స', 'U'), ('త్కృ', '|'), ('తి', '|'), ('ని', 'U'), ('క్షే', 'U'), ('ప', '|'), ('ము', '|'), ('లం', 'U'), ('చు', '|'), ('నెం', 'U'), ('చ', '|'), ('న', '|'), ('లు', '|'), ('వౌ', 'U'), ('నీ', 'U'), ('స', 'U'), ('ప్త', '|'), ('సం', 'U'), ('తా', 'U'), ('న', '|'), ('ముల్', 'U'), ('హి', '|'), ('త', '|'), ('వా', 'U'), ('రం', 'U'), ('గ', '|'), ('నొ', '|'), ('న', 'U'), ('ర్చు', '|'), ('పు', 'U'), ('ణ్య', '|'), ('మె', '|'), ('న', '|'), ('యు', 'U'), ('న్హే', 'U'), ('లా', 'U'), ('గ', '|'), ('తి', 'U'), ('న్మ', 'U'), ('ర్త్యు', '|'), ('డొ', 'U'), ('క్క', '|'), ('త', '|'), ('ఱి', 'U'), ('న్మి', 'U'), ('మ్ము', '|'), ('ద', '|'), ('లం', 'U'), ('చె', '|'), ('నే', 'U'), ('ని', '|'), ('మ', '|'), ('ది', '|'), ('భ', 'U'), ('ర్గా', 'U'), ('పా', 'U'), ('ర్వ', '|'), ('తీ', 'U'), ('వ', 'U'), ('ల్ల', '|'), ('భా', 'U')]",0.95,1.0,1.0,1.0,0.75,1.0
mattebhamu,"అమరం ద్వత్పదపంకజాతయుగళధ్యానక్రియాశ్రాంతసం-
భ్రమలీలన్ విలసిల్లు డెంద మొరులన్ బ్రార్థింపఁగా నేర్చునే?
సుమనోనిర్ఝరిణీసువర్ణకమలస్తోమాసవాలంపట
భ్రమరం బేఁగునే తుమ్మకొమ్మలకు భర్గా! పార్వతీవల్లభా!",vruttamu,Bharga,"[('అ', '|'), ('మ', '|'), ('రం', 'U'), ('ద్వ', 'U'), ('త్ప', '|'), ('ద', '|'), ('పం', 'U'), ('క', '|'), ('జా', 'U'), ('త', '|'), ('యు', '|'), ('గ', '|'), ('ళ', 'U'), ('ధ్యా', 'U'), ('న', '|'), ('క్రి', '|'), ('యా', 'U'), ('శ్రాం', 'U'), ('త', '|'), ('సం', 'U'), ('భ్ర', '|'), ('మ', '|'), ('లీ', 'U'), ('ల', 'U'), ('న్వి', '|'), ('ల', '|'), ('సి', 'U'), ('ల్లు', '|'), ('డెం', 'U'), ('ద', '|'), ('మొ', '|'), ('రు', '|'), ('ల', 'U'), ('న్బ్రా', 'U'), ('ర్థిం', 'U'), ('ప', '|'), ('గా', 'U'), ('నే', 'U'), ('ర్చు', '|'), ('నే', 'U'), ('సు', '|'), ('మ', '|'), ('నో', 'U'), ('ని', 'U'), ('ర్ఝ', '|'), ('రి', '|'), ('ణీ', 'U'), ('సు', '|'), ('వ', 'U'), ('ర్ణ', '|'), ('క', '|'), ('మ', '|'), ('ల', 'U'), ('స్తో', 'U'), ('మా', 'U'), ('స', '|'), ('వా', 'U'), ('లం', 'U'), ('ప', '|'), ('ట', '|'), ('భ్ర', '|'), ('మ', '|'), ('రం', 'U'), ('బే', 'U'), ('గు', '|'), ('నే', 'U'), ('తు', 'U'), ('మ్మ', '|'), ('కొ', 'U'), ('మ్మ', '|'), ('ల', '|'), ('కు', '|'), ('భ', 'U'), ('ర్గా', 'U'), ('పా', 'U'), ('ర్వ', '|'), ('తీ', 'U'), ('వ', 'U'), ('ల్ల', '|'), ('భా', 'U')]",0.9785714285714284,1.0,1.0,0.8928571428571429,1.0,1.0
mattebhamu,"శివుఁ జూడం దగదండ్రు గొందఱధముల్ చిత్రంబు తారెన్నఁడు
న్రవిచంద్రాగ్నిగృహిక్షమాపవననీరవ్యోమముల్ నీ స్వరూ-
పవిశేషంబు లటంచుఁ దెల్ప వినరో భావింప నమ్మూర్ఖపుం
గవు లెల్లం దదధీనతన్ మనరొ భర్గా! పార్వతీవల్లభా!",vruttamu,Bharga,"[('శి', '|'), ('వు', '|'), ('జూ', 'U'), ('డం', 'U'), ('ద', '|'), ('గ', '|'), ('దం', 'U'), ('డ్రు', '|'), ('గొం', 'U'), ('ద', '|'), ('ఱ', '|'), ('ధ', '|'), ('ము', 'U'), ('ల్చి', '|'), ('త్రం', 'U'), ('బు', '|'), ('తా', 'U'), ('రె', 'U'), ('న్న', '|'), ('డు', '|'), ('న్ర', '|'), ('వి', '|'), ('చం', 'U'), ('ద్రా', 'U'), ('గ్ని', '|'), ('గృ', '|'), ('హి', 'U'), ('క్ష', '|'), ('మా', 'U'), ('ప', '|'), ('వ', '|'), ('న', '|'), ('నీ', 'U'), ('ర', 'U'), ('వ్యో', 'U'), ('మ', '|'), ('ము', 'U'), ('ల్నీ', 'U'), ('స్వ', '|'), ('రూ', 'U'), ('ప', '|'), ('వి', '|'), ('శే', 'U'), ('షం', 'U'), ('బు', '|'), ('ల', '|'), ('టం', 'U'), ('చు', '|'), ('దె', 'U'), ('ల్ప', '|'), ('వి', '|'), ('న', '|'), ('రో', 'U'), ('భా', 'U'), ('విం', 'U'), ('ప', '|'), ('న', 'U'), ('మ్మూ', 'U'), ('ర్ఖ', '|'), ('పుం', 'U'), ('గ', '|'), ('వు', '|'), ('లె', 'U'), ('ల్లం', 'U'), ('ద', '|'), ('ద', '|'), ('ధీ', 'U'), ('న', '|'), ('త', 'U'), ('న్మ', '|'), ('న', '|'), ('రొ', '|'), ('భ', 'U'), ('ర్గా', 'U'), ('పా', 'U'), ('ర్వ', '|'), ('తీ', 'U'), ('వ', 'U'), ('ల్ల', '|'), ('భా', 'U')]",0.9857142857142858,1.0,1.0,0.9285714285714286,1.0,1.0
mattebhamu,"ద్విపగంధర్వవిభూషణాంబరవధూవీటీభటాందోళికా-
తపనీయాదులచేత మత్తిలి బుధేంద్రశ్రేణిఁ బీడింతురౌ
తపనప్రోద్భవఘోరకింకరగదాదండోగ్రదుఃఖంబు లొ-
క్కపుడుం దుష్ప్రభులేల యెంచరొకొ? భర్గా! పార్వతీవల్లభా!",vruttamu,Bharga,"[('ద్వి', '|'), ('ప', '|'), ('గం', 'U'), ('ధ', 'U'), ('ర్వ', '|'), ('వి', '|'), ('భూ', 'U'), ('ష', '|'), ('ణాం', 'U'), ('బ', '|'), ('ర', '|'), ('వ', '|'), ('ధూ', 'U'), ('వీ', 'U'), ('టీ', 'U'), ('భ', '|'), ('టాం', 'U'), ('దో', 'U'), ('ళి', '|'), ('కా', 'U'), ('త', '|'), ('ప', '|'), ('నీ', 'U'), ('యా', 'U'), ('దు', '|'), ('ల', '|'), ('చే', 'U'), ('త', '|'), ('మ', 'U'), ('త్తి', '|'), ('లి', '|'), ('బు', '|'), ('ధేం', 'U'), ('ద్ర', '|'), ('శ్రే', 'U'), ('ణి', '|'), ('బీ', 'U'), ('డిం', 'U'), ('తు', '|'), ('రౌ', 'U'), ('త', '|'), ('ప', '|'), ('న', '|'), ('ప్రో', 'U'), ('ద్భ', '|'), ('వ', '|'), ('ఘో', 'U'), ('ర', '|'), ('కిం', 'U'), ('క', '|'), ('ర', '|'), ('గ', '|'), ('దా', 'U'), ('దం', 'U'), ('డో', 'U'), ('గ్ర', '|'), ('దుః', 'U'), ('ఖం', 'U'), ('బు', '|'), ('లొ', 'U'), ('క్క', '|'), ('పు', '|'), ('డుం', 'U'), ('దు', 'U'), ('ష్ప్ర', '|'), ('భు', '|'), ('లే', 'U'), ('ల', '|'), ('యెం', 'U'), ('చ', '|'), ('రొ', '|'), ('కొ', '|'), ('భ', 'U'), ('ర్గా', 'U'), ('పా', 'U'), ('ర్వ', '|'), ('తీ', 'U'), ('వ', 'U'), ('ల్ల', '|'), ('భా', 'U')]",0.9857142857142858,1.0,1.0,0.9285714285714286,1.0,1.0
saardulamu,"నానాద్వీపధరాధురావహనమాన్యస్ఫారబాహాబలా-
నూనఖ్యాతిసమేతులైన శశిబిందుక్ష్మాతలేశాదిక
క్ష్మానాథు ల్చనిపోవుట ల్దెలియరో సత్యంబులా దేహముల్?
కానంజాలరు గాక దుర్నృపులు భర్గా! పార్వతీవల్లభా!",vruttamu,Bharga,"[('నా', 'U'), ('నా', 'U'), ('ద్వీ', 'U'), ('ప', '|'), ('ధ', '|'), ('రా', 'U'), ('ధు', '|'), ('రా', 'U'), ('వ', '|'), ('హ', '|'), ('న', '|'), ('మా', 'U'), ('న్య', 'U'), ('స్ఫా', 'U'), ('ర', '|'), ('బా', 'U'), ('హా', 'U'), ('బ', '|'), ('లా', 'U'), ('నూ', 'U'), ('న', 'U'), ('ఖ్యా', 'U'), ('తి', '|'), ('స', '|'), ('మే', 'U'), ('తు', '|'), ('లై', 'U'), ('న', '|'), ('శ', '|'), ('శి', '|'), ('బిం', 'U'), ('దు', 'U'), ('క్ష్మా', 'U'), ('త', '|'), ('లే', 'U'), ('శా', 'U'), ('ది', '|'), ('క', 'U'), ('క్ష్మా', 'U'), ('నా', 'U'), ('థు', 'U'), ('ల్చ', '|'), ('ని', '|'), ('పో', 'U'), ('వు', '|'), ('ట', 'U'), ('ల్దె', '|'), ('లి', '|'), ('య', '|'), ('రో', 'U'), ('స', 'U'), ('త్యం', 'U'), ('బు', '|'), ('లా', 'U'), ('దే', 'U'), ('హ', '|'), ('ముల్', 'U'), ('కా', 'U'), ('నం', 'U'), ('జా', 'U'), ('ల', '|'), ('రు', '|'), ('గా', 'U'), ('క', '|'), ('దు', 'U'), ('ర్నృ', '|'), ('పు', '|'), ('లు', '|'), ('భ', 'U'), ('ర్గా', 'U'), ('పా', 'U'), ('ర్వ', '|'), ('తీ', 'U'), ('వ', 'U'), ('ల్ల', '|'), ('భా', 'U')]",0.95,1.0,1.0,1.0,0.75,1.0
mattebhamu,"చవిలెల్ కాసులు వీసముల్ గొని యథేచ్చాలీలలం బ్రేలు దు-
ష్కవుల న్మెచ్చుచు భవ్యకావ్యఘటనాశాలుల్ ప్రసంగించుచో
నవివేకక్షితినాయకాధమవరుల్ హాస్యోక్తులం బొల్తురౌ
కవితాసార మెఱుంగకుండుటను భర్గా! పార్వతీవల్లభా!",vruttamu,Bharga,"[('చ', '|'), ('వి', '|'), ('లె', 'U'), ('ల్కా', 'U'), ('సు', '|'), ('లు', '|'), ('వీ', 'U'), ('స', '|'), ('ము', 'U'), ('ల్గొ', '|'), ('ని', '|'), ('య', '|'), ('థే', 'U'), ('చ్చా', 'U'), ('లీ', 'U'), ('ల', '|'), ('లం', 'U'), ('బ్రే', 'U'), ('లు', '|'), ('దు', 'U'), ('ష్క', '|'), ('వు', '|'), ('ల', 'U'), ('న్మె', 'U'), ('చ్చు', '|'), ('చు', '|'), ('భ', 'U'), ('వ్య', '|'), ('కా', 'U'), ('వ్య', '|'), ('ఘ', '|'), ('ట', '|'), ('నా', 'U'), ('శా', 'U'), ('లు', 'U'), ('ల్ప్ర', '|'), ('సం', 'U'), ('గిం', 'U'), ('చు', '|'), ('చో', 'U'), ('న', '|'), ('వి', '|'), ('వే', 'U'), ('క', 'U'), ('క్షి', '|'), ('తి', '|'), ('నా', 'U'), ('య', '|'), ('కా', 'U'), ('ధ', '|'), ('మ', '|'), ('వ', '|'), ('రు', 'U'), ('ల్హా', 'U'), ('స్యో', 'U'), ('క్తు', '|'), ('లం', 'U'), ('బొ', 'U'), ('ల్తు', '|'), ('రౌ', 'U'), ('క', '|'), ('వి', '|'), ('తా', 'U'), ('సా', 'U'), ('ర', '|'), ('మె', '|'), ('ఱుం', 'U'), ('గ', '|'), ('కుం', 'U'), ('డు', '|'), ('ట', '|'), ('ను', '|'), ('భ', 'U'), ('ర్గా', 'U'), ('పా', 'U'), ('ర్వ', '|'), ('తీ', 'U'), ('వ', 'U'), ('ల్ల', '|'), ('భా', 'U')]",0.95,1.0,1.0,1.0,0.75,1.0
mattebhamu,"చెలుల న్బంధుల విప్రులన్ బ్రజల దాసీభృత్యమిత్రాదులం
గల విత్తంబులు వృత్తులుం గొని కడున్ గారింతు రధ్యక్షతం
దలపంజాల రదేమొ మీఁదటికథల్ దర్పాంధకారాంధులై
కలనైనన్ మహిభృద్దురాత్మకులు భర్గా! పార్వతీవల్లభా!",vruttamu,Bharga,"[('చె', '|'), ('లు', '|'), ('ల', 'U'), ('న్బం', 'U'), ('ధు', '|'), ('ల', '|'), ('వి', '|'), ('ప్రు', '|'), ('ల', 'U'), ('న్బ్ర', '|'), ('జ', '|'), ('ల', '|'), ('దా', 'U'), ('సీ', 'U'), ('భృ', 'U'), ('త్య', '|'), ('మి', '|'), ('త్రా', 'U'), ('దు', '|'), ('లం', 'U'), ('గ', '|'), ('ల', '|'), ('వి', 'U'), ('త్తం', 'U'), ('బు', '|'), ('లు', '|'), ('వృ', 'U'), ('త్తు', '|'), ('లుం', 'U'), ('గొ', '|'), ('ని', '|'), ('క', '|'), ('డు', 'U'), ('న్గా', 'U'), ('రిం', 'U'), ('తు', '|'), ('ర', 'U'), ('ధ్య', 'U'), ('క్ష', '|'), ('తం', 'U'), ('ద', '|'), ('ల', '|'), ('పం', 'U'), ('జా', 'U'), ('ల', '|'), ('ర', '|'), ('దే', 'U'), ('మొ', '|'), ('మీ', 'U'), ('ద', '|'), ('టి', '|'), ('క', '|'), ('థ', 'U'), ('ల్ద', 'U'), ('ర్పాం', 'U'), ('ధ', '|'), ('కా', 'U'), ('రాం', 'U'), ('ధు', '|'), ('లై', 'U'), ('క', '|'), ('ల', '|'), ('నై', 'U'), ('న', 'U'), ('న్మ', '|'), ('హి', '|'), ('భృ', 'U'), ('ద్దు', '|'), ('రా', 'U'), ('త్మ', '|'), ('కు', '|'), ('లు', '|'), ('భ', 'U'), ('ర్గా', 'U'), ('పా', 'U'), ('ర్వ', '|'), ('తీ', 'U'), ('వ', 'U'), ('ల్ల', '|'), ('భా', 'U')]",0.9857142857142858,1.0,1.0,0.9285714285714286,1.0,1.0
saardulamu,"మన్నెల్లం దమ సొమ్మటంచు వసుధామర్త్యోత్తమక్షేత్రముల్
కన్నారం గని యోర్వలేక దిగమ్రింగం జూతు రల్పప్రభుల్
వెన్నప్పంబులొ బూరెలొ వడలొ భావింపంగ నొబ్బట్లొకో
యన్నా! యెన్నఁగ వారిపాలి కవి? భర్గా! పార్వతీవల్లభా!",vruttamu,Bharga,"[('మ', 'U'), ('న్నె', 'U'), ('ల్లం', 'U'), ('ద', '|'), ('మ', '|'), ('సొ', 'U'), ('మ్మ', '|'), ('టం', 'U'), ('చు', '|'), ('వ', '|'), ('సు', '|'), ('ధా', 'U'), ('మ', 'U'), ('ర్త్యో', 'U'), ('త్త', '|'), ('మ', 'U'), ('క్షే', 'U'), ('త్ర', '|'), ('ముల్', 'U'), ('క', 'U'), ('న్నా', 'U'), ('రం', 'U'), ('గ', '|'), ('ని', '|'), ('యో', 'U'), ('ర్వ', '|'), ('లే', 'U'), ('క', '|'), ('ది', '|'), ('గ', '|'), ('మ్రిం', 'U'), ('గం', 'U'), ('జూ', 'U'), ('తు', '|'), ('ర', 'U'), ('ల్ప', '|'), ('ప్ర', '|'), ('భుల్', 'U'), ('వె', 'U'), ('న్న', 'U'), ('ప్పం', 'U'), ('బు', '|'), ('లొ', '|'), ('బూ', 'U'), ('రె', '|'), ('లొ', '|'), ('వ', '|'), ('డ', '|'), ('లొ', '|'), ('భా', 'U'), ('విం', 'U'), ('పం', 'U'), ('గ', '|'), ('నొ', 'U'), ('బ్బ', 'U'), ('ట్లొ', '|'), ('కో', 'U'), ('య', 'U'), ('న్నా', 'U'), ('యె', 'U'), ('న్న', '|'), ('గ', '|'), ('వా', 'U'), ('రి', '|'), ('పా', 'U'), ('లి', '|'), ('క', '|'), ('వి', '|'), ('భ', 'U'), ('ర్గా', 'U'), ('పా', 'U'), ('ర్వ', '|'), ('తీ', 'U'), ('వ', 'U'), ('ల్ల', '|'), ('భా', 'U')]",0.9357142857142857,1.0,1.0,0.9285714285714286,0.75,1.0
mattebhamu,"ప్రజలం గాఱియఁబెట్టి పెట్టియల నర్థంబెప్పుడు న్నించుచున్
ద్విజవిద్వత్కవివందిగాయకుల కేదే నొక్కటీలేక య-
క్కజమొప్పం బలుమూలలం దిరుగు భూకాంతాంళికిం గీర్తిధ-
ర్మజయౌద్ధత్యము లేక్రియం గలుగు? భర్గా! పార్వతీవల్లభా!",vruttamu,Bharga,"[('ప్ర', '|'), ('జ', '|'), ('లం', 'U'), ('గా', 'U'), ('ఱి', '|'), ('య', '|'), ('బె', 'U'), ('ట్టి', '|'), ('పె', 'U'), ('ట్టి', '|'), ('య', '|'), ('ల', '|'), ('న', 'U'), ('ర్థం', 'U'), ('బె', 'U'), ('ప్పు', '|'), ('డు', 'U'), ('న్నిం', 'U'), ('చు', '|'), ('చున్', 'U'), ('ద్వి', '|'), ('జ', '|'), ('వి', 'U'), ('ద్వ', 'U'), ('త్క', '|'), ('వి', '|'), ('వం', 'U'), ('ది', '|'), ('గా', 'U'), ('య', '|'), ('కు', '|'), ('ల', '|'), ('కే', 'U'), ('దే', 'U'), ('నొ', 'U'), ('క్క', '|'), ('టీ', 'U'), ('లే', 'U'), ('క', '|'), ('య', 'U'), ('క్క', '|'), ('జ', '|'), ('మొ', 'U'), ('ప్పం', 'U'), ('బ', '|'), ('లు', '|'), ('మూ', 'U'), ('ల', '|'), ('లం', 'U'), ('ది', '|'), ('రు', '|'), ('గు', '|'), ('భూ', 'U'), ('కాం', 'U'), ('తాం', 'U'), ('ళి', '|'), ('కిం', 'U'), ('గీ', 'U'), ('ర్తి', '|'), ('ధ', 'U'), ('ర్మ', '|'), ('జ', '|'), ('యౌ', 'U'), ('ద్ధ', 'U'), ('త్య', '|'), ('ము', '|'), ('లే', 'U'), ('క్రి', '|'), ('యం', 'U'), ('గ', '|'), ('లు', '|'), ('గు', '|'), ('భ', 'U'), ('ర్గా', 'U'), ('పా', 'U'), ('ర్వ', '|'), ('తీ', 'U'), ('వ', 'U'), ('ల్ల', '|'), ('భా', 'U')]",1.0,1.0,1.0,1.0,1.0,1.0
saardulamu,"ఆజిన్ వైరివరూధినీమథనదీక్షారూఢిఁ గ్రాలన్ వలెన్
భోజుం బోలి సమస్తయాచకతతిం బోషించుచుండన్ వలెన్
తేజం బెప్పుడు నుర్విలోఁ బ్రజకుఁ జెందింపన్ వలెన్ గానిచో
రాజా వాఁడు? తరాజు గాక! భువి, భర్గా! పార్వతీవల్లభా!",vruttamu,Bharga,"[('ఆ', 'U'), ('జి', 'U'), ('న్వై', 'U'), ('రి', '|'), ('వ', '|'), ('రూ', 'U'), ('ధి', '|'), ('నీ', 'U'), ('మ', '|'), ('థ', '|'), ('న', '|'), ('దీ', 'U'), ('క్షా', 'U'), ('రూ', 'U'), ('ఢి', '|'), ('గ్రా', 'U'), ('ల', 'U'), ('న్వ', '|'), ('లెన్', 'U'), ('భో', 'U'), ('జుం', 'U'), ('బో', 'U'), ('లి', '|'), ('స', '|'), ('మ', 'U'), ('స్త', '|'), ('యా', 'U'), ('చ', '|'), ('క', '|'), ('త', '|'), ('తిం', 'U'), ('బో', 'U'), ('షిం', 'U'), ('చు', '|'), ('చుం', 'U'), ('డ', 'U'), ('న్వ', '|'), ('లెన్', 'U'), ('తే', 'U'), ('జం', 'U'), ('బె', 'U'), ('ప్పు', '|'), ('డు', '|'), ('ను', 'U'), ('ర్వి', '|'), ('లో', 'U'), ('బ్ర', '|'), ('జ', '|'), ('కు', '|'), ('జెం', 'U'), ('దిం', 'U'), ('ప', 'U'), ('న్వ', '|'), ('లె', 'U'), ('న్గా', 'U'), ('ని', '|'), ('చో', 'U'), ('రా', 'U'), ('జా', 'U'), ('వా', 'U'), ('డు', '|'), ('త', '|'), ('రా', 'U'), ('జు', '|'), ('గా', 'U'), ('క', '|'), ('భు', '|'), ('వి', '|'), ('భ', 'U'), ('ర్గా', 'U'), ('పా', 'U'), ('ర్వ', '|'), ('తీ', 'U'), ('వ', 'U'), ('ల్ల', '|'), ('భా', 'U')]",0.95,1.0,1.0,1.0,0.75,1.0
saardulamu,"తేజంబొప్పఁ బురాకృతంబున జగద్ధ్యేయత్వదంఘ్రిద్వయీ-
పూజాపుణ్యఫలంబునం దమరిటుల్ భూపత్వముం గంటకున్
వ్యాజంబూని కడుం జెడంగవలెనా యాలింపరా యీ నృపుల్
‘రాజాంతే నరకం వ్రజే’త్తనుట? భర్గా! పార్వతీవల్లభా!",vruttamu,Bharga,"[('తే', 'U'), ('జం', 'U'), ('బొ', 'U'), ('ప్ప', '|'), ('బు', '|'), ('రా', 'U'), ('కృ', '|'), ('తం', 'U'), ('బు', '|'), ('న', '|'), ('జ', '|'), ('గ', 'U'), ('ద్ధ్యే', 'U'), ('య', 'U'), ('త్వ', '|'), ('దం', 'U'), ('ఘ్రి', 'U'), ('ద్వ', '|'), ('యీ', 'U'), ('పూ', 'U'), ('జా', 'U'), ('పు', 'U'), ('ణ్య', '|'), ('ఫ', '|'), ('లం', 'U'), ('బు', '|'), ('నం', 'U'), ('ద', '|'), ('మ', '|'), ('రి', '|'), ('టు', 'U'), ('ల్భూ', 'U'), ('ప', 'U'), ('త్వ', '|'), ('ముం', 'U'), ('గం', 'U'), ('ట', '|'), ('కున్', 'U'), ('వ్యా', 'U'), ('జం', 'U'), ('బూ', 'U'), ('ని', '|'), ('క', '|'), ('డుం', 'U'), ('జె', '|'), ('డం', 'U'), ('గ', '|'), ('వ', '|'), ('లె', '|'), ('నా', 'U'), ('యా', 'U'), ('లిం', 'U'), ('ప', '|'), ('రా', 'U'), ('యీ', 'U'), ('నృ', '|'), ('పుల్', 'U'), ('రా', 'U'), ('జాం', 'U'), ('తే', 'U'), ('న', '|'), ('ర', '|'), ('కం', 'U'), ('వ్ర', '|'), ('జే', 'U'), ('త్త', '|'), ('ను', '|'), ('ట', '|'), ('భ', 'U'), ('ర్గా', 'U'), ('పా', 'U'), ('ర్వ', '|'), ('తీ', 'U'), ('వ', 'U'), ('ల్ల', '|'), ('భా', 'U')]",1.0,1.0,1.0,1.0,1.0,1.0
mattebhamu,"కవివిద్వద్ధరణీసుధాశనవరుల్ కార్యార్థులై యొద్ద డా-
సి వడిం జేతులు దోయిలించుకొని యాశీర్వాదముల్సేయ నె-
క్కువదర్పంబున నట్టిట్టుం బొరలకే కొర్మ్రింగినట్లుండ్రుగా
రవళిం దుర్నృపు లేమి యీఁగలరొ భర్గా! పార్వతీవల్లభా!",vruttamu,Bharga,"[('క', '|'), ('వి', '|'), ('వి', 'U'), ('ద్వ', 'U'), ('ద్ధ', '|'), ('ర', '|'), ('ణీ', 'U'), ('సు', '|'), ('ధా', 'U'), ('శ', '|'), ('న', '|'), ('వ', '|'), ('రు', 'U'), ('ల్కా', 'U'), ('ర్యా', 'U'), ('ర్థు', '|'), ('లై', 'U'), ('యొ', 'U'), ('ద్ద', '|'), ('డా', 'U'), ('సి', '|'), ('వ', '|'), ('డిం', 'U'), ('జే', 'U'), ('తు', '|'), ('లు', '|'), ('దో', 'U'), ('యి', '|'), ('లిం', 'U'), ('చు', '|'), ('కొ', '|'), ('ని', '|'), ('యా', 'U'), ('శీ', 'U'), ('ర్వా', 'U'), ('ద', '|'), ('ము', 'U'), ('ల్సే', 'U'), ('య', '|'), ('నె', 'U'), ('క్కు', '|'), ('వ', '|'), ('ద', 'U'), ('ర్పం', 'U'), ('బు', '|'), ('న', '|'), ('న', 'U'), ('ట్టి', 'U'), ('ట్టుం', 'U'), ('బొ', '|'), ('ర', '|'), ('ల', '|'), ('కే', 'U'), ('కొ', 'U'), ('ర్మ్రిం', 'U'), ('గి', '|'), ('న', 'U'), ('ట్లుం', 'U'), ('డ్రు', '|'), ('గా', 'U'), ('ర', '|'), ('వ', '|'), ('ళిం', 'U'), ('దు', 'U'), ('ర్నృ', '|'), ('పు', '|'), ('లే', 'U'), ('మి', '|'), ('యీ', 'U'), ('గ', '|'), ('ల', '|'), ('రొ', '|'), ('భ', 'U'), ('ర్గా', 'U'), ('పా', 'U'), ('ర్వ', '|'), ('తీ', 'U'), ('వ', 'U'), ('ల్ల', '|'), ('భా', 'U')]",0.9928571428571429,1.0,1.0,0.9642857142857143,1.0,1.0
saardulamu,"గాజుంబూస యనర్ఘరత్నమగునా? కాకంబు రాయంచయౌ-
నా? జోరీఁగ మధువ్రతేంద్రమగునా? నట్టెన్ము పంచాస్యమౌ-
నా? జిల్లేడు సురావనీజమగునా? నానాదిగంతంబులన్
రాజౌనా ఘనలోభిదుర్జనుఁడు? భర్గా! పార్వతీవల్లభా!",vruttamu,Bharga,"[('గా', 'U'), ('జుం', 'U'), ('బూ', 'U'), ('స', '|'), ('య', '|'), ('న', 'U'), ('ర్ఘ', '|'), ('ర', 'U'), ('త్న', '|'), ('మ', '|'), ('గు', '|'), ('నా', 'U'), ('కా', 'U'), ('కం', 'U'), ('బు', '|'), ('రా', 'U'), ('యం', 'U'), ('చ', '|'), ('యౌ', 'U'), ('నా', 'U'), ('జో', 'U'), ('రీ', 'U'), ('గ', '|'), ('మ', '|'), ('ధు', '|'), ('వ్ర', '|'), ('తేం', 'U'), ('ద్ర', '|'), ('మ', '|'), ('గు', '|'), ('నా', 'U'), ('న', 'U'), ('ట్టె', 'U'), ('న్ము', '|'), ('పం', 'U'), ('చా', 'U'), ('స్య', '|'), ('మౌ', 'U'), ('నా', 'U'), ('జి', 'U'), ('ల్లే', 'U'), ('డు', '|'), ('సు', '|'), ('రా', 'U'), ('వ', '|'), ('నీ', 'U'), ('జ', '|'), ('మ', '|'), ('గు', '|'), ('నా', 'U'), ('నా', 'U'), ('నా', 'U'), ('ది', '|'), ('గం', 'U'), ('తం', 'U'), ('బు', '|'), ('లన్', 'U'), ('రా', 'U'), ('జౌ', 'U'), ('నా', 'U'), ('ఘ', '|'), ('న', '|'), ('లో', 'U'), ('భి', '|'), ('దు', 'U'), ('ర్జ', '|'), ('ను', '|'), ('డు', '|'), ('భ', 'U'), ('ర్గా', 'U'), ('పా', 'U'), ('ర్వ', '|'), ('తీ', 'U'), ('వ', 'U'), ('ల్ల', '|'), ('భా', 'U')]",0.9928571428571429,1.0,1.0,0.9642857142857143,1.0,1.0
saardulamu,"కోపం బెక్కువ, తాల్మి యిల్ల, పరుషోక్తుల్ పెల్లు, సత్యంబు తీల్,
కాపట్యంబు ఘనంబు, లోభము నహంకారంబు దట్టంబు, హృ-
చ్చాపల్యం బధికంబు, ద్రోహ మతివిస్తారంబు, ఛీ! యిట్టి దు-
ర్వ్యాపారప్రభు లేరిఁ బ్రోతు రిఁక? భర్గా! పార్వతీవల్లభా!",vruttamu,Bharga,"[('కో', 'U'), ('పం', 'U'), ('బె', 'U'), ('క్కు', '|'), ('వ', '|'), ('తా', 'U'), ('ల్మి', '|'), ('యి', 'U'), ('ల్ల', '|'), ('ప', '|'), ('రు', '|'), ('షో', 'U'), ('క్తు', 'U'), ('ల్పె', 'U'), ('ల్లు', '|'), ('స', 'U'), ('త్యం', 'U'), ('బు', '|'), ('తీల్', 'U'), ('కా', 'U'), ('ప', 'U'), ('ట్యం', 'U'), ('బు', '|'), ('ఘ', '|'), ('నం', 'U'), ('బు', '|'), ('లో', 'U'), ('భ', '|'), ('ము', '|'), ('న', '|'), ('హం', 'U'), ('కా', 'U'), ('రం', 'U'), ('బు', '|'), ('ద', 'U'), ('ట్టం', 'U'), ('బు', '|'), ('హృ', 'U'), ('చ్చా', 'U'), ('ప', 'U'), ('ల్యం', 'U'), ('బ', '|'), ('ధి', '|'), ('కం', 'U'), ('బు', '|'), ('ద్రో', 'U'), ('హ', '|'), ('మ', '|'), ('తి', '|'), ('వి', 'U'), ('స్తా', 'U'), ('రం', 'U'), ('బు', '|'), ('ఛీ', 'U'), ('యి', 'U'), ('ట్టి', '|'), ('దు', 'U'), ('ర్వ్యా', 'U'), ('పా', 'U'), ('ర', '|'), ('ప్ర', '|'), ('భు', '|'), ('లే', 'U'), ('రి', '|'), ('బ్రో', 'U'), ('తు', '|'), ('రి', '|'), ('క', '|'), ('భ', 'U'), ('ర్గా', 'U'), ('పా', 'U'), ('ర్వ', '|'), ('తీ', 'U'), ('వ', 'U'), ('ల్ల', '|'), ('భా', 'U')]",0.9928571428571429,1.0,1.0,0.9642857142857143,1.0,1.0
saardulamu,"హృద్వీథిం గనరుం దిరస్కృతియు బిట్టేపార నొక్కప్పుడున్
సద్వాక్యంబును దర్శనం బిడని రాజశ్రేణి కాశింతురౌ
‘విద్వద్దండ మగౌరవం’ బను స్మృతుల్ వీక్షింపరా దుర్నృపా-
గ్రద్వారంబుల వ్రేలు పండితులు భర్గా! పార్వతీవల్లభా!",vruttamu,Bharga,"[('హృ', 'U'), ('ద్వీ', 'U'), ('థిం', 'U'), ('గ', '|'), ('న', '|'), ('రుం', 'U'), ('ది', '|'), ('ర', 'U'), ('స్కృ', '|'), ('తి', '|'), ('యు', '|'), ('బి', 'U'), ('ట్టే', 'U'), ('పా', 'U'), ('ర', '|'), ('నొ', 'U'), ('క్క', 'U'), ('ప్పు', '|'), ('డున్', 'U'), ('స', 'U'), ('ద్వా', 'U'), ('క్యం', 'U'), ('బు', '|'), ('ను', '|'), ('ద', 'U'), ('ర్శ', '|'), ('నం', 'U'), ('బి', '|'), ('డ', '|'), ('ని', '|'), ('రా', 'U'), ('జ', '|'), ('శ్రే', 'U'), ('ణి', '|'), ('కా', 'U'), ('శిం', 'U'), ('తు', '|'), ('రౌ', 'U'), ('వి', 'U'), ('ద్వ', 'U'), ('ద్దం', 'U'), ('డ', '|'), ('మ', '|'), ('గౌ', 'U'), ('ర', '|'), ('వం', 'U'), ('బ', '|'), ('ను', 'U'), ('స్మృ', '|'), ('తు', 'U'), ('ల్వీ', 'U'), ('క్షిం', 'U'), ('ప', '|'), ('రా', 'U'), ('దు', 'U'), ('ర్నృ', '|'), ('పా', 'U'), ('గ్ర', 'U'), ('ద్వా', 'U'), ('రం', 'U'), ('బు', '|'), ('ల', '|'), ('వ్రే', 'U'), ('లు', '|'), ('పం', 'U'), ('డి', '|'), ('తు', '|'), ('లు', '|'), ('భ', 'U'), ('ర్గా', 'U'), ('పా', 'U'), ('ర్వ', '|'), ('తీ', 'U'), ('వ', 'U'), ('ల్ల', '|'), ('భా', 'U')]",0.9357142857142857,1.0,1.0,0.9285714285714286,0.75,1.0
mattebhamu,"అపవర్గం బొనగూడునో చిరసుఖాహ్లాదంబు చేకూరునో
జపహోమాధ్యయనార్చనాదిక మహాషట్కర్మము ల్డించి దు-
ష్కపటోపాయవిజృంభమాణధరణీకాంతాధమాగారని-
ష్కపటభ్రాంతి జరింతు రార్యు లిల భర్గా! పార్వతీవల్లభా!",vruttamu,Bharga,"[('అ', '|'), ('ప', '|'), ('వ', 'U'), ('ర్గం', 'U'), ('బొ', '|'), ('న', '|'), ('గూ', 'U'), ('డు', '|'), ('నో', 'U'), ('చి', '|'), ('ర', '|'), ('సు', '|'), ('ఖా', 'U'), ('హ్లా', 'U'), ('దం', 'U'), ('బు', '|'), ('చే', 'U'), ('కూ', 'U'), ('రు', '|'), ('నో', 'U'), ('జ', '|'), ('ప', '|'), ('హో', 'U'), ('మా', 'U'), ('ధ్య', '|'), ('య', '|'), ('నా', 'U'), ('ర్చ', '|'), ('నా', 'U'), ('ది', '|'), ('క', '|'), ('మ', '|'), ('హా', 'U'), ('ష', 'U'), ('ట్క', 'U'), ('ర్మ', '|'), ('ము', 'U'), ('ల్డిం', 'U'), ('చి', '|'), ('దు', 'U'), ('ష్క', '|'), ('ప', '|'), ('టో', 'U'), ('పా', 'U'), ('య', '|'), ('వి', '|'), ('జృం', 'U'), ('భ', '|'), ('మా', 'U'), ('ణ', '|'), ('ధ', '|'), ('ర', '|'), ('ణీ', 'U'), ('కాం', 'U'), ('తా', 'U'), ('ధ', '|'), ('మా', 'U'), ('గా', 'U'), ('ర', '|'), ('ని', 'U'), ('ష్క', '|'), ('ప', '|'), ('ట', '|'), ('భ్రాం', 'U'), ('తి', '|'), ('జ', '|'), ('రిం', 'U'), ('తు', '|'), ('రా', 'U'), ('ర్యు', '|'), ('లి', '|'), ('ల', '|'), ('భ', 'U'), ('ర్గా', 'U'), ('పా', 'U'), ('ర్వ', '|'), ('తీ', 'U'), ('వ', 'U'), ('ల్ల', '|'), ('భా', 'U')]",0.9928571428571429,1.0,1.0,0.9642857142857143,1.0,1.0
mattebhamu,"అకటా! జుత్తెఁడు పొట్టకై కృపణమర్త్యాధీశగేహాంగణా-
వకరక్షోణిరజశ్ఛటావిరతసంవ్యాప్తాంగులై క్రుంగి నె-
మ్మొకముల్ వెల్వెలఁబాఱ వ్రేలు దురదేమో యెందులం బోవనే-
రక ధీమజ్జను లెంతబేలలొకొ! భర్గా! పార్వతీవల్లభా!",vruttamu,Bharga,"[('అ', '|'), ('క', '|'), ('టా', 'U'), ('జు', 'U'), ('త్తె', '|'), ('డు', '|'), ('పొ', 'U'), ('ట్ట', '|'), ('కై', 'U'), ('కృ', '|'), ('ప', '|'), ('ణ', '|'), ('మ', 'U'), ('ర్త్యా', 'U'), ('ధీ', 'U'), ('శ', '|'), ('గే', 'U'), ('హాం', 'U'), ('గ', '|'), ('ణా', 'U'), ('వ', '|'), ('క', '|'), ('ర', 'U'), ('క్షో', 'U'), ('ణి', '|'), ('ర', '|'), ('జ', 'U'), ('శ్ఛ', '|'), ('టా', 'U'), ('వి', '|'), ('ర', '|'), ('త', '|'), ('సం', 'U'), ('వ్యా', 'U'), ('ప్తాం', 'U'), ('గు', '|'), ('లై', 'U'), ('క్రుం', 'U'), ('గి', '|'), ('నె', 'U'), ('మ్మొ', '|'), ('క', '|'), ('ము', 'U'), ('ల్వె', 'U'), ('ల్వె', '|'), ('ల', '|'), ('బా', 'U'), ('ఱ', '|'), ('వ్రే', 'U'), ('లు', '|'), ('దు', '|'), ('ర', '|'), ('దే', 'U'), ('మో', 'U'), ('యెం', 'U'), ('దు', '|'), ('లం', 'U'), ('బో', 'U'), ('వ', '|'), ('నే', 'U'), ('ర', '|'), ('క', '|'), ('ధీ', 'U'), ('మ', 'U'), ('జ్జ', '|'), ('ను', '|'), ('లెం', 'U'), ('త', '|'), ('బే', 'U'), ('ల', '|'), ('లొ', '|'), ('కొ', '|'), ('భ', 'U'), ('ర్గా', 'U'), ('పా', 'U'), ('ర్వ', '|'), ('తీ', 'U'), ('వ', 'U'), ('ల్ల', '|'), ('భా', 'U')]",1.0,1.0,1.0,1.0,1.0,1.0
mattebhamu,"అతిలోభిన్ రవిసూనుఁడంచుఁ గపటస్వాంతున్ హరిశ్చంద్రభూ-
పతియంచున్ మిగులం గురూపిని నవప్రద్యుమ్నుఁడంచు న్మహా-
పతితున్ ధర్మజుఁడంచు సాధ్వసమతిం బార్థుడటంచు న్బుధుల్
ప్రతివేళన్ వినుతింతు రక్కఱను భర్గా! పార్వతీవల్లభా!",vruttamu,Bharga,"[('అ', '|'), ('తి', '|'), ('లో', 'U'), ('భి', '|'), ('న్ర', '|'), ('వి', '|'), ('సూ', 'U'), ('ను', '|'), ('డం', 'U'), ('చు', '|'), ('గ', '|'), ('ప', '|'), ('ట', 'U'), ('స్వాం', 'U'), ('తు', 'U'), ('న్హ', '|'), ('రి', 'U'), ('శ్చం', 'U'), ('ద్ర', '|'), ('భూ', 'U'), ('ప', '|'), ('తి', '|'), ('యం', 'U'), ('చు', 'U'), ('న్మి', '|'), ('గు', '|'), ('లం', 'U'), ('గు', '|'), ('రూ', 'U'), ('పి', '|'), ('ని', '|'), ('న', '|'), ('వ', '|'), ('ప్ర', 'U'), ('ద్యు', 'U'), ('మ్ను', '|'), ('డం', 'U'), ('చు', 'U'), ('న్మ', '|'), ('హా', 'U'), ('ప', '|'), ('తి', '|'), ('తు', 'U'), ('న్ధ', 'U'), ('ర్మ', '|'), ('జు', '|'), ('డం', 'U'), ('చు', '|'), ('సా', 'U'), ('ధ్వ', '|'), ('స', '|'), ('మ', '|'), ('తిం', 'U'), ('బా', 'U'), ('ర్థు', '|'), ('డ', '|'), ('టం', 'U'), ('చు', 'U'), ('న్బు', '|'), ('ధుల్', 'U'), ('ప్ర', '|'), ('తి', '|'), ('వే', 'U'), ('ళ', 'U'), ('న్వి', '|'), ('ను', '|'), ('తిం', 'U'), ('తు', '|'), ('ర', 'U'), ('క్క', '|'), ('ఱ', '|'), ('ను', '|'), ('భ', 'U'), ('ర్గా', 'U'), ('పా', 'U'), ('ర్వ', '|'), ('తీ', 'U'), ('వ', 'U'), ('ల్ల', '|'), ('భా', 'U')]",0.9285714285714285,1.0,1.0,0.8928571428571429,0.75,1.0
mattebhamu,"జనసంస్తుత్యమహాప్రబంధఘటనాసామర్థ్యముల్ గల్గు స-
జ్జను లత్యల్పుల దీనతం బొగడుదుర్ జాత్యంధతం జెంది కా-
కనువొప్పం దమరెన్నఁడున్ ‘సుకవితా యద్యస్తి రాజ్యేన కి’
మ్మను వాక్యంబు వినంగలేదొ మును? భర్గా! పార్వతీవల్లభా!",vruttamu,Bharga,"[('జ', '|'), ('న', '|'), ('సం', 'U'), ('స్తు', 'U'), ('త్య', '|'), ('మ', '|'), ('హా', 'U'), ('ప్ర', '|'), ('బం', 'U'), ('ధ', '|'), ('ఘ', '|'), ('ట', '|'), ('నా', 'U'), ('సా', 'U'), ('మ', 'U'), ('ర్థ్య', '|'), ('ము', 'U'), ('ల్గ', 'U'), ('ల్గు', '|'), ('స', 'U'), ('జ్జ', '|'), ('ను', '|'), ('ల', 'U'), ('త్య', 'U'), ('ల్పు', '|'), ('ల', '|'), ('దీ', 'U'), ('న', '|'), ('తం', 'U'), ('బొ', '|'), ('గ', '|'), ('డు', '|'), ('దు', 'U'), ('ర్జా', 'U'), ('త్యం', 'U'), ('ధ', '|'), ('తం', 'U'), ('జెం', 'U'), ('ది', '|'), ('కా', 'U'), ('క', '|'), ('ను', '|'), ('వొ', 'U'), ('ప్పం', 'U'), ('ద', '|'), ('మ', '|'), ('రె', 'U'), ('న్న', '|'), ('డు', 'U'), ('న్సు', '|'), ('క', '|'), ('వి', '|'), ('తా', 'U'), ('య', 'U'), ('ద్య', 'U'), ('స్తి', '|'), ('రా', 'U'), ('జ్యే', 'U'), ('న', '|'), ('కి', 'U'), ('మ్మ', '|'), ('ను', '|'), ('వా', 'U'), ('క్యం', 'U'), ('బు', '|'), ('వి', '|'), ('నం', 'U'), ('గ', '|'), ('లే', 'U'), ('దొ', '|'), ('ము', '|'), ('ను', '|'), ('భ', 'U'), ('ర్గా', 'U'), ('పా', 'U'), ('ర్వ', '|'), ('తీ', 'U'), ('వ', 'U'), ('ల్ల', '|'), ('భా', 'U')]",0.9,1.0,1.0,1.0,0.5,1.0
mattebhamu,"సుగుణోద్దామమహాకవింద్రఘటితాక్షుద్రప్రబంధావళుల్
జగదుద్దండపరాక్రమక్రమవిరాజద్భూమిభృన్మౌళికిన్
దగుఁ గా కల్పుల కొప్పునే? కరికి ముక్తాకాయమానంబు సొం
పగుఁ గా కొప్పునే యూరఁబందులకు? భర్గా! పార్వతీవల్లభా!",vruttamu,Bharga,"[('సు', '|'), ('గు', '|'), ('ణో', 'U'), ('ద్దా', 'U'), ('మ', '|'), ('మ', '|'), ('హా', 'U'), ('క', '|'), ('విం', 'U'), ('ద్ర', '|'), ('ఘ', '|'), ('టి', '|'), ('తా', 'U'), ('క్షు', '|'), ('ద్ర', '|'), ('ప్ర', '|'), ('బం', 'U'), ('ధా', 'U'), ('వ', '|'), ('ళుల్', 'U'), ('జ', '|'), ('గ', '|'), ('దు', 'U'), ('ద్దం', 'U'), ('డ', '|'), ('ప', '|'), ('రా', 'U'), ('క్ర', '|'), ('మ', '|'), ('క్ర', '|'), ('మ', '|'), ('వి', '|'), ('రా', 'U'), ('జ', 'U'), ('ద్భూ', 'U'), ('మి', '|'), ('భృ', 'U'), ('న్మౌ', 'U'), ('ళి', '|'), ('కిన్', 'U'), ('ద', '|'), ('గు', '|'), ('గా', 'U'), ('క', 'U'), ('ల్పు', '|'), ('ల', '|'), ('కొ', 'U'), ('ప్పు', '|'), ('నే', 'U'), ('క', '|'), ('రి', '|'), ('కి', '|'), ('ము', 'U'), ('క్తా', 'U'), ('కా', 'U'), ('య', '|'), ('మా', 'U'), ('నం', 'U'), ('బు', '|'), ('సొం', 'U'), ('ప', '|'), ('గు', '|'), ('గా', 'U'), ('కొ', 'U'), ('ప్పు', '|'), ('నే', 'U'), ('యూ', 'U'), ('ర', '|'), ('బం', 'U'), ('దు', '|'), ('ల', '|'), ('కు', '|'), ('భ', 'U'), ('ర్గా', 'U'), ('పా', 'U'), ('ర్వ', '|'), ('తీ', 'U'), ('వ', 'U'), ('ల్ల', '|'), ('భా', 'U')]",0.9285714285714285,1.0,1.0,0.8928571428571429,0.75,1.0
mattebhamu,"పటులోభాత్మున కెవ్వరైనఁ గడఁకం బద్యాదు లర్పించినం
గుటిలుండై యవియెల్ల నిల్పుకొనఁగా గోరండు నిక్కంబహా!
దిట మొప్పారఁగ నిల్పుకోఁగలదె ధాత్రిన్ గొంతసేపైన మ-
ర్కటపోతం బురురత్నహారంబులు? భర్గా! పార్వతీవల్లభా!",vruttamu,Bharga,"[('ప', '|'), ('టు', '|'), ('లో', 'U'), ('భా', 'U'), ('త్ము', '|'), ('న', '|'), ('కె', 'U'), ('వ్వ', '|'), ('రై', 'U'), ('న', '|'), ('గ', '|'), ('డ', '|'), ('కం', 'U'), ('బ', 'U'), ('ద్యా', 'U'), ('దు', '|'), ('ల', 'U'), ('ర్పిం', 'U'), ('చి', '|'), ('నం', 'U'), ('గు', '|'), ('టి', '|'), ('లుం', 'U'), ('డై', 'U'), ('య', '|'), ('వి', '|'), ('యె', 'U'), ('ల్ల', '|'), ('ని', 'U'), ('ల్పు', '|'), ('కొ', '|'), ('న', '|'), ('గా', 'U'), ('గో', 'U'), ('రం', 'U'), ('డు', '|'), ('ని', 'U'), ('క్కం', 'U'), ('బ', '|'), ('హా', 'U'), ('ది', '|'), ('ట', '|'), ('మొ', 'U'), ('ప్పా', 'U'), ('ర', '|'), ('గ', '|'), ('ని', 'U'), ('ల్పు', '|'), ('కో', 'U'), ('గ', '|'), ('ల', '|'), ('దె', '|'), ('ధా', 'U'), ('త్రి', 'U'), ('న్గొం', 'U'), ('త', '|'), ('సే', 'U'), ('పై', 'U'), ('న', '|'), ('మ', 'U'), ('ర్క', '|'), ('ట', '|'), ('పో', 'U'), ('తం', 'U'), ('బు', '|'), ('రు', '|'), ('ర', 'U'), ('త్న', '|'), ('హా', 'U'), ('రం', 'U'), ('బు', '|'), ('లు', '|'), ('భ', 'U'), ('ర్గా', 'U'), ('పా', 'U'), ('ర్వ', '|'), ('తీ', 'U'), ('వ', 'U'), ('ల్ల', '|'), ('భా', 'U')]",0.9928571428571429,1.0,1.0,0.9642857142857143,1.0,1.0
mattebhamu,"భువిలో మేదరసెట్టి చివ్వతడకల్ పొంకంబుగా నల్లి పె-
న్రవళిన్ సంతలనెల్లఁ ద్రిప్పు క్రియ దైన్యంబెచ్చఁగా దుష్కవుల్
తివుటొప్పం జెడుకబ్బపుం దడక లోలిం ద్రిప్పఁగా నద్దిరా!
కవితల్ కాసుకు గంపెఁడయ్యెఁ గద భర్గా! పార్వతీవల్లభా!",vruttamu,Bharga,"[('భు', '|'), ('వి', '|'), ('లో', 'U'), ('మే', 'U'), ('ద', '|'), ('ర', '|'), ('సె', 'U'), ('ట్టి', '|'), ('చి', 'U'), ('వ్వ', '|'), ('త', '|'), ('డ', '|'), ('క', 'U'), ('ల్పొం', 'U'), ('కం', 'U'), ('బు', '|'), ('గా', 'U'), ('న', 'U'), ('ల్లి', '|'), ('పె', '|'), ('న్ర', '|'), ('వ', '|'), ('ళి', 'U'), ('న్సం', 'U'), ('త', '|'), ('ల', '|'), ('నె', 'U'), ('ల్ల', '|'), ('ద్రి', 'U'), ('ప్పు', '|'), ('క్రి', '|'), ('య', '|'), ('దై', 'U'), ('న్యం', 'U'), ('బె', 'U'), ('చ్చ', '|'), ('గా', 'U'), ('దు', 'U'), ('ష్క', '|'), ('వుల్', 'U'), ('తి', '|'), ('వు', '|'), ('టొ', 'U'), ('ప్పం', 'U'), ('జె', '|'), ('డు', '|'), ('క', 'U'), ('బ్బ', '|'), ('పుం', 'U'), ('ద', '|'), ('డ', '|'), ('క', '|'), ('లో', 'U'), ('లిం', 'U'), ('ద్రి', 'U'), ('ప్ప', '|'), ('గా', 'U'), ('న', 'U'), ('ద్ది', '|'), ('రా', 'U'), ('క', '|'), ('వి', '|'), ('త', 'U'), ('ల్కా', 'U'), ('సు', '|'), ('కు', '|'), ('గం', 'U'), ('పె', '|'), ('డ', 'U'), ('య్యె', '|'), ('గ', '|'), ('ద', '|'), ('భ', 'U'), ('ర్గా', 'U'), ('పా', 'U'), ('ర్వ', '|'), ('తీ', 'U'), ('వ', 'U'), ('ల్ల', '|'), ('భా', 'U')]",0.9428571428571428,1.0,1.0,0.9642857142857143,0.75,1.0
mattebhamu,"అవివేకక్షితినాయకాధమసభాభ్యాసప్రదేశంబులన్
బవళుల్రేలును జుట్టఁబెట్టుకొని దుష్పాండిత్యము ల్చూపుచుం
గవిముఖ్యుం బొడగాంచి జాఱుదురు వేగంబుండ విల్గన్న కా
కవులట్లే నిలఁబోక కాకవులు భర్గా! పార్వతీవల్లభా!",vruttamu,Bharga,"[('అ', '|'), ('వి', '|'), ('వే', 'U'), ('క', 'U'), ('క్షి', '|'), ('తి', '|'), ('నా', 'U'), ('య', '|'), ('కా', 'U'), ('ధ', '|'), ('మ', '|'), ('స', '|'), ('భా', 'U'), ('భ్యా', 'U'), ('స', '|'), ('ప్ర', '|'), ('దే', 'U'), ('శం', 'U'), ('బు', '|'), ('లన్', 'U'), ('బ', '|'), ('వ', '|'), ('ళు', '|'), ('ల్రే', 'U'), ('లు', '|'), ('ను', '|'), ('జు', 'U'), ('ట్ట', '|'), ('బె', 'U'), ('ట్టు', '|'), ('కొ', '|'), ('ని', '|'), ('దు', 'U'), ('ష్పాం', 'U'), ('డి', 'U'), ('త్య', '|'), ('ము', 'U'), ('ల్చూ', 'U'), ('పు', '|'), ('చుం', 'U'), ('గ', '|'), ('వి', '|'), ('ము', 'U'), ('ఖ్యుం', 'U'), ('బొ', '|'), ('డ', '|'), ('గాం', 'U'), ('చి', '|'), ('జా', 'U'), ('ఱు', '|'), ('దు', '|'), ('రు', '|'), ('వే', 'U'), ('గం', 'U'), ('బుం', 'U'), ('డ', '|'), ('వి', 'U'), ('ల్గ', 'U'), ('న్న', '|'), ('కా', 'U'), ('క', '|'), ('వు', '|'), ('ల', 'U'), ('ట్లే', 'U'), ('ని', '|'), ('ల', '|'), ('బో', 'U'), ('క', '|'), ('కా', 'U'), ('క', '|'), ('వు', '|'), ('లు', '|'), ('భ', 'U'), ('ర్గా', 'U'), ('పా', 'U'), ('ర్వ', '|'), ('తీ', 'U'), ('వ', 'U'), ('ల్ల', '|'), ('భా', 'U')]",0.9857142857142858,1.0,1.0,0.9285714285714286,1.0,1.0
mattebhamu,"భువిలో నిక్కలిదోషహేతుకమునం బొల్పారి గోసంగులున్
బవినాలు న్బలుమోటకాఁపుదొరలుం బాషండులు న్దాసరుల్
సివసత్తుల్ నెఱబోయపెద్దలును దాసేయప్రభుల్ దుష్టకా-
కవులు న్మీఱిరిఁకేమి చెప్పనగు? భర్గా! పార్వతీవల్లభా!",vruttamu,Bharga,"[('భు', '|'), ('వి', '|'), ('లో', 'U'), ('ని', 'U'), ('క్క', '|'), ('లి', '|'), ('దో', 'U'), ('ష', '|'), ('హే', 'U'), ('తు', '|'), ('క', '|'), ('ము', '|'), ('నం', 'U'), ('బొ', 'U'), ('ల్పా', 'U'), ('రి', '|'), ('గో', 'U'), ('సం', 'U'), ('గు', '|'), ('లున్', 'U'), ('బ', '|'), ('వి', '|'), ('నా', 'U'), ('లు', 'U'), ('న్బ', '|'), ('లు', '|'), ('మో', 'U'), ('ట', '|'), ('కా', 'U'), ('పు', '|'), ('దొ', '|'), ('ర', '|'), ('లుం', 'U'), ('బా', 'U'), ('షం', 'U'), ('డు', '|'), ('లు', 'U'), ('న్దా', 'U'), ('స', '|'), ('రుల్', 'U'), ('సి', '|'), ('వ', '|'), ('స', 'U'), ('త్తు', 'U'), ('ల్నె', '|'), ('ఱ', '|'), ('బో', 'U'), ('య', '|'), ('పె', 'U'), ('ద్ద', '|'), ('లు', '|'), ('ను', '|'), ('దా', 'U'), ('సే', 'U'), ('య', '|'), ('ప్ర', '|'), ('భు', 'U'), ('ల్దు', 'U'), ('ష్ట', '|'), ('కా', 'U'), ('క', '|'), ('వు', '|'), ('లు', 'U'), ('న్మీ', 'U'), ('ఱి', '|'), ('రి', '|'), ('కే', 'U'), ('మి', '|'), ('చె', 'U'), ('ప్ప', '|'), ('న', '|'), ('గు', '|'), ('భ', 'U'), ('ర్గా', 'U'), ('పా', 'U'), ('ర్వ', '|'), ('తీ', 'U'), ('వ', 'U'), ('ల్ల', '|'), ('భా', 'U')]",0.9928571428571429,1.0,1.0,0.9642857142857143,1.0,1.0
mattebhamu,"కలుము ల్నిక్కమటంచు నమ్మి తులువ ల్గర్వాంధులై యెన్నఁడు-
న్బలిభిక్షంబులు వెట్టకుండ్రు పిదప న్బ్రాణంబులం బాసి యా
ఖలులేమౌదురో, వాండ్రు గూరిచిన రొక్కంబెల్ల నేమౌనొకో
కలుషోద్గాఢతమస్సహస్రకర! భర్గా! పార్వతీవల్లభా!",vruttamu,Bharga,"[('క', '|'), ('లు', '|'), ('ము', 'U'), ('ల్ని', 'U'), ('క్క', '|'), ('మ', '|'), ('టం', 'U'), ('చు', '|'), ('న', 'U'), ('మ్మి', '|'), ('తు', '|'), ('లు', '|'), ('వ', 'U'), ('ల్గ', 'U'), ('ర్వాం', 'U'), ('ధు', '|'), ('లై', 'U'), ('యె', 'U'), ('న్న', '|'), ('డు', 'U'), ('న్బ', '|'), ('లి', '|'), ('భి', 'U'), ('క్షం', 'U'), ('బు', '|'), ('లు', '|'), ('వె', 'U'), ('ట్ట', '|'), ('కుం', 'U'), ('డ్రు', '|'), ('పి', '|'), ('ద', '|'), ('ప', 'U'), ('న్బ్రా', 'U'), ('ణం', 'U'), ('బు', '|'), ('లం', 'U'), ('బా', 'U'), ('సి', '|'), ('యా', 'U'), ('ఖ', '|'), ('లు', '|'), ('లే', 'U'), ('మౌ', 'U'), ('దు', '|'), ('రో', 'U'), ('వాం', 'U'), ('డ్రు', '|'), ('గూ', 'U'), ('రి', '|'), ('చి', '|'), ('న', '|'), ('రొ', 'U'), ('క్కం', 'U'), ('బె', 'U'), ('ల్ల', '|'), ('నే', 'U'), ('మౌ', 'U'), ('నొ', '|'), ('కో', 'U'), ('క', '|'), ('లు', '|'), ('షో', 'U'), ('ద్గా', 'U'), ('ఢ', '|'), ('త', '|'), ('మ', 'U'), ('స్స', '|'), ('హ', '|'), ('స్ర', '|'), ('క', '|'), ('ర', '|'), ('భ', 'U'), ('ర్గా', 'U'), ('పా', 'U'), ('ర్వ', '|'), ('తీ', 'U'), ('వ', 'U'), ('ల్ల', '|'), ('భా', 'U')]",0.9857142857142858,1.0,1.0,0.9285714285714286,1.0,1.0
mattebhamu,"తులువ ల్పెట్ట భుజింపలేక ధనమెంతో నెమ్మదిం గూర్చి మూ-
లల దట్టంబుగఁ బాఁతుకొన్న నృపతు ల్వాలెంబు నిర్మోహులై
పలుచందంబులఁ గట్టి కొట్టి మిగుల న్బాధించి రోధించుచుం
గల సొమ్మెల్ల హరించుచుండ్రు గద! భర్గా! పార్వతీవల్లభా!",vruttamu,Bharga,"[('తు', '|'), ('లు', '|'), ('వ', 'U'), ('ల్పె', 'U'), ('ట్ట', '|'), ('భు', '|'), ('జిం', 'U'), ('ప', '|'), ('లే', 'U'), ('క', '|'), ('ధ', '|'), ('న', '|'), ('మెం', 'U'), ('తో', 'U'), ('నె', 'U'), ('మ్మ', '|'), ('దిం', 'U'), ('గూ', 'U'), ('ర్చి', '|'), ('మూ', 'U'), ('ల', '|'), ('ల', '|'), ('ద', 'U'), ('ట్టం', 'U'), ('బు', '|'), ('గ', '|'), ('బా', 'U'), ('తు', '|'), ('కొ', 'U'), ('న్న', '|'), ('నృ', '|'), ('ప', '|'), ('తు', 'U'), ('ల్వా', 'U'), ('లెం', 'U'), ('బు', '|'), ('ని', 'U'), ('ర్మో', 'U'), ('హు', '|'), ('లై', 'U'), ('ప', '|'), ('లు', '|'), ('చం', 'U'), ('దం', 'U'), ('బు', '|'), ('ల', '|'), ('గ', 'U'), ('ట్టి', '|'), ('కొ', 'U'), ('ట్టి', '|'), ('మి', '|'), ('గు', '|'), ('ల', 'U'), ('న్బా', 'U'), ('ధిం', 'U'), ('చి', '|'), ('రో', 'U'), ('ధిం', 'U'), ('చు', '|'), ('చుం', 'U'), ('గ', '|'), ('ల', '|'), ('సొ', 'U'), ('మ్మె', 'U'), ('ల్ల', '|'), ('హ', '|'), ('రిం', 'U'), ('చు', '|'), ('చుం', 'U'), ('డ్రు', '|'), ('గ', '|'), ('ద', '|'), ('భ', 'U'), ('ర్గా', 'U'), ('పా', 'U'), ('ర్వ', '|'), ('తీ', 'U'), ('వ', 'U'), ('ల్ల', '|'), ('భా', 'U')]",1.0,1.0,1.0,1.0,1.0,1.0
mattebhamu,"చెనఁటు ల్గూర్చుధనంబు మ్రుచ్చులకు దాసీవారయోషాహు-
తాశనదుష్టక్షితిపాలకప్రతతికిన్ సంరూఢిఁ జేకూరు గా-
కనవద్యప్రతిభావిభాసితబుధేంద్రానీకముం జేరునే?
కనదుద్దామపరాక్రమప్రథిత! భర్గా! పార్వతీవల్లభా!",vruttamu,Bharga,"[('చె', '|'), ('న', '|'), ('టు', 'U'), ('ల్గూ', 'U'), ('ర్చు', '|'), ('ధ', '|'), ('నం', 'U'), ('బు', '|'), ('మ్రు', 'U'), ('చ్చు', '|'), ('ల', '|'), ('కు', '|'), ('దా', 'U'), ('సీ', 'U'), ('వా', 'U'), ('ర', '|'), ('యో', 'U'), ('షా', 'U'), ('హు', '|'), ('తా', 'U'), ('శ', '|'), ('న', '|'), ('దు', 'U'), ('ష్ట', 'U'), ('క్షి', '|'), ('తి', '|'), ('పా', 'U'), ('ల', '|'), ('క', '|'), ('ప్ర', '|'), ('త', '|'), ('తి', '|'), ('కి', 'U'), ('న్సం', 'U'), ('రూ', 'U'), ('ఢి', '|'), ('జే', 'U'), ('కూ', 'U'), ('రు', '|'), ('గా', 'U'), ('క', '|'), ('న', '|'), ('వ', 'U'), ('ద్య', '|'), ('ప్ర', '|'), ('తి', '|'), ('భా', 'U'), ('వి', '|'), ('భా', 'U'), ('సి', '|'), ('త', '|'), ('బు', '|'), ('ధేం', 'U'), ('ద్రా', 'U'), ('నీ', 'U'), ('క', '|'), ('ముం', 'U'), ('జే', 'U'), ('రు', '|'), ('నే', 'U'), ('క', '|'), ('న', '|'), ('దు', 'U'), ('ద్దా', 'U'), ('మ', '|'), ('ప', '|'), ('రా', 'U'), ('క్ర', '|'), ('మ', '|'), ('ప్ర', '|'), ('థి', '|'), ('త', '|'), ('భ', 'U'), ('ర్గా', 'U'), ('పా', 'U'), ('ర్వ', '|'), ('తీ', 'U'), ('వ', 'U'), ('ల్ల', '|'), ('భా', 'U')]",0.9285714285714285,1.0,1.0,0.8928571428571429,0.75,1.0
mattebhamu,"ధరణిన్ సద్గురుచెంత నెందఱు ఖలుల్ దార్కొన్న నచ్చోటికే
కరమర్థి న్బుధులేఁగుచుండుదురు నిక్కంబారయన్ గంటకా-
వరణోజ్జృంభితకేతకీవని కళుల్ వాలెంబుగాఁ జేరవే?
కరుణాదభ్రపయఃపయోనిలయ! భర్గా! పార్వతీవల్లభా!",vruttamu,Bharga,"[('ధ', '|'), ('ర', '|'), ('ణి', 'U'), ('న్స', 'U'), ('ద్గు', '|'), ('రు', '|'), ('చెం', 'U'), ('త', '|'), ('నెం', 'U'), ('ద', '|'), ('ఱు', '|'), ('ఖ', '|'), ('లు', 'U'), ('ల్దా', 'U'), ('ర్కొ', 'U'), ('న్న', '|'), ('న', 'U'), ('చ్చో', 'U'), ('టి', '|'), ('కే', 'U'), ('క', '|'), ('ర', '|'), ('మ', 'U'), ('ర్థి', 'U'), ('న్బు', '|'), ('ధు', '|'), ('లే', 'U'), ('గు', '|'), ('చుం', 'U'), ('డు', '|'), ('దు', '|'), ('రు', '|'), ('ని', 'U'), ('క్కం', 'U'), ('బా', 'U'), ('ర', '|'), ('య', 'U'), ('న్గం', 'U'), ('ట', '|'), ('కా', 'U'), ('వ', '|'), ('ర', '|'), ('ణో', 'U'), ('జ్జృం', 'U'), ('భి', '|'), ('త', '|'), ('కే', 'U'), ('త', '|'), ('కీ', 'U'), ('వ', '|'), ('ని', '|'), ('క', '|'), ('ళు', 'U'), ('ల్వా', 'U'), ('లెం', 'U'), ('బు', '|'), ('గా', 'U'), ('జే', 'U'), ('ర', '|'), ('వే', 'U'), ('క', '|'), ('రు', '|'), ('ణా', 'U'), ('ద', '|'), ('భ్ర', '|'), ('ప', '|'), ('యః', 'U'), ('ప', '|'), ('యో', 'U'), ('ని', '|'), ('ల', '|'), ('య', '|'), ('భ', 'U'), ('ర్గా', 'U'), ('పా', 'U'), ('ర్వ', '|'), ('తీ', 'U'), ('వ', 'U'), ('ల్ల', '|'), ('భా', 'U')]",0.9928571428571429,1.0,1.0,0.9642857142857143,1.0,1.0
saardulamu,"లోకానీకమునందు దుర్గుణులు కల్ముల్ గల్గియున్నప్డు ప-
ల్గాకుల్ దార్కొని మెల్లమెల్లనె దురాలాపంబులం గేరుచుం
గైకొం డ్రెల్లపదార్థము ల్నిజమహో కార్కూఁతలం గ్రోల్చుచు-
న్గాకు ల్వేములఁ జేరు చందమున భర్గా! పార్వతీవల్లభా!",vruttamu,Bharga,"[('లో', 'U'), ('కా', 'U'), ('నీ', 'U'), ('క', '|'), ('ము', '|'), ('నం', 'U'), ('దు', '|'), ('దు', 'U'), ('ర్గు', '|'), ('ణు', '|'), ('లు', '|'), ('క', 'U'), ('ల్ము', 'U'), ('ల్గ', 'U'), ('ల్గి', '|'), ('యు', 'U'), ('న్న', 'U'), ('ప్డు', '|'), ('ప', 'U'), ('ల్గా', 'U'), ('కు', 'U'), ('ల్దా', 'U'), ('ర్కొ', '|'), ('ని', '|'), ('మె', 'U'), ('ల్ల', '|'), ('మె', 'U'), ('ల్ల', '|'), ('నె', '|'), ('దు', '|'), ('రా', 'U'), ('లా', 'U'), ('పం', 'U'), ('బు', '|'), ('లం', 'U'), ('గే', 'U'), ('రు', '|'), ('చుం', 'U'), ('గై', 'U'), ('కొం', 'U'), ('డ్రె', 'U'), ('ల్ల', '|'), ('ప', '|'), ('దా', 'U'), ('ర్థ', '|'), ('ము', 'U'), ('ల్ని', '|'), ('జ', '|'), ('మ', '|'), ('హో', 'U'), ('కా', 'U'), ('ర్కూ', 'U'), ('త', '|'), ('లం', 'U'), ('గ్రో', 'U'), ('ల్చు', '|'), ('చు', 'U'), ('న్గా', 'U'), ('కు', 'U'), ('ల్వే', 'U'), ('ము', '|'), ('ల', '|'), ('జే', 'U'), ('రు', '|'), ('చం', 'U'), ('ద', '|'), ('ము', '|'), ('న', '|'), ('భ', 'U'), ('ర్గా', 'U'), ('పా', 'U'), ('ర్వ', '|'), ('తీ', 'U'), ('వ', 'U'), ('ల్ల', '|'), ('భా', 'U')]",1.0,1.0,1.0,1.0,1.0,1.0
mattebhamu,"చదువు ల్వేదపురాండము ల్గయితలు న్సబ్బండువిద్దెల్ గతల్
మొదలెన్నేనిగ విద్దుమాంసువు లదేమో తెల్పఁగా వింటిఁగా
నదిగో చౌలకు మాలదాసరి శటాలైగారి జ్ఞానమ్మలెన్
గదియం జాలవటండ్రు ముష్కరులు భర్గా! పార్వతీవల్లభా!",vruttamu,Bharga,"[('చ', '|'), ('దు', '|'), ('వు', 'U'), ('ల్వే', 'U'), ('ద', '|'), ('పు', '|'), ('రాం', 'U'), ('డ', '|'), ('ము', 'U'), ('ల్గ', '|'), ('యి', '|'), ('త', '|'), ('లు', 'U'), ('న్స', 'U'), ('బ్బం', 'U'), ('డు', '|'), ('వి', 'U'), ('ద్దె', 'U'), ('ల్గ', '|'), ('తల్', 'U'), ('మొ', '|'), ('ద', '|'), ('లె', 'U'), ('న్నే', 'U'), ('ని', '|'), ('గ', '|'), ('వి', 'U'), ('ద్దు', '|'), ('మాం', 'U'), ('సు', '|'), ('వు', '|'), ('ల', '|'), ('దే', 'U'), ('మో', 'U'), ('తె', 'U'), ('ల్ప', '|'), ('గా', 'U'), ('విం', 'U'), ('టి', '|'), ('గా', 'U'), ('న', '|'), ('ది', '|'), ('గో', 'U'), ('చౌ', 'U'), ('ల', '|'), ('కు', '|'), ('మా', 'U'), ('ల', '|'), ('దా', 'U'), ('స', '|'), ('రి', '|'), ('శ', '|'), ('టా', 'U'), ('లై', 'U'), ('గా', 'U'), ('రి', 'U'), ('జ్ఞా', 'U'), ('న', 'U'), ('మ్మ', '|'), ('లెన్', 'U'), ('గ', '|'), ('ది', '|'), ('యం', 'U'), ('జా', 'U'), ('ల', '|'), ('వ', '|'), ('టం', 'U'), ('డ్రు', '|'), ('ము', 'U'), ('ష్క', '|'), ('రు', '|'), ('లు', '|'), ('భ', 'U'), ('ర్గా', 'U'), ('పా', 'U'), ('ర్వ', '|'), ('తీ', 'U'), ('వ', 'U'), ('ల్ల', '|'), ('భా', 'U')]",0.9428571428571428,1.0,1.0,0.9642857142857143,0.75,1.0
saardulamu,"పో! పో! బాఁపఁడ! దోసె డూదలిడినం బోలేక పేరాసల-
న్వాపోఁ జాగితివేమి! నీ సదువు తిర్నామంబులో! సుద్దులో
భూపాళంబులొ లంకసత్తెలొ బలా బొల్ల్యావుపోట్లాటలో
కా! పాటింపనటండ్రు బాలిశులు భర్గా! పార్వతీవల్లభా!",vruttamu,Bharga,"[('పో', 'U'), ('పో', 'U'), ('బా', 'U'), ('ప', '|'), ('డ', '|'), ('దో', 'U'), ('సె', '|'), ('డూ', 'U'), ('ద', '|'), ('లి', '|'), ('డి', '|'), ('నం', 'U'), ('బో', 'U'), ('లే', 'U'), ('క', '|'), ('పే', 'U'), ('రా', 'U'), ('స', '|'), ('ల', 'U'), ('న్వా', 'U'), ('పో', 'U'), ('జా', 'U'), ('గి', '|'), ('తి', '|'), ('వే', 'U'), ('మి', '|'), ('నీ', 'U'), ('స', '|'), ('దు', '|'), ('వు', '|'), ('తి', 'U'), ('ర్నా', 'U'), ('మం', 'U'), ('బు', '|'), ('లో', 'U'), ('సు', 'U'), ('ద్దు', '|'), ('లో', 'U'), ('భూ', 'U'), ('పా', 'U'), ('ళం', 'U'), ('బు', '|'), ('లొ', '|'), ('లం', 'U'), ('క', '|'), ('స', 'U'), ('త్తె', '|'), ('లొ', '|'), ('బ', '|'), ('లా', 'U'), ('బొ', 'U'), ('ల్ల్యా', 'U'), ('వు', '|'), ('పో', 'U'), ('ట్లా', 'U'), ('ట', '|'), ('లో', 'U'), ('కా', 'U'), ('పా', 'U'), ('టిం', 'U'), ('ప', '|'), ('న', '|'), ('టం', 'U'), ('డ్రు', '|'), ('బా', 'U'), ('లి', '|'), ('శు', '|'), ('లు', '|'), ('భ', 'U'), ('ర్గా', 'U'), ('పా', 'U'), ('ర్వ', '|'), ('తీ', 'U'), ('వ', 'U'), ('ల్ల', '|'), ('భా', 'U')]",1.0,1.0,1.0,1.0,1.0,1.0
mattebhamu,"అదిగో బాఁపనయల్లుభొట్లయకు ముందప్పయ్యతీర్తంబులో
నదనం ‘గిద్దెఁడు కొఱ్ఱనూక లిడితిన్ అబ్బబ్బ! తిర్నామముల్
సదువం జాగిన మాలదాసర యలన్ సంతోసనాల్ సేసితిం
గద’ యంచుం బలుమోటులాడుదురు భర్గా! పార్వతీవల్లభా!",vruttamu,Bharga,"[('అ', '|'), ('ది', '|'), ('గో', 'U'), ('బా', 'U'), ('ప', '|'), ('న', '|'), ('య', 'U'), ('ల్లు', '|'), ('భొ', 'U'), ('ట్ల', '|'), ('య', '|'), ('కు', '|'), ('ముం', 'U'), ('ద', 'U'), ('ప్ప', 'U'), ('య్య', '|'), ('తీ', 'U'), ('ర్తం', 'U'), ('బు', '|'), ('లో', 'U'), ('న', '|'), ('ద', '|'), ('నం', 'U'), ('గి', 'U'), ('ద్దె', '|'), ('డు', '|'), ('కొ', 'U'), ('ఱ్ఱ', '|'), ('నూ', 'U'), ('క', '|'), ('లి', '|'), ('డి', '|'), ('తి', 'U'), ('న్అ', 'U'), ('బ్బ', 'U'), ('బ్బ', '|'), ('తి', 'U'), ('ర్నా', 'U'), ('మ', '|'), ('ముల్', 'U'), ('స', '|'), ('దు', '|'), ('వం', 'U'), ('జా', 'U'), ('గి', '|'), ('న', '|'), ('మా', 'U'), ('ల', '|'), ('దా', 'U'), ('స', '|'), ('ర', '|'), ('య', '|'), ('ల', 'U'), ('న్సం', 'U'), ('తో', 'U'), ('స', '|'), ('నా', 'U'), ('ల్సే', 'U'), ('సి', '|'), ('తిం', 'U'), ('గ', '|'), ('ద', '|'), ('యం', 'U'), ('చుం', 'U'), ('బ', '|'), ('లు', '|'), ('మో', 'U'), ('టు', '|'), ('లా', 'U'), ('డు', '|'), ('దు', '|'), ('రు', '|'), ('భ', 'U'), ('ర్గా', 'U'), ('పా', 'U'), ('ర్వ', '|'), ('తీ', 'U'), ('వ', 'U'), ('ల్ల', '|'), ('భా', 'U')]",0.95,1.0,1.0,1.0,0.75,1.0
saardulamu,"రాలన్ దైలము తీయవచ్చు భుజగవ్రాతమ్ముల న్బేర్లఁగా
లీల న్బూనఁగవచ్చు నంబునిధి హాళిం దాఁటఁగావచ్చు డా-
కేల న్బెబ్బులిఁ బట్టవచ్చు విపినాగ్ని న్నిల్పఁగావచ్చు మూ-
ర్ఖాళిం దెల్పఁ దరంబె యేరికిని? భర్గా! పార్వతీవల్లభా!",vruttamu,Bharga,"[('రా', 'U'), ('ల', 'U'), ('న్దై', 'U'), ('ల', '|'), ('ము', '|'), ('తీ', 'U'), ('య', '|'), ('వ', 'U'), ('చ్చు', '|'), ('భు', '|'), ('జ', '|'), ('గ', '|'), ('వ్రా', 'U'), ('త', 'U'), ('మ్ము', '|'), ('ల', 'U'), ('న్బే', 'U'), ('ర్ల', '|'), ('గా', 'U'), ('లీ', 'U'), ('ల', 'U'), ('న్బూ', 'U'), ('న', '|'), ('గ', '|'), ('వ', 'U'), ('చ్చు', '|'), ('నం', 'U'), ('బు', '|'), ('ని', '|'), ('ధి', '|'), ('హా', 'U'), ('ళిం', 'U'), ('దా', 'U'), ('ట', '|'), ('గా', 'U'), ('వ', 'U'), ('చ్చు', '|'), ('డా', 'U'), ('కే', 'U'), ('ల', 'U'), ('న్బె', 'U'), ('బ్బు', '|'), ('లి', '|'), ('బ', 'U'), ('ట్ట', '|'), ('వ', 'U'), ('చ్చు', '|'), ('వి', '|'), ('పి', '|'), ('నా', 'U'), ('గ్ని', 'U'), ('న్ని', 'U'), ('ల్ప', '|'), ('గా', 'U'), ('వ', 'U'), ('చ్చు', '|'), ('మూ', 'U'), ('ర్ఖా', 'U'), ('ళిం', 'U'), ('దె', 'U'), ('ల్ప', '|'), ('ద', '|'), ('రం', 'U'), ('బె', '|'), ('యే', 'U'), ('రి', '|'), ('కి', '|'), ('ని', '|'), ('భ', 'U'), ('ర్గా', 'U'), ('పా', 'U'), ('ర్వ', '|'), ('తీ', 'U'), ('వ', 'U'), ('ల్ల', '|'), ('భా', 'U')]",0.9428571428571428,1.0,1.0,0.9642857142857143,1.0,0.75
saardulamu,"ఆఁకొన్నప్పుడు వంటకంబయిన బియ్యంబైన జావైనఁ గూ-
రాకైన న్ఫలమైన నీరమయినన్ హాళిం గల ట్లిచ్చుచున్
జేకోనౌఁ బరదేశులం గృహులకు న్సిద్ధంబు గావింప ఛీ!
కాకున్న న్మఱి యేఁటికొంప లవి? భర్గా! పార్వతీవల్లభా!",vruttamu,Bharga,"[('ఆ', 'U'), ('కొ', 'U'), ('న్న', 'U'), ('ప్పు', '|'), ('డు', '|'), ('వం', 'U'), ('ట', '|'), ('కం', 'U'), ('బ', '|'), ('యి', '|'), ('న', '|'), ('బి', 'U'), ('య్యం', 'U'), ('బై', 'U'), ('న', '|'), ('జా', 'U'), ('వై', 'U'), ('న', '|'), ('గూ', 'U'), ('రా', 'U'), ('కై', 'U'), ('న', 'U'), ('న్ఫ', '|'), ('ల', '|'), ('మై', 'U'), ('న', '|'), ('నీ', 'U'), ('ర', '|'), ('మ', '|'), ('యి', '|'), ('న', 'U'), ('న్హా', 'U'), ('ళిం', 'U'), ('గ', '|'), ('ల', 'U'), ('ట్లి', 'U'), ('చ్చు', '|'), ('చున్', 'U'), ('జే', 'U'), ('కో', 'U'), ('నౌ', 'U'), ('బ', '|'), ('ర', '|'), ('దే', 'U'), ('శు', '|'), ('లం', 'U'), ('గృ', '|'), ('హు', '|'), ('ల', '|'), ('కు', 'U'), ('న్సి', 'U'), ('ద్ధం', 'U'), ('బు', '|'), ('గా', 'U'), ('విం', 'U'), ('ప', '|'), ('ఛీ', 'U'), ('కా', 'U'), ('కు', 'U'), ('న్న', 'U'), ('న్మ', '|'), ('ఱి', '|'), ('యే', 'U'), ('టి', '|'), ('కొం', 'U'), ('ప', '|'), ('ల', '|'), ('వి', '|'), ('భ', 'U'), ('ర్గా', 'U'), ('పా', 'U'), ('ర్వ', '|'), ('తీ', 'U'), ('వ', 'U'), ('ల్ల', '|'), ('భా', 'U')]",0.95,1.0,1.0,1.0,0.75,1.0
mattebhamu,"మడతల్వల్కు నృపాలుతోఁ బలుమాఱు న్మారాడు పెండ్లాముతోఁ
జెడుజూడం బ్రచరించు నాత్మజునితోఁ జేట్పాటు గోర్లెంకతో
బొడవం జూడఁగవచ్చు కార్మొదవుతోఁ బోరాడు చుట్టంబుతోఁ
గడతేరం దరమా గృహస్థునకు? భర్గా! పార్వతీవల్లభా!",vruttamu,Bharga,"[('మ', '|'), ('డ', '|'), ('త', 'U'), ('ల్వ', 'U'), ('ల్కు', '|'), ('నృ', '|'), ('పా', 'U'), ('లు', '|'), ('తో', 'U'), ('బ', '|'), ('లు', '|'), ('మా', 'U'), ('ఱు', 'U'), ('న్మా', 'U'), ('రా', 'U'), ('డు', '|'), ('పెం', 'U'), ('డ్లా', 'U'), ('ము', '|'), ('తో', 'U'), ('జె', '|'), ('డు', '|'), ('జూ', 'U'), ('డం', 'U'), ('బ్ర', '|'), ('చ', '|'), ('రిం', 'U'), ('చు', '|'), ('నా', 'U'), ('త్మ', '|'), ('జు', '|'), ('ని', '|'), ('తో', 'U'), ('జే', 'U'), ('ట్పా', 'U'), ('టు', '|'), ('గో', 'U'), ('ర్లెం', 'U'), ('క', '|'), ('తో', 'U'), ('బొ', '|'), ('డ', '|'), ('వం', 'U'), ('జూ', 'U'), ('డ', '|'), ('గ', '|'), ('వ', 'U'), ('చ్చు', '|'), ('కా', 'U'), ('ర్మొ', '|'), ('ద', '|'), ('వు', '|'), ('తో', 'U'), ('బో', 'U'), ('రా', 'U'), ('డు', '|'), ('చు', 'U'), ('ట్టం', 'U'), ('బు', '|'), ('తో', 'U'), ('గ', '|'), ('డ', '|'), ('తే', 'U'), ('రం', 'U'), ('ద', '|'), ('ర', '|'), ('మా', 'U'), ('గృ', '|'), ('హ', 'U'), ('స్థు', '|'), ('న', '|'), ('కు', '|'), ('భ', 'U'), ('ర్గా', 'U'), ('పా', 'U'), ('ర్వ', '|'), ('తీ', 'U'), ('వ', 'U'), ('ల్ల', '|'), ('భా', 'U')]",0.9928571428571429,1.0,1.0,0.9642857142857143,1.0,1.0
saardulamu,"కాకిన్శాశ్వతజీవిగా నునిచి చిల్కన్వేగ పోకార్చి సు-
శ్లోకుం గొంచెపుటేండ్లలోఁ గెడపి దుష్టుం బెక్కునాళ్లుంచి య-
స్తోకత్యాగి దరిద్రుఁ జేసి కఠినాత్మున్ శ్రీయుతుం జేయు నా-
హా! కొంకేదిఁక నల్వచెయ్వులకు? భర్గా! పార్వతీవల్లభా!",vruttamu,Bharga,"[('కా', 'U'), ('కి', 'U'), ('న్శా', 'U'), ('శ్వ', '|'), ('త', '|'), ('జీ', 'U'), ('వి', '|'), ('గా', 'U'), ('ను', '|'), ('ని', '|'), ('చి', '|'), ('చి', 'U'), ('ల్క', 'U'), ('న్వే', 'U'), ('గ', '|'), ('పో', 'U'), ('కా', 'U'), ('ర్చి', '|'), ('సు', 'U'), ('శ్లో', 'U'), ('కుం', 'U'), ('గొం', 'U'), ('చె', '|'), ('పు', '|'), ('టేం', 'U'), ('డ్ల', '|'), ('లో', 'U'), ('గె', '|'), ('డ', '|'), ('పి', '|'), ('దు', 'U'), ('ష్టుం', 'U'), ('బె', 'U'), ('క్కు', '|'), ('నా', 'U'), ('ళ్లుం', 'U'), ('చి', '|'), ('య', 'U'), ('స్తో', 'U'), ('క', 'U'), ('త్యా', 'U'), ('గి', '|'), ('ద', '|'), ('రి', '|'), ('ద్రు', '|'), ('జే', 'U'), ('సి', '|'), ('క', '|'), ('ఠి', '|'), ('నా', 'U'), ('త్ము', 'U'), ('న్శ్రీ', 'U'), ('యు', '|'), ('తుం', 'U'), ('జే', 'U'), ('యు', '|'), ('నా', 'U'), ('హా', 'U'), ('కొం', 'U'), ('కే', 'U'), ('ది', '|'), ('క', '|'), ('న', 'U'), ('ల్వ', '|'), ('చె', 'U'), ('య్వు', '|'), ('ల', '|'), ('కు', '|'), ('భ', 'U'), ('ర్గా', 'U'), ('పా', 'U'), ('ర్వ', '|'), ('తీ', 'U'), ('వ', 'U'), ('ల్ల', '|'), ('భా', 'U')]",0.9428571428571428,1.0,1.0,0.9642857142857143,0.75,1.0
mattebhamu,"ధరలో నెన్నఁగ శాలివాహనశకాబ్దంబు ల్దగ న్యామినీ-
కరబాణాంగశశాంకసంఖ్యఁ జెలువై కన్పట్టు (సౌమ్యా)హ్వ-
యస్ఫురదబ్దంబున నిమ్మహాశతక మేఁ బూర్ణంబు గావించి శ్రీ-
కరలీల న్బుధులెన్న నీకిడితి భర్గా! పార్వతీవల్లభా!",vruttamu,Bharga,"[('ధ', '|'), ('ర', '|'), ('లో', 'U'), ('నె', 'U'), ('న్న', '|'), ('గ', '|'), ('శా', 'U'), ('లి', '|'), ('వా', 'U'), ('హ', '|'), ('న', '|'), ('శ', '|'), ('కా', 'U'), ('బ్దం', 'U'), ('బు', 'U'), ('ల్ద', '|'), ('గ', 'U'), ('న్యా', 'U'), ('మి', '|'), ('నీ', 'U'), ('క', '|'), ('ర', '|'), ('బా', 'U'), ('ణాం', 'U'), ('గ', '|'), ('శ', '|'), ('శాం', 'U'), ('క', '|'), ('సం', 'U'), ('ఖ్య', '|'), ('జె', '|'), ('లు', '|'), ('వై', 'U'), ('క', 'U'), ('న్ప', 'U'), ('ట్టు', '|'), ('సౌ', 'U'), ('మ్యా', 'U'), ('హ్వ', '|'), ('య', 'U'), ('స్ఫు', '|'), ('ర', '|'), ('ద', 'U'), ('బ్దం', 'U'), ('బు', '|'), ('న', '|'), ('ని', 'U'), ('మ్మ', '|'), ('హా', 'U'), ('శ', '|'), ('త', '|'), ('క', '|'), ('మే', 'U'), ('బూ', 'U'), ('ర్ణం', 'U'), ('బు', '|'), ('గా', 'U'), ('విం', 'U'), ('చి', '|'), ('శ్రీ', 'U'), ('క', '|'), ('ర', '|'), ('లీ', 'U'), ('ల', 'U'), ('న్బు', '|'), ('ధు', '|'), ('లె', 'U'), ('న్న', '|'), ('నీ', 'U'), ('కి', '|'), ('డి', '|'), ('తి', '|'), ('భ', 'U'), ('ర్గా', 'U'), ('పా', 'U'), ('ర్వ', '|'), ('తీ', 'U'), ('వ', 'U'), ('ల్ల', '|'), ('భా', 'U')]",1.0,1.0,1.0,1.0,1.0,1.0
mattebhamu,"ధనధాన్యాంబరపుత్రపౌత్రమణిగోదాసీభటాందోళికా-
వనితాబంధురసింధురాశ్వ (మహితైశ్వర్యంబు) దీర్ఘాయువు
న్ఘనభాగ్యంబును గల్గి వర్ధిలుదు రెక్కాలంబుఁ జేట్పాటులే-
క నరు ల్దీని బఠించిరేని భువి భర్గా! పార్వతీవల్లభా!",vruttamu,Bharga,"[('ధ', '|'), ('న', '|'), ('ధా', 'U'), ('న్యాం', 'U'), ('బ', '|'), ('ర', '|'), ('పు', '|'), ('త్ర', '|'), ('పౌ', 'U'), ('త్ర', '|'), ('మ', '|'), ('ణి', '|'), ('గో', 'U'), ('దా', 'U'), ('సీ', 'U'), ('భ', '|'), ('టాం', 'U'), ('దో', 'U'), ('ళి', '|'), ('కా', 'U'), ('వ', '|'), ('ని', '|'), ('తా', 'U'), ('బం', 'U'), ('ధు', '|'), ('ర', '|'), ('సిం', 'U'), ('ధు', '|'), ('రా', 'U'), ('శ్వ', '|'), ('మ', '|'), ('హి', '|'), ('తై', 'U'), ('శ్వ', 'U'), ('ర్యం', 'U'), ('బు', '|'), ('దీ', 'U'), ('ర్ఘా', 'U'), ('యు', '|'), ('వు', 'U'), ('న్ఘ', '|'), ('న', '|'), ('భా', 'U'), ('గ్యం', 'U'), ('బు', '|'), ('ను', '|'), ('గ', 'U'), ('ల్గి', '|'), ('వ', 'U'), ('ర్ధి', '|'), ('లు', '|'), ('దు', '|'), ('రె', 'U'), ('క్కా', 'U'), ('లం', 'U'), ('బు', '|'), ('జే', 'U'), ('ట్పా', 'U'), ('టు', '|'), ('లే', 'U'), ('క', '|'), ('న', '|'), ('రు', 'U'), ('ల్దీ', 'U'), ('ని', '|'), ('బ', '|'), ('ఠిం', 'U'), ('చి', '|'), ('రే', 'U'), ('ని', '|'), ('భు', '|'), ('వి', '|'), ('భ', 'U'), ('ర్గా', 'U'), ('పా', 'U'), ('ర్వ', '|'), ('తీ', 'U'), ('వ', 'U'), ('ల్ల', '|'), ('భా', 'U')]",0.9928571428571429,1.0,1.0,0.9642857142857143,1.0,1.0
vutpalamaala,"శ్రీగల భాగ్యశాలి కడఁజేరఁగ వత్తురు తారు దారె దూ
రాగమన ప్రయాసమున కాదట నోర్చియునైన నిల్వ ను
ద్యోగము చేసి; రత్ననిలయుండని కాదె సమస్తవాహినుల్‌
సాగరుఁ జేరుటెల్ల ముని సన్నుత! మద్గురుమూర్తి! భాస్కరా!",vruttamu,Bhaskara,"[('శ్రీ', 'U'), ('గ', '|'), ('ల', '|'), ('భా', 'U'), ('గ్య', '|'), ('శా', 'U'), ('లి', '|'), ('క', '|'), ('డ', '|'), ('జే', 'U'), ('ర', '|'), ('గ', '|'), ('వ', 'U'), ('త్తు', '|'), ('రు', '|'), ('తా', 'U'), ('రు', '|'), ('దా', 'U'), ('రె', '|'), ('దూ', 'U'), ('రా', 'U'), ('గ', '|'), ('మ', '|'), ('న', '|'), ('ప్ర', '|'), ('యా', 'U'), ('స', '|'), ('ము', '|'), ('న', '|'), ('కా', 'U'), ('ద', '|'), ('ట', '|'), ('నో', 'U'), ('ర్చి', '|'), ('యు', '|'), ('నై', 'U'), ('న', '|'), ('ని', 'U'), ('ల్వ', '|'), ('ను', 'U'), ('ద్యో', 'U'), ('గ', '|'), ('ము', '|'), ('చే', 'U'), ('సి', '|'), ('ర', 'U'), ('త్న', '|'), ('ని', '|'), ('ల', '|'), ('యుం', 'U'), ('డ', '|'), ('ని', '|'), ('కా', 'U'), ('దె', '|'), ('స', '|'), ('మ', 'U'), ('స్త', '|'), ('వా', 'U'), ('హి', '|'), ('నుల్', 'U'), ('సా', 'U'), ('గ', '|'), ('రు', '|'), ('జే', 'U'), ('రు', '|'), ('టె', 'U'), ('ల్ల', '|'), ('ము', '|'), ('ని', '|'), ('స', 'U'), ('న్ను', '|'), ('త', '|'), ('మ', 'U'), ('ద్గు', '|'), ('రు', '|'), ('మూ', 'U'), ('ర్తి', '|'), ('భా', 'U'), ('స్క', '|'), ('రా', 'U')]",0.9428571428571428,1.0,1.0,0.9642857142857143,0.75,1.0
vutpalamaala,"అంగన నమ్మరాదు తన యంకెకు రాని మహాబలాఢ్యు వే
భంగుల మాయలొడ్డి చెఱుపం దలపెట్టు! వివేకియైన సా
రంగధరుం బదంబులు కరంబులు గోయఁగ జేసెఁ దొల్లి చి
త్రాంగి యనేకముల్‌ నుడువరాని కుయుక్తులు పన్ని భాస్కరా!",vruttamu,Bhaskara,"[('అం', 'U'), ('గ', '|'), ('న', '|'), ('న', 'U'), ('మ్మ', '|'), ('రా', 'U'), ('దు', '|'), ('త', '|'), ('న', '|'), ('యం', 'U'), ('కె', '|'), ('కు', '|'), ('రా', 'U'), ('ని', '|'), ('మ', '|'), ('హా', 'U'), ('బ', '|'), ('లా', 'U'), ('ఢ్యు', '|'), ('వే', 'U'), ('భం', 'U'), ('గు', '|'), ('ల', '|'), ('మా', 'U'), ('య', '|'), ('లొ', 'U'), ('డ్డి', '|'), ('చె', '|'), ('ఱు', '|'), ('పం', 'U'), ('ద', '|'), ('ల', '|'), ('పె', 'U'), ('ట్టు', '|'), ('వి', '|'), ('వే', 'U'), ('కి', '|'), ('యై', 'U'), ('న', '|'), ('సా', 'U'), ('రం', 'U'), ('గ', '|'), ('ధ', '|'), ('రుం', 'U'), ('బ', '|'), ('దం', 'U'), ('బు', '|'), ('లు', '|'), ('క', '|'), ('రం', 'U'), ('బు', '|'), ('లు', '|'), ('గో', 'U'), ('య', '|'), ('గ', '|'), ('జే', 'U'), ('సె', '|'), ('దొ', 'U'), ('ల్లి', '|'), ('చి', '|'), ('త్రాం', 'U'), ('గి', '|'), ('య', '|'), ('నే', 'U'), ('క', '|'), ('ము', 'U'), ('ల్ను', '|'), ('డు', '|'), ('వ', '|'), ('రా', 'U'), ('ని', '|'), ('కు', '|'), ('యు', 'U'), ('క్తు', '|'), ('లు', '|'), ('ప', 'U'), ('న్ని', '|'), ('భా', 'U'), ('స్క', '|'), ('రా', 'U')]",0.9928571428571429,1.0,1.0,0.9642857142857143,1.0,1.0
vutpalamaala,"అక్కరపాటు వచ్చు సమయంబునఁ జుట్టము లొక్కరొక్కరి
న్మక్కువ నుద్ధరించుటలు మైత్రికిఁ జూడఁగ యుక్తమే సుమీ
యొక్కట; నీటిలో మెరక నోడల బండ్లును బండ్లనోడలున్‌
దక్కక వచ్చుచుండుట నిదానము గాదె తలంప భాస్కరా!",vruttamu,Bhaskara,"[('అ', 'U'), ('క్క', '|'), ('ర', '|'), ('పా', 'U'), ('టు', '|'), ('వ', 'U'), ('చ్చు', '|'), ('స', '|'), ('మ', '|'), ('యం', 'U'), ('బు', '|'), ('న', '|'), ('జు', 'U'), ('ట్ట', '|'), ('ము', '|'), ('లొ', 'U'), ('క్క', '|'), ('రొ', 'U'), ('క్క', '|'), ('రి', 'U'), ('న్మ', 'U'), ('క్కు', '|'), ('వ', '|'), ('ను', 'U'), ('ద్ధ', '|'), ('రిం', 'U'), ('చు', '|'), ('ట', '|'), ('లు', '|'), ('మై', 'U'), ('త్రి', '|'), ('కి', '|'), ('జూ', 'U'), ('డ', '|'), ('గ', '|'), ('యు', 'U'), ('క్త', '|'), ('మే', 'U'), ('సు', '|'), ('మీ', 'U'), ('యొ', 'U'), ('క్క', '|'), ('ట', '|'), ('నీ', 'U'), ('టి', '|'), ('లో', 'U'), ('మె', '|'), ('ర', '|'), ('క', '|'), ('నో', 'U'), ('డ', '|'), ('ల', '|'), ('బం', 'U'), ('డ్లు', '|'), ('ను', '|'), ('బం', 'U'), ('డ్ల', '|'), ('నో', 'U'), ('డ', '|'), ('లున్', 'U'), ('ద', 'U'), ('క్క', '|'), ('క', '|'), ('వ', 'U'), ('చ్చు', '|'), ('చుం', 'U'), ('డు', '|'), ('ట', '|'), ('ని', '|'), ('దా', 'U'), ('న', '|'), ('ము', '|'), ('గా', 'U'), ('దె', '|'), ('త', '|'), ('లం', 'U'), ('ప', '|'), ('భా', 'U'), ('స్క', '|'), ('రా', 'U')]",0.95,1.0,1.0,1.0,0.75,1.0
champakamaala,"అడిగినయట్టి యాచకుల యాశలెఱుంగక లోభవర్తియై
కడపిన ధర్మదేవత యొకానొక యప్పుడు నీదు వాని కె
య్యెడల; నదెట్లు పాలు తమకిచ్చునె యెచ్చటనైన లేగలన్‌
గుడువఁగ నీనిచోఁ గెరలి గోవులు తన్నునుగాక భాస్కరా!",vruttamu,Bhaskara,"[('అ', '|'), ('డి', '|'), ('గి', '|'), ('న', '|'), ('య', 'U'), ('ట్టి', '|'), ('యా', 'U'), ('చ', '|'), ('కు', '|'), ('ల', '|'), ('యా', 'U'), ('శ', '|'), ('లె', '|'), ('ఱుం', 'U'), ('గ', '|'), ('క', '|'), ('లో', 'U'), ('భ', '|'), ('వ', 'U'), ('ర్తి', '|'), ('యై', 'U'), ('క', '|'), ('డ', '|'), ('పి', '|'), ('న', '|'), ('ధ', 'U'), ('ర్మ', '|'), ('దే', 'U'), ('వ', '|'), ('త', '|'), ('యొ', '|'), ('కా', 'U'), ('నొ', '|'), ('క', '|'), ('య', 'U'), ('ప్పు', '|'), ('డు', '|'), ('నీ', 'U'), ('దు', '|'), ('వా', 'U'), ('ని', '|'), ('కె', 'U'), ('య్యె', '|'), ('డ', '|'), ('ల', '|'), ('న', '|'), ('దె', 'U'), ('ట్లు', '|'), ('పా', 'U'), ('లు', '|'), ('త', '|'), ('మ', '|'), ('కి', 'U'), ('చ్చు', '|'), ('నె', '|'), ('యె', 'U'), ('చ్చ', '|'), ('ట', '|'), ('నై', 'U'), ('న', '|'), ('లే', 'U'), ('గ', '|'), ('లన్', 'U'), ('గు', '|'), ('డు', '|'), ('వ', '|'), ('గ', '|'), ('నీ', 'U'), ('ని', '|'), ('చో', 'U'), ('గె', '|'), ('ర', '|'), ('లి', '|'), ('గో', 'U'), ('వు', '|'), ('లు', '|'), ('త', 'U'), ('న్ను', '|'), ('ను', '|'), ('గా', 'U'), ('క', '|'), ('భా', 'U'), ('స్క', '|'), ('రా', 'U')]",0.95,1.0,1.0,1.0,0.75,1.0
champakamaala,"అతిగుణహీన లోభికిఁ బదార్థము గల్గిన లేకయుండినన్‌
మితముగఁ గాని కల్మిగల మీఁదట నైన భుజింపఁడింపుగా
సతమని నమ్ము దేహమును సంపద; నేఱులు నిండి పాఱినన్‌
గతుకఁగ జూచుఁ గుక్క తన కట్టడ మీఱక యెందు భాస్కరా!",vruttamu,Bhaskara,"[('అ', '|'), ('తి', '|'), ('గు', '|'), ('ణ', '|'), ('హీ', 'U'), ('న', '|'), ('లో', 'U'), ('భి', '|'), ('కి', '|'), ('బ', '|'), ('దా', 'U'), ('ర్థ', '|'), ('ము', '|'), ('గ', 'U'), ('ల్గి', '|'), ('న', '|'), ('లే', 'U'), ('క', '|'), ('యుం', 'U'), ('డి', '|'), ('నన్', 'U'), ('మి', '|'), ('త', '|'), ('ము', '|'), ('గ', '|'), ('గా', 'U'), ('ని', '|'), ('క', 'U'), ('ల్మి', '|'), ('గ', '|'), ('ల', '|'), ('మీ', 'U'), ('ద', '|'), ('ట', '|'), ('నై', 'U'), ('న', '|'), ('భు', '|'), ('జిం', 'U'), ('ప', '|'), ('డిం', 'U'), ('పు', '|'), ('గా', 'U'), ('స', '|'), ('త', '|'), ('మ', '|'), ('ని', '|'), ('న', 'U'), ('మ్ము', '|'), ('దే', 'U'), ('హ', '|'), ('ము', '|'), ('ను', '|'), ('సం', 'U'), ('ప', '|'), ('ద', '|'), ('నే', 'U'), ('ఱు', '|'), ('లు', '|'), ('నిం', 'U'), ('డి', '|'), ('పా', 'U'), ('ఱి', '|'), ('నన్', 'U'), ('గ', '|'), ('తు', '|'), ('క', '|'), ('గ', '|'), ('జూ', 'U'), ('చు', '|'), ('గు', 'U'), ('క్క', '|'), ('త', '|'), ('న', '|'), ('క', 'U'), ('ట్ట', '|'), ('డ', '|'), ('మీ', 'U'), ('ఱ', '|'), ('క', '|'), ('యెం', 'U'), ('దు', '|'), ('భా', 'U'), ('స్క', '|'), ('రా', 'U')]",0.95,1.0,1.0,1.0,0.75,1.0
champakamaala,"అదను దలంచి కూర్చి ప్రజ నాదరమొప్ప విభుండు కోరినన్‌
గదిసి పదార్థమిత్తురటు కానగ వేగమె కొట్టి తెండనన్‌
మొదటికి మోసమౌఁ; బొదుగు మూలముగోసినఁ బాలు గల్గునే
పిదికినఁ గాక భూమిఁ బశుబృందము నెవ్వరికైన భాస్కరా!",vruttamu,Bhaskara,"[('అ', '|'), ('ద', '|'), ('ను', '|'), ('ద', '|'), ('లం', 'U'), ('చి', '|'), ('కూ', 'U'), ('ర్చి', '|'), ('ప్ర', '|'), ('జ', '|'), ('నా', 'U'), ('ద', '|'), ('ర', '|'), ('మొ', 'U'), ('ప్ప', '|'), ('వి', '|'), ('భుం', 'U'), ('డు', '|'), ('కో', 'U'), ('రి', '|'), ('నన్', 'U'), ('గ', '|'), ('ది', '|'), ('సి', '|'), ('ప', '|'), ('దా', 'U'), ('ర్థ', '|'), ('మి', 'U'), ('త్తు', '|'), ('ర', '|'), ('టు', '|'), ('కా', 'U'), ('న', '|'), ('గ', '|'), ('వే', 'U'), ('గ', '|'), ('మె', '|'), ('కొ', 'U'), ('ట్టి', '|'), ('తెం', 'U'), ('డ', '|'), ('నన్', 'U'), ('మొ', '|'), ('ద', '|'), ('టి', '|'), ('కి', '|'), ('మో', 'U'), ('స', '|'), ('మౌ', 'U'), ('బొ', '|'), ('దు', '|'), ('గు', '|'), ('మూ', 'U'), ('ల', '|'), ('ము', '|'), ('గో', 'U'), ('సి', '|'), ('న', '|'), ('బా', 'U'), ('లు', '|'), ('గ', 'U'), ('ల్గు', '|'), ('నే', 'U'), ('పి', '|'), ('ది', '|'), ('కి', '|'), ('న', '|'), ('గా', 'U'), ('క', '|'), ('భూ', 'U'), ('మి', '|'), ('బ', '|'), ('శు', '|'), ('బృం', 'U'), ('ద', '|'), ('ము', '|'), ('నె', 'U'), ('వ్వ', '|'), ('రి', '|'), ('కై', 'U'), ('న', '|'), ('భా', 'U'), ('స్క', '|'), ('రా', 'U')]",0.9,1.0,1.0,1.0,0.5,1.0
champakamaala,"అనఘుని కైనఁ జేకుఱు ననర్హునిఁ గూడి చరించునంతలో
మన మెరియంగ నప్పుడవమానము కీడు ధరిత్రియందు నే
యనువుననైనఁ దప్పవు యదార్థము; తానది యెట్టులన్నచో
నినుమును గూర్చి యగ్ని నలయింపదె సమ్మెటపెట్టు భాస్కరా!",vruttamu,Bhaskara,"[('అ', '|'), ('న', '|'), ('ఘు', '|'), ('ని', '|'), ('కై', 'U'), ('న', '|'), ('జే', 'U'), ('కు', '|'), ('ఱు', '|'), ('న', '|'), ('న', 'U'), ('ర్హు', '|'), ('ని', '|'), ('గూ', 'U'), ('డి', '|'), ('చ', '|'), ('రిం', 'U'), ('చు', '|'), ('నం', 'U'), ('త', '|'), ('లో', 'U'), ('మ', '|'), ('న', '|'), ('మె', '|'), ('రి', '|'), ('యం', 'U'), ('గ', '|'), ('న', 'U'), ('ప్పు', '|'), ('డ', '|'), ('వ', '|'), ('మా', 'U'), ('న', '|'), ('ము', '|'), ('కీ', 'U'), ('డు', '|'), ('ధ', '|'), ('రి', '|'), ('త్రి', '|'), ('యం', 'U'), ('దు', '|'), ('నే', 'U'), ('య', '|'), ('ను', '|'), ('వు', '|'), ('న', '|'), ('నై', 'U'), ('న', '|'), ('ద', 'U'), ('ప్ప', '|'), ('వు', '|'), ('య', '|'), ('దా', 'U'), ('ర్థ', '|'), ('ము', '|'), ('తా', 'U'), ('న', '|'), ('ది', '|'), ('యె', 'U'), ('ట్టు', '|'), ('ల', 'U'), ('న్న', '|'), ('చో', 'U'), ('ని', '|'), ('ను', '|'), ('ము', '|'), ('ను', '|'), ('గూ', 'U'), ('ర్చి', '|'), ('య', 'U'), ('గ్ని', '|'), ('న', '|'), ('ల', '|'), ('యిం', 'U'), ('ప', '|'), ('దె', '|'), ('స', 'U'), ('మ్మె', '|'), ('ట', '|'), ('పె', 'U'), ('ట్టు', '|'), ('భా', 'U'), ('స్క', '|'), ('రా', 'U')]",0.8428571428571429,1.0,1.0,0.9642857142857143,0.25,1.0
champakamaala,"అలఘుగుణ ప్రసిద్ధుఁడగు నట్టి ఘనుండొకఁ డిష్టుఁడై తనున్‌
వలచి యొకించు కేమిడినవానికి మిక్కిలి మేలుచేయుఁగా;
తెలిసి కుచేలుఁ డొక్క కొణిదెం డడుకుల్‌ దనకిచ్చినన్‌ మహా
ఫలదుఁడు కృష్ణుఁడత్యధిక భాగ్యములాతని కీఁడె? భాస్కరా!",vruttamu,Bhaskara,"[('అ', '|'), ('ల', '|'), ('ఘు', '|'), ('గు', '|'), ('ణ', '|'), ('ప్ర', '|'), ('సి', 'U'), ('ద్ధు', '|'), ('డ', '|'), ('గు', '|'), ('న', 'U'), ('ట్టి', '|'), ('ఘ', '|'), ('నుం', 'U'), ('డొ', '|'), ('క', '|'), ('డి', 'U'), ('ష్టు', '|'), ('డై', 'U'), ('త', '|'), ('నున్', 'U'), ('వ', '|'), ('ల', '|'), ('చి', '|'), ('యొ', '|'), ('కిం', 'U'), ('చు', '|'), ('కే', 'U'), ('మి', '|'), ('డి', '|'), ('న', '|'), ('వా', 'U'), ('ని', '|'), ('కి', '|'), ('మి', 'U'), ('క్కి', '|'), ('లి', '|'), ('మే', 'U'), ('లు', '|'), ('చే', 'U'), ('యు', '|'), ('గా', 'U'), ('తె', '|'), ('లి', '|'), ('సి', '|'), ('కు', '|'), ('చే', 'U'), ('లు', '|'), ('డొ', 'U'), ('క్క', '|'), ('కొ', '|'), ('ణి', '|'), ('దెం', 'U'), ('డ', '|'), ('డు', '|'), ('కు', 'U'), ('ల్ద', '|'), ('న', '|'), ('కి', 'U'), ('చ్చి', '|'), ('న', 'U'), ('న్మ', '|'), ('హా', 'U'), ('ఫ', '|'), ('ల', '|'), ('దు', '|'), ('డు', '|'), ('కృ', 'U'), ('ష్ణు', '|'), ('డ', 'U'), ('త్య', '|'), ('ధి', '|'), ('క', '|'), ('భా', 'U'), ('గ్య', '|'), ('ము', '|'), ('లా', 'U'), ('త', '|'), ('ని', '|'), ('కీ', 'U'), ('డె', '|'), ('భా', 'U'), ('స్క', '|'), ('రా', 'U')]",0.9428571428571428,1.0,1.0,0.9642857142857143,0.75,1.0
champakamaala,"	అవనివిభుండు నేరుపరియై చరియించినఁ గొల్చువార లె
ట్లవగుణు లైననేమి? పనులన్నియుఁ జేకుఱు వారిచేతనే;
ప్రవిమలనీతిశాలి యగు రాముని కార్యము మర్కటంబులే
తవిలి యొనర్పవే జలధి దాఁటి సురారులఁ ద్రుంచి భాస్కరా!",vruttamu,Bhaskara,"[('అ', '|'), ('వ', '|'), ('ని', '|'), ('వి', '|'), ('భుం', 'U'), ('డు', '|'), ('నే', 'U'), ('రు', '|'), ('ప', '|'), ('రి', '|'), ('యై', 'U'), ('చ', '|'), ('రి', '|'), ('యిం', 'U'), ('చి', '|'), ('న', '|'), ('గొ', 'U'), ('ల్చు', '|'), ('వా', 'U'), ('ర', '|'), ('లె', 'U'), ('ట్ల', '|'), ('వ', '|'), ('గు', '|'), ('ణు', '|'), ('లై', 'U'), ('న', '|'), ('నే', 'U'), ('మి', '|'), ('ప', '|'), ('ను', '|'), ('ల', 'U'), ('న్ని', '|'), ('యు', '|'), ('జే', 'U'), ('కు', '|'), ('ఱు', '|'), ('వా', 'U'), ('రి', '|'), ('చే', 'U'), ('త', '|'), ('నే', 'U'), ('ప్ర', '|'), ('వి', '|'), ('మ', '|'), ('ల', '|'), ('నీ', 'U'), ('తి', '|'), ('శా', 'U'), ('లి', '|'), ('య', '|'), ('గు', '|'), ('రా', 'U'), ('ము', '|'), ('ని', '|'), ('కా', 'U'), ('ర్య', '|'), ('ము', '|'), ('మ', 'U'), ('ర్క', '|'), ('టం', 'U'), ('బు', '|'), ('లే', 'U'), ('త', '|'), ('వి', '|'), ('లి', '|'), ('యొ', '|'), ('న', 'U'), ('ర్ప', '|'), ('వే', 'U'), ('జ', '|'), ('ల', '|'), ('ధి', '|'), ('దా', 'U'), ('టి', '|'), ('సు', '|'), ('రా', 'U'), ('రు', '|'), ('ల', '|'), ('ద్రుం', 'U'), ('చి', '|'), ('భా', 'U'), ('స్క', '|'), ('రా', 'U')]",1.0,1.0,1.0,1.0,1.0,1.0
vutpalamaala,"ఆదరమింత లేక నరుఁడాత్మబలోన్నతి మంచివారికిన్‌
భేదము చేయుటం దనదు పేర్మికిఁ గీడగు మూలమె; ట్లమ
ర్యాద హిరణ్యపూర్వకశిపన్‌ దనుజుండు గుణాఢ్యుడైన ప్ర
హ్లాదున కెగ్గుచేసి ప్రళయంబును బొందఁడె మున్ను భాస్కరా!",vruttamu,Bhaskara,"[('ఆ', 'U'), ('ద', '|'), ('ర', '|'), ('మిం', 'U'), ('త', '|'), ('లే', 'U'), ('క', '|'), ('న', '|'), ('రు', '|'), ('డా', 'U'), ('త్మ', '|'), ('బ', '|'), ('లో', 'U'), ('న్న', '|'), ('తి', '|'), ('మం', 'U'), ('చి', '|'), ('వా', 'U'), ('రి', '|'), ('కిన్', 'U'), ('భే', 'U'), ('ద', '|'), ('ము', '|'), ('చే', 'U'), ('యు', '|'), ('టం', 'U'), ('ద', '|'), ('న', '|'), ('దు', '|'), ('పే', 'U'), ('ర్మి', '|'), ('కి', '|'), ('గీ', 'U'), ('డ', '|'), ('గు', '|'), ('మూ', 'U'), ('ల', '|'), ('మె', 'U'), ('ట్ల', '|'), ('మ', 'U'), ('ర్యా', 'U'), ('ద', '|'), ('హి', '|'), ('ర', 'U'), ('ణ్య', '|'), ('పూ', 'U'), ('ర్వ', '|'), ('క', '|'), ('శి', '|'), ('ప', 'U'), ('న్ద', '|'), ('ను', '|'), ('జుం', 'U'), ('డు', '|'), ('గు', '|'), ('ణా', 'U'), ('ఢ్యు', '|'), ('డై', 'U'), ('న', '|'), ('ప్ర', 'U'), ('హ్లా', 'U'), ('దు', '|'), ('న', '|'), ('కె', 'U'), ('గ్గు', '|'), ('చే', 'U'), ('సి', '|'), ('ప్ర', '|'), ('ళ', '|'), ('యం', 'U'), ('బు', '|'), ('ను', '|'), ('బొం', 'U'), ('ద', '|'), ('డె', '|'), ('ము', 'U'), ('న్ను', '|'), ('భా', 'U'), ('స్క', '|'), ('రా', 'U')]",0.9,1.0,1.0,1.0,0.5,1.0
vutpalamaala,"ఆరయ నెంత నేరుపరియై చరియించిన వాని దాపునన్న్‌
గౌరవమొప్పఁగూర్చు నుపకారి మనుష్యుఁడు లేక మేలు చే
కూరదదెట్లు; హత్తుగడ గూడునె; చూడఁ బదాఱువన్నె బం
గారములోన నైన వెలిగారము కూడక యున్న భాస్కరా!",vruttamu,Bhaskara,"[('ఆ', 'U'), ('ర', '|'), ('య', '|'), ('నెం', 'U'), ('త', '|'), ('నే', 'U'), ('రు', '|'), ('ప', '|'), ('రి', '|'), ('యై', 'U'), ('చ', '|'), ('రి', '|'), ('యిం', 'U'), ('చి', '|'), ('న', '|'), ('వా', 'U'), ('ని', '|'), ('దా', 'U'), ('పు', '|'), ('నన్', 'U'), ('న్గౌ', 'U'), ('ర', '|'), ('వ', '|'), ('మొ', 'U'), ('ప్ప', '|'), ('గూ', 'U'), ('ర్చు', '|'), ('ను', '|'), ('ప', '|'), ('కా', 'U'), ('రి', '|'), ('మ', '|'), ('ను', 'U'), ('ష్యు', '|'), ('డు', '|'), ('లే', 'U'), ('క', '|'), ('మే', 'U'), ('లు', '|'), ('చే', 'U'), ('కూ', 'U'), ('ర', '|'), ('ద', '|'), ('దె', 'U'), ('ట్లు', '|'), ('హ', 'U'), ('త్తు', '|'), ('గ', '|'), ('డ', '|'), ('గూ', 'U'), ('డు', '|'), ('నె', '|'), ('చూ', 'U'), ('డ', '|'), ('బ', '|'), ('దా', 'U'), ('ఱు', '|'), ('వ', 'U'), ('న్నె', '|'), ('బం', 'U'), ('గా', 'U'), ('ర', '|'), ('ము', '|'), ('లో', 'U'), ('న', '|'), ('నై', 'U'), ('న', '|'), ('వె', '|'), ('లి', '|'), ('గా', 'U'), ('ర', '|'), ('ము', '|'), ('కూ', 'U'), ('డ', '|'), ('క', '|'), ('యు', 'U'), ('న్న', '|'), ('భా', 'U'), ('స్క', '|'), ('రా', 'U')]",1.0,1.0,1.0,1.0,1.0,1.0
vutpalamaala,"ఈ క్షితినర్థకాంక్ష మదినెప్పుడు పాయక లోకులెల్ల సం
రక్షకుఁడైన సత్ప్రభుని రాకలు గోరుదు రెందుఁ; జంద్రికా
పేక్షఁ జెలంగి చంద్రుఁడుదయించు విధంబునకై చకోరపుం
బక్షులు చూడవే యెదు రపార ముదంబును బూని భాస్కరా!",vruttamu,Bhaskara,"[('ఈ', 'U'), ('క్షి', '|'), ('తి', '|'), ('న', 'U'), ('ర్థ', '|'), ('కాం', 'U'), ('క్ష', '|'), ('మ', '|'), ('ది', '|'), ('నె', 'U'), ('ప్పు', '|'), ('డు', '|'), ('పా', 'U'), ('య', '|'), ('క', '|'), ('లో', 'U'), ('కు', '|'), ('లె', 'U'), ('ల్ల', '|'), ('సం', 'U'), ('ర', 'U'), ('క్ష', '|'), ('కు', '|'), ('డై', 'U'), ('న', '|'), ('స', 'U'), ('త్ప్ర', '|'), ('భు', '|'), ('ని', '|'), ('రా', 'U'), ('క', '|'), ('లు', '|'), ('గో', 'U'), ('రు', '|'), ('దు', '|'), ('రెం', 'U'), ('దు', '|'), ('జం', 'U'), ('ద్రి', '|'), ('కా', 'U'), ('పే', 'U'), ('క్ష', '|'), ('జె', '|'), ('లం', 'U'), ('గి', '|'), ('చం', 'U'), ('ద్రు', '|'), ('డు', '|'), ('ద', '|'), ('యిం', 'U'), ('చు', '|'), ('వి', '|'), ('ధం', 'U'), ('బు', '|'), ('న', '|'), ('కై', 'U'), ('చ', '|'), ('కో', 'U'), ('ర', '|'), ('పుం', 'U'), ('బ', 'U'), ('క్షు', '|'), ('లు', '|'), ('చూ', 'U'), ('డ', '|'), ('వే', 'U'), ('యె', '|'), ('దు', '|'), ('ర', '|'), ('పా', 'U'), ('ర', '|'), ('ము', '|'), ('దం', 'U'), ('బు', '|'), ('ను', '|'), ('బూ', 'U'), ('ని', '|'), ('భా', 'U'), ('స్క', '|'), ('రా', 'U')]",0.9,1.0,1.0,1.0,0.5,1.0
vutpalamaala,"ఈ జగమందు దా మనుజుఁడెంత మహాత్మకుఁడైన దైవమా
తేజము తప్పఁ జూచు నెడఁ ద్రిమ్మరి కోల్పడు; నెట్లన న్మహా
రాజకుమారుఁడైన రఘురాముఁడు గాల్నడఁ గాయలాకులున్‌
భోజనమై తగన్వనికిఁ బోయి చరింపఁడె మున్ను భాస్కరా!",vruttamu,Bhaskara,"[('ఈ', 'U'), ('జ', '|'), ('గ', '|'), ('మం', 'U'), ('దు', '|'), ('దా', 'U'), ('మ', '|'), ('ను', '|'), ('జు', '|'), ('డెం', 'U'), ('త', '|'), ('మ', '|'), ('హా', 'U'), ('త్మ', '|'), ('కు', '|'), ('డై', 'U'), ('న', '|'), ('దై', 'U'), ('వ', '|'), ('మా', 'U'), ('తే', 'U'), ('జ', '|'), ('ము', '|'), ('త', 'U'), ('ప్ప', '|'), ('జూ', 'U'), ('చు', '|'), ('నె', '|'), ('డ', '|'), ('ద్రి', 'U'), ('మ్మ', '|'), ('రి', '|'), ('కో', 'U'), ('ల్ప', '|'), ('డు', '|'), ('నె', 'U'), ('ట్ల', '|'), ('న', 'U'), ('న్మ', '|'), ('హా', 'U'), ('రా', 'U'), ('జ', '|'), ('కు', '|'), ('మా', 'U'), ('రు', '|'), ('డై', 'U'), ('న', '|'), ('ర', '|'), ('ఘు', '|'), ('రా', 'U'), ('ము', '|'), ('డు', '|'), ('గా', 'U'), ('ల్న', '|'), ('డ', '|'), ('గా', 'U'), ('య', '|'), ('లా', 'U'), ('కు', '|'), ('లున్', 'U'), ('భో', 'U'), ('జ', '|'), ('న', '|'), ('మై', 'U'), ('త', '|'), ('గ', 'U'), ('న్వ', '|'), ('ని', '|'), ('కి', '|'), ('బో', 'U'), ('యి', '|'), ('చ', '|'), ('రిం', 'U'), ('ప', '|'), ('డె', '|'), ('ము', 'U'), ('న్ను', '|'), ('భా', 'U'), ('స్క', '|'), ('రా', 'U')]",0.95,1.0,1.0,1.0,0.75,1.0
champakamaala,"ఉరుకరుణాయుతుండు సమయోచిత మాత్మ దలంచి యుగ్రవా
క్పరుషత జూపినన్‌ ఫలము గల్గుట తథ్యముగాదె; యంబుదం
బురిమినయంతనే కురియకుండునె వర్షము లోకరక్షణ
స్థిరతరపౌరుషంబున నశేషజనంబు లెఱుంగ భాస్కరా!",vruttamu,Bhaskara,"[('ఉ', '|'), ('రు', '|'), ('క', '|'), ('రు', '|'), ('ణా', 'U'), ('యు', '|'), ('తుం', 'U'), ('డు', '|'), ('స', '|'), ('మ', '|'), ('యో', 'U'), ('చి', '|'), ('త', '|'), ('మా', 'U'), ('త్మ', '|'), ('ద', '|'), ('లం', 'U'), ('చి', '|'), ('యు', '|'), ('గ్ర', '|'), ('వా', 'U'), ('క్ప', '|'), ('రు', '|'), ('ష', '|'), ('త', '|'), ('జూ', 'U'), ('పి', '|'), ('న', 'U'), ('న్ఫ', '|'), ('ల', '|'), ('ము', '|'), ('గ', 'U'), ('ల్గు', '|'), ('ట', '|'), ('త', 'U'), ('థ్య', '|'), ('ము', '|'), ('గా', 'U'), ('దె', '|'), ('యం', 'U'), ('బు', '|'), ('దం', 'U'), ('బు', '|'), ('రి', '|'), ('మి', '|'), ('న', '|'), ('యం', 'U'), ('త', '|'), ('నే', 'U'), ('కు', '|'), ('రి', '|'), ('య', '|'), ('కుం', 'U'), ('డు', '|'), ('నె', '|'), ('వ', 'U'), ('ర్ష', '|'), ('ము', '|'), ('లో', 'U'), ('క', '|'), ('ర', 'U'), ('క్ష', '|'), ('ణ', 'U'), ('స్థి', '|'), ('ర', '|'), ('త', '|'), ('ర', '|'), ('పౌ', 'U'), ('రు', '|'), ('షం', 'U'), ('బు', '|'), ('న', '|'), ('న', '|'), ('శే', 'U'), ('ష', '|'), ('జ', '|'), ('నం', 'U'), ('బు', '|'), ('లె', '|'), ('ఱుం', 'U'), ('గ', '|'), ('భా', 'U'), ('స్క', '|'), ('రా', 'U')]",0.8928571428571429,1.0,1.0,0.9642857142857143,0.5,1.0
champakamaala,"ఉరుగుణవంతుఁడొడ్లు తనకొం డపకారము చేయునప్పుడుం
బరహితమే యొనర్చు నొకపట్టున నైనను గీడుఁ జేయగా నెఱు
గఁడు; నిక్కమేకద యదెట్లన? గవ్వముఁ బట్టి యంతయుం
దరువఁగఁ జొచ్చినం బెరుగుతాలిమి నీయదె వెన్న? భాస్కరా!",vruttamu,Bhaskara,"[('ఉ', '|'), ('రు', '|'), ('గు', '|'), ('ణ', '|'), ('వం', 'U'), ('తు', '|'), ('డొ', 'U'), ('డ్లు', '|'), ('త', '|'), ('న', '|'), ('కొం', 'U'), ('డ', '|'), ('ప', '|'), ('కా', 'U'), ('ర', '|'), ('ము', '|'), ('చే', 'U'), ('యు', '|'), ('న', 'U'), ('ప్పు', '|'), ('డుం', 'U'), ('బ', '|'), ('ర', '|'), ('హి', '|'), ('త', '|'), ('మే', 'U'), ('యొ', '|'), ('న', 'U'), ('ర్చు', '|'), ('నొ', '|'), ('క', '|'), ('ప', 'U'), ('ట్టు', '|'), ('న', '|'), ('నై', 'U'), ('న', '|'), ('ను', '|'), ('గీ', 'U'), ('డు', '|'), ('జే', 'U'), ('య', '|'), ('గా', 'U'), ('నె', '|'), ('ఱు', '|'), ('గ', '|'), ('డు', '|'), ('ని', 'U'), ('క్క', '|'), ('మే', 'U'), ('క', '|'), ('ద', '|'), ('య', '|'), ('దె', 'U'), ('ట్ల', '|'), ('న', '|'), ('గ', 'U'), ('వ్వ', '|'), ('ము', '|'), ('బ', 'U'), ('ట్టి', '|'), ('యం', 'U'), ('త', '|'), ('యుం', 'U'), ('ద', '|'), ('రు', '|'), ('వ', '|'), ('గ', '|'), ('జొ', 'U'), ('చ్చి', '|'), ('నం', 'U'), ('బె', '|'), ('రు', '|'), ('గు', '|'), ('తా', 'U'), ('లి', '|'), ('మి', '|'), ('నీ', 'U'), ('య', '|'), ('దె', '|'), ('వె', 'U'), ('న్న', '|'), ('భా', 'U'), ('స్క', '|'), ('రా', 'U')]",0.85,1.0,1.0,1.0,0.5,0.75
champakamaala,"ఉరుబలశాలి నంచుఁ దను నొల్లని యన్య [పతివ్రతాంగనా
సురతము గోరెనేని కడసుమ్మది భూతికిఁ బ్రాణహాని యౌ;
శిరములు గూల రాఘవునిచే దశకంఠుఁడు ద్రుంగిపోవఁడే
యెఱుఁగక సీత కాసపడి యిష్టుల భృత్యులఁ గూడి భాస్కరా!",vruttamu,Bhaskara,"[('ఉ', '|'), ('రు', '|'), ('బ', '|'), ('ల', '|'), ('శా', 'U'), ('లి', '|'), ('నం', 'U'), ('చు', '|'), ('ద', '|'), ('ను', '|'), ('నొ', 'U'), ('ల్ల', '|'), ('ని', '|'), ('య', 'U'), ('న్య', '|'), ('ప', '|'), ('తి', '|'), ('వ్ర', '|'), ('తాం', 'U'), ('గ', '|'), ('నా', 'U'), ('సు', '|'), ('ర', '|'), ('త', '|'), ('ము', '|'), ('గో', 'U'), ('రె', '|'), ('నే', 'U'), ('ని', '|'), ('క', '|'), ('డ', '|'), ('సు', 'U'), ('మ్మ', '|'), ('ది', '|'), ('భూ', 'U'), ('తి', '|'), ('కి', '|'), ('బ్రా', 'U'), ('ణ', '|'), ('హా', 'U'), ('ని', '|'), ('యౌ', 'U'), ('శి', '|'), ('ర', '|'), ('ము', '|'), ('లు', '|'), ('గూ', 'U'), ('ల', '|'), ('రా', 'U'), ('ఘ', '|'), ('వు', '|'), ('ని', '|'), ('చే', 'U'), ('ద', '|'), ('శ', '|'), ('కం', 'U'), ('ఠు', '|'), ('డు', '|'), ('ద్రుం', 'U'), ('గి', '|'), ('పో', 'U'), ('వ', '|'), ('డే', 'U'), ('యె', '|'), ('ఱు', '|'), ('గ', '|'), ('క', '|'), ('సీ', 'U'), ('త', '|'), ('కా', 'U'), ('స', '|'), ('ప', '|'), ('డి', '|'), ('యి', 'U'), ('ష్టు', '|'), ('ల', '|'), ('భృ', 'U'), ('త్యు', '|'), ('ల', '|'), ('గూ', 'U'), ('డి', '|'), ('భా', 'U'), ('స్క', '|'), ('రా', 'U')]",0.8928571428571429,1.0,1.0,0.9642857142857143,0.75,0.75
vutpalamaala,"ఊరక వచ్చుఁ బాటు పడకుండిననైన ఫలం బదృష్ట మే
పారఁగఁ గల్గువానికిఁ బ్రయాసము నొందిన దేవదానవుల్‌
వారలటుండఁగా నడుమ వచ్చిన శౌరికిఁ గల్గెఁ గాదె సృం
గారపుఁ బ్రోవు లక్ష్మియును గౌస్తుభరత్నము రెండు భాస్కరా!",vruttamu,Bhaskara,"[('ఊ', 'U'), ('ర', '|'), ('క', '|'), ('వ', 'U'), ('చ్చు', '|'), ('బా', 'U'), ('టు', '|'), ('ప', '|'), ('డ', '|'), ('కుం', 'U'), ('డి', '|'), ('న', '|'), ('నై', 'U'), ('న', '|'), ('ఫ', '|'), ('లం', 'U'), ('బ', '|'), ('దృ', 'U'), ('ష్ట', '|'), ('మే', 'U'), ('పా', 'U'), ('ర', '|'), ('గ', '|'), ('గ', 'U'), ('ల్గు', '|'), ('వా', 'U'), ('ని', '|'), ('కి', '|'), ('బ్ర', '|'), ('యా', 'U'), ('స', '|'), ('ము', '|'), ('నొం', 'U'), ('ది', '|'), ('న', '|'), ('దే', 'U'), ('వ', '|'), ('దా', 'U'), ('న', '|'), ('వుల్', 'U'), ('వా', 'U'), ('ర', '|'), ('ల', '|'), ('టుం', 'U'), ('డ', '|'), ('గా', 'U'), ('న', '|'), ('డు', '|'), ('మ', '|'), ('వ', 'U'), ('చ్చి', '|'), ('న', '|'), ('శౌ', 'U'), ('రి', '|'), ('కి', '|'), ('గ', 'U'), ('ల్గె', '|'), ('గా', 'U'), ('దె', '|'), ('సృం', 'U'), ('గా', 'U'), ('ర', '|'), ('పు', '|'), ('బ్రో', 'U'), ('వు', '|'), ('ల', 'U'), ('క్ష్మి', '|'), ('యు', '|'), ('ను', '|'), ('గౌ', 'U'), ('స్తు', '|'), ('భ', '|'), ('ర', 'U'), ('త్న', '|'), ('ము', '|'), ('రెం', 'U'), ('డు', '|'), ('భా', 'U'), ('స్క', '|'), ('రా', 'U')]",0.9,1.0,1.0,1.0,0.5,1.0
vutpalamaala,"ఊరక సజ్జనుండొదిఁగి యుండిననైన దురాత్మకుండు ని
ష్కారణమోర్వలేక యపకారము చేయుట వాని విద్యగా;
చీరలు నూరుటంకములు చేసెడివైనను బెట్టె నుండఁగాఁ
జేరి చినింగిపోఁ గొఱుకు చిమ్మట కేమి ఫలంబు? భాస్కరా!",vruttamu,Bhaskara,"[('ఊ', 'U'), ('ర', '|'), ('క', '|'), ('స', 'U'), ('జ్జ', '|'), ('నుం', 'U'), ('డొ', '|'), ('ది', '|'), ('గి', '|'), ('యుం', 'U'), ('డి', '|'), ('న', '|'), ('నై', 'U'), ('న', '|'), ('దు', '|'), ('రా', 'U'), ('త్మ', '|'), ('కుం', 'U'), ('డు', '|'), ('ని', 'U'), ('ష్కా', 'U'), ('ర', '|'), ('ణ', '|'), ('మో', 'U'), ('ర్వ', '|'), ('లే', 'U'), ('క', '|'), ('య', '|'), ('ప', '|'), ('కా', 'U'), ('ర', '|'), ('ము', '|'), ('చే', 'U'), ('యు', '|'), ('ట', '|'), ('వా', 'U'), ('ని', '|'), ('వి', 'U'), ('ద్య', '|'), ('గా', 'U'), ('చీ', 'U'), ('ర', '|'), ('లు', '|'), ('నూ', 'U'), ('రు', '|'), ('టం', 'U'), ('క', '|'), ('ము', '|'), ('లు', '|'), ('చే', 'U'), ('సె', '|'), ('డి', '|'), ('వై', 'U'), ('న', '|'), ('ను', '|'), ('బె', 'U'), ('ట్టె', '|'), ('నుం', 'U'), ('డ', '|'), ('గా', 'U'), ('జే', 'U'), ('రి', '|'), ('చి', '|'), ('నిం', 'U'), ('గి', '|'), ('పో', 'U'), ('గొ', '|'), ('ఱు', '|'), ('కు', '|'), ('చి', 'U'), ('మ్మ', '|'), ('ట', '|'), ('కే', 'U'), ('మి', '|'), ('ఫ', '|'), ('లం', 'U'), ('బు', '|'), ('భా', 'U'), ('స్క', '|'), ('రా', 'U')]",0.95,1.0,1.0,1.0,0.75,1.0
vutpalamaala,"ఎట్టుగఁ బాటుపడ్డ నొక యించుక ప్రాప్తము లేక వస్తువుల్‌
పట్టుపడంగ నేరవు; నిబద్ధి సురావళిఁ గూడి రాక్షసుల్‌
గట్టు పెకల్చి పాల్కడలిఁ గవ్వముచేసి మథించి రంతయున్‌
వెట్టియె గాక యేమనుభవించిరి వారమృతంబు భాస్కరా!",vruttamu,Bhaskara,"[('ఎ', 'U'), ('ట్టు', '|'), ('గ', '|'), ('బా', 'U'), ('టు', '|'), ('ప', 'U'), ('డ్డ', '|'), ('నొ', '|'), ('క', '|'), ('యిం', 'U'), ('చు', '|'), ('క', '|'), ('ప్రా', 'U'), ('ప్త', '|'), ('ము', '|'), ('లే', 'U'), ('క', '|'), ('వ', 'U'), ('స్తు', '|'), ('వుల్', 'U'), ('ప', 'U'), ('ట్టు', '|'), ('ప', '|'), ('డం', 'U'), ('గ', '|'), ('నే', 'U'), ('ర', '|'), ('వు', '|'), ('ని', '|'), ('బ', 'U'), ('ద్ధి', '|'), ('సు', '|'), ('రా', 'U'), ('వ', '|'), ('ళి', '|'), ('గూ', 'U'), ('డి', '|'), ('రా', 'U'), ('క్ష', '|'), ('సుల్', 'U'), ('గ', 'U'), ('ట్టు', '|'), ('పె', '|'), ('క', 'U'), ('ల్చి', '|'), ('పా', 'U'), ('ల్క', '|'), ('డ', '|'), ('లి', '|'), ('గ', 'U'), ('వ్వ', '|'), ('ము', '|'), ('చే', 'U'), ('సి', '|'), ('మ', '|'), ('థిం', 'U'), ('చి', '|'), ('రం', 'U'), ('త', '|'), ('యున్', 'U'), ('వె', 'U'), ('ట్టి', '|'), ('యె', '|'), ('గా', 'U'), ('క', '|'), ('యే', 'U'), ('మ', '|'), ('ను', '|'), ('భ', '|'), ('విం', 'U'), ('చి', '|'), ('రి', '|'), ('వా', 'U'), ('ర', '|'), ('మృ', '|'), ('తం', 'U'), ('బు', '|'), ('భా', 'U'), ('స్క', '|'), ('రా', 'U')]",0.95,1.0,1.0,1.0,0.75,1.0
champakamaala,"ఎడపక దుర్జనుండొరుల కెంతయుఁ గీడొనరించుఁ గాని యే
యెడలను మేలు సేయఁడొక యించుకయైనను; జీడపుర్వు దాఁ
జెడఁ దిను నెంతెకాక పుడుసెండు జలంబిడి పెంప నేర్చునే
పొడవగుచున్న పుష్పఫల భూరుహ మొక్కటినైన భాస్కరా!",vruttamu,Bhaskara,"[('ఎ', '|'), ('డ', '|'), ('ప', '|'), ('క', '|'), ('దు', 'U'), ('ర్జ', '|'), ('నుం', 'U'), ('డొ', '|'), ('రు', '|'), ('ల', '|'), ('కెం', 'U'), ('త', '|'), ('యు', '|'), ('గీ', 'U'), ('డొ', '|'), ('న', '|'), ('రిం', 'U'), ('చు', '|'), ('గా', 'U'), ('ని', '|'), ('యే', 'U'), ('యె', '|'), ('డ', '|'), ('ల', '|'), ('ను', '|'), ('మే', 'U'), ('లు', '|'), ('సే', 'U'), ('య', '|'), ('డొ', '|'), ('క', '|'), ('యిం', 'U'), ('చు', '|'), ('క', '|'), ('యై', 'U'), ('న', '|'), ('ను', '|'), ('జీ', 'U'), ('డ', '|'), ('పు', 'U'), ('ర్వు', '|'), ('దా', 'U'), ('జె', '|'), ('డ', '|'), ('ది', '|'), ('ను', '|'), ('నెం', 'U'), ('తె', '|'), ('కా', 'U'), ('క', '|'), ('పు', '|'), ('డు', '|'), ('సెం', 'U'), ('డు', '|'), ('జ', '|'), ('లం', 'U'), ('బి', '|'), ('డి', '|'), ('పెం', 'U'), ('ప', '|'), ('నే', 'U'), ('ర్చు', '|'), ('నే', 'U'), ('పొ', '|'), ('డ', '|'), ('వ', '|'), ('గు', '|'), ('చు', 'U'), ('న్న', '|'), ('పు', 'U'), ('ష్ప', '|'), ('ఫ', '|'), ('ల', '|'), ('భూ', 'U'), ('రు', '|'), ('హ', '|'), ('మొ', 'U'), ('క్క', '|'), ('టి', '|'), ('నై', 'U'), ('న', '|'), ('భా', 'U'), ('స్క', '|'), ('రా', 'U')]",0.95,1.0,1.0,1.0,0.75,1.0
vutpalamaala,"ఎడ్డె మనుష్యుఁడే మెఱుఁగు నిన్నె దినంబులు గూడి యుండినన్‌
దొడ్డ గుణాఢ్యునందుఁ గల తోరపు వర్తనలెల్ల బ్రజ్ఞఁ బే
ర్వడ్డ వివేకి రీతి; రుచిపాకము నాలుకగా కెఱుంగునే?
తెడ్డది కూరలోఁ గలయఁ ద్రిమ్మరుచుండిననైన భాస్కరా!",vruttamu,Bhaskara,"[('ఎ', 'U'), ('డ్డె', '|'), ('మ', '|'), ('ను', 'U'), ('ష్యు', '|'), ('డే', 'U'), ('మె', '|'), ('ఱు', '|'), ('గు', '|'), ('ని', 'U'), ('న్నె', '|'), ('ది', '|'), ('నం', 'U'), ('బు', '|'), ('లు', '|'), ('గూ', 'U'), ('డి', '|'), ('యుం', 'U'), ('డి', '|'), ('నన్', 'U'), ('దొ', 'U'), ('డ్డ', '|'), ('గు', '|'), ('ణా', 'U'), ('ఢ్యు', '|'), ('నం', 'U'), ('దు', '|'), ('గ', '|'), ('ల', '|'), ('తో', 'U'), ('ర', '|'), ('పు', '|'), ('వ', 'U'), ('ర్త', '|'), ('న', '|'), ('లె', 'U'), ('ల్ల', '|'), ('బ్ర', 'U'), ('జ్ఞ', '|'), ('బే', 'U'), ('ర్వ', 'U'), ('డ్డ', '|'), ('వి', '|'), ('వే', 'U'), ('కి', '|'), ('రీ', 'U'), ('తి', '|'), ('రు', '|'), ('చి', '|'), ('పా', 'U'), ('క', '|'), ('ము', '|'), ('నా', 'U'), ('లు', '|'), ('క', '|'), ('గా', 'U'), ('కె', '|'), ('ఱుం', 'U'), ('గు', '|'), ('నే', 'U'), ('తె', 'U'), ('డ్డ', '|'), ('ది', '|'), ('కూ', 'U'), ('ర', '|'), ('లో', 'U'), ('గ', '|'), ('ల', '|'), ('య', '|'), ('ద్రి', 'U'), ('మ్మ', '|'), ('రు', '|'), ('చుం', 'U'), ('డి', '|'), ('న', '|'), ('నై', 'U'), ('న', '|'), ('భా', 'U'), ('స్క', '|'), ('రా', 'U')]",0.9,1.0,1.0,1.0,0.5,1.0
vutpalamaala,"ఎప్పుడదృష్టతా మహిమ యించుక పాటిలు నప్పుడింపు సొం
పొప్పుచు నుండుఁగాక యది యొప్పని రూపుమాయుఁగా
నిప్పున నంటియున్న యతి నిర్మలినాగ్ని గురుప్రకాశముల్‌
దప్పిన నట్టి బొగ్గునకు దా నలుపెంతయుఁ బుట్టు భాస్కరా!",vruttamu,Bhaskara,"[('ఎ', 'U'), ('ప్పు', '|'), ('డ', '|'), ('దృ', 'U'), ('ష్ట', '|'), ('తా', 'U'), ('మ', '|'), ('హి', '|'), ('మ', '|'), ('యిం', 'U'), ('చు', '|'), ('క', '|'), ('పా', 'U'), ('టి', '|'), ('లు', '|'), ('న', 'U'), ('ప్పు', '|'), ('డిం', 'U'), ('పు', '|'), ('సొం', 'U'), ('పొ', 'U'), ('ప్పు', '|'), ('చు', '|'), ('నుం', 'U'), ('డు', '|'), ('గా', 'U'), ('క', '|'), ('య', '|'), ('ది', '|'), ('యొ', 'U'), ('ప్ప', '|'), ('ని', '|'), ('రూ', 'U'), ('పు', '|'), ('మా', 'U'), ('యు', '|'), ('గా', 'U'), ('ని', 'U'), ('ప్పు', '|'), ('న', '|'), ('నం', 'U'), ('టి', '|'), ('యు', 'U'), ('న్న', '|'), ('య', '|'), ('తి', '|'), ('ని', 'U'), ('ర్మ', '|'), ('లి', '|'), ('నా', 'U'), ('గ్ని', '|'), ('గు', '|'), ('రు', '|'), ('ప్ర', '|'), ('కా', 'U'), ('శ', '|'), ('ముల్', 'U'), ('ద', 'U'), ('ప్పి', '|'), ('న', '|'), ('న', 'U'), ('ట్టి', '|'), ('బొ', 'U'), ('గ్గు', '|'), ('న', '|'), ('కు', '|'), ('దా', 'U'), ('న', '|'), ('లు', '|'), ('పెం', 'U'), ('త', '|'), ('యు', '|'), ('బు', 'U'), ('ట్టు', '|'), ('భా', 'U'), ('స్క', '|'), ('రా', 'U')]",0.6353571428571428,0.9625,1.0,0.4642857142857143,0.25,0.5
vutpalamaala,"ఏగతిఁ బాటుపడ్డఁ గలదే భువి నల్పునకు\న్‌ సమగ్రతా
భోగము భాగ్యరేఖగల పుణ్యునకుంబలె; భూరి సత్త్వసం
యోగ మదేభ కుంభయుగళోత్థిత మాంసము నక్కకూనకే
లాగు ఘటించు! సింహము దలంచినఁ జేకురు గాక భాస్కరా!",vruttamu,Bhaskara,"[('ఏ', 'U'), ('గ', '|'), ('తి', '|'), ('బా', 'U'), ('టు', '|'), ('ప', 'U'), ('డ్డ', '|'), ('గ', '|'), ('ల', '|'), ('దే', 'U'), ('భు', '|'), ('వి', '|'), ('న', 'U'), ('ల్పు', '|'), ('న', '|'), ('కు', 'U'), ('న్స', '|'), ('మ', '|'), ('గ్ర', '|'), ('తా', 'U'), ('భో', 'U'), ('గ', '|'), ('ము', '|'), ('భా', 'U'), ('గ్య', '|'), ('రే', 'U'), ('ఖ', '|'), ('గ', '|'), ('ల', '|'), ('పు', 'U'), ('ణ్యు', '|'), ('న', '|'), ('కుం', 'U'), ('బ', '|'), ('లె', '|'), ('భూ', 'U'), ('రి', '|'), ('స', 'U'), ('త్త్వ', '|'), ('సం', 'U'), ('యో', 'U'), ('గ', '|'), ('మ', '|'), ('దే', 'U'), ('భ', '|'), ('కుం', 'U'), ('భ', '|'), ('యు', '|'), ('గ', '|'), ('ళో', 'U'), ('త్థి', '|'), ('త', '|'), ('మాం', 'U'), ('స', '|'), ('ము', '|'), ('న', 'U'), ('క్క', '|'), ('కూ', 'U'), ('న', '|'), ('కే', 'U'), ('లా', 'U'), ('గు', '|'), ('ఘ', '|'), ('టిం', 'U'), ('చు', '|'), ('సిం', 'U'), ('హ', '|'), ('ము', '|'), ('ద', '|'), ('లం', 'U'), ('చి', '|'), ('న', '|'), ('జే', 'U'), ('కు', '|'), ('రు', '|'), ('గా', 'U'), ('క', '|'), ('భా', 'U'), ('స్క', '|'), ('రా', 'U')]",0.8928571428571429,1.0,1.0,0.9642857142857143,0.5,1.0
vutpalamaala,"ఏడ ననర్హుఁడుండు నటకేఁగు ననర్హుఁడు నర్హుఁడున్నచోఁ
జూడగఁ నొల్లడెట్లన; నశుద్ధగుణస్థితి నీఁగ పూయముం
గూడిన పుంటిపై నిలువఁ గోరిన యట్టులు నిల్వ నేర్చునే
సూడిదఁ బెట్టు నెన్నుదుటి చొక్కపుఁ గస్తురి మీఁద భాస్కరా!",vruttamu,Bhaskara,"[('ఏ', 'U'), ('డ', '|'), ('న', '|'), ('న', 'U'), ('ర్హు', '|'), ('డుం', 'U'), ('డు', '|'), ('న', '|'), ('ట', '|'), ('కే', 'U'), ('గు', '|'), ('న', '|'), ('న', 'U'), ('ర్హు', '|'), ('డు', '|'), ('న', 'U'), ('ర్హు', '|'), ('డు', 'U'), ('న్న', '|'), ('చో', 'U'), ('జూ', 'U'), ('డ', '|'), ('గ', '|'), ('నొ', 'U'), ('ల్ల', '|'), ('డె', 'U'), ('ట్ల', '|'), ('న', '|'), ('న', '|'), ('శు', 'U'), ('ద్ధ', '|'), ('గు', '|'), ('ణ', 'U'), ('స్థి', '|'), ('తి', '|'), ('నీ', 'U'), ('గ', '|'), ('పూ', 'U'), ('య', '|'), ('ముం', 'U'), ('గూ', 'U'), ('డి', '|'), ('న', '|'), ('పుం', 'U'), ('టి', '|'), ('పై', 'U'), ('ని', '|'), ('లు', '|'), ('వ', '|'), ('గో', 'U'), ('రి', '|'), ('న', '|'), ('య', 'U'), ('ట్టు', '|'), ('లు', '|'), ('ని', 'U'), ('ల్వ', '|'), ('నే', 'U'), ('ర్చు', '|'), ('నే', 'U'), ('సూ', 'U'), ('డి', '|'), ('ద', '|'), ('బె', 'U'), ('ట్టు', '|'), ('నె', 'U'), ('న్ను', '|'), ('దు', '|'), ('టి', '|'), ('చొ', 'U'), ('క్క', '|'), ('పు', '|'), ('గ', 'U'), ('స్తు', '|'), ('రి', '|'), ('మీ', 'U'), ('ద', '|'), ('భా', 'U'), ('స్క', '|'), ('రా', 'U')]",0.95,1.0,1.0,1.0,0.75,1.0
vutpalamaala,"ఏల సమస్త విద్యల నొకించుక భాగ్యము గల్గియుండినన్‌
జాలు, ననేక మార్గముల సన్నుతికెక్క నదెట్లొకో యనన్‌
రాలకు నేడ విద్యలు తిరంబుగ దేవరరూపు చేసినన్‌
వ్రాలి నమస్కరించి ప్రసవంబులు పెట్టరె మీఁద భాస్కరా!",vruttamu,Bhaskara,"[('ఏ', 'U'), ('ల', '|'), ('స', '|'), ('మ', 'U'), ('స్త', '|'), ('వి', 'U'), ('ద్య', '|'), ('ల', '|'), ('నొ', '|'), ('కిం', 'U'), ('చు', '|'), ('క', '|'), ('భా', 'U'), ('గ్య', '|'), ('ము', '|'), ('గ', 'U'), ('ల్గి', '|'), ('యుం', 'U'), ('డి', '|'), ('నన్', 'U'), ('జా', 'U'), ('లు', '|'), ('న', '|'), ('నే', 'U'), ('క', '|'), ('మా', 'U'), ('ర్గ', '|'), ('ము', '|'), ('ల', '|'), ('స', 'U'), ('న్ను', '|'), ('తి', '|'), ('కె', 'U'), ('క్క', '|'), ('న', '|'), ('దె', 'U'), ('ట్లొ', '|'), ('కో', 'U'), ('య', '|'), ('నన్', 'U'), ('రా', 'U'), ('ల', '|'), ('కు', '|'), ('నే', 'U'), ('డ', '|'), ('వి', 'U'), ('ద్య', '|'), ('లు', '|'), ('తి', '|'), ('రం', 'U'), ('బు', '|'), ('గ', '|'), ('దే', 'U'), ('వ', '|'), ('ర', '|'), ('రూ', 'U'), ('పు', '|'), ('చే', 'U'), ('సి', '|'), ('నన్', 'U'), ('వ్రా', 'U'), ('లి', '|'), ('న', '|'), ('మ', 'U'), ('స్క', '|'), ('రిం', 'U'), ('చి', '|'), ('ప్ర', '|'), ('స', '|'), ('వం', 'U'), ('బు', '|'), ('లు', '|'), ('పె', 'U'), ('ట్ట', '|'), ('రె', '|'), ('మీ', 'U'), ('ద', '|'), ('భా', 'U'), ('స్క', '|'), ('రా', 'U')]",0.95,1.0,1.0,1.0,0.75,1.0
vutpalamaala,"ఒక్కఁడె చాలు నిశ్చల బలోన్నతుఁ డెంతటి కార్యమైనఁ దాఁ
జక్క నొనర్పఁ; గౌరవులసంఖ్యులు పట్టిన ధేనుకోటలం
జిక్కఁగనీక తత్ప్రబల సేన ననేక శిలీముఖంబులన్‌
మొక్కపడంగఁ జేసి తుదముట్టఁడె యొక్కకిరీటి భాస్కరా!",vruttamu,Bhaskara,"[('ఒ', 'U'), ('క్క', '|'), ('డె', '|'), ('చా', 'U'), ('లు', '|'), ('ని', 'U'), ('శ్చ', '|'), ('ల', '|'), ('బ', '|'), ('లో', 'U'), ('న్న', '|'), ('తు', '|'), ('డెం', 'U'), ('త', '|'), ('టి', '|'), ('కా', 'U'), ('ర్య', '|'), ('మై', 'U'), ('న', '|'), ('దా', 'U'), ('జ', 'U'), ('క్క', '|'), ('నొ', '|'), ('న', 'U'), ('ర్ప', '|'), ('గౌ', 'U'), ('ర', '|'), ('వు', '|'), ('ల', '|'), ('సం', 'U'), ('ఖ్యు', '|'), ('లు', '|'), ('ప', 'U'), ('ట్టి', '|'), ('న', '|'), ('ధే', 'U'), ('ను', '|'), ('కో', 'U'), ('ట', '|'), ('లం', 'U'), ('జి', 'U'), ('క్క', '|'), ('గ', '|'), ('నీ', 'U'), ('క', '|'), ('త', 'U'), ('త్ప్ర', '|'), ('బ', '|'), ('ల', '|'), ('సే', 'U'), ('న', '|'), ('న', '|'), ('నే', 'U'), ('క', '|'), ('శి', '|'), ('లీ', 'U'), ('ము', '|'), ('ఖం', 'U'), ('బు', '|'), ('లన్', 'U'), ('మొ', 'U'), ('క్క', '|'), ('ప', '|'), ('డం', 'U'), ('గ', '|'), ('జే', 'U'), ('సి', '|'), ('తు', '|'), ('ద', '|'), ('ము', 'U'), ('ట్ట', '|'), ('డె', '|'), ('యొ', 'U'), ('క్క', '|'), ('కి', '|'), ('రీ', 'U'), ('టి', '|'), ('భా', 'U'), ('స్క', '|'), ('రా', 'U')]",0.95,1.0,1.0,1.0,0.75,1.0
vutpalamaala,"కట్టడ దప్పి తాము చెడు కార్యముఁ జేయుచు నుండిరేని దోఁ
బుట్టిన వారినైన విడిపోవుట కార్యము; దౌర్మదాంధ్యముం
దొట్టిన రావణాసురునితో నెడఁబాసి విభీషణాఖ్యుఁ డా
పట్టున రాముఁ జేరి చిరపట్టము గట్టుకొనండె భాస్కరా!",vruttamu,Bhaskara,"[('క', 'U'), ('ట్ట', '|'), ('డ', '|'), ('ద', 'U'), ('ప్పి', '|'), ('తా', 'U'), ('ము', '|'), ('చె', '|'), ('డు', '|'), ('కా', 'U'), ('ర్య', '|'), ('ము', '|'), ('జే', 'U'), ('యు', '|'), ('చు', '|'), ('నుం', 'U'), ('డి', '|'), ('రే', 'U'), ('ని', '|'), ('దో', 'U'), ('బు', 'U'), ('ట్టి', '|'), ('న', '|'), ('వా', 'U'), ('రి', '|'), ('నై', 'U'), ('న', '|'), ('వి', '|'), ('డి', '|'), ('పో', 'U'), ('వు', '|'), ('ట', '|'), ('కా', 'U'), ('ర్య', '|'), ('ము', '|'), ('దౌ', 'U'), ('ర్మ', '|'), ('దాం', 'U'), ('ధ్య', '|'), ('ముం', 'U'), ('దొ', 'U'), ('ట్టి', '|'), ('న', '|'), ('రా', 'U'), ('వ', '|'), ('ణా', 'U'), ('సు', '|'), ('రు', '|'), ('ని', '|'), ('తో', 'U'), ('నె', '|'), ('డ', '|'), ('బా', 'U'), ('సి', '|'), ('వి', '|'), ('భీ', 'U'), ('ష', '|'), ('ణా', 'U'), ('ఖ్యు', '|'), ('డా', 'U'), ('ప', 'U'), ('ట్టు', '|'), ('న', '|'), ('రా', 'U'), ('ము', '|'), ('జే', 'U'), ('రి', '|'), ('చి', '|'), ('ర', '|'), ('ప', 'U'), ('ట్ట', '|'), ('ము', '|'), ('గ', 'U'), ('ట్టు', '|'), ('కొ', '|'), ('నం', 'U'), ('డె', '|'), ('భా', 'U'), ('స్క', '|'), ('రా', 'U')]",1.0,1.0,1.0,1.0,1.0,1.0
vutpalamaala,"కట్టడ యైనయట్టి నిజకర్మము చుట్టుచు వచ్చి యే గతం
బెట్టునొ పెట్టినయట్లనుభవింపక తీఱదు; కాళ్ళు మీఁదుగాఁ
గట్టుక వ్రేలుడంచుఁ దలక్రిందుగఁ గట్టిరె యెవ్వరైన నా
చెట్టున గబ్బిలంబులకుఁ జేసిన కర్మముగాక భాస్కరా!",vruttamu,Bhaskara,"[('క', 'U'), ('ట్ట', '|'), ('డ', '|'), ('యై', 'U'), ('న', '|'), ('య', 'U'), ('ట్టి', '|'), ('ని', '|'), ('జ', '|'), ('క', 'U'), ('ర్మ', '|'), ('ము', '|'), ('చు', 'U'), ('ట్టు', '|'), ('చు', '|'), ('వ', 'U'), ('చ్చి', '|'), ('యే', 'U'), ('గ', '|'), ('తం', 'U'), ('బె', 'U'), ('ట్టు', '|'), ('నొ', '|'), ('పె', 'U'), ('ట్టి', '|'), ('న', '|'), ('య', 'U'), ('ట్ల', '|'), ('ను', '|'), ('భ', '|'), ('విం', 'U'), ('ప', '|'), ('క', '|'), ('తీ', 'U'), ('ఱ', '|'), ('దు', '|'), ('కా', 'U'), ('ళ్ళు', '|'), ('మీ', 'U'), ('దు', '|'), ('గా', 'U'), ('గ', 'U'), ('ట్టు', '|'), ('క', '|'), ('వ్రే', 'U'), ('లు', '|'), ('డం', 'U'), ('చు', '|'), ('ద', '|'), ('ల', '|'), ('క్రిం', 'U'), ('దు', '|'), ('గ', '|'), ('గ', 'U'), ('ట్టి', '|'), ('రె', '|'), ('యె', 'U'), ('వ్వ', '|'), ('రై', 'U'), ('న', '|'), ('నా', 'U'), ('చె', 'U'), ('ట్టు', '|'), ('న', '|'), ('గ', 'U'), ('బ్బి', '|'), ('లం', 'U'), ('బు', '|'), ('ల', '|'), ('కు', '|'), ('జే', 'U'), ('సి', '|'), ('న', '|'), ('క', 'U'), ('ర్మ', '|'), ('ము', '|'), ('గా', 'U'), ('క', '|'), ('భా', 'U'), ('స్క', '|'), ('రా', 'U')]",0.604642857142857,0.9875,1.0,0.2857142857142857,0.25,0.5
vutpalamaala,"కట్టడ లేని కాలమున గాదు శుభం బొరులెంతవారు చే
పట్టిననైన మర్త్యునకు భాగ్యము రాదనుటెల్లఁ గల్లకా
దెట్టని పల్కినన్‌; దశరథేశ వసిష్ఠులు రామమూర్తికిన్‌
బట్టము కట్టఁ గోరి రది పాయక చేకుఱెనోటు భాస్కరా!",vruttamu,Bhaskara,"[('క', 'U'), ('ట్ట', '|'), ('డ', '|'), ('లే', 'U'), ('ని', '|'), ('కా', 'U'), ('ల', '|'), ('ము', '|'), ('న', '|'), ('గా', 'U'), ('దు', '|'), ('శు', '|'), ('భం', 'U'), ('బొ', '|'), ('రు', '|'), ('లెం', 'U'), ('త', '|'), ('వా', 'U'), ('రు', '|'), ('చే', 'U'), ('ప', 'U'), ('ట్టి', '|'), ('న', '|'), ('నై', 'U'), ('న', '|'), ('మ', 'U'), ('ర్త్యు', '|'), ('న', '|'), ('కు', '|'), ('భా', 'U'), ('గ్య', '|'), ('ము', '|'), ('రా', 'U'), ('ద', '|'), ('ను', '|'), ('టె', 'U'), ('ల్ల', '|'), ('గ', 'U'), ('ల్ల', '|'), ('కా', 'U'), ('దె', 'U'), ('ట్ట', '|'), ('ని', '|'), ('ప', 'U'), ('ల్కి', '|'), ('న', 'U'), ('న్ద', '|'), ('శ', '|'), ('ర', '|'), ('థే', 'U'), ('శ', '|'), ('వ', '|'), ('సి', 'U'), ('ష్ఠు', '|'), ('లు', '|'), ('రా', 'U'), ('మ', '|'), ('మూ', 'U'), ('ర్తి', '|'), ('కిన్', 'U'), ('బ', 'U'), ('ట్ట', '|'), ('ము', '|'), ('క', 'U'), ('ట్ట', '|'), ('గో', 'U'), ('రి', '|'), ('ర', '|'), ('ది', '|'), ('పా', 'U'), ('య', '|'), ('క', '|'), ('చే', 'U'), ('కు', '|'), ('ఱె', '|'), ('నో', 'U'), ('టు', '|'), ('భా', 'U'), ('స్క', '|'), ('రా', 'U')]",1.0,1.0,1.0,1.0,1.0,1.0
vutpalamaala,"కానగ చేరఁ బోలఁ డతికర్ముఁడు నమ్మిక లెన్ని చేసినం
దానది నమ్మి వానికడ డాయఁగ బోయిన హాని వచ్చు న
చ్చో నది యెట్లనం; గొఱఁకు చూపుచు నొడ్డిన బోను మేలుగా
బోనని కానకాసపడి పోవుచుఁ గూలదెఁ గొక్కు భాస్కరా!",vruttamu,Bhaskara,"[('కా', 'U'), ('న', '|'), ('గ', '|'), ('చే', 'U'), ('ర', '|'), ('బో', 'U'), ('ల', '|'), ('డ', '|'), ('తి', '|'), ('క', 'U'), ('ర్ము', '|'), ('డు', '|'), ('న', 'U'), ('మ్మి', '|'), ('క', '|'), ('లె', 'U'), ('న్ని', '|'), ('చే', 'U'), ('సి', '|'), ('నం', 'U'), ('దా', 'U'), ('న', '|'), ('ది', '|'), ('న', 'U'), ('మ్మి', '|'), ('వా', 'U'), ('ని', '|'), ('క', '|'), ('డ', '|'), ('డా', 'U'), ('య', '|'), ('గ', '|'), ('బో', 'U'), ('యి', '|'), ('న', '|'), ('హా', 'U'), ('ని', '|'), ('వ', 'U'), ('చ్చు', '|'), ('న', 'U'), ('చ్చో', 'U'), ('న', '|'), ('ది', '|'), ('యె', 'U'), ('ట్ల', '|'), ('నం', 'U'), ('గొ', '|'), ('ఱ', '|'), ('కు', '|'), ('చూ', 'U'), ('పు', '|'), ('చు', '|'), ('నొ', 'U'), ('డ్డి', '|'), ('న', '|'), ('బో', 'U'), ('ను', '|'), ('మే', 'U'), ('లు', '|'), ('గా', 'U'), ('బో', 'U'), ('న', '|'), ('ని', '|'), ('కా', 'U'), ('న', '|'), ('కా', 'U'), ('స', '|'), ('ప', '|'), ('డి', '|'), ('పో', 'U'), ('వు', '|'), ('చు', '|'), ('గూ', 'U'), ('ల', '|'), ('దె', '|'), ('గొ', 'U'), ('క్కు', '|'), ('భా', 'U'), ('స్క', '|'), ('రా', 'U')]",1.0,1.0,1.0,1.0,1.0,1.0
vutpalamaala,"కాని ప్రయోజనంబు సమకట్టదు తా భువి నెంత విద్యవాఁ
డైనను దొడ్డరాజు కొడుకైన నదెట్లు; మహేశుపట్టి వి
ద్యానిధి సర్వవిద్యలకు, దానె గురుండు వినాయకుండు దా
నేనుఁగు రీతి నుండియు నదేమిటి కాడఁడు పెండ్లి? భాస్కరా!",vruttamu,Bhaskara,"[('కా', 'U'), ('ని', '|'), ('ప్ర', '|'), ('యో', 'U'), ('జ', '|'), ('నం', 'U'), ('బు', '|'), ('స', '|'), ('మ', '|'), ('క', 'U'), ('ట్ట', '|'), ('దు', '|'), ('తా', 'U'), ('భు', '|'), ('వి', '|'), ('నెం', 'U'), ('త', '|'), ('వి', 'U'), ('ద్య', '|'), ('వా', 'U'), ('డై', 'U'), ('న', '|'), ('ను', '|'), ('దొ', 'U'), ('డ్డ', '|'), ('రా', 'U'), ('జు', '|'), ('కొ', '|'), ('డు', '|'), ('కై', 'U'), ('న', '|'), ('న', '|'), ('దె', 'U'), ('ట్లు', '|'), ('మ', '|'), ('హే', 'U'), ('శు', '|'), ('ప', 'U'), ('ట్టి', '|'), ('వి', 'U'), ('ద్యా', 'U'), ('ని', '|'), ('ధి', '|'), ('స', 'U'), ('ర్వ', '|'), ('వి', 'U'), ('ద్య', '|'), ('ల', '|'), ('కు', '|'), ('దా', 'U'), ('నె', '|'), ('గు', '|'), ('రుం', 'U'), ('డు', '|'), ('వి', '|'), ('నా', 'U'), ('య', '|'), ('కుం', 'U'), ('డు', '|'), ('దా', 'U'), ('నే', 'U'), ('ను', '|'), ('గు', '|'), ('రీ', 'U'), ('తి', '|'), ('నుం', 'U'), ('డి', '|'), ('యు', '|'), ('న', '|'), ('దే', 'U'), ('మి', '|'), ('టి', '|'), ('కా', 'U'), ('డ', '|'), ('డు', '|'), ('పెం', 'U'), ('డ్లి', '|'), ('భా', 'U'), ('స్క', '|'), ('రా', 'U')]",0.9,1.0,1.0,1.0,0.5,1.0
vutpalamaala,"కామిత వస్తుసంపదలు గల్గు ఫలం బొరు లాసపడ్డచో
నేమియుఁ బెట్టఁడేని సిరి యేటికి నిష్ఫలమున్నఁ బోయినన్‌
బ్రామికపడ్డ; లోకులకుఁ బండగ నే మది యెండి పోవఁగా
నేమి ఫలంబు చేఁదు విడదెన్నటికైన ముసిండి భాస్కరా!",vruttamu,Bhaskara,"[('కా', 'U'), ('మి', '|'), ('త', '|'), ('వ', 'U'), ('స్తు', '|'), ('సం', 'U'), ('ప', '|'), ('ద', '|'), ('లు', '|'), ('గ', 'U'), ('ల్గు', '|'), ('ఫ', '|'), ('లం', 'U'), ('బొ', '|'), ('రు', '|'), ('లా', 'U'), ('స', '|'), ('ప', 'U'), ('డ్డ', '|'), ('చో', 'U'), ('నే', 'U'), ('మి', '|'), ('యు', '|'), ('బె', 'U'), ('ట్ట', '|'), ('డే', 'U'), ('ని', '|'), ('సి', '|'), ('రి', '|'), ('యే', 'U'), ('టి', '|'), ('కి', '|'), ('ని', 'U'), ('ష్ఫ', '|'), ('ల', '|'), ('ము', 'U'), ('న్న', '|'), ('బో', 'U'), ('యి', '|'), ('నన్', 'U'), ('బ్రా', 'U'), ('మి', '|'), ('క', '|'), ('ప', 'U'), ('డ్డ', '|'), ('లో', 'U'), ('కు', '|'), ('ల', '|'), ('కు', '|'), ('బం', 'U'), ('డ', '|'), ('గ', '|'), ('నే', 'U'), ('మ', '|'), ('ది', '|'), ('యెం', 'U'), ('డి', '|'), ('పో', 'U'), ('వ', '|'), ('గా', 'U'), ('నే', 'U'), ('మి', '|'), ('ఫ', '|'), ('లం', 'U'), ('బు', '|'), ('చే', 'U'), ('దు', '|'), ('వి', '|'), ('డ', '|'), ('దె', 'U'), ('న్న', '|'), ('టి', '|'), ('కై', 'U'), ('న', '|'), ('ము', '|'), ('సిం', 'U'), ('డి', '|'), ('భా', 'U'), ('స్క', '|'), ('రా', 'U')]",0.9,1.0,1.0,1.0,0.5,1.0
vutpalamaala,"కారణమైన కర్మములు కాక దిగంబడ వెన్ని గొందులం
దూఱిన నెంతవారలకుఁ; దొల్లి పరీక్షితు శాపభీతుఁడై
వారిధి నొప్పు నుప్పరిగ పైఁ బదిలంబుగ దాఁగి యుండినం
గ్రూరభుజంగ దంతహతిఁ గూలడె లోకులెఱుంగ భాస్కరా!",vruttamu,Bhaskara,"[('కా', 'U'), ('ర', '|'), ('ణ', '|'), ('మై', 'U'), ('న', '|'), ('క', 'U'), ('ర్మ', '|'), ('ము', '|'), ('లు', '|'), ('కా', 'U'), ('క', '|'), ('ది', '|'), ('గం', 'U'), ('బ', '|'), ('డ', '|'), ('వె', 'U'), ('న్ని', '|'), ('గొం', 'U'), ('దు', '|'), ('లం', 'U'), ('దూ', 'U'), ('ఱి', '|'), ('న', '|'), ('నెం', 'U'), ('త', '|'), ('వా', 'U'), ('ర', '|'), ('ల', '|'), ('కు', '|'), ('దొ', 'U'), ('ల్లి', '|'), ('ప', '|'), ('రీ', 'U'), ('క్షి', '|'), ('తు', '|'), ('శా', 'U'), ('ప', '|'), ('భీ', 'U'), ('తు', '|'), ('డై', 'U'), ('వా', 'U'), ('రి', '|'), ('ధి', '|'), ('నొ', 'U'), ('ప్పు', '|'), ('ను', 'U'), ('ప్ప', '|'), ('రి', '|'), ('గ', '|'), ('పై', 'U'), ('బ', '|'), ('ది', '|'), ('లం', 'U'), ('బు', '|'), ('గ', '|'), ('దా', 'U'), ('గి', '|'), ('యుం', 'U'), ('డి', '|'), ('నం', 'U'), ('గ్రూ', 'U'), ('ర', '|'), ('భు', '|'), ('జం', 'U'), ('గ', '|'), ('దం', 'U'), ('త', '|'), ('హ', '|'), ('తి', '|'), ('గూ', 'U'), ('ల', '|'), ('డె', '|'), ('లో', 'U'), ('కు', '|'), ('లె', '|'), ('ఱుం', 'U'), ('గ', '|'), ('భా', 'U'), ('స్క', '|'), ('రా', 'U')]",0.9,1.0,1.0,1.0,0.75,0.75
champakamaala,"కులమున నక్కడక్కడ నకుంఠిత ధార్మికుఁడొక్కఁడొక్కఁడే
కలిగెడుఁగాక పెందఱుచు గల్గగ నేరరు; చెట్టు చెట్టునన్‌
గలుగఁగ నేర్చునే? గొడుగు కామలు చూడఁగ నాడనాడ నిం
పలరఁగ నొక్కటొక్కటి నయంబునఁ జేకురుఁగాక భాస్కరా!",vruttamu,Bhaskara,"[('కు', '|'), ('ల', '|'), ('ము', '|'), ('న', '|'), ('న', 'U'), ('క్క', '|'), ('డ', 'U'), ('క్క', '|'), ('డ', '|'), ('న', '|'), ('కుం', 'U'), ('ఠి', '|'), ('త', '|'), ('ధా', 'U'), ('ర్మి', '|'), ('కు', '|'), ('డొ', 'U'), ('క్క', '|'), ('డొ', 'U'), ('క్క', '|'), ('డే', 'U'), ('క', '|'), ('లి', '|'), ('గె', '|'), ('డు', '|'), ('గా', 'U'), ('క', '|'), ('పెం', 'U'), ('ద', '|'), ('ఱు', '|'), ('చు', '|'), ('గ', 'U'), ('ల్గ', '|'), ('గ', '|'), ('నే', 'U'), ('ర', '|'), ('రు', '|'), ('చె', 'U'), ('ట్టు', '|'), ('చె', 'U'), ('ట్టు', '|'), ('నన్', 'U'), ('గ', '|'), ('లు', '|'), ('గ', '|'), ('గ', '|'), ('నే', 'U'), ('ర్చు', '|'), ('నే', 'U'), ('గొ', '|'), ('డు', '|'), ('గు', '|'), ('కా', 'U'), ('మ', '|'), ('లు', '|'), ('చూ', 'U'), ('డ', '|'), ('గ', '|'), ('నా', 'U'), ('డ', '|'), ('నా', 'U'), ('డ', '|'), ('నిం', 'U'), ('ప', '|'), ('ల', '|'), ('ర', '|'), ('గ', '|'), ('నొ', 'U'), ('క్క', '|'), ('టొ', 'U'), ('క్క', '|'), ('టి', '|'), ('న', '|'), ('యం', 'U'), ('బు', '|'), ('న', '|'), ('జే', 'U'), ('కు', '|'), ('రు', '|'), ('గా', 'U'), ('క', '|'), ('భా', 'U'), ('స్క', '|'), ('రా', 'U')]",0.95,1.0,1.0,1.0,0.75,1.0
vutpalamaala,"క్రూర మనస్కులౌ పతులఁ గొల్చి వసించిన మంచివారికిన్‌
వారి గుణంబె పట్టి, చెడు వర్తన వాటిలు; మాధురీజలో
దారలు గౌతమీముఖమహానదు లంబుధిఁ గూడినంతనే
క్షారముఁ జెందవే మొదలి కట్టడ లన్నియుఁ దప్పి భాస్కరా!",vruttamu,Bhaskara,"[('క్రూ', 'U'), ('ర', '|'), ('మ', '|'), ('న', 'U'), ('స్కు', '|'), ('లౌ', 'U'), ('ప', '|'), ('తు', '|'), ('ల', '|'), ('గొ', 'U'), ('ల్చి', '|'), ('వ', '|'), ('సిం', 'U'), ('చి', '|'), ('న', '|'), ('మం', 'U'), ('చి', '|'), ('వా', 'U'), ('రి', '|'), ('కిన్', 'U'), ('వా', 'U'), ('రి', '|'), ('గు', '|'), ('ణం', 'U'), ('బె', '|'), ('ప', 'U'), ('ట్టి', '|'), ('చె', '|'), ('డు', '|'), ('వ', 'U'), ('ర్త', '|'), ('న', '|'), ('వా', 'U'), ('టి', '|'), ('లు', '|'), ('మా', 'U'), ('ధు', '|'), ('రీ', 'U'), ('జ', '|'), ('లో', 'U'), ('దా', 'U'), ('ర', '|'), ('లు', '|'), ('గౌ', 'U'), ('త', '|'), ('మీ', 'U'), ('ము', '|'), ('ఖ', '|'), ('మ', '|'), ('హా', 'U'), ('న', '|'), ('దు', '|'), ('లం', 'U'), ('బు', '|'), ('ధి', '|'), ('గూ', 'U'), ('డి', '|'), ('నం', 'U'), ('త', '|'), ('నే', 'U'), ('క్షా', 'U'), ('ర', '|'), ('ము', '|'), ('జెం', 'U'), ('ద', '|'), ('వే', 'U'), ('మొ', '|'), ('ద', '|'), ('లి', '|'), ('క', 'U'), ('ట్ట', '|'), ('డ', '|'), ('ల', 'U'), ('న్ని', '|'), ('యు', '|'), ('ద', 'U'), ('ప్పి', '|'), ('భా', 'U'), ('స్క', '|'), ('రా', 'U')]",0.95,1.0,1.0,1.0,0.75,1.0
vutpalamaala,"గిట్టుట కేడఁ గట్టడ లిఖించిన నచ్చటఁ గాని యెండుచోఁ
బుట్టదు చావు; జానువుల పున్కల నూడిచి కాశిఁ జావఁగా
ల్గట్టిన శూద్రకున్‌ భ్రమలఁ గప్పుచుఁ దద్విధి గుఱ్ఱమౌచు నా
పట్టునఁ గొంచు మఱ్ఱికడఁ బ్రాణము దీసెగదయ్య! భాస్కరా!",vruttamu,Bhaskara,"[('గి', 'U'), ('ట్టు', '|'), ('ట', '|'), ('కే', 'U'), ('డ', '|'), ('గ', 'U'), ('ట్ట', '|'), ('డ', '|'), ('లి', '|'), ('ఖిం', 'U'), ('చి', '|'), ('న', '|'), ('న', 'U'), ('చ్చ', '|'), ('ట', '|'), ('గా', 'U'), ('ని', '|'), ('యెం', 'U'), ('డు', '|'), ('చో', 'U'), ('బు', 'U'), ('ట్ట', '|'), ('దు', '|'), ('చా', 'U'), ('వు', '|'), ('జా', 'U'), ('ను', '|'), ('వు', '|'), ('ల', '|'), ('పు', 'U'), ('న్క', '|'), ('ల', '|'), ('నూ', 'U'), ('డి', '|'), ('చి', '|'), ('కా', 'U'), ('శి', '|'), ('జా', 'U'), ('వ', '|'), ('గా', 'U'), ('ల్గ', 'U'), ('ట్టి', '|'), ('న', '|'), ('శూ', 'U'), ('ద్ర', '|'), ('కు', 'U'), ('న్భ్ర', '|'), ('మ', '|'), ('ల', '|'), ('గ', 'U'), ('ప్పు', '|'), ('చు', '|'), ('ద', 'U'), ('ద్వి', '|'), ('ధి', '|'), ('గు', 'U'), ('ఱ్ఱ', '|'), ('మౌ', 'U'), ('చు', '|'), ('నా', 'U'), ('ప', 'U'), ('ట్టు', '|'), ('న', '|'), ('గొం', 'U'), ('చు', '|'), ('మ', 'U'), ('ఱ్ఱి', '|'), ('క', '|'), ('డ', '|'), ('బ్రా', 'U'), ('ణ', '|'), ('ము', '|'), ('దీ', 'U'), ('సె', '|'), ('గ', '|'), ('ద', 'U'), ('య్య', '|'), ('భా', 'U'), ('స్క', '|'), ('రా', 'U')]",1.0,1.0,1.0,1.0,1.0,1.0
champakamaala,"ఘనబలసత్త్వ మచ్చుపడఁ గల్గిన వానికి హాని లేనిచోఁ
దనదగు సత్త్వమే చెరచుఁ దన్ను; నదెట్లన నీరు మిక్కిలిన్‌
గినుక వసించినన్‌ జెఱువు కట్టకు సత్వము చాలకున్నచోఁ
గనుమలు పెట్టి నట్టనడి గండి తెగంబడకున్నె భాస్కరా!",vruttamu,Bhaskara,"[('ఘ', '|'), ('న', '|'), ('బ', '|'), ('ల', '|'), ('స', 'U'), ('త్త్వ', '|'), ('మ', 'U'), ('చ్చు', '|'), ('ప', '|'), ('డ', '|'), ('గ', 'U'), ('ల్గి', '|'), ('న', '|'), ('వా', 'U'), ('ని', '|'), ('కి', '|'), ('హా', 'U'), ('ని', '|'), ('లే', 'U'), ('ని', '|'), ('చో', 'U'), ('ద', '|'), ('న', '|'), ('ద', '|'), ('గు', '|'), ('స', 'U'), ('త్త్వ', '|'), ('మే', 'U'), ('చె', '|'), ('ర', '|'), ('చు', '|'), ('ద', 'U'), ('న్ను', '|'), ('న', '|'), ('దె', 'U'), ('ట్ల', '|'), ('న', '|'), ('నీ', 'U'), ('రు', '|'), ('మి', 'U'), ('క్కి', '|'), ('లిన్', 'U'), ('గి', '|'), ('ను', '|'), ('క', '|'), ('వ', '|'), ('సిం', 'U'), ('చి', '|'), ('న', 'U'), ('న్జె', '|'), ('ఱు', '|'), ('వు', '|'), ('క', 'U'), ('ట్ట', '|'), ('కు', '|'), ('స', 'U'), ('త్వ', '|'), ('ము', '|'), ('చా', 'U'), ('ల', '|'), ('కు', 'U'), ('న్న', '|'), ('చో', 'U'), ('గ', '|'), ('ను', '|'), ('మ', '|'), ('లు', '|'), ('పె', 'U'), ('ట్టి', '|'), ('న', 'U'), ('ట్ట', '|'), ('న', '|'), ('డి', '|'), ('గం', 'U'), ('డి', '|'), ('తె', '|'), ('గం', 'U'), ('బ', '|'), ('డ', '|'), ('కు', 'U'), ('న్నె', '|'), ('భా', 'U'), ('స్క', '|'), ('రా', 'U')]",0.95,1.0,1.0,1.0,0.75,1.0
champakamaala,"ఘనుఁడగు నట్టివాఁడు నిజకార్య సముద్ధరణార్థమై మహిం
బనివడి యల్పమానవునిఁ బ్రార్థనఁ జేయుట తప్పుగాదుగా;
యనఘతఁ గృష్ణజన్మమున నా వసుదేవుఁడు మీఁద టెత్తుగాఁ
గనుఁగొని గాలిగాని కడ కాళ్ళకు మ్రొక్కఁడె నాఁడు భాస్కరా!",vruttamu,Bhaskara,"[('ఘ', '|'), ('ను', '|'), ('డ', '|'), ('గు', '|'), ('న', 'U'), ('ట్టి', '|'), ('వా', 'U'), ('డు', '|'), ('ని', '|'), ('జ', '|'), ('కా', 'U'), ('ర్య', '|'), ('స', '|'), ('ము', 'U'), ('ద్ధ', '|'), ('ర', '|'), ('ణా', 'U'), ('ర్థ', '|'), ('మై', 'U'), ('మ', '|'), ('హిం', 'U'), ('బ', '|'), ('ని', '|'), ('వ', '|'), ('డి', '|'), ('య', 'U'), ('ల్ప', '|'), ('మా', 'U'), ('న', '|'), ('వు', '|'), ('ని', '|'), ('బ్రా', 'U'), ('ర్థ', '|'), ('న', '|'), ('జే', 'U'), ('యు', '|'), ('ట', '|'), ('త', 'U'), ('ప్పు', '|'), ('గా', 'U'), ('దు', '|'), ('గా', 'U'), ('య', '|'), ('న', '|'), ('ఘ', '|'), ('త', '|'), ('గృ', 'U'), ('ష్ణ', '|'), ('జ', 'U'), ('న్మ', '|'), ('ము', '|'), ('న', '|'), ('నా', 'U'), ('వ', '|'), ('సు', '|'), ('దే', 'U'), ('వు', '|'), ('డు', '|'), ('మీ', 'U'), ('ద', '|'), ('టె', 'U'), ('త్తు', '|'), ('గా', 'U'), ('గ', '|'), ('ను', '|'), ('గొ', '|'), ('ని', '|'), ('గా', 'U'), ('లి', '|'), ('గా', 'U'), ('ని', '|'), ('క', '|'), ('డ', '|'), ('కా', 'U'), ('ళ్ళ', '|'), ('కు', '|'), ('మ్రొ', 'U'), ('క్క', '|'), ('డె', '|'), ('నా', 'U'), ('డు', '|'), ('భా', 'U'), ('స్క', '|'), ('రా', 'U')]",0.95,1.0,1.0,1.0,0.75,1.0
champakamaala,"ఘనుఁడొకవేళ గీడ్పడిన గ్రమ్మఱ నాతని లేమిఁ బాపఁగా
గనుగొన నొక్క సత్ప్రభువుఁగాక నరాధము లోపరెందరుం;
బెనుఁ జెఱువెండినట్టి తఱిఁ బెల్లున మేఘుఁడు గాక నీటితోఁ
దనుపఁ దుషారముల్‌ శతశతంబులు చాలునటయ్య భాస్కరా!	",vruttamu,Bhaskara,"[('ఘ', '|'), ('ను', '|'), ('డొ', '|'), ('క', '|'), ('వే', 'U'), ('ళ', '|'), ('గీ', 'U'), ('డ్ప', '|'), ('డి', '|'), ('న', '|'), ('గ్ర', 'U'), ('మ్మ', '|'), ('ఱ', '|'), ('నా', 'U'), ('త', '|'), ('ని', '|'), ('లే', 'U'), ('మి', '|'), ('బా', 'U'), ('ప', '|'), ('గా', 'U'), ('గ', '|'), ('ను', '|'), ('గొ', '|'), ('న', '|'), ('నొ', 'U'), ('క్క', '|'), ('స', 'U'), ('త్ప్ర', '|'), ('భు', '|'), ('వు', '|'), ('గా', 'U'), ('క', '|'), ('న', '|'), ('రా', 'U'), ('ధ', '|'), ('ము', '|'), ('లో', 'U'), ('ప', '|'), ('రెం', 'U'), ('ద', '|'), ('రుం', 'U'), ('బె', '|'), ('ను', '|'), ('జె', '|'), ('ఱు', '|'), ('వెం', 'U'), ('డి', '|'), ('న', 'U'), ('ట్టి', '|'), ('త', '|'), ('ఱి', '|'), ('బె', 'U'), ('ల్లు', '|'), ('న', '|'), ('మే', 'U'), ('ఘు', '|'), ('డు', '|'), ('గా', 'U'), ('క', '|'), ('నీ', 'U'), ('టి', '|'), ('తో', 'U'), ('ద', '|'), ('ను', '|'), ('ప', '|'), ('దు', '|'), ('షా', 'U'), ('ర', '|'), ('ము', 'U'), ('ల్శ', '|'), ('త', '|'), ('శ', '|'), ('తం', 'U'), ('బు', '|'), ('లు', '|'), ('చా', 'U'), ('లు', '|'), ('న', '|'), ('ట', 'U'), ('య్య', '|'), ('భా', 'U'), ('స్క', '|'), ('రా', 'U')]",1.0,1.0,1.0,1.0,1.0,1.0
vutpalamaala,"చంద్రకళావతంసు కృపచాలనినాఁడు మహాత్ముఁడైనఁ దా
సాంద్రవిభూతిఁ బాసి యొక జాతివిహీనునిఁ గొల్చియుంట యో
గీంద్ర నుతాంఘ్రి పద్మ మతిహీనత నొందుట కాదుగా; హరి
శ్చంద్రుఁడు వీరబాహుని నిజంబుగఁ గొల్వఁడె నాఁడు భాస్కరా!",vruttamu,Bhaskara,"[('చం', 'U'), ('ద్ర', '|'), ('క', '|'), ('ళా', 'U'), ('వ', '|'), ('తం', 'U'), ('సు', '|'), ('కృ', '|'), ('ప', '|'), ('చా', 'U'), ('ల', '|'), ('ని', '|'), ('నా', 'U'), ('డు', '|'), ('మ', '|'), ('హా', 'U'), ('త్ము', '|'), ('డై', 'U'), ('న', '|'), ('దా', 'U'), ('సాం', 'U'), ('ద్ర', '|'), ('వి', '|'), ('భూ', 'U'), ('తి', '|'), ('బా', 'U'), ('సి', '|'), ('యొ', '|'), ('క', '|'), ('జా', 'U'), ('తి', '|'), ('వి', '|'), ('హీ', 'U'), ('ను', '|'), ('ని', '|'), ('గొ', 'U'), ('ల్చి', '|'), ('యుం', 'U'), ('ట', '|'), ('యో', 'U'), ('గీం', 'U'), ('ద్ర', '|'), ('ను', '|'), ('తాం', 'U'), ('ఘ్రి', '|'), ('ప', 'U'), ('ద్మ', '|'), ('మ', '|'), ('తి', '|'), ('హీ', 'U'), ('న', '|'), ('త', '|'), ('నొం', 'U'), ('దు', '|'), ('ట', '|'), ('కా', 'U'), ('దు', '|'), ('గా', 'U'), ('హ', '|'), ('రి', 'U'), ('శ్చం', 'U'), ('ద్రు', '|'), ('డు', '|'), ('వీ', 'U'), ('ర', '|'), ('బా', 'U'), ('హు', '|'), ('ని', '|'), ('ని', '|'), ('జం', 'U'), ('బు', '|'), ('గ', '|'), ('గొ', 'U'), ('ల్వ', '|'), ('డె', '|'), ('నా', 'U'), ('డు', '|'), ('భా', 'U'), ('స్క', '|'), ('రా', 'U')]",0.95,1.0,1.0,1.0,0.75,1.0
vutpalamaala,"చక్కఁదలంపఁగా విధివశంబున నల్పుని చేతనైనఁ దా;
జిక్కి యవస్థలం బొరలుఁ జెప్పఁగరాని మహాబలాఢ్యుఁడున్‌
మిక్కిలి సత్త్వ సంపదల మీఱిన గంధగజంబు మావటీఁ
డెక్కి యదల్చి కొట్టి కుదియించిన నుండదె యోర్చి భాస్కరా!",vruttamu,Bhaskara,"[('చ', 'U'), ('క్క', '|'), ('ద', '|'), ('లం', 'U'), ('ప', '|'), ('గా', 'U'), ('వి', '|'), ('ధి', '|'), ('వ', '|'), ('శం', 'U'), ('బు', '|'), ('న', '|'), ('న', 'U'), ('ల్పు', '|'), ('ని', '|'), ('చే', 'U'), ('త', '|'), ('నై', 'U'), ('న', '|'), ('దా', 'U'), ('జి', 'U'), ('క్కి', '|'), ('య', '|'), ('వ', 'U'), ('స్థ', '|'), ('లం', 'U'), ('బొ', '|'), ('ర', '|'), ('లు', '|'), ('జె', 'U'), ('ప్ప', '|'), ('గ', '|'), ('రా', 'U'), ('ని', '|'), ('మ', '|'), ('హా', 'U'), ('బ', '|'), ('లా', 'U'), ('ఢ్యు', '|'), ('డున్', 'U'), ('మి', 'U'), ('క్కి', '|'), ('లి', '|'), ('స', 'U'), ('త్త్వ', '|'), ('సం', 'U'), ('ప', '|'), ('ద', '|'), ('ల', '|'), ('మీ', 'U'), ('ఱి', '|'), ('న', '|'), ('గం', 'U'), ('ధ', '|'), ('గ', '|'), ('జం', 'U'), ('బు', '|'), ('మా', 'U'), ('వ', '|'), ('టీ', 'U'), ('డె', 'U'), ('క్కి', '|'), ('య', '|'), ('ద', 'U'), ('ల్చి', '|'), ('కొ', 'U'), ('ట్టి', '|'), ('కు', '|'), ('ది', '|'), ('యిం', 'U'), ('చి', '|'), ('న', '|'), ('నుం', 'U'), ('డ', '|'), ('దె', '|'), ('యో', 'U'), ('ర్చి', '|'), ('భా', 'U'), ('స్క', '|'), ('రా', 'U')]",0.95,1.0,1.0,1.0,0.75,1.0
champakamaala,"చదువది యెంత గల్గిన రసజ్ఞత యించుక చాలకున్న నా
చదువు నిరర్థకంబు, గుణ సంయుతులెవ్వరు మెచ్చ రెచ్చటం;
బదనుగ మంచికూర నలపాకము చేసిననైన నందు నిం
పొదవెడు నుప్పు లేక రుచి పుట్టఁగ నేర్చు నటయ్య భాస్కరా!",vruttamu,Bhaskara,"[('చ', '|'), ('దు', '|'), ('వ', '|'), ('ది', '|'), ('యెం', 'U'), ('త', '|'), ('గ', 'U'), ('ల్గి', '|'), ('న', '|'), ('ర', '|'), ('స', 'U'), ('జ్ఞ', '|'), ('త', '|'), ('యిం', 'U'), ('చు', '|'), ('క', '|'), ('చా', 'U'), ('ల', '|'), ('కు', 'U'), ('న్న', '|'), ('నా', 'U'), ('చ', '|'), ('దు', '|'), ('వు', '|'), ('ని', '|'), ('ర', 'U'), ('ర్థ', '|'), ('కం', 'U'), ('బు', '|'), ('గు', '|'), ('ణ', '|'), ('సం', 'U'), ('యు', '|'), ('తు', '|'), ('లె', 'U'), ('వ్వ', '|'), ('రు', '|'), ('మె', 'U'), ('చ్చ', '|'), ('రె', 'U'), ('చ్చ', '|'), ('టం', 'U'), ('బ', '|'), ('ద', '|'), ('ను', '|'), ('గ', '|'), ('మం', 'U'), ('చి', '|'), ('కూ', 'U'), ('ర', '|'), ('న', '|'), ('ల', '|'), ('పా', 'U'), ('క', '|'), ('ము', '|'), ('చే', 'U'), ('సి', '|'), ('న', '|'), ('నై', 'U'), ('న', '|'), ('నం', 'U'), ('దు', '|'), ('నిం', 'U'), ('పొ', '|'), ('ద', '|'), ('వె', '|'), ('డు', '|'), ('ను', 'U'), ('ప్పు', '|'), ('లే', 'U'), ('క', '|'), ('రు', '|'), ('చి', '|'), ('పు', 'U'), ('ట్ట', '|'), ('గ', '|'), ('నే', 'U'), ('ర్చు', '|'), ('న', '|'), ('ట', 'U'), ('య్య', '|'), ('భా', 'U'), ('స్క', '|'), ('రా', 'U')]",1.0,1.0,1.0,1.0,1.0,1.0
vutpalamaala,"చాలఁ బవిత్రవంశమున సంజనితుండగునేని యెట్టి దు
శ్శీలునినైనఁ దత్కుల విశేషముచే నొక పుణ్యుఁడెంతయుం
దాలిమి నుద్ధరించును; సుధానిధిఁ బుట్టగఁగాదె శంభుఁడా
హాలాహలానలంబు గళమందు ధరించుట పూని భాస్కరా!",vruttamu,Bhaskara,"[('చా', 'U'), ('ల', '|'), ('బ', '|'), ('వి', '|'), ('త్ర', '|'), ('వం', 'U'), ('శ', '|'), ('ము', '|'), ('న', '|'), ('సం', 'U'), ('జ', '|'), ('ని', '|'), ('తుం', 'U'), ('డ', '|'), ('గు', '|'), ('నే', 'U'), ('ని', '|'), ('యె', 'U'), ('ట్టి', '|'), ('దు', 'U'), ('శ్శీ', 'U'), ('లు', '|'), ('ని', '|'), ('నై', 'U'), ('న', '|'), ('ద', 'U'), ('త్కు', '|'), ('ల', '|'), ('వి', '|'), ('శే', 'U'), ('ష', '|'), ('ము', '|'), ('చే', 'U'), ('నొ', '|'), ('క', '|'), ('పు', 'U'), ('ణ్యు', '|'), ('డెం', 'U'), ('త', '|'), ('యుం', 'U'), ('దా', 'U'), ('లి', '|'), ('మి', '|'), ('ను', 'U'), ('ద్ధ', '|'), ('రిం', 'U'), ('చు', '|'), ('ను', '|'), ('సు', '|'), ('ధా', 'U'), ('ని', '|'), ('ధి', '|'), ('బు', 'U'), ('ట్ట', '|'), ('గ', '|'), ('గా', 'U'), ('దె', '|'), ('శం', 'U'), ('భు', '|'), ('డా', 'U'), ('హా', 'U'), ('లా', 'U'), ('హ', '|'), ('లా', 'U'), ('న', '|'), ('లం', 'U'), ('బు', '|'), ('గ', '|'), ('ళ', '|'), ('మం', 'U'), ('దు', '|'), ('ధ', '|'), ('రిం', 'U'), ('చు', '|'), ('ట', '|'), ('పూ', 'U'), ('ని', '|'), ('భా', 'U'), ('స్క', '|'), ('రా', 'U')]",0.9357142857142857,1.0,1.0,0.9285714285714286,0.75,1.0
vutpalamaala,"చేరి బలాధిపుం డెరిఁగి చెప్పిన కార్యము చేయకుండినన్‌
బారము ముట్టలేఁడొక నెపంబున దాఁజెడు నెట్టి ధన్యుఁడున్‌
బోరక పాండుపుత్రులకు భూస్థలిభాగము పెట్టుమన్న కం
సారిని గాకుచేసి చెడఁడాయెనె కౌరవభర్త భాస్కరా!",vruttamu,Bhaskara,"[('చే', 'U'), ('రి', '|'), ('బ', '|'), ('లా', 'U'), ('ధి', '|'), ('పుం', 'U'), ('డె', '|'), ('రి', '|'), ('గి', '|'), ('చె', 'U'), ('ప్పి', '|'), ('న', '|'), ('కా', 'U'), ('ర్య', '|'), ('ము', '|'), ('చే', 'U'), ('య', '|'), ('కుం', 'U'), ('డి', '|'), ('నన్', 'U'), ('బా', 'U'), ('ర', '|'), ('ము', '|'), ('ము', 'U'), ('ట్ట', '|'), ('లే', 'U'), ('డొ', '|'), ('క', '|'), ('నె', '|'), ('పం', 'U'), ('బు', '|'), ('న', '|'), ('దా', 'U'), ('జె', '|'), ('డు', '|'), ('నె', 'U'), ('ట్టి', '|'), ('ధ', 'U'), ('న్యు', '|'), ('డున్', 'U'), ('బో', 'U'), ('ర', '|'), ('క', '|'), ('పాం', 'U'), ('డు', '|'), ('పు', '|'), ('త్రు', '|'), ('ల', '|'), ('కు', '|'), ('భూ', 'U'), ('స్థ', '|'), ('లి', '|'), ('భా', 'U'), ('గ', '|'), ('ము', '|'), ('పె', 'U'), ('ట్టు', '|'), ('మ', 'U'), ('న్న', '|'), ('కం', 'U'), ('సా', 'U'), ('రి', '|'), ('ని', '|'), ('గా', 'U'), ('కు', '|'), ('చే', 'U'), ('సి', '|'), ('చె', '|'), ('డ', '|'), ('డా', 'U'), ('యె', '|'), ('నె', '|'), ('కౌ', 'U'), ('ర', '|'), ('వ', '|'), ('భ', 'U'), ('ర్త', '|'), ('భా', 'U'), ('స్క', '|'), ('రా', 'U')]",0.9428571428571428,1.0,1.0,0.9642857142857143,0.75,1.0
vutpalamaala,"చేసిన దుష్టచేష్ట నది చెప్పక నేర్పునఁ గప్పిపుచ్చి తా
మూసిన యంతటన్‌ బయలు ముట్టక యుండ దదెట్లు; రాగిపైఁ
బూసిన బంగరుం జెదరిపోవఁ గడంగిన నాఁడు నాటికిన్‌
దాసిన రాగి గానఁబడ దా జనులెల్ల రెఱుంగ భాస్కరా!",vruttamu,Bhaskara,"[('చే', 'U'), ('సి', '|'), ('న', '|'), ('దు', 'U'), ('ష్ట', '|'), ('చే', 'U'), ('ష్ట', '|'), ('న', '|'), ('ది', '|'), ('చె', 'U'), ('ప్ప', '|'), ('క', '|'), ('నే', 'U'), ('ర్పు', '|'), ('న', '|'), ('గ', 'U'), ('ప్పి', '|'), ('పు', 'U'), ('చ్చి', '|'), ('తా', 'U'), ('మూ', 'U'), ('సి', '|'), ('న', '|'), ('యం', 'U'), ('త', '|'), ('ట', 'U'), ('న్బ', '|'), ('య', '|'), ('లు', '|'), ('ము', 'U'), ('ట్ట', '|'), ('క', '|'), ('యుం', 'U'), ('డ', '|'), ('ద', '|'), ('దె', 'U'), ('ట్లు', '|'), ('రా', 'U'), ('గి', '|'), ('పై', 'U'), ('బూ', 'U'), ('సి', '|'), ('న', '|'), ('బం', 'U'), ('గ', '|'), ('రుం', 'U'), ('జె', '|'), ('ద', '|'), ('రి', '|'), ('పో', 'U'), ('వ', '|'), ('గ', '|'), ('డం', 'U'), ('గి', '|'), ('న', '|'), ('నా', 'U'), ('డు', '|'), ('నా', 'U'), ('టి', '|'), ('కిన్', 'U'), ('దా', 'U'), ('సి', '|'), ('న', '|'), ('రా', 'U'), ('గి', '|'), ('గా', 'U'), ('న', '|'), ('బ', '|'), ('డ', '|'), ('దా', 'U'), ('జ', '|'), ('ను', '|'), ('లె', 'U'), ('ల్ల', '|'), ('రె', '|'), ('ఱుం', 'U'), ('గ', '|'), ('భా', 'U'), ('స్క', '|'), ('రా', 'U')]",1.0,1.0,1.0,1.0,1.0,1.0
champakamaala,"తగిలి మదంబుచే నెదిరిఁ దన్ను నెఱుంగక దొడ్డవానితో
బగఁగొని పోరుటెల్ల నతిపామరుడై చెడుటింతెగాక తా
నెగడి జయింపనేరఁడది నిక్కము తప్పదు; ధాత్రిలోపలన్‌
దెగి యొక కొండతో దగరు ఢీకొని తాఁకిన నేమి భాస్కరా!",vruttamu,Bhaskara,"[('త', '|'), ('గి', '|'), ('లి', '|'), ('మ', '|'), ('దం', 'U'), ('బు', '|'), ('చే', 'U'), ('నె', '|'), ('ది', '|'), ('రి', '|'), ('ద', 'U'), ('న్ను', '|'), ('నె', '|'), ('ఱుం', 'U'), ('గ', '|'), ('క', '|'), ('దొ', 'U'), ('డ్డ', '|'), ('వా', 'U'), ('ని', '|'), ('తో', 'U'), ('బ', '|'), ('గ', '|'), ('గొ', '|'), ('ని', '|'), ('పో', 'U'), ('రు', '|'), ('టె', 'U'), ('ల్ల', '|'), ('న', '|'), ('తి', '|'), ('పా', 'U'), ('మ', '|'), ('రు', '|'), ('డై', 'U'), ('చె', '|'), ('డు', '|'), ('టిం', 'U'), ('తె', '|'), ('గా', 'U'), ('క', '|'), ('తా', 'U'), ('నె', '|'), ('గ', '|'), ('డి', '|'), ('జ', '|'), ('యిం', 'U'), ('ప', '|'), ('నే', 'U'), ('ర', '|'), ('డ', '|'), ('ది', '|'), ('ని', 'U'), ('క్క', '|'), ('ము', '|'), ('త', 'U'), ('ప్ప', '|'), ('దు', '|'), ('ధా', 'U'), ('త్రి', '|'), ('లో', 'U'), ('ప', '|'), ('లన్', 'U'), ('దె', '|'), ('గి', '|'), ('యొ', '|'), ('క', '|'), ('కొం', 'U'), ('డ', '|'), ('తో', 'U'), ('ద', '|'), ('గ', '|'), ('రు', '|'), ('ఢీ', 'U'), ('కొ', '|'), ('ని', '|'), ('తా', 'U'), ('కి', '|'), ('న', '|'), ('నే', 'U'), ('మి', '|'), ('భా', 'U'), ('స్క', '|'), ('రా', 'U')]",0.95,1.0,1.0,1.0,0.75,1.0
champakamaala,"తడవగ రాదు దుష్టగుణుఁ దత్వ మెఱుంగక యెవ్వరైన నా
చెడుగుణ మిట్లు వల్వదని చెప్పిన గ్రక్కున గోపచిత్తుఁడై
కడుఁ దెఁగఁ జూచుఁగా; మఱుగఁ గాగిన తైలము నీటిబొట్టుపై
బడునెడ నాక్షణంబెగసి భగ్గున మండక యున్నె భాస్కరా!",vruttamu,Bhaskara,"[('త', '|'), ('డ', '|'), ('వ', '|'), ('గ', '|'), ('రా', 'U'), ('దు', '|'), ('దు', 'U'), ('ష్ట', '|'), ('గు', '|'), ('ణు', '|'), ('ద', 'U'), ('త్వ', '|'), ('మె', '|'), ('ఱుం', 'U'), ('గ', '|'), ('క', '|'), ('యె', 'U'), ('వ్వ', '|'), ('రై', 'U'), ('న', '|'), ('నా', 'U'), ('చె', '|'), ('డు', '|'), ('గు', '|'), ('ణ', '|'), ('మి', 'U'), ('ట్లు', '|'), ('వ', 'U'), ('ల్వ', '|'), ('ద', '|'), ('ని', '|'), ('చె', 'U'), ('ప్పి', '|'), ('న', '|'), ('గ్ర', 'U'), ('క్కు', '|'), ('న', '|'), ('గో', 'U'), ('ప', '|'), ('చి', 'U'), ('త్తు', '|'), ('డై', 'U'), ('క', '|'), ('డు', '|'), ('దె', '|'), ('గ', '|'), ('జూ', 'U'), ('చు', '|'), ('గా', 'U'), ('మ', '|'), ('ఱు', '|'), ('గ', '|'), ('గా', 'U'), ('గి', '|'), ('న', '|'), ('తై', 'U'), ('ల', '|'), ('ము', '|'), ('నీ', 'U'), ('టి', '|'), ('బొ', 'U'), ('ట్టు', '|'), ('పై', 'U'), ('బ', '|'), ('డు', '|'), ('నె', '|'), ('డ', '|'), ('నా', 'U'), ('క్ష', '|'), ('ణం', 'U'), ('బె', '|'), ('గ', '|'), ('సి', '|'), ('భ', 'U'), ('గ్గు', '|'), ('న', '|'), ('మం', 'U'), ('డ', '|'), ('క', '|'), ('యు', 'U'), ('న్నె', '|'), ('భా', 'U'), ('స్క', '|'), ('రా', 'U')]",1.0,1.0,1.0,1.0,1.0,1.0
champakamaala,"తనకు ఫలంబు లేదని యెదం దలపోయఁడు కీర్తి గోరు నా
ఘన గుణశాలి లోకహిత కార్యము మిక్కిలి భారమైన మే
లనుకొని పూను; శేషుఁడు సహస్ర ముఖంబుల గాలి గ్రోలి తా
ననిశము మోవఁడే మఱి మహాభరమైన ధరిత్రి భాస్కరా!",vruttamu,Bhaskara,"[('త', '|'), ('న', '|'), ('కు', '|'), ('ఫ', '|'), ('లం', 'U'), ('బు', '|'), ('లే', 'U'), ('ద', '|'), ('ని', '|'), ('యె', '|'), ('దం', 'U'), ('ద', '|'), ('ల', '|'), ('పో', 'U'), ('య', '|'), ('డు', '|'), ('కీ', 'U'), ('ర్తి', '|'), ('గో', 'U'), ('రు', '|'), ('నా', 'U'), ('ఘ', '|'), ('న', '|'), ('గు', '|'), ('ణ', '|'), ('శా', 'U'), ('లి', '|'), ('లో', 'U'), ('క', '|'), ('హి', '|'), ('త', '|'), ('కా', 'U'), ('ర్య', '|'), ('ము', '|'), ('మి', 'U'), ('క్కి', '|'), ('లి', '|'), ('భా', 'U'), ('ర', '|'), ('మై', 'U'), ('న', '|'), ('మే', 'U'), ('ల', '|'), ('ను', '|'), ('కొ', '|'), ('ని', '|'), ('పూ', 'U'), ('ను', '|'), ('శే', 'U'), ('షు', '|'), ('డు', '|'), ('స', '|'), ('హ', '|'), ('స్ర', '|'), ('ము', '|'), ('ఖం', 'U'), ('బు', '|'), ('ల', '|'), ('గా', 'U'), ('లి', '|'), ('గ్రో', 'U'), ('లి', '|'), ('తా', 'U'), ('న', '|'), ('ని', '|'), ('శ', '|'), ('ము', '|'), ('మో', 'U'), ('వ', '|'), ('డే', 'U'), ('మ', '|'), ('ఱి', '|'), ('మ', '|'), ('హా', 'U'), ('భ', '|'), ('ర', '|'), ('మై', 'U'), ('న', '|'), ('ధ', '|'), ('రి', '|'), ('త్రి', '|'), ('భా', 'U'), ('స్క', '|'), ('రా', 'U')]",0.8857142857142858,1.0,1.0,0.9285714285714286,0.5,1.0
champakamaala,"తనకు నదృష్టరేఖ విశదంబుగఁ గల్గిన గాని లేనిచో
జనునకు నెయ్యెడన్‌ బరుల సంపదవల్ల ఫలంబు లేదుగా;
కనుగవ లెస్సఁగా దెలివి గల్గిన వారికి గాక గ్రుడ్డికిన్‌
కనఁబడు నెట్లు వెన్నెలలుఁ గాయగ నందొక రూపు భాస్కరా!",vruttamu,Bhaskara,"[('త', '|'), ('న', '|'), ('కు', '|'), ('న', '|'), ('దృ', 'U'), ('ష్ట', '|'), ('రే', 'U'), ('ఖ', '|'), ('వి', '|'), ('శ', '|'), ('దం', 'U'), ('బు', '|'), ('గ', '|'), ('గ', 'U'), ('ల్గి', '|'), ('న', '|'), ('గా', 'U'), ('ని', '|'), ('లే', 'U'), ('ని', '|'), ('చో', 'U'), ('జ', '|'), ('ను', '|'), ('న', '|'), ('కు', '|'), ('నె', 'U'), ('య్యె', '|'), ('డ', 'U'), ('న్బ', '|'), ('రు', '|'), ('ల', '|'), ('సం', 'U'), ('ప', '|'), ('ద', '|'), ('వ', 'U'), ('ల్ల', '|'), ('ఫ', '|'), ('లం', 'U'), ('బు', '|'), ('లే', 'U'), ('దు', '|'), ('గా', 'U'), ('క', '|'), ('ను', '|'), ('గ', '|'), ('వ', '|'), ('లె', 'U'), ('స్స', '|'), ('గా', 'U'), ('దె', '|'), ('లి', '|'), ('వి', '|'), ('గ', 'U'), ('ల్గి', '|'), ('న', '|'), ('వా', 'U'), ('రి', '|'), ('కి', '|'), ('గా', 'U'), ('క', '|'), ('గ్రు', 'U'), ('డ్డి', '|'), ('కిన్', 'U'), ('క', '|'), ('న', '|'), ('బ', '|'), ('డు', '|'), ('నె', 'U'), ('ట్లు', '|'), ('వె', 'U'), ('న్నె', '|'), ('ల', '|'), ('లు', '|'), ('గా', 'U'), ('య', '|'), ('గ', '|'), ('నం', 'U'), ('దొ', '|'), ('క', '|'), ('రూ', 'U'), ('పు', '|'), ('భా', 'U'), ('స్క', '|'), ('రా', 'U')]",1.0,1.0,1.0,1.0,1.0,1.0
vutpalamaala,"తాలిమితోడుతం దగవు దప్పక నేర్పరి యొప్పుదప్పులం
బాలన సేయఁ గాకట నుపాయ విహీనుఁడు సేయనేర్చునే?
పాలను నీరు వేఱు పరుపంగ మరాళ మెఱుంగుఁగాని మా
ర్జాలమెఱుంగునే తదురు చారురసజ్ఞత బూన భాస్కరా!",vruttamu,Bhaskara,"[('తా', 'U'), ('లి', '|'), ('మి', '|'), ('తో', 'U'), ('డు', '|'), ('తం', 'U'), ('ద', '|'), ('గ', '|'), ('వు', '|'), ('ద', 'U'), ('ప్ప', '|'), ('క', '|'), ('నే', 'U'), ('ర్ప', '|'), ('రి', '|'), ('యొ', 'U'), ('ప్పు', '|'), ('ద', 'U'), ('ప్పు', '|'), ('లం', 'U'), ('బా', 'U'), ('ల', '|'), ('న', '|'), ('సే', 'U'), ('య', '|'), ('గా', 'U'), ('క', '|'), ('ట', '|'), ('ను', '|'), ('పా', 'U'), ('య', '|'), ('వి', '|'), ('హీ', 'U'), ('ను', '|'), ('డు', '|'), ('సే', 'U'), ('య', '|'), ('నే', 'U'), ('ర్చు', '|'), ('నే', 'U'), ('పా', 'U'), ('ల', '|'), ('ను', '|'), ('నీ', 'U'), ('రు', '|'), ('వే', 'U'), ('ఱు', '|'), ('ప', '|'), ('రు', '|'), ('పం', 'U'), ('గ', '|'), ('మ', '|'), ('రా', 'U'), ('ళ', '|'), ('మె', '|'), ('ఱుం', 'U'), ('గు', '|'), ('గా', 'U'), ('ని', '|'), ('మా', 'U'), ('ర్జా', 'U'), ('ల', '|'), ('మె', '|'), ('ఱుం', 'U'), ('గు', '|'), ('నే', 'U'), ('త', '|'), ('దు', '|'), ('రు', '|'), ('చా', 'U'), ('రు', '|'), ('ర', '|'), ('స', 'U'), ('జ్ఞ', '|'), ('త', '|'), ('బూ', 'U'), ('న', '|'), ('భా', 'U'), ('స్క', '|'), ('రా', 'U')]",1.0,1.0,1.0,1.0,1.0,1.0
vutpalamaala,"తాలిమితోఁడ గూరిమిఁ గృతఘ్నునకెయ్యెడ నుత్తమోత్తముల్‌
మేలొనరించినన్‌ గుణము మిక్కిలి కీడగుఁ, బాముపిల్లకున్‌
బాలిడి పెంచిన న్విషము పాయఁగ నేర్చునె దాని కోఱలం
జాలఁగ నంతకంత కొక చాయను, హెచ్చును గాక భాస్కరా!",vruttamu,Bhaskara,"[('తా', 'U'), ('లి', '|'), ('మి', '|'), ('తో', 'U'), ('డ', '|'), ('గూ', 'U'), ('రి', '|'), ('మి', '|'), ('గృ', '|'), ('త', 'U'), ('ఘ్ను', '|'), ('న', '|'), ('కె', 'U'), ('య్యె', '|'), ('డ', '|'), ('ను', 'U'), ('త్త', '|'), ('మో', 'U'), ('త్త', '|'), ('ముల్', 'U'), ('మే', 'U'), ('లొ', '|'), ('న', '|'), ('రిం', 'U'), ('చి', '|'), ('న', 'U'), ('న్గు', '|'), ('ణ', '|'), ('ము', '|'), ('మి', 'U'), ('క్కి', '|'), ('లి', '|'), ('కీ', 'U'), ('డ', '|'), ('గు', '|'), ('బా', 'U'), ('ము', '|'), ('పి', 'U'), ('ల్ల', '|'), ('కున్', 'U'), ('బా', 'U'), ('లి', '|'), ('డి', '|'), ('పెం', 'U'), ('చి', '|'), ('న', 'U'), ('న్వి', '|'), ('ష', '|'), ('ము', '|'), ('పా', 'U'), ('య', '|'), ('గ', '|'), ('నే', 'U'), ('ర్చు', '|'), ('నె', '|'), ('దా', 'U'), ('ని', '|'), ('కో', 'U'), ('ఱ', '|'), ('లం', 'U'), ('జా', 'U'), ('ల', '|'), ('గ', '|'), ('నం', 'U'), ('త', '|'), ('కం', 'U'), ('త', '|'), ('కొ', '|'), ('క', '|'), ('చా', 'U'), ('య', '|'), ('ను', '|'), ('హె', 'U'), ('చ్చు', '|'), ('ను', '|'), ('గా', 'U'), ('క', '|'), ('భా', 'U'), ('స్క', '|'), ('రా', 'U')]",1.0,1.0,1.0,1.0,1.0,1.0
champakamaala,"తెలియని కార్యమెల్లఁ గడతేర్చుట కొక్క వివేకిఁ జేకొనన్‌
వలయు నటైన దిద్దుకొనవచ్చు ప్రయోజన మాంద్య మేమియుం
గలగదు; ఫాలమందుఁ దిలకం బిడునప్పుడు చేత నద్దముం
గలిగినఁ జక్కఁ జేసికొనుఁ గాదె నరుండది చూచి భాస్కరా!",vruttamu,Bhaskara,"[('తె', '|'), ('లి', '|'), ('య', '|'), ('ని', '|'), ('కా', 'U'), ('ర్య', '|'), ('మె', 'U'), ('ల్ల', '|'), ('గ', '|'), ('డ', '|'), ('తే', 'U'), ('ర్చు', '|'), ('ట', '|'), ('కొ', 'U'), ('క్క', '|'), ('వి', '|'), ('వే', 'U'), ('కి', '|'), ('జే', 'U'), ('కొ', '|'), ('నన్', 'U'), ('వ', '|'), ('ల', '|'), ('యు', '|'), ('న', '|'), ('టై', 'U'), ('న', '|'), ('ది', 'U'), ('ద్దు', '|'), ('కొ', '|'), ('న', '|'), ('వ', 'U'), ('చ్చు', '|'), ('ప్ర', '|'), ('యో', 'U'), ('జ', '|'), ('న', '|'), ('మాం', 'U'), ('ద్య', '|'), ('మే', 'U'), ('మి', '|'), ('యుం', 'U'), ('గ', '|'), ('ల', '|'), ('గ', '|'), ('దు', '|'), ('ఫా', 'U'), ('ల', '|'), ('మం', 'U'), ('దు', '|'), ('ది', '|'), ('ల', '|'), ('కం', 'U'), ('బి', '|'), ('డు', '|'), ('న', 'U'), ('ప్పు', '|'), ('డు', '|'), ('చే', 'U'), ('త', '|'), ('న', 'U'), ('ద్ద', '|'), ('ముం', 'U'), ('గ', '|'), ('లి', '|'), ('గి', '|'), ('న', '|'), ('జ', 'U'), ('క్క', '|'), ('జే', 'U'), ('సి', '|'), ('కొ', '|'), ('ను', '|'), ('గా', 'U'), ('దె', '|'), ('న', '|'), ('రుం', 'U'), ('డ', '|'), ('ది', '|'), ('చూ', 'U'), ('చి', '|'), ('భా', 'U'), ('స్క', '|'), ('రా', 'U')]",1.0,1.0,1.0,1.0,1.0,1.0
vutpalamaala,"దక్షుడు లేని యింటికిఁ బదార్థము వేఱొక చోటనుండి వే
లక్షలు వచ్చుచుండినఁ బలాయనమై చనుఁ, గల్ల గాదు ప్ర
త్యక్షము; వాగులున్‌ వఱదలన్నియు వచ్చిన నీరు నిల్చునే
అక్షయమైన గండి తెగినట్టి తటాకములోన భాస్కరా!",vruttamu,Bhaskara,"[('ద', 'U'), ('క్షు', '|'), ('డు', '|'), ('లే', 'U'), ('ని', '|'), ('యిం', 'U'), ('టి', '|'), ('కి', '|'), ('బ', '|'), ('దా', 'U'), ('ర్థ', '|'), ('ము', '|'), ('వే', 'U'), ('ఱొ', '|'), ('క', '|'), ('చో', 'U'), ('ట', '|'), ('నుం', 'U'), ('డి', '|'), ('వే', 'U'), ('ల', 'U'), ('క్ష', '|'), ('లు', '|'), ('వ', 'U'), ('చ్చు', '|'), ('చుం', 'U'), ('డి', '|'), ('న', '|'), ('బ', '|'), ('లా', 'U'), ('య', '|'), ('న', '|'), ('మై', 'U'), ('చ', '|'), ('ను', '|'), ('గ', 'U'), ('ల్ల', '|'), ('గా', 'U'), ('దు', '|'), ('ప్ర', 'U'), ('త్య', 'U'), ('క్ష', '|'), ('ము', '|'), ('వా', 'U'), ('గు', '|'), ('లు', 'U'), ('న్వ', '|'), ('ఱ', '|'), ('ద', '|'), ('ల', 'U'), ('న్ని', '|'), ('యు', '|'), ('వ', 'U'), ('చ్చి', '|'), ('న', '|'), ('నీ', 'U'), ('రు', '|'), ('ని', 'U'), ('ల్చు', '|'), ('నే', 'U'), ('అ', 'U'), ('క్ష', '|'), ('య', '|'), ('మై', 'U'), ('న', '|'), ('గం', 'U'), ('డి', '|'), ('తె', '|'), ('గి', '|'), ('న', 'U'), ('ట్టి', '|'), ('త', '|'), ('టా', 'U'), ('క', '|'), ('ము', '|'), ('లో', 'U'), ('న', '|'), ('భా', 'U'), ('స్క', '|'), ('రా', 'U')]",0.9,1.0,1.0,1.0,0.5,1.0
vutpalamaala,"దానపరోపకారగుణ ధన్యత చిత్తములోన నెప్పుడున్‌
లేని వివేకశూన్యునకు లేములు వచ్చినవేల సంపదల్‌
పూనినవేళ నొక్కసరి పోలును; జీఁకున కర్థరాత్రియం
దైననదేమి పట్టపగలైన నదేమియు లేదు భాస్కరా!",vruttamu,Bhaskara,"[('దా', 'U'), ('న', '|'), ('ప', '|'), ('రో', 'U'), ('ప', '|'), ('కా', 'U'), ('ర', '|'), ('గు', '|'), ('ణ', '|'), ('ధ', 'U'), ('న్య', '|'), ('త', '|'), ('చి', 'U'), ('త్త', '|'), ('ము', '|'), ('లో', 'U'), ('న', '|'), ('నె', 'U'), ('ప్పు', '|'), ('డున్', 'U'), ('లే', 'U'), ('ని', '|'), ('వి', '|'), ('వే', 'U'), ('క', '|'), ('శూ', 'U'), ('న్యు', '|'), ('న', '|'), ('కు', '|'), ('లే', 'U'), ('ము', '|'), ('లు', '|'), ('వ', 'U'), ('చ్చి', '|'), ('న', '|'), ('వే', 'U'), ('ల', '|'), ('సం', 'U'), ('ప', '|'), ('దల్', 'U'), ('పూ', 'U'), ('ని', '|'), ('న', '|'), ('వే', 'U'), ('ళ', '|'), ('నొ', 'U'), ('క్క', '|'), ('స', '|'), ('రి', '|'), ('పో', 'U'), ('లు', '|'), ('ను', '|'), ('జీ', 'U'), ('కు', '|'), ('న', '|'), ('క', 'U'), ('ర్థ', '|'), ('రా', 'U'), ('త్రి', '|'), ('యం', 'U'), ('దై', 'U'), ('న', '|'), ('న', '|'), ('దే', 'U'), ('మి', '|'), ('ప', 'U'), ('ట్ట', '|'), ('ప', '|'), ('గ', '|'), ('లై', 'U'), ('న', '|'), ('న', '|'), ('దే', 'U'), ('మి', '|'), ('యు', '|'), ('లే', 'U'), ('దు', '|'), ('భా', 'U'), ('స్క', '|'), ('రా', 'U')]",0.95,1.0,1.0,1.0,0.75,1.0
vutpalamaala,"దానము సేయఁ గోరిన వదాన్యున కీయఁగ శక్తి లేనిచో
నైనఁ బరోపకారమునకై యొక దిక్కునఁ దెచ్చి యైన నీఁ
బూనును; మేఘుడంబుధికిఁ బోయి జలంబులఁ దెచ్చి యీయఁడే
వాన సమస్త జీవులకు వాంఛిత మింపెసలార భాస్కరా!",vruttamu,Bhaskara,"[('దా', 'U'), ('న', '|'), ('ము', '|'), ('సే', 'U'), ('య', '|'), ('గో', 'U'), ('రి', '|'), ('న', '|'), ('వ', '|'), ('దా', 'U'), ('న్యు', '|'), ('న', '|'), ('కీ', 'U'), ('య', '|'), ('గ', '|'), ('శ', 'U'), ('క్తి', '|'), ('లే', 'U'), ('ని', '|'), ('చో', 'U'), ('నై', 'U'), ('న', '|'), ('బ', '|'), ('రో', 'U'), ('ప', '|'), ('కా', 'U'), ('ర', '|'), ('ము', '|'), ('న', '|'), ('కై', 'U'), ('యొ', '|'), ('క', '|'), ('ది', 'U'), ('క్కు', '|'), ('న', '|'), ('దె', 'U'), ('చ్చి', '|'), ('యై', 'U'), ('న', '|'), ('నీ', 'U'), ('బూ', 'U'), ('ను', '|'), ('ను', '|'), ('మే', 'U'), ('ఘు', '|'), ('డం', 'U'), ('బు', '|'), ('ధి', '|'), ('కి', '|'), ('బో', 'U'), ('యి', '|'), ('జ', '|'), ('లం', 'U'), ('బు', '|'), ('ల', '|'), ('దె', 'U'), ('చ్చి', '|'), ('యీ', 'U'), ('య', '|'), ('డే', 'U'), ('వా', 'U'), ('న', '|'), ('స', '|'), ('మ', 'U'), ('స్త', '|'), ('జీ', 'U'), ('వు', '|'), ('ల', '|'), ('కు', '|'), ('వాం', 'U'), ('ఛి', '|'), ('త', '|'), ('మిం', 'U'), ('పె', '|'), ('స', '|'), ('లా', 'U'), ('ర', '|'), ('భా', 'U'), ('స్క', '|'), ('రా', 'U')]",0.95,1.0,1.0,1.0,0.75,1.0
vutpalamaala,"దానముఁ జేయనేరని యధార్మికు సంపద యుండి యుండియున్‌
దానె పలాయనంబగుట తథ్యము; బూరుగు మ్రాను గాచినన్‌,
దాని ఫలంబులూరక వృథాపడిపోవవె యెండి గాలిచేఁ
గానలలోన నేమిటికిఁగాక, యభోజ్యములౌట భాస్కరా!",vruttamu,Bhaskara,"[('దా', 'U'), ('న', '|'), ('ము', '|'), ('జే', 'U'), ('య', '|'), ('నే', 'U'), ('ర', '|'), ('ని', '|'), ('య', '|'), ('ధా', 'U'), ('ర్మి', '|'), ('కు', '|'), ('సం', 'U'), ('ప', '|'), ('ద', '|'), ('యుం', 'U'), ('డి', '|'), ('యుం', 'U'), ('డి', '|'), ('యున్', 'U'), ('దా', 'U'), ('నె', '|'), ('ప', '|'), ('లా', 'U'), ('య', '|'), ('నం', 'U'), ('బ', '|'), ('గు', '|'), ('ట', '|'), ('త', 'U'), ('థ్య', '|'), ('ము', '|'), ('బూ', 'U'), ('రు', '|'), ('గు', '|'), ('మ్రా', 'U'), ('ను', '|'), ('గా', 'U'), ('చి', '|'), ('నన్', 'U'), ('దా', 'U'), ('ని', '|'), ('ఫ', '|'), ('లం', 'U'), ('బు', '|'), ('లూ', 'U'), ('ర', '|'), ('క', '|'), ('వృ', '|'), ('థా', 'U'), ('ప', '|'), ('డి', '|'), ('పో', 'U'), ('వ', '|'), ('వె', '|'), ('యెం', 'U'), ('డి', '|'), ('గా', 'U'), ('లి', '|'), ('చే', 'U'), ('గా', 'U'), ('న', '|'), ('ల', '|'), ('లో', 'U'), ('న', '|'), ('నే', 'U'), ('మి', '|'), ('టి', '|'), ('కి', '|'), ('గా', 'U'), ('క', '|'), ('య', '|'), ('భో', 'U'), ('జ్య', '|'), ('ము', '|'), ('లౌ', 'U'), ('ట', '|'), ('భా', 'U'), ('స్క', '|'), ('రా', 'U')]",1.0,1.0,1.0,1.0,1.0,1.0
champakamaala,"నడవక చిక్కిలేమి యగునాఁడు నిజోదర పోషణార్థమై
యడిగి భుజించుటల్‌ నరుల కారయ వ్యంగ్యముకాదు; పాండవుల్‌
గడు బలశాలులేవురు నఖండవిభూతిఁ దొలంగి భైక్ష్యముల్‌
గుడువరె యేకచక్రపురిఁ గుంతియుఁ దారొకచోట భాస్కరా!",vruttamu,Bhaskara,"[('న', '|'), ('డ', '|'), ('వ', '|'), ('క', '|'), ('చి', 'U'), ('క్కి', '|'), ('లే', 'U'), ('మి', '|'), ('య', '|'), ('గు', '|'), ('నా', 'U'), ('డు', '|'), ('ని', '|'), ('జో', 'U'), ('ద', '|'), ('ర', '|'), ('పో', 'U'), ('ష', '|'), ('ణా', 'U'), ('ర్థ', '|'), ('మై', 'U'), ('య', '|'), ('డి', '|'), ('గి', '|'), ('భు', '|'), ('జిం', 'U'), ('చు', '|'), ('ట', 'U'), ('ల్న', '|'), ('రు', '|'), ('ల', '|'), ('కా', 'U'), ('ర', '|'), ('య', 'U'), ('వ్యం', 'U'), ('గ్య', '|'), ('ము', '|'), ('కా', 'U'), ('దు', '|'), ('పాం', 'U'), ('డ', '|'), ('వుల్', 'U'), ('గ', '|'), ('డు', '|'), ('బ', '|'), ('ల', '|'), ('శా', 'U'), ('లు', '|'), ('లే', 'U'), ('వు', '|'), ('రు', '|'), ('న', '|'), ('ఖం', 'U'), ('డ', '|'), ('వి', '|'), ('భూ', 'U'), ('తి', '|'), ('దొ', '|'), ('లం', 'U'), ('గి', '|'), ('భై', 'U'), ('క్ష్య', '|'), ('ముల్', 'U'), ('గు', '|'), ('డు', '|'), ('వ', '|'), ('రె', '|'), ('యే', 'U'), ('క', '|'), ('చ', '|'), ('క్ర', '|'), ('పు', '|'), ('రి', '|'), ('గుం', 'U'), ('తి', '|'), ('యు', '|'), ('దా', 'U'), ('రొ', '|'), ('క', '|'), ('చో', 'U'), ('ట', '|'), ('భా', 'U'), ('స్క', '|'), ('రా', 'U')]",0.9357142857142857,1.0,1.0,0.9285714285714286,0.75,1.0
champakamaala,"నుడువుల నేర్పు చాలని మనుష్యుఁడెఱుంగక తప్పనాడినం
గడుఁ గృపతోఁ జెలంగుదురు కాని యదల్పరు తజ్ఞులెల్లఁ; ద
ప్పటడుగులు వెట్టుచు న్నడుచునప్పుడు బాలుని ముద్దు చేయఁగా
దొడుగుదు రింతెకాని పడఁద్రోయుదురే యెవరైన భాస్కరా!",vruttamu,Bhaskara,"[('ను', '|'), ('డు', '|'), ('వు', '|'), ('ల', '|'), ('నే', 'U'), ('ర్పు', '|'), ('చా', 'U'), ('ల', '|'), ('ని', '|'), ('మ', '|'), ('ను', 'U'), ('ష్యు', '|'), ('డె', '|'), ('ఱుం', 'U'), ('గ', '|'), ('క', '|'), ('త', 'U'), ('ప్ప', '|'), ('నా', 'U'), ('డి', '|'), ('నం', 'U'), ('గ', '|'), ('డు', '|'), ('గృ', '|'), ('ప', '|'), ('తో', 'U'), ('జె', '|'), ('లం', 'U'), ('గు', '|'), ('దు', '|'), ('రు', '|'), ('కా', 'U'), ('ని', '|'), ('య', '|'), ('ద', 'U'), ('ల్ప', '|'), ('రు', '|'), ('త', 'U'), ('జ్ఞు', '|'), ('లె', 'U'), ('ల్ల', '|'), ('ద', 'U'), ('ప్ప', '|'), ('ట', '|'), ('డు', '|'), ('గు', '|'), ('లు', '|'), ('వె', 'U'), ('ట్టు', '|'), ('చు', 'U'), ('న్న', '|'), ('డు', '|'), ('చు', '|'), ('న', 'U'), ('ప్పు', '|'), ('డు', '|'), ('బా', 'U'), ('లు', '|'), ('ని', '|'), ('ము', 'U'), ('ద్దు', '|'), ('చే', 'U'), ('య', '|'), ('గా', 'U'), ('దొ', '|'), ('డు', '|'), ('గు', '|'), ('దు', '|'), ('రిం', 'U'), ('తె', '|'), ('కా', 'U'), ('ని', '|'), ('ప', '|'), ('డ', '|'), ('ద్రో', 'U'), ('యు', '|'), ('దు', '|'), ('రే', 'U'), ('యె', '|'), ('వ', '|'), ('రై', 'U'), ('న', '|'), ('భా', 'U'), ('స్క', '|'), ('రా', 'U')]",0.7047619047619047,0.9880952380952381,1.0,0.5357142857142857,0.5,0.5
vutpalamaala,"నేరిచి బుద్ధిమంతుఁడతి నీతివివేకము దెల్పినం జెడం
గారణమున్నవాని కది కైకొనఁగూడదు నిక్కమే; దురా
చారుఁడు రావణాసురుఁడసహ్యమునొందఁడె చేటుకాలముం
జేరువయైననాఁడు నిరసించి విభీషణు బుద్ధి భాస్కరా!",vruttamu,Bhaskara,"[('నే', 'U'), ('రి', '|'), ('చి', '|'), ('బు', 'U'), ('ద్ధి', '|'), ('మం', 'U'), ('తు', '|'), ('డ', '|'), ('తి', '|'), ('నీ', 'U'), ('తి', '|'), ('వి', '|'), ('వే', 'U'), ('క', '|'), ('ము', '|'), ('దె', 'U'), ('ల్పి', '|'), ('నం', 'U'), ('జె', '|'), ('డం', 'U'), ('గా', 'U'), ('ర', '|'), ('ణ', '|'), ('ము', 'U'), ('న్న', '|'), ('వా', 'U'), ('ని', '|'), ('క', '|'), ('ది', '|'), ('కై', 'U'), ('కొ', '|'), ('న', '|'), ('గూ', 'U'), ('డ', '|'), ('దు', '|'), ('ని', 'U'), ('క్క', '|'), ('మే', 'U'), ('దు', '|'), ('రా', 'U'), ('చా', 'U'), ('రు', '|'), ('డు', '|'), ('రా', 'U'), ('వ', '|'), ('ణా', 'U'), ('సు', '|'), ('రు', '|'), ('డ', '|'), ('స', 'U'), ('హ్య', '|'), ('ము', '|'), ('నొం', 'U'), ('ద', '|'), ('డె', '|'), ('చే', 'U'), ('టు', '|'), ('కా', 'U'), ('ల', '|'), ('ముం', 'U'), ('జే', 'U'), ('రు', '|'), ('వ', '|'), ('యై', 'U'), ('న', '|'), ('నా', 'U'), ('డు', '|'), ('ని', '|'), ('ర', '|'), ('సిం', 'U'), ('చి', '|'), ('వి', '|'), ('భీ', 'U'), ('ష', '|'), ('ణు', '|'), ('బు', 'U'), ('ద్ధి', '|'), ('భా', 'U'), ('స్క', '|'), ('రా', 'U')]",1.0,1.0,1.0,1.0,1.0,1.0
champakamaala,"నొగిలిన వేళ నెంతటి ఘనుండును దన్నొక రొక్క నేర్పుతో
నగపడి ప్రోదిసేయక తనంతట బల్మికిరాడు నిక్కమే;
జగమున నగ్నియైనఁ గడు సన్నగిలంబడియున్న, నింధనం
బెగయగఁ ద్రోచి యూదక మఱెట్లు రవుల్కొన నేర్చు భాస్కరా!	",vruttamu,Bhaskara,"[('నొ', '|'), ('గి', '|'), ('లి', '|'), ('న', '|'), ('వే', 'U'), ('ళ', '|'), ('నెం', 'U'), ('త', '|'), ('టి', '|'), ('ఘ', '|'), ('నుం', 'U'), ('డు', '|'), ('ను', '|'), ('ద', 'U'), ('న్నొ', '|'), ('క', '|'), ('రొ', 'U'), ('క్క', '|'), ('నే', 'U'), ('ర్పు', '|'), ('తో', 'U'), ('న', '|'), ('గ', '|'), ('ప', '|'), ('డి', '|'), ('ప్రో', 'U'), ('ది', '|'), ('సే', 'U'), ('య', '|'), ('క', '|'), ('త', '|'), ('నం', 'U'), ('త', '|'), ('ట', '|'), ('బ', 'U'), ('ల్మి', '|'), ('కి', '|'), ('రా', 'U'), ('డు', '|'), ('ని', 'U'), ('క్క', '|'), ('మే', 'U'), ('జ', '|'), ('గ', '|'), ('ము', '|'), ('న', '|'), ('న', 'U'), ('గ్ని', '|'), ('యై', 'U'), ('న', '|'), ('గ', '|'), ('డు', '|'), ('స', 'U'), ('న్న', '|'), ('గి', '|'), ('లం', 'U'), ('బ', '|'), ('డి', '|'), ('యు', 'U'), ('న్న', '|'), ('నిం', 'U'), ('ధ', '|'), ('నం', 'U'), ('బె', '|'), ('గ', '|'), ('య', '|'), ('గ', '|'), ('ద్రో', 'U'), ('చి', '|'), ('యూ', 'U'), ('ద', '|'), ('క', '|'), ('మ', '|'), ('ఱె', 'U'), ('ట్లు', '|'), ('ర', '|'), ('వు', 'U'), ('ల్కొ', '|'), ('న', '|'), ('నే', 'U'), ('ర్చు', '|'), ('భా', 'U'), ('స్క', '|'), ('రా', 'U')]",0.95,1.0,1.0,1.0,0.75,1.0
vutpalamaala,"పండితులైనవారు దిగువం దగనుండగ, నల్పుఁ డొక్కడు
ద్ధండతఁ బీఠమెక్కిన బుధ ప్రకరంబులకేమి యెగ్గగున్‌;
కొండొకకోతిఁ జెట్టు కొనకొమ్మల నుండగ, గ్రింద గండ భే
రుండ మదేభ సింహనికురంబములుండవె చేరి భాస్కరా!",vruttamu,Bhaskara,"[('పం', 'U'), ('డి', '|'), ('తు', '|'), ('లై', 'U'), ('న', '|'), ('వా', 'U'), ('రు', '|'), ('ది', '|'), ('గు', '|'), ('వం', 'U'), ('ద', '|'), ('గ', '|'), ('నుం', 'U'), ('డ', '|'), ('గ', '|'), ('న', 'U'), ('ల్పు', '|'), ('డొ', 'U'), ('క్క', '|'), ('డు', 'U'), ('ద్ధం', 'U'), ('డ', '|'), ('త', '|'), ('బీ', 'U'), ('ఠ', '|'), ('మె', 'U'), ('క్కి', '|'), ('న', '|'), ('బు', '|'), ('ధ', '|'), ('ప్ర', '|'), ('క', '|'), ('రం', 'U'), ('బు', '|'), ('ల', '|'), ('కే', 'U'), ('మి', '|'), ('యె', 'U'), ('గ్గ', '|'), ('గున్', 'U'), ('కొం', 'U'), ('డొ', '|'), ('క', '|'), ('కో', 'U'), ('తి', '|'), ('జె', 'U'), ('ట్టు', '|'), ('కొ', '|'), ('న', '|'), ('కొ', 'U'), ('మ్మ', '|'), ('ల', '|'), ('నుం', 'U'), ('డ', '|'), ('గ', '|'), ('గ్రిం', 'U'), ('ద', '|'), ('గం', 'U'), ('డ', '|'), ('భే', 'U'), ('రుం', 'U'), ('డ', '|'), ('మ', '|'), ('దే', 'U'), ('భ', '|'), ('సిం', 'U'), ('హ', '|'), ('ని', '|'), ('కు', '|'), ('రం', 'U'), ('బ', '|'), ('ము', '|'), ('లుం', 'U'), ('డ', '|'), ('వె', '|'), ('చే', 'U'), ('రి', '|'), ('భా', 'U'), ('స్క', '|'), ('రా', 'U')]",0.8928571428571429,1.0,1.0,0.9642857142857143,0.5,1.0
vutpalamaala,"పట్టుగ నిక్కుచున్‌ మదముఁ బట్టి మహాత్ములఁ దూలనాడినం
బట్టిన కార్యముల్‌ చెడును బ్రాణమువోవు నిరర్థదోషముల్‌
పుట్టు, మహేశుఁ గాదని కుబుద్ధి నొనర్చిన యజ్ఞ తంత్రముల్‌
ముట్టక పోయి దక్షునికి మోసము వచ్చెఁగదయ్య భాస్కరా!",vruttamu,Bhaskara,"[('ప', 'U'), ('ట్టు', '|'), ('గ', '|'), ('ని', 'U'), ('క్కు', '|'), ('చు', 'U'), ('న్మ', '|'), ('ద', '|'), ('ము', '|'), ('బ', 'U'), ('ట్టి', '|'), ('మ', '|'), ('హా', 'U'), ('త్ము', '|'), ('ల', '|'), ('దూ', 'U'), ('ల', '|'), ('నా', 'U'), ('డి', '|'), ('నం', 'U'), ('బ', 'U'), ('ట్టి', '|'), ('న', '|'), ('కా', 'U'), ('ర్య', '|'), ('ము', 'U'), ('ల్చె', '|'), ('డు', '|'), ('ను', '|'), ('బ్రా', 'U'), ('ణ', '|'), ('ము', '|'), ('వో', 'U'), ('వు', '|'), ('ని', '|'), ('ర', 'U'), ('ర్థ', '|'), ('దో', 'U'), ('ష', '|'), ('ముల్', 'U'), ('పు', 'U'), ('ట్టు', '|'), ('మ', '|'), ('హే', 'U'), ('శు', '|'), ('గా', 'U'), ('ద', '|'), ('ని', '|'), ('కు', '|'), ('బు', 'U'), ('ద్ధి', '|'), ('నొ', '|'), ('న', 'U'), ('ర్చి', '|'), ('న', '|'), ('య', 'U'), ('జ్ఞ', '|'), ('తం', 'U'), ('త్ర', '|'), ('ముల్', 'U'), ('ము', 'U'), ('ట్ట', '|'), ('క', '|'), ('పో', 'U'), ('యి', '|'), ('ద', 'U'), ('క్షు', '|'), ('ని', '|'), ('కి', '|'), ('మో', 'U'), ('స', '|'), ('ము', '|'), ('వ', 'U'), ('చ్చె', '|'), ('గ', '|'), ('ద', 'U'), ('య్య', '|'), ('భా', 'U'), ('స్క', '|'), ('రా', 'U')]",1.0,1.0,1.0,1.0,1.0,1.0
champakamaala,"పరహితమైన కార్య మతిభారము తోడిదియైనఁ బూను స
త్పురుషుఁడు లోకముల్పొగడఁ బూర్వమునందొక ఱాలవర్షమున్‌
గురియఁగ జొచ్చినన్‌ గదిసి గొబ్బున గోజనరక్షణార్థమై
గిరినొక కేల నెత్తెనట కృష్ణుఁడు ఛత్రము భాతి భాస్కరా!",vruttamu,Bhaskara,"[('ప', '|'), ('ర', '|'), ('హి', '|'), ('త', '|'), ('మై', 'U'), ('న', '|'), ('కా', 'U'), ('ర్య', '|'), ('మ', '|'), ('తి', '|'), ('భా', 'U'), ('ర', '|'), ('ము', '|'), ('తో', 'U'), ('డి', '|'), ('ది', '|'), ('యై', 'U'), ('న', '|'), ('బూ', 'U'), ('ను', '|'), ('స', 'U'), ('త్పు', '|'), ('రు', '|'), ('షు', '|'), ('డు', '|'), ('లో', 'U'), ('క', '|'), ('ము', 'U'), ('ల్పొ', '|'), ('గ', '|'), ('డ', '|'), ('బూ', 'U'), ('ర్వ', '|'), ('ము', '|'), ('నం', 'U'), ('దొ', '|'), ('క', '|'), ('ఱా', 'U'), ('ల', '|'), ('వ', 'U'), ('ర్ష', '|'), ('మున్', 'U'), ('గు', '|'), ('రి', '|'), ('య', '|'), ('గ', '|'), ('జొ', 'U'), ('చ్చి', '|'), ('న', 'U'), ('న్గ', '|'), ('ది', '|'), ('సి', '|'), ('గొ', 'U'), ('బ్బు', '|'), ('న', '|'), ('గో', 'U'), ('జ', '|'), ('న', '|'), ('ర', 'U'), ('క్ష', '|'), ('ణా', 'U'), ('ర్థ', '|'), ('మై', 'U'), ('గి', '|'), ('రి', '|'), ('నొ', '|'), ('క', '|'), ('కే', 'U'), ('ల', '|'), ('నె', 'U'), ('త్తె', '|'), ('న', '|'), ('ట', '|'), ('కృ', 'U'), ('ష్ణు', '|'), ('డు', '|'), ('ఛ', '|'), ('త్ర', '|'), ('ము', '|'), ('భా', 'U'), ('తి', '|'), ('భా', 'U'), ('స్క', '|'), ('రా', 'U')]",0.9428571428571428,1.0,1.0,0.9642857142857143,0.75,1.0
champakamaala,"పలుచని హీనమానవుఁడు పాటిఁదలంపక నిష్ఠురోక్తులం
బలుకుచు నుండుఁగాని, మతి భాసురుఁడైన గుణప్రపూర్ణుఁడ
ప్పలుకులఁ బల్కఁబోవఁడు నిబద్ధిగ నెట్లన; వెల్తికుండఁ దా
దొలకుచునుండుఁ గాని మఱితొల్కునె నిండుఘటంబు భాస్కరా!	",vruttamu,Bhaskara,"[('ప', '|'), ('లు', '|'), ('చ', '|'), ('ని', '|'), ('హీ', 'U'), ('న', '|'), ('మా', 'U'), ('న', '|'), ('వు', '|'), ('డు', '|'), ('పా', 'U'), ('టి', '|'), ('ద', '|'), ('లం', 'U'), ('ప', '|'), ('క', '|'), ('ని', 'U'), ('ష్ఠు', '|'), ('రో', 'U'), ('క్తు', '|'), ('లం', 'U'), ('బ', '|'), ('లు', '|'), ('కు', '|'), ('చు', '|'), ('నుం', 'U'), ('డు', '|'), ('గా', 'U'), ('ని', '|'), ('మ', '|'), ('తి', '|'), ('భా', 'U'), ('సు', '|'), ('రు', '|'), ('డై', 'U'), ('న', '|'), ('గు', '|'), ('ణ', '|'), ('ప్ర', '|'), ('పూ', 'U'), ('ర్ణు', '|'), ('డ', 'U'), ('ప్ప', '|'), ('లు', '|'), ('కు', '|'), ('ల', '|'), ('బ', 'U'), ('ల్క', '|'), ('బో', 'U'), ('వ', '|'), ('డు', '|'), ('ని', '|'), ('బ', 'U'), ('ద్ధి', '|'), ('గ', '|'), ('నె', 'U'), ('ట్ల', '|'), ('న', '|'), ('వె', 'U'), ('ల్తి', '|'), ('కుం', 'U'), ('డ', '|'), ('దా', 'U'), ('దొ', '|'), ('ల', '|'), ('కు', '|'), ('చు', '|'), ('నుం', 'U'), ('డు', '|'), ('గా', 'U'), ('ని', '|'), ('మ', '|'), ('ఱి', '|'), ('తొ', 'U'), ('ల్కు', '|'), ('నె', '|'), ('నిం', 'U'), ('డు', '|'), ('ఘ', '|'), ('టం', 'U'), ('బు', '|'), ('భా', 'U'), ('స్క', '|'), ('రా', 'U')]",0.9928571428571429,1.0,1.0,0.9642857142857143,1.0,1.0
champakamaala,"పలుమఱు సజ్జనుండు ప్రియభాషలె పల్కుఁ గఠోరవాక్యముల్‌
బలుకఁడొకానొకప్పుడు నవి పల్కినన్‌ఁ గీడును గాదు నిక్కమే;
చలువకు వచ్చి మేఘుఁడొక జాడను దా వడగండ్ల రాల్చినన్‌
శిలలగు నోటు వేగిరమె శీతలనీరము గాక భాస్కరా!",vruttamu,Bhaskara,"[('ప', '|'), ('లు', '|'), ('మ', '|'), ('ఱు', '|'), ('స', 'U'), ('జ్జ', '|'), ('నుం', 'U'), ('డు', '|'), ('ప్రి', '|'), ('య', '|'), ('భా', 'U'), ('ష', '|'), ('లె', '|'), ('ప', 'U'), ('ల్కు', '|'), ('గ', '|'), ('ఠో', 'U'), ('ర', '|'), ('వా', 'U'), ('క్య', '|'), ('ముల్', 'U'), ('బ', '|'), ('లు', '|'), ('క', '|'), ('డొ', '|'), ('కా', 'U'), ('నొ', '|'), ('క', 'U'), ('ప్పు', '|'), ('డు', '|'), ('న', '|'), ('వి', '|'), ('ప', 'U'), ('ల్కి', '|'), ('న', 'U'), ('న్గీ', 'U'), ('డు', '|'), ('ను', '|'), ('గా', 'U'), ('దు', '|'), ('ని', 'U'), ('క్క', '|'), ('మే', 'U'), ('చ', '|'), ('లు', '|'), ('వ', '|'), ('కు', '|'), ('వ', 'U'), ('చ్చి', '|'), ('మే', 'U'), ('ఘు', '|'), ('డొ', '|'), ('క', '|'), ('జా', 'U'), ('డ', '|'), ('ను', '|'), ('దా', 'U'), ('వ', '|'), ('డ', '|'), ('గం', 'U'), ('డ్ల', '|'), ('రా', 'U'), ('ల్చి', '|'), ('నన్', 'U'), ('శి', '|'), ('ల', '|'), ('ల', '|'), ('గు', '|'), ('నో', 'U'), ('టు', '|'), ('వే', 'U'), ('గి', '|'), ('ర', '|'), ('మె', '|'), ('శీ', 'U'), ('త', '|'), ('ల', '|'), ('నీ', 'U'), ('ర', '|'), ('ము', '|'), ('గా', 'U'), ('క', '|'), ('భా', 'U'), ('స్క', '|'), ('రా', 'U')]",0.6190476190476191,0.9880952380952381,1.0,0.3571428571428572,0.25,0.5
vutpalamaala,"పాపపుఁ ద్రోవవాని కొకపట్టున మేను వికాసమొందినన్‌
లోపల దుర్గుణంబె ప్రబలుం గద! నమ్మగఁ గూడ దాతనిన్‌;
బాపటకాయకున్‌ నునుపు పైపయి గల్గినఁ గల్గుగాక యే
రూపున దానిలోఁగల విరుద్ధపుఁ జేదు నశించు భాస్కరా!",vruttamu,Bhaskara,"[('పా', 'U'), ('ప', '|'), ('పు', '|'), ('ద్రో', 'U'), ('వ', '|'), ('వా', 'U'), ('ని', '|'), ('కొ', '|'), ('క', '|'), ('ప', 'U'), ('ట్టు', '|'), ('న', '|'), ('మే', 'U'), ('ను', '|'), ('వి', '|'), ('కా', 'U'), ('స', '|'), ('మొం', 'U'), ('ది', '|'), ('నన్', 'U'), ('లో', 'U'), ('ప', '|'), ('ల', '|'), ('దు', 'U'), ('ర్గు', '|'), ('ణం', 'U'), ('బె', '|'), ('ప్ర', '|'), ('బ', '|'), ('లుం', 'U'), ('గ', '|'), ('ద', '|'), ('న', 'U'), ('మ్మ', '|'), ('గ', '|'), ('గూ', 'U'), ('డ', '|'), ('దా', 'U'), ('త', '|'), ('నిన్', 'U'), ('బా', 'U'), ('ప', '|'), ('ట', '|'), ('కా', 'U'), ('య', '|'), ('కు', 'U'), ('న్ను', '|'), ('ను', '|'), ('పు', '|'), ('పై', 'U'), ('ప', '|'), ('యి', '|'), ('గ', 'U'), ('ల్గి', '|'), ('న', '|'), ('గ', 'U'), ('ల్గు', '|'), ('గా', 'U'), ('క', '|'), ('యే', 'U'), ('రూ', 'U'), ('పు', '|'), ('న', '|'), ('దా', 'U'), ('ని', '|'), ('లో', 'U'), ('గ', '|'), ('ల', '|'), ('వి', '|'), ('రు', 'U'), ('ద్ధ', '|'), ('పు', '|'), ('జే', 'U'), ('దు', '|'), ('న', '|'), ('శిం', 'U'), ('చు', '|'), ('భా', 'U'), ('స్క', '|'), ('రా', 'U')]",1.0,1.0,1.0,1.0,1.0,1.0
vutpalamaala,"పూనిన భాగ్యరేఖ చెడిపోయిన పిమ్మట నెట్టిమానవుం
డైనను వాని నెవ్వరుఁ బ్రియంబునఁ బల్కరు పిల్వరెచ్చటం
దానది యెట్లొకో యనినఁ దథ్యము పుష్పమువాడి వాసనా
హీనత నొంది యున్న యెడ నెవ్వరు ముట్టుదురయ్య భాస్కరా!",vruttamu,Bhaskara,"[('పూ', 'U'), ('ని', '|'), ('న', '|'), ('భా', 'U'), ('గ్య', '|'), ('రే', 'U'), ('ఖ', '|'), ('చె', '|'), ('డి', '|'), ('పో', 'U'), ('యి', '|'), ('న', '|'), ('పి', 'U'), ('మ్మ', '|'), ('ట', '|'), ('నె', 'U'), ('ట్టి', '|'), ('మా', 'U'), ('న', '|'), ('వుం', 'U'), ('డై', 'U'), ('న', '|'), ('ను', '|'), ('వా', 'U'), ('ని', '|'), ('నె', 'U'), ('వ్వ', '|'), ('రు', '|'), ('బ్రి', '|'), ('యం', 'U'), ('బు', '|'), ('న', '|'), ('బ', 'U'), ('ల్క', '|'), ('రు', '|'), ('పి', 'U'), ('ల్వ', '|'), ('రె', 'U'), ('చ్చ', '|'), ('టం', 'U'), ('దా', 'U'), ('న', '|'), ('ది', '|'), ('యె', 'U'), ('ట్లొ', '|'), ('కో', 'U'), ('య', '|'), ('ని', '|'), ('న', '|'), ('ద', 'U'), ('థ్య', '|'), ('ము', '|'), ('పు', 'U'), ('ష్ప', '|'), ('ము', '|'), ('వా', 'U'), ('డి', '|'), ('వా', 'U'), ('స', '|'), ('నా', 'U'), ('హీ', 'U'), ('న', '|'), ('త', '|'), ('నొం', 'U'), ('ది', '|'), ('యు', 'U'), ('న్న', '|'), ('యె', '|'), ('డ', '|'), ('నె', 'U'), ('వ్వ', '|'), ('రు', '|'), ('ము', 'U'), ('ట్టు', '|'), ('దు', '|'), ('ర', 'U'), ('య్య', '|'), ('భా', 'U'), ('స్క', '|'), ('రా', 'U')]",0.9,1.0,1.0,1.0,0.5,1.0
vutpalamaala,"పూరిత సద్గుణంబు గల పుణ్యున కించుక రూప సంపదల్‌
దూరములైన వాని యెడ దొడ్డగఁ జూతురు బుద్ధిమంతు లె
ట్లారయ; గొగ్గులైన మఱి యందుల మాధురి చూచి కాదె ఖ
ర్జూర ఫలంబులం ప్రియము చొప్పడ లోకులు గొంట భాస్కరా!",vruttamu,Bhaskara,"[('పూ', 'U'), ('రి', '|'), ('త', '|'), ('స', 'U'), ('ద్గు', '|'), ('ణం', 'U'), ('బు', '|'), ('గ', '|'), ('ల', '|'), ('పు', 'U'), ('ణ్యు', '|'), ('న', '|'), ('కిం', 'U'), ('చు', '|'), ('క', '|'), ('రూ', 'U'), ('ప', '|'), ('సం', 'U'), ('ప', '|'), ('దల్', 'U'), ('దూ', 'U'), ('ర', '|'), ('ము', '|'), ('లై', 'U'), ('న', '|'), ('వా', 'U'), ('ని', '|'), ('యె', '|'), ('డ', '|'), ('దొ', 'U'), ('డ్డ', '|'), ('గ', '|'), ('జూ', 'U'), ('తు', '|'), ('రు', '|'), ('బు', 'U'), ('ద్ధి', '|'), ('మం', 'U'), ('తు', '|'), ('లె', 'U'), ('ట్లా', 'U'), ('ర', '|'), ('య', '|'), ('గొ', 'U'), ('గ్గు', '|'), ('లై', 'U'), ('న', '|'), ('మ', '|'), ('ఱి', '|'), ('యం', 'U'), ('దు', '|'), ('ల', '|'), ('మా', 'U'), ('ధు', '|'), ('రి', '|'), ('చూ', 'U'), ('చి', '|'), ('కా', 'U'), ('దె', '|'), ('ఖ', 'U'), ('ర్జూ', 'U'), ('ర', '|'), ('ఫ', '|'), ('లం', 'U'), ('బు', '|'), ('లం', 'U'), ('ప్రి', '|'), ('య', '|'), ('ము', '|'), ('చొ', 'U'), ('ప్ప', '|'), ('డ', '|'), ('లో', 'U'), ('కు', '|'), ('లు', '|'), ('గొం', 'U'), ('ట', '|'), ('భా', 'U'), ('స్క', '|'), ('రా', 'U')]",0.95,1.0,1.0,1.0,0.75,1.0
vutpalamaala,"ప్రల్లదనంబుచే నెఱుక పాటొక యింతయులేక యెచ్చటన్‌
బల్లిదుఁడైన సత్ప్రభు నబద్ధములాడినఁ గ్రుంగిపోదు; రె
ట్లల్ల సభాస్థలిం గుమతులై శిశుపాలుఁడు దంతవక్త్రుఁడుం
గల్లలు గృష్ణునుం బలికి కాదె హతంబగుటెల్ల భాస్కరా!",vruttamu,Bhaskara,"[('ప్ర', 'U'), ('ల్ల', '|'), ('ద', '|'), ('నం', 'U'), ('బు', '|'), ('చే', 'U'), ('నె', '|'), ('ఱు', '|'), ('క', '|'), ('పా', 'U'), ('టొ', '|'), ('క', '|'), ('యిం', 'U'), ('త', '|'), ('యు', '|'), ('లే', 'U'), ('క', '|'), ('యె', 'U'), ('చ్చ', '|'), ('టన్', 'U'), ('బ', 'U'), ('ల్లి', '|'), ('దు', '|'), ('డై', 'U'), ('న', '|'), ('స', 'U'), ('త్ప్ర', '|'), ('భు', '|'), ('న', '|'), ('బ', 'U'), ('ద్ధ', '|'), ('ము', '|'), ('లా', 'U'), ('డి', '|'), ('న', '|'), ('గ్రుం', 'U'), ('గి', '|'), ('పో', 'U'), ('దు', '|'), ('రె', 'U'), ('ట్ల', 'U'), ('ల్ల', '|'), ('స', '|'), ('భా', 'U'), ('స్థ', '|'), ('లిం', 'U'), ('గు', '|'), ('మ', '|'), ('తు', '|'), ('లై', 'U'), ('శి', '|'), ('శు', '|'), ('పా', 'U'), ('లు', '|'), ('డు', '|'), ('దం', 'U'), ('త', '|'), ('వ', 'U'), ('క్త్రు', '|'), ('డుం', 'U'), ('గ', 'U'), ('ల్ల', '|'), ('లు', '|'), ('గృ', 'U'), ('ష్ణు', '|'), ('నుం', 'U'), ('బ', '|'), ('లి', '|'), ('కి', '|'), ('కా', 'U'), ('దె', '|'), ('హ', '|'), ('తం', 'U'), ('బ', '|'), ('గు', '|'), ('టె', 'U'), ('ల్ల', '|'), ('భా', 'U'), ('స్క', '|'), ('రా', 'U')]",1.0,1.0,1.0,1.0,1.0,1.0
vutpalamaala,"ప్రేమను గూర్చి యల్పునకుఁ బెద్దతనంబును దొడ్డవానికిం
దా మతితుచ్ఛపుంబని నెదం బరికింపగ యీయరాదుగా
వామకరంబుతోడఁ గడువం గుడిచేత నపానమార్గముం
దోమఁగ వచ్చునే మిగులఁ దోఁచని చేఁతగు గాక భాస్కరా!",vruttamu,Bhaskara,"[('ప్రే', 'U'), ('మ', '|'), ('ను', '|'), ('గూ', 'U'), ('ర్చి', '|'), ('య', 'U'), ('ల్పు', '|'), ('న', '|'), ('కు', '|'), ('బె', 'U'), ('ద్ద', '|'), ('త', '|'), ('నం', 'U'), ('బు', '|'), ('ను', '|'), ('దొ', 'U'), ('డ్డ', '|'), ('వా', 'U'), ('ని', '|'), ('కిం', 'U'), ('దా', 'U'), ('మ', '|'), ('తి', '|'), ('తు', 'U'), ('చ్ఛ', '|'), ('పుం', 'U'), ('బ', '|'), ('ని', '|'), ('నె', '|'), ('దం', 'U'), ('బ', '|'), ('రి', '|'), ('కిం', 'U'), ('ప', '|'), ('గ', '|'), ('యీ', 'U'), ('య', '|'), ('రా', 'U'), ('దు', '|'), ('గా', 'U'), ('వా', 'U'), ('మ', '|'), ('క', '|'), ('రం', 'U'), ('బు', '|'), ('తో', 'U'), ('డ', '|'), ('గ', '|'), ('డు', '|'), ('వం', 'U'), ('గు', '|'), ('డి', '|'), ('చే', 'U'), ('త', '|'), ('న', '|'), ('పా', 'U'), ('న', '|'), ('మా', 'U'), ('ర్గ', '|'), ('ముం', 'U'), ('దో', 'U'), ('మ', '|'), ('గ', '|'), ('వ', 'U'), ('చ్చు', '|'), ('నే', 'U'), ('మి', '|'), ('గు', '|'), ('ల', '|'), ('దో', 'U'), ('చ', '|'), ('ని', '|'), ('చే', 'U'), ('త', '|'), ('గు', '|'), ('గా', 'U'), ('క', '|'), ('భా', 'U'), ('స్క', '|'), ('రా', 'U')]",1.0,1.0,1.0,1.0,1.0,1.0
champakamaala,"ఫలమతి సూక్ష్మమైనను నృపాలుడు మంచిగుణాఢ్యుడైనచో
నెలమి వివేకులాతని కపేక్షయొనర్తు; రదెట్లు చంద్రికా
విలసనమైనఁ దా మనుభవింపఁ జకోరము లాసఁ జేరవే
చలువ గలట్టివాఁడగుటఁ జందురు నెంతయుఁ గోరి భాస్కరా!",vruttamu,Bhaskara,"[('ఫ', '|'), ('ల', '|'), ('మ', '|'), ('తి', '|'), ('సూ', 'U'), ('క్ష్మ', '|'), ('మై', 'U'), ('న', '|'), ('ను', '|'), ('నృ', '|'), ('పా', 'U'), ('లు', '|'), ('డు', '|'), ('మం', 'U'), ('చి', '|'), ('గు', '|'), ('ణా', 'U'), ('ఢ్యు', '|'), ('డై', 'U'), ('న', '|'), ('చో', 'U'), ('నె', '|'), ('ల', '|'), ('మి', '|'), ('వి', '|'), ('వే', 'U'), ('కు', '|'), ('లా', 'U'), ('త', '|'), ('ని', '|'), ('క', '|'), ('పే', 'U'), ('క్ష', '|'), ('యొ', '|'), ('న', 'U'), ('ర్తు', '|'), ('ర', '|'), ('దె', 'U'), ('ట్లు', '|'), ('చం', 'U'), ('ద్రి', '|'), ('కా', 'U'), ('వి', '|'), ('ల', '|'), ('స', '|'), ('న', '|'), ('మై', 'U'), ('న', '|'), ('దా', 'U'), ('మ', '|'), ('ను', '|'), ('భ', '|'), ('విం', 'U'), ('ప', '|'), ('జ', '|'), ('కో', 'U'), ('ర', '|'), ('ము', '|'), ('లా', 'U'), ('స', '|'), ('జే', 'U'), ('ర', '|'), ('వే', 'U'), ('చ', '|'), ('లు', '|'), ('వ', '|'), ('గ', '|'), ('ల', 'U'), ('ట్టి', '|'), ('వా', 'U'), ('డ', '|'), ('గు', '|'), ('ట', '|'), ('జం', 'U'), ('దు', '|'), ('రు', '|'), ('నెం', 'U'), ('త', '|'), ('యు', '|'), ('గో', 'U'), ('రి', '|'), ('భా', 'U'), ('స్క', '|'), ('రా', 'U')]",0.95,1.0,1.0,1.0,0.75,1.0
vutpalamaala,"బంధుర సద్గుణాఖ్యుఁ డొక పట్టున లంపట నొందియైన దు
స్సంధిఁ దలంపఁ డన్యులకుఁ జాల హితం బొనరించుఁ గాక, శ్రీ
గంధపుఁ జెక్క రాగిలిచుఁ గాదె శరీరుల కుత్సవార్థమై
గంధములాత్మఁ బుట్టఁ దఱుఁగంబడి యుండుటలెల్ల భాస్కరా!",vruttamu,Bhaskara,"[('బం', 'U'), ('ధు', '|'), ('ర', '|'), ('స', 'U'), ('ద్గు', '|'), ('ణా', 'U'), ('ఖ్యు', '|'), ('డొ', '|'), ('క', '|'), ('ప', 'U'), ('ట్టు', '|'), ('న', '|'), ('లం', 'U'), ('ప', '|'), ('ట', '|'), ('నొం', 'U'), ('ది', '|'), ('యై', 'U'), ('న', '|'), ('దు', 'U'), ('స్సం', 'U'), ('ధి', '|'), ('ద', '|'), ('లం', 'U'), ('ప', '|'), ('డ', 'U'), ('న్యు', '|'), ('ల', '|'), ('కు', '|'), ('జా', 'U'), ('ల', '|'), ('హి', '|'), ('తం', 'U'), ('బొ', '|'), ('న', '|'), ('రిం', 'U'), ('చు', '|'), ('గా', 'U'), ('క', '|'), ('శ్రీ', 'U'), ('గం', 'U'), ('ధ', '|'), ('పు', '|'), ('జె', 'U'), ('క్క', '|'), ('రా', 'U'), ('గి', '|'), ('లి', '|'), ('చు', '|'), ('గా', 'U'), ('దె', '|'), ('శ', '|'), ('రీ', 'U'), ('రు', '|'), ('ల', '|'), ('కు', 'U'), ('త్స', '|'), ('వా', 'U'), ('ర్థ', '|'), ('మై', 'U'), ('గం', 'U'), ('ధ', '|'), ('ము', '|'), ('లా', 'U'), ('త్మ', '|'), ('బు', 'U'), ('ట్ట', '|'), ('ద', '|'), ('ఱు', '|'), ('గం', 'U'), ('బ', '|'), ('డి', '|'), ('యుం', 'U'), ('డు', '|'), ('ట', '|'), ('లె', 'U'), ('ల్ల', '|'), ('భా', 'U'), ('స్క', '|'), ('రా', 'U')]",1.0,1.0,1.0,1.0,1.0,1.0
champakamaala,"బలము దొలంగు కాలమునఁ బ్రాభవసంపదలెంత ధన్యుఁడున్‌
నిలుపుకొనంగనోపఁ; డది నిశ్చయ మర్జునుఁడీశ్వరాదులం
గెలిచినవాఁడు బోయలకు గీడ్పడి చూచుచుఁ గృష్ణభార్యలు
బలువుర నీయఁడే నిలువఁ బట్ట సమర్థుఁడు గాక భాస్కరా!",vruttamu,Bhaskara,"[('బ', '|'), ('ల', '|'), ('ము', '|'), ('దొ', '|'), ('లం', 'U'), ('గు', '|'), ('కా', 'U'), ('ల', '|'), ('ము', '|'), ('న', '|'), ('బ్రా', 'U'), ('భ', '|'), ('వ', '|'), ('సం', 'U'), ('ప', '|'), ('ద', '|'), ('లెం', 'U'), ('త', '|'), ('ధ', 'U'), ('న్యు', '|'), ('డున్', 'U'), ('ని', '|'), ('లు', '|'), ('పు', '|'), ('కొ', '|'), ('నం', 'U'), ('గ', '|'), ('నో', 'U'), ('ప', '|'), ('డ', '|'), ('ది', '|'), ('ని', 'U'), ('శ్చ', '|'), ('య', '|'), ('మ', 'U'), ('ర్జు', '|'), ('ను', '|'), ('డీ', 'U'), ('శ్వ', '|'), ('రా', 'U'), ('దు', '|'), ('లం', 'U'), ('గె', '|'), ('లి', '|'), ('చి', '|'), ('న', '|'), ('వా', 'U'), ('డు', '|'), ('బో', 'U'), ('య', '|'), ('ల', '|'), ('కు', '|'), ('గీ', 'U'), ('డ్ప', '|'), ('డి', '|'), ('చూ', 'U'), ('చు', '|'), ('చు', '|'), ('గృ', 'U'), ('ష్ణ', '|'), ('భా', 'U'), ('ర్య', '|'), ('లు', '|'), ('బ', '|'), ('లు', '|'), ('వు', '|'), ('ర', '|'), ('నీ', 'U'), ('య', '|'), ('డే', 'U'), ('ని', '|'), ('లు', '|'), ('వ', '|'), ('బ', 'U'), ('ట్ట', '|'), ('స', '|'), ('మ', 'U'), ('ర్థు', '|'), ('డు', '|'), ('గా', 'U'), ('క', '|'), ('భా', 'U'), ('స్క', '|'), ('రా', 'U')]",0.9928571428571429,1.0,1.0,0.9642857142857143,1.0,1.0
champakamaala,"బలయుతుఁ డైన వేళ నిజ బంధుఁడు తోడ్పడుఁ గాని యాతఁడే
బలము తొలంగెనేని తన పాలిటి శత్రు; వదెట్లు పూర్ణుఁడై
జ్వలనుఁడు కానఁ గాల్చు తఱి సఖ్యముఁ జూపును వాయుదేవుఁడా
బలియుఁడు సూక్ష్మదీపమగు పట్టున నార్పదె గాలి భాస్కరా!",vruttamu,Bhaskara,"[('బ', '|'), ('ల', '|'), ('యు', '|'), ('తు', '|'), ('డై', 'U'), ('న', '|'), ('వే', 'U'), ('ళ', '|'), ('ని', '|'), ('జ', '|'), ('బం', 'U'), ('ధు', '|'), ('డు', '|'), ('తో', 'U'), ('డ్ప', '|'), ('డు', '|'), ('గా', 'U'), ('ని', '|'), ('యా', 'U'), ('త', '|'), ('డే', 'U'), ('బ', '|'), ('ల', '|'), ('ము', '|'), ('తొ', '|'), ('లం', 'U'), ('గె', '|'), ('నే', 'U'), ('ని', '|'), ('త', '|'), ('న', '|'), ('పా', 'U'), ('లి', '|'), ('టి', '|'), ('శ', '|'), ('త్రు', '|'), ('వ', '|'), ('దె', 'U'), ('ట్లు', '|'), ('పూ', 'U'), ('ర్ణు', '|'), ('డై', 'U'), ('జ్వ', '|'), ('ల', '|'), ('ను', '|'), ('డు', '|'), ('కా', 'U'), ('న', '|'), ('గా', 'U'), ('ల్చు', '|'), ('త', '|'), ('ఱి', '|'), ('స', 'U'), ('ఖ్య', '|'), ('ము', '|'), ('జూ', 'U'), ('పు', '|'), ('ను', '|'), ('వా', 'U'), ('యు', '|'), ('దే', 'U'), ('వు', '|'), ('డా', 'U'), ('బ', '|'), ('లి', '|'), ('యు', '|'), ('డు', '|'), ('సూ', 'U'), ('క్ష్మ', '|'), ('దీ', 'U'), ('ప', '|'), ('మ', '|'), ('గు', '|'), ('ప', 'U'), ('ట్టు', '|'), ('న', '|'), ('నా', 'U'), ('ర్ప', '|'), ('దె', '|'), ('గా', 'U'), ('లి', '|'), ('భా', 'U'), ('స్క', '|'), ('రా', 'U')]",0.9928571428571429,1.0,1.0,0.9642857142857143,1.0,1.0
vutpalamaala,"బల్లిదుఁడైన సత్ప్రభువు పాయక యుండినఁగాని రచ్చలోఁ
జిల్లరవారు నూఱుగురు సేరినఁ దేజము గల్గదెయ్యెడన్‌
జల్లని చందురుండెడసి సన్నపుఁ జుక్కలు కోటియున్న
జిల్లునె వెన్నెలల్‌ జగము జీఁకటులన్నియుఁ బాయ భాస్కరా!",vruttamu,Bhaskara,"[('బ', 'U'), ('ల్లి', '|'), ('దు', '|'), ('డై', 'U'), ('న', '|'), ('స', 'U'), ('త్ప్ర', '|'), ('భు', '|'), ('వు', '|'), ('పా', 'U'), ('య', '|'), ('క', '|'), ('యుం', 'U'), ('డి', '|'), ('న', '|'), ('గా', 'U'), ('ని', '|'), ('ర', 'U'), ('చ్చ', '|'), ('లో', 'U'), ('జి', 'U'), ('ల్ల', '|'), ('ర', '|'), ('వా', 'U'), ('రు', '|'), ('నూ', 'U'), ('ఱు', '|'), ('గు', '|'), ('రు', '|'), ('సే', 'U'), ('రి', '|'), ('న', '|'), ('దే', 'U'), ('జ', '|'), ('ము', '|'), ('గ', 'U'), ('ల్గ', '|'), ('దె', 'U'), ('య్యె', '|'), ('డన్', 'U'), ('జ', 'U'), ('ల్ల', '|'), ('ని', '|'), ('చం', 'U'), ('దు', '|'), ('రుం', 'U'), ('డె', '|'), ('డ', '|'), ('సి', '|'), ('స', 'U'), ('న్న', '|'), ('పు', '|'), ('జు', 'U'), ('క్క', '|'), ('లు', '|'), ('కో', 'U'), ('టి', '|'), ('యు', 'U'), ('న్న', '|'), ('జి', 'U'), ('ల్లు', '|'), ('నె', '|'), ('వె', 'U'), ('న్నె', '|'), ('ల', 'U'), ('ల్జ', '|'), ('గ', '|'), ('ము', '|'), ('జీ', 'U'), ('క', '|'), ('టు', '|'), ('ల', 'U'), ('న్ని', '|'), ('యు', '|'), ('బా', 'U'), ('య', '|'), ('భా', 'U'), ('స్క', '|'), ('రా', 'U')]",0.8474999999999999,0.9875,1.0,0.75,0.75,0.75
champakamaala,"భుజబల శౌర్యవంతులగు పుత్త్రుల గాంచిన వారి కెయ్యెడన్‌
నిజహృదయేప్సితార్థములు నిక్కము చేకుఱుఁ గుంతిదేవికిన్‌
విజయబలాఢ్యుఁ డర్జునుఁడు వీరపరాక్రమ మొప్ప దేవతా
గజమును దెచ్చి తల్లి వ్రతకార్యము దీర్పఁడె తొల్లి భాస్కరా!",vruttamu,Bhaskara,"[('భు', '|'), ('జ', '|'), ('బ', '|'), ('ల', '|'), ('శౌ', 'U'), ('ర్య', '|'), ('వం', 'U'), ('తు', '|'), ('ల', '|'), ('గు', '|'), ('పు', 'U'), ('త్త్రు', '|'), ('ల', '|'), ('గాం', 'U'), ('చి', '|'), ('న', '|'), ('వా', 'U'), ('రి', '|'), ('కె', 'U'), ('య్యె', '|'), ('డన్', 'U'), ('ని', '|'), ('జ', '|'), ('హృ', '|'), ('ద', '|'), ('యే', 'U'), ('ప్సి', '|'), ('తా', 'U'), ('ర్థ', '|'), ('ము', '|'), ('లు', '|'), ('ని', 'U'), ('క్క', '|'), ('ము', '|'), ('చే', 'U'), ('కు', '|'), ('ఱు', '|'), ('గుం', 'U'), ('తి', '|'), ('దే', 'U'), ('వి', '|'), ('కిన్', 'U'), ('వి', '|'), ('జ', '|'), ('య', '|'), ('బ', '|'), ('లా', 'U'), ('ఢ్యు', '|'), ('డ', 'U'), ('ర్జు', '|'), ('ను', '|'), ('డు', '|'), ('వీ', 'U'), ('ర', '|'), ('ప', '|'), ('రా', 'U'), ('క్ర', '|'), ('మ', '|'), ('మొ', 'U'), ('ప్ప', '|'), ('దే', 'U'), ('వ', '|'), ('తా', 'U'), ('గ', '|'), ('జ', '|'), ('ము', '|'), ('ను', '|'), ('దె', 'U'), ('చ్చి', '|'), ('త', 'U'), ('ల్లి', '|'), ('వ్ర', '|'), ('త', '|'), ('కా', 'U'), ('ర్య', '|'), ('ము', '|'), ('దీ', 'U'), ('ర్ప', '|'), ('డె', '|'), ('తొ', 'U'), ('ల్లి', '|'), ('భా', 'U'), ('స్క', '|'), ('రా', 'U')]",1.0,1.0,1.0,1.0,1.0,1.0
vutpalamaala,"భూనుతులైన దేవతలు పూర్వము కొందఱు వావివర్తనల్‌
మాని చరింపరో యనుచు మానవులట్ల చరింపఁబోల; దం
భోనిధులన్నియుం దనదు పుక్కిటఁ బట్టె నగస్త్యుఁడంచు నా
పూనిక కెవ్వఁడోపు నది పూర్వమహత్త్వము సుమ్ము భాస్కరా!",vruttamu,Bhaskara,"[('భూ', 'U'), ('ను', '|'), ('తు', '|'), ('లై', 'U'), ('న', '|'), ('దే', 'U'), ('వ', '|'), ('త', '|'), ('లు', '|'), ('పూ', 'U'), ('ర్వ', '|'), ('ము', '|'), ('కొం', 'U'), ('ద', '|'), ('ఱు', '|'), ('వా', 'U'), ('వి', '|'), ('వ', 'U'), ('ర్త', '|'), ('నల్', 'U'), ('మా', 'U'), ('ని', '|'), ('చ', '|'), ('రిం', 'U'), ('ప', '|'), ('రో', 'U'), ('య', '|'), ('ను', '|'), ('చు', '|'), ('మా', 'U'), ('న', '|'), ('వు', '|'), ('ల', 'U'), ('ట్ల', '|'), ('చ', '|'), ('రిం', 'U'), ('ప', '|'), ('బో', 'U'), ('ల', '|'), ('దం', 'U'), ('భో', 'U'), ('ని', '|'), ('ధు', '|'), ('ల', 'U'), ('న్ని', '|'), ('యుం', 'U'), ('ద', '|'), ('న', '|'), ('దు', '|'), ('పు', 'U'), ('క్కి', '|'), ('ట', '|'), ('బ', 'U'), ('ట్టె', '|'), ('న', '|'), ('గ', 'U'), ('స్త్యు', '|'), ('డం', 'U'), ('చు', '|'), ('నా', 'U'), ('పూ', 'U'), ('ని', '|'), ('క', '|'), ('కె', 'U'), ('వ్వ', '|'), ('డో', 'U'), ('పు', '|'), ('న', '|'), ('ది', '|'), ('పూ', 'U'), ('ర్వ', '|'), ('మ', '|'), ('హ', 'U'), ('త్త్వ', '|'), ('ము', '|'), ('సు', 'U'), ('మ్ము', '|'), ('భా', 'U'), ('స్క', '|'), ('రా', 'U')]",1.0,1.0,1.0,1.0,1.0,1.0
vutpalamaala,"భూపతి కాత్మబుద్ధి మది బుట్టనిచోఁట బ్రధానులెంత ప్ర
జ్ఞాపరిపూర్ణులైనఁ గొనసాగదు కార్యము; కార్యదక్షులై
యోపిన ద్రోణ భీష్మ కృప యోధులనేకులు గూడి కౌరవ
క్ష్మాపతికార్యమేమయినఁ జాలిరె చేయఁగ నాడు భాస్కరా!",vruttamu,Bhaskara,"[('భూ', 'U'), ('ప', '|'), ('తి', '|'), ('కా', 'U'), ('త్మ', '|'), ('బు', 'U'), ('ద్ధి', '|'), ('మ', '|'), ('ది', '|'), ('బు', 'U'), ('ట్ట', '|'), ('ని', '|'), ('చో', 'U'), ('ట', '|'), ('బ్ర', '|'), ('ధా', 'U'), ('ను', '|'), ('లెం', 'U'), ('త', '|'), ('ప్ర', 'U'), ('జ్ఞా', 'U'), ('ప', '|'), ('రి', '|'), ('పూ', 'U'), ('ర్ణు', '|'), ('లై', 'U'), ('న', '|'), ('గొ', '|'), ('న', '|'), ('సా', 'U'), ('గ', '|'), ('దు', '|'), ('కా', 'U'), ('ర్య', '|'), ('ము', '|'), ('కా', 'U'), ('ర్య', '|'), ('ద', 'U'), ('క్షు', '|'), ('లై', 'U'), ('యో', 'U'), ('పి', '|'), ('న', '|'), ('ద్రో', 'U'), ('ణ', '|'), ('భీ', 'U'), ('ష్మ', '|'), ('కృ', '|'), ('ప', '|'), ('యో', 'U'), ('ధు', '|'), ('ల', '|'), ('నే', 'U'), ('కు', '|'), ('లు', '|'), ('గూ', 'U'), ('డి', '|'), ('కౌ', 'U'), ('ర', '|'), ('వ', 'U'), ('క్ష్మా', 'U'), ('ప', '|'), ('తి', '|'), ('కా', 'U'), ('ర్య', '|'), ('మే', 'U'), ('మ', '|'), ('యి', '|'), ('న', '|'), ('జా', 'U'), ('లి', '|'), ('రె', '|'), ('చే', 'U'), ('య', '|'), ('గ', '|'), ('నా', 'U'), ('డు', '|'), ('భా', 'U'), ('స్క', '|'), ('రా', 'U')]",1.0,1.0,1.0,1.0,1.0,1.0
vutpalamaala,"భూరి బాలాఢ్యుఁడైనఁ దలపోయక విక్రమశక్తిచే నహం
కారము నొందుటల్‌ తగవు గాదతఁడొక్కెడ మోసపోవుఁ గా
వీరవరేణ్యుఁ డర్జునుఁడు వింటికి నే నధికుండ నంచుఁ దా
నూరక వింటినెక్కిడఁగ నోపడు కృష్ణుఁడు లేమి భాస్కరా!",vruttamu,Bhaskara,"[('భూ', 'U'), ('రి', '|'), ('బా', 'U'), ('లా', 'U'), ('ఢ్యు', '|'), ('డై', 'U'), ('న', '|'), ('ద', '|'), ('ల', '|'), ('పో', 'U'), ('య', '|'), ('క', '|'), ('వి', '|'), ('క్ర', '|'), ('మ', '|'), ('శ', 'U'), ('క్తి', '|'), ('చే', 'U'), ('న', '|'), ('హం', 'U'), ('కా', 'U'), ('ర', '|'), ('ము', '|'), ('నొం', 'U'), ('దు', '|'), ('ట', 'U'), ('ల్త', '|'), ('గ', '|'), ('వు', '|'), ('గా', 'U'), ('ద', '|'), ('త', '|'), ('డొ', 'U'), ('క్కె', '|'), ('డ', '|'), ('మో', 'U'), ('స', '|'), ('పో', 'U'), ('వు', '|'), ('గా', 'U'), ('వీ', 'U'), ('ర', '|'), ('వ', '|'), ('రే', 'U'), ('ణ్యు', '|'), ('డ', 'U'), ('ర్జు', '|'), ('ను', '|'), ('డు', '|'), ('విం', 'U'), ('టి', '|'), ('కి', '|'), ('నే', 'U'), ('న', '|'), ('ధి', '|'), ('కుం', 'U'), ('డ', '|'), ('నం', 'U'), ('చు', '|'), ('దా', 'U'), ('నూ', 'U'), ('ర', '|'), ('క', '|'), ('విం', 'U'), ('టి', '|'), ('నె', 'U'), ('క్కి', '|'), ('డ', '|'), ('గ', '|'), ('నో', 'U'), ('ప', '|'), ('డు', '|'), ('కృ', 'U'), ('ష్ణు', '|'), ('డు', '|'), ('లే', 'U'), ('మి', '|'), ('భా', 'U'), ('స్క', '|'), ('రా', 'U')]",0.9857142857142858,1.0,1.0,0.9285714285714286,1.0,1.0
vutpalamaala,"భ్రష్టున కర్థవంతులగు బాంధవులెందఱు గల్గినన్‌ నిజా
దృష్టము లేదు గావున దరిద్రతఁ బాపఁగలేరు; సత్కృపా
దృష్టిని నిల్పి లోకుల కతిస్థిరసంపద లిచ్చు లక్ష్మి యా
జ్యేష్ట కదేటికిం గలుగఁజేయదు తోడనె పుట్టి భాస్కరా!",vruttamu,Bhaskara,"[('భ్ర', 'U'), ('ష్టు', '|'), ('న', '|'), ('క', 'U'), ('ర్థ', '|'), ('వం', 'U'), ('తు', '|'), ('ల', '|'), ('గు', '|'), ('బాం', 'U'), ('ధ', '|'), ('వు', '|'), ('లెం', 'U'), ('ద', '|'), ('ఱు', '|'), ('గ', 'U'), ('ల్గి', '|'), ('న', 'U'), ('న్ని', '|'), ('జా', 'U'), ('దృ', 'U'), ('ష్ట', '|'), ('ము', '|'), ('లే', 'U'), ('దు', '|'), ('గా', 'U'), ('వు', '|'), ('న', '|'), ('ద', '|'), ('రి', '|'), ('ద్ర', '|'), ('త', '|'), ('బా', 'U'), ('ప', '|'), ('గ', '|'), ('లే', 'U'), ('రు', '|'), ('స', 'U'), ('త్కృ', '|'), ('పా', 'U'), ('దృ', 'U'), ('ష్టి', '|'), ('ని', '|'), ('ని', 'U'), ('ల్పి', '|'), ('లో', 'U'), ('కు', '|'), ('ల', '|'), ('క', '|'), ('తి', 'U'), ('స్థి', '|'), ('ర', '|'), ('సం', 'U'), ('ప', '|'), ('ద', '|'), ('లి', 'U'), ('చ్చు', '|'), ('ల', 'U'), ('క్ష్మి', '|'), ('యా', 'U'), ('జ్యే', 'U'), ('ష్ట', '|'), ('క', '|'), ('దే', 'U'), ('టి', '|'), ('కిం', 'U'), ('గ', '|'), ('లు', '|'), ('గ', '|'), ('జే', 'U'), ('య', '|'), ('దు', '|'), ('తో', 'U'), ('డ', '|'), ('నె', '|'), ('పు', 'U'), ('ట్టి', '|'), ('భా', 'U'), ('స్క', '|'), ('రా', 'U')]",0.9428571428571428,1.0,1.0,0.9642857142857143,0.75,1.0
champakamaala,"మదిఁ దను నాసపడ్డయెడ మంచిగుణోన్నతుఁడెట్టి హీనునిన్‌
వదలఁడు మేలుపట్టున నవశ్యము మున్నుగ నాదరించుఁగా;
త్రిదశ విమానమధ్యమునఁ దెచ్చి కృపామతి సారమేయమున్‌
మొదల నిడండె ధర్మజుఁడు మూఁగి సురావళి చూడ భాస్కరా!",vruttamu,Bhaskara,"[('మ', '|'), ('ది', '|'), ('ద', '|'), ('ను', '|'), ('నా', 'U'), ('స', '|'), ('ప', 'U'), ('డ్డ', '|'), ('యె', '|'), ('డ', '|'), ('మం', 'U'), ('చి', '|'), ('గు', '|'), ('ణో', 'U'), ('న్న', '|'), ('తు', '|'), ('డె', 'U'), ('ట్టి', '|'), ('హీ', 'U'), ('ను', '|'), ('నిన్', 'U'), ('వ', '|'), ('ద', '|'), ('ల', '|'), ('డు', '|'), ('మే', 'U'), ('లు', '|'), ('ప', 'U'), ('ట్టు', '|'), ('న', '|'), ('న', '|'), ('వ', 'U'), ('శ్య', '|'), ('ము', '|'), ('ము', 'U'), ('న్ను', '|'), ('గ', '|'), ('నా', 'U'), ('ద', '|'), ('రిం', 'U'), ('చు', '|'), ('గా', 'U'), ('త్రి', '|'), ('ద', '|'), ('శ', '|'), ('వి', '|'), ('మా', 'U'), ('న', '|'), ('మ', 'U'), ('ధ్య', '|'), ('ము', '|'), ('న', '|'), ('దె', 'U'), ('చ్చి', '|'), ('కృ', '|'), ('పా', 'U'), ('మ', '|'), ('తి', '|'), ('సా', 'U'), ('ర', '|'), ('మే', 'U'), ('య', '|'), ('మున్', 'U'), ('మొ', '|'), ('ద', '|'), ('ల', '|'), ('ని', '|'), ('డం', 'U'), ('డె', '|'), ('ధ', 'U'), ('ర్మ', '|'), ('జు', '|'), ('డు', '|'), ('మూ', 'U'), ('గి', '|'), ('సు', '|'), ('రా', 'U'), ('వ', '|'), ('ళి', '|'), ('చూ', 'U'), ('డ', '|'), ('భా', 'U'), ('స్క', '|'), ('రా', 'U')]",1.0,1.0,1.0,1.0,1.0,1.0
vutpalamaala,"మాటల కోర్వజాలఁ డభిమానసమగ్రుఁడు ప్రాణహానియౌ
చోటులనైనఁ దానెదురు చూచుచునుండుఁ; గొలంకు లోపల
న్నీట మునింగినప్పు డతి నీచము లాడిన రాజరాజు పో
రాట మొనర్చి నేలఁబడఁడాయెనె భీముని చేత భాస్కరా!",vruttamu,Bhaskara,"[('మా', 'U'), ('ట', '|'), ('ల', '|'), ('కో', 'U'), ('ర్వ', '|'), ('జా', 'U'), ('ల', '|'), ('డ', '|'), ('భి', '|'), ('మా', 'U'), ('న', '|'), ('స', '|'), ('మ', '|'), ('గ్రు', '|'), ('డు', '|'), ('ప్రా', 'U'), ('ణ', '|'), ('హా', 'U'), ('ని', '|'), ('యౌ', 'U'), ('చో', 'U'), ('టు', '|'), ('ల', '|'), ('నై', 'U'), ('న', '|'), ('దా', 'U'), ('నె', '|'), ('దు', '|'), ('రు', '|'), ('చూ', 'U'), ('చు', '|'), ('చు', '|'), ('నుం', 'U'), ('డు', '|'), ('గొ', '|'), ('లం', 'U'), ('కు', '|'), ('లో', 'U'), ('ప', '|'), ('ల', 'U'), ('న్నీ', 'U'), ('ట', '|'), ('ము', '|'), ('నిం', 'U'), ('గి', '|'), ('న', 'U'), ('ప్పు', '|'), ('డ', '|'), ('తి', '|'), ('నీ', 'U'), ('చ', '|'), ('ము', '|'), ('లా', 'U'), ('డి', '|'), ('న', '|'), ('రా', 'U'), ('జ', '|'), ('రా', 'U'), ('జు', '|'), ('పో', 'U'), ('రా', 'U'), ('ట', '|'), ('మొ', '|'), ('న', 'U'), ('ర్చి', '|'), ('నే', 'U'), ('ల', '|'), ('బ', '|'), ('డ', '|'), ('డా', 'U'), ('యె', '|'), ('నె', '|'), ('భీ', 'U'), ('ము', '|'), ('ని', '|'), ('చే', 'U'), ('త', '|'), ('భా', 'U'), ('స్క', '|'), ('రా', 'U')]",0.9428571428571428,1.0,1.0,0.9642857142857143,0.75,1.0
vutpalamaala,"మానవనాథుఁ డాత్మరిపు మర్మ మెఱింగినవాని నేలినం
గాని జయింపలేఁ డరులఁ; గార్ముకదక్షుఁడు రామభద్రుఁ డా
దానవనాయకున్‌ గెలువఁ దా నెటులోపుఁ దదీయ నాభికా
పానసుధ న్విభీషణుఁడు తార్కొని చెప్పకయున్న భాస్కరా!",vruttamu,Bhaskara,"[('మా', 'U'), ('న', '|'), ('వ', '|'), ('నా', 'U'), ('థు', '|'), ('డా', 'U'), ('త్మ', '|'), ('రి', '|'), ('పు', '|'), ('మ', 'U'), ('ర్మ', '|'), ('మె', '|'), ('ఱిం', 'U'), ('గి', '|'), ('న', '|'), ('వా', 'U'), ('ని', '|'), ('నే', 'U'), ('లి', '|'), ('నం', 'U'), ('గా', 'U'), ('ని', '|'), ('జ', '|'), ('యిం', 'U'), ('ప', '|'), ('లే', 'U'), ('డ', '|'), ('రు', '|'), ('ల', '|'), ('గా', 'U'), ('ర్ము', '|'), ('క', '|'), ('ద', 'U'), ('క్షు', '|'), ('డు', '|'), ('రా', 'U'), ('మ', '|'), ('భ', '|'), ('ద్రు', '|'), ('డా', 'U'), ('దా', 'U'), ('న', '|'), ('వ', '|'), ('నా', 'U'), ('య', '|'), ('కు', 'U'), ('న్గె', '|'), ('లు', '|'), ('వ', '|'), ('దా', 'U'), ('నె', '|'), ('టు', '|'), ('లో', 'U'), ('పు', '|'), ('ద', '|'), ('దీ', 'U'), ('య', '|'), ('నా', 'U'), ('భి', '|'), ('కా', 'U'), ('పా', 'U'), ('న', '|'), ('సు', '|'), ('ధ', 'U'), ('న్వి', '|'), ('భీ', 'U'), ('ష', '|'), ('ణు', '|'), ('డు', '|'), ('తా', 'U'), ('ర్కొ', '|'), ('ని', '|'), ('చె', 'U'), ('ప్ప', '|'), ('క', '|'), ('యు', 'U'), ('న్న', '|'), ('భా', 'U'), ('స్క', '|'), ('రా', 'U')]",0.9428571428571428,1.0,1.0,0.9642857142857143,0.75,1.0
vutpalamaala,"మానవుఁ డాత్మకిష్టమగు మంచిప్రయోజన మాచరించుచోఁ
గానక యల్పుఁడొక్కఁ డది గాదని పల్కిన వాని పల్కుకై
మానగఁజూడఁడా పని సమంచిత భోజనవేళ నీఁగ కా
లూనిన వంటకంబు దినకుండఁగ నేర్పగునోటు భాస్కరా!",vruttamu,Bhaskara,"[('మా', 'U'), ('న', '|'), ('వు', '|'), ('డా', 'U'), ('త్మ', '|'), ('కి', 'U'), ('ష్ట', '|'), ('మ', '|'), ('గు', '|'), ('మం', 'U'), ('చి', '|'), ('ప్ర', '|'), ('యో', 'U'), ('జ', '|'), ('న', '|'), ('మా', 'U'), ('చ', '|'), ('రిం', 'U'), ('చు', '|'), ('చో', 'U'), ('గా', 'U'), ('న', '|'), ('క', '|'), ('య', 'U'), ('ల్పు', '|'), ('డొ', 'U'), ('క్క', '|'), ('డ', '|'), ('ది', '|'), ('గా', 'U'), ('ద', '|'), ('ని', '|'), ('ప', 'U'), ('ల్కి', '|'), ('న', '|'), ('వా', 'U'), ('ని', '|'), ('ప', 'U'), ('ల్కు', '|'), ('కై', 'U'), ('మా', 'U'), ('న', '|'), ('గ', '|'), ('జూ', 'U'), ('డ', '|'), ('డా', 'U'), ('ప', '|'), ('ని', '|'), ('స', '|'), ('మం', 'U'), ('చి', '|'), ('త', '|'), ('భో', 'U'), ('జ', '|'), ('న', '|'), ('వే', 'U'), ('ళ', '|'), ('నీ', 'U'), ('గ', '|'), ('కా', 'U'), ('లూ', 'U'), ('ని', '|'), ('న', '|'), ('వం', 'U'), ('ట', '|'), ('కం', 'U'), ('బు', '|'), ('ది', '|'), ('న', '|'), ('కుం', 'U'), ('డ', '|'), ('గ', '|'), ('నే', 'U'), ('ర్ప', '|'), ('గు', '|'), ('నో', 'U'), ('టు', '|'), ('భా', 'U'), ('స్క', '|'), ('రా', 'U')]",0.95,1.0,1.0,1.0,0.75,1.0
vutpalamaala,"మానిని చెప్పు నెట్లెఱుకమాలిన వాఁడటు చేసినన్‌ మహా
హాని ఘటించు నే ఘనునికైన నసంశయ ముర్విపైఁ గృపా
హీనతఁ బల్కినన్‌; దశరథేశ్వరుఁ డంగన మాటకై గుణాం
భోనిధి రాముఁ బాసి చనిపోవఁడె శోకముతోడ భాస్కరా!",vruttamu,Bhaskara,"[('మా', 'U'), ('ని', '|'), ('ని', '|'), ('చె', 'U'), ('ప్పు', '|'), ('నె', 'U'), ('ట్లె', '|'), ('ఱు', '|'), ('క', '|'), ('మా', 'U'), ('లి', '|'), ('న', '|'), ('వా', 'U'), ('డ', '|'), ('టు', '|'), ('చే', 'U'), ('సి', '|'), ('న', 'U'), ('న్మ', '|'), ('హా', 'U'), ('హా', 'U'), ('ని', '|'), ('ఘ', '|'), ('టిం', 'U'), ('చు', '|'), ('నే', 'U'), ('ఘ', '|'), ('ను', '|'), ('ని', '|'), ('కై', 'U'), ('న', '|'), ('న', '|'), ('సం', 'U'), ('శ', '|'), ('య', '|'), ('ము', 'U'), ('ర్వి', '|'), ('పై', 'U'), ('గృ', '|'), ('పా', 'U'), ('హీ', 'U'), ('న', '|'), ('త', '|'), ('బ', 'U'), ('ల్కి', '|'), ('న', 'U'), ('న్ద', '|'), ('శ', '|'), ('ర', '|'), ('థే', 'U'), ('శ్వ', '|'), ('రు', '|'), ('డం', 'U'), ('గ', '|'), ('న', '|'), ('మా', 'U'), ('ట', '|'), ('కై', 'U'), ('గు', '|'), ('ణాం', 'U'), ('భో', 'U'), ('ని', '|'), ('ధి', '|'), ('రా', 'U'), ('ము', '|'), ('బా', 'U'), ('సి', '|'), ('చ', '|'), ('ని', '|'), ('పో', 'U'), ('వ', '|'), ('డె', '|'), ('శో', 'U'), ('క', '|'), ('ము', '|'), ('తో', 'U'), ('డ', '|'), ('భా', 'U'), ('స్క', '|'), ('రా', 'U')]",0.9,1.0,1.0,1.0,0.5,1.0
champakamaala,"మునుపొనరించు పాతక మమోఘము జీవులకెల్లఁ బూని యా
వెనుకటి జన్మమం దనుభవింపక తీఱదు; రాఘవుండు వా
లిని బడనేసి తా మగుడ లీల యదూద్భవుఁడై కిరాతుచే
వినిశిత బాణపాతమున వీడ్కొనఁడే తన మేను భాస్కరా!",vruttamu,Bhaskara,"[('ము', '|'), ('ను', '|'), ('పొ', '|'), ('న', '|'), ('రిం', 'U'), ('చు', '|'), ('పా', 'U'), ('త', '|'), ('క', '|'), ('మ', '|'), ('మో', 'U'), ('ఘ', '|'), ('ము', '|'), ('జీ', 'U'), ('వు', '|'), ('ల', '|'), ('కె', 'U'), ('ల్ల', '|'), ('బూ', 'U'), ('ని', '|'), ('యా', 'U'), ('వె', '|'), ('ను', '|'), ('క', '|'), ('టి', '|'), ('జ', 'U'), ('న్మ', '|'), ('మం', 'U'), ('ద', '|'), ('ను', '|'), ('భ', '|'), ('విం', 'U'), ('ప', '|'), ('క', '|'), ('తీ', 'U'), ('ఱ', '|'), ('దు', '|'), ('రా', 'U'), ('ఘ', '|'), ('వుం', 'U'), ('డు', '|'), ('వా', 'U'), ('లి', '|'), ('ని', '|'), ('బ', '|'), ('డ', '|'), ('నే', 'U'), ('సి', '|'), ('తా', 'U'), ('మ', '|'), ('గు', '|'), ('డ', '|'), ('లీ', 'U'), ('ల', '|'), ('య', '|'), ('దూ', 'U'), ('ద్భ', '|'), ('వు', '|'), ('డై', 'U'), ('కి', '|'), ('రా', 'U'), ('తు', '|'), ('చే', 'U'), ('వి', '|'), ('ని', '|'), ('శి', '|'), ('త', '|'), ('బా', 'U'), ('ణ', '|'), ('పా', 'U'), ('త', '|'), ('ము', '|'), ('న', '|'), ('వీ', 'U'), ('డ్కొ', '|'), ('న', '|'), ('డే', 'U'), ('త', '|'), ('న', '|'), ('మే', 'U'), ('ను', '|'), ('భా', 'U'), ('స్క', '|'), ('రా', 'U')]",1.0,1.0,1.0,1.0,1.0,1.0
vutpalamaala,"రాకొమరుల్‌ రసజ్ఞునిఁ దిరంబుగ మన్నన నుంచినట్లు భూ
లోకమునందు మూఢుఁ దమ లోపలనుంపరు; నిక్కమే కదా!
చేకొని ముద్దుగాఁ జదువు చిల్కను బెంతురుగాక పెంతురే
కాకము నెవ్వరైన శుభకారణ సన్మునిసేవ్య భాస్కరా!",vruttamu,Bhaskara,"[('రా', 'U'), ('కొ', '|'), ('మ', '|'), ('రు', '|'), ('ల్ర', '|'), ('స', 'U'), ('జ్ఞు', '|'), ('ని', '|'), ('ది', '|'), ('రం', 'U'), ('బు', '|'), ('గ', '|'), ('మ', 'U'), ('న్న', '|'), ('న', '|'), ('నుం', 'U'), ('చి', '|'), ('న', 'U'), ('ట్లు', '|'), ('భూ', 'U'), ('లో', 'U'), ('క', '|'), ('ము', '|'), ('నం', 'U'), ('దు', '|'), ('మూ', 'U'), ('ఢు', '|'), ('ద', '|'), ('మ', '|'), ('లో', 'U'), ('ప', '|'), ('ల', '|'), ('నుం', 'U'), ('ప', '|'), ('రు', '|'), ('ని', 'U'), ('క్క', '|'), ('మే', 'U'), ('క', '|'), ('దా', 'U'), ('చే', 'U'), ('కొ', '|'), ('ని', '|'), ('ము', 'U'), ('ద్దు', '|'), ('గా', 'U'), ('జ', '|'), ('దు', '|'), ('వు', '|'), ('చి', 'U'), ('ల్క', '|'), ('ను', '|'), ('బెం', 'U'), ('తు', '|'), ('రు', '|'), ('గా', 'U'), ('క', '|'), ('పెం', 'U'), ('తు', '|'), ('రే', 'U'), ('కా', 'U'), ('క', '|'), ('ము', '|'), ('నె', 'U'), ('వ్వ', '|'), ('రై', 'U'), ('న', '|'), ('శు', '|'), ('భ', '|'), ('కా', 'U'), ('ర', '|'), ('ణ', '|'), ('స', 'U'), ('న్ము', '|'), ('ని', '|'), ('సే', 'U'), ('వ్య', '|'), ('భా', 'U'), ('స్క', '|'), ('రా', 'U')]",0.9928571428571429,1.0,1.0,0.9642857142857143,1.0,1.0
vutpalamaala,"లోకములోన దుర్జనుల లోఁతు నెఱుంగక చేరరాదు సు
శ్లోకుఁడు చేరినం గవయఁజూతురు చేయుదు రెక్కసక్కెముల్‌
కోకిలఁ గన్నచోట గుమికూడి యసహ్యపుఁ గూతలార్చుచుం
గాకులు తన్నవే తఱిమి కాయము తల్లడమంద భాస్కరా!",vruttamu,Bhaskara,"[('లో', 'U'), ('క', '|'), ('ము', '|'), ('లో', 'U'), ('న', '|'), ('దు', 'U'), ('ర్జ', '|'), ('ను', '|'), ('ల', '|'), ('లో', 'U'), ('తు', '|'), ('నె', '|'), ('ఱుం', 'U'), ('గ', '|'), ('క', '|'), ('చే', 'U'), ('ర', '|'), ('రా', 'U'), ('దు', '|'), ('సు', 'U'), ('శ్లో', 'U'), ('కు', '|'), ('డు', '|'), ('చే', 'U'), ('రి', '|'), ('నం', 'U'), ('గ', '|'), ('వ', '|'), ('య', '|'), ('జూ', 'U'), ('తు', '|'), ('రు', '|'), ('చే', 'U'), ('యు', '|'), ('దు', '|'), ('రె', 'U'), ('క్క', '|'), ('స', 'U'), ('క్కె', '|'), ('ముల్', 'U'), ('కో', 'U'), ('కి', '|'), ('ల', '|'), ('గ', 'U'), ('న్న', '|'), ('చో', 'U'), ('ట', '|'), ('గు', '|'), ('మి', '|'), ('కూ', 'U'), ('డి', '|'), ('య', '|'), ('స', 'U'), ('హ్య', '|'), ('పు', '|'), ('గూ', 'U'), ('త', '|'), ('లా', 'U'), ('ర్చు', '|'), ('చుం', 'U'), ('గా', 'U'), ('కు', '|'), ('లు', '|'), ('త', 'U'), ('న్న', '|'), ('వే', 'U'), ('త', '|'), ('ఱి', '|'), ('మి', '|'), ('కా', 'U'), ('య', '|'), ('ము', '|'), ('త', 'U'), ('ల్ల', '|'), ('డ', '|'), ('మం', 'U'), ('ద', '|'), ('భా', 'U'), ('స్క', '|'), ('రా', 'U')]",1.0,1.0,1.0,1.0,1.0,1.0
vutpalamaala,"లోను దృఢంబుగాని పెనులోభిని నమ్మి యసాధ్యకార్యముల్‌
కానక పూనునే నతఁడు గ్రక్కునఁ గూలును; నోటిపుట్టిపై
మానవుఁ డెక్కిపోవ నొకమాటు బుటుక్కున ముంపకుండునే
తానొకలోఁతునం గెడసి దానిఁ దరింపఁగ లేక భాస్కరా!",vruttamu,Bhaskara,"[('లో', 'U'), ('ను', '|'), ('దృ', '|'), ('ఢం', 'U'), ('బు', '|'), ('గా', 'U'), ('ని', '|'), ('పె', '|'), ('ను', '|'), ('లో', 'U'), ('భి', '|'), ('ని', '|'), ('న', 'U'), ('మ్మి', '|'), ('య', '|'), ('సా', 'U'), ('ధ్య', '|'), ('కా', 'U'), ('ర్య', '|'), ('ముల్', 'U'), ('కా', 'U'), ('న', '|'), ('క', '|'), ('పూ', 'U'), ('ను', '|'), ('నే', 'U'), ('న', '|'), ('త', '|'), ('డు', '|'), ('గ్ర', 'U'), ('క్కు', '|'), ('న', '|'), ('గూ', 'U'), ('లు', '|'), ('ను', '|'), ('నో', 'U'), ('టి', '|'), ('పు', 'U'), ('ట్టి', '|'), ('పై', 'U'), ('మా', 'U'), ('న', '|'), ('వు', '|'), ('డె', 'U'), ('క్కి', '|'), ('పో', 'U'), ('వ', '|'), ('నొ', '|'), ('క', '|'), ('మా', 'U'), ('టు', '|'), ('బు', '|'), ('టు', 'U'), ('క్కు', '|'), ('న', '|'), ('ముం', 'U'), ('ప', '|'), ('కుం', 'U'), ('డు', '|'), ('నే', 'U'), ('తా', 'U'), ('నొ', '|'), ('క', '|'), ('లో', 'U'), ('తు', '|'), ('నం', 'U'), ('గె', '|'), ('డ', '|'), ('సి', '|'), ('దా', 'U'), ('ని', '|'), ('ద', '|'), ('రిం', 'U'), ('ప', '|'), ('గ', '|'), ('లే', 'U'), ('క', '|'), ('భా', 'U'), ('స్క', '|'), ('రా', 'U')]",1.0,1.0,1.0,1.0,1.0,1.0
vutpalamaala,"వంచన యింతలేక యెటువంటి మహాత్ముల నాశ్రయించినం
గొంచెమె కాని మేలు సమకూడ దదృష్టము లేనివారికిన్‌;
సంచితబుద్ధి బ్రహ్మ ననిశంబును వీఁపున మోచునట్టి రా
యంచకుఁ దమ్మితూండ్లు దిననాయెఁగదా ఫలమేమి భాస్కరా!	",vruttamu,Bhaskara,"[('వం', 'U'), ('చ', '|'), ('న', '|'), ('యిం', 'U'), ('త', '|'), ('లే', 'U'), ('క', '|'), ('యె', '|'), ('టు', '|'), ('వం', 'U'), ('టి', '|'), ('మ', '|'), ('హా', 'U'), ('త్ము', '|'), ('ల', '|'), ('నా', 'U'), ('శ్ర', '|'), ('యిం', 'U'), ('చి', '|'), ('నం', 'U'), ('గొం', 'U'), ('చె', '|'), ('మె', '|'), ('కా', 'U'), ('ని', '|'), ('మే', 'U'), ('లు', '|'), ('స', '|'), ('మ', '|'), ('కూ', 'U'), ('డ', '|'), ('ద', '|'), ('దృ', 'U'), ('ష్ట', '|'), ('ము', '|'), ('లే', 'U'), ('ని', '|'), ('వా', 'U'), ('రి', '|'), ('కిన్', 'U'), ('సం', 'U'), ('చి', '|'), ('త', '|'), ('బు', 'U'), ('ద్ధి', '|'), ('బ్ర', 'U'), ('హ్మ', '|'), ('న', '|'), ('ని', '|'), ('శం', 'U'), ('బు', '|'), ('ను', '|'), ('వీ', 'U'), ('పు', '|'), ('న', '|'), ('మో', 'U'), ('చు', '|'), ('న', 'U'), ('ట్టి', '|'), ('రా', 'U'), ('యం', 'U'), ('చ', '|'), ('కు', '|'), ('ద', 'U'), ('మ్మి', '|'), ('తూం', 'U'), ('డ్లు', '|'), ('ది', '|'), ('న', '|'), ('నా', 'U'), ('యె', '|'), ('గ', '|'), ('దా', 'U'), ('ఫ', '|'), ('ల', '|'), ('మే', 'U'), ('మి', '|'), ('భా', 'U'), ('స్క', '|'), ('రా', 'U')]",0.95,1.0,1.0,1.0,0.75,1.0
vutpalamaala,"వట్టుచుఁ దండ్రి యత్యధమ వర్తనుఁడైననుగాని వానికిం
బుట్టిన పుత్త్రకుండు తన పుణ్యవశంబున దొడ్డధన్యుఁడౌ;
నెట్టన మఱ్ఱివిత్తు మునుపెంతయుఁ గొంచెము దానఁబుట్టునా
చెట్టు మహోన్నతత్వమును జెందదె శాఖలనిండి భాస్కరా!",vruttamu,Bhaskara,"[('వ', 'U'), ('ట్టు', '|'), ('చు', '|'), ('దం', 'U'), ('డ్రి', '|'), ('య', 'U'), ('త్య', '|'), ('ధ', '|'), ('మ', '|'), ('వ', 'U'), ('ర్త', '|'), ('ను', '|'), ('డై', 'U'), ('న', '|'), ('ను', '|'), ('గా', 'U'), ('ని', '|'), ('వా', 'U'), ('ని', '|'), ('కిం', 'U'), ('బు', 'U'), ('ట్టి', '|'), ('న', '|'), ('పు', 'U'), ('త్త్ర', '|'), ('కుం', 'U'), ('డు', '|'), ('త', '|'), ('న', '|'), ('పు', 'U'), ('ణ్య', '|'), ('వ', '|'), ('శం', 'U'), ('బు', '|'), ('న', '|'), ('దొ', 'U'), ('డ్డ', '|'), ('ధ', 'U'), ('న్యు', '|'), ('డౌ', 'U'), ('నె', 'U'), ('ట్ట', '|'), ('న', '|'), ('మ', 'U'), ('ఱ్ఱి', '|'), ('వి', 'U'), ('త్తు', '|'), ('ము', '|'), ('ను', '|'), ('పెం', 'U'), ('త', '|'), ('యు', '|'), ('గొం', 'U'), ('చె', '|'), ('ము', '|'), ('దా', 'U'), ('న', '|'), ('బు', 'U'), ('ట్టు', '|'), ('నా', 'U'), ('చె', 'U'), ('ట్టు', '|'), ('మ', '|'), ('హో', 'U'), ('న్న', '|'), ('త', 'U'), ('త్వ', '|'), ('ము', '|'), ('ను', '|'), ('జెం', 'U'), ('ద', '|'), ('దె', '|'), ('శా', 'U'), ('ఖ', '|'), ('ల', '|'), ('నిం', 'U'), ('డి', '|'), ('భా', 'U'), ('స్క', '|'), ('రా', 'U')]",0.95,1.0,1.0,1.0,0.75,1.0
champakamaala,"వలనుగఁ గానలందుఁ బ్రతివర్షమునం బులి నాలుగైదు పి
ల్లలఁ గను దూడనొక్కటి నిలం గను ధేనువు రెండుమూఁడు నేఁ
డుల కటులైన బెబ్బులి కుటుంబము లల్పములాయె నాలమం
దలు గడువృద్ధిఁ జెందవె యధర్మము ధర్మముఁ దెల్ప భాస్కరా!",vruttamu,Bhaskara,"[('వ', '|'), ('ల', '|'), ('ను', '|'), ('గ', '|'), ('గా', 'U'), ('న', '|'), ('లం', 'U'), ('దు', '|'), ('బ్ర', '|'), ('తి', '|'), ('వ', 'U'), ('ర్ష', '|'), ('ము', '|'), ('నం', 'U'), ('బు', '|'), ('లి', '|'), ('నా', 'U'), ('లు', '|'), ('గై', 'U'), ('దు', '|'), ('పి', 'U'), ('ల్ల', '|'), ('ల', '|'), ('గ', '|'), ('ను', '|'), ('దూ', 'U'), ('డ', '|'), ('నొ', 'U'), ('క్క', '|'), ('టి', '|'), ('ని', '|'), ('లం', 'U'), ('గ', '|'), ('ను', '|'), ('ధే', 'U'), ('ను', '|'), ('వు', '|'), ('రెం', 'U'), ('డు', '|'), ('మూ', 'U'), ('డు', '|'), ('నే', 'U'), ('డు', '|'), ('ల', '|'), ('క', '|'), ('టు', '|'), ('లై', 'U'), ('న', '|'), ('బె', 'U'), ('బ్బు', '|'), ('లి', '|'), ('కు', '|'), ('టుం', 'U'), ('బ', '|'), ('ము', '|'), ('ల', 'U'), ('ల్ప', '|'), ('ము', '|'), ('లా', 'U'), ('యె', '|'), ('నా', 'U'), ('ల', '|'), ('మం', 'U'), ('ద', '|'), ('లు', '|'), ('గ', '|'), ('డు', '|'), ('వృ', 'U'), ('ద్ధి', '|'), ('జెం', 'U'), ('ద', '|'), ('వె', '|'), ('య', '|'), ('ధ', 'U'), ('ర్మ', '|'), ('ము', '|'), ('ధ', 'U'), ('ర్మ', '|'), ('ము', '|'), ('దె', 'U'), ('ల్ప', '|'), ('భా', 'U'), ('స్క', '|'), ('రా', 'U')]",1.0,1.0,1.0,1.0,1.0,1.0
champakamaala,"వలవదు క్రూరసంగతి యవశ్య మొకప్పుడు సేయఁబడ్డచోఁ
గొలదియెఁ గాని యెక్కువలు గూడవు; తమ్ములపాకు లోపలం
గలసిన సున్నమించుకయ కాక మఱించుక యెక్కువైనచో
నలుగడఁ జుఱ్ఱుచుఱ్ఱుమని నాలుక పొక్కక యున్నె భాస్కరా!",vruttamu,Bhaskara,"[('వ', '|'), ('ల', '|'), ('వ', '|'), ('దు', '|'), ('క్రూ', 'U'), ('ర', '|'), ('సం', 'U'), ('గ', '|'), ('తి', '|'), ('య', '|'), ('వ', 'U'), ('శ్య', '|'), ('మొ', '|'), ('క', 'U'), ('ప్పు', '|'), ('డు', '|'), ('సే', 'U'), ('య', '|'), ('బ', 'U'), ('డ్డ', '|'), ('చో', 'U'), ('గొ', '|'), ('ల', '|'), ('ది', '|'), ('యె', '|'), ('గా', 'U'), ('ని', '|'), ('యె', 'U'), ('క్కు', '|'), ('వ', '|'), ('లు', '|'), ('గూ', 'U'), ('డ', '|'), ('వు', '|'), ('త', 'U'), ('మ్ము', '|'), ('ల', '|'), ('పా', 'U'), ('కు', '|'), ('లో', 'U'), ('ప', '|'), ('లం', 'U'), ('గ', '|'), ('ల', '|'), ('సి', '|'), ('న', '|'), ('సు', 'U'), ('న్న', '|'), ('మిం', 'U'), ('చు', '|'), ('క', '|'), ('య', '|'), ('కా', 'U'), ('క', '|'), ('మ', '|'), ('ఱిం', 'U'), ('చు', '|'), ('క', '|'), ('యె', 'U'), ('క్కు', '|'), ('వై', 'U'), ('న', '|'), ('చో', 'U'), ('న', '|'), ('లు', '|'), ('గ', '|'), ('డ', '|'), ('జు', 'U'), ('ఱ్ఱు', '|'), ('చు', 'U'), ('ఱ్ఱు', '|'), ('మ', '|'), ('ని', '|'), ('నా', 'U'), ('లు', '|'), ('క', '|'), ('పొ', 'U'), ('క్క', '|'), ('క', '|'), ('యు', 'U'), ('న్నె', '|'), ('భా', 'U'), ('స్క', '|'), ('రా', 'U')]",1.0,1.0,1.0,1.0,1.0,1.0
vutpalamaala,"వానికి విద్యచేత సిరివచ్చె నటంచును విద్య నేర్వఁగాఁ
బూనినఁ బూనుఁగాక తన పుణ్యము చాలక భాగ్యరేఖకుం
బూనఁగ నెవ్వఁడోపు; సరిపో చెవి పెంచును గాకదృష్టతా
హీనుఁడు కర్ణభూషణము లెట్లు గడింపఁగనోపు? భాస్కరా!",vruttamu,Bhaskara,"[('వా', 'U'), ('ని', '|'), ('కి', '|'), ('వి', 'U'), ('ద్య', '|'), ('చే', 'U'), ('త', '|'), ('సి', '|'), ('రి', '|'), ('వ', 'U'), ('చ్చె', '|'), ('న', '|'), ('టం', 'U'), ('చు', '|'), ('ను', '|'), ('వి', 'U'), ('ద్య', '|'), ('నే', 'U'), ('ర్వ', '|'), ('గా', 'U'), ('బూ', 'U'), ('ని', '|'), ('న', '|'), ('బూ', 'U'), ('ను', '|'), ('గా', 'U'), ('క', '|'), ('త', '|'), ('న', '|'), ('పు', 'U'), ('ణ్య', '|'), ('ము', '|'), ('చా', 'U'), ('ల', '|'), ('క', '|'), ('భా', 'U'), ('గ్య', '|'), ('రే', 'U'), ('ఖ', '|'), ('కుం', 'U'), ('బూ', 'U'), ('న', '|'), ('గ', '|'), ('నె', 'U'), ('వ్వ', '|'), ('డో', 'U'), ('పు', '|'), ('స', '|'), ('రి', '|'), ('పో', 'U'), ('చె', '|'), ('వి', '|'), ('పెం', 'U'), ('చు', '|'), ('ను', '|'), ('గా', 'U'), ('క', '|'), ('దృ', 'U'), ('ష్ట', '|'), ('తా', 'U'), ('హీ', 'U'), ('ను', '|'), ('డు', '|'), ('క', 'U'), ('ర్ణ', '|'), ('భూ', 'U'), ('ష', '|'), ('ణ', '|'), ('ము', '|'), ('లె', 'U'), ('ట్లు', '|'), ('గ', '|'), ('డిం', 'U'), ('ప', '|'), ('గ', '|'), ('నో', 'U'), ('పు', '|'), ('భా', 'U'), ('స్క', '|'), ('రా', 'U')]",0.95,1.0,1.0,1.0,0.75,1.0
vutpalamaala,"సంతత పుణ్యశాలి నొక జాడను సంపద వాసిపోయి తా
నంతటఁ బోక నెట్టుకొని యప్పటియట్ల వసించియుండు; మా
సాంతమునందుఁ జందురుని నన్నికళల్‌ పెడఁబాసి పోయినం
గాంతి వహింపఁడటోటు? తిరుగంబడి దేహమునిండ భాస్కరా!",vruttamu,Bhaskara,"[('సం', 'U'), ('త', '|'), ('త', '|'), ('పు', 'U'), ('ణ్య', '|'), ('శా', 'U'), ('లి', '|'), ('నొ', '|'), ('క', '|'), ('జా', 'U'), ('డ', '|'), ('ను', '|'), ('సం', 'U'), ('ప', '|'), ('ద', '|'), ('వా', 'U'), ('సి', '|'), ('పో', 'U'), ('యి', '|'), ('తా', 'U'), ('నం', 'U'), ('త', '|'), ('ట', '|'), ('బో', 'U'), ('క', '|'), ('నె', 'U'), ('ట్టు', '|'), ('కొ', '|'), ('ని', '|'), ('య', 'U'), ('ప్ప', '|'), ('టి', '|'), ('య', 'U'), ('ట్ల', '|'), ('వ', '|'), ('సిం', 'U'), ('చి', '|'), ('యుం', 'U'), ('డు', '|'), ('మా', 'U'), ('సాం', 'U'), ('త', '|'), ('ము', '|'), ('నం', 'U'), ('దు', '|'), ('జం', 'U'), ('దు', '|'), ('రు', '|'), ('ని', '|'), ('న', 'U'), ('న్ని', '|'), ('క', '|'), ('ళ', 'U'), ('ల్పె', '|'), ('డ', '|'), ('బా', 'U'), ('సి', '|'), ('పో', 'U'), ('యి', '|'), ('నం', 'U'), ('గాం', 'U'), ('తి', '|'), ('వ', '|'), ('హిం', 'U'), ('ప', '|'), ('డ', '|'), ('టో', 'U'), ('టు', '|'), ('తి', '|'), ('రు', '|'), ('గం', 'U'), ('బ', '|'), ('డి', '|'), ('దే', 'U'), ('హ', '|'), ('ము', '|'), ('నిం', 'U'), ('డ', '|'), ('భా', 'U'), ('స్క', '|'), ('రా', 'U')]",0.8046428571428571,0.9875,1.0,0.7857142857142857,0.25,1.0
champakamaala,"సకలజన ప్రియత్వము నిజంబుగఁ గల్గిన పుణ్యశాలి కొ
క్కొకయెడ నాపదైనఁ దడవుండదు వేగమె పాసిపోవుగా;
యకలుషమూర్తియైన యమృతాంశుఁడు రాహువు తన్ను మ్రింగినం
డకటక మాని యుండఁడె! దృఢస్థితి నెప్పటియట్ల భాస్కరా!",vruttamu,Bhaskara,"[('స', '|'), ('క', '|'), ('ల', '|'), ('జ', '|'), ('న', '|'), ('ప్రి', '|'), ('య', 'U'), ('త్వ', '|'), ('ము', '|'), ('ని', '|'), ('జం', 'U'), ('బు', '|'), ('గ', '|'), ('గ', 'U'), ('ల్గి', '|'), ('న', '|'), ('పు', 'U'), ('ణ్య', '|'), ('శా', 'U'), ('లి', '|'), ('కొ', 'U'), ('క్కొ', '|'), ('క', '|'), ('యె', '|'), ('డ', '|'), ('నా', 'U'), ('ప', '|'), ('దై', 'U'), ('న', '|'), ('ద', '|'), ('డ', '|'), ('వుం', 'U'), ('డ', '|'), ('దు', '|'), ('వే', 'U'), ('గ', '|'), ('మె', '|'), ('పా', 'U'), ('సి', '|'), ('పో', 'U'), ('వు', '|'), ('గా', 'U'), ('య', '|'), ('క', '|'), ('లు', '|'), ('ష', '|'), ('మూ', 'U'), ('ర్తి', '|'), ('యై', 'U'), ('న', '|'), ('య', '|'), ('మృ', '|'), ('తాం', 'U'), ('శు', '|'), ('డు', '|'), ('రా', 'U'), ('హు', '|'), ('వు', '|'), ('త', 'U'), ('న్ను', '|'), ('మ్రిం', 'U'), ('గి', '|'), ('నం', 'U'), ('డ', '|'), ('క', '|'), ('ట', '|'), ('క', '|'), ('మా', 'U'), ('ని', '|'), ('యుం', 'U'), ('డ', '|'), ('డె', '|'), ('దృ', '|'), ('ఢ', 'U'), ('స్థి', '|'), ('తి', '|'), ('నె', 'U'), ('ప్ప', '|'), ('టి', '|'), ('య', 'U'), ('ట్ల', '|'), ('భా', 'U'), ('స్క', '|'), ('రా', 'U')]",0.8928571428571429,1.0,1.0,0.9642857142857143,0.5,1.0
champakamaala,"సన్నుత కార్యదక్షుఁడొక చాయ నిజప్రభ యప్రకాశమై
యున్నపుడైన లోకులకు నొండక మేలొనరించు సత్త్వసం
పన్నుఁడు భీముఁడా ద్విజుల ప్రాణము కాఁవడె యేకచక్రమం
దెన్నికగా బకాసురుని నేపున రూపడఁగించి భాస్కరా!",vruttamu,Bhaskara,"[('స', 'U'), ('న్ను', '|'), ('త', '|'), ('కా', 'U'), ('ర్య', '|'), ('ద', 'U'), ('క్షు', '|'), ('డొ', '|'), ('క', '|'), ('చా', 'U'), ('య', '|'), ('ని', '|'), ('జ', '|'), ('ప్ర', '|'), ('భ', '|'), ('య', '|'), ('ప్ర', '|'), ('కా', 'U'), ('శ', '|'), ('మై', 'U'), ('యు', 'U'), ('న్న', '|'), ('పు', '|'), ('డై', 'U'), ('న', '|'), ('లో', 'U'), ('కు', '|'), ('ల', '|'), ('కు', '|'), ('నొం', 'U'), ('డ', '|'), ('క', '|'), ('మే', 'U'), ('లొ', '|'), ('న', '|'), ('రిం', 'U'), ('చు', '|'), ('స', 'U'), ('త్త్వ', '|'), ('సం', 'U'), ('ప', 'U'), ('న్ను', '|'), ('డు', '|'), ('భీ', 'U'), ('ము', '|'), ('డా', 'U'), ('ద్వి', '|'), ('జు', '|'), ('ల', '|'), ('ప్రా', 'U'), ('ణ', '|'), ('ము', '|'), ('కా', 'U'), ('వ', '|'), ('డె', '|'), ('యే', 'U'), ('క', '|'), ('చ', '|'), ('క్ర', '|'), ('మం', 'U'), ('దె', 'U'), ('న్ని', '|'), ('క', '|'), ('గా', 'U'), ('బ', '|'), ('కా', 'U'), ('సు', '|'), ('రు', '|'), ('ని', '|'), ('నే', 'U'), ('పు', '|'), ('న', '|'), ('రూ', 'U'), ('ప', '|'), ('డ', '|'), ('గిం', 'U'), ('చి', '|'), ('భా', 'U'), ('స్క', '|'), ('రా', 'U')]",0.4761904761904762,0.9523809523809523,1.0,0.1785714285714286,0.0,0.25
champakamaala,"సరసగుణ ప్రపూర్ణునకు సన్నపు దుర్గుణ మొక్కవేళ యం
దొరసిన నిటు నీకుఁ దగునో యని చెప్పిన మాన నేర్చుగా
బురద యొకించుకంత తముఁ బొందిన వేళలఁ జిల్లవిత్తుపై
నొరసిన నిర్మలత్వమున నుండవె నీరములెల్ల భాస్కరా!",vruttamu,Bhaskara,"[('స', '|'), ('ర', '|'), ('స', '|'), ('గు', '|'), ('ణ', '|'), ('ప్ర', '|'), ('పూ', 'U'), ('ర్ణు', '|'), ('న', '|'), ('కు', '|'), ('స', 'U'), ('న్న', '|'), ('పు', '|'), ('దు', 'U'), ('ర్గు', '|'), ('ణ', '|'), ('మొ', 'U'), ('క్క', '|'), ('వే', 'U'), ('ళ', '|'), ('యం', 'U'), ('దొ', '|'), ('ర', '|'), ('సి', '|'), ('న', '|'), ('ని', '|'), ('టు', '|'), ('నీ', 'U'), ('కు', '|'), ('ద', '|'), ('గు', '|'), ('నో', 'U'), ('య', '|'), ('ని', '|'), ('చె', 'U'), ('ప్పి', '|'), ('న', '|'), ('మా', 'U'), ('న', '|'), ('నే', 'U'), ('ర్చు', '|'), ('గా', 'U'), ('బు', '|'), ('ర', '|'), ('ద', '|'), ('యొ', '|'), ('కిం', 'U'), ('చు', '|'), ('కం', 'U'), ('త', '|'), ('త', '|'), ('ము', '|'), ('బొం', 'U'), ('ది', '|'), ('న', '|'), ('వే', 'U'), ('ళ', '|'), ('ల', '|'), ('జి', 'U'), ('ల్ల', '|'), ('వి', 'U'), ('త్తు', '|'), ('పై', 'U'), ('నొ', '|'), ('ర', '|'), ('సి', '|'), ('న', '|'), ('ని', 'U'), ('ర్మ', '|'), ('ల', 'U'), ('త్వ', '|'), ('ము', '|'), ('న', '|'), ('నుం', 'U'), ('డ', '|'), ('వె', '|'), ('నీ', 'U'), ('ర', '|'), ('ము', '|'), ('లె', 'U'), ('ల్ల', '|'), ('భా', 'U'), ('స్క', '|'), ('రా', 'U')]",0.9357142857142857,1.0,1.0,0.9285714285714286,0.75,1.0
champakamaala,"సరసదయాగుణంబుగల జాణ మహిం గడు నొచ్చియుం
దఱచుగ వాని కాసపడి దాయఁగ వత్తురు లోకులెట్లనం
జెఱకురసంబు గానుఁగను జిప్పిలిపోయిన మీదఁ బిప్పియై
ధరఁ బడియున్నఁ జేరవె ముదంబునఁ జీమలు పెక్కు భాస్కరా!",vruttamu,Bhaskara,"[('స', '|'), ('ర', '|'), ('స', '|'), ('ద', '|'), ('యా', 'U'), ('గు', '|'), ('ణం', 'U'), ('బు', '|'), ('గ', '|'), ('ల', '|'), ('జా', 'U'), ('ణ', '|'), ('మ', '|'), ('హిం', 'U'), ('గ', '|'), ('డు', '|'), ('నొ', 'U'), ('చ్చి', '|'), ('యుం', 'U'), ('ద', '|'), ('ఱ', '|'), ('చు', '|'), ('గ', '|'), ('వా', 'U'), ('ని', '|'), ('కా', 'U'), ('స', '|'), ('ప', '|'), ('డి', '|'), ('దా', 'U'), ('య', '|'), ('గ', '|'), ('వ', 'U'), ('త్తు', '|'), ('రు', '|'), ('లో', 'U'), ('కు', '|'), ('లె', 'U'), ('ట్ల', '|'), ('నం', 'U'), ('జె', '|'), ('ఱ', '|'), ('కు', '|'), ('ర', '|'), ('సం', 'U'), ('బు', '|'), ('గా', 'U'), ('ను', '|'), ('గ', '|'), ('ను', '|'), ('జి', 'U'), ('ప్పి', '|'), ('లి', '|'), ('పో', 'U'), ('యి', '|'), ('న', '|'), ('మీ', 'U'), ('ద', '|'), ('బి', 'U'), ('ప్పి', '|'), ('యై', 'U'), ('ధ', '|'), ('ర', '|'), ('బ', '|'), ('డి', '|'), ('యు', 'U'), ('న్న', '|'), ('జే', 'U'), ('ర', '|'), ('వె', '|'), ('ము', '|'), ('దం', 'U'), ('బు', '|'), ('న', '|'), ('జీ', 'U'), ('మ', '|'), ('లు', '|'), ('పె', 'U'), ('క్కు', '|'), ('భా', 'U'), ('స్క', '|'), ('రా', 'U')]",0.6309523809523809,0.9761904761904762,1.0,0.4285714285714285,0.25,0.5
vutpalamaala,"సారవివేకవర్తనల సన్నుతికెక్కిన వారిలోపలం
జేరినయంత మూఢులకుఁ జేపడ దానడ; యెట్టులన్నఁ గా
సారములోన హంసముల సంగతి నుండెడి కొంగపిట్ట కే
తీరునఁ గల్గ నేర్చును దదీయగతుల్‌ దలపోయ భాస్కరా!",vruttamu,Bhaskara,"[('సా', 'U'), ('ర', '|'), ('వి', '|'), ('వే', 'U'), ('క', '|'), ('వ', 'U'), ('ర్త', '|'), ('న', '|'), ('ల', '|'), ('స', 'U'), ('న్ను', '|'), ('తి', '|'), ('కె', 'U'), ('క్కి', '|'), ('న', '|'), ('వా', 'U'), ('రి', '|'), ('లో', 'U'), ('ప', '|'), ('లం', 'U'), ('జే', 'U'), ('రి', '|'), ('న', '|'), ('యం', 'U'), ('త', '|'), ('మూ', 'U'), ('ఢు', '|'), ('ల', '|'), ('కు', '|'), ('జే', 'U'), ('ప', '|'), ('డ', '|'), ('దా', 'U'), ('న', '|'), ('డ', '|'), ('యె', 'U'), ('ట్టు', '|'), ('ల', 'U'), ('న్న', '|'), ('గా', 'U'), ('సా', 'U'), ('ర', '|'), ('ము', '|'), ('లో', 'U'), ('న', '|'), ('హం', 'U'), ('స', '|'), ('ము', '|'), ('ల', '|'), ('సం', 'U'), ('గ', '|'), ('తి', '|'), ('నుం', 'U'), ('డె', '|'), ('డి', '|'), ('కొం', 'U'), ('గ', '|'), ('పి', 'U'), ('ట్ట', '|'), ('కే', 'U'), ('తీ', 'U'), ('రు', '|'), ('న', '|'), ('గ', 'U'), ('ల్గ', '|'), ('నే', 'U'), ('ర్చు', '|'), ('ను', '|'), ('ద', '|'), ('దీ', 'U'), ('య', '|'), ('గ', '|'), ('తు', 'U'), ('ల్ద', '|'), ('ల', '|'), ('పో', 'U'), ('య', '|'), ('భా', 'U'), ('స్క', '|'), ('రా', 'U')]",1.0,1.0,1.0,1.0,1.0,1.0
vutpalamaala,"స్థానముఁ దప్పివచ్చునెడఁ దానెటువంటి బలాఢ్యుఁడున్‌ నిజ
స్థానికుఁడైన యల్పుని కతంబున నైనను మోసపోవుఁగా;
కానల లోపలన్‌ వెడలి గంధగజం బొకనాఁడు నీటిలోఁ
గానక చొచ్చినన్‌ మొసలి కాటుకు లోఁబడదటోటు భాస్కరా!",vruttamu,Bhaskara,"[('స్థా', 'U'), ('న', '|'), ('ము', '|'), ('ద', 'U'), ('ప్పి', '|'), ('వ', 'U'), ('చ్చు', '|'), ('నె', '|'), ('డ', '|'), ('దా', 'U'), ('నె', '|'), ('టు', '|'), ('వం', 'U'), ('టి', '|'), ('బ', '|'), ('లా', 'U'), ('ఢ్యు', '|'), ('డు', 'U'), ('న్ని', '|'), ('జ', 'U'), ('స్థా', 'U'), ('ని', '|'), ('కు', '|'), ('డై', 'U'), ('న', '|'), ('య', 'U'), ('ల్పు', '|'), ('ని', '|'), ('క', '|'), ('తం', 'U'), ('బు', '|'), ('న', '|'), ('నై', 'U'), ('న', '|'), ('ను', '|'), ('మో', 'U'), ('స', '|'), ('పో', 'U'), ('వు', '|'), ('గా', 'U'), ('కా', 'U'), ('న', '|'), ('ల', '|'), ('లో', 'U'), ('ప', '|'), ('ల', 'U'), ('న్వె', '|'), ('డ', '|'), ('లి', '|'), ('గం', 'U'), ('ధ', '|'), ('గ', '|'), ('జం', 'U'), ('బొ', '|'), ('క', '|'), ('నా', 'U'), ('డు', '|'), ('నీ', 'U'), ('టి', '|'), ('లో', 'U'), ('గా', 'U'), ('న', '|'), ('క', '|'), ('చొ', 'U'), ('చ్చి', '|'), ('న', 'U'), ('న్మొ', '|'), ('స', '|'), ('లి', '|'), ('కా', 'U'), ('టు', '|'), ('కు', '|'), ('లో', 'U'), ('బ', '|'), ('డ', '|'), ('ద', '|'), ('టో', 'U'), ('టు', '|'), ('భా', 'U'), ('స్క', '|'), ('రా', 'U')]",0.9832142857142857,0.9875,1.0,0.9285714285714286,1.0,1.0
champakamaala,"సిరిగలవాని కెయ్యెడలఁ జేసిన మేలది నిష్ఫలం బగున్‌
నెఱిగుఱి గాదు పేదలకు నేర్పునఁ జేసిన సత్ఫలంబగున్‌
వఱపున వచ్చి మేఘుఁడొక వర్షము వాడిన చేలమీఁదటం
గురిసినఁగాక యంబుధులఁ గుర్వఁగ నేమి ఫలంబు భాస్కరా!",vruttamu,Bhaskara,"[('సి', '|'), ('రి', '|'), ('గ', '|'), ('ల', '|'), ('వా', 'U'), ('ని', '|'), ('కె', 'U'), ('య్యె', '|'), ('డ', '|'), ('ల', '|'), ('జే', 'U'), ('సి', '|'), ('న', '|'), ('మే', 'U'), ('ల', '|'), ('ది', '|'), ('ని', 'U'), ('ష్ఫ', '|'), ('లం', 'U'), ('బ', '|'), ('గున్', 'U'), ('నె', '|'), ('ఱి', '|'), ('గు', '|'), ('ఱి', '|'), ('గా', 'U'), ('దు', '|'), ('పే', 'U'), ('ద', '|'), ('ల', '|'), ('కు', '|'), ('నే', 'U'), ('ర్పు', '|'), ('న', '|'), ('జే', 'U'), ('సి', '|'), ('న', '|'), ('స', 'U'), ('త్ఫ', '|'), ('లం', 'U'), ('బ', '|'), ('గున్', 'U'), ('వ', '|'), ('ఱ', '|'), ('పు', '|'), ('న', '|'), ('వ', 'U'), ('చ్చి', '|'), ('మే', 'U'), ('ఘు', '|'), ('డొ', '|'), ('క', '|'), ('వ', 'U'), ('ర్ష', '|'), ('ము', '|'), ('వా', 'U'), ('డి', '|'), ('న', '|'), ('చే', 'U'), ('ల', '|'), ('మీ', 'U'), ('ద', '|'), ('టం', 'U'), ('గు', '|'), ('రి', '|'), ('సి', '|'), ('న', '|'), ('గా', 'U'), ('క', '|'), ('యం', 'U'), ('బు', '|'), ('ధు', '|'), ('ల', '|'), ('గు', 'U'), ('ర్వ', '|'), ('గ', '|'), ('నే', 'U'), ('మి', '|'), ('ఫ', '|'), ('లం', 'U'), ('బు', '|'), ('భా', 'U'), ('స్క', '|'), ('రా', 'U')]",0.9,1.0,1.0,1.0,1.0,0.5
champakamaala,"సిరివలెనేని సింహగుహ చెంత వసించినఁ జాలు సింహముల్‌
కరుల వధింపఁగా నచటఁ గల్గును దంతచయంబు ముత్యముల్‌
హరువుగ నక్కబొక్క కడ నాశ్రయమందిన నేమి గల్గెడుం
గొరిసెలు దూడతోఁకలును గొమ్ములు నెమ్ములుఁగాక భాస్కరా!",vruttamu,Bhaskara,"[('సి', '|'), ('రి', '|'), ('వ', '|'), ('లె', '|'), ('నే', 'U'), ('ని', '|'), ('సిం', 'U'), ('హ', '|'), ('గు', '|'), ('హ', '|'), ('చెం', 'U'), ('త', '|'), ('వ', '|'), ('సిం', 'U'), ('చి', '|'), ('న', '|'), ('జా', 'U'), ('లు', '|'), ('సిం', 'U'), ('హ', '|'), ('ముల్', 'U'), ('క', '|'), ('రు', '|'), ('ల', '|'), ('వ', '|'), ('ధిం', 'U'), ('ప', '|'), ('గా', 'U'), ('న', '|'), ('చ', '|'), ('ట', '|'), ('గ', 'U'), ('ల్గు', '|'), ('ను', '|'), ('దం', 'U'), ('త', '|'), ('చ', '|'), ('యం', 'U'), ('బు', '|'), ('ము', 'U'), ('త్య', '|'), ('ముల్', 'U'), ('హ', '|'), ('రు', '|'), ('వు', '|'), ('గ', '|'), ('న', 'U'), ('క్క', '|'), ('బొ', 'U'), ('క్క', '|'), ('క', '|'), ('డ', '|'), ('నా', 'U'), ('శ్ర', '|'), ('య', '|'), ('మం', 'U'), ('ది', '|'), ('న', '|'), ('నే', 'U'), ('మి', '|'), ('గ', 'U'), ('ల్గె', '|'), ('డుం', 'U'), ('గొ', '|'), ('రి', '|'), ('సె', '|'), ('లు', '|'), ('దూ', 'U'), ('డ', '|'), ('తో', 'U'), ('క', '|'), ('లు', '|'), ('ను', '|'), ('గొ', 'U'), ('మ్ము', '|'), ('లు', '|'), ('నె', 'U'), ('మ్ము', '|'), ('లు', '|'), ('గా', 'U'), ('క', '|'), ('భా', 'U'), ('స్క', '|'), ('రా', 'U')]",0.95,1.0,1.0,1.0,0.75,1.0
champakamaala,"స్థిరతర ధర్మవర్తన బ్రసిద్ధికి నెక్కినవాని నొక్క ము
ష్కరుఁ డతినీచవాక్యములఁ గాదని పల్కిన నమ్మహాత్ముఁడుం
గొఱఁత వహింపఁడయ్యెడ; నకుంఠిత పూర్ణసుధాపయోధిలో
నరుగుచుఁ గాకి రెట్ట యిడినందున నేమి కొఱంత భాస్కరా!",vruttamu,Bhaskara,"[('స్థి', '|'), ('ర', '|'), ('త', '|'), ('ర', '|'), ('ధ', 'U'), ('ర్మ', '|'), ('వ', 'U'), ('ర్త', '|'), ('న', '|'), ('బ్ర', '|'), ('సి', 'U'), ('ద్ధి', '|'), ('కి', '|'), ('నె', 'U'), ('క్కి', '|'), ('న', '|'), ('వా', 'U'), ('ని', '|'), ('నొ', 'U'), ('క్క', '|'), ('ము', 'U'), ('ష్క', '|'), ('రు', '|'), ('డ', '|'), ('తి', '|'), ('నీ', 'U'), ('చ', '|'), ('వా', 'U'), ('క్య', '|'), ('ము', '|'), ('ల', '|'), ('గా', 'U'), ('ద', '|'), ('ని', '|'), ('ప', 'U'), ('ల్కి', '|'), ('న', '|'), ('న', 'U'), ('మ్మ', '|'), ('హా', 'U'), ('త్ము', '|'), ('డుం', 'U'), ('గొ', '|'), ('ఱ', '|'), ('త', '|'), ('వ', '|'), ('హిం', 'U'), ('ప', '|'), ('డ', 'U'), ('య్యె', '|'), ('డ', '|'), ('న', '|'), ('కుం', 'U'), ('ఠి', '|'), ('త', '|'), ('పూ', 'U'), ('ర్ణ', '|'), ('సు', '|'), ('ధా', 'U'), ('ప', '|'), ('యో', 'U'), ('ధి', '|'), ('లో', 'U'), ('న', '|'), ('రు', '|'), ('గు', '|'), ('చు', '|'), ('గా', 'U'), ('కి', '|'), ('రె', 'U'), ('ట్ట', '|'), ('యి', '|'), ('డి', '|'), ('నం', 'U'), ('దు', '|'), ('న', '|'), ('నే', 'U'), ('మి', '|'), ('కొ', '|'), ('ఱం', 'U'), ('త', '|'), ('భా', 'U'), ('స్క', '|'), ('రా', 'U')]",0.95,1.0,1.0,1.0,1.0,0.75
champakamaala,"స్ఫురతర కీర్తిమంతులగు పుత్త్రుల గాంచినఁగాక మూఢము
ష్కరులఁ గనంగఁ దేజములు గల్గవుగా; మణికీలితాంగుళా
భరణము లంగుళంబుల శుభస్థితిఁ బెట్టినఁగాక గాజు టుం
గరములు పెట్టినందున వికాసము గల్గునటయ్య? భాస్కరా!",vruttamu,Bhaskara,"[('స్ఫు', '|'), ('ర', '|'), ('త', '|'), ('ర', '|'), ('కీ', 'U'), ('ర్తి', '|'), ('మం', 'U'), ('తు', '|'), ('ల', '|'), ('గు', '|'), ('పు', 'U'), ('త్త్రు', '|'), ('ల', '|'), ('గాం', 'U'), ('చి', '|'), ('న', '|'), ('గా', 'U'), ('క', '|'), ('మూ', 'U'), ('ఢ', '|'), ('ము', 'U'), ('ష్క', '|'), ('రు', '|'), ('ల', '|'), ('గ', '|'), ('నం', 'U'), ('గ', '|'), ('దే', 'U'), ('జ', '|'), ('ము', '|'), ('లు', '|'), ('గ', 'U'), ('ల్గ', '|'), ('వు', '|'), ('గా', 'U'), ('మ', '|'), ('ణి', '|'), ('కీ', 'U'), ('లి', '|'), ('తాం', 'U'), ('గు', '|'), ('ళా', 'U'), ('భ', '|'), ('ర', '|'), ('ణ', '|'), ('ము', '|'), ('లం', 'U'), ('గు', '|'), ('ళం', 'U'), ('బు', '|'), ('ల', '|'), ('శు', '|'), ('భ', 'U'), ('స్థి', '|'), ('తి', '|'), ('బె', 'U'), ('ట్టి', '|'), ('న', '|'), ('గా', 'U'), ('క', '|'), ('గా', 'U'), ('జు', '|'), ('టుం', 'U'), ('గ', '|'), ('ర', '|'), ('ము', '|'), ('లు', '|'), ('పె', 'U'), ('ట్టి', '|'), ('నం', 'U'), ('దు', '|'), ('న', '|'), ('వి', '|'), ('కా', 'U'), ('స', '|'), ('ము', '|'), ('గ', 'U'), ('ల్గు', '|'), ('న', '|'), ('ట', 'U'), ('య్య', '|'), ('భా', 'U'), ('స్క', '|'), ('రా', 'U')]",1.0,1.0,1.0,1.0,1.0,1.0
vutpalamaala,"సేనగ వాంఛితాన్నము భుజింపఁగలప్పుడు కాక లేనిచో
మేనులు డస్సియుంట నిజమేకద దేహుల కగ్నిహోత్రుఁడౌ
నే నిజభోజ్యముల్‌ గుడుచు నేనియుఁ బుష్టి వహించు లేనిఁనా
డూని విభూతిలోనడఁగి యుండఁడె తేజము తప్పి భాస్కరా!",vruttamu,Bhaskara,"[('సే', 'U'), ('న', '|'), ('గ', '|'), ('వాం', 'U'), ('ఛి', '|'), ('తా', 'U'), ('న్న', '|'), ('ము', '|'), ('భు', '|'), ('జిం', 'U'), ('ప', '|'), ('గ', '|'), ('ల', 'U'), ('ప్పు', '|'), ('డు', '|'), ('కా', 'U'), ('క', '|'), ('లే', 'U'), ('ని', '|'), ('చో', 'U'), ('మే', 'U'), ('ను', '|'), ('లు', '|'), ('డ', 'U'), ('స్సి', '|'), ('యుం', 'U'), ('ట', '|'), ('ని', '|'), ('జ', '|'), ('మే', 'U'), ('క', '|'), ('ద', '|'), ('దే', 'U'), ('హు', '|'), ('ల', '|'), ('క', 'U'), ('గ్ని', '|'), ('హో', 'U'), ('త్రు', '|'), ('డౌ', 'U'), ('నే', 'U'), ('ని', '|'), ('జ', '|'), ('భో', 'U'), ('జ్య', '|'), ('ము', 'U'), ('ల్గు', '|'), ('డు', '|'), ('చు', '|'), ('నే', 'U'), ('ని', '|'), ('యు', '|'), ('బు', 'U'), ('ష్టి', '|'), ('వ', '|'), ('హిం', 'U'), ('చు', '|'), ('లే', 'U'), ('ని', '|'), ('నా', 'U'), ('డూ', 'U'), ('ని', '|'), ('వి', '|'), ('భూ', 'U'), ('తి', '|'), ('లో', 'U'), ('న', '|'), ('డ', '|'), ('గి', '|'), ('యుం', 'U'), ('డ', '|'), ('డె', '|'), ('తే', 'U'), ('జ', '|'), ('ము', '|'), ('త', 'U'), ('ప్పి', '|'), ('భా', 'U'), ('స్క', '|'), ('రా', 'U')]",0.95,1.0,1.0,1.0,0.75,1.0
vutpalamaala,"హాళి నిజప్రబుద్ధి తిరమైన విధంబునఁ బెట్టుబుద్ధులా
వేళలకంతె కాని మఱి వెన్కకు నిల్వవు; హేమకాంతి యె
న్నాళులకుండుఁ గాని యొకనాడు పదంపడి సానఁ బట్టినన్‌
దాళియు నుండునే యినుప తాటకఁ జాయలు పోక భాస్కరా!",vruttamu,Bhaskara,"[('హా', 'U'), ('ళి', '|'), ('ని', '|'), ('జ', '|'), ('ప్ర', '|'), ('బు', 'U'), ('ద్ధి', '|'), ('తి', '|'), ('ర', '|'), ('మై', 'U'), ('న', '|'), ('వి', '|'), ('ధం', 'U'), ('బు', '|'), ('న', '|'), ('బె', 'U'), ('ట్టు', '|'), ('బు', 'U'), ('ద్ధు', '|'), ('లా', 'U'), ('వే', 'U'), ('ళ', '|'), ('ల', '|'), ('కం', 'U'), ('తె', '|'), ('కా', 'U'), ('ని', '|'), ('మ', '|'), ('ఱి', '|'), ('వె', 'U'), ('న్క', '|'), ('కు', '|'), ('ని', 'U'), ('ల్వ', '|'), ('వు', '|'), ('హే', 'U'), ('మ', '|'), ('కాం', 'U'), ('తి', '|'), ('యె', 'U'), ('న్నా', 'U'), ('ళు', '|'), ('ల', '|'), ('కుం', 'U'), ('డు', '|'), ('గా', 'U'), ('ని', '|'), ('యొ', '|'), ('క', '|'), ('నా', 'U'), ('డు', '|'), ('ప', '|'), ('దం', 'U'), ('ప', '|'), ('డి', '|'), ('సా', 'U'), ('న', '|'), ('బ', 'U'), ('ట్టి', '|'), ('నన్', 'U'), ('దా', 'U'), ('ళి', '|'), ('యు', '|'), ('నుం', 'U'), ('డు', '|'), ('నే', 'U'), ('యి', '|'), ('ను', '|'), ('ప', '|'), ('తా', 'U'), ('ట', '|'), ('క', '|'), ('జా', 'U'), ('య', '|'), ('లు', '|'), ('పో', 'U'), ('క', '|'), ('భా', 'U'), ('స్క', '|'), ('రా', 'U')]",0.9428571428571428,1.0,1.0,0.9642857142857143,0.75,1.0
vutpalamaala,"హీనకులంబునందు జనియించినవారికి సద్గుణంబు లె
న్నేనియుఁ గల్గియున్న నొక నేరము చెందకపోదు; పద్మముల్‌
భూనుతిఁ గాంచియు\న్‌ బురదఁ బుట్టుట వల్ల సుధాకరోదయం
బైన నసహ్య మొందవె ప్రియంబునఁ జూడఁగ లేక భాస్కరా!",vruttamu,Bhaskara,"[('హీ', 'U'), ('న', '|'), ('కు', '|'), ('లం', 'U'), ('బు', '|'), ('నం', 'U'), ('దు', '|'), ('జ', '|'), ('ని', '|'), ('యిం', 'U'), ('చి', '|'), ('న', '|'), ('వా', 'U'), ('రి', '|'), ('కి', '|'), ('స', 'U'), ('ద్గు', '|'), ('ణం', 'U'), ('బు', '|'), ('లె', 'U'), ('న్నే', 'U'), ('ని', '|'), ('యు', '|'), ('గ', 'U'), ('ల్గి', '|'), ('యు', 'U'), ('న్న', '|'), ('నొ', '|'), ('క', '|'), ('నే', 'U'), ('ర', '|'), ('ము', '|'), ('చెం', 'U'), ('ద', '|'), ('క', '|'), ('పో', 'U'), ('దు', '|'), ('ప', 'U'), ('ద్మ', '|'), ('ముల్', 'U'), ('భూ', 'U'), ('ను', '|'), ('తి', '|'), ('గాం', 'U'), ('చి', '|'), ('యు', 'U'), ('న్బు', '|'), ('ర', '|'), ('ద', '|'), ('బు', 'U'), ('ట్టు', '|'), ('ట', '|'), ('వ', 'U'), ('ల్ల', '|'), ('సు', '|'), ('ధా', 'U'), ('క', '|'), ('రో', 'U'), ('ద', '|'), ('యం', 'U'), ('బై', 'U'), ('న', '|'), ('న', '|'), ('స', 'U'), ('హ్య', '|'), ('మొం', 'U'), ('ద', '|'), ('వె', '|'), ('ప్రి', '|'), ('యం', 'U'), ('బు', '|'), ('న', '|'), ('జూ', 'U'), ('డ', '|'), ('గ', '|'), ('లే', 'U'), ('క', '|'), ('భా', 'U'), ('స్క', '|'), ('రా', 'U')]",0.95,1.0,1.0,1.0,0.75,1.0
vutpalamaala,"ఇంచుక నేర్పు చాలక విహీనతఁ జెందిన నా కవిత్వమున్‌
మించు వహించె నీకతన మిక్కిలి యెట్లనఁ దోలుబొమ్మలున్‌
మంచివివేకి వాని తెరమాటున నుండి ప్రశస్తరీతి నా
డించిన నాడవే జనుల డెందము నింపవె ప్రీతి భాస్కరా!",vruttamu,Bhaskara,"[('ఇం', 'U'), ('చు', '|'), ('క', '|'), ('నే', 'U'), ('ర్పు', '|'), ('చా', 'U'), ('ల', '|'), ('క', '|'), ('వి', '|'), ('హీ', 'U'), ('న', '|'), ('త', '|'), ('జెం', 'U'), ('ది', '|'), ('న', '|'), ('నా', 'U'), ('క', '|'), ('వి', 'U'), ('త్వ', '|'), ('మున్', 'U'), ('మిం', 'U'), ('చు', '|'), ('వ', '|'), ('హిం', 'U'), ('చె', '|'), ('నీ', 'U'), ('క', '|'), ('త', '|'), ('న', '|'), ('మి', 'U'), ('క్కి', '|'), ('లి', '|'), ('యె', 'U'), ('ట్ల', '|'), ('న', '|'), ('దో', 'U'), ('లు', '|'), ('బొ', 'U'), ('మ్మ', '|'), ('లున్', 'U'), ('మం', 'U'), ('చి', '|'), ('వి', '|'), ('వే', 'U'), ('కి', '|'), ('వా', 'U'), ('ని', '|'), ('తె', '|'), ('ర', '|'), ('మా', 'U'), ('టు', '|'), ('న', '|'), ('నుం', 'U'), ('డి', '|'), ('ప్ర', '|'), ('శ', 'U'), ('స్త', '|'), ('రీ', 'U'), ('తి', '|'), ('నా', 'U'), ('డిం', 'U'), ('చి', '|'), ('న', '|'), ('నా', 'U'), ('డ', '|'), ('వే', 'U'), ('జ', '|'), ('ను', '|'), ('ల', '|'), ('డెం', 'U'), ('ద', '|'), ('ము', '|'), ('నిం', 'U'), ('ప', '|'), ('వె', '|'), ('ప్రీ', 'U'), ('తి', '|'), ('భా', 'U'), ('స్క', '|'), ('రా', 'U')]",0.95,1.0,1.0,1.0,0.75,1.0
champakamaala,"సిరిమగఁడున్ బితామహుఁడుఁ జేరి భజింపఁగ వెండికొండపై
సరస నవేందుకాంతమణిసౌధమునందుఁ బసిండిగద్దెపై
గిరిసుతఁ గూడి వేడుకలఁ గేరెడు నిన్ను మదిన్ దలంచెదన్
చిరవిభవా! భవా! విజితచిత్తభవా! యభవా! మహాభవా!",vruttamu,Chiravibhava,"[('సి', '|'), ('రి', '|'), ('మ', '|'), ('గ', '|'), ('డు', 'U'), ('న్బి', '|'), ('తా', 'U'), ('మ', '|'), ('హు', '|'), ('డు', '|'), ('జే', 'U'), ('రి', '|'), ('భ', '|'), ('జిం', 'U'), ('ప', '|'), ('గ', '|'), ('వెం', 'U'), ('డి', '|'), ('కొం', 'U'), ('డ', '|'), ('పై', 'U'), ('స', '|'), ('ర', '|'), ('స', '|'), ('న', '|'), ('వేం', 'U'), ('దు', '|'), ('కాం', 'U'), ('త', '|'), ('మ', '|'), ('ణి', '|'), ('సౌ', 'U'), ('ధ', '|'), ('ము', '|'), ('నం', 'U'), ('దు', '|'), ('బ', '|'), ('సిం', 'U'), ('డి', '|'), ('గ', 'U'), ('ద్దె', '|'), ('పై', 'U'), ('గి', '|'), ('రి', '|'), ('సు', '|'), ('త', '|'), ('గూ', 'U'), ('డి', '|'), ('వే', 'U'), ('డు', '|'), ('క', '|'), ('ల', '|'), ('గే', 'U'), ('రె', '|'), ('డు', '|'), ('ని', 'U'), ('న్ను', '|'), ('మ', '|'), ('ది', 'U'), ('న్ద', '|'), ('లం', 'U'), ('చె', '|'), ('దన్', 'U'), ('చి', '|'), ('ర', '|'), ('వి', '|'), ('భ', '|'), ('వా', 'U'), ('భ', '|'), ('వా', 'U'), ('వి', '|'), ('జి', '|'), ('త', '|'), ('చి', 'U'), ('త్త', '|'), ('భ', '|'), ('వా', 'U'), ('య', '|'), ('భ', '|'), ('వా', 'U'), ('మ', '|'), ('హా', 'U'), ('భ', '|'), ('వా', 'U')]",1.0,1.0,1.0,1.0,1.0,1.0
champakamaala,"కరులు హరుల్ చమూవరులు గాటపు మేల్‍నగరుల్ కడానిబం-
గరులు సరుల్ తలోదరులు గంధమిళన్మృగనాభిచందనా-
గరులు విరుల్ జగాసిరులు గల్గి సుఖింత్రు త్వదీయులౌ నరుల్
చిరవిభవా! భవా! విజితచిత్తభవా! యభవా! మహాభవా!",vruttamu,Chiravibhava,"[('క', '|'), ('రు', '|'), ('లు', '|'), ('హ', '|'), ('రు', 'U'), ('ల్చ', '|'), ('మూ', 'U'), ('వ', '|'), ('రు', '|'), ('లు', '|'), ('గా', 'U'), ('ట', '|'), ('పు', '|'), ('మే', 'U'), ('ల్న', '|'), ('గ', '|'), ('రు', 'U'), ('ల్క', '|'), ('డా', 'U'), ('ని', '|'), ('బం', 'U'), ('గ', '|'), ('రు', '|'), ('లు', '|'), ('స', '|'), ('రు', 'U'), ('ల్త', '|'), ('లో', 'U'), ('ద', '|'), ('రు', '|'), ('లు', '|'), ('గం', 'U'), ('ధ', '|'), ('మి', '|'), ('ళ', 'U'), ('న్మృ', '|'), ('గ', '|'), ('నా', 'U'), ('భి', '|'), ('చం', 'U'), ('ద', '|'), ('నా', 'U'), ('గ', '|'), ('రు', '|'), ('లు', '|'), ('వి', '|'), ('రు', 'U'), ('ల్జ', '|'), ('గా', 'U'), ('సి', '|'), ('రు', '|'), ('లు', '|'), ('గ', 'U'), ('ల్గి', '|'), ('సు', '|'), ('ఖిం', 'U'), ('త్రు', 'U'), ('త్వ', '|'), ('దీ', 'U'), ('యు', '|'), ('లౌ', 'U'), ('న', '|'), ('రుల్', 'U'), ('చి', '|'), ('ర', '|'), ('వి', '|'), ('భ', '|'), ('వా', 'U'), ('భ', '|'), ('వా', 'U'), ('వి', '|'), ('జి', '|'), ('త', '|'), ('చి', 'U'), ('త్త', '|'), ('భ', '|'), ('వా', 'U'), ('య', '|'), ('భ', '|'), ('వా', 'U'), ('మ', '|'), ('హా', 'U'), ('భ', '|'), ('వా', 'U')]",0.9928571428571429,1.0,1.0,0.9642857142857143,1.0,1.0
champakamaala,"పరమకృపార్ణవా! తుహినపర్వతరాజకుమారికాధవా!
వరవృషసైంధవా! కుటిలవైరినిశాటసమిద్ధవా! మనో-
హరకరసారసాగ్రనిహితాజిగతానతబాంధవా! శివా!
చిరవిభవా! భవా! విజితచిత్తభవా! యభవా! మహాభవా!",vruttamu,Chiravibhava,"[('ప', '|'), ('ర', '|'), ('మ', '|'), ('కృ', '|'), ('పా', 'U'), ('ర్ణ', '|'), ('వా', 'U'), ('తు', '|'), ('హి', '|'), ('న', '|'), ('ప', 'U'), ('ర్వ', '|'), ('త', '|'), ('రా', 'U'), ('జ', '|'), ('కు', '|'), ('మా', 'U'), ('రి', '|'), ('కా', 'U'), ('ధ', '|'), ('వా', 'U'), ('వ', '|'), ('ర', '|'), ('వృ', '|'), ('ష', '|'), ('సైం', 'U'), ('ధ', '|'), ('వా', 'U'), ('కు', '|'), ('టి', '|'), ('ల', '|'), ('వై', 'U'), ('రి', '|'), ('ని', '|'), ('శా', 'U'), ('ట', '|'), ('స', '|'), ('మి', 'U'), ('ద్ధ', '|'), ('వా', 'U'), ('మ', '|'), ('నో', 'U'), ('హ', '|'), ('ర', '|'), ('క', '|'), ('ర', '|'), ('సా', 'U'), ('ర', '|'), ('సా', 'U'), ('గ్ర', '|'), ('ని', '|'), ('హి', '|'), ('తా', 'U'), ('జి', '|'), ('గ', '|'), ('తా', 'U'), ('న', '|'), ('త', '|'), ('బాం', 'U'), ('ధ', '|'), ('వా', 'U'), ('శి', '|'), ('వా', 'U'), ('చి', '|'), ('ర', '|'), ('వి', '|'), ('భ', '|'), ('వా', 'U'), ('భ', '|'), ('వా', 'U'), ('వి', '|'), ('జి', '|'), ('త', '|'), ('చి', 'U'), ('త్త', '|'), ('భ', '|'), ('వా', 'U'), ('య', '|'), ('భ', '|'), ('వా', 'U'), ('మ', '|'), ('హా', 'U'), ('భ', '|'), ('వా', 'U')]",0.95,1.0,1.0,1.0,0.75,1.0
champakamaala,"నిరుపమ కూచిమంచికులనీరధిచంద్రుడు గంగమంత్రికిన్
బరమపతివ్రతామణియు భాగ్యసమన్వితయైన లక్ష్మికిన్
వరసుతుఁడై న తిమ్మకవివర్యుఁడ నే శతకం బొనర్చెదన్
చిరవిభవా! భవా! విజితచిత్తభవా! యభవా! మహాభవా!",vruttamu,Chiravibhava,"[('ని', '|'), ('రు', '|'), ('ప', '|'), ('మ', '|'), ('కూ', 'U'), ('చి', '|'), ('మం', 'U'), ('చి', '|'), ('కు', '|'), ('ల', '|'), ('నీ', 'U'), ('ర', '|'), ('ధి', '|'), ('చం', 'U'), ('ద్రు', '|'), ('డు', '|'), ('గం', 'U'), ('గ', '|'), ('మం', 'U'), ('త్రి', '|'), ('కిన్', 'U'), ('బ', '|'), ('ర', '|'), ('మ', '|'), ('ప', '|'), ('తి', '|'), ('వ్ర', '|'), ('తా', 'U'), ('మ', '|'), ('ణి', '|'), ('యు', '|'), ('భా', 'U'), ('గ్య', '|'), ('స', '|'), ('మ', 'U'), ('న్వి', '|'), ('త', '|'), ('యై', 'U'), ('న', '|'), ('ల', 'U'), ('క్ష్మి', '|'), ('కిన్', 'U'), ('వ', '|'), ('ర', '|'), ('సు', '|'), ('తు', '|'), ('డై', 'U'), ('న', '|'), ('తి', 'U'), ('మ్మ', '|'), ('క', '|'), ('వి', '|'), ('వ', 'U'), ('ర్యు', '|'), ('డ', '|'), ('నే', 'U'), ('శ', '|'), ('త', '|'), ('కం', 'U'), ('బొ', '|'), ('న', 'U'), ('ర్చె', '|'), ('దన్', 'U'), ('చి', '|'), ('ర', '|'), ('వి', '|'), ('భ', '|'), ('వా', 'U'), ('భ', '|'), ('వా', 'U'), ('వి', '|'), ('జి', '|'), ('త', '|'), ('చి', 'U'), ('త్త', '|'), ('భ', '|'), ('వా', 'U'), ('య', '|'), ('భ', '|'), ('వా', 'U'), ('మ', '|'), ('హా', 'U'), ('భ', '|'), ('వా', 'U')]",0.9928571428571429,1.0,1.0,0.9642857142857143,1.0,1.0
champakamaala,"శరనిధి కర్ఘ్యమిచ్చు క్రియ సారసబంధున కారతిచ్చు వై-
ఖరి నిఖిలాబ్జజాండచయకర్తకు నీకు సమగ్రభక్తి శ్రీ-
కరముగఁ గోరి యొక్కశతకంబు సమర్పణ సేయఁబూనితిన్
చిరవిభవా! భవా! విజితచిత్తభవా! యభవా! మహాభవా!",vruttamu,Chiravibhava,"[('శ', '|'), ('ర', '|'), ('ని', '|'), ('ధి', '|'), ('క', 'U'), ('ర్ఘ్య', '|'), ('మి', 'U'), ('చ్చు', '|'), ('క్రి', '|'), ('య', '|'), ('సా', 'U'), ('ర', '|'), ('స', '|'), ('బం', 'U'), ('ధు', '|'), ('న', '|'), ('కా', 'U'), ('ర', '|'), ('తి', 'U'), ('చ్చు', '|'), ('వై', 'U'), ('ఖ', '|'), ('రి', '|'), ('ని', '|'), ('ఖి', '|'), ('లా', 'U'), ('బ్జ', '|'), ('జాం', 'U'), ('డ', '|'), ('చ', '|'), ('య', '|'), ('క', 'U'), ('ర్త', '|'), ('కు', '|'), ('నీ', 'U'), ('కు', '|'), ('స', '|'), ('మ', '|'), ('గ్ర', '|'), ('భ', 'U'), ('క్తి', '|'), ('శ్రీ', 'U'), ('క', '|'), ('ర', '|'), ('ము', '|'), ('గ', '|'), ('గో', 'U'), ('రి', '|'), ('యొ', 'U'), ('క్క', '|'), ('శ', '|'), ('త', '|'), ('కం', 'U'), ('బు', '|'), ('స', '|'), ('మ', 'U'), ('ర్ప', '|'), ('ణ', '|'), ('సే', 'U'), ('య', '|'), ('బూ', 'U'), ('ని', '|'), ('తిన్', 'U'), ('చి', '|'), ('ర', '|'), ('వి', '|'), ('భ', '|'), ('వా', 'U'), ('భ', '|'), ('వా', 'U'), ('వి', '|'), ('జి', '|'), ('త', '|'), ('చి', 'U'), ('త్త', '|'), ('భ', '|'), ('వా', 'U'), ('య', '|'), ('భ', '|'), ('వా', 'U'), ('మ', '|'), ('హా', 'U'), ('భ', '|'), ('వా', 'U')]",0.9928571428571429,1.0,1.0,0.9642857142857143,1.0,1.0
champakamaala,"మరలని భక్తితోడ మును మల్హణబిల్హణముఖ్యసత్కవీ-
శ్వరులు కవిత్వవైఖరిని సారెకు నిన్ బ్రణుతించి ధన్యులై
బరగిరటంచు నేను నినుఁ బద్యముఖంబుగ సంస్మరించెదన్
చిరవిభవా! భవా! విజితచిత్తభవా! యభవా! మహాభవా!",vruttamu,Chiravibhava,"[('మ', '|'), ('ర', '|'), ('ల', '|'), ('ని', '|'), ('భ', 'U'), ('క్తి', '|'), ('తో', 'U'), ('డ', '|'), ('ము', '|'), ('ను', '|'), ('మ', 'U'), ('ల్హ', '|'), ('ణ', '|'), ('బి', 'U'), ('ల్హ', '|'), ('ణ', '|'), ('ము', 'U'), ('ఖ్య', '|'), ('స', 'U'), ('త్క', '|'), ('వీ', 'U'), ('శ్వ', '|'), ('రు', '|'), ('లు', '|'), ('క', '|'), ('వి', 'U'), ('త్వ', '|'), ('వై', 'U'), ('ఖ', '|'), ('రి', '|'), ('ని', '|'), ('సా', 'U'), ('రె', '|'), ('కు', '|'), ('ని', 'U'), ('న్బ్ర', '|'), ('ణు', '|'), ('తిం', 'U'), ('చి', '|'), ('ధ', 'U'), ('న్యు', '|'), ('లై', 'U'), ('బ', '|'), ('ర', '|'), ('గి', '|'), ('ర', '|'), ('టం', 'U'), ('చు', '|'), ('నే', 'U'), ('ను', '|'), ('ని', '|'), ('ను', '|'), ('బ', 'U'), ('ద్య', '|'), ('ము', '|'), ('ఖం', 'U'), ('బు', '|'), ('గ', '|'), ('సం', 'U'), ('స్మ', '|'), ('రిం', 'U'), ('చె', '|'), ('దన్', 'U'), ('చి', '|'), ('ర', '|'), ('వి', '|'), ('భ', '|'), ('వా', 'U'), ('భ', '|'), ('వా', 'U'), ('వి', '|'), ('జి', '|'), ('త', '|'), ('చి', 'U'), ('త్త', '|'), ('భ', '|'), ('వా', 'U'), ('య', '|'), ('భ', '|'), ('వా', 'U'), ('మ', '|'), ('హా', 'U'), ('భ', '|'), ('వా', 'U')]",1.0,1.0,1.0,1.0,1.0,1.0
champakamaala,"హరిముఖసర్వదిక్పరివృతార్చితపాదసరోజుఁడైన య-
క్కరిముఖుఁ డెప్పుడున్ వితతకౌతుకలీలఁ బొసంగఁజేయుఁబో
నిరతముగాఁ ద్వదీయపదనీరజభక్తు లొనర్చు సత్కృతుల్
చిరవిభవా! భవా! విజితచిత్తభవా! యభవా! మహాభవా!",vruttamu,Chiravibhava,"[('హ', '|'), ('రి', '|'), ('ము', '|'), ('ఖ', '|'), ('స', 'U'), ('ర్వ', '|'), ('ది', 'U'), ('క్ప', '|'), ('రి', '|'), ('వృ', '|'), ('తా', 'U'), ('ర్చి', '|'), ('త', '|'), ('పా', 'U'), ('ద', '|'), ('స', '|'), ('రో', 'U'), ('జు', '|'), ('డై', 'U'), ('న', '|'), ('య', 'U'), ('క్క', '|'), ('రి', '|'), ('ము', '|'), ('ఖు', '|'), ('డె', 'U'), ('ప్పు', '|'), ('డు', 'U'), ('న్వి', '|'), ('త', '|'), ('త', '|'), ('కౌ', 'U'), ('తు', '|'), ('క', '|'), ('లీ', 'U'), ('ల', '|'), ('బొ', '|'), ('సం', 'U'), ('గ', '|'), ('జే', 'U'), ('యు', '|'), ('బో', 'U'), ('ని', '|'), ('ర', '|'), ('త', '|'), ('ము', '|'), ('గా', 'U'), ('ద్వ', '|'), ('దీ', 'U'), ('య', '|'), ('ప', '|'), ('ద', '|'), ('నీ', 'U'), ('ర', '|'), ('జ', '|'), ('భ', 'U'), ('క్తు', '|'), ('లొ', '|'), ('న', 'U'), ('ర్చు', '|'), ('స', 'U'), ('త్కృ', '|'), ('తుల్', 'U'), ('చి', '|'), ('ర', '|'), ('వి', '|'), ('భ', '|'), ('వా', 'U'), ('భ', '|'), ('వా', 'U'), ('వి', '|'), ('జి', '|'), ('త', '|'), ('చి', 'U'), ('త్త', '|'), ('భ', '|'), ('వా', 'U'), ('య', '|'), ('భ', '|'), ('వా', 'U'), ('మ', '|'), ('హా', 'U'), ('భ', '|'), ('వా', 'U')]",0.95,1.0,1.0,1.0,0.75,1.0
champakamaala,"శరశరదిందుకుందహరిచందనహారతుషారతారకా-
దరఘనసారవర్ణ వరదండశుకాంబుజపాణి వాణి యా-
దరమునఁ బ్రోచుచోఁ గవికదంబము నిన్బ్రణుతించు ధన్యమై
చిరవిభవా! భవా! విజితచిత్తభవా! యభవా! మహాభవా!",vruttamu,Chiravibhava,"[('శ', '|'), ('ర', '|'), ('శ', '|'), ('ర', '|'), ('దిం', 'U'), ('దు', '|'), ('కుం', 'U'), ('ద', '|'), ('హ', '|'), ('రి', '|'), ('చం', 'U'), ('ద', '|'), ('న', '|'), ('హా', 'U'), ('ర', '|'), ('తు', '|'), ('షా', 'U'), ('ర', '|'), ('తా', 'U'), ('ర', '|'), ('కా', 'U'), ('ద', '|'), ('ర', '|'), ('ఘ', '|'), ('న', '|'), ('సా', 'U'), ('ర', '|'), ('వ', 'U'), ('ర్ణ', '|'), ('వ', '|'), ('ర', '|'), ('దం', 'U'), ('డ', '|'), ('శు', '|'), ('కాం', 'U'), ('బు', '|'), ('జ', '|'), ('పా', 'U'), ('ణి', '|'), ('వా', 'U'), ('ణి', '|'), ('యా', 'U'), ('ద', '|'), ('ర', '|'), ('ము', '|'), ('న', '|'), ('బ్రో', 'U'), ('చు', '|'), ('చో', 'U'), ('గ', '|'), ('వి', '|'), ('క', '|'), ('దం', 'U'), ('బ', '|'), ('ము', '|'), ('ని', 'U'), ('న్బ్ర', '|'), ('ణు', '|'), ('తిం', 'U'), ('చు', '|'), ('ధ', 'U'), ('న్య', '|'), ('మై', 'U'), ('చి', '|'), ('ర', '|'), ('వి', '|'), ('భ', '|'), ('వా', 'U'), ('భ', '|'), ('వా', 'U'), ('వి', '|'), ('జి', '|'), ('త', '|'), ('చి', 'U'), ('త్త', '|'), ('భ', '|'), ('వా', 'U'), ('య', '|'), ('భ', '|'), ('వా', 'U'), ('మ', '|'), ('హా', 'U'), ('భ', '|'), ('వా', 'U')]",1.0,1.0,1.0,1.0,1.0,1.0
champakamaala,"తరలని భక్తి నా హృదయతామరసంబున సంస్మరింతు దు-
ర్భరదురితాంధకారవిసరప్రసరన్నళినీసుహృల్లస-
త్కిరణములైన దెందులురి దివ్యకులోద్భవు లింగనార్యు స-
ద్గురుచరణంబు లుగ్రభవతోయధిసంతరణంబు లెప్పుడున్
చిరవిభవా! భవా! విజితచిత్తభవా! యభవా! మహాభవా!",vruttamu,Chiravibhava,"[('త', '|'), ('ర', '|'), ('ల', '|'), ('ని', '|'), ('భ', 'U'), ('క్తి', '|'), ('నా', 'U'), ('హృ', '|'), ('ద', '|'), ('య', '|'), ('తా', 'U'), ('మ', '|'), ('ర', '|'), ('సం', 'U'), ('బు', '|'), ('న', '|'), ('సం', 'U'), ('స్మ', '|'), ('రిం', 'U'), ('తు', '|'), ('దు', 'U'), ('ర్భ', '|'), ('ర', '|'), ('దు', '|'), ('రి', '|'), ('తాం', 'U'), ('ధ', '|'), ('కా', 'U'), ('ర', '|'), ('వి', '|'), ('స', '|'), ('ర', '|'), ('ప్ర', '|'), ('స', '|'), ('ర', 'U'), ('న్న', '|'), ('ళి', '|'), ('నీ', 'U'), ('సు', '|'), ('హృ', 'U'), ('ల్ల', '|'), ('స', 'U'), ('త్కి', '|'), ('ర', '|'), ('ణ', '|'), ('ము', '|'), ('లై', 'U'), ('న', '|'), ('దెం', 'U'), ('దు', '|'), ('లు', '|'), ('రి', '|'), ('ది', 'U'), ('వ్య', '|'), ('కు', '|'), ('లో', 'U'), ('ద్భ', '|'), ('వు', '|'), ('లిం', 'U'), ('గ', '|'), ('నా', 'U'), ('ర్యు', '|'), ('స', 'U'), ('ద్గు', '|'), ('రు', '|'), ('చ', '|'), ('ర', '|'), ('ణం', 'U'), ('బు', '|'), ('లు', '|'), ('గ్ర', '|'), ('భ', '|'), ('వ', '|'), ('తో', 'U'), ('య', '|'), ('ధి', '|'), ('సం', 'U'), ('త', '|'), ('ర', '|'), ('ణం', 'U'), ('బు', '|'), ('లె', 'U'), ('ప్పు', '|'), ('డున్', 'U'), ('చి', '|'), ('ర', '|'), ('వి', '|'), ('భ', '|'), ('వా', 'U'), ('భ', '|'), ('వా', 'U'), ('వి', '|'), ('జి', '|'), ('త', '|'), ('చి', 'U'), ('త్త', '|'), ('భ', '|'), ('వా', 'U'), ('య', '|'), ('భ', '|'), ('వా', 'U'), ('మ', '|'), ('హా', 'U'), ('భ', '|'), ('వా', 'U')]",0.9357142857142857,0.75,1.0,0.9285714285714286,1.0,1.0
champakamaala,"గురుతరలీలఁ బీఠపురి కుక్కుటలింగమహాప్రభుండవై
బరగెడు నిన్ను నేనిపుడు భక్తి దలర్పఁగ నాశ్రయింతు నీ
వరకరుణానిరీక్షణము వాలెము నాపయి నిల్పి ప్రోవవే
చిరవిభవా! భవా! విజితచిత్తభవా! యభవా! మహాభవా!",vruttamu,Chiravibhava,"[('గు', '|'), ('రు', '|'), ('త', '|'), ('ర', '|'), ('లీ', 'U'), ('ల', '|'), ('బీ', 'U'), ('ఠ', '|'), ('పు', '|'), ('రి', '|'), ('కు', 'U'), ('క్కు', '|'), ('ట', '|'), ('లిం', 'U'), ('గ', '|'), ('మ', '|'), ('హా', 'U'), ('ప్ర', '|'), ('భుం', 'U'), ('డ', '|'), ('వై', 'U'), ('బ', '|'), ('ర', '|'), ('గె', '|'), ('డు', '|'), ('ని', 'U'), ('న్ను', '|'), ('నే', 'U'), ('ని', '|'), ('పు', '|'), ('డు', '|'), ('భ', 'U'), ('క్తి', '|'), ('ద', '|'), ('ల', 'U'), ('ర్ప', '|'), ('గ', '|'), ('నా', 'U'), ('శ్ర', '|'), ('యిం', 'U'), ('తు', '|'), ('నీ', 'U'), ('వ', '|'), ('ర', '|'), ('క', '|'), ('రు', '|'), ('ణా', 'U'), ('ని', '|'), ('రీ', 'U'), ('క్ష', '|'), ('ణ', '|'), ('ము', '|'), ('వా', 'U'), ('లె', '|'), ('ము', '|'), ('నా', 'U'), ('ప', '|'), ('యి', '|'), ('ని', 'U'), ('ల్పి', '|'), ('ప్రో', 'U'), ('వ', '|'), ('వే', 'U'), ('చి', '|'), ('ర', '|'), ('వి', '|'), ('భ', '|'), ('వా', 'U'), ('భ', '|'), ('వా', 'U'), ('వి', '|'), ('జి', '|'), ('త', '|'), ('చి', 'U'), ('త్త', '|'), ('భ', '|'), ('వా', 'U'), ('య', '|'), ('భ', '|'), ('వా', 'U'), ('మ', '|'), ('హా', 'U'), ('భ', '|'), ('వా', 'U')]",1.0,1.0,1.0,1.0,1.0,1.0
champakamaala,"నరవతి కొక్కకావ్యమిడినన్ ధనధాన్యమణీచోళముల్
పురములు వాహనంబులు విభూషణగోవసుధాదికంబులుం
గురుకృపనిచ్చి బ్రోచు నిదిగో మరి నీవిఁక నేమియిచ్చెదో
చిరవిభవా! భవా! విజితచిత్తభవా! యభవా! మహాభవా!",vruttamu,Chiravibhava,"[('న', '|'), ('ర', '|'), ('వ', '|'), ('తి', '|'), ('కొ', 'U'), ('క్క', '|'), ('కా', 'U'), ('వ్య', '|'), ('మి', '|'), ('డి', '|'), ('న', 'U'), ('న్ధ', '|'), ('న', '|'), ('ధా', 'U'), ('న్య', '|'), ('మ', '|'), ('ణీ', 'U'), ('చో', 'U'), ('ళ', '|'), ('ముల్', 'U'), ('పు', '|'), ('ర', '|'), ('ము', '|'), ('లు', '|'), ('వా', 'U'), ('హ', '|'), ('నం', 'U'), ('బు', '|'), ('లు', '|'), ('వి', '|'), ('భూ', 'U'), ('ష', '|'), ('ణ', '|'), ('గో', 'U'), ('వ', '|'), ('సు', '|'), ('ధా', 'U'), ('ది', '|'), ('కం', 'U'), ('బు', '|'), ('లుం', 'U'), ('గు', '|'), ('రు', '|'), ('కృ', '|'), ('ప', '|'), ('ని', 'U'), ('చ్చి', '|'), ('బ్రో', 'U'), ('చు', '|'), ('ని', '|'), ('ది', '|'), ('గో', 'U'), ('మ', '|'), ('రి', '|'), ('నీ', 'U'), ('వి', '|'), ('క', '|'), ('నే', 'U'), ('మి', '|'), ('యి', 'U'), ('చ్చె', '|'), ('దో', 'U'), ('చి', '|'), ('ర', '|'), ('వి', '|'), ('భ', '|'), ('వా', 'U'), ('భ', '|'), ('వా', 'U'), ('వి', '|'), ('జి', '|'), ('త', '|'), ('చి', 'U'), ('త్త', '|'), ('భ', '|'), ('వా', 'U'), ('య', '|'), ('భ', '|'), ('వా', 'U'), ('మ', '|'), ('హా', 'U'), ('భ', '|'), ('వా', 'U')]",0.5547619047619048,0.9880952380952381,1.0,0.2857142857142857,0.25,0.25
champakamaala,"హర పరమేశ శంకర పురాంతక భర్గ గిరీశ చంద్రశే-
ఖర మృడ కృత్తివాస శితికంధర శర్వ నగేంద్రజామనో-
హర శివ మృత్యుసంహర యటంచు నిను న్స్మరియింతు నెప్పుడున్,
చిరవిభవా! భవా! విజితచిత్తభవా! యభవా! మహాభవా!",vruttamu,Chiravibhava,"[('హ', '|'), ('ర', '|'), ('ప', '|'), ('ర', '|'), ('మే', 'U'), ('శ', '|'), ('శం', 'U'), ('క', '|'), ('ర', '|'), ('పు', '|'), ('రాం', 'U'), ('త', '|'), ('క', '|'), ('భ', 'U'), ('ర్గ', '|'), ('గి', '|'), ('రీ', 'U'), ('శ', '|'), ('చం', 'U'), ('ద్ర', '|'), ('శే', 'U'), ('ఖ', '|'), ('ర', '|'), ('మృ', '|'), ('డ', '|'), ('కృ', 'U'), ('త్తి', '|'), ('వా', 'U'), ('స', '|'), ('శి', '|'), ('తి', '|'), ('కం', 'U'), ('ధ', '|'), ('ర', '|'), ('శ', 'U'), ('ర్వ', '|'), ('న', '|'), ('గేం', 'U'), ('ద్ర', '|'), ('జా', 'U'), ('మ', '|'), ('నో', 'U'), ('హ', '|'), ('ర', '|'), ('శి', '|'), ('వ', '|'), ('మృ', 'U'), ('త్యు', '|'), ('సం', 'U'), ('హ', '|'), ('ర', '|'), ('య', '|'), ('టం', 'U'), ('చు', '|'), ('ని', '|'), ('ను', 'U'), ('న్స్మ', '|'), ('రి', '|'), ('యిం', 'U'), ('తు', '|'), ('నె', 'U'), ('ప్పు', '|'), ('డున్', 'U'), ('చి', '|'), ('ర', '|'), ('వి', '|'), ('భ', '|'), ('వా', 'U'), ('భ', '|'), ('వా', 'U'), ('వి', '|'), ('జి', '|'), ('త', '|'), ('చి', 'U'), ('త్త', '|'), ('భ', '|'), ('వా', 'U'), ('య', '|'), ('భ', '|'), ('వా', 'U'), ('మ', '|'), ('హా', 'U'), ('భ', '|'), ('వా', 'U')]",0.9,1.0,1.0,1.0,0.5,1.0
champakamaala,"కరయుగళంబు మోడ్చి కుతుకంబున మ్రొక్కెద సర్వదేవతా-
పరివృఢమౌళిభాగ్మకుటపంకజరాగమణిప్రభాచ్ఛటా-
నిరతవిరాజమానరమణీయభవచ్చరణాగ్రపీఠికిం
జిరవిభవా! భవా! విజితచిత్తభవా! యభవా! మహాభవా!",vruttamu,Chiravibhava,"[('క', '|'), ('ర', '|'), ('యు', '|'), ('గ', '|'), ('ళం', 'U'), ('బు', '|'), ('మో', 'U'), ('డ్చి', '|'), ('కు', '|'), ('తు', '|'), ('కం', 'U'), ('బు', '|'), ('న', '|'), ('మ్రొ', 'U'), ('క్కె', '|'), ('ద', '|'), ('స', 'U'), ('ర్వ', '|'), ('దే', 'U'), ('వ', '|'), ('తా', 'U'), ('ప', '|'), ('రి', '|'), ('వృ', '|'), ('ఢ', '|'), ('మౌ', 'U'), ('ళి', '|'), ('భా', 'U'), ('గ్మ', '|'), ('కు', '|'), ('ట', '|'), ('పం', 'U'), ('క', '|'), ('జ', '|'), ('రా', 'U'), ('గ', '|'), ('మ', '|'), ('ణి', '|'), ('ప్ర', '|'), ('భా', 'U'), ('చ్ఛ', '|'), ('టా', 'U'), ('ని', '|'), ('ర', '|'), ('త', '|'), ('వి', '|'), ('రా', 'U'), ('జ', '|'), ('మా', 'U'), ('న', '|'), ('ర', '|'), ('మ', '|'), ('ణీ', 'U'), ('య', '|'), ('భ', '|'), ('వ', 'U'), ('చ్చ', '|'), ('ర', '|'), ('ణా', 'U'), ('గ్ర', '|'), ('పీ', 'U'), ('ఠి', '|'), ('కిం', 'U'), ('జి', '|'), ('ర', '|'), ('వి', '|'), ('భ', '|'), ('వా', 'U'), ('భ', '|'), ('వా', 'U'), ('వి', '|'), ('జి', '|'), ('త', '|'), ('చి', 'U'), ('త్త', '|'), ('భ', '|'), ('వా', 'U'), ('య', '|'), ('భ', '|'), ('వా', 'U'), ('మ', '|'), ('హా', 'U'), ('భ', '|'), ('వా', 'U')]",0.9928571428571429,1.0,1.0,0.9642857142857143,1.0,1.0
champakamaala,"తరమె నుతింప నేరికిని దావక దివ్యపదప్రభావమున్
గరికిని సాలెపుర్వునకు గాడుపుదిండికి మోక్షమిచ్చి యా-
దరమున నేలుకొంటివట దాన వరేణ్యులఁ బ్రోచుటబ్రమా
చిరవిభవా! భవా! విజితచిత్తభవా! యభవా! మహాభవా!",vruttamu,Chiravibhava,"[('త', '|'), ('ర', '|'), ('మె', '|'), ('ను', '|'), ('తిం', 'U'), ('ప', '|'), ('నే', 'U'), ('రి', '|'), ('కి', '|'), ('ని', '|'), ('దా', 'U'), ('వ', '|'), ('క', '|'), ('ది', 'U'), ('వ్య', '|'), ('ప', '|'), ('ద', '|'), ('ప్ర', '|'), ('భా', 'U'), ('వ', '|'), ('మున్', 'U'), ('గ', '|'), ('రి', '|'), ('కి', '|'), ('ని', '|'), ('సా', 'U'), ('లె', '|'), ('పు', 'U'), ('ర్వు', '|'), ('న', '|'), ('కు', '|'), ('గా', 'U'), ('డు', '|'), ('పు', '|'), ('దిం', 'U'), ('డి', '|'), ('కి', '|'), ('మో', 'U'), ('క్ష', '|'), ('మి', 'U'), ('చ్చి', '|'), ('యా', 'U'), ('ద', '|'), ('ర', '|'), ('ము', '|'), ('న', '|'), ('నే', 'U'), ('లు', '|'), ('కొం', 'U'), ('టి', '|'), ('వ', '|'), ('ట', '|'), ('దా', 'U'), ('న', '|'), ('వ', '|'), ('రే', 'U'), ('ణ్యు', '|'), ('ల', '|'), ('బ్రో', 'U'), ('చు', '|'), ('ట', '|'), ('బ్ర', '|'), ('మా', 'U'), ('చి', '|'), ('ర', '|'), ('వి', '|'), ('భ', '|'), ('వా', 'U'), ('భ', '|'), ('వా', 'U'), ('వి', '|'), ('జి', '|'), ('త', '|'), ('చి', 'U'), ('త్త', '|'), ('భ', '|'), ('వా', 'U'), ('య', '|'), ('భ', '|'), ('వా', 'U'), ('మ', '|'), ('హా', 'U'), ('భ', '|'), ('వా', 'U')]",0.9857142857142858,1.0,1.0,0.9285714285714286,1.0,1.0
champakamaala,"తరలని భక్తి నెల్లపుడు ధ్యానము సేతు తుషారధారుణీ-
ధరవరకన్యకావిలసితస్తనకుంభవిలిప్తకుంకుమా-
గరుఘనసారచందనసుగంధవిభాస్వదురఃస్థలు న్నినున్
జిరవిభవా! భవా! విజితచిత్తభవా! యభవా! మహాభవా!",vruttamu,Chiravibhava,"[('త', '|'), ('ర', '|'), ('ల', '|'), ('ని', '|'), ('భ', 'U'), ('క్తి', '|'), ('నె', 'U'), ('ల్ల', '|'), ('పు', '|'), ('డు', 'U'), ('ధ్యా', 'U'), ('న', '|'), ('ము', '|'), ('సే', 'U'), ('తు', '|'), ('తు', '|'), ('షా', 'U'), ('ర', '|'), ('ధా', 'U'), ('రు', '|'), ('ణీ', 'U'), ('ధ', '|'), ('ర', '|'), ('వ', '|'), ('ర', '|'), ('క', 'U'), ('న్య', '|'), ('కా', 'U'), ('వి', '|'), ('ల', '|'), ('సి', '|'), ('త', 'U'), ('స్త', '|'), ('న', '|'), ('కుం', 'U'), ('భ', '|'), ('వి', '|'), ('లి', 'U'), ('ప్త', '|'), ('కుం', 'U'), ('కు', '|'), ('మా', 'U'), ('గ', '|'), ('రు', '|'), ('ఘ', '|'), ('న', '|'), ('సా', 'U'), ('ర', '|'), ('చం', 'U'), ('ద', '|'), ('న', '|'), ('సు', '|'), ('గం', 'U'), ('ధ', '|'), ('వి', '|'), ('భా', 'U'), ('స్వ', '|'), ('దు', '|'), ('రః', 'U'), ('స్థ', '|'), ('లు', 'U'), ('న్ని', '|'), ('నున్', 'U'), ('జి', '|'), ('ర', '|'), ('వి', '|'), ('భ', '|'), ('వా', 'U'), ('భ', '|'), ('వా', 'U'), ('వి', '|'), ('జి', '|'), ('త', '|'), ('చి', 'U'), ('త్త', '|'), ('భ', '|'), ('వా', 'U'), ('య', '|'), ('భ', '|'), ('వా', 'U'), ('మ', '|'), ('హా', 'U'), ('భ', '|'), ('వా', 'U')]",0.9928571428571429,1.0,1.0,0.9642857142857143,1.0,1.0
champakamaala,"శరధిశయాంబకాయ రవిచంద్రకృపీటభవాంబకాయ గో-
పరివృఢకేతనాయ సితపర్వతకూటనికేతనాయ సు-
స్థిరకరుణామతే భగవతే శివ తే నమ యంచు మొక్కెదన్
చిరవిభవా! భవా! విజితచిత్తభవా! యభవా! మహాభవా!",vruttamu,Chiravibhava,"[('శ', '|'), ('ర', '|'), ('ధి', '|'), ('శ', '|'), ('యాం', 'U'), ('బ', '|'), ('కా', 'U'), ('య', '|'), ('ర', '|'), ('వి', '|'), ('చం', 'U'), ('ద్ర', '|'), ('కృ', '|'), ('పీ', 'U'), ('ట', '|'), ('భ', '|'), ('వాం', 'U'), ('బ', '|'), ('కా', 'U'), ('య', '|'), ('గో', 'U'), ('ప', '|'), ('రి', '|'), ('వృ', '|'), ('ఢ', '|'), ('కే', 'U'), ('త', '|'), ('నా', 'U'), ('య', '|'), ('సి', '|'), ('త', '|'), ('ప', 'U'), ('ర్వ', '|'), ('త', '|'), ('కూ', 'U'), ('ట', '|'), ('ని', '|'), ('కే', 'U'), ('త', '|'), ('నా', 'U'), ('య', '|'), ('సు', 'U'), ('స్థి', '|'), ('ర', '|'), ('క', '|'), ('రు', '|'), ('ణా', 'U'), ('మ', '|'), ('తే', 'U'), ('భ', '|'), ('గ', '|'), ('వ', '|'), ('తే', 'U'), ('శి', '|'), ('వ', '|'), ('తే', 'U'), ('న', '|'), ('మ', '|'), ('యం', 'U'), ('చు', '|'), ('మొ', 'U'), ('క్కె', '|'), ('దన్', 'U'), ('చి', '|'), ('ర', '|'), ('వి', '|'), ('భ', '|'), ('వా', 'U'), ('భ', '|'), ('వా', 'U'), ('వి', '|'), ('జి', '|'), ('త', '|'), ('చి', 'U'), ('త్త', '|'), ('భ', '|'), ('వా', 'U'), ('య', '|'), ('భ', '|'), ('వా', 'U'), ('మ', '|'), ('హా', 'U'), ('భ', '|'), ('వా', 'U')]",1.0,1.0,1.0,1.0,1.0,1.0
champakamaala,"సరసీరుహాక్ష పద్మభవ శక్ర కృశానుకృతాంత యామినీ-
చర వరుణానిలైలబిల చంద్రకిరీట సుధామయూఖ భా-
స్కరముఖదేవతాప్రముఖసర్వము నీవె యటంచు వేఁడెదన్
చిరవిభవా! భవా! విజితచిత్తభవా! యభవా! మహాభవా!",vruttamu,Chiravibhava,"[('స', '|'), ('ర', '|'), ('సీ', 'U'), ('రు', '|'), ('హా', 'U'), ('క్ష', '|'), ('ప', 'U'), ('ద్మ', '|'), ('భ', '|'), ('వ', '|'), ('శ', '|'), ('క్ర', '|'), ('కృ', '|'), ('శా', 'U'), ('ను', '|'), ('కృ', '|'), ('తాం', 'U'), ('త', '|'), ('యా', 'U'), ('మి', '|'), ('నీ', 'U'), ('చ', '|'), ('ర', '|'), ('వ', '|'), ('రు', '|'), ('ణా', 'U'), ('ని', '|'), ('లై', 'U'), ('ల', '|'), ('బి', '|'), ('ల', '|'), ('చం', 'U'), ('ద్ర', '|'), ('కి', '|'), ('రీ', 'U'), ('ట', '|'), ('సు', '|'), ('ధా', 'U'), ('మ', '|'), ('యూ', 'U'), ('ఖ', '|'), ('భా', 'U'), ('స్క', '|'), ('ర', '|'), ('ము', '|'), ('ఖ', '|'), ('దే', 'U'), ('వ', '|'), ('తా', 'U'), ('ప్ర', '|'), ('ము', '|'), ('ఖ', '|'), ('స', 'U'), ('ర్వ', '|'), ('ము', '|'), ('నీ', 'U'), ('వె', '|'), ('య', '|'), ('టం', 'U'), ('చు', '|'), ('వే', 'U'), ('డె', '|'), ('దన్', 'U'), ('చి', '|'), ('ర', '|'), ('వి', '|'), ('భ', '|'), ('వా', 'U'), ('భ', '|'), ('వా', 'U'), ('వి', '|'), ('జి', '|'), ('త', '|'), ('చి', 'U'), ('త్త', '|'), ('భ', '|'), ('వా', 'U'), ('య', '|'), ('భ', '|'), ('వా', 'U'), ('మ', '|'), ('హా', 'U'), ('భ', '|'), ('వా', 'U')]",0.9857142857142858,1.0,1.0,0.9285714285714286,1.0,1.0
champakamaala,"శిరములు వేయిగల్గు నహిశేఖరుఁడైన చతుర్ముఖంబులన్
బరగు విధాతయైన సులభంబుగ నొక్కిసుమంతయైన నీ
చరితము లెన్నఁజాలరట శక్తులమే మముబోంట్ల మెన్నఁగాఁ
జిరవిభవా! భవా! విజితచిత్తభవా! యభవా! మహాభవా!",vruttamu,Chiravibhava,"[('శి', '|'), ('ర', '|'), ('ము', '|'), ('లు', '|'), ('వే', 'U'), ('యి', '|'), ('గ', 'U'), ('ల్గు', '|'), ('న', '|'), ('హి', '|'), ('శే', 'U'), ('ఖ', '|'), ('రు', '|'), ('డై', 'U'), ('న', '|'), ('చ', '|'), ('తు', 'U'), ('ర్ము', '|'), ('ఖం', 'U'), ('బు', '|'), ('లన్', 'U'), ('బ', '|'), ('ర', '|'), ('గు', '|'), ('వి', '|'), ('ధా', 'U'), ('త', '|'), ('యై', 'U'), ('న', '|'), ('సు', '|'), ('ల', '|'), ('భం', 'U'), ('బు', '|'), ('గ', '|'), ('నొ', 'U'), ('క్కి', '|'), ('సు', '|'), ('మం', 'U'), ('త', '|'), ('యై', 'U'), ('న', '|'), ('నీ', 'U'), ('చ', '|'), ('రి', '|'), ('త', '|'), ('ము', '|'), ('లె', 'U'), ('న్న', '|'), ('జా', 'U'), ('ల', '|'), ('ర', '|'), ('ట', '|'), ('శ', 'U'), ('క్తు', '|'), ('ల', '|'), ('మే', 'U'), ('మ', '|'), ('ము', '|'), ('బోం', 'U'), ('ట్ల', '|'), ('మె', 'U'), ('న్న', '|'), ('గా', 'U'), ('జి', '|'), ('ర', '|'), ('వి', '|'), ('భ', '|'), ('వా', 'U'), ('భ', '|'), ('వా', 'U'), ('వి', '|'), ('జి', '|'), ('త', '|'), ('చి', 'U'), ('త్త', '|'), ('భ', '|'), ('వా', 'U'), ('య', '|'), ('భ', '|'), ('వా', 'U'), ('మ', '|'), ('హా', 'U'), ('భ', '|'), ('వా', 'U')]",1.0,1.0,1.0,1.0,1.0,1.0
champakamaala,"వరుణభవాత్రిగౌతములు వ్యాసవసిష్ఠఘటోద్భవుల్ పరా-
శరసుతకణ్వకౌశికులు జహ్నుశమీకముఖాఖిలర్షిశే-
ఖరులు నుతింపఁజూలరటకా నిను మాదృశు లెన్ననేర్తురే
చిరవిభవా! భవా! విజితచిత్తభవా! యభవా! మహాభవా!",vruttamu,Chiravibhava,"[('వ', '|'), ('రు', '|'), ('ణ', '|'), ('భ', '|'), ('వా', 'U'), ('త్రి', '|'), ('గౌ', 'U'), ('త', '|'), ('ము', '|'), ('లు', 'U'), ('వ్యా', 'U'), ('స', '|'), ('వ', '|'), ('సి', 'U'), ('ష్ఠ', '|'), ('ఘ', '|'), ('టో', 'U'), ('ద్భ', '|'), ('వు', 'U'), ('ల్ప', '|'), ('రా', 'U'), ('శ', '|'), ('ర', '|'), ('సు', '|'), ('త', '|'), ('క', 'U'), ('ణ్వ', '|'), ('కౌ', 'U'), ('శి', '|'), ('కు', '|'), ('లు', '|'), ('జ', 'U'), ('హ్ను', '|'), ('శ', '|'), ('మీ', 'U'), ('క', '|'), ('ము', '|'), ('ఖా', 'U'), ('ఖి', '|'), ('ల', 'U'), ('ర్షి', '|'), ('శే', 'U'), ('ఖ', '|'), ('రు', '|'), ('లు', '|'), ('ను', '|'), ('తిం', 'U'), ('ప', '|'), ('జూ', 'U'), ('ల', '|'), ('ర', '|'), ('ట', '|'), ('కా', 'U'), ('ని', '|'), ('ను', '|'), ('మా', 'U'), ('దృ', '|'), ('శు', '|'), ('లె', 'U'), ('న్న', '|'), ('నే', 'U'), ('ర్తు', '|'), ('రే', 'U'), ('చి', '|'), ('ర', '|'), ('వి', '|'), ('భ', '|'), ('వా', 'U'), ('భ', '|'), ('వా', 'U'), ('వి', '|'), ('జి', '|'), ('త', '|'), ('చి', 'U'), ('త్త', '|'), ('భ', '|'), ('వా', 'U'), ('య', '|'), ('భ', '|'), ('వా', 'U'), ('మ', '|'), ('హా', 'U'), ('భ', '|'), ('వా', 'U')]",0.9928571428571429,1.0,1.0,0.9642857142857143,1.0,1.0
champakamaala,"హరిణము ఢక్క శూలము గజాజిన మెక్కువకన్ను పాపరా-
సరములు బూదిపూత వినుజక్కర లేనెలపున్క లెద్దు దా
నిరుమెయి కప్పు కుత్తుకయు నెమ్మిగఁ గల్గు నిను న్భజించెదన్
చిరవిభవా! భవా! విజితచిత్తభవా! యభవా! మహాభవా!",vruttamu,Chiravibhava,"[('హ', '|'), ('రి', '|'), ('ణ', '|'), ('ము', '|'), ('ఢ', 'U'), ('క్క', '|'), ('శూ', 'U'), ('ల', '|'), ('ము', '|'), ('గ', '|'), ('జా', 'U'), ('జి', '|'), ('న', '|'), ('మె', 'U'), ('క్కు', '|'), ('వ', '|'), ('క', 'U'), ('న్ను', '|'), ('పా', 'U'), ('ప', '|'), ('రా', 'U'), ('స', '|'), ('ర', '|'), ('ము', '|'), ('లు', '|'), ('బూ', 'U'), ('ది', '|'), ('పూ', 'U'), ('త', '|'), ('వి', '|'), ('ను', '|'), ('జ', 'U'), ('క్క', '|'), ('ర', '|'), ('లే', 'U'), ('నె', '|'), ('ల', '|'), ('పు', 'U'), ('న్క', '|'), ('లె', 'U'), ('ద్దు', '|'), ('దా', 'U'), ('ని', '|'), ('రు', '|'), ('మె', '|'), ('యి', '|'), ('క', 'U'), ('ప్పు', '|'), ('కు', 'U'), ('త్తు', '|'), ('క', '|'), ('యు', '|'), ('నె', 'U'), ('మ్మి', '|'), ('గ', '|'), ('గ', 'U'), ('ల్గు', '|'), ('ని', '|'), ('ను', 'U'), ('న్భ', '|'), ('జిం', 'U'), ('చె', '|'), ('దన్', 'U'), ('చి', '|'), ('ర', '|'), ('వి', '|'), ('భ', '|'), ('వా', 'U'), ('భ', '|'), ('వా', 'U'), ('వి', '|'), ('జి', '|'), ('త', '|'), ('చి', 'U'), ('త్త', '|'), ('భ', '|'), ('వా', 'U'), ('య', '|'), ('భ', '|'), ('వా', 'U'), ('మ', '|'), ('హా', 'U'), ('భ', '|'), ('వా', 'U')]",0.95,1.0,1.0,1.0,0.75,1.0
champakamaala,"ధరణి రథంబుగా శృతివితానము వాజులుగా రమామనో-
హరుఁడు శరంబుగా మరుదహార్యము సింగిణిగా బిలేశయే-
శ్వరుఁడు గుణంబుగా నలువ సారథిగాఁ దిగప్రోళ్లఁ గూల్చితౌ
చిరవిభవా! భవా! విజితచిత్తభవా! యభవా! మహాభవా!",vruttamu,Chiravibhava,"[('ధ', '|'), ('ర', '|'), ('ణి', '|'), ('ర', '|'), ('థం', 'U'), ('బు', '|'), ('గా', 'U'), ('శృ', '|'), ('తి', '|'), ('వి', '|'), ('తా', 'U'), ('న', '|'), ('ము', '|'), ('వా', 'U'), ('జు', '|'), ('లు', '|'), ('గా', 'U'), ('ర', '|'), ('మా', 'U'), ('మ', '|'), ('నో', 'U'), ('హ', '|'), ('రు', '|'), ('డు', '|'), ('శ', '|'), ('రం', 'U'), ('బు', '|'), ('గా', 'U'), ('మ', '|'), ('రు', '|'), ('ద', '|'), ('హా', 'U'), ('ర్య', '|'), ('ము', '|'), ('సిం', 'U'), ('గి', '|'), ('ణి', '|'), ('గా', 'U'), ('బి', '|'), ('లే', 'U'), ('శ', '|'), ('యే', 'U'), ('శ్వ', '|'), ('రు', '|'), ('డు', '|'), ('గు', '|'), ('ణం', 'U'), ('బు', '|'), ('గా', 'U'), ('న', '|'), ('లు', '|'), ('వ', '|'), ('సా', 'U'), ('ర', '|'), ('థి', '|'), ('గా', 'U'), ('ది', '|'), ('గ', '|'), ('ప్రో', 'U'), ('ళ్ల', '|'), ('గూ', 'U'), ('ల్చి', '|'), ('తౌ', 'U'), ('చి', '|'), ('ర', '|'), ('వి', '|'), ('భ', '|'), ('వా', 'U'), ('భ', '|'), ('వా', 'U'), ('వి', '|'), ('జి', '|'), ('త', '|'), ('చి', 'U'), ('త్త', '|'), ('భ', '|'), ('వా', 'U'), ('య', '|'), ('భ', '|'), ('వా', 'U'), ('మ', '|'), ('హా', 'U'), ('భ', '|'), ('వా', 'U')]",1.0,1.0,1.0,1.0,1.0,1.0
champakamaala,"హరి మిము వేయుపద్మముల నర్చన చేసిన సర్వలోకభీ-
కరఖరదైత్యసంహరణకారణమై కనుపట్టు చుట్టువా-
లరుదుగ నిచ్చిమెచ్చి భువనైకధురంధరుఁ జేసి యేలితో
చిరవిభవా! భవా! విజితచిత్తభవా! యభవా! మహాభవా!",vruttamu,Chiravibhava,"[('హ', '|'), ('రి', '|'), ('మి', '|'), ('ము', '|'), ('వే', 'U'), ('యు', '|'), ('ప', 'U'), ('ద్మ', '|'), ('ము', '|'), ('ల', '|'), ('న', 'U'), ('ర్చ', '|'), ('న', '|'), ('చే', 'U'), ('సి', '|'), ('న', '|'), ('స', 'U'), ('ర్వ', '|'), ('లో', 'U'), ('క', '|'), ('భీ', 'U'), ('క', '|'), ('ర', '|'), ('ఖ', '|'), ('ర', '|'), ('దై', 'U'), ('త్య', '|'), ('సం', 'U'), ('హ', '|'), ('ర', '|'), ('ణ', '|'), ('కా', 'U'), ('ర', '|'), ('ణ', '|'), ('మై', 'U'), ('క', '|'), ('ను', '|'), ('ప', 'U'), ('ట్టు', '|'), ('చు', 'U'), ('ట్టు', '|'), ('వా', 'U'), ('ల', '|'), ('రు', '|'), ('దు', '|'), ('గ', '|'), ('ని', 'U'), ('చ్చి', '|'), ('మె', 'U'), ('చ్చి', '|'), ('భు', '|'), ('వ', '|'), ('నై', 'U'), ('క', '|'), ('ధు', '|'), ('రం', 'U'), ('ధ', '|'), ('రు', '|'), ('జే', 'U'), ('సి', '|'), ('యే', 'U'), ('లి', '|'), ('తో', 'U'), ('చి', '|'), ('ర', '|'), ('వి', '|'), ('భ', '|'), ('వా', 'U'), ('భ', '|'), ('వా', 'U'), ('వి', '|'), ('జి', '|'), ('త', '|'), ('చి', 'U'), ('త్త', '|'), ('భ', '|'), ('వా', 'U'), ('య', '|'), ('భ', '|'), ('వా', 'U'), ('మ', '|'), ('హా', 'U'), ('భ', '|'), ('వా', 'U')]",0.9,1.0,1.0,1.0,0.5,1.0
champakamaala,"తరణిసుతోగ్రపాశవితతవ్యథ గాసిలి స్వేతుఁ డర్థి నిన్
స్మరణము నొంద నజ్జము వెసం బడదన్ని ధరామరోత్తమున్
గరమనురక్తిఁ బ్రోవవె జగంబున శాశ్వతజీవిఁ జేసి మేల్
చిరవిభవా! భవా! విజితచిత్తభవా! యభవా! మహాభవా!",vruttamu,Chiravibhava,"[('త', '|'), ('ర', '|'), ('ణి', '|'), ('సు', '|'), ('తో', 'U'), ('గ్ర', '|'), ('పా', 'U'), ('శ', '|'), ('వి', '|'), ('త', '|'), ('త', 'U'), ('వ్య', '|'), ('థ', '|'), ('గా', 'U'), ('సి', '|'), ('లి', 'U'), ('స్వే', 'U'), ('తు', '|'), ('డ', 'U'), ('ర్థి', '|'), ('నిన్', 'U'), ('స్మ', '|'), ('ర', '|'), ('ణ', '|'), ('ము', '|'), ('నొం', 'U'), ('ద', '|'), ('న', 'U'), ('జ్జ', '|'), ('ము', '|'), ('వె', '|'), ('సం', 'U'), ('బ', '|'), ('డ', '|'), ('ద', 'U'), ('న్ని', '|'), ('ధ', '|'), ('రా', 'U'), ('మ', '|'), ('రో', 'U'), ('త్త', '|'), ('మున్', 'U'), ('గ', '|'), ('ర', '|'), ('మ', '|'), ('ను', '|'), ('ర', 'U'), ('క్తి', '|'), ('బ్రో', 'U'), ('వ', '|'), ('వె', '|'), ('జ', '|'), ('గం', 'U'), ('బు', '|'), ('న', '|'), ('శా', 'U'), ('శ్వ', '|'), ('త', '|'), ('జీ', 'U'), ('వి', '|'), ('జే', 'U'), ('సి', '|'), ('మేల్', 'U'), ('చి', '|'), ('ర', '|'), ('వి', '|'), ('భ', '|'), ('వా', 'U'), ('భ', '|'), ('వా', 'U'), ('వి', '|'), ('జి', '|'), ('త', '|'), ('చి', 'U'), ('త్త', '|'), ('భ', '|'), ('వా', 'U'), ('య', '|'), ('భ', '|'), ('వా', 'U'), ('మ', '|'), ('హా', 'U'), ('భ', '|'), ('వా', 'U')]",0.9928571428571429,1.0,1.0,0.9642857142857143,1.0,1.0
champakamaala,"అరుదుగ నింద్రకీలగిరి నర్జునుఁ డుగ్రతపం బొనర్చుచో
నరిగి కిరాతరూపమునఁ జక్కఁగ నిల్చి కరంబు వానితో
దురమొనరించి మెచ్చి కృపతోడుతఁ బాశుపతాస్త్రమీయవే
చిరవిభవా! భవా! విజితచిత్తభవా! యభవా! మహాభవా!",vruttamu,Chiravibhava,"[('అ', '|'), ('రు', '|'), ('దు', '|'), ('గ', '|'), ('నిం', 'U'), ('ద్ర', '|'), ('కీ', 'U'), ('ల', '|'), ('గి', '|'), ('రి', '|'), ('న', 'U'), ('ర్జు', '|'), ('ను', '|'), ('డు', '|'), ('గ్ర', '|'), ('త', '|'), ('పం', 'U'), ('బొ', '|'), ('న', 'U'), ('ర్చు', '|'), ('చో', 'U'), ('న', '|'), ('రి', '|'), ('గి', '|'), ('కి', '|'), ('రా', 'U'), ('త', '|'), ('రూ', 'U'), ('ప', '|'), ('ము', '|'), ('న', '|'), ('జ', 'U'), ('క్క', '|'), ('గ', '|'), ('ని', 'U'), ('ల్చి', '|'), ('క', '|'), ('రం', 'U'), ('బు', '|'), ('వా', 'U'), ('ని', '|'), ('తో', 'U'), ('దు', '|'), ('ర', '|'), ('మొ', '|'), ('న', '|'), ('రిం', 'U'), ('చి', '|'), ('మె', 'U'), ('చ్చి', '|'), ('కృ', '|'), ('ప', '|'), ('తో', 'U'), ('డు', '|'), ('త', '|'), ('బా', 'U'), ('శు', '|'), ('ప', '|'), ('తా', 'U'), ('స్త్ర', '|'), ('మీ', 'U'), ('య', '|'), ('వే', 'U'), ('చి', '|'), ('ర', '|'), ('వి', '|'), ('భ', '|'), ('వా', 'U'), ('భ', '|'), ('వా', 'U'), ('వి', '|'), ('జి', '|'), ('త', '|'), ('చి', 'U'), ('త్త', '|'), ('భ', '|'), ('వా', 'U'), ('య', '|'), ('భ', '|'), ('వా', 'U'), ('మ', '|'), ('హా', 'U'), ('భ', '|'), ('వా', 'U')]",0.8928571428571429,1.0,1.0,0.9642857142857143,0.5,1.0
champakamaala,"సురలును దైత్యులుం గదసి స్రుక్కక వార్ధి మధింపుచున్నచో
నురుగతినందు హాలహల ముద్భవమై జగముల్ హరింప న-
గ్గరళము కంఠసీమనిడి కావవె లోకములెల్ల నాఁదటన్
జిరవిభవా! భవా! విజితచిత్తభవా! యభవా! మహాభవా!",vruttamu,Chiravibhava,"[('సు', '|'), ('ర', '|'), ('లు', '|'), ('ను', '|'), ('దై', 'U'), ('త్యు', '|'), ('లుం', 'U'), ('గ', '|'), ('ద', '|'), ('సి', '|'), ('స్రు', 'U'), ('క్క', '|'), ('క', '|'), ('వా', 'U'), ('ర్ధి', '|'), ('మ', '|'), ('ధిం', 'U'), ('పు', '|'), ('చు', 'U'), ('న్న', '|'), ('చో', 'U'), ('ను', '|'), ('రు', '|'), ('గ', '|'), ('తి', '|'), ('నం', 'U'), ('దు', '|'), ('హా', 'U'), ('ల', '|'), ('హ', '|'), ('ల', '|'), ('ము', 'U'), ('ద్భ', '|'), ('వ', '|'), ('మై', 'U'), ('జ', '|'), ('గ', '|'), ('ము', 'U'), ('ల్హ', '|'), ('రిం', 'U'), ('ప', '|'), ('న', 'U'), ('గ్గ', '|'), ('ర', '|'), ('ళ', '|'), ('ము', '|'), ('కం', 'U'), ('ఠ', '|'), ('సీ', 'U'), ('మ', '|'), ('ని', '|'), ('డి', '|'), ('కా', 'U'), ('వ', '|'), ('వె', '|'), ('లో', 'U'), ('క', '|'), ('ము', '|'), ('లె', 'U'), ('ల్ల', '|'), ('నా', 'U'), ('ద', '|'), ('టన్', 'U'), ('జి', '|'), ('ర', '|'), ('వి', '|'), ('భ', '|'), ('వా', 'U'), ('భ', '|'), ('వా', 'U'), ('వి', '|'), ('జి', '|'), ('త', '|'), ('చి', 'U'), ('త్త', '|'), ('భ', '|'), ('వా', 'U'), ('య', '|'), ('భ', '|'), ('వా', 'U'), ('మ', '|'), ('హా', 'U'), ('భ', '|'), ('వా', 'U')]",0.95,1.0,1.0,1.0,0.75,1.0
champakamaala,"కిరికలహంసరూపములఁ గృష్ణుఁడు నంబురుహాసనుండు నీ
చరణములున్ శిరంబు గనఁ జాగి రసాతలము న్నభంబు వే-
సరి వెదుకంగ వారికిఁ బ్రసన్నతనొందవె లింగమూర్తివై
చిరవిభవా! భవా! విజితచిత్తభవా! యభవా! మహాభవా!",vruttamu,Chiravibhava,"[('కి', '|'), ('రి', '|'), ('క', '|'), ('ల', '|'), ('హం', 'U'), ('స', '|'), ('రూ', 'U'), ('ప', '|'), ('ము', '|'), ('ల', '|'), ('గృ', 'U'), ('ష్ణు', '|'), ('డు', '|'), ('నం', 'U'), ('బు', '|'), ('రు', '|'), ('హా', 'U'), ('స', '|'), ('నుం', 'U'), ('డు', '|'), ('నీ', 'U'), ('చ', '|'), ('ర', '|'), ('ణ', '|'), ('ము', '|'), ('లు', 'U'), ('న్శి', '|'), ('రం', 'U'), ('బు', '|'), ('గ', '|'), ('న', '|'), ('జా', 'U'), ('గి', '|'), ('ర', '|'), ('సా', 'U'), ('త', '|'), ('ల', '|'), ('ము', 'U'), ('న్న', '|'), ('భం', 'U'), ('బు', '|'), ('వే', 'U'), ('స', '|'), ('రి', '|'), ('వె', '|'), ('దు', '|'), ('కం', 'U'), ('గ', '|'), ('వా', 'U'), ('రి', '|'), ('కి', '|'), ('బ్ర', '|'), ('స', 'U'), ('న్న', '|'), ('త', '|'), ('నొం', 'U'), ('ద', '|'), ('వె', '|'), ('లిం', 'U'), ('గ', '|'), ('మూ', 'U'), ('ర్తి', '|'), ('వై', 'U'), ('చి', '|'), ('ర', '|'), ('వి', '|'), ('భ', '|'), ('వా', 'U'), ('భ', '|'), ('వా', 'U'), ('వి', '|'), ('జి', '|'), ('త', '|'), ('చి', 'U'), ('త్త', '|'), ('భ', '|'), ('వా', 'U'), ('య', '|'), ('భ', '|'), ('వా', 'U'), ('మ', '|'), ('హా', 'U'), ('భ', '|'), ('వా', 'U')]",0.95,1.0,1.0,1.0,0.75,1.0
champakamaala,"శరధిశయానుఁడైన హరి సారసబంధుకులంబునందు దా-
శరథి యనం జనించి బహుసంఖ్యలు మీఱిన లింగమూర్తులన్
సరవిఁ బ్రతిష్ఠఁ జేసెనఁట శక్యమె నీ యధికత్వమెన్నఁగాఁ
జిరవిభవా! భవా! విజితచిత్తభవా! యభవా! మహాభవా!",vruttamu,Chiravibhava,"[('శ', '|'), ('ర', '|'), ('ధి', '|'), ('శ', '|'), ('యా', 'U'), ('ను', '|'), ('డై', 'U'), ('న', '|'), ('హ', '|'), ('రి', '|'), ('సా', 'U'), ('ర', '|'), ('స', '|'), ('బం', 'U'), ('ధు', '|'), ('కు', '|'), ('లం', 'U'), ('బు', '|'), ('నం', 'U'), ('దు', '|'), ('దా', 'U'), ('శ', '|'), ('ర', '|'), ('థి', '|'), ('య', '|'), ('నం', 'U'), ('జ', '|'), ('నిం', 'U'), ('చి', '|'), ('బ', '|'), ('హు', '|'), ('సం', 'U'), ('ఖ్య', '|'), ('లు', '|'), ('మీ', 'U'), ('ఱి', '|'), ('న', '|'), ('లిం', 'U'), ('గ', '|'), ('మూ', 'U'), ('ర్తు', '|'), ('లన్', 'U'), ('స', '|'), ('ర', '|'), ('వి', '|'), ('బ్ర', '|'), ('తి', 'U'), ('ష్ఠ', '|'), ('జే', 'U'), ('సె', '|'), ('న', '|'), ('ట', '|'), ('శ', 'U'), ('క్య', '|'), ('మె', '|'), ('నీ', 'U'), ('య', '|'), ('ధి', '|'), ('క', 'U'), ('త్వ', '|'), ('మె', 'U'), ('న్న', '|'), ('గా', 'U'), ('జి', '|'), ('ర', '|'), ('వి', '|'), ('భ', '|'), ('వా', 'U'), ('భ', '|'), ('వా', 'U'), ('వి', '|'), ('జి', '|'), ('త', '|'), ('చి', 'U'), ('త్త', '|'), ('భ', '|'), ('వా', 'U'), ('య', '|'), ('భ', '|'), ('వా', 'U'), ('మ', '|'), ('హా', 'U'), ('భ', '|'), ('వా', 'U')]",1.0,1.0,1.0,1.0,1.0,1.0
champakamaala,"గరువముతోడ నిన్ను వెలిగా నిడి దక్షుఁడు జన్న మొక్కెడన్
హరిహయపుండరీకనయనాబ్జభవాదులఁ గూర్చి చేయుచో
నరుదుగ వీరభద్రభయదాకృతిఁ గైకొని సంహరింపవే
చిరవిభవా! భవా! విజితచిత్తభవా! యభవా! మహాభవా!",vruttamu,Chiravibhava,"[('గ', '|'), ('రు', '|'), ('వ', '|'), ('ము', '|'), ('తో', 'U'), ('డ', '|'), ('ని', 'U'), ('న్ను', '|'), ('వె', '|'), ('లి', '|'), ('గా', 'U'), ('ని', '|'), ('డి', '|'), ('ద', 'U'), ('క్షు', '|'), ('డు', '|'), ('జ', 'U'), ('న్న', '|'), ('మొ', 'U'), ('క్కె', '|'), ('డన్', 'U'), ('హ', '|'), ('రి', '|'), ('హ', '|'), ('య', '|'), ('పుం', 'U'), ('డ', '|'), ('రీ', 'U'), ('క', '|'), ('న', '|'), ('య', '|'), ('నా', 'U'), ('బ్జ', '|'), ('భ', '|'), ('వా', 'U'), ('దు', '|'), ('ల', '|'), ('గూ', 'U'), ('ర్చి', '|'), ('చే', 'U'), ('యు', '|'), ('చో', 'U'), ('న', '|'), ('రు', '|'), ('దు', '|'), ('గ', '|'), ('వీ', 'U'), ('ర', '|'), ('భ', '|'), ('ద్ర', '|'), ('భ', '|'), ('య', '|'), ('దా', 'U'), ('కృ', '|'), ('తి', '|'), ('గై', 'U'), ('కొ', '|'), ('ని', '|'), ('సం', 'U'), ('హ', '|'), ('రిం', 'U'), ('ప', '|'), ('వే', 'U'), ('చి', '|'), ('ర', '|'), ('వి', '|'), ('భ', '|'), ('వా', 'U'), ('భ', '|'), ('వా', 'U'), ('వి', '|'), ('జి', '|'), ('త', '|'), ('చి', 'U'), ('త్త', '|'), ('భ', '|'), ('వా', 'U'), ('య', '|'), ('భ', '|'), ('వా', 'U'), ('మ', '|'), ('హా', 'U'), ('భ', '|'), ('వా', 'U')]",0.8928571428571429,1.0,1.0,0.9642857142857143,0.5,1.0
champakamaala,"కరమరుదార నల్వఁ దనకన్న ఘనుండగు వేల్పు లేఁడటం-
చురుగతి దేవతాసభ దురూక్తులు బల్కఁగ నల్గి వాని దు-
ర్భరతరగర్వభారమును బల్వడిఁ ద్రుంపవె భైరవాకృతిన్
జిరవిభవా! భవా! విజితచిత్తభవా! యభవా! మహాభవా!",vruttamu,Chiravibhava,"[('క', '|'), ('ర', '|'), ('మ', '|'), ('రు', '|'), ('దా', 'U'), ('ర', '|'), ('న', 'U'), ('ల్వ', '|'), ('ద', '|'), ('న', '|'), ('క', 'U'), ('న్న', '|'), ('ఘ', '|'), ('నుం', 'U'), ('డ', '|'), ('గు', '|'), ('వే', 'U'), ('ల్పు', '|'), ('లే', 'U'), ('డ', '|'), ('టం', 'U'), ('చు', '|'), ('రు', '|'), ('గ', '|'), ('తి', '|'), ('దే', 'U'), ('వ', '|'), ('తా', 'U'), ('స', '|'), ('భ', '|'), ('దు', '|'), ('రూ', 'U'), ('క్తు', '|'), ('లు', '|'), ('బ', 'U'), ('ల్క', '|'), ('గ', '|'), ('న', 'U'), ('ల్గి', '|'), ('వా', 'U'), ('ని', '|'), ('దు', 'U'), ('ర్భ', '|'), ('ర', '|'), ('త', '|'), ('ర', '|'), ('గ', 'U'), ('ర్వ', '|'), ('భా', 'U'), ('ర', '|'), ('ము', '|'), ('ను', '|'), ('బ', 'U'), ('ల్వ', '|'), ('డి', '|'), ('ద్రుం', 'U'), ('ప', '|'), ('వె', '|'), ('భై', 'U'), ('ర', '|'), ('వా', 'U'), ('కృ', '|'), ('తిన్', 'U'), ('జి', '|'), ('ర', '|'), ('వి', '|'), ('భ', '|'), ('వా', 'U'), ('భ', '|'), ('వా', 'U'), ('వి', '|'), ('జి', '|'), ('త', '|'), ('చి', 'U'), ('త్త', '|'), ('భ', '|'), ('వా', 'U'), ('య', '|'), ('భ', '|'), ('వా', 'U'), ('మ', '|'), ('హా', 'U'), ('భ', '|'), ('వా', 'U')]",0.95,1.0,1.0,1.0,0.75,1.0
champakamaala,"అరయ మృకండుసూనుఁడు నిరంతరమృత్యుభయాకులార్తుఁడై
వెఱవు దలిర్ప నిన్ శరణు వేడిన మిత్తి నడంచి యమ్మునీ-
శ్వరసుతుఁ బ్రోచినాఁడవట శాశ్వతజీవునిఁ జేసి వాసిగాఁ
జిరవిభవా! భవా! విజితచిత్తభవా! యభవా! మహాభవా!",vruttamu,Chiravibhava,"[('అ', '|'), ('ర', '|'), ('య', '|'), ('మృ', '|'), ('కం', 'U'), ('డు', '|'), ('సూ', 'U'), ('ను', '|'), ('డు', '|'), ('ని', '|'), ('రం', 'U'), ('త', '|'), ('ర', '|'), ('మృ', 'U'), ('త్యు', '|'), ('భ', '|'), ('యా', 'U'), ('కు', '|'), ('లా', 'U'), ('ర్తు', '|'), ('డై', 'U'), ('వె', '|'), ('ఱ', '|'), ('వు', '|'), ('ద', '|'), ('లి', 'U'), ('ర్ప', '|'), ('ని', 'U'), ('న్శ', '|'), ('ర', '|'), ('ణు', '|'), ('వే', 'U'), ('డి', '|'), ('న', '|'), ('మి', 'U'), ('త్తి', '|'), ('న', '|'), ('డం', 'U'), ('చి', '|'), ('య', 'U'), ('మ్ము', '|'), ('నీ', 'U'), ('శ్వ', '|'), ('ర', '|'), ('సు', '|'), ('తు', '|'), ('బ్రో', 'U'), ('చి', '|'), ('నా', 'U'), ('డ', '|'), ('వ', '|'), ('ట', '|'), ('శా', 'U'), ('శ్వ', '|'), ('త', '|'), ('జీ', 'U'), ('వు', '|'), ('ని', '|'), ('జే', 'U'), ('సి', '|'), ('వా', 'U'), ('సి', '|'), ('గా', 'U'), ('జి', '|'), ('ర', '|'), ('వి', '|'), ('భ', '|'), ('వా', 'U'), ('భ', '|'), ('వా', 'U'), ('వి', '|'), ('జి', '|'), ('త', '|'), ('చి', 'U'), ('త్త', '|'), ('భ', '|'), ('వా', 'U'), ('య', '|'), ('భ', '|'), ('వా', 'U'), ('మ', '|'), ('హా', 'U'), ('భ', '|'), ('వా', 'U')]",0.9,1.0,1.0,1.0,0.75,0.75
champakamaala,"ముఱియుచుఁ గాశికాపురిని మూఢత బాహువులెత్తి ధారుణీ-
ధరములకన్న నెవ్వఁడును దైవము లేడని పల్కు నప్పరా-
శరసుతు బాహుయుగ్మకము స్తంభనమొందఁగఁ జేసి కుంచవే
చిరవిభవా! భవా! విజితచిత్తభవా! యభవా! మహాభవా!",vruttamu,Chiravibhava,"[('ము', '|'), ('ఱి', '|'), ('యు', '|'), ('చు', '|'), ('గా', 'U'), ('శి', '|'), ('కా', 'U'), ('పు', '|'), ('రి', '|'), ('ని', '|'), ('మూ', 'U'), ('ఢ', '|'), ('త', '|'), ('బా', 'U'), ('హు', '|'), ('వు', '|'), ('లె', 'U'), ('త్తి', '|'), ('ధా', 'U'), ('రు', '|'), ('ణీ', 'U'), ('ధ', '|'), ('ర', '|'), ('ము', '|'), ('ల', '|'), ('క', 'U'), ('న్న', '|'), ('నె', 'U'), ('వ్వ', '|'), ('డు', '|'), ('ను', '|'), ('దై', 'U'), ('వ', '|'), ('ము', '|'), ('లే', 'U'), ('డ', '|'), ('ని', '|'), ('ప', 'U'), ('ల్కు', '|'), ('న', 'U'), ('ప్ప', '|'), ('రా', 'U'), ('శ', '|'), ('ర', '|'), ('సు', '|'), ('తు', '|'), ('బా', 'U'), ('హు', '|'), ('యు', 'U'), ('గ్మ', '|'), ('క', '|'), ('ము', 'U'), ('స్తం', 'U'), ('భ', '|'), ('న', '|'), ('మొం', 'U'), ('ద', '|'), ('గ', '|'), ('జే', 'U'), ('సి', '|'), ('కుం', 'U'), ('చ', '|'), ('వే', 'U'), ('చి', '|'), ('ర', '|'), ('వి', '|'), ('భ', '|'), ('వా', 'U'), ('భ', '|'), ('వా', 'U'), ('వి', '|'), ('జి', '|'), ('త', '|'), ('చి', 'U'), ('త్త', '|'), ('భ', '|'), ('వా', 'U'), ('య', '|'), ('భ', '|'), ('వా', 'U'), ('మ', '|'), ('హా', 'U'), ('భ', '|'), ('వా', 'U')]",0.9428571428571428,1.0,1.0,0.9642857142857143,1.0,0.75
champakamaala,"అరయ నశేషలోకముల కాఢ్యుఁడ వీవె నిజంబు బాలిశు-
ల్మెఱమెఱగాఁ దలంత్రు కడిమిం బహిరంతరలోకరక్షకై
గరళము కంఠమూలమున గట్టిగ నిల్పు టెఱుంగరేమొకో
చిరవిభవా! భవా! విజితచిత్తభవా! యభవా! మహాభవా!",vruttamu,Chiravibhava,"[('అ', '|'), ('ర', '|'), ('య', '|'), ('న', '|'), ('శే', 'U'), ('ష', '|'), ('లో', 'U'), ('క', '|'), ('ము', '|'), ('ల', '|'), ('కా', 'U'), ('ఢ్యు', '|'), ('డ', '|'), ('వీ', 'U'), ('వె', '|'), ('ని', '|'), ('జం', 'U'), ('బు', '|'), ('బా', 'U'), ('లి', '|'), ('శు', 'U'), ('ల్మె', '|'), ('ఱ', '|'), ('మె', '|'), ('ఱ', '|'), ('గా', 'U'), ('ద', '|'), ('లం', 'U'), ('త్రు', '|'), ('క', '|'), ('డి', '|'), ('మిం', 'U'), ('బ', '|'), ('హి', '|'), ('రం', 'U'), ('త', '|'), ('ర', '|'), ('లో', 'U'), ('క', '|'), ('ర', 'U'), ('క్ష', '|'), ('కై', 'U'), ('గ', '|'), ('ర', '|'), ('ళ', '|'), ('ము', '|'), ('కం', 'U'), ('ఠ', '|'), ('మూ', 'U'), ('ల', '|'), ('ము', '|'), ('న', '|'), ('గ', 'U'), ('ట్టి', '|'), ('గ', '|'), ('ని', 'U'), ('ల్పు', '|'), ('టె', '|'), ('ఱుం', 'U'), ('గ', '|'), ('రే', 'U'), ('మొ', '|'), ('కో', 'U'), ('చి', '|'), ('ర', '|'), ('వి', '|'), ('భ', '|'), ('వా', 'U'), ('భ', '|'), ('వా', 'U'), ('వి', '|'), ('జి', '|'), ('త', '|'), ('చి', 'U'), ('త్త', '|'), ('భ', '|'), ('వా', 'U'), ('య', '|'), ('భ', '|'), ('వా', 'U'), ('మ', '|'), ('హా', 'U'), ('భ', '|'), ('వా', 'U')]",0.9,1.0,1.0,1.0,0.75,0.75
champakamaala,"హరి నరసింహరూపధరుఁడై సమరాగ్రమహోగ్రభంగి న-
బ్బురమొదవన్ హిరణ్యకశిపు న్బరిమార్చి చెలంగుచున్నచో
సరగఁ దదుగ్రతం శరభసాళువదేహుఁడవై యడంపవే
చిరవిభవా! భవా! విజితచిత్తభవా! యభవా! మహాభవా!",vruttamu,Chiravibhava,"[('హ', '|'), ('రి', '|'), ('న', '|'), ('ర', '|'), ('సిం', 'U'), ('హ', '|'), ('రూ', 'U'), ('ప', '|'), ('ధ', '|'), ('రు', '|'), ('డై', 'U'), ('స', '|'), ('మ', '|'), ('రా', 'U'), ('గ్ర', '|'), ('మ', '|'), ('హో', 'U'), ('గ్ర', '|'), ('భం', 'U'), ('గి', '|'), ('న', 'U'), ('బ్బు', '|'), ('ర', '|'), ('మొ', '|'), ('ద', '|'), ('వ', 'U'), ('న్హి', '|'), ('ర', 'U'), ('ణ్య', '|'), ('క', '|'), ('శి', '|'), ('పు', 'U'), ('న్బ', '|'), ('రి', '|'), ('మా', 'U'), ('ర్చి', '|'), ('చె', '|'), ('లం', 'U'), ('గు', '|'), ('చు', 'U'), ('న్న', '|'), ('చో', 'U'), ('స', '|'), ('ర', '|'), ('గ', '|'), ('ద', '|'), ('దు', '|'), ('గ్ర', '|'), ('తం', 'U'), ('శ', '|'), ('ర', '|'), ('భ', '|'), ('సా', 'U'), ('ళు', '|'), ('వ', '|'), ('దే', 'U'), ('హు', '|'), ('డ', '|'), ('వై', 'U'), ('య', '|'), ('డం', 'U'), ('ప', '|'), ('వే', 'U'), ('చి', '|'), ('ర', '|'), ('వి', '|'), ('భ', '|'), ('వా', 'U'), ('భ', '|'), ('వా', 'U'), ('వి', '|'), ('జి', '|'), ('త', '|'), ('చి', 'U'), ('త్త', '|'), ('భ', '|'), ('వా', 'U'), ('య', '|'), ('భ', '|'), ('వా', 'U'), ('మ', '|'), ('హా', 'U'), ('భ', '|'), ('వా', 'U')]",0.9428571428571428,1.0,1.0,0.9642857142857143,0.75,1.0
champakamaala,"సరసవిహారలీల విటజంగమరూపముతోడ నేగి య-
బ్బురముగ మున్ను భల్లణుని పత్నిని చల్లమదేవిఁ గోరి యా
గురుకుచ కౌఁగిట న్నిలవె గోమెలయ న్నెలనాళ్లపట్టివై
చిరవిభవా! భవా! విజితచిత్తభవా! యభవా! మహాభవా!",vruttamu,Chiravibhava,"[('స', '|'), ('ర', '|'), ('స', '|'), ('వి', '|'), ('హా', 'U'), ('ర', '|'), ('లీ', 'U'), ('ల', '|'), ('వి', '|'), ('ట', '|'), ('జం', 'U'), ('గ', '|'), ('మ', '|'), ('రూ', 'U'), ('ప', '|'), ('ము', '|'), ('తో', 'U'), ('డ', '|'), ('నే', 'U'), ('గి', '|'), ('య', 'U'), ('బ్బు', '|'), ('ర', '|'), ('ము', '|'), ('గ', '|'), ('ము', 'U'), ('న్ను', '|'), ('భ', 'U'), ('ల్ల', '|'), ('ణు', '|'), ('ని', '|'), ('ప', 'U'), ('త్ని', '|'), ('ని', '|'), ('చ', 'U'), ('ల్ల', '|'), ('మ', '|'), ('దే', 'U'), ('వి', '|'), ('గో', 'U'), ('రి', '|'), ('యా', 'U'), ('గు', '|'), ('రు', '|'), ('కు', '|'), ('చ', '|'), ('కౌ', 'U'), ('గి', '|'), ('ట', 'U'), ('న్ని', '|'), ('ల', '|'), ('వె', '|'), ('గో', 'U'), ('మె', '|'), ('ల', '|'), ('య', 'U'), ('న్నె', '|'), ('ల', '|'), ('నా', 'U'), ('ళ్ల', '|'), ('ప', 'U'), ('ట్టి', '|'), ('వై', 'U'), ('చి', '|'), ('ర', '|'), ('వి', '|'), ('భ', '|'), ('వా', 'U'), ('భ', '|'), ('వా', 'U'), ('వి', '|'), ('జి', '|'), ('త', '|'), ('చి', 'U'), ('త్త', '|'), ('భ', '|'), ('వా', 'U'), ('య', '|'), ('భ', '|'), ('వా', 'U'), ('మ', '|'), ('హా', 'U'), ('భ', '|'), ('వా', 'U')]",0.95,1.0,1.0,1.0,0.75,1.0
champakamaala,"ఇరవుగ దారుకావనమునీంద్రవధూతిలకంబుల న్మనో-
హరవటుకాకృతిం బొలిచి యబ్జశరాహవలీలలం గడున్
గరచిన నీ విలాసరతికౌశలముల్ గణుతింప శక్యమే
చిరవిభవా! భవా! విజితచిత్తభవా! యభవా! మహాభవా!",vruttamu,Chiravibhava,"[('ఇ', '|'), ('ర', '|'), ('వు', '|'), ('గ', '|'), ('దా', 'U'), ('రు', '|'), ('కా', 'U'), ('వ', '|'), ('న', '|'), ('ము', '|'), ('నీం', 'U'), ('ద్ర', '|'), ('వ', '|'), ('ధూ', 'U'), ('తి', '|'), ('ల', '|'), ('కం', 'U'), ('బు', '|'), ('ల', 'U'), ('న్మ', '|'), ('నో', 'U'), ('హ', '|'), ('ర', '|'), ('వ', '|'), ('టు', '|'), ('కా', 'U'), ('కృ', '|'), ('తిం', 'U'), ('బొ', '|'), ('లి', '|'), ('చి', '|'), ('య', 'U'), ('బ్జ', '|'), ('శ', '|'), ('రా', 'U'), ('హ', '|'), ('వ', '|'), ('లీ', 'U'), ('ల', '|'), ('లం', 'U'), ('గ', '|'), ('డున్', 'U'), ('గ', '|'), ('ర', '|'), ('చి', '|'), ('న', '|'), ('నీ', 'U'), ('వి', '|'), ('లా', 'U'), ('స', '|'), ('ర', '|'), ('తి', '|'), ('కౌ', 'U'), ('శ', '|'), ('ల', '|'), ('ము', 'U'), ('ల్గ', '|'), ('ణు', '|'), ('తిం', 'U'), ('ప', '|'), ('శ', 'U'), ('క్య', '|'), ('మే', 'U'), ('చి', '|'), ('ర', '|'), ('వి', '|'), ('భ', '|'), ('వా', 'U'), ('భ', '|'), ('వా', 'U'), ('వి', '|'), ('జి', '|'), ('త', '|'), ('చి', 'U'), ('త్త', '|'), ('భ', '|'), ('వా', 'U'), ('య', '|'), ('భ', '|'), ('వా', 'U'), ('మ', '|'), ('హా', 'U'), ('భ', '|'), ('వా', 'U')]",0.95,1.0,1.0,1.0,0.75,1.0
champakamaala,"సరభసలీల మున్ముసలిజంగమువై చిరితొండనంబి మం-
దిరమున కేఁగి తత్తనయునిం బొలకై వధియింపఁజేసి చె-
చ్చెర నిజమూర్తి చూపి కృప చిప్పిల వానిఁ గృతార్థుఁ జేయవే
చిరవిభవా! భవా! విజితచిత్తభవా! యభవా! మహాభవా!",vruttamu,Chiravibhava,"[('స', '|'), ('ర', '|'), ('భ', '|'), ('స', '|'), ('లీ', 'U'), ('ల', '|'), ('ము', 'U'), ('న్ము', '|'), ('స', '|'), ('లి', '|'), ('జం', 'U'), ('గ', '|'), ('ము', '|'), ('వై', 'U'), ('చి', '|'), ('రి', '|'), ('తొం', 'U'), ('డ', '|'), ('నం', 'U'), ('బి', '|'), ('మం', 'U'), ('ది', '|'), ('ర', '|'), ('ము', '|'), ('న', '|'), ('కే', 'U'), ('గి', '|'), ('త', 'U'), ('త్త', '|'), ('న', '|'), ('యు', '|'), ('నిం', 'U'), ('బొ', '|'), ('ల', '|'), ('కై', 'U'), ('వ', '|'), ('ధి', '|'), ('యిం', 'U'), ('ప', '|'), ('జే', 'U'), ('సి', '|'), ('చె', 'U'), ('చ్చె', '|'), ('ర', '|'), ('ని', '|'), ('జ', '|'), ('మూ', 'U'), ('ర్తి', '|'), ('చూ', 'U'), ('పి', '|'), ('కృ', '|'), ('ప', '|'), ('చి', 'U'), ('ప్పి', '|'), ('ల', '|'), ('వా', 'U'), ('ని', '|'), ('గృ', '|'), ('తా', 'U'), ('ర్థు', '|'), ('జే', 'U'), ('య', '|'), ('వే', 'U'), ('చి', '|'), ('ర', '|'), ('వి', '|'), ('భ', '|'), ('వా', 'U'), ('భ', '|'), ('వా', 'U'), ('వి', '|'), ('జి', '|'), ('త', '|'), ('చి', 'U'), ('త్త', '|'), ('భ', '|'), ('వా', 'U'), ('య', '|'), ('భ', '|'), ('వా', 'U'), ('మ', '|'), ('హా', 'U'), ('భ', '|'), ('వా', 'U')]",0.95,1.0,1.0,1.0,0.75,1.0
champakamaala,"దొరకొని చెప్పుగాల తలఁ ద్రొక్కి యొకించుక నంజు డెంగిటన్
బొరసిన దప్పనంబొసఁగి పుక్కిటనీ ర్మెయిఁ జిల్కు బోయకున్
సరగున మోక్షమిచ్చితఁట సజ్జనకోటుల కిచ్చు టబ్రమే
చిరవిభవా! భవా! విజితచిత్తభవా! యభవా! మహాభవా!",vruttamu,Chiravibhava,"[('దొ', '|'), ('ర', '|'), ('కొ', '|'), ('ని', '|'), ('చె', 'U'), ('ప్పు', '|'), ('గా', 'U'), ('ల', '|'), ('త', '|'), ('ల', '|'), ('ద్రొ', 'U'), ('క్కి', '|'), ('యొ', '|'), ('కిం', 'U'), ('చు', '|'), ('క', '|'), ('నం', 'U'), ('జు', '|'), ('డెం', 'U'), ('గి', '|'), ('టన్', 'U'), ('బొ', '|'), ('ర', '|'), ('సి', '|'), ('న', '|'), ('ద', 'U'), ('ప్ప', '|'), ('నం', 'U'), ('బొ', '|'), ('స', '|'), ('గి', '|'), ('పు', 'U'), ('క్కి', '|'), ('ట', '|'), ('నీ', 'U'), ('ర్మె', '|'), ('యి', '|'), ('జి', 'U'), ('ల్కు', '|'), ('బో', 'U'), ('య', '|'), ('కున్', 'U'), ('స', '|'), ('ర', '|'), ('గు', '|'), ('న', '|'), ('మో', 'U'), ('క్ష', '|'), ('మి', 'U'), ('చ్చి', '|'), ('త', '|'), ('ట', '|'), ('స', 'U'), ('జ్జ', '|'), ('న', '|'), ('కో', 'U'), ('టు', '|'), ('ల', '|'), ('కి', 'U'), ('చ్చు', '|'), ('ట', '|'), ('బ్ర', '|'), ('మే', 'U'), ('చి', '|'), ('ర', '|'), ('వి', '|'), ('భ', '|'), ('వా', 'U'), ('భ', '|'), ('వా', 'U'), ('వి', '|'), ('జి', '|'), ('త', '|'), ('చి', 'U'), ('త్త', '|'), ('భ', '|'), ('వా', 'U'), ('య', '|'), ('భ', '|'), ('వా', 'U'), ('మ', '|'), ('హా', 'U'), ('భ', '|'), ('వా', 'U')]",0.9928571428571429,1.0,1.0,0.9642857142857143,1.0,1.0
champakamaala,"ఇరుసతలోకము ల్మహిమ నేలెడు స్వామివి నిన్ను వాకిటన్
దరలకయుండ గాపునిచి ధన్యతఁ జెందిన బాణదైత్యుఁ డే
కరణిని నిన్ను మున్నెరవు గ్రాలఁగఁ బూజ యొనర్చెనో కదా
చిరవిభవా! భవా! విజితచిత్తభవా! యభవా! మహాభవా!",vruttamu,Chiravibhava,"[('ఇ', '|'), ('రు', '|'), ('స', '|'), ('త', '|'), ('లో', 'U'), ('క', '|'), ('ము', 'U'), ('ల్మ', '|'), ('హి', '|'), ('మ', '|'), ('నే', 'U'), ('లె', '|'), ('డు', 'U'), ('స్వా', 'U'), ('మి', '|'), ('వి', '|'), ('ని', 'U'), ('న్ను', '|'), ('వా', 'U'), ('కి', '|'), ('టన్', 'U'), ('ద', '|'), ('ర', '|'), ('ల', '|'), ('క', '|'), ('యుం', 'U'), ('డ', '|'), ('గా', 'U'), ('పు', '|'), ('ని', '|'), ('చి', '|'), ('ధ', 'U'), ('న్య', '|'), ('త', '|'), ('జెం', 'U'), ('ది', '|'), ('న', '|'), ('బా', 'U'), ('ణ', '|'), ('దై', 'U'), ('త్యు', '|'), ('డే', 'U'), ('క', '|'), ('ర', '|'), ('ణి', '|'), ('ని', '|'), ('ని', 'U'), ('న్ను', '|'), ('ము', 'U'), ('న్నె', '|'), ('ర', '|'), ('వు', '|'), ('గ్రా', 'U'), ('ల', '|'), ('గ', '|'), ('బూ', 'U'), ('జ', '|'), ('యొ', '|'), ('న', 'U'), ('ర్చె', '|'), ('నో', 'U'), ('క', '|'), ('దా', 'U'), ('చి', '|'), ('ర', '|'), ('వి', '|'), ('భ', '|'), ('వా', 'U'), ('భ', '|'), ('వా', 'U'), ('వి', '|'), ('జి', '|'), ('త', '|'), ('చి', 'U'), ('త్త', '|'), ('భ', '|'), ('వా', 'U'), ('య', '|'), ('భ', '|'), ('వా', 'U'), ('మ', '|'), ('హా', 'U'), ('భ', '|'), ('వా', 'U')]",0.9428571428571428,1.0,1.0,0.9642857142857143,0.75,1.0
champakamaala,"మెరమెర లేక నీవు మును మేదరిసెట్టియు బోయలెంకయున్
బెరసుకులంపు చాకలియు బెట్టిన యోగిర మారగించితౌ
సరిసరి నిన్ను నర్చనలు సల్పెడుచో నియమంబులేలయా
చిరవిభవా! భవా! విజితచిత్తభవా! యభవా! మహాభవా!",vruttamu,Chiravibhava,"[('మె', '|'), ('ర', '|'), ('మె', '|'), ('ర', '|'), ('లే', 'U'), ('క', '|'), ('నీ', 'U'), ('వు', '|'), ('ము', '|'), ('ను', '|'), ('మే', 'U'), ('ద', '|'), ('రి', '|'), ('సె', 'U'), ('ట్టి', '|'), ('యు', '|'), ('బో', 'U'), ('య', '|'), ('లెం', 'U'), ('క', '|'), ('యున్', 'U'), ('బె', '|'), ('ర', '|'), ('సు', '|'), ('కు', '|'), ('లం', 'U'), ('పు', '|'), ('చా', 'U'), ('క', '|'), ('లి', '|'), ('యు', '|'), ('బె', 'U'), ('ట్టి', '|'), ('న', '|'), ('యో', 'U'), ('గి', '|'), ('ర', '|'), ('మా', 'U'), ('ర', '|'), ('గిం', 'U'), ('చి', '|'), ('తౌ', 'U'), ('స', '|'), ('రి', '|'), ('స', '|'), ('రి', '|'), ('ని', 'U'), ('న్ను', '|'), ('న', 'U'), ('ర్చ', '|'), ('న', '|'), ('లు', '|'), ('స', 'U'), ('ల్పె', '|'), ('డు', '|'), ('చో', 'U'), ('ని', '|'), ('య', '|'), ('మం', 'U'), ('బు', '|'), ('లే', 'U'), ('ల', '|'), ('యా', 'U'), ('చి', '|'), ('ర', '|'), ('వి', '|'), ('భ', '|'), ('వా', 'U'), ('భ', '|'), ('వా', 'U'), ('వి', '|'), ('జి', '|'), ('త', '|'), ('చి', 'U'), ('త్త', '|'), ('భ', '|'), ('వా', 'U'), ('య', '|'), ('భ', '|'), ('వా', 'U'), ('మ', '|'), ('హా', 'U'), ('భ', '|'), ('వా', 'U')]",1.0,1.0,1.0,1.0,1.0,1.0
champakamaala,"పురుడె గణింప భక్తసులభుండవు నీకు నిలింపులెల్ల కి-
న్నరనరుఁ డెట్టు లర్చన లొనర్చెనొ కాని కడుం గడిందిగా
సెరబడి చేసి వానికి విచిత్రధనాధిపతిత్వమివ్వవే
చిరవిభవా! భవా! విజితచిత్తభవా! యభవా! మహాభవా!",vruttamu,Chiravibhava,"[('పు', '|'), ('రు', '|'), ('డె', '|'), ('గ', '|'), ('ణిం', 'U'), ('ప', '|'), ('భ', 'U'), ('క్త', '|'), ('సు', '|'), ('ల', '|'), ('భుం', 'U'), ('డ', '|'), ('వు', '|'), ('నీ', 'U'), ('కు', '|'), ('ని', '|'), ('లిం', 'U'), ('పు', '|'), ('లె', 'U'), ('ల్ల', '|'), ('కి', 'U'), ('న్న', '|'), ('ర', '|'), ('న', '|'), ('రు', '|'), ('డె', 'U'), ('ట్టు', '|'), ('ల', 'U'), ('ర్చ', '|'), ('న', '|'), ('లొ', '|'), ('న', 'U'), ('ర్చె', '|'), ('నొ', '|'), ('కా', 'U'), ('ని', '|'), ('క', '|'), ('డుం', 'U'), ('గ', '|'), ('డిం', 'U'), ('ది', '|'), ('గా', 'U'), ('సె', '|'), ('ర', '|'), ('బ', '|'), ('డి', '|'), ('చే', 'U'), ('సి', '|'), ('వా', 'U'), ('ని', '|'), ('కి', '|'), ('వి', '|'), ('చి', '|'), ('త్ర', '|'), ('ధ', '|'), ('నా', 'U'), ('ధి', '|'), ('ప', '|'), ('తి', 'U'), ('త్వ', '|'), ('మి', 'U'), ('వ్వ', '|'), ('వే', 'U'), ('చి', '|'), ('ర', '|'), ('వి', '|'), ('భ', '|'), ('వా', 'U'), ('భ', '|'), ('వా', 'U'), ('వి', '|'), ('జి', '|'), ('త', '|'), ('చి', 'U'), ('త్త', '|'), ('భ', '|'), ('వా', 'U'), ('య', '|'), ('భ', '|'), ('వా', 'U'), ('మ', '|'), ('హా', 'U'), ('భ', '|'), ('వా', 'U')]",0.9928571428571429,1.0,1.0,0.9642857142857143,1.0,1.0
champakamaala,"గరళము కంఠమూలమున గట్టిగ దాల్చుట నీకు నంగదల్
బరగునటంచు రుద్రపశుపత్యభిధానుఁ డెదం గలంగఁగా
నొరిమెర నంగపీఠమున నుంచవె యాతని శాశ్వతంబుగాఁ
చిరవిభవా! భవా! విజితచిత్తభవా! యభవా! మహాభవా!",vruttamu,Chiravibhava,"[('గ', '|'), ('ర', '|'), ('ళ', '|'), ('ము', '|'), ('కం', 'U'), ('ఠ', '|'), ('మూ', 'U'), ('ల', '|'), ('ము', '|'), ('న', '|'), ('గ', 'U'), ('ట్టి', '|'), ('గ', '|'), ('దా', 'U'), ('ల్చు', '|'), ('ట', '|'), ('నీ', 'U'), ('కు', '|'), ('నం', 'U'), ('గ', '|'), ('దల్', 'U'), ('బ', '|'), ('ర', '|'), ('గు', '|'), ('న', '|'), ('టం', 'U'), ('చు', '|'), ('రు', '|'), ('ద్ర', '|'), ('ప', '|'), ('శు', '|'), ('ప', 'U'), ('త్య', '|'), ('భి', '|'), ('ధా', 'U'), ('ను', '|'), ('డె', '|'), ('దం', 'U'), ('గ', '|'), ('లం', 'U'), ('గ', '|'), ('గా', 'U'), ('నొ', '|'), ('రి', '|'), ('మె', '|'), ('ర', '|'), ('నం', 'U'), ('గ', '|'), ('పీ', 'U'), ('ఠ', '|'), ('ము', '|'), ('న', '|'), ('నుం', 'U'), ('చ', '|'), ('వె', '|'), ('యా', 'U'), ('త', '|'), ('ని', '|'), ('శా', 'U'), ('శ్వ', '|'), ('తం', 'U'), ('బు', '|'), ('గా', 'U'), ('చి', '|'), ('ర', '|'), ('వి', '|'), ('భ', '|'), ('వా', 'U'), ('భ', '|'), ('వా', 'U'), ('వి', '|'), ('జి', '|'), ('త', '|'), ('చి', 'U'), ('త్త', '|'), ('భ', '|'), ('వా', 'U'), ('య', '|'), ('భ', '|'), ('వా', 'U'), ('మ', '|'), ('హా', 'U'), ('భ', '|'), ('వా', 'U')]",0.9928571428571429,1.0,1.0,0.9642857142857143,1.0,1.0
champakamaala,"విరసముతోడ నిన్ శిలల వ్రేసియు రోకటఁ గ్రుమ్మియున్ గృహాం-
తరమునఁ గాపువెట్టియును సిద్ధముగా వెలివెట్టు కుంటిన-
ల్దిరగఁగఁ జేసినట్టి ఘనులే తగుభక్తవరేణ్యులైరి మేల్
చిరవిభవా! భవా! విజితచిత్తభవా! యభవా! మహాభవా!",vruttamu,Chiravibhava,"[('వి', '|'), ('ర', '|'), ('స', '|'), ('ము', '|'), ('తో', 'U'), ('డ', '|'), ('ని', 'U'), ('న్శి', '|'), ('ల', '|'), ('ల', '|'), ('వ్రే', 'U'), ('సి', '|'), ('యు', '|'), ('రో', 'U'), ('క', '|'), ('ట', '|'), ('గ్రు', 'U'), ('మ్మి', '|'), ('యు', 'U'), ('న్గృ', '|'), ('హాం', 'U'), ('త', '|'), ('ర', '|'), ('ము', '|'), ('న', '|'), ('గా', 'U'), ('పు', '|'), ('వె', 'U'), ('ట్టి', '|'), ('యు', '|'), ('ను', '|'), ('సి', 'U'), ('ద్ధ', '|'), ('ము', '|'), ('గా', 'U'), ('వె', '|'), ('లి', '|'), ('వె', 'U'), ('ట్టు', '|'), ('కుం', 'U'), ('టి', '|'), ('న', 'U'), ('ల్ది', '|'), ('ర', '|'), ('గ', '|'), ('గ', '|'), ('జే', 'U'), ('సి', '|'), ('న', 'U'), ('ట్టి', '|'), ('ఘ', '|'), ('ను', '|'), ('లే', 'U'), ('త', '|'), ('గు', '|'), ('భ', 'U'), ('క్త', '|'), ('వ', '|'), ('రే', 'U'), ('ణ్యు', '|'), ('లై', 'U'), ('రి', '|'), ('మేల్', 'U'), ('చి', '|'), ('ర', '|'), ('వి', '|'), ('భ', '|'), ('వా', 'U'), ('భ', '|'), ('వా', 'U'), ('వి', '|'), ('జి', '|'), ('త', '|'), ('చి', 'U'), ('త్త', '|'), ('భ', '|'), ('వా', 'U'), ('య', '|'), ('భ', '|'), ('వా', 'U'), ('మ', '|'), ('హా', 'U'), ('భ', '|'), ('వా', 'U')]",0.95,1.0,1.0,1.0,0.75,1.0
champakamaala,"సురపతి వేణువుం గలిమికొమ్మమగండు మృదంగవాద్య మం-
బురుహభవుండు తాళమును పొత్తముముత్తవ వీణఁ బూనఁగా
హరిసతి బాడినం జదల నద్భుతతాండవకేళి సల్పితౌ
చిరవిభవా! భవా! విజితచిత్తభవా! యభవా! మహాభవా!",vruttamu,Chiravibhava,"[('సు', '|'), ('ర', '|'), ('ప', '|'), ('తి', '|'), ('వే', 'U'), ('ణు', '|'), ('వుం', 'U'), ('గ', '|'), ('లి', '|'), ('మి', '|'), ('కొ', 'U'), ('మ్మ', '|'), ('మ', '|'), ('గం', 'U'), ('డు', '|'), ('మృ', '|'), ('దం', 'U'), ('గ', '|'), ('వా', 'U'), ('ద్య', '|'), ('మం', 'U'), ('బు', '|'), ('రు', '|'), ('హ', '|'), ('భ', '|'), ('వుం', 'U'), ('డు', '|'), ('తా', 'U'), ('ళ', '|'), ('ము', '|'), ('ను', '|'), ('పొ', 'U'), ('త్త', '|'), ('ము', '|'), ('ము', 'U'), ('త్త', '|'), ('వ', '|'), ('వీ', 'U'), ('ణ', '|'), ('బూ', 'U'), ('న', '|'), ('గా', 'U'), ('హ', '|'), ('రి', '|'), ('స', '|'), ('తి', '|'), ('బా', 'U'), ('డి', '|'), ('నం', 'U'), ('జ', '|'), ('ద', '|'), ('ల', '|'), ('న', 'U'), ('ద్భు', '|'), ('త', '|'), ('తాం', 'U'), ('డ', '|'), ('వ', '|'), ('కే', 'U'), ('ళి', '|'), ('స', 'U'), ('ల్పి', '|'), ('తౌ', 'U'), ('చి', '|'), ('ర', '|'), ('వి', '|'), ('భ', '|'), ('వా', 'U'), ('భ', '|'), ('వా', 'U'), ('వి', '|'), ('జి', '|'), ('త', '|'), ('చి', 'U'), ('త్త', '|'), ('భ', '|'), ('వా', 'U'), ('య', '|'), ('భ', '|'), ('వా', 'U'), ('మ', '|'), ('హా', 'U'), ('భ', '|'), ('వా', 'U')]",0.9,1.0,1.0,1.0,0.5,1.0
champakamaala,"ఉరగము లెమ్ములుం బునుక లుగ్రపిశాచములుం గళాసముల్
గరళము కంఠమూలమున గట్టిగ నెప్పుడు గల్గియుండియున్
బరమశివాకృతిం బొలుచు భద్రములిచ్చెద వబ్బురం బహా
చిరవిభవా! భవా! విజితచిత్తభవా! యభవా! మహాభవా!",vruttamu,Chiravibhava,"[('ఉ', '|'), ('ర', '|'), ('గ', '|'), ('ము', '|'), ('లె', 'U'), ('మ్ము', '|'), ('లుం', 'U'), ('బు', '|'), ('ను', '|'), ('క', '|'), ('లు', '|'), ('గ్ర', '|'), ('పి', '|'), ('శా', 'U'), ('చ', '|'), ('ము', '|'), ('లుం', 'U'), ('గ', '|'), ('ళా', 'U'), ('స', '|'), ('ముల్', 'U'), ('గ', '|'), ('ర', '|'), ('ళ', '|'), ('ము', '|'), ('కం', 'U'), ('ఠ', '|'), ('మూ', 'U'), ('ల', '|'), ('ము', '|'), ('న', '|'), ('గ', 'U'), ('ట్టి', '|'), ('గ', '|'), ('నె', 'U'), ('ప్పు', '|'), ('డు', '|'), ('గ', 'U'), ('ల్గి', '|'), ('యుం', 'U'), ('డి', '|'), ('యున్', 'U'), ('బ', '|'), ('ర', '|'), ('మ', '|'), ('శి', '|'), ('వా', 'U'), ('కృ', '|'), ('తిం', 'U'), ('బొ', '|'), ('లు', '|'), ('చు', '|'), ('భ', '|'), ('ద్ర', '|'), ('ము', '|'), ('లి', 'U'), ('చ్చె', '|'), ('ద', '|'), ('వ', 'U'), ('బ్బు', '|'), ('రం', 'U'), ('బ', '|'), ('హా', 'U'), ('చి', '|'), ('ర', '|'), ('వి', '|'), ('భ', '|'), ('వా', 'U'), ('భ', '|'), ('వా', 'U'), ('వి', '|'), ('జి', '|'), ('త', '|'), ('చి', 'U'), ('త్త', '|'), ('భ', '|'), ('వా', 'U'), ('య', '|'), ('భ', '|'), ('వా', 'U'), ('మ', '|'), ('హా', 'U'), ('భ', '|'), ('వా', 'U')]",0.9357142857142857,1.0,1.0,0.9285714285714286,0.75,1.0
champakamaala,"ఇరవుగ నెల్లలోకముల నేలెడు స్వామివి నీవు కూర్మితో
దొరతనమెల్లఁ బో కడచి తుచ్ఛపుజాలరిపూపకన్నియన్
శిరమునఁ బెట్టుకొంటివఁట చిత్రములౌర భవద్విలాసముల్
చిరవిభవా! భవా! విజితచిత్తభవా! యభవా! మహాభవా!",vruttamu,Chiravibhava,"[('ఇ', '|'), ('ర', '|'), ('వు', '|'), ('గ', '|'), ('నె', 'U'), ('ల్ల', '|'), ('లో', 'U'), ('క', '|'), ('ము', '|'), ('ల', '|'), ('నే', 'U'), ('లె', '|'), ('డు', 'U'), ('స్వా', 'U'), ('మి', '|'), ('వి', '|'), ('నీ', 'U'), ('వు', '|'), ('కూ', 'U'), ('ర్మి', '|'), ('తో', 'U'), ('దొ', '|'), ('ర', '|'), ('త', '|'), ('న', '|'), ('మె', 'U'), ('ల్ల', '|'), ('బో', 'U'), ('క', '|'), ('డ', '|'), ('చి', '|'), ('తు', 'U'), ('చ్ఛ', '|'), ('పు', '|'), ('జా', 'U'), ('ల', '|'), ('రి', '|'), ('పూ', 'U'), ('ప', '|'), ('క', 'U'), ('న్ని', '|'), ('యన్', 'U'), ('శి', '|'), ('ర', '|'), ('ము', '|'), ('న', '|'), ('బె', 'U'), ('ట్టు', '|'), ('కొం', 'U'), ('టి', '|'), ('వ', '|'), ('ట', '|'), ('చి', '|'), ('త్ర', '|'), ('ము', '|'), ('లౌ', 'U'), ('ర', '|'), ('భ', '|'), ('వ', 'U'), ('ద్వి', '|'), ('లా', 'U'), ('స', '|'), ('ముల్', 'U'), ('చి', '|'), ('ర', '|'), ('వి', '|'), ('భ', '|'), ('వా', 'U'), ('భ', '|'), ('వా', 'U'), ('వి', '|'), ('జి', '|'), ('త', '|'), ('చి', 'U'), ('త్త', '|'), ('భ', '|'), ('వా', 'U'), ('య', '|'), ('భ', '|'), ('వా', 'U'), ('మ', '|'), ('హా', 'U'), ('భ', '|'), ('వా', 'U')]",0.9357142857142857,1.0,1.0,0.9285714285714286,0.75,1.0
champakamaala,"హరుఁడు మురారి యబ్జభవుఁ డాఢ్యులటంచు పురందరుండు దే-
వర యనుచు న్విభావసుఁడు వహ్నియు వేల్పులటంచు నెంత్రు బు-
ద్ధిరహితమానవు ల్పశుపతిత్వము నీయెడఁ గల్గుటెన్నకే
చిరవిభవా! భవా! విజితచిత్తభవా! యభవా! మహాభవా!",vruttamu,Chiravibhava,"[('హ', '|'), ('రు', '|'), ('డు', '|'), ('ము', '|'), ('రా', 'U'), ('రి', '|'), ('య', 'U'), ('బ్జ', '|'), ('భ', '|'), ('వు', '|'), ('డా', 'U'), ('ఢ్యు', '|'), ('ల', '|'), ('టం', 'U'), ('చు', '|'), ('పు', '|'), ('రం', 'U'), ('ద', '|'), ('రుం', 'U'), ('డు', '|'), ('దే', 'U'), ('వ', '|'), ('ర', '|'), ('య', '|'), ('ను', '|'), ('చు', 'U'), ('న్వి', '|'), ('భా', 'U'), ('వ', '|'), ('సు', '|'), ('డు', '|'), ('వ', 'U'), ('హ్ని', '|'), ('యు', '|'), ('వే', 'U'), ('ల్పు', '|'), ('ల', '|'), ('టం', 'U'), ('చు', '|'), ('నెం', 'U'), ('త్రు', '|'), ('బు', 'U'), ('ద్ధి', '|'), ('ర', '|'), ('హి', '|'), ('త', '|'), ('మా', 'U'), ('న', '|'), ('వు', 'U'), ('ల్ప', '|'), ('శు', '|'), ('ప', '|'), ('తి', 'U'), ('త్వ', '|'), ('ము', '|'), ('నీ', 'U'), ('యె', '|'), ('డ', '|'), ('గ', 'U'), ('ల్గు', '|'), ('టె', 'U'), ('న్న', '|'), ('కే', 'U'), ('చి', '|'), ('ర', '|'), ('వి', '|'), ('భ', '|'), ('వా', 'U'), ('భ', '|'), ('వా', 'U'), ('వి', '|'), ('జి', '|'), ('త', '|'), ('చి', 'U'), ('త్త', '|'), ('భ', '|'), ('వా', 'U'), ('య', '|'), ('భ', '|'), ('వా', 'U'), ('మ', '|'), ('హా', 'U'), ('భ', '|'), ('వా', 'U')]",0.95,1.0,1.0,1.0,0.75,1.0
champakamaala,"సరవి విధాతరూపమున సర్వచరాచరముల్ సృజించి శ్రీ-
హరివయి బ్రోదిచేసి నిటలాక్షుఁడవై యడఁగింపుచుందు వ-
బ్బురముగ నీవెకా జననపోషణనాశనకర్త వారయన్
చిరవిభవా! భవా! విజితచిత్తభవా! యభవా! మహాభవా!",vruttamu,Chiravibhava,"[('స', '|'), ('ర', '|'), ('వి', '|'), ('వి', '|'), ('ధా', 'U'), ('త', '|'), ('రూ', 'U'), ('ప', '|'), ('ము', '|'), ('న', '|'), ('స', 'U'), ('ర్వ', '|'), ('చ', '|'), ('రా', 'U'), ('చ', '|'), ('ర', '|'), ('ము', 'U'), ('ల్సృ', '|'), ('జిం', 'U'), ('చి', '|'), ('శ్రీ', 'U'), ('హ', '|'), ('రి', '|'), ('వ', '|'), ('యి', '|'), ('బ్రో', 'U'), ('ది', '|'), ('చే', 'U'), ('సి', '|'), ('ని', '|'), ('ట', '|'), ('లా', 'U'), ('క్షు', '|'), ('డ', '|'), ('వై', 'U'), ('య', '|'), ('డ', '|'), ('గిం', 'U'), ('పు', '|'), ('చుం', 'U'), ('దు', '|'), ('వ', 'U'), ('బ్బు', '|'), ('ర', '|'), ('ము', '|'), ('గ', '|'), ('నీ', 'U'), ('వె', '|'), ('కా', 'U'), ('జ', '|'), ('న', '|'), ('న', '|'), ('పో', 'U'), ('ష', '|'), ('ణ', '|'), ('నా', 'U'), ('శ', '|'), ('న', '|'), ('క', 'U'), ('ర్త', '|'), ('వా', 'U'), ('ర', '|'), ('యన్', 'U'), ('చి', '|'), ('ర', '|'), ('వి', '|'), ('భ', '|'), ('వా', 'U'), ('భ', '|'), ('వా', 'U'), ('వి', '|'), ('జి', '|'), ('త', '|'), ('చి', 'U'), ('త్త', '|'), ('భ', '|'), ('వా', 'U'), ('య', '|'), ('భ', '|'), ('వా', 'U'), ('మ', '|'), ('హా', 'U'), ('భ', '|'), ('వా', 'U')]",0.95,1.0,1.0,1.0,0.75,1.0
champakamaala,"శరనిధికన్యనాగ హిమశైలతనూజయనంగ వాణినాఁ
బరగు వధూట్లఁ గూడి భవపాలననాశము లోలిఁ జేయుచున్
హరిహరధాతృమూర్తి వగు నాఢ్యు నినుం గనుగొందు నీశ్వరా
చిరవిభవా! భవా! విజితచిత్తభవా! యభవా! మహాభవా!",vruttamu,Chiravibhava,"[('శ', '|'), ('ర', '|'), ('ని', '|'), ('ధి', '|'), ('క', 'U'), ('న్య', '|'), ('నా', 'U'), ('గ', '|'), ('హి', '|'), ('మ', '|'), ('శై', 'U'), ('ల', '|'), ('త', '|'), ('నూ', 'U'), ('జ', '|'), ('య', '|'), ('నం', 'U'), ('గ', '|'), ('వా', 'U'), ('ణి', '|'), ('నా', 'U'), ('బ', '|'), ('ర', '|'), ('గు', '|'), ('వ', '|'), ('ధూ', 'U'), ('ట్ల', '|'), ('గూ', 'U'), ('డి', '|'), ('భ', '|'), ('వ', '|'), ('పా', 'U'), ('ల', '|'), ('న', '|'), ('నా', 'U'), ('శ', '|'), ('ము', '|'), ('లో', 'U'), ('లి', '|'), ('జే', 'U'), ('యు', '|'), ('చున్', 'U'), ('హ', '|'), ('రి', '|'), ('హ', '|'), ('ర', '|'), ('ధా', 'U'), ('తృ', '|'), ('మూ', 'U'), ('ర్తి', '|'), ('వ', '|'), ('గు', '|'), ('నా', 'U'), ('ఢ్యు', '|'), ('ని', '|'), ('నుం', 'U'), ('గ', '|'), ('ను', '|'), ('గొం', 'U'), ('దు', '|'), ('నీ', 'U'), ('శ్వ', '|'), ('రా', 'U'), ('చి', '|'), ('ర', '|'), ('వి', '|'), ('భ', '|'), ('వా', 'U'), ('భ', '|'), ('వా', 'U'), ('వి', '|'), ('జి', '|'), ('త', '|'), ('చి', 'U'), ('త్త', '|'), ('భ', '|'), ('వా', 'U'), ('య', '|'), ('భ', '|'), ('వా', 'U'), ('మ', '|'), ('హా', 'U'), ('భ', '|'), ('వా', 'U')]",0.95,1.0,1.0,1.0,0.75,1.0
champakamaala,"పురుషులలోన విప్రుఁడును పుష్పకదంబములోన జాజియున్
దరువులలోన రావియును దానచయంబుల నన్నదానమున్
ధరణిఁ బ్రశస్తిఁ గన్న ప్రియదైవములం దధికుండ వీవయా
చిరవిభవా! భవా! విజితచిత్తభవా! యభవా! మహాభవా!",vruttamu,Chiravibhava,"[('పు', '|'), ('రు', '|'), ('షు', '|'), ('ల', '|'), ('లో', 'U'), ('న', '|'), ('వి', '|'), ('ప్రు', '|'), ('డు', '|'), ('ను', '|'), ('పు', 'U'), ('ష్ప', '|'), ('క', '|'), ('దం', 'U'), ('బ', '|'), ('ము', '|'), ('లో', 'U'), ('న', '|'), ('జా', 'U'), ('జి', '|'), ('యున్', 'U'), ('ద', '|'), ('రు', '|'), ('వు', '|'), ('ల', '|'), ('లో', 'U'), ('న', '|'), ('రా', 'U'), ('వి', '|'), ('యు', '|'), ('ను', '|'), ('దా', 'U'), ('న', '|'), ('చ', '|'), ('యం', 'U'), ('బు', '|'), ('ల', '|'), ('న', 'U'), ('న్న', '|'), ('దా', 'U'), ('న', '|'), ('మున్', 'U'), ('ధ', '|'), ('ర', '|'), ('ణి', '|'), ('బ్ర', '|'), ('శ', 'U'), ('స్తి', '|'), ('గ', 'U'), ('న్న', '|'), ('ప్రి', '|'), ('య', '|'), ('దై', 'U'), ('వ', '|'), ('ము', '|'), ('లం', 'U'), ('ద', '|'), ('ధి', '|'), ('కుం', 'U'), ('డ', '|'), ('వీ', 'U'), ('వ', '|'), ('యా', 'U'), ('చి', '|'), ('ర', '|'), ('వి', '|'), ('భ', '|'), ('వా', 'U'), ('భ', '|'), ('వా', 'U'), ('వి', '|'), ('జి', '|'), ('త', '|'), ('చి', 'U'), ('త్త', '|'), ('భ', '|'), ('వా', 'U'), ('య', '|'), ('భ', '|'), ('వా', 'U'), ('మ', '|'), ('హా', 'U'), ('భ', '|'), ('వా', 'U')]",0.9928571428571429,1.0,1.0,0.9642857142857143,1.0,1.0
champakamaala,"పరుసము సోకి లోహము శుభస్థితి బంగరమైన రీతి స-
ద్గురుకరుణానిరీక్షణ మకుంఠితలీల నొకింత సోకినన్
నరుఁడు మహాత్ముఁడై బుధజనస్తుతుఁడై నినుఁ జెందుఁబో తుదిన్
చిరవిభవా! భవా! విజితచిత్తభవా! యభవా! మహాభవా!",vruttamu,Chiravibhava,"[('ప', '|'), ('రు', '|'), ('స', '|'), ('ము', '|'), ('సో', 'U'), ('కి', '|'), ('లో', 'U'), ('హ', '|'), ('ము', '|'), ('శు', '|'), ('భ', 'U'), ('స్థి', '|'), ('తి', '|'), ('బం', 'U'), ('గ', '|'), ('ర', '|'), ('మై', 'U'), ('న', '|'), ('రీ', 'U'), ('తి', '|'), ('స', 'U'), ('ద్గు', '|'), ('రు', '|'), ('క', '|'), ('రు', '|'), ('ణా', 'U'), ('ని', '|'), ('రీ', 'U'), ('క్ష', '|'), ('ణ', '|'), ('మ', '|'), ('కుం', 'U'), ('ఠి', '|'), ('త', '|'), ('లీ', 'U'), ('ల', '|'), ('నొ', '|'), ('కిం', 'U'), ('త', '|'), ('సో', 'U'), ('కి', '|'), ('నన్', 'U'), ('న', '|'), ('రు', '|'), ('డు', '|'), ('మ', '|'), ('హా', 'U'), ('త్ము', '|'), ('డై', 'U'), ('బు', '|'), ('ధ', '|'), ('జ', '|'), ('న', 'U'), ('స్తు', '|'), ('తు', '|'), ('డై', 'U'), ('ని', '|'), ('ను', '|'), ('జెం', 'U'), ('దు', '|'), ('బో', 'U'), ('తు', '|'), ('దిన్', 'U'), ('చి', '|'), ('ర', '|'), ('వి', '|'), ('భ', '|'), ('వా', 'U'), ('భ', '|'), ('వా', 'U'), ('వి', '|'), ('జి', '|'), ('త', '|'), ('చి', 'U'), ('త్త', '|'), ('భ', '|'), ('వా', 'U'), ('య', '|'), ('భ', '|'), ('వా', 'U'), ('మ', '|'), ('హా', 'U'), ('భ', '|'), ('వా', 'U')]",1.0,1.0,1.0,1.0,1.0,1.0
champakamaala,"అరయఁగ నీరబుద్బుదములట్ల నశించుచునుండు మేనులున్
శరధితరంగమాలికల చందమునం గనుపట్టు ఠీవులు
స్థిరమని నమ్మి నిన్గొలువనేరక రిత్త నశింతురౌ ఖలుల్
చిరవిభవా! భవా! విజితచిత్తభవా! యభవా! మహాభవా!",vruttamu,Chiravibhava,"[('అ', '|'), ('ర', '|'), ('య', '|'), ('గ', '|'), ('నీ', 'U'), ('ర', '|'), ('బు', 'U'), ('ద్బు', '|'), ('ద', '|'), ('ము', '|'), ('ల', 'U'), ('ట్ల', '|'), ('న', '|'), ('శిం', 'U'), ('చు', '|'), ('చు', '|'), ('నుం', 'U'), ('డు', '|'), ('మే', 'U'), ('ను', '|'), ('లున్', 'U'), ('శ', '|'), ('ర', '|'), ('ధి', '|'), ('త', '|'), ('రం', 'U'), ('గ', '|'), ('మా', 'U'), ('లి', '|'), ('క', '|'), ('ల', '|'), ('చం', 'U'), ('ద', '|'), ('ము', '|'), ('నం', 'U'), ('గ', '|'), ('ను', '|'), ('ప', 'U'), ('ట్టు', '|'), ('ఠీ', 'U'), ('వు', '|'), ('లు', 'U'), ('స్థి', '|'), ('ర', '|'), ('మ', '|'), ('ని', '|'), ('న', 'U'), ('మ్మి', '|'), ('ని', 'U'), ('న్గొ', '|'), ('లు', '|'), ('వ', '|'), ('నే', 'U'), ('ర', '|'), ('క', '|'), ('రి', 'U'), ('త్త', '|'), ('న', '|'), ('శిం', 'U'), ('తు', '|'), ('రౌ', 'U'), ('ఖ', '|'), ('లుల్', 'U'), ('చి', '|'), ('ర', '|'), ('వి', '|'), ('భ', '|'), ('వా', 'U'), ('భ', '|'), ('వా', 'U'), ('వి', '|'), ('జి', '|'), ('త', '|'), ('చి', 'U'), ('త్త', '|'), ('భ', '|'), ('వా', 'U'), ('య', '|'), ('భ', '|'), ('వా', 'U'), ('మ', '|'), ('హా', 'U'), ('భ', '|'), ('వా', 'U')]",0.9,1.0,1.0,1.0,0.5,1.0
champakamaala,"పొరిఁబొరిఁ బుణ్యభూములకు బోవఁగనేలఁ గడు న్దపోమహా-
ధ్వరము లొనర్చనేల యుపవాసములన్ గృశియింపనేటికిన్
హరహర యంచు నొక్కతరి నాడినఁజాలు నఘప్రశాంతికై
చిరవిభవా! భవా! విజితచిత్తభవా! యభవా! మహాభవా!",vruttamu,Chiravibhava,"[('పొ', '|'), ('రి', '|'), ('బొ', '|'), ('రి', '|'), ('బు', 'U'), ('ణ్య', '|'), ('భూ', 'U'), ('ము', '|'), ('ల', '|'), ('కు', '|'), ('బో', 'U'), ('వ', '|'), ('గ', '|'), ('నే', 'U'), ('ల', '|'), ('గ', '|'), ('డు', 'U'), ('న్ద', '|'), ('పో', 'U'), ('మ', '|'), ('హా', 'U'), ('ధ్వ', '|'), ('ర', '|'), ('ము', '|'), ('లొ', '|'), ('న', 'U'), ('ర్చ', '|'), ('నే', 'U'), ('ల', '|'), ('యు', '|'), ('ప', '|'), ('వా', 'U'), ('స', '|'), ('ము', '|'), ('ల', 'U'), ('న్గృ', '|'), ('శి', '|'), ('యిం', 'U'), ('ప', '|'), ('నే', 'U'), ('టి', '|'), ('కిన్', 'U'), ('హ', '|'), ('ర', '|'), ('హ', '|'), ('ర', '|'), ('యం', 'U'), ('చు', '|'), ('నొ', 'U'), ('క్క', '|'), ('త', '|'), ('రి', '|'), ('నా', 'U'), ('డి', '|'), ('న', '|'), ('జా', 'U'), ('లు', '|'), ('న', '|'), ('ఘ', '|'), ('ప్ర', '|'), ('శాం', 'U'), ('తి', '|'), ('కై', 'U'), ('చి', '|'), ('ర', '|'), ('వి', '|'), ('భ', '|'), ('వా', 'U'), ('భ', '|'), ('వా', 'U'), ('వి', '|'), ('జి', '|'), ('త', '|'), ('చి', 'U'), ('త్త', '|'), ('భ', '|'), ('వా', 'U'), ('య', '|'), ('భ', '|'), ('వా', 'U'), ('మ', '|'), ('హా', 'U'), ('భ', '|'), ('వా', 'U')]",0.9428571428571428,1.0,1.0,0.9642857142857143,0.75,1.0
champakamaala,"తరణిసుధామయూఖవసుధాయజమానసమీరణానలాం-
బరజలమూర్తివైన నిను భక్తిఁ దలంచినవారి కెందులన్
దిరుగఁగనేల యే శిలల నిచ్చలుఁ గోరి భజింపనేలయా
చిరవిభవా! భవా! విజితచిత్తభవా! యభవా! మహాభవా!",vruttamu,Chiravibhava,"[('త', '|'), ('ర', '|'), ('ణి', '|'), ('సు', '|'), ('ధా', 'U'), ('మ', '|'), ('యూ', 'U'), ('ఖ', '|'), ('వ', '|'), ('సు', '|'), ('ధా', 'U'), ('య', '|'), ('జ', '|'), ('మా', 'U'), ('న', '|'), ('స', '|'), ('మీ', 'U'), ('ర', '|'), ('ణా', 'U'), ('న', '|'), ('లాం', 'U'), ('బ', '|'), ('ర', '|'), ('జ', '|'), ('ల', '|'), ('మూ', 'U'), ('ర్తి', '|'), ('వై', 'U'), ('న', '|'), ('ని', '|'), ('ను', '|'), ('భ', 'U'), ('క్తి', '|'), ('ద', '|'), ('లం', 'U'), ('చి', '|'), ('న', '|'), ('వా', 'U'), ('రి', '|'), ('కెం', 'U'), ('దు', '|'), ('లన్', 'U'), ('ది', '|'), ('రు', '|'), ('గ', '|'), ('గ', '|'), ('నే', 'U'), ('ల', '|'), ('యే', 'U'), ('శి', '|'), ('ల', '|'), ('ల', '|'), ('ని', 'U'), ('చ్చ', '|'), ('లు', '|'), ('గో', 'U'), ('రి', '|'), ('భ', '|'), ('జిం', 'U'), ('ప', '|'), ('నే', 'U'), ('ల', '|'), ('యా', 'U'), ('చి', '|'), ('ర', '|'), ('వి', '|'), ('భ', '|'), ('వా', 'U'), ('భ', '|'), ('వా', 'U'), ('వి', '|'), ('జి', '|'), ('త', '|'), ('చి', 'U'), ('త్త', '|'), ('భ', '|'), ('వా', 'U'), ('య', '|'), ('భ', '|'), ('వా', 'U'), ('మ', '|'), ('హా', 'U'), ('భ', '|'), ('వా', 'U')]",0.95,1.0,1.0,1.0,0.75,1.0
champakamaala,"సరవి చతుశ్రుతు ల్నిఖిలశాస్త్రపురాణకథారహస్యముల్
విరివిగ నిచ్చనిచ్చలును విందుముగాని తలంచిచూడ మా
గురుచరణంబులాన నినుఁ గొల్వక యేరికి ముక్తి లేదయా
చిరవిభవా! భవా! విజితచిత్తభవా! యభవా! మహాభవా!",vruttamu,Chiravibhava,"[('స', '|'), ('ర', '|'), ('వి', '|'), ('చ', '|'), ('తు', '|'), ('శ్రు', '|'), ('తు', 'U'), ('ల్ని', '|'), ('ఖి', '|'), ('ల', '|'), ('శా', 'U'), ('స్త్ర', '|'), ('పు', '|'), ('రా', 'U'), ('ణ', '|'), ('క', '|'), ('థా', 'U'), ('ర', '|'), ('హ', 'U'), ('స్య', '|'), ('ముల్', 'U'), ('వి', '|'), ('రి', '|'), ('వి', '|'), ('గ', '|'), ('ని', 'U'), ('చ్చ', '|'), ('ని', 'U'), ('చ్చ', '|'), ('లు', '|'), ('ను', '|'), ('విం', 'U'), ('దు', '|'), ('ము', '|'), ('గా', 'U'), ('ని', '|'), ('త', '|'), ('లం', 'U'), ('చి', '|'), ('చూ', 'U'), ('డ', '|'), ('మా', 'U'), ('గు', '|'), ('రు', '|'), ('చ', '|'), ('ర', '|'), ('ణం', 'U'), ('బు', '|'), ('లా', 'U'), ('న', '|'), ('ని', '|'), ('ను', '|'), ('గొ', 'U'), ('ల్వ', '|'), ('క', '|'), ('యే', 'U'), ('రి', '|'), ('కి', '|'), ('ము', 'U'), ('క్తి', '|'), ('లే', 'U'), ('ద', '|'), ('యా', 'U'), ('చి', '|'), ('ర', '|'), ('వి', '|'), ('భ', '|'), ('వా', 'U'), ('భ', '|'), ('వా', 'U'), ('వి', '|'), ('జి', '|'), ('త', '|'), ('చి', 'U'), ('త్త', '|'), ('భ', '|'), ('వా', 'U'), ('య', '|'), ('భ', '|'), ('వా', 'U'), ('మ', '|'), ('హా', 'U'), ('భ', '|'), ('వా', 'U')]",0.9928571428571429,1.0,1.0,0.9642857142857143,1.0,1.0
champakamaala,"గరుడముఁ గన్న పన్నగనికాయములట్ల మృగేంద్రుఁ గన్న కుం-
జరములకైవడిన్ దురితసంఘములెల్లఁ దొలంగి పారుచో
నరుఁడొకచో ననాస్థనయినం భవదాహ్వయ ముచ్చరించినన్
చిరవిభవా! భవా! విజితచిత్తభవా! యభవా! మహాభవా!",vruttamu,Chiravibhava,"[('గ', '|'), ('రు', '|'), ('డ', '|'), ('ము', '|'), ('గ', 'U'), ('న్న', '|'), ('ప', 'U'), ('న్న', '|'), ('గ', '|'), ('ని', '|'), ('కా', 'U'), ('య', '|'), ('ము', '|'), ('ల', 'U'), ('ట్ల', '|'), ('మృ', '|'), ('గేం', 'U'), ('ద్రు', '|'), ('గ', 'U'), ('న్న', '|'), ('కుం', 'U'), ('జ', '|'), ('ర', '|'), ('ము', '|'), ('ల', '|'), ('కై', 'U'), ('వ', '|'), ('డి', 'U'), ('న్దు', '|'), ('రి', '|'), ('త', '|'), ('సం', 'U'), ('ఘ', '|'), ('ము', '|'), ('లె', 'U'), ('ల్ల', '|'), ('దొ', '|'), ('లం', 'U'), ('గి', '|'), ('పా', 'U'), ('రు', '|'), ('చో', 'U'), ('న', '|'), ('రు', '|'), ('డొ', '|'), ('క', '|'), ('చో', 'U'), ('న', '|'), ('నా', 'U'), ('స్థ', '|'), ('న', '|'), ('యి', '|'), ('నం', 'U'), ('భ', '|'), ('వ', '|'), ('దా', 'U'), ('హ్వ', '|'), ('య', '|'), ('ము', 'U'), ('చ్చ', '|'), ('రిం', 'U'), ('చి', '|'), ('నన్', 'U'), ('చి', '|'), ('ర', '|'), ('వి', '|'), ('భ', '|'), ('వా', 'U'), ('భ', '|'), ('వా', 'U'), ('వి', '|'), ('జి', '|'), ('త', '|'), ('చి', 'U'), ('త్త', '|'), ('భ', '|'), ('వా', 'U'), ('య', '|'), ('భ', '|'), ('వా', 'U'), ('మ', '|'), ('హా', 'U'), ('భ', '|'), ('వా', 'U')]",1.0,1.0,1.0,1.0,1.0,1.0
champakamaala,"ధరణిసురు న్వధించిన మదంబున గోనిధనంబొనర్చినం
గురుసతిఁ గూడినన్ మధువుఁ గ్రోలిన హేమము మ్రుచ్చలించినన్
దొరకొను పాతకంబు లొకతూరి శివా యనినన్ దొలంగుఁబో
చిరవిభవా! భవా! విజితచిత్తభవా! యభవా! మహాభవా!",vruttamu,Chiravibhava,"[('ధ', '|'), ('ర', '|'), ('ణి', '|'), ('సు', '|'), ('రు', 'U'), ('న్వ', '|'), ('ధిం', 'U'), ('చి', '|'), ('న', '|'), ('మ', '|'), ('దం', 'U'), ('బు', '|'), ('న', '|'), ('గో', 'U'), ('ని', '|'), ('ధ', '|'), ('నం', 'U'), ('బొ', '|'), ('న', 'U'), ('ర్చి', '|'), ('నం', 'U'), ('గు', '|'), ('రు', '|'), ('స', '|'), ('తి', '|'), ('గూ', 'U'), ('డి', '|'), ('న', 'U'), ('న్మ', '|'), ('ధు', '|'), ('వు', '|'), ('గ్రో', 'U'), ('లి', '|'), ('న', '|'), ('హే', 'U'), ('మ', '|'), ('ము', '|'), ('మ్రు', 'U'), ('చ్చ', '|'), ('లిం', 'U'), ('చి', '|'), ('నన్', 'U'), ('దొ', '|'), ('ర', '|'), ('కొ', '|'), ('ను', '|'), ('పా', 'U'), ('త', '|'), ('కం', 'U'), ('బు', '|'), ('లొ', '|'), ('క', '|'), ('తూ', 'U'), ('రి', '|'), ('శి', '|'), ('వా', 'U'), ('య', '|'), ('ని', '|'), ('న', 'U'), ('న్దొ', '|'), ('లం', 'U'), ('గు', '|'), ('బో', 'U'), ('చి', '|'), ('ర', '|'), ('వి', '|'), ('భ', '|'), ('వా', 'U'), ('భ', '|'), ('వా', 'U'), ('వి', '|'), ('జి', '|'), ('త', '|'), ('చి', 'U'), ('త్త', '|'), ('భ', '|'), ('వా', 'U'), ('య', '|'), ('భ', '|'), ('వా', 'U'), ('మ', '|'), ('హా', 'U'), ('భ', '|'), ('వా', 'U')]",1.0,1.0,1.0,1.0,1.0,1.0
champakamaala,"గురుహరిణేక్షణామణినిఁ గూడిన దుష్కలుషాత్ముఁ జంద్రునిన్
శిరమునఁ బెట్టుకొంటివఁట చెప్పఁగ నబ్రమయారె మేలుమే-
ల్గురుతరభక్తితోడ నినుఁ గొల్చినవారి కిఁకేటిపాపముల్
చిరవిభవా! భవా! విజితచిత్తభవా! యభవా! మహాభవా!",vruttamu,Chiravibhava,"[('గు', '|'), ('రు', '|'), ('హ', '|'), ('రి', '|'), ('ణే', 'U'), ('క్ష', '|'), ('ణా', 'U'), ('మ', '|'), ('ణి', '|'), ('ని', '|'), ('గూ', 'U'), ('డి', '|'), ('న', '|'), ('దు', 'U'), ('ష్క', '|'), ('లు', '|'), ('షా', 'U'), ('త్ము', '|'), ('జం', 'U'), ('ద్రు', '|'), ('నిన్', 'U'), ('శి', '|'), ('ర', '|'), ('ము', '|'), ('న', '|'), ('బె', 'U'), ('ట్టు', '|'), ('కొం', 'U'), ('టి', '|'), ('వ', '|'), ('ట', '|'), ('చె', 'U'), ('ప్ప', '|'), ('గ', '|'), ('న', '|'), ('బ్ర', '|'), ('మ', '|'), ('యా', 'U'), ('రె', '|'), ('మే', 'U'), ('లు', '|'), ('మే', 'U'), ('ల్గు', '|'), ('రు', '|'), ('త', '|'), ('ర', '|'), ('భ', 'U'), ('క్తి', '|'), ('తో', 'U'), ('డ', '|'), ('ని', '|'), ('ను', '|'), ('గొ', 'U'), ('ల్చి', '|'), ('న', '|'), ('వా', 'U'), ('రి', '|'), ('కి', '|'), ('కే', 'U'), ('టి', '|'), ('పా', 'U'), ('ప', '|'), ('ముల్', 'U'), ('చి', '|'), ('ర', '|'), ('వి', '|'), ('భ', '|'), ('వా', 'U'), ('భ', '|'), ('వా', 'U'), ('వి', '|'), ('జి', '|'), ('త', '|'), ('చి', 'U'), ('త్త', '|'), ('భ', '|'), ('వా', 'U'), ('య', '|'), ('భ', '|'), ('వా', 'U'), ('మ', '|'), ('హా', 'U'), ('భ', '|'), ('వా', 'U')]",0.9928571428571429,1.0,1.0,0.9642857142857143,1.0,1.0
champakamaala,"దురితము లేమిసేయు గ్రహదోషపిశాచరుజామృగోరగో-
త్కరభయమేల కల్గు నృపతస్కరవహ్నిభయంబులే ప్రియం
బెరయు నరుం డొకప్డు నినుఁ బేర్కొని నెమ్మది సంస్మరించినన్
చిరవిభవా! భవా! విజితచిత్తభవా! యభవా! మహాభవా!",vruttamu,Chiravibhava,"[('దు', '|'), ('రి', '|'), ('త', '|'), ('ము', '|'), ('లే', 'U'), ('మి', '|'), ('సే', 'U'), ('యు', '|'), ('గ్ర', '|'), ('హ', '|'), ('దో', 'U'), ('ష', '|'), ('పి', '|'), ('శా', 'U'), ('చ', '|'), ('రు', '|'), ('జా', 'U'), ('మృ', '|'), ('గో', 'U'), ('ర', '|'), ('గో', 'U'), ('త్క', '|'), ('ర', '|'), ('భ', '|'), ('య', '|'), ('మే', 'U'), ('ల', '|'), ('క', 'U'), ('ల్గు', '|'), ('నృ', '|'), ('ప', '|'), ('త', 'U'), ('స్క', '|'), ('ర', '|'), ('వ', 'U'), ('హ్ని', '|'), ('భ', '|'), ('యం', 'U'), ('బు', '|'), ('లే', 'U'), ('ప్రి', '|'), ('యం', 'U'), ('బె', '|'), ('ర', '|'), ('యు', '|'), ('న', '|'), ('రుం', 'U'), ('డొ', '|'), ('క', 'U'), ('ప్డు', '|'), ('ని', '|'), ('ను', '|'), ('బే', 'U'), ('ర్కొ', '|'), ('ని', '|'), ('నె', 'U'), ('మ్మ', '|'), ('ది', '|'), ('సం', 'U'), ('స్మ', '|'), ('రిం', 'U'), ('చి', '|'), ('నన్', 'U'), ('చి', '|'), ('ర', '|'), ('వి', '|'), ('భ', '|'), ('వా', 'U'), ('భ', '|'), ('వా', 'U'), ('వి', '|'), ('జి', '|'), ('త', '|'), ('చి', 'U'), ('త్త', '|'), ('భ', '|'), ('వా', 'U'), ('య', '|'), ('భ', '|'), ('వా', 'U'), ('మ', '|'), ('హా', 'U'), ('భ', '|'), ('వా', 'U')]",1.0,1.0,1.0,1.0,1.0,1.0
champakamaala,"అరదము లందలంబులు హయంబులు రత్నవిభూషణంబు లం-
బరములు చామరంబులు ద్విపంబులు నాదిగఁ గల్గు ఠీవులు-
న్బొరసెడువారు మిమ్ము మునుఁ బూజయొనర్చినవారె కారయా
చిరవిభవా! భవా! విజితచిత్తభవా! యభవా! మహాభవా!",vruttamu,Chiravibhava,"[('అ', '|'), ('ర', '|'), ('ద', '|'), ('ము', '|'), ('లం', 'U'), ('ద', '|'), ('లం', 'U'), ('బు', '|'), ('లు', '|'), ('హ', '|'), ('యం', 'U'), ('బు', '|'), ('లు', '|'), ('ర', 'U'), ('త్న', '|'), ('వి', '|'), ('భూ', 'U'), ('ష', '|'), ('ణం', 'U'), ('బు', '|'), ('లం', 'U'), ('బ', '|'), ('ర', '|'), ('ము', '|'), ('లు', '|'), ('చా', 'U'), ('మ', '|'), ('రం', 'U'), ('బు', '|'), ('లు', 'U'), ('ద్వి', '|'), ('పం', 'U'), ('బు', '|'), ('లు', '|'), ('నా', 'U'), ('ది', '|'), ('గ', '|'), ('గ', 'U'), ('ల్గు', '|'), ('ఠీ', 'U'), ('వు', '|'), ('లు', 'U'), ('న్బొ', '|'), ('ర', '|'), ('సె', '|'), ('డు', '|'), ('వా', 'U'), ('రు', '|'), ('మి', 'U'), ('మ్ము', '|'), ('ము', '|'), ('ను', '|'), ('బూ', 'U'), ('జ', '|'), ('యొ', '|'), ('న', 'U'), ('ర్చి', '|'), ('న', '|'), ('వా', 'U'), ('రె', '|'), ('కా', 'U'), ('ర', '|'), ('యా', 'U'), ('చి', '|'), ('ర', '|'), ('వి', '|'), ('భ', '|'), ('వా', 'U'), ('భ', '|'), ('వా', 'U'), ('వి', '|'), ('జి', '|'), ('త', '|'), ('చి', 'U'), ('త్త', '|'), ('భ', '|'), ('వా', 'U'), ('య', '|'), ('భ', '|'), ('వా', 'U'), ('మ', '|'), ('హా', 'U'), ('భ', '|'), ('వా', 'U')]",0.9928571428571429,1.0,1.0,0.9642857142857143,1.0,1.0
champakamaala,"వెరవిరవార నేపగిది వేఁడినఁ గానియు నియ్యలేని ము-
ష్కరనరనాయకాధముల సావడులం బడి ప్రేలువారికిన్
నిరతకృపార్ద్రదృష్టిమెయి నీవిడ కన్యుఁ డొసంగఁజాలునే
చిరవిభవా! భవా! విజితచిత్తభవా! యభవా! మహాభవా!",vruttamu,Chiravibhava,"[('వె', '|'), ('ర', '|'), ('వి', '|'), ('ర', '|'), ('వా', 'U'), ('ర', '|'), ('నే', 'U'), ('ప', '|'), ('గి', '|'), ('ది', '|'), ('వే', 'U'), ('డి', '|'), ('న', '|'), ('గా', 'U'), ('ని', '|'), ('యు', '|'), ('ని', 'U'), ('య్య', '|'), ('లే', 'U'), ('ని', '|'), ('ము', 'U'), ('ష్క', '|'), ('ర', '|'), ('న', '|'), ('ర', '|'), ('నా', 'U'), ('య', '|'), ('కా', 'U'), ('ధ', '|'), ('ము', '|'), ('ల', '|'), ('సా', 'U'), ('వ', '|'), ('డు', '|'), ('లం', 'U'), ('బ', '|'), ('డి', '|'), ('ప్రే', 'U'), ('లు', '|'), ('వా', 'U'), ('రి', '|'), ('కిన్', 'U'), ('ని', '|'), ('ర', '|'), ('త', '|'), ('కృ', '|'), ('పా', 'U'), ('ర్ద్ర', '|'), ('దృ', 'U'), ('ష్టి', '|'), ('మె', '|'), ('యి', '|'), ('నీ', 'U'), ('వి', '|'), ('డ', '|'), ('క', 'U'), ('న్యు', '|'), ('డొ', '|'), ('సం', 'U'), ('గ', '|'), ('జా', 'U'), ('లు', '|'), ('నే', 'U'), ('చి', '|'), ('ర', '|'), ('వి', '|'), ('భ', '|'), ('వా', 'U'), ('భ', '|'), ('వా', 'U'), ('వి', '|'), ('జి', '|'), ('త', '|'), ('చి', 'U'), ('త్త', '|'), ('భ', '|'), ('వా', 'U'), ('య', '|'), ('భ', '|'), ('వా', 'U'), ('మ', '|'), ('హా', 'U'), ('భ', '|'), ('వా', 'U')]",1.0,1.0,1.0,1.0,1.0,1.0
champakamaala,"సరయువు గృష్ణ నర్మదయు జాహ్నవి బాహుద తుంగభద్ర భా-
స్కరసుతయు న్సరస్వతియు గౌతమియుం మొదలైన దివ్యని-
ర్ఝరులను మున్గు పుణ్య మొకసారె శివా యనినన్ లభించుఁబో
చిరవిభవా! భవా! విజితచిత్తభవా! యభవా! మహాభవా!",vruttamu,Chiravibhava,"[('స', '|'), ('ర', '|'), ('యు', '|'), ('వు', '|'), ('గృ', 'U'), ('ష్ణ', '|'), ('న', 'U'), ('ర్మ', '|'), ('ద', '|'), ('యు', '|'), ('జా', 'U'), ('హ్న', '|'), ('వి', '|'), ('బా', 'U'), ('హు', '|'), ('ద', '|'), ('తుం', 'U'), ('గ', '|'), ('భ', '|'), ('ద్ర', '|'), ('భా', 'U'), ('స్క', '|'), ('ర', '|'), ('సు', '|'), ('త', '|'), ('యు', 'U'), ('న్స', '|'), ('ర', 'U'), ('స్వ', '|'), ('తి', '|'), ('యు', '|'), ('గౌ', 'U'), ('త', '|'), ('మి', '|'), ('యుం', 'U'), ('మొ', '|'), ('ద', '|'), ('లై', 'U'), ('న', '|'), ('ది', 'U'), ('వ్య', '|'), ('ని', 'U'), ('ర్ఝ', '|'), ('రు', '|'), ('ల', '|'), ('ను', '|'), ('ము', 'U'), ('న్గు', '|'), ('పు', 'U'), ('ణ్య', '|'), ('మొ', '|'), ('క', '|'), ('సా', 'U'), ('రె', '|'), ('శి', '|'), ('వా', 'U'), ('య', '|'), ('ని', '|'), ('న', 'U'), ('న్ల', '|'), ('భిం', 'U'), ('చు', '|'), ('బో', 'U'), ('చి', '|'), ('ర', '|'), ('వి', '|'), ('భ', '|'), ('వా', 'U'), ('భ', '|'), ('వా', 'U'), ('వి', '|'), ('జి', '|'), ('త', '|'), ('చి', 'U'), ('త్త', '|'), ('భ', '|'), ('వా', 'U'), ('య', '|'), ('భ', '|'), ('వా', 'U'), ('మ', '|'), ('హా', 'U'), ('భ', '|'), ('వా', 'U')]",0.9928571428571429,1.0,1.0,0.9642857142857143,1.0,1.0
champakamaala,"ధర శ్రుతిమంత్రకోటికిఁ ప్రధానము నాగమమాతయైన య-
గ్గురుతరమంత్రరాజమునకుం బతి వీవని లోగణింపకే
వెకవరి కొల్తురౌ ఖలులు వెంగళులై కుఱకుఱ్ఱవేల్పులన్
చిరవిభవా! భవా! విజితచిత్తభవా! యభవా! మహాభవా!",vruttamu,Chiravibhava,"[('ధ', '|'), ('ర', '|'), ('శ్రు', '|'), ('తి', '|'), ('మం', 'U'), ('త్ర', '|'), ('కో', 'U'), ('టి', '|'), ('కి', '|'), ('ప్ర', '|'), ('ధా', 'U'), ('న', '|'), ('ము', '|'), ('నా', 'U'), ('గ', '|'), ('మ', '|'), ('మా', 'U'), ('త', '|'), ('యై', 'U'), ('న', '|'), ('య', 'U'), ('గ్గు', '|'), ('రు', '|'), ('త', '|'), ('ర', '|'), ('మం', 'U'), ('త్ర', '|'), ('రా', 'U'), ('జ', '|'), ('ము', '|'), ('న', '|'), ('కుం', 'U'), ('బ', '|'), ('తి', '|'), ('వీ', 'U'), ('వ', '|'), ('ని', '|'), ('లో', 'U'), ('గ', '|'), ('ణిం', 'U'), ('ప', '|'), ('కే', 'U'), ('వె', '|'), ('క', '|'), ('వ', '|'), ('రి', '|'), ('కొ', 'U'), ('ల్తు', '|'), ('రౌ', 'U'), ('ఖ', '|'), ('లు', '|'), ('లు', '|'), ('వెం', 'U'), ('గ', '|'), ('ళు', '|'), ('లై', 'U'), ('కు', '|'), ('ఱ', '|'), ('కు', 'U'), ('ఱ్ఱ', '|'), ('వే', 'U'), ('ల్పు', '|'), ('లన్', 'U'), ('చి', '|'), ('ర', '|'), ('వి', '|'), ('భ', '|'), ('వా', 'U'), ('భ', '|'), ('వా', 'U'), ('వి', '|'), ('జి', '|'), ('త', '|'), ('చి', 'U'), ('త్త', '|'), ('భ', '|'), ('వా', 'U'), ('య', '|'), ('భ', '|'), ('వా', 'U'), ('మ', '|'), ('హా', 'U'), ('భ', '|'), ('వా', 'U')]",0.95,1.0,1.0,1.0,1.0,0.75
champakamaala,"హరువులు దీర్ప నీవు హృదయంబున నెప్పుడు గల్గియుండఁగా
వెరవరి యందు నందులకు వేరడులై చనుచుంద్రు పామరుల్
నెరయఁగ వెన్న చేతినిడి నేతికి ద్రిమ్మరు కైవడిం గటా!
చిరవిభవా! భవా! విజితచిత్తభవా! యభవా! మహాభవా!",vruttamu,Chiravibhava,"[('హ', '|'), ('రు', '|'), ('వు', '|'), ('లు', '|'), ('దీ', 'U'), ('ర్ప', '|'), ('నీ', 'U'), ('వు', '|'), ('హృ', '|'), ('ద', '|'), ('యం', 'U'), ('బు', '|'), ('న', '|'), ('నె', 'U'), ('ప్పు', '|'), ('డు', '|'), ('గ', 'U'), ('ల్గి', '|'), ('యుం', 'U'), ('డ', '|'), ('గా', 'U'), ('వె', '|'), ('ర', '|'), ('వ', '|'), ('రి', '|'), ('యం', 'U'), ('దు', '|'), ('నం', 'U'), ('దు', '|'), ('ల', '|'), ('కు', '|'), ('వే', 'U'), ('ర', '|'), ('డు', '|'), ('లై', 'U'), ('చ', '|'), ('ను', '|'), ('చుం', 'U'), ('ద్రు', '|'), ('పా', 'U'), ('మ', '|'), ('రుల్', 'U'), ('నె', '|'), ('ర', '|'), ('య', '|'), ('గ', '|'), ('వె', 'U'), ('న్న', '|'), ('చే', 'U'), ('తి', '|'), ('ని', '|'), ('డి', '|'), ('నే', 'U'), ('తి', '|'), ('కి', '|'), ('ద్రి', 'U'), ('మ్మ', '|'), ('రు', '|'), ('కై', 'U'), ('వ', '|'), ('డిం', 'U'), ('గ', '|'), ('టా', 'U'), ('చి', '|'), ('ర', '|'), ('వి', '|'), ('భ', '|'), ('వా', 'U'), ('భ', '|'), ('వా', 'U'), ('వి', '|'), ('జి', '|'), ('త', '|'), ('చి', 'U'), ('త్త', '|'), ('భ', '|'), ('వా', 'U'), ('య', '|'), ('భ', '|'), ('వా', 'U'), ('మ', '|'), ('హా', 'U'), ('భ', '|'), ('వా', 'U')]",1.0,1.0,1.0,1.0,1.0,1.0
champakamaala,"ఉరగము గాలిఁ గ్రోలి గుహనుండదె యాకులు నించుకోనల-
న్దిరుగదె మేఁక నీళ్ల వెనుదీయకఁ గృంకదె కప్ప యెవ్వరే-
కరణిఁ జరించుచున్న నినుఁ గన్గొనకున్నఁ బరంబు లేదుగా
చిరవిభవా! భవా! విజితచిత్తభవా! యభవా! మహాభవా!",vruttamu,Chiravibhava,"[('ఉ', '|'), ('ర', '|'), ('గ', '|'), ('ము', '|'), ('గా', 'U'), ('లి', '|'), ('గ్రో', 'U'), ('లి', '|'), ('గు', '|'), ('హ', '|'), ('నుం', 'U'), ('డ', '|'), ('దె', '|'), ('యా', 'U'), ('కు', '|'), ('లు', '|'), ('నిం', 'U'), ('చు', '|'), ('కో', 'U'), ('న', '|'), ('ల', 'U'), ('న్ది', '|'), ('రు', '|'), ('గ', '|'), ('దె', '|'), ('మే', 'U'), ('క', '|'), ('నీ', 'U'), ('ళ్ల', '|'), ('వె', '|'), ('ను', '|'), ('దీ', 'U'), ('య', '|'), ('క', '|'), ('గృం', 'U'), ('క', '|'), ('దె', '|'), ('క', 'U'), ('ప్ప', '|'), ('యె', 'U'), ('వ్వ', '|'), ('రే', 'U'), ('క', '|'), ('ర', '|'), ('ణి', '|'), ('జ', '|'), ('రిం', 'U'), ('చు', '|'), ('చు', 'U'), ('న్న', '|'), ('ని', '|'), ('ను', '|'), ('గ', 'U'), ('న్గొ', '|'), ('న', '|'), ('కు', 'U'), ('న్న', '|'), ('బ', '|'), ('రం', 'U'), ('బు', '|'), ('లే', 'U'), ('దు', '|'), ('గా', 'U'), ('చి', '|'), ('ర', '|'), ('వి', '|'), ('భ', '|'), ('వా', 'U'), ('భ', '|'), ('వా', 'U'), ('వి', '|'), ('జి', '|'), ('త', '|'), ('చి', 'U'), ('త్త', '|'), ('భ', '|'), ('వా', 'U'), ('య', '|'), ('భ', '|'), ('వా', 'U'), ('మ', '|'), ('హా', 'U'), ('భ', '|'), ('వా', 'U')]",0.95,1.0,1.0,1.0,0.75,1.0
champakamaala,"హరహర! మేరుభూధరమునంత పదార్థము సంగ్రహించిన-
న్సురనగరాభిపత్యము త్రిశుద్ధిగ నబ్బిన రంభయంత సుం-
దరి నిజభార్యయైన మది దార్కొను తృష్ణ యడంగదేరికిన్
చిరవిభవా! భవా! విజితచిత్తభవా! యభవా! మహాభవా!",vruttamu,Chiravibhava,"[('హ', '|'), ('ర', '|'), ('హ', '|'), ('ర', '|'), ('మే', 'U'), ('రు', '|'), ('భూ', 'U'), ('ధ', '|'), ('ర', '|'), ('ము', '|'), ('నం', 'U'), ('త', '|'), ('ప', '|'), ('దా', 'U'), ('ర్థ', '|'), ('ము', '|'), ('సం', 'U'), ('గ్ర', '|'), ('హిం', 'U'), ('చి', '|'), ('న', 'U'), ('న్సు', '|'), ('ర', '|'), ('న', '|'), ('గ', '|'), ('రా', 'U'), ('భి', '|'), ('ప', 'U'), ('త్య', '|'), ('ము', '|'), ('త్రి', '|'), ('శు', 'U'), ('ద్ధి', '|'), ('గ', '|'), ('న', 'U'), ('బ్బి', '|'), ('న', '|'), ('రం', 'U'), ('భ', '|'), ('యం', 'U'), ('త', '|'), ('సుం', 'U'), ('ద', '|'), ('రి', '|'), ('ని', '|'), ('జ', '|'), ('భా', 'U'), ('ర్య', '|'), ('యై', 'U'), ('న', '|'), ('మ', '|'), ('ది', '|'), ('దా', 'U'), ('ర్కొ', '|'), ('ను', '|'), ('తృ', 'U'), ('ష్ణ', '|'), ('య', '|'), ('డం', 'U'), ('గ', '|'), ('దే', 'U'), ('రి', '|'), ('కిన్', 'U'), ('చి', '|'), ('ర', '|'), ('వి', '|'), ('భ', '|'), ('వా', 'U'), ('భ', '|'), ('వా', 'U'), ('వి', '|'), ('జి', '|'), ('త', '|'), ('చి', 'U'), ('త్త', '|'), ('భ', '|'), ('వా', 'U'), ('య', '|'), ('భ', '|'), ('వా', 'U'), ('మ', '|'), ('హా', 'U'), ('భ', '|'), ('వా', 'U')]",0.95,1.0,1.0,1.0,0.75,1.0
champakamaala,"బురుదను హాళితో నురెడిపుర్వు మెలంగుచునుండి యెప్పుడు-
న్బురుద యొకింతయైనఁ దనుఁ బొందకయుండ మెలంగునట్లు నే-
ర్పరి గృహమేధియయ్యు భవబంధమునంటక నిన్నుఁ జెందుఁబో
చిరవిభవా! భవా! విజితచిత్తభవా! యభవా! మహాభవా!",vruttamu,Chiravibhava,"[('బు', '|'), ('రు', '|'), ('ద', '|'), ('ను', '|'), ('హా', 'U'), ('ళి', '|'), ('తో', 'U'), ('ను', '|'), ('రె', '|'), ('డి', '|'), ('పు', 'U'), ('ర్వు', '|'), ('మె', '|'), ('లం', 'U'), ('గు', '|'), ('చు', '|'), ('నుం', 'U'), ('డి', '|'), ('యె', 'U'), ('ప్పు', '|'), ('డు', 'U'), ('న్బు', '|'), ('రు', '|'), ('ద', '|'), ('యొ', '|'), ('కిం', 'U'), ('త', '|'), ('యై', 'U'), ('న', '|'), ('ద', '|'), ('ను', '|'), ('బొం', 'U'), ('ద', '|'), ('క', '|'), ('యుం', 'U'), ('డ', '|'), ('మె', '|'), ('లం', 'U'), ('గు', '|'), ('న', 'U'), ('ట్లు', '|'), ('నే', 'U'), ('ర్ప', '|'), ('రి', '|'), ('గృ', '|'), ('హ', '|'), ('మే', 'U'), ('ధి', '|'), ('య', 'U'), ('య్యు', '|'), ('భ', '|'), ('వ', '|'), ('బం', 'U'), ('ధ', '|'), ('ము', '|'), ('నం', 'U'), ('ట', '|'), ('క', '|'), ('ని', 'U'), ('న్ను', '|'), ('జెం', 'U'), ('దు', '|'), ('బో', 'U'), ('చి', '|'), ('ర', '|'), ('వి', '|'), ('భ', '|'), ('వా', 'U'), ('భ', '|'), ('వా', 'U'), ('వి', '|'), ('జి', '|'), ('త', '|'), ('చి', 'U'), ('త్త', '|'), ('భ', '|'), ('వా', 'U'), ('య', '|'), ('భ', '|'), ('వా', 'U'), ('మ', '|'), ('హా', 'U'), ('భ', '|'), ('వా', 'U')]",1.0,1.0,1.0,1.0,1.0,1.0
champakamaala,"ఒరుల భజింపఁబోడుగద యొక్కపుడు న్నినుఁగొల్చు మేటి భా-
స్వరసరసామ్రభూరుహలసత్కిసలానుభవానుమోదియౌ
పరభృతరాజమెందు నొకపట్టున వేములఁ జేరనేర్చునే
చిరవిభవా! భవా! విజితచిత్తభవా! యభవా! మహాభవా!",vruttamu,Chiravibhava,"[('ఒ', '|'), ('రు', '|'), ('ల', '|'), ('భ', '|'), ('జిం', 'U'), ('ప', '|'), ('బో', 'U'), ('డు', '|'), ('గ', '|'), ('ద', '|'), ('యొ', 'U'), ('క్క', '|'), ('పు', '|'), ('డు', 'U'), ('న్ని', '|'), ('ను', '|'), ('గొ', 'U'), ('ల్చు', '|'), ('మే', 'U'), ('టి', '|'), ('భా', 'U'), ('స్వ', '|'), ('ర', '|'), ('స', '|'), ('ర', '|'), ('సా', 'U'), ('మ్ర', '|'), ('భూ', 'U'), ('రు', '|'), ('హ', '|'), ('ల', '|'), ('స', 'U'), ('త్కి', '|'), ('స', '|'), ('లా', 'U'), ('ను', '|'), ('భ', '|'), ('వా', 'U'), ('ను', '|'), ('మో', 'U'), ('ది', '|'), ('యౌ', 'U'), ('ప', '|'), ('ర', '|'), ('భృ', '|'), ('త', '|'), ('రా', 'U'), ('జ', '|'), ('మెం', 'U'), ('దు', '|'), ('నొ', '|'), ('క', '|'), ('ప', 'U'), ('ట్టు', '|'), ('న', '|'), ('వే', 'U'), ('ము', '|'), ('ల', '|'), ('జే', 'U'), ('ర', '|'), ('నే', 'U'), ('ర్చు', '|'), ('నే', 'U'), ('చి', '|'), ('ర', '|'), ('వి', '|'), ('భ', '|'), ('వా', 'U'), ('భ', '|'), ('వా', 'U'), ('వి', '|'), ('జి', '|'), ('త', '|'), ('చి', 'U'), ('త్త', '|'), ('భ', '|'), ('వా', 'U'), ('య', '|'), ('భ', '|'), ('వా', 'U'), ('మ', '|'), ('హా', 'U'), ('భ', '|'), ('వా', 'U')]",0.95,1.0,1.0,1.0,0.75,1.0
champakamaala,"సరవిని జీవనార్థముగ చర్మసితాభసితాక్షమాల లే
నరుడు ధరించు కైతవమునన్ భువినాతఁ డశేషధారుణీ-
భరణధురీణప్రచురభాగ్యసమన్వితుఁడై చెలంగుఁబో
చిరవిభవా! భవా! విజితచిత్తభవా! యభవా! మహాభవా!",vruttamu,Chiravibhava,"[('స', '|'), ('ర', '|'), ('వి', '|'), ('ని', '|'), ('జీ', 'U'), ('వ', '|'), ('నా', 'U'), ('ర్థ', '|'), ('ము', '|'), ('గ', '|'), ('చ', 'U'), ('ర్మ', '|'), ('సి', '|'), ('తా', 'U'), ('భ', '|'), ('సి', '|'), ('తా', 'U'), ('క్ష', '|'), ('మా', 'U'), ('ల', '|'), ('లే', 'U'), ('న', '|'), ('రు', '|'), ('డు', '|'), ('ధ', '|'), ('రిం', 'U'), ('చు', '|'), ('కై', 'U'), ('త', '|'), ('వ', '|'), ('ము', '|'), ('న', 'U'), ('న్భు', '|'), ('వి', '|'), ('నా', 'U'), ('త', '|'), ('డ', '|'), ('శే', 'U'), ('ష', '|'), ('ధా', 'U'), ('రు', '|'), ('ణీ', 'U'), ('భ', '|'), ('ర', '|'), ('ణ', '|'), ('ధు', '|'), ('రీ', 'U'), ('ణ', '|'), ('ప్ర', '|'), ('చు', '|'), ('ర', '|'), ('భా', 'U'), ('గ్య', '|'), ('స', '|'), ('మ', 'U'), ('న్వి', '|'), ('తు', '|'), ('డై', 'U'), ('చె', '|'), ('లం', 'U'), ('గు', '|'), ('బో', 'U'), ('చి', '|'), ('ర', '|'), ('వి', '|'), ('భ', '|'), ('వా', 'U'), ('భ', '|'), ('వా', 'U'), ('వి', '|'), ('జి', '|'), ('త', '|'), ('చి', 'U'), ('త్త', '|'), ('భ', '|'), ('వా', 'U'), ('య', '|'), ('భ', '|'), ('వా', 'U'), ('మ', '|'), ('హా', 'U'), ('భ', '|'), ('వా', 'U')]",0.7690476190476191,0.9880952380952381,1.0,0.6071428571428571,0.5,0.75
champakamaala,"సురచిరభక్తితోడ మనుజుం డొక బిల్వదళం బొకప్డు నీ
శిరమున నుంచెనేని యది సింధురసైంధవచామరధ్వజాం-
బరమణిభూషణాది విభవస్ఫురణ న్గనుపట్టి యుండుఁబో
చిరవిభవా! భవా! విజితచిత్తభవా! యభవా! మహాభవా!",vruttamu,Chiravibhava,"[('సు', '|'), ('ర', '|'), ('చి', '|'), ('ర', '|'), ('భ', 'U'), ('క్తి', '|'), ('తో', 'U'), ('డ', '|'), ('మ', '|'), ('ను', '|'), ('జుం', 'U'), ('డొ', '|'), ('క', '|'), ('బి', 'U'), ('ల్వ', '|'), ('ద', '|'), ('ళం', 'U'), ('బొ', '|'), ('క', 'U'), ('ప్డు', '|'), ('నీ', 'U'), ('శి', '|'), ('ర', '|'), ('ము', '|'), ('న', '|'), ('నుం', 'U'), ('చె', '|'), ('నే', 'U'), ('ని', '|'), ('య', '|'), ('ది', '|'), ('సిం', 'U'), ('ధు', '|'), ('ర', '|'), ('సైం', 'U'), ('ధ', '|'), ('వ', '|'), ('చా', 'U'), ('మ', '|'), ('ర', 'U'), ('ధ్వ', '|'), ('జాం', 'U'), ('బ', '|'), ('ర', '|'), ('మ', '|'), ('ణి', '|'), ('భూ', 'U'), ('ష', '|'), ('ణా', 'U'), ('ది', '|'), ('వి', '|'), ('భ', '|'), ('వ', 'U'), ('స్ఫు', '|'), ('ర', '|'), ('ణ', 'U'), ('న్గ', '|'), ('ను', '|'), ('ప', 'U'), ('ట్టి', '|'), ('యుం', 'U'), ('డు', '|'), ('బో', 'U'), ('చి', '|'), ('ర', '|'), ('వి', '|'), ('భ', '|'), ('వా', 'U'), ('భ', '|'), ('వా', 'U'), ('వి', '|'), ('జి', '|'), ('త', '|'), ('చి', 'U'), ('త్త', '|'), ('భ', '|'), ('వా', 'U'), ('య', '|'), ('భ', '|'), ('వా', 'U'), ('మ', '|'), ('హా', 'U'), ('భ', '|'), ('వా', 'U')]",0.95,1.0,1.0,1.0,0.75,1.0
champakamaala,"నరుఁ డొకనాఁడు నీ నగరు నంగనఁ బట్టి విచిత్రఘంటికో-
త్కరరవమాలకించిన నతండు వినం డెపుడున్ కృతాంతకా-
సరగళఘంటికావ్రజవిశంకటసాంద్రఘణంఘణధ్వనుల్
చిరవిభవా! భవా! విజితచిత్తభవా! యభవా! మహాభవా!",vruttamu,Chiravibhava,"[('న', '|'), ('రు', '|'), ('డొ', '|'), ('క', '|'), ('నా', 'U'), ('డు', '|'), ('నీ', 'U'), ('న', '|'), ('గ', '|'), ('రు', '|'), ('నం', 'U'), ('గ', '|'), ('న', '|'), ('బ', 'U'), ('ట్టి', '|'), ('వి', '|'), ('చి', '|'), ('త్ర', '|'), ('ఘం', 'U'), ('టి', '|'), ('కో', 'U'), ('త్క', '|'), ('ర', '|'), ('ర', '|'), ('వ', '|'), ('మా', 'U'), ('ల', '|'), ('కిం', 'U'), ('చి', '|'), ('న', '|'), ('న', '|'), ('తం', 'U'), ('డు', '|'), ('వి', '|'), ('నం', 'U'), ('డె', '|'), ('పు', '|'), ('డు', 'U'), ('న్కృ', '|'), ('తాం', 'U'), ('త', '|'), ('కా', 'U'), ('స', '|'), ('ర', '|'), ('గ', '|'), ('ళ', '|'), ('ఘం', 'U'), ('టి', '|'), ('కా', 'U'), ('వ్ర', '|'), ('జ', '|'), ('వి', '|'), ('శం', 'U'), ('క', '|'), ('ట', '|'), ('సాం', 'U'), ('ద్ర', '|'), ('ఘ', '|'), ('ణం', 'U'), ('ఘ', '|'), ('ణ', 'U'), ('ధ్వ', '|'), ('నుల్', 'U'), ('చి', '|'), ('ర', '|'), ('వి', '|'), ('భ', '|'), ('వా', 'U'), ('భ', '|'), ('వా', 'U'), ('వి', '|'), ('జి', '|'), ('త', '|'), ('చి', 'U'), ('త్త', '|'), ('భ', '|'), ('వా', 'U'), ('య', '|'), ('భ', '|'), ('వా', 'U'), ('మ', '|'), ('హా', 'U'), ('భ', '|'), ('వా', 'U')]",0.9928571428571429,1.0,1.0,0.9642857142857143,1.0,1.0
champakamaala,"దురదుర జాగి మర్త్యుఁ డొకతూరె సమంచిత తావకీన మం-
దిరమునకుం బ్రదక్షిణ మతిప్రమదంబునఁ జేసెనేని య-
ప్పురుషుఁడు శేషభూభువనపోషణధూర్వహుడై విరాజిలున్
చిరవిభవా! భవా! విజితచిత్తభవా! యభవా! మహాభవా!",vruttamu,Chiravibhava,"[('దు', '|'), ('ర', '|'), ('దు', '|'), ('ర', '|'), ('జా', 'U'), ('గి', '|'), ('మ', 'U'), ('ర్త్యు', '|'), ('డొ', '|'), ('క', '|'), ('తూ', 'U'), ('రె', '|'), ('స', '|'), ('మం', 'U'), ('చి', '|'), ('త', '|'), ('తా', 'U'), ('వ', '|'), ('కీ', 'U'), ('న', '|'), ('మం', 'U'), ('ది', '|'), ('ర', '|'), ('ము', '|'), ('న', '|'), ('కుం', 'U'), ('బ్ర', '|'), ('ద', 'U'), ('క్షి', '|'), ('ణ', '|'), ('మ', '|'), ('తి', '|'), ('ప్ర', '|'), ('మ', '|'), ('దం', 'U'), ('బు', '|'), ('న', '|'), ('జే', 'U'), ('సె', '|'), ('నే', 'U'), ('ని', '|'), ('య', 'U'), ('ప్పు', '|'), ('రు', '|'), ('షు', '|'), ('డు', '|'), ('శే', 'U'), ('ష', '|'), ('భూ', 'U'), ('భు', '|'), ('వ', '|'), ('న', '|'), ('పో', 'U'), ('ష', '|'), ('ణ', '|'), ('ధూ', 'U'), ('ర్వ', '|'), ('హు', '|'), ('డై', 'U'), ('వి', '|'), ('రా', 'U'), ('జి', '|'), ('లున్', 'U'), ('చి', '|'), ('ర', '|'), ('వి', '|'), ('భ', '|'), ('వా', 'U'), ('భ', '|'), ('వా', 'U'), ('వి', '|'), ('జి', '|'), ('త', '|'), ('చి', 'U'), ('త్త', '|'), ('భ', '|'), ('వా', 'U'), ('య', '|'), ('భ', '|'), ('వా', 'U'), ('మ', '|'), ('హా', 'U'), ('భ', '|'), ('వా', 'U')]",0.9928571428571429,1.0,1.0,0.9642857142857143,1.0,1.0
champakamaala,"తిరమున నీ నివేశమున దీప మొకానొకనాఁ డొకింత బం-
ధురమతి నిడ్డ ధన్యుఁడు చతుర్ముఖముఖ్యనిలింపమాన్యుఁడై
నిరుపమ తావకీన పద నిత్యసుఖోన్నతుల చెలంగుఁబో
చిరవిభవా! భవా! విజితచిత్తభవా! యభవా! మహాభవా!",vruttamu,Chiravibhava,"[('తి', '|'), ('ర', '|'), ('ము', '|'), ('న', '|'), ('నీ', 'U'), ('ని', '|'), ('వే', 'U'), ('శ', '|'), ('ము', '|'), ('న', '|'), ('దీ', 'U'), ('ప', '|'), ('మొ', '|'), ('కా', 'U'), ('నొ', '|'), ('క', '|'), ('నా', 'U'), ('డొ', '|'), ('కిం', 'U'), ('త', '|'), ('బం', 'U'), ('ధు', '|'), ('ర', '|'), ('మ', '|'), ('తి', '|'), ('ని', 'U'), ('డ్డ', '|'), ('ధ', 'U'), ('న్యు', '|'), ('డు', '|'), ('చ', '|'), ('తు', 'U'), ('ర్ము', '|'), ('ఖ', '|'), ('ము', 'U'), ('ఖ్య', '|'), ('ని', '|'), ('లిం', 'U'), ('ప', '|'), ('మా', 'U'), ('న్యు', '|'), ('డై', 'U'), ('ని', '|'), ('రు', '|'), ('ప', '|'), ('మ', '|'), ('తా', 'U'), ('వ', '|'), ('కీ', 'U'), ('న', '|'), ('ప', '|'), ('ద', '|'), ('ని', 'U'), ('త్య', '|'), ('సు', '|'), ('ఖో', 'U'), ('న్న', '|'), ('తు', '|'), ('ల', '|'), ('చె', '|'), ('లం', 'U'), ('గు', '|'), ('బో', 'U'), ('చి', '|'), ('ర', '|'), ('వి', '|'), ('భ', '|'), ('వా', 'U'), ('భ', '|'), ('వా', 'U'), ('వి', '|'), ('జి', '|'), ('త', '|'), ('చి', 'U'), ('త్త', '|'), ('భ', '|'), ('వా', 'U'), ('య', '|'), ('భ', '|'), ('వా', 'U'), ('మ', '|'), ('హా', 'U'), ('భ', '|'), ('వా', 'U')]",0.9928571428571429,1.0,1.0,0.9642857142857143,1.0,1.0
champakamaala,"కరతలతాళవృంతములుఁ గ్రమ్మఁగ నెవ్వఁడు తావకాలయా-
జిరమున నాఁడు నాతఁడు వసించు విరాజితరాజతావనీ-
ధరశిఖరాగ్రరత్నసముదంచితకాంచనసౌధవీధులన్
చిరవిభవా! భవా! విజితచిత్తభవా! యభవా! మహాభవా!",vruttamu,Chiravibhava,"[('క', '|'), ('ర', '|'), ('త', '|'), ('ల', '|'), ('తా', 'U'), ('ళ', '|'), ('వృం', 'U'), ('త', '|'), ('ము', '|'), ('లు', '|'), ('గ్ర', 'U'), ('మ్మ', '|'), ('గ', '|'), ('నె', 'U'), ('వ్వ', '|'), ('డు', '|'), ('తా', 'U'), ('వ', '|'), ('కా', 'U'), ('ల', '|'), ('యా', 'U'), ('జి', '|'), ('ర', '|'), ('ము', '|'), ('న', '|'), ('నా', 'U'), ('డు', '|'), ('నా', 'U'), ('త', '|'), ('డు', '|'), ('వ', '|'), ('సిం', 'U'), ('చు', '|'), ('వి', '|'), ('రా', 'U'), ('జి', '|'), ('త', '|'), ('రా', 'U'), ('జ', '|'), ('తా', 'U'), ('వ', '|'), ('నీ', 'U'), ('ధ', '|'), ('ర', '|'), ('శి', '|'), ('ఖ', '|'), ('రా', 'U'), ('గ్ర', '|'), ('ర', 'U'), ('త్న', '|'), ('స', '|'), ('ము', '|'), ('దం', 'U'), ('చి', '|'), ('త', '|'), ('కాం', 'U'), ('చ', '|'), ('న', '|'), ('సౌ', 'U'), ('ధ', '|'), ('వీ', 'U'), ('ధు', '|'), ('లన్', 'U'), ('చి', '|'), ('ర', '|'), ('వి', '|'), ('భ', '|'), ('వా', 'U'), ('భ', '|'), ('వా', 'U'), ('వి', '|'), ('జి', '|'), ('త', '|'), ('చి', 'U'), ('త్త', '|'), ('భ', '|'), ('వా', 'U'), ('య', '|'), ('భ', '|'), ('వా', 'U'), ('మ', '|'), ('హా', 'U'), ('భ', '|'), ('వా', 'U')]",1.0,1.0,1.0,1.0,1.0,1.0
champakamaala,"పరిచితి మీఱ మీ శిరముపై పురిసెండు జలంబొకప్పుఁ డా-
దరమునఁ జిల్కు బల్లిదుఁడు తథ్యముగా నఖిలాఘదూరుఁడై
ధరఁ గల పుణ్యతీర్థములఁ దప్పకఁ గ్రుంకు ఫలంబుఁ జేకొనున్
చిరవిభవా! భవా! విజితచిత్తభవా! యభవా! మహాభవా!",vruttamu,Chiravibhava,"[('ప', '|'), ('రి', '|'), ('చి', '|'), ('తి', '|'), ('మీ', 'U'), ('ఱ', '|'), ('మీ', 'U'), ('శి', '|'), ('ర', '|'), ('ము', '|'), ('పై', 'U'), ('పు', '|'), ('రి', '|'), ('సెం', 'U'), ('డు', '|'), ('జ', '|'), ('లం', 'U'), ('బొ', '|'), ('క', 'U'), ('ప్పు', '|'), ('డా', 'U'), ('ద', '|'), ('ర', '|'), ('ము', '|'), ('న', '|'), ('జి', 'U'), ('ల్కు', '|'), ('బ', 'U'), ('ల్లి', '|'), ('దు', '|'), ('డు', '|'), ('త', 'U'), ('థ్య', '|'), ('ము', '|'), ('గా', 'U'), ('న', '|'), ('ఖి', '|'), ('లా', 'U'), ('ఘ', '|'), ('దూ', 'U'), ('రు', '|'), ('డై', 'U'), ('ధ', '|'), ('ర', '|'), ('గ', '|'), ('ల', '|'), ('పు', 'U'), ('ణ్య', '|'), ('తీ', 'U'), ('ర్థ', '|'), ('ము', '|'), ('ల', '|'), ('ద', 'U'), ('ప్ప', '|'), ('క', '|'), ('గ్రుం', 'U'), ('కు', '|'), ('ఫ', '|'), ('లం', 'U'), ('బు', '|'), ('జే', 'U'), ('కొ', '|'), ('నున్', 'U'), ('చి', '|'), ('ర', '|'), ('వి', '|'), ('భ', '|'), ('వా', 'U'), ('భ', '|'), ('వా', 'U'), ('వి', '|'), ('జి', '|'), ('త', '|'), ('చి', 'U'), ('త్త', '|'), ('భ', '|'), ('వా', 'U'), ('య', '|'), ('భ', '|'), ('వా', 'U'), ('మ', '|'), ('హా', 'U'), ('భ', '|'), ('వా', 'U')]",1.0,1.0,1.0,1.0,1.0,1.0
champakamaala,"బెరసిన వేడ్క యుల్లమునఁ బిక్కటిల న్మనుజుండు నీకుఁ గొ-
వ్విరిసరమొక్క టచ్చపువివేకముతోడ నొసంగిన న్బురం-
దరధరణీరుహప్రసవదామవిభూషితుఁడై చెలంగుఁబో
చిరవిభవా! భవా! విజితచిత్తభవా! యభవా! మహాభవా!",vruttamu,Chiravibhava,"[('బె', '|'), ('ర', '|'), ('సి', '|'), ('న', '|'), ('వే', 'U'), ('డ్క', '|'), ('యు', 'U'), ('ల్ల', '|'), ('ము', '|'), ('న', '|'), ('బి', 'U'), ('క్క', '|'), ('టి', '|'), ('ల', 'U'), ('న్మ', '|'), ('ను', '|'), ('జుం', 'U'), ('డు', '|'), ('నీ', 'U'), ('కు', '|'), ('గొ', 'U'), ('వ్వి', '|'), ('రి', '|'), ('స', '|'), ('ర', '|'), ('మొ', 'U'), ('క్క', '|'), ('ట', 'U'), ('చ్చ', '|'), ('పు', '|'), ('వి', '|'), ('వే', 'U'), ('క', '|'), ('ము', '|'), ('తో', 'U'), ('డ', '|'), ('నొ', '|'), ('సం', 'U'), ('గి', '|'), ('న', 'U'), ('న్బు', '|'), ('రం', 'U'), ('ద', '|'), ('ర', '|'), ('ధ', '|'), ('ర', '|'), ('ణీ', 'U'), ('రు', '|'), ('హ', '|'), ('ప్ర', '|'), ('స', '|'), ('వ', '|'), ('దా', 'U'), ('మ', '|'), ('వి', '|'), ('భూ', 'U'), ('షి', '|'), ('తు', '|'), ('డై', 'U'), ('చె', '|'), ('లం', 'U'), ('గు', '|'), ('బో', 'U'), ('చి', '|'), ('ర', '|'), ('వి', '|'), ('భ', '|'), ('వా', 'U'), ('భ', '|'), ('వా', 'U'), ('వి', '|'), ('జి', '|'), ('త', '|'), ('చి', 'U'), ('త్త', '|'), ('భ', '|'), ('వా', 'U'), ('య', '|'), ('భ', '|'), ('వా', 'U'), ('మ', '|'), ('హా', 'U'), ('భ', '|'), ('వా', 'U')]",0.9928571428571429,1.0,1.0,0.9642857142857143,1.0,1.0
champakamaala,"కరయుగమెత్తి నీకుఁ గుతుకంబున మొక్కునతండు శేషభూ-
వరమకుటాగ్రరత్నసమవాయసమగ్రవిభాసముల్లస-
చ్చరణసరోజుఁడై వివిధసంపదలం గొదలేక యుండుఁబో
చిరవిభవా! భవా! విజితచిత్తభవా! యభవా! మహాభవా!",vruttamu,Chiravibhava,"[('క', '|'), ('ర', '|'), ('యు', '|'), ('గ', '|'), ('మె', 'U'), ('త్తి', '|'), ('నీ', 'U'), ('కు', '|'), ('గు', '|'), ('తు', '|'), ('కం', 'U'), ('బు', '|'), ('న', '|'), ('మొ', 'U'), ('క్కు', '|'), ('న', '|'), ('తం', 'U'), ('డు', '|'), ('శే', 'U'), ('ష', '|'), ('భూ', 'U'), ('వ', '|'), ('ర', '|'), ('మ', '|'), ('కు', '|'), ('టా', 'U'), ('గ్ర', '|'), ('ర', 'U'), ('త్న', '|'), ('స', '|'), ('మ', '|'), ('వా', 'U'), ('య', '|'), ('స', '|'), ('మ', '|'), ('గ్ర', '|'), ('వి', '|'), ('భా', 'U'), ('స', '|'), ('ము', 'U'), ('ల్ల', '|'), ('స', 'U'), ('చ్చ', '|'), ('ర', '|'), ('ణ', '|'), ('స', '|'), ('రో', 'U'), ('జు', '|'), ('డై', 'U'), ('వి', '|'), ('వి', '|'), ('ధ', '|'), ('సం', 'U'), ('ప', '|'), ('ద', '|'), ('లం', 'U'), ('గొ', '|'), ('ద', '|'), ('లే', 'U'), ('క', '|'), ('యుం', 'U'), ('డు', '|'), ('బో', 'U'), ('చి', '|'), ('ర', '|'), ('వి', '|'), ('భ', '|'), ('వా', 'U'), ('భ', '|'), ('వా', 'U'), ('వి', '|'), ('జి', '|'), ('త', '|'), ('చి', 'U'), ('త్త', '|'), ('భ', '|'), ('వా', 'U'), ('య', '|'), ('భ', '|'), ('వా', 'U'), ('మ', '|'), ('హా', 'U'), ('భ', '|'), ('వా', 'U')]",0.9928571428571429,1.0,1.0,0.9642857142857143,1.0,1.0
champakamaala,"తొరలెడు భక్తిఁ గప్పురపు ధూపము నీకు జనుం డొసంగుచో
గొరగొర వానిమేనఁ గల ఘోరతరాఘపిశాచసంఘముల్
బరువడి కూయి వెట్టుచును బారి చనుంగద తత్క్షణంబునన్
చిరవిభవా! భవా! విజితచిత్తభవా! యభవా! మహాభవా!",vruttamu,Chiravibhava,"[('తొ', '|'), ('ర', '|'), ('లె', '|'), ('డు', '|'), ('భ', 'U'), ('క్తి', '|'), ('గ', 'U'), ('ప్పు', '|'), ('ర', '|'), ('పు', '|'), ('ధూ', 'U'), ('ప', '|'), ('ము', '|'), ('నీ', 'U'), ('కు', '|'), ('జ', '|'), ('నుం', 'U'), ('డొ', '|'), ('సం', 'U'), ('గు', '|'), ('చో', 'U'), ('గొ', '|'), ('ర', '|'), ('గొ', '|'), ('ర', '|'), ('వా', 'U'), ('ని', '|'), ('మే', 'U'), ('న', '|'), ('గ', '|'), ('ల', '|'), ('ఘో', 'U'), ('ర', '|'), ('త', '|'), ('రా', 'U'), ('ఘ', '|'), ('పి', '|'), ('శా', 'U'), ('చ', '|'), ('సం', 'U'), ('ఘ', '|'), ('ముల్', 'U'), ('బ', '|'), ('రు', '|'), ('వ', '|'), ('డి', '|'), ('కూ', 'U'), ('యి', '|'), ('వె', 'U'), ('ట్టు', '|'), ('చు', '|'), ('ను', '|'), ('బా', 'U'), ('రి', '|'), ('చ', '|'), ('నుం', 'U'), ('గ', '|'), ('ద', '|'), ('త', 'U'), ('త్క్ష', '|'), ('ణం', 'U'), ('బు', '|'), ('నన్', 'U'), ('చి', '|'), ('ర', '|'), ('వి', '|'), ('భ', '|'), ('వా', 'U'), ('భ', '|'), ('వా', 'U'), ('వి', '|'), ('జి', '|'), ('త', '|'), ('చి', 'U'), ('త్త', '|'), ('భ', '|'), ('వా', 'U'), ('య', '|'), ('భ', '|'), ('వా', 'U'), ('మ', '|'), ('హా', 'U'), ('భ', '|'), ('వా', 'U')]",1.0,1.0,1.0,1.0,1.0,1.0
champakamaala,"పరునిఁ బరేశు భక్తజనపాలనశీలు ననంతు నాద్యు న-
క్షరు నపవర్గదాయకు జగన్మయు నద్వయు నప్రమేయు నం-
బురుహభవాండభాండపరిపూర్ణపిచండుఁ దలంతు నిన్మదిన్
చిరవిభవా! భవా! విజితచిత్తభవా! యభవా! మహాభవా!",vruttamu,Chiravibhava,"[('ప', '|'), ('రు', '|'), ('ని', '|'), ('బ', '|'), ('రే', 'U'), ('శు', '|'), ('భ', 'U'), ('క్త', '|'), ('జ', '|'), ('న', '|'), ('పా', 'U'), ('ల', '|'), ('న', '|'), ('శీ', 'U'), ('లు', '|'), ('న', '|'), ('నం', 'U'), ('తు', '|'), ('నా', 'U'), ('ద్యు', '|'), ('న', 'U'), ('క్ష', '|'), ('రు', '|'), ('న', '|'), ('ప', '|'), ('వ', 'U'), ('ర్గ', '|'), ('దా', 'U'), ('య', '|'), ('కు', '|'), ('జ', '|'), ('గ', 'U'), ('న్మ', '|'), ('యు', '|'), ('న', 'U'), ('ద్వ', '|'), ('యు', '|'), ('న', '|'), ('ప్ర', '|'), ('మే', 'U'), ('యు', '|'), ('నం', 'U'), ('బు', '|'), ('రు', '|'), ('హ', '|'), ('భ', '|'), ('వాం', 'U'), ('డ', '|'), ('భాం', 'U'), ('డ', '|'), ('ప', '|'), ('రి', '|'), ('పూ', 'U'), ('ర్ణ', '|'), ('పి', '|'), ('చం', 'U'), ('డు', '|'), ('ద', '|'), ('లం', 'U'), ('తు', '|'), ('ని', 'U'), ('న్మ', '|'), ('దిన్', 'U'), ('చి', '|'), ('ర', '|'), ('వి', '|'), ('భ', '|'), ('వా', 'U'), ('భ', '|'), ('వా', 'U'), ('వి', '|'), ('జి', '|'), ('త', '|'), ('చి', 'U'), ('త్త', '|'), ('భ', '|'), ('వా', 'U'), ('య', '|'), ('భ', '|'), ('వా', 'U'), ('మ', '|'), ('హా', 'U'), ('భ', '|'), ('వా', 'U')]",0.9928571428571429,1.0,1.0,0.9642857142857143,1.0,1.0
champakamaala,"హరునకు వందనంబు ఫణిహారునకు న్శరణ్యార్థి దేవతా-
వరదునకుం జొహారు పురవైరికి మ్రొక్కు నగేంద్రజామనో-
హరునకు జోత యంచు ననయంబును నీకు నమస్కరించెదన్
చిరవిభవా! భవా! విజితచిత్తభవా! యభవా! మహాభవా!",vruttamu,Chiravibhava,"[('హ', '|'), ('రు', '|'), ('న', '|'), ('కు', '|'), ('వం', 'U'), ('ద', '|'), ('నం', 'U'), ('బు', '|'), ('ఫ', '|'), ('ణి', '|'), ('హా', 'U'), ('రు', '|'), ('న', '|'), ('కు', 'U'), ('న్శ', '|'), ('ర', 'U'), ('ణ్యా', 'U'), ('ర్థి', '|'), ('దే', 'U'), ('వ', '|'), ('తా', 'U'), ('వ', '|'), ('ర', '|'), ('దు', '|'), ('న', '|'), ('కుం', 'U'), ('జొ', '|'), ('హా', 'U'), ('రు', '|'), ('పు', '|'), ('ర', '|'), ('వై', 'U'), ('రి', '|'), ('కి', '|'), ('మ్రొ', 'U'), ('క్కు', '|'), ('న', '|'), ('గేం', 'U'), ('ద్ర', '|'), ('జా', 'U'), ('మ', '|'), ('నో', 'U'), ('హ', '|'), ('రు', '|'), ('న', '|'), ('కు', '|'), ('జో', 'U'), ('త', '|'), ('యం', 'U'), ('చు', '|'), ('న', '|'), ('న', '|'), ('యం', 'U'), ('బు', '|'), ('ను', '|'), ('నీ', 'U'), ('కు', '|'), ('న', '|'), ('మ', 'U'), ('స్క', '|'), ('రిం', 'U'), ('చె', '|'), ('దన్', 'U'), ('చి', '|'), ('ర', '|'), ('వి', '|'), ('భ', '|'), ('వా', 'U'), ('భ', '|'), ('వా', 'U'), ('వి', '|'), ('జి', '|'), ('త', '|'), ('చి', 'U'), ('త్త', '|'), ('భ', '|'), ('వా', 'U'), ('య', '|'), ('భ', '|'), ('వా', 'U'), ('మ', '|'), ('హా', 'U'), ('భ', '|'), ('వా', 'U')]",0.9928571428571429,1.0,1.0,0.9642857142857143,1.0,1.0
champakamaala,"దిరమున స్నానసంధ్యలును దేవ సపర్యలు సువ్రతంబులు-
న్గురుభజనాదికంబులు నకుంఠితభక్తి నొనర్పనేర నీ
చరణము లాశ్రయించితి నిజంబుగ నన్నిక నెట్లు బ్రోచెదో
చిరవిభవా! భవా! విజితచిత్తభవా! యభవా! మహాభవా!",vruttamu,Chiravibhava,"[('ది', '|'), ('ర', '|'), ('ము', '|'), ('న', 'U'), ('స్నా', 'U'), ('న', '|'), ('సం', 'U'), ('ధ్య', '|'), ('లు', '|'), ('ను', '|'), ('దే', 'U'), ('వ', '|'), ('స', '|'), ('ప', 'U'), ('ర్య', '|'), ('లు', '|'), ('సు', '|'), ('వ్ర', '|'), ('తం', 'U'), ('బు', '|'), ('లు', 'U'), ('న్గు', '|'), ('రు', '|'), ('భ', '|'), ('జ', '|'), ('నా', 'U'), ('ది', '|'), ('కం', 'U'), ('బు', '|'), ('లు', '|'), ('న', '|'), ('కుం', 'U'), ('ఠి', '|'), ('త', '|'), ('భ', 'U'), ('క్తి', '|'), ('నొ', '|'), ('న', 'U'), ('ర్ప', '|'), ('నే', 'U'), ('ర', '|'), ('నీ', 'U'), ('చ', '|'), ('ర', '|'), ('ణ', '|'), ('ము', '|'), ('లా', 'U'), ('శ్ర', '|'), ('యిం', 'U'), ('చి', '|'), ('తి', '|'), ('ని', '|'), ('జం', 'U'), ('బు', '|'), ('గ', '|'), ('న', 'U'), ('న్ని', '|'), ('క', '|'), ('నె', 'U'), ('ట్లు', '|'), ('బ్రో', 'U'), ('చె', '|'), ('దో', 'U'), ('చి', '|'), ('ర', '|'), ('వి', '|'), ('భ', '|'), ('వా', 'U'), ('భ', '|'), ('వా', 'U'), ('వి', '|'), ('జి', '|'), ('త', '|'), ('చి', 'U'), ('త్త', '|'), ('భ', '|'), ('వా', 'U'), ('య', '|'), ('భ', '|'), ('వా', 'U'), ('మ', '|'), ('హా', 'U'), ('భ', '|'), ('వా', 'U')]",0.9857142857142858,1.0,1.0,0.9285714285714286,1.0,1.0
champakamaala,"గురుఁడవు బాంధవుండవు సఖుండవు తల్లివి దండ్రి వన్న వీ-
శ్వరుఁడవు దాత వాప్తుఁడవు సర్వము నీవె యటంచు నమ్మితి-
న్వరదుఁడవై కృపారసము వావిరి నాపయిఁ జిల్కి బ్రోవవే
చిరవిభవా! భవా! విజితచిత్తభవా! యభవా! మహాభవా!",vruttamu,Chiravibhava,"[('గు', '|'), ('రు', '|'), ('డ', '|'), ('వు', '|'), ('బాం', 'U'), ('ధ', '|'), ('వుం', 'U'), ('డ', '|'), ('వు', '|'), ('స', '|'), ('ఖుం', 'U'), ('డ', '|'), ('వు', '|'), ('త', 'U'), ('ల్లి', '|'), ('వి', '|'), ('దం', 'U'), ('డ్రి', '|'), ('వ', 'U'), ('న్న', '|'), ('వీ', 'U'), ('శ్వ', '|'), ('రు', '|'), ('డ', '|'), ('వు', '|'), ('దా', 'U'), ('త', '|'), ('వా', 'U'), ('ప్తు', '|'), ('డ', '|'), ('వు', '|'), ('స', 'U'), ('ర్వ', '|'), ('ము', '|'), ('నీ', 'U'), ('వె', '|'), ('య', '|'), ('టం', 'U'), ('చు', '|'), ('న', 'U'), ('మ్మి', '|'), ('తి', 'U'), ('న్వ', '|'), ('ర', '|'), ('దు', '|'), ('డ', '|'), ('వై', 'U'), ('కృ', '|'), ('పా', 'U'), ('ర', '|'), ('స', '|'), ('ము', '|'), ('వా', 'U'), ('వి', '|'), ('రి', '|'), ('నా', 'U'), ('ప', '|'), ('యి', '|'), ('జి', 'U'), ('ల్కి', '|'), ('బ్రో', 'U'), ('వ', '|'), ('వే', 'U'), ('చి', '|'), ('ర', '|'), ('వి', '|'), ('భ', '|'), ('వా', 'U'), ('భ', '|'), ('వా', 'U'), ('వి', '|'), ('జి', '|'), ('త', '|'), ('చి', 'U'), ('త్త', '|'), ('భ', '|'), ('వా', 'U'), ('య', '|'), ('భ', '|'), ('వా', 'U'), ('మ', '|'), ('హా', 'U'), ('భ', '|'), ('వా', 'U')]",1.0,1.0,1.0,1.0,1.0,1.0
champakamaala,"కెరలెడు ఘోరపాపతతికి న్మదిఁ గంపిలి యేయుపాయమున్
దొరకక యొక్క పెన్వెరవు దోచిన నుబ్బుచు నిబ్బరంబుగా
హరహర యంచుఁ బల్కితి నహా! దురితంబులు వీడి పారెఁబో
చిరవిభవా! భవా! విజితచిత్తభవా! యభవా! మహాభవా!",vruttamu,Chiravibhava,"[('కె', '|'), ('ర', '|'), ('లె', '|'), ('డు', '|'), ('ఘో', 'U'), ('ర', '|'), ('పా', 'U'), ('ప', '|'), ('త', '|'), ('తి', '|'), ('కి', 'U'), ('న్మ', '|'), ('ది', '|'), ('గం', 'U'), ('పి', '|'), ('లి', '|'), ('యే', 'U'), ('యు', '|'), ('పా', 'U'), ('య', '|'), ('మున్', 'U'), ('దొ', '|'), ('ర', '|'), ('క', '|'), ('క', '|'), ('యొ', 'U'), ('క్క', '|'), ('పె', 'U'), ('న్వె', '|'), ('ర', '|'), ('వు', '|'), ('దో', 'U'), ('చి', '|'), ('న', '|'), ('ను', 'U'), ('బ్బు', '|'), ('చు', '|'), ('ని', 'U'), ('బ్బ', '|'), ('రం', 'U'), ('బు', '|'), ('గా', 'U'), ('హ', '|'), ('ర', '|'), ('హ', '|'), ('ర', '|'), ('యం', 'U'), ('చు', '|'), ('బ', 'U'), ('ల్కి', '|'), ('తి', '|'), ('న', '|'), ('హా', 'U'), ('దు', '|'), ('రి', '|'), ('తం', 'U'), ('బు', '|'), ('లు', '|'), ('వీ', 'U'), ('డి', '|'), ('పా', 'U'), ('రె', '|'), ('బో', 'U'), ('చి', '|'), ('ర', '|'), ('వి', '|'), ('భ', '|'), ('వా', 'U'), ('భ', '|'), ('వా', 'U'), ('వి', '|'), ('జి', '|'), ('త', '|'), ('చి', 'U'), ('త్త', '|'), ('భ', '|'), ('వా', 'U'), ('య', '|'), ('భ', '|'), ('వా', 'U'), ('మ', '|'), ('హా', 'U'), ('భ', '|'), ('వా', 'U')]",1.0,1.0,1.0,1.0,1.0,1.0
champakamaala,"దొరకెను నాకు భాగ్యమున దుస్సహదండధరప్రచండకిం-
కరపటుదర్పసంహరణకారణమై యయిదక్షరంబులు-
న్బరగిన మంత్రరాజము సుపర్వులకైనఁ దలంక నేనిఁకన్
చిరవిభవా! భవా! విజితచిత్తభవా! యభవా! మహాభవా!",vruttamu,Chiravibhava,"[('దొ', '|'), ('ర', '|'), ('కె', '|'), ('ను', '|'), ('నా', 'U'), ('కు', '|'), ('భా', 'U'), ('గ్య', '|'), ('ము', '|'), ('న', '|'), ('దు', 'U'), ('స్స', '|'), ('హ', '|'), ('దం', 'U'), ('డ', '|'), ('ధ', '|'), ('ర', '|'), ('ప్ర', '|'), ('చం', 'U'), ('డ', '|'), ('కిం', 'U'), ('క', '|'), ('ర', '|'), ('ప', '|'), ('టు', '|'), ('ద', 'U'), ('ర్ప', '|'), ('సం', 'U'), ('హ', '|'), ('ర', '|'), ('ణ', '|'), ('కా', 'U'), ('ర', '|'), ('ణ', '|'), ('మై', 'U'), ('య', '|'), ('యి', '|'), ('ద', 'U'), ('క్ష', '|'), ('రం', 'U'), ('బు', '|'), ('లు', 'U'), ('న్బ', '|'), ('ర', '|'), ('గి', '|'), ('న', '|'), ('మం', 'U'), ('త్ర', '|'), ('రా', 'U'), ('జ', '|'), ('ము', '|'), ('సు', '|'), ('ప', 'U'), ('ర్వు', '|'), ('ల', '|'), ('కై', 'U'), ('న', '|'), ('ద', '|'), ('లం', 'U'), ('క', '|'), ('నే', 'U'), ('ని', '|'), ('కన్', 'U'), ('చి', '|'), ('ర', '|'), ('వి', '|'), ('భ', '|'), ('వా', 'U'), ('భ', '|'), ('వా', 'U'), ('వి', '|'), ('జి', '|'), ('త', '|'), ('చి', 'U'), ('త్త', '|'), ('భ', '|'), ('వా', 'U'), ('య', '|'), ('భ', '|'), ('వా', 'U'), ('మ', '|'), ('హా', 'U'), ('భ', '|'), ('వా', 'U')]",0.9928571428571429,1.0,1.0,0.9642857142857143,1.0,1.0
champakamaala,"గిరిశ నమోస్తు యోగిజనగేయ నమోస్తు మహోగ్రదోషసం-
హరణ నమోస్తు భోగికులహార నమోస్తు సమస్తదేవతా-
చరణ నమోస్తు తే యనుచు సారెకుఁ గోరి నమస్కరించెదన్
చిరవిభవా! భవా! విజితచిత్తభవా! యభవా! మహాభవా!",vruttamu,Chiravibhava,"[('గి', '|'), ('రి', '|'), ('శ', '|'), ('న', '|'), ('మో', 'U'), ('స్తు', '|'), ('యో', 'U'), ('గి', '|'), ('జ', '|'), ('న', '|'), ('గే', 'U'), ('య', '|'), ('న', '|'), ('మో', 'U'), ('స్తు', '|'), ('మ', '|'), ('హో', 'U'), ('గ్ర', '|'), ('దో', 'U'), ('ష', '|'), ('సం', 'U'), ('హ', '|'), ('ర', '|'), ('ణ', '|'), ('న', '|'), ('మో', 'U'), ('స్తు', '|'), ('భో', 'U'), ('గి', '|'), ('కు', '|'), ('ల', '|'), ('హా', 'U'), ('ర', '|'), ('న', '|'), ('మో', 'U'), ('స్తు', '|'), ('స', '|'), ('మ', 'U'), ('స్త', '|'), ('దే', 'U'), ('వ', '|'), ('తా', 'U'), ('చ', '|'), ('ర', '|'), ('ణ', '|'), ('న', '|'), ('మో', 'U'), ('స్తు', '|'), ('తే', 'U'), ('య', '|'), ('ను', '|'), ('చు', '|'), ('సా', 'U'), ('రె', '|'), ('కు', '|'), ('గో', 'U'), ('రి', '|'), ('న', '|'), ('మ', 'U'), ('స్క', '|'), ('రిం', 'U'), ('చె', '|'), ('దన్', 'U'), ('చి', '|'), ('ర', '|'), ('వి', '|'), ('భ', '|'), ('వా', 'U'), ('భ', '|'), ('వా', 'U'), ('వి', '|'), ('జి', '|'), ('త', '|'), ('చి', 'U'), ('త్త', '|'), ('భ', '|'), ('వా', 'U'), ('య', '|'), ('భ', '|'), ('వా', 'U'), ('మ', '|'), ('హా', 'U'), ('భ', '|'), ('వా', 'U')]",1.0,1.0,1.0,1.0,1.0,1.0
champakamaala,"వరద పరాకు భక్తజనవంద్య పరాకు సమస్తపాపసం-
హరణ పరాకు భక్తనివహావహదక్ష పరాకు యోగిహృ-
శ్చరణ పరాకు సేయకిఁక సయ్యన నా మనవాలకించవే
చిరవిభవా! భవా! విజితచిత్తభవా! యభవా! మహాభవా!",vruttamu,Chiravibhava,"[('వ', '|'), ('ర', '|'), ('ద', '|'), ('ప', '|'), ('రా', 'U'), ('కు', '|'), ('భ', 'U'), ('క్త', '|'), ('జ', '|'), ('న', '|'), ('వం', 'U'), ('ద్య', '|'), ('ప', '|'), ('రా', 'U'), ('కు', '|'), ('స', '|'), ('మ', 'U'), ('స్త', '|'), ('పా', 'U'), ('ప', '|'), ('సం', 'U'), ('హ', '|'), ('ర', '|'), ('ణ', '|'), ('ప', '|'), ('రా', 'U'), ('కు', '|'), ('భ', 'U'), ('క్త', '|'), ('ని', '|'), ('వ', '|'), ('హా', 'U'), ('వ', '|'), ('హ', '|'), ('ద', 'U'), ('క్ష', '|'), ('ప', '|'), ('రా', 'U'), ('కు', '|'), ('యో', 'U'), ('గి', '|'), ('హృ', 'U'), ('శ్చ', '|'), ('ర', '|'), ('ణ', '|'), ('ప', '|'), ('రా', 'U'), ('కు', '|'), ('సే', 'U'), ('య', '|'), ('కి', '|'), ('క', '|'), ('స', 'U'), ('య్య', '|'), ('న', '|'), ('నా', 'U'), ('మ', '|'), ('న', '|'), ('వా', 'U'), ('ల', '|'), ('కిం', 'U'), ('చ', '|'), ('వే', 'U'), ('చి', '|'), ('ర', '|'), ('వి', '|'), ('భ', '|'), ('వా', 'U'), ('భ', '|'), ('వా', 'U'), ('వి', '|'), ('జి', '|'), ('త', '|'), ('చి', 'U'), ('త్త', '|'), ('భ', '|'), ('వా', 'U'), ('య', '|'), ('భ', '|'), ('వా', 'U'), ('మ', '|'), ('హా', 'U'), ('భ', '|'), ('వా', 'U')]",1.0,1.0,1.0,1.0,1.0,1.0
champakamaala,"పరవనితా పరాస్థ నరపాలకసేవలయందుఁ గోరికల్
దొరలఁగనీక నీ చరణతోయజభక్తియు సూనృతోక్తి యె-
వ్వరికినిఁ గీడు సేయమియు వాలెము నా కొనఁగూర్చి బ్రోవవే
చిరవిభవా! భవా! విజితచిత్తభవా! యభవా! మహాభవా!",vruttamu,Chiravibhava,"[('ప', '|'), ('ర', '|'), ('వ', '|'), ('ని', '|'), ('తా', 'U'), ('ప', '|'), ('రా', 'U'), ('స్థ', '|'), ('న', '|'), ('ర', '|'), ('పా', 'U'), ('ల', '|'), ('క', '|'), ('సే', 'U'), ('వ', '|'), ('ల', '|'), ('యం', 'U'), ('దు', '|'), ('గో', 'U'), ('రి', '|'), ('కల్', 'U'), ('దొ', '|'), ('ర', '|'), ('ల', '|'), ('గ', '|'), ('నీ', 'U'), ('క', '|'), ('నీ', 'U'), ('చ', '|'), ('ర', '|'), ('ణ', '|'), ('తో', 'U'), ('య', '|'), ('జ', '|'), ('భ', 'U'), ('క్తి', '|'), ('యు', '|'), ('సూ', 'U'), ('నృ', '|'), ('తో', 'U'), ('క్తి', '|'), ('యె', 'U'), ('వ్వ', '|'), ('రి', '|'), ('కి', '|'), ('ని', '|'), ('గీ', 'U'), ('డు', '|'), ('సే', 'U'), ('య', '|'), ('మి', '|'), ('యు', '|'), ('వా', 'U'), ('లె', '|'), ('ము', '|'), ('నా', 'U'), ('కొ', '|'), ('న', '|'), ('గూ', 'U'), ('ర్చి', '|'), ('బ్రో', 'U'), ('వ', '|'), ('వే', 'U'), ('చి', '|'), ('ర', '|'), ('వి', '|'), ('భ', '|'), ('వా', 'U'), ('భ', '|'), ('వా', 'U'), ('వి', '|'), ('జి', '|'), ('త', '|'), ('చి', 'U'), ('త్త', '|'), ('భ', '|'), ('వా', 'U'), ('య', '|'), ('భ', '|'), ('వా', 'U'), ('మ', '|'), ('హా', 'U'), ('భ', '|'), ('వా', 'U')]",1.0,1.0,1.0,1.0,1.0,1.0
champakamaala,"మురిపెముతోడ నక్షుసరము ల్భసితంబు ధరించినాఁడ మ-
ద్గురువరదత్తమై సకలదోషములన్ దొలఁగించు ద్వాదశా-
క్షరి జపియించినాఁడ కలుషంబులు నాకిఁకఁ గల్గుటెట్లయా
చిరవిభవా! భవా! విజితచిత్తభవా! యభవా! మహాభవా!",vruttamu,Chiravibhava,"[('ము', '|'), ('రి', '|'), ('పె', '|'), ('ము', '|'), ('తో', 'U'), ('డ', '|'), ('న', 'U'), ('క్షు', '|'), ('స', '|'), ('ర', '|'), ('ము', 'U'), ('ల్భ', '|'), ('సి', '|'), ('తం', 'U'), ('బు', '|'), ('ధ', '|'), ('రిం', 'U'), ('చి', '|'), ('నా', 'U'), ('డ', '|'), ('మ', 'U'), ('ద్గు', '|'), ('రు', '|'), ('వ', '|'), ('ర', '|'), ('ద', 'U'), ('త్త', '|'), ('మై', 'U'), ('స', '|'), ('క', '|'), ('ల', '|'), ('దో', 'U'), ('ష', '|'), ('ము', '|'), ('ల', 'U'), ('న్దొ', '|'), ('ల', '|'), ('గిం', 'U'), ('చు', 'U'), ('ద్వా', 'U'), ('ద', '|'), ('శా', 'U'), ('క్ష', '|'), ('రి', '|'), ('జ', '|'), ('పి', '|'), ('యిం', 'U'), ('చి', '|'), ('నా', 'U'), ('డ', '|'), ('క', '|'), ('లు', '|'), ('షం', 'U'), ('బు', '|'), ('లు', '|'), ('నా', 'U'), ('కి', '|'), ('క', '|'), ('గ', 'U'), ('ల్గు', '|'), ('టె', 'U'), ('ట్ల', '|'), ('యా', 'U'), ('చి', '|'), ('ర', '|'), ('వి', '|'), ('భ', '|'), ('వా', 'U'), ('భ', '|'), ('వా', 'U'), ('వి', '|'), ('జి', '|'), ('త', '|'), ('చి', 'U'), ('త్త', '|'), ('భ', '|'), ('వా', 'U'), ('య', '|'), ('భ', '|'), ('వా', 'U'), ('మ', '|'), ('హా', 'U'), ('భ', '|'), ('వా', 'U')]",0.9928571428571429,1.0,1.0,0.9642857142857143,1.0,1.0
champakamaala,"మురువుగ నక్షమాలయును మోదికఁ బూనితి భూతి దాల్చితిన్
స్మరణగ నైదువర్ణముల మంత్రము వేమరు నుచ్చరించితిన్
దురితపిశాచముల్ దొరగి దూరముగా జనకుండుటెట్లికన్
చిరవిభవా! భవా! విజితచిత్తభవా! యభవా! మహాభవా!",vruttamu,Chiravibhava,"[('ము', '|'), ('రు', '|'), ('వు', '|'), ('గ', '|'), ('న', 'U'), ('క్ష', '|'), ('మా', 'U'), ('ల', '|'), ('యు', '|'), ('ను', '|'), ('మో', 'U'), ('ది', '|'), ('క', '|'), ('బూ', 'U'), ('ని', '|'), ('తి', '|'), ('భూ', 'U'), ('తి', '|'), ('దా', 'U'), ('ల్చి', '|'), ('తిన్', 'U'), ('స్మ', '|'), ('ర', '|'), ('ణ', '|'), ('గ', '|'), ('నై', 'U'), ('దు', '|'), ('వ', 'U'), ('ర్ణ', '|'), ('ము', '|'), ('ల', '|'), ('మం', 'U'), ('త్ర', '|'), ('ము', '|'), ('వే', 'U'), ('మ', '|'), ('రు', '|'), ('ను', 'U'), ('చ్చ', '|'), ('రిం', 'U'), ('చి', '|'), ('తిన్', 'U'), ('దు', '|'), ('రి', '|'), ('త', '|'), ('పి', '|'), ('శా', 'U'), ('చ', '|'), ('ము', 'U'), ('ల్దొ', '|'), ('ర', '|'), ('గి', '|'), ('దూ', 'U'), ('ర', '|'), ('ము', '|'), ('గా', 'U'), ('జ', '|'), ('న', '|'), ('కుం', 'U'), ('డు', '|'), ('టె', 'U'), ('ట్లి', '|'), ('కన్', 'U'), ('చి', '|'), ('ర', '|'), ('వి', '|'), ('భ', '|'), ('వా', 'U'), ('భ', '|'), ('వా', 'U'), ('వి', '|'), ('జి', '|'), ('త', '|'), ('చి', 'U'), ('త్త', '|'), ('భ', '|'), ('వా', 'U'), ('య', '|'), ('భ', '|'), ('వా', 'U'), ('మ', '|'), ('హా', 'U'), ('భ', '|'), ('వా', 'U')]",1.0,1.0,1.0,1.0,1.0,1.0
champakamaala,"గురువరభక్తి మీఱ మిముఁ గొల్చినవాఁడనటంచుఁ దద్దయుం
గరువముతోడ నేను కృతకర్మము లెవ్వియుఁ జేయనైతి దు-
ర్భరదురితాత్ముఁడంచును దిరస్కృతిఁ జేయక నన్నుఁ బ్రోవవే
చిరవిభవా! భవా! విజితచిత్తభవా! యభవా! మహాభవా!",vruttamu,Chiravibhava,"[('గు', '|'), ('రు', '|'), ('వ', '|'), ('ర', '|'), ('భ', 'U'), ('క్తి', '|'), ('మీ', 'U'), ('ఱ', '|'), ('మి', '|'), ('ము', '|'), ('గొ', 'U'), ('ల్చి', '|'), ('న', '|'), ('వా', 'U'), ('డ', '|'), ('న', '|'), ('టం', 'U'), ('చు', '|'), ('ద', 'U'), ('ద్ద', '|'), ('యుం', 'U'), ('గ', '|'), ('రు', '|'), ('వ', '|'), ('ము', '|'), ('తో', 'U'), ('డ', '|'), ('నే', 'U'), ('ను', '|'), ('కృ', '|'), ('త', '|'), ('క', 'U'), ('ర్మ', '|'), ('ము', '|'), ('లె', 'U'), ('వ్వి', '|'), ('యు', '|'), ('జే', 'U'), ('య', '|'), ('నై', 'U'), ('తి', '|'), ('దు', 'U'), ('ర్భ', '|'), ('ర', '|'), ('దు', '|'), ('రి', '|'), ('తా', 'U'), ('త్ము', '|'), ('డం', 'U'), ('చు', '|'), ('ను', '|'), ('ది', '|'), ('ర', 'U'), ('స్కృ', '|'), ('తి', '|'), ('జే', 'U'), ('య', '|'), ('క', '|'), ('న', 'U'), ('న్ను', '|'), ('బ్రో', 'U'), ('వ', '|'), ('వే', 'U'), ('చి', '|'), ('ర', '|'), ('వి', '|'), ('భ', '|'), ('వా', 'U'), ('భ', '|'), ('వా', 'U'), ('వి', '|'), ('జి', '|'), ('త', '|'), ('చి', 'U'), ('త్త', '|'), ('భ', '|'), ('వా', 'U'), ('య', '|'), ('భ', '|'), ('వా', 'U'), ('మ', '|'), ('హా', 'U'), ('భ', '|'), ('వా', 'U')]",1.0,1.0,1.0,1.0,1.0,1.0
champakamaala,"ఒరిమెఁ గవీంద్రుఁ డేమెఱుఁగునో యని దర్శనమియ్యనోడి బ-
ల్దొరలును మూలనీగుదురు లోభమున న్నిను నే మఱేమియు-
న్వరములు వేడ నాకిపుడు వైళము దర్శనమియ్యరాగదే
చిరవిభవా! భవా! విజితచిత్తభవా! యభవా! మహాభవా!",vruttamu,Chiravibhava,"[('ఒ', '|'), ('రి', '|'), ('మె', '|'), ('గ', '|'), ('వీం', 'U'), ('ద్రు', '|'), ('డే', 'U'), ('మె', '|'), ('ఱు', '|'), ('గు', '|'), ('నో', 'U'), ('య', '|'), ('ని', '|'), ('ద', 'U'), ('ర్శ', '|'), ('న', '|'), ('మి', 'U'), ('య్య', '|'), ('నో', 'U'), ('డి', '|'), ('బ', 'U'), ('ల్దొ', '|'), ('ర', '|'), ('లు', '|'), ('ను', '|'), ('మూ', 'U'), ('ల', '|'), ('నీ', 'U'), ('గు', '|'), ('దు', '|'), ('రు', '|'), ('లో', 'U'), ('భ', '|'), ('ము', '|'), ('న', 'U'), ('న్ని', '|'), ('ను', '|'), ('నే', 'U'), ('మ', '|'), ('ఱే', 'U'), ('మి', '|'), ('యు', 'U'), ('న్వ', '|'), ('ర', '|'), ('ము', '|'), ('లు', '|'), ('వే', 'U'), ('డ', '|'), ('నా', 'U'), ('కి', '|'), ('పు', '|'), ('డు', '|'), ('వై', 'U'), ('ళ', '|'), ('ము', '|'), ('ద', 'U'), ('ర్శ', '|'), ('న', '|'), ('మి', 'U'), ('య్య', '|'), ('రా', 'U'), ('గ', '|'), ('దే', 'U'), ('చి', '|'), ('ర', '|'), ('వి', '|'), ('భ', '|'), ('వా', 'U'), ('భ', '|'), ('వా', 'U'), ('వి', '|'), ('జి', '|'), ('త', '|'), ('చి', 'U'), ('త్త', '|'), ('భ', '|'), ('వా', 'U'), ('య', '|'), ('భ', '|'), ('వా', 'U'), ('మ', '|'), ('హా', 'U'), ('భ', '|'), ('వా', 'U')]",0.95,1.0,1.0,1.0,0.75,1.0
champakamaala,"నర పశు పక్ష్మి వేఁట మృగ నాగ ఝషాదిక జంతుయోనుల-
న్బొరిఁబొరి నెన్నిమార్లు మును పుట్టితినో యెఱుఁగ న్మహాఘనుల్
హరు నినుఁ గొల్చు భాగ్య మిపుఁ డబ్బెనికే క్రియఁ బ్రోచెదో సుమీ
చిరవిభవా! భవా! విజితచిత్తభవా! యభవా! మహాభవా!",vruttamu,Chiravibhava,"[('న', '|'), ('ర', '|'), ('ప', '|'), ('శు', '|'), ('ప', 'U'), ('క్ష్మి', '|'), ('వే', 'U'), ('ట', '|'), ('మృ', '|'), ('గ', '|'), ('నా', 'U'), ('గ', '|'), ('ఝ', '|'), ('షా', 'U'), ('ది', '|'), ('క', '|'), ('జం', 'U'), ('తు', '|'), ('యో', 'U'), ('ను', '|'), ('ల', 'U'), ('న్బొ', '|'), ('రి', '|'), ('బొ', '|'), ('రి', '|'), ('నె', 'U'), ('న్ని', '|'), ('మా', 'U'), ('ర్లు', '|'), ('ము', '|'), ('ను', '|'), ('పు', 'U'), ('ట్టి', '|'), ('తి', '|'), ('నో', 'U'), ('యె', '|'), ('ఱు', '|'), ('గ', 'U'), ('న్మ', '|'), ('హా', 'U'), ('ఘ', '|'), ('నుల్', 'U'), ('హ', '|'), ('రు', '|'), ('ని', '|'), ('ను', '|'), ('గొ', 'U'), ('ల్చు', '|'), ('భా', 'U'), ('గ్య', '|'), ('మి', '|'), ('పు', '|'), ('డ', 'U'), ('బ్బె', '|'), ('ని', '|'), ('కే', 'U'), ('క్రి', '|'), ('య', '|'), ('బ్రో', 'U'), ('చె', '|'), ('దో', 'U'), ('సు', '|'), ('మీ', 'U'), ('చి', '|'), ('ర', '|'), ('వి', '|'), ('భ', '|'), ('వా', 'U'), ('భ', '|'), ('వా', 'U'), ('వి', '|'), ('జి', '|'), ('త', '|'), ('చి', 'U'), ('త్త', '|'), ('భ', '|'), ('వా', 'U'), ('య', '|'), ('భ', '|'), ('వా', 'U'), ('మ', '|'), ('హా', 'U'), ('భ', '|'), ('వా', 'U')]",0.95,1.0,1.0,1.0,0.75,1.0
champakamaala,"ఒరుల నుతింపఁజాలఁ గలుషౌఘమహాదహనాగ్నికీలయై
బరగుచుఁ గామితార్థము లపారముగా నిడు నీదు నామసం-
స్మరణ యహర్నిశంబును బ్రశస్తిగ నాకొనరించి బ్రోవవే
చిరవిభవా! భవా! విజితచిత్తభవా! యభవా! మహాభవా!",vruttamu,Chiravibhava,"[('ఒ', '|'), ('రు', '|'), ('ల', '|'), ('ను', '|'), ('తిం', 'U'), ('ప', '|'), ('జా', 'U'), ('ల', '|'), ('గ', '|'), ('లు', '|'), ('షౌ', 'U'), ('ఘ', '|'), ('మ', '|'), ('హా', 'U'), ('ద', '|'), ('హ', '|'), ('నా', 'U'), ('గ్ని', '|'), ('కీ', 'U'), ('ల', '|'), ('యై', 'U'), ('బ', '|'), ('ర', '|'), ('గు', '|'), ('చు', '|'), ('గా', 'U'), ('మి', '|'), ('తా', 'U'), ('ర్థ', '|'), ('ము', '|'), ('ల', '|'), ('పా', 'U'), ('ర', '|'), ('ము', '|'), ('గా', 'U'), ('ని', '|'), ('డు', '|'), ('నీ', 'U'), ('దు', '|'), ('నా', 'U'), ('మ', '|'), ('సం', 'U'), ('స్మ', '|'), ('ర', '|'), ('ణ', '|'), ('య', '|'), ('హ', 'U'), ('ర్ని', '|'), ('శం', 'U'), ('బు', '|'), ('ను', '|'), ('బ్ర', '|'), ('శ', 'U'), ('స్తి', '|'), ('గ', '|'), ('నా', 'U'), ('కొ', '|'), ('న', '|'), ('రిం', 'U'), ('చి', '|'), ('బ్రో', 'U'), ('వ', '|'), ('వే', 'U'), ('చి', '|'), ('ర', '|'), ('వి', '|'), ('భ', '|'), ('వా', 'U'), ('భ', '|'), ('వా', 'U'), ('వి', '|'), ('జి', '|'), ('త', '|'), ('చి', 'U'), ('త్త', '|'), ('భ', '|'), ('వా', 'U'), ('య', '|'), ('భ', '|'), ('వా', 'U'), ('మ', '|'), ('హా', 'U'), ('భ', '|'), ('వా', 'U')]",0.95,1.0,1.0,1.0,0.75,1.0
champakamaala,"కరిముఖ నందిభృంగిరిటికాశిసముద్భవ కాలభైరవా-
ద్యురు బలవన్మహాప్రమథయోధవరేణ్యులు గొల్వ ధారుణీ-
ధరసుతఁ గూడి నాకిపుడు తావక మోహనమూర్తిఁ జూపవే
చిరవిభవా! భవా! విజితచిత్తభవా! యభవా! మహాభవా!",vruttamu,Chiravibhava,"[('క', '|'), ('రి', '|'), ('ము', '|'), ('ఖ', '|'), ('నం', 'U'), ('ది', '|'), ('భృం', 'U'), ('గి', '|'), ('రి', '|'), ('టి', '|'), ('కా', 'U'), ('శి', '|'), ('స', '|'), ('ము', 'U'), ('ద్భ', '|'), ('వ', '|'), ('కా', 'U'), ('ల', '|'), ('భై', 'U'), ('ర', '|'), ('వా', 'U'), ('ద్యు', '|'), ('రు', '|'), ('బ', '|'), ('ల', '|'), ('వ', 'U'), ('న్మ', '|'), ('హా', 'U'), ('ప్ర', '|'), ('మ', '|'), ('థ', '|'), ('యో', 'U'), ('ధ', '|'), ('వ', '|'), ('రే', 'U'), ('ణ్యు', '|'), ('లు', '|'), ('గొ', 'U'), ('ల్వ', '|'), ('ధా', 'U'), ('రు', '|'), ('ణీ', 'U'), ('ధ', '|'), ('ర', '|'), ('సు', '|'), ('త', '|'), ('గూ', 'U'), ('డి', '|'), ('నా', 'U'), ('కి', '|'), ('పు', '|'), ('డు', '|'), ('తా', 'U'), ('వ', '|'), ('క', '|'), ('మో', 'U'), ('హ', '|'), ('న', '|'), ('మూ', 'U'), ('ర్తి', '|'), ('జూ', 'U'), ('ప', '|'), ('వే', 'U'), ('చి', '|'), ('ర', '|'), ('వి', '|'), ('భ', '|'), ('వా', 'U'), ('భ', '|'), ('వా', 'U'), ('వి', '|'), ('జి', '|'), ('త', '|'), ('చి', 'U'), ('త్త', '|'), ('భ', '|'), ('వా', 'U'), ('య', '|'), ('భ', '|'), ('వా', 'U'), ('మ', '|'), ('హా', 'U'), ('భ', '|'), ('వా', 'U')]",1.0,1.0,1.0,1.0,1.0,1.0
champakamaala,"సరభసలీల నొక్కనిమిషంబును నిన్భజియింపలేక బల్
దెరవుల దుర్విచారములఁ ద్రిమ్మరుచున్నది యెన్ని చెప్పిన-
న్మరలదు పాపజాతిమతి నాకిపు డంకెము గాదికెట్లయా
చిరవిభవా! భవా! విజితచిత్తభవా! యభవా! మహాభవా!",vruttamu,Chiravibhava,"[('స', '|'), ('ర', '|'), ('భ', '|'), ('స', '|'), ('లీ', 'U'), ('ల', '|'), ('నొ', 'U'), ('క్క', '|'), ('ని', '|'), ('మి', '|'), ('షం', 'U'), ('బు', '|'), ('ను', '|'), ('ని', 'U'), ('న్భ', '|'), ('జి', '|'), ('యిం', 'U'), ('ప', '|'), ('లే', 'U'), ('క', '|'), ('బల్', 'U'), ('దె', '|'), ('ర', '|'), ('వు', '|'), ('ల', '|'), ('దు', 'U'), ('ర్వి', '|'), ('చా', 'U'), ('ర', '|'), ('ము', '|'), ('ల', '|'), ('ద్రి', 'U'), ('మ్మ', '|'), ('రు', '|'), ('చు', 'U'), ('న్న', '|'), ('ది', '|'), ('యె', 'U'), ('న్ని', '|'), ('చె', 'U'), ('ప్పి', '|'), ('న', 'U'), ('న్మ', '|'), ('ర', '|'), ('ల', '|'), ('దు', '|'), ('పా', 'U'), ('ప', '|'), ('జా', 'U'), ('తి', '|'), ('మ', '|'), ('తి', '|'), ('నా', 'U'), ('కి', '|'), ('పు', '|'), ('డం', 'U'), ('కె', '|'), ('ము', '|'), ('గా', 'U'), ('ది', '|'), ('కె', 'U'), ('ట్ల', '|'), ('యా', 'U'), ('చి', '|'), ('ర', '|'), ('వి', '|'), ('భ', '|'), ('వా', 'U'), ('భ', '|'), ('వా', 'U'), ('వి', '|'), ('జి', '|'), ('త', '|'), ('చి', 'U'), ('త్త', '|'), ('భ', '|'), ('వా', 'U'), ('య', '|'), ('భ', '|'), ('వా', 'U'), ('మ', '|'), ('హా', 'U'), ('భ', '|'), ('వా', 'U')]",1.0,1.0,1.0,1.0,1.0,1.0
champakamaala,"అరయఁగ నే నహర్నిశము నాఁడెడు వాక్యములెల్లఁ దావక
స్ఫురణగఁ జిత్తగించి కలుషప్రకరంబులఁ బారఁదోలి నీ
చరణసరోజభక్తి కొనసాగఁగఁజేపీ సముద్ధరింపవే
చిరవిభవా! భవా! విజితచిత్తభవా! యభవా! మహాభవా!",vruttamu,Chiravibhava,"[('అ', '|'), ('ర', '|'), ('య', '|'), ('గ', '|'), ('నే', 'U'), ('న', '|'), ('హ', 'U'), ('ర్ని', '|'), ('శ', '|'), ('ము', '|'), ('నా', 'U'), ('డె', '|'), ('డు', '|'), ('వా', 'U'), ('క్య', '|'), ('ము', '|'), ('లె', 'U'), ('ల్ల', '|'), ('దా', 'U'), ('వ', '|'), ('క', 'U'), ('స్ఫు', '|'), ('ర', '|'), ('ణ', '|'), ('గ', '|'), ('జి', 'U'), ('త్త', '|'), ('గిం', 'U'), ('చి', '|'), ('క', '|'), ('లు', '|'), ('ష', '|'), ('ప్ర', '|'), ('క', '|'), ('రం', 'U'), ('బు', '|'), ('ల', '|'), ('బా', 'U'), ('ర', '|'), ('దో', 'U'), ('లి', '|'), ('నీ', 'U'), ('చ', '|'), ('ర', '|'), ('ణ', '|'), ('స', '|'), ('రో', 'U'), ('జ', '|'), ('భ', 'U'), ('క్తి', '|'), ('కొ', '|'), ('న', '|'), ('సా', 'U'), ('గ', '|'), ('గ', '|'), ('జే', 'U'), ('పీ', 'U'), ('స', '|'), ('ము', 'U'), ('ద్ధ', '|'), ('రిం', 'U'), ('ప', '|'), ('వే', 'U'), ('చి', '|'), ('ర', '|'), ('వి', '|'), ('భ', '|'), ('వా', 'U'), ('భ', '|'), ('వా', 'U'), ('వి', '|'), ('జి', '|'), ('త', '|'), ('చి', 'U'), ('త్త', '|'), ('భ', '|'), ('వా', 'U'), ('య', '|'), ('భ', '|'), ('వా', 'U'), ('మ', '|'), ('హా', 'U'), ('భ', '|'), ('వా', 'U')]",0.8857142857142858,1.0,1.0,0.9285714285714286,0.5,1.0
champakamaala,"ఇరవగు భక్తితోడ జనుఁ డీశతకంబుఁ బఠించిన న్సమా-
దరమున వ్రాసిన న్వినినఁ దప్పవుగా వివిధేష్టభోగముల్
ధర భుజియించి యా తుదిని తావక దివ్యపదంబుఁ జేరుఁబో
చిరవిభవా! భవా! విజితచిత్తభవా! యభవా! మహాభవా!",vruttamu,Chiravibhava,"[('ఇ', '|'), ('ర', '|'), ('వ', '|'), ('గు', '|'), ('భ', 'U'), ('క్తి', '|'), ('తో', 'U'), ('డ', '|'), ('జ', '|'), ('ను', '|'), ('డీ', 'U'), ('శ', '|'), ('త', '|'), ('కం', 'U'), ('బు', '|'), ('బ', '|'), ('ఠిం', 'U'), ('చి', '|'), ('న', 'U'), ('న్స', '|'), ('మా', 'U'), ('ద', '|'), ('ర', '|'), ('ము', '|'), ('న', '|'), ('వ్రా', 'U'), ('సి', '|'), ('న', 'U'), ('న్వి', '|'), ('ని', '|'), ('న', '|'), ('ద', 'U'), ('ప్ప', '|'), ('వు', '|'), ('గా', 'U'), ('వి', '|'), ('వి', '|'), ('ధే', 'U'), ('ష్ట', '|'), ('భో', 'U'), ('గ', '|'), ('ముల్', 'U'), ('ధ', '|'), ('ర', '|'), ('భు', '|'), ('జి', '|'), ('యిం', 'U'), ('చి', '|'), ('యా', 'U'), ('తు', '|'), ('ది', '|'), ('ని', '|'), ('తా', 'U'), ('వ', '|'), ('క', '|'), ('ది', 'U'), ('వ్య', '|'), ('ప', '|'), ('దం', 'U'), ('బు', '|'), ('జే', 'U'), ('రు', '|'), ('బో', 'U'), ('చి', '|'), ('ర', '|'), ('వి', '|'), ('భ', '|'), ('వా', 'U'), ('భ', '|'), ('వా', 'U'), ('వి', '|'), ('జి', '|'), ('త', '|'), ('చి', 'U'), ('త్త', '|'), ('భ', '|'), ('వా', 'U'), ('య', '|'), ('భ', '|'), ('వా', 'U'), ('మ', '|'), ('హా', 'U'), ('భ', '|'), ('వా', 'U')]",0.95,1.0,1.0,1.0,0.75,1.0
vutpalamaala,"శ్రీరఘురామ చారుతులసీదళదామ శమక్షమాది శృం
గారగుణాభిరామ త్రిజగన్నుతశౌర్యరమాలలామ దు
ర్వార కబంధరాక్షసవిరామ జగజ్జనకల్మషార్ణవో
త్తారకనామ భద్రగిరి దాశరథీ! కరుణాపయోనిధీ!",vruttamu,Daasarathi,"[('శ్రీ', 'U'), ('ర', '|'), ('ఘు', '|'), ('రా', 'U'), ('మ', '|'), ('చా', 'U'), ('రు', '|'), ('తు', '|'), ('ల', '|'), ('సీ', 'U'), ('ద', '|'), ('ళ', '|'), ('దా', 'U'), ('మ', '|'), ('శ', '|'), ('మ', 'U'), ('క్ష', '|'), ('మా', 'U'), ('ది', '|'), ('శృం', 'U'), ('గా', 'U'), ('ర', '|'), ('గు', '|'), ('ణా', 'U'), ('భి', '|'), ('రా', 'U'), ('మ', '|'), ('త్రి', '|'), ('జ', '|'), ('గ', 'U'), ('న్ను', '|'), ('త', '|'), ('శౌ', 'U'), ('ర్య', '|'), ('ర', '|'), ('మా', 'U'), ('ల', '|'), ('లా', 'U'), ('మ', '|'), ('దు', 'U'), ('ర్వా', 'U'), ('ర', '|'), ('క', '|'), ('బం', 'U'), ('ధ', '|'), ('రా', 'U'), ('క్ష', '|'), ('స', '|'), ('వి', '|'), ('రా', 'U'), ('మ', '|'), ('జ', '|'), ('గ', 'U'), ('జ్జ', '|'), ('న', '|'), ('క', 'U'), ('ల్మ', '|'), ('షా', 'U'), ('ర్ణ', '|'), ('వో', 'U'), ('త్తా', 'U'), ('ర', '|'), ('క', '|'), ('నా', 'U'), ('మ', '|'), ('భ', '|'), ('ద్ర', '|'), ('గి', '|'), ('రి', '|'), ('దా', 'U'), ('శ', '|'), ('ర', '|'), ('థీ', 'U'), ('క', '|'), ('రు', '|'), ('ణా', 'U'), ('ప', '|'), ('యో', 'U'), ('ని', '|'), ('ధీ', 'U')]",0.9928571428571429,1.0,1.0,0.9642857142857143,1.0,1.0
vutpalamaala,"రామ విశాలవిక్రమ పరాజిత భార్గవరామ సద్గుణ
స్తోమ పరాంగనావిముఖ సువ్రతకామ వినీల నీరద
శ్యామ కకుత్స్థవంశకలశాంబుధి సోమ సురారిదోర్బలో
ద్దామవిరామ భద్రగిరి దాశరథీ! కరుణాపయోనిధీ!",vruttamu,Daasarathi,"[('రా', 'U'), ('మ', '|'), ('వి', '|'), ('శా', 'U'), ('ల', '|'), ('వి', '|'), ('క్ర', '|'), ('మ', '|'), ('ప', '|'), ('రా', 'U'), ('జి', '|'), ('త', '|'), ('భా', 'U'), ('ర్గ', '|'), ('వ', '|'), ('రా', 'U'), ('మ', '|'), ('స', 'U'), ('ద్గు', '|'), ('ణ', 'U'), ('స్తో', 'U'), ('మ', '|'), ('ప', '|'), ('రాం', 'U'), ('గ', '|'), ('నా', 'U'), ('వి', '|'), ('ము', '|'), ('ఖ', '|'), ('సు', '|'), ('వ్ర', '|'), ('త', '|'), ('కా', 'U'), ('మ', '|'), ('వి', '|'), ('నీ', 'U'), ('ల', '|'), ('నీ', 'U'), ('ర', '|'), ('ద', 'U'), ('శ్యా', 'U'), ('మ', '|'), ('క', '|'), ('కు', 'U'), ('త్స్థ', '|'), ('వం', 'U'), ('శ', '|'), ('క', '|'), ('ల', '|'), ('శాం', 'U'), ('బు', '|'), ('ధి', '|'), ('సో', 'U'), ('మ', '|'), ('సు', '|'), ('రా', 'U'), ('రి', '|'), ('దో', 'U'), ('ర్బ', '|'), ('లో', 'U'), ('ద్దా', 'U'), ('మ', '|'), ('వి', '|'), ('రా', 'U'), ('మ', '|'), ('భ', '|'), ('ద్ర', '|'), ('గి', '|'), ('రి', '|'), ('దా', 'U'), ('శ', '|'), ('ర', '|'), ('థీ', 'U'), ('క', '|'), ('రు', '|'), ('ణా', 'U'), ('ప', '|'), ('యో', 'U'), ('ని', '|'), ('ధీ', 'U')]",0.9785714285714284,1.0,1.0,0.8928571428571429,1.0,1.0
champakamaala,"అగణితసత్యభాష శరణాగతపోష దయాలసజ్ఝరీ
విగతసమస్తదోష పృథివీసురతోష త్రిలోకపూతకృ
ద్గగనధునీమరంద పదకంజవిశేష మణిప్రభా ధగ
ద్ధగితవిభూష భద్రగిరి దాశరథీ! కరుణాపయోనిధీ!",vruttamu,Daasarathi,"[('అ', '|'), ('గ', '|'), ('ణి', '|'), ('త', '|'), ('స', 'U'), ('త్య', '|'), ('భా', 'U'), ('ష', '|'), ('శ', '|'), ('ర', '|'), ('ణా', 'U'), ('గ', '|'), ('త', '|'), ('పో', 'U'), ('ష', '|'), ('ద', '|'), ('యా', 'U'), ('ల', '|'), ('స', 'U'), ('జ్ఝ', '|'), ('రీ', 'U'), ('వి', '|'), ('గ', '|'), ('త', '|'), ('స', '|'), ('మ', 'U'), ('స్త', '|'), ('దో', 'U'), ('ష', '|'), ('పృ', '|'), ('థి', '|'), ('వీ', 'U'), ('సు', '|'), ('ర', '|'), ('తో', 'U'), ('ష', '|'), ('త్రి', '|'), ('లో', 'U'), ('క', '|'), ('పూ', 'U'), ('త', '|'), ('కృ', 'U'), ('ద్గ', '|'), ('గ', '|'), ('న', '|'), ('ధు', '|'), ('నీ', 'U'), ('మ', '|'), ('రం', 'U'), ('ద', '|'), ('ప', '|'), ('ద', '|'), ('కం', 'U'), ('జ', '|'), ('వి', '|'), ('శే', 'U'), ('ష', '|'), ('మ', '|'), ('ణి', '|'), ('ప్ర', '|'), ('భా', 'U'), ('ధ', '|'), ('గ', 'U'), ('ద్ధ', '|'), ('గి', '|'), ('త', '|'), ('వి', '|'), ('భూ', 'U'), ('ష', '|'), ('భ', '|'), ('ద్ర', '|'), ('గి', '|'), ('రి', '|'), ('దా', 'U'), ('శ', '|'), ('ర', '|'), ('థీ', 'U'), ('క', '|'), ('రు', '|'), ('ణా', 'U'), ('ప', '|'), ('యో', 'U'), ('ని', '|'), ('ధీ', 'U')]",0.9357142857142857,1.0,1.0,0.9285714285714286,0.75,1.0
vutpalamaala,"రంగదరాతిభంగ ఖగరాజతురంగ విపత్పరంపరో
త్తుంగ తమఃపతంగ పరితోషితరంగ దయాంతరంగ స
త్సంగ ధరాత్మజాహృదయసారసభృంగ నిశాచరాబ్జమా
తంగ శుభాంగ భద్రగిరి దాశరథీ! కరుణాపయోనిధీ!",vruttamu,Daasarathi,"[('రం', 'U'), ('గ', '|'), ('ద', '|'), ('రా', 'U'), ('తి', '|'), ('భం', 'U'), ('గ', '|'), ('ఖ', '|'), ('గ', '|'), ('రా', 'U'), ('జ', '|'), ('తు', '|'), ('రం', 'U'), ('గ', '|'), ('వి', '|'), ('ప', 'U'), ('త్ప', '|'), ('రం', 'U'), ('ప', '|'), ('రో', 'U'), ('త్తుం', 'U'), ('గ', '|'), ('త', '|'), ('మః', 'U'), ('ప', '|'), ('తం', 'U'), ('గ', '|'), ('ప', '|'), ('రి', '|'), ('తో', 'U'), ('షి', '|'), ('త', '|'), ('రం', 'U'), ('గ', '|'), ('ద', '|'), ('యాం', 'U'), ('త', '|'), ('రం', 'U'), ('గ', '|'), ('స', 'U'), ('త్సం', 'U'), ('గ', '|'), ('ధ', '|'), ('రా', 'U'), ('త్మ', '|'), ('జా', 'U'), ('హృ', '|'), ('ద', '|'), ('య', '|'), ('సా', 'U'), ('ర', '|'), ('స', '|'), ('భృం', 'U'), ('గ', '|'), ('ని', '|'), ('శా', 'U'), ('చ', '|'), ('రా', 'U'), ('బ్జ', '|'), ('మా', 'U'), ('తం', 'U'), ('గ', '|'), ('శు', '|'), ('భాం', 'U'), ('గ', '|'), ('భ', '|'), ('ద్ర', '|'), ('గి', '|'), ('రి', '|'), ('దా', 'U'), ('శ', '|'), ('ర', '|'), ('థీ', 'U'), ('క', '|'), ('రు', '|'), ('ణా', 'U'), ('ప', '|'), ('యో', 'U'), ('ని', '|'), ('ధీ', 'U')]",0.9928571428571429,1.0,1.0,0.9642857142857143,1.0,1.0
vutpalamaala,"శ్రీద సనందనాది మునిసేవితపాద దిగంతకీర్తిసం
పాద సమస్తభూతపరిపాలవినోద విషాదవల్లికా
చ్ఛేద ధరాధినాథకుల సింధుసుధామయపాద నృత్తగీ
తాది వినోద భద్రగిరి దాశరథీ! కరుణాపయోనిధీ!",vruttamu,Daasarathi,"[('శ్రీ', 'U'), ('ద', '|'), ('స', '|'), ('నం', 'U'), ('ద', '|'), ('నా', 'U'), ('ది', '|'), ('ము', '|'), ('ని', '|'), ('సే', 'U'), ('వి', '|'), ('త', '|'), ('పా', 'U'), ('ద', '|'), ('ది', '|'), ('గం', 'U'), ('త', '|'), ('కీ', 'U'), ('ర్తి', '|'), ('సం', 'U'), ('పా', 'U'), ('ద', '|'), ('స', '|'), ('మ', 'U'), ('స్త', '|'), ('భూ', 'U'), ('త', '|'), ('ప', '|'), ('రి', '|'), ('పా', 'U'), ('ల', '|'), ('వి', '|'), ('నో', 'U'), ('ద', '|'), ('వి', '|'), ('షా', 'U'), ('ద', '|'), ('వ', 'U'), ('ల్లి', '|'), ('కా', 'U'), ('చ్ఛే', 'U'), ('ద', '|'), ('ధ', '|'), ('రా', 'U'), ('ధి', '|'), ('నా', 'U'), ('థ', '|'), ('కు', '|'), ('ల', '|'), ('సిం', 'U'), ('ధు', '|'), ('సు', '|'), ('ధా', 'U'), ('మ', '|'), ('య', '|'), ('పా', 'U'), ('ద', '|'), ('నృ', 'U'), ('త్త', '|'), ('గీ', 'U'), ('తా', 'U'), ('ది', '|'), ('వి', '|'), ('నో', 'U'), ('ద', '|'), ('భ', '|'), ('ద్ర', '|'), ('గి', '|'), ('రి', '|'), ('దా', 'U'), ('శ', '|'), ('ర', '|'), ('థీ', 'U'), ('క', '|'), ('రు', '|'), ('ణా', 'U'), ('ప', '|'), ('యో', 'U'), ('ని', '|'), ('ధీ', 'U')]",0.9928571428571429,1.0,1.0,0.9642857142857143,1.0,1.0
vutpalamaala,"ఆర్యులకెల్ల మ్రొక్కి వినతాంగుఁడనై రఘునాథభట్టరా
చార్యుల కంజలెత్తి కవిసత్తములన్‌ వినుతించి కార్యసౌ
కర్యమెలర్పనొక్క శతకంబొనఁగూర్చి రచింతునేఁడు తా
త్పర్యమునన్‌ గ్రహింపుమిది దాశరథీ! కరుణాపయోనిధీ!",vruttamu,Daasarathi,"[('ఆ', 'U'), ('ర్యు', '|'), ('ల', '|'), ('కె', 'U'), ('ల్ల', '|'), ('మ్రొ', 'U'), ('క్కి', '|'), ('వి', '|'), ('న', '|'), ('తాం', 'U'), ('గు', '|'), ('డ', '|'), ('నై', 'U'), ('ర', '|'), ('ఘు', '|'), ('నా', 'U'), ('థ', '|'), ('భ', 'U'), ('ట్ట', '|'), ('రా', 'U'), ('చా', 'U'), ('ర్యు', '|'), ('ల', '|'), ('కం', 'U'), ('జ', '|'), ('లె', 'U'), ('త్తి', '|'), ('క', '|'), ('వి', '|'), ('స', 'U'), ('త్త', '|'), ('ము', '|'), ('ల', 'U'), ('న్వి', '|'), ('ను', '|'), ('తిం', 'U'), ('చి', '|'), ('కా', 'U'), ('ర్య', '|'), ('సౌ', 'U'), ('క', 'U'), ('ర్య', '|'), ('మె', '|'), ('ల', 'U'), ('ర్ప', '|'), ('నొ', 'U'), ('క్క', '|'), ('శ', '|'), ('త', '|'), ('కం', 'U'), ('బొ', '|'), ('న', '|'), ('గూ', 'U'), ('ర్చి', '|'), ('ర', '|'), ('చిం', 'U'), ('తు', '|'), ('నే', 'U'), ('డు', '|'), ('తా', 'U'), ('త్ప', 'U'), ('ర్య', '|'), ('ము', '|'), ('న', 'U'), ('న్గ్ర', '|'), ('హిం', 'U'), ('పు', '|'), ('మి', '|'), ('ది', '|'), ('దా', 'U'), ('శ', '|'), ('ర', '|'), ('థీ', 'U'), ('క', '|'), ('రు', '|'), ('ణా', 'U'), ('ప', '|'), ('యో', 'U'), ('ని', '|'), ('ధీ', 'U')]",0.95,1.0,1.0,1.0,0.75,1.0
champakamaala,"మసకొని రేఁగుబండ్లకును మౌక్తికముల్‌ వెలబోసినట్లు దు
ర్వ్యసనముజెంది కావ్యము దురాత్ములకిచ్చితి మోసమయ్యె నా
రసనకుఁ బూతవృత్తిసుకరంబుగఁ జేకురునట్లు వాక్సుధా
రసములు చిల్కఁ బద్యముఖరంగమునందు నటింపవయ్య సం
తసమును జెంది భద్రగిరి దాశరథీ! కరుణాపయోనిధీ!",vruttamu,Daasarathi,"[('మ', '|'), ('స', '|'), ('కొ', '|'), ('ని', '|'), ('రే', 'U'), ('గు', '|'), ('బం', 'U'), ('డ్ల', '|'), ('కు', '|'), ('ను', '|'), ('మౌ', 'U'), ('క్తి', '|'), ('క', '|'), ('ము', 'U'), ('ల్వె', '|'), ('ల', '|'), ('బో', 'U'), ('సి', '|'), ('న', 'U'), ('ట్లు', '|'), ('దు', 'U'), ('ర్వ్య', '|'), ('స', '|'), ('న', '|'), ('ము', '|'), ('జెం', 'U'), ('ది', '|'), ('కా', 'U'), ('వ్య', '|'), ('ము', '|'), ('దు', '|'), ('రా', 'U'), ('త్ము', '|'), ('ల', '|'), ('కి', 'U'), ('చ్చి', '|'), ('తి', '|'), ('మో', 'U'), ('స', '|'), ('మ', 'U'), ('య్యె', '|'), ('నా', 'U'), ('ర', '|'), ('స', '|'), ('న', '|'), ('కు', '|'), ('బూ', 'U'), ('త', '|'), ('వృ', 'U'), ('త్తి', '|'), ('సు', '|'), ('క', '|'), ('రం', 'U'), ('బు', '|'), ('గ', '|'), ('జే', 'U'), ('కు', '|'), ('రు', '|'), ('న', 'U'), ('ట్లు', '|'), ('వా', 'U'), ('క్సు', '|'), ('ధా', 'U'), ('ర', '|'), ('స', '|'), ('ము', '|'), ('లు', '|'), ('చి', 'U'), ('ల్క', '|'), ('బ', 'U'), ('ద్య', '|'), ('ము', '|'), ('ఖ', '|'), ('రం', 'U'), ('గ', '|'), ('ము', '|'), ('నం', 'U'), ('దు', '|'), ('న', '|'), ('టిం', 'U'), ('ప', '|'), ('వ', 'U'), ('య్య', '|'), ('సం', 'U'), ('త', '|'), ('స', '|'), ('ము', '|'), ('ను', '|'), ('జెం', 'U'), ('ది', '|'), ('భ', '|'), ('ద్ర', '|'), ('గి', '|'), ('రి', '|'), ('దా', 'U'), ('శ', '|'), ('ర', '|'), ('థీ', 'U'), ('క', '|'), ('రు', '|'), ('ణా', 'U'), ('ప', '|'), ('యో', 'U'), ('ని', '|'), ('ధీ', 'U')]",0.95,0.75,1.0,1.0,1.0,1.0
vutpalamaala,"శ్రీరమణీయహార యతసీకుసుమాభశరీర భక్తమం
దార వికారదూర పరతత్త్వవిహార త్రిలోకచేతనో
ద్ధార దురంతపాతకవితానవిదూర ఖరాదిదైత్యకాం
తార కుఠార భద్రగిరి దాశరథీ! కరుణాపయోనిధీ!",vruttamu,Daasarathi,"[('శ్రీ', 'U'), ('ర', '|'), ('మ', '|'), ('ణీ', 'U'), ('య', '|'), ('హా', 'U'), ('ర', '|'), ('య', '|'), ('త', '|'), ('సీ', 'U'), ('కు', '|'), ('సు', '|'), ('మా', 'U'), ('భ', '|'), ('శ', '|'), ('రీ', 'U'), ('ర', '|'), ('భ', 'U'), ('క్త', '|'), ('మం', 'U'), ('దా', 'U'), ('ర', '|'), ('వి', '|'), ('కా', 'U'), ('ర', '|'), ('దూ', 'U'), ('ర', '|'), ('ప', '|'), ('ర', '|'), ('త', 'U'), ('త్త్వ', '|'), ('వి', '|'), ('హా', 'U'), ('ర', '|'), ('త్రి', '|'), ('లో', 'U'), ('క', '|'), ('చే', 'U'), ('త', '|'), ('నో', 'U'), ('ద్ధా', 'U'), ('ర', '|'), ('దు', '|'), ('రం', 'U'), ('త', '|'), ('పా', 'U'), ('త', '|'), ('క', '|'), ('వి', '|'), ('తా', 'U'), ('న', '|'), ('వి', '|'), ('దూ', 'U'), ('ర', '|'), ('ఖ', '|'), ('రా', 'U'), ('ది', '|'), ('దై', 'U'), ('త్య', '|'), ('కాం', 'U'), ('తా', 'U'), ('ర', '|'), ('కు', '|'), ('ఠా', 'U'), ('ర', '|'), ('భ', '|'), ('ద్ర', '|'), ('గి', '|'), ('రి', '|'), ('దా', 'U'), ('శ', '|'), ('ర', '|'), ('థీ', 'U'), ('క', '|'), ('రు', '|'), ('ణా', 'U'), ('ప', '|'), ('యో', 'U'), ('ని', '|'), ('ధీ', 'U')]",0.9928571428571429,1.0,1.0,0.9642857142857143,1.0,1.0
champakamaala,"దురితలతాలవిత్ర ఖరదూషణకాననవీతిహోత్ర భూ
భరణకళావిచిత్ర భవబంధవిమోచనసూత్ర చారువి
స్ఫురదరవిందనేత్ర ఘనపుణ్యచరిత్ర వినీలభూరికం
ధరసమగాత్ర భద్రగిరి దాశరథీ! కరుణాపయోనిధీ!",vruttamu,Daasarathi,"[('దు', '|'), ('రి', '|'), ('త', '|'), ('ల', '|'), ('తా', 'U'), ('ల', '|'), ('వి', '|'), ('త్ర', '|'), ('ఖ', '|'), ('ర', '|'), ('దూ', 'U'), ('ష', '|'), ('ణ', '|'), ('కా', 'U'), ('న', '|'), ('న', '|'), ('వీ', 'U'), ('తి', '|'), ('హో', 'U'), ('త్ర', '|'), ('భూ', 'U'), ('భ', '|'), ('ర', '|'), ('ణ', '|'), ('క', '|'), ('ళా', 'U'), ('వి', '|'), ('చి', '|'), ('త్ర', '|'), ('భ', '|'), ('వ', '|'), ('బం', 'U'), ('ధ', '|'), ('వి', '|'), ('మో', 'U'), ('చ', '|'), ('న', '|'), ('సూ', 'U'), ('త్ర', '|'), ('చా', 'U'), ('రు', '|'), ('వి', 'U'), ('స్ఫు', '|'), ('ర', '|'), ('ద', '|'), ('ర', '|'), ('విం', 'U'), ('ద', '|'), ('నే', 'U'), ('త్ర', '|'), ('ఘ', '|'), ('న', '|'), ('పు', 'U'), ('ణ్య', '|'), ('చ', '|'), ('రి', '|'), ('త్ర', '|'), ('వి', '|'), ('నీ', 'U'), ('ల', '|'), ('భూ', 'U'), ('రి', '|'), ('కం', 'U'), ('ధ', '|'), ('ర', '|'), ('స', '|'), ('మ', '|'), ('గా', 'U'), ('త్ర', '|'), ('భ', '|'), ('ద్ర', '|'), ('గి', '|'), ('రి', '|'), ('దా', 'U'), ('శ', '|'), ('ర', '|'), ('థీ', 'U'), ('క', '|'), ('రు', '|'), ('ణా', 'U'), ('ప', '|'), ('యో', 'U'), ('ని', '|'), ('ధీ', 'U')]",0.9714285714285715,1.0,1.0,0.8571428571428571,1.0,1.0
champakamaala,"కనకవిశాలచేల భవకాననశాతకుఠారధార స
జ్జనపరిపాలశీల దివిజస్తుతసద్గుణకాండ కాండసం
జనిత పరాక్రమ క్రమవిశారద శారద కందకుంద చం
దనఘనసార సారయశ దాశరథీ! కరుణాపయోనిధీ!",vruttamu,Daasarathi,"[('క', '|'), ('న', '|'), ('క', '|'), ('వి', '|'), ('శా', 'U'), ('ల', '|'), ('చే', 'U'), ('ల', '|'), ('భ', '|'), ('వ', '|'), ('కా', 'U'), ('న', '|'), ('న', '|'), ('శా', 'U'), ('త', '|'), ('కు', '|'), ('ఠా', 'U'), ('ర', '|'), ('ధా', 'U'), ('ర', '|'), ('స', 'U'), ('జ్జ', '|'), ('న', '|'), ('ప', '|'), ('రి', '|'), ('పా', 'U'), ('ల', '|'), ('శీ', 'U'), ('ల', '|'), ('ది', '|'), ('వి', '|'), ('జ', 'U'), ('స్తు', '|'), ('త', '|'), ('స', 'U'), ('ద్గు', '|'), ('ణ', '|'), ('కాం', 'U'), ('డ', '|'), ('కాం', 'U'), ('డ', '|'), ('సం', 'U'), ('జ', '|'), ('ని', '|'), ('త', '|'), ('ప', '|'), ('రా', 'U'), ('క్ర', '|'), ('మ', '|'), ('క్ర', '|'), ('మ', '|'), ('వి', '|'), ('శా', 'U'), ('ర', '|'), ('ద', '|'), ('శా', 'U'), ('ర', '|'), ('ద', '|'), ('కం', 'U'), ('ద', '|'), ('కుం', 'U'), ('ద', '|'), ('చం', 'U'), ('ద', '|'), ('న', '|'), ('ఘ', '|'), ('న', '|'), ('సా', 'U'), ('ర', '|'), ('సా', 'U'), ('ర', '|'), ('య', '|'), ('శ', '|'), ('దా', 'U'), ('శ', '|'), ('ర', '|'), ('థీ', 'U'), ('క', '|'), ('రు', '|'), ('ణా', 'U'), ('ప', '|'), ('యో', 'U'), ('ని', '|'), ('ధీ', 'U')]",0.9928571428571429,1.0,1.0,0.9642857142857143,1.0,1.0
vutpalamaala,"శ్రీరఘువంశ తోయధికి శీతమయూఖుఁడవైన నీ పవి
త్రోరుపదాబ్జముల్‌ వికసితోత్పల చంపకవృత్తమాధురీ
పూరితవాక్ప్రసూనములఁ బూజలొనర్చెద జిత్తగింపుమీ
తారకనామ భద్రగిరి దాశరథీ! కరుణాపయోనిధీ!",vruttamu,Daasarathi,"[('శ్రీ', 'U'), ('ర', '|'), ('ఘు', '|'), ('వం', 'U'), ('శ', '|'), ('తో', 'U'), ('య', '|'), ('ధి', '|'), ('కి', '|'), ('శీ', 'U'), ('త', '|'), ('మ', '|'), ('యూ', 'U'), ('ఖు', '|'), ('డ', '|'), ('వై', 'U'), ('న', '|'), ('నీ', 'U'), ('ప', '|'), ('వి', '|'), ('త్రో', 'U'), ('రు', '|'), ('ప', '|'), ('దా', 'U'), ('బ్జ', '|'), ('ము', 'U'), ('ల్వి', '|'), ('క', '|'), ('సి', '|'), ('తో', 'U'), ('త్ప', '|'), ('ల', '|'), ('చం', 'U'), ('ప', '|'), ('క', '|'), ('వృ', 'U'), ('త్త', '|'), ('మా', 'U'), ('ధు', '|'), ('రీ', 'U'), ('పూ', 'U'), ('రి', '|'), ('త', '|'), ('వా', 'U'), ('క్ప్ర', '|'), ('సూ', 'U'), ('న', '|'), ('ము', '|'), ('ల', '|'), ('బూ', 'U'), ('జ', '|'), ('లొ', '|'), ('న', 'U'), ('ర్చె', '|'), ('ద', '|'), ('జి', 'U'), ('త్త', '|'), ('గిం', 'U'), ('పు', '|'), ('మీ', 'U'), ('తా', 'U'), ('ర', '|'), ('క', '|'), ('నా', 'U'), ('మ', '|'), ('భ', '|'), ('ద్ర', '|'), ('గి', '|'), ('రి', '|'), ('దా', 'U'), ('శ', '|'), ('ర', '|'), ('థీ', 'U'), ('క', '|'), ('రు', '|'), ('ణా', 'U'), ('ప', '|'), ('యో', 'U'), ('ని', '|'), ('ధీ', 'U')]",0.9857142857142858,1.0,1.0,0.9285714285714286,1.0,1.0
champakamaala,"గురుతరమైన కావ్యరస గుంభనకబ్బురమంది ముష్కరుల్‌
సరసులమాడ్కి సంతసిల జాలుదురోటు శశాంకచంద్రికాం
కురముల కిందుకాంతమణికోటి స్రవించినభంగి వింధ్యభూ
ధరమున జాఱునే శిలలు దాశరథీ! కరుణాపయోనిధీ!",vruttamu,Daasarathi,"[('గు', '|'), ('రు', '|'), ('త', '|'), ('ర', '|'), ('మై', 'U'), ('న', '|'), ('కా', 'U'), ('వ్య', '|'), ('ర', '|'), ('స', '|'), ('గుం', 'U'), ('భ', '|'), ('న', '|'), ('క', 'U'), ('బ్బు', '|'), ('ర', '|'), ('మం', 'U'), ('ది', '|'), ('ము', 'U'), ('ష్క', '|'), ('రుల్', 'U'), ('స', '|'), ('ర', '|'), ('సు', '|'), ('ల', '|'), ('మా', 'U'), ('డ్కి', '|'), ('సం', 'U'), ('త', '|'), ('సి', '|'), ('ల', '|'), ('జా', 'U'), ('లు', '|'), ('దు', '|'), ('రో', 'U'), ('టు', '|'), ('శ', '|'), ('శాం', 'U'), ('క', '|'), ('చం', 'U'), ('ద్రి', '|'), ('కాం', 'U'), ('కు', '|'), ('ర', '|'), ('ము', '|'), ('ల', '|'), ('కిం', 'U'), ('దు', '|'), ('కాం', 'U'), ('త', '|'), ('మ', '|'), ('ణి', '|'), ('కో', 'U'), ('టి', '|'), ('స్ర', '|'), ('విం', 'U'), ('చి', '|'), ('న', '|'), ('భం', 'U'), ('గి', '|'), ('విం', 'U'), ('ధ్య', '|'), ('భూ', 'U'), ('ధ', '|'), ('ర', '|'), ('ము', '|'), ('న', '|'), ('జా', 'U'), ('ఱు', '|'), ('నే', 'U'), ('శి', '|'), ('ల', '|'), ('లు', '|'), ('దా', 'U'), ('శ', '|'), ('ర', '|'), ('థీ', 'U'), ('క', '|'), ('రు', '|'), ('ణా', 'U'), ('ప', '|'), ('యో', 'U'), ('ని', '|'), ('ధీ', 'U')]",1.0,1.0,1.0,1.0,1.0,1.0
champakamaala,"తరణికులేశ నానుడులఁ దప్పులు గల్గిన నీదునామ స
ద్విరచితమైన కావ్యము పవిత్రముగాదె వియన్నదీజలం
బరుగుచువంకయైన మలినాకృతిఁబాఱినఁ దన్మహత్త్వముం
దరమె గణింపనెవ్వరికి దాశరథీ! కరుణాపయోనిధీ!",vruttamu,Daasarathi,"[('త', '|'), ('ర', '|'), ('ణి', '|'), ('కు', '|'), ('లే', 'U'), ('శ', '|'), ('నా', 'U'), ('ను', '|'), ('డు', '|'), ('ల', '|'), ('ద', 'U'), ('ప్పు', '|'), ('లు', '|'), ('గ', 'U'), ('ల్గి', '|'), ('న', '|'), ('నీ', 'U'), ('దు', '|'), ('నా', 'U'), ('మ', '|'), ('స', 'U'), ('ద్వి', '|'), ('ర', '|'), ('చి', '|'), ('త', '|'), ('మై', 'U'), ('న', '|'), ('కా', 'U'), ('వ్య', '|'), ('ము', '|'), ('ప', '|'), ('వి', '|'), ('త్ర', '|'), ('ము', '|'), ('గా', 'U'), ('దె', '|'), ('వి', '|'), ('య', 'U'), ('న్న', '|'), ('దీ', 'U'), ('జ', '|'), ('లం', 'U'), ('బ', '|'), ('రు', '|'), ('గు', '|'), ('చు', '|'), ('వం', 'U'), ('క', '|'), ('యై', 'U'), ('న', '|'), ('మ', '|'), ('లి', '|'), ('నా', 'U'), ('కృ', '|'), ('తి', '|'), ('బా', 'U'), ('ఱి', '|'), ('న', '|'), ('ద', 'U'), ('న్మ', '|'), ('హ', 'U'), ('త్త్వ', '|'), ('ముం', 'U'), ('ద', '|'), ('ర', '|'), ('మె', '|'), ('గ', '|'), ('ణిం', 'U'), ('ప', '|'), ('నె', 'U'), ('వ్వ', '|'), ('రి', '|'), ('కి', '|'), ('దా', 'U'), ('శ', '|'), ('ర', '|'), ('థీ', 'U'), ('క', '|'), ('రు', '|'), ('ణా', 'U'), ('ప', '|'), ('యో', 'U'), ('ని', '|'), ('ధీ', 'U')]",0.9428571428571428,1.0,1.0,0.9642857142857143,0.75,1.0
vutpalamaala,"దారుణపాతకాబ్ధికి సదాబడబాగ్ని భవాకులార్తి వి
స్తార దవానలార్చికి సుధారసవృష్టి దురంతదుర్మతా
చార భయంకరాటవికిఁ జండకఠోరకుఠారధార నీ
తారకనామ మెన్నుకొన దాశరథీ! కరుణాపయోనిధీ!",vruttamu,Daasarathi,"[('దా', 'U'), ('రు', '|'), ('ణ', '|'), ('పా', 'U'), ('త', '|'), ('కా', 'U'), ('బ్ధి', '|'), ('కి', '|'), ('స', '|'), ('దా', 'U'), ('బ', '|'), ('డ', '|'), ('బా', 'U'), ('గ్ని', '|'), ('భ', '|'), ('వా', 'U'), ('కు', '|'), ('లా', 'U'), ('ర్తి', '|'), ('వి', 'U'), ('స్తా', 'U'), ('ర', '|'), ('ద', '|'), ('వా', 'U'), ('న', '|'), ('లా', 'U'), ('ర్చి', '|'), ('కి', '|'), ('సు', '|'), ('ధా', 'U'), ('ర', '|'), ('స', '|'), ('వృ', 'U'), ('ష్టి', '|'), ('దు', '|'), ('రం', 'U'), ('త', '|'), ('దు', 'U'), ('ర్మ', '|'), ('తా', 'U'), ('చా', 'U'), ('ర', '|'), ('భ', '|'), ('యం', 'U'), ('క', '|'), ('రా', 'U'), ('ట', '|'), ('వి', '|'), ('కి', '|'), ('జం', 'U'), ('డ', '|'), ('క', '|'), ('ఠో', 'U'), ('ర', '|'), ('కు', '|'), ('ఠా', 'U'), ('ర', '|'), ('ధా', 'U'), ('ర', '|'), ('నీ', 'U'), ('తా', 'U'), ('ర', '|'), ('క', '|'), ('నా', 'U'), ('మ', '|'), ('మె', 'U'), ('న్ను', '|'), ('కొ', '|'), ('న', '|'), ('దా', 'U'), ('శ', '|'), ('ర', '|'), ('థీ', 'U'), ('క', '|'), ('రు', '|'), ('ణా', 'U'), ('ప', '|'), ('యో', 'U'), ('ని', '|'), ('ధీ', 'U')]",1.0,1.0,1.0,1.0,1.0,1.0
champakamaala,"హరునకు నవ్విభీషణున కద్రిజకుం దిరుమంత్రరాజమై
కరికి నహల్యకున్‌ ద్రుపదకన్యకు నార్తిహరించు చుట్టమై
పరగినయట్టి నీ పతితపావననామము జిహ్వపై నిరం
తరము నటింపజేయుమిఁక దాశరథీ! కరుణాపయోనిధీ!",vruttamu,Daasarathi,"[('హ', '|'), ('రు', '|'), ('న', '|'), ('కు', '|'), ('న', 'U'), ('వ్వి', '|'), ('భీ', 'U'), ('ష', '|'), ('ణు', '|'), ('న', '|'), ('క', '|'), ('ద్రి', '|'), ('జ', '|'), ('కుం', 'U'), ('ది', '|'), ('రు', '|'), ('మం', 'U'), ('త్ర', '|'), ('రా', 'U'), ('జ', '|'), ('మై', 'U'), ('క', '|'), ('రి', '|'), ('కి', '|'), ('న', '|'), ('హ', 'U'), ('ల్య', '|'), ('కు', 'U'), ('న్ద్రు', '|'), ('ప', '|'), ('ద', '|'), ('క', 'U'), ('న్య', '|'), ('కు', '|'), ('నా', 'U'), ('ర్తి', '|'), ('హ', '|'), ('రిం', 'U'), ('చు', '|'), ('చు', 'U'), ('ట్ట', '|'), ('మై', 'U'), ('ప', '|'), ('ర', '|'), ('గి', '|'), ('న', '|'), ('య', 'U'), ('ట్టి', '|'), ('నీ', 'U'), ('ప', '|'), ('తి', '|'), ('త', '|'), ('పా', 'U'), ('వ', '|'), ('న', '|'), ('నా', 'U'), ('మ', '|'), ('ము', '|'), ('జి', 'U'), ('హ్వ', '|'), ('పై', 'U'), ('ని', '|'), ('రం', 'U'), ('త', '|'), ('ర', '|'), ('ము', '|'), ('న', '|'), ('టిం', 'U'), ('ప', '|'), ('జే', 'U'), ('యు', '|'), ('మి', '|'), ('క', '|'), ('దా', 'U'), ('శ', '|'), ('ర', '|'), ('థీ', 'U'), ('క', '|'), ('రు', '|'), ('ణా', 'U'), ('ప', '|'), ('యో', 'U'), ('ని', '|'), ('ధీ', 'U')]",0.9428571428571428,1.0,1.0,0.9642857142857143,0.75,1.0
vutpalamaala,"ముప్పునఁ గాలకింకరులు ముంగిటవచ్చినవేళ రోగముల్‌
గొప్పరమైనచోఁ గఫము కుత్తుక నిండినవేళ బాంధవుల్‌
గప్పిన వేళ మీ స్మరణ గల్గునొ గల్గదొ నాఁటి కిప్పుడే
తప్పక చేతు మీభజన దాశరథీ! కరుణాపయోనిధీ!",vruttamu,Daasarathi,"[('ము', 'U'), ('ప్పు', '|'), ('న', '|'), ('గా', 'U'), ('ల', '|'), ('కిం', 'U'), ('క', '|'), ('రు', '|'), ('లు', '|'), ('ముం', 'U'), ('గి', '|'), ('ట', '|'), ('వ', 'U'), ('చ్చి', '|'), ('న', '|'), ('వే', 'U'), ('ళ', '|'), ('రో', 'U'), ('గ', '|'), ('ముల్', 'U'), ('గొ', 'U'), ('ప్ప', '|'), ('ర', '|'), ('మై', 'U'), ('న', '|'), ('చో', 'U'), ('గ', '|'), ('ఫ', '|'), ('ము', '|'), ('కు', 'U'), ('త్తు', '|'), ('క', '|'), ('నిం', 'U'), ('డి', '|'), ('న', '|'), ('వే', 'U'), ('ళ', '|'), ('బాం', 'U'), ('ధ', '|'), ('వుల్', 'U'), ('గ', 'U'), ('ప్పి', '|'), ('న', '|'), ('వే', 'U'), ('ళ', '|'), ('మీ', 'U'), ('స్మ', '|'), ('ర', '|'), ('ణ', '|'), ('గ', 'U'), ('ల్గు', '|'), ('నొ', '|'), ('గ', 'U'), ('ల్గ', '|'), ('దొ', '|'), ('నా', 'U'), ('టి', '|'), ('కి', 'U'), ('ప్పు', '|'), ('డే', 'U'), ('త', 'U'), ('ప్ప', '|'), ('క', '|'), ('చే', 'U'), ('తు', '|'), ('మీ', 'U'), ('భ', '|'), ('జ', '|'), ('న', '|'), ('దా', 'U'), ('శ', '|'), ('ర', '|'), ('థీ', 'U'), ('క', '|'), ('రు', '|'), ('ణా', 'U'), ('ప', '|'), ('యో', 'U'), ('ని', '|'), ('ధీ', 'U')]",1.0,1.0,1.0,1.0,1.0,1.0
champakamaala,"""పరమదయానిధే పతిత పావననామ హరే""యటంచు సు
స్థిరమతులై సదా భజన సేయు మహాత్ముల పాదధూళి నా
శిరమున దాల్తు మీరటకు జేరకుఁడంచు యముండు కింకరో
త్కరముల కాన బెట్టునఁట దాశరథీ! కరుణాపయోనిధీ!",vruttamu,Daasarathi,"[('ప', '|'), ('ర', '|'), ('మ', '|'), ('ద', '|'), ('యా', 'U'), ('ని', '|'), ('ధే', 'U'), ('ప', '|'), ('తి', '|'), ('త', '|'), ('పా', 'U'), ('వ', '|'), ('న', '|'), ('నా', 'U'), ('మ', '|'), ('హ', '|'), ('రే', 'U'), ('య', '|'), ('టం', 'U'), ('చు', '|'), ('సు', 'U'), ('స్థి', '|'), ('ర', '|'), ('మ', '|'), ('తు', '|'), ('లై', 'U'), ('స', '|'), ('దా', 'U'), ('భ', '|'), ('జ', '|'), ('న', '|'), ('సే', 'U'), ('యు', '|'), ('మ', '|'), ('హా', 'U'), ('త్ము', '|'), ('ల', '|'), ('పా', 'U'), ('ద', '|'), ('ధూ', 'U'), ('ళి', '|'), ('నా', 'U'), ('శి', '|'), ('ర', '|'), ('ము', '|'), ('న', '|'), ('దా', 'U'), ('ల్తు', '|'), ('మీ', 'U'), ('ర', '|'), ('ట', '|'), ('కు', '|'), ('జే', 'U'), ('ర', '|'), ('కు', '|'), ('డం', 'U'), ('చు', '|'), ('య', '|'), ('ముం', 'U'), ('డు', '|'), ('కిం', 'U'), ('క', '|'), ('రో', 'U'), ('త్క', '|'), ('ర', '|'), ('ము', '|'), ('ల', '|'), ('కా', 'U'), ('న', '|'), ('బె', 'U'), ('ట్టు', '|'), ('న', '|'), ('ట', '|'), ('దా', 'U'), ('శ', '|'), ('ర', '|'), ('థీ', 'U'), ('క', '|'), ('రు', '|'), ('ణా', 'U'), ('ప', '|'), ('యో', 'U'), ('ని', '|'), ('ధీ', 'U')]",1.0,1.0,1.0,1.0,1.0,1.0
champakamaala,"అజునకుదండ్రివయ్యు సనకాదులకుం బరతత్త్వమయ్యు స
ద్ద్విజమునికోటికెల్లఁ గులదేవతవయ్యు దినేశవంశ భూ
భుజులకు మేటివయ్యు బరిపూర్ణుఁడవై వెలుగొందు పక్షిరా
డ్ధ్వజ మిముఁ బ్రస్తుతించెదను దాశరథీ! కరుణాపయోనిధీ!",vruttamu,Daasarathi,"[('అ', '|'), ('జు', '|'), ('న', '|'), ('కు', '|'), ('దం', 'U'), ('డ్రి', '|'), ('వ', 'U'), ('య్యు', '|'), ('స', '|'), ('న', '|'), ('కా', 'U'), ('దు', '|'), ('ల', '|'), ('కుం', 'U'), ('బ', '|'), ('ర', '|'), ('త', 'U'), ('త్త్వ', '|'), ('మ', 'U'), ('య్యు', '|'), ('స', 'U'), ('ద్ద్వి', '|'), ('జ', '|'), ('ము', '|'), ('ని', '|'), ('కో', 'U'), ('టి', '|'), ('కె', 'U'), ('ల్ల', '|'), ('గు', '|'), ('ల', '|'), ('దే', 'U'), ('వ', '|'), ('త', '|'), ('వ', 'U'), ('య్యు', '|'), ('ది', '|'), ('నే', 'U'), ('శ', '|'), ('వం', 'U'), ('శ', '|'), ('భూ', 'U'), ('భు', '|'), ('జు', '|'), ('ల', '|'), ('కు', '|'), ('మే', 'U'), ('టి', '|'), ('వ', 'U'), ('య్యు', '|'), ('బ', '|'), ('రి', '|'), ('పూ', 'U'), ('ర్ణు', '|'), ('డ', '|'), ('వై', 'U'), ('వె', '|'), ('లు', '|'), ('గొం', 'U'), ('దు', '|'), ('ప', 'U'), ('క్షి', '|'), ('రా', 'U'), ('డ్ధ్వ', '|'), ('జ', '|'), ('మి', '|'), ('ము', '|'), ('బ్ర', 'U'), ('స్తు', '|'), ('తిం', 'U'), ('చె', '|'), ('ద', '|'), ('ను', '|'), ('దా', 'U'), ('శ', '|'), ('ర', '|'), ('థీ', 'U'), ('క', '|'), ('రు', '|'), ('ణా', 'U'), ('ప', '|'), ('యో', 'U'), ('ని', '|'), ('ధీ', 'U')]",0.95,1.0,1.0,1.0,0.75,1.0
vutpalamaala,"""పండిత రక్షకుం డఖిల పాపవిమోచనుఁ డబ్జసంభవా
ఖండలపూజితుండు దశ కంఠవిలుంఠన చండకాండ కో
దండకళాప్రవీణుఁ""డను తావక కీర్తివధూటికిత్తు బూ
దండలుగాఁగ నా కవిత దాశరథీ! కరుణాపయోనిధీ!",vruttamu,Daasarathi,"[('పం', 'U'), ('డి', '|'), ('త', '|'), ('ర', 'U'), ('క్ష', '|'), ('కుం', 'U'), ('డ', '|'), ('ఖి', '|'), ('ల', '|'), ('పా', 'U'), ('ప', '|'), ('వి', '|'), ('మో', 'U'), ('చ', '|'), ('ను', '|'), ('డ', 'U'), ('బ్జ', '|'), ('సం', 'U'), ('భ', '|'), ('వా', 'U'), ('ఖం', 'U'), ('డ', '|'), ('ల', '|'), ('పూ', 'U'), ('జి', '|'), ('తుం', 'U'), ('డు', '|'), ('ద', '|'), ('శ', '|'), ('కం', 'U'), ('ఠ', '|'), ('వి', '|'), ('లుం', 'U'), ('ఠ', '|'), ('న', '|'), ('చం', 'U'), ('డ', '|'), ('కాం', 'U'), ('డ', '|'), ('కో', 'U'), ('దం', 'U'), ('డ', '|'), ('క', '|'), ('ళా', 'U'), ('ప్ర', '|'), ('వీ', 'U'), ('ణు', '|'), ('డ', '|'), ('ను', '|'), ('తా', 'U'), ('వ', '|'), ('క', '|'), ('కీ', 'U'), ('ర్తి', '|'), ('వ', '|'), ('ధూ', 'U'), ('టి', '|'), ('కి', 'U'), ('త్తు', '|'), ('బూ', 'U'), ('దం', 'U'), ('డ', '|'), ('లు', '|'), ('గా', 'U'), ('గ', '|'), ('నా', 'U'), ('క', '|'), ('వి', '|'), ('త', '|'), ('దా', 'U'), ('శ', '|'), ('ర', '|'), ('థీ', 'U'), ('క', '|'), ('రు', '|'), ('ణా', 'U'), ('ప', '|'), ('యో', 'U'), ('ని', '|'), ('ధీ', 'U')]",1.0,1.0,1.0,1.0,1.0,1.0
vutpalamaala,"శ్రీరమ సీతగాఁగ నిజసేవకబృందము వీరవైష్ణవా
చారజనంబుగాఁగ విరజానది గౌతమిగా వికుంఠము
న్నారయ భద్రశైలశిఖరాగ్రముగాఁగ వసించు చేతనో
ద్ధారకుఁడైన విష్ణుఁడవు దాశరథీ! కరుణాపయోనిధీ!",vruttamu,Daasarathi,"[('శ్రీ', 'U'), ('ర', '|'), ('మ', '|'), ('సీ', 'U'), ('త', '|'), ('గా', 'U'), ('గ', '|'), ('ని', '|'), ('జ', '|'), ('సే', 'U'), ('వ', '|'), ('క', '|'), ('బృం', 'U'), ('ద', '|'), ('ము', '|'), ('వీ', 'U'), ('ర', '|'), ('వై', 'U'), ('ష్ణ', '|'), ('వా', 'U'), ('చా', 'U'), ('ర', '|'), ('జ', '|'), ('నం', 'U'), ('బు', '|'), ('గా', 'U'), ('గ', '|'), ('వి', '|'), ('ర', '|'), ('జా', 'U'), ('న', '|'), ('ది', '|'), ('గౌ', 'U'), ('త', '|'), ('మి', '|'), ('గా', 'U'), ('వి', '|'), ('కుం', 'U'), ('ఠ', '|'), ('ము', 'U'), ('న్నా', 'U'), ('ర', '|'), ('య', '|'), ('భ', '|'), ('ద్ర', '|'), ('శై', 'U'), ('ల', '|'), ('శి', '|'), ('ఖ', '|'), ('రా', 'U'), ('గ్ర', '|'), ('ము', '|'), ('గా', 'U'), ('గ', '|'), ('వ', '|'), ('సిం', 'U'), ('చు', '|'), ('చే', 'U'), ('త', '|'), ('నో', 'U'), ('ద్ధా', 'U'), ('ర', '|'), ('కు', '|'), ('డై', 'U'), ('న', '|'), ('వి', 'U'), ('ష్ణు', '|'), ('డ', '|'), ('వు', '|'), ('దా', 'U'), ('శ', '|'), ('ర', '|'), ('థీ', 'U'), ('క', '|'), ('రు', '|'), ('ణా', 'U'), ('ప', '|'), ('యో', 'U'), ('ని', '|'), ('ధీ', 'U')]",0.9428571428571428,1.0,1.0,0.9642857142857143,0.75,1.0
vutpalamaala,"కంటి నదీతటంబుఁ బొడఁగంటిని భద్రనగాదివాసముం
గంటి నిలాతనూజ నురు కార్ముకమార్గణ శంఖచక్రముల్‌
గంటిని మిమ్ము లక్ష్మణునిఁ గంటి కృతార్థుడనైతి నో జగ
త్కంటక దైత్యనిర్దళన దాశరథీ! కరుణాపయోనిధీ!",vruttamu,Daasarathi,"[('కం', 'U'), ('టి', '|'), ('న', '|'), ('దీ', 'U'), ('త', '|'), ('టం', 'U'), ('బు', '|'), ('బొ', '|'), ('డ', '|'), ('గం', 'U'), ('టి', '|'), ('ని', '|'), ('భ', '|'), ('ద్ర', '|'), ('న', '|'), ('గా', 'U'), ('ది', '|'), ('వా', 'U'), ('స', '|'), ('ముం', 'U'), ('గం', 'U'), ('టి', '|'), ('ని', '|'), ('లా', 'U'), ('త', '|'), ('నూ', 'U'), ('జ', '|'), ('ను', '|'), ('రు', '|'), ('కా', 'U'), ('ర్ము', '|'), ('క', '|'), ('మా', 'U'), ('ర్గ', '|'), ('ణ', '|'), ('శం', 'U'), ('ఖ', '|'), ('చ', '|'), ('క్ర', '|'), ('ముల్', 'U'), ('గం', 'U'), ('టి', '|'), ('ని', '|'), ('మి', 'U'), ('మ్ము', '|'), ('ల', 'U'), ('క్ష్మ', '|'), ('ణు', '|'), ('ని', '|'), ('గం', 'U'), ('టి', '|'), ('కృ', '|'), ('తా', 'U'), ('ర్థు', '|'), ('డ', '|'), ('నై', 'U'), ('తి', '|'), ('నో', 'U'), ('జ', '|'), ('గ', 'U'), ('త్కం', 'U'), ('ట', '|'), ('క', '|'), ('దై', 'U'), ('త్య', '|'), ('ని', 'U'), ('ర్ద', '|'), ('ళ', '|'), ('న', '|'), ('దా', 'U'), ('శ', '|'), ('ర', '|'), ('థీ', 'U'), ('క', '|'), ('రు', '|'), ('ణా', 'U'), ('ప', '|'), ('యో', 'U'), ('ని', '|'), ('ధీ', 'U')]",0.9857142857142858,1.0,1.0,0.9285714285714286,1.0,1.0
champakamaala,"హలికునకున్‌ హలాగ్రమున నర్థము చేకురుభంగి దప్పిచే
నలమటఁజెందువానికి సురాపగలో జలమబ్బినట్లు దు
ర్మలిన మనోవికారినగు మర్త్యుని నన్నొడఁగూర్చి నీపయిం
దలపు ఘటింపఁజేసితివి దాశరథీ! కరుణాపయోనిధీ!",vruttamu,Daasarathi,"[('హ', '|'), ('లి', '|'), ('కు', '|'), ('న', '|'), ('కు', 'U'), ('న్హ', '|'), ('లా', 'U'), ('గ్ర', '|'), ('ము', '|'), ('న', '|'), ('న', 'U'), ('ర్థ', '|'), ('ము', '|'), ('చే', 'U'), ('కు', '|'), ('రు', '|'), ('భం', 'U'), ('గి', '|'), ('ద', 'U'), ('ప్పి', '|'), ('చే', 'U'), ('న', '|'), ('ల', '|'), ('మ', '|'), ('ట', '|'), ('జెం', 'U'), ('దు', '|'), ('వా', 'U'), ('ని', '|'), ('కి', '|'), ('సు', '|'), ('రా', 'U'), ('ప', '|'), ('గ', '|'), ('లో', 'U'), ('జ', '|'), ('ల', '|'), ('మ', 'U'), ('బ్బి', '|'), ('న', 'U'), ('ట్లు', '|'), ('దు', 'U'), ('ర్మ', '|'), ('లి', '|'), ('న', '|'), ('మ', '|'), ('నో', 'U'), ('వి', '|'), ('కా', 'U'), ('రి', '|'), ('న', '|'), ('గు', '|'), ('మ', 'U'), ('ర్త్యు', '|'), ('ని', '|'), ('న', 'U'), ('న్నొ', '|'), ('డ', '|'), ('గూ', 'U'), ('ర్చి', '|'), ('నీ', 'U'), ('ప', '|'), ('యిం', 'U'), ('ద', '|'), ('ల', '|'), ('పు', '|'), ('ఘ', '|'), ('టిం', 'U'), ('ప', '|'), ('జే', 'U'), ('సి', '|'), ('తి', '|'), ('వి', '|'), ('దా', 'U'), ('శ', '|'), ('ర', '|'), ('థీ', 'U'), ('క', '|'), ('రు', '|'), ('ణా', 'U'), ('ప', '|'), ('యో', 'U'), ('ని', '|'), ('ధీ', 'U')]",0.9,1.0,1.0,1.0,0.5,1.0
vutpalamaala,"కొంజక తర్కవాదమను గుద్దలిచేఁ బరతత్త్వభూస్థలిన్‌
రంజిలఁద్రవ్వి కన్గొనని రామనిధానము నేఁడు భక్తి సి
ద్ధాంజనమందు హస్తగత మయ్యె భళీయనగా మదీయహృ
త్కంజమునన్‌ వసింపుమిఁక దాశరథీ! కరుణాపయోనిధీ!",vruttamu,Daasarathi,"[('కొం', 'U'), ('జ', '|'), ('క', '|'), ('త', 'U'), ('ర్క', '|'), ('వా', 'U'), ('ద', '|'), ('మ', '|'), ('ను', '|'), ('గు', 'U'), ('ద్ద', '|'), ('లి', '|'), ('చే', 'U'), ('బ', '|'), ('ర', '|'), ('త', 'U'), ('త్త్వ', '|'), ('భూ', 'U'), ('స్థ', '|'), ('లిన్', 'U'), ('రం', 'U'), ('జి', '|'), ('ల', '|'), ('ద్ర', 'U'), ('వ్వి', '|'), ('క', 'U'), ('న్గొ', '|'), ('న', '|'), ('ని', '|'), ('రా', 'U'), ('మ', '|'), ('ని', '|'), ('ధా', 'U'), ('న', '|'), ('ము', '|'), ('నే', 'U'), ('డు', '|'), ('భ', 'U'), ('క్తి', '|'), ('సి', 'U'), ('ద్ధాం', 'U'), ('జ', '|'), ('న', '|'), ('మం', 'U'), ('దు', '|'), ('హ', 'U'), ('స్త', '|'), ('గ', '|'), ('త', '|'), ('మ', 'U'), ('య్యె', '|'), ('భ', '|'), ('ళీ', 'U'), ('య', '|'), ('న', '|'), ('గా', 'U'), ('మ', '|'), ('దీ', 'U'), ('య', '|'), ('హృ', 'U'), ('త్కం', 'U'), ('జ', '|'), ('ము', '|'), ('న', 'U'), ('న్వ', '|'), ('సిం', 'U'), ('పు', '|'), ('మి', '|'), ('క', '|'), ('దా', 'U'), ('శ', '|'), ('ర', '|'), ('థీ', 'U'), ('క', '|'), ('రు', '|'), ('ణా', 'U'), ('ప', '|'), ('యో', 'U'), ('ని', '|'), ('ధీ', 'U')]",0.95,1.0,1.0,1.0,0.75,1.0
vutpalamaala,"రాముఁడు ఘోరపాతకవిరాముఁడు సద్గుణకల్పవల్లికా
రాముఁడు షడ్వికారజయరాముఁడు సాధుజనావనవ్రతో
ద్దాముఁడు రాముఁడే పరమదైవము మాకని మీయడుంగుఁ గెం
దామరలే భజించెదరు దాశరథీ! కరుణాపయోనిధీ!",vruttamu,Daasarathi,"[('రా', 'U'), ('ము', '|'), ('డు', '|'), ('ఘో', 'U'), ('ర', '|'), ('పా', 'U'), ('త', '|'), ('క', '|'), ('వి', '|'), ('రా', 'U'), ('ము', '|'), ('డు', '|'), ('స', 'U'), ('ద్గు', '|'), ('ణ', '|'), ('క', 'U'), ('ల్ప', '|'), ('వ', 'U'), ('ల్లి', '|'), ('కా', 'U'), ('రా', 'U'), ('ము', '|'), ('డు', '|'), ('ష', 'U'), ('డ్వి', '|'), ('కా', 'U'), ('ర', '|'), ('జ', '|'), ('య', '|'), ('రా', 'U'), ('ము', '|'), ('డు', '|'), ('సా', 'U'), ('ధు', '|'), ('జ', '|'), ('నా', 'U'), ('వ', '|'), ('న', '|'), ('వ్ర', '|'), ('తో', 'U'), ('ద్దా', 'U'), ('ము', '|'), ('డు', '|'), ('రా', 'U'), ('ము', '|'), ('డే', 'U'), ('ప', '|'), ('ర', '|'), ('మ', '|'), ('దై', 'U'), ('వ', '|'), ('ము', '|'), ('మా', 'U'), ('క', '|'), ('ని', '|'), ('మీ', 'U'), ('య', '|'), ('డుం', 'U'), ('గు', '|'), ('గెం', 'U'), ('దా', 'U'), ('మ', '|'), ('ర', '|'), ('లే', 'U'), ('భ', '|'), ('జిం', 'U'), ('చె', '|'), ('ద', '|'), ('రు', '|'), ('దా', 'U'), ('శ', '|'), ('ర', '|'), ('థీ', 'U'), ('క', '|'), ('రు', '|'), ('ణా', 'U'), ('ప', '|'), ('యో', 'U'), ('ని', '|'), ('ధీ', 'U')]",0.9928571428571429,1.0,1.0,0.9642857142857143,1.0,1.0
vutpalamaala,"చక్కరమాని వేము దినఁజాలిన కైవడి మానవాధముల్‌
పెక్కురు బక్కదైవముల వేమఱుగొల్చెద రట్లకాదయా
మ్రొక్కిన నీక మ్రొక్కవలె మోక్షమొసంగిన నీవ యీవలెన్‌
దక్కినమాట లేమిటికి దాశరథీ! కరుణాపయోనిధీ!",vruttamu,Daasarathi,"[('చ', 'U'), ('క్క', '|'), ('ర', '|'), ('మా', 'U'), ('ని', '|'), ('వే', 'U'), ('ము', '|'), ('ది', '|'), ('న', '|'), ('జా', 'U'), ('లి', '|'), ('న', '|'), ('కై', 'U'), ('వ', '|'), ('డి', '|'), ('మా', 'U'), ('న', '|'), ('వా', 'U'), ('ధ', '|'), ('ముల్', 'U'), ('పె', 'U'), ('క్కు', '|'), ('రు', '|'), ('బ', 'U'), ('క్క', '|'), ('దై', 'U'), ('వ', '|'), ('ము', '|'), ('ల', '|'), ('వే', 'U'), ('మ', '|'), ('ఱు', '|'), ('గొ', 'U'), ('ల్చె', '|'), ('ద', '|'), ('ర', 'U'), ('ట్ల', '|'), ('కా', 'U'), ('ద', '|'), ('యా', 'U'), ('మ్రొ', 'U'), ('క్కి', '|'), ('న', '|'), ('నీ', 'U'), ('క', '|'), ('మ్రొ', 'U'), ('క్క', '|'), ('వ', '|'), ('లె', '|'), ('మో', 'U'), ('క్ష', '|'), ('మొ', '|'), ('సం', 'U'), ('గి', '|'), ('న', '|'), ('నీ', 'U'), ('వ', '|'), ('యీ', 'U'), ('వ', '|'), ('లెన్', 'U'), ('ద', 'U'), ('క్కి', '|'), ('న', '|'), ('మా', 'U'), ('ట', '|'), ('లే', 'U'), ('మి', '|'), ('టి', '|'), ('కి', '|'), ('దా', 'U'), ('శ', '|'), ('ర', '|'), ('థీ', 'U'), ('క', '|'), ('రు', '|'), ('ణా', 'U'), ('ప', '|'), ('యో', 'U'), ('ని', '|'), ('ధీ', 'U')]",0.95,1.0,1.0,1.0,0.75,1.0
vutpalamaala,"రాకలుషంబులెల్ల బయలం బడద్రోచిన మా కవాటమై
దీకొనిఁ బ్రోచు నిక్కమని ధీయుతులెన్నఁ దదీయవర్ణముల్‌
గైకొని భక్తిచే నుడువఁ గానరు గాక విపత్పరంపరల్‌
దాకొనుచే జగజ్జనుల దాశరథీ! కరుణాపయోనిధీ!",vruttamu,Daasarathi,"[('రా', 'U'), ('క', '|'), ('లు', '|'), ('షం', 'U'), ('బు', '|'), ('లె', 'U'), ('ల్ల', '|'), ('బ', '|'), ('య', '|'), ('లం', 'U'), ('బ', '|'), ('డ', '|'), ('ద్రో', 'U'), ('చి', '|'), ('న', '|'), ('మా', 'U'), ('క', '|'), ('వా', 'U'), ('ట', '|'), ('మై', 'U'), ('దీ', 'U'), ('కొ', '|'), ('ని', '|'), ('బ్రో', 'U'), ('చు', '|'), ('ని', 'U'), ('క్క', '|'), ('మ', '|'), ('ని', '|'), ('ధీ', 'U'), ('యు', '|'), ('తు', '|'), ('లె', 'U'), ('న్న', '|'), ('ద', '|'), ('దీ', 'U'), ('య', '|'), ('వ', 'U'), ('ర్ణ', '|'), ('ముల్', 'U'), ('గై', 'U'), ('కొ', '|'), ('ని', '|'), ('భ', 'U'), ('క్తి', '|'), ('చే', 'U'), ('ను', '|'), ('డు', '|'), ('వ', '|'), ('గా', 'U'), ('న', '|'), ('రు', '|'), ('గా', 'U'), ('క', '|'), ('వి', '|'), ('ప', 'U'), ('త్ప', '|'), ('రం', 'U'), ('ప', '|'), ('రల్', 'U'), ('దా', 'U'), ('కొ', '|'), ('ను', '|'), ('చే', 'U'), ('జ', '|'), ('గ', 'U'), ('జ్జ', '|'), ('ను', '|'), ('ల', '|'), ('దా', 'U'), ('శ', '|'), ('ర', '|'), ('థీ', 'U'), ('క', '|'), ('రు', '|'), ('ణా', 'U'), ('ప', '|'), ('యో', 'U'), ('ని', '|'), ('ధీ', 'U')]",0.95,1.0,1.0,1.0,0.75,1.0
vutpalamaala,"""రామహరే కకుత్స్థకుల రామహరే రఘురామరామ శ్రీ
రామహరే"" యటంచు మది రంజిల భేకగళంబులీల నీ
నామము సంస్మరించిన జనంబు భవంబెడబాసి తత్పరం
ధామనివాసులౌదుఁరట దాశరథీ! కరుణాపయోనిధీ!",vruttamu,Daasarathi,"[('రా', 'U'), ('మ', '|'), ('హ', '|'), ('రే', 'U'), ('క', '|'), ('కు', 'U'), ('త్స్థ', '|'), ('కు', '|'), ('ల', '|'), ('రా', 'U'), ('మ', '|'), ('హ', '|'), ('రే', 'U'), ('ర', '|'), ('ఘు', '|'), ('రా', 'U'), ('మ', '|'), ('రా', 'U'), ('మ', '|'), ('శ్రీ', 'U'), ('రా', 'U'), ('మ', '|'), ('హ', '|'), ('రే', 'U'), ('య', '|'), ('టం', 'U'), ('చు', '|'), ('మ', '|'), ('ది', '|'), ('రం', 'U'), ('జి', '|'), ('ల', '|'), ('భే', 'U'), ('క', '|'), ('గ', '|'), ('ళం', 'U'), ('బు', '|'), ('లీ', 'U'), ('ల', '|'), ('నీ', 'U'), ('నా', 'U'), ('మ', '|'), ('ము', '|'), ('సం', 'U'), ('స్మ', '|'), ('రిం', 'U'), ('చి', '|'), ('న', '|'), ('జ', '|'), ('నం', 'U'), ('బు', '|'), ('భ', '|'), ('వం', 'U'), ('బె', '|'), ('డ', '|'), ('బా', 'U'), ('సి', '|'), ('త', 'U'), ('త్ప', '|'), ('రం', 'U'), ('ధా', 'U'), ('మ', '|'), ('ని', '|'), ('వా', 'U'), ('సు', '|'), ('లౌ', 'U'), ('దు', '|'), ('ర', '|'), ('ట', '|'), ('దా', 'U'), ('శ', '|'), ('ర', '|'), ('థీ', 'U'), ('క', '|'), ('రు', '|'), ('ణా', 'U'), ('ప', '|'), ('యో', 'U'), ('ని', '|'), ('ధీ', 'U')]",1.0,1.0,1.0,1.0,1.0,1.0
vutpalamaala,"చక్కెర లప్పకున్‌ మిగుల జవ్వని కెంజిగురాకు మోవికిం
జొక్కపుజుంటి తేనియకుఁ జొక్కులుచుం గనలేరుగాక నేఁ
డక్కట రామనామ మధురామృతమానుటకంటె సౌఖ్యమా
తక్కినమాధురీ మహిమ దాశరథీ! కరుణాపయోనిధీ!",vruttamu,Daasarathi,"[('చ', 'U'), ('క్కె', '|'), ('ర', '|'), ('ల', 'U'), ('ప్ప', '|'), ('కు', 'U'), ('న్మి', '|'), ('గు', '|'), ('ల', '|'), ('జ', 'U'), ('వ్వ', '|'), ('ని', '|'), ('కెం', 'U'), ('జి', '|'), ('గు', '|'), ('రా', 'U'), ('కు', '|'), ('మో', 'U'), ('వి', '|'), ('కిం', 'U'), ('జొ', 'U'), ('క్క', '|'), ('పు', '|'), ('జుం', 'U'), ('టి', '|'), ('తే', 'U'), ('ని', '|'), ('య', '|'), ('కు', '|'), ('జొ', 'U'), ('క్కు', '|'), ('లు', '|'), ('చుం', 'U'), ('గ', '|'), ('న', '|'), ('లే', 'U'), ('రు', '|'), ('గా', 'U'), ('క', '|'), ('నే', 'U'), ('డ', 'U'), ('క్క', '|'), ('ట', '|'), ('రా', 'U'), ('మ', '|'), ('నా', 'U'), ('మ', '|'), ('మ', '|'), ('ధు', '|'), ('రా', 'U'), ('మృ', '|'), ('త', '|'), ('మా', 'U'), ('ను', '|'), ('ట', '|'), ('కం', 'U'), ('టె', '|'), ('సౌ', 'U'), ('ఖ్య', '|'), ('మా', 'U'), ('త', 'U'), ('క్కి', '|'), ('న', '|'), ('మా', 'U'), ('ధు', '|'), ('రీ', 'U'), ('మ', '|'), ('హి', '|'), ('మ', '|'), ('దా', 'U'), ('శ', '|'), ('ర', '|'), ('థీ', 'U'), ('క', '|'), ('రు', '|'), ('ణా', 'U'), ('ప', '|'), ('యో', 'U'), ('ని', '|'), ('ధీ', 'U')]",0.95,1.0,1.0,1.0,0.75,1.0
vutpalamaala,"అండజవాహ నిన్ను హృదయంబున నమ్మినవారి పాపముల్‌
కొండలవంటివైన వెసఁ గూలి నశింపకయున్నె సంతతా
ఖండలవైభవోన్నతులు గల్గకమానునె మోక్షలక్ష్మికై
దండయొసంగకున్నె తుద దాశరథీ! కరుణాపయోనిధీ!",vruttamu,Daasarathi,"[('అం', 'U'), ('డ', '|'), ('జ', '|'), ('వా', 'U'), ('హ', '|'), ('ని', 'U'), ('న్ను', '|'), ('హృ', '|'), ('ద', '|'), ('యం', 'U'), ('బు', '|'), ('న', '|'), ('న', 'U'), ('మ్మి', '|'), ('న', '|'), ('వా', 'U'), ('రి', '|'), ('పా', 'U'), ('ప', '|'), ('ముల్', 'U'), ('కొం', 'U'), ('డ', '|'), ('ల', '|'), ('వం', 'U'), ('టి', '|'), ('వై', 'U'), ('న', '|'), ('వె', '|'), ('స', '|'), ('గూ', 'U'), ('లి', '|'), ('న', '|'), ('శిం', 'U'), ('ప', '|'), ('క', '|'), ('యు', 'U'), ('న్నె', '|'), ('సం', 'U'), ('త', '|'), ('తా', 'U'), ('ఖం', 'U'), ('డ', '|'), ('ల', '|'), ('వై', 'U'), ('భ', '|'), ('వో', 'U'), ('న్న', '|'), ('తు', '|'), ('లు', '|'), ('గ', 'U'), ('ల్గ', '|'), ('క', '|'), ('మా', 'U'), ('ను', '|'), ('నె', '|'), ('మో', 'U'), ('క్ష', '|'), ('ల', 'U'), ('క్ష్మి', '|'), ('కై', 'U'), ('దం', 'U'), ('డ', '|'), ('యొ', '|'), ('సం', 'U'), ('గ', '|'), ('కు', 'U'), ('న్నె', '|'), ('తు', '|'), ('ద', '|'), ('దా', 'U'), ('శ', '|'), ('ర', '|'), ('థీ', 'U'), ('క', '|'), ('రు', '|'), ('ణా', 'U'), ('ప', '|'), ('యో', 'U'), ('ని', '|'), ('ధీ', 'U')]",1.0,1.0,1.0,1.0,1.0,1.0
vutpalamaala,"చిక్కని పాలపై మిసిమిఁ జెందిన మీఁగడ పంచదారతో
మెక్కినభంగి మీ విమల మేచకరూప సుధారసంబు నా
మక్కువపళ్ళెరంబున సమాహిత దాస్యమనేటి దోయిటన్‌
దక్కెనటంచు జుఱ్ఱెదను దాశరథీ! కరుణాపయోనిధీ!",vruttamu,Daasarathi,"[('చి', 'U'), ('క్క', '|'), ('ని', '|'), ('పా', 'U'), ('ల', '|'), ('పై', 'U'), ('మి', '|'), ('సి', '|'), ('మి', '|'), ('జెం', 'U'), ('ది', '|'), ('న', '|'), ('మీ', 'U'), ('గ', '|'), ('డ', '|'), ('పం', 'U'), ('చ', '|'), ('దా', 'U'), ('ర', '|'), ('తో', 'U'), ('మె', 'U'), ('క్కి', '|'), ('న', '|'), ('భం', 'U'), ('గి', '|'), ('మీ', 'U'), ('వి', '|'), ('మ', '|'), ('ల', '|'), ('మే', 'U'), ('చ', '|'), ('క', '|'), ('రూ', 'U'), ('ప', '|'), ('సు', '|'), ('ధా', 'U'), ('ర', '|'), ('సం', 'U'), ('బు', '|'), ('నా', 'U'), ('మ', 'U'), ('క్కు', '|'), ('వ', '|'), ('ప', 'U'), ('ళ్ళె', '|'), ('రం', 'U'), ('బు', '|'), ('న', '|'), ('స', '|'), ('మా', 'U'), ('హి', '|'), ('త', '|'), ('దా', 'U'), ('స్య', '|'), ('మ', '|'), ('నే', 'U'), ('టి', '|'), ('దో', 'U'), ('యి', '|'), ('టన్', 'U'), ('ద', 'U'), ('క్కె', '|'), ('న', '|'), ('టం', 'U'), ('చు', '|'), ('జు', 'U'), ('ఱ్ఱె', '|'), ('ద', '|'), ('ను', '|'), ('దా', 'U'), ('శ', '|'), ('ర', '|'), ('థీ', 'U'), ('క', '|'), ('రు', '|'), ('ణా', 'U'), ('ప', '|'), ('యో', 'U'), ('ని', '|'), ('ధీ', 'U')]",1.0,1.0,1.0,1.0,1.0,1.0
champakamaala,"సిరులిడ సీత పీడలెగజిమ్ముటకున్‌ హనుమంతుఁ డార్తి సో
దరుఁడు సుమిత్రసూతి దురితంబులు మానుప రామనామమున్‌
గరుణఁ దరిల్ప మానవులఁ గావఁగఁ బన్నిన వజ్రపంజరో
త్కరముగదా భవన్మహిమ దాశరథీ! కరుణాపయోనిధీ!",vruttamu,Daasarathi,"[('సి', '|'), ('రు', '|'), ('లి', '|'), ('డ', '|'), ('సీ', 'U'), ('త', '|'), ('పీ', 'U'), ('డ', '|'), ('లె', '|'), ('గ', '|'), ('జి', 'U'), ('మ్ము', '|'), ('ట', '|'), ('కు', 'U'), ('న్హ', '|'), ('ను', '|'), ('మం', 'U'), ('తు', '|'), ('డా', 'U'), ('ర్తి', '|'), ('సో', 'U'), ('ద', '|'), ('రు', '|'), ('డు', '|'), ('సు', '|'), ('మి', '|'), ('త్ర', '|'), ('సూ', 'U'), ('తి', '|'), ('దు', '|'), ('రి', '|'), ('తం', 'U'), ('బు', '|'), ('లు', '|'), ('మా', 'U'), ('ను', '|'), ('ప', '|'), ('రా', 'U'), ('మ', '|'), ('నా', 'U'), ('మ', '|'), ('మున్', 'U'), ('గ', '|'), ('రు', '|'), ('ణ', '|'), ('ద', '|'), ('రి', 'U'), ('ల్ప', '|'), ('మా', 'U'), ('న', '|'), ('వు', '|'), ('ల', '|'), ('గా', 'U'), ('వ', '|'), ('గ', '|'), ('బ', 'U'), ('న్ని', '|'), ('న', '|'), ('వ', '|'), ('జ్ర', '|'), ('పం', 'U'), ('జ', '|'), ('రో', 'U'), ('త్క', '|'), ('ర', '|'), ('ము', '|'), ('గ', '|'), ('దా', 'U'), ('భ', '|'), ('వ', 'U'), ('న్మ', '|'), ('హి', '|'), ('మ', '|'), ('దా', 'U'), ('శ', '|'), ('ర', '|'), ('థీ', 'U'), ('క', '|'), ('రు', '|'), ('ణా', 'U'), ('ప', '|'), ('యో', 'U'), ('ని', '|'), ('ధీ', 'U')]",0.9857142857142858,1.0,1.0,0.9285714285714286,1.0,1.0
champakamaala,"హలి కులిశాంకుశ ధ్వజ శరాసన శంఖ రథాంగ కల్పకో
జ్జ్వల జలజాత రేఖలను సాంకములై కనుపట్టుచున్న మీ
కలితపదాంబుజ ద్వయము గౌతమపత్ని కొసంగినట్లు నా
తలవునఁజేర్చి కావగఁదె దాశరథీ! కరుణాపయోనిధీ!",vruttamu,Daasarathi,"[('హ', '|'), ('లి', '|'), ('కు', '|'), ('లి', '|'), ('శాం', 'U'), ('కు', '|'), ('శ', 'U'), ('ధ్వ', '|'), ('జ', '|'), ('శ', '|'), ('రా', 'U'), ('స', '|'), ('న', '|'), ('శం', 'U'), ('ఖ', '|'), ('ర', '|'), ('థాం', 'U'), ('గ', '|'), ('క', 'U'), ('ల్ప', '|'), ('కో', 'U'), ('జ్జ్వ', '|'), ('ల', '|'), ('జ', '|'), ('ల', '|'), ('జా', 'U'), ('త', '|'), ('రే', 'U'), ('ఖ', '|'), ('ల', '|'), ('ను', '|'), ('సాం', 'U'), ('క', '|'), ('ము', '|'), ('లై', 'U'), ('క', '|'), ('ను', '|'), ('ప', 'U'), ('ట్టు', '|'), ('చు', 'U'), ('న్న', '|'), ('మీ', 'U'), ('క', '|'), ('లి', '|'), ('త', '|'), ('ప', '|'), ('దాం', 'U'), ('బు', '|'), ('జ', 'U'), ('ద్వ', '|'), ('య', '|'), ('ము', '|'), ('గౌ', 'U'), ('త', '|'), ('మ', '|'), ('ప', 'U'), ('త్ని', '|'), ('కొ', '|'), ('సం', 'U'), ('గి', '|'), ('న', 'U'), ('ట్లు', '|'), ('నా', 'U'), ('త', '|'), ('ల', '|'), ('వు', '|'), ('న', '|'), ('జే', 'U'), ('ర్చి', '|'), ('కా', 'U'), ('వ', '|'), ('గ', '|'), ('దె', '|'), ('దా', 'U'), ('శ', '|'), ('ర', '|'), ('థీ', 'U'), ('క', '|'), ('రు', '|'), ('ణా', 'U'), ('ప', '|'), ('యో', 'U'), ('ని', '|'), ('ధీ', 'U')]",0.95,1.0,1.0,1.0,0.75,1.0
champakamaala,"జలనిధిలోనదూఱి కులశైలముమీటి ధరిత్రిగొమ్మునం
దలవడమాటి రక్కసుని యంగము గీటి బలీంద్రునిన్‌ రసా
తలమునమాటి పార్థివకదంబముగూర్చిన మేటి రామనా
తలఁపుననాటి రాఁగదవె దాశరథీ! కరుణాపయోనిధీ!",vruttamu,Daasarathi,"[('జ', '|'), ('ల', '|'), ('ని', '|'), ('ధి', '|'), ('లో', 'U'), ('న', '|'), ('దూ', 'U'), ('ఱి', '|'), ('కు', '|'), ('ల', '|'), ('శై', 'U'), ('ల', '|'), ('ము', '|'), ('మీ', 'U'), ('టి', '|'), ('ధ', '|'), ('రి', '|'), ('త్రి', '|'), ('గొ', 'U'), ('మ్ము', '|'), ('నం', 'U'), ('ద', '|'), ('ల', '|'), ('వ', '|'), ('డ', '|'), ('మా', 'U'), ('టి', '|'), ('ర', 'U'), ('క్క', '|'), ('సు', '|'), ('ని', '|'), ('యం', 'U'), ('గ', '|'), ('ము', '|'), ('గీ', 'U'), ('టి', '|'), ('బ', '|'), ('లీం', 'U'), ('ద్రు', '|'), ('ని', '|'), ('న్ర', '|'), ('సా', 'U'), ('త', '|'), ('ల', '|'), ('ము', '|'), ('న', '|'), ('మా', 'U'), ('టి', '|'), ('పా', 'U'), ('ర్థి', '|'), ('వ', '|'), ('క', '|'), ('దం', 'U'), ('బ', '|'), ('ము', '|'), ('గూ', 'U'), ('ర్చి', '|'), ('న', '|'), ('మే', 'U'), ('టి', '|'), ('రా', 'U'), ('మ', '|'), ('నా', 'U'), ('త', '|'), ('ల', '|'), ('పు', '|'), ('న', '|'), ('నా', 'U'), ('టి', '|'), ('రా', 'U'), ('గ', '|'), ('ద', '|'), ('వె', '|'), ('దా', 'U'), ('శ', '|'), ('ర', '|'), ('థీ', 'U'), ('క', '|'), ('రు', '|'), ('ణా', 'U'), ('ప', '|'), ('యో', 'U'), ('ని', '|'), ('ధీ', 'U')]",0.9357142857142857,1.0,1.0,0.9285714285714286,0.75,1.0
vutpalamaala,"భండనభీముఁ డార్తజనబాంధవుఁ డుజ్జ్వలబాణతూణ కో
దండకలాప్రచండ భుజతాండవకీర్తికి రామమూర్తికిన్‌
రెండవసాటిదైవమిఁక లేఁడనుచున్‌ గడగట్టి భేరికా
డాండ డడాండడాండ నినదంబు లజాండము నిండ మత్తవే
దండము నెక్కిచాటెదను దాశరథీ! కరుణాపయోనిధీ!",vruttamu,Daasarathi,"[('భం', 'U'), ('డ', '|'), ('న', '|'), ('భీ', 'U'), ('ము', '|'), ('డా', 'U'), ('ర్త', '|'), ('జ', '|'), ('న', '|'), ('బాం', 'U'), ('ధ', '|'), ('వు', '|'), ('డు', 'U'), ('జ్జ్వ', '|'), ('ల', '|'), ('బా', 'U'), ('ణ', '|'), ('తూ', 'U'), ('ణ', '|'), ('కో', 'U'), ('దం', 'U'), ('డ', '|'), ('క', '|'), ('లా', 'U'), ('ప్ర', '|'), ('చం', 'U'), ('డ', '|'), ('భు', '|'), ('జ', '|'), ('తాం', 'U'), ('డ', '|'), ('వ', '|'), ('కీ', 'U'), ('ర్తి', '|'), ('కి', '|'), ('రా', 'U'), ('మ', '|'), ('మూ', 'U'), ('ర్తి', '|'), ('కిన్', 'U'), ('రెం', 'U'), ('డ', '|'), ('వ', '|'), ('సా', 'U'), ('టి', '|'), ('దై', 'U'), ('వ', '|'), ('మి', '|'), ('క', '|'), ('లే', 'U'), ('డ', '|'), ('ను', '|'), ('చు', 'U'), ('న్గ', '|'), ('డ', '|'), ('గ', 'U'), ('ట్టి', '|'), ('భే', 'U'), ('రి', '|'), ('కా', 'U'), ('డాం', 'U'), ('డ', '|'), ('డ', '|'), ('డాం', 'U'), ('డ', '|'), ('డాం', 'U'), ('డ', '|'), ('ని', '|'), ('న', '|'), ('దం', 'U'), ('బు', '|'), ('ల', '|'), ('జాం', 'U'), ('డ', '|'), ('ము', '|'), ('నిం', 'U'), ('డ', '|'), ('మ', 'U'), ('త్త', '|'), ('వే', 'U'), ('దం', 'U'), ('డ', '|'), ('ము', '|'), ('నె', 'U'), ('క్కి', '|'), ('చా', 'U'), ('టె', '|'), ('ద', '|'), ('ను', '|'), ('దా', 'U'), ('శ', '|'), ('ర', '|'), ('థీ', 'U'), ('క', '|'), ('రు', '|'), ('ణా', 'U'), ('ప', '|'), ('యో', 'U'), ('ని', '|'), ('ధీ', 'U')]",0.9,0.75,1.0,1.0,0.75,1.0
vutpalamaala,"అవనిజ కన్నుదోయితొగలందు వెలింగెడు సోమ జానకీ
కువలయనేత్ర గబ్బిచనుఁగొండలనుండు ఘనంబ మైథిలీ
నవనవయౌవనంబను వనంబునకున్‌ మదదంతి వీవెకా
దవిలి భజింతు నెల్లపుడు దాశరథీ! కరుణాపయోనిధీ!",vruttamu,Daasarathi,"[('అ', '|'), ('వ', '|'), ('ని', '|'), ('జ', '|'), ('క', 'U'), ('న్ను', '|'), ('దో', 'U'), ('యి', '|'), ('తొ', '|'), ('గ', '|'), ('లం', 'U'), ('దు', '|'), ('వె', '|'), ('లిం', 'U'), ('గె', '|'), ('డు', '|'), ('సో', 'U'), ('మ', '|'), ('జా', 'U'), ('న', '|'), ('కీ', 'U'), ('కు', '|'), ('వ', '|'), ('ల', '|'), ('య', '|'), ('నే', 'U'), ('త్ర', '|'), ('గ', 'U'), ('బ్బి', '|'), ('చ', '|'), ('ను', '|'), ('గొం', 'U'), ('డ', '|'), ('ల', '|'), ('నుం', 'U'), ('డు', '|'), ('ఘ', '|'), ('నం', 'U'), ('బ', '|'), ('మై', 'U'), ('థి', '|'), ('లీ', 'U'), ('న', '|'), ('వ', '|'), ('న', '|'), ('వ', '|'), ('యౌ', 'U'), ('వ', '|'), ('నం', 'U'), ('బ', '|'), ('ను', '|'), ('వ', '|'), ('నం', 'U'), ('బు', '|'), ('న', '|'), ('కు', 'U'), ('న్మ', '|'), ('ద', '|'), ('దం', 'U'), ('తి', '|'), ('వీ', 'U'), ('వె', '|'), ('కా', 'U'), ('ద', '|'), ('వి', '|'), ('లి', '|'), ('భ', '|'), ('జిం', 'U'), ('తు', '|'), ('నె', 'U'), ('ల్ల', '|'), ('పు', '|'), ('డు', '|'), ('దా', 'U'), ('శ', '|'), ('ర', '|'), ('థీ', 'U'), ('క', '|'), ('రు', '|'), ('ణా', 'U'), ('ప', '|'), ('యో', 'U'), ('ని', '|'), ('ధీ', 'U')]",0.5257142857142857,0.95,1.0,0.1785714285714286,0.0,0.5
champakamaala,"ఖరకరవంశజా విను మఖండిత భూతపిశాచ ఢాకినీ
జ్వరపరితాప సర్వభయవారకమైన భవత్పదాబ్జవి
స్ఫురదురువజ్రపంజరముఁ జొచ్చితి నీయెడ దీనమానవో
ద్ధరబిరుదాంక యేమఱకు దాశరథీ! కరుణాపయోనిధీ!",vruttamu,Daasarathi,"[('ఖ', '|'), ('ర', '|'), ('క', '|'), ('ర', '|'), ('వం', 'U'), ('శ', '|'), ('జా', 'U'), ('వి', '|'), ('ను', '|'), ('మ', '|'), ('ఖం', 'U'), ('డి', '|'), ('త', '|'), ('భూ', 'U'), ('త', '|'), ('పి', '|'), ('శా', 'U'), ('చ', '|'), ('ఢా', 'U'), ('కి', '|'), ('నీ', 'U'), ('జ్వ', '|'), ('ర', '|'), ('ప', '|'), ('రి', '|'), ('తా', 'U'), ('ప', '|'), ('స', 'U'), ('ర్వ', '|'), ('భ', '|'), ('య', '|'), ('వా', 'U'), ('ర', '|'), ('క', '|'), ('మై', 'U'), ('న', '|'), ('భ', '|'), ('వ', 'U'), ('త్ప', '|'), ('దా', 'U'), ('బ్జ', '|'), ('వి', 'U'), ('స్ఫు', '|'), ('ర', '|'), ('దు', '|'), ('రు', '|'), ('వ', '|'), ('జ్ర', '|'), ('పం', 'U'), ('జ', '|'), ('ర', '|'), ('ము', '|'), ('జొ', 'U'), ('చ్చి', '|'), ('తి', '|'), ('నీ', 'U'), ('యె', '|'), ('డ', '|'), ('దీ', 'U'), ('న', '|'), ('మా', 'U'), ('న', '|'), ('వో', 'U'), ('ద్ధ', '|'), ('ర', '|'), ('బి', '|'), ('రు', '|'), ('దాం', 'U'), ('క', '|'), ('యే', 'U'), ('మ', '|'), ('ఱ', '|'), ('కు', '|'), ('దా', 'U'), ('శ', '|'), ('ర', '|'), ('థీ', 'U'), ('క', '|'), ('రు', '|'), ('ణా', 'U'), ('ప', '|'), ('యో', 'U'), ('ని', '|'), ('ధీ', 'U')]",0.9928571428571429,1.0,1.0,0.9642857142857143,1.0,1.0
vutpalamaala,"జుఱ్ఱెద మీకథామృతము జుఱ్ఱెద మీపదకంజతోయమున్‌
జుఱ్ఱెద రామనామమున జొబ్బిలుచున్న సుధారసంబు నే
జుఱ్ఱెద జుఱ్ఱజుఱ్ఱఁగ రుచుల్‌ గనువారిపదంబుఁ గూర్పవే
తఱ్ఱులతోడి పొత్తిడక దాశరథీ! కరుణాపయోనిధీ!",vruttamu,Daasarathi,"[('జు', 'U'), ('ఱ్ఱె', '|'), ('ద', '|'), ('మీ', 'U'), ('క', '|'), ('థా', 'U'), ('మృ', '|'), ('త', '|'), ('ము', '|'), ('జు', 'U'), ('ఱ్ఱె', '|'), ('ద', '|'), ('మీ', 'U'), ('ప', '|'), ('ద', '|'), ('కం', 'U'), ('జ', '|'), ('తో', 'U'), ('య', '|'), ('మున్', 'U'), ('జు', 'U'), ('ఱ్ఱె', '|'), ('ద', '|'), ('రా', 'U'), ('మ', '|'), ('నా', 'U'), ('మ', '|'), ('ము', '|'), ('న', '|'), ('జొ', 'U'), ('బ్బి', '|'), ('లు', '|'), ('చు', 'U'), ('న్న', '|'), ('సు', '|'), ('ధా', 'U'), ('ర', '|'), ('సం', 'U'), ('బు', '|'), ('నే', 'U'), ('జు', 'U'), ('ఱ్ఱె', '|'), ('ద', '|'), ('జు', 'U'), ('ఱ్ఱ', '|'), ('జు', 'U'), ('ఱ్ఱ', '|'), ('గ', '|'), ('రు', '|'), ('చు', 'U'), ('ల్గ', '|'), ('ను', '|'), ('వా', 'U'), ('రి', '|'), ('ప', '|'), ('దం', 'U'), ('బు', '|'), ('గూ', 'U'), ('ర్ప', '|'), ('వే', 'U'), ('త', 'U'), ('ఱ్ఱు', '|'), ('ల', '|'), ('తో', 'U'), ('డి', '|'), ('పొ', 'U'), ('త్తి', '|'), ('డ', '|'), ('క', '|'), ('దా', 'U'), ('శ', '|'), ('ర', '|'), ('థీ', 'U'), ('క', '|'), ('రు', '|'), ('ణా', 'U'), ('ప', '|'), ('యో', 'U'), ('ని', '|'), ('ధీ', 'U')]",1.0,1.0,1.0,1.0,1.0,1.0
vutpalamaala,"ఘోరకృతాంతవీరభటకోటికి గుండెదిగుల్‌ దరిద్రతా
కారపిశాచసంహరణకార్యవినోది వికుంఠమందిర
ద్వార కవాటభేది నిజదాసజనావళికెల్ల ప్రొద్దు నీ
తారకనామ మెన్నుకొన దాశరథీ! కరుణాపయోనిధీ!",vruttamu,Daasarathi,"[('ఘో', 'U'), ('ర', '|'), ('కృ', '|'), ('తాం', 'U'), ('త', '|'), ('వీ', 'U'), ('ర', '|'), ('భ', '|'), ('ట', '|'), ('కో', 'U'), ('టి', '|'), ('కి', '|'), ('గుం', 'U'), ('డె', '|'), ('ది', '|'), ('గు', 'U'), ('ల్ద', '|'), ('రి', '|'), ('ద్ర', '|'), ('తా', 'U'), ('కా', 'U'), ('ర', '|'), ('పి', '|'), ('శా', 'U'), ('చ', '|'), ('సం', 'U'), ('హ', '|'), ('ర', '|'), ('ణ', '|'), ('కా', 'U'), ('ర్య', '|'), ('వి', '|'), ('నో', 'U'), ('ది', '|'), ('వి', '|'), ('కుం', 'U'), ('ఠ', '|'), ('మం', 'U'), ('ది', '|'), ('ర', 'U'), ('ద్వా', 'U'), ('ర', '|'), ('క', '|'), ('వా', 'U'), ('ట', '|'), ('భే', 'U'), ('ది', '|'), ('ని', '|'), ('జ', '|'), ('దా', 'U'), ('స', '|'), ('జ', '|'), ('నా', 'U'), ('వ', '|'), ('ళి', '|'), ('కె', 'U'), ('ల్ల', '|'), ('ప్రొ', 'U'), ('ద్దు', '|'), ('నీ', 'U'), ('తా', 'U'), ('ర', '|'), ('క', '|'), ('నా', 'U'), ('మ', '|'), ('మె', 'U'), ('న్ను', '|'), ('కొ', '|'), ('న', '|'), ('దా', 'U'), ('శ', '|'), ('ర', '|'), ('థీ', 'U'), ('క', '|'), ('రు', '|'), ('ణా', 'U'), ('ప', '|'), ('యో', 'U'), ('ని', '|'), ('ధీ', 'U')]",0.9928571428571429,1.0,1.0,0.9642857142857143,1.0,1.0
vutpalamaala,"విన్నపమాలకించు రఘువీర! నహిప్రతిలోకమందు నా
కన్నదురాత్ముఁడు బరమకారుణికోత్తమ! వేల్పులందు నీ
కన్న మహాత్ముఁడుం బతిత కల్మషదూరుఁడు లేఁడునాకు వి
ద్వన్నుత నీవె నాకు గతి దాశరథీ! కరుణాపయోనిధీ!",vruttamu,Daasarathi,"[('వి', 'U'), ('న్న', '|'), ('ప', '|'), ('మా', 'U'), ('ల', '|'), ('కిం', 'U'), ('చు', '|'), ('ర', '|'), ('ఘు', '|'), ('వీ', 'U'), ('ర', '|'), ('న', '|'), ('హి', '|'), ('ప్ర', '|'), ('తి', '|'), ('లో', 'U'), ('క', '|'), ('మం', 'U'), ('దు', '|'), ('నా', 'U'), ('క', 'U'), ('న్న', '|'), ('దు', '|'), ('రా', 'U'), ('త్ము', '|'), ('డు', '|'), ('బ', '|'), ('ర', '|'), ('మ', '|'), ('కా', 'U'), ('రు', '|'), ('ణి', '|'), ('కో', 'U'), ('త్త', '|'), ('మ', '|'), ('వే', 'U'), ('ల్పు', '|'), ('లం', 'U'), ('దు', '|'), ('నీ', 'U'), ('క', 'U'), ('న్న', '|'), ('మ', '|'), ('హా', 'U'), ('త్ము', '|'), ('డుం', 'U'), ('బ', '|'), ('తి', '|'), ('త', '|'), ('క', 'U'), ('ల్మ', '|'), ('ష', '|'), ('దూ', 'U'), ('రు', '|'), ('డు', '|'), ('లే', 'U'), ('డు', '|'), ('నా', 'U'), ('కు', '|'), ('వి', 'U'), ('ద్వ', 'U'), ('న్ను', '|'), ('త', '|'), ('నీ', 'U'), ('వె', '|'), ('నా', 'U'), ('కు', '|'), ('గ', '|'), ('తి', '|'), ('దా', 'U'), ('శ', '|'), ('ర', '|'), ('థీ', 'U'), ('క', '|'), ('రు', '|'), ('ణా', 'U'), ('ప', '|'), ('యో', 'U'), ('ని', '|'), ('ధీ', 'U')]",0.9857142857142858,1.0,1.0,0.9285714285714286,1.0,1.0
vutpalamaala,"పెంపనుఁ దల్లివై కలుషబృందసమాగమ మొందకుండ ర
క్షింపను దండ్రివై మెయువసించు దశేంద్రియరోగముల్‌ నివా
రింపను వెజ్జువై కృప గుఱించి పరంబు దిరంబుగాఁగ స
త్సంపదలీయ నీవెగతి దాశరథీ! కరుణాపయోనిధీ!",vruttamu,Daasarathi,"[('పెం', 'U'), ('ప', '|'), ('ను', '|'), ('ద', 'U'), ('ల్లి', '|'), ('వై', 'U'), ('క', '|'), ('లు', '|'), ('ష', '|'), ('బృం', 'U'), ('ద', '|'), ('స', '|'), ('మా', 'U'), ('గ', '|'), ('మ', '|'), ('మొం', 'U'), ('ద', '|'), ('కుం', 'U'), ('డ', '|'), ('ర', 'U'), ('క్షిం', 'U'), ('ప', '|'), ('ను', '|'), ('దం', 'U'), ('డ్రి', '|'), ('వై', 'U'), ('మె', '|'), ('యు', '|'), ('వ', '|'), ('సిం', 'U'), ('చు', '|'), ('ద', '|'), ('శేం', 'U'), ('ద్రి', '|'), ('య', '|'), ('రో', 'U'), ('గ', '|'), ('ము', 'U'), ('ల్ని', '|'), ('వా', 'U'), ('రిం', 'U'), ('ప', '|'), ('ను', '|'), ('వె', 'U'), ('జ్జు', '|'), ('వై', 'U'), ('కృ', '|'), ('ప', '|'), ('గు', '|'), ('ఱిం', 'U'), ('చి', '|'), ('ప', '|'), ('రం', 'U'), ('బు', '|'), ('ది', '|'), ('రం', 'U'), ('బు', '|'), ('గా', 'U'), ('గ', '|'), ('స', 'U'), ('త్సం', 'U'), ('ప', '|'), ('ద', '|'), ('లీ', 'U'), ('య', '|'), ('నీ', 'U'), ('వె', '|'), ('గ', '|'), ('తి', '|'), ('దా', 'U'), ('శ', '|'), ('ర', '|'), ('థీ', 'U'), ('క', '|'), ('రు', '|'), ('ణా', 'U'), ('ప', '|'), ('యో', 'U'), ('ని', '|'), ('ధీ', 'U')]",0.95,1.0,1.0,1.0,0.75,1.0
vutpalamaala,"కుక్షినజాండ పంక్తులొనఁగూర్చి చరాచరజంతుకోటి సం
రక్షణసేయు తండ్రివి పరంపర నీ తనయుండనైన నా
పక్షము నీవు గావలదె పాపము లెన్ని యొనర్చినన్‌ జగ
ద్రక్షక కర్త వీవె కద దాశరథీ! కరుణాపయోనిధీ!",vruttamu,Daasarathi,"[('కు', 'U'), ('క్షి', '|'), ('న', '|'), ('జాం', 'U'), ('డ', '|'), ('పం', 'U'), ('క్తు', '|'), ('లొ', '|'), ('న', '|'), ('గూ', 'U'), ('ర్చి', '|'), ('చ', '|'), ('రా', 'U'), ('చ', '|'), ('ర', '|'), ('జం', 'U'), ('తు', '|'), ('కో', 'U'), ('టి', '|'), ('సం', 'U'), ('ర', 'U'), ('క్ష', '|'), ('ణ', '|'), ('సే', 'U'), ('యు', '|'), ('తం', 'U'), ('డ్రి', '|'), ('వి', '|'), ('ప', '|'), ('రం', 'U'), ('ప', '|'), ('ర', '|'), ('నీ', 'U'), ('త', '|'), ('న', '|'), ('యుం', 'U'), ('డ', '|'), ('నై', 'U'), ('న', '|'), ('నా', 'U'), ('ప', 'U'), ('క్ష', '|'), ('ము', '|'), ('నీ', 'U'), ('వు', '|'), ('గా', 'U'), ('వ', '|'), ('ల', '|'), ('దె', '|'), ('పా', 'U'), ('ప', '|'), ('ము', '|'), ('లె', 'U'), ('న్ని', '|'), ('యొ', '|'), ('న', 'U'), ('ర్చి', '|'), ('న', 'U'), ('న్జ', '|'), ('గ', '|'), ('ద్ర', 'U'), ('క్ష', '|'), ('క', '|'), ('క', 'U'), ('ర్త', '|'), ('వీ', 'U'), ('వె', '|'), ('క', '|'), ('ద', '|'), ('దా', 'U'), ('శ', '|'), ('ర', '|'), ('థీ', 'U'), ('క', '|'), ('రు', '|'), ('ణా', 'U'), ('ప', '|'), ('యో', 'U'), ('ని', '|'), ('ధీ', 'U')]",0.9928571428571429,1.0,1.0,0.9642857142857143,1.0,1.0
vutpalamaala,"గద్దరి యోగిహృత్కమల గంధరసానుభవంబుఁజెందు పె
న్నిద్దపు గండుఁదేఁటి ధరణీసుత కౌఁగిలిపంజరంబునన్‌
ముద్దులు గుల్కు రాచిలక ముక్తినిధానమ రామ రాఁగదే
తద్దయు నేఁడు నాకడకు దాశరథీ! కరుణాపయోనిధీ!",vruttamu,Daasarathi,"[('గ', 'U'), ('ద్ద', '|'), ('రి', '|'), ('యో', 'U'), ('గి', '|'), ('హృ', 'U'), ('త్క', '|'), ('మ', '|'), ('ల', '|'), ('గం', 'U'), ('ధ', '|'), ('ర', '|'), ('సా', 'U'), ('ను', '|'), ('భ', '|'), ('వం', 'U'), ('బు', '|'), ('జెం', 'U'), ('దు', '|'), ('పె', 'U'), ('న్ని', 'U'), ('ద్ద', '|'), ('పు', '|'), ('గం', 'U'), ('డు', '|'), ('దే', 'U'), ('టి', '|'), ('ధ', '|'), ('ర', '|'), ('ణీ', 'U'), ('సు', '|'), ('త', '|'), ('కౌ', 'U'), ('గి', '|'), ('లి', '|'), ('పం', 'U'), ('జ', '|'), ('రం', 'U'), ('బు', '|'), ('నన్', 'U'), ('ము', 'U'), ('ద్దు', '|'), ('లు', '|'), ('గు', 'U'), ('ల్కు', '|'), ('రా', 'U'), ('చి', '|'), ('ల', '|'), ('క', '|'), ('ము', 'U'), ('క్తి', '|'), ('ని', '|'), ('ధా', 'U'), ('న', '|'), ('మ', '|'), ('రా', 'U'), ('మ', '|'), ('రా', 'U'), ('గ', '|'), ('దే', 'U'), ('త', 'U'), ('ద్ద', '|'), ('యు', '|'), ('నే', 'U'), ('డు', '|'), ('నా', 'U'), ('క', '|'), ('డ', '|'), ('కు', '|'), ('దా', 'U'), ('శ', '|'), ('ర', '|'), ('థీ', 'U'), ('క', '|'), ('రు', '|'), ('ణా', 'U'), ('ప', '|'), ('యో', 'U'), ('ని', '|'), ('ధీ', 'U')]",1.0,1.0,1.0,1.0,1.0,1.0
champakamaala,"కలియుగ మర్త్యకోటి నినుఁ గన్గొనరాని విధంబొ భక్తవ
త్సలతవహింపవో చటుల సాంద్రవిపద్దశ వార్ధిఁగ్రుంకుచో
బిలిచినఁ బల్కవింతమఱపే నరులిట్లనరాదుగాక నీ
తలఁపునలేదే సీత చెఱ దాశరథీ! కరుణాపయోనిధీ!",vruttamu,Daasarathi,"[('క', '|'), ('లి', '|'), ('యు', '|'), ('గ', '|'), ('మ', 'U'), ('ర్త్య', '|'), ('కో', 'U'), ('టి', '|'), ('ని', '|'), ('ను', '|'), ('గ', 'U'), ('న్గొ', '|'), ('న', '|'), ('రా', 'U'), ('ని', '|'), ('వి', '|'), ('ధం', 'U'), ('బొ', '|'), ('భ', 'U'), ('క్త', '|'), ('వ', 'U'), ('త్స', '|'), ('ల', '|'), ('త', '|'), ('వ', '|'), ('హిం', 'U'), ('ప', '|'), ('వో', 'U'), ('చ', '|'), ('టు', '|'), ('ల', '|'), ('సాం', 'U'), ('ద్ర', '|'), ('వి', '|'), ('ప', 'U'), ('ద్ద', '|'), ('శ', '|'), ('వా', 'U'), ('ర్ధి', '|'), ('గ్రుం', 'U'), ('కు', '|'), ('చో', 'U'), ('బి', '|'), ('లి', '|'), ('చి', '|'), ('న', '|'), ('బ', 'U'), ('ల్క', '|'), ('విం', 'U'), ('త', '|'), ('మ', '|'), ('ఱ', '|'), ('పే', 'U'), ('న', '|'), ('రు', '|'), ('లి', 'U'), ('ట్ల', '|'), ('న', '|'), ('రా', 'U'), ('దు', '|'), ('గా', 'U'), ('క', '|'), ('నీ', 'U'), ('త', '|'), ('ల', '|'), ('పు', '|'), ('న', '|'), ('లే', 'U'), ('దే', 'U'), ('సీ', 'U'), ('త', '|'), ('చె', '|'), ('ఱ', '|'), ('దా', 'U'), ('శ', '|'), ('ర', '|'), ('థీ', 'U'), ('క', '|'), ('రు', '|'), ('ణా', 'U'), ('ప', '|'), ('యో', 'U'), ('ని', '|'), ('ధీ', 'U')]",0.9928571428571429,1.0,1.0,0.9642857142857143,1.0,1.0
champakamaala,"జనవర! మీ కథాళి విన సైఁపక కర్ణములందు ఘంటికా
నినద వినోదముల్‌ సలుపు నీచునకున్‌ వరమిచ్చినావు ని
న్ననయమునమ్మి కొల్చిన మహాత్ములకేమి యొసంగెదో సనం
దననుత! మాకొసంగుమయ దాశరథీ! కరుణాపయోనిధీ!",vruttamu,Daasarathi,"[('జ', '|'), ('న', '|'), ('వ', '|'), ('ర', '|'), ('మీ', 'U'), ('క', '|'), ('థా', 'U'), ('ళి', '|'), ('వి', '|'), ('న', '|'), ('సై', 'U'), ('ప', '|'), ('క', '|'), ('క', 'U'), ('ర్ణ', '|'), ('ము', '|'), ('లం', 'U'), ('దు', '|'), ('ఘం', 'U'), ('టి', '|'), ('కా', 'U'), ('ని', '|'), ('న', '|'), ('ద', '|'), ('వి', '|'), ('నో', 'U'), ('ద', '|'), ('ము', 'U'), ('ల్స', '|'), ('లు', '|'), ('పు', '|'), ('నీ', 'U'), ('చు', '|'), ('న', '|'), ('కు', 'U'), ('న్వ', '|'), ('ర', '|'), ('మి', 'U'), ('చ్చి', '|'), ('నా', 'U'), ('వు', '|'), ('ని', 'U'), ('న్న', '|'), ('న', '|'), ('య', '|'), ('ము', '|'), ('న', 'U'), ('మ్మి', '|'), ('కొ', 'U'), ('ల్చి', '|'), ('న', '|'), ('మ', '|'), ('హా', 'U'), ('త్ము', '|'), ('ల', '|'), ('కే', 'U'), ('మి', '|'), ('యొ', '|'), ('సం', 'U'), ('గె', '|'), ('దో', 'U'), ('స', '|'), ('నం', 'U'), ('ద', '|'), ('న', '|'), ('ను', '|'), ('త', '|'), ('మా', 'U'), ('కొ', '|'), ('సం', 'U'), ('గు', '|'), ('మ', '|'), ('య', '|'), ('దా', 'U'), ('శ', '|'), ('ర', '|'), ('థీ', 'U'), ('క', '|'), ('రు', '|'), ('ణా', 'U'), ('ప', '|'), ('యో', 'U'), ('ని', '|'), ('ధీ', 'U')]",0.95,1.0,1.0,1.0,0.75,1.0
vutpalamaala,"పాపము లొందువేళ రణపన్నగభూత భయజ్వరాదులం
దాపద నొందువేళ భరతాగ్రజ మిమ్ము భజించువారికిం
బ్రాపుగ నీవుఁ దమ్ముఁడిరు ప్రక్కియలంజని తద్విపత్తిసం
తాపముమాన్పి కాతువఁట దాశరథీ! కరుణాపయోనిధీ!",vruttamu,Daasarathi,"[('పా', 'U'), ('ప', '|'), ('ము', '|'), ('లొం', 'U'), ('దు', '|'), ('వే', 'U'), ('ళ', '|'), ('ర', '|'), ('ణ', '|'), ('ప', 'U'), ('న్న', '|'), ('గ', '|'), ('భూ', 'U'), ('త', '|'), ('భ', '|'), ('య', 'U'), ('జ్వ', '|'), ('రా', 'U'), ('దు', '|'), ('లం', 'U'), ('దా', 'U'), ('ప', '|'), ('ద', '|'), ('నొం', 'U'), ('దు', '|'), ('వే', 'U'), ('ళ', '|'), ('భ', '|'), ('ర', '|'), ('తా', 'U'), ('గ్ర', '|'), ('జ', '|'), ('మి', 'U'), ('మ్ము', '|'), ('భ', '|'), ('జిం', 'U'), ('చు', '|'), ('వా', 'U'), ('రి', '|'), ('కిం', 'U'), ('బ్రా', 'U'), ('పు', '|'), ('గ', '|'), ('నీ', 'U'), ('వు', '|'), ('ద', 'U'), ('మ్ము', '|'), ('డి', '|'), ('రు', '|'), ('ప్ర', 'U'), ('క్కి', '|'), ('య', '|'), ('లం', 'U'), ('జ', '|'), ('ని', '|'), ('త', 'U'), ('ద్వి', '|'), ('ప', 'U'), ('త్తి', '|'), ('సం', 'U'), ('తా', 'U'), ('ప', '|'), ('ము', '|'), ('మా', 'U'), ('న్పి', '|'), ('కా', 'U'), ('తు', '|'), ('వ', '|'), ('ట', '|'), ('దా', 'U'), ('శ', '|'), ('ర', '|'), ('థీ', 'U'), ('క', '|'), ('రు', '|'), ('ణా', 'U'), ('ప', '|'), ('యో', 'U'), ('ని', '|'), ('ధీ', 'U')]",1.0,1.0,1.0,1.0,1.0,1.0
champakamaala,"అగణితజన్మకర్మదురితాంబుధిలోఁ బహుదుఃఖవీచికల్‌
దెగిపడ నీఁదలేక జగతీధవ నీ పదభక్తినావచేఁ
దగిలి తరింపగోరితిఁ బదంపడి నాదు భయంబుమాన్పవే
తగదని చిత్తమందిడక దాశరథీ! కరుణాపయోనిధీ!",vruttamu,Daasarathi,"[('అ', '|'), ('గ', '|'), ('ణి', '|'), ('త', '|'), ('జ', 'U'), ('న్మ', '|'), ('క', 'U'), ('ర్మ', '|'), ('దు', '|'), ('రి', '|'), ('తాం', 'U'), ('బు', '|'), ('ధి', '|'), ('లో', 'U'), ('బ', '|'), ('హు', '|'), ('దుః', 'U'), ('ఖ', '|'), ('వీ', 'U'), ('చి', '|'), ('కల్', 'U'), ('దె', '|'), ('గి', '|'), ('ప', '|'), ('డ', '|'), ('నీ', 'U'), ('ద', '|'), ('లే', 'U'), ('క', '|'), ('జ', '|'), ('గ', '|'), ('తీ', 'U'), ('ధ', '|'), ('వ', '|'), ('నీ', 'U'), ('ప', '|'), ('ద', '|'), ('భ', 'U'), ('క్తి', '|'), ('నా', 'U'), ('వ', '|'), ('చే', 'U'), ('ద', '|'), ('గి', '|'), ('లి', '|'), ('త', '|'), ('రిం', 'U'), ('ప', '|'), ('గో', 'U'), ('రి', '|'), ('తి', '|'), ('బ', '|'), ('దం', 'U'), ('ప', '|'), ('డి', '|'), ('నా', 'U'), ('దు', '|'), ('భ', '|'), ('యం', 'U'), ('బు', '|'), ('మా', 'U'), ('న్ప', '|'), ('వే', 'U'), ('త', '|'), ('గ', '|'), ('ద', '|'), ('ని', '|'), ('చి', 'U'), ('త్త', '|'), ('మం', 'U'), ('ది', '|'), ('డ', '|'), ('క', '|'), ('దా', 'U'), ('శ', '|'), ('ర', '|'), ('థీ', 'U'), ('క', '|'), ('రు', '|'), ('ణా', 'U'), ('ప', '|'), ('యో', 'U'), ('ని', '|'), ('ధీ', 'U')]",0.95,1.0,1.0,1.0,0.75,1.0
vutpalamaala,"నేనొనరించు పాపము లనేకములైనను నాదుజిహ్వకుం
బానకమయ్యె మీపరమ పావననామము దొంటి చిల్క ""రా
మా! ననుఁగావు""మన్న తుది మాటకు సద్గతిఁజెందెఁ గావునన్‌
దాని ధరింపఁగోరెదను దాశరథీ! కరుణాపయోనిధీ!",vruttamu,Daasarathi,"[('నే', 'U'), ('నొ', '|'), ('న', '|'), ('రిం', 'U'), ('చు', '|'), ('పా', 'U'), ('ప', '|'), ('ము', '|'), ('ల', '|'), ('నే', 'U'), ('క', '|'), ('ము', '|'), ('లై', 'U'), ('న', '|'), ('ను', '|'), ('నా', 'U'), ('దు', '|'), ('జి', 'U'), ('హ్వ', '|'), ('కుం', 'U'), ('బా', 'U'), ('న', '|'), ('క', '|'), ('మ', 'U'), ('య్యె', '|'), ('మీ', 'U'), ('ప', '|'), ('ర', '|'), ('మ', '|'), ('పా', 'U'), ('వ', '|'), ('న', '|'), ('నా', 'U'), ('మ', '|'), ('ము', '|'), ('దొం', 'U'), ('టి', '|'), ('చి', 'U'), ('ల్క', '|'), ('రా', 'U'), ('మా', 'U'), ('న', '|'), ('ను', '|'), ('గా', 'U'), ('వు', '|'), ('మ', 'U'), ('న్న', '|'), ('తు', '|'), ('ది', '|'), ('మా', 'U'), ('ట', '|'), ('కు', '|'), ('స', 'U'), ('ద్గ', '|'), ('తి', '|'), ('జెం', 'U'), ('దె', '|'), ('గా', 'U'), ('వు', '|'), ('నన్', 'U'), ('దా', 'U'), ('ని', '|'), ('ధ', '|'), ('రిం', 'U'), ('ప', '|'), ('గో', 'U'), ('రె', '|'), ('ద', '|'), ('ను', '|'), ('దా', 'U'), ('శ', '|'), ('ర', '|'), ('థీ', 'U'), ('క', '|'), ('రు', '|'), ('ణా', 'U'), ('ప', '|'), ('యో', 'U'), ('ని', '|'), ('ధీ', 'U')]",1.0,1.0,1.0,1.0,1.0,1.0
champakamaala,"పరధనముల్‌ హరించి పరభామలనంటి పరాన్నమబ్బినన్‌
మురిపముకాని మీఁదనగు మోసమెఱుంగదు మానసంబు దు
స్తరమిది కాలకింకర గదాహతి పాల్పడనీక మమ్మునే
తఱిదరిఁజేర్చి కాచెదవొ దాశరథీ! కరుణాపయోనిధీ!",vruttamu,Daasarathi,"[('ప', '|'), ('ర', '|'), ('ధ', '|'), ('న', '|'), ('ము', 'U'), ('ల్హ', '|'), ('రిం', 'U'), ('చి', '|'), ('ప', '|'), ('ర', '|'), ('భా', 'U'), ('మ', '|'), ('ల', '|'), ('నం', 'U'), ('టి', '|'), ('ప', '|'), ('రా', 'U'), ('న్న', '|'), ('మ', 'U'), ('బ్బి', '|'), ('నన్', 'U'), ('ము', '|'), ('రి', '|'), ('ప', '|'), ('ము', '|'), ('కా', 'U'), ('ని', '|'), ('మీ', 'U'), ('ద', '|'), ('న', '|'), ('గు', '|'), ('మో', 'U'), ('స', '|'), ('మె', '|'), ('ఱుం', 'U'), ('గ', '|'), ('దు', '|'), ('మా', 'U'), ('న', '|'), ('సం', 'U'), ('బు', '|'), ('దు', 'U'), ('స్త', '|'), ('ర', '|'), ('మి', '|'), ('ది', '|'), ('కా', 'U'), ('ల', '|'), ('కిం', 'U'), ('క', '|'), ('ర', '|'), ('గ', '|'), ('దా', 'U'), ('హ', '|'), ('తి', '|'), ('పా', 'U'), ('ల్ప', '|'), ('డ', '|'), ('నీ', 'U'), ('క', '|'), ('మ', 'U'), ('మ్ము', '|'), ('నే', 'U'), ('త', '|'), ('ఱి', '|'), ('ద', '|'), ('రి', '|'), ('జే', 'U'), ('ర్చి', '|'), ('కా', 'U'), ('చె', '|'), ('ద', '|'), ('వొ', '|'), ('దా', 'U'), ('శ', '|'), ('ర', '|'), ('థీ', 'U'), ('క', '|'), ('రు', '|'), ('ణా', 'U'), ('ప', '|'), ('యో', 'U'), ('ని', '|'), ('ధీ', 'U')]",0.95,1.0,1.0,1.0,1.0,0.75
vutpalamaala,"చేసితి ఘోరకృత్యములు చేసితి భాగవతాపచారముల్‌
చేసితి నన్యదైవములఁ జేరి భజించిన వారిపొందు నేఁ
చేసితినేరముల్‌ దలఁచి చిక్కులఁబెట్టకుమయ్య యయ్య నీ
దాసుఁడనయ్య భద్రగిరి దాశరథీ! కరుణాపయోనిధీ!",vruttamu,Daasarathi,"[('చే', 'U'), ('సి', '|'), ('తి', '|'), ('ఘో', 'U'), ('ర', '|'), ('కృ', 'U'), ('త్య', '|'), ('ము', '|'), ('లు', '|'), ('చే', 'U'), ('సి', '|'), ('తి', '|'), ('భా', 'U'), ('గ', '|'), ('వ', '|'), ('తా', 'U'), ('ప', '|'), ('చా', 'U'), ('ర', '|'), ('ముల్', 'U'), ('చే', 'U'), ('సి', '|'), ('తి', '|'), ('న', 'U'), ('న్య', '|'), ('దై', 'U'), ('వ', '|'), ('ము', '|'), ('ల', '|'), ('జే', 'U'), ('రి', '|'), ('భ', '|'), ('జిం', 'U'), ('చి', '|'), ('న', '|'), ('వా', 'U'), ('రి', '|'), ('పొం', 'U'), ('దు', '|'), ('నే', 'U'), ('చే', 'U'), ('సి', '|'), ('తి', '|'), ('నే', 'U'), ('ర', '|'), ('ము', 'U'), ('ల్ద', '|'), ('ల', '|'), ('చి', '|'), ('చి', 'U'), ('క్కు', '|'), ('ల', '|'), ('బె', 'U'), ('ట్ట', '|'), ('కు', '|'), ('మ', 'U'), ('య్య', '|'), ('య', 'U'), ('య్య', '|'), ('నీ', 'U'), ('దా', 'U'), ('సు', '|'), ('డ', '|'), ('న', 'U'), ('య్య', '|'), ('భ', '|'), ('ద్ర', '|'), ('గి', '|'), ('రి', '|'), ('దా', 'U'), ('శ', '|'), ('ర', '|'), ('థీ', 'U'), ('క', '|'), ('రు', '|'), ('ణా', 'U'), ('ప', '|'), ('యో', 'U'), ('ని', '|'), ('ధీ', 'U')]",0.9928571428571429,1.0,1.0,0.9642857142857143,1.0,1.0
champakamaala,"పరుల ధనంబుఁజూచి పర భామల జూచి హరింపగోరు మ
ద్గురుతరమానసంబనెడు దొంగనుబట్టి నిరూఢదాస్య వి
స్ఫురితవివేక పాశములఁ జుట్టి భవచ్చరణంబనే మరు
త్తరువునఁ గట్టివేయఁగదె దాశరథీ! కరుణాపయోనిధీ!",vruttamu,Daasarathi,"[('ప', '|'), ('రు', '|'), ('ల', '|'), ('ధ', '|'), ('నం', 'U'), ('బు', '|'), ('జూ', 'U'), ('చి', '|'), ('ప', '|'), ('ర', '|'), ('భా', 'U'), ('మ', '|'), ('ల', '|'), ('జూ', 'U'), ('చి', '|'), ('హ', '|'), ('రిం', 'U'), ('ప', '|'), ('గో', 'U'), ('రు', '|'), ('మ', 'U'), ('ద్గు', '|'), ('రు', '|'), ('త', '|'), ('ర', '|'), ('మా', 'U'), ('న', '|'), ('సం', 'U'), ('బ', '|'), ('నె', '|'), ('డు', '|'), ('దొం', 'U'), ('గ', '|'), ('ను', '|'), ('బ', 'U'), ('ట్టి', '|'), ('ని', '|'), ('రూ', 'U'), ('ఢ', '|'), ('దా', 'U'), ('స్య', '|'), ('వి', 'U'), ('స్ఫు', '|'), ('రి', '|'), ('త', '|'), ('వి', '|'), ('వే', 'U'), ('క', '|'), ('పా', 'U'), ('శ', '|'), ('ము', '|'), ('ల', '|'), ('జు', 'U'), ('ట్టి', '|'), ('భ', '|'), ('వ', 'U'), ('చ్చ', '|'), ('ర', '|'), ('ణం', 'U'), ('బ', '|'), ('నే', 'U'), ('మ', '|'), ('రు', 'U'), ('త్త', '|'), ('రు', '|'), ('వు', '|'), ('న', '|'), ('గ', 'U'), ('ట్టి', '|'), ('వే', 'U'), ('య', '|'), ('గ', '|'), ('దె', '|'), ('దా', 'U'), ('శ', '|'), ('ర', '|'), ('థీ', 'U'), ('క', '|'), ('రు', '|'), ('ణా', 'U'), ('ప', '|'), ('యో', 'U'), ('ని', '|'), ('ధీ', 'U')]",1.0,1.0,1.0,1.0,1.0,1.0
champakamaala,"సలలిత రామనామ జప సారమెఱుంగను గాశికాపురీ
నిలయుఁడఁగాను మీచరణ నీరజరేణు మహాప్రభావముం
దెలియ నహల్యఁగాను జగతీవర! నీదగు సత్యవాక్యముం
దలఁపఁగ రావణాసురుని తమ్ముఁడగాను భవద్విలాసముల్‌
తలఁచి నుతింప నాతరమె దాశరథీ! కరుణాపయోనిధీ!",vruttamu,Daasarathi,"[('స', '|'), ('ల', '|'), ('లి', '|'), ('త', '|'), ('రా', 'U'), ('మ', '|'), ('నా', 'U'), ('మ', '|'), ('జ', '|'), ('ప', '|'), ('సా', 'U'), ('ర', '|'), ('మె', '|'), ('ఱుం', 'U'), ('గ', '|'), ('ను', '|'), ('గా', 'U'), ('శి', '|'), ('కా', 'U'), ('పు', '|'), ('రీ', 'U'), ('ని', '|'), ('ల', '|'), ('యు', '|'), ('డ', '|'), ('గా', 'U'), ('ను', '|'), ('మీ', 'U'), ('చ', '|'), ('ర', '|'), ('ణ', '|'), ('నీ', 'U'), ('ర', '|'), ('జ', '|'), ('రే', 'U'), ('ణు', '|'), ('మ', '|'), ('హా', 'U'), ('ప్ర', '|'), ('భా', 'U'), ('వ', '|'), ('ముం', 'U'), ('దె', '|'), ('లి', '|'), ('య', '|'), ('న', '|'), ('హ', 'U'), ('ల్య', '|'), ('గా', 'U'), ('ను', '|'), ('జ', '|'), ('గ', '|'), ('తీ', 'U'), ('వ', '|'), ('ర', '|'), ('నీ', 'U'), ('ద', '|'), ('గు', '|'), ('స', 'U'), ('త్య', '|'), ('వా', 'U'), ('క్య', '|'), ('ముం', 'U'), ('ద', '|'), ('ల', '|'), ('ప', '|'), ('గ', '|'), ('రా', 'U'), ('వ', '|'), ('ణా', 'U'), ('సు', '|'), ('రు', '|'), ('ని', '|'), ('త', 'U'), ('మ్ము', '|'), ('డ', '|'), ('గా', 'U'), ('ను', '|'), ('భ', '|'), ('వ', 'U'), ('ద్వి', '|'), ('లా', 'U'), ('స', '|'), ('ముల్', 'U'), ('త', '|'), ('ల', '|'), ('చి', '|'), ('ను', '|'), ('తిం', 'U'), ('ప', '|'), ('నా', 'U'), ('త', '|'), ('ర', '|'), ('మె', '|'), ('దా', 'U'), ('శ', '|'), ('ర', '|'), ('థీ', 'U'), ('క', '|'), ('రు', '|'), ('ణా', 'U'), ('ప', '|'), ('యో', 'U'), ('ని', '|'), ('ధీ', 'U')]",0.95,0.75,1.0,1.0,1.0,1.0
vutpalamaala,"పాతకులైన మీ కృపకుఁ బాత్రులు కారె తలంచి చూడ జ
ట్రాతికిఁగల్గె భావన మరాతికి రాజ్యసుఖంబము గల్గె దు
ర్జాతికిఁబుణ్యమబ్బె గపిజాతిమహత్త్వము నొందెఁగావునం
దాతవ యెట్టివారలకు దాశరథీ! కరుణాపయోనిధీ!",vruttamu,Daasarathi,"[('పా', 'U'), ('త', '|'), ('కు', '|'), ('లై', 'U'), ('న', '|'), ('మీ', 'U'), ('కృ', '|'), ('ప', '|'), ('కు', '|'), ('బా', 'U'), ('త్రు', '|'), ('లు', '|'), ('కా', 'U'), ('రె', '|'), ('త', '|'), ('లం', 'U'), ('చి', '|'), ('చూ', 'U'), ('డ', '|'), ('జ', '|'), ('ట్రా', 'U'), ('తి', '|'), ('కి', '|'), ('గ', 'U'), ('ల్గె', '|'), ('భా', 'U'), ('వ', '|'), ('న', '|'), ('మ', '|'), ('రా', 'U'), ('తి', '|'), ('కి', '|'), ('రా', 'U'), ('జ్య', '|'), ('సు', '|'), ('ఖం', 'U'), ('బ', '|'), ('ము', '|'), ('గ', 'U'), ('ల్గె', '|'), ('దు', 'U'), ('ర్జా', 'U'), ('తి', '|'), ('కి', '|'), ('బు', 'U'), ('ణ్య', '|'), ('మ', 'U'), ('బ్బె', '|'), ('గ', '|'), ('పి', '|'), ('జా', 'U'), ('తి', '|'), ('మ', '|'), ('హ', 'U'), ('త్త్వ', '|'), ('ము', '|'), ('నొం', 'U'), ('దె', '|'), ('గా', 'U'), ('వు', '|'), ('నం', 'U'), ('దా', 'U'), ('త', '|'), ('వ', '|'), ('యె', 'U'), ('ట్టి', '|'), ('వా', 'U'), ('ర', '|'), ('ల', '|'), ('కు', '|'), ('దా', 'U'), ('శ', '|'), ('ర', '|'), ('థీ', 'U'), ('క', '|'), ('రు', '|'), ('ణా', 'U'), ('ప', '|'), ('యో', 'U'), ('ని', '|'), ('ధీ', 'U')]",0.6760714285714287,0.9875,1.0,0.3928571428571428,0.5,0.5
vutpalamaala,"మామక పాతక వ్రజము మాన్పనగణ్యము చిత్రగుప్తు లే
మేమని వ్రాఁతురో శమనుఁడేమి విధించునొ కాలకింకర
స్తోమ మొనర్చుటేమొ వినఁ జొప్పడదింతకుమున్నె దీనచిం
తామణి యెట్లుగాచెదవొ దాశరథీ! కరుణాపయోనిధీ!",vruttamu,Daasarathi,"[('మా', 'U'), ('మ', '|'), ('క', '|'), ('పా', 'U'), ('త', '|'), ('క', '|'), ('వ్ర', '|'), ('జ', '|'), ('ము', '|'), ('మా', 'U'), ('న్ప', '|'), ('న', '|'), ('గ', 'U'), ('ణ్య', '|'), ('ము', '|'), ('చి', '|'), ('త్ర', '|'), ('గు', 'U'), ('ప్తు', '|'), ('లే', 'U'), ('మే', 'U'), ('మ', '|'), ('ని', '|'), ('వ్రా', 'U'), ('తు', '|'), ('రో', 'U'), ('శ', '|'), ('మ', '|'), ('ను', '|'), ('డే', 'U'), ('మి', '|'), ('వి', '|'), ('ధిం', 'U'), ('చు', '|'), ('నొ', '|'), ('కా', 'U'), ('ల', '|'), ('కిం', 'U'), ('క', '|'), ('ర', 'U'), ('స్తో', 'U'), ('మ', '|'), ('మొ', '|'), ('న', 'U'), ('ర్చు', '|'), ('టే', 'U'), ('మొ', '|'), ('వి', '|'), ('న', '|'), ('జొ', 'U'), ('ప్ప', '|'), ('డ', '|'), ('దిం', 'U'), ('త', '|'), ('కు', '|'), ('ము', 'U'), ('న్నె', '|'), ('దీ', 'U'), ('న', '|'), ('చిం', 'U'), ('తా', 'U'), ('మ', '|'), ('ణి', '|'), ('యె', 'U'), ('ట్లు', '|'), ('గా', 'U'), ('చె', '|'), ('ద', '|'), ('వొ', '|'), ('దా', 'U'), ('శ', '|'), ('ర', '|'), ('థీ', 'U'), ('క', '|'), ('రు', '|'), ('ణా', 'U'), ('ప', '|'), ('యో', 'U'), ('ని', '|'), ('ధీ', 'U')]",0.9357142857142857,1.0,1.0,0.9285714285714286,0.75,1.0
vutpalamaala,"దాసిన చుట్టమా శబరి దాని దయామతి నేలినావు నీ
దాసుని దాసుడా గుహుడు తావక దాస్య మొసంగినావు నే
జేసినపాపమో వినుతి చేసిన గావవు గావుమయ్య నీ
దాసులలోన నేనొకఁడ దాశరథీ! కరుణాపయోనిధీ!",vruttamu,Daasarathi,"[('దా', 'U'), ('సి', '|'), ('న', '|'), ('చు', 'U'), ('ట్ట', '|'), ('మా', 'U'), ('శ', '|'), ('బ', '|'), ('రి', '|'), ('దా', 'U'), ('ని', '|'), ('ద', '|'), ('యా', 'U'), ('మ', '|'), ('తి', '|'), ('నే', 'U'), ('లి', '|'), ('నా', 'U'), ('వు', '|'), ('నీ', 'U'), ('దా', 'U'), ('సు', '|'), ('ని', '|'), ('దా', 'U'), ('సు', '|'), ('డా', 'U'), ('గు', '|'), ('హు', '|'), ('డు', '|'), ('తా', 'U'), ('వ', '|'), ('క', '|'), ('దా', 'U'), ('స్య', '|'), ('మొ', '|'), ('సం', 'U'), ('గి', '|'), ('నా', 'U'), ('వు', '|'), ('నే', 'U'), ('జే', 'U'), ('సి', '|'), ('న', '|'), ('పా', 'U'), ('ప', '|'), ('మో', 'U'), ('వి', '|'), ('ను', '|'), ('తి', '|'), ('చే', 'U'), ('సి', '|'), ('న', '|'), ('గా', 'U'), ('వ', '|'), ('వు', '|'), ('గా', 'U'), ('వు', '|'), ('మ', 'U'), ('య్య', '|'), ('నీ', 'U'), ('దా', 'U'), ('సు', '|'), ('ల', '|'), ('లో', 'U'), ('న', '|'), ('నే', 'U'), ('నొ', '|'), ('క', '|'), ('డ', '|'), ('దా', 'U'), ('శ', '|'), ('ర', '|'), ('థీ', 'U'), ('క', '|'), ('రు', '|'), ('ణా', 'U'), ('ప', '|'), ('యో', 'U'), ('ని', '|'), ('ధీ', 'U')]",1.0,1.0,1.0,1.0,1.0,1.0
vutpalamaala,"దీక్షవహించి నా కొలది దీనుల నెందఱిఁ గాచితో జగ
ద్రక్షక తొల్లి యా ద్రుపదరాజతనూజ తలంచినంతనే
యక్షయమైన వల్వలిడి తక్కట నా మొఱఁజిత్తగించి ప్ర
త్యక్షము గావవేమిటికి దాశరథీ! కరుణాపయోనిధీ!",vruttamu,Daasarathi,"[('దీ', 'U'), ('క్ష', '|'), ('వ', '|'), ('హిం', 'U'), ('చి', '|'), ('నా', 'U'), ('కొ', '|'), ('ల', '|'), ('ది', '|'), ('దీ', 'U'), ('ను', '|'), ('ల', '|'), ('నెం', 'U'), ('ద', '|'), ('ఱి', '|'), ('గా', 'U'), ('చి', '|'), ('తో', 'U'), ('జ', '|'), ('గ', '|'), ('ద్ర', 'U'), ('క్ష', '|'), ('క', '|'), ('తొ', 'U'), ('ల్లి', '|'), ('యా', 'U'), ('ద్రు', '|'), ('ప', '|'), ('ద', '|'), ('రా', 'U'), ('జ', '|'), ('త', '|'), ('నూ', 'U'), ('జ', '|'), ('త', '|'), ('లం', 'U'), ('చి', '|'), ('నం', 'U'), ('త', '|'), ('నే', 'U'), ('య', 'U'), ('క్ష', '|'), ('య', '|'), ('మై', 'U'), ('న', '|'), ('వ', 'U'), ('ల్వ', '|'), ('లి', '|'), ('డి', '|'), ('త', 'U'), ('క్క', '|'), ('ట', '|'), ('నా', 'U'), ('మొ', '|'), ('ఱ', '|'), ('జి', 'U'), ('త్త', '|'), ('గిం', 'U'), ('చి', '|'), ('ప్ర', 'U'), ('త్య', 'U'), ('క్ష', '|'), ('ము', '|'), ('గా', 'U'), ('వ', '|'), ('వే', 'U'), ('మి', '|'), ('టి', '|'), ('కి', '|'), ('దా', 'U'), ('శ', '|'), ('ర', '|'), ('థీ', 'U'), ('క', '|'), ('రు', '|'), ('ణా', 'U'), ('ప', '|'), ('యో', 'U'), ('ని', '|'), ('ధీ', 'U')]",0.9428571428571428,1.0,1.0,0.9642857142857143,0.75,1.0
vutpalamaala,"నీలఘనాభమూర్తివగు నిన్నుఁగనుంగొనఁగోరి వేడినన్‌
జాలముసేసి డాగెదవు సంస్తుతికెక్కిన రామనామ మే
మూలను దాచుకోఁగలవు ముక్తికి బ్రాపది పాపమూలకు
ద్దాలముగాదె మాయెడల దాశరథీ! కరుణాపయోనిధీ!",vruttamu,Daasarathi,"[('నీ', 'U'), ('ల', '|'), ('ఘ', '|'), ('నా', 'U'), ('భ', '|'), ('మూ', 'U'), ('ర్తి', '|'), ('వ', '|'), ('గు', '|'), ('ని', 'U'), ('న్ను', '|'), ('గ', '|'), ('నుం', 'U'), ('గొ', '|'), ('న', '|'), ('గో', 'U'), ('రి', '|'), ('వే', 'U'), ('డి', '|'), ('నన్', 'U'), ('జా', 'U'), ('ల', '|'), ('ము', '|'), ('సే', 'U'), ('సి', '|'), ('డా', 'U'), ('గె', '|'), ('ద', '|'), ('వు', '|'), ('సం', 'U'), ('స్తు', '|'), ('తి', '|'), ('కె', 'U'), ('క్కి', '|'), ('న', '|'), ('రా', 'U'), ('మ', '|'), ('నా', 'U'), ('మ', '|'), ('మే', 'U'), ('మూ', 'U'), ('ల', '|'), ('ను', '|'), ('దా', 'U'), ('చు', '|'), ('కో', 'U'), ('గ', '|'), ('ల', '|'), ('వు', '|'), ('ము', 'U'), ('క్తి', '|'), ('కి', '|'), ('బ్రా', 'U'), ('ప', '|'), ('ది', '|'), ('పా', 'U'), ('ప', '|'), ('మూ', 'U'), ('ల', '|'), ('కు', 'U'), ('ద్దా', 'U'), ('ల', '|'), ('ము', '|'), ('గా', 'U'), ('దె', '|'), ('మా', 'U'), ('యె', '|'), ('డ', '|'), ('ల', '|'), ('దా', 'U'), ('శ', '|'), ('ర', '|'), ('థీ', 'U'), ('క', '|'), ('రు', '|'), ('ణా', 'U'), ('ప', '|'), ('యో', 'U'), ('ని', '|'), ('ధీ', 'U')]",1.0,1.0,1.0,1.0,1.0,1.0
champakamaala,"వలదు పరాకు భక్తజన వత్సల నీ చరితంబు వమ్ముగా
వలదు పరాకు నీ బిరుదు వజ్రమువంటిది కావకూరకే
వలదు పరాకు నా దురిత వార్ధికిఁదెప్పవుగా మనంబులో
దలఁతుమె కా నిరంతరము దాశరథీ! కరుణాపయోనిధీ!",vruttamu,Daasarathi,"[('వ', '|'), ('ల', '|'), ('దు', '|'), ('ప', '|'), ('రా', 'U'), ('కు', '|'), ('భ', 'U'), ('క్త', '|'), ('జ', '|'), ('న', '|'), ('వ', 'U'), ('త్స', '|'), ('ల', '|'), ('నీ', 'U'), ('చ', '|'), ('రి', '|'), ('తం', 'U'), ('బు', '|'), ('వ', 'U'), ('మ్ము', '|'), ('గా', 'U'), ('వ', '|'), ('ల', '|'), ('దు', '|'), ('ప', '|'), ('రా', 'U'), ('కు', '|'), ('నీ', 'U'), ('బి', '|'), ('రు', '|'), ('దు', '|'), ('వ', '|'), ('జ్ర', '|'), ('ము', '|'), ('వం', 'U'), ('టి', '|'), ('ది', '|'), ('కా', 'U'), ('వ', '|'), ('కూ', 'U'), ('ర', '|'), ('కే', 'U'), ('వ', '|'), ('ల', '|'), ('దు', '|'), ('ప', '|'), ('రా', 'U'), ('కు', '|'), ('నా', 'U'), ('దు', '|'), ('రి', '|'), ('త', '|'), ('వా', 'U'), ('ర్ధి', '|'), ('కి', '|'), ('దె', 'U'), ('ప్ప', '|'), ('వు', '|'), ('గా', 'U'), ('మ', '|'), ('నం', 'U'), ('బు', '|'), ('లో', 'U'), ('ద', '|'), ('ల', '|'), ('తు', '|'), ('మె', '|'), ('కా', 'U'), ('ని', '|'), ('రం', 'U'), ('త', '|'), ('ర', '|'), ('ము', '|'), ('దా', 'U'), ('శ', '|'), ('ర', '|'), ('థీ', 'U'), ('క', '|'), ('రు', '|'), ('ణా', 'U'), ('ప', '|'), ('యో', 'U'), ('ని', '|'), ('ధీ', 'U')]",0.9928571428571429,1.0,1.0,0.9642857142857143,1.0,1.0
vutpalamaala,"తప్పులెఱుంగలేక దురితంబులు సేసితినంటి నీవు మా
యప్పవుగావుమంటి నిఁక నన్యులకున్‌ నుదురంటనంటి నీ
కొప్పిదమైన దాసజను లొప్పిన బంటుకు బంటనంటి నా
తప్పులకెల్ల నీవెగతి దాశరథీ! కరుణాపయోనిధీ!",vruttamu,Daasarathi,"[('త', 'U'), ('ప్పు', '|'), ('లె', '|'), ('ఱుం', 'U'), ('గ', '|'), ('లే', 'U'), ('క', '|'), ('దు', '|'), ('రి', '|'), ('తం', 'U'), ('బు', '|'), ('లు', '|'), ('సే', 'U'), ('సి', '|'), ('తి', '|'), ('నం', 'U'), ('టి', '|'), ('నీ', 'U'), ('వు', '|'), ('మా', 'U'), ('య', 'U'), ('ప్ప', '|'), ('వు', '|'), ('గా', 'U'), ('వు', '|'), ('మం', 'U'), ('టి', '|'), ('ని', '|'), ('క', '|'), ('న', 'U'), ('న్యు', '|'), ('ల', '|'), ('కు', 'U'), ('న్ను', '|'), ('దు', '|'), ('రం', 'U'), ('ట', '|'), ('నం', 'U'), ('టి', '|'), ('నీ', 'U'), ('కొ', 'U'), ('ప్పి', '|'), ('ద', '|'), ('మై', 'U'), ('న', '|'), ('దా', 'U'), ('స', '|'), ('జ', '|'), ('ను', '|'), ('లొ', 'U'), ('ప్పి', '|'), ('న', '|'), ('బం', 'U'), ('టు', '|'), ('కు', '|'), ('బం', 'U'), ('ట', '|'), ('నం', 'U'), ('టి', '|'), ('నా', 'U'), ('త', 'U'), ('ప్పు', '|'), ('ల', '|'), ('కె', 'U'), ('ల్ల', '|'), ('నీ', 'U'), ('వె', '|'), ('గ', '|'), ('తి', '|'), ('దా', 'U'), ('శ', '|'), ('ర', '|'), ('థీ', 'U'), ('క', '|'), ('రు', '|'), ('ణా', 'U'), ('ప', '|'), ('యో', 'U'), ('ని', '|'), ('ధీ', 'U')]",0.9,1.0,1.0,1.0,0.5,1.0
champakamaala,"ఇతఁడు దురాత్ముఁడంచు జనులెన్నఁగ నాఱడిఁగొంటి నేనెపో
పతితుఁడనంటిపో పతితపావనమూర్తివి నీవుగల్గ నే
నితరుల వేఁడనంటి నిహమిచ్చిన నిమ్ము పరంబొసంగు మీ
యతులిత రామనామ మధురాక్షరపాళి నిరంతరంబు హృ
ద్గతమని నమ్మికొల్చెదను దాశరథీ! కరుణాపయోనిధీ!",vruttamu,Daasarathi,"[('ఇ', '|'), ('త', '|'), ('డు', '|'), ('దు', '|'), ('రా', 'U'), ('త్ము', '|'), ('డం', 'U'), ('చు', '|'), ('జ', '|'), ('ను', '|'), ('లె', 'U'), ('న్న', '|'), ('గ', '|'), ('నా', 'U'), ('ఱ', '|'), ('డి', '|'), ('గొం', 'U'), ('టి', '|'), ('నే', 'U'), ('నె', '|'), ('పో', 'U'), ('ప', '|'), ('తి', '|'), ('తు', '|'), ('డ', '|'), ('నం', 'U'), ('టి', '|'), ('పో', 'U'), ('ప', '|'), ('తి', '|'), ('త', '|'), ('పా', 'U'), ('వ', '|'), ('న', '|'), ('మూ', 'U'), ('ర్తి', '|'), ('వి', '|'), ('నీ', 'U'), ('వు', '|'), ('గ', 'U'), ('ల్గ', '|'), ('నే', 'U'), ('ని', '|'), ('త', '|'), ('రు', '|'), ('ల', '|'), ('వే', 'U'), ('డ', '|'), ('నం', 'U'), ('టి', '|'), ('ని', '|'), ('హ', '|'), ('మి', 'U'), ('చ్చి', '|'), ('న', '|'), ('ని', 'U'), ('మ్ము', '|'), ('ప', '|'), ('రం', 'U'), ('బొ', '|'), ('సం', 'U'), ('గు', '|'), ('మీ', 'U'), ('య', '|'), ('తు', '|'), ('లి', '|'), ('త', '|'), ('రా', 'U'), ('మ', '|'), ('నా', 'U'), ('మ', '|'), ('మ', '|'), ('ధు', '|'), ('రా', 'U'), ('క్ష', '|'), ('ర', '|'), ('పా', 'U'), ('ళి', '|'), ('ని', '|'), ('రం', 'U'), ('త', '|'), ('రం', 'U'), ('బు', '|'), ('హృ', 'U'), ('ద్గ', '|'), ('త', '|'), ('మ', '|'), ('ని', '|'), ('న', 'U'), ('మ్మి', '|'), ('కొ', 'U'), ('ల్చె', '|'), ('ద', '|'), ('ను', '|'), ('దా', 'U'), ('శ', '|'), ('ర', '|'), ('థీ', 'U'), ('క', '|'), ('రు', '|'), ('ణా', 'U'), ('ప', '|'), ('యో', 'U'), ('ని', '|'), ('ధీ', 'U')]",0.8,0.75,1.0,1.0,0.25,1.0
vutpalamaala,"అంచితమైన నీదు కరుణామృతసారము నాదుపైని బ్రో
క్షించినఁ జాలు దాన నిరసించెద నా దురితంబులెల్లఁ దూ
లించెదఁ వైరివర్గ మెడలించెదఁ గోర్కుల నీదుబంటనై
దంచెదఁ గాలకింకరుల దాశరథీ! కరుణాపయోనిధీ!",vruttamu,Daasarathi,"[('అం', 'U'), ('చి', '|'), ('త', '|'), ('మై', 'U'), ('న', '|'), ('నీ', 'U'), ('దు', '|'), ('క', '|'), ('రు', '|'), ('ణా', 'U'), ('మృ', '|'), ('త', '|'), ('సా', 'U'), ('ర', '|'), ('ము', '|'), ('నా', 'U'), ('దు', '|'), ('పై', 'U'), ('ని', '|'), ('బ్రో', 'U'), ('క్షిం', 'U'), ('చి', '|'), ('న', '|'), ('జా', 'U'), ('లు', '|'), ('దా', 'U'), ('న', '|'), ('ని', '|'), ('ర', '|'), ('సిం', 'U'), ('చె', '|'), ('ద', '|'), ('నా', 'U'), ('దు', '|'), ('రి', '|'), ('తం', 'U'), ('బు', '|'), ('లె', 'U'), ('ల్ల', '|'), ('దూ', 'U'), ('లిం', 'U'), ('చె', '|'), ('ద', '|'), ('వై', 'U'), ('రి', '|'), ('వ', 'U'), ('ర్గ', '|'), ('మె', '|'), ('డ', '|'), ('లిం', 'U'), ('చె', '|'), ('ద', '|'), ('గో', 'U'), ('ర్కు', '|'), ('ల', '|'), ('నీ', 'U'), ('దు', '|'), ('బం', 'U'), ('ట', '|'), ('నై', 'U'), ('దం', 'U'), ('చె', '|'), ('ద', '|'), ('గా', 'U'), ('ల', '|'), ('కిం', 'U'), ('క', '|'), ('రు', '|'), ('ల', '|'), ('దా', 'U'), ('శ', '|'), ('ర', '|'), ('థీ', 'U'), ('క', '|'), ('రు', '|'), ('ణా', 'U'), ('ప', '|'), ('యో', 'U'), ('ని', '|'), ('ధీ', 'U')]",0.95,1.0,1.0,1.0,0.75,1.0
champakamaala,"జలనిధులేడునొక్క మొగిఁ జక్కికిఁదెచ్చె శరంబు ఱాతినిం
పలరగఁ జేసెనాతిగఁ బదాబ్జపరాగము నీ చరిత్రముం
జలజభవాది నిర్జరులు సన్నుతి సేయఁగ లేరు గావునం
దలఁప నగణ్యమయ్య యిది దాశరథీ! కరుణాపయోనిధీ!",vruttamu,Daasarathi,"[('జ', '|'), ('ల', '|'), ('ని', '|'), ('ధు', '|'), ('లే', 'U'), ('డు', '|'), ('నొ', 'U'), ('క్క', '|'), ('మొ', '|'), ('గి', '|'), ('జ', 'U'), ('క్కి', '|'), ('కి', '|'), ('దె', 'U'), ('చ్చె', '|'), ('శ', '|'), ('రం', 'U'), ('బు', '|'), ('ఱా', 'U'), ('తి', '|'), ('నిం', 'U'), ('ప', '|'), ('ల', '|'), ('ర', '|'), ('గ', '|'), ('జే', 'U'), ('సె', '|'), ('నా', 'U'), ('తి', '|'), ('గ', '|'), ('బ', '|'), ('దా', 'U'), ('బ్జ', '|'), ('ప', '|'), ('రా', 'U'), ('గ', '|'), ('ము', '|'), ('నీ', 'U'), ('చ', '|'), ('రి', '|'), ('త్ర', '|'), ('ముం', 'U'), ('జ', '|'), ('ల', '|'), ('జ', '|'), ('భ', '|'), ('వా', 'U'), ('ది', '|'), ('ని', 'U'), ('ర్జ', '|'), ('రు', '|'), ('లు', '|'), ('స', 'U'), ('న్ను', '|'), ('తి', '|'), ('సే', 'U'), ('య', '|'), ('గ', '|'), ('లే', 'U'), ('రు', '|'), ('గా', 'U'), ('వు', '|'), ('నం', 'U'), ('ద', '|'), ('ల', '|'), ('ప', '|'), ('న', '|'), ('గ', 'U'), ('ణ్య', '|'), ('మ', 'U'), ('య్య', '|'), ('యి', '|'), ('ది', '|'), ('దా', 'U'), ('శ', '|'), ('ర', '|'), ('థీ', 'U'), ('క', '|'), ('రు', '|'), ('ణా', 'U'), ('ప', '|'), ('యో', 'U'), ('ని', '|'), ('ధీ', 'U')]",0.9428571428571428,1.0,1.0,0.9642857142857143,0.75,1.0
vutpalamaala,"కోతికి శక్యమా యసుర కోటుల గెల్వను గెల్చెబో నిజం
బాతని మేన శీతకరుఁడౌట దవానలుఁడెట్టివింత మా
సీత పతివ్రతామహిమ సేవకు భాగ్యము మీ కటాక్షమున్‌
ధాతకు శక్యమా బొగడ దాశరథీ! కరుణాపయోనిధీ!",vruttamu,Daasarathi,"[('కో', 'U'), ('తి', '|'), ('కి', '|'), ('శ', 'U'), ('క్య', '|'), ('మా', 'U'), ('య', '|'), ('సు', '|'), ('ర', '|'), ('కో', 'U'), ('టు', '|'), ('ల', '|'), ('గె', 'U'), ('ల్వ', '|'), ('ను', '|'), ('గె', 'U'), ('ల్చె', '|'), ('బో', 'U'), ('ని', '|'), ('జం', 'U'), ('బా', 'U'), ('త', '|'), ('ని', '|'), ('మే', 'U'), ('న', '|'), ('శీ', 'U'), ('త', '|'), ('క', '|'), ('రు', '|'), ('డౌ', 'U'), ('ట', '|'), ('ద', '|'), ('వా', 'U'), ('న', '|'), ('లు', '|'), ('డె', 'U'), ('ట్టి', '|'), ('విం', 'U'), ('త', '|'), ('మా', 'U'), ('సీ', 'U'), ('త', '|'), ('ప', '|'), ('తి', '|'), ('వ్ర', '|'), ('తా', 'U'), ('మ', '|'), ('హి', '|'), ('మ', '|'), ('సే', 'U'), ('వ', '|'), ('కు', '|'), ('భా', 'U'), ('గ్య', '|'), ('ము', '|'), ('మీ', 'U'), ('క', '|'), ('టా', 'U'), ('క్ష', '|'), ('మున్', 'U'), ('ధా', 'U'), ('త', '|'), ('కు', '|'), ('శ', 'U'), ('క్య', '|'), ('మా', 'U'), ('బొ', '|'), ('గ', '|'), ('డ', '|'), ('దా', 'U'), ('శ', '|'), ('ర', '|'), ('థీ', 'U'), ('క', '|'), ('రు', '|'), ('ణా', 'U'), ('ప', '|'), ('యో', 'U'), ('ని', '|'), ('ధీ', 'U')]",0.9428571428571428,1.0,1.0,0.9642857142857143,0.75,1.0
vutpalamaala,"భూపలలామ రామ రఘుపుంగవరామ త్రిలోకరాజ్య సం
స్థాపనరామ మోక్షఫలదాయకరామ మదీయపాపముల్‌
పాపఁగదయ్య రామ నినుఁ బ్రస్తుతిసేసెదనయ్య రామ సీ
తాపతి రామ భద్రగిరి దాశరథీ! కరుణాపయోనిధీ!",vruttamu,Daasarathi,"[('భూ', 'U'), ('ప', '|'), ('ల', '|'), ('లా', 'U'), ('మ', '|'), ('రా', 'U'), ('మ', '|'), ('ర', '|'), ('ఘు', '|'), ('పుం', 'U'), ('గ', '|'), ('వ', '|'), ('రా', 'U'), ('మ', '|'), ('త్రి', '|'), ('లో', 'U'), ('క', '|'), ('రా', 'U'), ('జ్య', '|'), ('సం', 'U'), ('స్థా', 'U'), ('ప', '|'), ('న', '|'), ('రా', 'U'), ('మ', '|'), ('మో', 'U'), ('క్ష', '|'), ('ఫ', '|'), ('ల', '|'), ('దా', 'U'), ('య', '|'), ('క', '|'), ('రా', 'U'), ('మ', '|'), ('మ', '|'), ('దీ', 'U'), ('య', '|'), ('పా', 'U'), ('ప', '|'), ('ముల్', 'U'), ('పా', 'U'), ('ప', '|'), ('గ', '|'), ('ద', 'U'), ('య్య', '|'), ('రా', 'U'), ('మ', '|'), ('ని', '|'), ('ను', '|'), ('బ్ర', 'U'), ('స్తు', '|'), ('తి', '|'), ('సే', 'U'), ('సె', '|'), ('ద', '|'), ('న', 'U'), ('య్య', '|'), ('రా', 'U'), ('మ', '|'), ('సీ', 'U'), ('తా', 'U'), ('ప', '|'), ('తి', '|'), ('రా', 'U'), ('మ', '|'), ('భ', '|'), ('ద్ర', '|'), ('గి', '|'), ('రి', '|'), ('దా', 'U'), ('శ', '|'), ('ర', '|'), ('థీ', 'U'), ('క', '|'), ('రు', '|'), ('ణా', 'U'), ('ప', '|'), ('యో', 'U'), ('ని', '|'), ('ధీ', 'U')]",0.9928571428571429,1.0,1.0,0.9642857142857143,1.0,1.0
vutpalamaala,"నీ సహజంబు సాత్త్వికము నీ విడిపట్టు సుధాపయోధి ప
ద్మాసనుఁడాత్మజుండు గమలాలయ నీ ప్రియురాలు నీకు సిం
హాసనమిద్ధరిత్రి గొడుగాకస మక్షులు చంద్రభాస్కరుల్‌
నీ సుమతల్పమాదిఫణి నీవె సమస్తముఁ గొల్చునట్టి నీ
దాసుల భాగ్యమెట్టిదయ దాశరథీ! కరుణాపయోనిధీ!",vruttamu,Daasarathi,"[('నీ', 'U'), ('స', '|'), ('హ', '|'), ('జం', 'U'), ('బు', '|'), ('సా', 'U'), ('త్త్వి', '|'), ('క', '|'), ('ము', '|'), ('నీ', 'U'), ('వి', '|'), ('డి', '|'), ('ప', 'U'), ('ట్టు', '|'), ('సు', '|'), ('ధా', 'U'), ('ప', '|'), ('యో', 'U'), ('ధి', '|'), ('ప', 'U'), ('ద్మా', 'U'), ('స', '|'), ('ను', '|'), ('డా', 'U'), ('త్మ', '|'), ('జుం', 'U'), ('డు', '|'), ('గ', '|'), ('మ', '|'), ('లా', 'U'), ('ల', '|'), ('య', '|'), ('నీ', 'U'), ('ప్రి', '|'), ('యు', '|'), ('రా', 'U'), ('లు', '|'), ('నీ', 'U'), ('కు', '|'), ('సిం', 'U'), ('హా', 'U'), ('స', '|'), ('న', '|'), ('మి', 'U'), ('ద్ధ', '|'), ('రి', '|'), ('త్రి', '|'), ('గొ', '|'), ('డు', '|'), ('గా', 'U'), ('క', '|'), ('స', '|'), ('మ', 'U'), ('క్షు', '|'), ('లు', '|'), ('చం', 'U'), ('ద్ర', '|'), ('భా', 'U'), ('స్క', '|'), ('రుల్', 'U'), ('నీ', 'U'), ('సు', '|'), ('మ', '|'), ('త', 'U'), ('ల్ప', '|'), ('మా', 'U'), ('ది', '|'), ('ఫ', '|'), ('ణి', '|'), ('నీ', 'U'), ('వె', '|'), ('స', '|'), ('మ', 'U'), ('స్త', '|'), ('ము', '|'), ('గొ', 'U'), ('ల్చు', '|'), ('న', 'U'), ('ట్టి', '|'), ('నీ', 'U'), ('దా', 'U'), ('సు', '|'), ('ల', '|'), ('భా', 'U'), ('గ్య', '|'), ('మె', 'U'), ('ట్టి', '|'), ('ద', '|'), ('య', '|'), ('దా', 'U'), ('శ', '|'), ('ర', '|'), ('థీ', 'U'), ('క', '|'), ('రు', '|'), ('ణా', 'U'), ('ప', '|'), ('యో', 'U'), ('ని', '|'), ('ధీ', 'U')]",0.8428571428571429,0.75,1.0,0.9642857142857143,0.5,1.0
champakamaala,"చరణము సోఁకినట్టి శిల జవ్వనిరూపగు టొక్కవింత సు
స్థిరముగ నీటిపై గిరులు దేలిన దొక్కటి వింతగాని మీ
స్మరణఁ దనర్చుమానవులు సద్గతిఁజెందిన దెంతవింత యీ
ధరను ధరాత్మజారమణ దాశరథీ! కరుణాపయోనిధీ!",vruttamu,Daasarathi,"[('చ', '|'), ('ర', '|'), ('ణ', '|'), ('ము', '|'), ('సో', 'U'), ('కి', '|'), ('న', 'U'), ('ట్టి', '|'), ('శి', '|'), ('ల', '|'), ('జ', 'U'), ('వ్వ', '|'), ('ని', '|'), ('రూ', 'U'), ('ప', '|'), ('గు', '|'), ('టొ', 'U'), ('క్క', '|'), ('విం', 'U'), ('త', '|'), ('సు', 'U'), ('స్థి', '|'), ('ర', '|'), ('ము', '|'), ('గ', '|'), ('నీ', 'U'), ('టి', '|'), ('పై', 'U'), ('గి', '|'), ('రు', '|'), ('లు', '|'), ('దే', 'U'), ('లి', '|'), ('న', '|'), ('దొ', 'U'), ('క్క', '|'), ('టి', '|'), ('విం', 'U'), ('త', '|'), ('గా', 'U'), ('ని', '|'), ('మీ', 'U'), ('స్మ', '|'), ('ర', '|'), ('ణ', '|'), ('ద', '|'), ('న', 'U'), ('ర్చు', '|'), ('మా', 'U'), ('న', '|'), ('వు', '|'), ('లు', '|'), ('స', 'U'), ('ద్గ', '|'), ('తి', '|'), ('జెం', 'U'), ('ది', '|'), ('న', '|'), ('దెం', 'U'), ('త', '|'), ('విం', 'U'), ('త', '|'), ('యీ', 'U'), ('ధ', '|'), ('ర', '|'), ('ను', '|'), ('ధ', '|'), ('రా', 'U'), ('త్మ', '|'), ('జా', 'U'), ('ర', '|'), ('మ', '|'), ('ణ', '|'), ('దా', 'U'), ('శ', '|'), ('ర', '|'), ('థీ', 'U'), ('క', '|'), ('రు', '|'), ('ణా', 'U'), ('ప', '|'), ('యో', 'U'), ('ని', '|'), ('ధీ', 'U')]",1.0,1.0,1.0,1.0,1.0,1.0
vutpalamaala,"దైవము తల్లిదండ్రి తగుదాత గురుండు సఖుండు నిన్నె కా
భావన సేయుచున్న తఱిఁబాపములెల్ల మనోవికార దు
ర్భావితుఁజేయుచున్నవి కృపామతివై నను గావుమీ జగ
త్పావనమూర్తి భద్రగిరి దాశరథీ! కరుణాపయోనిధీ!",vruttamu,Daasarathi,"[('దై', 'U'), ('వ', '|'), ('ము', '|'), ('త', 'U'), ('ల్లి', '|'), ('దం', 'U'), ('డ్రి', '|'), ('త', '|'), ('గు', '|'), ('దా', 'U'), ('త', '|'), ('గు', '|'), ('రుం', 'U'), ('డు', '|'), ('స', '|'), ('ఖుం', 'U'), ('డు', '|'), ('ని', 'U'), ('న్నె', '|'), ('కా', 'U'), ('భా', 'U'), ('వ', '|'), ('న', '|'), ('సే', 'U'), ('యు', '|'), ('చు', 'U'), ('న్న', '|'), ('త', '|'), ('ఱి', '|'), ('బా', 'U'), ('ప', '|'), ('ము', '|'), ('లె', 'U'), ('ల్ల', '|'), ('మ', '|'), ('నో', 'U'), ('వి', '|'), ('కా', 'U'), ('ర', '|'), ('దు', 'U'), ('ర్భా', 'U'), ('వి', '|'), ('తు', '|'), ('జే', 'U'), ('యు', '|'), ('చు', 'U'), ('న్న', '|'), ('వి', '|'), ('కృ', '|'), ('పా', 'U'), ('మ', '|'), ('తి', '|'), ('వై', 'U'), ('న', '|'), ('ను', '|'), ('గా', 'U'), ('వు', '|'), ('మీ', 'U'), ('జ', '|'), ('గ', 'U'), ('త్పా', 'U'), ('వ', '|'), ('న', '|'), ('మూ', 'U'), ('ర్తి', '|'), ('భ', '|'), ('ద్ర', '|'), ('గి', '|'), ('రి', '|'), ('దా', 'U'), ('శ', '|'), ('ర', '|'), ('థీ', 'U'), ('క', '|'), ('రు', '|'), ('ణా', 'U'), ('ప', '|'), ('యో', 'U'), ('ని', '|'), ('ధీ', 'U')]",0.9928571428571429,1.0,1.0,0.9642857142857143,1.0,1.0
vutpalamaala,"వాసవ రాజ్యభోగ సుఖవార్ధిని దేలు ప్రభుత్వమబ్బినా
ఉయాసకు మేరలేదు కనకాద్రిసమానధనంబు గూర్చినం
గాసును వెంటరాదు కని కానక చేసిన పుణ్యపాపముల్‌
వీసరబోవ నీవు పదివేలకుఁజాలు భవంబునొల్ల నీ
దాసునిగాఁగ నేలికొను దాశరథీ! కరుణాపయోనిధీ!",vruttamu,Daasarathi,"[('వా', 'U'), ('స', '|'), ('వ', '|'), ('రా', 'U'), ('జ్య', '|'), ('భో', 'U'), ('గ', '|'), ('సు', '|'), ('ఖ', '|'), ('వా', 'U'), ('ర్ధి', '|'), ('ని', '|'), ('దే', 'U'), ('లు', '|'), ('ప్ర', '|'), ('భు', 'U'), ('త్వ', '|'), ('మ', 'U'), ('బ్బి', '|'), ('నా', 'U'), ('ఉ', '|'), ('యా', 'U'), ('స', '|'), ('కు', '|'), ('మే', 'U'), ('ర', '|'), ('లే', 'U'), ('దు', '|'), ('క', '|'), ('న', '|'), ('కా', 'U'), ('ద్రి', '|'), ('స', '|'), ('మా', 'U'), ('న', '|'), ('ధ', '|'), ('నం', 'U'), ('బు', '|'), ('గూ', 'U'), ('ర్చి', '|'), ('నం', 'U'), ('గా', 'U'), ('సు', '|'), ('ను', '|'), ('వెం', 'U'), ('ట', '|'), ('రా', 'U'), ('దు', '|'), ('క', '|'), ('ని', '|'), ('కా', 'U'), ('న', '|'), ('క', '|'), ('చే', 'U'), ('సి', '|'), ('న', '|'), ('పు', 'U'), ('ణ్య', '|'), ('పా', 'U'), ('ప', '|'), ('ముల్', 'U'), ('వీ', 'U'), ('స', '|'), ('ర', '|'), ('బో', 'U'), ('వ', '|'), ('నీ', 'U'), ('వు', '|'), ('ప', '|'), ('ది', '|'), ('వే', 'U'), ('ల', '|'), ('కు', '|'), ('జా', 'U'), ('లు', '|'), ('భ', '|'), ('వం', 'U'), ('బు', '|'), ('నొ', 'U'), ('ల్ల', '|'), ('నీ', 'U'), ('దా', 'U'), ('సు', '|'), ('ని', '|'), ('గా', 'U'), ('గ', '|'), ('నే', 'U'), ('లి', '|'), ('కొ', '|'), ('ను', '|'), ('దా', 'U'), ('శ', '|'), ('ర', '|'), ('థీ', 'U'), ('క', '|'), ('రు', '|'), ('ణా', 'U'), ('ప', '|'), ('యో', 'U'), ('ని', '|'), ('ధీ', 'U')]",0.4974999999999999,0.7375,1.0,0.25,0.25,0.25
vutpalamaala,"సూరిజనుల్‌ దయాపరులు సూనృతవాదులలుబ్ధమానవుల్‌
వీరపతివ్రతాంగనలు విప్రులు గోవులు వేదముల్‌ మహీ
భారముఁ దాల్పఁగా జనులు పావనమైన పరోపకార స
త్కార మెఱుంగలే రకట దాశరథీ! కరుణాపయోనిధీ!",vruttamu,Daasarathi,"[('సూ', 'U'), ('రి', '|'), ('జ', '|'), ('ను', 'U'), ('ల్ద', '|'), ('యా', 'U'), ('ప', '|'), ('రు', '|'), ('లు', '|'), ('సూ', 'U'), ('నృ', '|'), ('త', '|'), ('వా', 'U'), ('దు', '|'), ('ల', '|'), ('లు', 'U'), ('బ్ధ', '|'), ('మా', 'U'), ('న', '|'), ('వుల్', 'U'), ('వీ', 'U'), ('ర', '|'), ('ప', '|'), ('తి', '|'), ('వ్ర', '|'), ('తాం', 'U'), ('గ', '|'), ('న', '|'), ('లు', '|'), ('వి', '|'), ('ప్రు', '|'), ('లు', '|'), ('గో', 'U'), ('వు', '|'), ('లు', '|'), ('వే', 'U'), ('ద', '|'), ('ము', 'U'), ('ల్మ', '|'), ('హీ', 'U'), ('భా', 'U'), ('ర', '|'), ('ము', '|'), ('దా', 'U'), ('ల్ప', '|'), ('గా', 'U'), ('జ', '|'), ('ను', '|'), ('లు', '|'), ('పా', 'U'), ('వ', '|'), ('న', '|'), ('మై', 'U'), ('న', '|'), ('ప', '|'), ('రో', 'U'), ('ప', '|'), ('కా', 'U'), ('ర', '|'), ('స', 'U'), ('త్కా', 'U'), ('ర', '|'), ('మె', '|'), ('ఱుం', 'U'), ('గ', '|'), ('లే', 'U'), ('ర', '|'), ('క', '|'), ('ట', '|'), ('దా', 'U'), ('శ', '|'), ('ర', '|'), ('థీ', 'U'), ('క', '|'), ('రు', '|'), ('ణా', 'U'), ('ప', '|'), ('యో', 'U'), ('ని', '|'), ('ధీ', 'U')]",0.9857142857142858,1.0,1.0,0.9285714285714286,1.0,1.0
vutpalamaala,"వారిచరావతారమున వారధిలోఁ జొఱఁబాఱిఁ క్రోధ వి
స్తారగుడైన యా నిగమ తస్కరవీర నిశాచరేంద్రునిన్‌
జేరి వధించి వేదముల చిక్కెడలించి విరించికిన్‌ మహో
దారతనిచ్చితీవెగద దాశరథీ! కరుణాపయోనిధీ!",vruttamu,Daasarathi,"[('వా', 'U'), ('రి', '|'), ('చ', '|'), ('రా', 'U'), ('వ', '|'), ('తా', 'U'), ('ర', '|'), ('ము', '|'), ('న', '|'), ('వా', 'U'), ('ర', '|'), ('ధి', '|'), ('లో', 'U'), ('జొ', '|'), ('ఱ', '|'), ('బా', 'U'), ('ఱి', '|'), ('క్రో', 'U'), ('ధ', '|'), ('వి', 'U'), ('స్తా', 'U'), ('ర', '|'), ('గు', '|'), ('డై', 'U'), ('న', '|'), ('యా', 'U'), ('ని', '|'), ('గ', '|'), ('మ', '|'), ('త', 'U'), ('స్క', '|'), ('ర', '|'), ('వీ', 'U'), ('ర', '|'), ('ని', '|'), ('శా', 'U'), ('చ', '|'), ('రేం', 'U'), ('ద్రు', '|'), ('నిన్', 'U'), ('జే', 'U'), ('రి', '|'), ('వ', '|'), ('ధిం', 'U'), ('చి', '|'), ('వే', 'U'), ('ద', '|'), ('ము', '|'), ('ల', '|'), ('చి', 'U'), ('క్కె', '|'), ('డ', '|'), ('లిం', 'U'), ('చి', '|'), ('వి', '|'), ('రిం', 'U'), ('చి', '|'), ('కి', 'U'), ('న్మ', '|'), ('హో', 'U'), ('దా', 'U'), ('ర', '|'), ('త', '|'), ('ని', 'U'), ('చ్చి', '|'), ('తీ', 'U'), ('వె', '|'), ('గ', '|'), ('ద', '|'), ('దా', 'U'), ('శ', '|'), ('ర', '|'), ('థీ', 'U'), ('క', '|'), ('రు', '|'), ('ణా', 'U'), ('ప', '|'), ('యో', 'U'), ('ని', '|'), ('ధీ', 'U')]",1.0,1.0,1.0,1.0,1.0,1.0
champakamaala,"కరమనురక్తి మందరము గవ్వముగా నహిరాజు ద్రాడుగా
దొరకొని దేవదానవులు దుగ్ధపయోధి మథించుచున్నచో
ధరణిచలింప లోకములు తల్లడమందఁగఁ గూర్మమై ధరా
ధరము ధరించితీవె కద దాశరథీ! కరుణాపయోనిధీ!",vruttamu,Daasarathi,"[('క', '|'), ('ర', '|'), ('మ', '|'), ('ను', '|'), ('ర', 'U'), ('క్తి', '|'), ('మం', 'U'), ('ద', '|'), ('ర', '|'), ('ము', '|'), ('గ', 'U'), ('వ్వ', '|'), ('ము', '|'), ('గా', 'U'), ('న', '|'), ('హి', '|'), ('రా', 'U'), ('జు', '|'), ('ద్రా', 'U'), ('డు', '|'), ('గా', 'U'), ('దొ', '|'), ('ర', '|'), ('కొ', '|'), ('ని', '|'), ('దే', 'U'), ('వ', '|'), ('దా', 'U'), ('న', '|'), ('వు', '|'), ('లు', '|'), ('దు', 'U'), ('గ్ధ', '|'), ('ప', '|'), ('యో', 'U'), ('ధి', '|'), ('మ', '|'), ('థిం', 'U'), ('చు', '|'), ('చు', 'U'), ('న్న', '|'), ('చో', 'U'), ('ధ', '|'), ('ర', '|'), ('ణి', '|'), ('చ', '|'), ('లిం', 'U'), ('ప', '|'), ('లో', 'U'), ('క', '|'), ('ము', '|'), ('లు', '|'), ('త', 'U'), ('ల్ల', '|'), ('డ', '|'), ('మం', 'U'), ('ద', '|'), ('గ', '|'), ('గూ', 'U'), ('ర్మ', '|'), ('మై', 'U'), ('ధ', '|'), ('రా', 'U'), ('ధ', '|'), ('ర', '|'), ('ము', '|'), ('ధ', '|'), ('రిం', 'U'), ('చి', '|'), ('తీ', 'U'), ('వె', '|'), ('క', '|'), ('ద', '|'), ('దా', 'U'), ('శ', '|'), ('ర', '|'), ('థీ', 'U'), ('క', '|'), ('రు', '|'), ('ణా', 'U'), ('ప', '|'), ('యో', 'U'), ('ని', '|'), ('ధీ', 'U')]",1.0,1.0,1.0,1.0,1.0,1.0
vutpalamaala,"ధారుణి జాపజుట్టిన విధంబునగైకొని హేమనేత్రుఁడ
వ్వారిధిలోన డాఁగినను వానివధించి వరాహమూర్తివై
ధారుణిఁ దొంటి కైవడిని దక్షిణశృంగమునన్‌ ధరించి వి
స్తార మొనర్చితీవెకద దాశరథీ! కరుణాపయోనిధీ!",vruttamu,Daasarathi,"[('ధా', 'U'), ('రు', '|'), ('ణి', '|'), ('జా', 'U'), ('ప', '|'), ('జు', 'U'), ('ట్టి', '|'), ('న', '|'), ('వి', '|'), ('ధం', 'U'), ('బు', '|'), ('న', '|'), ('గై', 'U'), ('కొ', '|'), ('ని', '|'), ('హే', 'U'), ('మ', '|'), ('నే', 'U'), ('త్రు', '|'), ('డ', 'U'), ('వ్వా', 'U'), ('రి', '|'), ('ధి', '|'), ('లో', 'U'), ('న', '|'), ('డా', 'U'), ('గి', '|'), ('న', '|'), ('ను', '|'), ('వా', 'U'), ('ని', '|'), ('వ', '|'), ('ధిం', 'U'), ('చి', '|'), ('వ', '|'), ('రా', 'U'), ('హ', '|'), ('మూ', 'U'), ('ర్తి', '|'), ('వై', 'U'), ('ధా', 'U'), ('రు', '|'), ('ణి', '|'), ('దొం', 'U'), ('టి', '|'), ('కై', 'U'), ('వ', '|'), ('డి', '|'), ('ని', '|'), ('ద', 'U'), ('క్షి', '|'), ('ణ', '|'), ('శృం', 'U'), ('గ', '|'), ('ము', '|'), ('న', 'U'), ('న్ధ', '|'), ('రిం', 'U'), ('చి', '|'), ('వి', 'U'), ('స్తా', 'U'), ('ర', '|'), ('మొ', '|'), ('న', 'U'), ('ర్చి', '|'), ('తీ', 'U'), ('వె', '|'), ('క', '|'), ('ద', '|'), ('దా', 'U'), ('శ', '|'), ('ర', '|'), ('థీ', 'U'), ('క', '|'), ('రు', '|'), ('ణా', 'U'), ('ప', '|'), ('యో', 'U'), ('ని', '|'), ('ధీ', 'U')]",1.0,1.0,1.0,1.0,1.0,1.0
champakamaala,"పెటపెట నుక్కు కంబమున భీకరదంత నఖాంకుర ప్రభా
పటలము గప్ప నుప్పతిలి భండనవీథి నృసింహభీకర
స్ఫుటపటుశక్తి హేమకశిపున్‌ విదలించి సురారిపట్టి నం
తటఁగృపఁజూచితీవెకద దాశరథీ! కరుణాపయోనిధీ!",vruttamu,Daasarathi,"[('పె', '|'), ('ట', '|'), ('పె', '|'), ('ట', '|'), ('ను', 'U'), ('క్కు', '|'), ('కం', 'U'), ('బ', '|'), ('ము', '|'), ('న', '|'), ('భీ', 'U'), ('క', '|'), ('ర', '|'), ('దం', 'U'), ('త', '|'), ('న', '|'), ('ఖాం', 'U'), ('కు', '|'), ('ర', '|'), ('ప్ర', '|'), ('భా', 'U'), ('ప', '|'), ('ట', '|'), ('ల', '|'), ('ము', '|'), ('గ', 'U'), ('ప్ప', '|'), ('ను', 'U'), ('ప్ప', '|'), ('తి', '|'), ('లి', '|'), ('భం', 'U'), ('డ', '|'), ('న', '|'), ('వీ', 'U'), ('థి', '|'), ('నృ', '|'), ('సిం', 'U'), ('హ', '|'), ('భీ', 'U'), ('క', '|'), ('ర', 'U'), ('స్ఫు', '|'), ('ట', '|'), ('ప', '|'), ('టు', '|'), ('శ', 'U'), ('క్తి', '|'), ('హే', 'U'), ('మ', '|'), ('క', '|'), ('శి', '|'), ('పు', 'U'), ('న్వి', '|'), ('ద', '|'), ('లిం', 'U'), ('చి', '|'), ('సు', '|'), ('రా', 'U'), ('రి', '|'), ('ప', 'U'), ('ట్టి', '|'), ('నం', 'U'), ('త', '|'), ('ట', '|'), ('గృ', '|'), ('ప', '|'), ('జూ', 'U'), ('చి', '|'), ('తీ', 'U'), ('వె', '|'), ('క', '|'), ('ద', '|'), ('దా', 'U'), ('శ', '|'), ('ర', '|'), ('థీ', 'U'), ('క', '|'), ('రు', '|'), ('ణా', 'U'), ('ప', '|'), ('యో', 'U'), ('ని', '|'), ('ధీ', 'U')]",0.9928571428571429,1.0,1.0,0.9642857142857143,1.0,1.0
champakamaala,"పదయుగళంబు భూగగన భాగములన్‌ వెసనూని విక్రమా
స్పదుఁడగు నబ్బలీంద్రునొక పాదమునం దలక్రిందనొత్తి మే
లొదవ జగత్త్రయంబు బురుహూతునికియ్య వటుండవైన చి
త్సదమలమూర్తి వీవెకద దాశరథీ! కరుణాపయోనిధీ!",vruttamu,Daasarathi,"[('ప', '|'), ('ద', '|'), ('యు', '|'), ('గ', '|'), ('ళం', 'U'), ('బు', '|'), ('భూ', 'U'), ('గ', '|'), ('గ', '|'), ('న', '|'), ('భా', 'U'), ('గ', '|'), ('ము', '|'), ('ల', 'U'), ('న్వె', '|'), ('స', '|'), ('నూ', 'U'), ('ని', '|'), ('వి', '|'), ('క్ర', '|'), ('మా', 'U'), ('స్ప', '|'), ('దు', '|'), ('డ', '|'), ('గు', '|'), ('న', 'U'), ('బ్బ', '|'), ('లీం', 'U'), ('ద్రు', '|'), ('నొ', '|'), ('క', '|'), ('పా', 'U'), ('ద', '|'), ('ము', '|'), ('నం', 'U'), ('ద', '|'), ('ల', '|'), ('క్రిం', 'U'), ('ద', '|'), ('నొ', 'U'), ('త్తి', '|'), ('మే', 'U'), ('లొ', '|'), ('ద', '|'), ('వ', '|'), ('జ', '|'), ('గ', 'U'), ('త్త్ర', '|'), ('యం', 'U'), ('బు', '|'), ('బు', '|'), ('రు', '|'), ('హూ', 'U'), ('తు', '|'), ('ని', '|'), ('కి', 'U'), ('య్య', '|'), ('వ', '|'), ('టుం', 'U'), ('డ', '|'), ('వై', 'U'), ('న', '|'), ('చి', 'U'), ('త్స', '|'), ('ద', '|'), ('మ', '|'), ('ల', '|'), ('మూ', 'U'), ('ర్తి', '|'), ('వీ', 'U'), ('వె', '|'), ('క', '|'), ('ద', '|'), ('దా', 'U'), ('శ', '|'), ('ర', '|'), ('థీ', 'U'), ('క', '|'), ('రు', '|'), ('ణా', 'U'), ('ప', '|'), ('యో', 'U'), ('ని', '|'), ('ధీ', 'U')]",0.9428571428571428,1.0,1.0,0.9642857142857143,0.75,1.0
champakamaala,"ఇరువదియొక్కమాఱు ధరణీశుల నెల్ల వధించి తత్కళే
బర రుధిర ప్రవాహమునఁ బైతృకతర్పణ మొప్పఁజేసి భూ
సురవరకోటికిన్‌ ముదము సొప్పడ భార్గవరామమూర్తివై
ధరణినొసంగితీవెకద దాశరథీ! కరుణాపయోనిధీ!",vruttamu,Daasarathi,"[('ఇ', '|'), ('రు', '|'), ('వ', '|'), ('ది', '|'), ('యొ', 'U'), ('క్క', '|'), ('మా', 'U'), ('ఱు', '|'), ('ధ', '|'), ('ర', '|'), ('ణీ', 'U'), ('శు', '|'), ('ల', '|'), ('నె', 'U'), ('ల్ల', '|'), ('వ', '|'), ('ధిం', 'U'), ('చి', '|'), ('త', 'U'), ('త్క', '|'), ('ళే', 'U'), ('బ', '|'), ('ర', '|'), ('రు', '|'), ('ధి', '|'), ('ర', '|'), ('ప్ర', '|'), ('వా', 'U'), ('హ', '|'), ('ము', '|'), ('న', '|'), ('బై', 'U'), ('తృ', '|'), ('క', '|'), ('త', 'U'), ('ర్ప', '|'), ('ణ', '|'), ('మొ', 'U'), ('ప్ప', '|'), ('జే', 'U'), ('సి', '|'), ('భూ', 'U'), ('సు', '|'), ('ర', '|'), ('వ', '|'), ('ర', '|'), ('కో', 'U'), ('టి', '|'), ('కి', 'U'), ('న్ము', '|'), ('ద', '|'), ('ము', '|'), ('సొ', 'U'), ('ప్ప', '|'), ('డ', '|'), ('భా', 'U'), ('ర్గ', '|'), ('వ', '|'), ('రా', 'U'), ('మ', '|'), ('మూ', 'U'), ('ర్తి', '|'), ('వై', 'U'), ('ధ', '|'), ('ర', '|'), ('ణి', '|'), ('నొ', '|'), ('సం', 'U'), ('గి', '|'), ('తీ', 'U'), ('వె', '|'), ('క', '|'), ('ద', '|'), ('దా', 'U'), ('శ', '|'), ('ర', '|'), ('థీ', 'U'), ('క', '|'), ('రు', '|'), ('ణా', 'U'), ('ప', '|'), ('యో', 'U'), ('ని', '|'), ('ధీ', 'U')]",0.9428571428571428,1.0,1.0,0.9642857142857143,0.75,1.0
champakamaala,"దురమునఁ దాటకం దునిమి ధూర్జటివిల్‌ దునుమాడి సీతనుం
బరిణయమంది తండ్రిపనుపన్‌ ఘనకాననభూమి కేఁగి దు
స్తరపటుచండ కాండకులిశాహతి రావణకుంభకర్ణ భూ
ధరములఁ గూల్చితీవెకద దాశరథీ! కరుణాపయోనిధీ!",vruttamu,Daasarathi,"[('దు', '|'), ('ర', '|'), ('ము', '|'), ('న', '|'), ('దా', 'U'), ('ట', '|'), ('కం', 'U'), ('దు', '|'), ('ని', '|'), ('మి', '|'), ('ధూ', 'U'), ('ర్జ', '|'), ('టి', '|'), ('వి', 'U'), ('ల్దు', '|'), ('ను', '|'), ('మా', 'U'), ('డి', '|'), ('సీ', 'U'), ('త', '|'), ('నుం', 'U'), ('బ', '|'), ('రి', '|'), ('ణ', '|'), ('య', '|'), ('మం', 'U'), ('ది', '|'), ('తం', 'U'), ('డ్రి', '|'), ('ప', '|'), ('ను', '|'), ('ప', 'U'), ('న్ఘ', '|'), ('న', '|'), ('కా', 'U'), ('న', '|'), ('న', '|'), ('భూ', 'U'), ('మి', '|'), ('కే', 'U'), ('గి', '|'), ('దు', 'U'), ('స్త', '|'), ('ర', '|'), ('ప', '|'), ('టు', '|'), ('చం', 'U'), ('డ', '|'), ('కాం', 'U'), ('డ', '|'), ('కు', '|'), ('లి', '|'), ('శా', 'U'), ('హ', '|'), ('తి', '|'), ('రా', 'U'), ('వ', '|'), ('ణ', '|'), ('కుం', 'U'), ('భ', '|'), ('క', 'U'), ('ర్ణ', '|'), ('భూ', 'U'), ('ధ', '|'), ('ర', '|'), ('ము', '|'), ('ల', '|'), ('గూ', 'U'), ('ల్చి', '|'), ('తీ', 'U'), ('వె', '|'), ('క', '|'), ('ద', '|'), ('దా', 'U'), ('శ', '|'), ('ర', '|'), ('థీ', 'U'), ('క', '|'), ('రు', '|'), ('ణా', 'U'), ('ప', '|'), ('యో', 'U'), ('ని', '|'), ('ధీ', 'U')]",1.0,1.0,1.0,1.0,1.0,1.0
champakamaala,"అనుపమ యాదవాన్వయసుధాబ్ధిసుధానిధి కృష్ణమూర్తి నీ
కనుజుఁడుగా జనించి కుజనావళి నెల్ల నడంచి రోహిణీ
తనయుఁడనంగ బాహుబల దర్పమునన్‌ బలరామమూర్తివై
తనరిన వేల్పవీవెకద దాశరథీ! కరుణాపయోనిధీ!",vruttamu,Daasarathi,"[('అ', '|'), ('ను', '|'), ('ప', '|'), ('మ', '|'), ('యా', 'U'), ('ద', '|'), ('వా', 'U'), ('న్వ', '|'), ('య', '|'), ('సు', '|'), ('ధా', 'U'), ('బ్ధి', '|'), ('సు', '|'), ('ధా', 'U'), ('ని', '|'), ('ధి', '|'), ('కృ', 'U'), ('ష్ణ', '|'), ('మూ', 'U'), ('ర్తి', '|'), ('నీ', 'U'), ('క', '|'), ('ను', '|'), ('జు', '|'), ('డు', '|'), ('గా', 'U'), ('జ', '|'), ('నిం', 'U'), ('చి', '|'), ('కు', '|'), ('జ', '|'), ('నా', 'U'), ('వ', '|'), ('ళి', '|'), ('నె', 'U'), ('ల్ల', '|'), ('న', '|'), ('డం', 'U'), ('చి', '|'), ('రో', 'U'), ('హి', '|'), ('ణీ', 'U'), ('త', '|'), ('న', '|'), ('యు', '|'), ('డ', '|'), ('నం', 'U'), ('గ', '|'), ('బా', 'U'), ('హు', '|'), ('బ', '|'), ('ల', '|'), ('ద', 'U'), ('ర్ప', '|'), ('ము', '|'), ('న', 'U'), ('న్బ', '|'), ('ల', '|'), ('రా', 'U'), ('మ', '|'), ('మూ', 'U'), ('ర్తి', '|'), ('వై', 'U'), ('త', '|'), ('న', '|'), ('రి', '|'), ('న', '|'), ('వే', 'U'), ('ల్ప', '|'), ('వీ', 'U'), ('వె', '|'), ('క', '|'), ('ద', '|'), ('దా', 'U'), ('శ', '|'), ('ర', '|'), ('థీ', 'U'), ('క', '|'), ('రు', '|'), ('ణా', 'U'), ('ప', '|'), ('యో', 'U'), ('ని', '|'), ('ధీ', 'U')]",0.9,1.0,1.0,1.0,0.5,1.0
champakamaala,"సురలునుతింపగాఁ ద్రిపుర సుందరులన్‌ వరియింప బుద్ధరూ
పరయఁగ దాల్చితీవు త్రిపురాసురకోటి దహించుచున్నప్పుడా
హరునకుఁ దోడుగా వరశరాసన బాణముఖోగ్రసాధనో
త్కర మొనరించితీవెకద దాశరథీ! కరుణాపయోనిధీ!",vruttamu,Daasarathi,"[('సు', '|'), ('ర', '|'), ('లు', '|'), ('ను', '|'), ('తిం', 'U'), ('ప', '|'), ('గా', 'U'), ('ద్రి', '|'), ('పు', '|'), ('ర', '|'), ('సుం', 'U'), ('ద', '|'), ('రు', '|'), ('ల', 'U'), ('న్వ', '|'), ('రి', '|'), ('యిం', 'U'), ('ప', '|'), ('బు', 'U'), ('ద్ధ', '|'), ('రూ', 'U'), ('ప', '|'), ('ర', '|'), ('య', '|'), ('గ', '|'), ('దా', 'U'), ('ల్చి', '|'), ('తీ', 'U'), ('వు', '|'), ('త్రి', '|'), ('పు', '|'), ('రా', 'U'), ('సు', '|'), ('ర', '|'), ('కో', 'U'), ('టి', '|'), ('ద', '|'), ('హిం', 'U'), ('చు', '|'), ('చు', 'U'), ('న్న', 'U'), ('ప్పు', '|'), ('డా', 'U'), ('హ', '|'), ('రు', '|'), ('న', '|'), ('కు', '|'), ('దో', 'U'), ('డు', '|'), ('గా', 'U'), ('వ', '|'), ('ర', '|'), ('శ', '|'), ('రా', 'U'), ('స', '|'), ('న', '|'), ('బా', 'U'), ('ణ', '|'), ('ము', '|'), ('ఖో', 'U'), ('గ్ర', '|'), ('సా', 'U'), ('ధ', '|'), ('నో', 'U'), ('త్క', '|'), ('ర', '|'), ('మొ', '|'), ('న', '|'), ('రిం', 'U'), ('చి', '|'), ('తీ', 'U'), ('వె', '|'), ('క', '|'), ('ద', '|'), ('దా', 'U'), ('శ', '|'), ('ర', '|'), ('థీ', 'U'), ('క', '|'), ('రు', '|'), ('ణా', 'U'), ('ప', '|'), ('యో', 'U'), ('ని', '|'), ('ధీ', 'U')]",0.6404761904761905,0.9880952380952381,1.0,0.4642857142857143,0.25,0.5
vutpalamaala,"సంకరదుర్గమై దురిత సంకులమైన జగంబుజూచి స
ర్వంకషలీల నుత్తమ తురంగమునెక్కి కరాసిఁబూని వీ
రాంక విలాసమొప్ప గలికాకృతి సజ్జనకోటికిన్‌ నిరా
తంక మొనర్చితీవెకద దాశరథీ! కరుణాపయోనిధీ!",vruttamu,Daasarathi,"[('సం', 'U'), ('క', '|'), ('ర', '|'), ('దు', 'U'), ('ర్గ', '|'), ('మై', 'U'), ('దు', '|'), ('రి', '|'), ('త', '|'), ('సం', 'U'), ('కు', '|'), ('ల', '|'), ('మై', 'U'), ('న', '|'), ('జ', '|'), ('గం', 'U'), ('బు', '|'), ('జూ', 'U'), ('చి', '|'), ('స', 'U'), ('ర్వం', 'U'), ('క', '|'), ('ష', '|'), ('లీ', 'U'), ('ల', '|'), ('ను', 'U'), ('త్త', '|'), ('మ', '|'), ('తు', '|'), ('రం', 'U'), ('గ', '|'), ('ము', '|'), ('నె', 'U'), ('క్కి', '|'), ('క', '|'), ('రా', 'U'), ('సి', '|'), ('బూ', 'U'), ('ని', '|'), ('వీ', 'U'), ('రాం', 'U'), ('క', '|'), ('వి', '|'), ('లా', 'U'), ('స', '|'), ('మొ', 'U'), ('ప్ప', '|'), ('గ', '|'), ('లి', '|'), ('కా', 'U'), ('కృ', '|'), ('తి', '|'), ('స', 'U'), ('జ్జ', '|'), ('న', '|'), ('కో', 'U'), ('టి', '|'), ('కి', 'U'), ('న్ని', '|'), ('రా', 'U'), ('తం', 'U'), ('క', '|'), ('మొ', '|'), ('న', 'U'), ('ర్చి', '|'), ('తీ', 'U'), ('వె', '|'), ('క', '|'), ('ద', '|'), ('దా', 'U'), ('శ', '|'), ('ర', '|'), ('థీ', 'U'), ('క', '|'), ('రు', '|'), ('ణా', 'U'), ('ప', '|'), ('యో', 'U'), ('ని', '|'), ('ధీ', 'U')]",0.95,1.0,1.0,1.0,0.75,1.0
champakamaala,"మనమున నూహపోహణలు మర్వకమున్నె కఫాదిరోగముల్‌
దనువుననంటి మేనిబిగి దప్పకమున్నె నరుండు మోక్ష సా
ధన మొనరింపఁగావలయుఁ దత్త్వవిచారము మానియుండుట
ల్తనువునకున్‌ విరోధమిది దాశరథీ! కరుణాపయోనిధీ!",vruttamu,Daasarathi,"[('మ', '|'), ('న', '|'), ('ము', '|'), ('న', '|'), ('నూ', 'U'), ('హ', '|'), ('పో', 'U'), ('హ', '|'), ('ణ', '|'), ('లు', '|'), ('మ', 'U'), ('ర్వ', '|'), ('క', '|'), ('ము', 'U'), ('న్నె', '|'), ('క', '|'), ('ఫా', 'U'), ('ది', '|'), ('రో', 'U'), ('గ', '|'), ('ముల్', 'U'), ('ద', '|'), ('ను', '|'), ('వు', '|'), ('న', '|'), ('నం', 'U'), ('టి', '|'), ('మే', 'U'), ('ని', '|'), ('బి', '|'), ('గి', '|'), ('ద', 'U'), ('ప్ప', '|'), ('క', '|'), ('ము', 'U'), ('న్నె', '|'), ('న', '|'), ('రుం', 'U'), ('డు', '|'), ('మో', 'U'), ('క్ష', '|'), ('సా', 'U'), ('ధ', '|'), ('న', '|'), ('మొ', '|'), ('న', '|'), ('రిం', 'U'), ('ప', '|'), ('గా', 'U'), ('వ', '|'), ('ల', '|'), ('యు', '|'), ('ద', 'U'), ('త్త్వ', '|'), ('వి', '|'), ('చా', 'U'), ('ర', '|'), ('ము', '|'), ('మా', 'U'), ('ని', '|'), ('యుం', 'U'), ('డు', '|'), ('ట', 'U'), ('ల్త', '|'), ('ను', '|'), ('వు', '|'), ('న', '|'), ('కు', 'U'), ('న్వి', '|'), ('రో', 'U'), ('ధ', '|'), ('మి', '|'), ('ది', '|'), ('దా', 'U'), ('శ', '|'), ('ర', '|'), ('థీ', 'U'), ('క', '|'), ('రు', '|'), ('ణా', 'U'), ('ప', '|'), ('యో', 'U'), ('ని', '|'), ('ధీ', 'U')]",1.0,1.0,1.0,1.0,1.0,1.0
champakamaala,"ముదమున కాటపట్టు భవమోహమద ద్విరదాంకుశంబు సం
పదల కొటారు కోరికల పంట పరంబునకాది వైరుల
న్నదన జయించుత్రోవ విపదబ్ధికి నావ గదా సదాభవ
త్సదమల నామసంస్మరణ దాశరథీ! కరుణాపయోనిధీ!",vruttamu,Daasarathi,"[('ము', '|'), ('ద', '|'), ('ము', '|'), ('న', '|'), ('కా', 'U'), ('ట', '|'), ('ప', 'U'), ('ట్టు', '|'), ('భ', '|'), ('వ', '|'), ('మో', 'U'), ('హ', '|'), ('మ', '|'), ('ద', 'U'), ('ద్వి', '|'), ('ర', '|'), ('దాం', 'U'), ('కు', '|'), ('శం', 'U'), ('బు', '|'), ('సం', 'U'), ('ప', '|'), ('ద', '|'), ('ల', '|'), ('కొ', '|'), ('టా', 'U'), ('రు', '|'), ('కో', 'U'), ('రి', '|'), ('క', '|'), ('ల', '|'), ('పం', 'U'), ('ట', '|'), ('ప', '|'), ('రం', 'U'), ('బు', '|'), ('న', '|'), ('కా', 'U'), ('ది', '|'), ('వై', 'U'), ('రు', '|'), ('ల', 'U'), ('న్న', '|'), ('ద', '|'), ('న', '|'), ('జ', '|'), ('యిం', 'U'), ('చు', '|'), ('త్రో', 'U'), ('వ', '|'), ('వి', '|'), ('ప', '|'), ('ద', 'U'), ('బ్ధి', '|'), ('కి', '|'), ('నా', 'U'), ('వ', '|'), ('గ', '|'), ('దా', 'U'), ('స', '|'), ('దా', 'U'), ('భ', '|'), ('వ', 'U'), ('త్స', '|'), ('ద', '|'), ('మ', '|'), ('ల', '|'), ('నా', 'U'), ('మ', '|'), ('సం', 'U'), ('స్మ', '|'), ('ర', '|'), ('ణ', '|'), ('దా', 'U'), ('శ', '|'), ('ర', '|'), ('థీ', 'U'), ('క', '|'), ('రు', '|'), ('ణా', 'U'), ('ప', '|'), ('యో', 'U'), ('ని', '|'), ('ధీ', 'U')]",0.95,1.0,1.0,1.0,0.75,1.0
champakamaala,"దురితలతానుసారి భయదుఃఖకదంబము రామనామ భీ
కరతర హేతిచేఁదెగి వకావకలై చనకుండ నేర్చు నే
దరికొని మండుచుండు శిఖదార్కొనినన్‌ శలభాదికీటకో
త్కరము విలీనమై చనదె దాశరథీ! కరుణాపయోనిధీ!",vruttamu,Daasarathi,"[('దు', '|'), ('రి', '|'), ('త', '|'), ('ల', '|'), ('తా', 'U'), ('ను', '|'), ('సా', 'U'), ('రి', '|'), ('భ', '|'), ('య', '|'), ('దుః', 'U'), ('ఖ', '|'), ('క', '|'), ('దం', 'U'), ('బ', '|'), ('ము', '|'), ('రా', 'U'), ('మ', '|'), ('నా', 'U'), ('మ', '|'), ('భీ', 'U'), ('క', '|'), ('ర', '|'), ('త', '|'), ('ర', '|'), ('హే', 'U'), ('తి', '|'), ('చే', 'U'), ('దె', '|'), ('గి', '|'), ('వ', '|'), ('కా', 'U'), ('వ', '|'), ('క', '|'), ('లై', 'U'), ('చ', '|'), ('న', '|'), ('కుం', 'U'), ('డ', '|'), ('నే', 'U'), ('ర్చు', '|'), ('నే', 'U'), ('ద', '|'), ('రి', '|'), ('కొ', '|'), ('ని', '|'), ('మం', 'U'), ('డు', '|'), ('చుం', 'U'), ('డు', '|'), ('శి', '|'), ('ఖ', '|'), ('దా', 'U'), ('ర్కొ', '|'), ('ని', '|'), ('న', 'U'), ('న్శ', '|'), ('ల', '|'), ('భా', 'U'), ('ది', '|'), ('కీ', 'U'), ('ట', '|'), ('కో', 'U'), ('త్క', '|'), ('ర', '|'), ('ము', '|'), ('వి', '|'), ('లీ', 'U'), ('న', '|'), ('మై', 'U'), ('చ', '|'), ('న', '|'), ('దె', '|'), ('దా', 'U'), ('శ', '|'), ('ర', '|'), ('థీ', 'U'), ('క', '|'), ('రు', '|'), ('ణా', 'U'), ('ప', '|'), ('యో', 'U'), ('ని', '|'), ('ధీ', 'U')]",1.0,1.0,1.0,1.0,1.0,1.0
champakamaala,"హరిపదభక్తి నింద్రియజయాన్వితుఁ డుత్తముఁడింద్రియంబులన్‌
మరుగక నిల్పనూదినను మధ్యముఁడింద్రియపారవశ్యుఁడై
పరగినచో నికృష్టుడని పల్కగ దుర్మతినైన నన్ను నా
దరమున నెట్లుకాచెదవొ దాశరథీ! కరుణాపయోనిధీ!",vruttamu,Daasarathi,"[('హ', '|'), ('రి', '|'), ('ప', '|'), ('ద', '|'), ('భ', 'U'), ('క్తి', '|'), ('నిం', 'U'), ('ద్రి', '|'), ('య', '|'), ('జ', '|'), ('యా', 'U'), ('న్వి', '|'), ('తు', '|'), ('డు', 'U'), ('త్త', '|'), ('ము', '|'), ('డిం', 'U'), ('ద్రి', '|'), ('యం', 'U'), ('బు', '|'), ('లన్', 'U'), ('మ', '|'), ('రు', '|'), ('గ', '|'), ('క', '|'), ('ని', 'U'), ('ల్ప', '|'), ('నూ', 'U'), ('ది', '|'), ('న', '|'), ('ను', '|'), ('మ', 'U'), ('ధ్య', '|'), ('ము', '|'), ('డిం', 'U'), ('ద్రి', '|'), ('య', '|'), ('పా', 'U'), ('ర', '|'), ('వ', 'U'), ('శ్యు', '|'), ('డై', 'U'), ('ప', '|'), ('ర', '|'), ('గి', '|'), ('న', '|'), ('చో', 'U'), ('ని', '|'), ('కృ', 'U'), ('ష్టు', '|'), ('డ', '|'), ('ని', '|'), ('ప', 'U'), ('ల్క', '|'), ('గ', '|'), ('దు', 'U'), ('ర్మ', '|'), ('తి', '|'), ('నై', 'U'), ('న', '|'), ('న', 'U'), ('న్ను', '|'), ('నా', 'U'), ('ద', '|'), ('ర', '|'), ('ము', '|'), ('న', '|'), ('నె', 'U'), ('ట్లు', '|'), ('కా', 'U'), ('చె', '|'), ('ద', '|'), ('వొ', '|'), ('దా', 'U'), ('శ', '|'), ('ర', '|'), ('థీ', 'U'), ('క', '|'), ('రు', '|'), ('ణా', 'U'), ('ప', '|'), ('యో', 'U'), ('ని', '|'), ('ధీ', 'U')]",1.0,1.0,1.0,1.0,1.0,1.0
champakamaala,"వనకరిచిక్కె మైనసకు వాచవికిం జెడిపోయె మీను తా
వినికికిఁ జిక్కెఁ జిల్వ గనువేఁదుఱు జెందెను లేళ్ళు తావిలో
మనికినశించె దేఁటి తరమా యిరుమూఁటిని గెల్వనైదుసా
ధనములనీవె కావదగు దాశరథీ! కరుణాపయోనిధీ!",vruttamu,Daasarathi,"[('వ', '|'), ('న', '|'), ('క', '|'), ('రి', '|'), ('చి', 'U'), ('క్కె', '|'), ('మై', 'U'), ('న', '|'), ('స', '|'), ('కు', '|'), ('వా', 'U'), ('చ', '|'), ('వి', '|'), ('కిం', 'U'), ('జె', '|'), ('డి', '|'), ('పో', 'U'), ('యె', '|'), ('మీ', 'U'), ('ను', '|'), ('తా', 'U'), ('వి', '|'), ('ని', '|'), ('కి', '|'), ('కి', '|'), ('జి', 'U'), ('క్కె', '|'), ('జి', 'U'), ('ల్వ', '|'), ('గ', '|'), ('ను', '|'), ('వే', 'U'), ('దు', '|'), ('ఱు', '|'), ('జెం', 'U'), ('దె', '|'), ('ను', '|'), ('లే', 'U'), ('ళ్ళు', '|'), ('తా', 'U'), ('వి', '|'), ('లో', 'U'), ('మ', '|'), ('ని', '|'), ('కి', '|'), ('న', '|'), ('శిం', 'U'), ('చె', '|'), ('దే', 'U'), ('టి', '|'), ('త', '|'), ('ర', '|'), ('మా', 'U'), ('యి', '|'), ('రు', '|'), ('మూ', 'U'), ('టి', '|'), ('ని', '|'), ('గె', 'U'), ('ల్వ', '|'), ('నై', 'U'), ('దు', '|'), ('సా', 'U'), ('ధ', '|'), ('న', '|'), ('ము', '|'), ('ల', '|'), ('నీ', 'U'), ('వె', '|'), ('కా', 'U'), ('వ', '|'), ('ద', '|'), ('గు', '|'), ('దా', 'U'), ('శ', '|'), ('ర', '|'), ('థీ', 'U'), ('క', '|'), ('రు', '|'), ('ణా', 'U'), ('ప', '|'), ('యో', 'U'), ('ని', '|'), ('ధీ', 'U')]",1.0,1.0,1.0,1.0,1.0,1.0
champakamaala,"కరములు మీకు మ్రొక్కులిడఁ కన్నులు మిమ్మునె చూడ జిహ్వ మీ
స్మరణఁ దనర్ప వీనులు భవత్కథలన్‌ వినుచుండ నాస మీ
యఱుతనుబెట్టు పూసరుల కాసగొనం బరమార్థ సాధనో
త్కరమిది చేయవే కృపను దాశరథీ! కరుణాపయోనిధీ!",vruttamu,Daasarathi,"[('క', '|'), ('ర', '|'), ('ము', '|'), ('లు', '|'), ('మీ', 'U'), ('కు', '|'), ('మ్రొ', 'U'), ('క్కు', '|'), ('లి', '|'), ('డ', '|'), ('క', 'U'), ('న్ను', '|'), ('లు', '|'), ('మి', 'U'), ('మ్ము', '|'), ('నె', '|'), ('చూ', 'U'), ('డ', '|'), ('జి', 'U'), ('హ్వ', '|'), ('మీ', 'U'), ('స్మ', '|'), ('ర', '|'), ('ణ', '|'), ('ద', '|'), ('న', 'U'), ('ర్ప', '|'), ('వీ', 'U'), ('ను', '|'), ('లు', '|'), ('భ', '|'), ('వ', 'U'), ('త్క', '|'), ('థ', '|'), ('ల', 'U'), ('న్వి', '|'), ('ను', '|'), ('చుం', 'U'), ('డ', '|'), ('నా', 'U'), ('స', '|'), ('మీ', 'U'), ('య', '|'), ('ఱు', '|'), ('త', '|'), ('ను', '|'), ('బె', 'U'), ('ట్టు', '|'), ('పూ', 'U'), ('స', '|'), ('రు', '|'), ('ల', '|'), ('కా', 'U'), ('స', '|'), ('గొ', '|'), ('నం', 'U'), ('బ', '|'), ('ర', '|'), ('మా', 'U'), ('ర్థ', '|'), ('సా', 'U'), ('ధ', '|'), ('నో', 'U'), ('త్క', '|'), ('ర', '|'), ('మి', '|'), ('ది', '|'), ('చే', 'U'), ('య', '|'), ('వే', 'U'), ('కృ', '|'), ('ప', '|'), ('ను', '|'), ('దా', 'U'), ('శ', '|'), ('ర', '|'), ('థీ', 'U'), ('క', '|'), ('రు', '|'), ('ణా', 'U'), ('ప', '|'), ('యో', 'U'), ('ని', '|'), ('ధీ', 'U')]",0.85,1.0,1.0,1.0,0.5,0.75
champakamaala,"చిరతరభక్తి నొక్కతులసీదళ మర్పణ సేయువాఁడు ఖే
చరగరుడోరగ ప్రముఖసంఘములో వెలుఁగన్‌ సదాభవత్‌
స్ఫురదరవింద పాదములఁ బూజలొనర్చినవారికెల్లఁ ద
త్పర మఱచేతిధాత్రిగద దాశరథీ! కరుణాపయోనిధీ!",vruttamu,Daasarathi,"[('చి', '|'), ('ర', '|'), ('త', '|'), ('ర', '|'), ('భ', 'U'), ('క్తి', '|'), ('నొ', 'U'), ('క్క', '|'), ('తు', '|'), ('ల', '|'), ('సీ', 'U'), ('ద', '|'), ('ళ', '|'), ('మ', 'U'), ('ర్ప', '|'), ('ణ', '|'), ('సే', 'U'), ('యు', '|'), ('వా', 'U'), ('డు', '|'), ('ఖే', 'U'), ('చ', '|'), ('ర', '|'), ('గ', '|'), ('రు', '|'), ('డో', 'U'), ('ర', '|'), ('గ', '|'), ('ప్ర', '|'), ('ము', '|'), ('ఖ', '|'), ('సం', 'U'), ('ఘ', '|'), ('ము', '|'), ('లో', 'U'), ('వె', '|'), ('లు', '|'), ('గ', 'U'), ('న్స', '|'), ('దా', 'U'), ('భ', '|'), ('వత్', 'U'), ('స్ఫు', '|'), ('ర', '|'), ('ద', '|'), ('ర', '|'), ('విం', 'U'), ('ద', '|'), ('పా', 'U'), ('ద', '|'), ('ము', '|'), ('ల', '|'), ('బూ', 'U'), ('జ', '|'), ('లొ', '|'), ('న', 'U'), ('ర్చి', '|'), ('న', '|'), ('వా', 'U'), ('రి', '|'), ('కె', 'U'), ('ల్ల', '|'), ('ద', 'U'), ('త్ప', '|'), ('ర', '|'), ('మ', '|'), ('ఱ', '|'), ('చే', 'U'), ('తి', '|'), ('ధా', 'U'), ('త్రి', '|'), ('గ', '|'), ('ద', '|'), ('దా', 'U'), ('శ', '|'), ('ర', '|'), ('థీ', 'U'), ('క', '|'), ('రు', '|'), ('ణా', 'U'), ('ప', '|'), ('యో', 'U'), ('ని', '|'), ('ధీ', 'U')]",0.9928571428571429,1.0,1.0,0.9642857142857143,1.0,1.0
vutpalamaala,"భానుఁడు తూర్పునందు గనుపట్టినఁ బావక చంద్రతేజముల్‌
హీనతఁజెందినట్లు జగదేకవిరాజితమైన నీ పద
ధ్యానముచేయుచున్నఁ బరదైవమరీచులడంగకుండునే
దానవ గర్వనిర్దళన దాశరథీ! కరుణాపయోనిధీ!",vruttamu,Daasarathi,"[('భా', 'U'), ('ను', '|'), ('డు', '|'), ('తూ', 'U'), ('ర్పు', '|'), ('నం', 'U'), ('దు', '|'), ('గ', '|'), ('ను', '|'), ('ప', 'U'), ('ట్టి', '|'), ('న', '|'), ('బా', 'U'), ('వ', '|'), ('క', '|'), ('చం', 'U'), ('ద్ర', '|'), ('తే', 'U'), ('జ', '|'), ('ముల్', 'U'), ('హీ', 'U'), ('న', '|'), ('త', '|'), ('జెం', 'U'), ('ది', '|'), ('న', 'U'), ('ట్లు', '|'), ('జ', '|'), ('గ', '|'), ('దే', 'U'), ('క', '|'), ('వి', '|'), ('రా', 'U'), ('జి', '|'), ('త', '|'), ('మై', 'U'), ('న', '|'), ('నీ', 'U'), ('ప', '|'), ('ద', 'U'), ('ధ్యా', 'U'), ('న', '|'), ('ము', '|'), ('చే', 'U'), ('యు', '|'), ('చు', 'U'), ('న్న', '|'), ('బ', '|'), ('ర', '|'), ('దై', 'U'), ('వ', '|'), ('మ', '|'), ('రీ', 'U'), ('చు', '|'), ('ల', '|'), ('డం', 'U'), ('గ', '|'), ('కుం', 'U'), ('డు', '|'), ('నే', 'U'), ('దా', 'U'), ('న', '|'), ('వ', '|'), ('గ', 'U'), ('ర్వ', '|'), ('ని', 'U'), ('ర్ద', '|'), ('ళ', '|'), ('న', '|'), ('దా', 'U'), ('శ', '|'), ('ర', '|'), ('థీ', 'U'), ('క', '|'), ('రు', '|'), ('ణా', 'U'), ('ప', '|'), ('యో', 'U'), ('ని', '|'), ('ధీ', 'U')]",0.95,1.0,1.0,1.0,0.75,1.0
vutpalamaala,"నీ మహనీయతత్త్వ రసనిర్ణయబోధకథామృతాబ్ధిలోఁ
దామును గ్రుంకులాడక వృథా తనుకష్టముజెంది మానవుం
డీ మహిలోకతీర్థములనెల్ల మునింగిన దుర్వికార హృ
త్తామసపంకముల్‌ విడునె దాశరథీ! కరుణాపయోనిధీ!",vruttamu,Daasarathi,"[('నీ', 'U'), ('మ', '|'), ('హ', '|'), ('నీ', 'U'), ('య', '|'), ('త', 'U'), ('త్త్వ', '|'), ('ర', '|'), ('స', '|'), ('ని', 'U'), ('ర్ణ', '|'), ('య', '|'), ('బో', 'U'), ('ధ', '|'), ('క', '|'), ('థా', 'U'), ('మృ', '|'), ('తా', 'U'), ('బ్ధి', '|'), ('లో', 'U'), ('దా', 'U'), ('ము', '|'), ('ను', '|'), ('గ్రుం', 'U'), ('కు', '|'), ('లా', 'U'), ('డ', '|'), ('క', '|'), ('వృ', '|'), ('థా', 'U'), ('త', '|'), ('ను', '|'), ('క', 'U'), ('ష్ట', '|'), ('ము', '|'), ('జెం', 'U'), ('ది', '|'), ('మా', 'U'), ('న', '|'), ('వుం', 'U'), ('డీ', 'U'), ('మ', '|'), ('హి', '|'), ('లో', 'U'), ('క', '|'), ('తీ', 'U'), ('ర్థ', '|'), ('ము', '|'), ('ల', '|'), ('నె', 'U'), ('ల్ల', '|'), ('ము', '|'), ('నిం', 'U'), ('గి', '|'), ('న', '|'), ('దు', 'U'), ('ర్వి', '|'), ('కా', 'U'), ('ర', '|'), ('హృ', 'U'), ('త్తా', 'U'), ('మ', '|'), ('స', '|'), ('పం', 'U'), ('క', '|'), ('ము', 'U'), ('ల్వి', '|'), ('డు', '|'), ('నె', '|'), ('దా', 'U'), ('శ', '|'), ('ర', '|'), ('థీ', 'U'), ('క', '|'), ('రు', '|'), ('ణా', 'U'), ('ప', '|'), ('యో', 'U'), ('ని', '|'), ('ధీ', 'U')]",0.95,1.0,1.0,1.0,0.75,1.0
vutpalamaala,"కాంచన వస్తుసంకలిత కల్మషమగ్నిపుటంబు బెట్టి వా
రించినరీతి నాత్మనిగిడించిన దుష్కర దుర్మలత్రయం
బంచిత భక్తియోగ దహనార్చిఁ దగుల్పక పాయునే కన
త్కాంచనకుండలాభరణ దాశరథీ! కరుణాపయోనిధీ!",vruttamu,Daasarathi,"[('కాం', 'U'), ('చ', '|'), ('న', '|'), ('వ', 'U'), ('స్తు', '|'), ('సం', 'U'), ('క', '|'), ('లి', '|'), ('త', '|'), ('క', 'U'), ('ల్మ', '|'), ('ష', '|'), ('మ', 'U'), ('గ్ని', '|'), ('పు', '|'), ('టం', 'U'), ('బు', '|'), ('బె', 'U'), ('ట్టి', '|'), ('వా', 'U'), ('రిం', 'U'), ('చి', '|'), ('న', '|'), ('రీ', 'U'), ('తి', '|'), ('నా', 'U'), ('త్మ', '|'), ('ని', '|'), ('గి', '|'), ('డిం', 'U'), ('చి', '|'), ('న', '|'), ('దు', 'U'), ('ష్క', '|'), ('ర', '|'), ('దు', 'U'), ('ర్మ', '|'), ('ల', '|'), ('త్ర', '|'), ('యం', 'U'), ('బం', 'U'), ('చి', '|'), ('త', '|'), ('భ', 'U'), ('క్తి', '|'), ('యో', 'U'), ('గ', '|'), ('ద', '|'), ('హ', '|'), ('నా', 'U'), ('ర్చి', '|'), ('ద', '|'), ('గు', 'U'), ('ల్ప', '|'), ('క', '|'), ('పా', 'U'), ('యు', '|'), ('నే', 'U'), ('క', '|'), ('న', 'U'), ('త్కాం', 'U'), ('చ', '|'), ('న', '|'), ('కుం', 'U'), ('డ', '|'), ('లా', 'U'), ('భ', '|'), ('ర', '|'), ('ణ', '|'), ('దా', 'U'), ('శ', '|'), ('ర', '|'), ('థీ', 'U'), ('క', '|'), ('రు', '|'), ('ణా', 'U'), ('ప', '|'), ('యో', 'U'), ('ని', '|'), ('ధీ', 'U')]",0.8928571428571429,1.0,1.0,0.9642857142857143,0.5,1.0
vutpalamaala,"నీ సతి పెక్కుగల్ములిడ నేర్పరి లోక మకల్మషంబుగా
నీ సుత సేయు పావనము నిర్మితి కార్యధురీణదక్షుఁడై
నీ సుతుఁడిచ్చు నాయువులు నిన్ను భజించినఁ గల్గకుండునే
దాసుల కీప్సితార్థములు దాశరథీ! కరుణాపయోనిధీ!",vruttamu,Daasarathi,"[('నీ', 'U'), ('స', '|'), ('తి', '|'), ('పె', 'U'), ('క్కు', '|'), ('గ', 'U'), ('ల్ము', '|'), ('లి', '|'), ('డ', '|'), ('నే', 'U'), ('ర్ప', '|'), ('రి', '|'), ('లో', 'U'), ('క', '|'), ('మ', '|'), ('క', 'U'), ('ల్మ', '|'), ('షం', 'U'), ('బు', '|'), ('గా', 'U'), ('నీ', 'U'), ('సు', '|'), ('త', '|'), ('సే', 'U'), ('యు', '|'), ('పా', 'U'), ('వ', '|'), ('న', '|'), ('ము', '|'), ('ని', 'U'), ('ర్మి', '|'), ('తి', '|'), ('కా', 'U'), ('ర్య', '|'), ('ధు', '|'), ('రీ', 'U'), ('ణ', '|'), ('ద', 'U'), ('క్షు', '|'), ('డై', 'U'), ('నీ', 'U'), ('సు', '|'), ('తు', '|'), ('డి', 'U'), ('చ్చు', '|'), ('నా', 'U'), ('యు', '|'), ('వు', '|'), ('లు', '|'), ('ని', 'U'), ('న్ను', '|'), ('భ', '|'), ('జిం', 'U'), ('చి', '|'), ('న', '|'), ('గ', 'U'), ('ల్గ', '|'), ('కుం', 'U'), ('డు', '|'), ('నే', 'U'), ('దా', 'U'), ('సు', '|'), ('ల', '|'), ('కీ', 'U'), ('ప్సి', '|'), ('తా', 'U'), ('ర్థ', '|'), ('ము', '|'), ('లు', '|'), ('దా', 'U'), ('శ', '|'), ('ర', '|'), ('థీ', 'U'), ('క', '|'), ('రు', '|'), ('ణా', 'U'), ('ప', '|'), ('యో', 'U'), ('ని', '|'), ('ధీ', 'U')]",1.0,1.0,1.0,1.0,1.0,1.0
vutpalamaala,"వారిజపత్రమందిడిన వారివిధంబున వర్తనీయమం
దారయ రొంపిలోన దనువంటని కుమ్మర పుర్వురీతి సం
సారమునన్‌ మెలంగుచు విచారగుఁడై పరమొందుగాదె స
త్కారమెఱింగి మానవుఁడు దాశరథీ! కరుణాపయోనిధీ!",vruttamu,Daasarathi,"[('వా', 'U'), ('రి', '|'), ('జ', '|'), ('ప', '|'), ('త్ర', '|'), ('మం', 'U'), ('ది', '|'), ('డి', '|'), ('న', '|'), ('వా', 'U'), ('రి', '|'), ('వి', '|'), ('ధం', 'U'), ('బు', '|'), ('న', '|'), ('వ', 'U'), ('ర్త', '|'), ('నీ', 'U'), ('య', '|'), ('మం', 'U'), ('దా', 'U'), ('ర', '|'), ('య', '|'), ('రొం', 'U'), ('పి', '|'), ('లో', 'U'), ('న', '|'), ('ద', '|'), ('ను', '|'), ('వం', 'U'), ('ట', '|'), ('ని', '|'), ('కు', 'U'), ('మ్మ', '|'), ('ర', '|'), ('పు', 'U'), ('ర్వు', '|'), ('రీ', 'U'), ('తి', '|'), ('సం', 'U'), ('సా', 'U'), ('ర', '|'), ('ము', '|'), ('న', 'U'), ('న్మె', '|'), ('లం', 'U'), ('గు', '|'), ('చు', '|'), ('వి', '|'), ('చా', 'U'), ('ర', '|'), ('గు', '|'), ('డై', 'U'), ('ప', '|'), ('ర', '|'), ('మొం', 'U'), ('దు', '|'), ('గా', 'U'), ('దె', '|'), ('స', 'U'), ('త్కా', 'U'), ('ర', '|'), ('మె', '|'), ('ఱిం', 'U'), ('గి', '|'), ('మా', 'U'), ('న', '|'), ('వు', '|'), ('డు', '|'), ('దా', 'U'), ('శ', '|'), ('ర', '|'), ('థీ', 'U'), ('క', '|'), ('రు', '|'), ('ణా', 'U'), ('ప', '|'), ('యో', 'U'), ('ని', '|'), ('ధీ', 'U')]",0.9428571428571428,1.0,1.0,0.9642857142857143,0.75,1.0
vutpalamaala,"ఎక్కడి తల్లితండ్రి సుతులెక్కడివారు కళత్రబాంధవం
బెక్కడ జీవుఁడెట్టి తనువెత్తినఁ బుట్టుచుఁ బోవుచున్నవాఁ
డొక్కఁడె పాపపుణ్యఫల మొందిననొక్కడె కానరాడు వే
ఱొక్కఁడు వెంటనంటిభవ మొల్లనయా కృపఁజూడవయ్య నీ
టక్కరి మాయలందిడక దాశరథీ! కరుణాపయోనిధీ!",vruttamu,Daasarathi,"[('ఎ', 'U'), ('క్క', '|'), ('డి', '|'), ('త', 'U'), ('ల్లి', '|'), ('తం', 'U'), ('డ్రి', '|'), ('సు', '|'), ('తు', '|'), ('లె', 'U'), ('క్క', '|'), ('డి', '|'), ('వా', 'U'), ('రు', '|'), ('క', '|'), ('ళ', '|'), ('త్ర', '|'), ('బాం', 'U'), ('ధ', '|'), ('వం', 'U'), ('బె', 'U'), ('క్క', '|'), ('డ', '|'), ('జీ', 'U'), ('వు', '|'), ('డె', 'U'), ('ట్టి', '|'), ('త', '|'), ('ను', '|'), ('వె', 'U'), ('త్తి', '|'), ('న', '|'), ('బు', 'U'), ('ట్టు', '|'), ('చు', '|'), ('బో', 'U'), ('వు', '|'), ('చు', 'U'), ('న్న', '|'), ('వా', 'U'), ('డొ', 'U'), ('క్క', '|'), ('డె', '|'), ('పా', 'U'), ('ప', '|'), ('పు', 'U'), ('ణ్య', '|'), ('ఫ', '|'), ('ల', '|'), ('మొం', 'U'), ('ది', '|'), ('న', '|'), ('నొ', 'U'), ('క్క', '|'), ('డె', '|'), ('కా', 'U'), ('న', '|'), ('రా', 'U'), ('డు', '|'), ('వే', 'U'), ('ఱొ', 'U'), ('క్క', '|'), ('డు', '|'), ('వెం', 'U'), ('ట', '|'), ('నం', 'U'), ('టి', '|'), ('భ', '|'), ('వ', '|'), ('మొ', 'U'), ('ల్ల', '|'), ('న', '|'), ('యా', 'U'), ('కృ', '|'), ('ప', '|'), ('జూ', 'U'), ('డ', '|'), ('వ', 'U'), ('య్య', '|'), ('నీ', 'U'), ('ట', 'U'), ('క్క', '|'), ('రి', '|'), ('మా', 'U'), ('య', '|'), ('లం', 'U'), ('ది', '|'), ('డ', '|'), ('క', '|'), ('దా', 'U'), ('శ', '|'), ('ర', '|'), ('థీ', 'U'), ('క', '|'), ('రు', '|'), ('ణా', 'U'), ('ప', '|'), ('యో', 'U'), ('ని', '|'), ('ధీ', 'U')]",0.7428571428571429,0.75,1.0,0.9642857142857143,0.0,1.0
vutpalamaala,"దొరసిన కాయముల్ముదిమి తోచినఁజూచి ప్రభుత్వముల్సిరుల్‌
మెఱపులుగాగజూచి మఱి మేదినిలోఁ దమతోడివారు ముం
దరుగుటచూచి చూచి తెగునాయువెఱుంగక మోహపాశము
ల్దరుఁగని వారికేమి గతి దాశరథీ! కరుణాపయోనిధీ!",vruttamu,Daasarathi,"[('దొ', '|'), ('ర', '|'), ('సి', '|'), ('న', '|'), ('కా', 'U'), ('య', '|'), ('ము', 'U'), ('ల్ము', '|'), ('ది', '|'), ('మి', '|'), ('తో', 'U'), ('చి', '|'), ('న', '|'), ('జూ', 'U'), ('చి', '|'), ('ప్ర', '|'), ('భు', 'U'), ('త్వ', '|'), ('ము', 'U'), ('ల్సి', '|'), ('రుల్', 'U'), ('మె', '|'), ('ఱ', '|'), ('పు', '|'), ('లు', '|'), ('గా', 'U'), ('గ', '|'), ('జూ', 'U'), ('చి', '|'), ('మ', '|'), ('ఱి', '|'), ('మే', 'U'), ('ది', '|'), ('ని', '|'), ('లో', 'U'), ('ద', '|'), ('మ', '|'), ('తో', 'U'), ('డి', '|'), ('వా', 'U'), ('రు', '|'), ('ముం', 'U'), ('ద', '|'), ('రు', '|'), ('గు', '|'), ('ట', '|'), ('చూ', 'U'), ('చి', '|'), ('చూ', 'U'), ('చి', '|'), ('తె', '|'), ('గు', '|'), ('నా', 'U'), ('యు', '|'), ('వె', '|'), ('ఱుం', 'U'), ('గ', '|'), ('క', '|'), ('మో', 'U'), ('హ', '|'), ('పా', 'U'), ('శ', '|'), ('ము', 'U'), ('ల్ద', '|'), ('రు', '|'), ('గ', '|'), ('ని', '|'), ('వా', 'U'), ('రి', '|'), ('కే', 'U'), ('మి', '|'), ('గ', '|'), ('తి', '|'), ('దా', 'U'), ('శ', '|'), ('ర', '|'), ('థీ', 'U'), ('క', '|'), ('రు', '|'), ('ణా', 'U'), ('ప', '|'), ('యో', 'U'), ('ని', '|'), ('ధీ', 'U')]",0.5257142857142857,0.95,1.0,0.1785714285714286,0.0,0.5
champakamaala,"సిరిగలనాఁడు మైమఱచి చిక్కిననాఁడు దలంచి పుణ్యముల్‌
పొరిఁబొరి సేయనైతినని పొక్కినఁగల్గునె గాలిచిచ్చుపైఁ
గెరలినవేళఁ దప్పికొని కీడ్పడువేళ జలంబుగోరి త
త్తరమునఁ ద్రవ్వినంగలదె దాశరథీ! కరుణాపయోనిధీ!",vruttamu,Daasarathi,"[('సి', '|'), ('రి', '|'), ('గ', '|'), ('ల', '|'), ('నా', 'U'), ('డు', '|'), ('మై', 'U'), ('మ', '|'), ('ఱ', '|'), ('చి', '|'), ('చి', 'U'), ('క్కి', '|'), ('న', '|'), ('నా', 'U'), ('డు', '|'), ('ద', '|'), ('లం', 'U'), ('చి', '|'), ('పు', 'U'), ('ణ్య', '|'), ('ముల్', 'U'), ('పొ', '|'), ('రి', '|'), ('బొ', '|'), ('రి', '|'), ('సే', 'U'), ('య', '|'), ('నై', 'U'), ('తి', '|'), ('న', '|'), ('ని', '|'), ('పొ', 'U'), ('క్కి', '|'), ('న', '|'), ('గ', 'U'), ('ల్గు', '|'), ('నె', '|'), ('గా', 'U'), ('లి', '|'), ('చి', 'U'), ('చ్చు', '|'), ('పై', 'U'), ('గె', '|'), ('ర', '|'), ('లి', '|'), ('న', '|'), ('వే', 'U'), ('ళ', '|'), ('ద', 'U'), ('ప్పి', '|'), ('కొ', '|'), ('ని', '|'), ('కీ', 'U'), ('డ్ప', '|'), ('డు', '|'), ('వే', 'U'), ('ళ', '|'), ('జ', '|'), ('లం', 'U'), ('బు', '|'), ('గో', 'U'), ('రి', '|'), ('త', 'U'), ('త్త', '|'), ('ర', '|'), ('ము', '|'), ('న', '|'), ('ద్ర', 'U'), ('వ్వి', '|'), ('నం', 'U'), ('గ', '|'), ('ల', '|'), ('దె', '|'), ('దా', 'U'), ('శ', '|'), ('ర', '|'), ('థీ', 'U'), ('క', '|'), ('రు', '|'), ('ణా', 'U'), ('ప', '|'), ('యో', 'U'), ('ని', '|'), ('ధీ', 'U')]",1.0,1.0,1.0,1.0,1.0,1.0
vutpalamaala,"జీవనమింకఁ బంకమునఁ జిక్కినమీను చలింపకెంతయున్‌
దావుననిల్చి జీవనమె దద్దయుఁ గోరువిధంబు చొప్పడం
దావలఁమైనగాని గుఱి దప్పనివాఁడు తరించువాఁడయా
తావకభక్తియోగమున దాశరథీ! కరుణాపయోనిధీ!",vruttamu,Daasarathi,"[('జీ', 'U'), ('వ', '|'), ('న', '|'), ('మిం', 'U'), ('క', '|'), ('బం', 'U'), ('క', '|'), ('ము', '|'), ('న', '|'), ('జి', 'U'), ('క్కి', '|'), ('న', '|'), ('మీ', 'U'), ('ను', '|'), ('చ', '|'), ('లిం', 'U'), ('ప', '|'), ('కెం', 'U'), ('త', '|'), ('యున్', 'U'), ('దా', 'U'), ('వు', '|'), ('న', '|'), ('ని', 'U'), ('ల్చి', '|'), ('జీ', 'U'), ('వ', '|'), ('న', '|'), ('మె', '|'), ('ద', 'U'), ('ద్ద', '|'), ('యు', '|'), ('గో', 'U'), ('రు', '|'), ('వి', '|'), ('ధం', 'U'), ('బు', '|'), ('చొ', 'U'), ('ప్ప', '|'), ('డం', 'U'), ('దా', 'U'), ('వ', '|'), ('ల', '|'), ('మై', 'U'), ('న', '|'), ('గా', 'U'), ('ని', '|'), ('గు', '|'), ('ఱి', '|'), ('ద', 'U'), ('ప్ప', '|'), ('ని', '|'), ('వా', 'U'), ('డు', '|'), ('త', '|'), ('రిం', 'U'), ('చు', '|'), ('వా', 'U'), ('డ', '|'), ('యా', 'U'), ('తా', 'U'), ('వ', '|'), ('క', '|'), ('భ', 'U'), ('క్తి', '|'), ('యో', 'U'), ('గ', '|'), ('ము', '|'), ('న', '|'), ('దా', 'U'), ('శ', '|'), ('ర', '|'), ('థీ', 'U'), ('క', '|'), ('రు', '|'), ('ణా', 'U'), ('ప', '|'), ('యో', 'U'), ('ని', '|'), ('ధీ', 'U')]",1.0,1.0,1.0,1.0,1.0,1.0
champakamaala,"సరసుని మానసంబు సరసజ్ఞుఁడెఱుంగును ముష్కరాధముం
డెఱిఁగి గ్రహించువాడె కొలనేక నివాసముఁగాగ దర్దురం
బరయఁగ నేర్చునెట్లు వికచాబ్దమరంద రసైక సౌరభో
త్కరము మిళిందమొందు క్రియ దాశరథీ! కరుణాపయోనిధీ!",vruttamu,Daasarathi,"[('స', '|'), ('ర', '|'), ('సు', '|'), ('ని', '|'), ('మా', 'U'), ('న', '|'), ('సం', 'U'), ('బు', '|'), ('స', '|'), ('ర', '|'), ('స', 'U'), ('జ్ఞు', '|'), ('డె', '|'), ('ఱుం', 'U'), ('గు', '|'), ('ను', '|'), ('ము', 'U'), ('ష్క', '|'), ('రా', 'U'), ('ధ', '|'), ('ముం', 'U'), ('డె', '|'), ('ఱి', '|'), ('గి', '|'), ('గ్ర', '|'), ('హిం', 'U'), ('చు', '|'), ('వా', 'U'), ('డె', '|'), ('కొ', '|'), ('ల', '|'), ('నే', 'U'), ('క', '|'), ('ని', '|'), ('వా', 'U'), ('స', '|'), ('ము', '|'), ('గా', 'U'), ('గ', '|'), ('ద', 'U'), ('ర్దు', '|'), ('రం', 'U'), ('బ', '|'), ('ర', '|'), ('య', '|'), ('గ', '|'), ('నే', 'U'), ('ర్చు', '|'), ('నె', 'U'), ('ట్లు', '|'), ('వి', '|'), ('క', '|'), ('చా', 'U'), ('బ్ద', '|'), ('మ', '|'), ('రం', 'U'), ('ద', '|'), ('ర', '|'), ('సై', 'U'), ('క', '|'), ('సౌ', 'U'), ('ర', '|'), ('భో', 'U'), ('త్క', '|'), ('ర', '|'), ('ము', '|'), ('మి', '|'), ('ళిం', 'U'), ('ద', '|'), ('మొం', 'U'), ('దు', '|'), ('క్రి', '|'), ('య', '|'), ('దా', 'U'), ('శ', '|'), ('ర', '|'), ('థీ', 'U'), ('క', '|'), ('రు', '|'), ('ణా', 'U'), ('ప', '|'), ('యో', 'U'), ('ని', '|'), ('ధీ', 'U')]",0.85,1.0,1.0,1.0,0.5,0.75
vutpalamaala,"నోఁచిన తల్లితండ్రికిఁ దనూభవుఁడొక్కడె చాలు మేటి చే
చాఁచనివాఁడు వేఱొకఁడు చాచిన లేదనకిచ్చువాఁడు నో
రాఁచి నిజంబకాని పలుకాడనివాఁడు రణంబులోన మేన్‌
దాఁచనివాఁడు భద్రగిరి దాశరథీ! కరుణాపయోనిధీ!",vruttamu,Daasarathi,"[('నో', 'U'), ('చి', '|'), ('న', '|'), ('త', 'U'), ('ల్లి', '|'), ('తం', 'U'), ('డ్రి', '|'), ('కి', '|'), ('ద', '|'), ('నూ', 'U'), ('భ', '|'), ('వు', '|'), ('డొ', 'U'), ('క్క', '|'), ('డె', '|'), ('చా', 'U'), ('లు', '|'), ('మే', 'U'), ('టి', '|'), ('చే', 'U'), ('చా', 'U'), ('చ', '|'), ('ని', '|'), ('వా', 'U'), ('డు', '|'), ('వే', 'U'), ('ఱొ', '|'), ('క', '|'), ('డు', '|'), ('చా', 'U'), ('చి', '|'), ('న', '|'), ('లే', 'U'), ('ద', '|'), ('న', '|'), ('కి', 'U'), ('చ్చు', '|'), ('వా', 'U'), ('డు', '|'), ('నో', 'U'), ('రా', 'U'), ('చి', '|'), ('ని', '|'), ('జం', 'U'), ('బ', '|'), ('కా', 'U'), ('ని', '|'), ('ప', '|'), ('లు', '|'), ('కా', 'U'), ('డ', '|'), ('ని', '|'), ('వా', 'U'), ('డు', '|'), ('ర', '|'), ('ణం', 'U'), ('బు', '|'), ('లో', 'U'), ('న', '|'), ('మేన్', 'U'), ('దా', 'U'), ('చ', '|'), ('ని', '|'), ('వా', 'U'), ('డు', '|'), ('భ', '|'), ('ద్ర', '|'), ('గి', '|'), ('రి', '|'), ('దా', 'U'), ('శ', '|'), ('ర', '|'), ('థీ', 'U'), ('క', '|'), ('రు', '|'), ('ణా', 'U'), ('ప', '|'), ('యో', 'U'), ('ని', '|'), ('ధీ', 'U')]",0.9428571428571428,1.0,1.0,0.9642857142857143,0.75,1.0
vutpalamaala,"""శ్రీయుత జానకీరమణ చిన్మయరూప రమేశరామ నా
రాయణ పాహిపాహి""యని బ్రస్తుతిఁ జేసితి నా మనంబునం
బాయక కిల్బిష వ్రజ విపాటనమందఁగజేసి సత్కళా
దాయి ఫలంబు నాకియవె దాశరథీ! కరుణాపయోనిధీ!",vruttamu,Daasarathi,"[('శ్రీ', 'U'), ('యు', '|'), ('త', '|'), ('జా', 'U'), ('న', '|'), ('కీ', 'U'), ('ర', '|'), ('మ', '|'), ('ణ', '|'), ('చి', 'U'), ('న్మ', '|'), ('య', '|'), ('రూ', 'U'), ('ప', '|'), ('ర', '|'), ('మే', 'U'), ('శ', '|'), ('రా', 'U'), ('మ', '|'), ('నా', 'U'), ('రా', 'U'), ('య', '|'), ('ణ', '|'), ('పా', 'U'), ('హి', '|'), ('పా', 'U'), ('హి', '|'), ('య', '|'), ('ని', '|'), ('బ్ర', 'U'), ('స్తు', '|'), ('తి', '|'), ('జే', 'U'), ('సి', '|'), ('తి', '|'), ('నా', 'U'), ('మ', '|'), ('నం', 'U'), ('బు', '|'), ('నం', 'U'), ('బా', 'U'), ('య', '|'), ('క', '|'), ('కి', 'U'), ('ల్బి', '|'), ('ష', '|'), ('వ్ర', '|'), ('జ', '|'), ('వి', '|'), ('పా', 'U'), ('ట', '|'), ('న', '|'), ('మం', 'U'), ('ద', '|'), ('గ', '|'), ('జే', 'U'), ('సి', '|'), ('స', 'U'), ('త్క', '|'), ('ళా', 'U'), ('దా', 'U'), ('యి', '|'), ('ఫ', '|'), ('లం', 'U'), ('బు', '|'), ('నా', 'U'), ('కి', '|'), ('య', '|'), ('వె', '|'), ('దా', 'U'), ('శ', '|'), ('ర', '|'), ('థీ', 'U'), ('క', '|'), ('రు', '|'), ('ణా', 'U'), ('ప', '|'), ('యో', 'U'), ('ని', '|'), ('ధీ', 'U')]",0.9928571428571429,1.0,1.0,0.9642857142857143,1.0,1.0
vutpalamaala,"ఎంతటి పుణ్యమో శబరి యెంగిలిగొంటివి వింతగాదె నీ
మంతనమెట్టిదో యుడుతమైని కరాగ్ర నఖాంకురంబులన్‌
సంతసమందఁజేసితివి సత్కులజన్మమ దేమిలెక్క వే
దాంతముగాదె నీ మహిమ దాశరథీ! కరుణాపయోనిధీ!",vruttamu,Daasarathi,"[('ఎం', 'U'), ('త', '|'), ('టి', '|'), ('పు', 'U'), ('ణ్య', '|'), ('మో', 'U'), ('శ', '|'), ('బ', '|'), ('రి', '|'), ('యెం', 'U'), ('గి', '|'), ('లి', '|'), ('గొం', 'U'), ('టి', '|'), ('వి', '|'), ('విం', 'U'), ('త', '|'), ('గా', 'U'), ('దె', '|'), ('నీ', 'U'), ('మం', 'U'), ('త', '|'), ('న', '|'), ('మె', 'U'), ('ట్టి', '|'), ('దో', 'U'), ('యు', '|'), ('డు', '|'), ('త', '|'), ('మై', 'U'), ('ని', '|'), ('క', '|'), ('రా', 'U'), ('గ్ర', '|'), ('న', '|'), ('ఖాం', 'U'), ('కు', '|'), ('రం', 'U'), ('బు', '|'), ('లన్', 'U'), ('సం', 'U'), ('త', '|'), ('స', '|'), ('మం', 'U'), ('ద', '|'), ('జే', 'U'), ('సి', '|'), ('తి', '|'), ('వి', '|'), ('స', 'U'), ('త్కు', '|'), ('ల', '|'), ('జ', 'U'), ('న్మ', '|'), ('మ', '|'), ('దే', 'U'), ('మి', '|'), ('లె', 'U'), ('క్క', '|'), ('వే', 'U'), ('దాం', 'U'), ('త', '|'), ('ము', '|'), ('గా', 'U'), ('దె', '|'), ('నీ', 'U'), ('మ', '|'), ('హి', '|'), ('మ', '|'), ('దా', 'U'), ('శ', '|'), ('ర', '|'), ('థీ', 'U'), ('క', '|'), ('రు', '|'), ('ణా', 'U'), ('ప', '|'), ('యో', 'U'), ('ని', '|'), ('ధీ', 'U')]",0.95,1.0,1.0,1.0,0.75,1.0
vutpalamaala,"బొంకనివాఁడె యోగ్యుఁ డరిబృందము లెత్తినచోటఁ జివ్వకుం
జంకనివాఁడె జోదు రభసంబున నర్థికరంబు సాఁచినం
గొంకనివాఁడె దాత మిముఁ గొల్చి భజించినవాఁడె పో నిరా
తంకమనస్కుఁడెన్నగను దాశరథీ! కరుణాపయోనిధీ!",vruttamu,Daasarathi,"[('బొం', 'U'), ('క', '|'), ('ని', '|'), ('వా', 'U'), ('డె', '|'), ('యో', 'U'), ('గ్యు', '|'), ('డ', '|'), ('రి', '|'), ('బృం', 'U'), ('ద', '|'), ('ము', '|'), ('లె', 'U'), ('త్తి', '|'), ('న', '|'), ('చో', 'U'), ('ట', '|'), ('జి', 'U'), ('వ్వ', '|'), ('కుం', 'U'), ('జం', 'U'), ('క', '|'), ('ని', '|'), ('వా', 'U'), ('డె', '|'), ('జో', 'U'), ('దు', '|'), ('ర', '|'), ('భ', '|'), ('సం', 'U'), ('బు', '|'), ('న', '|'), ('న', 'U'), ('ర్థి', '|'), ('క', '|'), ('రం', 'U'), ('బు', '|'), ('సా', 'U'), ('చి', '|'), ('నం', 'U'), ('గొం', 'U'), ('క', '|'), ('ని', '|'), ('వా', 'U'), ('డె', '|'), ('దా', 'U'), ('త', '|'), ('మి', '|'), ('ము', '|'), ('గొ', 'U'), ('ల్చి', '|'), ('భ', '|'), ('జిం', 'U'), ('చి', '|'), ('న', '|'), ('వా', 'U'), ('డె', '|'), ('పో', 'U'), ('ని', '|'), ('రా', 'U'), ('తం', 'U'), ('క', '|'), ('మ', '|'), ('న', 'U'), ('స్కు', '|'), ('డె', 'U'), ('న్న', '|'), ('గ', '|'), ('ను', '|'), ('దా', 'U'), ('శ', '|'), ('ర', '|'), ('థీ', 'U'), ('క', '|'), ('రు', '|'), ('ణా', 'U'), ('ప', '|'), ('యో', 'U'), ('ని', '|'), ('ధీ', 'U')]",0.95,1.0,1.0,1.0,0.75,1.0
champakamaala,"భ్రమరము గీటకంబుఁగొని పాల్పడి ఝాంకరణోపకారియై
భ్రమరముగా నొనర్చునని పల్కుటఁజేసి భవాది దుఃఖసం
తమసమెడల్చి భక్తి సహితంబుగ జీవుని విశ్వరూప త
త్త్వమును ధరించుటేమరుదు దాశరథీ! కరుణాపయోనిధీ!",vruttamu,Daasarathi,"[('భ్ర', '|'), ('మ', '|'), ('ర', '|'), ('ము', '|'), ('గీ', 'U'), ('ట', '|'), ('కం', 'U'), ('బు', '|'), ('గొ', '|'), ('ని', '|'), ('పా', 'U'), ('ల్ప', '|'), ('డి', '|'), ('ఝాం', 'U'), ('క', '|'), ('ర', '|'), ('ణో', 'U'), ('ప', '|'), ('కా', 'U'), ('రి', '|'), ('యై', 'U'), ('భ్ర', '|'), ('మ', '|'), ('ర', '|'), ('ము', '|'), ('గా', 'U'), ('నొ', '|'), ('న', 'U'), ('ర్చు', '|'), ('న', '|'), ('ని', '|'), ('ప', 'U'), ('ల్కు', '|'), ('ట', '|'), ('జే', 'U'), ('సి', '|'), ('భ', '|'), ('వా', 'U'), ('ది', '|'), ('దుః', 'U'), ('ఖ', '|'), ('సం', 'U'), ('త', '|'), ('మ', '|'), ('స', '|'), ('మె', '|'), ('డ', 'U'), ('ల్చి', '|'), ('భ', 'U'), ('క్తి', '|'), ('స', '|'), ('హి', '|'), ('తం', 'U'), ('బు', '|'), ('గ', '|'), ('జీ', 'U'), ('వు', '|'), ('ని', '|'), ('వి', 'U'), ('శ్వ', '|'), ('రూ', 'U'), ('ప', '|'), ('త', 'U'), ('త్త్వ', '|'), ('ము', '|'), ('ను', '|'), ('ధ', '|'), ('రిం', 'U'), ('చు', '|'), ('టే', 'U'), ('మ', '|'), ('రు', '|'), ('దు', '|'), ('దా', 'U'), ('శ', '|'), ('ర', '|'), ('థీ', 'U'), ('క', '|'), ('రు', '|'), ('ణా', 'U'), ('ప', '|'), ('యో', 'U'), ('ని', '|'), ('ధీ', 'U')]",1.0,1.0,1.0,1.0,1.0,1.0
champakamaala,"తరువులు పూచి కాయలగు దత్కుసుమంబులు పూజగా భవ
చ్చరణము సోఁకి దాసులకు సారములౌ ధనధాన్యరాసులై
కరిభట ఘోటకాంబర నికాయములై విరజానదీసము
త్తరణ మొనర్చుఁజిత్రమిది దాశరథీ! కరుణాపయోనిధీ!",vruttamu,Daasarathi,"[('త', '|'), ('రు', '|'), ('వు', '|'), ('లు', '|'), ('పూ', 'U'), ('చి', '|'), ('కా', 'U'), ('య', '|'), ('ల', '|'), ('గు', '|'), ('ద', 'U'), ('త్కు', '|'), ('సు', '|'), ('మం', 'U'), ('బు', '|'), ('లు', '|'), ('పూ', 'U'), ('జ', '|'), ('గా', 'U'), ('భ', '|'), ('వ', 'U'), ('చ్చ', '|'), ('ర', '|'), ('ణ', '|'), ('ము', '|'), ('సో', 'U'), ('కి', '|'), ('దా', 'U'), ('సు', '|'), ('ల', '|'), ('కు', '|'), ('సా', 'U'), ('ర', '|'), ('ము', '|'), ('లౌ', 'U'), ('ధ', '|'), ('న', '|'), ('ధా', 'U'), ('న్య', '|'), ('రా', 'U'), ('సు', '|'), ('లై', 'U'), ('క', '|'), ('రి', '|'), ('భ', '|'), ('ట', '|'), ('ఘో', 'U'), ('ట', '|'), ('కాం', 'U'), ('బ', '|'), ('ర', '|'), ('ని', '|'), ('కా', 'U'), ('య', '|'), ('ము', '|'), ('లై', 'U'), ('వి', '|'), ('ర', '|'), ('జా', 'U'), ('న', '|'), ('దీ', 'U'), ('స', '|'), ('ము', 'U'), ('త్త', '|'), ('ర', '|'), ('ణ', '|'), ('మొ', '|'), ('న', 'U'), ('ర్చు', '|'), ('జి', '|'), ('త్ర', '|'), ('మి', '|'), ('ది', '|'), ('దా', 'U'), ('శ', '|'), ('ర', '|'), ('థీ', 'U'), ('క', '|'), ('రు', '|'), ('ణా', 'U'), ('ప', '|'), ('యో', 'U'), ('ని', '|'), ('ధీ', 'U')]",0.9928571428571429,1.0,1.0,0.9642857142857143,1.0,1.0
vutpalamaala,"పట్టితి భట్టరార్యగురు పాదములిమ్మెయి నూర్ధ్వపుండ్రముల్‌
వెట్టితి మంత్రరాజ మొడబెట్టితి నయ్యమకింకరాళికిం
గట్టితి బొమ్మ మీ చరణ కంజములందుఁ దలంపుపెట్టి బో
దట్టితిఁ బాపపుంజముల దాశరథీ! కరుణాపయోనిధీ!",vruttamu,Daasarathi,"[('ప', 'U'), ('ట్టి', '|'), ('తి', '|'), ('భ', 'U'), ('ట్ట', '|'), ('రా', 'U'), ('ర్య', '|'), ('గు', '|'), ('రు', '|'), ('పా', 'U'), ('ద', '|'), ('ము', '|'), ('లి', 'U'), ('మ్మె', '|'), ('యి', '|'), ('నూ', 'U'), ('ర్ధ్వ', '|'), ('పుం', 'U'), ('డ్ర', '|'), ('ముల్', 'U'), ('వె', 'U'), ('ట్టి', '|'), ('తి', '|'), ('మం', 'U'), ('త్ర', '|'), ('రా', 'U'), ('జ', '|'), ('మొ', '|'), ('డ', '|'), ('బె', 'U'), ('ట్టి', '|'), ('తి', '|'), ('న', 'U'), ('య్య', '|'), ('మ', '|'), ('కిం', 'U'), ('క', '|'), ('రా', 'U'), ('ళి', '|'), ('కిం', 'U'), ('గ', 'U'), ('ట్టి', '|'), ('తి', '|'), ('బొ', 'U'), ('మ్మ', '|'), ('మీ', 'U'), ('చ', '|'), ('ర', '|'), ('ణ', '|'), ('కం', 'U'), ('జ', '|'), ('ము', '|'), ('లం', 'U'), ('దు', '|'), ('ద', '|'), ('లం', 'U'), ('పు', '|'), ('పె', 'U'), ('ట్టి', '|'), ('బో', 'U'), ('ద', 'U'), ('ట్టి', '|'), ('తి', '|'), ('బా', 'U'), ('ప', '|'), ('పుం', 'U'), ('జ', '|'), ('ము', '|'), ('ల', '|'), ('దా', 'U'), ('శ', '|'), ('ర', '|'), ('థీ', 'U'), ('క', '|'), ('రు', '|'), ('ణా', 'U'), ('ప', '|'), ('యో', 'U'), ('ని', '|'), ('ధీ', 'U')]",0.95,1.0,1.0,1.0,0.75,1.0
vutpalamaala,"అల్లన లింగమంత్రిసుతుఁ డత్రిజ గోత్రజుఁడాదిశాఖ కం
చెర్లకులోద్భవుండనఁ బ్రసిద్ధుఁడనై భవదంకితంబుగా
నెల్లకవుల్‌ నుతింప రచియించితి గోపకవీంద్రుఁడన్‌ జగ
ద్వల్లభ నీకు దాసుఁడను దాశరథీ! కరుణాపయోనిధీ!",vruttamu,Daasarathi,"[('అ', 'U'), ('ల్ల', '|'), ('న', '|'), ('లిం', 'U'), ('గ', '|'), ('మం', 'U'), ('త్రి', '|'), ('సు', '|'), ('తు', '|'), ('డ', '|'), ('త్రి', '|'), ('జ', '|'), ('గో', 'U'), ('త్ర', '|'), ('జు', '|'), ('డా', 'U'), ('ది', '|'), ('శా', 'U'), ('ఖ', '|'), ('కం', 'U'), ('చె', 'U'), ('ర్ల', '|'), ('కు', '|'), ('లో', 'U'), ('ద్భ', '|'), ('వుం', 'U'), ('డ', '|'), ('న', '|'), ('బ్ర', '|'), ('సి', 'U'), ('ద్ధు', '|'), ('డ', '|'), ('నై', 'U'), ('భ', '|'), ('వ', '|'), ('దం', 'U'), ('కి', '|'), ('తం', 'U'), ('బు', '|'), ('గా', 'U'), ('నె', 'U'), ('ల్ల', '|'), ('క', '|'), ('వు', 'U'), ('ల్ను', '|'), ('తిం', 'U'), ('ప', '|'), ('ర', '|'), ('చి', '|'), ('యిం', 'U'), ('చి', '|'), ('తి', '|'), ('గో', 'U'), ('ప', '|'), ('క', '|'), ('వీం', 'U'), ('ద్రు', '|'), ('డ', 'U'), ('న్జ', '|'), ('గ', 'U'), ('ద్వ', 'U'), ('ల్ల', '|'), ('భ', '|'), ('నీ', 'U'), ('కు', '|'), ('దా', 'U'), ('సు', '|'), ('డ', '|'), ('ను', '|'), ('దా', 'U'), ('శ', '|'), ('ర', '|'), ('థీ', 'U'), ('క', '|'), ('రు', '|'), ('ణా', 'U'), ('ప', '|'), ('యో', 'U'), ('ని', '|'), ('ధీ', 'U')]",0.8428571428571429,1.0,1.0,0.9642857142857143,0.5,0.75
saardulamu,"శ్రీకైవల్యరమాధినాథ నిను నర్థిం గీర్తనల్‌జేసి కా
దా కంజాతభవేంద్ర నారద శుకవ్యాసాంబరీషార్జునుల్‌
నీకారుణ్యముఁ గాంచుటల్‌ ననుమతి\న్‌ నేనెంతధన్యుండనో
నాకుఁ జేకురె నట్టిభాగ్యములు కృష్ణా దేవకీనందనా.",vruttamu,Devakinandana,"[('శ్రీ', 'U'), ('కై', 'U'), ('వ', 'U'), ('ల్య', '|'), ('ర', '|'), ('మా', 'U'), ('ధి', '|'), ('నా', 'U'), ('థ', '|'), ('ని', '|'), ('ను', '|'), ('న', 'U'), ('ర్థిం', 'U'), ('గీ', 'U'), ('ర్త', '|'), ('న', 'U'), ('ల్జే', 'U'), ('సి', '|'), ('కా', 'U'), ('దా', 'U'), ('కం', 'U'), ('జా', 'U'), ('త', '|'), ('భ', '|'), ('వేం', 'U'), ('ద్ర', '|'), ('నా', 'U'), ('ర', '|'), ('ద', '|'), ('శు', '|'), ('క', 'U'), ('వ్యా', 'U'), ('సాం', 'U'), ('బ', '|'), ('రీ', 'U'), ('షా', 'U'), ('ర్జు', '|'), ('నుల్', 'U'), ('నీ', 'U'), ('కా', 'U'), ('రు', 'U'), ('ణ్య', '|'), ('ము', '|'), ('గాం', 'U'), ('చు', '|'), ('ట', 'U'), ('ల్న', '|'), ('ను', '|'), ('మ', '|'), ('తి', 'U'), ('న్నే', 'U'), ('నెం', 'U'), ('త', '|'), ('ధ', 'U'), ('న్యుం', 'U'), ('డ', '|'), ('నో', 'U'), ('నా', 'U'), ('కు', '|'), ('జే', 'U'), ('కు', '|'), ('రె', '|'), ('న', 'U'), ('ట్టి', '|'), ('భా', 'U'), ('గ్య', '|'), ('ము', '|'), ('లు', '|'), ('కృ', 'U'), ('ష్ణా', 'U'), ('దే', 'U'), ('వ', '|'), ('కీ', 'U'), ('నం', 'U'), ('ద', '|'), ('నా', 'U')]",0.9428571428571428,1.0,1.0,0.9642857142857143,0.75,1.0
saardulamu,"శ్రీవైకుంఠనివాసగోత్రధర లక్ష్మీనాథ గోపాల లీ
లావిర్భావ పతంగవాహ యదువంశాంభోధిచంద్రోదయా
నీవే దిక్కని యున్నవాఁడను దయన్‌ వీక్షించి రక్షించవే
నావిజ్ఞాపన మాలకించు మది కృష్ణా దేవకీనందనా.",vruttamu,Devakinandana,"[('శ్రీ', 'U'), ('వై', 'U'), ('కుం', 'U'), ('ఠ', '|'), ('ని', '|'), ('వా', 'U'), ('స', '|'), ('గో', 'U'), ('త్ర', '|'), ('ధ', '|'), ('ర', '|'), ('ల', 'U'), ('క్ష్మీ', 'U'), ('నా', 'U'), ('థ', '|'), ('గో', 'U'), ('పా', 'U'), ('ల', '|'), ('లీ', 'U'), ('లా', 'U'), ('వి', 'U'), ('ర్భా', 'U'), ('వ', '|'), ('ప', '|'), ('తం', 'U'), ('గ', '|'), ('వా', 'U'), ('హ', '|'), ('య', '|'), ('దు', '|'), ('వం', 'U'), ('శాం', 'U'), ('భో', 'U'), ('ధి', '|'), ('చం', 'U'), ('ద్రో', 'U'), ('ద', '|'), ('యా', 'U'), ('నీ', 'U'), ('వే', 'U'), ('ది', 'U'), ('క్క', '|'), ('ని', '|'), ('యు', 'U'), ('న్న', '|'), ('వా', 'U'), ('డ', '|'), ('ను', '|'), ('ద', '|'), ('య', 'U'), ('న్వీ', 'U'), ('క్షిం', 'U'), ('చి', '|'), ('ర', 'U'), ('క్షిం', 'U'), ('చ', '|'), ('వే', 'U'), ('నా', 'U'), ('వి', 'U'), ('జ్ఞా', 'U'), ('ప', '|'), ('న', '|'), ('మా', 'U'), ('ల', '|'), ('కిం', 'U'), ('చు', '|'), ('మ', '|'), ('ది', '|'), ('కృ', 'U'), ('ష్ణా', 'U'), ('దే', 'U'), ('వ', '|'), ('కీ', 'U'), ('నం', 'U'), ('ద', '|'), ('నా', 'U')]",0.95,1.0,1.0,1.0,0.75,1.0
saardulamu,"శ్రీరామావసుధాకళత్రములపైఁ జెన్నొందు పాదాబ్జముల్‌
గారామారఁగఁ జూచి శేషఫణి దాఁ గౌతూహలంబొప్పఁగా
క్షీరాంభోనిధిఁ బవ్వళించి యమరుల్‌ సేవింపఁగా నొప్పుని
న్నారాధింతు మదీయచిత్తమునఁ గృష్ణా దేవకీనందనా.",vruttamu,Devakinandana,"[('శ్రీ', 'U'), ('రా', 'U'), ('మా', 'U'), ('వ', '|'), ('సు', '|'), ('ధా', 'U'), ('క', '|'), ('ళ', '|'), ('త్ర', '|'), ('ము', '|'), ('ల', '|'), ('పై', 'U'), ('జె', 'U'), ('న్నొం', 'U'), ('దు', '|'), ('పా', 'U'), ('దా', 'U'), ('బ్జ', '|'), ('ముల్', 'U'), ('గా', 'U'), ('రా', 'U'), ('మా', 'U'), ('ర', '|'), ('గ', '|'), ('జూ', 'U'), ('చి', '|'), ('శే', 'U'), ('ష', '|'), ('ఫ', '|'), ('ణి', '|'), ('దా', 'U'), ('గౌ', 'U'), ('తూ', 'U'), ('హ', '|'), ('లం', 'U'), ('బొ', 'U'), ('ప్ప', '|'), ('గా', 'U'), ('క్షీ', 'U'), ('రాం', 'U'), ('భో', 'U'), ('ని', '|'), ('ధి', '|'), ('బ', 'U'), ('వ్వ', '|'), ('ళిం', 'U'), ('చి', '|'), ('య', '|'), ('మ', '|'), ('రు', 'U'), ('ల్సే', 'U'), ('విం', 'U'), ('ప', '|'), ('గా', 'U'), ('నొ', 'U'), ('ప్పు', '|'), ('ని', 'U'), ('న్నా', 'U'), ('రా', 'U'), ('ధిం', 'U'), ('తు', '|'), ('మ', '|'), ('దీ', 'U'), ('య', '|'), ('చి', 'U'), ('త్త', '|'), ('ము', '|'), ('న', '|'), ('గృ', 'U'), ('ష్ణా', 'U'), ('దే', 'U'), ('వ', '|'), ('కీ', 'U'), ('నం', 'U'), ('ద', '|'), ('నా', 'U')]",0.9928571428571429,1.0,1.0,0.9642857142857143,1.0,1.0
saardulamu,"నీడల్‌ దేఱెడు చెక్కుటద్దములతో నిద్దంపుఁగెమ్మోవితో
కూడీకూడని చిన్నికూకటులతో గోపార్భకశ్రేణితో
వ్రీడాశూన్య కటీరమండలముతో వేడ్క\న్‌ వినోదించుచు
న్నాఁ డా శైశవమూర్తి నేఁ దలఁతుఁ గృష్ణా దేవకీనందనా.",vruttamu,Devakinandana,"[('నీ', 'U'), ('డ', 'U'), ('ల్దే', 'U'), ('ఱె', '|'), ('డు', '|'), ('చె', 'U'), ('క్కు', '|'), ('ట', 'U'), ('ద్ద', '|'), ('ము', '|'), ('ల', '|'), ('తో', 'U'), ('ని', 'U'), ('ద్దం', 'U'), ('పు', '|'), ('గె', 'U'), ('మ్మో', 'U'), ('వి', '|'), ('తో', 'U'), ('కూ', 'U'), ('డీ', 'U'), ('కూ', 'U'), ('డ', '|'), ('ని', '|'), ('చి', 'U'), ('న్ని', '|'), ('కూ', 'U'), ('క', '|'), ('టు', '|'), ('ల', '|'), ('తో', 'U'), ('గో', 'U'), ('పా', 'U'), ('ర్భ', '|'), ('క', '|'), ('శ్రే', 'U'), ('ణి', '|'), ('తో', 'U'), ('వ్రీ', 'U'), ('డా', 'U'), ('శూ', 'U'), ('న్య', '|'), ('క', '|'), ('టీ', 'U'), ('ర', '|'), ('మం', 'U'), ('డ', '|'), ('ల', '|'), ('ము', '|'), ('తో', 'U'), ('వే', 'U'), ('డ్క', 'U'), ('న్వి', '|'), ('నో', 'U'), ('దిం', 'U'), ('చు', '|'), ('చు', 'U'), ('న్నా', 'U'), ('డా', 'U'), ('శై', 'U'), ('శ', '|'), ('వ', '|'), ('మూ', 'U'), ('ర్తి', '|'), ('నే', 'U'), ('ద', '|'), ('ల', '|'), ('తు', '|'), ('గృ', 'U'), ('ష్ణా', 'U'), ('దే', 'U'), ('వ', '|'), ('కీ', 'U'), ('నం', 'U'), ('ద', '|'), ('నా', 'U')]",0.9928571428571429,1.0,1.0,0.9642857142857143,1.0,1.0
saardulamu,"అందెల్‌ చిన్నిపసిండిగజ్జియలు మ్రోయ\న్‌ మేఖలాఘంటికల్‌
క్రందై మ్రోయఁగ రావిరేకనుదుట\న్‌ గంపింప గోపార్భకుల్‌
వందారుల్‌ గన వెన్నముద్దలకు నై వర్తించు మీబాల్యపుం
జందం బాదివిజుల్‌ నుతించుటలు కృష్ణా దేవకీనందనా.",vruttamu,Devakinandana,"[('అం', 'U'), ('దె', 'U'), ('ల్చి', 'U'), ('న్ని', '|'), ('ప', '|'), ('సిం', 'U'), ('డి', '|'), ('గ', 'U'), ('జ్జి', '|'), ('య', '|'), ('లు', '|'), ('మ్రో', 'U'), ('య', 'U'), ('న్మే', 'U'), ('ఖ', '|'), ('లా', 'U'), ('ఘం', 'U'), ('టి', '|'), ('కల్', 'U'), ('క్రం', 'U'), ('దై', 'U'), ('మ్రో', 'U'), ('య', '|'), ('గ', '|'), ('రా', 'U'), ('వి', '|'), ('రే', 'U'), ('క', '|'), ('ను', '|'), ('దు', '|'), ('ట', 'U'), ('న్గం', 'U'), ('పిం', 'U'), ('ప', '|'), ('గో', 'U'), ('పా', 'U'), ('ర్భ', '|'), ('కుల్', 'U'), ('వం', 'U'), ('దా', 'U'), ('రు', 'U'), ('ల్గ', '|'), ('న', '|'), ('వె', 'U'), ('న్న', '|'), ('ము', 'U'), ('ద్ద', '|'), ('ల', '|'), ('కు', '|'), ('నై', 'U'), ('వ', 'U'), ('ర్తిం', 'U'), ('చు', '|'), ('మీ', 'U'), ('బా', 'U'), ('ల్య', '|'), ('పుం', 'U'), ('జం', 'U'), ('దం', 'U'), ('బా', 'U'), ('ది', '|'), ('వి', '|'), ('జు', 'U'), ('ల్ను', '|'), ('తిం', 'U'), ('చు', '|'), ('ట', '|'), ('లు', '|'), ('కృ', 'U'), ('ష్ణా', 'U'), ('దే', 'U'), ('వ', '|'), ('కీ', 'U'), ('నం', 'U'), ('ద', '|'), ('నా', 'U')]",1.0,1.0,1.0,1.0,1.0,1.0
saardulamu,"వేదోద్ధారకుఁగా సుధాప్రభువుఁగా విశ్వంభరావాహుఁగా
వాదావిర్భవుఁగా త్రయీవటువుఁగా వర్ధిష్ణుతాయుష్యుఁగా
కోదండాశుగపాణిఁగా బలునిఁగా ఘోరవ్రతచ్ఛేదిఁగా
నాదిబ్రహ్మముఁగాఁ దలంతు మదిఁ గృష్ణా దేవకీనందనా.",vruttamu,Devakinandana,"[('వే', 'U'), ('దో', 'U'), ('ద్ధా', 'U'), ('ర', '|'), ('కు', '|'), ('గా', 'U'), ('సు', '|'), ('ధా', 'U'), ('ప్ర', '|'), ('భు', '|'), ('వు', '|'), ('గా', 'U'), ('వి', 'U'), ('శ్వం', 'U'), ('భ', '|'), ('రా', 'U'), ('వా', 'U'), ('హు', '|'), ('గా', 'U'), ('వా', 'U'), ('దా', 'U'), ('వి', 'U'), ('ర్భ', '|'), ('వు', '|'), ('గా', 'U'), ('త్ర', '|'), ('యీ', 'U'), ('వ', '|'), ('టు', '|'), ('వు', '|'), ('గా', 'U'), ('వ', 'U'), ('ర్ధి', 'U'), ('ష్ణు', '|'), ('తా', 'U'), ('యు', 'U'), ('ష్యు', '|'), ('గా', 'U'), ('కో', 'U'), ('దం', 'U'), ('డా', 'U'), ('శు', '|'), ('గ', '|'), ('పా', 'U'), ('ణి', '|'), ('గా', 'U'), ('బ', '|'), ('లు', '|'), ('ని', '|'), ('గా', 'U'), ('ఘో', 'U'), ('ర', '|'), ('వ్ర', '|'), ('త', 'U'), ('చ్ఛే', 'U'), ('ది', '|'), ('గా', 'U'), ('నా', 'U'), ('ది', '|'), ('బ్ర', 'U'), ('హ్మ', '|'), ('ము', '|'), ('గా', 'U'), ('ద', '|'), ('లం', 'U'), ('తు', '|'), ('మ', '|'), ('ది', '|'), ('గృ', 'U'), ('ష్ణా', 'U'), ('దే', 'U'), ('వ', '|'), ('కీ', 'U'), ('నం', 'U'), ('ద', '|'), ('నా', 'U')]",0.9857142857142858,1.0,1.0,0.9285714285714286,1.0,1.0
mattebhamu,"అమరుల్మ్రొక్కులచే మునుల్‌ నుతులచే నార్యుల్మహానిష్ఠచే
సమరోత్సాహజనుల్‌ పునశ్చరణచే సాధుల్‌ దయాబోధచే
నమితోదారకళాఢ్యు లర్పణలచే నధ్యాత్ము లైక్యంబుచే
సమతం గాంచిరి మీపదాబ్జములు కృష్ణా దేవకీనందనా.",vruttamu,Devakinandana,"[('అ', '|'), ('మ', '|'), ('రు', 'U'), ('ల్మ్రొ', 'U'), ('క్కు', '|'), ('ల', '|'), ('చే', 'U'), ('ము', '|'), ('ను', 'U'), ('ల్ను', '|'), ('తు', '|'), ('ల', '|'), ('చే', 'U'), ('నా', 'U'), ('ర్యు', 'U'), ('ల్మ', '|'), ('హా', 'U'), ('ని', 'U'), ('ష్ఠ', '|'), ('చే', 'U'), ('స', '|'), ('మ', '|'), ('రో', 'U'), ('త్సా', 'U'), ('హ', '|'), ('జ', '|'), ('ను', 'U'), ('ల్పు', '|'), ('న', 'U'), ('శ్చ', '|'), ('ర', '|'), ('ణ', '|'), ('చే', 'U'), ('సా', 'U'), ('ధు', 'U'), ('ల్ద', '|'), ('యా', 'U'), ('బో', 'U'), ('ధ', '|'), ('చే', 'U'), ('న', '|'), ('మి', '|'), ('తో', 'U'), ('దా', 'U'), ('ర', '|'), ('క', '|'), ('ళా', 'U'), ('ఢ్యు', '|'), ('ల', 'U'), ('ర్ప', '|'), ('ణ', '|'), ('ల', '|'), ('చే', 'U'), ('న', 'U'), ('ధ్యా', 'U'), ('త్ము', '|'), ('లై', 'U'), ('క్యం', 'U'), ('బు', '|'), ('చే', 'U'), ('స', '|'), ('మ', '|'), ('తం', 'U'), ('గాం', 'U'), ('చి', '|'), ('రి', '|'), ('మీ', 'U'), ('ప', '|'), ('దా', 'U'), ('బ్జ', '|'), ('ము', '|'), ('లు', '|'), ('కృ', 'U'), ('ష్ణా', 'U'), ('దే', 'U'), ('వ', '|'), ('కీ', 'U'), ('నం', 'U'), ('ద', '|'), ('నా', 'U')]",0.95,1.0,1.0,1.0,0.75,1.0
mattebhamu,"జపముల్‌ సేయఁగ నేర నీమమున నిచ్చ ల్పూజ సేయంగలే
నుపవాస వ్రతభక్తి చొప్పెఱుఁగ వేదోక్తక్రమస్థుండఁగా
నపరాధంబులు నాయెడం దఱచు నే నజ్ఞాని నెబ్భంగుల\న్‌
జపలుం డంచు నుపేక్ష సేయకుము కృష్ణా దేవకీనందనా.",vruttamu,Devakinandana,"[('జ', '|'), ('ప', '|'), ('ము', 'U'), ('ల్సే', 'U'), ('య', '|'), ('గ', '|'), ('నే', 'U'), ('ర', '|'), ('నీ', 'U'), ('మ', '|'), ('ము', '|'), ('న', '|'), ('ని', 'U'), ('చ్చ', 'U'), ('ల్పూ', 'U'), ('జ', '|'), ('సే', 'U'), ('యం', 'U'), ('గ', '|'), ('లే', 'U'), ('ను', '|'), ('ప', '|'), ('వా', 'U'), ('స', '|'), ('వ్ర', '|'), ('త', '|'), ('భ', 'U'), ('క్తి', '|'), ('చొ', 'U'), ('ప్పె', '|'), ('ఱు', '|'), ('గ', '|'), ('వే', 'U'), ('దో', 'U'), ('క్త', '|'), ('క్ర', '|'), ('మ', 'U'), ('స్థుం', 'U'), ('డ', '|'), ('గా', 'U'), ('న', '|'), ('ప', '|'), ('రా', 'U'), ('ధం', 'U'), ('బు', '|'), ('లు', '|'), ('నా', 'U'), ('యె', '|'), ('డం', 'U'), ('ద', '|'), ('ఱ', '|'), ('చు', '|'), ('నే', 'U'), ('న', 'U'), ('జ్ఞా', 'U'), ('ని', '|'), ('నె', 'U'), ('బ్భం', 'U'), ('గు', '|'), ('లన్', 'U'), ('జ', '|'), ('ప', '|'), ('లుం', 'U'), ('డం', 'U'), ('చు', '|'), ('ను', '|'), ('పే', 'U'), ('క్ష', '|'), ('సే', 'U'), ('య', '|'), ('కు', '|'), ('ము', '|'), ('కృ', 'U'), ('ష్ణా', 'U'), ('దే', 'U'), ('వ', '|'), ('కీ', 'U'), ('నం', 'U'), ('ద', '|'), ('నా', 'U')]",0.9357142857142857,1.0,1.0,0.9285714285714286,0.75,1.0
mattebhamu,"సుకరంబై సురసేవ్యమై సులభమై సువ్యక్తమై యుక్తమై
ప్రకటంబై పరమార్థమై ప్రమదమై ప్రద్యోతమై పథ్యమై
యకలంకామృతమై యమోఘతరమై యానందమై యందమై
సకలంబు\న్‌ భరియించు మీమహిమ కృష్ణా దేవకీనందనా.",vruttamu,Devakinandana,"[('సు', '|'), ('క', '|'), ('రం', 'U'), ('బై', 'U'), ('సు', '|'), ('ర', '|'), ('సే', 'U'), ('వ్య', '|'), ('మై', 'U'), ('సు', '|'), ('ల', '|'), ('భ', '|'), ('మై', 'U'), ('సు', 'U'), ('వ్య', 'U'), ('క్త', '|'), ('మై', 'U'), ('యు', 'U'), ('క్త', '|'), ('మై', 'U'), ('ప్ర', '|'), ('క', '|'), ('టం', 'U'), ('బై', 'U'), ('ప', '|'), ('ర', '|'), ('మా', 'U'), ('ర్థ', '|'), ('మై', 'U'), ('ప్ర', '|'), ('మ', '|'), ('ద', '|'), ('మై', 'U'), ('ప్ర', 'U'), ('ద్యో', 'U'), ('త', '|'), ('మై', 'U'), ('ప', 'U'), ('థ్య', '|'), ('మై', 'U'), ('య', '|'), ('క', '|'), ('లం', 'U'), ('కా', 'U'), ('మృ', '|'), ('త', '|'), ('మై', 'U'), ('య', '|'), ('మో', 'U'), ('ఘ', '|'), ('త', '|'), ('ర', '|'), ('మై', 'U'), ('యా', 'U'), ('నం', 'U'), ('ద', '|'), ('మై', 'U'), ('యం', 'U'), ('ద', '|'), ('మై', 'U'), ('స', '|'), ('క', '|'), ('లం', 'U'), ('బు', 'U'), ('న్భ', '|'), ('రి', '|'), ('యిం', 'U'), ('చు', '|'), ('మీ', 'U'), ('మ', '|'), ('హి', '|'), ('మ', '|'), ('కృ', 'U'), ('ష్ణా', 'U'), ('దే', 'U'), ('వ', '|'), ('కీ', 'U'), ('నం', 'U'), ('ద', '|'), ('నా', 'U')]",1.0,1.0,1.0,1.0,1.0,1.0
saardulamu,"కొండల్వంటి కవీశ్వరుల్‌ శతకము ల్గూర్పంగఁ గోటానకో
ట్లుండ\న్‌ నీవును జెప్పఁబూనితి వదేమో యంటివా వింటివా
వండేనేర్పులఁ బెక్కురీతుల రుచుల్‌ వర్తింపవే శాకముల్‌
దండి\న్‌ నామన వాలకింపు మదిఁ గృష్ణా దేవకీనందనా.",vruttamu,Devakinandana,"[('కొం', 'U'), ('డ', 'U'), ('ల్వం', 'U'), ('టి', '|'), ('క', '|'), ('వీ', 'U'), ('శ్వ', '|'), ('రు', 'U'), ('ల్శ', '|'), ('త', '|'), ('క', '|'), ('ము', 'U'), ('ల్గూ', 'U'), ('ర్పం', 'U'), ('గ', '|'), ('గో', 'U'), ('టా', 'U'), ('న', '|'), ('కో', 'U'), ('ట్లుం', 'U'), ('డ', 'U'), ('న్నీ', 'U'), ('వు', '|'), ('ను', '|'), ('జె', 'U'), ('ప్ప', '|'), ('బూ', 'U'), ('ని', '|'), ('తి', '|'), ('వ', '|'), ('దే', 'U'), ('మో', 'U'), ('యం', 'U'), ('టి', '|'), ('వా', 'U'), ('విం', 'U'), ('టి', '|'), ('వా', 'U'), ('వం', 'U'), ('డే', 'U'), ('నే', 'U'), ('ర్పు', '|'), ('ల', '|'), ('బె', 'U'), ('క్కు', '|'), ('రీ', 'U'), ('తు', '|'), ('ల', '|'), ('రు', '|'), ('చు', 'U'), ('ల్వ', 'U'), ('ర్తిం', 'U'), ('ప', '|'), ('వే', 'U'), ('శా', 'U'), ('క', '|'), ('ముల్', 'U'), ('దం', 'U'), ('డి', 'U'), ('న్నా', 'U'), ('మ', '|'), ('న', '|'), ('వా', 'U'), ('ల', '|'), ('కిం', 'U'), ('పు', '|'), ('మ', '|'), ('ది', '|'), ('గృ', 'U'), ('ష్ణా', 'U'), ('దే', 'U'), ('వ', '|'), ('కీ', 'U'), ('నం', 'U'), ('ద', '|'), ('నా', 'U')]",0.9,1.0,1.0,1.0,0.5,1.0
saardulamu,"చన్నే నిన్నును బాలుఁగాఁ దలఁచి యిచ్చం బూతనాకాంత దాఁ
జన్నుల్నిండఁగఁ జేఁదుఁ బూసికొని యా చన్బాలు నీకిచ్చినం
జన్నుంబాలకు లోనుగాక యసుర\న్‌ సాధించి యాయింతికి\న్‌
సన్న\న్‌ ముక్తి యొసంగితీవు భళి కృష్ణా దేవకీనందనా.",vruttamu,Devakinandana,"[('చ', 'U'), ('న్నే', 'U'), ('ని', 'U'), ('న్ను', '|'), ('ను', '|'), ('బా', 'U'), ('లు', '|'), ('గా', 'U'), ('ద', '|'), ('ల', '|'), ('చి', '|'), ('యి', 'U'), ('చ్చం', 'U'), ('బూ', 'U'), ('త', '|'), ('నా', 'U'), ('కాం', 'U'), ('త', '|'), ('దా', 'U'), ('జ', 'U'), ('న్ను', 'U'), ('ల్నిం', 'U'), ('డ', '|'), ('గ', '|'), ('జే', 'U'), ('దు', '|'), ('బూ', 'U'), ('సి', '|'), ('కొ', '|'), ('ని', '|'), ('యా', 'U'), ('చ', 'U'), ('న్బా', 'U'), ('లు', '|'), ('నీ', 'U'), ('కి', 'U'), ('చ్చి', '|'), ('నం', 'U'), ('జ', 'U'), ('న్నుం', 'U'), ('బా', 'U'), ('ల', '|'), ('కు', '|'), ('లో', 'U'), ('ను', '|'), ('గా', 'U'), ('క', '|'), ('య', '|'), ('సు', '|'), ('ర', 'U'), ('న్సా', 'U'), ('ధిం', 'U'), ('చి', '|'), ('యా', 'U'), ('యిం', 'U'), ('తి', '|'), ('కిన్', 'U'), ('స', 'U'), ('న్న', 'U'), ('న్ము', 'U'), ('క్తి', '|'), ('యొ', '|'), ('సం', 'U'), ('గి', '|'), ('తీ', 'U'), ('వు', '|'), ('భ', '|'), ('ళి', '|'), ('కృ', 'U'), ('ష్ణా', 'U'), ('దే', 'U'), ('వ', '|'), ('కీ', 'U'), ('నం', 'U'), ('ద', '|'), ('నా', 'U')]",1.0,1.0,1.0,1.0,1.0,1.0
mattebhamu,"విలసిల్ల\న్‌ పదియాఱువేలసతుల\న్‌ వీక్షించి వారిండ్ల లో
పల వర్తించుచునుండి వీటఁ గల గోపస్త్రీలనెల్ల\న్‌ గడుం
బలిమి\న్‌ బట్టి రమించినాఁడవు భళీ ప్రాజ్ఞుండ వీవౌదు భూ
స్థలి నీవేకద కొంటెదేవరవు కృష్ణా దేవకీనందనా.",vruttamu,Devakinandana,"[('వి', '|'), ('ల', '|'), ('సి', 'U'), ('ల్ల', 'U'), ('న్ప', '|'), ('ది', '|'), ('యా', 'U'), ('ఱు', '|'), ('వే', 'U'), ('ల', '|'), ('స', '|'), ('తు', '|'), ('ల', 'U'), ('న్వీ', 'U'), ('క్షిం', 'U'), ('చి', '|'), ('వా', 'U'), ('రిం', 'U'), ('డ్ల', '|'), ('లో', 'U'), ('ప', '|'), ('ల', '|'), ('వ', 'U'), ('ర్తిం', 'U'), ('చు', '|'), ('చు', '|'), ('నుం', 'U'), ('డి', '|'), ('వీ', 'U'), ('ట', '|'), ('గ', '|'), ('ల', '|'), ('గో', 'U'), ('ప', 'U'), ('స్త్రీ', 'U'), ('ల', '|'), ('నె', 'U'), ('ల్ల', 'U'), ('న్గ', '|'), ('డుం', 'U'), ('బ', '|'), ('లి', '|'), ('మి', 'U'), ('న్బ', 'U'), ('ట్టి', '|'), ('ర', '|'), ('మిం', 'U'), ('చి', '|'), ('నా', 'U'), ('డ', '|'), ('వు', '|'), ('భ', '|'), ('ళీ', 'U'), ('ప్రా', 'U'), ('జ్ఞుం', 'U'), ('డ', '|'), ('వీ', 'U'), ('వౌ', 'U'), ('దు', '|'), ('భూ', 'U'), ('స్థ', '|'), ('లి', '|'), ('నీ', 'U'), ('వే', 'U'), ('క', '|'), ('ద', '|'), ('కొం', 'U'), ('టె', '|'), ('దే', 'U'), ('వ', '|'), ('ర', '|'), ('వు', '|'), ('కృ', 'U'), ('ష్ణా', 'U'), ('దే', 'U'), ('వ', '|'), ('కీ', 'U'), ('నం', 'U'), ('ద', '|'), ('నా', 'U')]",1.0,1.0,1.0,1.0,1.0,1.0
mattebhamu,"పొలుపొంద\న్‌ నడిరేయిఁ గుక్కుట రవంబుల్‌ చూపి గోపాలకా
వళి విభ్రాంతులఁ జేసి మందలకునై వారేఁగఁ దత్కామినీ
కలనాయత్నము తామ్రచూడగతుల\న్‌ గావించి నీకీర్తి ర
చ్చల కెక్కెం గడుగొయ్యదేవరవు కృష్ణా దేవకీనందనా.",vruttamu,Devakinandana,"[('పొ', '|'), ('లు', '|'), ('పొం', 'U'), ('ద', 'U'), ('న్న', '|'), ('డి', '|'), ('రే', 'U'), ('యి', '|'), ('గు', 'U'), ('క్కు', '|'), ('ట', '|'), ('ర', '|'), ('వం', 'U'), ('బు', 'U'), ('ల్చూ', 'U'), ('పి', '|'), ('గో', 'U'), ('పా', 'U'), ('ల', '|'), ('కా', 'U'), ('వ', '|'), ('ళి', '|'), ('వి', '|'), ('భ్రాం', 'U'), ('తు', '|'), ('ల', '|'), ('జే', 'U'), ('సి', '|'), ('మం', 'U'), ('ద', '|'), ('ల', '|'), ('కు', '|'), ('నై', 'U'), ('వా', 'U'), ('రే', 'U'), ('గ', '|'), ('ద', 'U'), ('త్కా', 'U'), ('మి', '|'), ('నీ', 'U'), ('క', '|'), ('ల', '|'), ('నా', 'U'), ('య', 'U'), ('త్న', '|'), ('ము', '|'), ('తా', 'U'), ('మ్ర', '|'), ('చూ', 'U'), ('డ', '|'), ('గ', '|'), ('తు', '|'), ('ల', 'U'), ('న్గా', 'U'), ('విం', 'U'), ('చి', '|'), ('నీ', 'U'), ('కీ', 'U'), ('ర్తి', '|'), ('ర', 'U'), ('చ్చ', '|'), ('ల', '|'), ('కె', 'U'), ('క్కెం', 'U'), ('గ', '|'), ('డు', '|'), ('గొ', 'U'), ('య్య', '|'), ('దే', 'U'), ('వ', '|'), ('ర', '|'), ('వు', '|'), ('కృ', 'U'), ('ష్ణా', 'U'), ('దే', 'U'), ('వ', '|'), ('కీ', 'U'), ('నం', 'U'), ('ద', '|'), ('నా', 'U')]",0.9428571428571428,1.0,1.0,0.9642857142857143,1.0,0.75
mattebhamu,"అనిరుద్ధాచ్యుత యీశకేశవ ముకుందాధోక్షజోపేంద్రవా
మన దామోదర చక్రపాణి హలి రామా శౌరి శార్ఙ్గీ జనా
ర్దన పీతాంబర భక్తవత్సల నమో దైత్యారి వైకుంఠవా
స నృసింహాంబుజనాభ ప్రోవు ననుఁ గృష్ణా దేవకీనందనా.",vruttamu,Devakinandana,"[('అ', '|'), ('ని', '|'), ('రు', 'U'), ('ద్ధా', 'U'), ('చ్యు', '|'), ('త', '|'), ('యీ', 'U'), ('శ', '|'), ('కే', 'U'), ('శ', '|'), ('వ', '|'), ('ము', '|'), ('కుం', 'U'), ('దా', 'U'), ('ధో', 'U'), ('క్ష', '|'), ('జో', 'U'), ('పేం', 'U'), ('ద్ర', '|'), ('వా', 'U'), ('మ', '|'), ('న', '|'), ('దా', 'U'), ('మో', 'U'), ('ద', '|'), ('ర', '|'), ('చ', '|'), ('క్ర', '|'), ('పా', 'U'), ('ణి', '|'), ('హ', '|'), ('లి', '|'), ('రా', 'U'), ('మా', 'U'), ('శౌ', 'U'), ('రి', '|'), ('శా', 'U'), ('ర్ఙ్గీ', 'U'), ('జ', '|'), ('నా', 'U'), ('ర్ద', '|'), ('న', '|'), ('పీ', 'U'), ('తాం', 'U'), ('బ', '|'), ('ర', '|'), ('భ', 'U'), ('క్త', '|'), ('వ', 'U'), ('త్స', '|'), ('ల', '|'), ('న', '|'), ('మో', 'U'), ('దై', 'U'), ('త్యా', 'U'), ('రి', '|'), ('వై', 'U'), ('కుం', 'U'), ('ఠ', '|'), ('వా', 'U'), ('స', '|'), ('నృ', '|'), ('సిం', 'U'), ('హాం', 'U'), ('బు', '|'), ('జ', '|'), ('నా', 'U'), ('భ', '|'), ('ప్రో', 'U'), ('వు', '|'), ('న', '|'), ('ను', '|'), ('గృ', 'U'), ('ష్ణా', 'U'), ('దే', 'U'), ('వ', '|'), ('కీ', 'U'), ('నం', 'U'), ('ద', '|'), ('నా', 'U')]",0.9428571428571428,1.0,1.0,0.9642857142857143,0.75,1.0
mattebhamu,"ఇల గోవర్ధన మెత్తితీ వనుచు బ్రహ్మేంద్రాదు లెంతో నినుం
బలుమారున్నుతులొప్పఁ జేసెదరు పద్మాక్షా కుచాగ్రంబునం
జులకన్నెత్తిన రాధనెన్న రిదిగో సొంపొంద సత్కీర్తి ని
శ్చలపుణ్యంబునఁ గాక చొప్పడునె కృష్ణా దేవకీనందనా.",vruttamu,Devakinandana,"[('ఇ', '|'), ('ల', '|'), ('గో', 'U'), ('వ', 'U'), ('ర్ధ', '|'), ('న', '|'), ('మె', 'U'), ('త్తి', '|'), ('తీ', 'U'), ('వ', '|'), ('ను', '|'), ('చు', '|'), ('బ్ర', 'U'), ('హ్మేం', 'U'), ('ద్రా', 'U'), ('దు', '|'), ('లెం', 'U'), ('తో', 'U'), ('ని', '|'), ('నుం', 'U'), ('బ', '|'), ('లు', '|'), ('మా', 'U'), ('రు', 'U'), ('న్ను', '|'), ('తు', '|'), ('లొ', 'U'), ('ప్ప', '|'), ('జే', 'U'), ('సె', '|'), ('ద', '|'), ('రు', '|'), ('ప', 'U'), ('ద్మా', 'U'), ('క్షా', 'U'), ('కు', '|'), ('చా', 'U'), ('గ్రం', 'U'), ('బు', '|'), ('నం', 'U'), ('జు', '|'), ('ల', '|'), ('క', 'U'), ('న్నె', 'U'), ('త్తి', '|'), ('న', '|'), ('రా', 'U'), ('ధ', '|'), ('నె', 'U'), ('న్న', '|'), ('రి', '|'), ('ది', '|'), ('గో', 'U'), ('సొం', 'U'), ('పొం', 'U'), ('ద', '|'), ('స', 'U'), ('త్కీ', 'U'), ('ర్తి', '|'), ('ని', 'U'), ('శ్చ', '|'), ('ల', '|'), ('పు', 'U'), ('ణ్యం', 'U'), ('బు', '|'), ('న', '|'), ('గా', 'U'), ('క', '|'), ('చొ', 'U'), ('ప్ప', '|'), ('డు', '|'), ('నె', '|'), ('కృ', 'U'), ('ష్ణా', 'U'), ('దే', 'U'), ('వ', '|'), ('కీ', 'U'), ('నం', 'U'), ('ద', '|'), ('నా', 'U')]",0.95,1.0,1.0,1.0,0.75,1.0
saardulamu,"మౌళిం బింఛపుదండ యొప్పుగ నటింపంగౌను శృంగారపు\న్‌
శ్రీ లెంచంగను పిల్లఁగ్రోవి రవము\న్‌ జేకోలము\న్‌ జెక్కుచు\న్‌
గేల\న్‌ మెచ్చొనరింపఁ గోపకులతోఁ గ్రీడారసస్ఫూర్తి నీ
వాలం గాచువిధంబు నేఁ దలఁతుఁ గృష్ణా దేవకీనందనా.",vruttamu,Devakinandana,"[('మౌ', 'U'), ('ళిం', 'U'), ('బిం', 'U'), ('ఛ', '|'), ('పు', '|'), ('దం', 'U'), ('డ', '|'), ('యొ', 'U'), ('ప్పు', '|'), ('గ', '|'), ('న', '|'), ('టిం', 'U'), ('పం', 'U'), ('గౌ', 'U'), ('ను', '|'), ('శృం', 'U'), ('గా', 'U'), ('ర', '|'), ('పున్', 'U'), ('శ్రీ', 'U'), ('లెం', 'U'), ('చం', 'U'), ('గ', '|'), ('ను', '|'), ('పి', 'U'), ('ల్ల', '|'), ('గ్రో', 'U'), ('వి', '|'), ('ర', '|'), ('వ', '|'), ('ము', 'U'), ('న్జే', 'U'), ('కో', 'U'), ('ల', '|'), ('ము', 'U'), ('న్జె', 'U'), ('క్కు', '|'), ('చున్', 'U'), ('గే', 'U'), ('ల', 'U'), ('న్మె', 'U'), ('చ్చొ', '|'), ('న', '|'), ('రిం', 'U'), ('ప', '|'), ('గో', 'U'), ('ప', '|'), ('కు', '|'), ('ల', '|'), ('తో', 'U'), ('గ్రీ', 'U'), ('డా', 'U'), ('ర', '|'), ('స', 'U'), ('స్ఫూ', 'U'), ('ర్తి', '|'), ('నీ', 'U'), ('వా', 'U'), ('లం', 'U'), ('గా', 'U'), ('చు', '|'), ('వి', '|'), ('ధం', 'U'), ('బు', '|'), ('నే', 'U'), ('ద', '|'), ('ల', '|'), ('తు', '|'), ('గృ', 'U'), ('ష్ణా', 'U'), ('దే', 'U'), ('వ', '|'), ('కీ', 'U'), ('నం', 'U'), ('ద', '|'), ('నా', 'U')]",0.9,1.0,1.0,1.0,0.75,0.75
saardulamu,"పెచ్చుల్‌ ప్రేలుచుఁ బిల్లఁగ్రోవి రవము\న్‌ బెంపొందఁగాఁ జొక్కుచు\న్‌
నిచ్చల్‌ నిన్ను భజింప గోపగణము\న్‌ నిత్యోత్సవక్రీడమై
నెచ్చల్‌ మచ్చిక ముచ్చటచ్చుపడఁగా హెచ్చించి కీర్తించి నీ
సచ్చారిత్రము విన్నఁ బుణ్యమగుఁ గృష్ణా దేవకీనందనా.",vruttamu,Devakinandana,"[('పె', 'U'), ('చ్చు', 'U'), ('ల్ప్రే', 'U'), ('లు', '|'), ('చు', '|'), ('బి', 'U'), ('ల్ల', '|'), ('గ్రో', 'U'), ('వి', '|'), ('ర', '|'), ('వ', '|'), ('ము', 'U'), ('న్బెం', 'U'), ('పొం', 'U'), ('ద', '|'), ('గా', 'U'), ('జొ', 'U'), ('క్కు', '|'), ('చున్', 'U'), ('ని', 'U'), ('చ్చ', 'U'), ('ల్ని', 'U'), ('న్ను', '|'), ('భ', '|'), ('జిం', 'U'), ('ప', '|'), ('గో', 'U'), ('ప', '|'), ('గ', '|'), ('ణ', '|'), ('ము', 'U'), ('న్ని', 'U'), ('త్యో', 'U'), ('త్స', '|'), ('వ', '|'), ('క్రీ', 'U'), ('డ', '|'), ('మై', 'U'), ('నె', 'U'), ('చ్చ', 'U'), ('ల్మ', 'U'), ('చ్చి', '|'), ('క', '|'), ('ము', 'U'), ('చ్చ', '|'), ('ట', 'U'), ('చ్చు', '|'), ('ప', '|'), ('డ', '|'), ('గా', 'U'), ('హె', 'U'), ('చ్చిం', 'U'), ('చి', '|'), ('కీ', 'U'), ('ర్తిం', 'U'), ('చి', '|'), ('నీ', 'U'), ('స', 'U'), ('చ్చా', 'U'), ('రి', '|'), ('త్ర', '|'), ('ము', '|'), ('వి', 'U'), ('న్న', '|'), ('బు', 'U'), ('ణ్య', '|'), ('మ', '|'), ('గు', '|'), ('గృ', 'U'), ('ష్ణా', 'U'), ('దే', 'U'), ('వ', '|'), ('కీ', 'U'), ('నం', 'U'), ('ద', '|'), ('నా', 'U')]",0.9357142857142857,1.0,1.0,0.9285714285714286,0.75,1.0
mattebhamu,"లలనాకుంచితవేణియుం దడవ మొల్లల్‌ జాఱ కస్తూరికా
తిలకంబుం గఱఁగంగ లేఁతనగవు\న్‌ దీపింప నెమ్మోమున\న్‌
దళుకుల్‌ చూపెడిచూపు లుల్లసిల నానారీతుల\న్‌ వేణుపు
ష్కలనాదంబులపెంపుఁ జూపుదువు కృష్ణా దేవకీనందనా.",vruttamu,Devakinandana,"[('ల', '|'), ('ల', '|'), ('నా', 'U'), ('కుం', 'U'), ('చి', '|'), ('త', '|'), ('వే', 'U'), ('ణి', '|'), ('యుం', 'U'), ('ద', '|'), ('డ', '|'), ('వ', '|'), ('మొ', 'U'), ('ల్ల', 'U'), ('ల్జా', 'U'), ('ఱ', '|'), ('క', 'U'), ('స్తూ', 'U'), ('రి', '|'), ('కా', 'U'), ('తి', '|'), ('ల', '|'), ('కం', 'U'), ('బుం', 'U'), ('గ', '|'), ('ఱ', '|'), ('గం', 'U'), ('గ', '|'), ('లే', 'U'), ('త', '|'), ('న', '|'), ('గ', '|'), ('వు', 'U'), ('న్దీ', 'U'), ('పిం', 'U'), ('ప', '|'), ('నె', 'U'), ('మ్మో', 'U'), ('ము', '|'), ('నన్', 'U'), ('ద', '|'), ('ళు', '|'), ('కు', 'U'), ('ల్చూ', 'U'), ('పె', '|'), ('డి', '|'), ('చూ', 'U'), ('పు', '|'), ('లు', 'U'), ('ల్ల', '|'), ('సి', '|'), ('ల', '|'), ('నా', 'U'), ('నా', 'U'), ('రీ', 'U'), ('తు', '|'), ('ల', 'U'), ('న్వే', 'U'), ('ణు', '|'), ('పు', 'U'), ('ష్క', '|'), ('ల', '|'), ('నా', 'U'), ('దం', 'U'), ('బు', '|'), ('ల', '|'), ('పెం', 'U'), ('పు', '|'), ('జూ', 'U'), ('పు', '|'), ('దు', '|'), ('వు', '|'), ('కృ', 'U'), ('ష్ణా', 'U'), ('దే', 'U'), ('వ', '|'), ('కీ', 'U'), ('నం', 'U'), ('ద', '|'), ('నా', 'U')]",0.9,1.0,1.0,1.0,0.75,0.75
mattebhamu,"కలకాంచీమణికింకిణీమధురనిక్వాణంబు మంజీరమం
జులరావంబును గొంతకొంత వినవచ్చెన్‌ బట్ట లేనైతి నం
కిలి నిద్రించుట మోసపుచ్చె హితవాగ్గేయుండు నేఁడంచు ని
చ్చలు మీశౌర్యము లెంచు గోపతతి కృష్ణా దేవకీనందనా.",vruttamu,Devakinandana,"[('క', '|'), ('ల', '|'), ('కాం', 'U'), ('చీ', 'U'), ('మ', '|'), ('ణి', '|'), ('కిం', 'U'), ('కి', '|'), ('ణీ', 'U'), ('మ', '|'), ('ధు', '|'), ('ర', '|'), ('ని', 'U'), ('క్వా', 'U'), ('ణం', 'U'), ('బు', '|'), ('మం', 'U'), ('జీ', 'U'), ('ర', '|'), ('మం', 'U'), ('జు', '|'), ('ల', '|'), ('రా', 'U'), ('వం', 'U'), ('బు', '|'), ('ను', '|'), ('గొం', 'U'), ('త', '|'), ('కొం', 'U'), ('త', '|'), ('వి', '|'), ('న', '|'), ('వ', 'U'), ('చ్చె', 'U'), ('న్బ', 'U'), ('ట్ట', '|'), ('లే', 'U'), ('నై', 'U'), ('తి', '|'), ('నం', 'U'), ('కి', '|'), ('లి', '|'), ('ని', '|'), ('ద్రిం', 'U'), ('చు', '|'), ('ట', '|'), ('మో', 'U'), ('స', '|'), ('పు', 'U'), ('చ్చె', '|'), ('హి', '|'), ('త', '|'), ('వా', 'U'), ('గ్గే', 'U'), ('యుం', 'U'), ('డు', '|'), ('నే', 'U'), ('డం', 'U'), ('చు', '|'), ('ని', 'U'), ('చ్చ', '|'), ('లు', '|'), ('మీ', 'U'), ('శౌ', 'U'), ('ర్య', '|'), ('ము', '|'), ('లెం', 'U'), ('చు', '|'), ('గో', 'U'), ('ప', '|'), ('త', '|'), ('తి', '|'), ('కృ', 'U'), ('ష్ణా', 'U'), ('దే', 'U'), ('వ', '|'), ('కీ', 'U'), ('నం', 'U'), ('ద', '|'), ('నా', 'U')]",0.9428571428571428,1.0,1.0,0.9642857142857143,0.75,1.0
mattebhamu,"కలనైన\న్‌ నగియైనఁ గోప మెసఁగంగా నైన మీనామ ని
ర్మలవర్ణద్వయ మెవ్వరేఁదలఁచినం బాపౌఘముల్వాయును
జ్జ్వలభాన్వప్రతిమానచండకిరణవ్రాతాహతిం జీఁకటుల్‌
చలనం బంది తొలంగుచందమునఁ గృష్ణా దేవకీనందనా.",vruttamu,Devakinandana,"[('క', '|'), ('ల', '|'), ('నై', 'U'), ('న', 'U'), ('న్న', '|'), ('గి', '|'), ('యై', 'U'), ('న', '|'), ('గో', 'U'), ('ప', '|'), ('మె', '|'), ('స', '|'), ('గం', 'U'), ('గా', 'U'), ('నై', 'U'), ('న', '|'), ('మీ', 'U'), ('నా', 'U'), ('మ', '|'), ('ని', 'U'), ('ర్మ', '|'), ('ల', '|'), ('వ', 'U'), ('ర్ణ', 'U'), ('ద్వ', '|'), ('య', '|'), ('మె', 'U'), ('వ్వ', '|'), ('రే', 'U'), ('ద', '|'), ('ల', '|'), ('చి', '|'), ('నం', 'U'), ('బా', 'U'), ('పౌ', 'U'), ('ఘ', '|'), ('ము', 'U'), ('ల్వా', 'U'), ('యు', '|'), ('ను', 'U'), ('జ్జ్వ', '|'), ('ల', '|'), ('భా', 'U'), ('న్వ', '|'), ('ప్ర', '|'), ('తి', '|'), ('మా', 'U'), ('న', '|'), ('చం', 'U'), ('డ', '|'), ('కి', '|'), ('ర', '|'), ('ణ', '|'), ('వ్రా', 'U'), ('తా', 'U'), ('హ', '|'), ('తిం', 'U'), ('జీ', 'U'), ('క', '|'), ('టుల్', 'U'), ('చ', '|'), ('ల', '|'), ('నం', 'U'), ('బం', 'U'), ('ది', '|'), ('తొ', '|'), ('లం', 'U'), ('గు', '|'), ('చం', 'U'), ('ద', '|'), ('ము', '|'), ('న', '|'), ('గృ', 'U'), ('ష్ణా', 'U'), ('దే', 'U'), ('వ', '|'), ('కీ', 'U'), ('నం', 'U'), ('ద', '|'), ('నా', 'U')]",0.9857142857142858,1.0,1.0,0.9285714285714286,1.0,1.0
mattebhamu,"నినునెవ్వాఁడు దలంచు నీమహిమ వర్ణింపంగ నెవ్వాఁడు నే
ర్పునఁబూను\న్‌ నినుగొల్చునట్టిఘనుఁ డాపుణ్యాత్ములోకైకమా
న్యునిఁగా ధన్యునిఁగా వివేకనిధిఁగా నుద్యద్గుణాంభోధిఁగా
ననిశంబుం గొనియాడఁ గోరుదురు కృష్ణా దేవకీనందనా.",vruttamu,Devakinandana,"[('ని', '|'), ('ను', '|'), ('నె', 'U'), ('వ్వా', 'U'), ('డు', '|'), ('ద', '|'), ('లం', 'U'), ('చు', '|'), ('నీ', 'U'), ('మ', '|'), ('హి', '|'), ('మ', '|'), ('వ', 'U'), ('ర్ణిం', 'U'), ('పం', 'U'), ('గ', '|'), ('నె', 'U'), ('వ్వా', 'U'), ('డు', '|'), ('నే', 'U'), ('ర్పు', '|'), ('న', '|'), ('బూ', 'U'), ('ను', 'U'), ('న్ని', '|'), ('ను', '|'), ('గొ', 'U'), ('ల్చు', '|'), ('న', 'U'), ('ట్టి', '|'), ('ఘ', '|'), ('ను', '|'), ('డా', 'U'), ('పు', 'U'), ('ణ్యా', 'U'), ('త్ము', '|'), ('లో', 'U'), ('కై', 'U'), ('క', '|'), ('మా', 'U'), ('న్యు', '|'), ('ని', '|'), ('గా', 'U'), ('ధ', 'U'), ('న్యు', '|'), ('ని', '|'), ('గా', 'U'), ('వి', '|'), ('వే', 'U'), ('క', '|'), ('ని', '|'), ('ధి', '|'), ('గా', 'U'), ('ను', 'U'), ('ద్య', 'U'), ('ద్గు', '|'), ('ణాం', 'U'), ('భో', 'U'), ('ధి', '|'), ('గా', 'U'), ('న', '|'), ('ని', '|'), ('శం', 'U'), ('బుం', 'U'), ('గొ', '|'), ('ని', '|'), ('యా', 'U'), ('డ', '|'), ('గో', 'U'), ('రు', '|'), ('దు', '|'), ('రు', '|'), ('కృ', 'U'), ('ష్ణా', 'U'), ('దే', 'U'), ('వ', '|'), ('కీ', 'U'), ('నం', 'U'), ('ద', '|'), ('నా', 'U')]",1.0,1.0,1.0,1.0,1.0,1.0
saardulamu,"శీలంబు\న్‌ గులము\న్‌ వివేకనిధి లక్ష్మీకాంతవక్షస్స్థలి\న్‌
హాళింబాయకయుండు కాముకుఁడవై హంకారవృత్తి\న్‌ సదా
స్త్రీలోలుండన రాధతోఁ బెనఁగుట ల్చిత్రంబులు న్నౌర నీ
జాలం బే మని సన్నుతించెదను కృష్ణా దేవకీనందనా.",vruttamu,Devakinandana,"[('శీ', 'U'), ('లం', 'U'), ('బు', 'U'), ('న్గు', '|'), ('ల', '|'), ('ము', 'U'), ('న్వి', '|'), ('వే', 'U'), ('క', '|'), ('ని', '|'), ('ధి', '|'), ('ల', 'U'), ('క్ష్మీ', 'U'), ('కాం', 'U'), ('త', '|'), ('వ', 'U'), ('క్ష', 'U'), ('స్స్థ', '|'), ('లిన్', 'U'), ('హా', 'U'), ('ళిం', 'U'), ('బా', 'U'), ('య', '|'), ('క', '|'), ('యుం', 'U'), ('డు', '|'), ('కా', 'U'), ('ము', '|'), ('కు', '|'), ('డ', '|'), ('వై', 'U'), ('హం', 'U'), ('కా', 'U'), ('ర', '|'), ('వృ', 'U'), ('త్తి', 'U'), ('న్స', '|'), ('దా', 'U'), ('స్త్రీ', 'U'), ('లో', 'U'), ('లుం', 'U'), ('డ', '|'), ('న', '|'), ('రా', 'U'), ('ధ', '|'), ('తో', 'U'), ('బె', '|'), ('న', '|'), ('గు', '|'), ('ట', 'U'), ('ల్చి', '|'), ('త్రం', 'U'), ('బు', '|'), ('లు', 'U'), ('న్నౌ', 'U'), ('ర', '|'), ('నీ', 'U'), ('జా', 'U'), ('లం', 'U'), ('బే', 'U'), ('మ', '|'), ('ని', '|'), ('స', 'U'), ('న్ను', '|'), ('తిం', 'U'), ('చె', '|'), ('ద', '|'), ('ను', '|'), ('కృ', 'U'), ('ష్ణా', 'U'), ('దే', 'U'), ('వ', '|'), ('కీ', 'U'), ('నం', 'U'), ('ద', '|'), ('నా', 'U')]",0.9428571428571428,1.0,1.0,0.9642857142857143,1.0,0.75
saardulamu,"శ్రీలక్ష్మీధవ రుక్మిణిం గలసి కూర్మి\న్‌ మిత్రవందా సుదం
తాలోలాక్షులఁ గూడి జాంబవతి సత్యాలక్ష్మణాభద్రల\న్‌
కాళింది\న్‌ మరుకేళిఁ దేల్చితివి శృంగారాంగగోపాంగనా
జాలంబు\న్‌ దనియింతు నౌర తుదఁ గృష్ణా దేవకీనందనా.",vruttamu,Devakinandana,"[('శ్రీ', 'U'), ('ల', 'U'), ('క్ష్మీ', 'U'), ('ధ', '|'), ('వ', '|'), ('రు', 'U'), ('క్మి', '|'), ('ణిం', 'U'), ('గ', '|'), ('ల', '|'), ('సి', '|'), ('కూ', 'U'), ('ర్మి', 'U'), ('న్మి', '|'), ('త్ర', '|'), ('వం', 'U'), ('దా', 'U'), ('సు', '|'), ('దం', 'U'), ('తా', 'U'), ('లో', 'U'), ('లా', 'U'), ('క్షు', '|'), ('ల', '|'), ('గూ', 'U'), ('డి', '|'), ('జాం', 'U'), ('బ', '|'), ('వ', '|'), ('తి', '|'), ('స', 'U'), ('త్యా', 'U'), ('ల', 'U'), ('క్ష్మ', '|'), ('ణా', 'U'), ('భ', '|'), ('ద్ర', '|'), ('లన్', 'U'), ('కా', 'U'), ('ళిం', 'U'), ('ది', 'U'), ('న్మ', '|'), ('రు', '|'), ('కే', 'U'), ('ళి', '|'), ('దే', 'U'), ('ల్చి', '|'), ('తి', '|'), ('వి', '|'), ('శృం', 'U'), ('గా', 'U'), ('రాం', 'U'), ('గ', '|'), ('గో', 'U'), ('పాం', 'U'), ('గ', '|'), ('నా', 'U'), ('జా', 'U'), ('లం', 'U'), ('బు', 'U'), ('న్ద', '|'), ('ని', '|'), ('యిం', 'U'), ('తు', '|'), ('నౌ', 'U'), ('ర', '|'), ('తు', '|'), ('ద', '|'), ('గృ', 'U'), ('ష్ణా', 'U'), ('దే', 'U'), ('వ', '|'), ('కీ', 'U'), ('నం', 'U'), ('ద', '|'), ('నా', 'U')]",0.9357142857142857,1.0,1.0,0.9285714285714286,1.0,0.75
saardulamu,"మద్దు ల్గూల్చినలాగొ వేగ మనిలో మన్నించి గాండీవికి\న్‌
బుద్దుల్‌ సెప్పినలాగొ మోదరసముప్పొంగ\న్‌ యశోదమ్మకు\న్‌
ముద్దుల్గా నటియించులాగొ వరుస\న్‌ మువ్వేళల\న్‌ వేడుక\న్‌
చద్దు ల్మెక్కి రహించులాగొ ధరఁ గృష్ణా దేవకీనందనా.",vruttamu,Devakinandana,"[('మ', 'U'), ('ద్దు', 'U'), ('ల్గూ', 'U'), ('ల్చి', '|'), ('న', '|'), ('లా', 'U'), ('గొ', '|'), ('వే', 'U'), ('గ', '|'), ('మ', '|'), ('ని', '|'), ('లో', 'U'), ('మ', 'U'), ('న్నిం', 'U'), ('చి', '|'), ('గాం', 'U'), ('డీ', 'U'), ('వి', '|'), ('కిన్', 'U'), ('బు', 'U'), ('ద్దు', 'U'), ('ల్సె', 'U'), ('ప్పి', '|'), ('న', '|'), ('లా', 'U'), ('గొ', '|'), ('మో', 'U'), ('ద', '|'), ('ర', '|'), ('స', '|'), ('ము', 'U'), ('ప్పొం', 'U'), ('గ', 'U'), ('న్య', '|'), ('శో', 'U'), ('ద', 'U'), ('మ్మ', '|'), ('కున్', 'U'), ('ము', 'U'), ('ద్దు', 'U'), ('ల్గా', 'U'), ('న', '|'), ('టి', '|'), ('యిం', 'U'), ('చు', '|'), ('లా', 'U'), ('గొ', '|'), ('వ', '|'), ('రు', '|'), ('స', 'U'), ('న్ము', 'U'), ('వ్వే', 'U'), ('ళ', '|'), ('ల', 'U'), ('న్వే', 'U'), ('డు', '|'), ('కన్', 'U'), ('చ', 'U'), ('ద్దు', 'U'), ('ల్మె', 'U'), ('క్కి', '|'), ('ర', '|'), ('హిం', 'U'), ('చు', '|'), ('లా', 'U'), ('గొ', '|'), ('ధ', '|'), ('ర', '|'), ('గృ', 'U'), ('ష్ణా', 'U'), ('దే', 'U'), ('వ', '|'), ('కీ', 'U'), ('నం', 'U'), ('ద', '|'), ('నా', 'U')]",1.0,1.0,1.0,1.0,1.0,1.0
mattebhamu,"చరణాబ్జంబులు వీడ్వడ\న్‌ నిలచి యోజ\న్‌ దట్టిలో పిల్లఁగ్రోల్‌
కర మొప్పారఁగ నుంచి యింపొందవఁ జంక\న్‌ గోలనందిచ్చి బ
ల్వురుగోపాలురు జుట్టునుంగొలువ వేల్పుల్‌ గ్రుక్కిళుల్మ్రింగఁగా
నరయం జల్ది భుజింపవే యడవిఁ గృష్ణా దేవకీనందనా.",vruttamu,Devakinandana,"[('చ', '|'), ('ర', '|'), ('ణా', 'U'), ('బ్జం', 'U'), ('బు', '|'), ('లు', '|'), ('వీ', 'U'), ('డ్వ', '|'), ('డ', 'U'), ('న్ని', '|'), ('ల', '|'), ('చి', '|'), ('యో', 'U'), ('జ', 'U'), ('న్ద', 'U'), ('ట్టి', '|'), ('లో', 'U'), ('పి', 'U'), ('ల్ల', '|'), ('గ్రోల్', 'U'), ('క', '|'), ('ర', '|'), ('మొ', 'U'), ('ప్పా', 'U'), ('ర', '|'), ('గ', '|'), ('నుం', 'U'), ('చి', '|'), ('యిం', 'U'), ('పొం', 'U'), ('ద', '|'), ('వ', '|'), ('జం', 'U'), ('క', 'U'), ('న్గో', 'U'), ('ల', '|'), ('నం', 'U'), ('ది', 'U'), ('చ్చి', '|'), ('బ', 'U'), ('ల్వు', '|'), ('రు', '|'), ('గో', 'U'), ('పా', 'U'), ('లు', '|'), ('రు', '|'), ('జు', 'U'), ('ట్టు', '|'), ('నుం', 'U'), ('గొ', '|'), ('లు', '|'), ('వ', '|'), ('వే', 'U'), ('ల్పు', 'U'), ('ల్గ్రు', 'U'), ('క్కి', '|'), ('ళు', 'U'), ('ల్మ్రిం', 'U'), ('గ', '|'), ('గా', 'U'), ('న', '|'), ('ర', '|'), ('యం', 'U'), ('జ', 'U'), ('ల్ది', '|'), ('భు', '|'), ('జిం', 'U'), ('ప', '|'), ('వే', 'U'), ('య', '|'), ('డ', '|'), ('వి', '|'), ('గృ', 'U'), ('ష్ణా', 'U'), ('దే', 'U'), ('వ', '|'), ('కీ', 'U'), ('నం', 'U'), ('ద', '|'), ('నా', 'U')]",0.9928571428571429,1.0,1.0,0.9642857142857143,1.0,1.0
mattebhamu,"మెఱుఁగుల్దేఱు మహేంద్రనీలనిభమౌ మేన\న్‌ సమీపాటగో
ఖుర నిర్ధూత ధరాపరాగలవ పంక్తుల్గప్పఁగా నొక్కచేఁ
బురిగోలొక్కటఁ బాలకుండఁ గొనుచుం బొల్పొంగ గోధుగ్జనాం
తర వర్ధిష్ణుఁడవైన ని\న్‌ గొలుతుఁ గృష్ణా దేవకీనందనా.",vruttamu,Devakinandana,"[('మె', '|'), ('ఱు', '|'), ('గు', 'U'), ('ల్దే', 'U'), ('ఱు', '|'), ('మ', '|'), ('హేం', 'U'), ('ద్ర', '|'), ('నీ', 'U'), ('ల', '|'), ('ని', '|'), ('భ', '|'), ('మౌ', 'U'), ('మే', 'U'), ('న', 'U'), ('న్స', '|'), ('మీ', 'U'), ('పా', 'U'), ('ట', '|'), ('గో', 'U'), ('ఖు', '|'), ('ర', '|'), ('ని', 'U'), ('ర్ధూ', 'U'), ('త', '|'), ('ధ', '|'), ('రా', 'U'), ('ప', '|'), ('రా', 'U'), ('గ', '|'), ('ల', '|'), ('వ', '|'), ('పం', 'U'), ('క్తు', 'U'), ('ల్గ', 'U'), ('ప్ప', '|'), ('గా', 'U'), ('నొ', 'U'), ('క్క', '|'), ('చే', 'U'), ('బు', '|'), ('రి', '|'), ('గో', 'U'), ('లొ', 'U'), ('క్క', '|'), ('ట', '|'), ('బా', 'U'), ('ల', '|'), ('కుం', 'U'), ('డ', '|'), ('గొ', '|'), ('ను', '|'), ('చుం', 'U'), ('బొ', 'U'), ('ల్పొం', 'U'), ('గ', '|'), ('గో', 'U'), ('ధు', 'U'), ('గ్జ', '|'), ('నాం', 'U'), ('త', '|'), ('ర', '|'), ('వ', 'U'), ('ర్ధి', 'U'), ('ష్ణు', '|'), ('డ', '|'), ('వై', 'U'), ('న', '|'), ('ని', 'U'), ('న్గొ', '|'), ('లు', '|'), ('తు', '|'), ('గృ', 'U'), ('ష్ణా', 'U'), ('దే', 'U'), ('వ', '|'), ('కీ', 'U'), ('నం', 'U'), ('ద', '|'), ('నా', 'U')]",0.9,1.0,1.0,1.0,0.75,0.75
saardulamu,"అధివ్యాధిహరంబు జన్మమరణవ్యాపారదుష్కర్మ దు
ర్బోధావ్యాప్తినివారణంబు సతతస్ఫూర్జ జ్జగద్రక్షణో
న్మేధాయుక్తము భక్తవాంఛితఫలానీకప్రధానైక దీ
క్షాధౌరేయము నీమహామహిమ కృష్ణా దేవకీనందనా.",vruttamu,Devakinandana,"[('అ', '|'), ('ధి', 'U'), ('వ్యా', 'U'), ('ధి', '|'), ('హ', '|'), ('రం', 'U'), ('బు', '|'), ('జ', 'U'), ('న్మ', '|'), ('మ', '|'), ('ర', '|'), ('ణ', 'U'), ('వ్యా', 'U'), ('పా', 'U'), ('ర', '|'), ('దు', 'U'), ('ష్క', 'U'), ('ర్మ', '|'), ('దు', 'U'), ('ర్బో', 'U'), ('ధా', 'U'), ('వ్యా', 'U'), ('ప్తి', '|'), ('ని', '|'), ('వా', 'U'), ('ర', '|'), ('ణం', 'U'), ('బు', '|'), ('స', '|'), ('త', '|'), ('త', 'U'), ('స్ఫూ', 'U'), ('ర్జ', 'U'), ('జ్జ', '|'), ('గ', '|'), ('ద్ర', 'U'), ('క్ష', '|'), ('ణో', 'U'), ('న్మే', 'U'), ('ధా', 'U'), ('యు', 'U'), ('క్త', '|'), ('ము', '|'), ('భ', 'U'), ('క్త', '|'), ('వాం', 'U'), ('ఛి', '|'), ('త', '|'), ('ఫ', '|'), ('లా', 'U'), ('నీ', 'U'), ('క', '|'), ('ప్ర', '|'), ('ధా', 'U'), ('నై', 'U'), ('క', '|'), ('దీ', 'U'), ('క్షా', 'U'), ('ధౌ', 'U'), ('రే', 'U'), ('య', '|'), ('ము', '|'), ('నీ', 'U'), ('మ', '|'), ('హా', 'U'), ('మ', '|'), ('హి', '|'), ('మ', '|'), ('కృ', 'U'), ('ష్ణా', 'U'), ('దే', 'U'), ('వ', '|'), ('కీ', 'U'), ('నం', 'U'), ('ద', '|'), ('నా', 'U')]",0.9785714285714284,1.0,1.0,0.8928571428571429,1.0,1.0
saardulamu,"హాలాహాలశిరోధిమౌళి నయనోద్యద్భీమ ధూమధ్వజ
జ్వాలాభీలకరాళరూక్ష విషనిశ్వాసోష్ణకృష్ణానదాం
భోలీలాస్పద కాళియస్ఫుటనటద్భోగాగ్ర మధ్యంబున\న్‌
హాళి\న్‌ దాండవమాడు ని\న్‌ దలఁతుఁ గృష్ణా దేవకీనందనా.",vruttamu,Devakinandana,"[('హా', 'U'), ('లా', 'U'), ('హా', 'U'), ('ల', '|'), ('శి', '|'), ('రో', 'U'), ('ధి', '|'), ('మౌ', 'U'), ('ళి', '|'), ('న', '|'), ('య', '|'), ('నో', 'U'), ('ద్య', 'U'), ('ద్భీ', 'U'), ('మ', '|'), ('ధూ', 'U'), ('మ', 'U'), ('ధ్వ', '|'), ('జ', 'U'), ('జ్వా', 'U'), ('లా', 'U'), ('భీ', 'U'), ('ల', '|'), ('క', '|'), ('రా', 'U'), ('ళ', '|'), ('రూ', 'U'), ('క్ష', '|'), ('వి', '|'), ('ష', '|'), ('ని', 'U'), ('శ్వా', 'U'), ('సో', 'U'), ('ష్ణ', '|'), ('కృ', 'U'), ('ష్ణా', 'U'), ('న', '|'), ('దాం', 'U'), ('భో', 'U'), ('లీ', 'U'), ('లా', 'U'), ('స్ప', '|'), ('ద', '|'), ('కా', 'U'), ('ళి', '|'), ('య', 'U'), ('స్ఫు', '|'), ('ట', '|'), ('న', '|'), ('ట', 'U'), ('ద్భో', 'U'), ('గా', 'U'), ('గ్ర', '|'), ('మ', 'U'), ('ధ్యం', 'U'), ('బు', '|'), ('నన్', 'U'), ('హా', 'U'), ('ళి', 'U'), ('న్దాం', 'U'), ('డ', '|'), ('వ', '|'), ('మా', 'U'), ('డు', '|'), ('ని', 'U'), ('న్ద', '|'), ('ల', '|'), ('తు', '|'), ('గృ', 'U'), ('ష్ణా', 'U'), ('దే', 'U'), ('వ', '|'), ('కీ', 'U'), ('నం', 'U'), ('ద', '|'), ('నా', 'U')]",0.9,1.0,1.0,1.0,0.75,0.75
mattebhamu,"తినదేచెట్టున నాకు మేఁక గుహ గొందిం బాము నిద్రింపదే
వనవాసంబునఁ బక్షులు\న్‌ మృగములు\న్‌ వర్తింపవే నీటిలో
మునుకల్‌ వేయవె మత్స్యకచ్ఛపములు న్మోక్షార్థమౌ ముక్తికి\న్‌
మనసే మూలము నీదుభక్తులకు కృష్ణా దేవకీనందనా.",vruttamu,Devakinandana,"[('తి', '|'), ('న', '|'), ('దే', 'U'), ('చె', 'U'), ('ట్టు', '|'), ('న', '|'), ('నా', 'U'), ('కు', '|'), ('మే', 'U'), ('క', '|'), ('గు', '|'), ('హ', '|'), ('గొం', 'U'), ('దిం', 'U'), ('బా', 'U'), ('ము', '|'), ('ని', '|'), ('ద్రిం', 'U'), ('ప', '|'), ('దే', 'U'), ('వ', '|'), ('న', '|'), ('వా', 'U'), ('సం', 'U'), ('బు', '|'), ('న', '|'), ('బ', 'U'), ('క్షు', '|'), ('లు', 'U'), ('న్మృ', '|'), ('గ', '|'), ('ము', '|'), ('లు', 'U'), ('న్వ', 'U'), ('ర్తిం', 'U'), ('ప', '|'), ('వే', 'U'), ('నీ', 'U'), ('టి', '|'), ('లో', 'U'), ('ము', '|'), ('ను', '|'), ('క', 'U'), ('ల్వే', 'U'), ('య', '|'), ('వె', '|'), ('మ', 'U'), ('త్స్య', '|'), ('క', 'U'), ('చ్ఛ', '|'), ('ప', '|'), ('ము', '|'), ('లు', 'U'), ('న్మో', 'U'), ('క్షా', 'U'), ('ర్థ', '|'), ('మౌ', 'U'), ('ము', 'U'), ('క్తి', '|'), ('కిన్', 'U'), ('మ', '|'), ('న', '|'), ('సే', 'U'), ('మూ', 'U'), ('ల', '|'), ('ము', '|'), ('నీ', 'U'), ('దు', '|'), ('భ', 'U'), ('క్తు', '|'), ('ల', '|'), ('కు', '|'), ('కృ', 'U'), ('ష్ణా', 'U'), ('దే', 'U'), ('వ', '|'), ('కీ', 'U'), ('నం', 'U'), ('ద', '|'), ('నా', 'U')]",0.9428571428571428,1.0,1.0,0.9642857142857143,0.75,1.0
saardulamu,"వింటిం గొంతగ మీమహత్వమును నుర్వి\న్‌ దర్శనప్రాప్తిచే
ఘంటాకర్ణుని నుగ్రసేనతనయుం గైవల్యతేజంబు ని
న్నంటంజేయవె మాటమాత్రమున నిట్లాశ్చర్యము\న్‌ బొందఁగా
నంటం బొందనివేల్పు ని\న్‌ గొలుతుఁ గృష్ణా దేవకీనందనా.",vruttamu,Devakinandana,"[('విం', 'U'), ('టిం', 'U'), ('గొం', 'U'), ('త', '|'), ('గ', '|'), ('మీ', 'U'), ('మ', '|'), ('హ', 'U'), ('త్వ', '|'), ('ము', '|'), ('ను', '|'), ('ను', 'U'), ('ర్వి', 'U'), ('న్ద', 'U'), ('ర్శ', '|'), ('న', '|'), ('ప్రా', 'U'), ('ప్తి', '|'), ('చే', 'U'), ('ఘం', 'U'), ('టా', 'U'), ('క', 'U'), ('ర్ణు', '|'), ('ని', '|'), ('ను', '|'), ('గ్ర', '|'), ('సే', 'U'), ('న', '|'), ('త', '|'), ('న', '|'), ('యుం', 'U'), ('గై', 'U'), ('వ', 'U'), ('ల్య', '|'), ('తే', 'U'), ('జం', 'U'), ('బు', '|'), ('ని', 'U'), ('న్నం', 'U'), ('టం', 'U'), ('జే', 'U'), ('య', '|'), ('వె', '|'), ('మా', 'U'), ('ట', '|'), ('మా', 'U'), ('త్ర', '|'), ('ము', '|'), ('న', '|'), ('ని', 'U'), ('ట్లా', 'U'), ('శ్చ', 'U'), ('ర్య', '|'), ('ము', 'U'), ('న్బొం', 'U'), ('ద', '|'), ('గా', 'U'), ('నం', 'U'), ('టం', 'U'), ('బొం', 'U'), ('ద', '|'), ('ని', '|'), ('వే', 'U'), ('ల్పు', '|'), ('ని', 'U'), ('న్గొ', '|'), ('లు', '|'), ('తు', '|'), ('గృ', 'U'), ('ష్ణా', 'U'), ('దే', 'U'), ('వ', '|'), ('కీ', 'U'), ('నం', 'U'), ('ద', '|'), ('నా', 'U')]",0.9357142857142857,1.0,1.0,0.9285714285714286,0.75,1.0
mattebhamu,"విలసత్కావ్యకళాధురీణతలు తద్విజ్ఞానులైనట్టి వే
త్తలకుం గాకవి యేల మూర్ఖులకు గాధల్‌ జెందు భాగీరథీ
దళితాంభోరుహ షండమండిత మరందగ్రాస మాధుర్యవాం
ఛలు జోరీఁగల కేల తేంట్లగతి కృష్ణా దేవకీనందనా.",vruttamu,Devakinandana,"[('వి', '|'), ('ల', '|'), ('స', 'U'), ('త్కా', 'U'), ('వ్య', '|'), ('క', '|'), ('ళా', 'U'), ('ధు', '|'), ('రీ', 'U'), ('ణ', '|'), ('త', '|'), ('లు', '|'), ('త', 'U'), ('ద్వి', 'U'), ('జ్ఞా', 'U'), ('ను', '|'), ('లై', 'U'), ('న', 'U'), ('ట్టి', '|'), ('వే', 'U'), ('త్త', '|'), ('ల', '|'), ('కుం', 'U'), ('గా', 'U'), ('క', '|'), ('వి', '|'), ('యే', 'U'), ('ల', '|'), ('మూ', 'U'), ('ర్ఖు', '|'), ('ల', '|'), ('కు', '|'), ('గా', 'U'), ('ధ', 'U'), ('ల్జెం', 'U'), ('దు', '|'), ('భా', 'U'), ('గీ', 'U'), ('ర', '|'), ('థీ', 'U'), ('ద', '|'), ('ళి', '|'), ('తాం', 'U'), ('భో', 'U'), ('రు', '|'), ('హ', '|'), ('షం', 'U'), ('డ', '|'), ('మం', 'U'), ('డి', '|'), ('త', '|'), ('మ', '|'), ('రం', 'U'), ('ద', '|'), ('గ్రా', 'U'), ('స', '|'), ('మా', 'U'), ('ధు', 'U'), ('ర్య', '|'), ('వాం', 'U'), ('ఛ', '|'), ('లు', '|'), ('జో', 'U'), ('రీ', 'U'), ('గ', '|'), ('ల', '|'), ('కే', 'U'), ('ల', '|'), ('తేం', 'U'), ('ట్ల', '|'), ('గ', '|'), ('తి', '|'), ('కృ', 'U'), ('ష్ణా', 'U'), ('దే', 'U'), ('వ', '|'), ('కీ', 'U'), ('నం', 'U'), ('ద', '|'), ('నా', 'U')]",0.9428571428571428,1.0,1.0,0.9642857142857143,1.0,0.75
mattebhamu,"చతురంభోధిపరీత భూవలయరాజానేకకోటీర రం
జితమాణిక్యవిరాజమానపద రాజీవుండు ధర్మాత్మజుం
డతికారుణ్యముచేత మత్స్యపతికొ ల్వాసింపఁడే నీదు శా
శ్వత కారుణ్యము గల్గునంతకును కృష్ణా దేవకీనందనా.",vruttamu,Devakinandana,"[('చ', '|'), ('తు', '|'), ('రం', 'U'), ('భో', 'U'), ('ధి', '|'), ('ప', '|'), ('రీ', 'U'), ('త', '|'), ('భూ', 'U'), ('వ', '|'), ('ల', '|'), ('య', '|'), ('రా', 'U'), ('జా', 'U'), ('నే', 'U'), ('క', '|'), ('కో', 'U'), ('టీ', 'U'), ('ర', '|'), ('రం', 'U'), ('జి', '|'), ('త', '|'), ('మా', 'U'), ('ణి', 'U'), ('క్య', '|'), ('వి', '|'), ('రా', 'U'), ('జ', '|'), ('మా', 'U'), ('న', '|'), ('ప', '|'), ('ద', '|'), ('రా', 'U'), ('జీ', 'U'), ('వుం', 'U'), ('డు', '|'), ('ధ', 'U'), ('ర్మా', 'U'), ('త్మ', '|'), ('జుం', 'U'), ('డ', '|'), ('తి', '|'), ('కా', 'U'), ('రు', 'U'), ('ణ్య', '|'), ('ము', '|'), ('చే', 'U'), ('త', '|'), ('మ', 'U'), ('త్స్య', '|'), ('ప', '|'), ('తి', '|'), ('కొ', 'U'), ('ల్వా', 'U'), ('సిం', 'U'), ('ప', '|'), ('డే', 'U'), ('నీ', 'U'), ('దు', '|'), ('శా', 'U'), ('శ్వ', '|'), ('త', '|'), ('కా', 'U'), ('రు', 'U'), ('ణ్య', '|'), ('ము', '|'), ('గ', 'U'), ('ల్గు', '|'), ('నం', 'U'), ('త', '|'), ('కు', '|'), ('ను', '|'), ('కృ', 'U'), ('ష్ణా', 'U'), ('దే', 'U'), ('వ', '|'), ('కీ', 'U'), ('నం', 'U'), ('ద', '|'), ('నా', 'U')]",1.0,1.0,1.0,1.0,1.0,1.0
mattebhamu,"శుకమద్గౌతమ కణ్వ కుత్స జమదగ్న్యోదంక శాండిల్య శౌ
నక పారాశర కశ్యపాత్రి ఘటజాహ్నేంద్ర ప్రభూత త్రియం
బక కంజోద్భవ నారదాదిమునిహృత్పంకేజ సౌమ్యత్పిపా
సకృపాసాగర నీకు మ్రొక్కెదను కృష్ణా దేవకీనందనా.",vruttamu,Devakinandana,"[('శు', '|'), ('క', '|'), ('మ', 'U'), ('ద్గౌ', 'U'), ('త', '|'), ('మ', '|'), ('క', 'U'), ('ణ్వ', '|'), ('కు', 'U'), ('త్స', '|'), ('జ', '|'), ('మ', '|'), ('ద', 'U'), ('గ్న్యో', 'U'), ('దం', 'U'), ('క', '|'), ('శాం', 'U'), ('డి', 'U'), ('ల్య', '|'), ('శౌ', 'U'), ('న', '|'), ('క', '|'), ('పా', 'U'), ('రా', 'U'), ('శ', '|'), ('ర', '|'), ('క', 'U'), ('శ్య', '|'), ('పా', 'U'), ('త్రి', '|'), ('ఘ', '|'), ('ట', '|'), ('జా', 'U'), ('హ్నేం', 'U'), ('ద్ర', '|'), ('ప్ర', '|'), ('భూ', 'U'), ('త', '|'), ('త్రి', '|'), ('యం', 'U'), ('బ', '|'), ('క', '|'), ('కం', 'U'), ('జో', 'U'), ('ద్భ', '|'), ('వ', '|'), ('నా', 'U'), ('ర', '|'), ('దా', 'U'), ('ది', '|'), ('ము', '|'), ('ని', '|'), ('హృ', 'U'), ('త్పం', 'U'), ('కే', 'U'), ('జ', '|'), ('సౌ', 'U'), ('మ్య', 'U'), ('త్పి', '|'), ('పా', 'U'), ('స', '|'), ('కృ', '|'), ('పా', 'U'), ('సా', 'U'), ('గ', '|'), ('ర', '|'), ('నీ', 'U'), ('కు', '|'), ('మ్రొ', 'U'), ('క్కె', '|'), ('ద', '|'), ('ను', '|'), ('కృ', 'U'), ('ష్ణా', 'U'), ('దే', 'U'), ('వ', '|'), ('కీ', 'U'), ('నం', 'U'), ('ద', '|'), ('నా', 'U')]",0.8857142857142858,1.0,1.0,0.9285714285714286,0.5,1.0
mattebhamu,"వివిధోగ్రస్థవన ప్రచండబలవిద్వేషావనీనాయకో
త్సవభంజీకృతశాలి యర్జునుఁడు దోస్సత్వుండు మత్స్యావనీ
ధవుగేహంబున నాట్యతాళధరియై తా నిల్వఁడే సన్ముని
స్తవ నీసత్కృప గల్గునంతకును కృష్ణా దేవకీనందనా.",vruttamu,Devakinandana,"[('వి', '|'), ('వి', '|'), ('ధో', 'U'), ('గ్ర', 'U'), ('స్థ', '|'), ('వ', '|'), ('న', '|'), ('ప్ర', '|'), ('చం', 'U'), ('డ', '|'), ('బ', '|'), ('ల', '|'), ('వి', 'U'), ('ద్వే', 'U'), ('షా', 'U'), ('వ', '|'), ('నీ', 'U'), ('నా', 'U'), ('య', '|'), ('కో', 'U'), ('త్స', '|'), ('వ', '|'), ('భం', 'U'), ('జీ', 'U'), ('కృ', '|'), ('త', '|'), ('శా', 'U'), ('లి', '|'), ('య', 'U'), ('ర్జు', '|'), ('ను', '|'), ('డు', '|'), ('దో', 'U'), ('స్స', 'U'), ('త్వుం', 'U'), ('డు', '|'), ('మ', 'U'), ('త్స్యా', 'U'), ('వ', '|'), ('నీ', 'U'), ('ధ', '|'), ('వు', '|'), ('గే', 'U'), ('హం', 'U'), ('బు', '|'), ('న', '|'), ('నా', 'U'), ('ట్య', '|'), ('తా', 'U'), ('ళ', '|'), ('ధ', '|'), ('రి', '|'), ('యై', 'U'), ('తా', 'U'), ('ని', 'U'), ('ల్వ', '|'), ('డే', 'U'), ('స', 'U'), ('న్ము', '|'), ('ని', 'U'), ('స్త', '|'), ('వ', '|'), ('నీ', 'U'), ('స', 'U'), ('త్కృ', '|'), ('ప', '|'), ('గ', 'U'), ('ల్గు', '|'), ('నం', 'U'), ('త', '|'), ('కు', '|'), ('ను', '|'), ('కృ', 'U'), ('ష్ణా', 'U'), ('దే', 'U'), ('వ', '|'), ('కీ', 'U'), ('నం', 'U'), ('ద', '|'), ('నా', 'U')]",0.9928571428571429,1.0,1.0,0.9642857142857143,1.0,1.0
mattebhamu,"బలభేది న్నలయించి ఖాండవవని\న్‌ భస్మంబు గావించి ము
న్నెలమి\న్‌ దైత్యులఁద్రుంచి యొక్కటి శివున్నిర్జించి కౌరవ్యుల\న్‌
బలి గావించి కిరీటి బోయలకు గోపస్త్రీల నొప్పింపఁడే
యల నీతేజము నీవు గైకొనినఁ గృష్ణా దేవకీనందనా.",vruttamu,Devakinandana,"[('బ', '|'), ('ల', '|'), ('భే', 'U'), ('ది', 'U'), ('న్న', '|'), ('ల', '|'), ('యిం', 'U'), ('చి', '|'), ('ఖాం', 'U'), ('డ', '|'), ('వ', '|'), ('వ', '|'), ('ని', 'U'), ('న్భ', 'U'), ('స్మం', 'U'), ('బు', '|'), ('గా', 'U'), ('విం', 'U'), ('చి', '|'), ('ము', 'U'), ('న్నె', '|'), ('ల', '|'), ('మి', 'U'), ('న్దై', 'U'), ('త్యు', '|'), ('ల', '|'), ('ద్రుం', 'U'), ('చి', '|'), ('యొ', 'U'), ('క్క', '|'), ('టి', '|'), ('శి', '|'), ('వు', 'U'), ('న్ని', 'U'), ('ర్జిం', 'U'), ('చి', '|'), ('కౌ', 'U'), ('ర', 'U'), ('వ్యు', '|'), ('లన్', 'U'), ('బ', '|'), ('లి', '|'), ('గా', 'U'), ('విం', 'U'), ('చి', '|'), ('కి', '|'), ('రీ', 'U'), ('టి', '|'), ('బో', 'U'), ('య', '|'), ('ల', '|'), ('కు', '|'), ('గో', 'U'), ('ప', 'U'), ('స్త్రీ', 'U'), ('ల', '|'), ('నొ', 'U'), ('ప్పిం', 'U'), ('ప', '|'), ('డే', 'U'), ('య', '|'), ('ల', '|'), ('నీ', 'U'), ('తే', 'U'), ('జ', '|'), ('ము', '|'), ('నీ', 'U'), ('వు', '|'), ('గై', 'U'), ('కొ', '|'), ('ని', '|'), ('న', '|'), ('గృ', 'U'), ('ష్ణా', 'U'), ('దే', 'U'), ('వ', '|'), ('కీ', 'U'), ('నం', 'U'), ('ద', '|'), ('నా', 'U')]",0.95,1.0,1.0,1.0,0.75,1.0
mattebhamu,"ఇలఁ దద్వైరి నృపాల ఫాలఫలక ప్రత్యగ్ర రక్తచ్ఛటా
కలితోదార గదావిజృంభణ భుజాగర్వుండు భీముండు కు
క్కలకుం జాపఁడె యేకచక్రపురి భిక్షావేళ యుష్మత్సము
జ్జ్వలకారుణ్యము గల్గునంతకును కృష్ణా దేవకీనందనా.",vruttamu,Devakinandana,"[('ఇ', '|'), ('ల', '|'), ('ద', 'U'), ('ద్వై', 'U'), ('రి', '|'), ('నృ', '|'), ('పా', 'U'), ('ల', '|'), ('ఫా', 'U'), ('ల', '|'), ('ఫ', '|'), ('ల', '|'), ('క', '|'), ('ప్ర', 'U'), ('త్య', '|'), ('గ్ర', '|'), ('ర', 'U'), ('క్త', 'U'), ('చ్ఛ', '|'), ('టా', 'U'), ('క', '|'), ('లి', '|'), ('తో', 'U'), ('దా', 'U'), ('ర', '|'), ('గ', '|'), ('దా', 'U'), ('వి', '|'), ('జృం', 'U'), ('భ', '|'), ('ణ', '|'), ('భు', '|'), ('జా', 'U'), ('గ', 'U'), ('ర్వుం', 'U'), ('డు', '|'), ('భీ', 'U'), ('ముం', 'U'), ('డు', '|'), ('కు', 'U'), ('క్క', '|'), ('ల', '|'), ('కుం', 'U'), ('జా', 'U'), ('ప', '|'), ('డె', '|'), ('యే', 'U'), ('క', '|'), ('చ', '|'), ('క్ర', '|'), ('పు', '|'), ('రి', '|'), ('భి', 'U'), ('క్షా', 'U'), ('వే', 'U'), ('ళ', '|'), ('యు', 'U'), ('ష్మ', 'U'), ('త్స', '|'), ('ము', 'U'), ('జ్జ్వ', '|'), ('ల', '|'), ('కా', 'U'), ('రు', 'U'), ('ణ్య', '|'), ('ము', '|'), ('గ', 'U'), ('ల్గు', '|'), ('నం', 'U'), ('త', '|'), ('కు', '|'), ('ను', '|'), ('కృ', 'U'), ('ష్ణా', 'U'), ('దే', 'U'), ('వ', '|'), ('కీ', 'U'), ('నం', 'U'), ('ద', '|'), ('నా', 'U')]",0.9357142857142857,1.0,1.0,0.9285714285714286,0.75,1.0
mattebhamu,"అతిసౌందర్యసమగ్రధైర్యఘనశౌర్యస్ఫూర్తియు\న్‌ గీర్తియు
న్నతులప్రాభవరేఖయు\న్‌ గలిగి చోద్యంబెన్నఁగా ఘోటక
ప్రతతిం దిద్దఁడె నిత్యము\న్‌ నకులుఁ డేపారంగ నీసత్కృప\న్‌
సతమై రాజ్యము గల్గునంతకును కృష్ణా దేవకీనందనా.",vruttamu,Devakinandana,"[('అ', '|'), ('తి', '|'), ('సౌం', 'U'), ('ద', 'U'), ('ర్య', '|'), ('స', '|'), ('మ', '|'), ('గ్ర', '|'), ('ధై', 'U'), ('ర్య', '|'), ('ఘ', '|'), ('న', '|'), ('శౌ', 'U'), ('ర్య', 'U'), ('స్ఫూ', 'U'), ('ర్తి', '|'), ('యు', 'U'), ('న్గీ', 'U'), ('ర్తి', '|'), ('యు', 'U'), ('న్న', '|'), ('తు', '|'), ('ల', '|'), ('ప్రా', 'U'), ('భ', '|'), ('వ', '|'), ('రే', 'U'), ('ఖ', '|'), ('యు', 'U'), ('న్గ', '|'), ('లి', '|'), ('గి', '|'), ('చో', 'U'), ('ద్యం', 'U'), ('బె', 'U'), ('న్న', '|'), ('గా', 'U'), ('ఘో', 'U'), ('ట', '|'), ('క', '|'), ('ప్ర', '|'), ('త', '|'), ('తిం', 'U'), ('ది', 'U'), ('ద్ద', '|'), ('డె', '|'), ('ని', 'U'), ('త్య', '|'), ('ము', 'U'), ('న్న', '|'), ('కు', '|'), ('లు', '|'), ('డే', 'U'), ('పా', 'U'), ('రం', 'U'), ('గ', '|'), ('నీ', 'U'), ('స', 'U'), ('త్కృ', '|'), ('పన్', 'U'), ('స', '|'), ('త', '|'), ('మై', 'U'), ('రా', 'U'), ('జ్య', '|'), ('ము', '|'), ('గ', 'U'), ('ల్గు', '|'), ('నం', 'U'), ('త', '|'), ('కు', '|'), ('ను', '|'), ('కృ', 'U'), ('ష్ణా', 'U'), ('దే', 'U'), ('వ', '|'), ('కీ', 'U'), ('నం', 'U'), ('ద', '|'), ('నా', 'U')]",0.9285714285714285,1.0,1.0,0.8928571428571429,0.75,1.0
mattebhamu,"బక దైతేయమహాబలు\న్‌ సమరభూభాగంబున\న్‌ వాయుపు
త్రకుఁ డీల్గించిన నేకచక్రపురివారల్‌ మెచ్చి యింటింట వం
టకము ల్బెట్టిరిగాని భిక్షయనుమాట\న్‌ మాన్పలేరైరి యం
తకు వారల్‌ గొఱఁతేమి చాలుటకుఁ గృష్ణా దేవకీనందనా.",vruttamu,Devakinandana,"[('బ', '|'), ('క', '|'), ('దై', 'U'), ('తే', 'U'), ('య', '|'), ('మ', '|'), ('హా', 'U'), ('బ', '|'), ('లు', 'U'), ('న్స', '|'), ('మ', '|'), ('ర', '|'), ('భూ', 'U'), ('భా', 'U'), ('గం', 'U'), ('బు', '|'), ('న', 'U'), ('న్వా', 'U'), ('యు', '|'), ('పు', '|'), ('త్ర', '|'), ('కు', '|'), ('డీ', 'U'), ('ల్గిం', 'U'), ('చి', '|'), ('న', '|'), ('నే', 'U'), ('క', '|'), ('చ', '|'), ('క్ర', '|'), ('పు', '|'), ('రి', '|'), ('వా', 'U'), ('ర', 'U'), ('ల్మె', 'U'), ('చ్చి', '|'), ('యిం', 'U'), ('టిం', 'U'), ('ట', '|'), ('వం', 'U'), ('ట', '|'), ('క', '|'), ('ము', 'U'), ('ల్బె', 'U'), ('ట్టి', '|'), ('రి', '|'), ('గా', 'U'), ('ని', '|'), ('భి', 'U'), ('క్ష', '|'), ('య', '|'), ('ను', '|'), ('మా', 'U'), ('ట', 'U'), ('న్మా', 'U'), ('న్ప', '|'), ('లే', 'U'), ('రై', 'U'), ('రి', '|'), ('యం', 'U'), ('త', '|'), ('కు', '|'), ('వా', 'U'), ('ర', 'U'), ('ల్గొ', '|'), ('ఱ', '|'), ('తే', 'U'), ('మి', '|'), ('చా', 'U'), ('లు', '|'), ('ట', '|'), ('కు', '|'), ('గృ', 'U'), ('ష్ణా', 'U'), ('దే', 'U'), ('వ', '|'), ('కీ', 'U'), ('నం', 'U'), ('ద', '|'), ('నా', 'U')]",0.9357142857142857,1.0,1.0,0.9285714285714286,0.75,1.0
mattebhamu,"గహనావాసములోన నన్నలకుఁ దా గారాబుతమ్ముండునై
విహరించేతఱి భావికాలగతి నన్వేషించుచు\న్‌ శౌర్యసం
గ్రహుఁడై యావులఁగాచె మత్స్యపురిలోఁ గర్మానుగుణ్యక్రియ
స్సహదేవుం డతిధైర్యమార్గమునఁ గృష్ణా దేవకీనందనా.",vruttamu,Devakinandana,"[('గ', '|'), ('హ', '|'), ('నా', 'U'), ('వా', 'U'), ('స', '|'), ('ము', '|'), ('లో', 'U'), ('న', '|'), ('న', 'U'), ('న్న', '|'), ('ల', '|'), ('కు', '|'), ('దా', 'U'), ('గా', 'U'), ('రా', 'U'), ('బు', '|'), ('త', 'U'), ('మ్ముం', 'U'), ('డు', '|'), ('నై', 'U'), ('వి', '|'), ('హ', '|'), ('రిం', 'U'), ('చే', 'U'), ('త', '|'), ('ఱి', '|'), ('భా', 'U'), ('వి', '|'), ('కా', 'U'), ('ల', '|'), ('గ', '|'), ('తి', '|'), ('న', 'U'), ('న్వే', 'U'), ('షిం', 'U'), ('చు', '|'), ('చు', 'U'), ('న్శౌ', 'U'), ('ర్య', '|'), ('సం', 'U'), ('గ్ర', '|'), ('హు', '|'), ('డై', 'U'), ('యా', 'U'), ('వు', '|'), ('ల', '|'), ('గా', 'U'), ('చె', '|'), ('మ', 'U'), ('త్స్య', '|'), ('పు', '|'), ('రి', '|'), ('లో', 'U'), ('గ', 'U'), ('ర్మా', 'U'), ('ను', '|'), ('గు', 'U'), ('ణ్య', '|'), ('క్రి', '|'), ('య', 'U'), ('స్స', '|'), ('హ', '|'), ('దే', 'U'), ('వుం', 'U'), ('డ', '|'), ('తి', '|'), ('ధై', 'U'), ('ర్య', '|'), ('మా', 'U'), ('ర్గ', '|'), ('ము', '|'), ('న', '|'), ('గృ', 'U'), ('ష్ణా', 'U'), ('దే', 'U'), ('వ', '|'), ('కీ', 'U'), ('నం', 'U'), ('ద', '|'), ('నా', 'U')]",0.9928571428571429,1.0,1.0,0.9642857142857143,1.0,1.0
mattebhamu,"వినుతానేకతురంగవారణ రథోర్వీనాథదీవ్యన్నికే
తన చక్రధ్వజచామరద్రఢిమతోఁ దథ్యాత్ముఁడౌ నాసుయో
ధనుఁ డేకాకియుఁ బాదచారియునునై దర్పంబువోనాడి పో
యెను మిమ్మెట్టుఁ దలంచి చూడకయ కృష్ణా దేవకీనందనా.",vruttamu,Devakinandana,"[('వి', '|'), ('ను', '|'), ('తా', 'U'), ('నే', 'U'), ('క', '|'), ('తు', '|'), ('రం', 'U'), ('గ', '|'), ('వా', 'U'), ('ర', '|'), ('ణ', '|'), ('ర', '|'), ('థో', 'U'), ('ర్వీ', 'U'), ('నా', 'U'), ('థ', '|'), ('దీ', 'U'), ('వ్య', 'U'), ('న్ని', '|'), ('కే', 'U'), ('త', '|'), ('న', '|'), ('చ', '|'), ('క్ర', 'U'), ('ధ్వ', '|'), ('జ', '|'), ('చా', 'U'), ('మ', '|'), ('ర', '|'), ('ద్ర', '|'), ('ఢి', '|'), ('మ', '|'), ('తో', 'U'), ('ద', 'U'), ('థ్యా', 'U'), ('త్ము', '|'), ('డౌ', 'U'), ('నా', 'U'), ('సు', '|'), ('యో', 'U'), ('ధ', '|'), ('ను', '|'), ('డే', 'U'), ('కా', 'U'), ('కి', '|'), ('యు', '|'), ('బా', 'U'), ('ద', '|'), ('చా', 'U'), ('రి', '|'), ('యు', '|'), ('ను', '|'), ('నై', 'U'), ('ద', 'U'), ('ర్పం', 'U'), ('బు', '|'), ('వో', 'U'), ('నా', 'U'), ('డి', '|'), ('పో', 'U'), ('యె', '|'), ('ను', '|'), ('మి', 'U'), ('మ్మె', 'U'), ('ట్టు', '|'), ('ద', '|'), ('లం', 'U'), ('చి', '|'), ('చూ', 'U'), ('డ', '|'), ('క', '|'), ('య', '|'), ('కృ', 'U'), ('ష్ణా', 'U'), ('దే', 'U'), ('వ', '|'), ('కీ', 'U'), ('నం', 'U'), ('ద', '|'), ('నా', 'U')]",0.9357142857142857,1.0,1.0,0.9285714285714286,0.75,1.0
saardulamu,"రక్షింపం దగువీరుఁ డెవ్వఁ డననీరాజుల్‌ వృథాతేజులే
మోక్షశ్రీయొసఁగు\న్‌ విభుండెవఁడు శ్రీమోహాకృతి న్దేవతల్‌
రక్షోజాక్ష శుభప్రధానగరిమ\న్‌ రాజిల్లురాజేంద్రుల\న్‌
సాక్షాద్బ్రహ్మము నీవె ధన్యులకుఁ గృష్ణా దేవకీనందనా.",vruttamu,Devakinandana,"[('ర', 'U'), ('క్షిం', 'U'), ('పం', 'U'), ('ద', '|'), ('గు', '|'), ('వీ', 'U'), ('రు', '|'), ('డె', 'U'), ('వ్వ', '|'), ('డ', '|'), ('న', '|'), ('నీ', 'U'), ('రా', 'U'), ('జు', 'U'), ('ల్వృ', '|'), ('థా', 'U'), ('తే', 'U'), ('జు', '|'), ('లే', 'U'), ('మో', 'U'), ('క్ష', '|'), ('శ్రీ', 'U'), ('యొ', '|'), ('స', '|'), ('గు', 'U'), ('న్వి', '|'), ('భుం', 'U'), ('డె', '|'), ('వ', '|'), ('డు', '|'), ('శ్రీ', 'U'), ('మో', 'U'), ('హా', 'U'), ('కృ', '|'), ('తి', 'U'), ('న్దే', 'U'), ('వ', '|'), ('తల్', 'U'), ('ర', 'U'), ('క్షో', 'U'), ('జా', 'U'), ('క్ష', '|'), ('శు', '|'), ('భ', '|'), ('ప్ర', '|'), ('ధా', 'U'), ('న', '|'), ('గ', '|'), ('రి', '|'), ('మ', '|'), ('న్రా', 'U'), ('జి', 'U'), ('ల్లు', '|'), ('రా', 'U'), ('జేం', 'U'), ('ద్రు', '|'), ('లన్', 'U'), ('సా', 'U'), ('క్షా', 'U'), ('ద్బ్ర', 'U'), ('హ్మ', '|'), ('ము', '|'), ('నీ', 'U'), ('వె', '|'), ('ధ', 'U'), ('న్యు', '|'), ('ల', '|'), ('కు', '|'), ('గృ', 'U'), ('ష్ణా', 'U'), ('దే', 'U'), ('వ', '|'), ('కీ', 'U'), ('నం', 'U'), ('ద', '|'), ('నా', 'U')]",0.9785714285714284,1.0,1.0,0.8928571428571429,1.0,1.0
mattebhamu,"కొలిచేది\న్‌ వగలేకనే నడిగితే కోపించు టీలేకనే
చెలువం బెచ్చుటకోటనేవిభవముల్‌ చేకూరుటల్‌ రూకనే
బలవంతుం డగుమూకనే సతిచెడు\న్‌ ప్రాణేశుపైఁ గోపనే
జలదశ్యామల శంఖచక్రధర కృష్ణా దేవకీనందనా.",vruttamu,Devakinandana,"[('కొ', '|'), ('లి', '|'), ('చే', 'U'), ('ది', 'U'), ('న్వ', '|'), ('గ', '|'), ('లే', 'U'), ('క', '|'), ('నే', 'U'), ('న', '|'), ('డి', '|'), ('గి', '|'), ('తే', 'U'), ('కో', 'U'), ('పిం', 'U'), ('చు', '|'), ('టీ', 'U'), ('లే', 'U'), ('క', '|'), ('నే', 'U'), ('చె', '|'), ('లు', '|'), ('వం', 'U'), ('బె', 'U'), ('చ్చు', '|'), ('ట', '|'), ('కో', 'U'), ('ట', '|'), ('నే', 'U'), ('వి', '|'), ('భ', '|'), ('వ', '|'), ('ము', 'U'), ('ల్చే', 'U'), ('కూ', 'U'), ('రు', '|'), ('ట', '|'), ('ల్రూ', 'U'), ('క', '|'), ('నే', 'U'), ('బ', '|'), ('ల', '|'), ('వం', 'U'), ('తుం', 'U'), ('డ', '|'), ('గు', '|'), ('మూ', 'U'), ('క', '|'), ('నే', 'U'), ('స', '|'), ('తి', '|'), ('చె', '|'), ('డు', 'U'), ('న్ప్రా', 'U'), ('ణే', 'U'), ('శు', '|'), ('పై', 'U'), ('గో', 'U'), ('ప', '|'), ('నే', 'U'), ('జ', '|'), ('ల', '|'), ('ద', 'U'), ('శ్యా', 'U'), ('మ', '|'), ('ల', '|'), ('శం', 'U'), ('ఖ', '|'), ('చ', '|'), ('క్ర', '|'), ('ధ', '|'), ('ర', '|'), ('కృ', 'U'), ('ష్ణా', 'U'), ('దే', 'U'), ('వ', '|'), ('కీ', 'U'), ('నం', 'U'), ('ద', '|'), ('నా', 'U')]",0.9857142857142858,1.0,1.0,0.9285714285714286,1.0,1.0
mattebhamu,"బలశౌర్యోన్నతి శత్రులం గెలిచి సప్తద్వీపవిశ్వంభరా
స్థలి నేలించి సమస్తవైభవములన్‌ దీపించి దిక్పాలకా
వళి కీర్తింప మెలంగునైషధుఁడు దా వర్తింపఁడే తొల్లి వం
టలవాఁడై ఋతుపర్ణుచెంగటను కృష్ణా దేవకీనందనా.",vruttamu,Devakinandana,"[('బ', '|'), ('ల', '|'), ('శౌ', 'U'), ('ర్యో', 'U'), ('న్న', '|'), ('తి', '|'), ('శ', '|'), ('త్రు', '|'), ('లం', 'U'), ('గె', '|'), ('లి', '|'), ('చి', '|'), ('స', 'U'), ('ప్త', 'U'), ('ద్వీ', 'U'), ('ప', '|'), ('వి', 'U'), ('శ్వం', 'U'), ('భ', '|'), ('రా', 'U'), ('స్థ', '|'), ('లి', '|'), ('నే', 'U'), ('లిం', 'U'), ('చి', '|'), ('స', '|'), ('మ', 'U'), ('స్త', '|'), ('వై', 'U'), ('భ', '|'), ('వ', '|'), ('ము', '|'), ('ల', 'U'), ('న్దీ', 'U'), ('పిం', 'U'), ('చి', '|'), ('ది', 'U'), ('క్పా', 'U'), ('ల', '|'), ('కా', 'U'), ('వ', '|'), ('ళి', '|'), ('కీ', 'U'), ('ర్తిం', 'U'), ('ప', '|'), ('మె', '|'), ('లం', 'U'), ('గు', '|'), ('నై', 'U'), ('ష', '|'), ('ధు', '|'), ('డు', '|'), ('దా', 'U'), ('వ', 'U'), ('ర్తిం', 'U'), ('ప', '|'), ('డే', 'U'), ('తొ', 'U'), ('ల్లి', '|'), ('వం', 'U'), ('ట', '|'), ('ల', '|'), ('వా', 'U'), ('డై', 'U'), ('ఋ', '|'), ('తు', '|'), ('ప', 'U'), ('ర్ణు', '|'), ('చెం', 'U'), ('గ', '|'), ('ట', '|'), ('ను', '|'), ('కృ', 'U'), ('ష్ణా', 'U'), ('దే', 'U'), ('వ', '|'), ('కీ', 'U'), ('నం', 'U'), ('ద', '|'), ('నా', 'U')]",0.8428571428571429,1.0,1.0,0.9642857142857143,0.5,0.75
mattebhamu,"ధరలో గోళకుఁ డైనపాండునికళత్రం బందు వేర్వేఱనే
వురకు\న్‌ బుట్టినపాండునందనులు దివ్యుల్మెచ్చ వర్తింపఁ ద
చ్చరితం బంతయు భారతంబని ప్రశస్తంబయ్యె నీనామసం
స్మరణప్రౌఢిమఁ గాదె యీఘనత కృష్ణా దేవకీనందనా.",vruttamu,Devakinandana,"[('ధ', '|'), ('ర', '|'), ('లో', 'U'), ('గో', 'U'), ('ళ', '|'), ('కు', '|'), ('డై', 'U'), ('న', '|'), ('పాం', 'U'), ('డు', '|'), ('ని', '|'), ('క', '|'), ('ళ', '|'), ('త్రం', 'U'), ('బం', 'U'), ('దు', '|'), ('వే', 'U'), ('ర్వే', 'U'), ('ఱ', '|'), ('నే', 'U'), ('వు', '|'), ('ర', '|'), ('కు', 'U'), ('న్బు', 'U'), ('ట్టి', '|'), ('న', '|'), ('పాం', 'U'), ('డు', '|'), ('నం', 'U'), ('ద', '|'), ('ను', '|'), ('లు', '|'), ('ది', 'U'), ('వ్యు', 'U'), ('ల్మె', 'U'), ('చ్చ', '|'), ('వ', 'U'), ('ర్తిం', 'U'), ('ప', '|'), ('ద', 'U'), ('చ్చ', '|'), ('రి', '|'), ('తం', 'U'), ('బం', 'U'), ('త', '|'), ('యు', '|'), ('భా', 'U'), ('ర', '|'), ('తం', 'U'), ('బ', '|'), ('ని', '|'), ('ప్ర', '|'), ('శ', 'U'), ('స్తం', 'U'), ('బ', 'U'), ('య్యె', '|'), ('నీ', 'U'), ('నా', 'U'), ('మ', '|'), ('సం', 'U'), ('స్మ', '|'), ('ర', '|'), ('ణ', '|'), ('ప్రౌ', 'U'), ('ఢి', '|'), ('మ', '|'), ('గా', 'U'), ('దె', '|'), ('యీ', 'U'), ('ఘ', '|'), ('న', '|'), ('త', '|'), ('కృ', 'U'), ('ష్ణా', 'U'), ('దే', 'U'), ('వ', '|'), ('కీ', 'U'), ('నం', 'U'), ('ద', '|'), ('నా', 'U')]",0.9857142857142858,1.0,1.0,0.9285714285714286,1.0,1.0
mattebhamu,"క్రతువుల్‌ నూఱొనరించి యింద్రపదవిన్గర్వించియింద్రాణికై
ధృతిఁదూల\న్‌ మరుఁడేచఁగా నహుషుఁడద్దేవేంద్రుభోగానుసం
గతిగాఁ గోరినకుంభసంభవుఁడు గిన్క\న్‌ దిట్టిన\న్‌ జెందఁడే
సతతంబు\న్‌ పెనుబాముచందమును కృష్ణా దేవకీనందనా.",vruttamu,Devakinandana,"[('క్ర', '|'), ('తు', '|'), ('వు', 'U'), ('ల్నూ', 'U'), ('ఱొ', '|'), ('న', '|'), ('రిం', 'U'), ('చి', '|'), ('యిం', 'U'), ('ద్ర', '|'), ('ప', '|'), ('ద', '|'), ('వి', 'U'), ('న్గ', 'U'), ('ర్విం', 'U'), ('చి', '|'), ('యిం', 'U'), ('ద్రా', 'U'), ('ణి', '|'), ('కై', 'U'), ('ధృ', '|'), ('తి', '|'), ('దూ', 'U'), ('ల', 'U'), ('న్మ', '|'), ('రు', '|'), ('డే', 'U'), ('చ', '|'), ('గా', 'U'), ('న', '|'), ('హు', '|'), ('షు', '|'), ('డ', 'U'), ('ద్దే', 'U'), ('వేం', 'U'), ('ద్రు', '|'), ('భో', 'U'), ('గా', 'U'), ('ను', '|'), ('సం', 'U'), ('గ', '|'), ('తి', '|'), ('గా', 'U'), ('గో', 'U'), ('రి', '|'), ('న', '|'), ('కుం', 'U'), ('భ', '|'), ('సం', 'U'), ('భ', '|'), ('వు', '|'), ('డు', '|'), ('గి', 'U'), ('న్క', 'U'), ('న్ది', 'U'), ('ట్టి', '|'), ('న', 'U'), ('న్జెం', 'U'), ('ద', '|'), ('డే', 'U'), ('స', '|'), ('త', '|'), ('తం', 'U'), ('బు', 'U'), ('న్పె', '|'), ('ను', '|'), ('బా', 'U'), ('ము', '|'), ('చం', 'U'), ('ద', '|'), ('ము', '|'), ('ను', '|'), ('కృ', 'U'), ('ష్ణా', 'U'), ('దే', 'U'), ('వ', '|'), ('కీ', 'U'), ('నం', 'U'), ('ద', '|'), ('నా', 'U')]",1.0,1.0,1.0,1.0,1.0,1.0
mattebhamu,"ఘనుల\న్‌ నీచుల నీచుల\న్‌ ఘనుల సత్కారాఢ్యుల\న్‌ దుష్క్రియా
జనితోద్యోగుల నర్థవంతులను భిక్షాయుక్తుల\న్‌ భిక్షుల\న్‌
ధనికవ్రాతముగా నొనర్చుచును నిత్యంబు\న్‌ మహాగారడం
బని నందించు వినోదరాయ హరి కృష్ణా దేవకీనందనా.",vruttamu,Devakinandana,"[('ఘ', '|'), ('ను', '|'), ('ల', 'U'), ('న్నీ', 'U'), ('చు', '|'), ('ల', '|'), ('నీ', 'U'), ('చు', '|'), ('ల', 'U'), ('న్ఘ', '|'), ('ను', '|'), ('ల', '|'), ('స', 'U'), ('త్కా', 'U'), ('రా', 'U'), ('ఢ్యు', '|'), ('ల', 'U'), ('న్దు', 'U'), ('ష్క్రి', '|'), ('యా', 'U'), ('జ', '|'), ('ని', '|'), ('తో', 'U'), ('ద్యో', 'U'), ('గు', '|'), ('ల', '|'), ('న', 'U'), ('ర్థ', '|'), ('వం', 'U'), ('తు', '|'), ('ల', '|'), ('ను', '|'), ('భి', 'U'), ('క్షా', 'U'), ('యు', 'U'), ('క్తు', '|'), ('ల', 'U'), ('న్భి', 'U'), ('క్షు', '|'), ('లన్', 'U'), ('ధ', '|'), ('ని', '|'), ('క', '|'), ('వ్రా', 'U'), ('త', '|'), ('ము', '|'), ('గా', 'U'), ('నొ', '|'), ('న', 'U'), ('ర్చు', '|'), ('చు', '|'), ('ను', '|'), ('ని', 'U'), ('త్యం', 'U'), ('బు', 'U'), ('న్మ', '|'), ('హా', 'U'), ('గా', 'U'), ('ర', '|'), ('డం', 'U'), ('బ', '|'), ('ని', '|'), ('నం', 'U'), ('దిం', 'U'), ('చు', '|'), ('వి', '|'), ('నో', 'U'), ('ద', '|'), ('రా', 'U'), ('య', '|'), ('హ', '|'), ('రి', '|'), ('కృ', 'U'), ('ష్ణా', 'U'), ('దే', 'U'), ('వ', '|'), ('కీ', 'U'), ('నం', 'U'), ('ద', '|'), ('నా', 'U')]",0.9428571428571428,1.0,1.0,0.9642857142857143,0.75,1.0
saardulamu,"శ్రీలక్ష్మీధవ వాసుదేవ వరదా రాజీవపద్మాసనా
వ్యాళాధీశ్వర శర్వ షణ్ముఖ శుకాద్యస్తోత్ర సత్పాత్ర గో
పాలానీక ముఖాబ్జభాస్కర కృపాపాథోధి న\న్‌ గావు మూ
ర్ధాలంకార మయూర పింఛధర కృష్ణా దేవకీనందనా.",vruttamu,Devakinandana,"[('శ్రీ', 'U'), ('ల', 'U'), ('క్ష్మీ', 'U'), ('ధ', '|'), ('వ', '|'), ('వా', 'U'), ('సు', '|'), ('దే', 'U'), ('వ', '|'), ('వ', '|'), ('ర', '|'), ('దా', 'U'), ('రా', 'U'), ('జీ', 'U'), ('వ', '|'), ('ప', 'U'), ('ద్మా', 'U'), ('స', '|'), ('నా', 'U'), ('వ్యా', 'U'), ('ళా', 'U'), ('ధీ', 'U'), ('శ్వ', '|'), ('ర', '|'), ('శ', 'U'), ('ర్వ', '|'), ('ష', 'U'), ('ణ్ము', '|'), ('ఖ', '|'), ('శు', '|'), ('కా', 'U'), ('ద్య', 'U'), ('స్తో', 'U'), ('త్ర', '|'), ('స', 'U'), ('త్పా', 'U'), ('త్ర', '|'), ('గో', 'U'), ('పా', 'U'), ('లా', 'U'), ('నీ', 'U'), ('క', '|'), ('ము', '|'), ('ఖా', 'U'), ('బ్జ', '|'), ('భా', 'U'), ('స్క', '|'), ('ర', '|'), ('కృ', '|'), ('పా', 'U'), ('పా', 'U'), ('థో', 'U'), ('ధి', '|'), ('న', 'U'), ('న్గా', 'U'), ('వు', '|'), ('మూ', 'U'), ('ర్ధా', 'U'), ('లం', 'U'), ('కా', 'U'), ('ర', '|'), ('మ', '|'), ('యూ', 'U'), ('ర', '|'), ('పిం', 'U'), ('ఛ', '|'), ('ధ', '|'), ('ర', '|'), ('కృ', 'U'), ('ష్ణా', 'U'), ('దే', 'U'), ('వ', '|'), ('కీ', 'U'), ('నం', 'U'), ('ద', '|'), ('నా', 'U')]",0.85,1.0,1.0,1.0,0.5,0.75
mattebhamu,"పతులున్నేవురునెన్నఁగాఁగలిగి భూపాలాంగనానీకముల్‌
సతతంబు\న్‌ గనుసన్నల\న్‌ మెలఁగుచైశ్వర్యంబుతోనుండి తా
నతిభక్తిం జని యాసుధేష్ణకును జేయం బూనదే ద్రౌపదీ
సతి యాశ్చర్యము నీవిలాసములు కృష్ణా దేవకీనందనా.",vruttamu,Devakinandana,"[('ప', '|'), ('తు', '|'), ('లు', 'U'), ('న్నే', 'U'), ('వు', '|'), ('రు', '|'), ('నె', 'U'), ('న్న', '|'), ('గా', 'U'), ('గ', '|'), ('లి', '|'), ('గి', '|'), ('భూ', 'U'), ('పా', 'U'), ('లాం', 'U'), ('గ', '|'), ('నా', 'U'), ('నీ', 'U'), ('క', '|'), ('ముల్', 'U'), ('స', '|'), ('త', '|'), ('తం', 'U'), ('బు', 'U'), ('న్గ', '|'), ('ను', '|'), ('స', 'U'), ('న్న', '|'), ('ల', 'U'), ('న్మె', '|'), ('ల', '|'), ('గు', '|'), ('చై', 'U'), ('శ్వ', 'U'), ('ర్యం', 'U'), ('బు', '|'), ('తో', 'U'), ('నుం', 'U'), ('డి', '|'), ('తా', 'U'), ('న', '|'), ('తి', '|'), ('భ', 'U'), ('క్తిం', 'U'), ('జ', '|'), ('ని', '|'), ('యా', 'U'), ('సు', '|'), ('ధే', 'U'), ('ష్ణ', '|'), ('కు', '|'), ('ను', '|'), ('జే', 'U'), ('యం', 'U'), ('బూ', 'U'), ('న', '|'), ('దే', 'U'), ('ద్రౌ', 'U'), ('ప', '|'), ('దీ', 'U'), ('స', '|'), ('తి', '|'), ('యా', 'U'), ('శ్చ', 'U'), ('ర్య', '|'), ('ము', '|'), ('నీ', 'U'), ('వి', '|'), ('లా', 'U'), ('స', '|'), ('ము', '|'), ('లు', '|'), ('కృ', 'U'), ('ష్ణా', 'U'), ('దే', 'U'), ('వ', '|'), ('కీ', 'U'), ('నం', 'U'), ('ద', '|'), ('నా', 'U')]",0.95,1.0,1.0,1.0,0.75,1.0
saardulamu,"మీసామర్థ్యము గల్గునంతకును నెమ్మి\న్‌ బాండుసూనుండు నా
యాసం బొంద మహాద్భుతంబుగ విరాటాధీశుపట్ణంబులో
గ్రాసోపాయము లేక భిక్ష మడుగ\న్‌ గాషాయముంబూని స
న్యాసంబు\న్‌ ధరియింపఁడే యచటఁ గృష్ణా దేవకీనందనా.",vruttamu,Devakinandana,"[('మీ', 'U'), ('సా', 'U'), ('మ', 'U'), ('ర్థ్య', '|'), ('ము', '|'), ('గ', 'U'), ('ల్గు', '|'), ('నం', 'U'), ('త', '|'), ('కు', '|'), ('ను', '|'), ('నె', 'U'), ('మ్మి', 'U'), ('న్బాం', 'U'), ('డు', '|'), ('సూ', 'U'), ('నుం', 'U'), ('డు', '|'), ('నా', 'U'), ('యా', 'U'), ('సం', 'U'), ('బొం', 'U'), ('ద', '|'), ('మ', '|'), ('హా', 'U'), ('ద్భు', '|'), ('తం', 'U'), ('బు', '|'), ('గ', '|'), ('వి', '|'), ('రా', 'U'), ('టా', 'U'), ('ధీ', 'U'), ('శు', '|'), ('ప', 'U'), ('ట్ణం', 'U'), ('బు', '|'), ('లో', 'U'), ('గ్రా', 'U'), ('సో', 'U'), ('పా', 'U'), ('య', '|'), ('ము', '|'), ('లే', 'U'), ('క', '|'), ('భి', 'U'), ('క్ష', '|'), ('మ', '|'), ('డు', '|'), ('గ', 'U'), ('న్గా', 'U'), ('షా', 'U'), ('య', '|'), ('ముం', 'U'), ('బూ', 'U'), ('ని', '|'), ('స', 'U'), ('న్యా', 'U'), ('సం', 'U'), ('బు', 'U'), ('న్ధ', '|'), ('రి', '|'), ('యిం', 'U'), ('ప', '|'), ('డే', 'U'), ('య', '|'), ('చ', '|'), ('ట', '|'), ('గృ', 'U'), ('ష్ణా', 'U'), ('దే', 'U'), ('వ', '|'), ('కీ', 'U'), ('నం', 'U'), ('ద', '|'), ('నా', 'U')]",0.95,1.0,1.0,1.0,0.75,1.0
mattebhamu,"విరటుం గొల్చినవాఁడు నొక్కఁడిలఁ బృథ్వీనాథుల\న్‌ గూల్చి సం
గరభూమి\న్‌ ఘనవైరివీరతతులన్గారించుచు\న్‌ ద్రుంచి యి
ద్ధరకు న్నగ్రజు రాజుఁ జేసియు తుది\న్‌ దా నీకృపంబాయఁడే
సరిపోదే భువి నింద్రసూనుధృతి కృష్ణా దేవకీనందనా.",vruttamu,Devakinandana,"[('వి', '|'), ('ర', '|'), ('టుం', 'U'), ('గొ', 'U'), ('ల్చి', '|'), ('న', '|'), ('వా', 'U'), ('డు', '|'), ('నొ', 'U'), ('క్క', '|'), ('డి', '|'), ('ల', '|'), ('బృ', 'U'), ('థ్వీ', 'U'), ('నా', 'U'), ('థు', '|'), ('ల', 'U'), ('న్గూ', 'U'), ('ల్చి', '|'), ('సం', 'U'), ('గ', '|'), ('ర', '|'), ('భూ', 'U'), ('మి', 'U'), ('న్ఘ', '|'), ('న', '|'), ('వై', 'U'), ('రి', '|'), ('వీ', 'U'), ('ర', '|'), ('త', '|'), ('తు', '|'), ('ల', 'U'), ('న్గా', 'U'), ('రిం', 'U'), ('చు', '|'), ('చు', 'U'), ('న్ద్రుం', 'U'), ('చి', '|'), ('యి', 'U'), ('ద్ధ', '|'), ('ర', '|'), ('కు', 'U'), ('న్న', '|'), ('గ్ర', '|'), ('జు', '|'), ('రా', 'U'), ('జు', '|'), ('జే', 'U'), ('సి', '|'), ('యు', '|'), ('తు', '|'), ('ది', 'U'), ('న్దా', 'U'), ('నీ', 'U'), ('కృ', '|'), ('పం', 'U'), ('బా', 'U'), ('య', '|'), ('డే', 'U'), ('స', '|'), ('రి', '|'), ('పో', 'U'), ('దే', 'U'), ('భు', '|'), ('వి', '|'), ('నిం', 'U'), ('ద్ర', '|'), ('సూ', 'U'), ('ను', '|'), ('ధృ', '|'), ('తి', '|'), ('కృ', 'U'), ('ష్ణా', 'U'), ('దే', 'U'), ('వ', '|'), ('కీ', 'U'), ('నం', 'U'), ('ద', '|'), ('నా', 'U')]",0.9928571428571429,1.0,1.0,0.9642857142857143,1.0,1.0
mattebhamu,"అమరు ల్పద్మజువ్రాతఁదాఁటి యిపుడొక్కబ్దంబు పెద్దయ్య దు
ర్దమ దోర్దండపటుప్రతాప నిజసంరంభామరానీక వి
క్రమ దుర్వారగజాసురప్రళయ మింకం జేయ ఫాలాక్షుని\న్‌
సమరక్షోణి జయించె నర్జునుఁడు కృష్ణా దేవకీనందనా.",vruttamu,Devakinandana,"[('అ', '|'), ('మ', '|'), ('రు', 'U'), ('ల్ప', 'U'), ('ద్మ', '|'), ('జు', '|'), ('వ్రా', 'U'), ('త', '|'), ('దా', 'U'), ('టి', '|'), ('యి', '|'), ('పు', '|'), ('డొ', 'U'), ('క్క', 'U'), ('బ్దం', 'U'), ('బు', '|'), ('పె', 'U'), ('ద్ద', 'U'), ('య్య', '|'), ('దు', 'U'), ('ర్ద', '|'), ('మ', '|'), ('దో', 'U'), ('ర్దం', 'U'), ('డ', '|'), ('ప', '|'), ('టు', '|'), ('ప్ర', '|'), ('తా', 'U'), ('ప', '|'), ('ని', '|'), ('జ', '|'), ('సం', 'U'), ('రం', 'U'), ('భా', 'U'), ('మ', '|'), ('రా', 'U'), ('నీ', 'U'), ('క', '|'), ('వి', '|'), ('క్ర', '|'), ('మ', '|'), ('దు', 'U'), ('ర్వా', 'U'), ('ర', '|'), ('గ', '|'), ('జా', 'U'), ('సు', '|'), ('ర', '|'), ('ప్ర', '|'), ('ళ', '|'), ('య', '|'), ('మిం', 'U'), ('కం', 'U'), ('జే', 'U'), ('య', '|'), ('ఫా', 'U'), ('లా', 'U'), ('క్షు', '|'), ('నిన్', 'U'), ('స', '|'), ('మ', '|'), ('ర', 'U'), ('క్షో', 'U'), ('ణి', '|'), ('జ', '|'), ('యిం', 'U'), ('చె', '|'), ('న', 'U'), ('ర్జు', '|'), ('ను', '|'), ('డు', '|'), ('కృ', 'U'), ('ష్ణా', 'U'), ('దే', 'U'), ('వ', '|'), ('కీ', 'U'), ('నం', 'U'), ('ద', '|'), ('నా', 'U')]",0.9285714285714285,1.0,1.0,0.8928571428571429,0.75,1.0
saardulamu,"అక్రూరాత్మకు లైన పాండవుల బాహశక్తియు\న్‌ ధాత్రి ని
ర్వక్రంబయ్యెడునట్లు జేతు ననుచు\న్‌ వాత్సల్య మింపొంద నా
శక్రాత్మోద్భవు తేరిపై దురమున\న్‌ సారథ్యముం జేసితౌ
చక్రీ నీమునికోలకు\న్‌ జయము కృష్ణా దేవకీనందనా.",vruttamu,Devakinandana,"[('అ', '|'), ('క్రూ', 'U'), ('రా', 'U'), ('త్మ', '|'), ('కు', '|'), ('లై', 'U'), ('న', '|'), ('పాం', 'U'), ('డ', '|'), ('వు', '|'), ('ల', '|'), ('బా', 'U'), ('హ', '|'), ('శ', 'U'), ('క్తి', '|'), ('యు', 'U'), ('న్ధా', 'U'), ('త్రి', '|'), ('ని', 'U'), ('ర్వ', '|'), ('క్రం', 'U'), ('బ', 'U'), ('య్యె', '|'), ('డు', '|'), ('న', 'U'), ('ట్లు', '|'), ('జే', 'U'), ('తు', '|'), ('న', '|'), ('ను', '|'), ('చు', 'U'), ('న్వా', 'U'), ('త్స', 'U'), ('ల్య', '|'), ('మిం', 'U'), ('పొం', 'U'), ('ద', '|'), ('నా', 'U'), ('శ', '|'), ('క్రా', 'U'), ('త్మో', 'U'), ('ద్భ', '|'), ('వు', '|'), ('తే', 'U'), ('రి', '|'), ('పై', 'U'), ('దు', '|'), ('ర', '|'), ('ము', '|'), ('న', 'U'), ('న్సా', 'U'), ('ర', 'U'), ('థ్య', '|'), ('ముం', 'U'), ('జే', 'U'), ('సి', '|'), ('తౌ', 'U'), ('చ', '|'), ('క్రీ', 'U'), ('నీ', 'U'), ('ము', '|'), ('ని', '|'), ('కో', 'U'), ('ల', '|'), ('కు', 'U'), ('న్జ', '|'), ('య', '|'), ('ము', '|'), ('కృ', 'U'), ('ష్ణా', 'U'), ('దే', 'U'), ('వ', '|'), ('కీ', 'U'), ('నం', 'U'), ('ద', '|'), ('నా', 'U')]",0.9642857142857142,1.0,1.0,0.8214285714285714,1.0,1.0
saardulamu,"గంభీరంబుగ రాయభారగరిమ\న్‌ గౌంతేయుకార్యార్థమై
శుంభల్లీలల ధార్తరాష్ట్రుసభఁ దామూహించి తద్వాక్యము
ల్సంభాషింపఁగ వా రవజ్ఞ దలఁప\న్‌ సర్వంబు నీవైనచో
శంభుండేయెఱుఁగు\న్‌ భవన్మహిమ కృష్ణా దేవకీనందనా.",vruttamu,Devakinandana,"[('గం', 'U'), ('భీ', 'U'), ('రం', 'U'), ('బు', '|'), ('గ', '|'), ('రా', 'U'), ('య', '|'), ('భా', 'U'), ('ర', '|'), ('గ', '|'), ('రి', '|'), ('మ', 'U'), ('న్గౌం', 'U'), ('తే', 'U'), ('యు', '|'), ('కా', 'U'), ('ర్యా', 'U'), ('ర్థ', '|'), ('మై', 'U'), ('శుం', 'U'), ('భ', 'U'), ('ల్లీ', 'U'), ('ల', '|'), ('ల', '|'), ('ధా', 'U'), ('ర్త', '|'), ('రా', 'U'), ('ష్ట్రు', '|'), ('స', '|'), ('భ', '|'), ('దా', 'U'), ('మూ', 'U'), ('హిం', 'U'), ('చి', '|'), ('త', 'U'), ('ద్వా', 'U'), ('క్య', '|'), ('ము', 'U'), ('ల్సం', 'U'), ('భా', 'U'), ('షిం', 'U'), ('ప', '|'), ('గ', '|'), ('వా', 'U'), ('ర', '|'), ('వ', 'U'), ('జ్ఞ', '|'), ('ద', '|'), ('ల', '|'), ('ప', 'U'), ('న్స', 'U'), ('ర్వం', 'U'), ('బు', '|'), ('నీ', 'U'), ('వై', 'U'), ('న', '|'), ('చో', 'U'), ('శం', 'U'), ('భుం', 'U'), ('డే', 'U'), ('యె', '|'), ('ఱు', '|'), ('గు', 'U'), ('న్భ', '|'), ('వ', 'U'), ('న్మ', '|'), ('హి', '|'), ('మ', '|'), ('కృ', 'U'), ('ష్ణా', 'U'), ('దే', 'U'), ('వ', '|'), ('కీ', 'U'), ('నం', 'U'), ('ద', '|'), ('నా', 'U')]",0.95,1.0,1.0,1.0,0.75,1.0
saardulamu,"ఏలావిద్యలు సొంపు రూపవిభవం బేలా కులీనత్వము\న్‌
శీలత్వంబును నేల యేటికి వచశ్శ్రీ యేల బాహాబలం
బేలా చాతురి మీకృపాగరిమ నిక్షేపంబు లేకుండిన\న్‌
జాలిం బొందినఁ గల్గునే సిరులు కృష్ణా దేవకీనందనా.",vruttamu,Devakinandana,"[('ఏ', 'U'), ('లా', 'U'), ('వి', 'U'), ('ద్య', '|'), ('లు', '|'), ('సొం', 'U'), ('పు', '|'), ('రూ', 'U'), ('ప', '|'), ('వి', '|'), ('భ', '|'), ('వం', 'U'), ('బే', 'U'), ('లా', 'U'), ('కు', '|'), ('లీ', 'U'), ('న', 'U'), ('త్వ', '|'), ('మున్', 'U'), ('శీ', 'U'), ('ల', 'U'), ('త్వం', 'U'), ('బు', '|'), ('ను', '|'), ('నే', 'U'), ('ల', '|'), ('యే', 'U'), ('టి', '|'), ('కి', '|'), ('వ', '|'), ('చ', 'U'), ('శ్శ్రీ', 'U'), ('యే', 'U'), ('ల', '|'), ('బా', 'U'), ('హా', 'U'), ('బ', '|'), ('లం', 'U'), ('బే', 'U'), ('లా', 'U'), ('చా', 'U'), ('తు', '|'), ('రి', '|'), ('మీ', 'U'), ('కృ', '|'), ('పా', 'U'), ('గ', '|'), ('రి', '|'), ('మ', '|'), ('ని', 'U'), ('క్షే', 'U'), ('పం', 'U'), ('బు', '|'), ('లే', 'U'), ('కుం', 'U'), ('డి', '|'), ('నన్', 'U'), ('జా', 'U'), ('లిం', 'U'), ('బొం', 'U'), ('ది', '|'), ('న', '|'), ('గ', 'U'), ('ల్గు', '|'), ('నే', 'U'), ('సి', '|'), ('రు', '|'), ('లు', '|'), ('కృ', 'U'), ('ష్ణా', 'U'), ('దే', 'U'), ('వ', '|'), ('కీ', 'U'), ('నం', 'U'), ('ద', '|'), ('నా', 'U')]",0.9,1.0,1.0,1.0,0.5,1.0
saardulamu,"సర్వజ్ఞుండును సర్వలోకగురుఁడు\న్‌ సర్వంసహానాథుఁడు\న్‌
సర్వేశుండును సర్వసాధకుఁడునౌ సర్వేశ నీమూర్తి దా
సర్వంబు న్గలిగించు పెంచునణఁచు\న్‌ సందేహమేలా స్మృతుల్‌
'సర్వం విష్ణుమయం జగ'త్తనఁగ కృష్ణా దేవకీనందనా.",vruttamu,Devakinandana,"[('స', 'U'), ('ర్వ', 'U'), ('జ్ఞుం', 'U'), ('డు', '|'), ('ను', '|'), ('స', 'U'), ('ర్వ', '|'), ('లో', 'U'), ('క', '|'), ('గు', '|'), ('రు', '|'), ('డు', 'U'), ('న్స', 'U'), ('ర్వం', 'U'), ('స', '|'), ('హా', 'U'), ('నా', 'U'), ('థు', '|'), ('డున్', 'U'), ('స', 'U'), ('ర్వే', 'U'), ('శుం', 'U'), ('డు', '|'), ('ను', '|'), ('స', 'U'), ('ర్వ', '|'), ('సా', 'U'), ('ధ', '|'), ('కు', '|'), ('డు', '|'), ('నౌ', 'U'), ('స', 'U'), ('ర్వే', 'U'), ('శ', '|'), ('నీ', 'U'), ('మూ', 'U'), ('ర్తి', '|'), ('దా', 'U'), ('స', 'U'), ('ర్వం', 'U'), ('బు', 'U'), ('న్గ', '|'), ('లి', '|'), ('గిం', 'U'), ('చు', '|'), ('పెం', 'U'), ('చు', '|'), ('న', '|'), ('ణ', '|'), ('చు', 'U'), ('న్సం', 'U'), ('దే', 'U'), ('హ', '|'), ('మే', 'U'), ('లా', 'U'), ('స్మృ', '|'), ('తుల్', 'U'), ('స', 'U'), ('ర్వం', 'U'), ('వి', 'U'), ('ష్ణు', '|'), ('మ', '|'), ('యం', 'U'), ('జ', '|'), ('గ', 'U'), ('త్త', '|'), ('న', '|'), ('గ', '|'), ('కృ', 'U'), ('ష్ణా', 'U'), ('దే', 'U'), ('వ', '|'), ('కీ', 'U'), ('నం', 'U'), ('ద', '|'), ('నా', 'U')]",1.0,1.0,1.0,1.0,1.0,1.0
mattebhamu,"పుడమి\న్‌ బెద్దలబోటివారి నడుగం బోరాదె చోద్యంబు పా
ల్కడలి\న్‌ గల్గినముద్దరాలు గలుగంగా పూర్వకాలంబున\న్‌
పొడవెల్ల\న్‌ గడుతగ్గి దానవునితో బొంకైనమాటాడి మూఁ
డడుగు ల్నేలను వేఁడఁగాఁ జనవు కృష్ణా దేవకీనందనా.",vruttamu,Devakinandana,"[('పు', '|'), ('డ', '|'), ('మి', 'U'), ('న్బె', 'U'), ('ద్ద', '|'), ('ల', '|'), ('బో', 'U'), ('టి', '|'), ('వా', 'U'), ('రి', '|'), ('న', '|'), ('డు', '|'), ('గం', 'U'), ('బో', 'U'), ('రా', 'U'), ('దె', '|'), ('చో', 'U'), ('ద్యం', 'U'), ('బు', '|'), ('పా', 'U'), ('ల్క', '|'), ('డ', '|'), ('లి', 'U'), ('న్గ', 'U'), ('ల్గి', '|'), ('న', '|'), ('ము', 'U'), ('ద్ద', '|'), ('రా', 'U'), ('లు', '|'), ('గ', '|'), ('లు', '|'), ('గం', 'U'), ('గా', 'U'), ('పూ', 'U'), ('ర్వ', '|'), ('కా', 'U'), ('లం', 'U'), ('బు', '|'), ('నన్', 'U'), ('పొ', '|'), ('డ', '|'), ('వె', 'U'), ('ల్ల', 'U'), ('న్గ', '|'), ('డు', '|'), ('త', 'U'), ('గ్గి', '|'), ('దా', 'U'), ('న', '|'), ('వు', '|'), ('ని', '|'), ('తో', 'U'), ('బొం', 'U'), ('కై', 'U'), ('న', '|'), ('మా', 'U'), ('టా', 'U'), ('డి', '|'), ('మూ', 'U'), ('డ', '|'), ('డు', '|'), ('గు', 'U'), ('ల్నే', 'U'), ('ల', '|'), ('ను', '|'), ('వే', 'U'), ('డ', '|'), ('గా', 'U'), ('జ', '|'), ('న', '|'), ('వు', '|'), ('కృ', 'U'), ('ష్ణా', 'U'), ('దే', 'U'), ('వ', '|'), ('కీ', 'U'), ('నం', 'U'), ('ద', '|'), ('నా', 'U')]",0.95,1.0,1.0,1.0,0.75,1.0
saardulamu,"రంగప్రౌఢిమ భార్గవుం గెలిచి కౌరవ్యుల్‌ భయం బంది వీ
రాగంబుం ధరియించి జీవము సతంబై యుండ వర్తించునా
గాంగేయుండు శిఖండిచేతఁ దెగె నీ కారుణ్యముం దప్పియుం
డంగా మృత్యువుధాటి కోపుదురె కృష్ణా దేవకీనందనా.",vruttamu,Devakinandana,"[('రం', 'U'), ('గ', '|'), ('ప్రౌ', 'U'), ('ఢి', '|'), ('మ', '|'), ('భా', 'U'), ('ర్గ', '|'), ('వుం', 'U'), ('గె', '|'), ('లి', '|'), ('చి', '|'), ('కౌ', 'U'), ('ర', 'U'), ('వ్యు', 'U'), ('ల్భ', '|'), ('యం', 'U'), ('బం', 'U'), ('ది', '|'), ('వీ', 'U'), ('రా', 'U'), ('గం', 'U'), ('బుం', 'U'), ('ధ', '|'), ('రి', '|'), ('యిం', 'U'), ('చి', '|'), ('జీ', 'U'), ('వ', '|'), ('ము', '|'), ('స', '|'), ('తం', 'U'), ('బై', 'U'), ('యుం', 'U'), ('డ', '|'), ('వ', 'U'), ('ర్తిం', 'U'), ('చు', '|'), ('నా', 'U'), ('గాం', 'U'), ('గే', 'U'), ('యుం', 'U'), ('డు', '|'), ('శి', '|'), ('ఖం', 'U'), ('డి', '|'), ('చే', 'U'), ('త', '|'), ('దె', '|'), ('గె', '|'), ('నీ', 'U'), ('కా', 'U'), ('రు', 'U'), ('ణ్య', '|'), ('ముం', 'U'), ('ద', 'U'), ('ప్పి', '|'), ('యుం', 'U'), ('డం', 'U'), ('గా', 'U'), ('మృ', 'U'), ('త్యు', '|'), ('వు', '|'), ('ధా', 'U'), ('టి', '|'), ('కో', 'U'), ('పు', '|'), ('దు', '|'), ('రె', '|'), ('కృ', 'U'), ('ష్ణా', 'U'), ('దే', 'U'), ('వ', '|'), ('కీ', 'U'), ('నం', 'U'), ('ద', '|'), ('నా', 'U')]",0.8928571428571429,1.0,1.0,0.9642857142857143,0.5,1.0
saardulamu,"అక్రూరస్థితి నుండఁగా వలయు రాజాస్థానమధ్యంబున\న్‌
వక్రింపం బనిలేదు ధర్మమునకై వర్తింపఁగాఁ బోయిన\న్‌
శుక్రాచార్యుని కన్నుఁ బో నడఁచవే సూటి\న్‌ గుశాగ్రంబున\న్‌
జక్రీ నీకరపంకజాంతరముఁ గృష్ణా దేవకీనందనా.",vruttamu,Devakinandana,"[('అ', '|'), ('క్రూ', 'U'), ('ర', 'U'), ('స్థి', '|'), ('తి', '|'), ('నుం', 'U'), ('డ', '|'), ('గా', 'U'), ('వ', '|'), ('ల', '|'), ('యు', '|'), ('రా', 'U'), ('జా', 'U'), ('స్థా', 'U'), ('న', '|'), ('మ', 'U'), ('ధ్యం', 'U'), ('బు', '|'), ('నన్', 'U'), ('వ', '|'), ('క్రిం', 'U'), ('పం', 'U'), ('బ', '|'), ('ని', '|'), ('లే', 'U'), ('దు', '|'), ('ధ', 'U'), ('ర్మ', '|'), ('ము', '|'), ('న', '|'), ('కై', 'U'), ('వ', 'U'), ('ర్తిం', 'U'), ('ప', '|'), ('గా', 'U'), ('బో', 'U'), ('యి', '|'), ('నన్', 'U'), ('శు', '|'), ('క్రా', 'U'), ('చా', 'U'), ('ర్యు', '|'), ('ని', '|'), ('క', 'U'), ('న్ను', '|'), ('బో', 'U'), ('న', '|'), ('డ', '|'), ('చ', '|'), ('వే', 'U'), ('సూ', 'U'), ('టి', 'U'), ('న్గు', '|'), ('శా', 'U'), ('గ్రం', 'U'), ('బు', '|'), ('నన్', 'U'), ('జ', '|'), ('క్రీ', 'U'), ('నీ', 'U'), ('క', '|'), ('ర', '|'), ('పం', 'U'), ('క', '|'), ('జాం', 'U'), ('త', '|'), ('ర', '|'), ('ము', '|'), ('గృ', 'U'), ('ష్ణా', 'U'), ('దే', 'U'), ('వ', '|'), ('కీ', 'U'), ('నం', 'U'), ('ద', '|'), ('నా', 'U')]",0.9214285714285715,1.0,1.0,0.8571428571428571,0.75,1.0
mattebhamu,"వరసౌందర్యవివేకధైర్యనయనావాత్సల్యధౌరేయుఁ డీ
ధరణీనాయకరత్న మంచు మహితార్థంబాశ్రితశ్రేణికి\న్‌
స్థిరసామ్రాజ్యవిభుత్వ మాధ్రువునికి\న్‌ దేజంబుగానిచ్చి తా
సరణి\న్‌ మీకృప గల్గువాఁ డగుట కృష్ణా దేవకీనందనా.",vruttamu,Devakinandana,"[('వ', '|'), ('ర', '|'), ('సౌం', 'U'), ('ద', 'U'), ('ర్య', '|'), ('వి', '|'), ('వే', 'U'), ('క', '|'), ('ధై', 'U'), ('ర్య', '|'), ('న', '|'), ('య', '|'), ('నా', 'U'), ('వా', 'U'), ('త్స', 'U'), ('ల్య', '|'), ('ధౌ', 'U'), ('రే', 'U'), ('యు', '|'), ('డీ', 'U'), ('ధ', '|'), ('ర', '|'), ('ణీ', 'U'), ('నా', 'U'), ('య', '|'), ('క', '|'), ('ర', 'U'), ('త్న', '|'), ('మం', 'U'), ('చు', '|'), ('మ', '|'), ('హి', '|'), ('తా', 'U'), ('ర్థం', 'U'), ('బా', 'U'), ('శ్రి', '|'), ('త', '|'), ('శ్రే', 'U'), ('ణి', '|'), ('కిన్', 'U'), ('స్థి', '|'), ('ర', '|'), ('సా', 'U'), ('మ్రా', 'U'), ('జ్య', '|'), ('వి', '|'), ('భు', 'U'), ('త్వ', '|'), ('మా', 'U'), ('ధ్రు', '|'), ('వు', '|'), ('ని', '|'), ('కి', 'U'), ('న్దే', 'U'), ('జం', 'U'), ('బు', '|'), ('గా', 'U'), ('ని', 'U'), ('చ్చి', '|'), ('తా', 'U'), ('స', '|'), ('ర', '|'), ('ణి', 'U'), ('న్మీ', 'U'), ('కృ', '|'), ('ప', '|'), ('గ', 'U'), ('ల్గు', '|'), ('వా', 'U'), ('డ', '|'), ('గు', '|'), ('ట', '|'), ('కృ', 'U'), ('ష్ణా', 'U'), ('దే', 'U'), ('వ', '|'), ('కీ', 'U'), ('నం', 'U'), ('ద', '|'), ('నా', 'U')]",0.9928571428571429,1.0,1.0,0.9642857142857143,1.0,1.0
saardulamu,"ధారాపూర్వముగాఁగ సంయమికి సప్తద్వీపముల్‌ సూనృత
ప్రారంభమున నిచ్చి చేతితడియాఱ\న్‌ లేక వర్తింపఁడే
శారీరార్థ మటంచు భిక్షము హరిశ్చంద్రుండు యాగాదిసం
చారుం డుండు మనండె తొల్లి హరి కృష్ణా దేవకీనందనా.",vruttamu,Devakinandana,"[('ధా', 'U'), ('రా', 'U'), ('పూ', 'U'), ('ర్వ', '|'), ('ము', '|'), ('గా', 'U'), ('గ', '|'), ('సం', 'U'), ('య', '|'), ('మి', '|'), ('కి', '|'), ('స', 'U'), ('ప్త', 'U'), ('ద్వీ', 'U'), ('ప', '|'), ('ము', 'U'), ('ల్సూ', 'U'), ('నృ', '|'), ('త', '|'), ('ప్రా', 'U'), ('రం', 'U'), ('భ', '|'), ('ము', '|'), ('న', '|'), ('ని', 'U'), ('చ్చి', '|'), ('చే', 'U'), ('తి', '|'), ('త', '|'), ('డి', '|'), ('యా', 'U'), ('ఱ', 'U'), ('న్లే', 'U'), ('క', '|'), ('వ', 'U'), ('ర్తిం', 'U'), ('ప', '|'), ('డే', 'U'), ('శా', 'U'), ('రీ', 'U'), ('రా', 'U'), ('ర్థ', '|'), ('మ', '|'), ('టం', 'U'), ('చు', '|'), ('భి', 'U'), ('క్ష', '|'), ('ము', '|'), ('హ', '|'), ('రి', 'U'), ('శ్చం', 'U'), ('ద్రుం', 'U'), ('డు', '|'), ('యా', 'U'), ('గా', 'U'), ('ది', '|'), ('సం', 'U'), ('చా', 'U'), ('రుం', 'U'), ('డుం', 'U'), ('డు', '|'), ('మ', '|'), ('నం', 'U'), ('డె', '|'), ('తొ', 'U'), ('ల్లి', '|'), ('హ', '|'), ('రి', '|'), ('కృ', 'U'), ('ష్ణా', 'U'), ('దే', 'U'), ('వ', '|'), ('కీ', 'U'), ('నం', 'U'), ('ద', '|'), ('నా', 'U')]",0.9857142857142858,1.0,1.0,0.9285714285714286,1.0,1.0
mattebhamu,"పటుబాహాబలసత్త్వవైఖరుల దిక్పాలుల్‌ బ్రశంసించు నం
తటివాఁడయ్యుఁ ద్రిశంకునన్దనుఁడు కాంతారత్నము\న్‌ విక్రయిం
చుటలు\న్‌ నీమహిమంబుచేతఁ గద యిట్లాశ్చర్యమేమర్త్యులెం
తటివారైనను నేమిచేసెదరు కృష్ణా దేవకీనందనా.",vruttamu,Devakinandana,"[('ప', '|'), ('టు', '|'), ('బా', 'U'), ('హా', 'U'), ('బ', '|'), ('ల', '|'), ('స', 'U'), ('త్త్వ', '|'), ('వై', 'U'), ('ఖ', '|'), ('రు', '|'), ('ల', '|'), ('ది', 'U'), ('క్పా', 'U'), ('లు', 'U'), ('ల్బ్ర', '|'), ('శం', 'U'), ('సిం', 'U'), ('చు', '|'), ('నం', 'U'), ('త', '|'), ('టి', '|'), ('వా', 'U'), ('డ', 'U'), ('య్యు', '|'), ('ద్రి', '|'), ('శం', 'U'), ('కు', '|'), ('న', 'U'), ('న్ద', '|'), ('ను', '|'), ('డు', '|'), ('కాం', 'U'), ('తా', 'U'), ('ర', 'U'), ('త్న', '|'), ('ము', 'U'), ('న్వి', '|'), ('క్ర', '|'), ('యిం', 'U'), ('చు', '|'), ('ట', '|'), ('లు', 'U'), ('న్నీ', 'U'), ('మ', '|'), ('హి', '|'), ('మం', 'U'), ('బు', '|'), ('చే', 'U'), ('త', '|'), ('గ', '|'), ('ద', '|'), ('యి', 'U'), ('ట్లా', 'U'), ('శ్చ', 'U'), ('ర్య', '|'), ('మే', 'U'), ('మ', 'U'), ('ర్త్యు', '|'), ('లెం', 'U'), ('త', '|'), ('టి', '|'), ('వా', 'U'), ('రై', 'U'), ('న', '|'), ('ను', '|'), ('నే', 'U'), ('మి', '|'), ('చే', 'U'), ('సె', '|'), ('ద', '|'), ('రు', '|'), ('కృ', 'U'), ('ష్ణా', 'U'), ('దే', 'U'), ('వ', '|'), ('కీ', 'U'), ('నం', 'U'), ('ద', '|'), ('నా', 'U')]",0.8928571428571429,1.0,1.0,0.9642857142857143,0.5,1.0
mattebhamu,"తన శౌర్యోన్నతి యుగ్రసాధనముగా తాళాయణీశు\న్‌ శివు\న్‌
దనర\న్‌ మెచ్చఁగఁజేసి లోకముజయస్తంభంబు గావించియు\న్‌
మును దాఁ జేసినకర్మవార్ధిఘనమై ముంపం గడుంబాలుచేఁ
జనఁడే దుర్మతి విక్రమార్కుఁ డిల కృష్ణా దేవకీనందనా.",vruttamu,Devakinandana,"[('త', '|'), ('న', '|'), ('శౌ', 'U'), ('ర్యో', 'U'), ('న్న', '|'), ('తి', '|'), ('యు', '|'), ('గ్ర', '|'), ('సా', 'U'), ('ధ', '|'), ('న', '|'), ('ము', '|'), ('గా', 'U'), ('తా', 'U'), ('ళా', 'U'), ('య', '|'), ('ణీ', 'U'), ('శు', 'U'), ('న్శి', '|'), ('వున్', 'U'), ('ద', '|'), ('న', '|'), ('ర', 'U'), ('న్మె', 'U'), ('చ్చ', '|'), ('గ', '|'), ('జే', 'U'), ('సి', '|'), ('లో', 'U'), ('క', '|'), ('ము', '|'), ('జ', '|'), ('య', 'U'), ('స్తం', 'U'), ('భం', 'U'), ('బు', '|'), ('గా', 'U'), ('విం', 'U'), ('చి', '|'), ('యున్', 'U'), ('ము', '|'), ('ను', '|'), ('దా', 'U'), ('జే', 'U'), ('సి', '|'), ('న', '|'), ('క', 'U'), ('ర్మ', '|'), ('వా', 'U'), ('ర్ధి', '|'), ('ఘ', '|'), ('న', '|'), ('మై', 'U'), ('ముం', 'U'), ('పం', 'U'), ('గ', '|'), ('డుం', 'U'), ('బా', 'U'), ('లు', '|'), ('చే', 'U'), ('జ', '|'), ('న', '|'), ('డే', 'U'), ('దు', 'U'), ('ర్మ', '|'), ('తి', '|'), ('వి', '|'), ('క్ర', '|'), ('మా', 'U'), ('ర్కు', '|'), ('డి', '|'), ('ల', '|'), ('కృ', 'U'), ('ష్ణా', 'U'), ('దే', 'U'), ('వ', '|'), ('కీ', 'U'), ('నం', 'U'), ('ద', '|'), ('నా', 'U')]",0.9857142857142858,1.0,1.0,0.9285714285714286,1.0,1.0
mattebhamu,"తెగువన్నిర్జరుల\న్‌ జయించుచు మదోద్రేకంబున\న్‌ గానలో
మృగనేత్రి\న్‌ ధరణీతనూజ నసురు ల్మెచ్చంగఁ దాఁదెచ్చి నె
వ్వగలం బెట్టి విధిప్రయత్నమున నిర్వంశంబుగా రాముచే
జగతిం గూలఁడె యాదశాననుఁడు కృష్ణా దేవకీనందనా.",vruttamu,Devakinandana,"[('తె', '|'), ('గు', '|'), ('వ', 'U'), ('న్ని', 'U'), ('ర్జ', '|'), ('రు', '|'), ('ల', 'U'), ('న్జ', '|'), ('యిం', 'U'), ('చు', '|'), ('చు', '|'), ('మ', '|'), ('దో', 'U'), ('ద్రే', 'U'), ('కం', 'U'), ('బు', '|'), ('న', 'U'), ('న్గా', 'U'), ('న', '|'), ('లో', 'U'), ('మృ', '|'), ('గ', '|'), ('నే', 'U'), ('త్రి', 'U'), ('న్ధ', '|'), ('ర', '|'), ('ణీ', 'U'), ('త', '|'), ('నూ', 'U'), ('జ', '|'), ('న', '|'), ('సు', '|'), ('రు', 'U'), ('ల్మె', 'U'), ('చ్చం', 'U'), ('గ', '|'), ('దా', 'U'), ('దె', 'U'), ('చ్చి', '|'), ('నె', 'U'), ('వ్వ', '|'), ('గ', '|'), ('లం', 'U'), ('బె', 'U'), ('ట్టి', '|'), ('వి', '|'), ('ధి', '|'), ('ప్ర', '|'), ('య', 'U'), ('త్న', '|'), ('ము', '|'), ('న', '|'), ('ని', 'U'), ('ర్వం', 'U'), ('శం', 'U'), ('బు', '|'), ('గా', 'U'), ('రా', 'U'), ('ము', '|'), ('చే', 'U'), ('జ', '|'), ('గ', '|'), ('తిం', 'U'), ('గూ', 'U'), ('ల', '|'), ('డె', '|'), ('యా', 'U'), ('ద', '|'), ('శా', 'U'), ('న', '|'), ('ను', '|'), ('డు', '|'), ('కృ', 'U'), ('ష్ణా', 'U'), ('దే', 'U'), ('వ', '|'), ('కీ', 'U'), ('నం', 'U'), ('ద', '|'), ('నా', 'U')]",0.9928571428571429,1.0,1.0,0.9642857142857143,1.0,1.0
mattebhamu,"పరనారీహరణం బొనర్చినమహాపాపాత్ముఁ డారావణుం
డరయ న్నాతని తమ్ముఁడైన దనుజుం డత్యంతసద్భక్తితో
శరణన్నం దయఁజూచి యగ్రజునిరాజ్యం బిచ్చి రక్షింప వా
సరణి\న్‌ నీపదభక్తియే ఘనము కృష్ణా దేవకీనందనా.",vruttamu,Devakinandana,"[('ప', '|'), ('ర', '|'), ('నా', 'U'), ('రీ', 'U'), ('హ', '|'), ('ర', '|'), ('ణం', 'U'), ('బొ', '|'), ('న', 'U'), ('ర్చి', '|'), ('న', '|'), ('మ', '|'), ('హా', 'U'), ('పా', 'U'), ('పా', 'U'), ('త్ము', '|'), ('డా', 'U'), ('రా', 'U'), ('వ', '|'), ('ణుం', 'U'), ('డ', '|'), ('ర', '|'), ('య', 'U'), ('న్నా', 'U'), ('త', '|'), ('ని', '|'), ('త', 'U'), ('మ్ము', '|'), ('డై', 'U'), ('న', '|'), ('ద', '|'), ('ను', '|'), ('జుం', 'U'), ('డ', 'U'), ('త్యం', 'U'), ('త', '|'), ('స', 'U'), ('ద్భ', 'U'), ('క్తి', '|'), ('తో', 'U'), ('శ', '|'), ('ర', '|'), ('ణ', 'U'), ('న్నం', 'U'), ('ద', '|'), ('య', '|'), ('జూ', 'U'), ('చి', '|'), ('య', '|'), ('గ్ర', '|'), ('జు', '|'), ('ని', '|'), ('రా', 'U'), ('జ్యం', 'U'), ('బి', 'U'), ('చ్చి', '|'), ('ర', 'U'), ('క్షిం', 'U'), ('ప', '|'), ('వా', 'U'), ('స', '|'), ('ర', '|'), ('ణి', 'U'), ('న్నీ', 'U'), ('ప', '|'), ('ద', '|'), ('భ', 'U'), ('క్తి', '|'), ('యే', 'U'), ('ఘ', '|'), ('న', '|'), ('ము', '|'), ('కృ', 'U'), ('ష్ణా', 'U'), ('దే', 'U'), ('వ', '|'), ('కీ', 'U'), ('నం', 'U'), ('ద', '|'), ('నా', 'U')]",0.9928571428571429,1.0,1.0,0.9642857142857143,1.0,1.0
mattebhamu,"వెఱచైన\న్‌ మఱచైనఁ గార్యముతఱి\న్‌ వేసారుచున్నైన యా
దరమొప్పైనను మాయనైన నృపతుల్‌ దండింపఁగా నైనను\న్‌
పరిహాసంబుననైన మిమ్మునుడువ\న్‌ బ్రాపించు పుణ్యాత్మకుల్‌
నరకావాసముఁ జేరరా ఘనులు కృష్ణా దేవకీనందనా.",vruttamu,Devakinandana,"[('వె', '|'), ('ఱ', '|'), ('చై', 'U'), ('న', 'U'), ('న్మ', '|'), ('ఱ', '|'), ('చై', 'U'), ('న', '|'), ('గా', 'U'), ('ర్య', '|'), ('ము', '|'), ('త', '|'), ('ఱి', 'U'), ('న్వే', 'U'), ('సా', 'U'), ('రు', '|'), ('చు', 'U'), ('న్నై', 'U'), ('న', '|'), ('యా', 'U'), ('ద', '|'), ('ర', '|'), ('మొ', 'U'), ('ప్పై', 'U'), ('న', '|'), ('ను', '|'), ('మా', 'U'), ('య', '|'), ('నై', 'U'), ('న', '|'), ('నృ', '|'), ('ప', '|'), ('తు', 'U'), ('ల్దం', 'U'), ('డిం', 'U'), ('ప', '|'), ('గా', 'U'), ('నై', 'U'), ('న', '|'), ('నున్', 'U'), ('ప', '|'), ('రి', '|'), ('హా', 'U'), ('సం', 'U'), ('బు', '|'), ('న', '|'), ('నై', 'U'), ('న', '|'), ('మి', 'U'), ('మ్ము', '|'), ('ను', '|'), ('డు', '|'), ('వ', 'U'), ('న్బ్రా', 'U'), ('పిం', 'U'), ('చు', '|'), ('పు', 'U'), ('ణ్యా', 'U'), ('త్మ', '|'), ('కుల్', 'U'), ('న', '|'), ('ర', '|'), ('కా', 'U'), ('వా', 'U'), ('స', '|'), ('ము', '|'), ('జే', 'U'), ('ర', '|'), ('రా', 'U'), ('ఘ', '|'), ('ను', '|'), ('లు', '|'), ('కృ', 'U'), ('ష్ణా', 'U'), ('దే', 'U'), ('వ', '|'), ('కీ', 'U'), ('నం', 'U'), ('ద', '|'), ('నా', 'U')]",0.95,1.0,1.0,1.0,1.0,0.75
mattebhamu,"నొసట\న్‌ గన్నులఁగట్టి వేల్పుసతి నెంతోభక్తితోఁ జూఁడఁగా
నిసుమంతైన భయంబులేక తలమీఁ దెక్క న్నదట్లుండనీ
వసుధ\న్‌ భర్తను స్త్రీల కెవ్వరయిన\న్‌ వశ్యాత్ములై మట్టులే
కస మియ్యం దల కెక్క కుండుదురె కృష్ణా దేవకీనందనా.",vruttamu,Devakinandana,"[('నొ', '|'), ('స', '|'), ('ట', 'U'), ('న్గ', 'U'), ('న్ను', '|'), ('ల', '|'), ('గ', 'U'), ('ట్టి', '|'), ('వే', 'U'), ('ల్పు', '|'), ('స', '|'), ('తి', '|'), ('నెం', 'U'), ('తో', 'U'), ('భ', 'U'), ('క్తి', '|'), ('తో', 'U'), ('జూ', 'U'), ('డ', '|'), ('గా', 'U'), ('ని', '|'), ('సు', '|'), ('మం', 'U'), ('తై', 'U'), ('న', '|'), ('భ', '|'), ('యం', 'U'), ('బు', '|'), ('లే', 'U'), ('క', '|'), ('త', '|'), ('ల', '|'), ('మీ', 'U'), ('దె', 'U'), ('క్క', 'U'), ('న్న', '|'), ('ద', 'U'), ('ట్లుం', 'U'), ('డ', '|'), ('నీ', 'U'), ('వ', '|'), ('సు', '|'), ('ధ', 'U'), ('న్భ', 'U'), ('ర్త', '|'), ('ను', 'U'), ('స్త్రీ', 'U'), ('ల', '|'), ('కె', 'U'), ('వ్వ', '|'), ('ర', '|'), ('యి', '|'), ('న', 'U'), ('న్వ', 'U'), ('శ్యా', 'U'), ('త్ము', '|'), ('లై', 'U'), ('మ', 'U'), ('ట్టు', '|'), ('లే', 'U'), ('క', '|'), ('స', '|'), ('మి', 'U'), ('య్యం', 'U'), ('ద', '|'), ('ల', '|'), ('కె', 'U'), ('క్క', '|'), ('కుం', 'U'), ('డు', '|'), ('దు', '|'), ('రె', '|'), ('కృ', 'U'), ('ష్ణా', 'U'), ('దే', 'U'), ('వ', '|'), ('కీ', 'U'), ('నం', 'U'), ('ద', '|'), ('నా', 'U')]",0.8428571428571429,1.0,1.0,0.9642857142857143,0.25,1.0
mattebhamu,"కరితో దోమ మృగేంద్రుతో నరుఁడు బంగారంబుతోఁ గంచు భా
స్కరుతో మిణ్గురుబుర్వు కల్పకముతోఁ గానుంగు రత్నాకరే
శ్వరుతో నూషరపల్వలంబు నురుశేషస్వామితో మిడ్తయు\న్‌
సరియైన\న్‌ సరి మీకు దైవములు కృష్ణా దేవకీనందనా.",vruttamu,Devakinandana,"[('క', '|'), ('రి', '|'), ('తో', 'U'), ('దో', 'U'), ('మ', '|'), ('మృ', '|'), ('గేం', 'U'), ('ద్రు', '|'), ('తో', 'U'), ('న', '|'), ('రు', '|'), ('డు', '|'), ('బం', 'U'), ('గా', 'U'), ('రం', 'U'), ('బు', '|'), ('తో', 'U'), ('గం', 'U'), ('చు', '|'), ('భా', 'U'), ('స్క', '|'), ('రు', '|'), ('తో', 'U'), ('మి', 'U'), ('ణ్గు', '|'), ('రు', '|'), ('బు', 'U'), ('ర్వు', '|'), ('క', 'U'), ('ల్ప', '|'), ('క', '|'), ('ము', '|'), ('తో', 'U'), ('గా', 'U'), ('నుం', 'U'), ('గు', '|'), ('ర', 'U'), ('త్నా', 'U'), ('క', '|'), ('రే', 'U'), ('శ్వ', '|'), ('రు', '|'), ('తో', 'U'), ('నూ', 'U'), ('ష', '|'), ('ర', '|'), ('ప', 'U'), ('ల్వ', '|'), ('లం', 'U'), ('బు', '|'), ('ను', '|'), ('రు', '|'), ('శే', 'U'), ('ష', 'U'), ('స్వా', 'U'), ('మి', '|'), ('తో', 'U'), ('మి', 'U'), ('డ్త', '|'), ('యున్', 'U'), ('స', '|'), ('రి', '|'), ('యై', 'U'), ('న', 'U'), ('న్స', '|'), ('రి', '|'), ('మీ', 'U'), ('కు', '|'), ('దై', 'U'), ('వ', '|'), ('ము', '|'), ('లు', '|'), ('కృ', 'U'), ('ష్ణా', 'U'), ('దే', 'U'), ('వ', '|'), ('కీ', 'U'), ('నం', 'U'), ('ద', '|'), ('నా', 'U')]",1.0,1.0,1.0,1.0,1.0,1.0
mattebhamu,"నుతలోకప్రతిసృష్ట నిర్మలకళానూత్నాబ్జగర్భు\న్‌ మహా
ప్రతిభు\న్‌ గౌశికుఁ గుక్కమాంసము భుజింపం జేసి మాలాతని\న్‌
బతిమాలించవె చండచండతరశుంభత్వంబు పాల్మాలునా
శతఁ బొందించవె దేవదేవమయ కృష్ణా దేవకీనందనా.",vruttamu,Devakinandana,"[('ను', '|'), ('త', '|'), ('లో', 'U'), ('క', '|'), ('ప్ర', '|'), ('తి', '|'), ('సృ', 'U'), ('ష్ట', '|'), ('ని', 'U'), ('ర్మ', '|'), ('ల', '|'), ('క', '|'), ('ళా', 'U'), ('నూ', 'U'), ('త్నా', 'U'), ('బ్జ', '|'), ('గ', 'U'), ('ర్భు', 'U'), ('న్మ', '|'), ('హా', 'U'), ('ప్ర', '|'), ('తి', '|'), ('భు', 'U'), ('న్గౌ', 'U'), ('శి', '|'), ('కు', '|'), ('గు', 'U'), ('క్క', '|'), ('మాం', 'U'), ('స', '|'), ('ము', '|'), ('భు', '|'), ('జిం', 'U'), ('పం', 'U'), ('జే', 'U'), ('సి', '|'), ('మా', 'U'), ('లా', 'U'), ('త', '|'), ('నిన్', 'U'), ('బ', '|'), ('తి', '|'), ('మా', 'U'), ('లిం', 'U'), ('చ', '|'), ('వె', '|'), ('చం', 'U'), ('డ', '|'), ('చం', 'U'), ('డ', '|'), ('త', '|'), ('ర', '|'), ('శుం', 'U'), ('భ', 'U'), ('త్వం', 'U'), ('బు', '|'), ('పా', 'U'), ('ల్మా', 'U'), ('లు', '|'), ('నా', 'U'), ('శ', '|'), ('త', '|'), ('బొం', 'U'), ('దిం', 'U'), ('చ', '|'), ('వె', '|'), ('దే', 'U'), ('వ', '|'), ('దే', 'U'), ('వ', '|'), ('మ', '|'), ('య', '|'), ('కృ', 'U'), ('ష్ణా', 'U'), ('దే', 'U'), ('వ', '|'), ('కీ', 'U'), ('నం', 'U'), ('ద', '|'), ('నా', 'U')]",0.9928571428571429,1.0,1.0,0.9642857142857143,1.0,1.0
mattebhamu,"వరభోగాధ్వరదానధర్మగుణముల్‌ వర్జించి తృష్ణారతి\న్‌
నరులత్యంతము మూఢలోభమతులై నారీరతిం గూర్పఁగాఁ
దరముం గాని ధనంబు తస్కరవరు\న్‌ ధాత్రీశులుం జేకొన\న్‌
సరఘవ్రాతము జేర్చుతేనెక్రియఁ గృష్ణా దేవకీనందనా.",vruttamu,Devakinandana,"[('వ', '|'), ('ర', '|'), ('భో', 'U'), ('గా', 'U'), ('ధ్వ', '|'), ('ర', '|'), ('దా', 'U'), ('న', '|'), ('ధ', 'U'), ('ర్మ', '|'), ('గు', '|'), ('ణ', '|'), ('ము', 'U'), ('ల్వ', 'U'), ('ర్జిం', 'U'), ('చి', '|'), ('తృ', 'U'), ('ష్ణా', 'U'), ('ర', '|'), ('తిన్', 'U'), ('న', '|'), ('రు', '|'), ('ల', 'U'), ('త్యం', 'U'), ('త', '|'), ('ము', '|'), ('మూ', 'U'), ('ఢ', '|'), ('లో', 'U'), ('భ', '|'), ('మ', '|'), ('తు', '|'), ('లై', 'U'), ('నా', 'U'), ('రీ', 'U'), ('ర', '|'), ('తిం', 'U'), ('గూ', 'U'), ('ర్ప', '|'), ('గా', 'U'), ('ద', '|'), ('ర', '|'), ('ముం', 'U'), ('గా', 'U'), ('ని', '|'), ('ధ', '|'), ('నం', 'U'), ('బు', '|'), ('త', 'U'), ('స్క', '|'), ('ర', '|'), ('వ', '|'), ('రు', 'U'), ('న్ధా', 'U'), ('త్రీ', 'U'), ('శు', '|'), ('లుం', 'U'), ('జే', 'U'), ('కొ', '|'), ('నన్', 'U'), ('స', '|'), ('ర', '|'), ('ఘ', '|'), ('వ్రా', 'U'), ('త', '|'), ('ము', '|'), ('జే', 'U'), ('ర్చు', '|'), ('తే', 'U'), ('నె', '|'), ('క్రి', '|'), ('య', '|'), ('గృ', 'U'), ('ష్ణా', 'U'), ('దే', 'U'), ('వ', '|'), ('కీ', 'U'), ('నం', 'U'), ('ద', '|'), ('నా', 'U')]",0.9928571428571429,1.0,1.0,0.9642857142857143,1.0,1.0
mattebhamu,"ఖలవాక్యప్రతిపాలకుల్‌ పరధనాకాంక్షుల్‌ పరస్త్రీరతుల్‌
కులధర్మౌఘనిబద్ధచిత్తులు నయాకూపారపారంగతుల్‌
కలుషుల్‌ రాజులు వారిసేవకులకెల్లం గల్గు నత్యంతని
శ్చలసౌఖ్యంబులు నిన్భజింపఁగను కృష్ణా దేవకీనందనా.",vruttamu,Devakinandana,"[('ఖ', '|'), ('ల', '|'), ('వా', 'U'), ('క్య', '|'), ('ప్ర', '|'), ('తి', '|'), ('పా', 'U'), ('ల', '|'), ('కు', 'U'), ('ల్ప', '|'), ('ర', '|'), ('ధ', '|'), ('నా', 'U'), ('కాం', 'U'), ('క్షు', 'U'), ('ల్ప', '|'), ('ర', 'U'), ('స్త్రీ', 'U'), ('ర', '|'), ('తుల్', 'U'), ('కు', '|'), ('ల', '|'), ('ధ', 'U'), ('ర్మౌ', 'U'), ('ఘ', '|'), ('ని', '|'), ('బ', 'U'), ('ద్ధ', '|'), ('చి', 'U'), ('త్తు', '|'), ('లు', '|'), ('న', '|'), ('యా', 'U'), ('కూ', 'U'), ('పా', 'U'), ('ర', '|'), ('పా', 'U'), ('రం', 'U'), ('గ', '|'), ('తుల్', 'U'), ('క', '|'), ('లు', '|'), ('షు', '|'), ('ల్రా', 'U'), ('జు', '|'), ('లు', '|'), ('వా', 'U'), ('రి', '|'), ('సే', 'U'), ('వ', '|'), ('కు', '|'), ('ల', '|'), ('కె', 'U'), ('ల్లం', 'U'), ('గ', 'U'), ('ల్గు', '|'), ('న', 'U'), ('త్యం', 'U'), ('త', '|'), ('ని', 'U'), ('శ్చ', '|'), ('ల', '|'), ('సౌ', 'U'), ('ఖ్యం', 'U'), ('బు', '|'), ('లు', '|'), ('ని', 'U'), ('న్భ', '|'), ('జిం', 'U'), ('ప', '|'), ('గ', '|'), ('ను', '|'), ('కృ', 'U'), ('ష్ణా', 'U'), ('దే', 'U'), ('వ', '|'), ('కీ', 'U'), ('నం', 'U'), ('ద', '|'), ('నా', 'U')]",0.9357142857142857,1.0,1.0,0.9285714285714286,0.75,1.0
saardulamu,"బొంకు ల్లక్షలు నిత్యసంభరితసంభోగారతుల్‌ దుర్మదా
హంకారంబులు కోట్లసంఖ్యయగు మోహంబాయనంతంబు దు
ష్పంకాభార మపార మిన్నిగల భూపవ్రాతసర్పాళి ని
శ్శంకం బ్రాజ్ఞులు చేర వోవుదురె కృష్ణా దేవకీనందనా.",vruttamu,Devakinandana,"[('బొం', 'U'), ('కు', 'U'), ('ల్ల', 'U'), ('క్ష', '|'), ('లు', '|'), ('ని', 'U'), ('త్య', '|'), ('సం', 'U'), ('భ', '|'), ('రి', '|'), ('త', '|'), ('సం', 'U'), ('భో', 'U'), ('గా', 'U'), ('ర', '|'), ('తు', 'U'), ('ల్దు', 'U'), ('ర్మ', '|'), ('దా', 'U'), ('హం', 'U'), ('కా', 'U'), ('రం', 'U'), ('బు', '|'), ('లు', '|'), ('కో', 'U'), ('ట్ల', '|'), ('సం', 'U'), ('ఖ్య', '|'), ('య', '|'), ('గు', '|'), ('మో', 'U'), ('హం', 'U'), ('బా', 'U'), ('య', '|'), ('నం', 'U'), ('తం', 'U'), ('బు', '|'), ('దు', 'U'), ('ష్పం', 'U'), ('కా', 'U'), ('భా', 'U'), ('ర', '|'), ('మ', '|'), ('పా', 'U'), ('ర', '|'), ('మి', 'U'), ('న్ని', '|'), ('గ', '|'), ('ల', '|'), ('భూ', 'U'), ('ప', '|'), ('వ్రా', 'U'), ('త', '|'), ('స', 'U'), ('ర్పా', 'U'), ('ళి', '|'), ('ని', 'U'), ('శ్శం', 'U'), ('కం', 'U'), ('బ్రా', 'U'), ('జ్ఞు', '|'), ('లు', '|'), ('చే', 'U'), ('ర', '|'), ('వో', 'U'), ('వు', '|'), ('దు', '|'), ('రె', '|'), ('కృ', 'U'), ('ష్ణా', 'U'), ('దే', 'U'), ('వ', '|'), ('కీ', 'U'), ('నం', 'U'), ('ద', '|'), ('నా', 'U')]",0.9928571428571429,1.0,1.0,0.9642857142857143,1.0,1.0
saardulamu,"చీమల్‌ పుట్టలు పెట్టుచుండ నవి విస్తీర్ణంబు గావించిన\న్‌
పాముల్‌ జేరినరీతి లోభిజనసంపన్నార్థరాసుల్‌ వృథా
భూమీపాలుల పాలుగాక చనునా పుణ్యంబులే లొల్లరో
సామాన్యంబు ధనాధినాథులకుఁ గృష్ణా దేవకీనందనా.",vruttamu,Devakinandana,"[('చీ', 'U'), ('మ', 'U'), ('ల్పు', 'U'), ('ట్ట', '|'), ('లు', '|'), ('పె', 'U'), ('ట్టు', '|'), ('చుం', 'U'), ('డ', '|'), ('న', '|'), ('వి', '|'), ('వి', 'U'), ('స్తీ', 'U'), ('ర్ణం', 'U'), ('బు', '|'), ('గా', 'U'), ('విం', 'U'), ('చి', '|'), ('నన్', 'U'), ('పా', 'U'), ('ము', 'U'), ('ల్జే', 'U'), ('రి', '|'), ('న', '|'), ('రీ', 'U'), ('తి', '|'), ('లో', 'U'), ('భి', '|'), ('జ', '|'), ('న', '|'), ('సం', 'U'), ('ప', 'U'), ('న్నా', 'U'), ('ర్థ', '|'), ('రా', 'U'), ('సు', 'U'), ('ల్వృ', '|'), ('థా', 'U'), ('భూ', 'U'), ('మీ', 'U'), ('పా', 'U'), ('లు', '|'), ('ల', '|'), ('పా', 'U'), ('లు', '|'), ('గా', 'U'), ('క', '|'), ('చ', '|'), ('ను', '|'), ('నా', 'U'), ('పు', 'U'), ('ణ్యం', 'U'), ('బు', '|'), ('లే', 'U'), ('లొ', 'U'), ('ల్ల', '|'), ('రో', 'U'), ('సా', 'U'), ('మా', 'U'), ('న్యం', 'U'), ('బు', '|'), ('ధ', '|'), ('నా', 'U'), ('ధి', '|'), ('నా', 'U'), ('థు', '|'), ('ల', '|'), ('కు', '|'), ('గృ', 'U'), ('ష్ణా', 'U'), ('దే', 'U'), ('వ', '|'), ('కీ', 'U'), ('నం', 'U'), ('ద', '|'), ('నా', 'U')]",1.0,1.0,1.0,1.0,1.0,1.0
mattebhamu,"అదనం బొద్దులనీడచందమున నిచ్చల్‌ సృక్కి దుష్టాత్ముసం
పద పెంపై ధరనిల్వదించుకయు సౌభాగ్యప్రభాభాసియై
పొదలు\న్‌ మాపటినీడకైవడి భవత్పూజావిధేయజ్ఞుఁడై
సదయుం డైనను లేమి జేకురునె కృష్ణా దేవకీనందనా.",vruttamu,Devakinandana,"[('అ', '|'), ('ద', '|'), ('నం', 'U'), ('బొ', 'U'), ('ద్దు', '|'), ('ల', '|'), ('నీ', 'U'), ('డ', '|'), ('చం', 'U'), ('ద', '|'), ('ము', '|'), ('న', '|'), ('ని', 'U'), ('చ్చ', 'U'), ('ల్సృ', 'U'), ('క్కి', '|'), ('దు', 'U'), ('ష్టా', 'U'), ('త్ము', '|'), ('సం', 'U'), ('ప', '|'), ('ద', '|'), ('పెం', 'U'), ('పై', 'U'), ('ధ', '|'), ('ర', '|'), ('ని', 'U'), ('ల్వ', '|'), ('దిం', 'U'), ('చు', '|'), ('క', '|'), ('యు', '|'), ('సౌ', 'U'), ('భా', 'U'), ('గ్య', '|'), ('ప్ర', '|'), ('భా', 'U'), ('భా', 'U'), ('సి', '|'), ('యై', 'U'), ('పొ', '|'), ('ద', '|'), ('లు', 'U'), ('న్మా', 'U'), ('ప', '|'), ('టి', '|'), ('నీ', 'U'), ('డ', '|'), ('కై', 'U'), ('వ', '|'), ('డి', '|'), ('భ', '|'), ('వ', 'U'), ('త్పూ', 'U'), ('జా', 'U'), ('వి', '|'), ('ధే', 'U'), ('య', 'U'), ('జ్ఞు', '|'), ('డై', 'U'), ('స', '|'), ('ద', '|'), ('యుం', 'U'), ('డై', 'U'), ('న', '|'), ('ను', '|'), ('లే', 'U'), ('మి', '|'), ('జే', 'U'), ('కు', '|'), ('రు', '|'), ('నె', '|'), ('కృ', 'U'), ('ష్ణా', 'U'), ('దే', 'U'), ('వ', '|'), ('కీ', 'U'), ('నం', 'U'), ('ద', '|'), ('నా', 'U')]",0.9428571428571428,1.0,1.0,0.9642857142857143,0.75,1.0
saardulamu,"కీడు\న్‌ మేలును వచ్చుఁ గర్మవశత\న్‌ క్రీడాగతి\న్‌ జోకలై
వాడల్‌ వచ్చును బండ్లునొక్కెడధర న్నొక్కప్పుడు\న్‌ బండ్లపై
వాడల్‌ నౌఁ గద దేశకాలగతి శీతోష్ణంబు లీరీతి నే
జాడ\న్‌ వచ్చును దుఃఖసౌఖ్యములు కృష్ణా దేవకీనందనా.",vruttamu,Devakinandana,"[('కీ', 'U'), ('డు', 'U'), ('న్మే', 'U'), ('లు', '|'), ('ను', '|'), ('వ', 'U'), ('చ్చు', '|'), ('గ', 'U'), ('ర్మ', '|'), ('వ', '|'), ('శ', '|'), ('త', 'U'), ('న్క్రీ', 'U'), ('డా', 'U'), ('గ', '|'), ('తి', 'U'), ('న్జో', 'U'), ('క', '|'), ('లై', 'U'), ('వా', 'U'), ('డ', 'U'), ('ల్వ', 'U'), ('చ్చు', '|'), ('ను', '|'), ('బం', 'U'), ('డ్లు', '|'), ('నొ', 'U'), ('క్కె', '|'), ('డ', '|'), ('ధ', '|'), ('ర', 'U'), ('న్నొ', 'U'), ('క్క', 'U'), ('ప్పు', '|'), ('డు', 'U'), ('న్బం', 'U'), ('డ్ల', '|'), ('పై', 'U'), ('వా', 'U'), ('డ', 'U'), ('ల్నౌ', 'U'), ('గ', '|'), ('ద', '|'), ('దే', 'U'), ('శ', '|'), ('కా', 'U'), ('ల', '|'), ('గ', '|'), ('తి', '|'), ('శీ', 'U'), ('తో', 'U'), ('ష్ణం', 'U'), ('బు', '|'), ('లీ', 'U'), ('రీ', 'U'), ('తి', '|'), ('నే', 'U'), ('జా', 'U'), ('డ', 'U'), ('న్వ', 'U'), ('చ్చు', '|'), ('ను', '|'), ('దుః', 'U'), ('ఖ', '|'), ('సౌ', 'U'), ('ఖ్య', '|'), ('ము', '|'), ('లు', '|'), ('కృ', 'U'), ('ష్ణా', 'U'), ('దే', 'U'), ('వ', '|'), ('కీ', 'U'), ('నం', 'U'), ('ద', '|'), ('నా', 'U')]",0.9,1.0,1.0,1.0,0.5,1.0
saardulamu,"అంతశ్శత్రుల గెల్వలేరు మమతాహంకారము ల్మానలే
రింతే మూర్ఖము వీడలేరు భవదీయాంఘ్రిద్వయీచింతనా
చింతారత్నముఁ గానలే రిలను దుశ్చిత్తు ల్వృథా వేదవే
దాంతంబుల్‌ చదువంగ నేమి యగుఁ గృష్ణా దేవకీనందనా.",vruttamu,Devakinandana,"[('అం', 'U'), ('త', 'U'), ('శ్శ', '|'), ('త్రు', '|'), ('ల', '|'), ('గె', 'U'), ('ల్వ', '|'), ('లే', 'U'), ('రు', '|'), ('మ', '|'), ('మ', '|'), ('తా', 'U'), ('హం', 'U'), ('కా', 'U'), ('ర', '|'), ('ము', 'U'), ('ల్మా', 'U'), ('న', '|'), ('లే', 'U'), ('రిం', 'U'), ('తే', 'U'), ('మూ', 'U'), ('ర్ఖ', '|'), ('ము', '|'), ('వీ', 'U'), ('డ', '|'), ('లే', 'U'), ('రు', '|'), ('భ', '|'), ('వ', '|'), ('దీ', 'U'), ('యాం', 'U'), ('ఘ్రి', 'U'), ('ద్వ', '|'), ('యీ', 'U'), ('చిం', 'U'), ('త', '|'), ('నా', 'U'), ('చిం', 'U'), ('తా', 'U'), ('ర', 'U'), ('త్న', '|'), ('ము', '|'), ('గా', 'U'), ('న', '|'), ('లే', 'U'), ('రి', '|'), ('ల', '|'), ('ను', '|'), ('దు', 'U'), ('శ్చి', 'U'), ('త్తు', 'U'), ('ల్వృ', '|'), ('థా', 'U'), ('వే', 'U'), ('ద', '|'), ('వే', 'U'), ('దాం', 'U'), ('తం', 'U'), ('బు', 'U'), ('ల్చ', '|'), ('దు', '|'), ('వం', 'U'), ('గ', '|'), ('నే', 'U'), ('మి', '|'), ('య', '|'), ('గు', '|'), ('గృ', 'U'), ('ష్ణా', 'U'), ('దే', 'U'), ('వ', '|'), ('కీ', 'U'), ('నం', 'U'), ('ద', '|'), ('నా', 'U')]",0.8928571428571429,1.0,1.0,0.9642857142857143,0.5,1.0
saardulamu,"నానావేదపురాణశాస్త్రముల నానందింపఁగా నిత్య మిం
పౌనార్యు ల్వినుతింప ధార్మికరహస్యంబు ల్విన న్వచ్చునౌ
మీ నామాంకభవద్వివేకులకు మున్నాశ్చర్యమే సత్వరా
జ్ఞానాధిక్యము గానిముక్తిఁ గని కృష్ణా దేవకీనందనా.",vruttamu,Devakinandana,"[('నా', 'U'), ('నా', 'U'), ('వే', 'U'), ('ద', '|'), ('పు', '|'), ('రా', 'U'), ('ణ', '|'), ('శా', 'U'), ('స్త్ర', '|'), ('ము', '|'), ('ల', '|'), ('నా', 'U'), ('నం', 'U'), ('దిం', 'U'), ('ప', '|'), ('గా', 'U'), ('ని', 'U'), ('త్య', '|'), ('మిం', 'U'), ('పౌ', 'U'), ('నా', 'U'), ('ర్యు', 'U'), ('ల్వి', '|'), ('ను', '|'), ('తిం', 'U'), ('ప', '|'), ('ధా', 'U'), ('ర్మి', '|'), ('క', '|'), ('ర', '|'), ('హ', 'U'), ('స్యం', 'U'), ('బు', 'U'), ('ల్వి', '|'), ('న', 'U'), ('న్వ', 'U'), ('చ్చు', '|'), ('నౌ', 'U'), ('మీ', 'U'), ('నా', 'U'), ('మాం', 'U'), ('క', '|'), ('భ', '|'), ('వ', 'U'), ('ద్వి', '|'), ('వే', 'U'), ('కు', '|'), ('ల', '|'), ('కు', '|'), ('ము', 'U'), ('న్నా', 'U'), ('శ్చ', 'U'), ('ర్య', '|'), ('మే', 'U'), ('స', 'U'), ('త్వ', '|'), ('రా', 'U'), ('జ్ఞా', 'U'), ('నా', 'U'), ('ధి', 'U'), ('క్య', '|'), ('ము', '|'), ('గా', 'U'), ('ని', '|'), ('ము', 'U'), ('క్తి', '|'), ('గ', '|'), ('ని', '|'), ('కృ', 'U'), ('ష్ణా', 'U'), ('దే', 'U'), ('వ', '|'), ('కీ', 'U'), ('నం', 'U'), ('ద', '|'), ('నా', 'U')]",0.9,1.0,1.0,1.0,0.5,1.0
saardulamu,"గట్రాల\న్‌ బలుకానల\న్‌ గుహల గంగాసింధుదేశంబుల\న్‌
వట్రాఠావుల దేహమెల్లఁ జెదర\న్‌ వర్తించిన\న్‌ మేరువు\న్‌
చుట్రా యేఁబదిమార్లు మెట్టినమనశ్శుద్ధుండు గాకుండిన\న్‌
చట్రా వాని ప్రయాస మంతయును గృష్ణా దేవకీనందనా.",vruttamu,Devakinandana,"[('గ', '|'), ('ట్రా', 'U'), ('ల', 'U'), ('న్బ', '|'), ('లు', '|'), ('కా', 'U'), ('న', '|'), ('ల', 'U'), ('న్గు', '|'), ('హ', '|'), ('ల', '|'), ('గం', 'U'), ('గా', 'U'), ('సిం', 'U'), ('ధు', '|'), ('దే', 'U'), ('శం', 'U'), ('బు', '|'), ('లన్', 'U'), ('వ', '|'), ('ట్రా', 'U'), ('ఠా', 'U'), ('వు', '|'), ('ల', '|'), ('దే', 'U'), ('హ', '|'), ('మె', 'U'), ('ల్ల', '|'), ('జె', '|'), ('ద', '|'), ('ర', 'U'), ('న్వ', 'U'), ('ర్తిం', 'U'), ('చి', '|'), ('న', 'U'), ('న్మే', 'U'), ('రు', '|'), ('వున్', 'U'), ('చు', '|'), ('ట్రా', 'U'), ('యే', 'U'), ('బ', '|'), ('ది', '|'), ('మా', 'U'), ('ర్లు', '|'), ('మె', 'U'), ('ట్టి', '|'), ('న', '|'), ('మ', '|'), ('న', 'U'), ('శ్శు', 'U'), ('ద్ధుం', 'U'), ('డు', '|'), ('గా', 'U'), ('కుం', 'U'), ('డి', '|'), ('నన్', 'U'), ('చ', '|'), ('ట్రా', 'U'), ('వా', 'U'), ('ని', '|'), ('ప్ర', '|'), ('యా', 'U'), ('స', '|'), ('మం', 'U'), ('త', '|'), ('యు', '|'), ('ను', '|'), ('గృ', 'U'), ('ష్ణా', 'U'), ('దే', 'U'), ('వ', '|'), ('కీ', 'U'), ('నం', 'U'), ('ద', '|'), ('నా', 'U')]",0.9714285714285715,1.0,1.0,0.8571428571428571,1.0,1.0
saardulamu,"గంగాజన్మపదాబ్జమందు నభిషేకంబు ల్సదా గాంచెదన్‌
నంగారార్చనచేసి యేరణమున\న్‌ నర్పింతు నంభోధరా
శృంగారాధిప కౌస్తుభాభరణ యేశృంగారముల్‌ జేతు మీ
కంగీకారము గాఁగ నాతరమె కృష్ణా దేవకీనందనా.",vruttamu,Devakinandana,"[('గం', 'U'), ('గా', 'U'), ('జ', 'U'), ('న్మ', '|'), ('ప', '|'), ('దా', 'U'), ('బ్జ', '|'), ('మం', 'U'), ('దు', '|'), ('న', '|'), ('భి', '|'), ('షే', 'U'), ('కం', 'U'), ('బు', 'U'), ('ల్స', '|'), ('దా', 'U'), ('గాం', 'U'), ('చె', '|'), ('దన్', 'U'), ('నం', 'U'), ('గా', 'U'), ('రా', 'U'), ('ర్చ', '|'), ('న', '|'), ('చే', 'U'), ('సి', '|'), ('యే', 'U'), ('ర', '|'), ('ణ', '|'), ('ము', '|'), ('న', 'U'), ('న్న', 'U'), ('ర్పిం', 'U'), ('తు', '|'), ('నం', 'U'), ('భో', 'U'), ('ధ', '|'), ('రా', 'U'), ('శృం', 'U'), ('గా', 'U'), ('రా', 'U'), ('ధి', '|'), ('ప', '|'), ('కౌ', 'U'), ('స్తు', '|'), ('భా', 'U'), ('భ', '|'), ('ర', '|'), ('ణ', '|'), ('యే', 'U'), ('శృం', 'U'), ('గా', 'U'), ('ర', '|'), ('ము', 'U'), ('ల్జే', 'U'), ('తు', '|'), ('మీ', 'U'), ('కం', 'U'), ('గీ', 'U'), ('కా', 'U'), ('ర', '|'), ('ము', '|'), ('గా', 'U'), ('గ', '|'), ('నా', 'U'), ('త', '|'), ('ర', '|'), ('మె', '|'), ('కృ', 'U'), ('ష్ణా', 'U'), ('దే', 'U'), ('వ', '|'), ('కీ', 'U'), ('నం', 'U'), ('ద', '|'), ('నా', 'U')]",0.95,1.0,1.0,1.0,0.75,1.0
mattebhamu,"అతిమోహాంధులఁ బాపకర్ముల మహాహంకారుల\న్‌ దోషదూ
షితుల\న్‌ గర్వితదుర్విచారులఁ బ్రశంసింపం బ్రశంసింపఁగా
దితిపర్యాప్తిదినంబు లొంది త్రిజగద్విఖ్యాతియుష్మత్సము
న్నతసేవాభిముఖుండ నైతి నిట కృష్ణా దేవకీనందనా.",vruttamu,Devakinandana,"[('అ', '|'), ('తి', '|'), ('మో', 'U'), ('హాం', 'U'), ('ధు', '|'), ('ల', '|'), ('బా', 'U'), ('ప', '|'), ('క', 'U'), ('ర్ము', '|'), ('ల', '|'), ('మ', '|'), ('హా', 'U'), ('హం', 'U'), ('కా', 'U'), ('రు', '|'), ('ల', 'U'), ('న్దో', 'U'), ('ష', '|'), ('దూ', 'U'), ('షి', '|'), ('తు', '|'), ('ల', 'U'), ('న్గ', 'U'), ('ర్వి', '|'), ('త', '|'), ('దు', 'U'), ('ర్వి', '|'), ('చా', 'U'), ('రు', '|'), ('ల', '|'), ('బ్ర', '|'), ('శం', 'U'), ('సిం', 'U'), ('పం', 'U'), ('బ్ర', '|'), ('శం', 'U'), ('సిం', 'U'), ('ప', '|'), ('గా', 'U'), ('ది', '|'), ('తి', '|'), ('ప', 'U'), ('ర్యా', 'U'), ('ప్తి', '|'), ('ది', '|'), ('నం', 'U'), ('బు', '|'), ('లొం', 'U'), ('ది', '|'), ('త్రి', '|'), ('జ', '|'), ('గ', 'U'), ('ద్వి', 'U'), ('ఖ్యా', 'U'), ('తి', '|'), ('యు', 'U'), ('ష్మ', 'U'), ('త్స', '|'), ('ము', 'U'), ('న్న', '|'), ('త', '|'), ('సే', 'U'), ('వా', 'U'), ('భి', '|'), ('ము', '|'), ('ఖుం', 'U'), ('డ', '|'), ('నై', 'U'), ('తి', '|'), ('ని', '|'), ('ట', '|'), ('కృ', 'U'), ('ష్ణా', 'U'), ('దే', 'U'), ('వ', '|'), ('కీ', 'U'), ('నం', 'U'), ('ద', '|'), ('నా', 'U')]",1.0,1.0,1.0,1.0,1.0,1.0
mattebhamu,"పలుమాఱు\న్‌ ఇహభోగకాంక్షసభల\న్‌ పాండిత్యముల్‌ సేయువా
రలయజ్ఞానము మాన్పఁగాఁ గలరె యెట్లైన\న్‌ బ్రకాశించు కో
మలదీపాళిఁదొలంగఁ ద్రోయునె భవన్మాయాంధకారంబును
జ్జ్వలితానందమయ స్వరూపయుత కృష్ణా దేవకీనందనా.",vruttamu,Devakinandana,"[('ప', '|'), ('లు', '|'), ('మా', 'U'), ('ఱు', 'U'), ('న్ఇ', '|'), ('హ', '|'), ('భో', 'U'), ('గ', '|'), ('కాం', 'U'), ('క్ష', '|'), ('స', '|'), ('భ', '|'), ('ల', 'U'), ('న్పాం', 'U'), ('డి', 'U'), ('త్య', '|'), ('ము', 'U'), ('ల్సే', 'U'), ('యు', '|'), ('వా', 'U'), ('ర', '|'), ('ల', '|'), ('య', 'U'), ('జ్ఞా', 'U'), ('న', '|'), ('ము', '|'), ('మా', 'U'), ('న్ప', '|'), ('గా', 'U'), ('గ', '|'), ('ల', '|'), ('రె', '|'), ('యె', 'U'), ('ట్లై', 'U'), ('న', 'U'), ('న్బ్ర', '|'), ('కా', 'U'), ('శిం', 'U'), ('చు', '|'), ('కో', 'U'), ('మ', '|'), ('ల', '|'), ('దీ', 'U'), ('పా', 'U'), ('ళి', '|'), ('దొ', '|'), ('లం', 'U'), ('గ', '|'), ('ద్రో', 'U'), ('యు', '|'), ('నె', '|'), ('భ', '|'), ('వ', 'U'), ('న్మా', 'U'), ('యాం', 'U'), ('ధ', '|'), ('కా', 'U'), ('రం', 'U'), ('బు', '|'), ('ను', 'U'), ('జ్జ్వ', '|'), ('లి', '|'), ('తా', 'U'), ('నం', 'U'), ('ద', '|'), ('మ', '|'), ('య', 'U'), ('స్వ', '|'), ('రూ', 'U'), ('ప', '|'), ('యు', '|'), ('త', '|'), ('కృ', 'U'), ('ష్ణా', 'U'), ('దే', 'U'), ('వ', '|'), ('కీ', 'U'), ('నం', 'U'), ('ద', '|'), ('నా', 'U')]",0.95,1.0,1.0,1.0,0.75,1.0
mattebhamu,"ఉర్విం బాఱుమహానదీజలము లాయూరూరునందెల్లఁ గూ
డురుఘోషంబున వంకలై కలియఁగా యోగ్యంబు లైనట్లు మీ
స్మరణ\న్‌ నానుడువు\న్‌ సదాశుభములై సంపూజ్యము\న్‌ గా భవ
చ్చరణంబుల్‌ మది నిల్పి కొల్చెదను కృష్ణా దేవకీనందనా.",vruttamu,Devakinandana,"[('ఉ', 'U'), ('ర్విం', 'U'), ('బా', 'U'), ('ఱు', '|'), ('మ', '|'), ('హా', 'U'), ('న', '|'), ('దీ', 'U'), ('జ', '|'), ('ల', '|'), ('ము', '|'), ('లా', 'U'), ('యూ', 'U'), ('రూ', 'U'), ('రు', '|'), ('నం', 'U'), ('దె', 'U'), ('ల్ల', '|'), ('గూ', 'U'), ('డు', '|'), ('రు', '|'), ('ఘో', 'U'), ('షం', 'U'), ('బు', '|'), ('న', '|'), ('వం', 'U'), ('క', '|'), ('లై', 'U'), ('క', '|'), ('లి', '|'), ('య', '|'), ('గా', 'U'), ('యో', 'U'), ('గ్యం', 'U'), ('బు', '|'), ('లై', 'U'), ('న', 'U'), ('ట్లు', '|'), ('మీ', 'U'), ('స్మ', '|'), ('ర', '|'), ('ణ', 'U'), ('న్నా', 'U'), ('ను', '|'), ('డు', '|'), ('వు', 'U'), ('న్స', '|'), ('దా', 'U'), ('శు', '|'), ('భ', '|'), ('ము', '|'), ('లై', 'U'), ('సం', 'U'), ('పూ', 'U'), ('జ్య', '|'), ('ము', 'U'), ('న్గా', 'U'), ('భ', '|'), ('వ', 'U'), ('చ్చ', '|'), ('ర', '|'), ('ణం', 'U'), ('బు', 'U'), ('ల్మ', '|'), ('ది', '|'), ('ని', 'U'), ('ల్పి', '|'), ('కొ', 'U'), ('ల్చె', '|'), ('ద', '|'), ('ను', '|'), ('కృ', 'U'), ('ష్ణా', 'U'), ('దే', 'U'), ('వ', '|'), ('కీ', 'U'), ('నం', 'U'), ('ద', '|'), ('నా', 'U')]",0.4974999999999999,0.9875,1.0,0.0,0.0,0.5
saardulamu,"బాలక్రీడలఁ గొన్నినాళ్లు పిదప\న్‌ భామాకుచాలింగనా
లోలాభ్యున్నతిఁ గొన్నినాళ్లు మఱియిల్లు\న్‌ ముంగిలింగొన్ని నా
ళ్లీలీల\న్‌ విహరించితి\న్‌ సుఖఫలం బెందేనియు\న్‌ లేదుగా
చాల\న్‌ నీపదభక్తిఁ జేసెదను కృష్ణా దేవకీనందనా.",vruttamu,Devakinandana,"[('బా', 'U'), ('ల', '|'), ('క్రీ', 'U'), ('డ', '|'), ('ల', '|'), ('గొ', 'U'), ('న్ని', '|'), ('నా', 'U'), ('ళ్లు', '|'), ('పి', '|'), ('ద', '|'), ('ప', 'U'), ('న్భా', 'U'), ('మా', 'U'), ('కు', '|'), ('చా', 'U'), ('లిం', 'U'), ('గ', '|'), ('నా', 'U'), ('లో', 'U'), ('లా', 'U'), ('భ్యు', 'U'), ('న్న', '|'), ('తి', '|'), ('గొ', 'U'), ('న్ని', '|'), ('నా', 'U'), ('ళ్లు', '|'), ('మ', '|'), ('ఱి', '|'), ('యి', 'U'), ('ల్లు', 'U'), ('న్ముం', 'U'), ('గి', '|'), ('లిం', 'U'), ('గొ', 'U'), ('న్ని', '|'), ('నా', 'U'), ('ళ్లీ', 'U'), ('లీ', 'U'), ('ల', 'U'), ('న్వి', '|'), ('హ', '|'), ('రిం', 'U'), ('చి', '|'), ('తి', 'U'), ('న్సు', '|'), ('ఖ', '|'), ('ఫ', '|'), ('లం', 'U'), ('బెం', 'U'), ('దే', 'U'), ('ని', '|'), ('యు', 'U'), ('న్లే', 'U'), ('దు', '|'), ('గా', 'U'), ('చా', 'U'), ('ల', 'U'), ('న్నీ', 'U'), ('ప', '|'), ('ద', '|'), ('భ', 'U'), ('క్తి', '|'), ('జే', 'U'), ('సె', '|'), ('ద', '|'), ('ను', '|'), ('కృ', 'U'), ('ష్ణా', 'U'), ('దే', 'U'), ('వ', '|'), ('కీ', 'U'), ('నం', 'U'), ('ద', '|'), ('నా', 'U')]",0.9428571428571428,1.0,1.0,0.9642857142857143,0.75,1.0
mattebhamu,"మతిలో మిమ్ముఁదలంచు పుణ్యుఁడిలఁ దామాయ\న్‌ స్వదారాదుల
న్వెతలం బొర్లఁడు భాగ్యవంతుఁడగుఠీవి\న్‌ దివ్యమృష్టాన్న సం
గతిలోనాడి మనుండు భిక్షమునొసంగ\న్‌ నేర్చునే శూలభృ
చ్చతురాస్య ప్రముఖామర ప్రణుత కృష్ణా దేవకీనందనా.",vruttamu,Devakinandana,"[('మ', '|'), ('తి', '|'), ('లో', 'U'), ('మి', 'U'), ('మ్ము', '|'), ('ద', '|'), ('లం', 'U'), ('చు', '|'), ('పు', 'U'), ('ణ్యు', '|'), ('డి', '|'), ('ల', '|'), ('దా', 'U'), ('మా', 'U'), ('య', 'U'), ('న్స్వ', '|'), ('దా', 'U'), ('రా', 'U'), ('దు', '|'), ('ల', 'U'), ('న్వె', '|'), ('త', '|'), ('లం', 'U'), ('బొ', 'U'), ('ర్ల', '|'), ('డు', '|'), ('భా', 'U'), ('గ్య', '|'), ('వం', 'U'), ('తు', '|'), ('డ', '|'), ('గు', '|'), ('ఠీ', 'U'), ('వి', 'U'), ('న్ది', 'U'), ('వ్య', '|'), ('మృ', 'U'), ('ష్టా', 'U'), ('న్న', '|'), ('సం', 'U'), ('గ', '|'), ('తి', '|'), ('లో', 'U'), ('నా', 'U'), ('డి', '|'), ('మ', '|'), ('నుం', 'U'), ('డు', '|'), ('భి', 'U'), ('క్ష', '|'), ('ము', '|'), ('నొ', '|'), ('సం', 'U'), ('గ', 'U'), ('న్నే', 'U'), ('ర్చు', '|'), ('నే', 'U'), ('శూ', 'U'), ('ల', '|'), ('భృ', 'U'), ('చ్చ', '|'), ('తు', '|'), ('రా', 'U'), ('స్య', '|'), ('ప్ర', '|'), ('ము', '|'), ('ఖా', 'U'), ('మ', '|'), ('ర', '|'), ('ప్ర', '|'), ('ణు', '|'), ('త', '|'), ('కృ', 'U'), ('ష్ణా', 'U'), ('దే', 'U'), ('వ', '|'), ('కీ', 'U'), ('నం', 'U'), ('ద', '|'), ('నా', 'U')]",0.9857142857142858,1.0,1.0,0.9285714285714286,1.0,1.0
saardulamu,"అన్నంబైనను దక్రమైనఁ దగుతోయంబైన నభ్యాగతుల్‌
దన్నాశించిన నేమియు న్నిడక యేధర్మంబునుం జేయ కే
మన్న న్నూరకయుండు జీవశరమర్త్యశ్రేణి జేయ కే
చన్న న్నేమగు నేమగు\న్‌ గలుగఁ గృష్ణా దేవకీనందనా.",vruttamu,Devakinandana,"[('అ', 'U'), ('న్నం', 'U'), ('బై', 'U'), ('న', '|'), ('ను', '|'), ('ద', '|'), ('క్ర', '|'), ('మై', 'U'), ('న', '|'), ('ద', '|'), ('గు', '|'), ('తో', 'U'), ('యం', 'U'), ('బై', 'U'), ('న', '|'), ('న', 'U'), ('భ్యా', 'U'), ('గ', '|'), ('తుల్', 'U'), ('ద', 'U'), ('న్నా', 'U'), ('శిం', 'U'), ('చి', '|'), ('న', '|'), ('నే', 'U'), ('మి', '|'), ('యు', 'U'), ('న్ని', '|'), ('డ', '|'), ('క', '|'), ('యే', 'U'), ('ధ', 'U'), ('ర్మం', 'U'), ('బు', '|'), ('నుం', 'U'), ('జే', 'U'), ('య', '|'), ('కే', 'U'), ('మ', 'U'), ('న్న', 'U'), ('న్నూ', 'U'), ('ర', '|'), ('క', '|'), ('యుం', 'U'), ('డు', '|'), ('జీ', 'U'), ('వ', '|'), ('శ', '|'), ('ర', '|'), ('మ', 'U'), ('ర్త్య', '|'), ('శ్రే', 'U'), ('ణి', '|'), ('జే', 'U'), ('య', '|'), ('కే', 'U'), ('చ', 'U'), ('న్న', 'U'), ('న్నే', 'U'), ('మ', '|'), ('గు', '|'), ('నే', 'U'), ('మ', '|'), ('గు', 'U'), ('న్గ', '|'), ('లు', '|'), ('గ', '|'), ('గృ', 'U'), ('ష్ణా', 'U'), ('దే', 'U'), ('వ', '|'), ('కీ', 'U'), ('నం', 'U'), ('ద', '|'), ('నా', 'U')]",0.8259398496240602,0.9868421052631579,1.0,0.6428571428571429,0.5,1.0
saardulamu,"ప్రారబ్ధానుభవంబు దీఱ కపవర్గప్రాప్తి లేదండ్రుగా
దీరశ్రేష్ఠు లనంతకోటులిఁక నైతే వారికర్మంబులు\న్‌
ప్రారబ్ధంబులు గావె ముందఱకు నోభావజ్ఞ సైరించి నా
ప్రారబ్ధంబులఁ దీర్పవే కరుణఁ గృష్ణా దేవకీనందనా.",vruttamu,Devakinandana,"[('ప్రా', 'U'), ('ర', 'U'), ('బ్ధా', 'U'), ('ను', '|'), ('భ', '|'), ('వం', 'U'), ('బు', '|'), ('దీ', 'U'), ('ఱ', '|'), ('క', '|'), ('ప', '|'), ('వ', 'U'), ('ర్గ', '|'), ('ప్రా', 'U'), ('ప్తి', '|'), ('లే', 'U'), ('దం', 'U'), ('డ్రు', '|'), ('గా', 'U'), ('దీ', 'U'), ('ర', '|'), ('శ్రే', 'U'), ('ష్ఠు', '|'), ('ల', '|'), ('నం', 'U'), ('త', '|'), ('కో', 'U'), ('టు', '|'), ('లి', '|'), ('క', '|'), ('నై', 'U'), ('తే', 'U'), ('వా', 'U'), ('రి', '|'), ('క', 'U'), ('ర్మం', 'U'), ('బు', '|'), ('లున్', 'U'), ('ప్రా', 'U'), ('ర', 'U'), ('బ్ధం', 'U'), ('బు', '|'), ('లు', '|'), ('గా', 'U'), ('వె', '|'), ('ముం', 'U'), ('ద', '|'), ('ఱ', '|'), ('కు', '|'), ('నో', 'U'), ('భా', 'U'), ('వ', 'U'), ('జ్ఞ', '|'), ('సై', 'U'), ('రిం', 'U'), ('చి', '|'), ('నా', 'U'), ('ప్రా', 'U'), ('ర', 'U'), ('బ్ధం', 'U'), ('బు', '|'), ('ల', '|'), ('దీ', 'U'), ('ర్ప', '|'), ('వే', 'U'), ('క', '|'), ('రు', '|'), ('ణ', '|'), ('గృ', 'U'), ('ష్ణా', 'U'), ('దే', 'U'), ('వ', '|'), ('కీ', 'U'), ('నం', 'U'), ('ద', '|'), ('నా', 'U')]",0.9357142857142857,1.0,1.0,0.9285714285714286,0.75,1.0
saardulamu,"శ్రీజన్మప్రభుతావిశేషుఁ డగు రాజేంద్రుండు ధీపాలనా
జ్ఞాజాగ్రత్వనిదానకీర్తియుత రక్షాలక్షణాధీశుఁడై
రాజిల్లుం బహుకష్టుఁడైన ధరసామ్రాజ్యంబు బాలింపుచో
నైజంబై తగునా విశేషములు కృష్ణా దేవకీనందనా.",vruttamu,Devakinandana,"[('శ్రీ', 'U'), ('జ', 'U'), ('న్మ', '|'), ('ప్ర', '|'), ('భు', '|'), ('తా', 'U'), ('వి', '|'), ('శే', 'U'), ('షు', '|'), ('డ', '|'), ('గు', '|'), ('రా', 'U'), ('జేం', 'U'), ('ద్రుం', 'U'), ('డు', '|'), ('ధీ', 'U'), ('పా', 'U'), ('ల', '|'), ('నా', 'U'), ('జ్ఞా', 'U'), ('జా', 'U'), ('గ్ర', 'U'), ('త్వ', '|'), ('ని', '|'), ('దా', 'U'), ('న', '|'), ('కీ', 'U'), ('ర్తి', '|'), ('యు', '|'), ('త', '|'), ('ర', 'U'), ('క్షా', 'U'), ('ల', 'U'), ('క్ష', '|'), ('ణా', 'U'), ('ధీ', 'U'), ('శు', '|'), ('డై', 'U'), ('రా', 'U'), ('జి', 'U'), ('ల్లుం', 'U'), ('బ', '|'), ('హు', '|'), ('క', 'U'), ('ష్టు', '|'), ('డై', 'U'), ('న', '|'), ('ధ', '|'), ('ర', '|'), ('సా', 'U'), ('మ్రా', 'U'), ('జ్యం', 'U'), ('బు', '|'), ('బా', 'U'), ('లిం', 'U'), ('పు', '|'), ('చో', 'U'), ('నై', 'U'), ('జం', 'U'), ('బై', 'U'), ('త', '|'), ('గు', '|'), ('నా', 'U'), ('వి', '|'), ('శే', 'U'), ('ష', '|'), ('ము', '|'), ('లు', '|'), ('కృ', 'U'), ('ష్ణా', 'U'), ('దే', 'U'), ('వ', '|'), ('కీ', 'U'), ('నం', 'U'), ('ద', '|'), ('నా', 'U')]",0.9928571428571429,1.0,1.0,0.9642857142857143,1.0,1.0
mattebhamu,"సమరద్వేషుల సంగరాంగణమున\న్‌ సాధించి సామ్రాజ్య సౌ
ఖ్యముఁ దాఁగాంచి సహించి చొప్పడు వివేకప్రాజ్ఞతల్గాంచు భూ
రమణశ్రేష్ఠుఁడు తావకానుచరుఁడై రాణించు శిక్షించు దు
ష్టమతి భ్రష్టమదాంధ శత్రువుల కృష్ణా దేవకీనందనా.",vruttamu,Devakinandana,"[('స', '|'), ('మ', '|'), ('ర', 'U'), ('ద్వే', 'U'), ('షు', '|'), ('ల', '|'), ('సం', 'U'), ('గ', '|'), ('రాం', 'U'), ('గ', '|'), ('ణ', '|'), ('ము', '|'), ('న', 'U'), ('న్సా', 'U'), ('ధిం', 'U'), ('చి', '|'), ('సా', 'U'), ('మ్రా', 'U'), ('జ్య', '|'), ('సౌ', 'U'), ('ఖ్య', '|'), ('ము', '|'), ('దా', 'U'), ('గాం', 'U'), ('చి', '|'), ('స', '|'), ('హిం', 'U'), ('చి', '|'), ('చొ', 'U'), ('ప్ప', '|'), ('డు', '|'), ('వి', '|'), ('వే', 'U'), ('క', '|'), ('ప్రా', 'U'), ('జ్ఞ', '|'), ('త', 'U'), ('ల్గాం', 'U'), ('చు', '|'), ('భూ', 'U'), ('ర', '|'), ('మ', '|'), ('ణ', '|'), ('శ్రే', 'U'), ('ష్ఠు', '|'), ('డు', '|'), ('తా', 'U'), ('వ', '|'), ('కా', 'U'), ('ను', '|'), ('చ', '|'), ('రు', '|'), ('డై', 'U'), ('రా', 'U'), ('ణిం', 'U'), ('చు', '|'), ('శి', 'U'), ('క్షిం', 'U'), ('చు', '|'), ('దు', 'U'), ('ష్ట', '|'), ('మ', '|'), ('తి', '|'), ('భ్ర', 'U'), ('ష్ట', '|'), ('మ', '|'), ('దాం', 'U'), ('ధ', '|'), ('శ', '|'), ('త్రు', '|'), ('వు', '|'), ('ల', '|'), ('కృ', 'U'), ('ష్ణా', 'U'), ('దే', 'U'), ('వ', '|'), ('కీ', 'U'), ('నం', 'U'), ('ద', '|'), ('నా', 'U')]",0.9714285714285715,1.0,1.0,0.8571428571428571,1.0,1.0
mattebhamu,"విగతక్లేశులు వీతకిల్బిషమయుల్‌ విజ్ఞానవిద్యానిధుల్‌
నిగమార్థజ్ఞులు నిశ్చలవ్రతయుతుల్‌ నిర్వ్యాజనిష్ఠాయుతుల్‌
సుగుణుల్‌ సూనృతవర్తనుల్‌ శుభకరుల్‌ శుద్ధాంతరంగుల్‌ శుభుల్‌
జగతీమండలి నీదుసేవకులు కృష్ణా దేవకీనందనా.",vruttamu,Devakinandana,"[('వి', '|'), ('గ', '|'), ('త', 'U'), ('క్లే', 'U'), ('శు', '|'), ('లు', '|'), ('వీ', 'U'), ('త', '|'), ('కి', 'U'), ('ల్బి', '|'), ('ష', '|'), ('మ', '|'), ('యు', 'U'), ('ల్వి', 'U'), ('జ్ఞా', 'U'), ('న', '|'), ('వి', 'U'), ('ద్యా', 'U'), ('ని', '|'), ('ధుల్', 'U'), ('ని', '|'), ('గ', '|'), ('మా', 'U'), ('ర్థ', 'U'), ('జ్ఞు', '|'), ('లు', '|'), ('ని', 'U'), ('శ్చ', '|'), ('ల', '|'), ('వ్ర', '|'), ('త', '|'), ('యు', '|'), ('తు', 'U'), ('ల్ని', 'U'), ('ర్వ్యా', 'U'), ('జ', '|'), ('ని', 'U'), ('ష్ఠా', 'U'), ('యు', '|'), ('తుల్', 'U'), ('సు', '|'), ('గు', '|'), ('ణు', 'U'), ('ల్సూ', 'U'), ('నృ', '|'), ('త', '|'), ('వ', 'U'), ('ర్త', '|'), ('ను', 'U'), ('ల్శు', '|'), ('భ', '|'), ('క', '|'), ('రు', 'U'), ('ల్శు', 'U'), ('ద్ధాం', 'U'), ('త', '|'), ('రం', 'U'), ('గు', 'U'), ('ల్శు', '|'), ('భుల్', 'U'), ('జ', '|'), ('గ', '|'), ('తీ', 'U'), ('మం', 'U'), ('డ', '|'), ('లి', '|'), ('నీ', 'U'), ('దు', '|'), ('సే', 'U'), ('వ', '|'), ('కు', '|'), ('లు', '|'), ('కృ', 'U'), ('ష్ణా', 'U'), ('దే', 'U'), ('వ', '|'), ('కీ', 'U'), ('నం', 'U'), ('ద', '|'), ('నా', 'U')]",0.9928571428571429,1.0,1.0,0.9642857142857143,1.0,1.0
saardulamu,"దీనుల్గల్గిన నీదు రక్షణగుణాధిక్యంబు రాణించు నౌ
దీనుండెవ్వఁడు లేఁడు నీదుకరుణాదృష్టి\న్‌ గృతార్థుల్‌ జుమీ
నేనే దీనుఁడ నన్నుఁ బ్రోవు శరణంటిం ద్వన్ముఖోదీర్ణ సు
జ్ఞాన శ్రీకరమూర్తి నమ్మితిని కృష్ణా దేవకీనందనా.",vruttamu,Devakinandana,"[('దీ', 'U'), ('ను', 'U'), ('ల్గ', 'U'), ('ల్గి', '|'), ('న', '|'), ('నీ', 'U'), ('దు', '|'), ('ర', 'U'), ('క్ష', '|'), ('ణ', '|'), ('గు', '|'), ('ణా', 'U'), ('ధి', 'U'), ('క్యం', 'U'), ('బు', '|'), ('రా', 'U'), ('ణిం', 'U'), ('చు', '|'), ('నౌ', 'U'), ('దీ', 'U'), ('నుం', 'U'), ('డె', 'U'), ('వ్వ', '|'), ('డు', '|'), ('లే', 'U'), ('డు', '|'), ('నీ', 'U'), ('దు', '|'), ('క', '|'), ('రు', '|'), ('ణా', 'U'), ('దృ', 'U'), ('ష్టి', 'U'), ('న్గృ', '|'), ('తా', 'U'), ('ర్థు', 'U'), ('ల్జు', '|'), ('మీ', 'U'), ('నే', 'U'), ('నే', 'U'), ('దీ', 'U'), ('ను', '|'), ('డ', '|'), ('న', 'U'), ('న్ను', '|'), ('బ్రో', 'U'), ('వు', '|'), ('శ', '|'), ('ర', '|'), ('ణం', 'U'), ('టిం', 'U'), ('ద్వ', 'U'), ('న్ము', '|'), ('ఖో', 'U'), ('దీ', 'U'), ('ర్ణ', '|'), ('సు', 'U'), ('జ్ఞా', 'U'), ('న', '|'), ('శ్రీ', 'U'), ('క', '|'), ('ర', '|'), ('మూ', 'U'), ('ర్తి', '|'), ('న', 'U'), ('మ్మి', '|'), ('తి', '|'), ('ని', '|'), ('కృ', 'U'), ('ష్ణా', 'U'), ('దే', 'U'), ('వ', '|'), ('కీ', 'U'), ('నం', 'U'), ('ద', '|'), ('నా', 'U')]",0.8928571428571429,1.0,1.0,0.9642857142857143,0.5,1.0
saardulamu,"పాత్రాపాత్రవివేకము ల్సమసె పాపం బెచ్చె ధర్మంబును\న్‌
మిత్రఘ్నత్వము కల్లలాడుటయు స్వామిద్రోహముం గొండెము\న్‌
ధాత్రిం బూజ్యము లయ్యె సజ్జనులచందం బెట్లు రక్షించెదో
సత్రాజిత్తనయా మనోరమణ కృష్ణా దేవకీనందనా.",vruttamu,Devakinandana,"[('పా', 'U'), ('త్రా', 'U'), ('పా', 'U'), ('త్ర', '|'), ('వి', '|'), ('వే', 'U'), ('క', '|'), ('ము', 'U'), ('ల్స', '|'), ('మ', '|'), ('సె', '|'), ('పా', 'U'), ('పం', 'U'), ('బె', 'U'), ('చ్చె', '|'), ('ధ', 'U'), ('ర్మం', 'U'), ('బు', '|'), ('నున్', 'U'), ('మి', '|'), ('త్ర', 'U'), ('ఘ్న', 'U'), ('త్వ', '|'), ('ము', '|'), ('క', 'U'), ('ల్ల', '|'), ('లా', 'U'), ('డు', '|'), ('ట', '|'), ('యు', 'U'), ('స్వా', 'U'), ('మి', '|'), ('ద్రో', 'U'), ('హ', '|'), ('ముం', 'U'), ('గొం', 'U'), ('డె', '|'), ('మున్', 'U'), ('ధా', 'U'), ('త్రిం', 'U'), ('బూ', 'U'), ('జ్య', '|'), ('ము', '|'), ('ల', 'U'), ('య్యె', '|'), ('స', 'U'), ('జ్జ', '|'), ('ను', '|'), ('ల', '|'), ('చం', 'U'), ('దం', 'U'), ('బె', 'U'), ('ట్లు', '|'), ('ర', 'U'), ('క్షిం', 'U'), ('చె', '|'), ('దో', 'U'), ('స', '|'), ('త్రా', 'U'), ('జి', 'U'), ('త్త', '|'), ('న', '|'), ('యా', 'U'), ('మ', '|'), ('నో', 'U'), ('ర', '|'), ('మ', '|'), ('ణ', '|'), ('కృ', 'U'), ('ష్ణా', 'U'), ('దే', 'U'), ('వ', '|'), ('కీ', 'U'), ('నం', 'U'), ('ద', '|'), ('నా', 'U')]",0.9714285714285715,1.0,1.0,0.8571428571428571,1.0,1.0
mattebhamu,"అరయం జందనగంధిపై విదురుపై నక్రూరుపైఁ గుబ్జపై
నరుపై ద్రౌపదిపైఁ గుచేలకునిపై నందవ్రజస్త్రీలపైఁ
బరఁగంగల్గు భవత్కృపారసము నాపైఁ గొంతరానిమ్ము మీ
చరణాబ్జంబుల నమ్మినాఁడ హరి కృష్ణా దేవకీనందనా.",vruttamu,Devakinandana,"[('అ', '|'), ('ర', '|'), ('యం', 'U'), ('జం', 'U'), ('ద', '|'), ('న', '|'), ('గం', 'U'), ('ధి', '|'), ('పై', 'U'), ('వి', '|'), ('దు', '|'), ('రు', '|'), ('పై', 'U'), ('న', '|'), ('క్రూ', 'U'), ('రు', '|'), ('పై', 'U'), ('గు', 'U'), ('బ్జ', '|'), ('పై', 'U'), ('న', '|'), ('రు', '|'), ('పై', 'U'), ('ద్రౌ', 'U'), ('ప', '|'), ('ది', '|'), ('పై', 'U'), ('గు', '|'), ('చే', 'U'), ('ల', '|'), ('కు', '|'), ('ని', '|'), ('పై', 'U'), ('నం', 'U'), ('ద', '|'), ('వ్ర', '|'), ('జ', 'U'), ('స్త్రీ', 'U'), ('ల', '|'), ('పై', 'U'), ('బ', '|'), ('ర', '|'), ('గం', 'U'), ('గ', 'U'), ('ల్గు', '|'), ('భ', '|'), ('వ', 'U'), ('త్కృ', '|'), ('పా', 'U'), ('ర', '|'), ('స', '|'), ('ము', '|'), ('నా', 'U'), ('పై', 'U'), ('గొం', 'U'), ('త', '|'), ('రా', 'U'), ('ని', 'U'), ('మ్ము', '|'), ('మీ', 'U'), ('చ', '|'), ('ర', '|'), ('ణా', 'U'), ('బ్జం', 'U'), ('బు', '|'), ('ల', '|'), ('న', 'U'), ('మ్మి', '|'), ('నా', 'U'), ('డ', '|'), ('హ', '|'), ('రి', '|'), ('కృ', 'U'), ('ష్ణా', 'U'), ('దే', 'U'), ('వ', '|'), ('కీ', 'U'), ('నం', 'U'), ('ద', '|'), ('నా', 'U')]",0.9357142857142857,1.0,1.0,0.9285714285714286,0.75,1.0
mattebhamu,"అనుకూలాన్వితయైన భార్యయును ధర్మార్థంబునైనట్టి నం
దనులు\న్‌ సజ్జనులైన సోదరులు యెన్నంగల్గు సంపత్క్రియా
ఘనుఁడైనట్టి మహానుభావుఁడె భవత్కారుణ్యదృగ్జాలభా
జనుఁ డప్పుణ్యుని జూచిన\న్‌ శుభము కృష్ణా దేవకీనందనా.",vruttamu,Devakinandana,"[('అ', '|'), ('ను', '|'), ('కూ', 'U'), ('లా', 'U'), ('న్వి', '|'), ('త', '|'), ('యై', 'U'), ('న', '|'), ('భా', 'U'), ('ర్య', '|'), ('యు', '|'), ('ను', '|'), ('ధ', 'U'), ('ర్మా', 'U'), ('ర్థం', 'U'), ('బు', '|'), ('నై', 'U'), ('న', 'U'), ('ట్టి', '|'), ('నం', 'U'), ('ద', '|'), ('ను', '|'), ('లు', 'U'), ('న్స', 'U'), ('జ్జ', '|'), ('ను', '|'), ('లై', 'U'), ('న', '|'), ('సో', 'U'), ('ద', '|'), ('రు', '|'), ('లు', '|'), ('యె', 'U'), ('న్నం', 'U'), ('గ', 'U'), ('ల్గు', '|'), ('సం', 'U'), ('ప', 'U'), ('త్క్రి', '|'), ('యా', 'U'), ('ఘ', '|'), ('ను', '|'), ('డై', 'U'), ('న', 'U'), ('ట్టి', '|'), ('మ', '|'), ('హా', 'U'), ('ను', '|'), ('భా', 'U'), ('వు', '|'), ('డె', '|'), ('భ', '|'), ('వ', 'U'), ('త్కా', 'U'), ('రు', 'U'), ('ణ్య', '|'), ('దృ', 'U'), ('గ్జా', 'U'), ('ల', '|'), ('భా', 'U'), ('జ', '|'), ('ను', '|'), ('డ', 'U'), ('ప్పు', 'U'), ('ణ్యు', '|'), ('ని', '|'), ('జూ', 'U'), ('చి', '|'), ('న', 'U'), ('న్శు', '|'), ('భ', '|'), ('ము', '|'), ('కృ', 'U'), ('ష్ణా', 'U'), ('దే', 'U'), ('వ', '|'), ('కీ', 'U'), ('నం', 'U'), ('ద', '|'), ('నా', 'U')]",0.9,1.0,1.0,1.0,0.5,1.0
mattebhamu,"శరణాగత్యనురక్తి భక్తి జనరక్షాసత్కృపాసేవ్యస
త్కరుణాపూర సుధారసంబుగల శృంగారంబు మీమూర్తియుం
దరణోపాయ మెఱుంగలేని కలుషాధారు\న్‌ ననుందావక
స్మరణాధీశునిఁ జేయు మ్రొక్కెదను కృష్ణా దేవకీనందనా.",vruttamu,Devakinandana,"[('శ', '|'), ('ర', '|'), ('ణా', 'U'), ('గ', 'U'), ('త్య', '|'), ('ను', '|'), ('ర', 'U'), ('క్తి', '|'), ('భ', 'U'), ('క్తి', '|'), ('జ', '|'), ('న', '|'), ('ర', 'U'), ('క్షా', 'U'), ('స', 'U'), ('త్కృ', '|'), ('పా', 'U'), ('సే', 'U'), ('వ్య', '|'), ('స', 'U'), ('త్క', '|'), ('రు', '|'), ('ణా', 'U'), ('పూ', 'U'), ('ర', '|'), ('సు', '|'), ('ధా', 'U'), ('ర', '|'), ('సం', 'U'), ('బు', '|'), ('గ', '|'), ('ల', '|'), ('శృం', 'U'), ('గా', 'U'), ('రం', 'U'), ('బు', '|'), ('మీ', 'U'), ('మూ', 'U'), ('ర్తి', '|'), ('యుం', 'U'), ('ద', '|'), ('ర', '|'), ('ణో', 'U'), ('పా', 'U'), ('య', '|'), ('మె', '|'), ('ఱుం', 'U'), ('గ', '|'), ('లే', 'U'), ('ని', '|'), ('క', '|'), ('లు', '|'), ('షా', 'U'), ('ధా', 'U'), ('రు', 'U'), ('న్న', '|'), ('నుం', 'U'), ('దా', 'U'), ('వ', '|'), ('క', 'U'), ('స్మ', '|'), ('ర', '|'), ('ణా', 'U'), ('ధీ', 'U'), ('శు', '|'), ('ని', '|'), ('జే', 'U'), ('యు', '|'), ('మ్రొ', 'U'), ('క్కె', '|'), ('ద', '|'), ('ను', '|'), ('కృ', 'U'), ('ష్ణా', 'U'), ('దే', 'U'), ('వ', '|'), ('కీ', 'U'), ('నం', 'U'), ('ద', '|'), ('నా', 'U')]",1.0,1.0,1.0,1.0,1.0,1.0
mattebhamu,"ప్రలయాభీల కరాళదావదహన ప్రజ్జ్వాల మబ్జోదరా
జ్వలనాకారముదాల్పఁ దానియెదుట\న్‌ సంతప్త సంతాప వాం
ఛలు దివ్యుల్మునులుం గృశాస్యులగుచుం జల్లార్పఁగాలేక ని
చ్చలు నీపాదములే భజించెదరు కృష్ణా దేవకీనందనా.",vruttamu,Devakinandana,"[('ప్ర', '|'), ('ల', '|'), ('యా', 'U'), ('భీ', 'U'), ('ల', '|'), ('క', '|'), ('రా', 'U'), ('ళ', '|'), ('దా', 'U'), ('వ', '|'), ('ద', '|'), ('హ', '|'), ('న', '|'), ('ప్ర', 'U'), ('జ్జ్వా', 'U'), ('ల', '|'), ('మ', 'U'), ('బ్జో', 'U'), ('ద', '|'), ('రా', 'U'), ('జ్వ', '|'), ('ల', '|'), ('నా', 'U'), ('కా', 'U'), ('ర', '|'), ('ము', '|'), ('దా', 'U'), ('ల్ప', '|'), ('దా', 'U'), ('ని', '|'), ('యె', '|'), ('దు', '|'), ('ట', 'U'), ('న్సం', 'U'), ('త', 'U'), ('ప్త', '|'), ('సం', 'U'), ('తా', 'U'), ('ప', '|'), ('వాం', 'U'), ('ఛ', '|'), ('లు', '|'), ('ది', 'U'), ('వ్యు', 'U'), ('ల్ము', '|'), ('ను', '|'), ('లుం', 'U'), ('గృ', '|'), ('శా', 'U'), ('స్యు', '|'), ('ల', '|'), ('గు', '|'), ('చుం', 'U'), ('జ', 'U'), ('ల్లా', 'U'), ('ర్ప', '|'), ('గా', 'U'), ('లే', 'U'), ('క', '|'), ('ని', 'U'), ('చ్చ', '|'), ('లు', '|'), ('నీ', 'U'), ('పా', 'U'), ('ద', '|'), ('ము', '|'), ('లే', 'U'), ('భ', '|'), ('జిం', 'U'), ('చె', '|'), ('ద', '|'), ('రు', '|'), ('కృ', 'U'), ('ష్ణా', 'U'), ('దే', 'U'), ('వ', '|'), ('కీ', 'U'), ('నం', 'U'), ('ద', '|'), ('నా', 'U')]",0.9928571428571429,1.0,1.0,0.9642857142857143,1.0,1.0
mattebhamu,"మొఱయాలింపవొ మానమున్నిలుపవో ముల్లోకమేలింపవో
మఱదీయంచును వెంటనేతిరుగవో మన్నింపవో యందుమో
కరినో ద్రౌపదినో సురాధిపతినో గాండీవినో యెవ్వఁడ\న్‌
ధర ని\న్‌ గొల్చినవారిలో నొకఁడ కృష్ణా దేవకీనందనా.",vruttamu,Devakinandana,"[('మొ', '|'), ('ఱ', '|'), ('యా', 'U'), ('లిం', 'U'), ('ప', '|'), ('వొ', '|'), ('మా', 'U'), ('న', '|'), ('ము', 'U'), ('న్ని', '|'), ('లు', '|'), ('ప', '|'), ('వో', 'U'), ('ము', 'U'), ('ల్లో', 'U'), ('క', '|'), ('మే', 'U'), ('లిం', 'U'), ('ప', '|'), ('వో', 'U'), ('మ', '|'), ('ఱ', '|'), ('దీ', 'U'), ('యం', 'U'), ('చు', '|'), ('ను', '|'), ('వెం', 'U'), ('ట', '|'), ('నే', 'U'), ('తి', '|'), ('రు', '|'), ('గ', '|'), ('వో', 'U'), ('మ', 'U'), ('న్నిం', 'U'), ('ప', '|'), ('వో', 'U'), ('యం', 'U'), ('దు', '|'), ('మో', 'U'), ('క', '|'), ('రి', '|'), ('నో', 'U'), ('ద్రౌ', 'U'), ('ప', '|'), ('ది', '|'), ('నో', 'U'), ('సు', '|'), ('రా', 'U'), ('ధి', '|'), ('ప', '|'), ('తి', '|'), ('నో', 'U'), ('గాం', 'U'), ('డీ', 'U'), ('వి', '|'), ('నో', 'U'), ('యె', 'U'), ('వ్వ', '|'), ('డన్', 'U'), ('ధ', '|'), ('ర', '|'), ('ని', 'U'), ('న్గొ', 'U'), ('ల్చి', '|'), ('న', '|'), ('వా', 'U'), ('రి', '|'), ('లో', 'U'), ('నొ', '|'), ('క', '|'), ('డ', '|'), ('కృ', 'U'), ('ష్ణా', 'U'), ('దే', 'U'), ('వ', '|'), ('కీ', 'U'), ('నం', 'U'), ('ద', '|'), ('నా', 'U')]",0.85,1.0,1.0,1.0,0.75,0.5
mattebhamu,"కుటిలారాతినిశాటకోటికదళీకూటాటవీభంజనో
ద్భటమత్తద్విపకేళిలోలము సముత్ప్రావీణ్య దైత్యాంగనా
స్ఫుట ముక్తామణిరత్నహార తిలకాపుంజాతలూనక్రియా
చటులజ్వాలము నీసుదర్శనము కృష్ణా దేవకీనందనా.",vruttamu,Devakinandana,"[('కు', '|'), ('టి', '|'), ('లా', 'U'), ('రా', 'U'), ('తి', '|'), ('ని', '|'), ('శా', 'U'), ('ట', '|'), ('కో', 'U'), ('టి', '|'), ('క', '|'), ('ద', '|'), ('ళీ', 'U'), ('కూ', 'U'), ('టా', 'U'), ('ట', '|'), ('వీ', 'U'), ('భం', 'U'), ('జ', '|'), ('నో', 'U'), ('ద్భ', '|'), ('ట', '|'), ('మ', 'U'), ('త్త', 'U'), ('ద్వి', '|'), ('ప', '|'), ('కే', 'U'), ('ళి', '|'), ('లో', 'U'), ('ల', '|'), ('ము', '|'), ('స', '|'), ('ము', 'U'), ('త్ప్రా', 'U'), ('వీ', 'U'), ('ణ్య', '|'), ('దై', 'U'), ('త్యాం', 'U'), ('గ', '|'), ('నా', 'U'), ('స్ఫు', '|'), ('ట', '|'), ('ము', 'U'), ('క్తా', 'U'), ('మ', '|'), ('ణి', '|'), ('ర', 'U'), ('త్న', '|'), ('హా', 'U'), ('ర', '|'), ('తి', '|'), ('ల', '|'), ('కా', 'U'), ('పుం', 'U'), ('జా', 'U'), ('త', '|'), ('లూ', 'U'), ('న', '|'), ('క్రి', '|'), ('యా', 'U'), ('చ', '|'), ('టు', '|'), ('ల', 'U'), ('జ్వా', 'U'), ('ల', '|'), ('ము', '|'), ('నీ', 'U'), ('సు', '|'), ('ద', 'U'), ('ర్శ', '|'), ('న', '|'), ('ము', '|'), ('కృ', 'U'), ('ష్ణా', 'U'), ('దే', 'U'), ('వ', '|'), ('కీ', 'U'), ('నం', 'U'), ('ద', '|'), ('నా', 'U')]",0.9928571428571429,1.0,1.0,0.9642857142857143,1.0,1.0
mattebhamu,"కులిశానేక సహస్రకోటి నిశితక్రూరోరుధారాముఖా
కలితార్చి ప్రభవ ప్రభావ త్రిజగత్కల్యాణసంధాయియై
విలసిల్లు\న్‌ భవదీయచక్రమఖిలోర్వీభారనిర్వాపణో
జ్జ్వలనిర్వాహపరాక్రమక్రమణ కృష్ణా దేవకీనందనా.",vruttamu,Devakinandana,"[('కు', '|'), ('లి', '|'), ('శా', 'U'), ('నే', 'U'), ('క', '|'), ('స', '|'), ('హ', '|'), ('స్ర', '|'), ('కో', 'U'), ('టి', '|'), ('ని', '|'), ('శి', '|'), ('త', '|'), ('క్రూ', 'U'), ('రో', 'U'), ('రు', '|'), ('ధా', 'U'), ('రా', 'U'), ('ము', '|'), ('ఖా', 'U'), ('క', '|'), ('లి', '|'), ('తా', 'U'), ('ర్చి', '|'), ('ప్ర', '|'), ('భ', '|'), ('వ', '|'), ('ప్ర', '|'), ('భా', 'U'), ('వ', '|'), ('త్రి', '|'), ('జ', '|'), ('గ', 'U'), ('త్క', 'U'), ('ల్యా', 'U'), ('ణ', '|'), ('సం', 'U'), ('ధా', 'U'), ('యి', '|'), ('యై', 'U'), ('వి', '|'), ('ల', '|'), ('సి', 'U'), ('ల్లు', 'U'), ('న్భ', '|'), ('వ', '|'), ('దీ', 'U'), ('య', '|'), ('చ', '|'), ('క్ర', '|'), ('మ', '|'), ('ఖి', '|'), ('లో', 'U'), ('ర్వీ', 'U'), ('భా', 'U'), ('ర', '|'), ('ని', 'U'), ('ర్వా', 'U'), ('ప', '|'), ('ణో', 'U'), ('జ్జ్వ', '|'), ('ల', '|'), ('ని', 'U'), ('ర్వా', 'U'), ('హ', '|'), ('ప', '|'), ('రా', 'U'), ('క్ర', '|'), ('మ', '|'), ('క్ర', '|'), ('మ', '|'), ('ణ', '|'), ('కృ', 'U'), ('ష్ణా', 'U'), ('దే', 'U'), ('వ', '|'), ('కీ', 'U'), ('నం', 'U'), ('ద', '|'), ('నా', 'U')]",0.9571428571428571,1.0,1.0,0.7857142857142857,1.0,1.0
mattebhamu,"అతికాకోల కరాళ కాయక కఠోరాశీ విషావిర్భవ
క్షతినోనాటిన నాఁటిపాటు తలఁప\న్‌ శంకించి యుంకించె దౌ
సతతోద్వర్తుల వర్ణ సర్వభయదాంచత్పింఛ చూడావతం
సతతం గారుడకేతనోద్ధృతియు కృష్ణా దేవకీనందనా.",vruttamu,Devakinandana,"[('అ', '|'), ('తి', '|'), ('కా', 'U'), ('కో', 'U'), ('ల', '|'), ('క', '|'), ('రా', 'U'), ('ళ', '|'), ('కా', 'U'), ('య', '|'), ('క', '|'), ('క', '|'), ('ఠో', 'U'), ('రా', 'U'), ('శీ', 'U'), ('వి', '|'), ('షా', 'U'), ('వి', 'U'), ('ర్భ', '|'), ('వ', 'U'), ('క్ష', '|'), ('తి', '|'), ('నో', 'U'), ('నా', 'U'), ('టి', '|'), ('న', '|'), ('నా', 'U'), ('టి', '|'), ('పా', 'U'), ('టు', '|'), ('త', '|'), ('ల', '|'), ('ప', 'U'), ('న్శం', 'U'), ('కిం', 'U'), ('చి', '|'), ('యుం', 'U'), ('కిం', 'U'), ('చె', '|'), ('దౌ', 'U'), ('స', '|'), ('త', '|'), ('తో', 'U'), ('ద్వ', 'U'), ('ర్తు', '|'), ('ల', '|'), ('వ', 'U'), ('ర్ణ', '|'), ('స', 'U'), ('ర్వ', '|'), ('భ', '|'), ('య', '|'), ('దాం', 'U'), ('చ', 'U'), ('త్పిం', 'U'), ('ఛ', '|'), ('చూ', 'U'), ('డా', 'U'), ('వ', '|'), ('తం', 'U'), ('స', '|'), ('త', '|'), ('తం', 'U'), ('గా', 'U'), ('రు', '|'), ('డ', '|'), ('కే', 'U'), ('త', '|'), ('నో', 'U'), ('ద్ధృ', '|'), ('తి', '|'), ('యు', '|'), ('కృ', 'U'), ('ష్ణా', 'U'), ('దే', 'U'), ('వ', '|'), ('కీ', 'U'), ('నం', 'U'), ('ద', '|'), ('నా', 'U')]",0.95,1.0,1.0,1.0,0.75,1.0
saardulamu,"నక్రోదగ్రతఁ బ్రాణవాయువులు మేన న్నిల్వఁగా నోప వో
చక్రీ న\న్‌ దయ గావు మన్నకరుణ\న్‌ జాజ్జ్వల్యచక్రంబుచే
నక్రంబుం దెగఁ జూచి కాచితిగదా నాగంబు వేగంబున\న్‌
శక్రాద్యామరవందితాంఘ్రియుగ కృష్ణా దేవకీనందనా.",vruttamu,Devakinandana,"[('న', '|'), ('క్రో', 'U'), ('ద', '|'), ('గ్ర', '|'), ('త', '|'), ('బ్రా', 'U'), ('ణ', '|'), ('వా', 'U'), ('యు', '|'), ('వు', '|'), ('లు', '|'), ('మే', 'U'), ('న', 'U'), ('న్ని', 'U'), ('ల్వ', '|'), ('గా', 'U'), ('నో', 'U'), ('ప', '|'), ('వో', 'U'), ('చ', '|'), ('క్రీ', 'U'), ('న', 'U'), ('న్ద', '|'), ('య', '|'), ('గా', 'U'), ('వు', '|'), ('మ', 'U'), ('న్న', '|'), ('క', '|'), ('రు', '|'), ('ణ', 'U'), ('న్జా', 'U'), ('జ్జ్వ', 'U'), ('ల్య', '|'), ('చ', '|'), ('క్రం', 'U'), ('బు', '|'), ('చే', 'U'), ('న', '|'), ('క్రం', 'U'), ('బుం', 'U'), ('దె', '|'), ('గ', '|'), ('జూ', 'U'), ('చి', '|'), ('కా', 'U'), ('చి', '|'), ('తి', '|'), ('గ', '|'), ('దా', 'U'), ('నా', 'U'), ('గం', 'U'), ('బు', '|'), ('వే', 'U'), ('గం', 'U'), ('బు', '|'), ('నన్', 'U'), ('శ', '|'), ('క్రా', 'U'), ('ద్యా', 'U'), ('మ', '|'), ('ర', '|'), ('వం', 'U'), ('ది', '|'), ('తాం', 'U'), ('ఘ్రి', '|'), ('యు', '|'), ('గ', '|'), ('కృ', 'U'), ('ష్ణా', 'U'), ('దే', 'U'), ('వ', '|'), ('కీ', 'U'), ('నం', 'U'), ('ద', '|'), ('నా', 'U')]",0.9642857142857142,1.0,1.0,0.8214285714285714,1.0,1.0
mattebhamu,"కరి నేలింది హుళక్కి ద్రౌపదికి కోకల్‌ మెచ్చి యిచ్చింది ద
బ్బర కాకాసురునిం గటాక్షమునఁ జేపట్టిం దబద్ధం బహో
శరణన్న బగవానితమ్మునికి రాజ్యం బిచ్చుట ల్కల్ల యి
త్తఱి నన్నేలిన నిక్క మీకథలు కృష్ణా దేవకీనందనా.",vruttamu,Devakinandana,"[('క', '|'), ('రి', '|'), ('నే', 'U'), ('లిం', 'U'), ('ది', '|'), ('హు', '|'), ('ళ', 'U'), ('క్కి', '|'), ('ద్రౌ', 'U'), ('ప', '|'), ('ది', '|'), ('కి', '|'), ('కో', 'U'), ('క', 'U'), ('ల్మె', 'U'), ('చ్చి', '|'), ('యి', 'U'), ('చ్చిం', 'U'), ('ది', '|'), ('ద', 'U'), ('బ్బ', '|'), ('ర', '|'), ('కా', 'U'), ('కా', 'U'), ('సు', '|'), ('రు', '|'), ('నిం', 'U'), ('గ', '|'), ('టా', 'U'), ('క్ష', '|'), ('ము', '|'), ('న', '|'), ('జే', 'U'), ('ప', 'U'), ('ట్టిం', 'U'), ('ద', '|'), ('బ', 'U'), ('ద్ధం', 'U'), ('బ', '|'), ('హో', 'U'), ('శ', '|'), ('ర', '|'), ('ణ', 'U'), ('న్న', '|'), ('బ', '|'), ('గ', '|'), ('వా', 'U'), ('ని', '|'), ('త', 'U'), ('మ్ము', '|'), ('ని', '|'), ('కి', '|'), ('రా', 'U'), ('జ్యం', 'U'), ('బి', 'U'), ('చ్చు', '|'), ('ట', 'U'), ('ల్క', 'U'), ('ల్ల', '|'), ('యి', 'U'), ('త్త', '|'), ('ఱి', '|'), ('న', 'U'), ('న్నే', 'U'), ('లి', '|'), ('న', '|'), ('ని', 'U'), ('క్క', '|'), ('మీ', 'U'), ('క', '|'), ('థ', '|'), ('లు', '|'), ('కృ', 'U'), ('ష్ణా', 'U'), ('దే', 'U'), ('వ', '|'), ('కీ', 'U'), ('నం', 'U'), ('ద', '|'), ('నా', 'U')]",0.8928571428571429,1.0,1.0,0.9642857142857143,0.75,0.75
kandamu,"ఈకృష్ణశతక మెప్పుడు
పైకొని విన్నట్టివారు వ్రాసినవారల్‌
చేకొని పఠించువారలు
శ్రీకృష్ణునికరుణ కలిగి చెలఁగుదు రెలమిన్‌.",jaathi,Devakinandana,"[('ఈ', 'U'), ('కృ', 'U'), ('ష్ణ', '|'), ('శ', '|'), ('త', '|'), ('క', '|'), ('మె', 'U'), ('ప్పు', '|'), ('డు', '|'), ('పై', 'U'), ('కొ', '|'), ('ని', '|'), ('వి', 'U'), ('న్న', 'U'), ('ట్టి', '|'), ('వా', 'U'), ('రు', '|'), ('వ్రా', 'U'), ('సి', '|'), ('న', '|'), ('వా', 'U'), ('రల్', 'U'), ('చే', 'U'), ('కొ', '|'), ('ని', '|'), ('ప', '|'), ('ఠిం', 'U'), ('చు', '|'), ('వా', 'U'), ('ర', '|'), ('లు', '|'), ('శ్రీ', 'U'), ('కృ', 'U'), ('ష్ణు', '|'), ('ని', '|'), ('క', '|'), ('రు', '|'), ('ణ', '|'), ('క', '|'), ('లి', '|'), ('గి', '|'), ('చె', '|'), ('ల', '|'), ('గు', '|'), ('దు', '|'), ('రె', '|'), ('ల', '|'), ('మిన్', 'U')]",0.875,-1.0,1.0,1.0,0.5,1.0
kandamu,"శ్రీ రుక్మిణీశ కేశవ
నారద సంగీతలోల నగధర శౌరీ
ద్వారకనిలయ జనార్దన
కారుణ్యముతోడ మమ్ముఁ గావుము కృష్ణా.",jaathi,Krishna,"[('శ్రీ', 'U'), ('రు', 'U'), ('క్మి', '|'), ('ణీ', 'U'), ('శ', '|'), ('కే', 'U'), ('శ', '|'), ('వ', '|'), ('నా', 'U'), ('ర', '|'), ('ద', '|'), ('సం', 'U'), ('గీ', 'U'), ('త', '|'), ('లో', 'U'), ('ల', '|'), ('న', '|'), ('గ', '|'), ('ధ', '|'), ('ర', '|'), ('శౌ', 'U'), ('రీ', 'U'), ('ద్వా', 'U'), ('ర', '|'), ('క', '|'), ('ని', '|'), ('ల', '|'), ('య', '|'), ('జ', '|'), ('నా', 'U'), ('ర్ద', '|'), ('న', '|'), ('కా', 'U'), ('రు', 'U'), ('ణ్య', '|'), ('ము', '|'), ('తో', 'U'), ('డ', '|'), ('మ', 'U'), ('మ్ము', '|'), ('గా', 'U'), ('వు', '|'), ('ము', '|'), ('కృ', 'U'), ('ష్ణా', 'U')]",1.0,-1.0,1.0,1.0,1.0,1.0
kandamu,"నీవే తల్లివి తండ్రివి
నీవే నా తోడు నీడ నీవే సఖుడౌ
నీవే గురుడవు దైవము
నీవే నా పతియు గతియు నిజముగఁ గృష్ణా.",jaathi,Krishna,"[('నీ', 'U'), ('వే', 'U'), ('త', 'U'), ('ల్లి', '|'), ('వి', '|'), ('తం', 'U'), ('డ్రి', '|'), ('వి', '|'), ('నీ', 'U'), ('వే', 'U'), ('నా', 'U'), ('తో', 'U'), ('డు', '|'), ('నీ', 'U'), ('డ', '|'), ('నీ', 'U'), ('వే', 'U'), ('స', '|'), ('ఖు', '|'), ('డౌ', 'U'), ('నీ', 'U'), ('వే', 'U'), ('గు', '|'), ('రు', '|'), ('డ', '|'), ('వు', '|'), ('దై', 'U'), ('వ', '|'), ('ము', '|'), ('నీ', 'U'), ('వే', 'U'), ('నా', 'U'), ('ప', '|'), ('తి', '|'), ('యు', '|'), ('గ', '|'), ('తి', '|'), ('యు', '|'), ('ని', '|'), ('జ', '|'), ('ము', '|'), ('గ', '|'), ('గృ', 'U'), ('ష్ణా', 'U')]",1.0,-1.0,1.0,1.0,1.0,1.0
kandamu,"నారాయణ పరమేశ్వర
ధారాధర నీలదేహ దానవవైరీ
క్షీరాబ్ధిశయన యదుకుల
వీరా ననుగావు కరుణ వెలయగఁ గృష్ణా.",jaathi,Krishna,"[('నా', 'U'), ('రా', 'U'), ('య', '|'), ('ణ', '|'), ('ప', '|'), ('ర', '|'), ('మే', 'U'), ('శ్వ', '|'), ('ర', '|'), ('ధా', 'U'), ('రా', 'U'), ('ధ', '|'), ('ర', '|'), ('నీ', 'U'), ('ల', '|'), ('దే', 'U'), ('హ', '|'), ('దా', 'U'), ('న', '|'), ('వ', '|'), ('వై', 'U'), ('రీ', 'U'), ('క్షీ', 'U'), ('రా', 'U'), ('బ్ధి', '|'), ('శ', '|'), ('య', '|'), ('న', '|'), ('య', '|'), ('దు', '|'), ('కు', '|'), ('ల', '|'), ('వీ', 'U'), ('రా', 'U'), ('న', '|'), ('ను', '|'), ('గా', 'U'), ('వు', '|'), ('క', '|'), ('రు', '|'), ('ణ', '|'), ('వె', '|'), ('ల', '|'), ('య', '|'), ('గ', '|'), ('గృ', 'U'), ('ష్ణా', 'U')]",1.0,-1.0,1.0,1.0,1.0,1.0
kandamu,"హరి యను రెండక్షరములు
హరియించును పాతకముల నంబుజనాభా
హరి నీ నామమహత్త్వము
హరి హరి పొగడంగ వశమె హరి శ్రీ కృష్ణా.",jaathi,Krishna,"[('హ', '|'), ('రి', '|'), ('య', '|'), ('ను', '|'), ('రెం', 'U'), ('డ', 'U'), ('క్ష', '|'), ('ర', '|'), ('ము', '|'), ('లు', '|'), ('హ', '|'), ('రి', '|'), ('యిం', 'U'), ('చు', '|'), ('ను', '|'), ('పా', 'U'), ('త', '|'), ('క', '|'), ('ము', '|'), ('ల', '|'), ('నం', 'U'), ('బు', '|'), ('జ', '|'), ('నా', 'U'), ('భా', 'U'), ('హ', '|'), ('రి', '|'), ('నీ', 'U'), ('నా', 'U'), ('మ', '|'), ('మ', '|'), ('హ', 'U'), ('త్త్వ', '|'), ('ము', '|'), ('హ', '|'), ('రి', '|'), ('హ', '|'), ('రి', '|'), ('పొ', '|'), ('గ', '|'), ('డం', 'U'), ('గ', '|'), ('వ', '|'), ('శ', '|'), ('మె', '|'), ('హ', '|'), ('రి', '|'), ('శ్రీ', 'U'), ('కృ', 'U'), ('ష్ణా', 'U')]",0.875,-1.0,1.0,1.0,0.5,1.0
kandamu,"క్రూరాత్ముఁ డజామీళుఁడు
నారాయణ యనుచు నాత్మనందనుఁ బిలువ
నేరీతి నేలుకొంటివి
యేరీ నీసాటి వేల్పు లెందును కృష్ణా.",jaathi,Krishna,"[('క్రూ', 'U'), ('రా', 'U'), ('త్ము', '|'), ('డ', '|'), ('జా', 'U'), ('మీ', 'U'), ('ళు', '|'), ('డు', '|'), ('నా', 'U'), ('రా', 'U'), ('య', '|'), ('ణ', '|'), ('య', '|'), ('ను', '|'), ('చు', '|'), ('నా', 'U'), ('త్మ', '|'), ('నం', 'U'), ('ద', '|'), ('ను', '|'), ('బి', '|'), ('లు', '|'), ('వ', '|'), ('నే', 'U'), ('రీ', 'U'), ('తి', '|'), ('నే', 'U'), ('లు', '|'), ('కొం', 'U'), ('టి', '|'), ('వి', '|'), ('యే', 'U'), ('రీ', 'U'), ('నీ', 'U'), ('సా', 'U'), ('టి', '|'), ('వే', 'U'), ('ల్పు', '|'), ('లెం', 'U'), ('దు', '|'), ('ను', '|'), ('కృ', 'U'), ('ష్ణా', 'U')]",0.859375,-1.0,1.0,0.9375,0.5,1.0
kandamu,"చిలుక నొకరమణి ముద్దులు
చిలుకను శ్రీరామ యనుచు శ్రీపతి పేరన్‌
బిలిచిన మోక్షము నిచ్చితి
వలరఁగ మిముఁ దలఁచు జనుల కరుదా కృష్ణా.",jaathi,Krishna,"[('చి', '|'), ('లు', '|'), ('క', '|'), ('నొ', '|'), ('క', '|'), ('ర', '|'), ('మ', '|'), ('ణి', '|'), ('ము', 'U'), ('ద్దు', '|'), ('లు', '|'), ('చి', '|'), ('లు', '|'), ('క', '|'), ('ను', '|'), ('శ్రీ', 'U'), ('రా', 'U'), ('మ', '|'), ('య', '|'), ('ను', '|'), ('చు', '|'), ('శ్రీ', 'U'), ('ప', '|'), ('తి', '|'), ('పే', 'U'), ('రన్', 'U'), ('బి', '|'), ('లి', '|'), ('చి', '|'), ('న', '|'), ('మో', 'U'), ('క్ష', '|'), ('ము', '|'), ('ని', 'U'), ('చ్చి', '|'), ('తి', '|'), ('వ', '|'), ('ల', '|'), ('ర', '|'), ('గ', '|'), ('మి', '|'), ('ము', '|'), ('ద', '|'), ('ల', '|'), ('చు', '|'), ('జ', '|'), ('ను', '|'), ('ల', '|'), ('క', '|'), ('రు', '|'), ('దా', 'U'), ('కృ', 'U'), ('ష్ణా', 'U')]",0.875,-1.0,1.0,1.0,0.5,1.0
kandamu,"అక్రూరవరద మాధవ
చక్రాయుధ ఖడ్గపాణి శౌరి ముకుందా
శక్రాది దివిజసన్నుత
శుక్రార్చిత నన్నుఁ గరుణ జూడుము కృష్ణా.",jaathi,Krishna,"[('అ', '|'), ('క్రూ', 'U'), ('ర', '|'), ('వ', '|'), ('ర', '|'), ('ద', '|'), ('మా', 'U'), ('ధ', '|'), ('వ', '|'), ('చ', '|'), ('క్రా', 'U'), ('యు', '|'), ('ధ', '|'), ('ఖ', 'U'), ('డ్గ', '|'), ('పా', 'U'), ('ణి', '|'), ('శౌ', 'U'), ('రి', '|'), ('ము', '|'), ('కుం', 'U'), ('దా', 'U'), ('శ', '|'), ('క్రా', 'U'), ('ది', '|'), ('ది', '|'), ('వి', '|'), ('జ', '|'), ('స', 'U'), ('న్ను', '|'), ('త', '|'), ('శు', '|'), ('క్రా', 'U'), ('ర్చి', '|'), ('త', '|'), ('న', 'U'), ('న్ను', '|'), ('గ', '|'), ('రు', '|'), ('ణ', '|'), ('జూ', 'U'), ('డు', '|'), ('ము', '|'), ('కృ', 'U'), ('ష్ణా', 'U')]",0.421875,-1.0,1.0,0.4375,0.0,0.25
kandamu,"నందుని ముద్దుల పట్టివి
మంధరగిరిధరుని హరిని మాధవు విష్ణున్‌
సుందర రూపుని మునిగణ
వందితు నినుఁ దలఁతు భక్త వత్సల కృష్ణా.",jaathi,Krishna,"[('నం', 'U'), ('దు', '|'), ('ని', '|'), ('ము', 'U'), ('ద్దు', '|'), ('ల', '|'), ('ప', 'U'), ('ట్టి', '|'), ('వి', '|'), ('మం', 'U'), ('ధ', '|'), ('ర', '|'), ('గి', '|'), ('రి', '|'), ('ధ', '|'), ('రు', '|'), ('ని', '|'), ('హ', '|'), ('రి', '|'), ('ని', '|'), ('మా', 'U'), ('ధ', '|'), ('వు', '|'), ('వి', 'U'), ('ష్ణున్', 'U'), ('సుం', 'U'), ('ద', '|'), ('ర', '|'), ('రూ', 'U'), ('పు', '|'), ('ని', '|'), ('ము', '|'), ('ని', '|'), ('గ', '|'), ('ణ', '|'), ('వం', 'U'), ('ది', '|'), ('తు', '|'), ('ని', '|'), ('ను', '|'), ('ద', '|'), ('ల', '|'), ('తు', '|'), ('భ', 'U'), ('క్త', '|'), ('వ', 'U'), ('త్స', '|'), ('ల', '|'), ('కృ', 'U'), ('ష్ణా', 'U')]",0.9375,-1.0,1.0,1.0,1.0,0.75
kandamu,"ఓ కారుణ్యపయోనిధి
నా కాధారంబ వగుచు నయముగఁ బ్రోవ\న్‌
నాకేల యితర చింతలు
నాకాధిపవినుత లోక నాయక కృష్ణా.",jaathi,Krishna,"[('ఓ', 'U'), ('కా', 'U'), ('రు', 'U'), ('ణ్య', '|'), ('ప', '|'), ('యో', 'U'), ('ని', '|'), ('ధి', '|'), ('నా', 'U'), ('కా', 'U'), ('ధా', 'U'), ('రం', 'U'), ('బ', '|'), ('వ', '|'), ('గు', '|'), ('చు', '|'), ('న', '|'), ('య', '|'), ('ము', '|'), ('గ', '|'), ('బ్రో', 'U'), ('వన్', 'U'), ('నా', 'U'), ('కే', 'U'), ('ల', '|'), ('యి', '|'), ('త', '|'), ('ర', '|'), ('చిం', 'U'), ('త', '|'), ('లు', '|'), ('నా', 'U'), ('కా', 'U'), ('ధి', '|'), ('ప', '|'), ('వి', '|'), ('ను', '|'), ('త', '|'), ('లో', 'U'), ('క', '|'), ('నా', 'U'), ('య', '|'), ('క', '|'), ('కృ', 'U'), ('ష్ణా', 'U')]",1.0,-1.0,1.0,1.0,1.0,1.0
kandamu,"వేదంబులు గననేరని
ఆది పరబ్రహ్మమూర్తి వనఘ మురారీ
నాదిక్కుఁజూచి కావుము
నీ దిక్కే నమ్మినాఁడ నిజముగఁ గృష్ణా.",jaathi,Krishna,"[('వే', 'U'), ('దం', 'U'), ('బు', '|'), ('లు', '|'), ('గ', '|'), ('న', '|'), ('నే', 'U'), ('ర', '|'), ('ని', '|'), ('ఆ', 'U'), ('ది', '|'), ('ప', '|'), ('ర', '|'), ('బ్ర', 'U'), ('హ్మ', '|'), ('మూ', 'U'), ('ర్తి', '|'), ('వ', '|'), ('న', '|'), ('ఘ', '|'), ('ము', '|'), ('రా', 'U'), ('రీ', 'U'), ('నా', 'U'), ('ది', 'U'), ('క్కు', '|'), ('జూ', 'U'), ('చి', '|'), ('కా', 'U'), ('వు', '|'), ('ము', '|'), ('నీ', 'U'), ('ది', 'U'), ('క్కే', 'U'), ('న', 'U'), ('మ్మి', '|'), ('నా', 'U'), ('డ', '|'), ('ని', '|'), ('జ', '|'), ('ము', '|'), ('గ', '|'), ('గృ', 'U'), ('ష్ణా', 'U')]",0.515625,-1.0,1.0,0.5625,0.0,0.5
kandamu,"పదునాలుగు భువనంబులు
కుదురుగ నీకుక్షి నిల్పుకొను నేర్పరివై
విదితంబుగ నాదేవకి
యుదరములో నెట్టులొదిగి యుంటివి కృష్ణా.",jaathi,Krishna,"[('ప', '|'), ('దు', '|'), ('నా', 'U'), ('లు', '|'), ('గు', '|'), ('భు', '|'), ('వ', '|'), ('నం', 'U'), ('బు', '|'), ('లు', '|'), ('కు', '|'), ('దు', '|'), ('రు', '|'), ('గ', '|'), ('నీ', 'U'), ('కు', 'U'), ('క్షి', '|'), ('ని', 'U'), ('ల్పు', '|'), ('కొ', '|'), ('ను', '|'), ('నే', 'U'), ('ర్ప', '|'), ('రి', '|'), ('వై', 'U'), ('వి', '|'), ('ది', '|'), ('తం', 'U'), ('బు', '|'), ('గ', '|'), ('నా', 'U'), ('దే', 'U'), ('వ', '|'), ('కి', '|'), ('యు', '|'), ('ద', '|'), ('ర', '|'), ('ము', '|'), ('లో', 'U'), ('నె', 'U'), ('ట్టు', '|'), ('లొ', '|'), ('ది', '|'), ('గి', '|'), ('యుం', 'U'), ('టి', '|'), ('వి', '|'), ('కృ', 'U'), ('ష్ణా', 'U')]",1.0,-1.0,1.0,1.0,1.0,1.0
kandamu,"అష్టమి రోహిణి ప్రొద్దున
నష్టమగర్భమునఁ బుట్టి యాదేవకికిన్‌
దుష్టునిఁ గంసు వధింపవె
సృష్టి ప్రతిపాలనంబు సేయఁగఁ గృష్ణా.",jaathi,Krishna,"[('అ', 'U'), ('ష్ట', '|'), ('మి', '|'), ('రో', 'U'), ('హి', '|'), ('ణి', '|'), ('ప్రొ', 'U'), ('ద్దు', '|'), ('న', '|'), ('న', 'U'), ('ష్ట', '|'), ('మ', '|'), ('గ', 'U'), ('ర్భ', '|'), ('ము', '|'), ('న', '|'), ('బు', 'U'), ('ట్టి', '|'), ('యా', 'U'), ('దే', 'U'), ('వ', '|'), ('కి', '|'), ('కిన్', 'U'), ('దు', 'U'), ('ష్టు', '|'), ('ని', '|'), ('గం', 'U'), ('సు', '|'), ('వ', '|'), ('ధిం', 'U'), ('ప', '|'), ('వె', '|'), ('సృ', 'U'), ('ష్టి', '|'), ('ప్ర', '|'), ('తి', '|'), ('పా', 'U'), ('ల', '|'), ('నం', 'U'), ('బు', '|'), ('సే', 'U'), ('య', '|'), ('గ', '|'), ('గృ', 'U'), ('ష్ణా', 'U')]",0.703125,-1.0,1.0,0.8125,0.0,1.0
kandamu,"అల్ల జగన్నాథుకు వ్రే
పల్లియ క్రీడార్థ మయ్యెఁ పరమాత్మునకున్‌
గొల్లసతి యా యశోదయుఁ
దల్లియునై చన్నుగుడిపెఁ దనరఁగఁ కృష్ణా.",jaathi,Krishna,"[('అ', 'U'), ('ల్ల', '|'), ('జ', '|'), ('గ', 'U'), ('న్నా', 'U'), ('థు', '|'), ('కు', '|'), ('వ్రే', 'U'), ('ప', 'U'), ('ల్లి', '|'), ('య', '|'), ('క్రీ', 'U'), ('డా', 'U'), ('ర్థ', '|'), ('మ', 'U'), ('య్యె', '|'), ('ప', '|'), ('ర', '|'), ('మా', 'U'), ('త్ము', '|'), ('న', '|'), ('కున్', 'U'), ('గొ', 'U'), ('ల్ల', '|'), ('స', '|'), ('తి', '|'), ('యా', 'U'), ('య', '|'), ('శో', 'U'), ('ద', '|'), ('యు', '|'), ('ద', 'U'), ('ల్లి', '|'), ('యు', '|'), ('నై', 'U'), ('చ', 'U'), ('న్ను', '|'), ('గు', '|'), ('డి', '|'), ('పె', '|'), ('ద', '|'), ('న', '|'), ('ర', '|'), ('గ', '|'), ('కృ', 'U'), ('ష్ణా', 'U')]",1.0,-1.0,1.0,1.0,1.0,1.0
kandamu,"అందెలు గజ్జెలు మ్రోయఁగఁ
జిందులు ద్రొక్కుచును వేడ్క చెలువారంగా
నందుని సతి యాగోపిక
ముందఱ నాడుదువు మిగుల మురియుచుఁ గృష్ణా.",jaathi,Krishna,"[('అం', 'U'), ('దె', '|'), ('లు', '|'), ('గ', 'U'), ('జ్జె', '|'), ('లు', '|'), ('మ్రో', 'U'), ('య', '|'), ('గ', '|'), ('జిం', 'U'), ('దు', '|'), ('లు', '|'), ('ద్రొ', 'U'), ('క్కు', '|'), ('చు', '|'), ('ను', '|'), ('వే', 'U'), ('డ్క', '|'), ('చె', '|'), ('లు', '|'), ('వా', 'U'), ('రం', 'U'), ('గా', 'U'), ('నం', 'U'), ('దు', '|'), ('ని', '|'), ('స', '|'), ('తి', '|'), ('యా', 'U'), ('గో', 'U'), ('పి', '|'), ('క', '|'), ('ముం', 'U'), ('ద', '|'), ('ఱ', '|'), ('నా', 'U'), ('డు', '|'), ('దు', '|'), ('వు', '|'), ('మి', '|'), ('గు', '|'), ('ల', '|'), ('ము', '|'), ('రి', '|'), ('యు', '|'), ('చు', '|'), ('గృ', 'U'), ('ష్ణా', 'U')]",1.0,-1.0,1.0,1.0,1.0,1.0
kandamu,"హరిచందనంబు మేనునఁ
గరమొప్పెడు హస్తములను గంకణ రవముల్‌
ఉరమున రత్నము మెఱయఁగఁ
బరఁగితివౌ నీవు బాల ప్రాయము కృష్ణా.",jaathi,Krishna,"[('హ', '|'), ('రి', '|'), ('చం', 'U'), ('ద', '|'), ('నం', 'U'), ('బు', '|'), ('మే', 'U'), ('ను', '|'), ('న', '|'), ('గ', '|'), ('ర', '|'), ('మొ', 'U'), ('ప్పె', '|'), ('డు', '|'), ('హ', 'U'), ('స్త', '|'), ('ము', '|'), ('ల', '|'), ('ను', '|'), ('గం', 'U'), ('క', '|'), ('ణ', '|'), ('ర', '|'), ('వ', '|'), ('ముల్', 'U'), ('ఉ', '|'), ('ర', '|'), ('ము', '|'), ('న', '|'), ('ర', 'U'), ('త్న', '|'), ('ము', '|'), ('మె', '|'), ('ఱ', '|'), ('య', '|'), ('గ', '|'), ('బ', '|'), ('ర', '|'), ('గి', '|'), ('తి', '|'), ('వౌ', 'U'), ('నీ', 'U'), ('వు', '|'), ('బా', 'U'), ('ల', '|'), ('ప్రా', 'U'), ('య', '|'), ('ము', '|'), ('కృ', 'U'), ('ష్ణా', 'U')]",1.0,-1.0,1.0,1.0,1.0,1.0
kandamu,"పాణితలంబున వెన్నయు
వేణీమూలంబునందు వెలయఁగఁ బింఛం
బాణీముత్యము ముక్కున
నాణెముగాఁదాల్చు లోక నాథుఁడ కృష్ణా.",jaathi,Krishna,"[('పా', 'U'), ('ణి', '|'), ('త', '|'), ('లం', 'U'), ('బు', '|'), ('న', '|'), ('వె', 'U'), ('న్న', '|'), ('యు', '|'), ('వే', 'U'), ('ణీ', 'U'), ('మూ', 'U'), ('లం', 'U'), ('బు', '|'), ('నం', 'U'), ('దు', '|'), ('వె', '|'), ('ల', '|'), ('య', '|'), ('గ', '|'), ('బిం', 'U'), ('ఛం', 'U'), ('బా', 'U'), ('ణీ', 'U'), ('ము', 'U'), ('త్య', '|'), ('ము', '|'), ('ము', 'U'), ('క్కు', '|'), ('న', '|'), ('నా', 'U'), ('ణె', '|'), ('ము', '|'), ('గా', 'U'), ('దా', 'U'), ('ల్చు', '|'), ('లో', 'U'), ('క', '|'), ('నా', 'U'), ('థు', '|'), ('డ', '|'), ('కృ', 'U'), ('ష్ణా', 'U')]",1.0,-1.0,1.0,1.0,1.0,1.0
kandamu,"మడుగుకుఁ జని కాళీయుని
పడగలపై భరతశాస్త్ర పద్ధతి వెలయ\న్‌
గడువేడుకతో నాడెడు
నడుగులు నా మదిని దలఁతు నచ్యుత కృష్ణా.",jaathi,Krishna,"[('మ', '|'), ('డు', '|'), ('గు', '|'), ('కు', '|'), ('జ', '|'), ('ని', '|'), ('కా', 'U'), ('ళీ', 'U'), ('యు', '|'), ('ని', '|'), ('ప', '|'), ('డ', '|'), ('గ', '|'), ('ల', '|'), ('పై', 'U'), ('భ', '|'), ('ర', '|'), ('త', '|'), ('శా', 'U'), ('స్త్ర', '|'), ('ప', 'U'), ('ద్ధ', '|'), ('తి', '|'), ('వె', '|'), ('ల', '|'), ('యన్', 'U'), ('గ', '|'), ('డు', '|'), ('వే', 'U'), ('డు', '|'), ('క', '|'), ('తో', 'U'), ('నా', 'U'), ('డె', '|'), ('డు', '|'), ('న', '|'), ('డు', '|'), ('గు', '|'), ('లు', '|'), ('నా', 'U'), ('మ', '|'), ('ది', '|'), ('ని', '|'), ('ద', '|'), ('ల', '|'), ('తు', '|'), ('న', 'U'), ('చ్యు', '|'), ('త', '|'), ('కృ', 'U'), ('ష్ణా', 'U')]",1.0,-1.0,1.0,1.0,1.0,1.0
kandamu,"బృందావనమున బ్రహ్మా
నందార్భకమూర్తి వేణు నాదము నీ వా
మందార మూలమున గో
విందా పూరింతువౌర వేడుకఁ గృష్ణా.",jaathi,Krishna,"[('బృం', 'U'), ('దా', 'U'), ('వ', '|'), ('న', '|'), ('ము', '|'), ('న', '|'), ('బ్ర', 'U'), ('హ్మా', 'U'), ('నం', 'U'), ('దా', 'U'), ('ర్భ', '|'), ('క', '|'), ('మూ', 'U'), ('ర్తి', '|'), ('వే', 'U'), ('ణు', '|'), ('నా', 'U'), ('ద', '|'), ('ము', '|'), ('నీ', 'U'), ('వా', 'U'), ('మం', 'U'), ('దా', 'U'), ('ర', '|'), ('మూ', 'U'), ('ల', '|'), ('ము', '|'), ('న', '|'), ('గో', 'U'), ('విం', 'U'), ('దా', 'U'), ('పూ', 'U'), ('రిం', 'U'), ('తు', '|'), ('వౌ', 'U'), ('ర', '|'), ('వే', 'U'), ('డు', '|'), ('క', '|'), ('గృ', 'U'), ('ష్ణా', 'U')]",1.0,-1.0,1.0,1.0,1.0,1.0
kandamu,"వారిజ నేత్రలు యమునా
వారిని జలకంబులాడ వచ్చిన నీ వా
చీరలు మ్రుచ్చిలి యిచ్చితి
నేరుపురా యదియు నీకు నీతియె కృష్ణా.",jaathi,Krishna,"[('వా', 'U'), ('రి', '|'), ('జ', '|'), ('నే', 'U'), ('త్ర', '|'), ('లు', '|'), ('య', '|'), ('ము', '|'), ('నా', 'U'), ('వా', 'U'), ('రి', '|'), ('ని', '|'), ('జ', '|'), ('ల', '|'), ('కం', 'U'), ('బు', '|'), ('లా', 'U'), ('డ', '|'), ('వ', 'U'), ('చ్చి', '|'), ('న', '|'), ('నీ', 'U'), ('వా', 'U'), ('చీ', 'U'), ('ర', '|'), ('లు', '|'), ('మ్రు', 'U'), ('చ్చి', '|'), ('లి', '|'), ('యి', 'U'), ('చ్చి', '|'), ('తి', '|'), ('నే', 'U'), ('రు', '|'), ('పు', '|'), ('రా', 'U'), ('య', '|'), ('ది', '|'), ('యు', '|'), ('నీ', 'U'), ('కు', '|'), ('నీ', 'U'), ('తి', '|'), ('యె', '|'), ('కృ', 'U'), ('ష్ణా', 'U')]",1.0,-1.0,1.0,1.0,1.0,1.0
kandamu,"దేవేంద్రుఁ డలుకతోడను
వావిరిగా ఱాళ్ళవాన వడిఁ గురియింప\న్‌
గోవర్ధనగిరి యెత్తితి
గోవుల గోపకులఁ గాచు కొఱకై కృష్ణా.",jaathi,Krishna,"[('దే', 'U'), ('వేం', 'U'), ('ద్రు', '|'), ('డ', '|'), ('లు', '|'), ('క', '|'), ('తో', 'U'), ('డ', '|'), ('ను', '|'), ('వా', 'U'), ('వి', '|'), ('రి', '|'), ('గా', 'U'), ('ఱా', 'U'), ('ళ్ళ', '|'), ('వా', 'U'), ('న', '|'), ('వ', '|'), ('డి', '|'), ('గు', '|'), ('రి', '|'), ('యిం', 'U'), ('పన్', 'U'), ('గో', 'U'), ('వ', 'U'), ('ర్ధ', '|'), ('న', '|'), ('గి', '|'), ('రి', '|'), ('యె', 'U'), ('త్తి', '|'), ('తి', '|'), ('గో', 'U'), ('వు', '|'), ('ల', '|'), ('గో', 'U'), ('ప', '|'), ('కు', '|'), ('ల', '|'), ('గా', 'U'), ('చు', '|'), ('కొ', '|'), ('ఱ', '|'), ('కై', 'U'), ('కృ', 'U'), ('ష్ణా', 'U')]",1.0,-1.0,1.0,1.0,1.0,1.0
kandamu,"అండజవాహన విను బ్ర
హ్మాండంబుల బంతులట్ల యాడెడు నీ వా
కొండల నెత్తితి వందురు
కొండిక పనిగాక దొడ్డ కొండా కృష్ణా.",jaathi,Krishna,"[('అం', 'U'), ('డ', '|'), ('జ', '|'), ('వా', 'U'), ('హ', '|'), ('న', '|'), ('వి', '|'), ('ను', '|'), ('బ్ర', 'U'), ('హ్మాం', 'U'), ('డం', 'U'), ('బు', '|'), ('ల', '|'), ('బం', 'U'), ('తు', '|'), ('ల', 'U'), ('ట్ల', '|'), ('యా', 'U'), ('డె', '|'), ('డు', '|'), ('నీ', 'U'), ('వా', 'U'), ('కొం', 'U'), ('డ', '|'), ('ల', '|'), ('నె', 'U'), ('త్తి', '|'), ('తి', '|'), ('వం', 'U'), ('దు', '|'), ('రు', '|'), ('కొం', 'U'), ('డి', '|'), ('క', '|'), ('ప', '|'), ('ని', '|'), ('గా', 'U'), ('క', '|'), ('దొ', 'U'), ('డ్డ', '|'), ('కొం', 'U'), ('డా', 'U'), ('కృ', 'U'), ('ష్ణా', 'U')]",1.0,-1.0,1.0,1.0,1.0,1.0
kandamu,"అంసాలంబితకుండల
కంసాంతక నీవు ద్వారకాపురిలోన\న్‌
సంసారి రీతినుండి ప్ర
శంసార్హుఁడ వైతి వహహ జగతిని గృష్ణా.",jaathi,Krishna,"[('అం', 'U'), ('సా', 'U'), ('లం', 'U'), ('బి', '|'), ('త', '|'), ('కుం', 'U'), ('డ', '|'), ('ల', '|'), ('కం', 'U'), ('సాం', 'U'), ('త', '|'), ('క', '|'), ('నీ', 'U'), ('వు', 'U'), ('ద్వా', 'U'), ('ర', '|'), ('కా', 'U'), ('పు', '|'), ('రి', '|'), ('లో', 'U'), ('నన్', 'U'), ('సం', 'U'), ('సా', 'U'), ('రి', '|'), ('రీ', 'U'), ('తి', '|'), ('నుం', 'U'), ('డి', '|'), ('ప్ర', '|'), ('శం', 'U'), ('సా', 'U'), ('ర్హు', '|'), ('డ', '|'), ('వై', 'U'), ('తి', '|'), ('వ', '|'), ('హ', '|'), ('హ', '|'), ('జ', '|'), ('గ', '|'), ('తి', '|'), ('ని', '|'), ('గృ', 'U'), ('ష్ణా', 'U')]",0.578125,-1.0,1.0,0.8125,0.0,0.5
kandamu,"పదియాఱువేల నూర్వురు
సుదతులు నెనమండ్రు నీకు సొంపుగ భార్యల్‌
విదితంబుగ బహురూపుల
వదలక రమియింతువౌర వసుధను గృష్ణా.",jaathi,Krishna,"[('ప', '|'), ('ది', '|'), ('యా', 'U'), ('ఱు', '|'), ('వే', 'U'), ('ల', '|'), ('నూ', 'U'), ('ర్వు', '|'), ('రు', '|'), ('సు', '|'), ('ద', '|'), ('తు', '|'), ('లు', '|'), ('నె', '|'), ('న', '|'), ('మం', 'U'), ('డ్రు', '|'), ('నీ', 'U'), ('కు', '|'), ('సొం', 'U'), ('పు', '|'), ('గ', '|'), ('భా', 'U'), ('ర్యల్', 'U'), ('వి', '|'), ('ది', '|'), ('తం', 'U'), ('బు', '|'), ('గ', '|'), ('బ', '|'), ('హు', '|'), ('రూ', 'U'), ('పు', '|'), ('ల', '|'), ('వ', '|'), ('ద', '|'), ('ల', '|'), ('క', '|'), ('ర', '|'), ('మి', '|'), ('యిం', 'U'), ('తు', '|'), ('వౌ', 'U'), ('ర', '|'), ('వ', '|'), ('సు', '|'), ('ధ', '|'), ('ను', '|'), ('గృ', 'U'), ('ష్ణా', 'U')]",1.0,-1.0,1.0,1.0,1.0,1.0
kandamu,"అంగన పనుపున దోవతి
కొంగున నటుకులను ముడుచుకొని వచ్చిన యా
సంగతి విని దయనొసఁగితి
రంగుగ సంపదలు లోక రక్షక కృష్ణా.",jaathi,Krishna,"[('అం', 'U'), ('గ', '|'), ('న', '|'), ('ప', '|'), ('ను', '|'), ('పు', '|'), ('న', '|'), ('దో', 'U'), ('వ', '|'), ('తి', '|'), ('కొం', 'U'), ('గు', '|'), ('న', '|'), ('న', '|'), ('టు', '|'), ('కు', '|'), ('ల', '|'), ('ను', '|'), ('ము', '|'), ('డు', '|'), ('చు', '|'), ('కొ', '|'), ('ని', '|'), ('వ', 'U'), ('చ్చి', '|'), ('న', '|'), ('యా', 'U'), ('సం', 'U'), ('గ', '|'), ('తి', '|'), ('వి', '|'), ('ని', '|'), ('ద', '|'), ('య', '|'), ('నొ', '|'), ('స', '|'), ('గి', '|'), ('తి', '|'), ('రం', 'U'), ('గు', '|'), ('గ', '|'), ('సం', 'U'), ('ప', '|'), ('ద', '|'), ('లు', '|'), ('లో', 'U'), ('క', '|'), ('ర', 'U'), ('క్ష', '|'), ('క', '|'), ('కృ', 'U'), ('ష్ణా', 'U')]",1.0,-1.0,1.0,1.0,1.0,1.0
kandamu,"హా వసుదేవకుమారక
కావుము నా మాన మనుచు కామిని వేఁడ\న్‌
ఆ వనజాక్షికి నిచ్చితి
శ్రీవర యక్షయ మటంచు జీరలు కృష్ణా.",jaathi,Krishna,"[('హా', 'U'), ('వ', '|'), ('సు', '|'), ('దే', 'U'), ('వ', '|'), ('కు', '|'), ('మా', 'U'), ('ర', '|'), ('క', '|'), ('కా', 'U'), ('వు', '|'), ('ము', '|'), ('నా', 'U'), ('మా', 'U'), ('న', '|'), ('మ', '|'), ('ను', '|'), ('చు', '|'), ('కా', 'U'), ('మి', '|'), ('ని', '|'), ('వే', 'U'), ('డన్', 'U'), ('ఆ', 'U'), ('వ', '|'), ('న', '|'), ('జా', 'U'), ('క్షి', '|'), ('కి', '|'), ('ని', 'U'), ('చ్చి', '|'), ('తి', '|'), ('శ్రీ', 'U'), ('వ', '|'), ('ర', '|'), ('య', 'U'), ('క్ష', '|'), ('య', '|'), ('మ', '|'), ('టం', 'U'), ('చు', '|'), ('జీ', 'U'), ('ర', '|'), ('లు', '|'), ('కృ', 'U'), ('ష్ణా', 'U')]",1.0,-1.0,1.0,1.0,1.0,1.0
kandamu,"శుభ్రమగు పాంచజన్యము
అభ్రంకషమగుచు మ్రోవ నాహవభూమి\న్‌
విభ్రమలగు దనుజసుతా
గర్భంబుల పగులఁజేయు ఘనుడవు కృష్ణా.",jaathi,Krishna,"[('శు', '|'), ('భ్ర', '|'), ('మ', '|'), ('గు', '|'), ('పాం', 'U'), ('చ', '|'), ('జ', 'U'), ('న్య', '|'), ('ము', '|'), ('అ', '|'), ('భ్రం', 'U'), ('క', '|'), ('ష', '|'), ('మ', '|'), ('గు', '|'), ('చు', '|'), ('మ్రో', 'U'), ('వ', '|'), ('నా', 'U'), ('హ', '|'), ('వ', '|'), ('భూ', 'U'), ('మిన్', 'U'), ('వి', '|'), ('భ్ర', '|'), ('మ', '|'), ('ల', '|'), ('గు', '|'), ('ద', '|'), ('ను', '|'), ('జ', '|'), ('సు', '|'), ('తా', 'U'), ('గ', 'U'), ('ర్భం', 'U'), ('బు', '|'), ('ల', '|'), ('ప', '|'), ('గు', '|'), ('ల', '|'), ('జే', 'U'), ('యు', '|'), ('ఘ', '|'), ('ను', '|'), ('డ', '|'), ('వు', '|'), ('కృ', 'U'), ('ష్ణా', 'U')]",0.453125,-1.0,1.0,0.5625,0.0,0.25
kandamu,"జయమును విజయున కియ్యవె
హయముల ములుకోల మోపి యదలించి మహా
రయమున రొప్పవె తేరును
భయమున రిపుసేన విఱిగి పాఱఁగఁ గృష్ణా.",jaathi,Krishna,"[('జ', '|'), ('య', '|'), ('ము', '|'), ('ను', '|'), ('వి', '|'), ('జ', '|'), ('యు', '|'), ('న', '|'), ('కి', 'U'), ('య్య', '|'), ('వె', '|'), ('హ', '|'), ('య', '|'), ('ము', '|'), ('ల', '|'), ('ము', '|'), ('లు', '|'), ('కో', 'U'), ('ల', '|'), ('మో', 'U'), ('పి', '|'), ('య', '|'), ('ద', '|'), ('లిం', 'U'), ('చి', '|'), ('మ', '|'), ('హా', 'U'), ('ర', '|'), ('య', '|'), ('ము', '|'), ('న', '|'), ('రొ', 'U'), ('ప్ప', '|'), ('వె', '|'), ('తే', 'U'), ('రు', '|'), ('ను', '|'), ('భ', '|'), ('య', '|'), ('ము', '|'), ('న', '|'), ('రి', '|'), ('పు', '|'), ('సే', 'U'), ('న', '|'), ('వి', '|'), ('ఱి', '|'), ('గి', '|'), ('పా', 'U'), ('ఱ', '|'), ('గ', '|'), ('గృ', 'U'), ('ష్ణా', 'U')]",1.0,-1.0,1.0,1.0,1.0,1.0
kandamu,"దుర్జనులగు నృపసంఘము
నిర్జింపఁగఁ దలచి నీవు నిఖిలాధారా
దుర్జనులను వధియింపను
నర్జును రధచోదకుండ వైతివి కృష్ణా.",jaathi,Krishna,"[('దు', 'U'), ('ర్జ', '|'), ('ను', '|'), ('ల', '|'), ('గు', '|'), ('నృ', '|'), ('ప', '|'), ('సం', 'U'), ('ఘ', '|'), ('ము', '|'), ('ని', 'U'), ('ర్జిం', 'U'), ('ప', '|'), ('గ', '|'), ('ద', '|'), ('ల', '|'), ('చి', '|'), ('నీ', 'U'), ('వు', '|'), ('ని', '|'), ('ఖి', '|'), ('లా', 'U'), ('ధా', 'U'), ('రా', 'U'), ('దు', 'U'), ('ర్జ', '|'), ('ను', '|'), ('ల', '|'), ('ను', '|'), ('వ', '|'), ('ధి', '|'), ('యిం', 'U'), ('ప', '|'), ('ను', '|'), ('న', 'U'), ('ర్జు', '|'), ('ను', '|'), ('ర', '|'), ('ధ', '|'), ('చో', 'U'), ('ద', '|'), ('కుం', 'U'), ('డ', '|'), ('వై', 'U'), ('తి', '|'), ('వి', '|'), ('కృ', 'U'), ('ష్ణా', 'U')]",0.875,-1.0,1.0,1.0,0.5,1.0
kandamu,"శక్రసుతుఁ గాచుకొఱకై
చక్రము చేపట్టి భీష్ముఁ జంపఁగ చను నీ
విక్రమ మేమని పొగడుదు
నక్రాగ్రహ సర్వలోక నాయక కృష్ణా.",jaathi,Krishna,"[('శ', '|'), ('క్ర', '|'), ('సు', '|'), ('తు', '|'), ('గా', 'U'), ('చు', '|'), ('కొ', '|'), ('ఱ', '|'), ('కై', 'U'), ('చ', '|'), ('క్ర', '|'), ('ము', '|'), ('చే', 'U'), ('ప', 'U'), ('ట్టి', '|'), ('భీ', 'U'), ('ష్ము', '|'), ('జం', 'U'), ('ప', '|'), ('గ', '|'), ('చ', '|'), ('ను', '|'), ('నీ', 'U'), ('వి', '|'), ('క్ర', '|'), ('మ', '|'), ('మే', 'U'), ('మ', '|'), ('ని', '|'), ('పొ', '|'), ('గ', '|'), ('డు', '|'), ('దు', '|'), ('న', '|'), ('క్రా', 'U'), ('గ్ర', '|'), ('హ', '|'), ('స', 'U'), ('ర్వ', '|'), ('లో', 'U'), ('క', '|'), ('నా', 'U'), ('య', '|'), ('క', '|'), ('కృ', 'U'), ('ష్ణా', 'U')]",0.40625,-1.0,1.0,0.375,0.0,0.25
kandamu,"దివిజేంద్రసుతునిఁ జంపియు
రవిసుతు రక్షించినావు రఘురాముఁడవై
దివిజేంద్రసుతునిఁ గాచియు
రవిసుతుఁ బరిమార్చితౌర రణమునఁ గృష్ణా.",jaathi,Krishna,"[('ది', '|'), ('వి', '|'), ('జేం', 'U'), ('ద్ర', '|'), ('సు', '|'), ('తు', '|'), ('ని', '|'), ('జం', 'U'), ('పి', '|'), ('యు', '|'), ('ర', '|'), ('వి', '|'), ('సు', '|'), ('తు', '|'), ('ర', 'U'), ('క్షిం', 'U'), ('చి', '|'), ('నా', 'U'), ('వు', '|'), ('ర', '|'), ('ఘు', '|'), ('రా', 'U'), ('ము', '|'), ('డ', '|'), ('వై', 'U'), ('ది', '|'), ('వి', '|'), ('జేం', 'U'), ('ద్ర', '|'), ('సు', '|'), ('తు', '|'), ('ని', '|'), ('గా', 'U'), ('చి', '|'), ('యు', '|'), ('ర', '|'), ('వి', '|'), ('సు', '|'), ('తు', '|'), ('బ', '|'), ('రి', '|'), ('మా', 'U'), ('ర్చి', '|'), ('తౌ', 'U'), ('ర', '|'), ('ర', '|'), ('ణ', '|'), ('ము', '|'), ('న', '|'), ('గృ', 'U'), ('ష్ణా', 'U')]",1.0,-1.0,1.0,1.0,1.0,1.0
kandamu,"దుర్భర బాణము రాఁగా
గర్భములోనుండి యభవ కావు మటన్న\న్‌
నిర్భరకృప రక్షించితి
వర్భకు నభిమన్యుసుతుని నచ్యుత కృష్ణా.",jaathi,Krishna,"[('దు', 'U'), ('ర్భ', '|'), ('ర', '|'), ('బా', 'U'), ('ణ', '|'), ('ము', '|'), ('రా', 'U'), ('గా', 'U'), ('గ', 'U'), ('ర్భ', '|'), ('ము', '|'), ('లో', 'U'), ('నుం', 'U'), ('డి', '|'), ('య', '|'), ('భ', '|'), ('వ', '|'), ('కా', 'U'), ('వు', '|'), ('మ', '|'), ('ట', 'U'), ('న్నన్', 'U'), ('ని', 'U'), ('ర్భ', '|'), ('ర', '|'), ('కృ', '|'), ('ప', '|'), ('ర', 'U'), ('క్షిం', 'U'), ('చి', '|'), ('తి', '|'), ('వ', 'U'), ('ర్భ', '|'), ('కు', '|'), ('న', '|'), ('భి', '|'), ('మ', 'U'), ('న్యు', '|'), ('సు', '|'), ('తు', '|'), ('ని', '|'), ('న', 'U'), ('చ్యు', '|'), ('త', '|'), ('కృ', 'U'), ('ష్ణా', 'U')]",0.875,-1.0,1.0,1.0,0.5,1.0
kandamu,"గిరులందు మేరువౌదువు
సురలందున నింద్రుఁడౌదు చుక్కలలోన\న్‌
బరమాత్మ చంద్రుఁడౌదువు
నరులందున నృపతివౌదు నయముగఁ గృష్ణా.",jaathi,Krishna,"[('గి', '|'), ('రు', '|'), ('లం', 'U'), ('దు', '|'), ('మే', 'U'), ('రు', '|'), ('వౌ', 'U'), ('దు', '|'), ('వు', '|'), ('సు', '|'), ('ర', '|'), ('లం', 'U'), ('దు', '|'), ('న', '|'), ('నిం', 'U'), ('ద్రు', '|'), ('డౌ', 'U'), ('దు', '|'), ('చు', 'U'), ('క్క', '|'), ('ల', '|'), ('లో', 'U'), ('నన్', 'U'), ('బ', '|'), ('ర', '|'), ('మా', 'U'), ('త్మ', '|'), ('చం', 'U'), ('ద్రు', '|'), ('డౌ', 'U'), ('దు', '|'), ('వు', '|'), ('న', '|'), ('రు', '|'), ('లం', 'U'), ('దు', '|'), ('న', '|'), ('నృ', '|'), ('ప', '|'), ('తి', '|'), ('వౌ', 'U'), ('దు', '|'), ('న', '|'), ('య', '|'), ('ము', '|'), ('గ', '|'), ('గృ', 'U'), ('ష్ణా', 'U')]",1.0,-1.0,1.0,1.0,1.0,1.0
kandamu,"చుక్కల నెన్నఁగ వచ్చును
గ్రక్కున భూరేణువులను గణుతింప నగు\న్‌
జొక్కపు నీ గుణజాలము
నక్కజ మగు లెక్కపెట్ట నజునకుఁ గృష్ణా.",jaathi,Krishna,"[('చు', 'U'), ('క్క', '|'), ('ల', '|'), ('నె', 'U'), ('న్న', '|'), ('గ', '|'), ('వ', 'U'), ('చ్చు', '|'), ('ను', '|'), ('గ్ర', 'U'), ('క్కు', '|'), ('న', '|'), ('భూ', 'U'), ('రే', 'U'), ('ణు', '|'), ('వు', '|'), ('ల', '|'), ('ను', '|'), ('గ', '|'), ('ణు', '|'), ('తిం', 'U'), ('ప', '|'), ('న', '|'), ('గున్', 'U'), ('జొ', 'U'), ('క్క', '|'), ('పు', '|'), ('నీ', 'U'), ('గు', '|'), ('ణ', '|'), ('జా', 'U'), ('ల', '|'), ('ము', '|'), ('న', 'U'), ('క్క', '|'), ('జ', '|'), ('మ', '|'), ('గు', '|'), ('లె', 'U'), ('క్క', '|'), ('పె', 'U'), ('ట్ట', '|'), ('న', '|'), ('జు', '|'), ('న', '|'), ('కు', '|'), ('గృ', 'U'), ('ష్ణా', 'U')]",1.0,-1.0,1.0,1.0,1.0,1.0
kandamu,"కుక్షిని నఖిలజగంబుల
నిక్షేపముఁజేసి ప్రళయ నీరధి నడుమ\న్‌
రక్షక వటపత్రముపై
దక్షతఁ బవళించునట్టి ధన్యుఁడ కృష్ణా.",jaathi,Krishna,"[('కు', 'U'), ('క్షి', '|'), ('ని', '|'), ('న', '|'), ('ఖి', '|'), ('ల', '|'), ('జ', '|'), ('గం', 'U'), ('బు', '|'), ('ల', '|'), ('ని', 'U'), ('క్షే', 'U'), ('ప', '|'), ('ము', '|'), ('జే', 'U'), ('సి', '|'), ('ప్ర', '|'), ('ళ', '|'), ('య', '|'), ('నీ', 'U'), ('ర', '|'), ('ధి', '|'), ('న', '|'), ('డు', '|'), ('మన్', 'U'), ('ర', 'U'), ('క్ష', '|'), ('క', '|'), ('వ', '|'), ('ట', '|'), ('ప', '|'), ('త్ర', '|'), ('ము', '|'), ('పై', 'U'), ('ద', 'U'), ('క్ష', '|'), ('త', '|'), ('బ', '|'), ('వ', '|'), ('ళిం', 'U'), ('చు', '|'), ('న', 'U'), ('ట్టి', '|'), ('ధ', 'U'), ('న్యు', '|'), ('డ', '|'), ('కృ', 'U'), ('ష్ణా', 'U')]",0.71875,-1.0,1.0,0.625,0.5,0.75
kandamu,"విశ్వోత్పత్తికి బ్రహ్మవు
విశ్వము రక్షింపఁ దలఁచి విష్ణుఁడ వనగా
విశ్వము జెఱుపను హరుఁడవు
విశ్వాత్మక నీవె యగుచు వెలయుదు కృష్ణా.",jaathi,Krishna,"[('వి', 'U'), ('శ్వో', 'U'), ('త్ప', 'U'), ('త్తి', '|'), ('కి', '|'), ('బ్ర', 'U'), ('హ్మ', '|'), ('వు', '|'), ('వి', 'U'), ('శ్వ', '|'), ('ము', '|'), ('ర', 'U'), ('క్షిం', 'U'), ('ప', '|'), ('ద', '|'), ('ల', '|'), ('చి', '|'), ('వి', 'U'), ('ష్ణు', '|'), ('డ', '|'), ('వ', '|'), ('న', '|'), ('గా', 'U'), ('వి', 'U'), ('శ్వ', '|'), ('ము', '|'), ('జె', '|'), ('ఱు', '|'), ('ప', '|'), ('ను', '|'), ('హ', '|'), ('రు', '|'), ('డ', '|'), ('వు', '|'), ('వి', 'U'), ('శ్వా', 'U'), ('త్మ', '|'), ('క', '|'), ('నీ', 'U'), ('వె', '|'), ('య', '|'), ('గు', '|'), ('చు', '|'), ('వె', '|'), ('ల', '|'), ('యు', '|'), ('దు', '|'), ('కృ', 'U'), ('ష్ణా', 'U')]",1.0,-1.0,1.0,1.0,1.0,1.0
kandamu,"అగణితవైభవ కేశవ
నగధర వనమాలి యాది నారాయణ యో
భగవంతుఁడ శ్రీమంతుఁడ
జగదీశ్వర శరణు శరణు శరణము కృష్ణా.",jaathi,Krishna,"[('అ', '|'), ('గ', '|'), ('ణి', '|'), ('త', '|'), ('వై', 'U'), ('భ', '|'), ('వ', '|'), ('కే', 'U'), ('శ', '|'), ('వ', '|'), ('న', '|'), ('గ', '|'), ('ధ', '|'), ('ర', '|'), ('వ', '|'), ('న', '|'), ('మా', 'U'), ('లి', '|'), ('యా', 'U'), ('ది', '|'), ('నా', 'U'), ('రా', 'U'), ('య', '|'), ('ణ', '|'), ('యో', 'U'), ('భ', '|'), ('గ', '|'), ('వం', 'U'), ('తు', '|'), ('డ', '|'), ('శ్రీ', 'U'), ('మం', 'U'), ('తు', '|'), ('డ', '|'), ('జ', '|'), ('గ', '|'), ('దీ', 'U'), ('శ్వ', '|'), ('ర', '|'), ('శ', '|'), ('ర', '|'), ('ణు', '|'), ('శ', '|'), ('ర', '|'), ('ణు', '|'), ('శ', '|'), ('ర', '|'), ('ణ', '|'), ('ము', '|'), ('కృ', 'U'), ('ష్ణా', 'U')]",1.0,-1.0,1.0,1.0,1.0,1.0
kandamu,"మగమీనమవై జలనిధిని
బగతుని సోమకునిఁ జంపి పద్మభవునకు\న్‌
నిగమముల దెచ్చి యిచ్చితి
సుగుణాకర మమ్ముఁ గరుణ జూడుము కృష్ణా.",jaathi,Krishna,"[('మ', '|'), ('గ', '|'), ('మీ', 'U'), ('న', '|'), ('మ', '|'), ('వై', 'U'), ('జ', '|'), ('ల', '|'), ('ని', '|'), ('ధి', '|'), ('ని', '|'), ('బ', '|'), ('గ', '|'), ('తు', '|'), ('ని', '|'), ('సో', 'U'), ('మ', '|'), ('కు', '|'), ('ని', '|'), ('జం', 'U'), ('పి', '|'), ('ప', 'U'), ('ద్మ', '|'), ('భ', '|'), ('వు', '|'), ('న', '|'), ('కున్', 'U'), ('ని', '|'), ('గ', '|'), ('మ', '|'), ('ము', '|'), ('ల', '|'), ('దె', 'U'), ('చ్చి', '|'), ('యి', 'U'), ('చ్చి', '|'), ('తి', '|'), ('సు', '|'), ('గు', '|'), ('ణా', 'U'), ('క', '|'), ('ర', '|'), ('మ', 'U'), ('మ్ము', '|'), ('గ', '|'), ('రు', '|'), ('ణ', '|'), ('జూ', 'U'), ('డు', '|'), ('ము', '|'), ('కృ', 'U'), ('ష్ణా', 'U')]",0.796875,-1.0,1.0,0.9375,0.5,0.75
kandamu,"అందఱు సురలును దనుజులు
పొందుగ క్షీరాబ్ధిఁ దఱువఁ బొలుపున నీ వా
నందంబుగఁ గూర్మమవై
మందరగిరి యెత్తితౌర మాధవ కృష్ణా.",jaathi,Krishna,"[('అం', 'U'), ('ద', '|'), ('ఱు', '|'), ('సు', '|'), ('ర', '|'), ('లు', '|'), ('ను', '|'), ('ద', '|'), ('ను', '|'), ('జు', '|'), ('లు', '|'), ('పొం', 'U'), ('దు', '|'), ('గ', 'U'), ('క్షీ', 'U'), ('రా', 'U'), ('బ్ధి', '|'), ('ద', '|'), ('ఱు', '|'), ('వ', '|'), ('బొ', '|'), ('లు', '|'), ('పు', '|'), ('న', '|'), ('నీ', 'U'), ('వా', 'U'), ('నం', 'U'), ('దం', 'U'), ('బు', '|'), ('గ', '|'), ('గూ', 'U'), ('ర్మ', '|'), ('మ', '|'), ('వై', 'U'), ('మం', 'U'), ('ద', '|'), ('ర', '|'), ('గి', '|'), ('రి', '|'), ('యె', 'U'), ('త్తి', '|'), ('తౌ', 'U'), ('ర', '|'), ('మా', 'U'), ('ధ', '|'), ('వ', '|'), ('కృ', 'U'), ('ష్ణా', 'U')]",0.671875,-1.0,1.0,0.6875,0.5,0.5
kandamu,"ఆదివరాహమ వయి నీ
వా దనుజు హిరణ్యనేత్రు హతుఁజేసి తగ\న్‌
మోదమున సురలు పొగడఁగ
మేదిని వడి గొడుగునెత్తి మెఱసితి గృష్ణా.",jaathi,Krishna,"[('ఆ', 'U'), ('ది', '|'), ('వ', '|'), ('రా', 'U'), ('హ', '|'), ('మ', '|'), ('వ', '|'), ('యి', '|'), ('నీ', 'U'), ('వా', 'U'), ('ద', '|'), ('ను', '|'), ('జు', '|'), ('హి', '|'), ('ర', 'U'), ('ణ్య', '|'), ('నే', 'U'), ('త్రు', '|'), ('హ', '|'), ('తు', '|'), ('జే', 'U'), ('సి', '|'), ('త', '|'), ('గన్', 'U'), ('మో', 'U'), ('ద', '|'), ('ము', '|'), ('న', '|'), ('సు', '|'), ('ర', '|'), ('లు', '|'), ('పొ', '|'), ('గ', '|'), ('డ', '|'), ('గ', '|'), ('మే', 'U'), ('ది', '|'), ('ని', '|'), ('వ', '|'), ('డి', '|'), ('గొ', '|'), ('డు', '|'), ('గు', '|'), ('నె', 'U'), ('త్తి', '|'), ('మె', '|'), ('ఱ', '|'), ('సి', '|'), ('తి', '|'), ('గృ', 'U'), ('ష్ణా', 'U')]",0.875,-1.0,1.0,1.0,0.5,1.0
kandamu,"కెరలి యఱచేతఁ గంబము
నరుదుగ వేయుటను వెడలి యసురేశ్వరుని\న్‌
ఉరమును జీరి వధించితి
నరహరి రూపావతార నగధర కృష్ణా.",jaathi,Krishna,"[('కె', '|'), ('ర', '|'), ('లి', '|'), ('య', '|'), ('ఱ', '|'), ('చే', 'U'), ('త', '|'), ('గం', 'U'), ('బ', '|'), ('ము', '|'), ('న', '|'), ('రు', '|'), ('దు', '|'), ('గ', '|'), ('వే', 'U'), ('యు', '|'), ('ట', '|'), ('ను', '|'), ('వె', '|'), ('డ', '|'), ('లి', '|'), ('య', '|'), ('సు', '|'), ('రే', 'U'), ('శ్వ', '|'), ('రు', '|'), ('నిన్', 'U'), ('ఉ', '|'), ('ర', '|'), ('ము', '|'), ('ను', '|'), ('జీ', 'U'), ('రి', '|'), ('వ', '|'), ('ధిం', 'U'), ('చి', '|'), ('తి', '|'), ('న', '|'), ('ర', '|'), ('హ', '|'), ('రి', '|'), ('రూ', 'U'), ('పా', 'U'), ('వ', '|'), ('తా', 'U'), ('ర', '|'), ('న', '|'), ('గ', '|'), ('ధ', '|'), ('ర', '|'), ('కృ', 'U'), ('ష్ణా', 'U')]",0.875,-1.0,1.0,1.0,0.5,1.0
kandamu,"వడుగవునై మూఁడడుగుల
నడిగితివౌ భళిర భళిర యఖిలజగంబుల్‌
తొడిగితివి నీదు మేనునఁ
గడు చిత్రము నీ చరిత్ర ఘనుఁడవు కృష్ణా.",jaathi,Krishna,"[('వ', '|'), ('డు', '|'), ('గ', '|'), ('వు', '|'), ('నై', 'U'), ('మూ', 'U'), ('డ', '|'), ('డు', '|'), ('గు', '|'), ('ల', '|'), ('న', '|'), ('డి', '|'), ('గి', '|'), ('తి', '|'), ('వౌ', 'U'), ('భ', '|'), ('ళి', '|'), ('ర', '|'), ('భ', '|'), ('ళి', '|'), ('ర', '|'), ('య', '|'), ('ఖి', '|'), ('ల', '|'), ('జ', '|'), ('గం', 'U'), ('బుల్', 'U'), ('తొ', '|'), ('డి', '|'), ('గి', '|'), ('తి', '|'), ('వి', '|'), ('నీ', 'U'), ('దు', '|'), ('మే', 'U'), ('ను', '|'), ('న', '|'), ('గ', '|'), ('డు', '|'), ('చి', '|'), ('త్ర', '|'), ('ము', '|'), ('నీ', 'U'), ('చ', '|'), ('రి', '|'), ('త్ర', '|'), ('ఘ', '|'), ('ను', '|'), ('డ', '|'), ('వు', '|'), ('కృ', 'U'), ('ష్ణా', 'U')]",0.703125,-1.0,1.0,0.8125,0.0,1.0
kandamu,"ఇరువదొకమాఱు నృపతుల
శిరములు ఖండించితౌర చేగొడ్డంట\న్‌
ధరఁ గశ్యపునకు నిచ్చియుఁ
బరఁగవె జమదగ్ని రామభద్రుడ కృష్ణా.",jaathi,Krishna,"[('ఇ', '|'), ('రు', '|'), ('వ', '|'), ('దొ', '|'), ('క', '|'), ('మా', 'U'), ('ఱు', '|'), ('నృ', '|'), ('ప', '|'), ('తు', '|'), ('ల', '|'), ('శి', '|'), ('ర', '|'), ('ము', '|'), ('లు', '|'), ('ఖం', 'U'), ('డిం', 'U'), ('చి', '|'), ('తౌ', 'U'), ('ర', '|'), ('చే', 'U'), ('గొ', 'U'), ('డ్డం', 'U'), ('టన్', 'U'), ('ధ', '|'), ('ర', '|'), ('గ', 'U'), ('శ్య', '|'), ('పు', '|'), ('న', '|'), ('కు', '|'), ('ని', 'U'), ('చ్చి', '|'), ('యు', '|'), ('బ', '|'), ('ర', '|'), ('గ', '|'), ('వె', '|'), ('జ', '|'), ('మ', '|'), ('ద', 'U'), ('గ్ని', '|'), ('రా', 'U'), ('మ', '|'), ('భ', '|'), ('ద్రు', '|'), ('డ', '|'), ('కృ', 'U'), ('ష్ణా', 'U')]",0.96875,-1.0,1.0,0.875,1.0,1.0
kandamu,"దశకంఠునిఁ బరిమార్చియు
గుశలముతో సీతఁదెచ్చి కొనియు నయోధ్య\న్‌
విశదముగఁ గీర్తి నేలిన
దశరథరామావతార ధన్యుఁడ కృష్ణా.",jaathi,Krishna,"[('ద', '|'), ('శ', '|'), ('కం', 'U'), ('ఠు', '|'), ('ని', '|'), ('బ', '|'), ('రి', '|'), ('మా', 'U'), ('ర్చి', '|'), ('యు', '|'), ('గు', '|'), ('శ', '|'), ('ల', '|'), ('ము', '|'), ('తో', 'U'), ('సీ', 'U'), ('త', '|'), ('దె', 'U'), ('చ్చి', '|'), ('కొ', '|'), ('ని', '|'), ('యు', '|'), ('న', '|'), ('యో', 'U'), ('ధ్యన్', 'U'), ('వి', '|'), ('శ', '|'), ('ద', '|'), ('ము', '|'), ('గ', '|'), ('గీ', 'U'), ('ర్తి', '|'), ('నే', 'U'), ('లి', '|'), ('న', '|'), ('ద', '|'), ('శ', '|'), ('ర', '|'), ('థ', '|'), ('రా', 'U'), ('మా', 'U'), ('వ', '|'), ('తా', 'U'), ('ర', '|'), ('ధ', 'U'), ('న్యు', '|'), ('డ', '|'), ('కృ', 'U'), ('ష్ణా', 'U')]",1.0,-1.0,1.0,1.0,1.0,1.0
kandamu,"ఘనులగు ధేనుకముష్టిక
దనుజులఁ జెండాడితౌర తగ భుజశక్తిన్‌
అనఘాత్మ రేవతీపతి
యనఁగా బలరామమూర్తి వైతివి కృష్ణా.",jaathi,Krishna,"[('ఘ', '|'), ('ను', '|'), ('ల', '|'), ('గు', '|'), ('ధే', 'U'), ('ను', '|'), ('క', '|'), ('ము', 'U'), ('ష్టి', '|'), ('క', '|'), ('ద', '|'), ('ను', '|'), ('జు', '|'), ('ల', '|'), ('జెం', 'U'), ('డా', 'U'), ('డి', '|'), ('తౌ', 'U'), ('ర', '|'), ('త', '|'), ('గ', '|'), ('భు', '|'), ('జ', '|'), ('శ', 'U'), ('క్తిన్', 'U'), ('అ', '|'), ('న', '|'), ('ఘా', 'U'), ('త్మ', '|'), ('రే', 'U'), ('వ', '|'), ('తీ', 'U'), ('ప', '|'), ('తి', '|'), ('య', '|'), ('న', '|'), ('గా', 'U'), ('బ', '|'), ('ల', '|'), ('రా', 'U'), ('మ', '|'), ('మూ', 'U'), ('ర్తి', '|'), ('వై', 'U'), ('తి', '|'), ('వి', '|'), ('కృ', 'U'), ('ష్ణా', 'U')]",0.875,-1.0,1.0,1.0,0.5,1.0
kandamu,"త్రిపురాసుర భార్యల నతి
నిపుణతతో వ్రతముచేత నిలిపితి కీర్తుల్‌
కపటపురాజవు బళిరే
కృపగల బౌద్ధావతార ఘనుఁడవు కృష్ణా.",jaathi,Krishna,"[('త్రి', '|'), ('పు', '|'), ('రా', 'U'), ('సు', '|'), ('ర', '|'), ('భా', 'U'), ('ర్య', '|'), ('ల', '|'), ('న', '|'), ('తి', '|'), ('ని', '|'), ('పు', '|'), ('ణ', '|'), ('త', '|'), ('తో', 'U'), ('వ్ర', '|'), ('త', '|'), ('ము', '|'), ('చే', 'U'), ('త', '|'), ('ని', '|'), ('లి', '|'), ('పి', '|'), ('తి', '|'), ('కీ', 'U'), ('ర్తుల్', 'U'), ('క', '|'), ('ప', '|'), ('ట', '|'), ('పు', '|'), ('రా', 'U'), ('జ', '|'), ('వు', '|'), ('బ', '|'), ('ళి', '|'), ('రే', 'U'), ('కృ', '|'), ('ప', '|'), ('గ', '|'), ('ల', '|'), ('బౌ', 'U'), ('ద్ధా', 'U'), ('వ', '|'), ('తా', 'U'), ('ర', '|'), ('ఘ', '|'), ('ను', '|'), ('డ', '|'), ('వు', '|'), ('కృ', 'U'), ('ష్ణా', 'U')]",0.875,-1.0,1.0,1.0,0.5,1.0
kandamu,"వలపుగల తేజి నెక్కియు
నిలపై ధర్మంబు నిలుప హీనులఁ ద్రుంప\న్‌
కలియుగము తుదను వేడుక
కలికివిగా నున్న లోకకర్తవు కృష్ణా.",jaathi,Krishna,"[('వ', '|'), ('ల', '|'), ('పు', '|'), ('గ', '|'), ('ల', '|'), ('తే', 'U'), ('జి', '|'), ('నె', 'U'), ('క్కి', '|'), ('యు', '|'), ('ని', '|'), ('ల', '|'), ('పై', 'U'), ('ధ', 'U'), ('ర్మం', 'U'), ('బు', '|'), ('ని', '|'), ('లు', '|'), ('ప', '|'), ('హీ', 'U'), ('ను', '|'), ('ల', '|'), ('ద్రుం', 'U'), ('పన్', 'U'), ('క', '|'), ('లి', '|'), ('యు', '|'), ('గ', '|'), ('ము', '|'), ('తు', '|'), ('ద', '|'), ('ను', '|'), ('వే', 'U'), ('డు', '|'), ('క', '|'), ('క', '|'), ('లి', '|'), ('కి', '|'), ('వి', '|'), ('గా', 'U'), ('ను', 'U'), ('న్న', '|'), ('లో', 'U'), ('క', '|'), ('క', 'U'), ('ర్త', '|'), ('వు', '|'), ('కృ', 'U'), ('ష్ణా', 'U')]",0.875,-1.0,1.0,1.0,0.5,1.0
kandamu,"వనజాక్ష భక్తవత్సల
ఘనులగు త్రైమూర్తులందుఁ గరుణానిధివై
కన నీ సద్గుణజాలము
సనకాది మునీంద్రు లెన్నఁ జాలరు కృష్ణా.",jaathi,Krishna,"[('వ', '|'), ('న', '|'), ('జా', 'U'), ('క్ష', '|'), ('భ', 'U'), ('క్త', '|'), ('వ', 'U'), ('త్స', '|'), ('ల', '|'), ('ఘ', '|'), ('ను', '|'), ('ల', '|'), ('గు', '|'), ('త్రై', 'U'), ('మూ', 'U'), ('ర్తు', '|'), ('లం', 'U'), ('దు', '|'), ('గ', '|'), ('రు', '|'), ('ణా', 'U'), ('ని', '|'), ('ధి', '|'), ('వై', 'U'), ('క', '|'), ('న', '|'), ('నీ', 'U'), ('స', 'U'), ('ద్గు', '|'), ('ణ', '|'), ('జా', 'U'), ('ల', '|'), ('ము', '|'), ('స', '|'), ('న', '|'), ('కా', 'U'), ('ది', '|'), ('ము', '|'), ('నీం', 'U'), ('ద్రు', '|'), ('లె', 'U'), ('న్న', '|'), ('జా', 'U'), ('ల', '|'), ('రు', '|'), ('కృ', 'U'), ('ష్ణా', 'U')]",1.0,-1.0,1.0,1.0,1.0,1.0
kandamu,"అపరాధ సహస్రంబుల
నపరిమితములైన యఘము లనిశము నేను\న్‌
గపటాత్ముఁడనై చేసితిఁ
జపలుని ననుగావు శేషశాయివి కృష్ణా.",jaathi,Krishna,"[('అ', '|'), ('ప', '|'), ('రా', 'U'), ('ధ', '|'), ('స', '|'), ('హ', '|'), ('స్రం', 'U'), ('బు', '|'), ('ల', '|'), ('న', '|'), ('ప', '|'), ('రి', '|'), ('మి', '|'), ('త', '|'), ('ము', '|'), ('లై', 'U'), ('న', '|'), ('య', '|'), ('ఘ', '|'), ('ము', '|'), ('ల', '|'), ('ని', '|'), ('శ', '|'), ('ము', '|'), ('నే', 'U'), ('నున్', 'U'), ('గ', '|'), ('ప', '|'), ('టా', 'U'), ('త్ము', '|'), ('డ', '|'), ('నై', 'U'), ('చే', 'U'), ('సి', '|'), ('తి', '|'), ('జ', '|'), ('ప', '|'), ('లు', '|'), ('ని', '|'), ('న', '|'), ('ను', '|'), ('గా', 'U'), ('వు', '|'), ('శే', 'U'), ('ష', '|'), ('శా', 'U'), ('యి', '|'), ('వి', '|'), ('కృ', 'U'), ('ష్ణా', 'U')]",0.46875,-1.0,1.0,0.625,0.0,0.25
kandamu,"నరపశువ మూఢచిత్తుఁడ
దురితారంభుఁడను మిగుల దోషగుఁడను నీ
గుఱు తెఱుఁగ నెంతవాడఁను
హరి నీవే ప్రాపు దాపు వౌదువు కృష్ణా.",jaathi,Krishna,"[('న', '|'), ('ర', '|'), ('ప', '|'), ('శు', '|'), ('వ', '|'), ('మూ', 'U'), ('ఢ', '|'), ('చి', 'U'), ('త్తు', '|'), ('డ', '|'), ('దు', '|'), ('రి', '|'), ('తా', 'U'), ('రం', 'U'), ('భు', '|'), ('డ', '|'), ('ను', '|'), ('మి', '|'), ('గు', '|'), ('ల', '|'), ('దో', 'U'), ('ష', '|'), ('గు', '|'), ('డ', '|'), ('ను', '|'), ('నీ', 'U'), ('గు', '|'), ('ఱు', '|'), ('తె', '|'), ('ఱు', '|'), ('గ', '|'), ('నెం', 'U'), ('త', '|'), ('వా', 'U'), ('డ', '|'), ('ను', '|'), ('హ', '|'), ('రి', '|'), ('నీ', 'U'), ('వే', 'U'), ('ప్రా', 'U'), ('పు', '|'), ('దా', 'U'), ('పు', '|'), ('వౌ', 'U'), ('దు', '|'), ('వు', '|'), ('కృ', 'U'), ('ష్ణా', 'U')]",0.8125,-1.0,1.0,1.0,0.5,0.75
kandamu,"పరనారీ ముఖపద్మము
గుఱుతుగఁ గుచకుంభములను గొప్పును నడుము\న్‌
అరయంగనె మోహింతురు
నిరతిని నిను భక్తిఁ గొల్వ నేరరు కృష్ణా.",jaathi,Krishna,"[('ప', '|'), ('ర', '|'), ('నా', 'U'), ('రీ', 'U'), ('ము', '|'), ('ఖ', '|'), ('ప', 'U'), ('ద్మ', '|'), ('ము', '|'), ('గు', '|'), ('ఱు', '|'), ('తు', '|'), ('గ', '|'), ('గు', '|'), ('చ', '|'), ('కుం', 'U'), ('భ', '|'), ('ము', '|'), ('ల', '|'), ('ను', '|'), ('గొ', 'U'), ('ప్పు', '|'), ('ను', '|'), ('న', '|'), ('డు', '|'), ('మున్', 'U'), ('అ', '|'), ('ర', '|'), ('యం', 'U'), ('గ', '|'), ('నె', '|'), ('మో', 'U'), ('హిం', 'U'), ('తు', '|'), ('రు', '|'), ('ని', '|'), ('ర', '|'), ('తి', '|'), ('ని', '|'), ('ని', '|'), ('ను', '|'), ('భ', 'U'), ('క్తి', '|'), ('గొ', 'U'), ('ల్వ', '|'), ('నే', 'U'), ('ర', '|'), ('రు', '|'), ('కృ', 'U'), ('ష్ణా', 'U')]",0.9375,-1.0,1.0,1.0,1.0,0.75
kandamu,"పంచేంద్రియమార్గంబులఁ
గొంచెపు బుద్ధిని జరించి కొన్ని దినంబుల్‌
ఇంచుక సజ్జన సంగతి
నెంచగ మిమ్మెఱిఁగినాఁడ నిప్పుడె కృష్ణా.",jaathi,Krishna,"[('పం', 'U'), ('చేం', 'U'), ('ద్రి', '|'), ('య', '|'), ('మా', 'U'), ('ర్గం', 'U'), ('బు', '|'), ('ల', '|'), ('గొం', 'U'), ('చె', '|'), ('పు', '|'), ('బు', 'U'), ('ద్ధి', '|'), ('ని', '|'), ('జ', '|'), ('రిం', 'U'), ('చి', '|'), ('కొ', 'U'), ('న్ని', '|'), ('ది', '|'), ('నం', 'U'), ('బుల్', 'U'), ('ఇం', 'U'), ('చు', '|'), ('క', '|'), ('స', 'U'), ('జ్జ', '|'), ('న', '|'), ('సం', 'U'), ('గ', '|'), ('తి', '|'), ('నెం', 'U'), ('చ', '|'), ('గ', '|'), ('మి', 'U'), ('మ్మె', '|'), ('ఱి', '|'), ('గి', '|'), ('నా', 'U'), ('డ', '|'), ('ని', 'U'), ('ప్పు', '|'), ('డె', '|'), ('కృ', 'U'), ('ష్ణా', 'U')]",1.0,-1.0,1.0,1.0,1.0,1.0
kandamu,"దుష్టుండ దురాచారుఁడ
దుష్టచరిఁత్రుఁడను చాల దుర్బుద్ధిని నేఁ
నిష్ట నిను గొల్వనేరను
కష్టుఁడ నగు నన్ను కావు కరుణను గృష్ణా.",jaathi,Krishna,"[('దు', 'U'), ('ష్టుం', 'U'), ('డ', '|'), ('దు', '|'), ('రా', 'U'), ('చా', 'U'), ('రు', '|'), ('డ', '|'), ('దు', 'U'), ('ష్ట', '|'), ('చ', '|'), ('రి', '|'), ('త్రు', '|'), ('డ', '|'), ('ను', '|'), ('చా', 'U'), ('ల', '|'), ('దు', 'U'), ('ర్బు', 'U'), ('ద్ధి', '|'), ('ని', '|'), ('నే', 'U'), ('ని', 'U'), ('ష్ట', '|'), ('ని', '|'), ('ను', '|'), ('గొ', 'U'), ('ల్వ', '|'), ('నే', 'U'), ('ర', '|'), ('ను', '|'), ('క', 'U'), ('ష్టు', '|'), ('డ', '|'), ('న', '|'), ('గు', '|'), ('న', 'U'), ('న్ను', '|'), ('కా', 'U'), ('వు', '|'), ('క', '|'), ('రు', '|'), ('ణ', '|'), ('ను', '|'), ('గృ', 'U'), ('ష్ణా', 'U')]",0.515625,-1.0,1.0,0.5625,0.0,0.5
kandamu,"కుంభీంద్రవరద కేశవ
జంభాసురవైరి దివిజ సన్నుత చరితా
అంభోజనేత్ర జలనిధి
గంభీరా నన్నుఁ గావు కరుణను గృష్ణా.",jaathi,Krishna,"[('కుం', 'U'), ('భీం', 'U'), ('ద్ర', '|'), ('వ', '|'), ('ర', '|'), ('ద', '|'), ('కే', 'U'), ('శ', '|'), ('వ', '|'), ('జం', 'U'), ('భా', 'U'), ('సు', '|'), ('ర', '|'), ('వై', 'U'), ('రి', '|'), ('ది', '|'), ('వి', '|'), ('జ', '|'), ('స', 'U'), ('న్ను', '|'), ('త', '|'), ('చ', '|'), ('రి', '|'), ('తా', 'U'), ('అం', 'U'), ('భో', 'U'), ('జ', '|'), ('నే', 'U'), ('త్ర', '|'), ('జ', '|'), ('ల', '|'), ('ని', '|'), ('ధి', '|'), ('గం', 'U'), ('భీ', 'U'), ('రా', 'U'), ('న', 'U'), ('న్ను', '|'), ('గా', 'U'), ('వు', '|'), ('క', '|'), ('రు', '|'), ('ణ', '|'), ('ను', '|'), ('గృ', 'U'), ('ష్ణా', 'U')]",1.0,-1.0,1.0,1.0,1.0,1.0
kandamu,"దిక్కెవ్వరు ప్రహ్లాదుకు
దిక్కెవ్వరు పాండుసుతుల దీనుల కెపుడు\న్‌
దిక్కెవ్వ రయ్యహల్యకు
దిక్కెవ్వరు నీవె నాకు దిక్కువు కృష్ణా.",jaathi,Krishna,"[('ది', 'U'), ('క్కె', 'U'), ('వ్వ', '|'), ('రు', '|'), ('ప్ర', 'U'), ('హ్లా', 'U'), ('దు', '|'), ('కు', '|'), ('ది', 'U'), ('క్కె', 'U'), ('వ్వ', '|'), ('రు', '|'), ('పాం', 'U'), ('డు', '|'), ('సు', '|'), ('తు', '|'), ('ల', '|'), ('దీ', 'U'), ('ను', '|'), ('ల', '|'), ('కె', '|'), ('పు', '|'), ('డున్', 'U'), ('ది', 'U'), ('క్కె', 'U'), ('వ్వ', '|'), ('ర', 'U'), ('య్య', '|'), ('హ', 'U'), ('ల్య', '|'), ('కు', '|'), ('ది', 'U'), ('క్కె', 'U'), ('వ్వ', '|'), ('రు', '|'), ('నీ', 'U'), ('వె', '|'), ('నా', 'U'), ('కు', '|'), ('ది', 'U'), ('క్కు', '|'), ('వు', '|'), ('కృ', 'U'), ('ష్ణా', 'U')]",1.0,-1.0,1.0,1.0,1.0,1.0
kandamu,"హరి నీవె దిక్కు నాకును
సిరితో నేతెంచి మకరి శిక్షించి దయ\న్‌
బరమేష్ఠి సురలు పొగడఁగ
కరిఁ గాచిన రీతి నన్నుఁ గావుము కృష్ణా.",jaathi,Krishna,"[('హ', '|'), ('రి', '|'), ('నీ', 'U'), ('వె', '|'), ('ది', 'U'), ('క్కు', '|'), ('నా', 'U'), ('కు', '|'), ('ను', '|'), ('సి', '|'), ('రి', '|'), ('తో', 'U'), ('నే', 'U'), ('తెం', 'U'), ('చి', '|'), ('మ', '|'), ('క', '|'), ('రి', '|'), ('శి', 'U'), ('క్షిం', 'U'), ('చి', '|'), ('ద', '|'), ('యన్', 'U'), ('బ', '|'), ('ర', '|'), ('మే', 'U'), ('ష్ఠి', '|'), ('సు', '|'), ('ర', '|'), ('లు', '|'), ('పొ', '|'), ('గ', '|'), ('డ', '|'), ('గ', '|'), ('క', '|'), ('రి', '|'), ('గా', 'U'), ('చి', '|'), ('న', '|'), ('రీ', 'U'), ('తి', '|'), ('న', 'U'), ('న్ను', '|'), ('గా', 'U'), ('వు', '|'), ('ము', '|'), ('కృ', 'U'), ('ష్ణా', 'U')]",1.0,-1.0,1.0,1.0,1.0,1.0
kandamu,"పురుషోత్తమ లక్ష్మీపతి
సరసిజగర్భాది మౌనిసన్నుతచరితా
మురభంజన సురరంజన
వరదుఁడ వగు నాకు భక్త వత్సల కృష్ణా.",jaathi,Krishna,"[('పు', '|'), ('రు', '|'), ('షో', 'U'), ('త్త', '|'), ('మ', '|'), ('ల', 'U'), ('క్ష్మీ', 'U'), ('ప', '|'), ('తి', '|'), ('స', '|'), ('ర', '|'), ('సి', '|'), ('జ', '|'), ('గ', 'U'), ('ర్భా', 'U'), ('ది', '|'), ('మౌ', 'U'), ('ని', '|'), ('స', 'U'), ('న్ను', '|'), ('త', '|'), ('చ', '|'), ('రి', '|'), ('తా', 'U'), ('ము', '|'), ('ర', '|'), ('భం', 'U'), ('జ', '|'), ('న', '|'), ('సు', '|'), ('ర', '|'), ('రం', 'U'), ('జ', '|'), ('న', '|'), ('వ', '|'), ('ర', '|'), ('దు', '|'), ('డ', '|'), ('వ', '|'), ('గు', '|'), ('నా', 'U'), ('కు', '|'), ('భ', 'U'), ('క్త', '|'), ('వ', 'U'), ('త్స', '|'), ('ల', '|'), ('కృ', 'U'), ('ష్ణా', 'U')]",1.0,-1.0,1.0,1.0,1.0,1.0
kandamu,"క్రతువులు తీర్థాటనములు
వ్రతములు దానములు సేయ వలెనా లక్ష్మీ
పతి మిముఁ దలచినవారికి
నతులితపుణ్యములు గలుగు టరుదే కృష్ణా.",jaathi,Krishna,"[('క్ర', '|'), ('తు', '|'), ('వు', '|'), ('లు', '|'), ('తీ', 'U'), ('ర్థా', 'U'), ('ట', '|'), ('న', '|'), ('ము', '|'), ('లు', '|'), ('వ్ర', '|'), ('త', '|'), ('ము', '|'), ('లు', '|'), ('దా', 'U'), ('న', '|'), ('ము', '|'), ('లు', '|'), ('సే', 'U'), ('య', '|'), ('వ', '|'), ('లె', '|'), ('నా', 'U'), ('ల', 'U'), ('క్ష్మీ', 'U'), ('ప', '|'), ('తి', '|'), ('మి', '|'), ('ము', '|'), ('ద', '|'), ('ల', '|'), ('చి', '|'), ('న', '|'), ('వా', 'U'), ('రి', '|'), ('కి', '|'), ('న', '|'), ('తు', '|'), ('లి', '|'), ('త', '|'), ('పు', 'U'), ('ణ్య', '|'), ('ము', '|'), ('లు', '|'), ('గ', '|'), ('లు', '|'), ('గు', '|'), ('ట', '|'), ('రు', '|'), ('దే', 'U'), ('కృ', 'U'), ('ష్ణా', 'U')]",0.875,-1.0,1.0,1.0,0.5,1.0
kandamu,"స్తంభమున వెడలి దానవ
డింభకు రక్షించినట్టి రీతిని వెలయ\న్‌
అంభోజనేత్ర జలనిధి
గంభీరుఁడ నన్నుఁ గావు కరుణను గృష్ణా.",jaathi,Krishna,"[('స్తం', 'U'), ('భ', '|'), ('ము', '|'), ('న', '|'), ('వె', '|'), ('డ', '|'), ('లి', '|'), ('దా', 'U'), ('న', '|'), ('వ', '|'), ('డిం', 'U'), ('భ', '|'), ('కు', '|'), ('ర', 'U'), ('క్షిం', 'U'), ('చి', '|'), ('న', 'U'), ('ట్టి', '|'), ('రీ', 'U'), ('తి', '|'), ('ని', '|'), ('వె', '|'), ('ల', '|'), ('యన్', 'U'), ('అం', 'U'), ('భో', 'U'), ('జ', '|'), ('నే', 'U'), ('త్ర', '|'), ('జ', '|'), ('ల', '|'), ('ని', '|'), ('ధి', '|'), ('గం', 'U'), ('భీ', 'U'), ('రు', '|'), ('డ', '|'), ('న', 'U'), ('న్ను', '|'), ('గా', 'U'), ('వు', '|'), ('క', '|'), ('రు', '|'), ('ణ', '|'), ('ను', '|'), ('గృ', 'U'), ('ష్ణా', 'U')]",0.875,-1.0,1.0,1.0,0.5,1.0
kandamu,"శతకోటి భానుతేజా
యతులితసద్గుణగణాఢ్య యంబుజనాభా
రతినాథజనక లక్ష్మీ
సతిహిత ననుఁ గావు భక్త వత్సల కృష్ణా.",jaathi,Krishna,"[('శ', '|'), ('త', '|'), ('కో', 'U'), ('టి', '|'), ('భా', 'U'), ('ను', '|'), ('తే', 'U'), ('జా', 'U'), ('య', '|'), ('తు', '|'), ('లి', '|'), ('త', '|'), ('స', 'U'), ('ద్గు', '|'), ('ణ', '|'), ('గ', '|'), ('ణా', 'U'), ('ఢ్య', '|'), ('యం', 'U'), ('బు', '|'), ('జ', '|'), ('నా', 'U'), ('భా', 'U'), ('ర', '|'), ('తి', '|'), ('నా', 'U'), ('థ', '|'), ('జ', '|'), ('న', '|'), ('క', '|'), ('ల', 'U'), ('క్ష్మీ', 'U'), ('స', '|'), ('తి', '|'), ('హి', '|'), ('త', '|'), ('న', '|'), ('ను', '|'), ('గా', 'U'), ('వు', '|'), ('భ', 'U'), ('క్త', '|'), ('వ', 'U'), ('త్స', '|'), ('ల', '|'), ('కృ', 'U'), ('ష్ణా', 'U')]",0.875,-1.0,1.0,1.0,0.5,1.0
kandamu,"మందుఁడ నే దురితాత్ముఁడ
నిందల కొడిఁగట్టినట్టి నీచుని నన్ను\న్‌
సందేహింపక కావుము
నందుని వరపుత్ర నిన్ను నమ్మితి గృష్ణా.",jaathi,Krishna,"[('మం', 'U'), ('దు', '|'), ('డ', '|'), ('నే', 'U'), ('దు', '|'), ('రి', '|'), ('తా', 'U'), ('త్ము', '|'), ('డ', '|'), ('నిం', 'U'), ('ద', '|'), ('ల', '|'), ('కొ', '|'), ('డి', '|'), ('గ', 'U'), ('ట్టి', '|'), ('న', 'U'), ('ట్టి', '|'), ('నీ', 'U'), ('చు', '|'), ('ని', '|'), ('న', 'U'), ('న్నున్', 'U'), ('సం', 'U'), ('దే', 'U'), ('హిం', 'U'), ('ప', '|'), ('క', '|'), ('కా', 'U'), ('వు', '|'), ('ము', '|'), ('నం', 'U'), ('దు', '|'), ('ని', '|'), ('వ', '|'), ('ర', '|'), ('పు', '|'), ('త్ర', '|'), ('ని', 'U'), ('న్ను', '|'), ('న', 'U'), ('మ్మి', '|'), ('తి', '|'), ('గృ', 'U'), ('ష్ణా', 'U')]",0.828125,-1.0,1.0,0.8125,0.5,1.0
kandamu,"గజరాజవరద కేశవ
త్రిజగత్కల్యాణమూర్తి దేవ మురారీ
భుజగేంద్రశయన మాధవ
విజయాప్తుఁడ నన్నుఁగావు వేగమె కృష్ణా.",jaathi,Krishna,"[('గ', '|'), ('జ', '|'), ('రా', 'U'), ('జ', '|'), ('వ', '|'), ('ర', '|'), ('ద', '|'), ('కే', 'U'), ('శ', '|'), ('వ', '|'), ('త్రి', '|'), ('జ', '|'), ('గ', 'U'), ('త్క', 'U'), ('ల్యా', 'U'), ('ణ', '|'), ('మూ', 'U'), ('ర్తి', '|'), ('దే', 'U'), ('వ', '|'), ('ము', '|'), ('రా', 'U'), ('రీ', 'U'), ('భు', '|'), ('జ', '|'), ('గేం', 'U'), ('ద్ర', '|'), ('శ', '|'), ('య', '|'), ('న', '|'), ('మా', 'U'), ('ధ', '|'), ('వ', '|'), ('వి', '|'), ('జ', '|'), ('యా', 'U'), ('ప్తు', '|'), ('డ', '|'), ('న', 'U'), ('న్ను', '|'), ('గా', 'U'), ('వు', '|'), ('వే', 'U'), ('గ', '|'), ('మె', '|'), ('కృ', 'U'), ('ష్ణా', 'U')]",1.0,-1.0,1.0,1.0,1.0,1.0
kandamu,"గోపాల కృష్ణ మురహర
పాపాలను బాఱఁదోలు ప్రభుఁడవు నీవే
గోపాలమూర్తి దయతో
నాపాలిటఁగలిగి ప్రోవు నమ్మితిఁ గృష్ణా.",jaathi,Krishna,"[('గో', 'U'), ('పా', 'U'), ('ల', '|'), ('కృ', 'U'), ('ష్ణ', '|'), ('ము', '|'), ('ర', '|'), ('హ', '|'), ('ర', '|'), ('పా', 'U'), ('పా', 'U'), ('ల', '|'), ('ను', '|'), ('బా', 'U'), ('ఱ', '|'), ('దో', 'U'), ('లు', '|'), ('ప్ర', '|'), ('భు', '|'), ('డ', '|'), ('వు', '|'), ('నీ', 'U'), ('వే', 'U'), ('గో', 'U'), ('పా', 'U'), ('ల', '|'), ('మూ', 'U'), ('ర్తి', '|'), ('ద', '|'), ('య', '|'), ('తో', 'U'), ('నా', 'U'), ('పా', 'U'), ('లి', '|'), ('ట', '|'), ('గ', '|'), ('లి', '|'), ('గి', '|'), ('ప్రో', 'U'), ('వు', '|'), ('న', 'U'), ('మ్మి', '|'), ('తి', '|'), ('గృ', 'U'), ('ష్ణా', 'U')]",1.0,-1.0,1.0,1.0,1.0,1.0
kandamu,"దుర్వార చక్రధరకర
శర్వాణీ భర్తృవినుత జగదాధారా
నిర్వాణనాథ మాధవ
సర్వాత్మక నన్నుఁగావు సరగున కృష్ణా.",jaathi,Krishna,"[('దు', 'U'), ('ర్వా', 'U'), ('ర', '|'), ('చ', '|'), ('క్ర', '|'), ('ధ', '|'), ('ర', '|'), ('క', '|'), ('ర', '|'), ('శ', 'U'), ('ర్వా', 'U'), ('ణీ', 'U'), ('భ', 'U'), ('ర్తృ', '|'), ('వి', '|'), ('ను', '|'), ('త', '|'), ('జ', '|'), ('గ', '|'), ('దా', 'U'), ('ధా', 'U'), ('రా', 'U'), ('ని', 'U'), ('ర్వా', 'U'), ('ణ', '|'), ('నా', 'U'), ('థ', '|'), ('మా', 'U'), ('ధ', '|'), ('వ', '|'), ('స', 'U'), ('ర్వా', 'U'), ('త్మ', '|'), ('క', '|'), ('న', 'U'), ('న్ను', '|'), ('గా', 'U'), ('వు', '|'), ('స', '|'), ('ర', '|'), ('గు', '|'), ('న', '|'), ('కృ', 'U'), ('ష్ణా', 'U')]",0.53125,-1.0,1.0,0.625,0.0,0.5
kandamu,"సుత్రామనుత జనార్దన
సత్రాజిత్తనయనాథ సౌందర్యకళా
చిత్రావతార దేవకి
పుత్రా ననుఁగావు నీకు బుణ్యము కృష్ణా.",jaathi,Krishna,"[('సు', '|'), ('త్రా', 'U'), ('మ', '|'), ('ను', '|'), ('త', '|'), ('జ', '|'), ('నా', 'U'), ('ర్ద', '|'), ('న', '|'), ('స', '|'), ('త్రా', 'U'), ('జి', 'U'), ('త్త', '|'), ('న', '|'), ('య', '|'), ('నా', 'U'), ('థ', '|'), ('సౌం', 'U'), ('ద', 'U'), ('ర్య', '|'), ('క', '|'), ('ళా', 'U'), ('చి', '|'), ('త్రా', 'U'), ('వ', '|'), ('తా', 'U'), ('ర', '|'), ('దే', 'U'), ('వ', '|'), ('కి', '|'), ('పు', '|'), ('త్రా', 'U'), ('న', '|'), ('ను', '|'), ('గా', 'U'), ('వు', '|'), ('నీ', 'U'), ('కు', '|'), ('బు', 'U'), ('ణ్య', '|'), ('ము', '|'), ('కృ', 'U'), ('ష్ణా', 'U')]",0.515625,-1.0,1.0,0.3125,0.5,0.25
kandamu,"బలమెవ్వఁడు కరిఁ బ్రోవను
బలమెవ్వఁడు పాండుసుతుల భార్యను గావ\న్‌
బలమెవ్వఁడు రవిసుతునకు
బలమెవ్వఁడు నాకు నీవ బలమౌఁ గృష్ణా.",jaathi,Krishna,"[('బ', '|'), ('ల', '|'), ('మె', 'U'), ('వ్వ', '|'), ('డు', '|'), ('క', '|'), ('రి', '|'), ('బ్రో', 'U'), ('వ', '|'), ('ను', '|'), ('బ', '|'), ('ల', '|'), ('మె', 'U'), ('వ్వ', '|'), ('డు', '|'), ('పాం', 'U'), ('డు', '|'), ('సు', '|'), ('తు', '|'), ('ల', '|'), ('భా', 'U'), ('ర్య', '|'), ('ను', '|'), ('గా', 'U'), ('వన్', 'U'), ('బ', '|'), ('ల', '|'), ('మె', 'U'), ('వ్వ', '|'), ('డు', '|'), ('ర', '|'), ('వి', '|'), ('సు', '|'), ('తు', '|'), ('న', '|'), ('కు', '|'), ('బ', '|'), ('ల', '|'), ('మె', 'U'), ('వ్వ', '|'), ('డు', '|'), ('నా', 'U'), ('కు', '|'), ('నీ', 'U'), ('వ', '|'), ('బ', '|'), ('ల', '|'), ('మౌ', 'U'), ('గృ', 'U'), ('ష్ణా', 'U')]",1.0,-1.0,1.0,1.0,1.0,1.0
kandamu,"పరుసము సోకిన యినుమును
వరుసగ బంగారమైన వడువున జిహ్వ\న్‌
హరి నీ నామము సోకిన
సురవందిత నేను నటుల సులభుఁడ గృష్ణా.",jaathi,Krishna,"[('ప', '|'), ('రు', '|'), ('స', '|'), ('ము', '|'), ('సో', 'U'), ('కి', '|'), ('న', '|'), ('యి', '|'), ('ను', '|'), ('ము', '|'), ('ను', '|'), ('వ', '|'), ('రు', '|'), ('స', '|'), ('గ', '|'), ('బం', 'U'), ('గా', 'U'), ('ర', '|'), ('మై', 'U'), ('న', '|'), ('వ', '|'), ('డు', '|'), ('వు', '|'), ('న', '|'), ('జి', 'U'), ('హ్వన్', 'U'), ('హ', '|'), ('రి', '|'), ('నీ', 'U'), ('నా', 'U'), ('మ', '|'), ('ము', '|'), ('సో', 'U'), ('కి', '|'), ('న', '|'), ('సు', '|'), ('ర', '|'), ('వం', 'U'), ('ది', '|'), ('త', '|'), ('నే', 'U'), ('ను', '|'), ('న', '|'), ('టు', '|'), ('ల', '|'), ('సు', '|'), ('ల', '|'), ('భు', '|'), ('డ', '|'), ('గృ', 'U'), ('ష్ణా', 'U')]",1.0,-1.0,1.0,1.0,1.0,1.0
kandamu,"ఒకసారి నీదునామము
ప్రకటముగాఁ దలఁచువారి పాపము లెల్ల\న్‌
వికలములై తొలఁగుటకును
సకలార్థ యజామిళుండు సాక్షియె కృష్ణా.",jaathi,Krishna,"[('ఒ', '|'), ('క', '|'), ('సా', 'U'), ('రి', '|'), ('నీ', 'U'), ('దు', '|'), ('నా', 'U'), ('మ', '|'), ('ము', '|'), ('ప్ర', '|'), ('క', '|'), ('ట', '|'), ('ము', '|'), ('గా', 'U'), ('ద', '|'), ('ల', '|'), ('చు', '|'), ('వా', 'U'), ('రి', '|'), ('పా', 'U'), ('ప', '|'), ('ము', '|'), ('లె', 'U'), ('ల్లన్', 'U'), ('వి', '|'), ('క', '|'), ('ల', '|'), ('ము', '|'), ('లై', 'U'), ('తొ', '|'), ('ల', '|'), ('గు', '|'), ('ట', '|'), ('కు', '|'), ('ను', '|'), ('స', '|'), ('క', '|'), ('లా', 'U'), ('ర్థ', '|'), ('య', '|'), ('జా', 'U'), ('మి', '|'), ('ళుం', 'U'), ('డు', '|'), ('సా', 'U'), ('క్షి', '|'), ('యె', '|'), ('కృ', 'U'), ('ష్ణా', 'U')]",1.0,-1.0,1.0,1.0,1.0,1.0
kandamu,"హరి సర్వంబునఁ గలఁ డని
గరిమను దైత్యుండు పలుకఁ గంబములోన\న్‌
ఇరవొంది వెడలిచీల్చవె
శరణనఁ బ్రహ్లాదుడిండు సాక్షియె కృష్ణా.",jaathi,Krishna,"[('హ', '|'), ('రి', '|'), ('స', 'U'), ('ర్వం', 'U'), ('బు', '|'), ('న', '|'), ('గ', '|'), ('ల', '|'), ('డ', '|'), ('ని', '|'), ('గ', '|'), ('రి', '|'), ('మ', '|'), ('ను', '|'), ('దై', 'U'), ('త్యుం', 'U'), ('డు', '|'), ('ప', '|'), ('లు', '|'), ('క', '|'), ('గం', 'U'), ('బ', '|'), ('ము', '|'), ('లో', 'U'), ('నన్', 'U'), ('ఇ', '|'), ('ర', '|'), ('వొం', 'U'), ('ది', '|'), ('వె', '|'), ('డ', '|'), ('లి', '|'), ('చీ', 'U'), ('ల్చ', '|'), ('వె', '|'), ('శ', '|'), ('ర', '|'), ('ణ', '|'), ('న', '|'), ('బ్ర', 'U'), ('హ్లా', 'U'), ('దు', '|'), ('డిం', 'U'), ('డు', '|'), ('సా', 'U'), ('క్షి', '|'), ('యె', '|'), ('కృ', 'U'), ('ష్ణా', 'U')]",1.0,-1.0,1.0,1.0,1.0,1.0
kandamu,"భద్రార్చిత పదపద్మ సు
భద్రాగ్రజ సర్వలోక పాలన హరి శ్రీ
భద్రాధిప కేశవ బల
భద్రానుజ నన్ను బ్రోవు భవహర కృష్ణా.",jaathi,Krishna,"[('భ', '|'), ('ద్రా', 'U'), ('ర్చి', '|'), ('త', '|'), ('ప', '|'), ('ద', '|'), ('ప', 'U'), ('ద్మ', '|'), ('సు', '|'), ('భ', '|'), ('ద్రా', 'U'), ('గ్ర', '|'), ('జ', '|'), ('స', 'U'), ('ర్వ', '|'), ('లో', 'U'), ('క', '|'), ('పా', 'U'), ('ల', '|'), ('న', '|'), ('హ', '|'), ('రి', '|'), ('శ్రీ', 'U'), ('భ', '|'), ('ద్రా', 'U'), ('ధి', '|'), ('ప', '|'), ('కే', 'U'), ('శ', '|'), ('వ', '|'), ('బ', '|'), ('ల', '|'), ('భ', '|'), ('ద్రా', 'U'), ('ను', '|'), ('జ', '|'), ('న', 'U'), ('న్ను', '|'), ('బ్రో', 'U'), ('వు', '|'), ('భ', '|'), ('వ', '|'), ('హ', '|'), ('ర', '|'), ('కృ', 'U'), ('ష్ణా', 'U')]",0.421875,-1.0,1.0,0.4375,0.0,0.25
kandamu,"ఎటువలెఁ గరిమొఱ వింటివి
ఎటువలెఁ బ్రహ్లాదు కభయమిచ్చితి కరుణ\న్‌
అటువలె నను రక్షింపుము
కటకట నినునమ్మినాఁడ గావుము కృష్ణా.",jaathi,Krishna,"[('ఎ', '|'), ('టు', '|'), ('వ', '|'), ('లె', '|'), ('గ', '|'), ('రి', '|'), ('మొ', '|'), ('ఱ', '|'), ('విం', 'U'), ('టి', '|'), ('వి', '|'), ('ఎ', '|'), ('టు', '|'), ('వ', '|'), ('లె', '|'), ('బ్ర', 'U'), ('హ్లా', 'U'), ('దు', '|'), ('క', '|'), ('భ', '|'), ('య', '|'), ('మి', 'U'), ('చ్చి', '|'), ('తి', '|'), ('క', '|'), ('రు', '|'), ('ణన్', 'U'), ('అ', '|'), ('టు', '|'), ('వ', '|'), ('లె', '|'), ('న', '|'), ('ను', '|'), ('ర', 'U'), ('క్షిం', 'U'), ('పు', '|'), ('ము', '|'), ('క', '|'), ('ట', '|'), ('క', '|'), ('ట', '|'), ('ని', '|'), ('ను', '|'), ('న', 'U'), ('మ్మి', '|'), ('నా', 'U'), ('డ', '|'), ('గా', 'U'), ('వు', '|'), ('ము', '|'), ('కృ', 'U'), ('ష్ణా', 'U')]",0.875,-1.0,1.0,1.0,0.5,1.0
kandamu,"తటతట లేటికిఁ జేసెదు
కటకట పరమాత్మ నీవు ఘంటాకర్ణు\న్‌
ఎటువలె పుణ్యునిఁ జేసితి
వటువలె రక్షింపుమయ్య యచ్యుత కృష్ణా.",jaathi,Krishna,"[('త', '|'), ('ట', '|'), ('త', '|'), ('ట', '|'), ('లే', 'U'), ('టి', '|'), ('కి', '|'), ('జే', 'U'), ('సె', '|'), ('దు', '|'), ('క', '|'), ('ట', '|'), ('క', '|'), ('ట', '|'), ('ప', '|'), ('ర', '|'), ('మా', 'U'), ('త్మ', '|'), ('నీ', 'U'), ('వు', '|'), ('ఘం', 'U'), ('టా', 'U'), ('క', 'U'), ('ర్ణున్', 'U'), ('ఎ', '|'), ('టు', '|'), ('వ', '|'), ('లె', '|'), ('పు', 'U'), ('ణ్యు', '|'), ('ని', '|'), ('జే', 'U'), ('సి', '|'), ('తి', '|'), ('వ', '|'), ('టు', '|'), ('వ', '|'), ('లె', '|'), ('ర', 'U'), ('క్షిం', 'U'), ('పు', '|'), ('మ', 'U'), ('య్య', '|'), ('య', 'U'), ('చ్యు', '|'), ('త', '|'), ('కృ', 'U'), ('ష్ణా', 'U')]",0.875,-1.0,1.0,1.0,0.5,1.0
kandamu,"తురగాధ్వరంబుఁ జేసిన
పురుషులకును వేఱెపదవి పుట్టుట యేమో
హరి మిముఁ దలఁచిన వారికి
నరుదా కైవల్యపదవి యచ్యుత కృష్ణా.",jaathi,Krishna,"[('తు', '|'), ('ర', '|'), ('గా', 'U'), ('ధ్వ', '|'), ('రం', 'U'), ('బు', '|'), ('జే', 'U'), ('సి', '|'), ('న', '|'), ('పు', '|'), ('రు', '|'), ('షు', '|'), ('ల', '|'), ('కు', '|'), ('ను', '|'), ('వే', 'U'), ('ఱె', '|'), ('ప', '|'), ('ద', '|'), ('వి', '|'), ('పు', 'U'), ('ట్టు', '|'), ('ట', '|'), ('యే', 'U'), ('మో', 'U'), ('హ', '|'), ('రి', '|'), ('మి', '|'), ('ము', '|'), ('ద', '|'), ('ల', '|'), ('చి', '|'), ('న', '|'), ('వా', 'U'), ('రి', '|'), ('కి', '|'), ('న', '|'), ('రు', '|'), ('దా', 'U'), ('కై', 'U'), ('వ', 'U'), ('ల్య', '|'), ('ప', '|'), ('ద', '|'), ('వి', '|'), ('య', 'U'), ('చ్యు', '|'), ('త', '|'), ('కృ', 'U'), ('ష్ణా', 'U')]",0.875,-1.0,1.0,1.0,0.5,1.0
kandamu,"ఓ భవబంధవిమోచన
ఓ భరతాగ్రజ మురారి యోరఘు రామా
ఓ భక్తకామధేనువ
ఓ భయహర నన్నుగావుమో హరి కృష్ణా.",jaathi,Krishna,"[('ఓ', 'U'), ('భ', '|'), ('వ', '|'), ('బం', 'U'), ('ధ', '|'), ('వి', '|'), ('మో', 'U'), ('చ', '|'), ('న', '|'), ('ఓ', 'U'), ('భ', '|'), ('ర', '|'), ('తా', 'U'), ('గ్ర', '|'), ('జ', '|'), ('ము', '|'), ('రా', 'U'), ('రి', '|'), ('యో', 'U'), ('ర', '|'), ('ఘు', '|'), ('రా', 'U'), ('మా', 'U'), ('ఓ', 'U'), ('భ', 'U'), ('క్త', '|'), ('కా', 'U'), ('మ', '|'), ('ధే', 'U'), ('ను', '|'), ('వ', '|'), ('ఓ', 'U'), ('భ', '|'), ('య', '|'), ('హ', '|'), ('ర', '|'), ('న', 'U'), ('న్ను', '|'), ('గా', 'U'), ('వు', '|'), ('మో', 'U'), ('హ', '|'), ('రి', '|'), ('కృ', 'U'), ('ష్ణా', 'U')]",0.75,-1.0,1.0,1.0,0.0,1.0
kandamu,"ఏతండ్రి కనకకశ్యపు
ఘాతకుఁడై యతనిసుతుని గరుణను గాచె\న్‌
ప్రీతి సురకోటి పొగడఁగ
నా తండ్రీ నిన్ను నేను నమ్మితి గృష్ణా.",jaathi,Krishna,"[('ఏ', 'U'), ('తం', 'U'), ('డ్రి', '|'), ('క', '|'), ('న', '|'), ('క', '|'), ('క', 'U'), ('శ్య', '|'), ('పు', '|'), ('ఘా', 'U'), ('త', '|'), ('కు', '|'), ('డై', 'U'), ('య', '|'), ('త', '|'), ('ని', '|'), ('సు', '|'), ('తు', '|'), ('ని', '|'), ('గ', '|'), ('రు', '|'), ('ణ', '|'), ('ను', '|'), ('గా', 'U'), ('చెన్', 'U'), ('ప్రీ', 'U'), ('తి', '|'), ('సు', '|'), ('ర', '|'), ('కో', 'U'), ('టి', '|'), ('పొ', '|'), ('గ', '|'), ('డ', '|'), ('గ', '|'), ('నా', 'U'), ('తం', 'U'), ('డ్రీ', 'U'), ('ని', 'U'), ('న్ను', '|'), ('నే', 'U'), ('ను', '|'), ('న', 'U'), ('మ్మి', '|'), ('తి', '|'), ('గృ', 'U'), ('ష్ణా', 'U')]",1.0,-1.0,1.0,1.0,1.0,1.0
kandamu,"ఓ పుండరీకలోచన
యో పురుషోత్తమ ముకుంద యో గోవిందా
యో పురసంహర మిత్రుఁడ
యో పుణ్యుఁడ నన్నుఁబ్రోవుమో హరి కృష్ణా.",jaathi,Krishna,"[('ఓ', 'U'), ('పుం', 'U'), ('డ', '|'), ('రీ', 'U'), ('క', '|'), ('లో', 'U'), ('చ', '|'), ('న', '|'), ('యో', 'U'), ('పు', '|'), ('రు', '|'), ('షో', 'U'), ('త్త', '|'), ('మ', '|'), ('ము', '|'), ('కుం', 'U'), ('ద', '|'), ('యో', 'U'), ('గో', 'U'), ('విం', 'U'), ('దా', 'U'), ('యో', 'U'), ('పు', '|'), ('ర', '|'), ('సం', 'U'), ('హ', '|'), ('ర', '|'), ('మి', '|'), ('త్రు', '|'), ('డ', '|'), ('యో', 'U'), ('పు', 'U'), ('ణ్యు', '|'), ('డ', '|'), ('న', 'U'), ('న్ను', '|'), ('బ్రో', 'U'), ('వు', '|'), ('మో', 'U'), ('హ', '|'), ('రి', '|'), ('కృ', 'U'), ('ష్ణా', 'U')]",0.734375,-1.0,1.0,0.6875,0.5,0.75
kandamu,"ఏవిభుఁడు ఘోరరణమున
రావణుఁ వధియించి లంకరాజుగ నిలిపె\న్‌
దీవించి యావిభీషణు
నావిభు నేఁ దలఁతు మదిని నచ్యుత కృష్ణా.",jaathi,Krishna,"[('ఏ', 'U'), ('వి', '|'), ('భు', '|'), ('డు', '|'), ('ఘో', 'U'), ('ర', '|'), ('ర', '|'), ('ణ', '|'), ('ము', '|'), ('న', '|'), ('రా', 'U'), ('వ', '|'), ('ణు', '|'), ('వ', '|'), ('ధి', '|'), ('యిం', 'U'), ('చి', '|'), ('లం', 'U'), ('క', '|'), ('రా', 'U'), ('జు', '|'), ('గ', '|'), ('ని', '|'), ('లి', '|'), ('పెన్', 'U'), ('దీ', 'U'), ('విం', 'U'), ('చి', '|'), ('యా', 'U'), ('వి', '|'), ('భీ', 'U'), ('ష', '|'), ('ణు', '|'), ('నా', 'U'), ('వి', '|'), ('భు', '|'), ('నే', 'U'), ('ద', '|'), ('ల', '|'), ('తు', '|'), ('మ', '|'), ('ది', '|'), ('ని', '|'), ('న', 'U'), ('చ్యు', '|'), ('త', '|'), ('కృ', 'U'), ('ష్ణా', 'U')]",1.0,-1.0,1.0,1.0,1.0,1.0
kandamu,"గ్రహభయదోషము లొందవు
బహుపీడలు చేర వెఱచుఁ బాయును నఘముల్‌
ఇహపర ఫలదాయక విను
తహతహలెక్కడివి నిన్నుఁదలఁచినఁ గృష్ణా.",jaathi,Krishna,"[('గ్ర', '|'), ('హ', '|'), ('భ', '|'), ('య', '|'), ('దో', 'U'), ('ష', '|'), ('ము', '|'), ('లొం', 'U'), ('ద', '|'), ('వు', '|'), ('బ', '|'), ('హు', '|'), ('పీ', 'U'), ('డ', '|'), ('లు', '|'), ('చే', 'U'), ('ర', '|'), ('వె', '|'), ('ఱ', '|'), ('చు', '|'), ('బా', 'U'), ('యు', '|'), ('ను', '|'), ('న', '|'), ('ఘ', '|'), ('ముల్', 'U'), ('ఇ', '|'), ('హ', '|'), ('ప', '|'), ('ర', '|'), ('ఫ', '|'), ('ల', '|'), ('దా', 'U'), ('య', '|'), ('క', '|'), ('వి', '|'), ('ను', '|'), ('త', '|'), ('హ', '|'), ('త', '|'), ('హ', '|'), ('లె', 'U'), ('క్క', '|'), ('డి', '|'), ('వి', '|'), ('ని', 'U'), ('న్ను', '|'), ('ద', '|'), ('ల', '|'), ('చి', '|'), ('న', '|'), ('గృ', 'U'), ('ష్ణా', 'U')]",1.0,-1.0,1.0,1.0,1.0,1.0
kandamu,"గంగ మొదలైన నదులను
మంగళముగఁ జేయునట్టి మజ్జనములకు\న్‌
సంగతి గలిగిన ఫలములు
రంగుగ మిముఁదలఁచు సాటి రావుర కృష్ణా.",jaathi,Krishna,"[('గం', 'U'), ('గ', '|'), ('మొ', '|'), ('ద', '|'), ('లై', 'U'), ('న', '|'), ('న', '|'), ('దు', '|'), ('ల', '|'), ('ను', '|'), ('మం', 'U'), ('గ', '|'), ('ళ', '|'), ('ము', '|'), ('గ', '|'), ('జే', 'U'), ('యు', '|'), ('న', 'U'), ('ట్టి', '|'), ('మ', 'U'), ('జ్జ', '|'), ('న', '|'), ('ము', '|'), ('ల', '|'), ('కున్', 'U'), ('సం', 'U'), ('గ', '|'), ('తి', '|'), ('గ', '|'), ('లి', '|'), ('గి', '|'), ('న', '|'), ('ఫ', '|'), ('ల', '|'), ('ము', '|'), ('లు', '|'), ('రం', 'U'), ('గు', '|'), ('గ', '|'), ('మి', '|'), ('ము', '|'), ('ద', '|'), ('ల', '|'), ('చు', '|'), ('సా', 'U'), ('టి', '|'), ('రా', 'U'), ('వు', '|'), ('ర', '|'), ('కృ', 'U'), ('ష్ణా', 'U')]",1.0,-1.0,1.0,1.0,1.0,1.0
kandamu,"ఆ దండకావనంబున
కోదండముఁదాల్చినట్టి కోమలమూర్తీ
నాదండ గావ రమ్మీ
వేదండము కాచినట్టి వేల్పువు కృష్ణా.",jaathi,Krishna,"[('ఆ', 'U'), ('దం', 'U'), ('డ', '|'), ('కా', 'U'), ('వ', '|'), ('నం', 'U'), ('బు', '|'), ('న', '|'), ('కో', 'U'), ('దం', 'U'), ('డ', '|'), ('ము', '|'), ('దా', 'U'), ('ల్చి', '|'), ('న', 'U'), ('ట్టి', '|'), ('కో', 'U'), ('మ', '|'), ('ల', '|'), ('మూ', 'U'), ('ర్తీ', 'U'), ('నా', 'U'), ('దం', 'U'), ('డ', '|'), ('గా', 'U'), ('వ', '|'), ('ర', 'U'), ('మ్మీ', 'U'), ('వే', 'U'), ('దం', 'U'), ('డ', '|'), ('ము', '|'), ('కా', 'U'), ('చి', '|'), ('న', 'U'), ('ట్టి', '|'), ('వే', 'U'), ('ల్పు', '|'), ('వు', '|'), ('కృ', 'U'), ('ష్ణా', 'U')]",1.0,-1.0,1.0,1.0,1.0,1.0
kandamu,"చూపుము నీరూపంబును
బాపపు దుష్కృతము లెల్లఁ బంకజనాభా
పాపుము నాకును దయతో
శ్రీపతి నిను నమ్మినాఁడ సిద్ధము కృష్ణా.",jaathi,Krishna,"[('చూ', 'U'), ('పు', '|'), ('ము', '|'), ('నీ', 'U'), ('రూ', 'U'), ('పం', 'U'), ('బు', '|'), ('ను', '|'), ('బా', 'U'), ('ప', '|'), ('పు', '|'), ('దు', 'U'), ('ష్కృ', '|'), ('త', '|'), ('ము', '|'), ('లె', 'U'), ('ల్ల', '|'), ('బం', 'U'), ('క', '|'), ('జ', '|'), ('నా', 'U'), ('భా', 'U'), ('పా', 'U'), ('పు', '|'), ('ము', '|'), ('నా', 'U'), ('కు', '|'), ('ను', '|'), ('ద', '|'), ('య', '|'), ('తో', 'U'), ('శ్రీ', 'U'), ('ప', '|'), ('తి', '|'), ('ని', '|'), ('ను', '|'), ('న', 'U'), ('మ్మి', '|'), ('నా', 'U'), ('డ', '|'), ('సి', 'U'), ('ద్ధ', '|'), ('ము', '|'), ('కృ', 'U'), ('ష్ణా', 'U')]",1.0,-1.0,1.0,1.0,1.0,1.0
kandamu,"నీ నామము భవహరణము
నీ నామము సర్వసౌఖ్య నివహకరంబు\న్‌
నీ నామ మమృత పూర్ణము
నీ నామము నేఁదలంతు నిత్యము కృష్ణా.",jaathi,Krishna,"[('నీ', 'U'), ('నా', 'U'), ('మ', '|'), ('ము', '|'), ('భ', '|'), ('వ', '|'), ('హ', '|'), ('ర', '|'), ('ణ', '|'), ('ము', '|'), ('నీ', 'U'), ('నా', 'U'), ('మ', '|'), ('ము', '|'), ('స', 'U'), ('ర్వ', '|'), ('సౌ', 'U'), ('ఖ్య', '|'), ('ని', '|'), ('వ', '|'), ('హ', '|'), ('క', '|'), ('రం', 'U'), ('బున్', 'U'), ('నీ', 'U'), ('నా', 'U'), ('మ', '|'), ('మ', '|'), ('మృ', '|'), ('త', '|'), ('పూ', 'U'), ('ర్ణ', '|'), ('ము', '|'), ('నీ', 'U'), ('నా', 'U'), ('మ', '|'), ('ము', '|'), ('నే', 'U'), ('ద', '|'), ('లం', 'U'), ('తు', '|'), ('ని', 'U'), ('త్య', '|'), ('ము', '|'), ('కృ', 'U'), ('ష్ణా', 'U')]",1.0,-1.0,1.0,1.0,1.0,1.0
kandamu,"పరులను నడిగిన జనులకు
కుఱుచ సుమీ యిది యటంచు గుఱుతుగ నీవు\న్‌
గురుచఁడవై వేఁడితి మును
ధరఁ బాదత్రయము బలిని దద్దయుఁ గృష్ణా.",jaathi,Krishna,"[('ప', '|'), ('రు', '|'), ('ల', '|'), ('ను', '|'), ('న', '|'), ('డి', '|'), ('గి', '|'), ('న', '|'), ('జ', '|'), ('ను', '|'), ('ల', '|'), ('కు', '|'), ('కు', '|'), ('ఱు', '|'), ('చ', '|'), ('సు', '|'), ('మీ', 'U'), ('యి', '|'), ('ది', '|'), ('య', '|'), ('టం', 'U'), ('చు', '|'), ('గు', '|'), ('ఱు', '|'), ('తు', '|'), ('గ', '|'), ('నీ', 'U'), ('వున్', 'U'), ('గు', '|'), ('రు', '|'), ('చ', '|'), ('డ', '|'), ('వై', 'U'), ('వే', 'U'), ('డి', '|'), ('తి', '|'), ('ము', '|'), ('ను', '|'), ('ధ', '|'), ('ర', '|'), ('బా', 'U'), ('ద', '|'), ('త్ర', '|'), ('య', '|'), ('ము', '|'), ('బ', '|'), ('లి', '|'), ('ని', '|'), ('ద', 'U'), ('ద్ద', '|'), ('యు', '|'), ('గృ', 'U'), ('ష్ణా', 'U')]",0.90625,-1.0,1.0,0.875,1.0,0.75
kandamu,"పాలను వెన్నయును మ్రుచ్చిల
ఱోలను మీ తల్లి కట్ట రోషముతోడ\న్‌
లీలావినోది వైతివి
బాలుఁడవా బ్రహ్మకన్న ప్రభుఁడవు గృష్ణా.",jaathi,Krishna,"[('పా', 'U'), ('ల', '|'), ('ను', '|'), ('వె', 'U'), ('న్న', '|'), ('యు', '|'), ('ను', '|'), ('మ్రు', 'U'), ('చ్చి', '|'), ('ల', '|'), ('ఱో', 'U'), ('ల', '|'), ('ను', '|'), ('మీ', 'U'), ('త', 'U'), ('ల్లి', '|'), ('క', 'U'), ('ట్ట', '|'), ('రో', 'U'), ('ష', '|'), ('ము', '|'), ('తో', 'U'), ('డన్', 'U'), ('లీ', 'U'), ('లా', 'U'), ('వి', '|'), ('నో', 'U'), ('ది', '|'), ('వై', 'U'), ('తి', '|'), ('వి', '|'), ('బా', 'U'), ('లు', '|'), ('డ', '|'), ('వా', 'U'), ('బ్ర', 'U'), ('హ్మ', '|'), ('క', 'U'), ('న్న', '|'), ('ప్ర', '|'), ('భు', '|'), ('డ', '|'), ('వు', '|'), ('గృ', 'U'), ('ష్ణా', 'U')]",0.984375,-1.0,1.0,0.9375,1.0,1.0
kandamu,"రఘునాయక నీనామము
లఘుమతితోఁ దలఁపఁగలనె లక్ష్మీరమణా
అలఘములఁ బాపుము దయతో
రఘురాముఁడ వైన లోక రక్షక కృష్ణా.",jaathi,Krishna,"[('ర', '|'), ('ఘు', '|'), ('నా', 'U'), ('య', '|'), ('క', '|'), ('నీ', 'U'), ('నా', 'U'), ('మ', '|'), ('ము', '|'), ('ల', '|'), ('ఘు', '|'), ('మ', '|'), ('తి', '|'), ('తో', 'U'), ('ద', '|'), ('ల', '|'), ('ప', '|'), ('గ', '|'), ('ల', '|'), ('నె', '|'), ('ల', 'U'), ('క్ష్మీ', 'U'), ('ర', '|'), ('మ', '|'), ('ణా', 'U'), ('అ', '|'), ('ల', '|'), ('ఘ', '|'), ('ము', '|'), ('ల', '|'), ('బా', 'U'), ('పు', '|'), ('ము', '|'), ('ద', '|'), ('య', '|'), ('తో', 'U'), ('ర', '|'), ('ఘు', '|'), ('రా', 'U'), ('ము', '|'), ('డ', '|'), ('వై', 'U'), ('న', '|'), ('లో', 'U'), ('క', '|'), ('ర', 'U'), ('క్ష', '|'), ('క', '|'), ('కృ', 'U'), ('ష్ణా', 'U')]",0.921875,-1.0,1.0,0.9375,1.0,0.75
kandamu,"అప్పా యిత్తువు దయతో
నప్పాలను నతిరసంబు లనుభవశాలీ
యప్పా నను గనుఁగొనవే
యప్పా నను బ్రోవు వేంకటప్పా కృష్ణా.",jaathi,Krishna,"[('అ', 'U'), ('ప్పా', 'U'), ('యి', 'U'), ('త్తు', '|'), ('వు', '|'), ('ద', '|'), ('య', '|'), ('తో', 'U'), ('న', 'U'), ('ప్పా', 'U'), ('ల', '|'), ('ను', '|'), ('న', '|'), ('తి', '|'), ('ర', '|'), ('సం', 'U'), ('బు', '|'), ('ల', '|'), ('ను', '|'), ('భ', '|'), ('వ', '|'), ('శా', 'U'), ('లీ', 'U'), ('య', 'U'), ('ప్పా', 'U'), ('న', '|'), ('ను', '|'), ('గ', '|'), ('ను', '|'), ('గొ', '|'), ('న', '|'), ('వే', 'U'), ('య', 'U'), ('ప్పా', 'U'), ('న', '|'), ('ను', '|'), ('బ్రో', 'U'), ('వు', '|'), ('వేం', 'U'), ('క', '|'), ('ట', 'U'), ('ప్పా', 'U'), ('కృ', 'U'), ('ష్ణా', 'U')]",0.75,-1.0,1.0,1.0,0.0,1.0
kandamu,"కొంచెపువాఁడని మదిలో
నెంచకుమీ వాసుదేవ యిభవరద హరీ
యంచితముగ నీ కరుణకుఁ
గొంచము నధికంబు గలదె కొంతయుఁ గృష్ణా.",jaathi,Krishna,"[('కొం', 'U'), ('చె', '|'), ('పు', '|'), ('వా', 'U'), ('డ', '|'), ('ని', '|'), ('మ', '|'), ('ది', '|'), ('లో', 'U'), ('నెం', 'U'), ('చ', '|'), ('కు', '|'), ('మీ', 'U'), ('వా', 'U'), ('సు', '|'), ('దే', 'U'), ('వ', '|'), ('యి', '|'), ('భ', '|'), ('వ', '|'), ('ర', '|'), ('ద', '|'), ('హ', '|'), ('రీ', 'U'), ('యం', 'U'), ('చి', '|'), ('త', '|'), ('ము', '|'), ('గ', '|'), ('నీ', 'U'), ('క', '|'), ('రు', '|'), ('ణ', '|'), ('కు', '|'), ('గొం', 'U'), ('చ', '|'), ('ము', '|'), ('న', '|'), ('ధి', '|'), ('కం', 'U'), ('బు', '|'), ('గ', '|'), ('ల', '|'), ('దె', '|'), ('కొం', 'U'), ('త', '|'), ('యు', '|'), ('గృ', 'U'), ('ష్ణా', 'U')]",0.875,-1.0,1.0,1.0,0.5,1.0
kandamu,"వావిరి నీ భక్తులకు\న్‌
గావరమున నెగ్గు సేయు గర్వాంధులకు\న్‌
దేవ వధించుట వింటిని
నీవల్లను భాగ్యమయ్యె నిజముగఁ గృష్ణా.",jaathi,Krishna,"[('వా', 'U'), ('వి', '|'), ('రి', '|'), ('నీ', 'U'), ('భ', 'U'), ('క్తు', '|'), ('ల', '|'), ('కున్', 'U'), ('గా', 'U'), ('వ', '|'), ('ర', '|'), ('ము', '|'), ('న', '|'), ('నె', 'U'), ('గ్గు', '|'), ('సే', 'U'), ('యు', '|'), ('గ', 'U'), ('ర్వాం', 'U'), ('ధు', '|'), ('ల', '|'), ('కున్', 'U'), ('దే', 'U'), ('వ', '|'), ('వ', '|'), ('ధిం', 'U'), ('చు', '|'), ('ట', '|'), ('విం', 'U'), ('టి', '|'), ('ని', '|'), ('నీ', 'U'), ('వ', 'U'), ('ల్ల', '|'), ('ను', '|'), ('భా', 'U'), ('గ్య', '|'), ('మ', 'U'), ('య్యె', '|'), ('ని', '|'), ('జ', '|'), ('ము', '|'), ('గ', '|'), ('గృ', 'U'), ('ష్ణా', 'U')]",1.0,-1.0,1.0,1.0,1.0,1.0
kandamu,"అయ్యా పంచేంద్రియములు
నుయ్యాలల నూచినట్టు లూచఁగ నేను\న్‌
జయ్యన గలఁగుచు నుంటిని
గుయ్యాలింపుము మహాత్మ గుఱుతుగఁ గృష్ణా.",jaathi,Krishna,"[('అ', 'U'), ('య్యా', 'U'), ('పం', 'U'), ('చేం', 'U'), ('ద్రి', '|'), ('య', '|'), ('ము', '|'), ('లు', '|'), ('ను', 'U'), ('య్యా', 'U'), ('ల', '|'), ('ల', '|'), ('నూ', 'U'), ('చి', '|'), ('న', 'U'), ('ట్టు', '|'), ('లూ', 'U'), ('చ', '|'), ('గ', '|'), ('నే', 'U'), ('నున్', 'U'), ('జ', 'U'), ('య్య', '|'), ('న', '|'), ('గ', '|'), ('ల', '|'), ('గు', '|'), ('చు', '|'), ('నుం', 'U'), ('టి', '|'), ('ని', '|'), ('గు', 'U'), ('య్యా', 'U'), ('లిం', 'U'), ('పు', '|'), ('ము', '|'), ('మ', '|'), ('హా', 'U'), ('త్మ', '|'), ('గు', '|'), ('ఱు', '|'), ('తు', '|'), ('గ', '|'), ('గృ', 'U'), ('ష్ణా', 'U')]",0.875,-1.0,1.0,1.0,0.5,1.0
kandamu,"కంటికి ఱెప్ప విధంబున
బంటుగదా యనుచు నన్నుఁ బాయక యెపుడు\న్‌
జంటయు నీ వుండుట నే
కంటక మగు పాపములను గడచితిఁ గృష్ణా.",jaathi,Krishna,"[('కం', 'U'), ('టి', '|'), ('కి', '|'), ('ఱె', 'U'), ('ప్ప', '|'), ('వి', '|'), ('ధం', 'U'), ('బు', '|'), ('న', '|'), ('బం', 'U'), ('టు', '|'), ('గ', '|'), ('దా', 'U'), ('య', '|'), ('ను', '|'), ('చు', '|'), ('న', 'U'), ('న్ను', '|'), ('బా', 'U'), ('య', '|'), ('క', '|'), ('యె', '|'), ('పు', '|'), ('డున్', 'U'), ('జం', 'U'), ('ట', '|'), ('యు', '|'), ('నీ', 'U'), ('వుం', 'U'), ('డు', '|'), ('ట', '|'), ('నే', 'U'), ('కం', 'U'), ('ట', '|'), ('క', '|'), ('మ', '|'), ('గు', '|'), ('పా', 'U'), ('ప', '|'), ('ము', '|'), ('ల', '|'), ('ను', '|'), ('గ', '|'), ('డ', '|'), ('చి', '|'), ('తి', '|'), ('గృ', 'U'), ('ష్ణా', 'U')]",1.0,-1.0,1.0,1.0,1.0,1.0
kandamu,"యమునకు నిఁక నే వెఱువను
కమలాక్ష జగన్నివాస కామితఫలదా
విమలమగు నీదు నామము
నమఁరఁగఁ దలఁచెదను వేగ ననిశము కృష్ణా.",jaathi,Krishna,"[('య', '|'), ('ము', '|'), ('న', '|'), ('కు', '|'), ('ని', '|'), ('క', '|'), ('నే', 'U'), ('వె', '|'), ('ఱు', '|'), ('వ', '|'), ('ను', '|'), ('క', '|'), ('మ', '|'), ('లా', 'U'), ('క్ష', '|'), ('జ', '|'), ('గ', 'U'), ('న్ని', '|'), ('వా', 'U'), ('స', '|'), ('కా', 'U'), ('మి', '|'), ('త', '|'), ('ఫ', '|'), ('ల', '|'), ('దా', 'U'), ('వి', '|'), ('మ', '|'), ('ల', '|'), ('మ', '|'), ('గు', '|'), ('నీ', 'U'), ('దు', '|'), ('నా', 'U'), ('మ', '|'), ('ము', '|'), ('న', '|'), ('మ', '|'), ('ర', '|'), ('గ', '|'), ('ద', '|'), ('ల', '|'), ('చె', '|'), ('ద', '|'), ('ను', '|'), ('వే', 'U'), ('గ', '|'), ('న', '|'), ('ని', '|'), ('శ', '|'), ('ము', '|'), ('కృ', 'U'), ('ష్ణా', 'U')]",1.0,-1.0,1.0,1.0,1.0,1.0
kandamu,"దండమయా విశ్వంభర
దండమయా పుండరీక దళనేత్ర హరీ
దండమయా కరుణానిధి
దండమయా నీకు నెపుడు దండము కృష్ణా.",jaathi,Krishna,"[('దం', 'U'), ('డ', '|'), ('మ', '|'), ('యా', 'U'), ('వి', 'U'), ('శ్వం', 'U'), ('భ', '|'), ('ర', '|'), ('దం', 'U'), ('డ', '|'), ('మ', '|'), ('యా', 'U'), ('పుం', 'U'), ('డ', '|'), ('రీ', 'U'), ('క', '|'), ('ద', '|'), ('ళ', '|'), ('నే', 'U'), ('త్ర', '|'), ('హ', '|'), ('రీ', 'U'), ('దం', 'U'), ('డ', '|'), ('మ', '|'), ('యా', 'U'), ('క', '|'), ('రు', '|'), ('ణా', 'U'), ('ని', '|'), ('ధి', '|'), ('దం', 'U'), ('డ', '|'), ('మ', '|'), ('యా', 'U'), ('నీ', 'U'), ('కు', '|'), ('నె', '|'), ('పు', '|'), ('డు', '|'), ('దం', 'U'), ('డ', '|'), ('ము', '|'), ('కృ', 'U'), ('ష్ణా', 'U')]",1.0,-1.0,1.0,1.0,1.0,1.0
kandamu,"నారాయణ లక్ష్మీపతి
నారాయణ వాసుదేవ నందకుమారా
నారాయణ నిను నమ్మితి
నారాయణ నన్నుఁ బ్రోవు నగధర కృష్ణా.",jaathi,Krishna,"[('నా', 'U'), ('రా', 'U'), ('య', '|'), ('ణ', '|'), ('ల', 'U'), ('క్ష్మీ', 'U'), ('ప', '|'), ('తి', '|'), ('నా', 'U'), ('రా', 'U'), ('య', '|'), ('ణ', '|'), ('వా', 'U'), ('సు', '|'), ('దే', 'U'), ('వ', '|'), ('నం', 'U'), ('ద', '|'), ('కు', '|'), ('మా', 'U'), ('రా', 'U'), ('నా', 'U'), ('రా', 'U'), ('య', '|'), ('ణ', '|'), ('ని', '|'), ('ను', '|'), ('న', 'U'), ('మ్మి', '|'), ('తి', '|'), ('నా', 'U'), ('రా', 'U'), ('య', '|'), ('ణ', '|'), ('న', 'U'), ('న్ను', '|'), ('బ్రో', 'U'), ('వు', '|'), ('న', '|'), ('గ', '|'), ('ధ', '|'), ('ర', '|'), ('కృ', 'U'), ('ష్ణా', 'U')]",1.0,-1.0,1.0,1.0,1.0,1.0
kandamu,"తిరుమణి దురితవిదూరము
తిరుమణి సౌభాగ్యకరము త్రిజగములందు\న్‌
తిరుమణిఁ బెట్టిన మనుజుఁడు
పరమపవిత్రుండు భాగ్యవంతుడు కృష్ణా.",jaathi,Krishna,"[('తి', '|'), ('రు', '|'), ('మ', '|'), ('ణి', '|'), ('దు', '|'), ('రి', '|'), ('త', '|'), ('వి', '|'), ('దూ', 'U'), ('ర', '|'), ('ము', '|'), ('తి', '|'), ('రు', '|'), ('మ', '|'), ('ణి', '|'), ('సౌ', 'U'), ('భా', 'U'), ('గ్య', '|'), ('క', '|'), ('ర', '|'), ('ము', '|'), ('త్రి', '|'), ('జ', '|'), ('గ', '|'), ('ము', '|'), ('లం', 'U'), ('దున్', 'U'), ('తి', '|'), ('రు', '|'), ('మ', '|'), ('ణి', '|'), ('బె', 'U'), ('ట్టి', '|'), ('న', '|'), ('మ', '|'), ('ను', '|'), ('జు', '|'), ('డు', '|'), ('ప', '|'), ('ర', '|'), ('మ', '|'), ('ప', '|'), ('వి', '|'), ('త్రుం', 'U'), ('డు', '|'), ('భా', 'U'), ('గ్య', '|'), ('వం', 'U'), ('తు', '|'), ('డు', '|'), ('కృ', 'U'), ('ష్ణా', 'U')]",0.828125,-1.0,1.0,0.8125,0.5,1.0
kandamu,"శ్రీలక్ష్మీనారాయణ
వాలాయము నిన్నుఁ దలఁతు వందితచరణా
ఏలుము నను నీ బంటుగఁ
జాలఁగ నిను నమ్మినాను సరసుఁడ కృష్ణా.",jaathi,Krishna,"[('శ్రీ', 'U'), ('ల', 'U'), ('క్ష్మీ', 'U'), ('నా', 'U'), ('రా', 'U'), ('య', '|'), ('ణ', '|'), ('వా', 'U'), ('లా', 'U'), ('య', '|'), ('ము', '|'), ('ని', 'U'), ('న్ను', '|'), ('ద', '|'), ('ల', '|'), ('తు', '|'), ('వం', 'U'), ('ది', '|'), ('త', '|'), ('చ', '|'), ('ర', '|'), ('ణా', 'U'), ('ఏ', 'U'), ('లు', '|'), ('ము', '|'), ('న', '|'), ('ను', '|'), ('నీ', 'U'), ('బం', 'U'), ('టు', '|'), ('గ', '|'), ('జా', 'U'), ('ల', '|'), ('గ', '|'), ('ని', '|'), ('ను', '|'), ('న', 'U'), ('మ్మి', '|'), ('నా', 'U'), ('ను', '|'), ('స', '|'), ('ర', '|'), ('సు', '|'), ('డ', '|'), ('కృ', 'U'), ('ష్ణా', 'U')]",1.0,-1.0,1.0,1.0,1.0,1.0
kandamu,"శ్రీధర మాధవ యచ్యుత
భూధర పురుహూతవినుత పురుషోత్తమ నీ
పాదయుగళంబు నెప్పుడు
మోదముతో నమ్మినాఁడ ముద్దుల కృష్ణా.",jaathi,Krishna,"[('శ్రీ', 'U'), ('ధ', '|'), ('ర', '|'), ('మా', 'U'), ('ధ', '|'), ('వ', '|'), ('య', 'U'), ('చ్యు', '|'), ('త', '|'), ('భూ', 'U'), ('ధ', '|'), ('ర', '|'), ('పు', '|'), ('రు', '|'), ('హూ', 'U'), ('త', '|'), ('వి', '|'), ('ను', '|'), ('త', '|'), ('పు', '|'), ('రు', '|'), ('షో', 'U'), ('త్త', '|'), ('మ', '|'), ('నీ', 'U'), ('పా', 'U'), ('ద', '|'), ('యు', '|'), ('గ', '|'), ('ళం', 'U'), ('బు', '|'), ('నె', 'U'), ('ప్పు', '|'), ('డు', '|'), ('మో', 'U'), ('ద', '|'), ('ము', '|'), ('తో', 'U'), ('న', 'U'), ('మ్మి', '|'), ('నా', 'U'), ('డ', '|'), ('ము', 'U'), ('ద్దు', '|'), ('ల', '|'), ('కృ', 'U'), ('ష్ణా', 'U')]",0.875,-1.0,1.0,1.0,1.0,0.5
kandamu,"శిరమున రత్నకిరీటము
కరయుగమున శంఖచక్ర ఘనభూషణముల్‌
ఉరమున వజ్రపుఁబతకము
సిరినాయక యమరవినుత శ్రీహరి కృష్ణా.",jaathi,Krishna,"[('శి', '|'), ('ర', '|'), ('ము', '|'), ('న', '|'), ('ర', 'U'), ('త్న', '|'), ('కి', '|'), ('రీ', 'U'), ('ట', '|'), ('ము', '|'), ('క', '|'), ('ర', '|'), ('యు', '|'), ('గ', '|'), ('ము', '|'), ('న', '|'), ('శం', 'U'), ('ఖ', '|'), ('చ', '|'), ('క్ర', '|'), ('ఘ', '|'), ('న', '|'), ('భూ', 'U'), ('ష', '|'), ('ణ', '|'), ('ముల్', 'U'), ('ఉ', '|'), ('ర', '|'), ('ము', '|'), ('న', '|'), ('వ', '|'), ('జ్ర', '|'), ('పు', '|'), ('బ', '|'), ('త', '|'), ('క', '|'), ('ము', '|'), ('సి', '|'), ('రి', '|'), ('నా', 'U'), ('య', '|'), ('క', '|'), ('య', '|'), ('మ', '|'), ('ర', '|'), ('వి', '|'), ('ను', '|'), ('త', '|'), ('శ్రీ', 'U'), ('హ', '|'), ('రి', '|'), ('కృ', 'U'), ('ష్ణా', 'U')]",0.53125,-1.0,1.0,0.625,0.0,0.5
kandamu,"అందెలు పాదములందును
సుందరముగ నుంచినావు సొంపలరంగా
మందరధర మునిసన్నుత
నందుని వరపుత్ర నిన్ను నమ్మితిఁ గృష్ణా.",jaathi,Krishna,"[('అం', 'U'), ('దె', '|'), ('లు', '|'), ('పా', 'U'), ('ద', '|'), ('ము', '|'), ('లం', 'U'), ('దు', '|'), ('ను', '|'), ('సుం', 'U'), ('ద', '|'), ('ర', '|'), ('ము', '|'), ('గ', '|'), ('నుం', 'U'), ('చి', '|'), ('నా', 'U'), ('వు', '|'), ('సొం', 'U'), ('ప', '|'), ('ల', '|'), ('రం', 'U'), ('గా', 'U'), ('మం', 'U'), ('ద', '|'), ('ర', '|'), ('ధ', '|'), ('ర', '|'), ('ము', '|'), ('ని', '|'), ('స', 'U'), ('న్ను', '|'), ('త', '|'), ('నం', 'U'), ('దు', '|'), ('ని', '|'), ('వ', '|'), ('ర', '|'), ('పు', '|'), ('త్ర', '|'), ('ని', 'U'), ('న్ను', '|'), ('న', 'U'), ('మ్మి', '|'), ('తి', '|'), ('గృ', 'U'), ('ష్ణా', 'U')]",0.828125,-1.0,1.0,0.8125,0.5,1.0
kandamu,"కందర్పకోటి సుందర
మందరధర భానుతేజ మంజులదేహా
సుందర విగ్రహ మునిగణ
వందిత మిము దలఁతు భక్తవత్సల కృష్ణా.",jaathi,Krishna,"[('కం', 'U'), ('ద', 'U'), ('ర్ప', '|'), ('కో', 'U'), ('టి', '|'), ('సుం', 'U'), ('ద', '|'), ('ర', '|'), ('మం', 'U'), ('ద', '|'), ('ర', '|'), ('ధ', '|'), ('ర', '|'), ('భా', 'U'), ('ను', '|'), ('తే', 'U'), ('జ', '|'), ('మం', 'U'), ('జు', '|'), ('ల', '|'), ('దే', 'U'), ('హా', 'U'), ('సుం', 'U'), ('ద', '|'), ('ర', '|'), ('వి', '|'), ('గ్ర', '|'), ('హ', '|'), ('ము', '|'), ('ని', '|'), ('గ', '|'), ('ణ', '|'), ('వం', 'U'), ('ది', '|'), ('త', '|'), ('మి', '|'), ('ము', '|'), ('ద', '|'), ('ల', '|'), ('తు', '|'), ('భ', 'U'), ('క్త', '|'), ('వ', 'U'), ('త్స', '|'), ('ల', '|'), ('కృ', 'U'), ('ష్ణా', 'U')]",0.75,-1.0,1.0,0.75,0.5,0.75
kandamu,"దుర్మతిని మిగుల దుష్టపుఁ
గర్మంబులఁ జేసినట్టి కష్టుండ నన్ను\న్‌
నిర్మలునిఁ జేయవలె ని
ష్కర్ముఁడ నిన్ను నమ్మినాను సతతము కృష్ణా.",jaathi,Krishna,"[('దు', 'U'), ('ర్మ', '|'), ('తి', '|'), ('ని', '|'), ('మి', '|'), ('గు', '|'), ('ల', '|'), ('దు', 'U'), ('ష్ట', '|'), ('పు', '|'), ('గ', 'U'), ('ర్మం', 'U'), ('బు', '|'), ('ల', '|'), ('జే', 'U'), ('సి', '|'), ('న', 'U'), ('ట్టి', '|'), ('క', 'U'), ('ష్టుం', 'U'), ('డ', '|'), ('న', 'U'), ('న్నున్', 'U'), ('ని', 'U'), ('ర్మ', '|'), ('లు', '|'), ('ని', '|'), ('జే', 'U'), ('య', '|'), ('వ', '|'), ('లె', '|'), ('ని', 'U'), ('ష్క', 'U'), ('ర్ము', '|'), ('డ', '|'), ('ని', 'U'), ('న్ను', '|'), ('న', 'U'), ('మ్మి', '|'), ('నా', 'U'), ('ను', '|'), ('స', '|'), ('త', '|'), ('త', '|'), ('ము', '|'), ('కృ', 'U'), ('ష్ణా', 'U')]",0.8125,-1.0,1.0,0.75,0.5,1.0
kandamu,"భారద్వాజసగోత్రుఁడ
గారవమున గంగమాంబ కరుణాసుతుఁడ\న్‌
పేర నృసింహాహ్వయుఁడను
శ్రీరమయుత నన్నుఁగావు సృష్టినిఁ గృష్ణా.",jaathi,Krishna,"[('భా', 'U'), ('ర', 'U'), ('ద్వా', 'U'), ('జ', '|'), ('స', '|'), ('గో', 'U'), ('త్రు', '|'), ('డ', '|'), ('గా', 'U'), ('ర', '|'), ('వ', '|'), ('ము', '|'), ('న', '|'), ('గం', 'U'), ('గ', '|'), ('మాం', 'U'), ('బ', '|'), ('క', '|'), ('రు', '|'), ('ణా', 'U'), ('సు', '|'), ('తు', '|'), ('డన్', 'U'), ('పే', 'U'), ('ర', '|'), ('నృ', '|'), ('సిం', 'U'), ('హా', 'U'), ('హ్వ', '|'), ('యు', '|'), ('డ', '|'), ('ను', '|'), ('శ్రీ', 'U'), ('ర', '|'), ('మ', '|'), ('యు', '|'), ('త', '|'), ('న', 'U'), ('న్ను', '|'), ('గా', 'U'), ('వు', '|'), ('సృ', 'U'), ('ష్టి', '|'), ('ని', '|'), ('గృ', 'U'), ('ష్ణా', 'U')]",0.875,-1.0,1.0,1.0,0.5,1.0
kandamu,"అనుదినము కృష్ణశతకము
వినినఁ బఠించినను ముక్తి వేడుక గలుగు\న్‌
ధనధాన్యము గోగణములు
తనయులు నభివృద్ధిఁ బొందు దద్దయుఁ గృష్ణా.",jaathi,Krishna,"[('అ', '|'), ('ను', '|'), ('ది', '|'), ('న', '|'), ('ము', '|'), ('కృ', 'U'), ('ష్ణ', '|'), ('శ', '|'), ('త', '|'), ('క', '|'), ('ము', '|'), ('వి', '|'), ('ని', '|'), ('న', '|'), ('బ', '|'), ('ఠిం', 'U'), ('చి', '|'), ('న', '|'), ('ను', '|'), ('ము', 'U'), ('క్తి', '|'), ('వే', 'U'), ('డు', '|'), ('క', '|'), ('గ', '|'), ('లు', '|'), ('గున్', 'U'), ('ధ', '|'), ('న', '|'), ('ధా', 'U'), ('న్య', '|'), ('ము', '|'), ('గో', 'U'), ('గ', '|'), ('ణ', '|'), ('ము', '|'), ('లు', '|'), ('త', '|'), ('న', '|'), ('యు', '|'), ('లు', '|'), ('న', '|'), ('భి', '|'), ('వృ', 'U'), ('ద్ధి', '|'), ('బొం', 'U'), ('దు', '|'), ('ద', 'U'), ('ద్ద', '|'), ('యు', '|'), ('గృ', 'U'), ('ష్ణా', 'U')]",1.0,-1.0,1.0,1.0,1.0,1.0
seesamu,"శ్రీకరధవళాంగ, శ్రితజనావనసంగ, | కరనివిష్టకురంగ, పురవిభంగ,
తరణిచంద్రరథాంగ, ధరణీతలశతాంగ, | విదళితానంగ, గోవృషతురంగ,
వలయీకృతభుజంగ, విలసితఖట్వాంగ, | ధృతనభోగంగ, వార్నిధినిషంగ,
మునిమనోంబుజభృంగ, ఘనసమరాభంగ, | అతిదయాపాంగ, పుణ్యాంతరంగ,",vupajaathi,Kukkuteswara,"[('శ్రీ', 'U'), ('క', '|'), ('ర', '|'), ('ధ', '|'), ('వ', '|'), ('ళాం', 'U'), ('గ', '|'), ('శ్రి', '|'), ('త', '|'), ('జ', '|'), ('నా', 'U'), ('వ', '|'), ('న', '|'), ('సం', 'U'), ('గ', '|'), ('క', '|'), ('ర', '|'), ('ని', '|'), ('వి', 'U'), ('ష్ట', '|'), ('కు', '|'), ('రం', 'U'), ('గ', '|'), ('పు', '|'), ('ర', '|'), ('వి', '|'), ('భం', 'U'), ('గ', '|'), ('త', '|'), ('ర', '|'), ('ణి', '|'), ('చం', 'U'), ('ద్ర', '|'), ('ర', '|'), ('థాం', 'U'), ('గ', '|'), ('ధ', '|'), ('ర', '|'), ('ణీ', 'U'), ('త', '|'), ('ల', '|'), ('శ', '|'), ('తాం', 'U'), ('గ', '|'), ('వి', '|'), ('ద', '|'), ('ళి', '|'), ('తా', 'U'), ('నం', 'U'), ('గ', '|'), ('గో', 'U'), ('వృ', '|'), ('ష', '|'), ('తు', '|'), ('రం', 'U'), ('గ', '|'), ('వ', '|'), ('ల', '|'), ('యీ', 'U'), ('కృ', '|'), ('త', '|'), ('భు', '|'), ('జం', 'U'), ('గ', '|'), ('వి', '|'), ('ల', '|'), ('సి', '|'), ('త', '|'), ('ఖ', 'U'), ('ట్వాం', 'U'), ('గ', '|'), ('ధృ', '|'), ('త', '|'), ('న', '|'), ('భో', 'U'), ('గం', 'U'), ('గ', '|'), ('వా', 'U'), ('ర్ని', '|'), ('ధి', '|'), ('ని', '|'), ('షం', 'U'), ('గ', '|'), ('ము', '|'), ('ని', '|'), ('మ', '|'), ('నోం', 'U'), ('బు', '|'), ('జ', '|'), ('భృం', 'U'), ('గ', '|'), ('ఘ', '|'), ('న', '|'), ('స', '|'), ('మ', '|'), ('రా', 'U'), ('భం', 'U'), ('గ', '|'), ('అ', '|'), ('తి', '|'), ('ద', '|'), ('యా', 'U'), ('పాం', 'U'), ('గ', '|'), ('పు', 'U'), ('ణ్యాం', 'U'), ('త', '|'), ('రం', 'U'), ('గ', '|')]",0.9166666666666666,-1.0,1.0,1.0,0.75,-1.0
teytageethi,"శైలజానుంగ, నీకొక శతక మిపుడు | కూర్చి యర్పింతుఁ గైకొమ్ము, కోర్కె లిమ్ము,
భూనుతవిలాస, పీఠికాపురనివాస, | కుముదహితకోటిసంకాశ, కుక్కుటేశ!",vupajaathi,Kukkuteswara,"[('శై', 'U'), ('ల', '|'), ('జా', 'U'), ('నుం', 'U'), ('గ', '|'), ('నీ', 'U'), ('కొ', '|'), ('క', '|'), ('శ', '|'), ('త', '|'), ('క', '|'), ('మి', '|'), ('పు', '|'), ('డు', '|'), ('కూ', 'U'), ('ర్చి', '|'), ('య', 'U'), ('ర్పిం', 'U'), ('తు', '|'), ('గై', 'U'), ('కొ', 'U'), ('మ్ము', '|'), ('కో', 'U'), ('ర్కె', '|'), ('లి', 'U'), ('మ్ము', '|'), ('భూ', 'U'), ('ను', '|'), ('త', '|'), ('వి', '|'), ('లా', 'U'), ('స', '|'), ('పీ', 'U'), ('ఠి', '|'), ('కా', 'U'), ('పు', '|'), ('ర', '|'), ('ని', '|'), ('వా', 'U'), ('స', '|'), ('కు', '|'), ('ము', '|'), ('ద', '|'), ('హి', '|'), ('త', '|'), ('కో', 'U'), ('టి', '|'), ('సం', 'U'), ('కా', 'U'), ('శ', '|'), ('కు', 'U'), ('క్కు', '|'), ('టే', 'U'), ('శ', '|')]",1.0,-1.0,1.0,1.0,1.0,-1.0
seesamu,"కొక్కుఁ జొక్కువయాళి జక్కి నెక్కెడి వేల్పు | మినుసికయెకిమీని యనుఁగుఁబట్టి
మేల్కడాని పసిండిమేని జేజేమిన్న | యిద్దఱుతల్లుల ముద్దుఁగొడుకు
గుజ్జుదేవర వ్రేలుబొజ్జ మేటిమగండు | మొలకపూవుల పూజ నలరు వలఁతి,
చిలువజన్నిదముల చెలువుండు సికను లేఁ- | దొగవిందుతునె పూను సొగసుకాఁడు",vupajaathi,Kukkuteswara,"[('కొ', 'U'), ('క్కు', '|'), ('జొ', 'U'), ('క్కు', '|'), ('వ', '|'), ('యా', 'U'), ('ళి', '|'), ('జ', 'U'), ('క్కి', '|'), ('నె', 'U'), ('క్కె', '|'), ('డి', '|'), ('వే', 'U'), ('ల్పు', '|'), ('మి', '|'), ('ను', '|'), ('సి', '|'), ('క', '|'), ('యె', '|'), ('కి', '|'), ('మీ', 'U'), ('ని', '|'), ('య', '|'), ('ను', '|'), ('గు', '|'), ('బ', 'U'), ('ట్టి', '|'), ('మే', 'U'), ('ల్క', '|'), ('డా', 'U'), ('ని', '|'), ('ప', '|'), ('సిం', 'U'), ('డి', '|'), ('మే', 'U'), ('ని', '|'), ('జే', 'U'), ('జే', 'U'), ('మి', 'U'), ('న్న', '|'), ('యి', 'U'), ('ద్ద', '|'), ('ఱు', '|'), ('త', 'U'), ('ల్లు', '|'), ('ల', '|'), ('ము', 'U'), ('ద్దు', '|'), ('గొ', '|'), ('డు', '|'), ('కు', '|'), ('గు', 'U'), ('జ్జు', '|'), ('దే', 'U'), ('వ', '|'), ('ర', '|'), ('వ్రే', 'U'), ('లు', '|'), ('బొ', 'U'), ('జ్జ', '|'), ('మే', 'U'), ('టి', '|'), ('మ', '|'), ('గం', 'U'), ('డు', '|'), ('మొ', '|'), ('ల', '|'), ('క', '|'), ('పూ', 'U'), ('వు', '|'), ('ల', '|'), ('పూ', 'U'), ('జ', '|'), ('న', '|'), ('ల', '|'), ('రు', '|'), ('వ', '|'), ('ల', '|'), ('తి', '|'), ('చి', '|'), ('లు', '|'), ('వ', '|'), ('జ', 'U'), ('న్ని', '|'), ('ద', '|'), ('ము', '|'), ('ల', '|'), ('చె', '|'), ('లు', '|'), ('వుం', 'U'), ('డు', '|'), ('సి', '|'), ('క', '|'), ('ను', '|'), ('లే', 'U'), ('దొ', '|'), ('గ', '|'), ('విం', 'U'), ('దు', '|'), ('తు', '|'), ('నె', '|'), ('పూ', 'U'), ('ను', '|'), ('సొ', '|'), ('గ', '|'), ('సు', '|'), ('కా', 'U'), ('డు', '|')]",1.0,-1.0,1.0,1.0,1.0,-1.0
teytageethi,"నను గజాననుఁ డెపుడు నిన్ బొగడు కృతులఁ | జిరకృపాస్ఫూర్తి సంపూర్తి సేయుచుండు,
భూనుతవిలాస, పీఠికాపురనివాస, | కుముదహితకోటిసంకాశ, కుక్కుటేశ!",vupajaathi,Kukkuteswara,"[('న', '|'), ('ను', '|'), ('గ', '|'), ('జా', 'U'), ('న', '|'), ('ను', '|'), ('డె', '|'), ('పు', '|'), ('డు', '|'), ('ని', 'U'), ('న్బొ', '|'), ('గ', '|'), ('డు', '|'), ('కృ', '|'), ('తు', '|'), ('ల', '|'), ('జి', '|'), ('ర', '|'), ('కృ', '|'), ('పా', 'U'), ('స్ఫూ', 'U'), ('ర్తి', '|'), ('సం', 'U'), ('పూ', 'U'), ('ర్తి', '|'), ('సే', 'U'), ('యు', '|'), ('చుం', 'U'), ('డు', '|'), ('భూ', 'U'), ('ను', '|'), ('త', '|'), ('వి', '|'), ('లా', 'U'), ('స', '|'), ('పీ', 'U'), ('ఠి', '|'), ('కా', 'U'), ('పు', '|'), ('ర', '|'), ('ని', '|'), ('వా', 'U'), ('స', '|'), ('కు', '|'), ('ము', '|'), ('ద', '|'), ('హి', '|'), ('త', '|'), ('కో', 'U'), ('టి', '|'), ('సం', 'U'), ('కా', 'U'), ('శ', '|'), ('కు', 'U'), ('క్కు', '|'), ('టే', 'U'), ('శ', '|')]",0.9166666666666666,-1.0,1.0,1.0,0.75,-1.0
seesamu,"గురుతరకౌండిన్యగోత్ర పవిత్రుండ | గంగనమంత్రిశేఖరుని సుతుఁడ
కూచిమంచన్వయాకూపార చంద్రుండ | వితతతావకకృపావీక్షణాప్త-
సత్కలితామహాసామ్రాజ్యభార ధౌ- | రేయుండ బుధజనప్రియ సచివుఁడ
ఘన దెందులూరి లింగన గురూత్తమదత్త | సారశైవాచార సంగ్రహుఁడను",vupajaathi,Kukkuteswara,"[('గు', '|'), ('రు', '|'), ('త', '|'), ('ర', '|'), ('కౌం', 'U'), ('డి', 'U'), ('న్య', '|'), ('గో', 'U'), ('త్ర', '|'), ('ప', '|'), ('వి', '|'), ('త్రుం', 'U'), ('డ', '|'), ('గం', 'U'), ('గ', '|'), ('న', '|'), ('మం', 'U'), ('త్రి', '|'), ('శే', 'U'), ('ఖ', '|'), ('రు', '|'), ('ని', '|'), ('సు', '|'), ('తు', '|'), ('డ', '|'), ('కూ', 'U'), ('చి', '|'), ('మం', 'U'), ('చ', 'U'), ('న్వ', '|'), ('యా', 'U'), ('కూ', 'U'), ('పా', 'U'), ('ర', '|'), ('చం', 'U'), ('ద్రుం', 'U'), ('డ', '|'), ('వి', '|'), ('త', '|'), ('త', '|'), ('తా', 'U'), ('వ', '|'), ('క', '|'), ('కృ', '|'), ('పా', 'U'), ('వీ', 'U'), ('క్ష', '|'), ('ణా', 'U'), ('ప్త', '|'), ('స', 'U'), ('త్క', '|'), ('లి', '|'), ('తా', 'U'), ('మ', '|'), ('హా', 'U'), ('సా', 'U'), ('మ్రా', 'U'), ('జ్య', '|'), ('భా', 'U'), ('ర', '|'), ('ధౌ', 'U'), ('రే', 'U'), ('యుం', 'U'), ('డ', '|'), ('బు', '|'), ('ధ', '|'), ('జ', '|'), ('న', '|'), ('ప్రి', '|'), ('య', '|'), ('స', '|'), ('చి', '|'), ('వు', '|'), ('డ', '|'), ('ఘ', '|'), ('న', '|'), ('దెం', 'U'), ('దు', '|'), ('లూ', 'U'), ('రి', '|'), ('లిం', 'U'), ('గ', '|'), ('న', '|'), ('గు', '|'), ('రూ', 'U'), ('త్త', '|'), ('మ', '|'), ('ద', 'U'), ('త్త', '|'), ('సా', 'U'), ('ర', '|'), ('శై', 'U'), ('వా', 'U'), ('చా', 'U'), ('ర', '|'), ('సం', 'U'), ('గ్ర', '|'), ('హు', '|'), ('డ', '|'), ('ను', '|')]",0.5833333333333334,-1.0,1.0,0.625,0.125,-1.0
teytageethi,"తిమ్మకవిచంద్రుఁడను నేను దివిరి నీకు | శతక మర్పింతుఁ గైకొమ్ము సంతసమున,
భూనుతవిలాస, పీఠికాపురనివాస, | కుముదహితకోటిసంకాశ, కుక్కుటేశ!",vupajaathi,Kukkuteswara,"[('తి', 'U'), ('మ్మ', '|'), ('క', '|'), ('వి', '|'), ('చం', 'U'), ('ద్రు', '|'), ('డ', '|'), ('ను', '|'), ('నే', 'U'), ('ను', '|'), ('ది', '|'), ('వి', '|'), ('రి', '|'), ('నీ', 'U'), ('కు', '|'), ('శ', '|'), ('త', '|'), ('క', '|'), ('మ', 'U'), ('ర్పిం', 'U'), ('తు', '|'), ('గై', 'U'), ('కొ', 'U'), ('మ్ము', '|'), ('సం', 'U'), ('త', '|'), ('స', '|'), ('ము', '|'), ('న', '|'), ('భూ', 'U'), ('ను', '|'), ('త', '|'), ('వి', '|'), ('లా', 'U'), ('స', '|'), ('పీ', 'U'), ('ఠి', '|'), ('కా', 'U'), ('పు', '|'), ('ర', '|'), ('ని', '|'), ('వా', 'U'), ('స', '|'), ('కు', '|'), ('ము', '|'), ('ద', '|'), ('హి', '|'), ('త', '|'), ('కో', 'U'), ('టి', '|'), ('సం', 'U'), ('కా', 'U'), ('శ', '|'), ('కు', 'U'), ('క్కు', '|'), ('టే', 'U'), ('శ', '|')]",1.0,-1.0,1.0,1.0,1.0,-1.0
seesamu,"కౌశిక కౌండిన్య కపిల కశ్యప కణ్వ | కౌత్స కాత్యాయన కలశజులును
జహ్ను జరత్కార జాబాలి జమదగ్ని | జలజభవాత్మజ జైమినులును
మందపాల మతంగ మౌసల మౌద్గల్య | మాండవ్య మైత్రేయ మంకణులును
వల్మీకభవ వత్స వాలఖిల్య వశిష్ఠ | వరతంతు వామదేవ ప్రముఖులును",vupajaathi,Kukkuteswara,"[('కౌ', 'U'), ('శి', '|'), ('క', '|'), ('కౌం', 'U'), ('డి', 'U'), ('న్య', '|'), ('క', '|'), ('పి', '|'), ('ల', '|'), ('క', 'U'), ('శ్య', '|'), ('ప', '|'), ('క', 'U'), ('ణ్వ', '|'), ('కౌ', 'U'), ('త్స', '|'), ('కా', 'U'), ('త్యా', 'U'), ('య', '|'), ('న', '|'), ('క', '|'), ('ల', '|'), ('శ', '|'), ('జు', '|'), ('లు', '|'), ('ను', '|'), ('జ', 'U'), ('హ్ను', '|'), ('జ', '|'), ('ర', 'U'), ('త్కా', 'U'), ('ర', '|'), ('జా', 'U'), ('బా', 'U'), ('లి', '|'), ('జ', '|'), ('మ', '|'), ('ద', 'U'), ('గ్ని', '|'), ('జ', '|'), ('ల', '|'), ('జ', '|'), ('భ', '|'), ('వా', 'U'), ('త్మ', '|'), ('జ', '|'), ('జై', 'U'), ('మి', '|'), ('ను', '|'), ('లు', '|'), ('ను', '|'), ('మం', 'U'), ('ద', '|'), ('పా', 'U'), ('ల', '|'), ('మ', '|'), ('తం', 'U'), ('గ', '|'), ('మౌ', 'U'), ('స', '|'), ('ల', '|'), ('మౌ', 'U'), ('ద్గ', 'U'), ('ల్య', '|'), ('మాం', 'U'), ('డ', 'U'), ('వ్య', '|'), ('మై', 'U'), ('త్రే', 'U'), ('య', '|'), ('మం', 'U'), ('క', '|'), ('ణు', '|'), ('లు', '|'), ('ను', '|'), ('వ', 'U'), ('ల్మీ', 'U'), ('క', '|'), ('భ', '|'), ('వ', '|'), ('వ', 'U'), ('త్స', '|'), ('వా', 'U'), ('ల', '|'), ('ఖి', 'U'), ('ల్య', '|'), ('వ', '|'), ('శి', 'U'), ('ష్ఠ', '|'), ('వ', '|'), ('ర', '|'), ('తం', 'U'), ('తు', '|'), ('వా', 'U'), ('మ', '|'), ('దే', 'U'), ('వ', '|'), ('ప్ర', '|'), ('ము', '|'), ('ఖు', '|'), ('లు', '|'), ('ను', '|')]",1.0,-1.0,1.0,1.0,1.0,-1.0
teytageethi,"నిక్కముగ నిన్ను వర్ణింపనేర రనఁగ | నెంతవారింక నరులు ని న్నెఱిఁగి పొగడ,
భూనుతవిలాస, పీఠికాపురనివాస, | కుముదహితకోటిసంకాశ, కుక్కుటేశ!",vupajaathi,Kukkuteswara,"[('ని', 'U'), ('క్క', '|'), ('ము', '|'), ('గ', '|'), ('ని', 'U'), ('న్ను', '|'), ('వ', 'U'), ('ర్ణిం', 'U'), ('ప', '|'), ('నే', 'U'), ('ర', '|'), ('ర', '|'), ('న', '|'), ('గ', '|'), ('నెం', 'U'), ('త', '|'), ('వా', 'U'), ('రిం', 'U'), ('క', '|'), ('న', '|'), ('రు', '|'), ('లు', '|'), ('ని', 'U'), ('న్నె', '|'), ('ఱి', '|'), ('గి', '|'), ('పొ', '|'), ('గ', '|'), ('డ', '|'), ('భూ', 'U'), ('ను', '|'), ('త', '|'), ('వి', '|'), ('లా', 'U'), ('స', '|'), ('పీ', 'U'), ('ఠి', '|'), ('కా', 'U'), ('పు', '|'), ('ర', '|'), ('ని', '|'), ('వా', 'U'), ('స', '|'), ('కు', '|'), ('ము', '|'), ('ద', '|'), ('హి', '|'), ('త', '|'), ('కో', 'U'), ('టి', '|'), ('సం', 'U'), ('కా', 'U'), ('శ', '|'), ('కు', 'U'), ('క్కు', '|'), ('టే', 'U'), ('శ', '|')]",1.0,-1.0,1.0,1.0,1.0,-1.0
seesamu,"దండ ముద్దండదోర్దండకోదండవి- | ఖండిత చండవేదండ, నీకు!
జోహారు హారామరాహారనీహార- | గోహర గోహీరదేహ, నీకు!
నతి శతక్రతుముఖాదితిసుతాతతకృత- | స్తుతికృతామితహిత కుతుక, నీకు!
జేజే పరాజితోగ్రాజివిరాజిత- | వ్యాజనిరీజసమాజ, నీకు!",vupajaathi,Kukkuteswara,"[('దం', 'U'), ('డ', '|'), ('ము', 'U'), ('ద్దం', 'U'), ('డ', '|'), ('దో', 'U'), ('ర్దం', 'U'), ('డ', '|'), ('కో', 'U'), ('దం', 'U'), ('డ', '|'), ('వి', '|'), ('ఖం', 'U'), ('డి', '|'), ('త', '|'), ('చం', 'U'), ('డ', '|'), ('వే', 'U'), ('దం', 'U'), ('డ', '|'), ('నీ', 'U'), ('కు', '|'), ('జో', 'U'), ('హా', 'U'), ('రు', '|'), ('హా', 'U'), ('రా', 'U'), ('మ', '|'), ('రా', 'U'), ('హా', 'U'), ('ర', '|'), ('నీ', 'U'), ('హా', 'U'), ('ర', '|'), ('గో', 'U'), ('హ', '|'), ('ర', '|'), ('గో', 'U'), ('హీ', 'U'), ('ర', '|'), ('దే', 'U'), ('హ', '|'), ('నీ', 'U'), ('కు', '|'), ('న', '|'), ('తి', '|'), ('శ', '|'), ('త', '|'), ('క్ర', '|'), ('తు', '|'), ('ము', '|'), ('ఖా', 'U'), ('ది', '|'), ('తి', '|'), ('సు', '|'), ('తా', 'U'), ('త', '|'), ('త', '|'), ('కృ', '|'), ('త', 'U'), ('స్తు', '|'), ('తి', '|'), ('కృ', '|'), ('తా', 'U'), ('మి', '|'), ('త', '|'), ('హి', '|'), ('త', '|'), ('కు', '|'), ('తు', '|'), ('క', '|'), ('నీ', 'U'), ('కు', '|'), ('జే', 'U'), ('జే', 'U'), ('ప', '|'), ('రా', 'U'), ('జి', '|'), ('తో', 'U'), ('గ్రా', 'U'), ('జి', '|'), ('వి', '|'), ('రా', 'U'), ('జి', '|'), ('త', 'U'), ('వ్యా', 'U'), ('జ', '|'), ('ని', '|'), ('రీ', 'U'), ('జ', '|'), ('స', '|'), ('మా', 'U'), ('జ', '|'), ('నీ', 'U'), ('కు', '|')]",1.0,-1.0,1.0,1.0,1.0,-1.0
teytageethi,"వందన ముదార దారుకావనమునీంద్ర- | సుందరీబృందమానసానంద, నీకు!
భూనుతవిలాస, పీఠికాపురనివాస, | కుముదహితకోటిసంకాశ, కుక్కుటేశ!",vupajaathi,Kukkuteswara,"[('వం', 'U'), ('ద', '|'), ('న', '|'), ('ము', '|'), ('దా', 'U'), ('ర', '|'), ('దా', 'U'), ('రు', '|'), ('కా', 'U'), ('వ', '|'), ('న', '|'), ('ము', '|'), ('నీం', 'U'), ('ద్ర', '|'), ('సుం', 'U'), ('ద', '|'), ('రీ', 'U'), ('బృం', 'U'), ('ద', '|'), ('మా', 'U'), ('న', '|'), ('సా', 'U'), ('నం', 'U'), ('ద', '|'), ('నీ', 'U'), ('కు', '|'), ('భూ', 'U'), ('ను', '|'), ('త', '|'), ('వి', '|'), ('లా', 'U'), ('స', '|'), ('పీ', 'U'), ('ఠి', '|'), ('కా', 'U'), ('పు', '|'), ('ర', '|'), ('ని', '|'), ('వా', 'U'), ('స', '|'), ('కు', '|'), ('ము', '|'), ('ద', '|'), ('హి', '|'), ('త', '|'), ('కో', 'U'), ('టి', '|'), ('సం', 'U'), ('కా', 'U'), ('శ', '|'), ('కు', 'U'), ('క్కు', '|'), ('టే', 'U'), ('శ', '|')]",1.0,-1.0,1.0,1.0,1.0,-1.0
seesamu,"తపననందన భటోద్దండ చండభుజంగ | మేఘభీషణ విహంగోత్తమంబు
బహుజన్మసంచిత బ్రహ్మహత్యాముఖో- | గ్రౌఘకాలాభ్ర ఝంఝూనిలంబు
భూతవేతాళప్రభూత వాతజ్వరా- | ద్యామయారణ్య దావానలంబు
ఘోరదారిద్ర్యవికారభారోదగ్ర- | వారణానీక కంఠీరవంబు-",vupajaathi,Kukkuteswara,"[('త', '|'), ('ప', '|'), ('న', '|'), ('నం', 'U'), ('ద', '|'), ('న', '|'), ('భ', '|'), ('టో', 'U'), ('ద్దం', 'U'), ('డ', '|'), ('చం', 'U'), ('డ', '|'), ('భు', '|'), ('జం', 'U'), ('గ', '|'), ('మే', 'U'), ('ఘ', '|'), ('భీ', 'U'), ('ష', '|'), ('ణ', '|'), ('వి', '|'), ('హం', 'U'), ('గో', 'U'), ('త్త', '|'), ('మం', 'U'), ('బు', '|'), ('బ', '|'), ('హు', '|'), ('జ', 'U'), ('న్మ', '|'), ('సం', 'U'), ('చి', '|'), ('త', '|'), ('బ్ర', 'U'), ('హ్మ', '|'), ('హ', 'U'), ('త్యా', 'U'), ('ము', '|'), ('ఖో', 'U'), ('గ్రౌ', 'U'), ('ఘ', '|'), ('కా', 'U'), ('లా', 'U'), ('భ్ర', '|'), ('ఝం', 'U'), ('ఝూ', 'U'), ('ని', '|'), ('లం', 'U'), ('బు', '|'), ('భూ', 'U'), ('త', '|'), ('వే', 'U'), ('తా', 'U'), ('ళ', '|'), ('ప్ర', '|'), ('భూ', 'U'), ('త', '|'), ('వా', 'U'), ('త', 'U'), ('జ్వ', '|'), ('రా', 'U'), ('ద్యా', 'U'), ('మ', '|'), ('యా', 'U'), ('ర', 'U'), ('ణ్య', '|'), ('దా', 'U'), ('వా', 'U'), ('న', '|'), ('లం', 'U'), ('బు', '|'), ('ఘో', 'U'), ('ర', '|'), ('దా', 'U'), ('రి', 'U'), ('ద్ర్య', '|'), ('వి', '|'), ('కా', 'U'), ('ర', '|'), ('భా', 'U'), ('రో', 'U'), ('ద', '|'), ('గ్ర', '|'), ('వా', 'U'), ('ర', '|'), ('ణా', 'U'), ('నీ', 'U'), ('క', '|'), ('కం', 'U'), ('ఠీ', 'U'), ('ర', '|'), ('వం', 'U'), ('బు', '|')]",0.875,-1.0,1.0,1.0,0.625,-1.0
teytageethi,"నైన వంచాక్షరిని భక్తి యతిశయిల్లఁ | దవిలి జపియించు వారెపో ధన్యతములు
భూనుతవిలాస, పీఠికాపురనివాస, | కుముదహితకోటిసంకాశ, కుక్కుటేశ!",vupajaathi,Kukkuteswara,"[('నై', 'U'), ('న', '|'), ('వం', 'U'), ('చా', 'U'), ('క్ష', '|'), ('రి', '|'), ('ని', '|'), ('భ', 'U'), ('క్తి', '|'), ('య', '|'), ('తి', '|'), ('శ', '|'), ('యి', 'U'), ('ల్ల', '|'), ('ద', '|'), ('వి', '|'), ('లి', '|'), ('జ', '|'), ('పి', '|'), ('యిం', 'U'), ('చు', '|'), ('వా', 'U'), ('రె', '|'), ('పో', 'U'), ('ధ', 'U'), ('న్య', '|'), ('త', '|'), ('ము', '|'), ('లు', '|'), ('భూ', 'U'), ('ను', '|'), ('త', '|'), ('వి', '|'), ('లా', 'U'), ('స', '|'), ('పీ', 'U'), ('ఠి', '|'), ('కా', 'U'), ('పు', '|'), ('ర', '|'), ('ని', '|'), ('వా', 'U'), ('స', '|'), ('కు', '|'), ('ము', '|'), ('ద', '|'), ('హి', '|'), ('త', '|'), ('కో', 'U'), ('టి', '|'), ('సం', 'U'), ('కా', 'U'), ('శ', '|'), ('కు', 'U'), ('క్కు', '|'), ('టే', 'U'), ('శ', '|')]",0.9166666666666666,-1.0,1.0,1.0,0.75,-1.0
seesamu,"అమర మస్తకకిరీటాంచిత మనోవిభా- | నీరాజితాంఘ్రిపంకేరుహునకు
శైలకన్యాఘనస్తనవిలిప్తమృగీమ- | దాంకిత విపుల బాహాంతరునకు
గగనతరంగిణీకల్లోలమాలికా- | శోభిత పటు జటాజూటునకును,
మరుదీశనీలోపమానమానిత మహా- | కాకోలరుగ్జాల కంధరునకు",vupajaathi,Kukkuteswara,"[('అ', '|'), ('మ', '|'), ('ర', '|'), ('మ', 'U'), ('స్త', '|'), ('క', '|'), ('కి', '|'), ('రీ', 'U'), ('టాం', 'U'), ('చి', '|'), ('త', '|'), ('మ', '|'), ('నో', 'U'), ('వి', '|'), ('భా', 'U'), ('నీ', 'U'), ('రా', 'U'), ('జి', '|'), ('తాం', 'U'), ('ఘ్రి', '|'), ('పం', 'U'), ('కే', 'U'), ('రు', '|'), ('హు', '|'), ('న', '|'), ('కు', '|'), ('శై', 'U'), ('ల', '|'), ('క', 'U'), ('న్యా', 'U'), ('ఘ', '|'), ('న', 'U'), ('స్త', '|'), ('న', '|'), ('వి', '|'), ('లి', 'U'), ('ప్త', '|'), ('మృ', '|'), ('గీ', 'U'), ('మ', '|'), ('దాం', 'U'), ('కి', '|'), ('త', '|'), ('వి', '|'), ('పు', '|'), ('ల', '|'), ('బా', 'U'), ('హాం', 'U'), ('త', '|'), ('రు', '|'), ('న', '|'), ('కు', '|'), ('గ', '|'), ('గ', '|'), ('న', '|'), ('త', '|'), ('రం', 'U'), ('గి', '|'), ('ణీ', 'U'), ('క', 'U'), ('ల్లో', 'U'), ('ల', '|'), ('మా', 'U'), ('లి', '|'), ('కా', 'U'), ('శో', 'U'), ('భి', '|'), ('త', '|'), ('ప', '|'), ('టు', '|'), ('జ', '|'), ('టా', 'U'), ('జూ', 'U'), ('టు', '|'), ('న', '|'), ('కు', '|'), ('ను', '|'), ('మ', '|'), ('రు', '|'), ('దీ', 'U'), ('శ', '|'), ('నీ', 'U'), ('లో', 'U'), ('ప', '|'), ('మా', 'U'), ('న', '|'), ('మా', 'U'), ('ని', '|'), ('త', '|'), ('మ', '|'), ('హా', 'U'), ('కా', 'U'), ('కో', 'U'), ('ల', '|'), ('రు', 'U'), ('గ్జా', 'U'), ('ల', '|'), ('కం', 'U'), ('ధ', '|'), ('రు', '|'), ('న', '|'), ('కు', '|')]",0.90625,-1.0,1.0,0.96875,0.75,-1.0
teytageethi,"నీకు నతులు సమర్పించి నిష్ఠతోడఁ | గొల్చువారలె శమనుని గెల్చువారు,
భూనుతవిలాస, పీఠికాపురనివాస, | కుముదహితకోటిసంకాశ, కుక్కుటేశ!",vupajaathi,Kukkuteswara,"[('నీ', 'U'), ('కు', '|'), ('న', '|'), ('తు', '|'), ('లు', '|'), ('స', '|'), ('మ', 'U'), ('ర్పిం', 'U'), ('చి', '|'), ('ని', 'U'), ('ష్ఠ', '|'), ('తో', 'U'), ('డ', '|'), ('గొ', 'U'), ('ల్చు', '|'), ('వా', 'U'), ('ర', '|'), ('లె', '|'), ('శ', '|'), ('మ', '|'), ('ను', '|'), ('ని', '|'), ('గె', 'U'), ('ల్చు', '|'), ('వా', 'U'), ('రు', '|'), ('భూ', 'U'), ('ను', '|'), ('త', '|'), ('వి', '|'), ('లా', 'U'), ('స', '|'), ('పీ', 'U'), ('ఠి', '|'), ('కా', 'U'), ('పు', '|'), ('ర', '|'), ('ని', '|'), ('వా', 'U'), ('స', '|'), ('కు', '|'), ('ము', '|'), ('ద', '|'), ('హి', '|'), ('త', '|'), ('కో', 'U'), ('టి', '|'), ('సం', 'U'), ('కా', 'U'), ('శ', '|'), ('కు', 'U'), ('క్కు', '|'), ('టే', 'U'), ('శ', '|')]",1.0,-1.0,1.0,1.0,1.0,-1.0
seesamu,"అభవు నక్షయు నాద్యు నవ్యక్తు నవ్యయు | ననఘు ననంతు నాద్యంతరహితు
నప్రమేయు నజేయు నకలంకు నసమాను | నానందమయు నాఢ్యు నాత్మరూపు
నచలు ననామయు నఖిలేశు నద్వయు | నార్తరక్షాచణు ననఘహృదయు
నమలాత్ము నజుగురు ననవద్యు నభయదు | నసహాయు నతిపుణ్యు నగ్రగణ్యు",vupajaathi,Kukkuteswara,"[('అ', '|'), ('భ', '|'), ('వు', '|'), ('న', 'U'), ('క్ష', '|'), ('యు', '|'), ('నా', 'U'), ('ద్యు', '|'), ('న', 'U'), ('వ్య', 'U'), ('క్తు', '|'), ('న', 'U'), ('వ్య', '|'), ('యు', '|'), ('న', '|'), ('న', '|'), ('ఘు', '|'), ('న', '|'), ('నం', 'U'), ('తు', '|'), ('నా', 'U'), ('ద్యం', 'U'), ('త', '|'), ('ర', '|'), ('హి', '|'), ('తు', '|'), ('న', '|'), ('ప్ర', '|'), ('మే', 'U'), ('యు', '|'), ('న', '|'), ('జే', 'U'), ('యు', '|'), ('న', '|'), ('క', '|'), ('లం', 'U'), ('కు', '|'), ('న', '|'), ('స', '|'), ('మా', 'U'), ('ను', '|'), ('నా', 'U'), ('నం', 'U'), ('ద', '|'), ('మ', '|'), ('యు', '|'), ('నా', 'U'), ('ఢ్యు', '|'), ('నా', 'U'), ('త్మ', '|'), ('రూ', 'U'), ('పు', '|'), ('న', '|'), ('చ', '|'), ('లు', '|'), ('న', '|'), ('నా', 'U'), ('మ', '|'), ('యు', '|'), ('న', '|'), ('ఖి', '|'), ('లే', 'U'), ('శు', '|'), ('న', 'U'), ('ద్వ', '|'), ('యు', '|'), ('నా', 'U'), ('ర్త', '|'), ('ర', 'U'), ('క్షా', 'U'), ('చ', '|'), ('ణు', '|'), ('న', '|'), ('న', '|'), ('ఘ', '|'), ('హృ', '|'), ('ద', '|'), ('యు', '|'), ('న', '|'), ('మ', '|'), ('లా', 'U'), ('త్ము', '|'), ('న', '|'), ('జు', '|'), ('గు', '|'), ('రు', '|'), ('న', '|'), ('న', '|'), ('వ', 'U'), ('ద్యు', '|'), ('న', '|'), ('భ', '|'), ('య', '|'), ('దు', '|'), ('న', '|'), ('స', '|'), ('హా', 'U'), ('యు', '|'), ('న', '|'), ('తి', '|'), ('పు', 'U'), ('ణ్యు', '|'), ('న', '|'), ('గ్ర', '|'), ('గ', 'U'), ('ణ్యు', '|')]",0.65625,-1.0,1.0,0.71875,0.25,-1.0
teytageethi,"నహరహంబును నిను భక్తి నాత్మఁ దలఁచు | పుణ్యమతులకుఁ గడు సులభుఁడవు నీవు,
భూనుతవిలాస, పీఠికాపురనివాస, | కుముదహితకోటిసంకాశ, కుక్కుటేశ!",vupajaathi,Kukkuteswara,"[('న', '|'), ('హ', '|'), ('ర', '|'), ('హం', 'U'), ('బు', '|'), ('ను', '|'), ('ని', '|'), ('ను', '|'), ('భ', 'U'), ('క్తి', '|'), ('నా', 'U'), ('త్మ', '|'), ('ద', '|'), ('ల', '|'), ('చు', '|'), ('పు', 'U'), ('ణ్య', '|'), ('మ', '|'), ('తు', '|'), ('ల', '|'), ('కు', '|'), ('గ', '|'), ('డు', '|'), ('సు', '|'), ('ల', '|'), ('భు', '|'), ('డ', '|'), ('వు', '|'), ('నీ', 'U'), ('వు', '|'), ('భూ', 'U'), ('ను', '|'), ('త', '|'), ('వి', '|'), ('లా', 'U'), ('స', '|'), ('పీ', 'U'), ('ఠి', '|'), ('కా', 'U'), ('పు', '|'), ('ర', '|'), ('ని', '|'), ('వా', 'U'), ('స', '|'), ('కు', '|'), ('ము', '|'), ('ద', '|'), ('హి', '|'), ('త', '|'), ('కో', 'U'), ('టి', '|'), ('సం', 'U'), ('కా', 'U'), ('శ', '|'), ('కు', 'U'), ('క్కు', '|'), ('టే', 'U'), ('శ', '|')]",1.0,-1.0,1.0,1.0,1.0,-1.0
seesamu,"సర్వసర్వంసహాస్థలి శతాంగము గాఁగ | రవిసుధాకరులు చక్రములు గాగ
వాణీవిలాసినీవరుఁడు సారథి గాఁగఁ | బ్రామిన్కుగములు బాబాలు గాగ
రత్నసానుధరాధరము కార్ముకము గాగ | నాగాధినాథుండు నారి గాగ
పంకజాతాక్షుండు కంకపత్రము గాఁగ | బర్హిర్ముఖులు వీరభటులు గాఁగఁ",vupajaathi,Kukkuteswara,"[('స', 'U'), ('ర్వ', '|'), ('స', 'U'), ('ర్వం', 'U'), ('స', '|'), ('హా', 'U'), ('స్థ', '|'), ('లి', '|'), ('శ', '|'), ('తాం', 'U'), ('గ', '|'), ('ము', '|'), ('గా', 'U'), ('గ', '|'), ('ర', '|'), ('వి', '|'), ('సు', '|'), ('ధా', 'U'), ('క', '|'), ('రు', '|'), ('లు', '|'), ('చ', '|'), ('క్ర', '|'), ('ము', '|'), ('లు', '|'), ('గా', 'U'), ('గ', '|'), ('వా', 'U'), ('ణీ', 'U'), ('వి', '|'), ('లా', 'U'), ('సి', '|'), ('నీ', 'U'), ('వ', '|'), ('రు', '|'), ('డు', '|'), ('సా', 'U'), ('ర', '|'), ('థి', '|'), ('గా', 'U'), ('గ', '|'), ('బ్రా', 'U'), ('మి', 'U'), ('న్కు', '|'), ('గ', '|'), ('ము', '|'), ('లు', '|'), ('బా', 'U'), ('బా', 'U'), ('లు', '|'), ('గా', 'U'), ('గ', '|'), ('ర', 'U'), ('త్న', '|'), ('సా', 'U'), ('ను', '|'), ('ధ', '|'), ('రా', 'U'), ('ధ', '|'), ('ర', '|'), ('ము', '|'), ('కా', 'U'), ('ర్ము', '|'), ('క', '|'), ('ము', '|'), ('గా', 'U'), ('గ', '|'), ('నా', 'U'), ('గా', 'U'), ('ధి', '|'), ('నా', 'U'), ('థుం', 'U'), ('డు', '|'), ('నా', 'U'), ('రి', '|'), ('గా', 'U'), ('గ', '|'), ('పం', 'U'), ('క', '|'), ('జా', 'U'), ('తా', 'U'), ('క్షుం', 'U'), ('డు', '|'), ('కం', 'U'), ('క', '|'), ('ప', '|'), ('త్ర', '|'), ('ము', '|'), ('గా', 'U'), ('గ', '|'), ('బ', 'U'), ('ర్హి', 'U'), ('ర్ము', '|'), ('ఖు', '|'), ('లు', '|'), ('వీ', 'U'), ('ర', '|'), ('భ', '|'), ('టు', '|'), ('లు', '|'), ('గా', 'U'), ('గ', '|')]",1.0,-1.0,1.0,1.0,1.0,-1.0
teytageethi,"గూర్చి బారులు దీర్చి చిట్టార్చి పేర్చి | యోర్చి పురదానవులఁ దెగటార్చితీవు,
భూనుతవిలాస, పీఠికాపురనివాస, | కుముదహితకోటిసంకాశ, కుక్కుటేశ!",vupajaathi,Kukkuteswara,"[('గూ', 'U'), ('ర్చి', '|'), ('బా', 'U'), ('రు', '|'), ('లు', '|'), ('దీ', 'U'), ('ర్చి', '|'), ('చి', 'U'), ('ట్టా', 'U'), ('ర్చి', '|'), ('పే', 'U'), ('ర్చి', '|'), ('యో', 'U'), ('ర్చి', '|'), ('పు', '|'), ('ర', '|'), ('దా', 'U'), ('న', '|'), ('వు', '|'), ('ల', '|'), ('దె', '|'), ('గ', '|'), ('టా', 'U'), ('ర్చి', '|'), ('తీ', 'U'), ('వు', '|'), ('భూ', 'U'), ('ను', '|'), ('త', '|'), ('వి', '|'), ('లా', 'U'), ('స', '|'), ('పీ', 'U'), ('ఠి', '|'), ('కా', 'U'), ('పు', '|'), ('ర', '|'), ('ని', '|'), ('వా', 'U'), ('స', '|'), ('కు', '|'), ('ము', '|'), ('ద', '|'), ('హి', '|'), ('త', '|'), ('కో', 'U'), ('టి', '|'), ('సం', 'U'), ('కా', 'U'), ('శ', '|'), ('కు', 'U'), ('క్కు', '|'), ('టే', 'U'), ('శ', '|')]",1.0,-1.0,1.0,1.0,1.0,-1.0
seesamu,"రక్షించితివి కదా రవిసూను బడఁదన్ని | చిరకృపామయబుద్ధి శ్వేతకేతు
భక్షించితివి కదా బ్రహ్మాండనివహకో- | లాహలభయద హాలాహలంబు
శిక్షించితివి కదా శితఖడ్గధారాంచ- | లమున దక్షాంధకప్రముఖ ఖలుల
వీక్షించితివి కదా వితతఫాలానల- | జ్వాలచే మరుని భస్మంబు గాఁగ",vupajaathi,Kukkuteswara,"[('ర', 'U'), ('క్షిం', 'U'), ('చి', '|'), ('తి', '|'), ('వి', '|'), ('క', '|'), ('దా', 'U'), ('ర', '|'), ('వి', '|'), ('సూ', 'U'), ('ను', '|'), ('బ', '|'), ('డ', '|'), ('ద', 'U'), ('న్ని', '|'), ('చి', '|'), ('ర', '|'), ('కృ', '|'), ('పా', 'U'), ('మ', '|'), ('య', '|'), ('బు', 'U'), ('ద్ధి', 'U'), ('శ్వే', 'U'), ('త', '|'), ('కే', 'U'), ('తు', '|'), ('భ', 'U'), ('క్షిం', 'U'), ('చి', '|'), ('తి', '|'), ('వి', '|'), ('క', '|'), ('దా', 'U'), ('బ్ర', 'U'), ('హ్మాం', 'U'), ('డ', '|'), ('ని', '|'), ('వ', '|'), ('హ', '|'), ('కో', 'U'), ('లా', 'U'), ('హ', '|'), ('ల', '|'), ('భ', '|'), ('య', '|'), ('ద', '|'), ('హా', 'U'), ('లా', 'U'), ('హ', '|'), ('లం', 'U'), ('బు', '|'), ('శి', 'U'), ('క్షిం', 'U'), ('చి', '|'), ('తి', '|'), ('వి', '|'), ('క', '|'), ('దా', 'U'), ('శి', '|'), ('త', '|'), ('ఖ', 'U'), ('డ్గ', '|'), ('ధా', 'U'), ('రాం', 'U'), ('చ', '|'), ('ల', '|'), ('ము', '|'), ('న', '|'), ('ద', 'U'), ('క్షాం', 'U'), ('ధ', '|'), ('క', '|'), ('ప్ర', '|'), ('ము', '|'), ('ఖ', '|'), ('ఖ', '|'), ('లు', '|'), ('ల', '|'), ('వీ', 'U'), ('క్షిం', 'U'), ('చి', '|'), ('తి', '|'), ('వి', '|'), ('క', '|'), ('దా', 'U'), ('వి', '|'), ('త', '|'), ('త', '|'), ('ఫా', 'U'), ('లా', 'U'), ('న', '|'), ('ల', 'U'), ('జ్వా', 'U'), ('ల', '|'), ('చే', 'U'), ('మ', '|'), ('రు', '|'), ('ని', '|'), ('భ', 'U'), ('స్మం', 'U'), ('బు', '|'), ('గా', 'U'), ('గ', '|')]",0.9895833333333334,-1.0,1.0,0.96875,1.0,-1.0
teytageethi,"నిగ్రహానుగ్రహప్రౌఢి నీకె కాక | కలదె తక్కిన చిఱుత వేల్పులకు నెల్ల,
భూనుతవిలాస, పీఠికాపురనివాస, | కుముదహితకోటిసంకాశ, కుక్కుటేశ!",vupajaathi,Kukkuteswara,"[('ని', '|'), ('గ్ర', '|'), ('హా', 'U'), ('ను', '|'), ('గ్ర', '|'), ('హ', '|'), ('ప్రౌ', 'U'), ('ఢి', '|'), ('నీ', 'U'), ('కె', '|'), ('కా', 'U'), ('క', '|'), ('క', '|'), ('ల', '|'), ('దె', '|'), ('త', 'U'), ('క్కి', '|'), ('న', '|'), ('చి', '|'), ('ఱు', '|'), ('త', '|'), ('వే', 'U'), ('ల్పు', '|'), ('ల', '|'), ('కు', '|'), ('నె', 'U'), ('ల్ల', '|'), ('భూ', 'U'), ('ను', '|'), ('త', '|'), ('వి', '|'), ('లా', 'U'), ('స', '|'), ('పీ', 'U'), ('ఠి', '|'), ('కా', 'U'), ('పు', '|'), ('ర', '|'), ('ని', '|'), ('వా', 'U'), ('స', '|'), ('కు', '|'), ('ము', '|'), ('ద', '|'), ('హి', '|'), ('త', '|'), ('కో', 'U'), ('టి', '|'), ('సం', 'U'), ('కా', 'U'), ('శ', '|'), ('కు', 'U'), ('క్కు', '|'), ('టే', 'U'), ('శ', '|')]",0.4833333333333333,-1.0,1.0,0.45,0.0,-1.0
seesamu,"పలుకుఁగ్రొన్ననఁబోఁడి కులుకు వీణియ మీట | వేయుఁగన్నులవేల్పు వేణువూదఁ
గలుములతొగకంటి చెలఁగి గానము సేయ | నలువ కైతాళ మింపలర వ్రేయ
మధుదైత్యమథనుండు మద్దెల వాయింప | సకలపారిషదు లెచ్చరికసేయ
నందిభృంగీశు లందంద సందడి దీర్ప | మొనసి దేవతలెల్ల మ్రొక్కి కొలువ",vupajaathi,Kukkuteswara,"[('ప', '|'), ('లు', '|'), ('కు', '|'), ('గ్రొ', 'U'), ('న్న', '|'), ('న', '|'), ('బో', 'U'), ('డి', '|'), ('కు', '|'), ('లు', '|'), ('కు', '|'), ('వీ', 'U'), ('ణి', '|'), ('య', '|'), ('మీ', 'U'), ('ట', '|'), ('వే', 'U'), ('యు', '|'), ('గ', 'U'), ('న్ను', '|'), ('ల', '|'), ('వే', 'U'), ('ల్పు', '|'), ('వే', 'U'), ('ణు', '|'), ('వూ', 'U'), ('ద', '|'), ('గ', '|'), ('లు', '|'), ('ము', '|'), ('ల', '|'), ('తొ', '|'), ('గ', '|'), ('కం', 'U'), ('టి', '|'), ('చె', '|'), ('ల', '|'), ('గి', '|'), ('గా', 'U'), ('న', '|'), ('ము', '|'), ('సే', 'U'), ('య', '|'), ('న', '|'), ('లు', '|'), ('వ', '|'), ('కై', 'U'), ('తా', 'U'), ('ళ', '|'), ('మిం', 'U'), ('ప', '|'), ('ల', '|'), ('ర', '|'), ('వ్రే', 'U'), ('య', '|'), ('మ', '|'), ('ధు', '|'), ('దై', 'U'), ('త్య', '|'), ('మ', '|'), ('థ', '|'), ('నుం', 'U'), ('డు', '|'), ('మ', 'U'), ('ద్దె', '|'), ('ల', '|'), ('వా', 'U'), ('యిం', 'U'), ('ప', '|'), ('స', '|'), ('క', '|'), ('ల', '|'), ('పా', 'U'), ('రి', '|'), ('ష', '|'), ('దు', '|'), ('లె', 'U'), ('చ్చ', '|'), ('రి', '|'), ('క', '|'), ('సే', 'U'), ('య', '|'), ('నం', 'U'), ('ది', '|'), ('భృం', 'U'), ('గీ', 'U'), ('శు', '|'), ('లం', 'U'), ('దం', 'U'), ('ద', '|'), ('సం', 'U'), ('ద', '|'), ('డి', '|'), ('దీ', 'U'), ('ర్ప', '|'), ('మొ', '|'), ('న', '|'), ('సి', '|'), ('దే', 'U'), ('వ', '|'), ('త', '|'), ('లె', 'U'), ('ల్ల', '|'), ('మ్రొ', 'U'), ('క్కి', '|'), ('కొ', '|'), ('లు', '|'), ('వ', '|')]",1.0,-1.0,1.0,1.0,1.0,-1.0
teytageethi,"సంతసము మీఱఁ గేరి సాయంతనమునఁ | దాండవం బాడు నీ హొయల్ దలఁప వశమె
భూనుతవిలాస, పీఠికాపురనివాస, | కుముదహితకోటిసంకాశ, కుక్కుటేశ!",vupajaathi,Kukkuteswara,"[('సం', 'U'), ('త', '|'), ('స', '|'), ('ము', '|'), ('మీ', 'U'), ('ఱ', '|'), ('గే', 'U'), ('రి', '|'), ('సా', 'U'), ('యం', 'U'), ('త', '|'), ('న', '|'), ('ము', '|'), ('న', '|'), ('దాం', 'U'), ('డ', '|'), ('వం', 'U'), ('బా', 'U'), ('డు', '|'), ('నీ', 'U'), ('హొ', '|'), ('య', 'U'), ('ల్ద', '|'), ('ల', '|'), ('ప', '|'), ('వ', '|'), ('శ', '|'), ('మె', '|'), ('భూ', 'U'), ('ను', '|'), ('త', '|'), ('వి', '|'), ('లా', 'U'), ('స', '|'), ('పీ', 'U'), ('ఠి', '|'), ('కా', 'U'), ('పు', '|'), ('ర', '|'), ('ని', '|'), ('వా', 'U'), ('స', '|'), ('కు', '|'), ('ము', '|'), ('ద', '|'), ('హి', '|'), ('త', '|'), ('కో', 'U'), ('టి', '|'), ('సం', 'U'), ('కా', 'U'), ('శ', '|'), ('కు', 'U'), ('క్కు', '|'), ('టే', 'U'), ('శ', '|')]",1.0,-1.0,1.0,1.0,1.0,-1.0
seesamu,"అబ్జగర్భునకు లోకానీకనిర్మాణ- | చాతుర్య మేరీతి సంభవించె
జలజాక్షునకు నిశాచరశిక్షణోపాయ- | పాటవం బేలీల నాటుకొనియె
పురుహూతునకు దివ్యభోగభాగ్యాస్పద- | స్వర్లోకపదవి యేసరణి వచ్చె
దిననాథునకు జగజ్జనలోచనదురాప- | ఘనవిభాస్ఫూర్తి యేకరణి నొదవె",vupajaathi,Kukkuteswara,"[('అ', 'U'), ('బ్జ', '|'), ('గ', 'U'), ('ర్భు', '|'), ('న', '|'), ('కు', '|'), ('లో', 'U'), ('కా', 'U'), ('నీ', 'U'), ('క', '|'), ('ని', 'U'), ('ర్మా', 'U'), ('ణ', '|'), ('చా', 'U'), ('తు', 'U'), ('ర్య', '|'), ('మే', 'U'), ('రీ', 'U'), ('తి', '|'), ('సం', 'U'), ('భ', '|'), ('విం', 'U'), ('చె', '|'), ('జ', '|'), ('ల', '|'), ('జా', 'U'), ('క్షు', '|'), ('న', '|'), ('కు', '|'), ('ని', '|'), ('శా', 'U'), ('చ', '|'), ('ర', '|'), ('శి', 'U'), ('క్ష', '|'), ('ణో', 'U'), ('పా', 'U'), ('య', '|'), ('పా', 'U'), ('ట', '|'), ('వం', 'U'), ('బే', 'U'), ('లీ', 'U'), ('ల', '|'), ('నా', 'U'), ('టు', '|'), ('కొ', '|'), ('ని', '|'), ('యె', '|'), ('పు', '|'), ('రు', '|'), ('హూ', 'U'), ('తు', '|'), ('న', '|'), ('కు', '|'), ('ది', 'U'), ('వ్య', '|'), ('భో', 'U'), ('గ', '|'), ('భా', 'U'), ('గ్యా', 'U'), ('స్ప', '|'), ('ద', 'U'), ('స్వ', 'U'), ('ర్లో', 'U'), ('క', '|'), ('ప', '|'), ('ద', '|'), ('వి', '|'), ('యే', 'U'), ('స', '|'), ('ర', '|'), ('ణి', '|'), ('వ', 'U'), ('చ్చె', '|'), ('ది', '|'), ('న', '|'), ('నా', 'U'), ('థు', '|'), ('న', '|'), ('కు', '|'), ('జ', '|'), ('గ', 'U'), ('జ్జ', '|'), ('న', '|'), ('లో', 'U'), ('చ', '|'), ('న', '|'), ('దు', '|'), ('రా', 'U'), ('ప', '|'), ('ఘ', '|'), ('న', '|'), ('వి', '|'), ('భా', 'U'), ('స్ఫూ', 'U'), ('ర్తి', '|'), ('యే', 'U'), ('క', '|'), ('ర', '|'), ('ణి', '|'), ('నొ', '|'), ('ద', '|'), ('వె', '|')]",0.9583333333333334,-1.0,1.0,1.0,0.875,-1.0
teytageethi,"నహహ తావక పదసరోజార్చనావి- | ధానమునఁ గాదె కలిగె ననూనమహిమ,
భూనుతవిలాస, పీఠికాపురనివాస, | కుముదహితకోటిసంకాశ, కుక్కుటేశ!",vupajaathi,Kukkuteswara,"[('న', '|'), ('హ', '|'), ('హ', '|'), ('తా', 'U'), ('వ', '|'), ('క', '|'), ('ప', '|'), ('ద', '|'), ('స', '|'), ('రో', 'U'), ('జా', 'U'), ('ర్చ', '|'), ('నా', 'U'), ('వి', '|'), ('ధా', 'U'), ('న', '|'), ('ము', '|'), ('న', '|'), ('గా', 'U'), ('దె', '|'), ('క', '|'), ('లి', '|'), ('గె', '|'), ('న', '|'), ('నూ', 'U'), ('న', '|'), ('మ', '|'), ('హి', '|'), ('మ', '|'), ('భూ', 'U'), ('ను', '|'), ('త', '|'), ('వి', '|'), ('లా', 'U'), ('స', '|'), ('పీ', 'U'), ('ఠి', '|'), ('కా', 'U'), ('పు', '|'), ('ర', '|'), ('ని', '|'), ('వా', 'U'), ('స', '|'), ('కు', '|'), ('ము', '|'), ('ద', '|'), ('హి', '|'), ('త', '|'), ('కో', 'U'), ('టి', '|'), ('సం', 'U'), ('కా', 'U'), ('శ', '|'), ('కు', 'U'), ('క్కు', '|'), ('టే', 'U'), ('శ', '|')]",0.9166666666666666,-1.0,1.0,1.0,0.75,-1.0
seesamu,"ధననాయకుడు నితాంతము బ్రియమిత్రుండు | సిరులపైదలిగేస్తుఁ డరిదితూపు
కలధౌతశైలంబు కాఁపురంబు బిడారు | కాంచనాహార్యంబు కార్ముకంబు
రత్నాధివాసంబు రహి మించు తరకసం- | బల సర్వమంగళ యనుఁగురాణి
పంటలపువుఁబోఁడి బాళి మీఱిన తేరు | కళలీను రాజు కీల్గంటిపువ్వు",vupajaathi,Kukkuteswara,"[('ధ', '|'), ('న', '|'), ('నా', 'U'), ('య', '|'), ('కు', '|'), ('డు', '|'), ('ని', '|'), ('తాం', 'U'), ('త', '|'), ('ము', '|'), ('బ్రి', '|'), ('య', '|'), ('మి', '|'), ('త్రుం', 'U'), ('డు', '|'), ('సి', '|'), ('రు', '|'), ('ల', '|'), ('పై', 'U'), ('ద', '|'), ('లి', '|'), ('గే', 'U'), ('స్తు', '|'), ('డ', '|'), ('రి', '|'), ('ది', '|'), ('తూ', 'U'), ('పు', '|'), ('క', '|'), ('ల', '|'), ('ధౌ', 'U'), ('త', '|'), ('శై', 'U'), ('లం', 'U'), ('బు', '|'), ('కా', 'U'), ('పు', '|'), ('రం', 'U'), ('బు', '|'), ('బి', '|'), ('డా', 'U'), ('రు', '|'), ('కాం', 'U'), ('చ', '|'), ('నా', 'U'), ('హా', 'U'), ('ర్యం', 'U'), ('బు', '|'), ('కా', 'U'), ('ర్ము', '|'), ('కం', 'U'), ('బు', '|'), ('ర', 'U'), ('త్నా', 'U'), ('ధి', '|'), ('వా', 'U'), ('సం', 'U'), ('బు', '|'), ('ర', '|'), ('హి', '|'), ('మిం', 'U'), ('చు', '|'), ('త', '|'), ('ర', '|'), ('క', '|'), ('సం', 'U'), ('బ', '|'), ('ల', '|'), ('స', 'U'), ('ర్వ', '|'), ('మం', 'U'), ('గ', '|'), ('ళ', '|'), ('య', '|'), ('ను', '|'), ('గు', '|'), ('రా', 'U'), ('ణి', '|'), ('పం', 'U'), ('ట', '|'), ('ల', '|'), ('పు', '|'), ('వు', '|'), ('బో', 'U'), ('డి', '|'), ('బా', 'U'), ('ళి', '|'), ('మీ', 'U'), ('ఱి', '|'), ('న', '|'), ('తే', 'U'), ('రు', '|'), ('క', '|'), ('ళ', '|'), ('లీ', 'U'), ('ను', '|'), ('రా', 'U'), ('జు', '|'), ('కీ', 'U'), ('ల్గం', 'U'), ('టి', '|'), ('పు', 'U'), ('వ్వు', '|')]",0.5729166666666666,-1.0,1.0,0.59375,0.125,-1.0
teytageethi,"గాఁగ నణిమాది భూతులు గల్గు నీకుఁ | బునుకలెత్తంగ నేరీతిఁ బొసఁగెనయ్య,
భూనుతవిలాస, పీఠికాపురనివాస, | కుముదహితకోటిసంకాశ, కుక్కుటేశ!",vupajaathi,Kukkuteswara,"[('గా', 'U'), ('గ', '|'), ('న', '|'), ('ణి', '|'), ('మా', 'U'), ('ది', '|'), ('భూ', 'U'), ('తు', '|'), ('లు', '|'), ('గ', 'U'), ('ల్గు', '|'), ('నీ', 'U'), ('కు', '|'), ('బు', '|'), ('ను', '|'), ('క', '|'), ('లె', 'U'), ('త్తం', 'U'), ('గ', '|'), ('నే', 'U'), ('రీ', 'U'), ('తి', '|'), ('బొ', '|'), ('స', '|'), ('గె', '|'), ('న', 'U'), ('య్య', '|'), ('భూ', 'U'), ('ను', '|'), ('త', '|'), ('వి', '|'), ('లా', 'U'), ('స', '|'), ('పీ', 'U'), ('ఠి', '|'), ('కా', 'U'), ('పు', '|'), ('ర', '|'), ('ని', '|'), ('వా', 'U'), ('స', '|'), ('కు', '|'), ('ము', '|'), ('ద', '|'), ('హి', '|'), ('త', '|'), ('కో', 'U'), ('టి', '|'), ('సం', 'U'), ('కా', 'U'), ('శ', '|'), ('కు', 'U'), ('క్కు', '|'), ('టే', 'U'), ('శ', '|')]",1.0,-1.0,1.0,1.0,1.0,-1.0
seesamu,"చెలిమి నోగిర యిడ్డ చిరితొండబత్తుని | కొడుకుఁ జంపించుట దుడుకు గాదె
పరకాంత యని మది నరయక భల్లాణు | నిల్లాలి గోరుట యెగ్గు గాదె
మాలని యెంగిలిమాంసంబు రోయక | తవిలి మెసంగుట తప్పు గాదె
మొనసి యాడుది పంపు పనులకై కినియక | కుంటెనల్ తిరుగుట కొఱఁత గాదె",vupajaathi,Kukkuteswara,"[('చె', '|'), ('లి', '|'), ('మి', '|'), ('నో', 'U'), ('గి', '|'), ('ర', '|'), ('యి', 'U'), ('డ్డ', '|'), ('చి', '|'), ('రి', '|'), ('తొం', 'U'), ('డ', '|'), ('బ', 'U'), ('త్తు', '|'), ('ని', '|'), ('కొ', '|'), ('డు', '|'), ('కు', '|'), ('జం', 'U'), ('పిం', 'U'), ('చు', '|'), ('ట', '|'), ('దు', '|'), ('డు', '|'), ('కు', '|'), ('గా', 'U'), ('దె', '|'), ('ప', '|'), ('ర', '|'), ('కాం', 'U'), ('త', '|'), ('య', '|'), ('ని', '|'), ('మ', '|'), ('ది', '|'), ('న', '|'), ('ర', '|'), ('య', '|'), ('క', '|'), ('భ', 'U'), ('ల్లా', 'U'), ('ణు', '|'), ('ని', 'U'), ('ల్లా', 'U'), ('లి', '|'), ('గో', 'U'), ('రు', '|'), ('ట', '|'), ('యె', 'U'), ('గ్గు', '|'), ('గా', 'U'), ('దె', '|'), ('మా', 'U'), ('ల', '|'), ('ని', '|'), ('యెం', 'U'), ('గి', '|'), ('లి', '|'), ('మాం', 'U'), ('సం', 'U'), ('బు', '|'), ('రో', 'U'), ('య', '|'), ('క', '|'), ('త', '|'), ('వి', '|'), ('లి', '|'), ('మె', '|'), ('సం', 'U'), ('గు', '|'), ('ట', '|'), ('త', 'U'), ('ప్పు', '|'), ('గా', 'U'), ('దె', '|'), ('మొ', '|'), ('న', '|'), ('సి', '|'), ('యా', 'U'), ('డు', '|'), ('ది', '|'), ('పం', 'U'), ('పు', '|'), ('ప', '|'), ('ను', '|'), ('ల', '|'), ('కై', 'U'), ('కి', '|'), ('ని', '|'), ('య', '|'), ('క', '|'), ('కుం', 'U'), ('టె', '|'), ('న', 'U'), ('ల్తి', '|'), ('రు', '|'), ('గు', '|'), ('ట', '|'), ('కొ', '|'), ('ఱ', '|'), ('త', '|'), ('గా', 'U'), ('దె', '|')]",0.9583333333333334,-1.0,1.0,1.0,0.875,-1.0
teytageethi,"శివశివా! నీవె యిటువలెఁ జేయునప్పు | డవని నరులకు నింకేమి యడ్డు కలుగు,
భూనుతవిలాస, పీఠికాపురనివాస, | కుముదహితకోటిసంకాశ, కుక్కుటేశ!",vupajaathi,Kukkuteswara,"[('శి', '|'), ('వ', '|'), ('శి', '|'), ('వా', 'U'), ('నీ', 'U'), ('వె', '|'), ('యి', '|'), ('టు', '|'), ('వ', '|'), ('లె', '|'), ('జే', 'U'), ('యు', '|'), ('న', 'U'), ('ప్పు', '|'), ('డ', '|'), ('వ', '|'), ('ని', '|'), ('న', '|'), ('రు', '|'), ('ల', '|'), ('కు', '|'), ('నిం', 'U'), ('కే', 'U'), ('మి', '|'), ('య', 'U'), ('డ్డు', '|'), ('క', '|'), ('లు', '|'), ('గు', '|'), ('భూ', 'U'), ('ను', '|'), ('త', '|'), ('వి', '|'), ('లా', 'U'), ('స', '|'), ('పీ', 'U'), ('ఠి', '|'), ('కా', 'U'), ('పు', '|'), ('ర', '|'), ('ని', '|'), ('వా', 'U'), ('స', '|'), ('కు', '|'), ('ము', '|'), ('ద', '|'), ('హి', '|'), ('త', '|'), ('కో', 'U'), ('టి', '|'), ('సం', 'U'), ('కా', 'U'), ('శ', '|'), ('కు', 'U'), ('క్కు', '|'), ('టే', 'U'), ('శ', '|')]",0.9166666666666666,-1.0,1.0,1.0,0.75,-1.0
seesamu,"దశశతాబ్దముల నిన్ దవిలి పూజించిన | మెచ్చి చక్రికిఁ జక్రమిచ్చినావు
తరలక నిను గూర్చి తప్పమొనర్చిన క్రీడి | కెసఁగఁ బాశుపతాస్త్ర మొసఁగినావు
మిత్తి చేఁ బడి నిన్ను హత్తి బత్తిఁ దలంచు | మునిపుత్రుఁ జేపట్టి మనిచినావు
కాలకూటాగ్నిచేఁ గ్రాఁగి కుయ్యిడుచున్న | దివిజుల యాపదన్ తీర్చినావు",vupajaathi,Kukkuteswara,"[('ద', '|'), ('శ', '|'), ('శ', '|'), ('తా', 'U'), ('బ్ద', '|'), ('ము', '|'), ('ల', '|'), ('ని', 'U'), ('న్ద', '|'), ('వి', '|'), ('లి', '|'), ('పూ', 'U'), ('జిం', 'U'), ('చి', '|'), ('న', '|'), ('మె', 'U'), ('చ్చి', '|'), ('చ', '|'), ('క్రి', '|'), ('కి', '|'), ('జ', '|'), ('క్ర', '|'), ('మి', 'U'), ('చ్చి', '|'), ('నా', 'U'), ('వు', '|'), ('త', '|'), ('ర', '|'), ('ల', '|'), ('క', '|'), ('ని', '|'), ('ను', '|'), ('గూ', 'U'), ('ర్చి', '|'), ('త', 'U'), ('ప్ప', '|'), ('మొ', '|'), ('న', 'U'), ('ర్చి', '|'), ('న', '|'), ('క్రీ', 'U'), ('డి', '|'), ('కె', '|'), ('స', '|'), ('గ', '|'), ('బా', 'U'), ('శు', '|'), ('ప', '|'), ('తా', 'U'), ('స్త్ర', '|'), ('మొ', '|'), ('స', '|'), ('గి', '|'), ('నా', 'U'), ('వు', '|'), ('మి', 'U'), ('త్తి', '|'), ('చే', 'U'), ('బ', '|'), ('డి', '|'), ('ని', 'U'), ('న్ను', '|'), ('హ', 'U'), ('త్తి', '|'), ('బ', 'U'), ('త్తి', '|'), ('ద', '|'), ('లం', 'U'), ('చు', '|'), ('ము', '|'), ('ని', '|'), ('పు', '|'), ('త్రు', '|'), ('జే', 'U'), ('ప', 'U'), ('ట్టి', '|'), ('మ', '|'), ('ని', '|'), ('చి', '|'), ('నా', 'U'), ('వు', '|'), ('కా', 'U'), ('ల', '|'), ('కూ', 'U'), ('టా', 'U'), ('గ్ని', '|'), ('చే', 'U'), ('గ్రా', 'U'), ('గి', '|'), ('కు', 'U'), ('య్యి', '|'), ('డు', '|'), ('చు', 'U'), ('న్న', '|'), ('ది', '|'), ('వి', '|'), ('జు', '|'), ('ల', '|'), ('యా', 'U'), ('ప', '|'), ('ద', 'U'), ('న్తీ', 'U'), ('ర్చి', '|'), ('నా', 'U'), ('వు', '|')]",0.7291666666666666,-1.0,1.0,0.8125,0.375,-1.0
teytageethi,"బళిర జగముల నీవంటి భక్తిసులభుఁ | డైన దైవంబు గలఁడె లోనరసి చూడ,
భూనుతవిలాస, పీఠికాపురనివాస, | కుముదహితకోటిసంకాశ, కుక్కుటేశ!",vupajaathi,Kukkuteswara,"[('బ', '|'), ('ళి', '|'), ('ర', '|'), ('జ', '|'), ('గ', '|'), ('ము', '|'), ('ల', '|'), ('నీ', 'U'), ('వం', 'U'), ('టి', '|'), ('భ', 'U'), ('క్తి', '|'), ('సు', '|'), ('ల', '|'), ('భు', '|'), ('డై', 'U'), ('న', '|'), ('దై', 'U'), ('వం', 'U'), ('బు', '|'), ('గ', '|'), ('ల', '|'), ('డె', '|'), ('లో', 'U'), ('న', '|'), ('ర', '|'), ('సి', '|'), ('చూ', 'U'), ('డ', '|'), ('భూ', 'U'), ('ను', '|'), ('త', '|'), ('వి', '|'), ('లా', 'U'), ('స', '|'), ('పీ', 'U'), ('ఠి', '|'), ('కా', 'U'), ('పు', '|'), ('ర', '|'), ('ని', '|'), ('వా', 'U'), ('స', '|'), ('కు', '|'), ('ము', '|'), ('ద', '|'), ('హి', '|'), ('త', '|'), ('కో', 'U'), ('టి', '|'), ('సం', 'U'), ('కా', 'U'), ('శ', '|'), ('కు', 'U'), ('క్కు', '|'), ('టే', 'U'), ('శ', '|')]",0.9166666666666666,-1.0,1.0,1.0,0.75,-1.0
seesamu,"పుఱియలు పునుకలు నెఱియఁ బేర్లుగ వైచి | కుత్తుక గరళంబు కుదురు కొలిపి
కడఁగి పెన్బాముల తొడపులుగాఁ బెట్టి | పచ్చియేనుఁగుతోలు పైని గప్పి
నెమ్మేన శవభస్మ మిమ్ముమీఱ నలంది | బికిరంబు చలికూడు ప్రేమఁ దినుచు
భూతపిశాచముల్ ప్రీతిఁ గొల్వగఁ బ్రేత- | భూములయందు నబ్బురము మీఱ",vupajaathi,Kukkuteswara,"[('పు', '|'), ('ఱి', '|'), ('య', '|'), ('లు', '|'), ('పు', '|'), ('ను', '|'), ('క', '|'), ('లు', '|'), ('నె', '|'), ('ఱి', '|'), ('య', '|'), ('బే', 'U'), ('ర్లు', '|'), ('గ', '|'), ('వై', 'U'), ('చి', '|'), ('కు', 'U'), ('త్తు', '|'), ('క', '|'), ('గ', '|'), ('ర', '|'), ('ళం', 'U'), ('బు', '|'), ('కు', '|'), ('దు', '|'), ('రు', '|'), ('కొ', '|'), ('లి', '|'), ('పి', '|'), ('క', '|'), ('డ', '|'), ('గి', '|'), ('పె', 'U'), ('న్బా', 'U'), ('ము', '|'), ('ల', '|'), ('తొ', '|'), ('డ', '|'), ('పు', '|'), ('లు', '|'), ('గా', 'U'), ('బె', 'U'), ('ట్టి', '|'), ('ప', 'U'), ('చ్చి', '|'), ('యే', 'U'), ('ను', '|'), ('గు', '|'), ('తో', 'U'), ('లు', '|'), ('పై', 'U'), ('ని', '|'), ('గ', 'U'), ('ప్పి', '|'), ('నె', 'U'), ('మ్మే', 'U'), ('న', '|'), ('శ', '|'), ('వ', '|'), ('భ', 'U'), ('స్మ', '|'), ('మి', 'U'), ('మ్ము', '|'), ('మీ', 'U'), ('ఱ', '|'), ('న', '|'), ('లం', 'U'), ('ది', '|'), ('బి', '|'), ('కి', '|'), ('రం', 'U'), ('బు', '|'), ('చ', '|'), ('లి', '|'), ('కూ', 'U'), ('డు', '|'), ('ప్రే', 'U'), ('మ', '|'), ('ది', '|'), ('ను', '|'), ('చు', '|'), ('భూ', 'U'), ('త', '|'), ('పి', '|'), ('శా', 'U'), ('చ', '|'), ('ము', 'U'), ('ల్ప్రీ', 'U'), ('తి', '|'), ('గొ', 'U'), ('ల్వ', '|'), ('గ', '|'), ('బ్రే', 'U'), ('త', '|'), ('భూ', 'U'), ('ము', '|'), ('ల', '|'), ('యం', 'U'), ('దు', '|'), ('న', 'U'), ('బ్బు', '|'), ('ర', '|'), ('ము', '|'), ('మీ', 'U'), ('ఱ', '|')]",1.0,-1.0,1.0,1.0,1.0,-1.0
teytageethi,"మెలఁగుచుండియు భువనమంగళవిలాస- | లీలఁ జెలగుదువంట మేల్ బళీ యయారె!
భూనుతవిలాస, పీఠికాపురనివాస, | కుముదహితకోటిసంకాశ, కుక్కుటేశ!",vupajaathi,Kukkuteswara,"[('మె', '|'), ('ల', '|'), ('గు', '|'), ('చుం', 'U'), ('డి', '|'), ('యు', '|'), ('భు', '|'), ('వ', '|'), ('న', '|'), ('మం', 'U'), ('గ', '|'), ('ళ', '|'), ('వి', '|'), ('లా', 'U'), ('స', '|'), ('లీ', 'U'), ('ల', '|'), ('జె', '|'), ('ల', '|'), ('గు', '|'), ('దు', '|'), ('వం', 'U'), ('ట', '|'), ('మే', 'U'), ('ల్బ', '|'), ('ళీ', 'U'), ('య', '|'), ('యా', 'U'), ('రె', '|'), ('భూ', 'U'), ('ను', '|'), ('త', '|'), ('వి', '|'), ('లా', 'U'), ('స', '|'), ('పీ', 'U'), ('ఠి', '|'), ('కా', 'U'), ('పు', '|'), ('ర', '|'), ('ని', '|'), ('వా', 'U'), ('స', '|'), ('కు', '|'), ('ము', '|'), ('ద', '|'), ('హి', '|'), ('త', '|'), ('కో', 'U'), ('టి', '|'), ('సం', 'U'), ('కా', 'U'), ('శ', '|'), ('కు', 'U'), ('క్కు', '|'), ('టే', 'U'), ('శ', '|')]",0.8166666666666668,-1.0,1.0,0.95,0.5,-1.0
seesamu,"జంభాహితుని భుజాస్తంభనం బొనరించి | విష్ణుని చక్రంబు విఱిచి పుచ్చి
బ్రహ్మదేవునిఁ బటాపంచలుగాఁ గొట్టి | భగుని కన్నులు నేలఁబడఁగఁ దిగిచి
పూషార్కు దంతముల్ పొడిపొడిగాఁ దన్ని | సోముని నరకాల భూమిఁ జమరి
దక్షుని తలఁ గొట్టి తవిలి వేల్పులనెల్లఁ | దఱిమి వేఁటాడిన తావకీన",vupajaathi,Kukkuteswara,"[('జం', 'U'), ('భా', 'U'), ('హి', '|'), ('తు', '|'), ('ని', '|'), ('భు', '|'), ('జా', 'U'), ('స్తం', 'U'), ('భ', '|'), ('నం', 'U'), ('బొ', '|'), ('న', '|'), ('రిం', 'U'), ('చి', '|'), ('వి', 'U'), ('ష్ణు', '|'), ('ని', '|'), ('చ', '|'), ('క్రం', 'U'), ('బు', '|'), ('వి', '|'), ('ఱి', '|'), ('చి', '|'), ('పు', 'U'), ('చ్చి', '|'), ('బ్ర', 'U'), ('హ్మ', '|'), ('దే', 'U'), ('వు', '|'), ('ని', '|'), ('బ', '|'), ('టా', 'U'), ('పం', 'U'), ('చ', '|'), ('లు', '|'), ('గా', 'U'), ('గొ', 'U'), ('ట్టి', '|'), ('భ', '|'), ('గు', '|'), ('ని', '|'), ('క', 'U'), ('న్ను', '|'), ('లు', '|'), ('నే', 'U'), ('ల', '|'), ('బ', '|'), ('డ', '|'), ('గ', '|'), ('ది', '|'), ('గి', '|'), ('చి', '|'), ('పూ', 'U'), ('షా', 'U'), ('ర్కు', '|'), ('దం', 'U'), ('త', '|'), ('ము', 'U'), ('ల్పొ', '|'), ('డి', '|'), ('పొ', '|'), ('డి', '|'), ('గా', 'U'), ('ద', 'U'), ('న్ని', '|'), ('సో', 'U'), ('ము', '|'), ('ని', '|'), ('న', '|'), ('ర', '|'), ('కా', 'U'), ('ల', '|'), ('భూ', 'U'), ('మి', '|'), ('జ', '|'), ('మ', '|'), ('రి', '|'), ('ద', 'U'), ('క్షు', '|'), ('ని', '|'), ('త', '|'), ('ల', '|'), ('గొ', 'U'), ('ట్టి', '|'), ('త', '|'), ('వి', '|'), ('లి', '|'), ('వే', 'U'), ('ల్పు', '|'), ('ల', '|'), ('నె', 'U'), ('ల్ల', '|'), ('ద', '|'), ('ఱి', '|'), ('మి', '|'), ('వే', 'U'), ('టా', 'U'), ('డి', '|'), ('న', '|'), ('తా', 'U'), ('వ', '|'), ('కీ', 'U'), ('న', '|')]",0.65625,-1.0,1.0,0.59375,0.375,-1.0
teytageethi,"వీరభద్రావతార విహారలీలఁ | దలఁచినప్పుడె యాపదల్ తలఁగు నౌర
భూనుతవిలాస, పీఠికాపురనివాస, | కుముదహితకోటిసంకాశ, కుక్కుటేశ!",vupajaathi,Kukkuteswara,"[('వీ', 'U'), ('ర', '|'), ('భ', '|'), ('ద్రా', 'U'), ('వ', '|'), ('తా', 'U'), ('ర', '|'), ('వి', '|'), ('హా', 'U'), ('ర', '|'), ('లీ', 'U'), ('ల', '|'), ('ద', '|'), ('ల', '|'), ('చి', '|'), ('న', 'U'), ('ప్పు', '|'), ('డె', '|'), ('యా', 'U'), ('ప', '|'), ('ద', 'U'), ('ల్త', '|'), ('ల', '|'), ('గు', '|'), ('నౌ', 'U'), ('ర', '|'), ('భూ', 'U'), ('ను', '|'), ('త', '|'), ('వి', '|'), ('లా', 'U'), ('స', '|'), ('పీ', 'U'), ('ఠి', '|'), ('కా', 'U'), ('పు', '|'), ('ర', '|'), ('ని', '|'), ('వా', 'U'), ('స', '|'), ('కు', '|'), ('ము', '|'), ('ద', '|'), ('హి', '|'), ('త', '|'), ('కో', 'U'), ('టి', '|'), ('సం', 'U'), ('కా', 'U'), ('శ', '|'), ('కు', 'U'), ('క్కు', '|'), ('టే', 'U'), ('శ', '|')]",0.4833333333333333,-1.0,1.0,0.45,0.0,-1.0
seesamu,"బాపని కొక స్వయంపాకాన కియలేక | చుట్టాలకును గూడు పెట్టలేక
పిడికెఁడు బిచ్చ మెన్నఁడు నొసంగగ లేక | కడుపార నన్నంబు గుడువలేక
పైమీఁద నొకగట్టిబట్ట గప్పఁగలేక | నదనునఁ గాసైన వదలలేక
కడుగైనఁ దవుడైన విడిచివెట్టఁగలేక | మాడైన మక్కైన మానలేక",vupajaathi,Kukkuteswara,"[('బా', 'U'), ('ప', '|'), ('ని', '|'), ('కొ', '|'), ('క', 'U'), ('స్వ', '|'), ('యం', 'U'), ('పా', 'U'), ('కా', 'U'), ('న', '|'), ('కి', '|'), ('య', '|'), ('లే', 'U'), ('క', '|'), ('చు', 'U'), ('ట్టా', 'U'), ('ల', '|'), ('కు', '|'), ('ను', '|'), ('గూ', 'U'), ('డు', '|'), ('పె', 'U'), ('ట్ట', '|'), ('లే', 'U'), ('క', '|'), ('పి', '|'), ('డి', '|'), ('కె', '|'), ('డు', '|'), ('బి', 'U'), ('చ్చ', '|'), ('మె', 'U'), ('న్న', '|'), ('డు', '|'), ('నొ', '|'), ('సం', 'U'), ('గ', '|'), ('గ', '|'), ('లే', 'U'), ('క', '|'), ('క', '|'), ('డు', '|'), ('పా', 'U'), ('ర', '|'), ('న', 'U'), ('న్నం', 'U'), ('బు', '|'), ('గు', '|'), ('డు', '|'), ('వ', '|'), ('లే', 'U'), ('క', '|'), ('పై', 'U'), ('మీ', 'U'), ('ద', '|'), ('నొ', '|'), ('క', '|'), ('గ', 'U'), ('ట్టి', '|'), ('బ', 'U'), ('ట్ట', '|'), ('గ', 'U'), ('ప్ప', '|'), ('గ', '|'), ('లే', 'U'), ('క', '|'), ('న', '|'), ('ద', '|'), ('ను', '|'), ('న', '|'), ('గా', 'U'), ('సై', 'U'), ('న', '|'), ('వ', '|'), ('ద', '|'), ('ల', '|'), ('లే', 'U'), ('క', '|'), ('క', '|'), ('డు', '|'), ('గై', 'U'), ('న', '|'), ('ద', '|'), ('వు', '|'), ('డై', 'U'), ('న', '|'), ('వి', '|'), ('డి', '|'), ('చి', '|'), ('వె', 'U'), ('ట్ట', '|'), ('గ', '|'), ('లే', 'U'), ('క', '|'), ('మా', 'U'), ('డై', 'U'), ('న', '|'), ('మ', 'U'), ('క్కై', 'U'), ('న', '|'), ('మా', 'U'), ('న', '|'), ('లే', 'U'), ('క', '|')]",0.9895833333333334,-1.0,1.0,0.96875,1.0,-1.0
teytageethi,"ఖలుఁడు విత్తంబు గూర్చినఁ గట్టి కొట్టి | పట్టి పుథించి నృపు లరి బలిమిఁ గొంద్రు,
భూనుతవిలాస, పీఠికాపురనివాస, | కుముదహితకోటిసంకాశ, కుక్కుటేశ!",vupajaathi,Kukkuteswara,"[('ఖ', '|'), ('లు', '|'), ('డు', '|'), ('వి', 'U'), ('త్తం', 'U'), ('బు', '|'), ('గూ', 'U'), ('ర్చి', '|'), ('న', '|'), ('గ', 'U'), ('ట్టి', '|'), ('కొ', 'U'), ('ట్టి', '|'), ('ప', 'U'), ('ట్టి', '|'), ('పు', '|'), ('థిం', 'U'), ('చి', '|'), ('నృ', '|'), ('పు', '|'), ('ల', '|'), ('రి', '|'), ('బ', '|'), ('లి', '|'), ('మి', '|'), ('గొం', 'U'), ('ద్రు', '|'), ('భూ', 'U'), ('ను', '|'), ('త', '|'), ('వి', '|'), ('లా', 'U'), ('స', '|'), ('పీ', 'U'), ('ఠి', '|'), ('కా', 'U'), ('పు', '|'), ('ర', '|'), ('ని', '|'), ('వా', 'U'), ('స', '|'), ('కు', '|'), ('ము', '|'), ('ద', '|'), ('హి', '|'), ('త', '|'), ('కో', 'U'), ('టి', '|'), ('సం', 'U'), ('కా', 'U'), ('శ', '|'), ('కు', 'U'), ('క్కు', '|'), ('టే', 'U'), ('శ', '|')]",0.6333333333333333,-1.0,1.0,0.65,0.25,-1.0
seesamu,"జారచోరులకు గంజాయికల్లులకును | దొత్తుల కగ్గికి దొమ్మరులకు
కుంటెనకత్తెలకును వెలయాండ్రకు | నల్లమందునకు భూవల్లభునకు
తప్పుదండుగలకు దబ్బరగాండ్లకు | నంజుటికిని గోడిపుంజులకును
మందులవాండ్రకు మాలదాసర్లకు | నాటపాటలవాండ్ర కౌను గాని",vupajaathi,Kukkuteswara,"[('జా', 'U'), ('ర', '|'), ('చో', 'U'), ('రు', '|'), ('ల', '|'), ('కు', '|'), ('గం', 'U'), ('జా', 'U'), ('యి', '|'), ('క', 'U'), ('ల్లు', '|'), ('ల', '|'), ('కు', '|'), ('ను', '|'), ('దొ', 'U'), ('త్తు', '|'), ('ల', '|'), ('క', 'U'), ('గ్గి', '|'), ('కి', '|'), ('దొ', 'U'), ('మ్మ', '|'), ('రు', '|'), ('ల', '|'), ('కు', '|'), ('కుం', 'U'), ('టె', '|'), ('న', '|'), ('క', 'U'), ('త్తె', '|'), ('ల', '|'), ('కు', '|'), ('ను', '|'), ('వె', '|'), ('ల', '|'), ('యాం', 'U'), ('డ్ర', '|'), ('కు', '|'), ('న', 'U'), ('ల్ల', '|'), ('మం', 'U'), ('దు', '|'), ('న', '|'), ('కు', '|'), ('భూ', 'U'), ('వ', 'U'), ('ల్ల', '|'), ('భు', '|'), ('న', '|'), ('కు', '|'), ('త', 'U'), ('ప్పు', '|'), ('దం', 'U'), ('డు', '|'), ('గ', '|'), ('ల', '|'), ('కు', '|'), ('ద', 'U'), ('బ్బ', '|'), ('ర', '|'), ('గాం', 'U'), ('డ్ల', '|'), ('కు', '|'), ('నం', 'U'), ('జు', '|'), ('టి', '|'), ('కి', '|'), ('ని', '|'), ('గో', 'U'), ('డి', '|'), ('పుం', 'U'), ('జు', '|'), ('ల', '|'), ('కు', '|'), ('ను', '|'), ('మం', 'U'), ('దు', '|'), ('ల', '|'), ('వాం', 'U'), ('డ్ర', '|'), ('కు', '|'), ('మా', 'U'), ('ల', '|'), ('దా', 'U'), ('స', 'U'), ('ర్ల', '|'), ('కు', '|'), ('నా', 'U'), ('ట', '|'), ('పా', 'U'), ('ట', '|'), ('ల', '|'), ('వాం', 'U'), ('డ్ర', '|'), ('కౌ', 'U'), ('ను', '|'), ('గా', 'U'), ('ని', '|')]",0.9583333333333334,-1.0,1.0,1.0,0.875,-1.0
teytageethi,"సుకవిజనదేవతాగృహసూరివరుల | జేరదింతయుఁ దులువ కూర్చిన ధనంబు,
భూనుతవిలాస, పీఠికాపురనివాస, | కుముదహితకోటిసంకాశ, కుక్కుటేశ!",vupajaathi,Kukkuteswara,"[('సు', '|'), ('క', '|'), ('వి', '|'), ('జ', '|'), ('న', '|'), ('దే', 'U'), ('వ', '|'), ('తా', 'U'), ('గృ', '|'), ('హ', '|'), ('సూ', 'U'), ('రి', '|'), ('వ', '|'), ('రు', '|'), ('ల', '|'), ('జే', 'U'), ('ర', '|'), ('దిం', 'U'), ('త', '|'), ('యు', '|'), ('దు', '|'), ('లు', '|'), ('వ', '|'), ('కూ', 'U'), ('ర్చి', '|'), ('న', '|'), ('ధ', '|'), ('నం', 'U'), ('బు', '|'), ('భూ', 'U'), ('ను', '|'), ('త', '|'), ('వి', '|'), ('లా', 'U'), ('స', '|'), ('పీ', 'U'), ('ఠి', '|'), ('కా', 'U'), ('పు', '|'), ('ర', '|'), ('ని', '|'), ('వా', 'U'), ('స', '|'), ('కు', '|'), ('ము', '|'), ('ద', '|'), ('హి', '|'), ('త', '|'), ('కో', 'U'), ('టి', '|'), ('సం', 'U'), ('కా', 'U'), ('శ', '|'), ('కు', 'U'), ('క్కు', '|'), ('టే', 'U'), ('శ', '|')]",1.0,-1.0,1.0,1.0,1.0,-1.0
seesamu,"విధవాకుచంబుల విధమున ససి చెడ్డ | పాడింట నిడిన దీపంబు కరణి,
గాననాంతరమునఁ గాయు వెన్నెల రీతి | షండున కబ్బిన చాన పోల్కిఁ
గ్రోఁతి చే నొదవిన కొబ్బరికాయ య- | ట్లంబుధిం బడిన తోయంబు మాడ్కి
ముసిడిఁ బండిన ఫలమ్ముల చందమున దుష్ట- | ఫణిశిరంబున వెల్గు మణి విధమున",vupajaathi,Kukkuteswara,"[('వి', '|'), ('ధ', '|'), ('వా', 'U'), ('కు', '|'), ('చం', 'U'), ('బు', '|'), ('ల', '|'), ('వి', '|'), ('ధ', '|'), ('ము', '|'), ('న', '|'), ('స', '|'), ('సి', '|'), ('చె', 'U'), ('డ్డ', '|'), ('పా', 'U'), ('డిం', 'U'), ('ట', '|'), ('ని', '|'), ('డి', '|'), ('న', '|'), ('దీ', 'U'), ('పం', 'U'), ('బు', '|'), ('క', '|'), ('ర', '|'), ('ణి', '|'), ('గా', 'U'), ('న', '|'), ('నాం', 'U'), ('త', '|'), ('ర', '|'), ('ము', '|'), ('న', '|'), ('గా', 'U'), ('యు', '|'), ('వె', 'U'), ('న్నె', '|'), ('ల', '|'), ('రీ', 'U'), ('తి', '|'), ('షం', 'U'), ('డు', '|'), ('న', '|'), ('క', 'U'), ('బ్బి', '|'), ('న', '|'), ('చా', 'U'), ('న', '|'), ('పో', 'U'), ('ల్కి', '|'), ('గ్రో', 'U'), ('తి', '|'), ('చే', 'U'), ('నొ', '|'), ('ద', '|'), ('వి', '|'), ('న', '|'), ('కొ', 'U'), ('బ్బ', '|'), ('రి', '|'), ('కా', 'U'), ('య', '|'), ('య', 'U'), ('ట్లం', 'U'), ('బు', '|'), ('ధిం', 'U'), ('బ', '|'), ('డి', '|'), ('న', '|'), ('తో', 'U'), ('యం', 'U'), ('బు', '|'), ('మా', 'U'), ('డ్కి', '|'), ('ము', '|'), ('సి', '|'), ('డి', '|'), ('బం', 'U'), ('డి', '|'), ('న', '|'), ('ఫ', '|'), ('ల', 'U'), ('మ్ము', '|'), ('ల', '|'), ('చం', 'U'), ('ద', '|'), ('ము', '|'), ('న', '|'), ('దు', 'U'), ('ష్ట', '|'), ('ఫ', '|'), ('ణి', '|'), ('శి', '|'), ('రం', 'U'), ('బు', '|'), ('న', '|'), ('వె', 'U'), ('ల్గు', '|'), ('మ', '|'), ('ణి', '|'), ('వి', '|'), ('ధ', '|'), ('ము', '|'), ('న', '|')]",1.0,-1.0,1.0,1.0,1.0,-1.0
teytageethi,"ధరణిఁ బరమనికృష్టుని దండనున్న | ధనము వృథయగు నేరికిఁ బనికిరాక,
భూనుతవిలాస, పీఠికాపురనివాస, | కుముదహితకోటిసంకాశ, కుక్కుటేశ!",vupajaathi,Kukkuteswara,"[('ధ', '|'), ('ర', '|'), ('ణి', '|'), ('బ', '|'), ('ర', '|'), ('మ', '|'), ('ని', '|'), ('కృ', 'U'), ('ష్టు', '|'), ('ని', '|'), ('దం', 'U'), ('డ', '|'), ('ను', 'U'), ('న్న', '|'), ('ధ', '|'), ('న', '|'), ('ము', '|'), ('వృ', '|'), ('థ', '|'), ('య', '|'), ('గు', '|'), ('నే', 'U'), ('రి', '|'), ('కి', '|'), ('బ', '|'), ('ని', '|'), ('కి', '|'), ('రా', 'U'), ('క', '|'), ('భూ', 'U'), ('ను', '|'), ('త', '|'), ('వి', '|'), ('లా', 'U'), ('స', '|'), ('పీ', 'U'), ('ఠి', '|'), ('కా', 'U'), ('పు', '|'), ('ర', '|'), ('ని', '|'), ('వా', 'U'), ('స', '|'), ('కు', '|'), ('ము', '|'), ('ద', '|'), ('హి', '|'), ('త', '|'), ('కో', 'U'), ('టి', '|'), ('సం', 'U'), ('కా', 'U'), ('శ', '|'), ('కు', 'U'), ('క్కు', '|'), ('టే', 'U'), ('శ', '|')]",1.0,-1.0,1.0,1.0,1.0,-1.0
seesamu,"వేదశాస్త్రపురాణవిద్య లక్కఱగావు | పరిహాసవిద్యలు పనికివచ్చు
గద్యపద్యవిచిత్రకవితలు కొఱగావు | గొల్లసుద్దుల కతల్ పెల్లుమీఱు
దేవతాభాషల తీరు లేమియుఁ గావు | పారసీకోక్తులు ప్రణుతి కెక్కు
శైవవైష్ణవమతాచారంబు లొప్పవు | పాషండమతములు బాళి నలరు",vupajaathi,Kukkuteswara,"[('వే', 'U'), ('ద', '|'), ('శా', 'U'), ('స్త్ర', '|'), ('పు', '|'), ('రా', 'U'), ('ణ', '|'), ('వి', 'U'), ('ద్య', '|'), ('ల', 'U'), ('క్క', '|'), ('ఱ', '|'), ('గా', 'U'), ('వు', '|'), ('ప', '|'), ('రి', '|'), ('హా', 'U'), ('స', '|'), ('వి', 'U'), ('ద్య', '|'), ('లు', '|'), ('ప', '|'), ('ని', '|'), ('కి', '|'), ('వ', 'U'), ('చ్చు', '|'), ('గ', 'U'), ('ద్య', '|'), ('ప', 'U'), ('ద్య', '|'), ('వి', '|'), ('చి', '|'), ('త్ర', '|'), ('క', '|'), ('వి', '|'), ('త', '|'), ('లు', '|'), ('కొ', '|'), ('ఱ', '|'), ('గా', 'U'), ('వు', '|'), ('గొ', 'U'), ('ల్ల', '|'), ('సు', 'U'), ('ద్దు', '|'), ('ల', '|'), ('క', '|'), ('త', 'U'), ('ల్పె', 'U'), ('ల్లు', '|'), ('మీ', 'U'), ('ఱు', '|'), ('దే', 'U'), ('వ', '|'), ('తా', 'U'), ('భా', 'U'), ('ష', '|'), ('ల', '|'), ('తీ', 'U'), ('రు', '|'), ('లే', 'U'), ('మి', '|'), ('యు', '|'), ('గా', 'U'), ('వు', '|'), ('పా', 'U'), ('ర', '|'), ('సీ', 'U'), ('కో', 'U'), ('క్తు', '|'), ('లు', '|'), ('ప్ర', '|'), ('ణు', '|'), ('తి', '|'), ('కె', 'U'), ('క్కు', '|'), ('శై', 'U'), ('వ', '|'), ('వై', 'U'), ('ష్ణ', '|'), ('వ', '|'), ('మ', '|'), ('తా', 'U'), ('చా', 'U'), ('రం', 'U'), ('బు', '|'), ('లొ', 'U'), ('ప్ప', '|'), ('వు', '|'), ('పా', 'U'), ('షం', 'U'), ('డ', '|'), ('మ', '|'), ('త', '|'), ('ము', '|'), ('లు', '|'), ('బా', 'U'), ('ళి', '|'), ('న', '|'), ('ల', '|'), ('రు', '|')]",1.0,-1.0,1.0,1.0,1.0,-1.0
teytageethi,"నౌర యిక్కలికాల మహత్త్వమెంతొ | వింతయై తోఁచుఁ గద ధరాభ్యంతరమున,
భూనుతవిలాస, పీఠికాపురనివాస, | కుముదహితకోటిసంకాశ, కుక్కుటేశ!",vupajaathi,Kukkuteswara,"[('నౌ', 'U'), ('ర', '|'), ('యి', 'U'), ('క్క', '|'), ('లి', '|'), ('కా', 'U'), ('ల', '|'), ('మ', '|'), ('హ', 'U'), ('త్త్వ', '|'), ('మెం', 'U'), ('తొ', '|'), ('విం', 'U'), ('త', '|'), ('యై', 'U'), ('తో', 'U'), ('చు', '|'), ('గ', '|'), ('ద', '|'), ('ధ', '|'), ('రా', 'U'), ('భ్యం', 'U'), ('త', '|'), ('ర', '|'), ('ము', '|'), ('న', '|'), ('భూ', 'U'), ('ను', '|'), ('త', '|'), ('వి', '|'), ('లా', 'U'), ('స', '|'), ('పీ', 'U'), ('ఠి', '|'), ('కా', 'U'), ('పు', '|'), ('ర', '|'), ('ని', '|'), ('వా', 'U'), ('స', '|'), ('కు', '|'), ('ము', '|'), ('ద', '|'), ('హి', '|'), ('త', '|'), ('కో', 'U'), ('టి', '|'), ('సం', 'U'), ('కా', 'U'), ('శ', '|'), ('కు', 'U'), ('క్కు', '|'), ('టే', 'U'), ('శ', '|')]",0.9166666666666666,-1.0,1.0,1.0,0.75,-1.0
seesamu,"కాపుకవీశ్వరుల్ కంచఱయోగులు | సాతానివైష్ణవుల్ సాలెభటులు
కోమటిదాతలు కొంటెభాగోతులు | మాలవెజ్జులు బోయమావటీలు
గొల్లపౌరాణికుల్ పల్లెదైవజ్ఞులు | బానిసవేశ్యలు జైనబాఁప
లాడుదీర్పరు లుగ్రయవనధరాధీశ్వ- | రులు వైదికప్రధానులును మిగుల",vupajaathi,Kukkuteswara,"[('కా', 'U'), ('పు', '|'), ('క', '|'), ('వీ', 'U'), ('శ్వ', '|'), ('రు', 'U'), ('ల్కం', 'U'), ('చ', '|'), ('ఱ', '|'), ('యో', 'U'), ('గు', '|'), ('లు', '|'), ('సా', 'U'), ('తా', 'U'), ('ని', '|'), ('వై', 'U'), ('ష్ణ', '|'), ('వు', 'U'), ('ల్సా', 'U'), ('లె', '|'), ('భ', '|'), ('టు', '|'), ('లు', '|'), ('కో', 'U'), ('మ', '|'), ('టి', '|'), ('దా', 'U'), ('త', '|'), ('లు', '|'), ('కొం', 'U'), ('టె', '|'), ('భా', 'U'), ('గో', 'U'), ('తు', '|'), ('లు', '|'), ('మా', 'U'), ('ల', '|'), ('వె', 'U'), ('జ్జు', '|'), ('లు', '|'), ('బో', 'U'), ('య', '|'), ('మా', 'U'), ('వ', '|'), ('టీ', 'U'), ('లు', '|'), ('గొ', 'U'), ('ల్ల', '|'), ('పౌ', 'U'), ('రా', 'U'), ('ణి', '|'), ('కు', 'U'), ('ల్ప', 'U'), ('ల్లె', '|'), ('దై', 'U'), ('వ', 'U'), ('జ్ఞు', '|'), ('లు', '|'), ('బా', 'U'), ('ని', '|'), ('స', '|'), ('వే', 'U'), ('శ్య', '|'), ('లు', '|'), ('జై', 'U'), ('న', '|'), ('బా', 'U'), ('ప', '|'), ('లా', 'U'), ('డు', '|'), ('దీ', 'U'), ('ర్ప', '|'), ('రు', '|'), ('లు', '|'), ('గ్ర', '|'), ('య', '|'), ('వ', '|'), ('న', '|'), ('ధ', '|'), ('రా', 'U'), ('ధీ', 'U'), ('శ్వ', '|'), ('రు', '|'), ('లు', '|'), ('వై', 'U'), ('ది', '|'), ('క', '|'), ('ప్ర', '|'), ('ధా', 'U'), ('ను', '|'), ('లు', '|'), ('ను', '|'), ('మి', '|'), ('గు', '|'), ('ల', '|')]",0.90625,-1.0,1.0,0.96875,0.75,-1.0
teytageethi,"భూతలంబునఁ గలిదోషహేతుకమునఁ | బ్రబలురై రింకనేమి చెప్పంగవలయు
భూనుతవిలాస, పీఠికాపురనివాస, | కుముదహితకోటిసంకాశ, కుక్కుటేశ!",vupajaathi,Kukkuteswara,"[('భూ', 'U'), ('త', '|'), ('లం', 'U'), ('బు', '|'), ('న', '|'), ('గ', '|'), ('లి', '|'), ('దో', 'U'), ('ష', '|'), ('హే', 'U'), ('తు', '|'), ('క', '|'), ('ము', '|'), ('న', '|'), ('బ్ర', '|'), ('బ', '|'), ('లు', '|'), ('రై', 'U'), ('రిం', 'U'), ('క', '|'), ('నే', 'U'), ('మి', '|'), ('చె', 'U'), ('ప్పం', 'U'), ('గ', '|'), ('వ', '|'), ('ల', '|'), ('యు', '|'), ('భూ', 'U'), ('ను', '|'), ('త', '|'), ('వి', '|'), ('లా', 'U'), ('స', '|'), ('పీ', 'U'), ('ఠి', '|'), ('కా', 'U'), ('పు', '|'), ('ర', '|'), ('ని', '|'), ('వా', 'U'), ('స', '|'), ('కు', '|'), ('ము', '|'), ('ద', '|'), ('హి', '|'), ('త', '|'), ('కో', 'U'), ('టి', '|'), ('సం', 'U'), ('కా', 'U'), ('శ', '|'), ('కు', 'U'), ('క్కు', '|'), ('టే', 'U'), ('శ', '|')]",1.0,-1.0,1.0,1.0,1.0,-1.0
seesamu,"బొగ్గులఁ దైలంబు బుట్టింపగా వచ్చు | ధట్టించి జలరాశి దాటవచ్చు
జెలరేఁగి ఘనదవానలము మ్రింగఁగ వచ్చు | భుజగులఁ బేర్లుగాఁ బూనవచ్చు
బెబ్బులి నఱచేతఁ బెనఁగి పట్టఁగ వచ్చు | దివిరి ఱాతిని నార దీయవచ్చు
గొదమసింగమును నక్కునఁ జేర్పఁగా వచ్చు | గాలి పోగిడి మూట గట్టవచ్చు",vupajaathi,Kukkuteswara,"[('బొ', 'U'), ('గ్గు', '|'), ('ల', '|'), ('దై', 'U'), ('లం', 'U'), ('బు', '|'), ('బు', 'U'), ('ట్టిం', 'U'), ('ప', '|'), ('గా', 'U'), ('వ', 'U'), ('చ్చు', '|'), ('ధ', 'U'), ('ట్టిం', 'U'), ('చి', '|'), ('జ', '|'), ('ల', '|'), ('రా', 'U'), ('శి', '|'), ('దా', 'U'), ('ట', '|'), ('వ', 'U'), ('చ్చు', '|'), ('జె', '|'), ('ల', '|'), ('రే', 'U'), ('గి', '|'), ('ఘ', '|'), ('న', '|'), ('ద', '|'), ('వా', 'U'), ('న', '|'), ('ల', '|'), ('ము', '|'), ('మ్రిం', 'U'), ('గ', '|'), ('గ', '|'), ('వ', 'U'), ('చ్చు', '|'), ('భు', '|'), ('జ', '|'), ('గు', '|'), ('ల', '|'), ('బే', 'U'), ('ర్లు', '|'), ('గా', 'U'), ('బూ', 'U'), ('న', '|'), ('వ', 'U'), ('చ్చు', '|'), ('బె', 'U'), ('బ్బు', '|'), ('లి', '|'), ('న', '|'), ('ఱ', '|'), ('చే', 'U'), ('త', '|'), ('బె', '|'), ('న', '|'), ('గి', '|'), ('ప', 'U'), ('ట్ట', '|'), ('గ', '|'), ('వ', 'U'), ('చ్చు', '|'), ('ది', '|'), ('వి', '|'), ('రి', '|'), ('ఱా', 'U'), ('తి', '|'), ('ని', '|'), ('నా', 'U'), ('ర', '|'), ('దీ', 'U'), ('య', '|'), ('వ', 'U'), ('చ్చు', '|'), ('గొ', '|'), ('ద', '|'), ('మ', '|'), ('సిం', 'U'), ('గ', '|'), ('ము', '|'), ('ను', '|'), ('న', 'U'), ('క్కు', '|'), ('న', '|'), ('జే', 'U'), ('ర్ప', '|'), ('గా', 'U'), ('వ', 'U'), ('చ్చు', '|'), ('గా', 'U'), ('లి', '|'), ('పో', 'U'), ('గి', '|'), ('డి', '|'), ('మూ', 'U'), ('ట', '|'), ('గ', 'U'), ('ట్ట', '|'), ('వ', 'U'), ('చ్చు', '|')]",1.0,-1.0,1.0,1.0,1.0,-1.0
teytageethi,"గాని తులువల డెందంబు గరగఁ జేయ | వశము గాదయ్య భువిని నెవ్వరికినైన,
భూనుతవిలాస, పీఠికాపురనివాస, | కుముదహితకోటిసంకాశ, కుక్కుటేశ!",vupajaathi,Kukkuteswara,"[('గా', 'U'), ('ని', '|'), ('తు', '|'), ('లు', '|'), ('వ', '|'), ('ల', '|'), ('డెం', 'U'), ('దం', 'U'), ('బు', '|'), ('గ', '|'), ('ర', '|'), ('గ', '|'), ('జే', 'U'), ('య', '|'), ('వ', '|'), ('శ', '|'), ('ము', '|'), ('గా', 'U'), ('ద', 'U'), ('య్య', '|'), ('భు', '|'), ('వి', '|'), ('ని', '|'), ('నె', 'U'), ('వ్వ', '|'), ('రి', '|'), ('కి', '|'), ('నై', 'U'), ('న', '|'), ('భూ', 'U'), ('ను', '|'), ('త', '|'), ('వి', '|'), ('లా', 'U'), ('స', '|'), ('పీ', 'U'), ('ఠి', '|'), ('కా', 'U'), ('పు', '|'), ('ర', '|'), ('ని', '|'), ('వా', 'U'), ('స', '|'), ('కు', '|'), ('ము', '|'), ('ద', '|'), ('హి', '|'), ('త', '|'), ('కో', 'U'), ('టి', '|'), ('సం', 'U'), ('కా', 'U'), ('శ', '|'), ('కు', 'U'), ('క్కు', '|'), ('టే', 'U'), ('శ', '|')]",1.0,-1.0,1.0,1.0,1.0,-1.0
seesamu,"సల్లగా మాలదాసర సటారయగారి | తిర్నామములు సాన తేప వింటి
గొల్లమారన బోయ దెల్లఁగా సతికితే | బొల్లేవు పోట్లాటలెల్ల యింటి
జయన యెంకటబొట్లు సబ్బండుసారాలు | పూరాండములు సెప్పఁ గోరి యింటి
సరవయ్య బయలీదు జమిలికతోఁ బాడు | నంకమ్మపాట లెన్నైన యింటి",vupajaathi,Kukkuteswara,"[('స', 'U'), ('ల్ల', '|'), ('గా', 'U'), ('మా', 'U'), ('ల', '|'), ('దా', 'U'), ('స', '|'), ('ర', '|'), ('స', '|'), ('టా', 'U'), ('ర', '|'), ('య', '|'), ('గా', 'U'), ('రి', '|'), ('తి', 'U'), ('ర్నా', 'U'), ('మ', '|'), ('ము', '|'), ('లు', '|'), ('సా', 'U'), ('న', '|'), ('తే', 'U'), ('ప', '|'), ('విం', 'U'), ('టి', '|'), ('గొ', 'U'), ('ల్ల', '|'), ('మా', 'U'), ('ర', '|'), ('న', '|'), ('బో', 'U'), ('య', '|'), ('దె', 'U'), ('ల్ల', '|'), ('గా', 'U'), ('స', '|'), ('తి', '|'), ('కి', '|'), ('తే', 'U'), ('బొ', 'U'), ('ల్లే', 'U'), ('వు', '|'), ('పో', 'U'), ('ట్లా', 'U'), ('ట', '|'), ('లె', 'U'), ('ల్ల', '|'), ('యిం', 'U'), ('టి', '|'), ('జ', '|'), ('య', '|'), ('న', '|'), ('యెం', 'U'), ('క', '|'), ('ట', '|'), ('బొ', 'U'), ('ట్లు', '|'), ('స', 'U'), ('బ్బం', 'U'), ('డు', '|'), ('సా', 'U'), ('రా', 'U'), ('లు', '|'), ('పూ', 'U'), ('రాం', 'U'), ('డ', '|'), ('ము', '|'), ('లు', '|'), ('సె', 'U'), ('ప్ప', '|'), ('గో', 'U'), ('రి', '|'), ('యిం', 'U'), ('టి', '|'), ('స', '|'), ('ర', '|'), ('వ', 'U'), ('య్య', '|'), ('బ', '|'), ('య', '|'), ('లీ', 'U'), ('దు', '|'), ('జ', '|'), ('మి', '|'), ('లి', '|'), ('క', '|'), ('తో', 'U'), ('బా', 'U'), ('డు', '|'), ('నం', 'U'), ('క', 'U'), ('మ్మ', '|'), ('పా', 'U'), ('ట', '|'), ('లె', 'U'), ('న్నై', 'U'), ('న', '|'), ('యిం', 'U'), ('టి', '|')]",1.0,-1.0,1.0,1.0,1.0,-1.0
teytageethi,"గాని సీ యెద్దుమాంసుల కయితకంబు | లందమనిపించు కాయల యందమండ్రు,
భూనుతవిలాస, పీఠికాపురనివాస, | కుముదహితకోటిసంకాశ, కుక్కుటేశ!",vupajaathi,Kukkuteswara,"[('గా', 'U'), ('ని', '|'), ('సీ', 'U'), ('యె', 'U'), ('ద్దు', '|'), ('మాం', 'U'), ('సు', '|'), ('ల', '|'), ('క', '|'), ('యి', '|'), ('త', '|'), ('కం', 'U'), ('బు', '|'), ('లం', 'U'), ('ద', '|'), ('మ', '|'), ('ని', '|'), ('పిం', 'U'), ('చు', '|'), ('కా', 'U'), ('య', '|'), ('ల', '|'), ('యం', 'U'), ('ద', '|'), ('మం', 'U'), ('డ్రు', '|'), ('భూ', 'U'), ('ను', '|'), ('త', '|'), ('వి', '|'), ('లా', 'U'), ('స', '|'), ('పీ', 'U'), ('ఠి', '|'), ('కా', 'U'), ('పు', '|'), ('ర', '|'), ('ని', '|'), ('వా', 'U'), ('స', '|'), ('కు', '|'), ('ము', '|'), ('ద', '|'), ('హి', '|'), ('త', '|'), ('కో', 'U'), ('టి', '|'), ('సం', 'U'), ('కా', 'U'), ('శ', '|'), ('కు', 'U'), ('క్కు', '|'), ('టే', 'U'), ('శ', '|')]",1.0,-1.0,1.0,1.0,1.0,-1.0
seesamu,"అబ్బబ్బ కిందటేఁ డప్పయ్య తీర్తాన | జోలెజంగము కిస్తి సోలెఁడుప్పు
సాతాని జియరయ్య సతికితే పోయిస్తి | కొల్లఁగా గుల్లెఁడు సల్లబొట్టు
లంక సత్తెలవాఁడు పొఁకాన పొగిడితే | మాలదాసరికిస్తి మానెఁడూద
వేదాలు వాగితే యెల్లుబొట్టయ్యకు | కొలకుండ దోసెఁడు కొఱ్ఱలిస్తి",vupajaathi,Kukkuteswara,"[('అ', 'U'), ('బ్బ', 'U'), ('బ్బ', '|'), ('కిం', 'U'), ('ద', '|'), ('టే', 'U'), ('డ', 'U'), ('ప్ప', 'U'), ('య్య', '|'), ('తీ', 'U'), ('ర్తా', 'U'), ('న', '|'), ('జో', 'U'), ('లె', '|'), ('జం', 'U'), ('గ', '|'), ('ము', '|'), ('కి', 'U'), ('స్తి', '|'), ('సో', 'U'), ('లె', '|'), ('డు', 'U'), ('ప్పు', '|'), ('సా', 'U'), ('తా', 'U'), ('ని', '|'), ('జి', '|'), ('య', '|'), ('ర', 'U'), ('య్య', '|'), ('స', '|'), ('తి', '|'), ('కి', '|'), ('తే', 'U'), ('పో', 'U'), ('యి', 'U'), ('స్తి', '|'), ('కొ', 'U'), ('ల్ల', '|'), ('గా', 'U'), ('గు', 'U'), ('ల్లె', '|'), ('డు', '|'), ('స', 'U'), ('ల్ల', '|'), ('బొ', 'U'), ('ట్టు', '|'), ('లం', 'U'), ('క', '|'), ('స', 'U'), ('త్తె', '|'), ('ల', '|'), ('వా', 'U'), ('డు', '|'), ('పొ', '|'), ('కా', 'U'), ('న', '|'), ('పొ', '|'), ('గి', '|'), ('డి', '|'), ('తే', 'U'), ('మా', 'U'), ('ల', '|'), ('దా', 'U'), ('స', '|'), ('రి', '|'), ('కి', 'U'), ('స్తి', '|'), ('మా', 'U'), ('నె', '|'), ('డూ', 'U'), ('ద', '|'), ('వే', 'U'), ('దా', 'U'), ('లు', '|'), ('వా', 'U'), ('గి', '|'), ('తే', 'U'), ('యె', 'U'), ('ల్లు', '|'), ('బొ', 'U'), ('ట్ట', 'U'), ('య్య', '|'), ('కు', '|'), ('కొ', '|'), ('ల', '|'), ('కుం', 'U'), ('డ', '|'), ('దో', 'U'), ('సె', '|'), ('డు', '|'), ('కొ', 'U'), ('ఱ్ఱ', '|'), ('లి', 'U'), ('స్తి', '|')]",0.71875,-1.0,1.0,0.78125,0.375,-1.0
teytageethi,"నౌర తమకన్న కూసుగాఁ డవల నింకఁ | గలఁడె యను మూర్ఖుఁ డిద్ధరఁ గామవైరి!
భూనుతవిలాస, పీఠికాపురనివాస, | కుముదహితకోటిసంకాశ, కుక్కుటేశ!",vupajaathi,Kukkuteswara,"[('నౌ', 'U'), ('ర', '|'), ('త', '|'), ('మ', '|'), ('క', 'U'), ('న్న', '|'), ('కూ', 'U'), ('సు', '|'), ('గా', 'U'), ('డ', '|'), ('వ', '|'), ('ల', '|'), ('నిం', 'U'), ('క', '|'), ('గ', '|'), ('ల', '|'), ('డె', '|'), ('య', '|'), ('ను', '|'), ('మూ', 'U'), ('ర్ఖు', '|'), ('డి', 'U'), ('ద్ధ', '|'), ('ర', '|'), ('గా', 'U'), ('మ', '|'), ('వై', 'U'), ('రి', '|'), ('భూ', 'U'), ('ను', '|'), ('త', '|'), ('వి', '|'), ('లా', 'U'), ('స', '|'), ('పీ', 'U'), ('ఠి', '|'), ('కా', 'U'), ('పు', '|'), ('ర', '|'), ('ని', '|'), ('వా', 'U'), ('స', '|'), ('కు', '|'), ('ము', '|'), ('ద', '|'), ('హి', '|'), ('త', '|'), ('కో', 'U'), ('టి', '|'), ('సం', 'U'), ('కా', 'U'), ('శ', '|'), ('కు', 'U'), ('క్కు', '|'), ('టే', 'U'), ('శ', '|')]",0.9166666666666666,-1.0,1.0,1.0,0.75,-1.0
seesamu,"ఆసనబేదంబు లనుకొంటి సేనియా- | డులు సాల రచ్చింపవలెనటంట
కైసవరుఁడనంట నాసారపుసుకుఁడ- | నంట యేధాంతుండనంట పెద్ద-
యెద్దు మారిసుఁడనంట సిద్దాంతుడనటంట | వాసి పేగుల నంటదోసినంట
సోమాదిగులనంట సామిపాకాలంట | సంతుకు తంబులు సతుకుకుంట",vupajaathi,Kukkuteswara,"[('ఆ', 'U'), ('స', '|'), ('న', '|'), ('బే', 'U'), ('దం', 'U'), ('బు', '|'), ('ల', '|'), ('ను', '|'), ('కొం', 'U'), ('టి', '|'), ('సే', 'U'), ('ని', '|'), ('యా', 'U'), ('డు', '|'), ('లు', '|'), ('సా', 'U'), ('ల', '|'), ('ర', 'U'), ('చ్చిం', 'U'), ('ప', '|'), ('వ', '|'), ('లె', '|'), ('న', '|'), ('టం', 'U'), ('ట', '|'), ('కై', 'U'), ('స', '|'), ('వ', '|'), ('రు', '|'), ('డ', '|'), ('నం', 'U'), ('ట', '|'), ('నా', 'U'), ('సా', 'U'), ('ర', '|'), ('పు', '|'), ('సు', '|'), ('కు', '|'), ('డ', '|'), ('నం', 'U'), ('ట', '|'), ('యే', 'U'), ('ధాం', 'U'), ('తుం', 'U'), ('డ', '|'), ('నం', 'U'), ('ట', '|'), ('పె', 'U'), ('ద్ద', '|'), ('యె', 'U'), ('ద్దు', '|'), ('మా', 'U'), ('రి', '|'), ('సు', '|'), ('డ', '|'), ('నం', 'U'), ('ట', '|'), ('సి', 'U'), ('ద్దాం', 'U'), ('తు', '|'), ('డ', '|'), ('న', '|'), ('టం', 'U'), ('ట', '|'), ('వా', 'U'), ('సి', '|'), ('పే', 'U'), ('గు', '|'), ('ల', '|'), ('నం', 'U'), ('ట', '|'), ('దో', 'U'), ('సి', '|'), ('నం', 'U'), ('ట', '|'), ('సో', 'U'), ('మా', 'U'), ('ది', '|'), ('గు', '|'), ('ల', '|'), ('నం', 'U'), ('ట', '|'), ('సా', 'U'), ('మి', '|'), ('పా', 'U'), ('కా', 'U'), ('లం', 'U'), ('ట', '|'), ('సం', 'U'), ('తు', '|'), ('కు', '|'), ('తం', 'U'), ('బు', '|'), ('లు', '|'), ('స', '|'), ('తు', '|'), ('కు', '|'), ('కుం', 'U'), ('ట', '|')]",0.90625,-1.0,1.0,0.96875,0.75,-1.0
teytageethi,"యెంటఁబట్టిరి యబ్బబ్బ యేమి సేతు | బాపనపిసాసు లనుచోట్ల బలుకఁ దరమె,
భూనుతవిలాస, పీఠికాపురనివాస, | కుముదహితకోటిసంకాశ, కుక్కుటేశ!",vupajaathi,Kukkuteswara,"[('యెం', 'U'), ('ట', '|'), ('బ', 'U'), ('ట్టి', '|'), ('రి', '|'), ('య', 'U'), ('బ్బ', 'U'), ('బ్బ', '|'), ('యే', 'U'), ('మి', '|'), ('సే', 'U'), ('తు', '|'), ('బా', 'U'), ('ప', '|'), ('న', '|'), ('పి', '|'), ('సా', 'U'), ('సు', '|'), ('ల', '|'), ('ను', '|'), ('చో', 'U'), ('ట్ల', '|'), ('బ', '|'), ('లు', '|'), ('క', '|'), ('ద', '|'), ('ర', '|'), ('మె', '|'), ('భూ', 'U'), ('ను', '|'), ('త', '|'), ('వి', '|'), ('లా', 'U'), ('స', '|'), ('పీ', 'U'), ('ఠి', '|'), ('కా', 'U'), ('పు', '|'), ('ర', '|'), ('ని', '|'), ('వా', 'U'), ('స', '|'), ('కు', '|'), ('ము', '|'), ('ద', '|'), ('హి', '|'), ('త', '|'), ('కో', 'U'), ('టి', '|'), ('సం', 'U'), ('కా', 'U'), ('శ', '|'), ('కు', 'U'), ('క్కు', '|'), ('టే', 'U'), ('శ', '|')]",1.0,-1.0,1.0,1.0,1.0,-1.0
seesamu,"మోట బొల్లెద్దుకు ముకుదాడు గట్టిన- | ట్టెద్దెరా మొగమెల్ల సుద్దపట్టె-
లద్దించుకొని వచ్చి అయగారు యేంచేసె | తడియాకుఁ గావలె తయ్యడాడు
బళ్ళంట ఆమీఁద పరపామదంట మం- | గలదాని బొందంట గనడమంట
ముత్తి గలుగునంట ముద్రదానము గమ్మ- | టంట దాసరికొయ్య యెంటఁబట్టి",vupajaathi,Kukkuteswara,"[('మో', 'U'), ('ట', '|'), ('బొ', 'U'), ('ల్లె', 'U'), ('ద్దు', '|'), ('కు', '|'), ('ము', '|'), ('కు', '|'), ('దా', 'U'), ('డు', '|'), ('గ', 'U'), ('ట్టి', '|'), ('న', 'U'), ('ట్టె', 'U'), ('ద్దె', '|'), ('రా', 'U'), ('మొ', '|'), ('గ', '|'), ('మె', 'U'), ('ల్ల', '|'), ('సు', 'U'), ('ద్ద', '|'), ('ప', 'U'), ('ట్టె', '|'), ('ల', 'U'), ('ద్దిం', 'U'), ('చు', '|'), ('కొ', '|'), ('ని', '|'), ('వ', 'U'), ('చ్చి', '|'), ('అ', '|'), ('య', '|'), ('గా', 'U'), ('రు', '|'), ('యేం', 'U'), ('చే', 'U'), ('సె', '|'), ('త', '|'), ('డి', '|'), ('యా', 'U'), ('కు', '|'), ('గా', 'U'), ('వ', '|'), ('లె', '|'), ('త', 'U'), ('య్య', '|'), ('డా', 'U'), ('డు', '|'), ('బ', 'U'), ('ళ్ళం', 'U'), ('ట', '|'), ('ఆ', 'U'), ('మీ', 'U'), ('ద', '|'), ('ప', '|'), ('ర', '|'), ('పా', 'U'), ('మ', '|'), ('దం', 'U'), ('ట', '|'), ('మం', 'U'), ('గ', '|'), ('ల', '|'), ('దా', 'U'), ('ని', '|'), ('బొం', 'U'), ('దం', 'U'), ('ట', '|'), ('గ', '|'), ('న', '|'), ('డ', '|'), ('మం', 'U'), ('ట', '|'), ('ము', 'U'), ('త్తి', '|'), ('గ', '|'), ('లు', '|'), ('గు', '|'), ('నం', 'U'), ('ట', '|'), ('ము', '|'), ('ద్ర', '|'), ('దా', 'U'), ('న', '|'), ('ము', '|'), ('గ', 'U'), ('మ్మ', '|'), ('టం', 'U'), ('ట', '|'), ('దా', 'U'), ('స', '|'), ('రి', '|'), ('కొ', 'U'), ('య్య', '|'), ('యెం', 'U'), ('ట', '|'), ('బ', 'U'), ('ట్టి', '|')]",0.9166666666666666,-1.0,1.0,0.875,0.875,-1.0
teytageethi,"పట్టిబుజములు గాలసబట్టెననెడు | చెనటుల తెఱంగు లేమని చెప్పనేర్తు
భూనుతవిలాస, పీఠికాపురనివాస, | కుముదహితకోటిసంకాశ, కుక్కుటేశ!",vupajaathi,Kukkuteswara,"[('ప', 'U'), ('ట్టి', '|'), ('బు', '|'), ('జ', '|'), ('ము', '|'), ('లు', '|'), ('గా', 'U'), ('ల', '|'), ('స', '|'), ('బ', 'U'), ('ట్టె', '|'), ('న', '|'), ('నె', '|'), ('డు', '|'), ('చె', '|'), ('న', '|'), ('టు', '|'), ('ల', '|'), ('తె', '|'), ('ఱం', 'U'), ('గు', '|'), ('లే', 'U'), ('మ', '|'), ('ని', '|'), ('చె', 'U'), ('ప్ప', '|'), ('నే', 'U'), ('ర్తు', '|'), ('భూ', 'U'), ('ను', '|'), ('త', '|'), ('వి', '|'), ('లా', 'U'), ('స', '|'), ('పీ', 'U'), ('ఠి', '|'), ('కా', 'U'), ('పు', '|'), ('ర', '|'), ('ని', '|'), ('వా', 'U'), ('స', '|'), ('కు', '|'), ('ము', '|'), ('ద', '|'), ('హి', '|'), ('త', '|'), ('కో', 'U'), ('టి', '|'), ('సం', 'U'), ('కా', 'U'), ('శ', '|'), ('కు', 'U'), ('క్కు', '|'), ('టే', 'U'), ('శ', '|')]",1.0,-1.0,1.0,1.0,1.0,-1.0
seesamu,"బోలెఁడు గందంబు బొమలదాఁకా మెత్తి | మెంటెఁ డీబూడిద ఒంట బామి
రుదురాకపేర్లు జన్నిదములు మోఁకాలి | లాపున దిగయేసి యావుపాస-
నానికి నేతిదారైనను దెమ్మంట | దాఁ బల్కునెడ నమేద్యాలటంట
పచ్చాలు మాలయ్యపచ్చాలుననుకొంట | సంకలో కబ్బాలు సప్పుకొంట",vupajaathi,Kukkuteswara,"[('బో', 'U'), ('లె', '|'), ('డు', '|'), ('గం', 'U'), ('దం', 'U'), ('బు', '|'), ('బొ', '|'), ('మ', '|'), ('ల', '|'), ('దా', 'U'), ('కా', 'U'), ('మె', 'U'), ('త్తి', '|'), ('మెం', 'U'), ('టె', '|'), ('డీ', 'U'), ('బూ', 'U'), ('డి', '|'), ('ద', '|'), ('ఒం', 'U'), ('ట', '|'), ('బా', 'U'), ('మి', '|'), ('రు', '|'), ('దు', '|'), ('రా', 'U'), ('క', '|'), ('పే', 'U'), ('ర్లు', '|'), ('జ', 'U'), ('న్ని', '|'), ('ద', '|'), ('ము', '|'), ('లు', '|'), ('మో', 'U'), ('కా', 'U'), ('లి', '|'), ('లా', 'U'), ('పు', '|'), ('న', '|'), ('ది', '|'), ('గ', '|'), ('యే', 'U'), ('సి', '|'), ('యా', 'U'), ('వు', '|'), ('పా', 'U'), ('స', '|'), ('నా', 'U'), ('ని', '|'), ('కి', '|'), ('నే', 'U'), ('తి', '|'), ('దా', 'U'), ('రై', 'U'), ('న', '|'), ('ను', '|'), ('దె', 'U'), ('మ్మం', 'U'), ('ట', '|'), ('దా', 'U'), ('బ', 'U'), ('ల్కు', '|'), ('నె', '|'), ('డ', '|'), ('న', '|'), ('మే', 'U'), ('ద్యా', 'U'), ('ల', '|'), ('టం', 'U'), ('ట', '|'), ('ప', 'U'), ('చ్చా', 'U'), ('లు', '|'), ('మా', 'U'), ('ల', 'U'), ('య్య', '|'), ('ప', 'U'), ('చ్చా', 'U'), ('లు', '|'), ('న', '|'), ('ను', '|'), ('కొం', 'U'), ('ట', '|'), ('సం', 'U'), ('క', '|'), ('లో', 'U'), ('క', 'U'), ('బ్బా', 'U'), ('లు', '|'), ('స', 'U'), ('ప్పు', '|'), ('కొం', 'U'), ('ట', '|')]",0.9583333333333334,-1.0,1.0,1.0,0.875,-1.0
teytageethi,"సెడుగుబాపఁడు నాబంటుకొడు కబ్బబ్బ | యెంటఁబడె నను మూర్ఖుల నెన్నదరమె
భూనుతవిలాస, పీఠికాపురనివాస, | కుముదహితకోటిసంకాశ, కుక్కుటేశ!",vupajaathi,Kukkuteswara,"[('సె', '|'), ('డు', '|'), ('గు', '|'), ('బా', 'U'), ('ప', '|'), ('డు', '|'), ('నా', 'U'), ('బం', 'U'), ('టు', '|'), ('కొ', '|'), ('డు', '|'), ('క', 'U'), ('బ్బ', 'U'), ('బ్బ', '|'), ('యెం', 'U'), ('ట', '|'), ('బ', '|'), ('డె', '|'), ('న', '|'), ('ను', '|'), ('మూ', 'U'), ('ర్ఖు', '|'), ('ల', '|'), ('నె', 'U'), ('న్న', '|'), ('ద', '|'), ('ర', '|'), ('మె', '|'), ('భూ', 'U'), ('ను', '|'), ('త', '|'), ('వి', '|'), ('లా', 'U'), ('స', '|'), ('పీ', 'U'), ('ఠి', '|'), ('కా', 'U'), ('పు', '|'), ('ర', '|'), ('ని', '|'), ('వా', 'U'), ('స', '|'), ('కు', '|'), ('ము', '|'), ('ద', '|'), ('హి', '|'), ('త', '|'), ('కో', 'U'), ('టి', '|'), ('సం', 'U'), ('కా', 'U'), ('శ', '|'), ('కు', 'U'), ('క్కు', '|'), ('టే', 'U'), ('శ', '|')]",0.9,-1.0,1.0,0.95,0.75,-1.0
seesamu,"బట్టయ్యగాళ్ళంట బబ్బాయువంటను | బొజ్జయుంబనుకొంట బోజనాలు
గావలెనంట తేగాలు దెమ్మనుకొంట | సేరి బూసుండాలు సేసుకొంట
యెల్లనికొడుకంట మల్లనికొడుకంట | పోయిన పెతరుల పొగుడుకొంట
కలయిర్పులెట్టి తొందరగాఁగ దండకాల్ | సతకాలు సోకాలు సతుకుకొంట",vupajaathi,Kukkuteswara,"[('బ', 'U'), ('ట్ట', 'U'), ('య్య', '|'), ('గా', 'U'), ('ళ్ళం', 'U'), ('ట', '|'), ('బ', 'U'), ('బ్బా', 'U'), ('యు', '|'), ('వం', 'U'), ('ట', '|'), ('ను', '|'), ('బొ', 'U'), ('జ్జ', '|'), ('యుం', 'U'), ('బ', '|'), ('ను', '|'), ('కొం', 'U'), ('ట', '|'), ('బో', 'U'), ('జ', '|'), ('నా', 'U'), ('లు', '|'), ('గా', 'U'), ('వ', '|'), ('లె', '|'), ('నం', 'U'), ('ట', '|'), ('తే', 'U'), ('గా', 'U'), ('లు', '|'), ('దె', 'U'), ('మ్మ', '|'), ('ను', '|'), ('కొం', 'U'), ('ట', '|'), ('సే', 'U'), ('రి', '|'), ('బూ', 'U'), ('సుం', 'U'), ('డా', 'U'), ('లు', '|'), ('సే', 'U'), ('సు', '|'), ('కొం', 'U'), ('ట', '|'), ('యె', 'U'), ('ల్ల', '|'), ('ని', '|'), ('కొ', '|'), ('డు', '|'), ('కం', 'U'), ('ట', '|'), ('మ', 'U'), ('ల్ల', '|'), ('ని', '|'), ('కొ', '|'), ('డు', '|'), ('కం', 'U'), ('ట', '|'), ('పో', 'U'), ('యి', '|'), ('న', '|'), ('పె', '|'), ('త', '|'), ('రు', '|'), ('ల', '|'), ('పొ', '|'), ('గు', '|'), ('డు', '|'), ('కొం', 'U'), ('ట', '|'), ('క', '|'), ('ల', '|'), ('యి', 'U'), ('ర్పు', '|'), ('లె', 'U'), ('ట్టి', '|'), ('తొం', 'U'), ('ద', '|'), ('ర', '|'), ('గా', 'U'), ('గ', '|'), ('దం', 'U'), ('డ', '|'), ('కా', 'U'), ('ల్స', '|'), ('త', '|'), ('కా', 'U'), ('లు', '|'), ('సో', 'U'), ('కా', 'U'), ('లు', '|'), ('స', '|'), ('తు', '|'), ('కు', '|'), ('కొం', 'U'), ('ట', '|')]",0.9583333333333334,-1.0,1.0,1.0,0.875,-1.0
teytageethi,"ఎంటఁ బట్టిరి గదరబ్బ యనెడు మూఢ | కష్టచిత్తుల కిఁక మఱెక్కడి యశంబు,
భూనుతవిలాస, పీఠికాపురనివాస, | కుముదహితకోటిసంకాశ, కుక్కుటేశ!",vupajaathi,Kukkuteswara,"[('ఎం', 'U'), ('ట', '|'), ('బ', 'U'), ('ట్టి', '|'), ('రి', '|'), ('గ', '|'), ('ద', '|'), ('ర', 'U'), ('బ్బ', '|'), ('య', '|'), ('నె', '|'), ('డు', '|'), ('మూ', 'U'), ('ఢ', '|'), ('క', 'U'), ('ష్ట', '|'), ('చి', 'U'), ('త్తు', '|'), ('ల', '|'), ('కి', '|'), ('క', '|'), ('మ', '|'), ('ఱె', 'U'), ('క్క', '|'), ('డి', '|'), ('య', '|'), ('శం', 'U'), ('బు', '|'), ('భూ', 'U'), ('ను', '|'), ('త', '|'), ('వి', '|'), ('లా', 'U'), ('స', '|'), ('పీ', 'U'), ('ఠి', '|'), ('కా', 'U'), ('పు', '|'), ('ర', '|'), ('ని', '|'), ('వా', 'U'), ('స', '|'), ('కు', '|'), ('ము', '|'), ('ద', '|'), ('హి', '|'), ('త', '|'), ('కో', 'U'), ('టి', '|'), ('సం', 'U'), ('కా', 'U'), ('శ', '|'), ('కు', 'U'), ('క్కు', '|'), ('టే', 'U'), ('శ', '|')]",1.0,-1.0,1.0,1.0,1.0,-1.0
seesamu,"పాతపొత్తపుకట్ట సేత పట్టుకవచ్చి | దోసిబాపఁడనంట దోసిలొట్టి
జలము సంద్రుఁడటంట సని సాలదనుకొంట | సెడుగు వాసారులు సెప్పుకుంట
తిండికిఁ దెమ్మంట దేయిరింపుచు తూపె- | తూపెకు సేతులు సాపు గాని
మఱఁదలెన్నఁడు పెదమనిసైనదంటేను | తప్పక మూత్రంబె సెప్పలేఁడు",vupajaathi,Kukkuteswara,"[('పా', 'U'), ('త', '|'), ('పొ', 'U'), ('త్త', '|'), ('పు', '|'), ('క', 'U'), ('ట్ట', '|'), ('సే', 'U'), ('త', '|'), ('ప', 'U'), ('ట్టు', '|'), ('క', '|'), ('వ', 'U'), ('చ్చి', '|'), ('దో', 'U'), ('సి', '|'), ('బా', 'U'), ('ప', '|'), ('డ', '|'), ('నం', 'U'), ('ట', '|'), ('దో', 'U'), ('సి', '|'), ('లొ', 'U'), ('ట్టి', '|'), ('జ', '|'), ('ల', '|'), ('ము', '|'), ('సం', 'U'), ('ద్రు', '|'), ('డ', '|'), ('టం', 'U'), ('ట', '|'), ('స', '|'), ('ని', '|'), ('సా', 'U'), ('ల', '|'), ('ద', '|'), ('ను', '|'), ('కొం', 'U'), ('ట', '|'), ('సె', '|'), ('డు', '|'), ('గు', '|'), ('వా', 'U'), ('సా', 'U'), ('రు', '|'), ('లు', '|'), ('సె', 'U'), ('ప్పు', '|'), ('కుం', 'U'), ('ట', '|'), ('తిం', 'U'), ('డి', '|'), ('కి', '|'), ('దె', 'U'), ('మ్మం', 'U'), ('ట', '|'), ('దే', 'U'), ('యి', '|'), ('రిం', 'U'), ('పు', '|'), ('చు', '|'), ('తూ', 'U'), ('పె', '|'), ('తూ', 'U'), ('పె', '|'), ('కు', '|'), ('సే', 'U'), ('తు', '|'), ('లు', '|'), ('సా', 'U'), ('పు', '|'), ('గా', 'U'), ('ని', '|'), ('మ', '|'), ('ఱ', '|'), ('ద', '|'), ('లె', 'U'), ('న్న', '|'), ('డు', '|'), ('పె', '|'), ('ద', '|'), ('మ', '|'), ('ని', '|'), ('సై', 'U'), ('న', '|'), ('దం', 'U'), ('టే', 'U'), ('ను', '|'), ('త', 'U'), ('ప్ప', '|'), ('క', '|'), ('మూ', 'U'), ('త్రం', 'U'), ('బె', '|'), ('సె', 'U'), ('ప్ప', '|'), ('లే', 'U'), ('డు', '|')]",1.0,-1.0,1.0,1.0,1.0,-1.0
teytageethi,"సీ యితనికంటె సాకలిసెల్లిగాఁడు | మేలనెడు మోటకొయ్యల నేల దెలుప,
భూనుతవిలాస, పీఠికాపురనివాస, | కుముదహితకోటిసంకాశ, కుక్కుటేశ!",vupajaathi,Kukkuteswara,"[('సీ', 'U'), ('యి', '|'), ('త', '|'), ('ని', '|'), ('కం', 'U'), ('టె', '|'), ('సా', 'U'), ('క', '|'), ('లి', '|'), ('సె', 'U'), ('ల్లి', '|'), ('గా', 'U'), ('డు', '|'), ('మే', 'U'), ('ల', '|'), ('నె', '|'), ('డు', '|'), ('మో', 'U'), ('ట', '|'), ('కొ', 'U'), ('య్య', '|'), ('ల', '|'), ('నే', 'U'), ('ల', '|'), ('దె', '|'), ('లు', '|'), ('ప', '|'), ('భూ', 'U'), ('ను', '|'), ('త', '|'), ('వి', '|'), ('లా', 'U'), ('స', '|'), ('పీ', 'U'), ('ఠి', '|'), ('కా', 'U'), ('పు', '|'), ('ర', '|'), ('ని', '|'), ('వా', 'U'), ('స', '|'), ('కు', '|'), ('ము', '|'), ('ద', '|'), ('హి', '|'), ('త', '|'), ('కో', 'U'), ('టి', '|'), ('సం', 'U'), ('కా', 'U'), ('శ', '|'), ('కు', 'U'), ('క్కు', '|'), ('టే', 'U'), ('శ', '|')]",1.0,-1.0,1.0,1.0,1.0,-1.0
seesamu,"కరణాలటంటను కైలకట్టల యిప్పి | పాతికలంటను పరిగలంట
కాన్లంట గీన్లంట కలయి లేనియి కొన్ని | సెల్లులు బాకీలు సెప్పుకొంట
బిరబిర గంటాలు గిరగిర దిప్పుతా | నాకులన్నియు నెడ గోఁకుకుంట
యెగరాసి దిగరాసి సగమేసి యెగదొబ్బి | కొంపలు పడదోసి సంపుతారు",vupajaathi,Kukkuteswara,"[('క', '|'), ('ర', '|'), ('ణా', 'U'), ('ల', '|'), ('టం', 'U'), ('ట', '|'), ('ను', '|'), ('కై', 'U'), ('ల', '|'), ('క', 'U'), ('ట్ట', '|'), ('ల', '|'), ('యి', 'U'), ('ప్పి', '|'), ('పా', 'U'), ('తి', '|'), ('క', '|'), ('లం', 'U'), ('ట', '|'), ('ను', '|'), ('ప', '|'), ('రి', '|'), ('గ', '|'), ('లం', 'U'), ('ట', '|'), ('కా', 'U'), ('న్లం', 'U'), ('ట', '|'), ('గీ', 'U'), ('న్లం', 'U'), ('ట', '|'), ('క', '|'), ('ల', '|'), ('యి', '|'), ('లే', 'U'), ('ని', '|'), ('యి', '|'), ('కొ', 'U'), ('న్ని', '|'), ('సె', 'U'), ('ల్లు', '|'), ('లు', '|'), ('బా', 'U'), ('కీ', 'U'), ('లు', '|'), ('సె', 'U'), ('ప్పు', '|'), ('కొం', 'U'), ('ట', '|'), ('బి', '|'), ('ర', '|'), ('బి', '|'), ('ర', '|'), ('గం', 'U'), ('టా', 'U'), ('లు', '|'), ('గి', '|'), ('ర', '|'), ('గి', '|'), ('ర', '|'), ('ది', 'U'), ('ప్పు', '|'), ('తా', 'U'), ('నా', 'U'), ('కు', '|'), ('ల', 'U'), ('న్ని', '|'), ('యు', '|'), ('నె', '|'), ('డ', '|'), ('గో', 'U'), ('కు', '|'), ('కుం', 'U'), ('ట', '|'), ('యె', '|'), ('గ', '|'), ('రా', 'U'), ('సి', '|'), ('ది', '|'), ('గ', '|'), ('రా', 'U'), ('సి', '|'), ('స', '|'), ('గ', '|'), ('మే', 'U'), ('సి', '|'), ('యె', '|'), ('గ', '|'), ('దొ', 'U'), ('బ్బి', '|'), ('కొం', 'U'), ('ప', '|'), ('లు', '|'), ('ప', '|'), ('డ', '|'), ('దో', 'U'), ('సి', '|'), ('సం', 'U'), ('పు', '|'), ('తా', 'U'), ('రు', '|')]",1.0,-1.0,1.0,1.0,1.0,-1.0
teytageethi,"దయ్యమా కాయకసరైన దక్కనియ్య- | రేమి సేయుదు మను మోటులిలను గలరు
భూనుతవిలాస, పీఠికాపురనివాస, | కుముదహితకోటిసంకాశ, కుక్కుటేశ!",vupajaathi,Kukkuteswara,"[('ద', 'U'), ('య్య', '|'), ('మా', 'U'), ('కా', 'U'), ('య', '|'), ('క', '|'), ('స', '|'), ('రై', 'U'), ('న', '|'), ('ద', 'U'), ('క్క', '|'), ('ని', 'U'), ('య్య', '|'), ('రే', 'U'), ('మి', '|'), ('సే', 'U'), ('యు', '|'), ('దు', '|'), ('మ', '|'), ('ను', '|'), ('మో', 'U'), ('టు', '|'), ('లి', '|'), ('ల', '|'), ('ను', '|'), ('గ', '|'), ('ల', '|'), ('రు', '|'), ('భూ', 'U'), ('ను', '|'), ('త', '|'), ('వి', '|'), ('లా', 'U'), ('స', '|'), ('పీ', 'U'), ('ఠి', '|'), ('కా', 'U'), ('పు', '|'), ('ర', '|'), ('ని', '|'), ('వా', 'U'), ('స', '|'), ('కు', '|'), ('ము', '|'), ('ద', '|'), ('హి', '|'), ('త', '|'), ('కో', 'U'), ('టి', '|'), ('సం', 'U'), ('కా', 'U'), ('శ', '|'), ('కు', 'U'), ('క్కు', '|'), ('టే', 'U'), ('శ', '|')]",0.9166666666666666,-1.0,1.0,1.0,0.75,-1.0
seesamu,"యెద్దుమందను గూర్చి యెగసాయమిడితేను | తుది నది యధికారి దోసుకొనియె
దాపుదప్పులకంట దర్మకర్చులకంట | కాసువీసము లాగె కరణపయ్య
సల్లమ్మి పవకమ్మి సిల్లర దాసితే | కోమటి నాబంటుకొడుకు దొబ్బె
కళ్ళము కంకులు గాలిఁ బట్టగఁ బోతె | బట్టుబాపనవోళ్ళు బతగనీయ-",vupajaathi,Kukkuteswara,"[('యె', 'U'), ('ద్దు', '|'), ('మం', 'U'), ('ద', '|'), ('ను', '|'), ('గూ', 'U'), ('ర్చి', '|'), ('యె', '|'), ('గ', '|'), ('సా', 'U'), ('య', '|'), ('మి', '|'), ('డి', '|'), ('తే', 'U'), ('ను', '|'), ('తు', '|'), ('ది', '|'), ('న', '|'), ('ది', '|'), ('య', '|'), ('ధి', '|'), ('కా', 'U'), ('రి', '|'), ('దో', 'U'), ('సు', '|'), ('కొ', '|'), ('ని', '|'), ('యె', '|'), ('దా', 'U'), ('పు', '|'), ('ద', 'U'), ('ప్పు', '|'), ('ల', '|'), ('కం', 'U'), ('ట', '|'), ('ద', 'U'), ('ర్మ', '|'), ('క', 'U'), ('ర్చు', '|'), ('ల', '|'), ('కం', 'U'), ('ట', '|'), ('కా', 'U'), ('సు', '|'), ('వీ', 'U'), ('స', '|'), ('ము', '|'), ('లా', 'U'), ('గె', '|'), ('క', '|'), ('ర', '|'), ('ణ', '|'), ('ప', 'U'), ('య్య', '|'), ('స', 'U'), ('ల్ల', 'U'), ('మ్మి', '|'), ('ప', '|'), ('వ', '|'), ('క', 'U'), ('మ్మి', '|'), ('సి', 'U'), ('ల్ల', '|'), ('ర', '|'), ('దా', 'U'), ('సి', '|'), ('తే', 'U'), ('కో', 'U'), ('మ', '|'), ('టి', '|'), ('నా', 'U'), ('బం', 'U'), ('టు', '|'), ('కొ', '|'), ('డు', '|'), ('కు', '|'), ('దొ', 'U'), ('బ్బె', '|'), ('క', 'U'), ('ళ్ళ', '|'), ('ము', '|'), ('కం', 'U'), ('కు', '|'), ('లు', '|'), ('గా', 'U'), ('లి', '|'), ('బ', 'U'), ('ట్ట', '|'), ('గ', '|'), ('బో', 'U'), ('తె', '|'), ('బ', 'U'), ('ట్టు', '|'), ('బా', 'U'), ('ప', '|'), ('న', '|'), ('వో', 'U'), ('ళ్ళు', '|'), ('బ', '|'), ('త', '|'), ('గ', '|'), ('నీ', 'U'), ('య', '|')]",1.0,-1.0,1.0,1.0,1.0,-1.0
teytageethi,"రహహ దందర మిటులయ్యె ననెడి మోటుఁ | బెద్దదొక్కుడుగాళ్ళఁ జెప్పెడిదిఁకేమి,
భూనుతవిలాస, పీఠికాపురనివాస, | కుముదహితకోటిసంకాశ, కుక్కుటేశ!",vupajaathi,Kukkuteswara,"[('ర', '|'), ('హ', '|'), ('హ', '|'), ('దం', 'U'), ('ద', '|'), ('ర', '|'), ('మి', '|'), ('టు', '|'), ('ల', 'U'), ('య్యె', '|'), ('న', '|'), ('నె', '|'), ('డి', '|'), ('మో', 'U'), ('టు', '|'), ('బె', 'U'), ('ద్ద', '|'), ('దొ', 'U'), ('క్కు', '|'), ('డు', '|'), ('గా', 'U'), ('ళ్ళ', '|'), ('జె', 'U'), ('ప్పె', '|'), ('డి', '|'), ('ది', '|'), ('కే', 'U'), ('మి', '|'), ('భూ', 'U'), ('ను', '|'), ('త', '|'), ('వి', '|'), ('లా', 'U'), ('స', '|'), ('పీ', 'U'), ('ఠి', '|'), ('కా', 'U'), ('పు', '|'), ('ర', '|'), ('ని', '|'), ('వా', 'U'), ('స', '|'), ('కు', '|'), ('ము', '|'), ('ద', '|'), ('హి', '|'), ('త', '|'), ('కో', 'U'), ('టి', '|'), ('సం', 'U'), ('కా', 'U'), ('శ', '|'), ('కు', 'U'), ('క్కు', '|'), ('టే', 'U'), ('శ', '|')]",0.9166666666666666,-1.0,1.0,1.0,0.75,-1.0
seesamu,"కాకంబునకు రత్నఖచితపంజరమేల | పందికి ముత్యాలపందిరేల
యీపిటీఁగకు మేటి తీపుఁదేనియ యేల | శ్వానంబునకుఁ బట్టుజాలరేల
మహిషంబునకు మృగమదవిలేపనమేల | కోతికి బంగారుగొలుసులేల
గర్దభంబునకు బంగారుపల్లంబేల | షండున కందమౌ జాణ యేల",vupajaathi,Kukkuteswara,"[('కా', 'U'), ('కం', 'U'), ('బు', '|'), ('న', '|'), ('కు', '|'), ('ర', 'U'), ('త్న', '|'), ('ఖ', '|'), ('చి', '|'), ('త', '|'), ('పం', 'U'), ('జ', '|'), ('ర', '|'), ('మే', 'U'), ('ల', '|'), ('పం', 'U'), ('ది', '|'), ('కి', '|'), ('ము', 'U'), ('త్యా', 'U'), ('ల', '|'), ('పం', 'U'), ('ది', '|'), ('రే', 'U'), ('ల', '|'), ('యీ', 'U'), ('పి', '|'), ('టీ', 'U'), ('గ', '|'), ('కు', '|'), ('మే', 'U'), ('టి', '|'), ('తీ', 'U'), ('పు', '|'), ('దే', 'U'), ('ని', '|'), ('య', '|'), ('యే', 'U'), ('ల', 'U'), ('శ్వా', 'U'), ('నం', 'U'), ('బు', '|'), ('న', '|'), ('కు', '|'), ('బ', 'U'), ('ట్టు', '|'), ('జా', 'U'), ('ల', '|'), ('రే', 'U'), ('ల', '|'), ('మ', '|'), ('హి', '|'), ('షం', 'U'), ('బు', '|'), ('న', '|'), ('కు', '|'), ('మృ', '|'), ('గ', '|'), ('మ', '|'), ('ద', '|'), ('వి', '|'), ('లే', 'U'), ('ప', '|'), ('న', '|'), ('మే', 'U'), ('ల', '|'), ('కో', 'U'), ('తి', '|'), ('కి', '|'), ('బం', 'U'), ('గా', 'U'), ('రు', '|'), ('గొ', '|'), ('లు', '|'), ('సు', '|'), ('లే', 'U'), ('ల', '|'), ('గ', 'U'), ('ర్ద', '|'), ('భం', 'U'), ('బు', '|'), ('న', '|'), ('కు', '|'), ('బం', 'U'), ('గా', 'U'), ('రు', '|'), ('ప', 'U'), ('ల్లం', 'U'), ('బే', 'U'), ('ల', '|'), ('షం', 'U'), ('డు', '|'), ('న', '|'), ('కం', 'U'), ('ద', '|'), ('మౌ', 'U'), ('జా', 'U'), ('ణ', '|'), ('యే', 'U'), ('ల', '|')]",0.9895833333333334,-1.0,1.0,0.96875,1.0,-1.0
teytageethi,"పరమలోభికి నృపసభాప్రథితమహిమ- | సుకవికృతభవ్యకావ్యవిస్ఫురణ యేల
భూనుతవిలాస, పీఠికాపురనివాస, | కుముదహితకోటిసంకాశ, కుక్కుటేశ!",vupajaathi,Kukkuteswara,"[('ప', '|'), ('ర', '|'), ('మ', '|'), ('లో', 'U'), ('భి', '|'), ('కి', '|'), ('నృ', '|'), ('ప', '|'), ('స', '|'), ('భా', 'U'), ('ప్ర', '|'), ('థి', '|'), ('త', '|'), ('మ', '|'), ('హి', '|'), ('మ', '|'), ('సు', '|'), ('క', '|'), ('వి', '|'), ('కృ', '|'), ('త', '|'), ('భ', 'U'), ('వ్య', '|'), ('కా', 'U'), ('వ్య', '|'), ('వి', 'U'), ('స్ఫు', '|'), ('ర', '|'), ('ణ', '|'), ('యే', 'U'), ('ల', '|'), ('భూ', 'U'), ('ను', '|'), ('త', '|'), ('వి', '|'), ('లా', 'U'), ('స', '|'), ('పీ', 'U'), ('ఠి', '|'), ('కా', 'U'), ('పు', '|'), ('ర', '|'), ('ని', '|'), ('వా', 'U'), ('స', '|'), ('కు', '|'), ('ము', '|'), ('ద', '|'), ('హి', '|'), ('త', '|'), ('కో', 'U'), ('టి', '|'), ('సం', 'U'), ('కా', 'U'), ('శ', '|'), ('కు', 'U'), ('క్కు', '|'), ('టే', 'U'), ('శ', '|')]",1.0,-1.0,1.0,1.0,1.0,-1.0
seesamu,"పొడవైన కారెనుబోఁతుఁ గన్గొని తేంట్లు | మదగజేంద్రంబని పొదవునట్లు
దళమైన యెండమావులు సూచి నీళ్ళని | చెలఁగి జింకలు దాడిసేయునట్లు
వలయు దవాగ్నిధూమముఁ గాంచి మొగులని | చాతకంబులు డాయఁ జనినయట్లు
బూరుగచెట్టుపైఁ బూవులుండుట చూచి | చిలుకలు ఫలముకై చేరినట్లు",vupajaathi,Kukkuteswara,"[('పొ', '|'), ('డ', '|'), ('వై', 'U'), ('న', '|'), ('కా', 'U'), ('రె', '|'), ('ను', '|'), ('బో', 'U'), ('తు', '|'), ('గ', 'U'), ('న్గొ', '|'), ('ని', '|'), ('తేం', 'U'), ('ట్లు', '|'), ('మ', '|'), ('ద', '|'), ('గ', '|'), ('జేం', 'U'), ('ద్రం', 'U'), ('బ', '|'), ('ని', '|'), ('పొ', '|'), ('ద', '|'), ('వు', '|'), ('న', 'U'), ('ట్లు', '|'), ('ద', '|'), ('ళ', '|'), ('మై', 'U'), ('న', '|'), ('యెం', 'U'), ('డ', '|'), ('మా', 'U'), ('వు', '|'), ('లు', '|'), ('సూ', 'U'), ('చి', '|'), ('నీ', 'U'), ('ళ్ళ', '|'), ('ని', '|'), ('చె', '|'), ('ల', '|'), ('గి', '|'), ('జిం', 'U'), ('క', '|'), ('లు', '|'), ('దా', 'U'), ('డి', '|'), ('సే', 'U'), ('యు', '|'), ('న', 'U'), ('ట్లు', '|'), ('వ', '|'), ('ల', '|'), ('యు', '|'), ('ద', '|'), ('వా', 'U'), ('గ్ని', '|'), ('ధూ', 'U'), ('మ', '|'), ('ము', '|'), ('గాం', 'U'), ('చి', '|'), ('మొ', '|'), ('గు', '|'), ('ల', '|'), ('ని', '|'), ('చా', 'U'), ('త', '|'), ('కం', 'U'), ('బు', '|'), ('లు', '|'), ('డా', 'U'), ('య', '|'), ('జ', '|'), ('ని', '|'), ('న', '|'), ('య', 'U'), ('ట్లు', '|'), ('బూ', 'U'), ('రు', '|'), ('గ', '|'), ('చె', 'U'), ('ట్టు', '|'), ('పై', 'U'), ('బూ', 'U'), ('వు', '|'), ('లుం', 'U'), ('డు', '|'), ('ట', '|'), ('చూ', 'U'), ('చి', '|'), ('చి', '|'), ('లు', '|'), ('క', '|'), ('లు', '|'), ('ఫ', '|'), ('ల', '|'), ('ము', '|'), ('కై', 'U'), ('చే', 'U'), ('రి', '|'), ('న', 'U'), ('ట్లు', '|')]",0.9166666666666666,-1.0,1.0,1.0,0.75,-1.0
teytageethi,"ధరణి నధముల దాంభికత్వములు చూచి | చేరి యాచింపఁ దలతురు సూరిజనులు
భూనుతవిలాస, పీఠికాపురనివాస, | కుముదహితకోటిసంకాశ, కుక్కుటేశ!",vupajaathi,Kukkuteswara,"[('ధ', '|'), ('ర', '|'), ('ణి', '|'), ('న', '|'), ('ధ', '|'), ('ము', '|'), ('ల', '|'), ('దాం', 'U'), ('భి', '|'), ('క', 'U'), ('త్వ', '|'), ('ము', '|'), ('లు', '|'), ('చూ', 'U'), ('చి', '|'), ('చే', 'U'), ('రి', '|'), ('యా', 'U'), ('చిం', 'U'), ('ప', '|'), ('ద', '|'), ('ల', '|'), ('తు', '|'), ('రు', '|'), ('సూ', 'U'), ('రి', '|'), ('జ', '|'), ('ను', '|'), ('లు', '|'), ('భూ', 'U'), ('ను', '|'), ('త', '|'), ('వి', '|'), ('లా', 'U'), ('స', '|'), ('పీ', 'U'), ('ఠి', '|'), ('కా', 'U'), ('పు', '|'), ('ర', '|'), ('ని', '|'), ('వా', 'U'), ('స', '|'), ('కు', '|'), ('ము', '|'), ('ద', '|'), ('హి', '|'), ('త', '|'), ('కో', 'U'), ('టి', '|'), ('సం', 'U'), ('కా', 'U'), ('శ', '|'), ('కు', 'U'), ('క్కు', '|'), ('టే', 'U'), ('శ', '|')]",1.0,-1.0,1.0,1.0,1.0,-1.0
seesamu,"ఇల జొన్నఁ బడు గ్రుడ్డియెద్దు చాడ్పున మృదు- | పదగతు లరయక పరుపుకొనుచుఁ
బెనకున నోడిన పిఱికిబంటును బోలె | వడి లేక ప్రాసంబు విడిచివైచి
సారెఁ గొక్కెర రీతి జడధుల నెరసుల | నెమకుచు మిగులభంగములఁ దోఁగి
పెంటలపైఁ బొరల్వెట్టు రాసభమట్లు | పలుమఱు నపశబ్దమునె పలుకుచు",vupajaathi,Kukkuteswara,"[('ఇ', '|'), ('ల', '|'), ('జొ', 'U'), ('న్న', '|'), ('బ', '|'), ('డు', '|'), ('గ్రు', 'U'), ('డ్డి', '|'), ('యె', 'U'), ('ద్దు', '|'), ('చా', 'U'), ('డ్పు', '|'), ('న', '|'), ('మృ', '|'), ('దు', '|'), ('ప', '|'), ('ద', '|'), ('గ', '|'), ('తు', '|'), ('ల', '|'), ('ర', '|'), ('య', '|'), ('క', '|'), ('ప', '|'), ('రు', '|'), ('పు', '|'), ('కొ', '|'), ('ను', '|'), ('చు', '|'), ('బె', '|'), ('న', '|'), ('కు', '|'), ('న', '|'), ('నో', 'U'), ('డి', '|'), ('న', '|'), ('పి', '|'), ('ఱి', '|'), ('కి', '|'), ('బం', 'U'), ('టు', '|'), ('ను', '|'), ('బో', 'U'), ('లె', '|'), ('వ', '|'), ('డి', '|'), ('లే', 'U'), ('క', '|'), ('ప్రా', 'U'), ('సం', 'U'), ('బు', '|'), ('వి', '|'), ('డి', '|'), ('చి', '|'), ('వై', 'U'), ('చి', '|'), ('సా', 'U'), ('రె', '|'), ('గొ', 'U'), ('క్కె', '|'), ('ర', '|'), ('రీ', 'U'), ('తి', '|'), ('జ', '|'), ('డ', '|'), ('ధు', '|'), ('ల', '|'), ('నె', '|'), ('ర', '|'), ('సు', '|'), ('ల', '|'), ('నె', '|'), ('మ', '|'), ('కు', '|'), ('చు', '|'), ('మి', '|'), ('గు', '|'), ('ల', '|'), ('భం', 'U'), ('గ', '|'), ('ము', '|'), ('ల', '|'), ('దో', 'U'), ('గి', '|'), ('పెం', 'U'), ('ట', '|'), ('ల', '|'), ('పై', 'U'), ('బొ', '|'), ('ర', 'U'), ('ల్వె', 'U'), ('ట్టు', '|'), ('రా', 'U'), ('స', '|'), ('భ', '|'), ('మ', 'U'), ('ట్లు', '|'), ('ప', '|'), ('లు', '|'), ('మ', '|'), ('ఱు', '|'), ('న', '|'), ('ప', '|'), ('శ', 'U'), ('బ్ద', '|'), ('ము', '|'), ('నె', '|'), ('ప', '|'), ('లు', '|'), ('కు', '|'), ('చు', '|')]",0.875,-1.0,1.0,1.0,0.625,-1.0
teytageethi,"తస్కరుని చందమునఁ బదార్థములు మ్రుచ్చి- | లించుచుఁ జరించు కుకవుల నెంచనేల?
భూనుతవిలాస, పీఠికాపురనివాస, | కుముదహితకోటిసంకాశ, కుక్కుటేశ!",vupajaathi,Kukkuteswara,"[('త', 'U'), ('స్క', '|'), ('రు', '|'), ('ని', '|'), ('చం', 'U'), ('ద', '|'), ('ము', '|'), ('న', '|'), ('బ', '|'), ('దా', 'U'), ('ర్థ', '|'), ('ము', '|'), ('లు', '|'), ('మ్రు', 'U'), ('చ్చి', '|'), ('లిం', 'U'), ('చు', '|'), ('చు', '|'), ('జ', '|'), ('రిం', 'U'), ('చు', '|'), ('కు', '|'), ('క', '|'), ('వు', '|'), ('ల', '|'), ('నెం', 'U'), ('చ', '|'), ('నే', 'U'), ('ల', '|'), ('భూ', 'U'), ('ను', '|'), ('త', '|'), ('వి', '|'), ('లా', 'U'), ('స', '|'), ('పీ', 'U'), ('ఠి', '|'), ('కా', 'U'), ('పు', '|'), ('ర', '|'), ('ని', '|'), ('వా', 'U'), ('స', '|'), ('కు', '|'), ('ము', '|'), ('ద', '|'), ('హి', '|'), ('త', '|'), ('కో', 'U'), ('టి', '|'), ('సం', 'U'), ('కా', 'U'), ('శ', '|'), ('కు', 'U'), ('క్కు', '|'), ('టే', 'U'), ('శ', '|')]",1.0,-1.0,1.0,1.0,1.0,-1.0
seesamu,"దేశాటనంబును దేవతోపాస్తియుఁ | బండితస్నేహంబు బహుపురాణ-
శోధకత్వము పరిశుద్ధతయును మహా- | ప్రతిభయుఁ గల్పనాపాటవంబు
ఛందోముఖాశేషశాస్త్రవేదిత్వంబు | సంగీతసాహిత్యసౌష్ఠవంబు
నిఖిలకలానైపుణియు నహంకారరా- | హిత్యంబు జనహితకృత్యములును",vupajaathi,Kukkuteswara,"[('దే', 'U'), ('శా', 'U'), ('ట', '|'), ('నం', 'U'), ('బు', '|'), ('ను', '|'), ('దే', 'U'), ('వ', '|'), ('తో', 'U'), ('పా', 'U'), ('స్తి', '|'), ('యు', '|'), ('బం', 'U'), ('డి', '|'), ('త', 'U'), ('స్నే', 'U'), ('హం', 'U'), ('బు', '|'), ('బ', '|'), ('హు', '|'), ('పు', '|'), ('రా', 'U'), ('ణ', '|'), ('శో', 'U'), ('ధ', '|'), ('క', 'U'), ('త్వ', '|'), ('ము', '|'), ('ప', '|'), ('రి', '|'), ('శు', 'U'), ('ద్ధ', '|'), ('త', '|'), ('యు', '|'), ('ను', '|'), ('మ', '|'), ('హా', 'U'), ('ప్ర', '|'), ('తి', '|'), ('భ', '|'), ('యు', '|'), ('గ', 'U'), ('ల్ప', '|'), ('నా', 'U'), ('పా', 'U'), ('ట', '|'), ('వం', 'U'), ('బు', '|'), ('ఛం', 'U'), ('దో', 'U'), ('ము', '|'), ('ఖా', 'U'), ('శే', 'U'), ('ష', '|'), ('శా', 'U'), ('స్త్ర', '|'), ('వే', 'U'), ('ది', 'U'), ('త్వం', 'U'), ('బు', '|'), ('సం', 'U'), ('గీ', 'U'), ('త', '|'), ('సా', 'U'), ('హి', 'U'), ('త్య', '|'), ('సౌ', 'U'), ('ష్ఠ', '|'), ('వం', 'U'), ('బు', '|'), ('ని', '|'), ('ఖి', '|'), ('ల', '|'), ('క', '|'), ('లా', 'U'), ('నై', 'U'), ('పు', '|'), ('ణి', '|'), ('యు', '|'), ('న', '|'), ('హం', 'U'), ('కా', 'U'), ('ర', '|'), ('రా', 'U'), ('హి', 'U'), ('త్యం', 'U'), ('బు', '|'), ('జ', '|'), ('న', '|'), ('హి', '|'), ('త', '|'), ('కృ', 'U'), ('త్య', '|'), ('ము', '|'), ('లు', '|'), ('ను', '|')]",1.0,-1.0,1.0,1.0,1.0,-1.0
teytageethi,"గలిగి కవిరాజ రాజశేఖరులు మెచ్చు | కబ్బములు గూర్చువాఁడె పో కవి యనంగ,
భూనుతవిలాస, పీఠికాపురనివాస, | కుముదహితకోటిసంకాశ, కుక్కుటేశ!",vupajaathi,Kukkuteswara,"[('గ', '|'), ('లి', '|'), ('గి', '|'), ('క', '|'), ('వి', '|'), ('రా', 'U'), ('జ', '|'), ('రా', 'U'), ('జ', '|'), ('శే', 'U'), ('ఖ', '|'), ('రు', '|'), ('లు', '|'), ('మె', 'U'), ('చ్చు', '|'), ('క', 'U'), ('బ్బ', '|'), ('ము', '|'), ('లు', '|'), ('గూ', 'U'), ('ర్చు', '|'), ('వా', 'U'), ('డె', '|'), ('పో', 'U'), ('క', '|'), ('వి', '|'), ('య', '|'), ('నం', 'U'), ('గ', '|'), ('భూ', 'U'), ('ను', '|'), ('త', '|'), ('వి', '|'), ('లా', 'U'), ('స', '|'), ('పీ', 'U'), ('ఠి', '|'), ('కా', 'U'), ('పు', '|'), ('ర', '|'), ('ని', '|'), ('వా', 'U'), ('స', '|'), ('కు', '|'), ('ము', '|'), ('ద', '|'), ('హి', '|'), ('త', '|'), ('కో', 'U'), ('టి', '|'), ('సం', 'U'), ('కా', 'U'), ('శ', '|'), ('కు', 'U'), ('క్కు', '|'), ('టే', 'U'), ('శ', '|')]",1.0,-1.0,1.0,1.0,1.0,-1.0
seesamu,"అలికులవేణి సింహకిశోరనిభమధ్య | పరిపక్వబింబోష్ఠి పద్మగంధి
రాకేందువదన శరచ్చంద్రికాహాస | కోకిలకలవాణి కుందరదన
పల్లవపాణి శంపాలతావిగ్రహ | లికుచవక్షోజ నాళీకనేత్ర
ముకురకపోల చంపకపుష్పసమనాస | భుజగరోమావళి పులినజఘన",vupajaathi,Kukkuteswara,"[('అ', '|'), ('లి', '|'), ('కు', '|'), ('ల', '|'), ('వే', 'U'), ('ణి', '|'), ('సిం', 'U'), ('హ', '|'), ('కి', '|'), ('శో', 'U'), ('ర', '|'), ('ని', '|'), ('భ', '|'), ('మ', 'U'), ('ధ్య', '|'), ('ప', '|'), ('రి', '|'), ('ప', 'U'), ('క్వ', '|'), ('బిం', 'U'), ('బో', 'U'), ('ష్ఠి', '|'), ('ప', 'U'), ('ద్మ', '|'), ('గం', 'U'), ('ధి', '|'), ('రా', 'U'), ('కేం', 'U'), ('దు', '|'), ('వ', '|'), ('ద', '|'), ('న', '|'), ('శ', '|'), ('ర', 'U'), ('చ్చం', 'U'), ('ద్రి', '|'), ('కా', 'U'), ('హా', 'U'), ('స', '|'), ('కో', 'U'), ('కి', '|'), ('ల', '|'), ('క', '|'), ('ల', '|'), ('వా', 'U'), ('ణి', '|'), ('కుం', 'U'), ('ద', '|'), ('ర', '|'), ('ద', '|'), ('న', '|'), ('ప', 'U'), ('ల్ల', '|'), ('వ', '|'), ('పా', 'U'), ('ణి', '|'), ('శం', 'U'), ('పా', 'U'), ('ల', '|'), ('తా', 'U'), ('వి', '|'), ('గ్ర', '|'), ('హ', '|'), ('లి', '|'), ('కు', '|'), ('చ', '|'), ('వ', 'U'), ('క్షో', 'U'), ('జ', '|'), ('నా', 'U'), ('ళీ', 'U'), ('క', '|'), ('నే', 'U'), ('త్ర', '|'), ('ము', '|'), ('కు', '|'), ('ర', '|'), ('క', '|'), ('పో', 'U'), ('ల', '|'), ('చం', 'U'), ('ప', '|'), ('క', '|'), ('పు', 'U'), ('ష్ప', '|'), ('స', '|'), ('మ', '|'), ('నా', 'U'), ('స', '|'), ('భు', '|'), ('జ', '|'), ('గ', '|'), ('రో', 'U'), ('మా', 'U'), ('వ', '|'), ('ళి', '|'), ('పు', '|'), ('లి', '|'), ('న', '|'), ('జ', '|'), ('ఘ', '|'), ('న', '|')]",0.8229166666666666,-1.0,1.0,0.84375,0.625,-1.0
teytageethi,"యనఁగ నెన్నిక గన్న లేయన్నుమిన్న | దొరకి ఘను నిన్ను నుతిగొన్న పురుషుఁ డహహ,
భూనుతవిలాస, పీఠికాపురనివాస, | కుముదహితకోటిసంకాశ, కుక్కుటేశ!",vupajaathi,Kukkuteswara,"[('య', '|'), ('న', '|'), ('గ', '|'), ('నె', 'U'), ('న్ని', '|'), ('క', '|'), ('గ', 'U'), ('న్న', '|'), ('లే', 'U'), ('య', 'U'), ('న్ను', '|'), ('మి', 'U'), ('న్న', '|'), ('దొ', '|'), ('ర', '|'), ('కి', '|'), ('ఘ', '|'), ('ను', '|'), ('ని', 'U'), ('న్ను', '|'), ('ను', '|'), ('తి', '|'), ('గొ', 'U'), ('న్న', '|'), ('పు', '|'), ('రు', '|'), ('షు', '|'), ('డ', '|'), ('హ', '|'), ('హ', '|'), ('భూ', 'U'), ('ను', '|'), ('త', '|'), ('వి', '|'), ('లా', 'U'), ('స', '|'), ('పీ', 'U'), ('ఠి', '|'), ('కా', 'U'), ('పు', '|'), ('ర', '|'), ('ని', '|'), ('వా', 'U'), ('స', '|'), ('కు', '|'), ('ము', '|'), ('ద', '|'), ('హి', '|'), ('త', '|'), ('కో', 'U'), ('టి', '|'), ('సం', 'U'), ('కా', 'U'), ('శ', '|'), ('కు', 'U'), ('క్కు', '|'), ('టే', 'U'), ('శ', '|')]",1.0,-1.0,1.0,1.0,1.0,-1.0
seesamu,"పతిని దైవమ యంచు మతి నెంచి యరయుచుఁ | గలనైనఁ గ్రోధంబు నిలుపఁబోక
యతిథులఁ జుట్టాల నతిభక్తిఁ జూచుచు | సత్యవాక్యనిరూఢి జరుపుచుండి
యుభయవంశములకు నుపకీర్తి నించుచు | నిమ్ముగా నగు సుచిత్తమ్ము పూని
యత్తమామల మాట కడుగు దాఁటగఁబోక | మాన మాభరణంబుగా నమర్చి",vupajaathi,Kukkuteswara,"[('ప', '|'), ('తి', '|'), ('ని', '|'), ('దై', 'U'), ('వ', '|'), ('మ', '|'), ('యం', 'U'), ('చు', '|'), ('మ', '|'), ('తి', '|'), ('నెం', 'U'), ('చి', '|'), ('య', '|'), ('ర', '|'), ('యు', '|'), ('చు', '|'), ('గ', '|'), ('ల', '|'), ('నై', 'U'), ('న', '|'), ('గ్రో', 'U'), ('ధం', 'U'), ('బు', '|'), ('ని', '|'), ('లు', '|'), ('ప', '|'), ('బో', 'U'), ('క', '|'), ('య', '|'), ('తి', '|'), ('థు', '|'), ('ల', '|'), ('జు', 'U'), ('ట్టా', 'U'), ('ల', '|'), ('న', '|'), ('తి', '|'), ('భ', 'U'), ('క్తి', '|'), ('జూ', 'U'), ('చు', '|'), ('చు', '|'), ('స', 'U'), ('త్య', '|'), ('వా', 'U'), ('క్య', '|'), ('ని', '|'), ('రూ', 'U'), ('ఢి', '|'), ('జ', '|'), ('రు', '|'), ('పు', '|'), ('చుం', 'U'), ('డి', '|'), ('యు', '|'), ('భ', '|'), ('య', '|'), ('వం', 'U'), ('శ', '|'), ('ము', '|'), ('ల', '|'), ('కు', '|'), ('ను', '|'), ('ప', '|'), ('కీ', 'U'), ('ర్తి', '|'), ('నిం', 'U'), ('చు', '|'), ('చు', '|'), ('ని', 'U'), ('మ్ము', '|'), ('గా', 'U'), ('న', '|'), ('గు', '|'), ('సు', '|'), ('చి', 'U'), ('త్త', 'U'), ('మ్ము', '|'), ('పూ', 'U'), ('ని', '|'), ('య', 'U'), ('త్త', '|'), ('మా', 'U'), ('మ', '|'), ('ల', '|'), ('మా', 'U'), ('ట', '|'), ('క', '|'), ('డు', '|'), ('గు', '|'), ('దా', 'U'), ('ట', '|'), ('గ', '|'), ('బో', 'U'), ('క', '|'), ('మా', 'U'), ('న', '|'), ('మా', 'U'), ('భ', '|'), ('ర', '|'), ('ణం', 'U'), ('బు', '|'), ('గా', 'U'), ('న', '|'), ('మ', 'U'), ('ర్చి', '|')]",0.9166666666666666,-1.0,1.0,1.0,0.75,-1.0
teytageethi,"మెలఁగుచుండెడి యిల్లాలు కలుగవలయు | మహితభాగ్యాన్వితుండైన మానవునకు,
భూనుతవిలాస, పీఠికాపురనివాస, | కుముదహితకోటిసంకాశ, కుక్కుటేశ!",vupajaathi,Kukkuteswara,"[('మె', '|'), ('ల', '|'), ('గు', '|'), ('చుం', 'U'), ('డె', '|'), ('డి', '|'), ('యి', 'U'), ('ల్లా', 'U'), ('లు', '|'), ('క', '|'), ('లు', '|'), ('గ', '|'), ('వ', '|'), ('ల', '|'), ('యు', '|'), ('మ', '|'), ('హి', '|'), ('త', '|'), ('భా', 'U'), ('గ్యా', 'U'), ('న్వి', '|'), ('తుం', 'U'), ('డై', 'U'), ('న', '|'), ('మా', 'U'), ('న', '|'), ('వు', '|'), ('న', '|'), ('కు', '|'), ('భూ', 'U'), ('ను', '|'), ('త', '|'), ('వి', '|'), ('లా', 'U'), ('స', '|'), ('పీ', 'U'), ('ఠి', '|'), ('కా', 'U'), ('పు', '|'), ('ర', '|'), ('ని', '|'), ('వా', 'U'), ('స', '|'), ('కు', '|'), ('ము', '|'), ('ద', '|'), ('హి', '|'), ('త', '|'), ('కో', 'U'), ('టి', '|'), ('సం', 'U'), ('కా', 'U'), ('శ', '|'), ('కు', 'U'), ('క్కు', '|'), ('టే', 'U'), ('శ', '|')]",1.0,-1.0,1.0,1.0,1.0,-1.0
seesamu,"తన యింటి యర్థంబుఁ దానె మ్రుచ్చిలుదాని | ననయంబుఁ గొరకొరలాడుదాని
గయ్యంబునకు నెప్డు కాలు దువ్వెడిదాని | నెడపక యేవేళ నేడ్చుదాని
పొరుగిండ్ల వెంబడిఁ దిరుగుచుండెడిదాని | ధట్టించి శిశువులఁ గొట్టుదాని
పరహితశీలయై పరగుచుండెడిదాని | గయ్యాళియై పతిఁ గలఁచుదాని",vupajaathi,Kukkuteswara,"[('త', '|'), ('న', '|'), ('యిం', 'U'), ('టి', '|'), ('య', 'U'), ('ర్థం', 'U'), ('బు', '|'), ('దా', 'U'), ('నె', '|'), ('మ్రు', 'U'), ('చ్చి', '|'), ('లు', '|'), ('దా', 'U'), ('ని', '|'), ('న', '|'), ('న', '|'), ('యం', 'U'), ('బు', '|'), ('గొ', '|'), ('ర', '|'), ('కొ', '|'), ('ర', '|'), ('లా', 'U'), ('డు', '|'), ('దా', 'U'), ('ని', '|'), ('గ', 'U'), ('య్యం', 'U'), ('బు', '|'), ('న', '|'), ('కు', '|'), ('నె', 'U'), ('ప్డు', '|'), ('కా', 'U'), ('లు', '|'), ('దు', 'U'), ('వ్వె', '|'), ('డి', '|'), ('దా', 'U'), ('ని', '|'), ('నె', '|'), ('డ', '|'), ('ప', '|'), ('క', '|'), ('యే', 'U'), ('వే', 'U'), ('ళ', '|'), ('నే', 'U'), ('డ్చు', '|'), ('దా', 'U'), ('ని', '|'), ('పొ', '|'), ('రు', '|'), ('గిం', 'U'), ('డ్ల', '|'), ('వెం', 'U'), ('బ', '|'), ('డి', '|'), ('ది', '|'), ('రు', '|'), ('గు', '|'), ('చుం', 'U'), ('డె', '|'), ('డి', '|'), ('దా', 'U'), ('ని', '|'), ('ధ', 'U'), ('ట్టిం', 'U'), ('చి', '|'), ('శి', '|'), ('శు', '|'), ('వు', '|'), ('ల', '|'), ('గొ', 'U'), ('ట్టు', '|'), ('దా', 'U'), ('ని', '|'), ('ప', '|'), ('ర', '|'), ('హి', '|'), ('త', '|'), ('శీ', 'U'), ('ల', '|'), ('యై', 'U'), ('ప', '|'), ('ర', '|'), ('గు', '|'), ('చుం', 'U'), ('డె', '|'), ('డి', '|'), ('దా', 'U'), ('ని', '|'), ('గ', 'U'), ('య్యా', 'U'), ('ళి', '|'), ('యై', 'U'), ('ప', '|'), ('తి', '|'), ('గ', '|'), ('ల', '|'), ('చు', '|'), ('దా', 'U'), ('ని', '|')]",0.9583333333333334,-1.0,1.0,1.0,0.875,-1.0
teytageethi,"తవిలి పదుగురుబిడ్డల తల్లియైన | విడువవలెనండ్రు పెద్ద లిప్పుడమియందు,
భూనుతవిలాస, పీఠికాపురనివాస, | కుముదహితకోటిసంకాశ, కుక్కుటేశ!",vupajaathi,Kukkuteswara,"[('త', '|'), ('వి', '|'), ('లి', '|'), ('ప', '|'), ('దు', '|'), ('గు', '|'), ('రు', '|'), ('బి', 'U'), ('డ్డ', '|'), ('ల', '|'), ('త', 'U'), ('ల్లి', '|'), ('యై', 'U'), ('న', '|'), ('వి', '|'), ('డు', '|'), ('వ', '|'), ('వ', '|'), ('లె', '|'), ('నం', 'U'), ('డ్రు', '|'), ('పె', 'U'), ('ద్ద', '|'), ('లి', 'U'), ('ప్పు', '|'), ('డ', '|'), ('మి', '|'), ('యం', 'U'), ('దు', '|'), ('భూ', 'U'), ('ను', '|'), ('త', '|'), ('వి', '|'), ('లా', 'U'), ('స', '|'), ('పీ', 'U'), ('ఠి', '|'), ('కా', 'U'), ('పు', '|'), ('ర', '|'), ('ని', '|'), ('వా', 'U'), ('స', '|'), ('కు', '|'), ('ము', '|'), ('ద', '|'), ('హి', '|'), ('త', '|'), ('కో', 'U'), ('టి', '|'), ('సం', 'U'), ('కా', 'U'), ('శ', '|'), ('కు', 'U'), ('క్కు', '|'), ('టే', 'U'), ('శ', '|')]",1.0,-1.0,1.0,1.0,1.0,-1.0
seesamu,"జగడాలచీలి వేసాలవెల్లి బిసాళి | తిండిపోతు గయాళి మొండికట్టె
హేయభాజనము పల్మాయలపుట్టిల్లు | కంతులరాకాసి పంతగత్తె
యవలక్షణముల తా వవివేకములప్రోవు | చెరపనచేట మాసికలమూట
నిక్కులబండి బందెలమారి కల్లల- | పాతర సోమరిపో తనంగ",vupajaathi,Kukkuteswara,"[('జ', '|'), ('గ', '|'), ('డా', 'U'), ('ల', '|'), ('చీ', 'U'), ('లి', '|'), ('వే', 'U'), ('సా', 'U'), ('ల', '|'), ('వె', 'U'), ('ల్లి', '|'), ('బి', '|'), ('సా', 'U'), ('ళి', '|'), ('తిం', 'U'), ('డి', '|'), ('పో', 'U'), ('తు', '|'), ('గ', '|'), ('యా', 'U'), ('ళి', '|'), ('మొం', 'U'), ('డి', '|'), ('క', 'U'), ('ట్టె', '|'), ('హే', 'U'), ('య', '|'), ('భా', 'U'), ('జ', '|'), ('న', '|'), ('ము', '|'), ('ప', 'U'), ('ల్మా', 'U'), ('య', '|'), ('ల', '|'), ('పు', 'U'), ('ట్టి', 'U'), ('ల్లు', '|'), ('కం', 'U'), ('తు', '|'), ('ల', '|'), ('రా', 'U'), ('కా', 'U'), ('సి', '|'), ('పం', 'U'), ('త', '|'), ('గ', 'U'), ('త్తె', '|'), ('య', '|'), ('వ', '|'), ('ల', 'U'), ('క్ష', '|'), ('ణ', '|'), ('ము', '|'), ('ల', '|'), ('తా', 'U'), ('వ', '|'), ('వి', '|'), ('వే', 'U'), ('క', '|'), ('ము', '|'), ('ల', '|'), ('ప్రో', 'U'), ('వు', '|'), ('చె', '|'), ('ర', '|'), ('ప', '|'), ('న', '|'), ('చే', 'U'), ('ట', '|'), ('మా', 'U'), ('సి', '|'), ('క', '|'), ('ల', '|'), ('మూ', 'U'), ('ట', '|'), ('ని', 'U'), ('క్కు', '|'), ('ల', '|'), ('బం', 'U'), ('డి', '|'), ('బం', 'U'), ('దె', '|'), ('ల', '|'), ('మా', 'U'), ('రి', '|'), ('క', 'U'), ('ల్ల', '|'), ('ల', '|'), ('పా', 'U'), ('త', '|'), ('ర', '|'), ('సో', 'U'), ('మ', '|'), ('రి', '|'), ('పో', 'U'), ('త', '|'), ('నం', 'U'), ('గ', '|')]",0.9583333333333334,-1.0,1.0,1.0,0.875,-1.0
teytageethi,"నెన్నఁబడు బేరజపురండ నేలుచుండు | పురుషుని యభాగ్య మేమని పొగడవచ్చు
భూనుతవిలాస, పీఠికాపురనివాస, | కుముదహితకోటిసంకాశ, కుక్కుటేశ!",vupajaathi,Kukkuteswara,"[('నె', 'U'), ('న్న', '|'), ('బ', '|'), ('డు', '|'), ('బే', 'U'), ('ర', '|'), ('జ', '|'), ('పు', '|'), ('రం', 'U'), ('డ', '|'), ('నే', 'U'), ('లు', '|'), ('చుం', 'U'), ('డు', '|'), ('పు', '|'), ('రు', '|'), ('షు', '|'), ('ని', '|'), ('య', '|'), ('భా', 'U'), ('గ్య', '|'), ('మే', 'U'), ('మ', '|'), ('ని', '|'), ('పొ', '|'), ('గ', '|'), ('డ', '|'), ('వ', 'U'), ('చ్చు', '|'), ('భూ', 'U'), ('ను', '|'), ('త', '|'), ('వి', '|'), ('లా', 'U'), ('స', '|'), ('పీ', 'U'), ('ఠి', '|'), ('కా', 'U'), ('పు', '|'), ('ర', '|'), ('ని', '|'), ('వా', 'U'), ('స', '|'), ('కు', '|'), ('ము', '|'), ('ద', '|'), ('హి', '|'), ('త', '|'), ('కో', 'U'), ('టి', '|'), ('సం', 'U'), ('కా', 'U'), ('శ', '|'), ('కు', 'U'), ('క్కు', '|'), ('టే', 'U'), ('శ', '|')]",1.0,-1.0,1.0,1.0,1.0,-1.0
seesamu,"కిలకిల నగుచు ముద్దులు గుల్కు నొకవేళ | నొకవేళఁ గొరకొరలూని మెలఁగు
మలితవిచారబాములఁ గుందు నొకవేళ | నొకవేళ దృఢపరుషోక్తులాడు
రతికళాకౌశలోన్నతి సూపు నొకవేళ | నొకవేళ మొగమీక యూరకుండు
లలిఁ బెక్కురీతుల లాలించు నొకవేళ | నొకవేళఁ బెనువంత నొందఁజేయు",vupajaathi,Kukkuteswara,"[('కి', '|'), ('ల', '|'), ('కి', '|'), ('ల', '|'), ('న', '|'), ('గు', '|'), ('చు', '|'), ('ము', 'U'), ('ద్దు', '|'), ('లు', '|'), ('గు', 'U'), ('ల్కు', '|'), ('నొ', '|'), ('క', '|'), ('వే', 'U'), ('ళ', '|'), ('నొ', '|'), ('క', '|'), ('వే', 'U'), ('ళ', '|'), ('గొ', '|'), ('ర', '|'), ('కొ', '|'), ('ర', '|'), ('లూ', 'U'), ('ని', '|'), ('మె', '|'), ('ల', '|'), ('గు', '|'), ('మ', '|'), ('లి', '|'), ('త', '|'), ('వి', '|'), ('చా', 'U'), ('ర', '|'), ('బా', 'U'), ('ము', '|'), ('ల', '|'), ('గుం', 'U'), ('దు', '|'), ('నొ', '|'), ('క', '|'), ('వే', 'U'), ('ళ', '|'), ('నొ', '|'), ('క', '|'), ('వే', 'U'), ('ళ', '|'), ('దృ', '|'), ('ఢ', '|'), ('ప', '|'), ('రు', '|'), ('షో', 'U'), ('క్తు', '|'), ('లా', 'U'), ('డు', '|'), ('ర', '|'), ('తి', '|'), ('క', '|'), ('ళా', 'U'), ('కౌ', 'U'), ('శ', '|'), ('లో', 'U'), ('న్న', '|'), ('తి', '|'), ('సూ', 'U'), ('పు', '|'), ('నొ', '|'), ('క', '|'), ('వే', 'U'), ('ళ', '|'), ('నొ', '|'), ('క', '|'), ('వే', 'U'), ('ళ', '|'), ('మొ', '|'), ('గ', '|'), ('మీ', 'U'), ('క', '|'), ('యూ', 'U'), ('ర', '|'), ('కుం', 'U'), ('డు', '|'), ('ల', '|'), ('లి', '|'), ('బె', 'U'), ('క్కు', '|'), ('రీ', 'U'), ('తు', '|'), ('ల', '|'), ('లా', 'U'), ('లిం', 'U'), ('చు', '|'), ('నొ', '|'), ('క', '|'), ('వే', 'U'), ('ళ', '|'), ('నొ', '|'), ('క', '|'), ('వే', 'U'), ('ళ', '|'), ('బె', '|'), ('ను', '|'), ('వం', 'U'), ('త', '|'), ('నొం', 'U'), ('ద', '|'), ('జే', 'U'), ('యు', '|')]",0.875,-1.0,1.0,1.0,0.625,-1.0
teytageethi,"నౌర వింతలు భూమిపై నాఁడుదాని | మనసు దెలియంగరాదు పద్మజునికైన,
భూనుతవిలాస, పీఠికాపురనివాస, | కుముదహితకోటిసంకాశ, కుక్కుటేశ!",vupajaathi,Kukkuteswara,"[('నౌ', 'U'), ('ర', '|'), ('విం', 'U'), ('త', '|'), ('లు', '|'), ('భూ', 'U'), ('మి', '|'), ('పై', 'U'), ('నా', 'U'), ('డు', '|'), ('దా', 'U'), ('ని', '|'), ('మ', '|'), ('న', '|'), ('సు', '|'), ('దె', '|'), ('లి', '|'), ('యం', 'U'), ('గ', '|'), ('రా', 'U'), ('దు', '|'), ('ప', 'U'), ('ద్మ', '|'), ('జు', '|'), ('ని', '|'), ('కై', 'U'), ('న', '|'), ('భూ', 'U'), ('ను', '|'), ('త', '|'), ('వి', '|'), ('లా', 'U'), ('స', '|'), ('పీ', 'U'), ('ఠి', '|'), ('కా', 'U'), ('పు', '|'), ('ర', '|'), ('ని', '|'), ('వా', 'U'), ('స', '|'), ('కు', '|'), ('ము', '|'), ('ద', '|'), ('హి', '|'), ('త', '|'), ('కో', 'U'), ('టి', '|'), ('సం', 'U'), ('కా', 'U'), ('శ', '|'), ('కు', 'U'), ('క్కు', '|'), ('టే', 'U'), ('శ', '|')]",1.0,-1.0,1.0,1.0,1.0,-1.0
seesamu,"ఒరుల భాగ్యము సూచి యోర్వఁజాలనివాడు | బుధజనద్వేషంబు పూనువాఁడు
చెలిమిమైఁ దల్లిదండ్రులను బ్రోవనివాఁడు | పరకామినుల కాసపడెడివాఁడు
శివవిష్ణుదూషణల్ సేయుచుండెడివాఁడు | పలుమఱు కొండెముల్ పలుకువాఁడు
భూసుపర్వక్షేత్రములు మ్రింగఁజూచువాఁ | డాడినమాట లేదనెడువాఁడు",vupajaathi,Kukkuteswara,"[('ఒ', '|'), ('రు', '|'), ('ల', '|'), ('భా', 'U'), ('గ్య', '|'), ('ము', '|'), ('సూ', 'U'), ('చి', '|'), ('యో', 'U'), ('ర్వ', '|'), ('జా', 'U'), ('ల', '|'), ('ని', '|'), ('వా', 'U'), ('డు', '|'), ('బు', '|'), ('ధ', '|'), ('జ', '|'), ('న', 'U'), ('ద్వే', 'U'), ('షం', 'U'), ('బు', '|'), ('పూ', 'U'), ('ను', '|'), ('వా', 'U'), ('డు', '|'), ('చె', '|'), ('లి', '|'), ('మి', '|'), ('మై', 'U'), ('ద', 'U'), ('ల్లి', '|'), ('దం', 'U'), ('డ్రు', '|'), ('ల', '|'), ('ను', '|'), ('బ్రో', 'U'), ('వ', '|'), ('ని', '|'), ('వా', 'U'), ('డు', '|'), ('ప', '|'), ('ర', '|'), ('కా', 'U'), ('మి', '|'), ('ను', '|'), ('ల', '|'), ('కా', 'U'), ('స', '|'), ('ప', '|'), ('డె', '|'), ('డి', '|'), ('వా', 'U'), ('డు', '|'), ('శి', '|'), ('వ', '|'), ('వి', 'U'), ('ష్ణు', '|'), ('దూ', 'U'), ('ష', '|'), ('ణ', 'U'), ('ల్సే', 'U'), ('యు', '|'), ('చుం', 'U'), ('డె', '|'), ('డి', '|'), ('వా', 'U'), ('డు', '|'), ('ప', '|'), ('లు', '|'), ('మ', '|'), ('ఱు', '|'), ('కొం', 'U'), ('డె', '|'), ('ము', 'U'), ('ల్ప', '|'), ('లు', '|'), ('కు', '|'), ('వా', 'U'), ('డు', '|'), ('భూ', 'U'), ('సు', '|'), ('ప', 'U'), ('ర్వ', 'U'), ('క్షే', 'U'), ('త్ర', '|'), ('ము', '|'), ('లు', '|'), ('మ్రిం', 'U'), ('గ', '|'), ('జూ', 'U'), ('చు', '|'), ('వా', 'U'), ('డా', 'U'), ('డి', '|'), ('న', '|'), ('మా', 'U'), ('ట', '|'), ('లే', 'U'), ('ద', '|'), ('నె', '|'), ('డు', '|'), ('వా', 'U'), ('డు', '|')]",0.9583333333333334,-1.0,1.0,1.0,0.875,-1.0
teytageethi,"ప్రోది చేసినవానితోఁ బోరువాఁడు | చేరు దుర్గతి నిహపరదూరుఁడగుచు,
భూనుతవిలాస, పీఠికాపురనివాస, | కుముదహితకోటిసంకాశ, కుక్కుటేశ!",vupajaathi,Kukkuteswara,"[('ప్రో', 'U'), ('ది', '|'), ('చే', 'U'), ('సి', '|'), ('న', '|'), ('వా', 'U'), ('ని', '|'), ('తో', 'U'), ('బో', 'U'), ('రు', '|'), ('వా', 'U'), ('డు', '|'), ('చే', 'U'), ('రు', '|'), ('దు', 'U'), ('ర్గ', '|'), ('తి', '|'), ('ని', '|'), ('హ', '|'), ('ప', '|'), ('ర', '|'), ('దూ', 'U'), ('రు', '|'), ('డ', '|'), ('గు', '|'), ('చు', '|'), ('భూ', 'U'), ('ను', '|'), ('త', '|'), ('వి', '|'), ('లా', 'U'), ('స', '|'), ('పీ', 'U'), ('ఠి', '|'), ('కా', 'U'), ('పు', '|'), ('ర', '|'), ('ని', '|'), ('వా', 'U'), ('స', '|'), ('కు', '|'), ('ము', '|'), ('ద', '|'), ('హి', '|'), ('త', '|'), ('కో', 'U'), ('టి', '|'), ('సం', 'U'), ('కా', 'U'), ('శ', '|'), ('కు', 'U'), ('క్కు', '|'), ('టే', 'U'), ('శ', '|')]",1.0,-1.0,1.0,1.0,1.0,-1.0
seesamu,"బహుపుత్రసంప త్తిఁ బ్రబలుచుండెడివారు | నిక్షేపములు ధాత్రి నిలుపువారు
క్షితి శివోద్వాహముల్ సేయుచుండెడివారు | కొంచక గుళ్ళు కట్టించువారు
ఘనతటాకమ్ము లిమ్మొనరఁ ద్రవ్వెడివారు | విరివిగాఁ దోఁటలు వేయువారు
కవిబుధోత్తములకుఁ గామితార్థములిచ్చి | యందంబుగాఁ గృతులందువారు",vupajaathi,Kukkuteswara,"[('బ', '|'), ('హు', '|'), ('పు', '|'), ('త్ర', '|'), ('సం', 'U'), ('ప', 'U'), ('త్తి', '|'), ('బ్ర', '|'), ('బ', '|'), ('లు', '|'), ('చుం', 'U'), ('డె', '|'), ('డి', '|'), ('వా', 'U'), ('రు', '|'), ('ని', 'U'), ('క్షే', 'U'), ('ప', '|'), ('ము', '|'), ('లు', '|'), ('ధా', 'U'), ('త్రి', '|'), ('ని', '|'), ('లు', '|'), ('పు', '|'), ('వా', 'U'), ('రు', 'U'), ('క్షి', '|'), ('తి', '|'), ('శి', '|'), ('వో', 'U'), ('ద్వా', 'U'), ('హ', '|'), ('ము', 'U'), ('ల్సే', 'U'), ('యు', '|'), ('చుం', 'U'), ('డె', '|'), ('డి', '|'), ('వా', 'U'), ('రు', '|'), ('కొం', 'U'), ('చ', '|'), ('క', '|'), ('గు', 'U'), ('ళ్ళు', '|'), ('క', 'U'), ('ట్టిం', 'U'), ('చు', '|'), ('వా', 'U'), ('రు', '|'), ('ఘ', '|'), ('న', '|'), ('త', '|'), ('టా', 'U'), ('క', 'U'), ('మ్ము', '|'), ('లి', 'U'), ('మ్మొ', '|'), ('న', '|'), ('ర', '|'), ('ద్ర', 'U'), ('వ్వె', '|'), ('డి', '|'), ('వా', 'U'), ('రు', '|'), ('వి', '|'), ('రి', '|'), ('వి', '|'), ('గా', 'U'), ('దో', 'U'), ('ట', '|'), ('లు', '|'), ('వే', 'U'), ('యు', '|'), ('వా', 'U'), ('రు', '|'), ('క', '|'), ('వి', '|'), ('బు', '|'), ('ధో', 'U'), ('త్త', '|'), ('ము', '|'), ('ల', '|'), ('కు', '|'), ('గా', 'U'), ('మి', '|'), ('తా', 'U'), ('ర్థ', '|'), ('ము', '|'), ('లి', 'U'), ('చ్చి', '|'), ('యం', 'U'), ('దం', 'U'), ('బు', '|'), ('గా', 'U'), ('గృ', '|'), ('తు', '|'), ('లం', 'U'), ('దు', '|'), ('వా', 'U'), ('రు', '|')]",0.6875,-1.0,1.0,0.8125,0.25,-1.0
teytageethi,"సప్తసంతానకర్త లీ సదమలాత్ము | లెపుడు నిహపరసుఖముల నెనయుచుండ్రు,
భూనుతవిలాస, పీఠికాపురనివాస, | కుముదహితకోటిసంకాశ, కుక్కుటేశ!",vupajaathi,Kukkuteswara,"[('స', 'U'), ('ప్త', '|'), ('సం', 'U'), ('తా', 'U'), ('న', '|'), ('క', 'U'), ('ర్త', '|'), ('లీ', 'U'), ('స', '|'), ('ద', '|'), ('మ', '|'), ('లా', 'U'), ('త్ము', '|'), ('లె', '|'), ('పు', '|'), ('డు', '|'), ('ని', '|'), ('హ', '|'), ('ప', '|'), ('ర', '|'), ('సు', '|'), ('ఖ', '|'), ('ము', '|'), ('ల', '|'), ('నె', '|'), ('న', '|'), ('యు', '|'), ('చుం', 'U'), ('డ్రు', '|'), ('భూ', 'U'), ('ను', '|'), ('త', '|'), ('వి', '|'), ('లా', 'U'), ('స', '|'), ('పీ', 'U'), ('ఠి', '|'), ('కా', 'U'), ('పు', '|'), ('ర', '|'), ('ని', '|'), ('వా', 'U'), ('స', '|'), ('కు', '|'), ('ము', '|'), ('ద', '|'), ('హి', '|'), ('త', '|'), ('కో', 'U'), ('టి', '|'), ('సం', 'U'), ('కా', 'U'), ('శ', '|'), ('కు', 'U'), ('క్కు', '|'), ('టే', 'U'), ('శ', '|')]",0.9166666666666666,-1.0,1.0,1.0,0.75,-1.0
seesamu,"వలవని చెలువతో మెలగువాఁ డొకకూళ | వాసిడించి చరించువాఁడు కూళ
సిరి గల్గి కుడువక చిక్కువాఁ డొకకూళ | వనిత కుంకువ చెప్పువాఁడు కూళ
చెడి బంధునింటికిఁ జేరువాఁ డొకకూళ | వసుధేశుఁ జెడనాడువాఁడు కూళ
ధనికుతోఁ బగవెట్టుకొనెడువాఁ డొకకూళ | వడిలేని దొరఁ గొల్చువాఁడు కూళ",vupajaathi,Kukkuteswara,"[('వ', '|'), ('ల', '|'), ('వ', '|'), ('ని', '|'), ('చె', '|'), ('లు', '|'), ('వ', '|'), ('తో', 'U'), ('మె', '|'), ('ల', '|'), ('గు', '|'), ('వా', 'U'), ('డొ', '|'), ('క', '|'), ('కూ', 'U'), ('ళ', '|'), ('వా', 'U'), ('సి', '|'), ('డిం', 'U'), ('చి', '|'), ('చ', '|'), ('రిం', 'U'), ('చు', '|'), ('వా', 'U'), ('డు', '|'), ('కూ', 'U'), ('ళ', '|'), ('సి', '|'), ('రి', '|'), ('గ', 'U'), ('ల్గి', '|'), ('కు', '|'), ('డు', '|'), ('వ', '|'), ('క', '|'), ('చి', 'U'), ('క్కు', '|'), ('వా', 'U'), ('డొ', '|'), ('క', '|'), ('కూ', 'U'), ('ళ', '|'), ('వ', '|'), ('ని', '|'), ('త', '|'), ('కుం', 'U'), ('కు', '|'), ('వ', '|'), ('చె', 'U'), ('ప్పు', '|'), ('వా', 'U'), ('డు', '|'), ('కూ', 'U'), ('ళ', '|'), ('చె', '|'), ('డి', '|'), ('బం', 'U'), ('ధు', '|'), ('నిం', 'U'), ('టి', '|'), ('కి', '|'), ('జే', 'U'), ('రు', '|'), ('వా', 'U'), ('డొ', '|'), ('క', '|'), ('కూ', 'U'), ('ళ', '|'), ('వ', '|'), ('సు', '|'), ('ధే', 'U'), ('శు', '|'), ('జె', '|'), ('డ', '|'), ('నా', 'U'), ('డు', '|'), ('వా', 'U'), ('డు', '|'), ('కూ', 'U'), ('ళ', '|'), ('ధ', '|'), ('ని', '|'), ('కు', '|'), ('తో', 'U'), ('బ', '|'), ('గ', '|'), ('వె', 'U'), ('ట్టు', '|'), ('కొ', '|'), ('నె', '|'), ('డు', '|'), ('వా', 'U'), ('డొ', '|'), ('క', '|'), ('కూ', 'U'), ('ళ', '|'), ('వ', '|'), ('డి', '|'), ('లే', 'U'), ('ని', '|'), ('దొ', '|'), ('ర', '|'), ('గొ', 'U'), ('ల్చు', '|'), ('వా', 'U'), ('డు', '|'), ('కూ', 'U'), ('ళ', '|')]",1.0,-1.0,1.0,1.0,1.0,-1.0
teytageethi,"కూడదన్నను గవితలఁ గూర్చి బలిమి | గుమతులకు నిచ్చువాఁ డొక్కకూళ సుమ్ము,
భూనుతవిలాస, పీఠికాపురనివాస, | కుముదహితకోటిసంకాశ, కుక్కుటేశ!",vupajaathi,Kukkuteswara,"[('కూ', 'U'), ('డ', '|'), ('ద', 'U'), ('న్న', '|'), ('ను', '|'), ('గ', '|'), ('వి', '|'), ('త', '|'), ('ల', '|'), ('గూ', 'U'), ('ర్చి', '|'), ('బ', '|'), ('లి', '|'), ('మి', '|'), ('గు', '|'), ('మ', '|'), ('తు', '|'), ('ల', '|'), ('కు', '|'), ('ని', 'U'), ('చ్చు', '|'), ('వా', 'U'), ('డొ', 'U'), ('క్క', '|'), ('కూ', 'U'), ('ళ', '|'), ('సు', 'U'), ('మ్ము', '|'), ('భూ', 'U'), ('ను', '|'), ('త', '|'), ('వి', '|'), ('లా', 'U'), ('స', '|'), ('పీ', 'U'), ('ఠి', '|'), ('కా', 'U'), ('పు', '|'), ('ర', '|'), ('ని', '|'), ('వా', 'U'), ('స', '|'), ('కు', '|'), ('ము', '|'), ('ద', '|'), ('హి', '|'), ('త', '|'), ('కో', 'U'), ('టి', '|'), ('సం', 'U'), ('కా', 'U'), ('శ', '|'), ('కు', 'U'), ('క్కు', '|'), ('టే', 'U'), ('శ', '|')]",1.0,-1.0,1.0,1.0,1.0,-1.0
seesamu,"ఆరకూటములోన నపరంజి యిడినట్లు | చెరువులోఁ బన్నీరు చిలికినట్లు
చౌటినేలను మంచిసస్యం బిడినయట్లు | వెలిమిడిలో నెయ్యి వేల్చినట్లు
షండున కందమౌ సకిని గూర్చినయట్లు | పేడలోఁ గస్తూరి పెట్టినట్లు
పాడింటిలోన దీపంబు నిల్పినయట్లు | వార్ధిలోఁ గురిసిన వానయట్లు",vupajaathi,Kukkuteswara,"[('ఆ', 'U'), ('ర', '|'), ('కూ', 'U'), ('ట', '|'), ('ము', '|'), ('లో', 'U'), ('న', '|'), ('న', '|'), ('ప', '|'), ('రం', 'U'), ('జి', '|'), ('యి', '|'), ('డి', '|'), ('న', 'U'), ('ట్లు', '|'), ('చె', '|'), ('రు', '|'), ('వు', '|'), ('లో', 'U'), ('బ', 'U'), ('న్నీ', 'U'), ('రు', '|'), ('చి', '|'), ('లి', '|'), ('కి', '|'), ('న', 'U'), ('ట్లు', '|'), ('చౌ', 'U'), ('టి', '|'), ('నే', 'U'), ('ల', '|'), ('ను', '|'), ('మం', 'U'), ('చి', '|'), ('స', 'U'), ('స్యం', 'U'), ('బి', '|'), ('డి', '|'), ('న', '|'), ('య', 'U'), ('ట్లు', '|'), ('వె', '|'), ('లి', '|'), ('మి', '|'), ('డి', '|'), ('లో', 'U'), ('నె', 'U'), ('య్యి', '|'), ('వే', 'U'), ('ల్చి', '|'), ('న', 'U'), ('ట్లు', '|'), ('షం', 'U'), ('డు', '|'), ('న', '|'), ('కం', 'U'), ('ద', '|'), ('మౌ', 'U'), ('స', '|'), ('కి', '|'), ('ని', '|'), ('గూ', 'U'), ('ర్చి', '|'), ('న', '|'), ('య', 'U'), ('ట్లు', '|'), ('పే', 'U'), ('డ', '|'), ('లో', 'U'), ('గ', 'U'), ('స్తూ', 'U'), ('రి', '|'), ('పె', 'U'), ('ట్టి', '|'), ('న', 'U'), ('ట్లు', '|'), ('పా', 'U'), ('డిం', 'U'), ('టి', '|'), ('లో', 'U'), ('న', '|'), ('దీ', 'U'), ('పం', 'U'), ('బు', '|'), ('ని', 'U'), ('ల్పి', '|'), ('న', '|'), ('య', 'U'), ('ట్లు', '|'), ('వా', 'U'), ('ర్ధి', '|'), ('లో', 'U'), ('గు', '|'), ('రి', '|'), ('సి', '|'), ('న', '|'), ('వా', 'U'), ('న', '|'), ('య', 'U'), ('ట్లు', '|')]",0.9583333333333334,-1.0,1.0,1.0,0.875,-1.0
teytageethi,"తొడరి సుజనులు ధరణిలో దుర్జనులకుఁ | జేయు నుపకృతి వ్యర్థమై చెడు గదయ్య,
భూనుతవిలాస, పీఠికాపురనివాస, | కుముదహితకోటిసంకాశ, కుక్కుటేశ!",vupajaathi,Kukkuteswara,"[('తొ', '|'), ('డ', '|'), ('రి', '|'), ('సు', '|'), ('జ', '|'), ('ను', '|'), ('లు', '|'), ('ధ', '|'), ('ర', '|'), ('ణి', '|'), ('లో', 'U'), ('దు', 'U'), ('ర్జ', '|'), ('ను', '|'), ('ల', '|'), ('కు', '|'), ('జే', 'U'), ('యు', '|'), ('ను', '|'), ('ప', '|'), ('కృ', '|'), ('తి', 'U'), ('వ్య', 'U'), ('ర్థ', '|'), ('మై', 'U'), ('చె', '|'), ('డు', '|'), ('గ', '|'), ('ద', 'U'), ('య్య', '|'), ('భూ', 'U'), ('ను', '|'), ('త', '|'), ('వి', '|'), ('లా', 'U'), ('స', '|'), ('పీ', 'U'), ('ఠి', '|'), ('కా', 'U'), ('పు', '|'), ('ర', '|'), ('ని', '|'), ('వా', 'U'), ('స', '|'), ('కు', '|'), ('ము', '|'), ('ద', '|'), ('హి', '|'), ('త', '|'), ('కో', 'U'), ('టి', '|'), ('సం', 'U'), ('కా', 'U'), ('శ', '|'), ('కు', 'U'), ('క్కు', '|'), ('టే', 'U'), ('శ', '|')]",1.0,-1.0,1.0,1.0,1.0,-1.0
seesamu,"పరమలోభిని దివాకరతనూభవుఁ డంచు | ఛద్మచిత్తుని హరిశ్చంద్రుఁ డనుచు
నిర్దయాత్ముని రామనృపశిఖామణి యంచుఁ | గడుకురూపిని రతికాంతుఁ డనుచు
పాపకర్ము నభంగపాండవాగ్రజుఁ డంచు | సమరభీరుని సవ్యసాచి యనుచు
కుండబీదను మరున్మండలేశ్వరుఁ డంచు | మతివిహీనుని భోగిపతి యటంచు",vupajaathi,Kukkuteswara,"[('ప', '|'), ('ర', '|'), ('మ', '|'), ('లో', 'U'), ('భి', '|'), ('ని', '|'), ('ది', '|'), ('వా', 'U'), ('క', '|'), ('ర', '|'), ('త', '|'), ('నూ', 'U'), ('భ', '|'), ('వు', '|'), ('డం', 'U'), ('చు', '|'), ('ఛ', 'U'), ('ద్మ', '|'), ('చి', 'U'), ('త్తు', '|'), ('ని', '|'), ('హ', '|'), ('రి', 'U'), ('శ్చం', 'U'), ('ద్రు', '|'), ('డ', '|'), ('ను', '|'), ('చు', '|'), ('ని', 'U'), ('ర్ద', '|'), ('యా', 'U'), ('త్ము', '|'), ('ని', '|'), ('రా', 'U'), ('మ', '|'), ('నృ', '|'), ('ప', '|'), ('శి', '|'), ('ఖా', 'U'), ('మ', '|'), ('ణి', '|'), ('యం', 'U'), ('చు', '|'), ('గ', '|'), ('డు', '|'), ('కు', '|'), ('రూ', 'U'), ('పి', '|'), ('ని', '|'), ('ర', '|'), ('తి', '|'), ('కాం', 'U'), ('తు', '|'), ('డ', '|'), ('ను', '|'), ('చు', '|'), ('పా', 'U'), ('ప', '|'), ('క', 'U'), ('ర్ము', '|'), ('న', '|'), ('భం', 'U'), ('గ', '|'), ('పాం', 'U'), ('డ', '|'), ('వా', 'U'), ('గ్ర', '|'), ('జు', '|'), ('డం', 'U'), ('చు', '|'), ('స', '|'), ('మ', '|'), ('ర', '|'), ('భీ', 'U'), ('రు', '|'), ('ని', '|'), ('స', 'U'), ('వ్య', '|'), ('సా', 'U'), ('చి', '|'), ('య', '|'), ('ను', '|'), ('చు', '|'), ('కుం', 'U'), ('డ', '|'), ('బీ', 'U'), ('ద', '|'), ('ను', '|'), ('మ', '|'), ('రు', 'U'), ('న్మం', 'U'), ('డ', '|'), ('లే', 'U'), ('శ్వ', '|'), ('రు', '|'), ('డం', 'U'), ('చు', '|'), ('మ', '|'), ('తి', '|'), ('వి', '|'), ('హీ', 'U'), ('ను', '|'), ('ని', '|'), ('భో', 'U'), ('గి', '|'), ('ప', '|'), ('తి', '|'), ('య', '|'), ('టం', 'U'), ('చు', '|')]",0.9583333333333334,-1.0,1.0,1.0,0.875,-1.0
teytageethi,"కవులు కక్కూర్తి నిసుమంత కడుపు కొఱకు | పొగడుచుండుదు రవివేకబుధు లగుచు,
భూనుతవిలాస, పీఠికాపురనివాస, | కుముదహితకోటిసంకాశ, కుక్కుటేశ!",vupajaathi,Kukkuteswara,"[('క', '|'), ('వు', '|'), ('లు', '|'), ('క', 'U'), ('క్కూ', 'U'), ('ర్తి', '|'), ('ని', '|'), ('సు', '|'), ('మం', 'U'), ('త', '|'), ('క', '|'), ('డు', '|'), ('పు', '|'), ('కొ', '|'), ('ఱ', '|'), ('కు', '|'), ('పొ', '|'), ('గ', '|'), ('డు', '|'), ('చుం', 'U'), ('డు', '|'), ('దు', '|'), ('ర', '|'), ('వి', '|'), ('వే', 'U'), ('క', '|'), ('బు', '|'), ('ధు', '|'), ('ల', '|'), ('గు', '|'), ('చు', '|'), ('భూ', 'U'), ('ను', '|'), ('త', '|'), ('వి', '|'), ('లా', 'U'), ('స', '|'), ('పీ', 'U'), ('ఠి', '|'), ('కా', 'U'), ('పు', '|'), ('ర', '|'), ('ని', '|'), ('వా', 'U'), ('స', '|'), ('కు', '|'), ('ము', '|'), ('ద', '|'), ('హి', '|'), ('త', '|'), ('కో', 'U'), ('టి', '|'), ('సం', 'U'), ('కా', 'U'), ('శ', '|'), ('కు', 'U'), ('క్కు', '|'), ('టే', 'U'), ('శ', '|')]",0.7166666666666667,-1.0,1.0,0.65,0.5,-1.0
seesamu,"పూదోఁటఁ గారెనుబోతు దూఱినయట్లు | పైరులోఁ బెనుగాబు బలిసినట్లు
గుడిమీద మఱ్ఱిమ్రాన్ గుదురు మీఱినయట్లు | చెదపుర్వునకు ఱెక్కలొదవినట్లు
వెరవొప్పఁ జెఱకున వెన్ను పుట్టినయట్లు | తులసిలో గంజాయి మొలచినట్లు
నట్టింట గడితంపుఁ బుట్ట పుట్టినయట్లు | గందమ్ములోఁ బేడ కలిసినట్లు",vupajaathi,Kukkuteswara,"[('పూ', 'U'), ('దో', 'U'), ('ట', '|'), ('గా', 'U'), ('రె', '|'), ('ను', '|'), ('బో', 'U'), ('తు', '|'), ('దూ', 'U'), ('ఱి', '|'), ('న', '|'), ('య', 'U'), ('ట్లు', '|'), ('పై', 'U'), ('రు', '|'), ('లో', 'U'), ('బె', '|'), ('ను', '|'), ('గా', 'U'), ('బు', '|'), ('బ', '|'), ('లి', '|'), ('సి', '|'), ('న', 'U'), ('ట్లు', '|'), ('గు', '|'), ('డి', '|'), ('మీ', 'U'), ('ద', '|'), ('మ', 'U'), ('ఱ్ఱి', '|'), ('మ్రా', 'U'), ('న్గు', '|'), ('దు', '|'), ('రు', '|'), ('మీ', 'U'), ('ఱి', '|'), ('న', '|'), ('య', 'U'), ('ట్లు', '|'), ('చె', '|'), ('ద', '|'), ('పు', 'U'), ('ర్వు', '|'), ('న', '|'), ('కు', '|'), ('ఱె', 'U'), ('క్క', '|'), ('లొ', '|'), ('ద', '|'), ('వి', '|'), ('న', 'U'), ('ట్లు', '|'), ('వె', '|'), ('ర', '|'), ('వొ', 'U'), ('ప్ప', '|'), ('జె', '|'), ('ఱ', '|'), ('కు', '|'), ('న', '|'), ('వె', 'U'), ('న్ను', '|'), ('పు', 'U'), ('ట్టి', '|'), ('న', '|'), ('య', 'U'), ('ట్లు', '|'), ('తు', '|'), ('ల', '|'), ('సి', '|'), ('లో', 'U'), ('గం', 'U'), ('జా', 'U'), ('యి', '|'), ('మొ', '|'), ('ల', '|'), ('చి', '|'), ('న', 'U'), ('ట్లు', '|'), ('న', 'U'), ('ట్టిం', 'U'), ('ట', '|'), ('గ', '|'), ('డి', '|'), ('తం', 'U'), ('పు', '|'), ('బు', 'U'), ('ట్ట', '|'), ('పు', 'U'), ('ట్టి', '|'), ('న', '|'), ('య', 'U'), ('ట్లు', '|'), ('గం', 'U'), ('ద', 'U'), ('మ్ము', '|'), ('లో', 'U'), ('బే', 'U'), ('డ', '|'), ('క', '|'), ('లి', '|'), ('సి', '|'), ('న', 'U'), ('ట్లు', '|')]",1.0,-1.0,1.0,1.0,1.0,-1.0
teytageethi,"వంగడంబున నొక క్రూరవర్తనుండు | పొడమి తత్ప్రాభవంబెల్ల నుడుగఁజేయు,
భూనుతవిలాస, పీఠికాపురనివాస, | కుముదహితకోటిసంకాశ, కుక్కుటేశ!",vupajaathi,Kukkuteswara,"[('వం', 'U'), ('గ', '|'), ('డం', 'U'), ('బు', '|'), ('న', '|'), ('నొ', '|'), ('క', '|'), ('క్రూ', 'U'), ('ర', '|'), ('వ', 'U'), ('ర్త', '|'), ('నుం', 'U'), ('డు', '|'), ('పొ', '|'), ('డ', '|'), ('మి', '|'), ('త', 'U'), ('త్ప్రా', 'U'), ('భ', '|'), ('వం', 'U'), ('బె', 'U'), ('ల్ల', '|'), ('ను', '|'), ('డు', '|'), ('గ', '|'), ('జే', 'U'), ('యు', '|'), ('భూ', 'U'), ('ను', '|'), ('త', '|'), ('వి', '|'), ('లా', 'U'), ('స', '|'), ('పీ', 'U'), ('ఠి', '|'), ('కా', 'U'), ('పు', '|'), ('ర', '|'), ('ని', '|'), ('వా', 'U'), ('స', '|'), ('కు', '|'), ('ము', '|'), ('ద', '|'), ('హి', '|'), ('త', '|'), ('కో', 'U'), ('టి', '|'), ('సం', 'U'), ('కా', 'U'), ('శ', '|'), ('కు', 'U'), ('క్కు', '|'), ('టే', 'U'), ('శ', '|')]",1.0,-1.0,1.0,1.0,1.0,-1.0
seesamu,"కాకిమూఁకలలోనఁ గోకిలం బున్నట్లు | కొంగలలో నంచ కూడినట్లు
సైరిభబులలోన సామజంబున్నట్లు | నక్కలలో జింక చిక్కినట్లు
ధుత్తూరములలోనఁ దులసిచెట్టున్నట్లు | ఱేఁచులలోఁ బులి రేఁచినట్లు
గ్రద్దలలో విహంగప్రభుఁడున్నట్లు | ఖరములలో వాజి దొరలినట్లు",vupajaathi,Kukkuteswara,"[('కా', 'U'), ('కి', '|'), ('మూ', 'U'), ('క', '|'), ('ల', '|'), ('లో', 'U'), ('న', '|'), ('గో', 'U'), ('కి', '|'), ('లం', 'U'), ('బు', 'U'), ('న్న', 'U'), ('ట్లు', '|'), ('కొం', 'U'), ('గ', '|'), ('ల', '|'), ('లో', 'U'), ('నం', 'U'), ('చ', '|'), ('కూ', 'U'), ('డి', '|'), ('న', 'U'), ('ట్లు', '|'), ('సై', 'U'), ('రి', '|'), ('భ', '|'), ('బు', '|'), ('ల', '|'), ('లో', 'U'), ('న', '|'), ('సా', 'U'), ('మ', '|'), ('జం', 'U'), ('బు', 'U'), ('న్న', 'U'), ('ట్లు', '|'), ('న', 'U'), ('క్క', '|'), ('ల', '|'), ('లో', 'U'), ('జిం', 'U'), ('క', '|'), ('చి', 'U'), ('క్కి', '|'), ('న', 'U'), ('ట్లు', '|'), ('ధు', 'U'), ('త్తూ', 'U'), ('ర', '|'), ('ము', '|'), ('ల', '|'), ('లో', 'U'), ('న', '|'), ('దు', '|'), ('ల', '|'), ('సి', '|'), ('చె', 'U'), ('ట్టు', 'U'), ('న్న', 'U'), ('ట్లు', '|'), ('ఱే', 'U'), ('చు', '|'), ('ల', '|'), ('లో', 'U'), ('బు', '|'), ('లి', '|'), ('రే', 'U'), ('చి', '|'), ('న', 'U'), ('ట్లు', '|'), ('గ్ర', 'U'), ('ద్ద', '|'), ('ల', '|'), ('లో', 'U'), ('వి', '|'), ('హం', 'U'), ('గ', '|'), ('ప్ర', '|'), ('భు', '|'), ('డు', 'U'), ('న్న', 'U'), ('ట్లు', '|'), ('ఖ', '|'), ('ర', '|'), ('ము', '|'), ('ల', '|'), ('లో', 'U'), ('వా', 'U'), ('జి', '|'), ('దొ', '|'), ('ర', '|'), ('లి', '|'), ('న', 'U'), ('ట్లు', '|')]",0.9791666666666666,-1.0,1.0,0.9375,1.0,-1.0
teytageethi,"ధరణిఁ బెక్కండ్రు నీచవర్తనులలోన | ఘనుఁ డొకఁడు చిక్కి యేమియుఁ గాక యుండు,
భూనుతవిలాస, పీఠికాపురనివాస, | కుముదహితకోటిసంకాశ, కుక్కుటేశ!",vupajaathi,Kukkuteswara,"[('ధ', '|'), ('ర', '|'), ('ణి', '|'), ('బె', 'U'), ('క్కం', 'U'), ('డ్రు', '|'), ('నీ', 'U'), ('చ', '|'), ('వ', 'U'), ('ర్త', '|'), ('ను', '|'), ('ల', '|'), ('లో', 'U'), ('న', '|'), ('ఘ', '|'), ('ను', '|'), ('డొ', '|'), ('క', '|'), ('డు', '|'), ('చి', 'U'), ('క్కి', '|'), ('యే', 'U'), ('మి', '|'), ('యు', '|'), ('గా', 'U'), ('క', '|'), ('యుం', 'U'), ('డు', '|'), ('భూ', 'U'), ('ను', '|'), ('త', '|'), ('వి', '|'), ('లా', 'U'), ('స', '|'), ('పీ', 'U'), ('ఠి', '|'), ('కా', 'U'), ('పు', '|'), ('ర', '|'), ('ని', '|'), ('వా', 'U'), ('స', '|'), ('కు', '|'), ('ము', '|'), ('ద', '|'), ('హి', '|'), ('త', '|'), ('కో', 'U'), ('టి', '|'), ('సం', 'U'), ('కా', 'U'), ('శ', '|'), ('కు', 'U'), ('క్కు', '|'), ('టే', 'U'), ('శ', '|')]",1.0,-1.0,1.0,1.0,1.0,-1.0
seesamu,"చక్కెరలోఁ బిప్పి సంగతంబైనట్లు | మొగిలిపువ్వున ముండ్లు మొలచినట్లు
మాలి పంటికి జీడి మట్టు మీఱినయట్లు | కనకంబునకు గామ కలిగినట్లు
గొనబుముత్తెమునకు గొగ్గి పుట్టినయట్లు | చందమామకుఁ గందు వొందినట్లు
పాలలోఁ దోడుఁ బాల్ మేళనంబైనట్లు | గంగలోపల నాఁచు గలిగినట్లు",vupajaathi,Kukkuteswara,"[('చ', 'U'), ('క్కె', '|'), ('ర', '|'), ('లో', 'U'), ('బి', 'U'), ('ప్పి', '|'), ('సం', 'U'), ('గ', '|'), ('తం', 'U'), ('బై', 'U'), ('న', 'U'), ('ట్లు', '|'), ('మొ', '|'), ('గి', '|'), ('లి', '|'), ('పు', 'U'), ('వ్వు', '|'), ('న', '|'), ('ముం', 'U'), ('డ్లు', '|'), ('మొ', '|'), ('ల', '|'), ('చి', '|'), ('న', 'U'), ('ట్లు', '|'), ('మా', 'U'), ('లి', '|'), ('పం', 'U'), ('టి', '|'), ('కి', '|'), ('జీ', 'U'), ('డి', '|'), ('మ', 'U'), ('ట్టు', '|'), ('మీ', 'U'), ('ఱి', '|'), ('న', '|'), ('య', 'U'), ('ట్లు', '|'), ('క', '|'), ('న', '|'), ('కం', 'U'), ('బు', '|'), ('న', '|'), ('కు', '|'), ('గా', 'U'), ('మ', '|'), ('క', '|'), ('లి', '|'), ('గి', '|'), ('న', 'U'), ('ట్లు', '|'), ('గొ', '|'), ('న', '|'), ('బు', '|'), ('ము', 'U'), ('త్తె', '|'), ('ము', '|'), ('న', '|'), ('కు', '|'), ('గొ', 'U'), ('గ్గి', '|'), ('పు', 'U'), ('ట్టి', '|'), ('న', '|'), ('య', 'U'), ('ట్లు', '|'), ('చం', 'U'), ('ద', '|'), ('మా', 'U'), ('మ', '|'), ('కు', '|'), ('గం', 'U'), ('దు', '|'), ('వొం', 'U'), ('ది', '|'), ('న', 'U'), ('ట్లు', '|'), ('పా', 'U'), ('ల', '|'), ('లో', 'U'), ('దో', 'U'), ('డు', '|'), ('బా', 'U'), ('ల్మే', 'U'), ('ళ', '|'), ('నం', 'U'), ('బై', 'U'), ('న', 'U'), ('ట్లు', '|'), ('గం', 'U'), ('గ', '|'), ('లో', 'U'), ('ప', '|'), ('ల', '|'), ('నా', 'U'), ('చు', '|'), ('గ', '|'), ('లి', '|'), ('గి', '|'), ('న', 'U'), ('ట్లు', '|')]",0.9583333333333334,-1.0,1.0,1.0,0.875,-1.0
teytageethi,"ఘనున కొక నేరమించుక కలిగెనేని | గొఱఁతగాఁ జూచి యెగ్గెన్నుకొనరు బుధులు,
భూనుతవిలాస, పీఠికాపురనివాస, | కుముదహితకోటిసంకాశ, కుక్కుటేశ!",vupajaathi,Kukkuteswara,"[('ఘ', '|'), ('ను', '|'), ('న', '|'), ('కొ', '|'), ('క', '|'), ('నే', 'U'), ('ర', '|'), ('మిం', 'U'), ('చు', '|'), ('క', '|'), ('క', '|'), ('లి', '|'), ('గె', '|'), ('నే', 'U'), ('ని', '|'), ('గొ', '|'), ('ఱ', '|'), ('త', '|'), ('గా', 'U'), ('జూ', 'U'), ('చి', '|'), ('యె', 'U'), ('గ్గె', 'U'), ('న్ను', '|'), ('కొ', '|'), ('న', '|'), ('రు', '|'), ('బు', '|'), ('ధు', '|'), ('లు', '|'), ('భూ', 'U'), ('ను', '|'), ('త', '|'), ('వి', '|'), ('లా', 'U'), ('స', '|'), ('పీ', 'U'), ('ఠి', '|'), ('కా', 'U'), ('పు', '|'), ('ర', '|'), ('ని', '|'), ('వా', 'U'), ('స', '|'), ('కు', '|'), ('ము', '|'), ('ద', '|'), ('హి', '|'), ('త', '|'), ('కో', 'U'), ('టి', '|'), ('సం', 'U'), ('కా', 'U'), ('శ', '|'), ('కు', 'U'), ('క్కు', '|'), ('టే', 'U'), ('శ', '|')]",1.0,-1.0,1.0,1.0,1.0,-1.0
seesamu,"కొఱగాని పంచమకులునైన నడిగించుఁ | బరదేశములవెంటఁ దిరుగఁజేయుఁ
గులములో వన్నె తక్కువయై మెలంగించు | మదిని హింసాంభోధిఁ గుదురుపఱచు
సభ నాడుమాట హాస్యరసాస్పదము సేయు | తెలివి యొక్కపుడైనఁ గలుగనీదు
తివిరి సాధులఁ బట్టి తెరవాట్లు కొట్టించు | గడలేని యిడుమలఁ గుడువఁజేయు",vupajaathi,Kukkuteswara,"[('కొ', '|'), ('ఱ', '|'), ('గా', 'U'), ('ని', '|'), ('పం', 'U'), ('చ', '|'), ('మ', '|'), ('కు', '|'), ('లు', '|'), ('నై', 'U'), ('న', '|'), ('న', '|'), ('డి', '|'), ('గిం', 'U'), ('చు', '|'), ('బ', '|'), ('ర', '|'), ('దే', 'U'), ('శ', '|'), ('ము', '|'), ('ల', '|'), ('వెం', 'U'), ('ట', '|'), ('ది', '|'), ('రు', '|'), ('గ', '|'), ('జే', 'U'), ('యు', '|'), ('గు', '|'), ('ల', '|'), ('ము', '|'), ('లో', 'U'), ('వ', 'U'), ('న్నె', '|'), ('త', 'U'), ('క్కు', '|'), ('వ', '|'), ('యై', 'U'), ('మె', '|'), ('లం', 'U'), ('గిం', 'U'), ('చు', '|'), ('మ', '|'), ('ది', '|'), ('ని', '|'), ('హిం', 'U'), ('సాం', 'U'), ('భో', 'U'), ('ధి', '|'), ('గు', '|'), ('దు', '|'), ('రు', '|'), ('ప', '|'), ('ఱ', '|'), ('చు', '|'), ('స', '|'), ('భ', '|'), ('నా', 'U'), ('డు', '|'), ('మా', 'U'), ('ట', '|'), ('హా', 'U'), ('స్య', '|'), ('ర', '|'), ('సా', 'U'), ('స్ప', '|'), ('ద', '|'), ('ము', '|'), ('సే', 'U'), ('యు', '|'), ('తె', '|'), ('లి', '|'), ('వి', '|'), ('యొ', 'U'), ('క్క', '|'), ('పు', '|'), ('డై', 'U'), ('న', '|'), ('గ', '|'), ('లు', '|'), ('గ', '|'), ('నీ', 'U'), ('దు', '|'), ('తి', '|'), ('వి', '|'), ('రి', '|'), ('సా', 'U'), ('ధు', '|'), ('ల', '|'), ('బ', 'U'), ('ట్టి', '|'), ('తె', '|'), ('ర', '|'), ('వా', 'U'), ('ట్లు', '|'), ('కొ', 'U'), ('ట్టిం', 'U'), ('చు', '|'), ('గ', '|'), ('డ', '|'), ('లే', 'U'), ('ని', '|'), ('యి', '|'), ('డు', '|'), ('మ', '|'), ('ల', '|'), ('గు', '|'), ('డు', '|'), ('వ', '|'), ('జే', 'U'), ('యు', '|')]",1.0,-1.0,1.0,1.0,1.0,-1.0
teytageethi,"ధరణిలోపల నకట పేదఱికమెంత | కాని దది వద్దు సుమ పగవానికైన,
భూనుతవిలాస, పీఠికాపురనివాస, | కుముదహితకోటిసంకాశ, కుక్కుటేశ!",vupajaathi,Kukkuteswara,"[('ధ', '|'), ('ర', '|'), ('ణి', '|'), ('లో', 'U'), ('ప', '|'), ('ల', '|'), ('న', '|'), ('క', '|'), ('ట', '|'), ('పే', 'U'), ('ద', '|'), ('ఱి', '|'), ('క', '|'), ('మెం', 'U'), ('త', '|'), ('కా', 'U'), ('ని', '|'), ('ద', '|'), ('ది', '|'), ('వ', 'U'), ('ద్దు', '|'), ('సు', '|'), ('మ', '|'), ('ప', '|'), ('గ', '|'), ('వా', 'U'), ('ని', '|'), ('కై', 'U'), ('న', '|'), ('భూ', 'U'), ('ను', '|'), ('త', '|'), ('వి', '|'), ('లా', 'U'), ('స', '|'), ('పీ', 'U'), ('ఠి', '|'), ('కా', 'U'), ('పు', '|'), ('ర', '|'), ('ని', '|'), ('వా', 'U'), ('స', '|'), ('కు', '|'), ('ము', '|'), ('ద', '|'), ('హి', '|'), ('త', '|'), ('కో', 'U'), ('టి', '|'), ('సం', 'U'), ('కా', 'U'), ('శ', '|'), ('కు', 'U'), ('క్కు', '|'), ('టే', 'U'), ('శ', '|')]",1.0,-1.0,1.0,1.0,1.0,-1.0
seesamu,"కులమున కెల్ల మిక్కిలితనం బొనఁగూడు | నాడినమాటయే పాడి యెసఁగు
నిఖిలవిద్యాభ్యాసనిపుణత లభియించుఁ | జేసిన పనులెల్ల వాసికెక్కు
మనుజేశ్వరాస్థానమాన్యత సమకూఱుఁ | గడలేని తేజంబు గలిగియుండు
కవిబుధవందిమాగధుల చెల్మి ఘటించుఁ | బగరయైనను వెంటఁ బడి చరించు",vupajaathi,Kukkuteswara,"[('కు', '|'), ('ల', '|'), ('ము', '|'), ('న', '|'), ('కె', 'U'), ('ల్ల', '|'), ('మి', 'U'), ('క్కి', '|'), ('లి', '|'), ('త', '|'), ('నం', 'U'), ('బొ', '|'), ('న', '|'), ('గూ', 'U'), ('డు', '|'), ('నా', 'U'), ('డి', '|'), ('న', '|'), ('మా', 'U'), ('ట', '|'), ('యే', 'U'), ('పా', 'U'), ('డి', '|'), ('యె', '|'), ('స', '|'), ('గు', '|'), ('ని', '|'), ('ఖి', '|'), ('ల', '|'), ('వి', 'U'), ('ద్యా', 'U'), ('భ్యా', 'U'), ('స', '|'), ('ని', '|'), ('పు', '|'), ('ణ', '|'), ('త', '|'), ('ల', '|'), ('భి', '|'), ('యిం', 'U'), ('చు', '|'), ('జే', 'U'), ('సి', '|'), ('న', '|'), ('ప', '|'), ('ను', '|'), ('లె', 'U'), ('ల్ల', '|'), ('వా', 'U'), ('సి', '|'), ('కె', 'U'), ('క్కు', '|'), ('మ', '|'), ('ను', '|'), ('జే', 'U'), ('శ్వ', '|'), ('రా', 'U'), ('స్థా', 'U'), ('న', '|'), ('మా', 'U'), ('న్య', '|'), ('త', '|'), ('స', '|'), ('మ', '|'), ('కూ', 'U'), ('ఱు', '|'), ('గ', '|'), ('డ', '|'), ('లే', 'U'), ('ని', '|'), ('తే', 'U'), ('జం', 'U'), ('బు', '|'), ('గ', '|'), ('లి', '|'), ('గి', '|'), ('యుం', 'U'), ('డు', '|'), ('క', '|'), ('వి', '|'), ('బు', '|'), ('ధ', '|'), ('వం', 'U'), ('ది', '|'), ('మా', 'U'), ('గ', '|'), ('ధు', '|'), ('ల', '|'), ('చె', 'U'), ('ల్మి', '|'), ('ఘ', '|'), ('టిం', 'U'), ('చు', '|'), ('బ', '|'), ('గ', '|'), ('ర', '|'), ('యై', 'U'), ('న', '|'), ('ను', '|'), ('వెం', 'U'), ('ట', '|'), ('బ', '|'), ('డి', '|'), ('చ', '|'), ('రిం', 'U'), ('చు', '|')]",1.0,-1.0,1.0,1.0,1.0,-1.0
teytageethi,"గలియుగంబున నబ్బబ్బ కలిమివంటి | మంచివస్తువు కలదె యోజించి చూడ,
భూనుతవిలాస, పీఠికాపురనివాస, | కుముదహితకోటిసంకాశ, కుక్కుటేశ!",vupajaathi,Kukkuteswara,"[('గ', '|'), ('లి', '|'), ('యు', '|'), ('గం', 'U'), ('బు', '|'), ('న', '|'), ('న', 'U'), ('బ్బ', 'U'), ('బ్బ', '|'), ('క', '|'), ('లి', '|'), ('మి', '|'), ('వం', 'U'), ('టి', '|'), ('మం', 'U'), ('చి', '|'), ('వ', 'U'), ('స్తు', '|'), ('వు', '|'), ('క', '|'), ('ల', '|'), ('దె', '|'), ('యో', 'U'), ('జిం', 'U'), ('చి', '|'), ('చూ', 'U'), ('డ', '|'), ('భూ', 'U'), ('ను', '|'), ('త', '|'), ('వి', '|'), ('లా', 'U'), ('స', '|'), ('పీ', 'U'), ('ఠి', '|'), ('కా', 'U'), ('పు', '|'), ('ర', '|'), ('ని', '|'), ('వా', 'U'), ('స', '|'), ('కు', '|'), ('ము', '|'), ('ద', '|'), ('హి', '|'), ('త', '|'), ('కో', 'U'), ('టి', '|'), ('సం', 'U'), ('కా', 'U'), ('శ', '|'), ('కు', 'U'), ('క్కు', '|'), ('టే', 'U'), ('శ', '|')]",1.0,-1.0,1.0,1.0,1.0,-1.0
seesamu,"బంధుజాతములోన బహుమాన మెడలించు | సభలలో మాటాడఁ జనవులేదు
పరమైన విజ్ఞానసరత సిద్ధించదు | కుమతులు గెగ్గెర్లఁ గొట్టుచుంద్రు
పరభూమి కేఁగినఁ బాటింపరెవ్వరుఁ | బ్రతిభావిశేషంబు పట్టువడదు
ధారుణీపతు లొక్కదానమే నొసఁగరు | కులసతి యతనిఁ దక్కువగఁ జూచు",vupajaathi,Kukkuteswara,"[('బం', 'U'), ('ధు', '|'), ('జా', 'U'), ('త', '|'), ('ము', '|'), ('లో', 'U'), ('న', '|'), ('బ', '|'), ('హు', '|'), ('మా', 'U'), ('న', '|'), ('మె', '|'), ('డ', '|'), ('లిం', 'U'), ('చు', '|'), ('స', '|'), ('భ', '|'), ('ల', '|'), ('లో', 'U'), ('మా', 'U'), ('టా', 'U'), ('డ', '|'), ('జ', '|'), ('న', '|'), ('వు', '|'), ('లే', 'U'), ('దు', '|'), ('ప', '|'), ('ర', '|'), ('మై', 'U'), ('న', '|'), ('వి', 'U'), ('జ్ఞా', 'U'), ('న', '|'), ('స', '|'), ('ర', '|'), ('త', '|'), ('సి', 'U'), ('ద్ధిం', 'U'), ('చ', '|'), ('దు', '|'), ('కు', '|'), ('మ', '|'), ('తు', '|'), ('లు', '|'), ('గె', 'U'), ('గ్గె', 'U'), ('ర్ల', '|'), ('గొ', 'U'), ('ట్టు', '|'), ('చుం', 'U'), ('ద్రు', '|'), ('ప', '|'), ('ర', '|'), ('భూ', 'U'), ('మి', '|'), ('కే', 'U'), ('గి', '|'), ('న', '|'), ('బా', 'U'), ('టిం', 'U'), ('ప', '|'), ('రె', 'U'), ('వ్వ', '|'), ('రు', '|'), ('బ్ర', '|'), ('తి', '|'), ('భా', 'U'), ('వి', '|'), ('శే', 'U'), ('షం', 'U'), ('బు', '|'), ('ప', 'U'), ('ట్టు', '|'), ('వ', '|'), ('డ', '|'), ('దు', '|'), ('ధా', 'U'), ('రు', '|'), ('ణీ', 'U'), ('ప', '|'), ('తు', '|'), ('లొ', 'U'), ('క్క', '|'), ('దా', 'U'), ('న', '|'), ('మే', 'U'), ('నొ', '|'), ('స', '|'), ('గ', '|'), ('రు', '|'), ('కు', '|'), ('ల', '|'), ('స', '|'), ('తి', '|'), ('య', '|'), ('త', '|'), ('ని', '|'), ('ద', 'U'), ('క్కు', '|'), ('వ', '|'), ('గ', '|'), ('జూ', 'U'), ('చు', '|')]",1.0,-1.0,1.0,1.0,1.0,-1.0
teytageethi,"నకట విద్యావిహీనత యంత కీడు | లేదు గద మర్త్యులకు ధాత్రిమీఁద నరయ,
భూనుతవిలాస, పీఠికాపురనివాస, | కుముదహితకోటిసంకాశ, కుక్కుటేశ!",vupajaathi,Kukkuteswara,"[('న', '|'), ('క', '|'), ('ట', '|'), ('వి', 'U'), ('ద్యా', 'U'), ('వి', '|'), ('హీ', 'U'), ('న', '|'), ('త', '|'), ('యం', 'U'), ('త', '|'), ('కీ', 'U'), ('డు', '|'), ('లే', 'U'), ('దు', '|'), ('గ', '|'), ('ద', '|'), ('మ', 'U'), ('ర్త్యు', '|'), ('ల', '|'), ('కు', '|'), ('ధా', 'U'), ('త్రి', '|'), ('మీ', 'U'), ('ద', '|'), ('న', '|'), ('ర', '|'), ('య', '|'), ('భూ', 'U'), ('ను', '|'), ('త', '|'), ('వి', '|'), ('లా', 'U'), ('స', '|'), ('పీ', 'U'), ('ఠి', '|'), ('కా', 'U'), ('పు', '|'), ('ర', '|'), ('ని', '|'), ('వా', 'U'), ('స', '|'), ('కు', '|'), ('ము', '|'), ('ద', '|'), ('హి', '|'), ('త', '|'), ('కో', 'U'), ('టి', '|'), ('సం', 'U'), ('కా', 'U'), ('శ', '|'), ('కు', 'U'), ('క్కు', '|'), ('టే', 'U'), ('శ', '|')]",0.9166666666666666,-1.0,1.0,1.0,0.75,-1.0
seesamu,"కడుపార ఘృతమాంసఖండముల్ కడు మెక్కి | పుక్కిటఁ దమలంబు తుక్కు ద్రొక్కి
లావగు గడితంపుఠీవి గన్గొని నిక్కి | విడువక గేస్తుల మెడలు నొక్కి
కూర్చు రొక్కము చందుగులఁ గ్రిక్కిఱియఁ గ్రుక్కి | కసరుచు జనులపై విసము గ్రక్కి
కవిబుధవరుల ఢాకలకు మూలలఁ జిక్కి | కక్కుచుఁ బల్లకీ కుక్కులెక్కి",vupajaathi,Kukkuteswara,"[('క', '|'), ('డు', '|'), ('పా', 'U'), ('ర', '|'), ('ఘృ', '|'), ('త', '|'), ('మాం', 'U'), ('స', '|'), ('ఖం', 'U'), ('డ', '|'), ('ము', 'U'), ('ల్క', '|'), ('డు', '|'), ('మె', 'U'), ('క్కి', '|'), ('పు', 'U'), ('క్కి', '|'), ('ట', '|'), ('ద', '|'), ('మ', '|'), ('లం', 'U'), ('బు', '|'), ('తు', 'U'), ('క్కు', '|'), ('ద్రొ', 'U'), ('క్కి', '|'), ('లా', 'U'), ('వ', '|'), ('గు', '|'), ('గ', '|'), ('డి', '|'), ('తం', 'U'), ('పు', '|'), ('ఠీ', 'U'), ('వి', '|'), ('గ', 'U'), ('న్గొ', '|'), ('ని', '|'), ('ని', 'U'), ('క్కి', '|'), ('వి', '|'), ('డు', '|'), ('వ', '|'), ('క', '|'), ('గే', 'U'), ('స్తు', '|'), ('ల', '|'), ('మె', '|'), ('డ', '|'), ('లు', '|'), ('నొ', 'U'), ('క్కి', '|'), ('కూ', 'U'), ('ర్చు', '|'), ('రొ', 'U'), ('క్క', '|'), ('ము', '|'), ('చం', 'U'), ('దు', '|'), ('గు', '|'), ('ల', '|'), ('గ్రి', 'U'), ('క్కి', '|'), ('ఱి', '|'), ('య', '|'), ('గ్రు', 'U'), ('క్కి', '|'), ('క', '|'), ('స', '|'), ('రు', '|'), ('చు', '|'), ('జ', '|'), ('ను', '|'), ('ల', '|'), ('పై', 'U'), ('వి', '|'), ('స', '|'), ('ము', '|'), ('గ్ర', 'U'), ('క్కి', '|'), ('క', '|'), ('వి', '|'), ('బు', '|'), ('ధ', '|'), ('వ', '|'), ('రు', '|'), ('ల', '|'), ('ఢా', 'U'), ('క', '|'), ('ల', '|'), ('కు', '|'), ('మూ', 'U'), ('ల', '|'), ('ల', '|'), ('జి', 'U'), ('క్కి', '|'), ('క', 'U'), ('క్కు', '|'), ('చు', '|'), ('బ', 'U'), ('ల్ల', '|'), ('కీ', 'U'), ('కు', 'U'), ('క్కు', '|'), ('లె', 'U'), ('క్కి', '|')]",1.0,-1.0,1.0,1.0,1.0,-1.0
teytageethi,"నిక్కి మిక్కుటమైన యాదొక్కి బొక్కి- | లో టక్కరి నృపాలకులకీ ర్తి దక్కునొక్కొ,
భూనుతవిలాస, పీఠికాపురనివాస, | కుముదహితకోటిసంకాశ, కుక్కుటేశ!",vupajaathi,Kukkuteswara,"[('ని', 'U'), ('క్కి', '|'), ('మి', 'U'), ('క్కు', '|'), ('ట', '|'), ('మై', 'U'), ('న', '|'), ('యా', 'U'), ('దొ', 'U'), ('క్కి', '|'), ('బొ', 'U'), ('క్కి', '|'), ('లో', 'U'), ('ట', 'U'), ('క్క', '|'), ('రి', '|'), ('నృ', '|'), ('పా', 'U'), ('ల', '|'), ('కు', '|'), ('ల', '|'), ('కీ', 'U'), ('ర్తి', '|'), ('ద', 'U'), ('క్కు', '|'), ('నొ', 'U'), ('క్కొ', '|'), ('భూ', 'U'), ('ను', '|'), ('త', '|'), ('వి', '|'), ('లా', 'U'), ('స', '|'), ('పీ', 'U'), ('ఠి', '|'), ('కా', 'U'), ('పు', '|'), ('ర', '|'), ('ని', '|'), ('వా', 'U'), ('స', '|'), ('కు', '|'), ('ము', '|'), ('ద', '|'), ('హి', '|'), ('త', '|'), ('కో', 'U'), ('టి', '|'), ('సం', 'U'), ('కా', 'U'), ('శ', '|'), ('కు', 'U'), ('క్కు', '|'), ('టే', 'U'), ('శ', '|')]",0.9,-1.0,1.0,0.95,0.75,-1.0
seesamu,"అనయమ్ము రాజ్యాంతమున నరకము ధ్రువ | మ్మని స్మృతుల్ వచియింప వినఁగలేదొ
మును హరిశ్చంద్రాది మనుజేంద్రు లనఘులై | చనిరన్న సత్కథల్ వినఁగలేదొ
దండధరుండు మీఁదట దురాత్ములఁ బట్టి | వెతఁ బెట్టునను మాట వినఁగలేదొ
మహిలోన జాతస్య మరణం ధ్రువమ్మని | విబుధులు పలుకంగ వినఁగలేదొ",vupajaathi,Kukkuteswara,"[('అ', '|'), ('న', '|'), ('య', 'U'), ('మ్ము', '|'), ('రా', 'U'), ('జ్యాం', 'U'), ('త', '|'), ('ము', '|'), ('న', '|'), ('న', '|'), ('ర', '|'), ('క', '|'), ('ము', '|'), ('ధ్రు', '|'), ('వ', 'U'), ('మ్మ', '|'), ('ని', 'U'), ('స్మృ', '|'), ('తు', 'U'), ('ల్వ', '|'), ('చి', '|'), ('యిం', 'U'), ('ప', '|'), ('వి', '|'), ('న', '|'), ('గ', '|'), ('లే', 'U'), ('దొ', '|'), ('ము', '|'), ('ను', '|'), ('హ', '|'), ('రి', 'U'), ('శ్చం', 'U'), ('ద్రా', 'U'), ('ది', '|'), ('మ', '|'), ('ను', '|'), ('జేం', 'U'), ('ద్రు', '|'), ('ల', '|'), ('న', '|'), ('ఘు', '|'), ('లై', 'U'), ('చ', '|'), ('ని', '|'), ('ర', 'U'), ('న్న', '|'), ('స', 'U'), ('త్క', '|'), ('థ', 'U'), ('ల్వి', '|'), ('న', '|'), ('గ', '|'), ('లే', 'U'), ('దొ', '|'), ('దం', 'U'), ('డ', '|'), ('ధ', '|'), ('రుం', 'U'), ('డు', '|'), ('మీ', 'U'), ('ద', '|'), ('ట', '|'), ('దు', '|'), ('రా', 'U'), ('త్ము', '|'), ('ల', '|'), ('బ', 'U'), ('ట్టి', '|'), ('వె', '|'), ('త', '|'), ('బె', 'U'), ('ట్టు', '|'), ('న', '|'), ('ను', '|'), ('మా', 'U'), ('ట', '|'), ('వి', '|'), ('న', '|'), ('గ', '|'), ('లే', 'U'), ('దొ', '|'), ('మ', '|'), ('హి', '|'), ('లో', 'U'), ('న', '|'), ('జా', 'U'), ('త', 'U'), ('స్య', '|'), ('మ', '|'), ('ర', '|'), ('ణం', 'U'), ('ధ్రు', '|'), ('వ', 'U'), ('మ్మ', '|'), ('ని', '|'), ('వి', '|'), ('బు', '|'), ('ధు', '|'), ('లు', '|'), ('ప', '|'), ('లు', '|'), ('కం', 'U'), ('గ', '|'), ('వి', '|'), ('న', '|'), ('గ', '|'), ('లే', 'U'), ('దొ', '|')]",0.9895833333333334,-1.0,1.0,0.96875,1.0,-1.0
teytageethi,"కాని దుర్మతులయి ప్రజఁ గలంచి ధనముఁ | గూర్పఁజూతురు బేలలై కూళదొరలు,
భూనుతవిలాస, పీఠికాపురనివాస, | కుముదహితకోటిసంకాశ, కుక్కుటేశ!",vupajaathi,Kukkuteswara,"[('కా', 'U'), ('ని', '|'), ('దు', 'U'), ('ర్మ', '|'), ('తు', '|'), ('ల', '|'), ('యి', '|'), ('ప్ర', '|'), ('జ', '|'), ('గ', '|'), ('లం', 'U'), ('చి', '|'), ('ధ', '|'), ('న', '|'), ('ము', '|'), ('గూ', 'U'), ('ర్ప', '|'), ('జూ', 'U'), ('తు', '|'), ('రు', '|'), ('బే', 'U'), ('ల', '|'), ('లై', 'U'), ('కూ', 'U'), ('ళ', '|'), ('దొ', '|'), ('ర', '|'), ('లు', '|'), ('భూ', 'U'), ('ను', '|'), ('త', '|'), ('వి', '|'), ('లా', 'U'), ('స', '|'), ('పీ', 'U'), ('ఠి', '|'), ('కా', 'U'), ('పు', '|'), ('ర', '|'), ('ని', '|'), ('వా', 'U'), ('స', '|'), ('కు', '|'), ('ము', '|'), ('ద', '|'), ('హి', '|'), ('త', '|'), ('కో', 'U'), ('టి', '|'), ('సం', 'U'), ('కా', 'U'), ('శ', '|'), ('కు', 'U'), ('క్కు', '|'), ('టే', 'U'), ('శ', '|')]",0.9833333333333334,-1.0,1.0,0.95,1.0,-1.0
seesamu,"మరుమరీచికలు తామరసపత్రాంతర- | సలిలబిందువులు చంచలలు హస్తి-
కర్ణాంతములు దీపకళికాశిఖలు బుద్బు- | దములు మంగలి చేతిదర్పణములు
మిణుఁగురుఁ బురువుల మెఱపు లభ్రచ్ఛాయ- | లైంద్రజాలికు నాట లంబురాశి-
వీచులు చలదళవృక్షపలాశముల్ | తృణహుతాశనముల తెఱఁగు లిట్టి",vupajaathi,Kukkuteswara,"[('మ', '|'), ('రు', '|'), ('మ', '|'), ('రీ', 'U'), ('చి', '|'), ('క', '|'), ('లు', '|'), ('తా', 'U'), ('మ', '|'), ('ర', '|'), ('స', '|'), ('ప', '|'), ('త్రాం', 'U'), ('త', '|'), ('ర', '|'), ('స', '|'), ('లి', '|'), ('ల', '|'), ('బిం', 'U'), ('దు', '|'), ('వు', '|'), ('లు', '|'), ('చం', 'U'), ('చ', '|'), ('ల', '|'), ('లు', '|'), ('హ', 'U'), ('స్తి', '|'), ('క', 'U'), ('ర్ణాం', 'U'), ('త', '|'), ('ము', '|'), ('లు', '|'), ('దీ', 'U'), ('ప', '|'), ('క', '|'), ('ళి', '|'), ('కా', 'U'), ('శి', '|'), ('ఖ', '|'), ('లు', '|'), ('బు', 'U'), ('ద్బు', '|'), ('ద', '|'), ('ము', '|'), ('లు', '|'), ('మం', 'U'), ('గ', '|'), ('లి', '|'), ('చే', 'U'), ('తి', '|'), ('ద', 'U'), ('ర్ప', '|'), ('ణ', '|'), ('ము', '|'), ('లు', '|'), ('మి', '|'), ('ణు', '|'), ('గు', '|'), ('రు', '|'), ('బు', '|'), ('రు', '|'), ('వు', '|'), ('ల', '|'), ('మె', '|'), ('ఱ', '|'), ('పు', '|'), ('ల', '|'), ('భ్ర', 'U'), ('చ్ఛా', 'U'), ('య', '|'), ('లైం', 'U'), ('ద్ర', '|'), ('జా', 'U'), ('లి', '|'), ('కు', '|'), ('నా', 'U'), ('ట', '|'), ('లం', 'U'), ('బు', '|'), ('రా', 'U'), ('శి', '|'), ('వీ', 'U'), ('చు', '|'), ('లు', '|'), ('చ', '|'), ('ల', '|'), ('ద', '|'), ('ళ', '|'), ('వృ', 'U'), ('క్ష', '|'), ('ప', '|'), ('లా', 'U'), ('శ', '|'), ('ము', 'U'), ('ల్తృ', '|'), ('ణ', '|'), ('హు', '|'), ('తా', 'U'), ('శ', '|'), ('న', '|'), ('ము', '|'), ('ల', '|'), ('తె', '|'), ('ఱ', '|'), ('గు', '|'), ('లి', 'U'), ('ట్టి', '|')]",0.9583333333333334,-1.0,1.0,1.0,0.875,-1.0
teytageethi,"సిరులు నిలుకడలని నమ్మి చెనఁటు లురక | చెడుదు రెన్నడు ధర్మంబు సేయలేక,
భూనుతవిలాస, పీఠికాపురనివాస, | కుముదహితకోటిసంకాశ, కుక్కుటేశ!",vupajaathi,Kukkuteswara,"[('సి', '|'), ('రు', '|'), ('లు', '|'), ('ని', '|'), ('లు', '|'), ('క', '|'), ('డ', '|'), ('ల', '|'), ('ని', '|'), ('న', 'U'), ('మ్మి', '|'), ('చె', '|'), ('న', '|'), ('టు', '|'), ('లు', '|'), ('ర', '|'), ('క', '|'), ('చె', '|'), ('డు', '|'), ('దు', '|'), ('రె', 'U'), ('న్న', '|'), ('డు', '|'), ('ధ', 'U'), ('ర్మం', 'U'), ('బు', '|'), ('సే', 'U'), ('య', '|'), ('లే', 'U'), ('క', '|'), ('భూ', 'U'), ('ను', '|'), ('త', '|'), ('వి', '|'), ('లా', 'U'), ('స', '|'), ('పీ', 'U'), ('ఠి', '|'), ('కా', 'U'), ('పు', '|'), ('ర', '|'), ('ని', '|'), ('వా', 'U'), ('స', '|'), ('కు', '|'), ('ము', '|'), ('ద', '|'), ('హి', '|'), ('త', '|'), ('కో', 'U'), ('టి', '|'), ('సం', 'U'), ('కా', 'U'), ('శ', '|'), ('కు', 'U'), ('క్కు', '|'), ('టే', 'U'), ('శ', '|')]",1.0,-1.0,1.0,1.0,1.0,-1.0
seesamu,"భోగియై ప్రతిదినత్యాగియై పుణ్యసం- | యోగియై సుజనానురాగి యగుచు
దాతయై బుధజనత్రాతయై నిఖిలవి- | జ్ఞాతయై కుశలసంధాత యగుచు
ధీరుఁడై రణరంగవీరుఁడై నిర్మలా- | చారుఁడై నిరుపమోదారుఁ డగుచు
శాంతుఁడై సదమలస్వాంతుఁడై కీర్తిది- | గంతుఁడై పటుబలవంతుఁ డగుచు",vupajaathi,Kukkuteswara,"[('భో', 'U'), ('గి', '|'), ('యై', 'U'), ('ప్ర', '|'), ('తి', '|'), ('ది', '|'), ('న', 'U'), ('త్యా', 'U'), ('గి', '|'), ('యై', 'U'), ('పు', 'U'), ('ణ్య', '|'), ('సం', 'U'), ('యో', 'U'), ('గి', '|'), ('యై', 'U'), ('సు', '|'), ('జ', '|'), ('నా', 'U'), ('ను', '|'), ('రా', 'U'), ('గి', '|'), ('య', '|'), ('గు', '|'), ('చు', '|'), ('దా', 'U'), ('త', '|'), ('యై', 'U'), ('బు', '|'), ('ధ', '|'), ('జ', '|'), ('న', '|'), ('త్రా', 'U'), ('త', '|'), ('యై', 'U'), ('ని', '|'), ('ఖి', '|'), ('ల', '|'), ('వి', 'U'), ('జ్ఞా', 'U'), ('త', '|'), ('యై', 'U'), ('కు', '|'), ('శ', '|'), ('ల', '|'), ('సం', 'U'), ('ధా', 'U'), ('త', '|'), ('య', '|'), ('గు', '|'), ('చు', '|'), ('ధీ', 'U'), ('రు', '|'), ('డై', 'U'), ('ర', '|'), ('ణ', '|'), ('రం', 'U'), ('గ', '|'), ('వీ', 'U'), ('రు', '|'), ('డై', 'U'), ('ని', 'U'), ('ర్మ', '|'), ('లా', 'U'), ('చా', 'U'), ('రు', '|'), ('డై', 'U'), ('ని', '|'), ('రు', '|'), ('ప', '|'), ('మో', 'U'), ('దా', 'U'), ('రు', '|'), ('డ', '|'), ('గు', '|'), ('చు', '|'), ('శాం', 'U'), ('తు', '|'), ('డై', 'U'), ('స', '|'), ('ద', '|'), ('మ', '|'), ('ల', 'U'), ('స్వాం', 'U'), ('తు', '|'), ('డై', 'U'), ('కీ', 'U'), ('ర్తి', '|'), ('ది', '|'), ('గం', 'U'), ('తు', '|'), ('డై', 'U'), ('ప', '|'), ('టు', '|'), ('బ', '|'), ('ల', '|'), ('వం', 'U'), ('తు', '|'), ('డ', '|'), ('గు', '|'), ('చు', '|')]",1.0,-1.0,1.0,1.0,1.0,-1.0
teytageethi,"రాజ్యమేలంగఁ గలవాఁడె రాజు గాక | హీనమతియై చరించువాఁ డేటి రాజు?
భూనుతవిలాస, పీఠికాపురనివాస, | కుముదహితకోటిసంకాశ, కుక్కుటేశ!",vupajaathi,Kukkuteswara,"[('రా', 'U'), ('జ్య', '|'), ('మే', 'U'), ('లం', 'U'), ('గ', '|'), ('గ', '|'), ('ల', '|'), ('వా', 'U'), ('డె', '|'), ('రా', 'U'), ('జు', '|'), ('గా', 'U'), ('క', '|'), ('హీ', 'U'), ('న', '|'), ('మ', '|'), ('తి', '|'), ('యై', 'U'), ('చ', '|'), ('రిం', 'U'), ('చు', '|'), ('వా', 'U'), ('డే', 'U'), ('టి', '|'), ('రా', 'U'), ('జు', '|'), ('భూ', 'U'), ('ను', '|'), ('త', '|'), ('వి', '|'), ('లా', 'U'), ('స', '|'), ('పీ', 'U'), ('ఠి', '|'), ('కా', 'U'), ('పు', '|'), ('ర', '|'), ('ని', '|'), ('వా', 'U'), ('స', '|'), ('కు', '|'), ('ము', '|'), ('ద', '|'), ('హి', '|'), ('త', '|'), ('కో', 'U'), ('టి', '|'), ('సం', 'U'), ('కా', 'U'), ('శ', '|'), ('కు', 'U'), ('క్కు', '|'), ('టే', 'U'), ('శ', '|')]",0.9166666666666666,-1.0,1.0,1.0,0.75,-1.0
seesamu,"ఘూకంబు తెఱఁగున గొందుల నిరుకుచు | భుజగంబు చాడ్పున బుస్సుమనుచు
బెబ్బులి కరణిఁ గంపిల డాక సేయుచు | భేకంబు గతి మేనిబెంపు గనుచు
భల్లూకమట్లు చొప్పడ విఱ్ఱవీఁగుచు | నాఁబోతు కైవడి నాముకొనుచు
గోమాయువట్ల యెన్నోమాయ లూనుచుఁ | గ్రోడంబువలెఁ గొరకొర నెగపుచు",vupajaathi,Kukkuteswara,"[('ఘూ', 'U'), ('కం', 'U'), ('బు', '|'), ('తె', '|'), ('ఱ', '|'), ('గు', '|'), ('న', '|'), ('గొం', 'U'), ('దు', '|'), ('ల', '|'), ('ని', '|'), ('రు', '|'), ('కు', '|'), ('చు', '|'), ('భు', '|'), ('జ', '|'), ('గం', 'U'), ('బు', '|'), ('చా', 'U'), ('డ్పు', '|'), ('న', '|'), ('బు', 'U'), ('స్సు', '|'), ('మ', '|'), ('ను', '|'), ('చు', '|'), ('బె', 'U'), ('బ్బు', '|'), ('లి', '|'), ('క', '|'), ('ర', '|'), ('ణి', '|'), ('గం', 'U'), ('పి', '|'), ('ల', '|'), ('డా', 'U'), ('క', '|'), ('సే', 'U'), ('యు', '|'), ('చు', '|'), ('భే', 'U'), ('కం', 'U'), ('బు', '|'), ('గ', '|'), ('తి', '|'), ('మే', 'U'), ('ని', '|'), ('బెం', 'U'), ('పు', '|'), ('గ', '|'), ('ను', '|'), ('చు', '|'), ('భ', 'U'), ('ల్లూ', 'U'), ('క', '|'), ('మ', 'U'), ('ట్లు', '|'), ('చొ', 'U'), ('ప్ప', '|'), ('డ', '|'), ('వి', 'U'), ('ఱ్ఱ', '|'), ('వీ', 'U'), ('గు', '|'), ('చు', '|'), ('నా', 'U'), ('బో', 'U'), ('తు', '|'), ('కై', 'U'), ('వ', '|'), ('డి', '|'), ('నా', 'U'), ('ము', '|'), ('కొ', '|'), ('ను', '|'), ('చు', '|'), ('గో', 'U'), ('మా', 'U'), ('యు', '|'), ('వ', 'U'), ('ట్ల', '|'), ('యె', 'U'), ('న్నో', 'U'), ('మా', 'U'), ('య', '|'), ('లూ', 'U'), ('ను', '|'), ('చు', '|'), ('గ్రో', 'U'), ('డం', 'U'), ('బు', '|'), ('వ', '|'), ('లె', '|'), ('గొ', '|'), ('ర', '|'), ('కొ', '|'), ('ర', '|'), ('నె', '|'), ('గ', '|'), ('పు', '|'), ('చు', '|')]",1.0,-1.0,1.0,1.0,1.0,-1.0
teytageethi,"దనరు క్రూరనృపాలకాధముల నమ్మి | సిరుల కాసించువాఁ డొక్క చెనఁటికాఁడె
భూనుతవిలాస, పీఠికాపురనివాస, | కుముదహితకోటిసంకాశ, కుక్కుటేశ!",vupajaathi,Kukkuteswara,"[('ద', '|'), ('న', '|'), ('రు', '|'), ('క్రూ', 'U'), ('ర', '|'), ('నృ', '|'), ('పా', 'U'), ('ల', '|'), ('కా', 'U'), ('ధ', '|'), ('ము', '|'), ('ల', '|'), ('న', 'U'), ('మ్మి', '|'), ('సి', '|'), ('రు', '|'), ('ల', '|'), ('కా', 'U'), ('సిం', 'U'), ('చు', '|'), ('వా', 'U'), ('డొ', 'U'), ('క్క', '|'), ('చె', '|'), ('న', '|'), ('టి', '|'), ('కా', 'U'), ('డె', '|'), ('భూ', 'U'), ('ను', '|'), ('త', '|'), ('వి', '|'), ('లా', 'U'), ('స', '|'), ('పీ', 'U'), ('ఠి', '|'), ('కా', 'U'), ('పు', '|'), ('ర', '|'), ('ని', '|'), ('వా', 'U'), ('స', '|'), ('కు', '|'), ('ము', '|'), ('ద', '|'), ('హి', '|'), ('త', '|'), ('కో', 'U'), ('టి', '|'), ('సం', 'U'), ('కా', 'U'), ('శ', '|'), ('కు', 'U'), ('క్కు', '|'), ('టే', 'U'), ('శ', '|')]",1.0,-1.0,1.0,1.0,1.0,-1.0
seesamu,"కోప మెక్కువ తాల్మి కొఱఁత కార్యము సున్న | నిలుకడ నాస్తి దుర్నీతి ఘనము
కనికరం బిల్ల దుర్గర్వ మగ్గము సత్య- | కౌచముల్ కల్ల మచ్చరము హెచ్చు
కాపట్య మురు వహంకారంబు గాటమ్ము | పొగరు దట్టము ద్రోహబుద్ధి దళము
పరధనాపేక్ష నిబ్బరము లోభము పెల్లు | పరహితచింత నిప్పచ్చరమ్ము",vupajaathi,Kukkuteswara,"[('కో', 'U'), ('ప', '|'), ('మె', 'U'), ('క్కు', '|'), ('వ', '|'), ('తా', 'U'), ('ల్మి', '|'), ('కొ', '|'), ('ఱ', '|'), ('త', '|'), ('కా', 'U'), ('ర్య', '|'), ('ము', '|'), ('సు', 'U'), ('న్న', '|'), ('ని', '|'), ('లు', '|'), ('క', '|'), ('డ', '|'), ('నా', 'U'), ('స్తి', '|'), ('దు', 'U'), ('ర్నీ', 'U'), ('తి', '|'), ('ఘ', '|'), ('న', '|'), ('ము', '|'), ('క', '|'), ('ని', '|'), ('క', '|'), ('రం', 'U'), ('బి', 'U'), ('ల్ల', '|'), ('దు', 'U'), ('ర్గ', 'U'), ('ర్వ', '|'), ('మ', 'U'), ('గ్గ', '|'), ('ము', '|'), ('స', 'U'), ('త్య', '|'), ('కౌ', 'U'), ('చ', '|'), ('ము', 'U'), ('ల్క', 'U'), ('ల్ల', '|'), ('మ', 'U'), ('చ్చ', '|'), ('ర', '|'), ('ము', '|'), ('హె', 'U'), ('చ్చు', '|'), ('కా', 'U'), ('ప', 'U'), ('ట్య', '|'), ('ము', '|'), ('రు', '|'), ('వ', '|'), ('హం', 'U'), ('కా', 'U'), ('రం', 'U'), ('బు', '|'), ('గా', 'U'), ('ట', 'U'), ('మ్ము', '|'), ('పొ', '|'), ('గ', '|'), ('రు', '|'), ('ద', 'U'), ('ట్ట', '|'), ('ము', '|'), ('ద్రో', 'U'), ('హ', '|'), ('బు', 'U'), ('ద్ధి', '|'), ('ద', '|'), ('ళ', '|'), ('ము', '|'), ('ప', '|'), ('ర', '|'), ('ధ', '|'), ('నా', 'U'), ('పే', 'U'), ('క్ష', '|'), ('ని', 'U'), ('బ్బ', '|'), ('ర', '|'), ('ము', '|'), ('లో', 'U'), ('భ', '|'), ('ము', '|'), ('పె', 'U'), ('ల్లు', '|'), ('ప', '|'), ('ర', '|'), ('హి', '|'), ('త', '|'), ('చిం', 'U'), ('త', '|'), ('ని', 'U'), ('ప్ప', 'U'), ('చ్చ', '|'), ('ర', 'U'), ('మ్ము', '|')]",0.9583333333333334,-1.0,1.0,1.0,0.875,-1.0
teytageethi,"ధర్మమతి తొట్టు నీ యిట్టి దుర్మదాంధ- | నృపకులాధము లేరి కేమియ్యఁగలరు,
భూనుతవిలాస, పీఠికాపురనివాస, | కుముదహితకోటిసంకాశ, కుక్కుటేశ!",vupajaathi,Kukkuteswara,"[('ధ', 'U'), ('ర్మ', '|'), ('మ', '|'), ('తి', '|'), ('తొ', 'U'), ('ట్టు', '|'), ('నీ', 'U'), ('యి', 'U'), ('ట్టి', '|'), ('దు', 'U'), ('ర్మ', '|'), ('దాం', 'U'), ('ధ', '|'), ('నృ', '|'), ('ప', '|'), ('కు', '|'), ('లా', 'U'), ('ధ', '|'), ('ము', '|'), ('లే', 'U'), ('రి', '|'), ('కే', 'U'), ('మి', 'U'), ('య్య', '|'), ('గ', '|'), ('ల', '|'), ('రు', '|'), ('భూ', 'U'), ('ను', '|'), ('త', '|'), ('వి', '|'), ('లా', 'U'), ('స', '|'), ('పీ', 'U'), ('ఠి', '|'), ('కా', 'U'), ('పు', '|'), ('ర', '|'), ('ని', '|'), ('వా', 'U'), ('స', '|'), ('కు', '|'), ('ము', '|'), ('ద', '|'), ('హి', '|'), ('త', '|'), ('కో', 'U'), ('టి', '|'), ('సం', 'U'), ('కా', 'U'), ('శ', '|'), ('కు', 'U'), ('క్కు', '|'), ('టే', 'U'), ('శ', '|')]",0.9166666666666666,-1.0,1.0,1.0,0.75,-1.0
seesamu,"అందలంబెక్కుట యవనిఁ బ్రశస్తమా | మ్రానెక్కి నిక్కదే మర్కటంబు
తొడవులు దొడుగుట దొడ్డసౌభాగ్యమా | కడుసొమ్ము లూనదే గంగిరెద్దు
విత్తంబు గూర్చుట విమలబ్రచారమా | బహునిధుల్ గావఁడే భైరవుండు
ప్రజల దండించుట పరమసంతోషమా | ప్రాణులనెల్ల నేపఁడే జముండు",vupajaathi,Kukkuteswara,"[('అం', 'U'), ('ద', '|'), ('లం', 'U'), ('బె', 'U'), ('క్కు', '|'), ('ట', '|'), ('య', '|'), ('వ', '|'), ('ని', '|'), ('బ్ర', '|'), ('శ', 'U'), ('స్త', '|'), ('మా', 'U'), ('మ్రా', 'U'), ('నె', 'U'), ('క్కి', '|'), ('ని', 'U'), ('క్క', '|'), ('దే', 'U'), ('మ', 'U'), ('ర్క', '|'), ('టం', 'U'), ('బు', '|'), ('తొ', '|'), ('డ', '|'), ('వు', '|'), ('లు', '|'), ('దొ', '|'), ('డు', '|'), ('గు', '|'), ('ట', '|'), ('దొ', 'U'), ('డ్డ', '|'), ('సౌ', 'U'), ('భా', 'U'), ('గ్య', '|'), ('మా', 'U'), ('క', '|'), ('డు', '|'), ('సొ', 'U'), ('మ్ము', '|'), ('లూ', 'U'), ('న', '|'), ('దే', 'U'), ('గం', 'U'), ('గి', '|'), ('రె', 'U'), ('ద్దు', '|'), ('వి', 'U'), ('త్తం', 'U'), ('బు', '|'), ('గూ', 'U'), ('ర్చు', '|'), ('ట', '|'), ('వి', '|'), ('మ', '|'), ('ల', '|'), ('బ్ర', '|'), ('చా', 'U'), ('ర', '|'), ('మా', 'U'), ('బ', '|'), ('హు', '|'), ('ని', '|'), ('ధు', 'U'), ('ల్గా', 'U'), ('వ', '|'), ('డే', 'U'), ('భై', 'U'), ('ర', '|'), ('వుం', 'U'), ('డు', '|'), ('ప్ర', '|'), ('జ', '|'), ('ల', '|'), ('దం', 'U'), ('డిం', 'U'), ('చు', '|'), ('ట', '|'), ('ప', '|'), ('ర', '|'), ('మ', '|'), ('సం', 'U'), ('తో', 'U'), ('ష', '|'), ('మా', 'U'), ('ప్రా', 'U'), ('ణు', '|'), ('ల', '|'), ('నె', 'U'), ('ల్ల', '|'), ('నే', 'U'), ('ప', '|'), ('డే', 'U'), ('జ', '|'), ('ముం', 'U'), ('డు', '|')]",0.9895833333333334,-1.0,1.0,0.96875,1.0,-1.0
teytageethi,"దొరతనంబున కివి గావు వరుస లరయ | సాహసౌదార్యఘనపౌరుషములు గాని,
భూనుతవిలాస, పీఠికాపురనివాస, | కుముదహితకోటిసంకాశ, కుక్కుటేశ!",vupajaathi,Kukkuteswara,"[('దొ', '|'), ('ర', '|'), ('త', '|'), ('నం', 'U'), ('బు', '|'), ('న', '|'), ('కి', '|'), ('వి', '|'), ('గా', 'U'), ('వు', '|'), ('వ', '|'), ('రు', '|'), ('స', '|'), ('ల', '|'), ('ర', '|'), ('య', '|'), ('సా', 'U'), ('హ', '|'), ('సౌ', 'U'), ('దా', 'U'), ('ర్య', '|'), ('ఘ', '|'), ('న', '|'), ('పౌ', 'U'), ('రు', '|'), ('ష', '|'), ('ము', '|'), ('లు', '|'), ('గా', 'U'), ('ని', '|'), ('భూ', 'U'), ('ను', '|'), ('త', '|'), ('వి', '|'), ('లా', 'U'), ('స', '|'), ('పీ', 'U'), ('ఠి', '|'), ('కా', 'U'), ('పు', '|'), ('ర', '|'), ('ని', '|'), ('వా', 'U'), ('స', '|'), ('కు', '|'), ('ము', '|'), ('ద', '|'), ('హి', '|'), ('త', '|'), ('కో', 'U'), ('టి', '|'), ('సం', 'U'), ('కా', 'U'), ('శ', '|'), ('కు', 'U'), ('క్కు', '|'), ('టే', 'U'), ('శ', '|')]",1.0,-1.0,1.0,1.0,1.0,-1.0
seesamu,"దానవైఖరిని రాధాతనూభవుఁ బోలి | చిరభోగమున శచీవరుని బోలి
కారుణ్యమున రఘుక్ష్మావరేణ్యుని బోలి | సత్యంబునను హరిశ్చంద్రుఁ బోలి
న్యాయమ్మునందుఁ గౌంతేయాగ్రజుని బోలి | సాహసంబున సవ్యసాచిఁ బోలి
భూరివిద్యాప్రౌఢి భోజరాజును బోలి | హరిభక్తినియతిఁ బ్రహ్లాదుఁ బోలి",vupajaathi,Kukkuteswara,"[('దా', 'U'), ('న', '|'), ('వై', 'U'), ('ఖ', '|'), ('రి', '|'), ('ని', '|'), ('రా', 'U'), ('ధా', 'U'), ('త', '|'), ('నూ', 'U'), ('భ', '|'), ('వు', '|'), ('బో', 'U'), ('లి', '|'), ('చి', '|'), ('ర', '|'), ('భో', 'U'), ('గ', '|'), ('ము', '|'), ('న', '|'), ('శ', '|'), ('చీ', 'U'), ('వ', '|'), ('రు', '|'), ('ని', '|'), ('బో', 'U'), ('లి', '|'), ('కా', 'U'), ('రు', 'U'), ('ణ్య', '|'), ('ము', '|'), ('న', '|'), ('ర', '|'), ('ఘు', 'U'), ('క్ష్మా', 'U'), ('వ', '|'), ('రే', 'U'), ('ణ్యు', '|'), ('ని', '|'), ('బో', 'U'), ('లి', '|'), ('స', 'U'), ('త్యం', 'U'), ('బు', '|'), ('న', '|'), ('ను', '|'), ('హ', '|'), ('రి', 'U'), ('శ్చం', 'U'), ('ద్రు', '|'), ('బో', 'U'), ('లి', 'U'), ('న్యా', 'U'), ('య', 'U'), ('మ్ము', '|'), ('నం', 'U'), ('దు', '|'), ('గౌం', 'U'), ('తే', 'U'), ('యా', 'U'), ('గ్ర', '|'), ('జు', '|'), ('ని', '|'), ('బో', 'U'), ('లి', '|'), ('సా', 'U'), ('హ', '|'), ('సం', 'U'), ('బు', '|'), ('న', '|'), ('స', 'U'), ('వ్య', '|'), ('సా', 'U'), ('చి', '|'), ('బో', 'U'), ('లి', '|'), ('భూ', 'U'), ('రి', '|'), ('వి', 'U'), ('ద్యా', 'U'), ('ప్రౌ', 'U'), ('ఢి', '|'), ('భో', 'U'), ('జ', '|'), ('రా', 'U'), ('జు', '|'), ('ను', '|'), ('బో', 'U'), ('లి', '|'), ('హ', '|'), ('రి', '|'), ('భ', 'U'), ('క్తి', '|'), ('ని', '|'), ('య', '|'), ('తి', '|'), ('బ్ర', 'U'), ('హ్లా', 'U'), ('దు', '|'), ('బో', 'U'), ('లి', '|')]",0.7395833333333334,-1.0,1.0,0.71875,0.5,-1.0
teytageethi,"సర్వసర్వంసహాభుజాధూర్వహుఁడు న- | భంగుఁ డగువాఁడెపో నృపపుంగవుండు
భూనుతవిలాస, పీఠికాపురనివాస, | కుముదహితకోటిసంకాశ, కుక్కుటేశ!",vupajaathi,Kukkuteswara,"[('స', 'U'), ('ర్వ', '|'), ('స', 'U'), ('ర్వం', 'U'), ('స', '|'), ('హా', 'U'), ('భు', '|'), ('జా', 'U'), ('ధూ', 'U'), ('ర్వ', '|'), ('హు', '|'), ('డు', '|'), ('న', '|'), ('భం', 'U'), ('గు', '|'), ('డ', '|'), ('గు', '|'), ('వా', 'U'), ('డె', '|'), ('పో', 'U'), ('నృ', '|'), ('ప', '|'), ('పుం', 'U'), ('గ', '|'), ('వుం', 'U'), ('డు', '|'), ('భూ', 'U'), ('ను', '|'), ('త', '|'), ('వి', '|'), ('లా', 'U'), ('స', '|'), ('పీ', 'U'), ('ఠి', '|'), ('కా', 'U'), ('పు', '|'), ('ర', '|'), ('ని', '|'), ('వా', 'U'), ('స', '|'), ('కు', '|'), ('ము', '|'), ('ద', '|'), ('హి', '|'), ('త', '|'), ('కో', 'U'), ('టి', '|'), ('సం', 'U'), ('కా', 'U'), ('శ', '|'), ('కు', 'U'), ('క్కు', '|'), ('టే', 'U'), ('శ', '|')]",0.9166666666666666,-1.0,1.0,1.0,0.75,-1.0
seesamu,"న్యాయంబు దప్పక నరులఁ గాపాడుచు | వసుమతిఁ బాలించువాఁడె రాజు
దుష్టశిక్ష మహాశిష్టరక్షణ కళా- | వైఖరిఁ జెన్నొందువాఁడె రాజు
కవివందిమాగధగాయకార్థులకెల్ల | వాంఛితార్థము లిచ్చువాఁడె రాజు
శరణని వేఁడిన శాత్రవజనునైన | వదలక చేపట్టువాఁడె రాజు",vupajaathi,Kukkuteswara,"[('న్యా', 'U'), ('యం', 'U'), ('బు', '|'), ('ద', 'U'), ('ప్ప', '|'), ('క', '|'), ('న', '|'), ('రు', '|'), ('ల', '|'), ('గా', 'U'), ('పా', 'U'), ('డు', '|'), ('చు', '|'), ('వ', '|'), ('సు', '|'), ('మ', '|'), ('తి', '|'), ('బా', 'U'), ('లిం', 'U'), ('చు', '|'), ('వా', 'U'), ('డె', '|'), ('రా', 'U'), ('జు', '|'), ('దు', 'U'), ('ష్ట', '|'), ('శి', 'U'), ('క్ష', '|'), ('మ', '|'), ('హా', 'U'), ('శి', 'U'), ('ష్ట', '|'), ('ర', 'U'), ('క్ష', '|'), ('ణ', '|'), ('క', '|'), ('ళా', 'U'), ('వై', 'U'), ('ఖ', '|'), ('రి', '|'), ('జె', 'U'), ('న్నొం', 'U'), ('దు', '|'), ('వా', 'U'), ('డె', '|'), ('రా', 'U'), ('జు', '|'), ('క', '|'), ('వి', '|'), ('వం', 'U'), ('ది', '|'), ('మా', 'U'), ('గ', '|'), ('ధ', '|'), ('గా', 'U'), ('య', '|'), ('కా', 'U'), ('ర్థు', '|'), ('ల', '|'), ('కె', 'U'), ('ల్ల', '|'), ('వాం', 'U'), ('ఛి', '|'), ('తా', 'U'), ('ర్థ', '|'), ('ము', '|'), ('లి', 'U'), ('చ్చు', '|'), ('వా', 'U'), ('డె', '|'), ('రా', 'U'), ('జు', '|'), ('శ', '|'), ('ర', '|'), ('ణ', '|'), ('ని', '|'), ('వే', 'U'), ('డి', '|'), ('న', '|'), ('శా', 'U'), ('త్ర', '|'), ('వ', '|'), ('జ', '|'), ('ను', '|'), ('నై', 'U'), ('న', '|'), ('వ', '|'), ('ద', '|'), ('ల', '|'), ('క', '|'), ('చే', 'U'), ('ప', 'U'), ('ట్టు', '|'), ('వా', 'U'), ('డె', '|'), ('రా', 'U'), ('జు', '|')]",0.65625,-1.0,1.0,0.71875,0.25,-1.0
teytageethi,"కాక తన పొట్టకై ప్రజఁ గలఁచు దురిత- | రతుఁడు వాఁ డొక రాజా తరాజు గాక,
భూనుతవిలాస, పీఠికాపురనివాస, | కుముదహితకోటిసంకాశ, కుక్కుటేశ!",vupajaathi,Kukkuteswara,"[('కా', 'U'), ('క', '|'), ('త', '|'), ('న', '|'), ('పొ', 'U'), ('ట్ట', '|'), ('కై', 'U'), ('ప్ర', '|'), ('జ', '|'), ('గ', '|'), ('ల', '|'), ('చు', '|'), ('దు', '|'), ('రి', '|'), ('త', '|'), ('ర', '|'), ('తు', '|'), ('డు', '|'), ('వా', 'U'), ('డొ', '|'), ('క', '|'), ('రా', 'U'), ('జా', 'U'), ('త', '|'), ('రా', 'U'), ('జు', '|'), ('గా', 'U'), ('క', '|'), ('భూ', 'U'), ('ను', '|'), ('త', '|'), ('వి', '|'), ('లా', 'U'), ('స', '|'), ('పీ', 'U'), ('ఠి', '|'), ('కా', 'U'), ('పు', '|'), ('ర', '|'), ('ని', '|'), ('వా', 'U'), ('స', '|'), ('కు', '|'), ('ము', '|'), ('ద', '|'), ('హి', '|'), ('త', '|'), ('కో', 'U'), ('టి', '|'), ('సం', 'U'), ('కా', 'U'), ('శ', '|'), ('కు', 'U'), ('క్కు', '|'), ('టే', 'U'), ('శ', '|')]",1.0,-1.0,1.0,1.0,1.0,-1.0
seesamu,"మరుదనంగుడు శిబి మాంధాత భరతుండు | రంతిదేవుఁడు భగీరథుఁడు పృథుఁడు
శశిబిందుఁడు గయుండు జామదగ్ని దిలీపుఁ | డంబరీషుండు యయాతి దాశ-
రథి సుహోత్రుఁడు పురూరవుఁడు నాభాగుండు | కార్తవీర్యార్జునక్ష్మాపతియును
దుష్యంతుఁ డతని పుత్రుడు నలుండును పురు- | కుత్సుండు మొదలైన కుతలపతులు",vupajaathi,Kukkuteswara,"[('మ', '|'), ('రు', '|'), ('ద', '|'), ('నం', 'U'), ('గు', '|'), ('డు', '|'), ('శి', '|'), ('బి', '|'), ('మాం', 'U'), ('ధా', 'U'), ('త', '|'), ('భ', '|'), ('ర', '|'), ('తుం', 'U'), ('డు', '|'), ('రం', 'U'), ('తి', '|'), ('దే', 'U'), ('వు', '|'), ('డు', '|'), ('భ', '|'), ('గీ', 'U'), ('ర', '|'), ('థు', '|'), ('డు', '|'), ('పృ', '|'), ('థు', '|'), ('డు', '|'), ('శ', '|'), ('శి', '|'), ('బిం', 'U'), ('దు', '|'), ('డు', '|'), ('గ', '|'), ('యుం', 'U'), ('డు', '|'), ('జా', 'U'), ('మ', '|'), ('ద', 'U'), ('గ్ని', '|'), ('ది', '|'), ('లీ', 'U'), ('పు', '|'), ('డం', 'U'), ('బ', '|'), ('రీ', 'U'), ('షుం', 'U'), ('డు', '|'), ('య', '|'), ('యా', 'U'), ('తి', '|'), ('దా', 'U'), ('శ', '|'), ('ర', '|'), ('థి', '|'), ('సు', '|'), ('హో', 'U'), ('త్రు', '|'), ('డు', '|'), ('పు', '|'), ('రూ', 'U'), ('ర', '|'), ('వు', '|'), ('డు', '|'), ('నా', 'U'), ('భా', 'U'), ('గుం', 'U'), ('డు', '|'), ('కా', 'U'), ('ర్త', '|'), ('వీ', 'U'), ('ర్యా', 'U'), ('ర్జు', '|'), ('న', 'U'), ('క్ష్మా', 'U'), ('ప', '|'), ('తి', '|'), ('యు', '|'), ('ను', '|'), ('దు', 'U'), ('ష్యం', 'U'), ('తు', '|'), ('డ', '|'), ('త', '|'), ('ని', '|'), ('పు', '|'), ('త్రు', '|'), ('డు', '|'), ('న', '|'), ('లుం', 'U'), ('డు', '|'), ('ను', '|'), ('పు', '|'), ('రు', '|'), ('కు', 'U'), ('త్సుం', 'U'), ('డు', '|'), ('మొ', '|'), ('ద', '|'), ('లై', 'U'), ('న', '|'), ('కు', '|'), ('త', '|'), ('ల', '|'), ('ప', '|'), ('తు', '|'), ('లు', '|')]",0.9583333333333334,-1.0,1.0,1.0,0.875,-1.0
teytageethi,"ధర్మపద్ధతి నిల నేలి తారమైనఁ | గొనక చనుచెల్ల వినరేమొ క్రూరనృపులు,
భూనుతవిలాస, పీఠికాపురనివాస, | కుముదహితకోటిసంకాశ, కుక్కుటేశ!",vupajaathi,Kukkuteswara,"[('ధ', 'U'), ('ర్మ', '|'), ('ప', 'U'), ('ద్ధ', '|'), ('తి', '|'), ('ని', '|'), ('ల', '|'), ('నే', 'U'), ('లి', '|'), ('తా', 'U'), ('ర', '|'), ('మై', 'U'), ('న', '|'), ('గొ', '|'), ('న', '|'), ('క', '|'), ('చ', '|'), ('ను', '|'), ('చె', 'U'), ('ల్ల', '|'), ('వి', '|'), ('న', '|'), ('రే', 'U'), ('మొ', '|'), ('క్రూ', 'U'), ('ర', '|'), ('నృ', '|'), ('పు', '|'), ('లు', '|'), ('భూ', 'U'), ('ను', '|'), ('త', '|'), ('వి', '|'), ('లా', 'U'), ('స', '|'), ('పీ', 'U'), ('ఠి', '|'), ('కా', 'U'), ('పు', '|'), ('ర', '|'), ('ని', '|'), ('వా', 'U'), ('స', '|'), ('కు', '|'), ('ము', '|'), ('ద', '|'), ('హి', '|'), ('త', '|'), ('కో', 'U'), ('టి', '|'), ('సం', 'U'), ('కా', 'U'), ('శ', '|'), ('కు', 'U'), ('క్కు', '|'), ('టే', 'U'), ('శ', '|')]",1.0,-1.0,1.0,1.0,1.0,-1.0
seesamu,"మొదవుల బదివేలు కదుపులు గూర్చిన | దూడ యొక్కటియైనఁ దోడరాదు
మాత లసంఖ్యముల్ మాటుగా నించినఁ | బసిఁడి వీసమును వెంబడిని రాదు
కోకలు మేట్లుగా గొట్ల నిండించిన | గుడ్డ యొక్కటియైనఁ గూడరాము
గొలుసులు రాసులు బలుపాతరల నిడ్డ | గింజ యొక్కటియన గెలన రాదు",vupajaathi,Kukkuteswara,"[('మొ', '|'), ('ద', '|'), ('వు', '|'), ('ల', '|'), ('బ', '|'), ('ది', '|'), ('వే', 'U'), ('లు', '|'), ('క', '|'), ('దు', '|'), ('పు', '|'), ('లు', '|'), ('గూ', 'U'), ('ర్చి', '|'), ('న', '|'), ('దూ', 'U'), ('డ', '|'), ('యొ', 'U'), ('క్క', '|'), ('టి', '|'), ('యై', 'U'), ('న', '|'), ('దో', 'U'), ('డ', '|'), ('రా', 'U'), ('దు', '|'), ('మా', 'U'), ('త', '|'), ('ల', '|'), ('సం', 'U'), ('ఖ్య', '|'), ('ము', 'U'), ('ల్మా', 'U'), ('టు', '|'), ('గా', 'U'), ('నిం', 'U'), ('చి', '|'), ('న', '|'), ('బ', '|'), ('సి', '|'), ('డి', '|'), ('వీ', 'U'), ('స', '|'), ('ము', '|'), ('ను', '|'), ('వెం', 'U'), ('బ', '|'), ('డి', '|'), ('ని', '|'), ('రా', 'U'), ('దు', '|'), ('కో', 'U'), ('క', '|'), ('లు', '|'), ('మే', 'U'), ('ట్లు', '|'), ('గా', 'U'), ('గొ', 'U'), ('ట్ల', '|'), ('నిం', 'U'), ('డిం', 'U'), ('చి', '|'), ('న', '|'), ('గు', 'U'), ('డ్డ', '|'), ('యొ', 'U'), ('క్క', '|'), ('టి', '|'), ('యై', 'U'), ('న', '|'), ('గూ', 'U'), ('డ', '|'), ('రా', 'U'), ('ము', '|'), ('గొ', '|'), ('లు', '|'), ('సు', '|'), ('లు', '|'), ('రా', 'U'), ('సు', '|'), ('లు', '|'), ('బ', '|'), ('లు', '|'), ('పా', 'U'), ('త', '|'), ('ర', '|'), ('ల', '|'), ('ని', 'U'), ('డ్డ', '|'), ('గిం', 'U'), ('జ', '|'), ('యొ', 'U'), ('క్క', '|'), ('టి', '|'), ('య', '|'), ('న', '|'), ('గె', '|'), ('ల', '|'), ('న', '|'), ('రా', 'U'), ('దు', '|')]",1.0,-1.0,1.0,1.0,1.0,-1.0
teytageethi,"కావున నొడళ్ళు నిల్కడల్ కావటంచుఁ | జెలఁగి సుజనులు ధర్మంబు సేయుచుంద్రు,
భూనుతవిలాస, పీఠికాపురనివాస, | కుముదహితకోటిసంకాశ, కుక్కుటేశ!",vupajaathi,Kukkuteswara,"[('కా', 'U'), ('వు', '|'), ('న', '|'), ('నొ', '|'), ('డ', 'U'), ('ళ్ళు', '|'), ('ని', 'U'), ('ల్క', '|'), ('డ', 'U'), ('ల్కా', 'U'), ('వ', '|'), ('టం', 'U'), ('చు', '|'), ('జె', '|'), ('ల', '|'), ('గి', '|'), ('సు', '|'), ('జ', '|'), ('ను', '|'), ('లు', '|'), ('ధ', 'U'), ('ర్మం', 'U'), ('బు', '|'), ('సే', 'U'), ('యు', '|'), ('చుం', 'U'), ('ద్రు', '|'), ('భూ', 'U'), ('ను', '|'), ('త', '|'), ('వి', '|'), ('లా', 'U'), ('స', '|'), ('పీ', 'U'), ('ఠి', '|'), ('కా', 'U'), ('పు', '|'), ('ర', '|'), ('ని', '|'), ('వా', 'U'), ('స', '|'), ('కు', '|'), ('ము', '|'), ('ద', '|'), ('హి', '|'), ('త', '|'), ('కో', 'U'), ('టి', '|'), ('సం', 'U'), ('కా', 'U'), ('శ', '|'), ('కు', 'U'), ('క్కు', '|'), ('టే', 'U'), ('శ', '|')]",1.0,-1.0,1.0,1.0,1.0,-1.0
seesamu,"కొండంత విత్తంబు గూడఁబెట్టిననైనఁ | బొదలు ధనాపేక్ష వదలిపోదు
స్వర్గాధిపత్యంబు సంభవించిన యేని | బహురాజ్యకాంక్ష యెప్పటికిఁ జనదు
పదివేలు పుత్రులఁ బడసినప్పటికిని | పుత్రోదయభ్రాంతి పోవదెపుడు
చతురంగబలము లసంఖ్యముల్ గూర్చిన | సేనాభిలాష మింతైనఁ దీఱ-",vupajaathi,Kukkuteswara,"[('కొం', 'U'), ('డం', 'U'), ('త', '|'), ('వి', 'U'), ('త్తం', 'U'), ('బు', '|'), ('గూ', 'U'), ('డ', '|'), ('బె', 'U'), ('ట్టి', '|'), ('న', '|'), ('నై', 'U'), ('న', '|'), ('బొ', '|'), ('ద', '|'), ('లు', '|'), ('ధ', '|'), ('నా', 'U'), ('పే', 'U'), ('క్ష', '|'), ('వ', '|'), ('ద', '|'), ('లి', '|'), ('పో', 'U'), ('దు', 'U'), ('స్వ', 'U'), ('ర్గా', 'U'), ('ధి', '|'), ('ప', 'U'), ('త్యం', 'U'), ('బు', '|'), ('సం', 'U'), ('భ', '|'), ('విం', 'U'), ('చి', '|'), ('న', '|'), ('యే', 'U'), ('ని', '|'), ('బ', '|'), ('హు', '|'), ('రా', 'U'), ('జ్య', '|'), ('కాం', 'U'), ('క్ష', '|'), ('యె', 'U'), ('ప్ప', '|'), ('టి', '|'), ('కి', '|'), ('జ', '|'), ('న', '|'), ('దు', '|'), ('ప', '|'), ('ది', '|'), ('వే', 'U'), ('లు', '|'), ('పు', '|'), ('త్రు', '|'), ('ల', '|'), ('బ', '|'), ('డ', '|'), ('సి', '|'), ('న', 'U'), ('ప్ప', '|'), ('టి', '|'), ('కి', '|'), ('ని', '|'), ('పు', '|'), ('త్రో', 'U'), ('ద', '|'), ('య', '|'), ('భ్రాం', 'U'), ('తి', '|'), ('పో', 'U'), ('వ', '|'), ('దె', '|'), ('పు', '|'), ('డు', '|'), ('చ', '|'), ('తు', '|'), ('రం', 'U'), ('గ', '|'), ('బ', '|'), ('ల', '|'), ('ము', '|'), ('ల', '|'), ('సం', 'U'), ('ఖ్య', '|'), ('ము', 'U'), ('ల్గూ', 'U'), ('ర్చి', '|'), ('న', '|'), ('సే', 'U'), ('నా', 'U'), ('భి', '|'), ('లా', 'U'), ('ష', '|'), ('మిం', 'U'), ('తై', 'U'), ('న', '|'), ('దీ', 'U'), ('ఱ', '|')]",0.6666666666666666,-1.0,1.0,0.75,0.25,-1.0
teytageethi,"దహహ డెందంబులోపల నంతకంత | నధికమగు నాస యింత కేమి మనఁగవచ్చు,
భూనుతవిలాస, పీఠికాపురనివాస, | కుముదహితకోటిసంకాశ, కుక్కుటేశ!",vupajaathi,Kukkuteswara,"[('ద', '|'), ('హ', '|'), ('హ', '|'), ('డెం', 'U'), ('దం', 'U'), ('బు', '|'), ('లో', 'U'), ('ప', '|'), ('ల', '|'), ('నం', 'U'), ('త', '|'), ('కం', 'U'), ('త', '|'), ('న', '|'), ('ధి', '|'), ('క', '|'), ('మ', '|'), ('గు', '|'), ('నా', 'U'), ('స', '|'), ('యిం', 'U'), ('త', '|'), ('కే', 'U'), ('మి', '|'), ('మ', '|'), ('న', '|'), ('గ', '|'), ('వ', 'U'), ('చ్చు', '|'), ('భూ', 'U'), ('ను', '|'), ('త', '|'), ('వి', '|'), ('లా', 'U'), ('స', '|'), ('పీ', 'U'), ('ఠి', '|'), ('కా', 'U'), ('పు', '|'), ('ర', '|'), ('ని', '|'), ('వా', 'U'), ('స', '|'), ('కు', '|'), ('ము', '|'), ('ద', '|'), ('హి', '|'), ('త', '|'), ('కో', 'U'), ('టి', '|'), ('సం', 'U'), ('కా', 'U'), ('శ', '|'), ('కు', 'U'), ('క్కు', '|'), ('టే', 'U'), ('శ', '|')]",0.8166666666666668,-1.0,1.0,0.95,0.5,-1.0
seesamu,"నిరతాన్నదానవైఖరిఁ జెలంగెడివారు | నెనరొప్ప దీనుల మనుచువారు
గోవిప్రబాంధవగురుభక్తి గలవారు | శివు విష్ణుఁ బూజలు సేయువారు
పరధన పరవధూపరతఁ జెందనివారు | పరహితాచరణులై పరఁగువారు
సుజ్ఞానసహితులై సొబగు మీఱెడివారు | సత్యవచోరూఢి సలుపువారు",vupajaathi,Kukkuteswara,"[('ని', '|'), ('ర', '|'), ('తా', 'U'), ('న్న', '|'), ('దా', 'U'), ('న', '|'), ('వై', 'U'), ('ఖ', '|'), ('రి', '|'), ('జె', '|'), ('లం', 'U'), ('గె', '|'), ('డి', '|'), ('వా', 'U'), ('రు', '|'), ('నె', '|'), ('న', '|'), ('రొ', 'U'), ('ప్ప', '|'), ('దీ', 'U'), ('ను', '|'), ('ల', '|'), ('మ', '|'), ('ను', '|'), ('చు', '|'), ('వా', 'U'), ('రు', '|'), ('గో', 'U'), ('వి', '|'), ('ప్ర', '|'), ('బాం', 'U'), ('ధ', '|'), ('వ', '|'), ('గు', '|'), ('రు', '|'), ('భ', 'U'), ('క్తి', '|'), ('గ', '|'), ('ల', '|'), ('వా', 'U'), ('రు', '|'), ('శి', '|'), ('వు', '|'), ('వి', 'U'), ('ష్ణు', '|'), ('బూ', 'U'), ('జ', '|'), ('లు', '|'), ('సే', 'U'), ('యు', '|'), ('వా', 'U'), ('రు', '|'), ('ప', '|'), ('ర', '|'), ('ధ', '|'), ('న', '|'), ('ప', '|'), ('ర', '|'), ('వ', '|'), ('ధూ', 'U'), ('ప', '|'), ('ర', '|'), ('త', '|'), ('జెం', 'U'), ('ద', '|'), ('ని', '|'), ('వా', 'U'), ('రు', '|'), ('ప', '|'), ('ర', '|'), ('హి', '|'), ('తా', 'U'), ('చ', '|'), ('ర', '|'), ('ణు', '|'), ('లై', 'U'), ('ప', '|'), ('ర', '|'), ('గు', '|'), ('వా', 'U'), ('రు', '|'), ('సు', 'U'), ('జ్ఞా', 'U'), ('న', '|'), ('స', '|'), ('హి', '|'), ('తు', '|'), ('లై', 'U'), ('సొ', '|'), ('బ', '|'), ('గు', '|'), ('మీ', 'U'), ('ఱె', '|'), ('డి', '|'), ('వా', 'U'), ('రు', '|'), ('స', 'U'), ('త్య', '|'), ('వ', '|'), ('చో', 'U'), ('రూ', 'U'), ('ఢి', '|'), ('స', '|'), ('లు', '|'), ('పు', '|'), ('వా', 'U'), ('రు', '|')]",1.0,-1.0,1.0,1.0,1.0,-1.0
teytageethi,"తలఁపులోపల ననయంబు ధర్మకార్య- | నిష్ఠ గలవార లందఱు నీకుఁ బ్రియులు,
భూనుతవిలాస, పీఠికాపురనివాస, | కుముదహితకోటిసంకాశ, కుక్కుటేశ!",vupajaathi,Kukkuteswara,"[('త', '|'), ('ల', '|'), ('పు', '|'), ('లో', 'U'), ('ప', '|'), ('ల', '|'), ('న', '|'), ('న', '|'), ('యం', 'U'), ('బు', '|'), ('ధ', 'U'), ('ర్మ', '|'), ('కా', 'U'), ('ర్య', '|'), ('ని', 'U'), ('ష్ఠ', '|'), ('గ', '|'), ('ల', '|'), ('వా', 'U'), ('ర', '|'), ('లం', 'U'), ('ద', '|'), ('ఱు', '|'), ('నీ', 'U'), ('కు', '|'), ('బ్రి', '|'), ('యు', '|'), ('లు', '|'), ('భూ', 'U'), ('ను', '|'), ('త', '|'), ('వి', '|'), ('లా', 'U'), ('స', '|'), ('పీ', 'U'), ('ఠి', '|'), ('కా', 'U'), ('పు', '|'), ('ర', '|'), ('ని', '|'), ('వా', 'U'), ('స', '|'), ('కు', '|'), ('ము', '|'), ('ద', '|'), ('హి', '|'), ('త', '|'), ('కో', 'U'), ('టి', '|'), ('సం', 'U'), ('కా', 'U'), ('శ', '|'), ('కు', 'U'), ('క్కు', '|'), ('టే', 'U'), ('శ', '|')]",1.0,-1.0,1.0,1.0,1.0,-1.0
seesamu,"న్యాయపద్ధతి భూషణము ధరాధిపునకుఁ | బొలఁతికి మానంబు భూషణంబు
శమదమంబులు భూషణములు నిశ్చలునకుఁ | బొసఁగ నింటికి సతి భూషణంబు
నరుని కల్మికి భూషణము దానవైఖరి | భూసురునకు విద్య భూషణంబు
నలినబంధుఁడు భూషణము నభోవీధికిఁ | బుడమికి సస్యంబు భూషణంబు",vupajaathi,Kukkuteswara,"[('న్యా', 'U'), ('య', '|'), ('ప', 'U'), ('ద్ధ', '|'), ('తి', '|'), ('భూ', 'U'), ('ష', '|'), ('ణ', '|'), ('ము', '|'), ('ధ', '|'), ('రా', 'U'), ('ధి', '|'), ('పు', '|'), ('న', '|'), ('కు', '|'), ('బొ', '|'), ('ల', '|'), ('తి', '|'), ('కి', '|'), ('మా', 'U'), ('నం', 'U'), ('బు', '|'), ('భూ', 'U'), ('ష', '|'), ('ణం', 'U'), ('బు', '|'), ('శ', '|'), ('మ', '|'), ('ద', '|'), ('మం', 'U'), ('బు', '|'), ('లు', '|'), ('భూ', 'U'), ('ష', '|'), ('ణ', '|'), ('ము', '|'), ('లు', '|'), ('ని', 'U'), ('శ్చ', '|'), ('లు', '|'), ('న', '|'), ('కు', '|'), ('బొ', '|'), ('స', '|'), ('గ', '|'), ('నిం', 'U'), ('టి', '|'), ('కి', '|'), ('స', '|'), ('తి', '|'), ('భూ', 'U'), ('ష', '|'), ('ణం', 'U'), ('బు', '|'), ('న', '|'), ('రు', '|'), ('ని', '|'), ('క', 'U'), ('ల్మి', '|'), ('కి', '|'), ('భూ', 'U'), ('ష', '|'), ('ణ', '|'), ('ము', '|'), ('దా', 'U'), ('న', '|'), ('వై', 'U'), ('ఖ', '|'), ('రి', '|'), ('భూ', 'U'), ('సు', '|'), ('రు', '|'), ('న', '|'), ('కు', '|'), ('వి', 'U'), ('ద్య', '|'), ('భూ', 'U'), ('ష', '|'), ('ణం', 'U'), ('బు', '|'), ('న', '|'), ('లి', '|'), ('న', '|'), ('బం', 'U'), ('ధు', '|'), ('డు', '|'), ('భూ', 'U'), ('ష', '|'), ('ణ', '|'), ('ము', '|'), ('న', '|'), ('భో', 'U'), ('వీ', 'U'), ('ధి', '|'), ('కి', '|'), ('బు', '|'), ('డ', '|'), ('మి', '|'), ('కి', '|'), ('స', 'U'), ('స్యం', 'U'), ('బు', '|'), ('భూ', 'U'), ('ష', '|'), ('ణం', 'U'), ('బు', '|')]",1.0,-1.0,1.0,1.0,1.0,-1.0
teytageethi,"బుధుల కెప్పుడు నీ పదాంభోజయుగళ- | పూజనాసక్తి వెలలేని భూషణంబు,
భూనుతవిలాస, పీఠికాపురనివాస, | కుముదహితకోటిసంకాశ, కుక్కుటేశ!",vupajaathi,Kukkuteswara,"[('బు', '|'), ('ధు', '|'), ('ల', '|'), ('కె', 'U'), ('ప్పు', '|'), ('డు', '|'), ('నీ', 'U'), ('ప', '|'), ('దాం', 'U'), ('భో', 'U'), ('జ', '|'), ('యు', '|'), ('గ', '|'), ('ళ', '|'), ('పూ', 'U'), ('జ', '|'), ('నా', 'U'), ('స', 'U'), ('క్తి', '|'), ('వె', '|'), ('ల', '|'), ('లే', 'U'), ('ని', '|'), ('భూ', 'U'), ('ష', '|'), ('ణం', 'U'), ('బు', '|'), ('భూ', 'U'), ('ను', '|'), ('త', '|'), ('వి', '|'), ('లా', 'U'), ('స', '|'), ('పీ', 'U'), ('ఠి', '|'), ('కా', 'U'), ('పు', '|'), ('ర', '|'), ('ని', '|'), ('వా', 'U'), ('స', '|'), ('కు', '|'), ('ము', '|'), ('ద', '|'), ('హి', '|'), ('త', '|'), ('కో', 'U'), ('టి', '|'), ('సం', 'U'), ('కా', 'U'), ('శ', '|'), ('కు', 'U'), ('క్కు', '|'), ('టే', 'U'), ('శ', '|')]",1.0,-1.0,1.0,1.0,1.0,-1.0
seesamu,"అంభోధి కభిషేక మాచరించినయట్లు | గంగకుఁ బాద్య మొసంగినట్లు
మేరువునకు నలంకారంబు లిడినట్టు- | లినునకు నారతు లెత్తినట్లు
మలయాచలమునకుఁ గలప మిచ్చినయట్టు- | లిల వసంతునకుఁ బూలిడినయట్లు
భూపముఖ్యునకుఁ దాంబూల మిచ్చినయట్లు | సోమున కద్దంబు సూపినట్లు",vupajaathi,Kukkuteswara,"[('అం', 'U'), ('భో', 'U'), ('ధి', '|'), ('క', '|'), ('భి', '|'), ('షే', 'U'), ('క', '|'), ('మా', 'U'), ('చ', '|'), ('రిం', 'U'), ('చి', '|'), ('న', '|'), ('య', 'U'), ('ట్లు', '|'), ('గం', 'U'), ('గ', '|'), ('కు', '|'), ('బా', 'U'), ('ద్య', '|'), ('మొ', '|'), ('సం', 'U'), ('గి', '|'), ('న', 'U'), ('ట్లు', '|'), ('మే', 'U'), ('రు', '|'), ('వు', '|'), ('న', '|'), ('కు', '|'), ('న', '|'), ('లం', 'U'), ('కా', 'U'), ('రం', 'U'), ('బు', '|'), ('లి', '|'), ('డి', '|'), ('న', 'U'), ('ట్టు', '|'), ('లి', '|'), ('ను', '|'), ('న', '|'), ('కు', '|'), ('నా', 'U'), ('ర', '|'), ('తు', '|'), ('లె', 'U'), ('త్తి', '|'), ('న', 'U'), ('ట్లు', '|'), ('మ', '|'), ('ల', '|'), ('యా', 'U'), ('చ', '|'), ('ల', '|'), ('ము', '|'), ('న', '|'), ('కు', '|'), ('గ', '|'), ('ల', '|'), ('ప', '|'), ('మి', 'U'), ('చ్చి', '|'), ('న', '|'), ('య', 'U'), ('ట్టు', '|'), ('లి', '|'), ('ల', '|'), ('వ', '|'), ('సం', 'U'), ('తు', '|'), ('న', '|'), ('కు', '|'), ('బూ', 'U'), ('లి', '|'), ('డి', '|'), ('న', '|'), ('య', 'U'), ('ట్లు', '|'), ('భూ', 'U'), ('ప', '|'), ('ము', 'U'), ('ఖ్యు', '|'), ('న', '|'), ('కు', '|'), ('దాం', 'U'), ('బూ', 'U'), ('ల', '|'), ('మి', 'U'), ('చ్చి', '|'), ('న', '|'), ('య', 'U'), ('ట్లు', '|'), ('సో', 'U'), ('ము', '|'), ('న', '|'), ('క', 'U'), ('ద్దం', 'U'), ('బు', '|'), ('సూ', 'U'), ('పి', '|'), ('న', 'U'), ('ట్లు', '|')]",0.9583333333333334,-1.0,1.0,1.0,0.875,-1.0
teytageethi,"నిఖిలలోకైకభర్తకు నీకు నొక్క | బిల్వదళ మార్యవర్యు లర్పించుచుంద్రు,
భూనుతవిలాస, పీఠికాపురనివాస, | కుముదహితకోటిసంకాశ, కుక్కుటేశ!",vupajaathi,Kukkuteswara,"[('ని', '|'), ('ఖి', '|'), ('ల', '|'), ('లో', 'U'), ('కై', 'U'), ('క', '|'), ('భ', 'U'), ('ర్త', '|'), ('కు', '|'), ('నీ', 'U'), ('కు', '|'), ('నొ', 'U'), ('క్క', '|'), ('బి', 'U'), ('ల్వ', '|'), ('ద', '|'), ('ళ', '|'), ('మా', 'U'), ('ర్య', '|'), ('వ', 'U'), ('ర్యు', '|'), ('ల', 'U'), ('ర్పిం', 'U'), ('చు', '|'), ('చుం', 'U'), ('ద్రు', '|'), ('భూ', 'U'), ('ను', '|'), ('త', '|'), ('వి', '|'), ('లా', 'U'), ('స', '|'), ('పీ', 'U'), ('ఠి', '|'), ('కా', 'U'), ('పు', '|'), ('ర', '|'), ('ని', '|'), ('వా', 'U'), ('స', '|'), ('కు', '|'), ('ము', '|'), ('ద', '|'), ('హి', '|'), ('త', '|'), ('కో', 'U'), ('టి', '|'), ('సం', 'U'), ('కా', 'U'), ('శ', '|'), ('కు', 'U'), ('క్కు', '|'), ('టే', 'U'), ('శ', '|')]",1.0,-1.0,1.0,1.0,1.0,-1.0
seesamu,"నడచిపోవఁగ జవం బడరకుండుటఁ జేసి | పుణ్యతీర్థము లాడఁ బోవరాదు
కాసు వీసము చేతఁ గల్గకుండుటఁ జేసి | దానధర్మక్రియల్ తలఁపరాదు
తనువున రుగ్బాధ తరలకుండుటఁ జేసి | స్నానజపాదులు సలుపరాదు
గడితంపుటాఁకలి విడువకుండుటఁ జేసి | యుపవాసములు నిష్ఠ నుండరాదు",vupajaathi,Kukkuteswara,"[('న', '|'), ('డ', '|'), ('చి', '|'), ('పో', 'U'), ('వ', '|'), ('గ', '|'), ('జ', '|'), ('వం', 'U'), ('బ', '|'), ('డ', '|'), ('ర', '|'), ('కుం', 'U'), ('డు', '|'), ('ట', '|'), ('జే', 'U'), ('సి', '|'), ('పు', 'U'), ('ణ్య', '|'), ('తీ', 'U'), ('ర్థ', '|'), ('ము', '|'), ('లా', 'U'), ('డ', '|'), ('బో', 'U'), ('వ', '|'), ('రా', 'U'), ('దు', '|'), ('కా', 'U'), ('సు', '|'), ('వీ', 'U'), ('స', '|'), ('ము', '|'), ('చే', 'U'), ('త', '|'), ('గ', 'U'), ('ల్గ', '|'), ('కుం', 'U'), ('డు', '|'), ('ట', '|'), ('జే', 'U'), ('సి', '|'), ('దా', 'U'), ('న', '|'), ('ధ', 'U'), ('ర్మ', '|'), ('క్రి', '|'), ('య', 'U'), ('ల్త', '|'), ('ల', '|'), ('ప', '|'), ('రా', 'U'), ('దు', '|'), ('త', '|'), ('ను', '|'), ('వు', '|'), ('న', '|'), ('రు', 'U'), ('గ్బా', 'U'), ('ధ', '|'), ('త', '|'), ('ర', '|'), ('ల', '|'), ('కుం', 'U'), ('డు', '|'), ('ట', '|'), ('జే', 'U'), ('సి', 'U'), ('స్నా', 'U'), ('న', '|'), ('జ', '|'), ('పా', 'U'), ('దు', '|'), ('లు', '|'), ('స', '|'), ('లు', '|'), ('ప', '|'), ('రా', 'U'), ('దు', '|'), ('గ', '|'), ('డి', '|'), ('తం', 'U'), ('పు', '|'), ('టా', 'U'), ('క', '|'), ('లి', '|'), ('వి', '|'), ('డు', '|'), ('వ', '|'), ('కుం', 'U'), ('డు', '|'), ('ట', '|'), ('జే', 'U'), ('సి', '|'), ('యు', '|'), ('ప', '|'), ('వా', 'U'), ('స', '|'), ('ము', '|'), ('లు', '|'), ('ని', 'U'), ('ష్ఠ', '|'), ('నుం', 'U'), ('డ', '|'), ('రా', 'U'), ('దు', '|')]",0.7291666666666666,-1.0,1.0,0.8125,0.375,-1.0
teytageethi,"కాని నిన్నొక్కమాఱైనఁ గడఁగి తలఁప- | రాదె యెన్నరు గాక దుర్మతులు మదిని,
భూనుతవిలాస, పీఠికాపురనివాస, | కుముదహితకోటిసంకాశ, కుక్కుటేశ!",vupajaathi,Kukkuteswara,"[('కా', 'U'), ('ని', '|'), ('ని', 'U'), ('న్నొ', 'U'), ('క్క', '|'), ('మా', 'U'), ('ఱై', 'U'), ('న', '|'), ('గ', '|'), ('డ', '|'), ('గి', '|'), ('త', '|'), ('ల', '|'), ('ప', '|'), ('రా', 'U'), ('దె', '|'), ('యె', 'U'), ('న్న', '|'), ('రు', '|'), ('గా', 'U'), ('క', '|'), ('దు', 'U'), ('ర్మ', '|'), ('తు', '|'), ('లు', '|'), ('మ', '|'), ('ది', '|'), ('ని', '|'), ('భూ', 'U'), ('ను', '|'), ('త', '|'), ('వి', '|'), ('లా', 'U'), ('స', '|'), ('పీ', 'U'), ('ఠి', '|'), ('కా', 'U'), ('పు', '|'), ('ర', '|'), ('ని', '|'), ('వా', 'U'), ('స', '|'), ('కు', '|'), ('ము', '|'), ('ద', '|'), ('హి', '|'), ('త', '|'), ('కో', 'U'), ('టి', '|'), ('సం', 'U'), ('కా', 'U'), ('శ', '|'), ('కు', 'U'), ('క్కు', '|'), ('టే', 'U'), ('శ', '|')]",1.0,-1.0,1.0,1.0,1.0,-1.0
seesamu,"శతవత్సరంబులు జనులకుఁగా నాయు- | వంబుజాసనుఁడు మర్యాద చేసె-
నందులో సగమేఁడు లరుగు నిద్రలచేత | శైశవక్రీడల జరుగుఁ గొన్ని
తారుణ్యమున మహామారభూతము సోఁక | నంగనాసక్తిచే నరుగుఁ గొన్ని
వార్ధకంబున బహువ్యాధిపీడలచేతఁ | గడమ యేఁడులు రిత్త గడచుచుండు",vupajaathi,Kukkuteswara,"[('శ', '|'), ('త', '|'), ('వ', 'U'), ('త్స', '|'), ('రం', 'U'), ('బు', '|'), ('లు', '|'), ('జ', '|'), ('ను', '|'), ('ల', '|'), ('కు', '|'), ('గా', 'U'), ('నా', 'U'), ('యు', '|'), ('వం', 'U'), ('బు', '|'), ('జా', 'U'), ('స', '|'), ('ను', '|'), ('డు', '|'), ('మ', 'U'), ('ర్యా', 'U'), ('ద', '|'), ('చే', 'U'), ('సె', '|'), ('నం', 'U'), ('దు', '|'), ('లో', 'U'), ('స', '|'), ('గ', '|'), ('మే', 'U'), ('డు', '|'), ('ల', '|'), ('రు', '|'), ('గు', '|'), ('ని', '|'), ('ద్ర', '|'), ('ల', '|'), ('చే', 'U'), ('త', '|'), ('శై', 'U'), ('శ', '|'), ('వ', '|'), ('క్రీ', 'U'), ('డ', '|'), ('ల', '|'), ('జ', '|'), ('రు', '|'), ('గు', '|'), ('గొ', 'U'), ('న్ని', '|'), ('తా', 'U'), ('రు', 'U'), ('ణ్య', '|'), ('ము', '|'), ('న', '|'), ('మ', '|'), ('హా', 'U'), ('మా', 'U'), ('ర', '|'), ('భూ', 'U'), ('త', '|'), ('ము', '|'), ('సో', 'U'), ('క', '|'), ('నం', 'U'), ('గ', '|'), ('నా', 'U'), ('స', 'U'), ('క్తి', '|'), ('చే', 'U'), ('న', '|'), ('రు', '|'), ('గు', '|'), ('గొ', 'U'), ('న్ని', '|'), ('వా', 'U'), ('ర్ధ', '|'), ('కం', 'U'), ('బు', '|'), ('న', '|'), ('బ', '|'), ('హు', 'U'), ('వ్యా', 'U'), ('ధి', '|'), ('పీ', 'U'), ('డ', '|'), ('ల', '|'), ('చే', 'U'), ('త', '|'), ('గ', '|'), ('డ', '|'), ('మ', '|'), ('యే', 'U'), ('డు', '|'), ('లు', '|'), ('రి', 'U'), ('త్త', '|'), ('గ', '|'), ('డ', '|'), ('చు', '|'), ('చుం', 'U'), ('డు', '|')]",0.9166666666666666,-1.0,1.0,1.0,0.75,-1.0
teytageethi,"కటకటా యెన్నఁడును దెల్వి గలిగి నిన్నుఁ | జేరి భజియింపకే ప్రాణి చెడు గదయ్య,
భూనుతవిలాస, పీఠికాపురనివాస, | కుముదహితకోటిసంకాశ, కుక్కుటేశ!",vupajaathi,Kukkuteswara,"[('క', '|'), ('ట', '|'), ('క', '|'), ('టా', 'U'), ('యె', 'U'), ('న్న', '|'), ('డు', '|'), ('ను', '|'), ('దె', 'U'), ('ల్వి', '|'), ('గ', '|'), ('లి', '|'), ('గి', '|'), ('ని', 'U'), ('న్ను', '|'), ('జే', 'U'), ('రి', '|'), ('భ', '|'), ('జి', '|'), ('యిం', 'U'), ('ప', '|'), ('కే', 'U'), ('ప్రా', 'U'), ('ణి', '|'), ('చె', '|'), ('డు', '|'), ('గ', '|'), ('ద', 'U'), ('య్య', '|'), ('భూ', 'U'), ('ను', '|'), ('త', '|'), ('వి', '|'), ('లా', 'U'), ('స', '|'), ('పీ', 'U'), ('ఠి', '|'), ('కా', 'U'), ('పు', '|'), ('ర', '|'), ('ని', '|'), ('వా', 'U'), ('స', '|'), ('కు', '|'), ('ము', '|'), ('ద', '|'), ('హి', '|'), ('త', '|'), ('కో', 'U'), ('టి', '|'), ('సం', 'U'), ('కా', 'U'), ('శ', '|'), ('కు', 'U'), ('క్కు', '|'), ('టే', 'U'), ('శ', '|')]",1.0,-1.0,1.0,1.0,1.0,-1.0
seesamu,"ప్రకృతి గుణంబులఁ బాసి షడ్వర్గంబు- | నడఁచి జితేంద్రియులైన యంచి-
తాష్టాంగయోగక్రియారూఢులై చరా- | చరరూపమగు ప్రపంచంబు మిథ్య
యని తలంచుచు సమస్తాంతరస్థాయివై | నువ్వులలోపల నూనె వోలె
బూసలలో దారమును బోలి యెడపక | నిండారి యుండెడు నిన్ను నెపుడు",vupajaathi,Kukkuteswara,"[('ప్ర', '|'), ('కృ', '|'), ('తి', '|'), ('గు', '|'), ('ణం', 'U'), ('బు', '|'), ('ల', '|'), ('బా', 'U'), ('సి', '|'), ('ష', 'U'), ('డ్వ', 'U'), ('ర్గం', 'U'), ('బు', '|'), ('న', '|'), ('డ', '|'), ('చి', '|'), ('జి', '|'), ('తేం', 'U'), ('ద్రి', '|'), ('యు', '|'), ('లై', 'U'), ('న', '|'), ('యం', 'U'), ('చి', '|'), ('తా', 'U'), ('ష్టాం', 'U'), ('గ', '|'), ('యో', 'U'), ('గ', '|'), ('క్రి', '|'), ('యా', 'U'), ('రూ', 'U'), ('ఢు', '|'), ('లై', 'U'), ('చ', '|'), ('రా', 'U'), ('చ', '|'), ('ర', '|'), ('రూ', 'U'), ('ప', '|'), ('మ', '|'), ('గు', '|'), ('ప్ర', '|'), ('పం', 'U'), ('చం', 'U'), ('బు', '|'), ('మి', 'U'), ('థ్య', '|'), ('య', '|'), ('ని', '|'), ('త', '|'), ('లం', 'U'), ('చు', '|'), ('చు', '|'), ('స', '|'), ('మ', 'U'), ('స్తాం', 'U'), ('త', '|'), ('ర', 'U'), ('స్థా', 'U'), ('యి', '|'), ('వై', 'U'), ('ను', 'U'), ('వ్వు', '|'), ('ల', '|'), ('లో', 'U'), ('ప', '|'), ('ల', '|'), ('నూ', 'U'), ('నె', '|'), ('వో', 'U'), ('లె', '|'), ('బూ', 'U'), ('స', '|'), ('ల', '|'), ('లో', 'U'), ('దా', 'U'), ('ర', '|'), ('ము', '|'), ('ను', '|'), ('బో', 'U'), ('లి', '|'), ('యె', '|'), ('డ', '|'), ('ప', '|'), ('క', '|'), ('నిం', 'U'), ('డా', 'U'), ('రి', '|'), ('యుం', 'U'), ('డె', '|'), ('డు', '|'), ('ని', 'U'), ('న్ను', '|'), ('నె', '|'), ('పు', '|'), ('డు', '|')]",0.875,-1.0,1.0,1.0,0.625,-1.0
teytageethi,"లోనిచూపునఁ దగఁ దమలోనఁ గాంచి | సోఽహమనువారె సంతతోత్సాహమతులు,
భూనుతవిలాస, పీఠికాపురనివాస, | కుముదహితకోటిసంకాశ, కుక్కుటేశ!",vupajaathi,Kukkuteswara,"[('లో', 'U'), ('ని', '|'), ('చూ', 'U'), ('పు', '|'), ('న', '|'), ('ద', '|'), ('గ', '|'), ('ద', '|'), ('మ', '|'), ('లో', 'U'), ('న', '|'), ('గాం', 'U'), ('చి', '|'), ('సో', 'U'), ('హ', '|'), ('మ', '|'), ('ను', '|'), ('వా', 'U'), ('రె', '|'), ('సం', 'U'), ('త', '|'), ('తో', 'U'), ('త్సా', 'U'), ('హ', '|'), ('మ', '|'), ('తు', '|'), ('లు', '|'), ('భూ', 'U'), ('ను', '|'), ('త', '|'), ('వి', '|'), ('లా', 'U'), ('స', '|'), ('పీ', 'U'), ('ఠి', '|'), ('కా', 'U'), ('పు', '|'), ('ర', '|'), ('ని', '|'), ('వా', 'U'), ('స', '|'), ('కు', '|'), ('ము', '|'), ('ద', '|'), ('హి', '|'), ('త', '|'), ('కో', 'U'), ('టి', '|'), ('సం', 'U'), ('కా', 'U'), ('శ', '|'), ('కు', 'U'), ('క్కు', '|'), ('టే', 'U'), ('శ', '|')]",1.0,-1.0,1.0,1.0,1.0,-1.0
seesamu,"వాయుభక్షణ చేసి వనటఁ గుందదె పాము | గుహలలో దూఱదే గూబపులుఁగు
వృక్షశాఖలమీఁద వ్రేలుచుండదె పక్షి | కానలఁ దిరుగదే వానరంబు
చెలరేఁగి కూయదే ఝిల్లికాకూటంబు | గహ్వరి దిరుగదే గంగిరెద్దు
నీట మునుంగదే మాటిమాటికిఁ గప్ప | యాకులు మెసవదే మేఁకపిల్ల",vupajaathi,Kukkuteswara,"[('వా', 'U'), ('యు', '|'), ('భ', 'U'), ('క్ష', '|'), ('ణ', '|'), ('చే', 'U'), ('సి', '|'), ('వ', '|'), ('న', '|'), ('ట', '|'), ('గుం', 'U'), ('ద', '|'), ('దె', '|'), ('పా', 'U'), ('ము', '|'), ('గు', '|'), ('హ', '|'), ('ల', '|'), ('లో', 'U'), ('దూ', 'U'), ('ఱ', '|'), ('దే', 'U'), ('గూ', 'U'), ('బ', '|'), ('పు', '|'), ('లు', '|'), ('గు', '|'), ('వృ', 'U'), ('క్ష', '|'), ('శా', 'U'), ('ఖ', '|'), ('ల', '|'), ('మీ', 'U'), ('ద', '|'), ('వ్రే', 'U'), ('లు', '|'), ('చుం', 'U'), ('డ', '|'), ('దె', '|'), ('ప', 'U'), ('క్షి', '|'), ('కా', 'U'), ('న', '|'), ('ల', '|'), ('ది', '|'), ('రు', '|'), ('గ', '|'), ('దే', 'U'), ('వా', 'U'), ('న', '|'), ('రం', 'U'), ('బు', '|'), ('చె', '|'), ('ల', '|'), ('రే', 'U'), ('గి', '|'), ('కూ', 'U'), ('య', '|'), ('దే', 'U'), ('ఝి', 'U'), ('ల్లి', '|'), ('కా', 'U'), ('కూ', 'U'), ('టం', 'U'), ('బు', '|'), ('గ', 'U'), ('హ్వ', '|'), ('రి', '|'), ('ది', '|'), ('రు', '|'), ('గ', '|'), ('దే', 'U'), ('గం', 'U'), ('గి', '|'), ('రె', 'U'), ('ద్దు', '|'), ('నీ', 'U'), ('ట', '|'), ('ము', '|'), ('నుం', 'U'), ('గ', '|'), ('దే', 'U'), ('మా', 'U'), ('టి', '|'), ('మా', 'U'), ('టి', '|'), ('కి', '|'), ('గ', 'U'), ('ప్ప', '|'), ('యా', 'U'), ('కు', '|'), ('లు', '|'), ('మె', '|'), ('స', '|'), ('వ', '|'), ('దే', 'U'), ('మే', 'U'), ('క', '|'), ('పి', 'U'), ('ల్ల', '|')]",1.0,-1.0,1.0,1.0,1.0,-1.0
teytageethi,"యెన్ని తెఱఁగులఁ బొరలుచునున్న నిన్ను | లీలఁ గొలువని ఖలునకు లేదు ముక్తి,
భూనుతవిలాస, పీఠికాపురనివాస, | కుముదహితకోటిసంకాశ, కుక్కుటేశ!",vupajaathi,Kukkuteswara,"[('యె', 'U'), ('న్ని', '|'), ('తె', '|'), ('ఱ', '|'), ('గు', '|'), ('ల', '|'), ('బొ', '|'), ('ర', '|'), ('లు', '|'), ('చు', '|'), ('ను', 'U'), ('న్న', '|'), ('ని', 'U'), ('న్ను', '|'), ('లీ', 'U'), ('ల', '|'), ('గొ', '|'), ('లు', '|'), ('వ', '|'), ('ని', '|'), ('ఖ', '|'), ('లు', '|'), ('న', '|'), ('కు', '|'), ('లే', 'U'), ('దు', '|'), ('ము', 'U'), ('క్తి', '|'), ('భూ', 'U'), ('ను', '|'), ('త', '|'), ('వి', '|'), ('లా', 'U'), ('స', '|'), ('పీ', 'U'), ('ఠి', '|'), ('కా', 'U'), ('పు', '|'), ('ర', '|'), ('ని', '|'), ('వా', 'U'), ('స', '|'), ('కు', '|'), ('ము', '|'), ('ద', '|'), ('హి', '|'), ('త', '|'), ('కో', 'U'), ('టి', '|'), ('సం', 'U'), ('కా', 'U'), ('శ', '|'), ('కు', 'U'), ('క్కు', '|'), ('టే', 'U'), ('శ', '|')]",1.0,-1.0,1.0,1.0,1.0,-1.0
seesamu,"పరుసంబు వలన నబ్బురముగా లోహంబు | మేల్మిబంగారమై మెఱసినట్లు
భ్రమరంబు వలన విభ్రమరూఢి యలరారి | శలభంబు భ్రమరమై చెలఁగినట్లు
మలయభూజాతంబు వలన నింబము పటీ- | రావనీజాతమై యలరినట్లు
కతకంబు వలన నుద్గాఢపంకోదకం- | బతినిర్మలోదకంబైనయట్లు",vupajaathi,Kukkuteswara,"[('ప', '|'), ('రు', '|'), ('సం', 'U'), ('బు', '|'), ('వ', '|'), ('ల', '|'), ('న', '|'), ('న', 'U'), ('బ్బు', '|'), ('ర', '|'), ('ము', '|'), ('గా', 'U'), ('లో', 'U'), ('హం', 'U'), ('బు', '|'), ('మే', 'U'), ('ల్మి', '|'), ('బం', 'U'), ('గా', 'U'), ('ర', '|'), ('మై', 'U'), ('మె', '|'), ('ఱ', '|'), ('సి', '|'), ('న', 'U'), ('ట్లు', '|'), ('భ్ర', '|'), ('మ', '|'), ('రం', 'U'), ('బు', '|'), ('వ', '|'), ('ల', '|'), ('న', '|'), ('వి', '|'), ('భ్ర', '|'), ('మ', '|'), ('రూ', 'U'), ('ఢి', '|'), ('య', '|'), ('ల', '|'), ('రా', 'U'), ('రి', '|'), ('శ', '|'), ('ల', '|'), ('భం', 'U'), ('బు', '|'), ('భ్ర', '|'), ('మ', '|'), ('ర', '|'), ('మై', 'U'), ('చె', '|'), ('ల', '|'), ('గి', '|'), ('న', 'U'), ('ట్లు', '|'), ('మ', '|'), ('ల', '|'), ('య', '|'), ('భూ', 'U'), ('జా', 'U'), ('తం', 'U'), ('బు', '|'), ('వ', '|'), ('ల', '|'), ('న', '|'), ('నిం', 'U'), ('బ', '|'), ('ము', '|'), ('ప', '|'), ('టీ', 'U'), ('రా', 'U'), ('వ', '|'), ('నీ', 'U'), ('జా', 'U'), ('త', '|'), ('మై', 'U'), ('య', '|'), ('ల', '|'), ('రి', '|'), ('న', 'U'), ('ట్లు', '|'), ('క', '|'), ('త', '|'), ('కం', 'U'), ('బు', '|'), ('వ', '|'), ('ల', '|'), ('న', '|'), ('ను', 'U'), ('ద్గా', 'U'), ('ఢ', '|'), ('పం', 'U'), ('కో', 'U'), ('ద', '|'), ('కం', 'U'), ('బ', '|'), ('తి', '|'), ('ని', 'U'), ('ర్మ', '|'), ('లో', 'U'), ('ద', '|'), ('కం', 'U'), ('బై', 'U'), ('న', '|'), ('య', 'U'), ('ట్లు', '|')]",0.9583333333333334,-1.0,1.0,1.0,0.875,-1.0
teytageethi,"సద్గురుకృపాకటాక్షవీక్షణము వలన | బ్రాకృతుఁడు జ్ఞానియై ముక్తిపదము గాంచు,
భూనుతవిలాస, పీఠికాపురనివాస, | కుముదహితకోటిసంకాశ, కుక్కుటేశ!",vupajaathi,Kukkuteswara,"[('స', 'U'), ('ద్గు', '|'), ('రు', '|'), ('కృ', '|'), ('పా', 'U'), ('క', '|'), ('టా', 'U'), ('క్ష', '|'), ('వీ', 'U'), ('క్ష', '|'), ('ణ', '|'), ('ము', '|'), ('వ', '|'), ('ల', '|'), ('న', '|'), ('బ్రా', 'U'), ('కృ', '|'), ('తు', '|'), ('డు', 'U'), ('జ్ఞా', 'U'), ('ని', '|'), ('యై', 'U'), ('ము', 'U'), ('క్తి', '|'), ('ప', '|'), ('ద', '|'), ('ము', '|'), ('గాం', 'U'), ('చు', '|'), ('భూ', 'U'), ('ను', '|'), ('త', '|'), ('వి', '|'), ('లా', 'U'), ('స', '|'), ('పీ', 'U'), ('ఠి', '|'), ('కా', 'U'), ('పు', '|'), ('ర', '|'), ('ని', '|'), ('వా', 'U'), ('స', '|'), ('కు', '|'), ('ము', '|'), ('ద', '|'), ('హి', '|'), ('త', '|'), ('కో', 'U'), ('టి', '|'), ('సం', 'U'), ('కా', 'U'), ('శ', '|'), ('కు', 'U'), ('క్కు', '|'), ('టే', 'U'), ('శ', '|')]",0.9833333333333334,-1.0,1.0,0.95,1.0,-1.0
seesamu,"మణిభూషణములు చామరములు ముత్యాల | గొడుగులు పడిగలు గుజ్జుపరపు
మిద్దెటిళ్ళు మెఱుంగుటద్దముల్ గద్దియల్ | చందుగల్ చందువాల్ మందసములు
పూలపాన్పులు శీరతాళవృంతము మేల్ | కలపముల్ తూగుటుయ్యెలలు పసిఁడి-
పల్లకీలు గుఱాలు బంట్లు బానిసలును | ధనధాన్య వసన గో దంతి తతులు",vupajaathi,Kukkuteswara,"[('మ', '|'), ('ణి', '|'), ('భూ', 'U'), ('ష', '|'), ('ణ', '|'), ('ము', '|'), ('లు', '|'), ('చా', 'U'), ('మ', '|'), ('ర', '|'), ('ము', '|'), ('లు', '|'), ('ము', 'U'), ('త్యా', 'U'), ('ల', '|'), ('గొ', '|'), ('డు', '|'), ('గు', '|'), ('లు', '|'), ('ప', '|'), ('డి', '|'), ('గ', '|'), ('లు', '|'), ('గు', 'U'), ('జ్జు', '|'), ('ప', '|'), ('ర', '|'), ('పు', '|'), ('మి', 'U'), ('ద్దె', '|'), ('టి', 'U'), ('ళ్ళు', '|'), ('మె', '|'), ('ఱుం', 'U'), ('గు', '|'), ('ట', 'U'), ('ద్ద', '|'), ('ము', 'U'), ('ల్గ', 'U'), ('ద్ది', '|'), ('య', 'U'), ('ల్చం', 'U'), ('దు', '|'), ('గ', 'U'), ('ల్చం', 'U'), ('దు', '|'), ('వా', 'U'), ('ల్మం', 'U'), ('ద', '|'), ('స', '|'), ('ము', '|'), ('లు', '|'), ('పూ', 'U'), ('ల', '|'), ('పా', 'U'), ('న్పు', '|'), ('లు', '|'), ('శీ', 'U'), ('ర', '|'), ('తా', 'U'), ('ళ', '|'), ('వృం', 'U'), ('త', '|'), ('ము', '|'), ('మే', 'U'), ('ల్క', '|'), ('ల', '|'), ('ప', '|'), ('ము', 'U'), ('ల్తూ', 'U'), ('గు', '|'), ('టు', 'U'), ('య్యె', '|'), ('ల', '|'), ('లు', '|'), ('ప', '|'), ('సి', '|'), ('డి', '|'), ('ప', 'U'), ('ల్ల', '|'), ('కీ', 'U'), ('లు', '|'), ('గు', '|'), ('ఱా', 'U'), ('లు', '|'), ('బం', 'U'), ('ట్లు', '|'), ('బా', 'U'), ('ని', '|'), ('స', '|'), ('లు', '|'), ('ను', '|'), ('ధ', '|'), ('న', '|'), ('ధా', 'U'), ('న్య', '|'), ('వ', '|'), ('స', '|'), ('న', '|'), ('గో', 'U'), ('దం', 'U'), ('తి', '|'), ('త', '|'), ('తు', '|'), ('లు', '|')]",0.8125,-1.0,1.0,0.8125,0.625,-1.0
teytageethi,"కులుకుప్రాయంపు ముద్దుగుమ్మలును గలిగి | పొలుచువారలె మును నిన్నుఁ గొలుచువారు,
భూనుతవిలాస, పీఠికాపురనివాస, | కుముదహితకోటిసంకాశ, కుక్కుటేశ!",vupajaathi,Kukkuteswara,"[('కు', '|'), ('లు', '|'), ('కు', '|'), ('ప్రా', 'U'), ('యం', 'U'), ('పు', '|'), ('ము', 'U'), ('ద్దు', '|'), ('గు', 'U'), ('మ్మ', '|'), ('లు', '|'), ('ను', '|'), ('గ', '|'), ('లి', '|'), ('గి', '|'), ('పొ', '|'), ('లు', '|'), ('చు', '|'), ('వా', 'U'), ('ర', '|'), ('లె', '|'), ('ము', '|'), ('ను', '|'), ('ని', 'U'), ('న్ను', '|'), ('గొ', '|'), ('లు', '|'), ('చు', '|'), ('వా', 'U'), ('రు', '|'), ('భూ', 'U'), ('ను', '|'), ('త', '|'), ('వి', '|'), ('లా', 'U'), ('స', '|'), ('పీ', 'U'), ('ఠి', '|'), ('కా', 'U'), ('పు', '|'), ('ర', '|'), ('ని', '|'), ('వా', 'U'), ('స', '|'), ('కు', '|'), ('ము', '|'), ('ద', '|'), ('హి', '|'), ('త', '|'), ('కో', 'U'), ('టి', '|'), ('సం', 'U'), ('కా', 'U'), ('శ', '|'), ('కు', 'U'), ('క్కు', '|'), ('టే', 'U'), ('శ', '|')]",1.0,-1.0,1.0,1.0,1.0,-1.0
seesamu,"దానహీనుండైన మానవాధము కల్మి | తెరలెడు జుంటీఁగ తేనెచుట్టు
చుట్టాల నతిథులఁ జొరనీని ఖలునిల్లు | పెనుబాము వసియించు పెద్దపుట్ట
సభలఁ బ్రసంగింపఁజాలని జనుని ప్ర- | హృష్టసాహితి సానక్రింది వన్నె
పతివాంఛ దీర్పని పడఁతి చక్కదనంబు | కాననాంతరచంద్రికాప్రసక్తి",vupajaathi,Kukkuteswara,"[('దా', 'U'), ('న', '|'), ('హీ', 'U'), ('నుం', 'U'), ('డై', 'U'), ('న', '|'), ('మా', 'U'), ('న', '|'), ('వా', 'U'), ('ధ', '|'), ('ము', '|'), ('క', 'U'), ('ల్మి', '|'), ('తె', '|'), ('ర', '|'), ('లె', '|'), ('డు', '|'), ('జుం', 'U'), ('టీ', 'U'), ('గ', '|'), ('తే', 'U'), ('నె', '|'), ('చు', 'U'), ('ట్టు', '|'), ('చు', 'U'), ('ట్టా', 'U'), ('ల', '|'), ('న', '|'), ('తి', '|'), ('థు', '|'), ('ల', '|'), ('జొ', '|'), ('ర', '|'), ('నీ', 'U'), ('ని', '|'), ('ఖ', '|'), ('లు', '|'), ('ని', 'U'), ('ల్లు', '|'), ('పె', '|'), ('ను', '|'), ('బా', 'U'), ('ము', '|'), ('వ', '|'), ('సి', '|'), ('యిం', 'U'), ('చు', '|'), ('పె', 'U'), ('ద్ద', '|'), ('పు', 'U'), ('ట్ట', '|'), ('స', '|'), ('భ', '|'), ('ల', '|'), ('బ్ర', '|'), ('సం', 'U'), ('గిం', 'U'), ('ప', '|'), ('జా', 'U'), ('ల', '|'), ('ని', '|'), ('జ', '|'), ('ను', '|'), ('ని', '|'), ('ప్ర', '|'), ('హృ', 'U'), ('ష్ట', '|'), ('సా', 'U'), ('హి', '|'), ('తి', '|'), ('సా', 'U'), ('న', '|'), ('క్రిం', 'U'), ('ది', '|'), ('వ', 'U'), ('న్నె', '|'), ('ప', '|'), ('తి', '|'), ('వాం', 'U'), ('ఛ', '|'), ('దీ', 'U'), ('ర్ప', '|'), ('ని', '|'), ('ప', '|'), ('డ', '|'), ('తి', '|'), ('చ', 'U'), ('క్క', '|'), ('ద', '|'), ('నం', 'U'), ('బు', '|'), ('కా', 'U'), ('న', '|'), ('నాం', 'U'), ('త', '|'), ('ర', '|'), ('చం', 'U'), ('ద్రి', '|'), ('కా', 'U'), ('ప్ర', '|'), ('స', 'U'), ('క్తి', '|')]",0.9583333333333334,-1.0,1.0,1.0,0.875,-1.0
teytageethi,"చిత్త మిగురొత్త నినుఁ బూజ సేయలేని | నరుని జన్మము మహిషజన్మము గదయ్య,
భూనుతవిలాస, పీఠికాపురనివాస, | కుముదహితకోటిసంకాశ, కుక్కుటేశ!",vupajaathi,Kukkuteswara,"[('చి', 'U'), ('త్త', '|'), ('మి', '|'), ('గు', '|'), ('రొ', 'U'), ('త్త', '|'), ('ని', '|'), ('ను', '|'), ('బూ', 'U'), ('జ', '|'), ('సే', 'U'), ('య', '|'), ('లే', 'U'), ('ని', '|'), ('న', '|'), ('రు', '|'), ('ని', '|'), ('జ', 'U'), ('న్మ', '|'), ('ము', '|'), ('మ', '|'), ('హి', '|'), ('ష', '|'), ('జ', 'U'), ('న్మ', '|'), ('ము', '|'), ('గ', '|'), ('ద', 'U'), ('య్య', '|'), ('భూ', 'U'), ('ను', '|'), ('త', '|'), ('వి', '|'), ('లా', 'U'), ('స', '|'), ('పీ', 'U'), ('ఠి', '|'), ('కా', 'U'), ('పు', '|'), ('ర', '|'), ('ని', '|'), ('వా', 'U'), ('స', '|'), ('కు', '|'), ('ము', '|'), ('ద', '|'), ('హి', '|'), ('త', '|'), ('కో', 'U'), ('టి', '|'), ('సం', 'U'), ('కా', 'U'), ('శ', '|'), ('కు', 'U'), ('క్కు', '|'), ('టే', 'U'), ('శ', '|')]",1.0,-1.0,1.0,1.0,1.0,-1.0
seesamu,"కుంభికుంభస్థలాక్షుద్రామిషము మెక్కు | సింగంబు కప్పల మ్రింగఁ జనునె
సారభూరుహఫలాహారలీలఁ జెలంగు | కీర ముమ్మెతలఁ జేరుకొనునె
యభ్రాపగాహాటకాబ్జమృణాళముల్ | కొను నంచ బురదవాగులకుఁ జనునె
ప్రబలవర్షాంబుధారలు గ్రోలు వానకో - | యిల యిల మంచుసోనలకుఁ జనునె",vupajaathi,Kukkuteswara,"[('కుం', 'U'), ('భి', '|'), ('కుం', 'U'), ('భ', 'U'), ('స్థ', '|'), ('లా', 'U'), ('క్షు', '|'), ('ద్రా', 'U'), ('మి', '|'), ('ష', '|'), ('ము', '|'), ('మె', 'U'), ('క్కు', '|'), ('సిం', 'U'), ('గం', 'U'), ('బు', '|'), ('క', 'U'), ('ప్ప', '|'), ('ల', '|'), ('మ్రిం', 'U'), ('గ', '|'), ('జ', '|'), ('ను', '|'), ('నె', '|'), ('సా', 'U'), ('ర', '|'), ('భూ', 'U'), ('రు', '|'), ('హ', '|'), ('ఫ', '|'), ('లా', 'U'), ('హా', 'U'), ('ర', '|'), ('లీ', 'U'), ('ల', '|'), ('జె', '|'), ('లం', 'U'), ('గు', '|'), ('కీ', 'U'), ('ర', '|'), ('ము', 'U'), ('మ్మె', '|'), ('త', '|'), ('ల', '|'), ('జే', 'U'), ('రు', '|'), ('కొ', '|'), ('ను', '|'), ('నె', '|'), ('య', '|'), ('భ్రా', 'U'), ('ప', '|'), ('గా', 'U'), ('హా', 'U'), ('ట', '|'), ('కా', 'U'), ('బ్జ', '|'), ('మృ', '|'), ('ణా', 'U'), ('ళ', '|'), ('ము', 'U'), ('ల్కొ', '|'), ('ను', '|'), ('నం', 'U'), ('చ', '|'), ('బు', '|'), ('ర', '|'), ('ద', '|'), ('వా', 'U'), ('గు', '|'), ('ల', '|'), ('కు', '|'), ('జ', '|'), ('ను', '|'), ('నె', '|'), ('ప్ర', '|'), ('బ', '|'), ('ల', '|'), ('వ', 'U'), ('ర్షాం', 'U'), ('బు', '|'), ('ధా', 'U'), ('ర', '|'), ('లు', '|'), ('గ్రో', 'U'), ('లు', '|'), ('వా', 'U'), ('న', '|'), ('కో', 'U'), ('యి', '|'), ('ల', '|'), ('యి', '|'), ('ల', '|'), ('మం', 'U'), ('చు', '|'), ('సో', 'U'), ('న', '|'), ('ల', '|'), ('కు', '|'), ('జ', '|'), ('ను', '|'), ('నె', '|')]",0.625,-1.0,1.0,0.75,0.125,-1.0
teytageethi,"ప్రభుభుజానీతభూరివైభవనిమగ్న- | విద్వదవతంస మల్పుల వేడఁ జనునె?
భూనుతవిలాస, పీఠికాపురనివాస, | కుముదహితకోటిసంకాశ, కుక్కుటేశ!",vupajaathi,Kukkuteswara,"[('ప్ర', '|'), ('భు', '|'), ('భు', '|'), ('జా', 'U'), ('నీ', 'U'), ('త', '|'), ('భూ', 'U'), ('రి', '|'), ('వై', 'U'), ('భ', '|'), ('వ', '|'), ('ని', '|'), ('మ', 'U'), ('గ్న', '|'), ('వి', 'U'), ('ద్వ', '|'), ('ద', '|'), ('వ', '|'), ('తం', 'U'), ('స', '|'), ('మ', 'U'), ('ల్పు', '|'), ('ల', '|'), ('వే', 'U'), ('డ', '|'), ('జ', '|'), ('ను', '|'), ('నె', '|'), ('భూ', 'U'), ('ను', '|'), ('త', '|'), ('వి', '|'), ('లా', 'U'), ('స', '|'), ('పీ', 'U'), ('ఠి', '|'), ('కా', 'U'), ('పు', '|'), ('ర', '|'), ('ని', '|'), ('వా', 'U'), ('స', '|'), ('కు', '|'), ('ము', '|'), ('ద', '|'), ('హి', '|'), ('త', '|'), ('కో', 'U'), ('టి', '|'), ('సం', 'U'), ('కా', 'U'), ('శ', '|'), ('కు', 'U'), ('క్కు', '|'), ('టే', 'U'), ('శ', '|')]",1.0,-1.0,1.0,1.0,1.0,-1.0
seesamu,"అడిగినప్పుడ తన యొడలి చర్మం బూడ్చి | కర్ణుఁ డీయండె యాఖండలునకు
నుడివినప్పుడ యొప్పి పుడమి మూఁడడుగులు | వైరోచనుం డీఁడె వామనునకు
శరణన్న యప్పుడు పరఁగ గువ్వను బ్రోచి | శిబి మేని పొలసీఁడె శ్యేనమునకు
ప్రార్థించినప్పుడే బ్రాహ్మణుఁ గాచి ఖే- | చరుఁడు ప్రాణములీఁడె సురవిరోధి-",vupajaathi,Kukkuteswara,"[('అ', '|'), ('డి', '|'), ('గి', '|'), ('న', 'U'), ('ప్పు', '|'), ('డ', '|'), ('త', '|'), ('న', '|'), ('యొ', '|'), ('డ', '|'), ('లి', '|'), ('చ', 'U'), ('ర్మం', 'U'), ('బూ', 'U'), ('డ్చి', '|'), ('క', 'U'), ('ర్ణు', '|'), ('డీ', 'U'), ('యం', 'U'), ('డె', '|'), ('యా', 'U'), ('ఖం', 'U'), ('డ', '|'), ('లు', '|'), ('న', '|'), ('కు', '|'), ('ను', '|'), ('డి', '|'), ('వి', '|'), ('న', 'U'), ('ప్పు', '|'), ('డ', '|'), ('యొ', 'U'), ('ప్పి', '|'), ('పు', '|'), ('డ', '|'), ('మి', '|'), ('మూ', 'U'), ('డ', '|'), ('డు', '|'), ('గు', '|'), ('లు', '|'), ('వై', 'U'), ('రో', 'U'), ('చ', '|'), ('నుం', 'U'), ('డీ', 'U'), ('డె', '|'), ('వా', 'U'), ('మ', '|'), ('ను', '|'), ('న', '|'), ('కు', '|'), ('శ', '|'), ('ర', '|'), ('ణ', 'U'), ('న్న', '|'), ('య', 'U'), ('ప్పు', '|'), ('డు', '|'), ('ప', '|'), ('ర', '|'), ('గ', '|'), ('గు', 'U'), ('వ్వ', '|'), ('ను', '|'), ('బ్రో', 'U'), ('చి', '|'), ('శి', '|'), ('బి', '|'), ('మే', 'U'), ('ని', '|'), ('పొ', '|'), ('ల', '|'), ('సీ', 'U'), ('డె', 'U'), ('శ్యే', 'U'), ('న', '|'), ('ము', '|'), ('న', '|'), ('కు', '|'), ('ప్రా', 'U'), ('ర్థిం', 'U'), ('చి', '|'), ('న', 'U'), ('ప్పు', '|'), ('డే', 'U'), ('బ్రా', 'U'), ('హ్మ', '|'), ('ణు', '|'), ('గా', 'U'), ('చి', '|'), ('ఖే', 'U'), ('చ', '|'), ('రు', '|'), ('డు', '|'), ('ప్రా', 'U'), ('ణ', '|'), ('ము', '|'), ('లీ', 'U'), ('డె', '|'), ('సు', '|'), ('ర', '|'), ('వి', '|'), ('రో', 'U'), ('ధి', '|')]",0.9895833333333334,-1.0,1.0,0.96875,1.0,-1.0
teytageethi,"కరయ వితరణశూరులైనట్టి ఘనులు | కొంచకేమైన ఘనుల కర్పించుచుంద్రు,
భూనుతవిలాస, పీఠికాపురనివాస, | కుముదహితకోటిసంకాశ, కుక్కుటేశ!",vupajaathi,Kukkuteswara,"[('క', '|'), ('ర', '|'), ('య', '|'), ('వి', '|'), ('త', '|'), ('ర', '|'), ('ణ', '|'), ('శూ', 'U'), ('రు', '|'), ('లై', 'U'), ('న', 'U'), ('ట్టి', '|'), ('ఘ', '|'), ('ను', '|'), ('లు', '|'), ('కొం', 'U'), ('చ', '|'), ('కే', 'U'), ('మై', 'U'), ('న', '|'), ('ఘ', '|'), ('ను', '|'), ('ల', '|'), ('క', 'U'), ('ర్పిం', 'U'), ('చు', '|'), ('చుం', 'U'), ('ద్రు', '|'), ('భూ', 'U'), ('ను', '|'), ('త', '|'), ('వి', '|'), ('లా', 'U'), ('స', '|'), ('పీ', 'U'), ('ఠి', '|'), ('కా', 'U'), ('పు', '|'), ('ర', '|'), ('ని', '|'), ('వా', 'U'), ('స', '|'), ('కు', '|'), ('ము', '|'), ('ద', '|'), ('హి', '|'), ('త', '|'), ('కో', 'U'), ('టి', '|'), ('సం', 'U'), ('కా', 'U'), ('శ', '|'), ('కు', 'U'), ('క్కు', '|'), ('టే', 'U'), ('శ', '|')]",0.9166666666666666,-1.0,1.0,1.0,0.75,-1.0
seesamu,"పురుషోత్తమము భద్రగిరి యహోబలము శ్రీ- | శైలంబు వేంకటాచలము కాంచి
సింహాచలంబును శ్రీరంగమును ప్రయా- | గంబు కేదారంబు కాళహస్తి
కుంభకోణంబు శ్రీకూర్మంబు కాశి సు- | బ్రహ్మణ్యమును చిదంబర మయోధ్య
భీమేశ్వరంబును రామేశ్వరంబును | గోకర్ణమును హిమక్షోణిధరము",vupajaathi,Kukkuteswara,"[('పు', '|'), ('రు', '|'), ('షో', 'U'), ('త్త', '|'), ('మ', '|'), ('ము', '|'), ('భ', '|'), ('ద్ర', '|'), ('గి', '|'), ('రి', '|'), ('య', '|'), ('హో', 'U'), ('బ', '|'), ('ల', '|'), ('ము', '|'), ('శ్రీ', 'U'), ('శై', 'U'), ('లం', 'U'), ('బు', '|'), ('వేం', 'U'), ('క', '|'), ('టా', 'U'), ('చ', '|'), ('ల', '|'), ('ము', '|'), ('కాం', 'U'), ('చి', '|'), ('సిం', 'U'), ('హా', 'U'), ('చ', '|'), ('లం', 'U'), ('బు', '|'), ('ను', '|'), ('శ్రీ', 'U'), ('రం', 'U'), ('గ', '|'), ('ము', '|'), ('ను', '|'), ('ప్ర', '|'), ('యా', 'U'), ('గం', 'U'), ('బు', '|'), ('కే', 'U'), ('దా', 'U'), ('రం', 'U'), ('బు', '|'), ('కా', 'U'), ('ళ', '|'), ('హ', 'U'), ('స్తి', '|'), ('కుం', 'U'), ('భ', '|'), ('కో', 'U'), ('ణం', 'U'), ('బు', '|'), ('శ్రీ', 'U'), ('కూ', 'U'), ('ర్మం', 'U'), ('బు', '|'), ('కా', 'U'), ('శి', '|'), ('సు', '|'), ('బ్ర', 'U'), ('హ్మ', 'U'), ('ణ్య', '|'), ('ము', '|'), ('ను', '|'), ('చి', '|'), ('దం', 'U'), ('బ', '|'), ('ర', '|'), ('మ', '|'), ('యో', 'U'), ('ధ్య', '|'), ('భీ', 'U'), ('మే', 'U'), ('శ్వ', '|'), ('రం', 'U'), ('బు', '|'), ('ను', '|'), ('రా', 'U'), ('మే', 'U'), ('శ్వ', '|'), ('రం', 'U'), ('బు', '|'), ('ను', '|'), ('గో', 'U'), ('క', 'U'), ('ర్ణ', '|'), ('ము', '|'), ('ను', '|'), ('హి', '|'), ('మ', 'U'), ('క్షో', 'U'), ('ణి', '|'), ('ధ', '|'), ('ర', '|'), ('ము', '|')]",1.0,-1.0,1.0,1.0,1.0,-1.0
teytageethi,"మొదలుగాఁ గల పుణ్యభూములకుఁ జనఁగ | వలవ దరలేక నినుఁ గొల్చు నలఘుమతికి,
భూనుతవిలాస, పీఠికాపురనివాస, | కుముదహితకోటిసంకాశ, కుక్కుటేశ!",vupajaathi,Kukkuteswara,"[('మొ', '|'), ('ద', '|'), ('లు', '|'), ('గా', 'U'), ('గ', '|'), ('ల', '|'), ('పు', 'U'), ('ణ్య', '|'), ('భూ', 'U'), ('ము', '|'), ('ల', '|'), ('కు', '|'), ('జ', '|'), ('న', '|'), ('గ', '|'), ('వ', '|'), ('ల', '|'), ('వ', '|'), ('ద', '|'), ('ర', '|'), ('లే', 'U'), ('క', '|'), ('ని', '|'), ('ను', '|'), ('గొ', 'U'), ('ల్చు', '|'), ('న', '|'), ('ల', '|'), ('ఘు', '|'), ('మ', '|'), ('తి', '|'), ('కి', '|'), ('భూ', 'U'), ('ను', '|'), ('త', '|'), ('వి', '|'), ('లా', 'U'), ('స', '|'), ('పీ', 'U'), ('ఠి', '|'), ('కా', 'U'), ('పు', '|'), ('ర', '|'), ('ని', '|'), ('వా', 'U'), ('స', '|'), ('కు', '|'), ('ము', '|'), ('ద', '|'), ('హి', '|'), ('త', '|'), ('కో', 'U'), ('టి', '|'), ('సం', 'U'), ('కా', 'U'), ('శ', '|'), ('కు', 'U'), ('క్కు', '|'), ('టే', 'U'), ('శ', '|')]",1.0,-1.0,1.0,1.0,1.0,-1.0
seesamu,"లవణాబ్ధి లంఘించు పవనాత్మజున కొక్క | తోటకాలువ పూని దాటుటెంత
జగమెల్ల ముంచు వర్షము నించు కాలాంబు- | ధరమున కొకపాదు దడుపుటెంత
బహులోకవాంఛితఫలదమౌ సురశాఖి | కొక యణూపమఫలం బొసగుటెంత
చెడుగు రక్కసిమూఁకఁ జెండు చక్రమునకుఁ | బుడమి నొక్కరుని జంపుట యదెంత",vupajaathi,Kukkuteswara,"[('ల', '|'), ('వ', '|'), ('ణా', 'U'), ('బ్ధి', '|'), ('లం', 'U'), ('ఘిం', 'U'), ('చు', '|'), ('ప', '|'), ('వ', '|'), ('నా', 'U'), ('త్మ', '|'), ('జు', '|'), ('న', '|'), ('కొ', 'U'), ('క్క', '|'), ('తో', 'U'), ('ట', '|'), ('కా', 'U'), ('లు', '|'), ('వ', '|'), ('పూ', 'U'), ('ని', '|'), ('దా', 'U'), ('టు', '|'), ('టెం', 'U'), ('త', '|'), ('జ', '|'), ('గ', '|'), ('మె', 'U'), ('ల్ల', '|'), ('ముం', 'U'), ('చు', '|'), ('వ', 'U'), ('ర్ష', '|'), ('ము', '|'), ('నిం', 'U'), ('చు', '|'), ('కా', 'U'), ('లాం', 'U'), ('బు', '|'), ('ధ', '|'), ('ర', '|'), ('ము', '|'), ('న', '|'), ('కొ', '|'), ('క', '|'), ('పా', 'U'), ('దు', '|'), ('ద', '|'), ('డు', '|'), ('పు', '|'), ('టెం', 'U'), ('త', '|'), ('బ', '|'), ('హు', '|'), ('లో', 'U'), ('క', '|'), ('వాం', 'U'), ('ఛి', '|'), ('త', '|'), ('ఫ', '|'), ('ల', '|'), ('ద', '|'), ('మౌ', 'U'), ('సు', '|'), ('ర', '|'), ('శా', 'U'), ('ఖి', '|'), ('కొ', '|'), ('క', '|'), ('య', '|'), ('ణూ', 'U'), ('ప', '|'), ('మ', '|'), ('ఫ', '|'), ('లం', 'U'), ('బొ', '|'), ('స', '|'), ('గు', '|'), ('టెం', 'U'), ('త', '|'), ('చె', '|'), ('డు', '|'), ('గు', '|'), ('ర', 'U'), ('క్క', '|'), ('సి', '|'), ('మూ', 'U'), ('క', '|'), ('జెం', 'U'), ('డు', '|'), ('చ', '|'), ('క్ర', '|'), ('ము', '|'), ('న', '|'), ('కు', '|'), ('బు', '|'), ('డ', '|'), ('మి', '|'), ('నొ', 'U'), ('క్క', '|'), ('రు', '|'), ('ని', '|'), ('జం', 'U'), ('పు', '|'), ('ట', '|'), ('య', '|'), ('దెం', 'U'), ('త', '|')]",0.9583333333333334,-1.0,1.0,1.0,0.875,-1.0
teytageethi,"సకలబ్రహ్మాండభాండరక్షణకలాభి- | రామునకు నీకు ననుఁ బ్రోచుటేమి వింత?
భూనుతవిలాస, పీఠికాపురనివాస, | కుముదహితకోటిసంకాశ, కుక్కుటేశ!",vupajaathi,Kukkuteswara,"[('స', '|'), ('క', '|'), ('ల', '|'), ('బ్ర', 'U'), ('హ్మాం', 'U'), ('డ', '|'), ('భాం', 'U'), ('డ', '|'), ('ర', 'U'), ('క్ష', '|'), ('ణ', '|'), ('క', '|'), ('లా', 'U'), ('భి', '|'), ('రా', 'U'), ('ము', '|'), ('న', '|'), ('కు', '|'), ('నీ', 'U'), ('కు', '|'), ('న', '|'), ('ను', '|'), ('బ్రో', 'U'), ('చు', '|'), ('టే', 'U'), ('మి', '|'), ('విం', 'U'), ('త', '|'), ('భూ', 'U'), ('ను', '|'), ('త', '|'), ('వి', '|'), ('లా', 'U'), ('స', '|'), ('పీ', 'U'), ('ఠి', '|'), ('కా', 'U'), ('పు', '|'), ('ర', '|'), ('ని', '|'), ('వా', 'U'), ('స', '|'), ('కు', '|'), ('ము', '|'), ('ద', '|'), ('హి', '|'), ('త', '|'), ('కో', 'U'), ('టి', '|'), ('సం', 'U'), ('కా', 'U'), ('శ', '|'), ('కు', 'U'), ('క్కు', '|'), ('టే', 'U'), ('శ', '|')]",1.0,-1.0,1.0,1.0,1.0,-1.0
seesamu,"నదులలో జాహ్నవి నరులలో విప్రుండు | గ్రహములలోనఁ బంకజహితుండు
తృణములలో దర్భ మృగముల సింగంబు | వ్రతముల ద్వాదశి లతల జాజి
దానమ్ములం దన్నదానమ్ము లోహజా- | తమ్ములలోనఁ గార్తస్వరంబు
గిరులలో మేరువు పురములలో కాశి | తరువుల రావి సంతతులఁ గృతియు",vupajaathi,Kukkuteswara,"[('న', '|'), ('దు', '|'), ('ల', '|'), ('లో', 'U'), ('జా', 'U'), ('హ్న', '|'), ('వి', '|'), ('న', '|'), ('రు', '|'), ('ల', '|'), ('లో', 'U'), ('వి', '|'), ('ప్రుం', 'U'), ('డు', '|'), ('గ్ర', '|'), ('హ', '|'), ('ము', '|'), ('ల', '|'), ('లో', 'U'), ('న', '|'), ('బం', 'U'), ('క', '|'), ('జ', '|'), ('హి', '|'), ('తుం', 'U'), ('డు', '|'), ('తృ', '|'), ('ణ', '|'), ('ము', '|'), ('ల', '|'), ('లో', 'U'), ('ద', 'U'), ('ర్భ', '|'), ('మృ', '|'), ('గ', '|'), ('ము', '|'), ('ల', '|'), ('సిం', 'U'), ('గం', 'U'), ('బు', '|'), ('వ్ర', '|'), ('త', '|'), ('ము', '|'), ('ల', 'U'), ('ద్వా', 'U'), ('ద', '|'), ('శి', '|'), ('ల', '|'), ('త', '|'), ('ల', '|'), ('జా', 'U'), ('జి', '|'), ('దా', 'U'), ('న', 'U'), ('మ్ము', '|'), ('లం', 'U'), ('ద', 'U'), ('న్న', '|'), ('దా', 'U'), ('న', 'U'), ('మ్ము', '|'), ('లో', 'U'), ('హ', '|'), ('జా', 'U'), ('త', 'U'), ('మ్ము', '|'), ('ల', '|'), ('లో', 'U'), ('న', '|'), ('గా', 'U'), ('ర్త', 'U'), ('స్వ', '|'), ('రం', 'U'), ('బు', '|'), ('గి', '|'), ('రు', '|'), ('ల', '|'), ('లో', 'U'), ('మే', 'U'), ('రు', '|'), ('వు', '|'), ('పు', '|'), ('ర', '|'), ('ము', '|'), ('ల', '|'), ('లో', 'U'), ('కా', 'U'), ('శి', '|'), ('త', '|'), ('రు', '|'), ('వు', '|'), ('ల', '|'), ('రా', 'U'), ('వి', '|'), ('సం', 'U'), ('త', '|'), ('తు', '|'), ('ల', '|'), ('గృ', '|'), ('తి', '|'), ('యు', '|')]",0.5625,-1.0,1.0,0.5625,0.125,-1.0
teytageethi,"నెట్లు పూజ్యములయ్యె నట్లెల్లవేల్పు- | గములయందును నీవె కా ఘనుఁడ వరయ,
భూనుతవిలాస, పీఠికాపురనివాస, | కుముదహితకోటిసంకాశ, కుక్కుటేశ!",vupajaathi,Kukkuteswara,"[('నె', 'U'), ('ట్లు', '|'), ('పూ', 'U'), ('జ్య', '|'), ('ము', '|'), ('ల', 'U'), ('య్యె', '|'), ('న', 'U'), ('ట్లె', 'U'), ('ల్ల', '|'), ('వే', 'U'), ('ల్పు', '|'), ('గ', '|'), ('ము', '|'), ('ల', '|'), ('యం', 'U'), ('దు', '|'), ('ను', '|'), ('నీ', 'U'), ('వె', '|'), ('కా', 'U'), ('ఘ', '|'), ('ను', '|'), ('డ', '|'), ('వ', '|'), ('ర', '|'), ('య', '|'), ('భూ', 'U'), ('ను', '|'), ('త', '|'), ('వి', '|'), ('లా', 'U'), ('స', '|'), ('పీ', 'U'), ('ఠి', '|'), ('కా', 'U'), ('పు', '|'), ('ర', '|'), ('ని', '|'), ('వా', 'U'), ('స', '|'), ('కు', '|'), ('ము', '|'), ('ద', '|'), ('హి', '|'), ('త', '|'), ('కో', 'U'), ('టి', '|'), ('సం', 'U'), ('కా', 'U'), ('శ', '|'), ('కు', 'U'), ('క్కు', '|'), ('టే', 'U'), ('శ', '|')]",0.9166666666666666,-1.0,1.0,1.0,0.75,-1.0
seesamu,"నటుని పోల్కి ననేకనామరూపవిభేద- | ములు పూని శుభలీలఁ జెలఁగువాని
తవిలి పూసలలోని దారంబు కైవడి | జగదంతరాత్మయై నెగడువాని
నైంద్రజాలికు రీతి నఖిలంబు నుద్భవ- | స్థితిలయంబుల నొందఁజేయువాని
విపులాంబువులఁ బ్రతిబింబితుండౌ హేళి | వలె సర్వసాక్షియై వెలుఁగువాని",vupajaathi,Kukkuteswara,"[('న', '|'), ('టు', '|'), ('ని', '|'), ('పో', 'U'), ('ల్కి', '|'), ('న', '|'), ('నే', 'U'), ('క', '|'), ('నా', 'U'), ('మ', '|'), ('రూ', 'U'), ('ప', '|'), ('వి', '|'), ('భే', 'U'), ('ద', '|'), ('ము', '|'), ('లు', '|'), ('పూ', 'U'), ('ని', '|'), ('శు', '|'), ('భ', '|'), ('లీ', 'U'), ('ల', '|'), ('జె', '|'), ('ల', '|'), ('గు', '|'), ('వా', 'U'), ('ని', '|'), ('త', '|'), ('వి', '|'), ('లి', '|'), ('పూ', 'U'), ('స', '|'), ('ల', '|'), ('లో', 'U'), ('ని', '|'), ('దా', 'U'), ('రం', 'U'), ('బు', '|'), ('కై', 'U'), ('వ', '|'), ('డి', '|'), ('జ', '|'), ('గ', '|'), ('దం', 'U'), ('త', '|'), ('రా', 'U'), ('త్మ', '|'), ('యై', 'U'), ('నె', '|'), ('గ', '|'), ('డు', '|'), ('వా', 'U'), ('ని', '|'), ('నైం', 'U'), ('ద్ర', '|'), ('జా', 'U'), ('లి', '|'), ('కు', '|'), ('రీ', 'U'), ('తి', '|'), ('న', '|'), ('ఖి', '|'), ('లం', 'U'), ('బు', '|'), ('ను', 'U'), ('ద్భ', '|'), ('వ', 'U'), ('స్థి', '|'), ('తి', '|'), ('ల', '|'), ('యం', 'U'), ('బు', '|'), ('ల', '|'), ('నొం', 'U'), ('ద', '|'), ('జే', 'U'), ('యు', '|'), ('వా', 'U'), ('ని', '|'), ('వి', '|'), ('పు', '|'), ('లాం', 'U'), ('బు', '|'), ('వు', '|'), ('ల', '|'), ('బ్ర', '|'), ('తి', '|'), ('బిం', 'U'), ('బి', '|'), ('తుం', 'U'), ('డౌ', 'U'), ('హే', 'U'), ('ళి', '|'), ('వ', '|'), ('లె', '|'), ('స', 'U'), ('ర్వ', '|'), ('సా', 'U'), ('క్షి', '|'), ('యై', 'U'), ('వె', '|'), ('లు', '|'), ('గు', '|'), ('వా', 'U'), ('ని', '|')]",0.9583333333333334,-1.0,1.0,1.0,0.875,-1.0
teytageethi,"నిన్ను సేవింతు భావింతు సన్నుతింతుఁ | బ్రేమ యేపార సాక్షాత్కరింపుమయ్య,
భూనుతవిలాస, పీఠికాపురనివాస, | కుముదహితకోటిసంకాశ, కుక్కుటేశ!",vupajaathi,Kukkuteswara,"[('ని', 'U'), ('న్ను', '|'), ('సే', 'U'), ('విం', 'U'), ('తు', '|'), ('భా', 'U'), ('విం', 'U'), ('తు', '|'), ('స', 'U'), ('న్ను', '|'), ('తిం', 'U'), ('తు', '|'), ('బ్రే', 'U'), ('మ', '|'), ('యే', 'U'), ('పా', 'U'), ('ర', '|'), ('సా', 'U'), ('క్షా', 'U'), ('త్క', '|'), ('రిం', 'U'), ('పు', '|'), ('మ', 'U'), ('య్య', '|'), ('భూ', 'U'), ('ను', '|'), ('త', '|'), ('వి', '|'), ('లా', 'U'), ('స', '|'), ('పీ', 'U'), ('ఠి', '|'), ('కా', 'U'), ('పు', '|'), ('ర', '|'), ('ని', '|'), ('వా', 'U'), ('స', '|'), ('కు', '|'), ('ము', '|'), ('ద', '|'), ('హి', '|'), ('త', '|'), ('కో', 'U'), ('టి', '|'), ('సం', 'U'), ('కా', 'U'), ('శ', '|'), ('కు', 'U'), ('క్కు', '|'), ('టే', 'U'), ('శ', '|')]",1.0,-1.0,1.0,1.0,1.0,-1.0
seesamu,"సాలెపుర్వునకుఁ కుంజరమున కహికిని | ముక్తి యొసంగిన భక్తసులభ!
జముని దక్షుని పరాశరతనూజుని గర్వ- | దూరులఁ జేసిన భూరిశౌర్య!
హరి విరించన పురందరుల కఖండవై- | భవము లొసంగిన భువనజనక!
నంది భృంగీశ బాణ దశాననుల మహా- | ప్రమథులఁ జేసిన విమలచరిత!",vupajaathi,Kukkuteswara,"[('సా', 'U'), ('లె', '|'), ('పు', 'U'), ('ర్వు', '|'), ('న', '|'), ('కు', '|'), ('కుం', 'U'), ('జ', '|'), ('ర', '|'), ('ము', '|'), ('న', '|'), ('క', '|'), ('హి', '|'), ('కి', '|'), ('ని', '|'), ('ము', 'U'), ('క్తి', '|'), ('యొ', '|'), ('సం', 'U'), ('గి', '|'), ('న', '|'), ('భ', 'U'), ('క్త', '|'), ('సు', '|'), ('ల', '|'), ('భ', '|'), ('జ', '|'), ('ము', '|'), ('ని', '|'), ('ద', 'U'), ('క్షు', '|'), ('ని', '|'), ('ప', '|'), ('రా', 'U'), ('శ', '|'), ('ర', '|'), ('త', '|'), ('నూ', 'U'), ('జు', '|'), ('ని', '|'), ('గ', 'U'), ('ర్వ', '|'), ('దూ', 'U'), ('రు', '|'), ('ల', '|'), ('జే', 'U'), ('సి', '|'), ('న', '|'), ('భూ', 'U'), ('రి', '|'), ('శౌ', 'U'), ('ర్య', '|'), ('హ', '|'), ('రి', '|'), ('వి', '|'), ('రిం', 'U'), ('చ', '|'), ('న', '|'), ('పు', '|'), ('రం', 'U'), ('ద', '|'), ('రు', '|'), ('ల', '|'), ('క', '|'), ('ఖం', 'U'), ('డ', '|'), ('వై', 'U'), ('భ', '|'), ('వ', '|'), ('ము', '|'), ('లొ', '|'), ('సం', 'U'), ('గి', '|'), ('న', '|'), ('భు', '|'), ('వ', '|'), ('న', '|'), ('జ', '|'), ('న', '|'), ('క', '|'), ('నం', 'U'), ('ది', '|'), ('భృం', 'U'), ('గీ', 'U'), ('శ', '|'), ('బా', 'U'), ('ణ', '|'), ('ద', '|'), ('శా', 'U'), ('న', '|'), ('ను', '|'), ('ల', '|'), ('మ', '|'), ('హా', 'U'), ('ప్ర', '|'), ('మ', '|'), ('థు', '|'), ('ల', '|'), ('జే', 'U'), ('సి', '|'), ('న', '|'), ('వి', '|'), ('మ', '|'), ('ల', '|'), ('చ', '|'), ('రి', '|'), ('త', '|')]",1.0,-1.0,1.0,1.0,1.0,-1.0
teytageethi,"నీ మహత్త్వంబు పూని వర్ణింపఁ దరమె | వాణికి వేయిమోములవానికైన,
భూనుతవిలాస, పీఠికాపురనివాస, | కుముదహితకోటిసంకాశ, కుక్కుటేశ!",vupajaathi,Kukkuteswara,"[('నీ', 'U'), ('మ', '|'), ('హ', 'U'), ('త్త్వం', 'U'), ('బు', '|'), ('పూ', 'U'), ('ని', '|'), ('వ', 'U'), ('ర్ణిం', 'U'), ('ప', '|'), ('ద', '|'), ('ర', '|'), ('మె', '|'), ('వా', 'U'), ('ణి', '|'), ('కి', '|'), ('వే', 'U'), ('యి', '|'), ('మో', 'U'), ('ము', '|'), ('ల', '|'), ('వా', 'U'), ('ని', '|'), ('కై', 'U'), ('న', '|'), ('భూ', 'U'), ('ను', '|'), ('త', '|'), ('వి', '|'), ('లా', 'U'), ('స', '|'), ('పీ', 'U'), ('ఠి', '|'), ('కా', 'U'), ('పు', '|'), ('ర', '|'), ('ని', '|'), ('వా', 'U'), ('స', '|'), ('కు', '|'), ('ము', '|'), ('ద', '|'), ('హి', '|'), ('త', '|'), ('కో', 'U'), ('టి', '|'), ('సం', 'U'), ('కా', 'U'), ('శ', '|'), ('కు', 'U'), ('క్కు', '|'), ('టే', 'U'), ('శ', '|')]",0.6666666666666666,-1.0,1.0,0.75,0.25,-1.0
seesamu,"ఆరకూటమ్ము బంగారమై యొప్పునే | తగర ముజ్జ్వలకలధౌత మగునె
గాజుపూస యనర్ఘగారుత్మత మ్మౌనె | జిల్లేడు దేవతాక్షితిజ మగునె
కాసరం బతిదర్పకంఠీరవ మ్మౌనె | కాకంబు వరమానసౌక మగునె
మతకరి జోరీఁగ మదపుటేనుఁగ యౌనె | ఘనబిడాలము చిత్రకాయ మగునె",vupajaathi,Kukkuteswara,"[('ఆ', 'U'), ('ర', '|'), ('కూ', 'U'), ('ట', 'U'), ('మ్ము', '|'), ('బం', 'U'), ('గా', 'U'), ('ర', '|'), ('మై', 'U'), ('యొ', 'U'), ('ప్పు', '|'), ('నే', 'U'), ('త', '|'), ('గ', '|'), ('ర', '|'), ('ము', 'U'), ('జ్జ్వ', '|'), ('ల', '|'), ('క', '|'), ('ల', '|'), ('ధౌ', 'U'), ('త', '|'), ('మ', '|'), ('గు', '|'), ('నె', '|'), ('గా', 'U'), ('జు', '|'), ('పూ', 'U'), ('స', '|'), ('య', '|'), ('న', 'U'), ('ర్ఘ', '|'), ('గా', 'U'), ('రు', 'U'), ('త్మ', '|'), ('త', 'U'), ('మ్మౌ', 'U'), ('నె', '|'), ('జి', 'U'), ('ల్లే', 'U'), ('డు', '|'), ('దే', 'U'), ('వ', '|'), ('తా', 'U'), ('క్షి', '|'), ('తి', '|'), ('జ', '|'), ('మ', '|'), ('గు', '|'), ('నె', '|'), ('కా', 'U'), ('స', '|'), ('రం', 'U'), ('బ', '|'), ('తి', '|'), ('ద', 'U'), ('ర్ప', '|'), ('కం', 'U'), ('ఠీ', 'U'), ('ర', '|'), ('వ', 'U'), ('మ్మౌ', 'U'), ('నె', '|'), ('కా', 'U'), ('కం', 'U'), ('బు', '|'), ('వ', '|'), ('ర', '|'), ('మా', 'U'), ('న', '|'), ('సౌ', 'U'), ('క', '|'), ('మ', '|'), ('గు', '|'), ('నె', '|'), ('మ', '|'), ('త', '|'), ('క', '|'), ('రి', '|'), ('జో', 'U'), ('రీ', 'U'), ('గ', '|'), ('మ', '|'), ('ద', '|'), ('పు', '|'), ('టే', 'U'), ('ను', '|'), ('గ', '|'), ('యౌ', 'U'), ('నె', '|'), ('ఘ', '|'), ('న', '|'), ('బి', '|'), ('డా', 'U'), ('ల', '|'), ('ము', '|'), ('చి', '|'), ('త్ర', '|'), ('కా', 'U'), ('య', '|'), ('మ', '|'), ('గు', '|'), ('నె', '|')]",0.9583333333333334,-1.0,1.0,1.0,0.875,-1.0
teytageethi,"రాజగునె జాగ్రదుడు దురాగ్రహముచేతఁ | బ్రజల బాధించు ఘోరదర్పధ్వజుండు,
భూనుతవిలాస, పీఠికాపురనివాస, | కుముదహితకోటిసంకాశ, కుక్కుటేశ!",vupajaathi,Kukkuteswara,"[('రా', 'U'), ('జ', '|'), ('గు', '|'), ('నె', '|'), ('జా', 'U'), ('గ్ర', '|'), ('దు', '|'), ('డు', '|'), ('దు', '|'), ('రా', 'U'), ('గ్ర', '|'), ('హ', '|'), ('ము', '|'), ('చే', 'U'), ('త', '|'), ('బ్ర', '|'), ('జ', '|'), ('ల', '|'), ('బా', 'U'), ('ధిం', 'U'), ('చు', '|'), ('ఘో', 'U'), ('ర', '|'), ('ద', 'U'), ('ర్ప', 'U'), ('ధ్వ', '|'), ('జుం', 'U'), ('డు', '|'), ('భూ', 'U'), ('ను', '|'), ('త', '|'), ('వి', '|'), ('లా', 'U'), ('స', '|'), ('పీ', 'U'), ('ఠి', '|'), ('కా', 'U'), ('పు', '|'), ('ర', '|'), ('ని', '|'), ('వా', 'U'), ('స', '|'), ('కు', '|'), ('ము', '|'), ('ద', '|'), ('హి', '|'), ('త', '|'), ('కో', 'U'), ('టి', '|'), ('సం', 'U'), ('కా', 'U'), ('శ', '|'), ('కు', 'U'), ('క్కు', '|'), ('టే', 'U'), ('శ', '|')]",1.0,-1.0,1.0,1.0,1.0,-1.0
seesamu,"జింక బొడ్డునఁ దావి జిల్లు కస్తురివోలె | జంబాలమున నీరజంబు వోలె
మొరవ మంచిహొరంగుమెఱుఁగువజ్రమువలెఁ | గప్పచిప్పను మౌక్తికంబు వోలె
సరసోత్కరమునందు విరిదేనియలు వోలె | నెండుగడ్డిని గృశానుండు వోలె
వనబిడాలమునందుఁ గన జవాదిని బోలెఁ | బ్రకటింపఁ గృమియందుఁ బట్టువోలె",vupajaathi,Kukkuteswara,"[('జిం', 'U'), ('క', '|'), ('బొ', 'U'), ('డ్డు', '|'), ('న', '|'), ('దా', 'U'), ('వి', '|'), ('జి', 'U'), ('ల్లు', '|'), ('క', 'U'), ('స్తు', '|'), ('రి', '|'), ('వో', 'U'), ('లె', '|'), ('జం', 'U'), ('బా', 'U'), ('ల', '|'), ('ము', '|'), ('న', '|'), ('నీ', 'U'), ('ర', '|'), ('జం', 'U'), ('బు', '|'), ('వో', 'U'), ('లె', '|'), ('మొ', '|'), ('ర', '|'), ('వ', '|'), ('మం', 'U'), ('చి', '|'), ('హొ', '|'), ('రం', 'U'), ('గు', '|'), ('మె', '|'), ('ఱు', '|'), ('గు', '|'), ('వ', '|'), ('జ్ర', '|'), ('ము', '|'), ('వ', '|'), ('లె', '|'), ('గ', 'U'), ('ప్ప', '|'), ('చి', 'U'), ('ప్ప', '|'), ('ను', '|'), ('మౌ', 'U'), ('క్తి', '|'), ('కం', 'U'), ('బు', '|'), ('వో', 'U'), ('లె', '|'), ('స', '|'), ('ర', '|'), ('సో', 'U'), ('త్క', '|'), ('ర', '|'), ('ము', '|'), ('నం', 'U'), ('దు', '|'), ('వి', '|'), ('రి', '|'), ('దే', 'U'), ('ని', '|'), ('య', '|'), ('లు', '|'), ('వో', 'U'), ('లె', '|'), ('నెం', 'U'), ('డు', '|'), ('గ', 'U'), ('డ్డి', '|'), ('ని', '|'), ('గృ', '|'), ('శా', 'U'), ('నుం', 'U'), ('డు', '|'), ('వో', 'U'), ('లె', '|'), ('వ', '|'), ('న', '|'), ('బి', '|'), ('డా', 'U'), ('ల', '|'), ('ము', '|'), ('నం', 'U'), ('దు', '|'), ('గ', '|'), ('న', '|'), ('జ', '|'), ('వా', 'U'), ('ది', '|'), ('ని', '|'), ('బో', 'U'), ('లె', '|'), ('బ్ర', '|'), ('క', '|'), ('టిం', 'U'), ('ప', '|'), ('గృ', '|'), ('మి', '|'), ('యం', 'U'), ('దు', '|'), ('బ', 'U'), ('ట్టు', '|'), ('వో', 'U'), ('లె', '|')]",0.9583333333333334,-1.0,1.0,1.0,0.875,-1.0
teytageethi,"జగతిలోపలఁ గారణజన్ము లొక్క | కానియెడఁ బుట్టియుఁ బ్రసిద్ధిఁ గాంచుచుంద్రు,
భూనుతవిలాస, పీఠికాపురనివాస, | కుముదహితకోటిసంకాశ, కుక్కుటేశ!",vupajaathi,Kukkuteswara,"[('జ', '|'), ('గ', '|'), ('తి', '|'), ('లో', 'U'), ('ప', '|'), ('ల', '|'), ('గా', 'U'), ('ర', '|'), ('ణ', '|'), ('జ', 'U'), ('న్ము', '|'), ('లొ', 'U'), ('క్క', '|'), ('కా', 'U'), ('ని', '|'), ('యె', '|'), ('డ', '|'), ('బు', 'U'), ('ట్టి', '|'), ('యు', '|'), ('బ్ర', '|'), ('సి', 'U'), ('ద్ధి', '|'), ('గాం', 'U'), ('చు', '|'), ('చుం', 'U'), ('ద్రు', '|'), ('భూ', 'U'), ('ను', '|'), ('త', '|'), ('వి', '|'), ('లా', 'U'), ('స', '|'), ('పీ', 'U'), ('ఠి', '|'), ('కా', 'U'), ('పు', '|'), ('ర', '|'), ('ని', '|'), ('వా', 'U'), ('స', '|'), ('కు', '|'), ('ము', '|'), ('ద', '|'), ('హి', '|'), ('త', '|'), ('కో', 'U'), ('టి', '|'), ('సం', 'U'), ('కా', 'U'), ('శ', '|'), ('కు', 'U'), ('క్కు', '|'), ('టే', 'U'), ('శ', '|')]",1.0,-1.0,1.0,1.0,1.0,-1.0
seesamu,"సిరికిఁ దోఁబుట్టువౌ జ్యేష్ఠామహాదేవి | దీనత నింటింటఁ దిరుగఁజాగె
హరికిఁ గూరిమిపట్టి యగు మకరాంకుండు | మెయిలేక సోకుఁడై మెలఁగుచుండె
మృడునకు గాదిలికొడుకైన వెనకయ్య | యిప్పటికిని బెండ్లి యెఱుఁగఁడయ్యె
నలినాసనునకు మానసపుత్రుఁడైన ద- | క్షుం డుక్కు సెడి తలకొట్లఁ బడియె",vupajaathi,Kukkuteswara,"[('సి', '|'), ('రి', '|'), ('కి', '|'), ('దో', 'U'), ('బు', 'U'), ('ట్టు', '|'), ('వౌ', 'U'), ('జ్యే', 'U'), ('ష్ఠా', 'U'), ('మ', '|'), ('హా', 'U'), ('దే', 'U'), ('వి', '|'), ('దీ', 'U'), ('న', '|'), ('త', '|'), ('నిం', 'U'), ('టిం', 'U'), ('ట', '|'), ('ది', '|'), ('రు', '|'), ('గ', '|'), ('జా', 'U'), ('గె', '|'), ('హ', '|'), ('రి', '|'), ('కి', '|'), ('గూ', 'U'), ('రి', '|'), ('మి', '|'), ('ప', 'U'), ('ట్టి', '|'), ('య', '|'), ('గు', '|'), ('మ', '|'), ('క', '|'), ('రాం', 'U'), ('కుం', 'U'), ('డు', '|'), ('మె', '|'), ('యి', '|'), ('లే', 'U'), ('క', '|'), ('సో', 'U'), ('కు', '|'), ('డై', 'U'), ('మె', '|'), ('ల', '|'), ('గు', '|'), ('చుం', 'U'), ('డె', '|'), ('మృ', '|'), ('డు', '|'), ('న', '|'), ('కు', '|'), ('గా', 'U'), ('ది', '|'), ('లి', '|'), ('కొ', '|'), ('డు', '|'), ('కై', 'U'), ('న', '|'), ('వె', '|'), ('న', '|'), ('క', 'U'), ('య్య', '|'), ('యి', 'U'), ('ప్ప', '|'), ('టి', '|'), ('కి', '|'), ('ని', '|'), ('బెం', 'U'), ('డ్లి', '|'), ('యె', '|'), ('ఱు', '|'), ('గ', '|'), ('డ', 'U'), ('య్యె', '|'), ('న', '|'), ('లి', '|'), ('నా', 'U'), ('స', '|'), ('ను', '|'), ('న', '|'), ('కు', '|'), ('మా', 'U'), ('న', '|'), ('స', '|'), ('పు', '|'), ('త్రు', '|'), ('డై', 'U'), ('న', '|'), ('ద', 'U'), ('క్షుం', 'U'), ('డు', 'U'), ('క్కు', '|'), ('సె', '|'), ('డి', '|'), ('త', '|'), ('ల', '|'), ('కొ', 'U'), ('ట్ల', '|'), ('బ', '|'), ('డి', '|'), ('యె', '|')]",1.0,-1.0,1.0,1.0,1.0,-1.0
teytageethi,"నిలను దుష్కర్మసహితుల కెట్టి గట్టి | బంధుజనులున్నఁ గీడు వాపంగ లేరు,
భూనుతవిలాస, పీఠికాపురనివాస, | కుముదహితకోటిసంకాశ, కుక్కుటేశ!",vupajaathi,Kukkuteswara,"[('ని', '|'), ('ల', '|'), ('ను', '|'), ('దు', 'U'), ('ష్క', 'U'), ('ర్మ', '|'), ('స', '|'), ('హి', '|'), ('తు', '|'), ('ల', '|'), ('కె', 'U'), ('ట్టి', '|'), ('గ', 'U'), ('ట్టి', '|'), ('బం', 'U'), ('ధు', '|'), ('జ', '|'), ('ను', '|'), ('లు', 'U'), ('న్న', '|'), ('గీ', 'U'), ('డు', '|'), ('వా', 'U'), ('పం', 'U'), ('గ', '|'), ('లే', 'U'), ('రు', '|'), ('భూ', 'U'), ('ను', '|'), ('త', '|'), ('వి', '|'), ('లా', 'U'), ('స', '|'), ('పీ', 'U'), ('ఠి', '|'), ('కా', 'U'), ('పు', '|'), ('ర', '|'), ('ని', '|'), ('వా', 'U'), ('స', '|'), ('కు', '|'), ('ము', '|'), ('ద', '|'), ('హి', '|'), ('త', '|'), ('కో', 'U'), ('టి', '|'), ('సం', 'U'), ('కా', 'U'), ('శ', '|'), ('కు', 'U'), ('క్కు', '|'), ('టే', 'U'), ('శ', '|')]",0.9166666666666666,-1.0,1.0,1.0,0.75,-1.0
seesamu,"గజముపై మహిషంబు కాలు ద్రవ్వెడునట్లు | కొండతోఁ దగరు డీకొనినయట్లు
కార్చిచ్చుపైఁ బతంగము తారసిలునట్లు | మృగరాజుపై నక్క మొగియునట్లు
బెబ్బులితో జింక పెనఁగఁబోయినయట్లు | పెనుబాముపైఁ గప్ప చనినయట్లు
పిల్లితో నెలుక దర్పించి దార్కొనునట్లు | తోడేలితో మేఁక దొడరునట్లు",vupajaathi,Kukkuteswara,"[('గ', '|'), ('జ', '|'), ('ము', '|'), ('పై', 'U'), ('మ', '|'), ('హి', '|'), ('షం', 'U'), ('బు', '|'), ('కా', 'U'), ('లు', '|'), ('ద్ర', 'U'), ('వ్వె', '|'), ('డు', '|'), ('న', 'U'), ('ట్లు', '|'), ('కొం', 'U'), ('డ', '|'), ('తో', 'U'), ('ద', '|'), ('గ', '|'), ('రు', '|'), ('డీ', 'U'), ('కొ', '|'), ('ని', '|'), ('న', '|'), ('య', 'U'), ('ట్లు', '|'), ('కా', 'U'), ('ర్చి', 'U'), ('చ్చు', '|'), ('పై', 'U'), ('బ', '|'), ('తం', 'U'), ('గ', '|'), ('ము', '|'), ('తా', 'U'), ('ర', '|'), ('సి', '|'), ('లు', '|'), ('న', 'U'), ('ట్లు', '|'), ('మృ', '|'), ('గ', '|'), ('రా', 'U'), ('జు', '|'), ('పై', 'U'), ('న', 'U'), ('క్క', '|'), ('మొ', '|'), ('గి', '|'), ('యు', '|'), ('న', 'U'), ('ట్లు', '|'), ('బె', 'U'), ('బ్బు', '|'), ('లి', '|'), ('తో', 'U'), ('జిం', 'U'), ('క', '|'), ('పె', '|'), ('న', '|'), ('గ', '|'), ('బో', 'U'), ('యి', '|'), ('న', '|'), ('య', 'U'), ('ట్లు', '|'), ('పె', '|'), ('ను', '|'), ('బా', 'U'), ('ము', '|'), ('పై', 'U'), ('గ', 'U'), ('ప్ప', '|'), ('చ', '|'), ('ని', '|'), ('న', '|'), ('య', 'U'), ('ట్లు', '|'), ('పి', 'U'), ('ల్లి', '|'), ('తో', 'U'), ('నె', '|'), ('లు', '|'), ('క', '|'), ('ద', 'U'), ('ర్పిం', 'U'), ('చి', '|'), ('దా', 'U'), ('ర్కొ', '|'), ('ను', '|'), ('న', 'U'), ('ట్లు', '|'), ('తో', 'U'), ('డే', 'U'), ('లి', '|'), ('తో', 'U'), ('మే', 'U'), ('క', '|'), ('దొ', '|'), ('డ', '|'), ('రు', '|'), ('న', 'U'), ('ట్లు', '|')]",1.0,-1.0,1.0,1.0,1.0,-1.0
teytageethi,"క్రూరు లొక కొంద రసమానవైర మూని | పోరుచుందురు ఘనులతో బుద్ధిమాలి
భూనుతవిలాస, పీఠికాపురనివాస, | కుముదహితకోటిసంకాశ, కుక్కుటేశ!",vupajaathi,Kukkuteswara,"[('క్రూ', 'U'), ('రు', '|'), ('లొ', '|'), ('క', '|'), ('కొం', 'U'), ('ద', '|'), ('ర', '|'), ('స', '|'), ('మా', 'U'), ('న', '|'), ('వై', 'U'), ('ర', '|'), ('మూ', 'U'), ('ని', '|'), ('పో', 'U'), ('రు', '|'), ('చుం', 'U'), ('దు', '|'), ('రు', '|'), ('ఘ', '|'), ('ను', '|'), ('ల', '|'), ('తో', 'U'), ('బు', 'U'), ('ద్ధి', '|'), ('మా', 'U'), ('లి', '|'), ('భూ', 'U'), ('ను', '|'), ('త', '|'), ('వి', '|'), ('లా', 'U'), ('స', '|'), ('పీ', 'U'), ('ఠి', '|'), ('కా', 'U'), ('పు', '|'), ('ర', '|'), ('ని', '|'), ('వా', 'U'), ('స', '|'), ('కు', '|'), ('ము', '|'), ('ద', '|'), ('హి', '|'), ('త', '|'), ('కో', 'U'), ('టి', '|'), ('సం', 'U'), ('కా', 'U'), ('శ', '|'), ('కు', 'U'), ('క్కు', '|'), ('టే', 'U'), ('శ', '|')]",1.0,-1.0,1.0,1.0,1.0,-1.0
seesamu,"పొద్దుపొద్దుకు వచ్చి పోలిబొట్లయ్య దా | పంచాగమిప్పి ఒప్పన్న సేసి
సాతి బూదారంబు సాతి నచ్చత్తరా | మసిలేటి కారితే యల్లకలికి
గాందారిపొద్దున గాని వర్చీర్జాలు | రావు మీఁదాతులా రాశి నీకు
సూరీడు సందుడు సుకురుండు నని బుర- | స్సపతి పద్దనకొంట సాగినారు",vupajaathi,Kukkuteswara,"[('పొ', 'U'), ('ద్దు', '|'), ('పొ', 'U'), ('ద్దు', '|'), ('కు', '|'), ('వ', 'U'), ('చ్చి', '|'), ('పో', 'U'), ('లి', '|'), ('బొ', 'U'), ('ట్ల', 'U'), ('య్య', '|'), ('దా', 'U'), ('పం', 'U'), ('చా', 'U'), ('గ', '|'), ('మి', 'U'), ('ప్పి', '|'), ('ఒ', 'U'), ('ప్ప', 'U'), ('న్న', '|'), ('సే', 'U'), ('సి', '|'), ('సా', 'U'), ('తి', '|'), ('బూ', 'U'), ('దా', 'U'), ('రం', 'U'), ('బు', '|'), ('సా', 'U'), ('తి', '|'), ('న', 'U'), ('చ్చ', 'U'), ('త్త', '|'), ('రా', 'U'), ('మ', '|'), ('సి', '|'), ('లే', 'U'), ('టి', '|'), ('కా', 'U'), ('రి', '|'), ('తే', 'U'), ('య', 'U'), ('ల్ల', '|'), ('క', '|'), ('లి', '|'), ('కి', '|'), ('గాం', 'U'), ('దా', 'U'), ('రి', '|'), ('పొ', 'U'), ('ద్దు', '|'), ('న', '|'), ('గా', 'U'), ('ని', '|'), ('వ', 'U'), ('ర్చీ', 'U'), ('ర్జా', 'U'), ('లు', '|'), ('రా', 'U'), ('వు', '|'), ('మీ', 'U'), ('దా', 'U'), ('తు', '|'), ('లా', 'U'), ('రా', 'U'), ('శి', '|'), ('నీ', 'U'), ('కు', '|'), ('సూ', 'U'), ('రీ', 'U'), ('డు', '|'), ('సం', 'U'), ('దు', '|'), ('డు', '|'), ('సు', '|'), ('కు', '|'), ('రుం', 'U'), ('డు', '|'), ('న', '|'), ('ని', '|'), ('బు', '|'), ('ర', 'U'), ('స్స', '|'), ('ప', '|'), ('తి', '|'), ('ప', 'U'), ('ద్ద', '|'), ('న', '|'), ('కొం', 'U'), ('ట', '|'), ('సా', 'U'), ('గి', '|'), ('నా', 'U'), ('రు', '|')]",0.9583333333333334,-1.0,1.0,1.0,0.875,-1.0
teytageethi,"మంచిదని సెప్పి సూకలు మానెఁ డన్ని | కొల్లఁగొనిపోయె నని మూర్ఖకోటి పలుకు,
భూనుతవిలాస, పీఠికాపురనివాస, | కుముదహితకోటిసంకాశ, కుక్కుటేశ!",vupajaathi,Kukkuteswara,"[('మం', 'U'), ('చి', '|'), ('ద', '|'), ('ని', '|'), ('సె', 'U'), ('ప్పి', '|'), ('సూ', 'U'), ('క', '|'), ('లు', '|'), ('మా', 'U'), ('నె', '|'), ('డ', 'U'), ('న్ని', '|'), ('కొ', 'U'), ('ల్ల', '|'), ('గొ', '|'), ('ని', '|'), ('పో', 'U'), ('యె', '|'), ('న', '|'), ('ని', '|'), ('మూ', 'U'), ('ర్ఖ', '|'), ('కో', 'U'), ('టి', '|'), ('ప', '|'), ('లు', '|'), ('కు', '|'), ('భూ', 'U'), ('ను', '|'), ('త', '|'), ('వి', '|'), ('లా', 'U'), ('స', '|'), ('పీ', 'U'), ('ఠి', '|'), ('కా', 'U'), ('పు', '|'), ('ర', '|'), ('ని', '|'), ('వా', 'U'), ('స', '|'), ('కు', '|'), ('ము', '|'), ('ద', '|'), ('హి', '|'), ('త', '|'), ('కో', 'U'), ('టి', '|'), ('సం', 'U'), ('కా', 'U'), ('శ', '|'), ('కు', 'U'), ('క్కు', '|'), ('టే', 'U'), ('శ', '|')]",1.0,-1.0,1.0,1.0,1.0,-1.0
seesamu,"నింబభూజమునకు నిర్మలోదక మిడి | మనిచినఁ దన చేఁదు మానఁగలదె
పాపకూనకు మంచిపాల్పోసి పెంచిన | నెడరూను తన విషం బుడుగఁగలదె
ఉల్లిగడ్డకుఁ దుషారోదకంబిడి ప్రోది | యిడినను దన కంపు విడువఁగలదె
కందదుంపకుఁ బానకము పోసి పెంచిన | గొదలేని తన దూల వదలఁగలదె",vupajaathi,Kukkuteswara,"[('నిం', 'U'), ('బ', '|'), ('భూ', 'U'), ('జ', '|'), ('ము', '|'), ('న', '|'), ('కు', '|'), ('ని', 'U'), ('ర్మ', '|'), ('లో', 'U'), ('ద', '|'), ('క', '|'), ('మి', '|'), ('డి', '|'), ('మ', '|'), ('ని', '|'), ('చి', '|'), ('న', '|'), ('ద', '|'), ('న', '|'), ('చే', 'U'), ('దు', '|'), ('మా', 'U'), ('న', '|'), ('గ', '|'), ('ల', '|'), ('దె', '|'), ('పా', 'U'), ('ప', '|'), ('కూ', 'U'), ('న', '|'), ('కు', '|'), ('మం', 'U'), ('చి', '|'), ('పా', 'U'), ('ల్పో', 'U'), ('సి', '|'), ('పెం', 'U'), ('చి', '|'), ('న', '|'), ('నె', '|'), ('డ', '|'), ('రూ', 'U'), ('ను', '|'), ('త', '|'), ('న', '|'), ('వి', '|'), ('షం', 'U'), ('బు', '|'), ('డు', '|'), ('గ', '|'), ('గ', '|'), ('ల', '|'), ('దె', '|'), ('ఉ', 'U'), ('ల్లి', '|'), ('గ', 'U'), ('డ్డ', '|'), ('కు', '|'), ('దు', '|'), ('షా', 'U'), ('రో', 'U'), ('ద', '|'), ('కం', 'U'), ('బి', '|'), ('డి', '|'), ('ప్రో', 'U'), ('ది', '|'), ('యి', '|'), ('డి', '|'), ('న', '|'), ('ను', '|'), ('ద', '|'), ('న', '|'), ('కం', 'U'), ('పు', '|'), ('వి', '|'), ('డు', '|'), ('వ', '|'), ('గ', '|'), ('ల', '|'), ('దె', '|'), ('కం', 'U'), ('ద', '|'), ('దుం', 'U'), ('ప', '|'), ('కు', '|'), ('బా', 'U'), ('న', '|'), ('క', '|'), ('ము', '|'), ('పో', 'U'), ('సి', '|'), ('పెం', 'U'), ('చి', '|'), ('న', '|'), ('గొ', '|'), ('ద', '|'), ('లే', 'U'), ('ని', '|'), ('త', '|'), ('న', '|'), ('దూ', 'U'), ('ల', '|'), ('వ', '|'), ('ద', '|'), ('ల', '|'), ('గ', '|'), ('ల', '|'), ('దె', '|')]",0.9583333333333334,-1.0,1.0,1.0,0.875,-1.0
teytageethi,"దుర్గుణున కెన్ని మంచి వస్తువులు పెట్టి | మనుపఁ జూచిన తన యోజ మానఁగలఁడె,
భూనుతవిలాస, పీఠికాపురనివాస, | కుముదహితకోటిసంకాశ, కుక్కుటేశ!",vupajaathi,Kukkuteswara,"[('దు', 'U'), ('ర్గు', '|'), ('ణు', '|'), ('న', '|'), ('కె', 'U'), ('న్ని', '|'), ('మం', 'U'), ('చి', '|'), ('వ', 'U'), ('స్తు', '|'), ('వు', '|'), ('లు', '|'), ('పె', 'U'), ('ట్టి', '|'), ('మ', '|'), ('ను', '|'), ('ప', '|'), ('జూ', 'U'), ('చి', '|'), ('న', '|'), ('త', '|'), ('న', '|'), ('యో', 'U'), ('జ', '|'), ('మా', 'U'), ('న', '|'), ('గ', '|'), ('ల', '|'), ('డె', '|'), ('భూ', 'U'), ('ను', '|'), ('త', '|'), ('వి', '|'), ('లా', 'U'), ('స', '|'), ('పీ', 'U'), ('ఠి', '|'), ('కా', 'U'), ('పు', '|'), ('ర', '|'), ('ని', '|'), ('వా', 'U'), ('స', '|'), ('కు', '|'), ('ము', '|'), ('ద', '|'), ('హి', '|'), ('త', '|'), ('కో', 'U'), ('టి', '|'), ('సం', 'U'), ('కా', 'U'), ('శ', '|'), ('కు', 'U'), ('క్కు', '|'), ('టే', 'U'), ('శ', '|')]",1.0,-1.0,1.0,1.0,1.0,-1.0
seesamu,"ఎనుబోతునకు విద్దె లెన్నింటి నేర్పిన | మడుగున కేగుటల్ మానఁగలదె
శునకంబునకు నెన్ని సూడిదల్ వెట్టినఁ | బుల్లెలు నాకక మళ్ళఁగలదె
గాడిద కెన్ని సింగారముల్ దిద్దిన | బూడ్దెలోఁ బొరలక పోవఁగలదె
యూరబందికి నెన్ని తీరుల మేపినఁ | బరగళ్ళ కేగక బ్రదుకఁగలదె",vupajaathi,Kukkuteswara,"[('ఎ', '|'), ('ను', '|'), ('బో', 'U'), ('తు', '|'), ('న', '|'), ('కు', '|'), ('వి', 'U'), ('ద్దె', '|'), ('లె', 'U'), ('న్నిం', 'U'), ('టి', '|'), ('నే', 'U'), ('ర్పి', '|'), ('న', '|'), ('మ', '|'), ('డు', '|'), ('గు', '|'), ('న', '|'), ('కే', 'U'), ('గు', '|'), ('ట', 'U'), ('ల్మా', 'U'), ('న', '|'), ('గ', '|'), ('ల', '|'), ('దె', '|'), ('శు', '|'), ('న', '|'), ('కం', 'U'), ('బు', '|'), ('న', '|'), ('కు', '|'), ('నె', 'U'), ('న్ని', '|'), ('సూ', 'U'), ('డి', '|'), ('ద', 'U'), ('ల్వె', 'U'), ('ట్టి', '|'), ('న', '|'), ('బు', 'U'), ('ల్లె', '|'), ('లు', '|'), ('నా', 'U'), ('క', '|'), ('క', '|'), ('మ', 'U'), ('ళ్ళ', '|'), ('గ', '|'), ('ల', '|'), ('దె', '|'), ('గా', 'U'), ('డి', '|'), ('ద', '|'), ('కె', 'U'), ('న్ని', '|'), ('సిం', 'U'), ('గా', 'U'), ('ర', '|'), ('ము', 'U'), ('ల్ది', 'U'), ('ద్ది', '|'), ('న', '|'), ('బూ', 'U'), ('డ్దె', '|'), ('లో', 'U'), ('బొ', '|'), ('ర', '|'), ('ల', '|'), ('క', '|'), ('పో', 'U'), ('వ', '|'), ('గ', '|'), ('ల', '|'), ('దె', '|'), ('యూ', 'U'), ('ర', '|'), ('బం', 'U'), ('ది', '|'), ('కి', '|'), ('నె', 'U'), ('న్ని', '|'), ('తీ', 'U'), ('రు', '|'), ('ల', '|'), ('మే', 'U'), ('పి', '|'), ('న', '|'), ('బ', '|'), ('ర', '|'), ('గ', 'U'), ('ళ్ళ', '|'), ('కే', 'U'), ('గ', '|'), ('క', '|'), ('బ్ర', '|'), ('దు', '|'), ('క', '|'), ('గ', '|'), ('ల', '|'), ('దె', '|')]",0.9166666666666666,-1.0,1.0,1.0,0.75,-1.0
teytageethi,"హీనుఁడగువాని సత్ప్రభు లెన్నిగతుల | నునిచి మనిచినఁ జెడుజాడ లుడుగఁగలఁడె,
భూనుతవిలాస, పీఠికాపురనివాస, | కుముదహితకోటిసంకాశ, కుక్కుటేశ!",vupajaathi,Kukkuteswara,"[('హీ', 'U'), ('ను', '|'), ('డ', '|'), ('గు', '|'), ('వా', 'U'), ('ని', '|'), ('స', 'U'), ('త్ప్ర', '|'), ('భు', '|'), ('లె', 'U'), ('న్ని', '|'), ('గ', '|'), ('తు', '|'), ('ల', '|'), ('ను', '|'), ('ని', '|'), ('చి', '|'), ('మ', '|'), ('ని', '|'), ('చి', '|'), ('న', '|'), ('జె', '|'), ('డు', '|'), ('జా', 'U'), ('డ', '|'), ('లు', '|'), ('డు', '|'), ('గ', '|'), ('గ', '|'), ('ల', '|'), ('డె', '|'), ('భూ', 'U'), ('ను', '|'), ('త', '|'), ('వి', '|'), ('లా', 'U'), ('స', '|'), ('పీ', 'U'), ('ఠి', '|'), ('కా', 'U'), ('పు', '|'), ('ర', '|'), ('ని', '|'), ('వా', 'U'), ('స', '|'), ('కు', '|'), ('ము', '|'), ('ద', '|'), ('హి', '|'), ('త', '|'), ('కో', 'U'), ('టి', '|'), ('సం', 'U'), ('కా', 'U'), ('శ', '|'), ('కు', 'U'), ('క్కు', '|'), ('టే', 'U'), ('శ', '|')]",0.8333333333333334,-1.0,1.0,1.0,0.5,-1.0
seesamu,"నోరు చేఁదై కూడుగూరలు చవి దప్పు | గడగడ నొడలెల్ల వడకుచుండు
జెవుడున నేమియుఁ జెవులకు వినరాదు | తెగులును జింతయుఁ దగులుకొనుచు
కన్నులఁ బొర గప్పి కానరాదెద్దియు | సిగ్గొకించుకయైనఁ జేరఁబోదు
బాలు రందఱుఁ గూడి గేలి గావింతురు | మగువలు పకపక నగుచునుంద్రు",vupajaathi,Kukkuteswara,"[('నో', 'U'), ('రు', '|'), ('చే', 'U'), ('దై', 'U'), ('కూ', 'U'), ('డు', '|'), ('గూ', 'U'), ('ర', '|'), ('లు', '|'), ('చ', '|'), ('వి', '|'), ('ద', 'U'), ('ప్పు', '|'), ('గ', '|'), ('డ', '|'), ('గ', '|'), ('డ', '|'), ('నొ', '|'), ('డ', '|'), ('లె', 'U'), ('ల్ల', '|'), ('వ', '|'), ('డ', '|'), ('కు', '|'), ('చుం', 'U'), ('డు', '|'), ('జె', '|'), ('వు', '|'), ('డు', '|'), ('న', '|'), ('నే', 'U'), ('మి', '|'), ('యు', '|'), ('జె', '|'), ('వు', '|'), ('ల', '|'), ('కు', '|'), ('వి', '|'), ('న', '|'), ('రా', 'U'), ('దు', '|'), ('తె', '|'), ('గు', '|'), ('లు', '|'), ('ను', '|'), ('జిం', 'U'), ('త', '|'), ('యు', '|'), ('ద', '|'), ('గు', '|'), ('లు', '|'), ('కొ', '|'), ('ను', '|'), ('చు', '|'), ('క', 'U'), ('న్ను', '|'), ('ల', '|'), ('బొ', '|'), ('ర', '|'), ('గ', 'U'), ('ప్పి', '|'), ('కా', 'U'), ('న', '|'), ('రా', 'U'), ('దె', 'U'), ('ద్ది', '|'), ('యు', '|'), ('సి', 'U'), ('గ్గొ', '|'), ('కిం', 'U'), ('చు', '|'), ('క', '|'), ('యై', 'U'), ('న', '|'), ('జే', 'U'), ('ర', '|'), ('బో', 'U'), ('దు', '|'), ('బా', 'U'), ('లు', '|'), ('రం', 'U'), ('ద', '|'), ('ఱు', '|'), ('గూ', 'U'), ('డి', '|'), ('గే', 'U'), ('లి', '|'), ('గా', 'U'), ('విం', 'U'), ('తు', '|'), ('రు', '|'), ('మ', '|'), ('గు', '|'), ('వ', '|'), ('లు', '|'), ('ప', '|'), ('క', '|'), ('ప', '|'), ('క', '|'), ('న', '|'), ('గు', '|'), ('చు', '|'), ('నుం', 'U'), ('ద్రు', '|')]",1.0,-1.0,1.0,1.0,1.0,-1.0
teytageethi,"మదిఁ దలంపగఁ గటకటా ముదిమియంత | రోఁత లేదు గదా ధారుణీతలమున,
భూనుతవిలాస, పీఠికాపురనివాస, | కుముదహితకోటిసంకాశ, కుక్కుటేశ!",vupajaathi,Kukkuteswara,"[('మ', '|'), ('ది', '|'), ('ద', '|'), ('లం', 'U'), ('ప', '|'), ('గ', '|'), ('గ', '|'), ('ట', '|'), ('క', '|'), ('టా', 'U'), ('ము', '|'), ('ది', '|'), ('మి', '|'), ('యం', 'U'), ('త', '|'), ('రో', 'U'), ('త', '|'), ('లే', 'U'), ('దు', '|'), ('గ', '|'), ('దా', 'U'), ('ధా', 'U'), ('రు', '|'), ('ణీ', 'U'), ('త', '|'), ('ల', '|'), ('ము', '|'), ('న', '|'), ('భూ', 'U'), ('ను', '|'), ('త', '|'), ('వి', '|'), ('లా', 'U'), ('స', '|'), ('పీ', 'U'), ('ఠి', '|'), ('కా', 'U'), ('పు', '|'), ('ర', '|'), ('ని', '|'), ('వా', 'U'), ('స', '|'), ('కు', '|'), ('ము', '|'), ('ద', '|'), ('హి', '|'), ('త', '|'), ('కో', 'U'), ('టి', '|'), ('సం', 'U'), ('కా', 'U'), ('శ', '|'), ('కు', 'U'), ('క్కు', '|'), ('టే', 'U'), ('శ', '|')]",1.0,-1.0,1.0,1.0,1.0,-1.0
seesamu,"బావిలోపలఁ బడ్డ పామును వెడలింపఁ | జనువానిఁ గరువక చనఁగఁగలదె
చిచ్చులోఁ బడెడు వృశ్చికమును వెడలింపఁ | జనువాని మీటక నడలఁగలదె
పెనువెల్లిఁ బడి పోవు బెబ్బులిఁ బరికింపఁ | జనువాని మ్రింగక మనుపఁగలదె
బురదగోఁతను బడ్డ పోట్లావు లెగనెత్తఁ | జనువాని బొడువక జరగఁగలదె",vupajaathi,Kukkuteswara,"[('బా', 'U'), ('వి', '|'), ('లో', 'U'), ('ప', '|'), ('ల', '|'), ('బ', 'U'), ('డ్డ', '|'), ('పా', 'U'), ('ము', '|'), ('ను', '|'), ('వె', '|'), ('డ', '|'), ('లిం', 'U'), ('ప', '|'), ('జ', '|'), ('ను', '|'), ('వా', 'U'), ('ని', '|'), ('గ', '|'), ('రు', '|'), ('వ', '|'), ('క', '|'), ('చ', '|'), ('న', '|'), ('గ', '|'), ('గ', '|'), ('ల', '|'), ('దె', '|'), ('చి', 'U'), ('చ్చు', '|'), ('లో', 'U'), ('బ', '|'), ('డె', '|'), ('డు', '|'), ('వృ', 'U'), ('శ్చి', '|'), ('క', '|'), ('ము', '|'), ('ను', '|'), ('వె', '|'), ('డ', '|'), ('లిం', 'U'), ('ప', '|'), ('జ', '|'), ('ను', '|'), ('వా', 'U'), ('ని', '|'), ('మీ', 'U'), ('ట', '|'), ('క', '|'), ('న', '|'), ('డ', '|'), ('ల', '|'), ('గ', '|'), ('ల', '|'), ('దె', '|'), ('పె', '|'), ('ను', '|'), ('వె', 'U'), ('ల్లి', '|'), ('బ', '|'), ('డి', '|'), ('పో', 'U'), ('వు', '|'), ('బె', 'U'), ('బ్బు', '|'), ('లి', '|'), ('బ', '|'), ('రి', '|'), ('కిం', 'U'), ('ప', '|'), ('జ', '|'), ('ను', '|'), ('వా', 'U'), ('ని', '|'), ('మ్రిం', 'U'), ('గ', '|'), ('క', '|'), ('మ', '|'), ('ను', '|'), ('ప', '|'), ('గ', '|'), ('ల', '|'), ('దె', '|'), ('బు', '|'), ('ర', '|'), ('ద', '|'), ('గో', 'U'), ('త', '|'), ('ను', '|'), ('బ', 'U'), ('డ్డ', '|'), ('పో', 'U'), ('ట్లా', 'U'), ('వు', '|'), ('లె', '|'), ('గ', '|'), ('నె', 'U'), ('త్త', '|'), ('జ', '|'), ('ను', '|'), ('వా', 'U'), ('ని', '|'), ('బొ', '|'), ('డు', '|'), ('వ', '|'), ('క', '|'), ('జ', '|'), ('ర', '|'), ('గ', '|'), ('గ', '|'), ('ల', '|'), ('దె', '|')]",0.9583333333333334,-1.0,1.0,1.0,0.875,-1.0
teytageethi,"అవనిలోపల ఖలుని నెయ్యంబు మీఱ | మనుపఁ జనువానిఁ జెఱుపక మానఁగలఁడె?
భూనుతవిలాస, పీఠికాపురనివాస, | కుముదహితకోటిసంకాశ, కుక్కుటేశ!",vupajaathi,Kukkuteswara,"[('అ', '|'), ('వ', '|'), ('ని', '|'), ('లో', 'U'), ('ప', '|'), ('ల', '|'), ('ఖ', '|'), ('లు', '|'), ('ని', '|'), ('నె', 'U'), ('య్యం', 'U'), ('బు', '|'), ('మీ', 'U'), ('ఱ', '|'), ('మ', '|'), ('ను', '|'), ('ప', '|'), ('జ', '|'), ('ను', '|'), ('వా', 'U'), ('ని', '|'), ('జె', '|'), ('ఱు', '|'), ('ప', '|'), ('క', '|'), ('మా', 'U'), ('న', '|'), ('గ', '|'), ('ల', '|'), ('డె', '|'), ('భూ', 'U'), ('ను', '|'), ('త', '|'), ('వి', '|'), ('లా', 'U'), ('స', '|'), ('పీ', 'U'), ('ఠి', '|'), ('కా', 'U'), ('పు', '|'), ('ర', '|'), ('ని', '|'), ('వా', 'U'), ('స', '|'), ('కు', '|'), ('ము', '|'), ('ద', '|'), ('హి', '|'), ('త', '|'), ('కో', 'U'), ('టి', '|'), ('సం', 'U'), ('కా', 'U'), ('శ', '|'), ('కు', 'U'), ('క్కు', '|'), ('టే', 'U'), ('శ', '|')]",1.0,-1.0,1.0,1.0,1.0,-1.0
seesamu,"ఘనగహనాంతరోద్గతతృణానీకంబు | ధేనువునందుఁ బాలైనయట్లు
వితతదుర్వర్ణరూపితలోహపిండంబు | రసమునఁ బసిడియై యొసఁగినట్లు
సాంద్రాభ్రవారివృషత్కదంబము శుక్తి- | యందు ముక్తామణియైనయట్లు
భూరికుల్యాతకవారి రసాలమూ- | లమునఁ బానకమై చెలంగినట్లు",vupajaathi,Kukkuteswara,"[('ఘ', '|'), ('న', '|'), ('గ', '|'), ('హ', '|'), ('నాం', 'U'), ('త', '|'), ('రో', 'U'), ('ద్గ', '|'), ('త', '|'), ('తృ', '|'), ('ణా', 'U'), ('నీ', 'U'), ('కం', 'U'), ('బు', '|'), ('ధే', 'U'), ('ను', '|'), ('వు', '|'), ('నం', 'U'), ('దు', '|'), ('బా', 'U'), ('లై', 'U'), ('న', '|'), ('య', 'U'), ('ట్లు', '|'), ('వి', '|'), ('త', '|'), ('త', '|'), ('దు', 'U'), ('ర్వ', 'U'), ('ర్ణ', '|'), ('రూ', 'U'), ('పి', '|'), ('త', '|'), ('లో', 'U'), ('హ', '|'), ('పిం', 'U'), ('డం', 'U'), ('బు', '|'), ('ర', '|'), ('స', '|'), ('ము', '|'), ('న', '|'), ('బ', '|'), ('సి', '|'), ('డి', '|'), ('యై', 'U'), ('యొ', '|'), ('స', '|'), ('గి', '|'), ('న', 'U'), ('ట్లు', '|'), ('సాం', 'U'), ('ద్రా', 'U'), ('భ్ర', '|'), ('వా', 'U'), ('రి', '|'), ('వృ', '|'), ('ష', 'U'), ('త్క', '|'), ('దం', 'U'), ('బ', '|'), ('ము', '|'), ('శు', 'U'), ('క్తి', '|'), ('యం', 'U'), ('దు', '|'), ('ము', 'U'), ('క్తా', 'U'), ('మ', '|'), ('ణి', '|'), ('యై', 'U'), ('న', '|'), ('య', 'U'), ('ట్లు', '|'), ('భూ', 'U'), ('రి', '|'), ('కు', 'U'), ('ల్యా', 'U'), ('త', '|'), ('క', '|'), ('వా', 'U'), ('రి', '|'), ('ర', '|'), ('సా', 'U'), ('ల', '|'), ('మూ', 'U'), ('ల', '|'), ('ము', '|'), ('న', '|'), ('బా', 'U'), ('న', '|'), ('క', '|'), ('మై', 'U'), ('చె', '|'), ('లం', 'U'), ('గి', '|'), ('న', 'U'), ('ట్లు', '|')]",1.0,-1.0,1.0,1.0,1.0,-1.0
teytageethi,"కరిహయాందోళికారత్నకాంచనాదు- | లగుచు నిజవక్త్రమున నిడ్డ హార్యమొప్పు,
భూనుతవిలాస, పీఠికాపురనివాస, | కుముదహితకోటిసంకాశ, కుక్కుటేశ!",vupajaathi,Kukkuteswara,"[('క', '|'), ('రి', '|'), ('హ', '|'), ('యాం', 'U'), ('దో', 'U'), ('ళి', '|'), ('కా', 'U'), ('ర', 'U'), ('త్న', '|'), ('కాం', 'U'), ('చ', '|'), ('నా', 'U'), ('దు', '|'), ('ల', '|'), ('గు', '|'), ('చు', '|'), ('ని', '|'), ('జ', '|'), ('వ', 'U'), ('క్త్ర', '|'), ('ము', '|'), ('న', '|'), ('ని', 'U'), ('డ్డ', '|'), ('హా', 'U'), ('ర్య', '|'), ('మొ', 'U'), ('ప్పు', '|'), ('భూ', 'U'), ('ను', '|'), ('త', '|'), ('వి', '|'), ('లా', 'U'), ('స', '|'), ('పీ', 'U'), ('ఠి', '|'), ('కా', 'U'), ('పు', '|'), ('ర', '|'), ('ని', '|'), ('వా', 'U'), ('స', '|'), ('కు', '|'), ('ము', '|'), ('ద', '|'), ('హి', '|'), ('త', '|'), ('కో', 'U'), ('టి', '|'), ('సం', 'U'), ('కా', 'U'), ('శ', '|'), ('కు', 'U'), ('క్కు', '|'), ('టే', 'U'), ('శ', '|')]",0.9166666666666666,-1.0,1.0,1.0,0.75,-1.0
seesamu,"అన్నంబు నాలుక కరుచియై కన్పట్టు | నిలిచినచో నిల్వ నలవికాదు
మనుజేంద్రుతోనైన మాటాడ సైపదు | పనులయందేమియు మనసు లేదు
నడుచుచో నడుగులు తడబాటు గైకొనుఁ | దగఁ బందువులనైన నగవు రాదు
తెవులు పుట్టిన రీతి దేహంబు కృశియించుఁ | గలనైన నిద్దుర గలుగఁబోదు",vupajaathi,Kukkuteswara,"[('అ', 'U'), ('న్నం', 'U'), ('బు', '|'), ('నా', 'U'), ('లు', '|'), ('క', '|'), ('క', '|'), ('రు', '|'), ('చి', '|'), ('యై', 'U'), ('క', 'U'), ('న్ప', 'U'), ('ట్టు', '|'), ('ని', '|'), ('లి', '|'), ('చి', '|'), ('న', '|'), ('చో', 'U'), ('ని', 'U'), ('ల్వ', '|'), ('న', '|'), ('ల', '|'), ('వి', '|'), ('కా', 'U'), ('దు', '|'), ('మ', '|'), ('ను', '|'), ('జేం', 'U'), ('ద్రు', '|'), ('తో', 'U'), ('నై', 'U'), ('న', '|'), ('మా', 'U'), ('టా', 'U'), ('డ', '|'), ('సై', 'U'), ('ప', '|'), ('దు', '|'), ('ప', '|'), ('ను', '|'), ('ల', '|'), ('యం', 'U'), ('దే', 'U'), ('మి', '|'), ('యు', '|'), ('మ', '|'), ('న', '|'), ('సు', '|'), ('లే', 'U'), ('దు', '|'), ('న', '|'), ('డు', '|'), ('చు', '|'), ('చో', 'U'), ('న', '|'), ('డు', '|'), ('గు', '|'), ('లు', '|'), ('త', '|'), ('డ', '|'), ('బా', 'U'), ('టు', '|'), ('గై', 'U'), ('కొ', '|'), ('ను', '|'), ('ద', '|'), ('గ', '|'), ('బం', 'U'), ('దు', '|'), ('వు', '|'), ('ల', '|'), ('నై', 'U'), ('న', '|'), ('న', '|'), ('గ', '|'), ('వు', '|'), ('రా', 'U'), ('దు', '|'), ('తె', '|'), ('వు', '|'), ('లు', '|'), ('పు', 'U'), ('ట్టి', '|'), ('న', '|'), ('రీ', 'U'), ('తి', '|'), ('దే', 'U'), ('హం', 'U'), ('బు', '|'), ('కృ', '|'), ('శి', '|'), ('యిం', 'U'), ('చు', '|'), ('గ', '|'), ('ల', '|'), ('నై', 'U'), ('న', '|'), ('ని', 'U'), ('ద్దు', '|'), ('ర', '|'), ('గ', '|'), ('లు', '|'), ('గ', '|'), ('బో', 'U'), ('దు', '|')]",0.9583333333333334,-1.0,1.0,1.0,0.875,-1.0
teytageethi,"శివశివా ధాత్రిఁ దా వలచిన వధూటిఁ | బాయు వెత వద్దు సుమ్మెట్టి పలువకైన,
భూనుతవిలాస, పీఠికాపురనివాస, | కుముదహితకోటిసంకాశ, కుక్కుటేశ!",vupajaathi,Kukkuteswara,"[('శి', '|'), ('వ', '|'), ('శి', '|'), ('వా', 'U'), ('ధా', 'U'), ('త్రి', '|'), ('దా', 'U'), ('వ', '|'), ('ల', '|'), ('చి', '|'), ('న', '|'), ('వ', '|'), ('ధూ', 'U'), ('టి', '|'), ('బా', 'U'), ('యు', '|'), ('వె', '|'), ('త', '|'), ('వ', 'U'), ('ద్దు', '|'), ('సు', 'U'), ('మ్మె', 'U'), ('ట్టి', '|'), ('ప', '|'), ('లు', '|'), ('వ', '|'), ('కై', 'U'), ('న', '|'), ('భూ', 'U'), ('ను', '|'), ('త', '|'), ('వి', '|'), ('లా', 'U'), ('స', '|'), ('పీ', 'U'), ('ఠి', '|'), ('కా', 'U'), ('పు', '|'), ('ర', '|'), ('ని', '|'), ('వా', 'U'), ('స', '|'), ('కు', '|'), ('ము', '|'), ('ద', '|'), ('హి', '|'), ('త', '|'), ('కో', 'U'), ('టి', '|'), ('సం', 'U'), ('కా', 'U'), ('శ', '|'), ('కు', 'U'), ('క్కు', '|'), ('టే', 'U'), ('శ', '|')]",1.0,-1.0,1.0,1.0,1.0,-1.0
kandamu,"శ్రీభామినీ మనోహర
సౌభాగ్యు దయాస్వభావు సారసనాభున్‌
లో భావించెద నీకున్‌
వైభవము లొసంగుచుండ వసుధ కుమారా!",jaathi,Kumaara,"[('శ్రీ', 'U'), ('భా', 'U'), ('మి', '|'), ('నీ', 'U'), ('మ', '|'), ('నో', 'U'), ('హ', '|'), ('ర', '|'), ('సౌ', 'U'), ('భా', 'U'), ('గ్యు', '|'), ('ద', '|'), ('యా', 'U'), ('స్వ', '|'), ('భా', 'U'), ('వు', '|'), ('సా', 'U'), ('ర', '|'), ('స', '|'), ('నా', 'U'), ('భున్', 'U'), ('లో', 'U'), ('భా', 'U'), ('విం', 'U'), ('చె', '|'), ('ద', '|'), ('నీ', 'U'), ('కున్', 'U'), ('వై', 'U'), ('భ', '|'), ('వ', '|'), ('ము', '|'), ('లొ', '|'), ('సం', 'U'), ('గు', '|'), ('చుం', 'U'), ('డ', '|'), ('వ', '|'), ('సు', '|'), ('ధ', '|'), ('కు', '|'), ('మా', 'U'), ('రా', 'U')]",1.0,-1.0,1.0,1.0,1.0,1.0
kandamu,"ఆజ్ఞ యొనర్చెడి వృత్తుల
లో జ్ఞానము గలిగి మెలఁగు లోకులు మెచ్చన్‌
బ్రాజ్ఞతను గలిగి యున్నన్‌
బ్రాజ్ఞులలోఁ బ్రాజ్ఞుడవుగ ప్రబలు కుమారా!",jaathi,Kumaara,"[('ఆ', 'U'), ('జ్ఞ', '|'), ('యొ', '|'), ('న', 'U'), ('ర్చె', '|'), ('డి', '|'), ('వృ', 'U'), ('త్తు', '|'), ('ల', '|'), ('లో', 'U'), ('జ్ఞా', 'U'), ('న', '|'), ('ము', '|'), ('గ', '|'), ('లి', '|'), ('గి', '|'), ('మె', '|'), ('ల', '|'), ('గు', '|'), ('లో', 'U'), ('కు', '|'), ('లు', '|'), ('మె', 'U'), ('చ్చన్', 'U'), ('బ్రా', 'U'), ('జ్ఞ', '|'), ('త', '|'), ('ను', '|'), ('గ', '|'), ('లి', '|'), ('గి', '|'), ('యు', 'U'), ('న్నన్', 'U'), ('బ్రా', 'U'), ('జ్ఞు', '|'), ('ల', '|'), ('లో', 'U'), ('బ్రా', 'U'), ('జ్ఞు', '|'), ('డ', '|'), ('వు', '|'), ('గ', '|'), ('ప్ర', '|'), ('బ', '|'), ('లు', '|'), ('కు', '|'), ('మా', 'U'), ('రా', 'U')]",1.0,-1.0,1.0,1.0,1.0,1.0
kandamu,"అతి బాల్యములోనైనను
బ్రతికూలపు మార్గములఁ బ్రవర్తింపక స
ద్గతిమీఱ మెలఁగ నేర్చిన
నతనికి లోకమున సౌఖ్యమగును ముమారా!",jaathi,Kumaara,"[('అ', '|'), ('తి', '|'), ('బా', 'U'), ('ల్య', '|'), ('ము', '|'), ('లో', 'U'), ('నై', 'U'), ('న', '|'), ('ను', '|'), ('బ్ర', '|'), ('తి', '|'), ('కూ', 'U'), ('ల', '|'), ('పు', '|'), ('మా', 'U'), ('ర్గ', '|'), ('ము', '|'), ('ల', '|'), ('బ్ర', '|'), ('వ', 'U'), ('ర్తిం', 'U'), ('ప', '|'), ('క', '|'), ('స', 'U'), ('ద్గ', '|'), ('తి', '|'), ('మీ', 'U'), ('ఱ', '|'), ('మె', '|'), ('ల', '|'), ('గ', '|'), ('నే', 'U'), ('ర్చి', '|'), ('న', '|'), ('న', '|'), ('త', '|'), ('ని', '|'), ('కి', '|'), ('లో', 'U'), ('క', '|'), ('ము', '|'), ('న', '|'), ('సౌ', 'U'), ('ఖ్య', '|'), ('మ', '|'), ('గు', '|'), ('ను', '|'), ('ము', '|'), ('మా', 'U'), ('రా', 'U')]",0.75,-1.0,1.0,1.0,0.0,1.0
kandamu,"వృద్ధజన సేవ చేసిన
బుద్ధి విశేషజ్ఞుఁడనుచుఁ బూతచరితుఁడున్‌
సద్ధర్మశాలి యని బుధు
లిద్ధరఁ బొగడెదరు ప్రేమ యెసఁగఁ గుమారా!",jaathi,Kumaara,"[('వృ', 'U'), ('ద్ధ', '|'), ('జ', '|'), ('న', '|'), ('సే', 'U'), ('వ', '|'), ('చే', 'U'), ('సి', '|'), ('న', '|'), ('బు', 'U'), ('ద్ధి', '|'), ('వి', '|'), ('శే', 'U'), ('ష', 'U'), ('జ్ఞు', '|'), ('డ', '|'), ('ను', '|'), ('చు', '|'), ('బూ', 'U'), ('త', '|'), ('చ', '|'), ('రి', '|'), ('తు', '|'), ('డున్', 'U'), ('స', 'U'), ('ద్ధ', 'U'), ('ర్మ', '|'), ('శా', 'U'), ('లి', '|'), ('య', '|'), ('ని', '|'), ('బు', '|'), ('ధు', '|'), ('లి', 'U'), ('ద్ధ', '|'), ('ర', '|'), ('బొ', '|'), ('గ', '|'), ('డె', '|'), ('ద', '|'), ('రు', '|'), ('ప్రే', 'U'), ('మ', '|'), ('యె', '|'), ('స', '|'), ('గ', '|'), ('గు', '|'), ('మా', 'U'), ('రా', 'U')]",0.875,-1.0,1.0,1.0,0.5,1.0
kandamu,"పెద్దలు వద్దని చెప్పిన
పద్దులఁ బోవంగరాదు పరకాంతల నే
ప్రొద్దే నెదఁ బరికించుట
కుద్దేశింపంగఁ గూడ దుర్విఁ గుమారా!",jaathi,Kumaara,"[('పె', 'U'), ('ద్ద', '|'), ('లు', '|'), ('వ', 'U'), ('ద్ద', '|'), ('ని', '|'), ('చె', 'U'), ('ప్పి', '|'), ('న', '|'), ('ప', 'U'), ('ద్దు', '|'), ('ల', '|'), ('బో', 'U'), ('వం', 'U'), ('గ', '|'), ('రా', 'U'), ('దు', '|'), ('ప', '|'), ('ర', '|'), ('కాం', 'U'), ('త', '|'), ('ల', '|'), ('నే', 'U'), ('ప్రొ', 'U'), ('ద్దే', 'U'), ('నె', '|'), ('ద', '|'), ('బ', '|'), ('రి', '|'), ('కిం', 'U'), ('చు', '|'), ('ట', '|'), ('కు', 'U'), ('ద్దే', 'U'), ('శిం', 'U'), ('పం', 'U'), ('గ', '|'), ('గూ', 'U'), ('డ', '|'), ('దు', 'U'), ('ర్వి', '|'), ('గు', '|'), ('మా', 'U'), ('రా', 'U')]",0.875,-1.0,1.0,1.0,0.5,1.0
kandamu,"తనపై దయ నుల్కొనఁగను
గొన నేతెంచిన సుశీల గురుమతులను వం
దనముగఁ బూజింపఁ దగు
మనమలరఁగ నిదియ విబుధ మతము కుమారా!",jaathi,Kumaara,"[('త', '|'), ('న', '|'), ('పై', 'U'), ('ద', '|'), ('య', '|'), ('ను', 'U'), ('ల్కొ', '|'), ('న', '|'), ('గ', '|'), ('ను', '|'), ('గొ', '|'), ('న', '|'), ('నే', 'U'), ('తెం', 'U'), ('చి', '|'), ('న', '|'), ('సు', '|'), ('శీ', 'U'), ('ల', '|'), ('గు', '|'), ('రు', '|'), ('మ', '|'), ('తు', '|'), ('ల', '|'), ('ను', '|'), ('వం', 'U'), ('ద', '|'), ('న', '|'), ('ము', '|'), ('గ', '|'), ('బూ', 'U'), ('జిం', 'U'), ('ప', '|'), ('ద', '|'), ('గు', '|'), ('మ', '|'), ('న', '|'), ('మ', '|'), ('ల', '|'), ('ర', '|'), ('గ', '|'), ('ని', '|'), ('ది', '|'), ('య', '|'), ('వి', '|'), ('బు', '|'), ('ధ', '|'), ('మ', '|'), ('త', '|'), ('ము', '|'), ('కు', '|'), ('మా', 'U'), ('రా', 'U')]",0.78125,-1.0,1.0,0.875,0.5,0.75
kandamu,"ఉన్నను లేకున్నను పై
కెన్నఁడు మర్మంబుఁ దెలుప నేగకుమీ నీ
కన్న తలిదండ్రుల యశం
బెన్నఁబడెడు మాడ్కిఁ దిరుగు మెలమిఁ గుమారా!",jaathi,Kumaara,"[('ఉ', 'U'), ('న్న', '|'), ('ను', '|'), ('లే', 'U'), ('కు', 'U'), ('న్న', '|'), ('ను', '|'), ('పై', 'U'), ('కె', 'U'), ('న్న', '|'), ('డు', '|'), ('మ', 'U'), ('ర్మం', 'U'), ('బు', '|'), ('దె', '|'), ('లు', '|'), ('ప', '|'), ('నే', 'U'), ('గ', '|'), ('కు', '|'), ('మీ', 'U'), ('నీ', 'U'), ('క', 'U'), ('న్న', '|'), ('త', '|'), ('లి', '|'), ('దం', 'U'), ('డ్రు', '|'), ('ల', '|'), ('య', '|'), ('శం', 'U'), ('బె', 'U'), ('న్న', '|'), ('బ', '|'), ('డె', '|'), ('డు', '|'), ('మా', 'U'), ('డ్కి', '|'), ('ది', '|'), ('రు', '|'), ('గు', '|'), ('మె', '|'), ('ల', '|'), ('మి', '|'), ('గు', '|'), ('మా', 'U'), ('రా', 'U')]",0.875,-1.0,1.0,1.0,0.5,1.0
kandamu,"పెద్దలు విచ్చేసినచో
బద్దకముననైన దుష్ట పద్ధతి నైనన్‌
హద్దెఱిఁగి లేవకున్నన్‌
మొద్దువలెం జూతు రతని ముద్దు కుమారా!",jaathi,Kumaara,"[('పె', 'U'), ('ద్ద', '|'), ('లు', '|'), ('వి', 'U'), ('చ్చే', 'U'), ('సి', '|'), ('న', '|'), ('చో', 'U'), ('బ', 'U'), ('ద్ద', '|'), ('క', '|'), ('ము', '|'), ('న', '|'), ('నై', 'U'), ('న', '|'), ('దు', 'U'), ('ష్ట', '|'), ('ప', 'U'), ('ద్ధ', '|'), ('తి', '|'), ('నై', 'U'), ('నన్', 'U'), ('హ', 'U'), ('ద్దె', '|'), ('ఱి', '|'), ('గి', '|'), ('లే', 'U'), ('వ', '|'), ('కు', 'U'), ('న్నన్', 'U'), ('మొ', 'U'), ('ద్దు', '|'), ('వ', '|'), ('లెం', 'U'), ('జూ', 'U'), ('తు', '|'), ('ర', '|'), ('త', '|'), ('ని', '|'), ('ము', 'U'), ('ద్దు', '|'), ('కు', '|'), ('మా', 'U'), ('రా', 'U')]",1.0,-1.0,1.0,1.0,1.0,1.0
kandamu,"సతతముఁ బ్రాతఃకాలో
చిత విధులను జరుపు మరసి శీఘ్రముగ నహః
పతి పూర్వపర్వతాగ్రా
గతుఁడగుటకు మున్నె వెరపు గల్గి కుమారా!",jaathi,Kumaara,"[('స', '|'), ('త', '|'), ('త', '|'), ('ము', '|'), ('బ్రా', 'U'), ('తః', 'U'), ('కా', 'U'), ('లో', 'U'), ('చి', '|'), ('త', '|'), ('వి', '|'), ('ధు', '|'), ('ల', '|'), ('ను', '|'), ('జ', '|'), ('రు', '|'), ('పు', '|'), ('మ', '|'), ('ర', '|'), ('సి', '|'), ('శీ', 'U'), ('ఘ్ర', '|'), ('ము', '|'), ('గ', '|'), ('న', '|'), ('హః', 'U'), ('ప', '|'), ('తి', '|'), ('పూ', 'U'), ('ర్వ', '|'), ('ప', 'U'), ('ర్వ', '|'), ('తా', 'U'), ('గ్రా', 'U'), ('గ', '|'), ('తు', '|'), ('డ', '|'), ('గు', '|'), ('ట', '|'), ('కు', '|'), ('ము', 'U'), ('న్నె', '|'), ('వె', '|'), ('ర', '|'), ('పు', '|'), ('గ', 'U'), ('ల్గి', '|'), ('కు', '|'), ('మా', 'U'), ('రా', 'U')]",1.0,-1.0,1.0,1.0,1.0,1.0
kandamu,"పోషకుల మతముఁ గనుఁగొని
భూషింపక కాని ముదముఁ బొందఁడు మఱియున్‌
దోషముల నెంచుచుండును
దోషివయిన మిగులఁ గీడు దోఁచుఁ గుమారా!",jaathi,Kumaara,"[('పో', 'U'), ('ష', '|'), ('కు', '|'), ('ల', '|'), ('మ', '|'), ('త', '|'), ('ము', '|'), ('గ', '|'), ('ను', '|'), ('గొ', '|'), ('ని', '|'), ('భూ', 'U'), ('షిం', 'U'), ('ప', '|'), ('క', '|'), ('కా', 'U'), ('ని', '|'), ('ము', '|'), ('ద', '|'), ('ము', '|'), ('బొం', 'U'), ('ద', '|'), ('డు', '|'), ('మ', '|'), ('ఱి', '|'), ('యున్', 'U'), ('దో', 'U'), ('ష', '|'), ('ము', '|'), ('ల', '|'), ('నెం', 'U'), ('చు', '|'), ('చుం', 'U'), ('డు', '|'), ('ను', '|'), ('దో', 'U'), ('షి', '|'), ('వ', '|'), ('యి', '|'), ('న', '|'), ('మి', '|'), ('గు', '|'), ('ల', '|'), ('గీ', 'U'), ('డు', '|'), ('దో', 'U'), ('చు', '|'), ('గు', '|'), ('మా', 'U'), ('రా', 'U')]",1.0,-1.0,1.0,1.0,1.0,1.0
kandamu,"నరవరుఁడు నమ్మి తను నౌ
కరిలో నుంచునెడ వాని కార్యములందున్‌
సరిగా మెలంగ నేర్చిన
పురుషుఁడు లోకమునఁగీర్తి బొందుఁ గుమారా!",jaathi,Kumaara,"[('న', '|'), ('ర', '|'), ('వ', '|'), ('రు', '|'), ('డు', '|'), ('న', 'U'), ('మ్మి', '|'), ('త', '|'), ('ను', '|'), ('నౌ', 'U'), ('క', '|'), ('రి', '|'), ('లో', 'U'), ('నుం', 'U'), ('చు', '|'), ('నె', '|'), ('డ', '|'), ('వా', 'U'), ('ని', '|'), ('కా', 'U'), ('ర్య', '|'), ('ము', '|'), ('లం', 'U'), ('దున్', 'U'), ('స', '|'), ('రి', '|'), ('గా', 'U'), ('మె', '|'), ('లం', 'U'), ('గ', '|'), ('నే', 'U'), ('ర్చి', '|'), ('న', '|'), ('పు', '|'), ('రు', '|'), ('షు', '|'), ('డు', '|'), ('లో', 'U'), ('క', '|'), ('ము', '|'), ('న', '|'), ('గీ', 'U'), ('ర్తి', '|'), ('బొం', 'U'), ('దు', '|'), ('గు', '|'), ('మా', 'U'), ('రా', 'U')]",1.0,-1.0,1.0,1.0,1.0,1.0
kandamu,"పుడమిని దుష్టత గలయా
తఁడు లంచంబులను బట్టఁ దలఁచును మిడి యౌ
నడవడి విడి యందఱి వెం
బడి ద్రిప్పికొనుచును గీడు పఱప బుత్రా!",jaathi,Kumaara,"[('పు', '|'), ('డ', '|'), ('మి', '|'), ('ని', '|'), ('దు', 'U'), ('ష్ట', '|'), ('త', '|'), ('గ', '|'), ('ల', '|'), ('యా', 'U'), ('త', '|'), ('డు', '|'), ('లం', 'U'), ('చం', 'U'), ('బు', '|'), ('ల', '|'), ('ను', '|'), ('బ', 'U'), ('ట్ట', '|'), ('ద', '|'), ('ల', '|'), ('చు', '|'), ('ను', '|'), ('మి', '|'), ('డి', '|'), ('యౌ', 'U'), ('న', '|'), ('డ', '|'), ('వ', '|'), ('డి', '|'), ('వి', '|'), ('డి', '|'), ('యం', 'U'), ('ద', '|'), ('ఱి', '|'), ('వెం', 'U'), ('బ', '|'), ('డి', '|'), ('ద్రి', 'U'), ('ప్పి', '|'), ('కొ', '|'), ('ను', '|'), ('చు', '|'), ('ను', '|'), ('గీ', 'U'), ('డు', '|'), ('ప', '|'), ('ఱ', '|'), ('ప', '|'), ('బు', '|'), ('త్రా', 'U')]",0.984375,-1.0,1.0,0.9375,1.0,1.0
kandamu,"పనులెన్ని కలిగి యున్నను
దిన దినముల విద్యపెంపు ధీయుక్తుఁడవై
వినఁగోరుము సత్కథలను
కని విబుధులు సంతసించు గతినిఁ గుమారా!",jaathi,Kumaara,"[('ప', '|'), ('ను', '|'), ('లె', 'U'), ('న్ని', '|'), ('క', '|'), ('లి', '|'), ('గి', '|'), ('యు', 'U'), ('న్న', '|'), ('ను', '|'), ('ది', '|'), ('న', '|'), ('ది', '|'), ('న', '|'), ('ము', '|'), ('ల', '|'), ('వి', 'U'), ('ద్య', '|'), ('పెం', 'U'), ('పు', '|'), ('ధీ', 'U'), ('యు', 'U'), ('క్తు', '|'), ('డ', '|'), ('వై', 'U'), ('వి', '|'), ('న', '|'), ('గో', 'U'), ('రు', '|'), ('ము', '|'), ('స', 'U'), ('త్క', '|'), ('థ', '|'), ('ల', '|'), ('ను', '|'), ('క', '|'), ('ని', '|'), ('వి', '|'), ('బు', '|'), ('ధు', '|'), ('లు', '|'), ('సం', 'U'), ('త', '|'), ('సిం', 'U'), ('చు', '|'), ('గ', '|'), ('తి', '|'), ('ని', '|'), ('గు', '|'), ('మా', 'U'), ('రా', 'U')]",1.0,-1.0,1.0,1.0,1.0,1.0
kandamu,"ధరణీనాయకు రాణియు
గురురాణియు నన్నరాణి కులకాంతను గ
న్నరమణి దను గన్నదియును
ధర నేవురు తల్లులనుచుఁ దలఁపుఁ గుమారా!",jaathi,Kumaara,"[('ధ', '|'), ('ర', '|'), ('ణీ', 'U'), ('నా', 'U'), ('య', '|'), ('కు', '|'), ('రా', 'U'), ('ణి', '|'), ('యు', '|'), ('గు', '|'), ('రు', '|'), ('రా', 'U'), ('ణి', '|'), ('యు', '|'), ('న', 'U'), ('న్న', '|'), ('రా', 'U'), ('ణి', '|'), ('కు', '|'), ('ల', '|'), ('కాం', 'U'), ('త', '|'), ('ను', '|'), ('గ', 'U'), ('న్న', '|'), ('ర', '|'), ('మ', '|'), ('ణి', '|'), ('ద', '|'), ('ను', '|'), ('గ', 'U'), ('న్న', '|'), ('ది', '|'), ('యు', '|'), ('ను', '|'), ('ధ', '|'), ('ర', '|'), ('నే', 'U'), ('వు', '|'), ('రు', '|'), ('త', 'U'), ('ల్లు', '|'), ('ల', '|'), ('ను', '|'), ('చు', '|'), ('ద', '|'), ('ల', '|'), ('పు', '|'), ('గు', '|'), ('మా', 'U'), ('రా', 'U')]",1.0,-1.0,1.0,1.0,1.0,1.0
kandamu,"సదమల మతితోఁ బెద్దల
మది కింపుగ మెలఁగు, నింద మానుము పరులన్‌
మృదు మార్గములను వదలకు
విదితంబుగ దానఁగీర్తి వెలయుఁ గుమారా!",jaathi,Kumaara,"[('స', '|'), ('ద', '|'), ('మ', '|'), ('ల', '|'), ('మ', '|'), ('తి', '|'), ('తో', 'U'), ('బె', 'U'), ('ద్ద', '|'), ('ల', '|'), ('మ', '|'), ('ది', '|'), ('కిం', 'U'), ('పు', '|'), ('గ', '|'), ('మె', '|'), ('ల', '|'), ('గు', '|'), ('నిం', 'U'), ('ద', '|'), ('మా', 'U'), ('ను', '|'), ('ము', '|'), ('ప', '|'), ('రు', '|'), ('లన్', 'U'), ('మృ', '|'), ('దు', '|'), ('మా', 'U'), ('ర్గ', '|'), ('ము', '|'), ('ల', '|'), ('ను', '|'), ('వ', '|'), ('ద', '|'), ('ల', '|'), ('కు', '|'), ('వి', '|'), ('ది', '|'), ('తం', 'U'), ('బు', '|'), ('గ', '|'), ('దా', 'U'), ('న', '|'), ('గీ', 'U'), ('ర్తి', '|'), ('వె', '|'), ('ల', '|'), ('యు', '|'), ('గు', '|'), ('మా', 'U'), ('రా', 'U')]",1.0,-1.0,1.0,1.0,1.0,1.0
kandamu,"ఆచార్యున కెదిరింపకు
బ్రోచిన దొర నిందసేయఁ బోకుము కార్యా
లోచనము లొంటిజేయకు
మాచారము విడువఁబోకుమయ్య! కుమారా!",jaathi,Kumaara,"[('ఆ', 'U'), ('చా', 'U'), ('ర్యు', '|'), ('న', '|'), ('కె', '|'), ('ది', '|'), ('రిం', 'U'), ('ప', '|'), ('కు', '|'), ('బ్రో', 'U'), ('చి', '|'), ('న', '|'), ('దొ', '|'), ('ర', '|'), ('నిం', 'U'), ('ద', '|'), ('సే', 'U'), ('య', '|'), ('బో', 'U'), ('కు', '|'), ('ము', '|'), ('కా', 'U'), ('ర్యా', 'U'), ('లో', 'U'), ('చ', '|'), ('న', '|'), ('ము', '|'), ('లొం', 'U'), ('టి', '|'), ('జే', 'U'), ('య', '|'), ('కు', '|'), ('మా', 'U'), ('చా', 'U'), ('ర', '|'), ('ము', '|'), ('వి', '|'), ('డు', '|'), ('వ', '|'), ('బో', 'U'), ('కు', '|'), ('మ', 'U'), ('య్య', '|'), ('కు', '|'), ('మా', 'U'), ('రా', 'U')]",1.0,-1.0,1.0,1.0,1.0,1.0
kandamu,"పుట్టినది మొదలు పరసతి
బఁట్టగ జూచుటయు నింద పద్ధతి యనుచు
న్నట్టి పురుషుఁడు పుడమిం
బుట్టిన జనతతులఁ గీర్తిఁ బొందుఁ గుమారా!",jaathi,Kumaara,"[('పు', 'U'), ('ట్టి', '|'), ('న', '|'), ('ది', '|'), ('మొ', '|'), ('ద', '|'), ('లు', '|'), ('ప', '|'), ('ర', '|'), ('స', '|'), ('తి', '|'), ('బ', 'U'), ('ట్ట', '|'), ('గ', '|'), ('జూ', 'U'), ('చు', '|'), ('ట', '|'), ('యు', '|'), ('నిం', 'U'), ('ద', '|'), ('ప', 'U'), ('ద్ధ', '|'), ('తి', '|'), ('య', '|'), ('ను', '|'), ('చు', 'U'), ('న్న', 'U'), ('ట్టి', '|'), ('పు', '|'), ('రు', '|'), ('షు', '|'), ('డు', '|'), ('పు', '|'), ('డ', '|'), ('మిం', 'U'), ('బు', 'U'), ('ట్టి', '|'), ('న', '|'), ('జ', '|'), ('న', '|'), ('త', '|'), ('తు', '|'), ('ల', '|'), ('గీ', 'U'), ('ర్తి', '|'), ('బొం', 'U'), ('దు', '|'), ('గు', '|'), ('మా', 'U'), ('రా', 'U')]",0.765625,-1.0,1.0,0.8125,0.5,0.75
kandamu,"కల్లలగుమాట లాడక
యెల్ల జనంబులకు వేగ హృదయము కడు రం
జిల్లఁగఁ బల్కుము నీ కది
తెల్లమి రహిఁ గీర్తిఁ గాంచు తెఱఁగు కుమారా!",jaathi,Kumaara,"[('క', 'U'), ('ల్ల', '|'), ('ల', '|'), ('గు', '|'), ('మా', 'U'), ('ట', '|'), ('లా', 'U'), ('డ', '|'), ('క', '|'), ('యె', 'U'), ('ల్ల', '|'), ('జ', '|'), ('నం', 'U'), ('బు', '|'), ('ల', '|'), ('కు', '|'), ('వే', 'U'), ('గ', '|'), ('హృ', '|'), ('ద', '|'), ('య', '|'), ('ము', '|'), ('క', '|'), ('డు', '|'), ('రం', 'U'), ('జి', 'U'), ('ల్ల', '|'), ('గ', '|'), ('బ', 'U'), ('ల్కు', '|'), ('ము', '|'), ('నీ', 'U'), ('క', '|'), ('ది', '|'), ('తె', 'U'), ('ల్ల', '|'), ('మి', '|'), ('ర', '|'), ('హి', '|'), ('గీ', 'U'), ('ర్తి', '|'), ('గాం', 'U'), ('చు', '|'), ('తె', '|'), ('ఱ', '|'), ('గు', '|'), ('కు', '|'), ('మా', 'U'), ('రా', 'U')]",0.875,-1.0,1.0,1.0,0.5,1.0
kandamu,"ఏనాఁడైనను వినయము
మానకుమీ, మత్సరమున మనుజేశులతోఁ
బూనకు మసమ్మతము, బహు
మానమును బొందు మిదియె మతము కుమారా!",jaathi,Kumaara,"[('ఏ', 'U'), ('నా', 'U'), ('డై', 'U'), ('న', '|'), ('ను', '|'), ('వి', '|'), ('న', '|'), ('య', '|'), ('ము', '|'), ('మా', 'U'), ('న', '|'), ('కు', '|'), ('మీ', 'U'), ('మ', 'U'), ('త్స', '|'), ('ర', '|'), ('ము', '|'), ('న', '|'), ('మ', '|'), ('ను', '|'), ('జే', 'U'), ('శు', '|'), ('ల', '|'), ('తో', 'U'), ('బూ', 'U'), ('న', '|'), ('కు', '|'), ('మ', '|'), ('స', 'U'), ('మ్మ', '|'), ('త', '|'), ('ము', '|'), ('బ', '|'), ('హు', '|'), ('మా', 'U'), ('న', '|'), ('ము', '|'), ('ను', '|'), ('బొం', 'U'), ('దు', '|'), ('మి', '|'), ('ది', '|'), ('యె', '|'), ('మ', '|'), ('త', '|'), ('ము', '|'), ('కు', '|'), ('మా', 'U'), ('రా', 'U')]",0.84375,-1.0,1.0,0.875,0.5,1.0
kandamu,"నగఁగూడదు పరసతిఁ గనఁ
దగు మాతృసమాన మెన్నఁ దగు నెవ్వరితోఁ
బగ గూడదొరుల నిందిం
పగఁగూడదు గనుము వృద్ధ పథము కుమారా!",jaathi,Kumaara,"[('న', '|'), ('గ', '|'), ('గూ', 'U'), ('డ', '|'), ('దు', '|'), ('ప', '|'), ('ర', '|'), ('స', '|'), ('తి', '|'), ('గ', '|'), ('న', '|'), ('ద', '|'), ('గు', '|'), ('మా', 'U'), ('తృ', '|'), ('స', '|'), ('మా', 'U'), ('న', '|'), ('మె', 'U'), ('న్న', '|'), ('ద', '|'), ('గు', '|'), ('నె', 'U'), ('వ్వ', '|'), ('రి', '|'), ('తో', 'U'), ('బ', '|'), ('గ', '|'), ('గూ', 'U'), ('డ', '|'), ('దొ', '|'), ('రు', '|'), ('ల', '|'), ('నిం', 'U'), ('దిం', 'U'), ('ప', '|'), ('గ', '|'), ('గూ', 'U'), ('డ', '|'), ('దు', '|'), ('గ', '|'), ('ను', '|'), ('ము', '|'), ('వృ', 'U'), ('ద్ధ', '|'), ('ప', '|'), ('థ', '|'), ('ము', '|'), ('కు', '|'), ('మా', 'U'), ('రా', 'U')]",1.0,-1.0,1.0,1.0,1.0,1.0
kandamu,"చేయకుము కాని కార్యము
పాయకుము మఱిన్‌ శుభం బవని భోజనమున్‌
జేయకుము రిపు గృహంబునఁ,
గూయకు మొరుమనసు నొచ్చుఁ గూఁత కుమారా!",jaathi,Kumaara,"[('చే', 'U'), ('య', '|'), ('కు', '|'), ('ము', '|'), ('కా', 'U'), ('ని', '|'), ('కా', 'U'), ('ర్య', '|'), ('ము', '|'), ('పా', 'U'), ('య', '|'), ('కు', '|'), ('ము', '|'), ('మ', '|'), ('ఱి', 'U'), ('న్శు', '|'), ('భం', 'U'), ('బ', '|'), ('వ', '|'), ('ని', '|'), ('భో', 'U'), ('జ', '|'), ('న', '|'), ('మున్', 'U'), ('జే', 'U'), ('య', '|'), ('కు', '|'), ('ము', '|'), ('రి', '|'), ('పు', '|'), ('గృ', '|'), ('హం', 'U'), ('బు', '|'), ('న', '|'), ('గూ', 'U'), ('య', '|'), ('కు', '|'), ('మొ', '|'), ('రు', '|'), ('మ', '|'), ('న', '|'), ('సు', '|'), ('నొ', 'U'), ('చ్చు', '|'), ('గూ', 'U'), ('త', '|'), ('కు', '|'), ('మా', 'U'), ('రా', 'U')]",0.875,-1.0,1.0,1.0,0.5,1.0
kandamu,"పిన్నల పెద్దలయెడఁ గడు
మన్ననచే మెలఁగు సుజన మార్గంబుల నీ
వెన్నికొని తిరుగు చుండిన
నన్నియెడల నెన్నఁబడుదు వన్న! కుమారా!",jaathi,Kumaara,"[('పి', 'U'), ('న్న', '|'), ('ల', '|'), ('పె', 'U'), ('ద్ద', '|'), ('ల', '|'), ('యె', '|'), ('డ', '|'), ('గ', '|'), ('డు', '|'), ('మ', 'U'), ('న్న', '|'), ('న', '|'), ('చే', 'U'), ('మె', '|'), ('ల', '|'), ('గు', '|'), ('సు', '|'), ('జ', '|'), ('న', '|'), ('మా', 'U'), ('ర్గం', 'U'), ('బు', '|'), ('ల', '|'), ('నీ', 'U'), ('వె', 'U'), ('న్ని', '|'), ('కొ', '|'), ('ని', '|'), ('తి', '|'), ('రు', '|'), ('గు', '|'), ('చుం', 'U'), ('డి', '|'), ('న', '|'), ('న', 'U'), ('న్ని', '|'), ('యె', '|'), ('డ', '|'), ('ల', '|'), ('నె', 'U'), ('న్న', '|'), ('బ', '|'), ('డు', '|'), ('దు', '|'), ('వ', 'U'), ('న్న', '|'), ('కు', '|'), ('మా', 'U'), ('రా', 'U')]",0.875,-1.0,1.0,1.0,0.5,1.0
kandamu,"తనకును విద్యాభ్యాసం
బును జేసిన వానికన్న బొలుపుఁగ బదిరె
ట్లను దూఁగుఁ దండ్రి, వానికి
జననియుఁ బదిరెట్లు తూఁగు జగతి కుమారా!",jaathi,Kumaara,"[('త', '|'), ('న', '|'), ('కు', '|'), ('ను', '|'), ('వి', 'U'), ('ద్యా', 'U'), ('భ్యా', 'U'), ('సం', 'U'), ('బు', '|'), ('ను', '|'), ('జే', 'U'), ('సి', '|'), ('న', '|'), ('వా', 'U'), ('ని', '|'), ('క', 'U'), ('న్న', '|'), ('బొ', '|'), ('లు', '|'), ('పు', '|'), ('గ', '|'), ('బ', '|'), ('ది', '|'), ('రె', 'U'), ('ట్ల', '|'), ('ను', '|'), ('దూ', 'U'), ('గు', '|'), ('దం', 'U'), ('డ్రి', '|'), ('వా', 'U'), ('ని', '|'), ('కి', '|'), ('జ', '|'), ('న', '|'), ('ని', '|'), ('యు', '|'), ('బ', '|'), ('ది', '|'), ('రె', 'U'), ('ట్లు', '|'), ('తూ', 'U'), ('గు', '|'), ('జ', '|'), ('గ', '|'), ('తి', '|'), ('కు', '|'), ('మా', 'U'), ('రా', 'U')]",1.0,-1.0,1.0,1.0,1.0,1.0
kandamu,"తమ్ములు తమ యన్న యెడ భ
యమ్మును భక్తియును గలిగి యారాధింపన్‌
దమ్ముల నన్నయు సమ్మో
దమ్మునఁ బ్రేమింపఁ గీర్తి దనరుఁ గుమారా!",jaathi,Kumaara,"[('త', 'U'), ('మ్ము', '|'), ('లు', '|'), ('త', '|'), ('మ', '|'), ('య', 'U'), ('న్న', '|'), ('యె', '|'), ('డ', '|'), ('భ', '|'), ('య', 'U'), ('మ్ము', '|'), ('ను', '|'), ('భ', 'U'), ('క్తి', '|'), ('యు', '|'), ('ను', '|'), ('గ', '|'), ('లి', '|'), ('గి', '|'), ('యా', 'U'), ('రా', 'U'), ('ధిం', 'U'), ('పన్', 'U'), ('ద', 'U'), ('మ్ము', '|'), ('ల', '|'), ('న', 'U'), ('న్న', '|'), ('యు', '|'), ('స', 'U'), ('మ్మో', 'U'), ('ద', 'U'), ('మ్ము', '|'), ('న', '|'), ('బ్రే', 'U'), ('మిం', 'U'), ('ప', '|'), ('గీ', 'U'), ('ర్తి', '|'), ('ద', '|'), ('న', '|'), ('రు', '|'), ('గు', '|'), ('మా', 'U'), ('రా', 'U')]",1.0,-1.0,1.0,1.0,1.0,1.0
kandamu,"అప్పం దన తల్లిగ మే
లొప్పం గని జరుపవలయు నుర్వీస్థలిఁ జి
న్నప్పుడు చన్నిడి మనిపిన
యప్పడఁతియు మాతృతుల్య యండ్రు కుమారా!",jaathi,Kumaara,"[('అ', 'U'), ('ప్పం', 'U'), ('ద', '|'), ('న', '|'), ('త', 'U'), ('ల్లి', '|'), ('గ', '|'), ('మే', 'U'), ('లొ', 'U'), ('ప్పం', 'U'), ('గ', '|'), ('ని', '|'), ('జ', '|'), ('రు', '|'), ('ప', '|'), ('వ', '|'), ('ల', '|'), ('యు', '|'), ('ను', 'U'), ('ర్వీ', 'U'), ('స్థ', '|'), ('లి', '|'), ('జి', 'U'), ('న్న', 'U'), ('ప్పు', '|'), ('డు', '|'), ('చ', 'U'), ('న్ని', '|'), ('డి', '|'), ('మ', '|'), ('ని', '|'), ('పి', '|'), ('న', '|'), ('య', 'U'), ('ప్ప', '|'), ('డ', '|'), ('తి', '|'), ('యు', '|'), ('మా', 'U'), ('తృ', '|'), ('తు', 'U'), ('ల్య', '|'), ('యం', 'U'), ('డ్రు', '|'), ('కు', '|'), ('మా', 'U'), ('రా', 'U')]",0.875,-1.0,1.0,1.0,0.5,1.0
kandamu,"బూటకపు వర్తనముఁ గని,
జూటరి వీఁడనుచుఁ దప్పఁ జూతురుగా! యా
బాటను విడి సత్యము మది
పాటించి నటించువాఁడె నరుఁడు కుమారా!",jaathi,Kumaara,"[('బూ', 'U'), ('ట', '|'), ('క', '|'), ('పు', '|'), ('వ', 'U'), ('ర్త', '|'), ('న', '|'), ('ము', '|'), ('గ', '|'), ('ని', '|'), ('జూ', 'U'), ('ట', '|'), ('రి', '|'), ('వీ', 'U'), ('డ', '|'), ('ను', '|'), ('చు', '|'), ('ద', 'U'), ('ప్ప', '|'), ('జూ', 'U'), ('తు', '|'), ('రు', '|'), ('గా', 'U'), ('యా', 'U'), ('బా', 'U'), ('ట', '|'), ('ను', '|'), ('వి', '|'), ('డి', '|'), ('స', 'U'), ('త్య', '|'), ('ము', '|'), ('మ', '|'), ('ది', '|'), ('పా', 'U'), ('టిం', 'U'), ('చి', '|'), ('న', '|'), ('టిం', 'U'), ('చు', '|'), ('వా', 'U'), ('డె', '|'), ('న', '|'), ('రు', '|'), ('డు', '|'), ('కు', '|'), ('మా', 'U'), ('రా', 'U')]",0.875,-1.0,1.0,1.0,0.5,1.0
kandamu,"తనయుఁడు చెడుగైయుండిన
జనకుని తప్పన్నమాట సత్యమెఱుఁగుదు గా
వున నీ జననీ జనకుల
కు నపఖ్యాతి యగురీతి గొనకు కుమారా!",jaathi,Kumaara,"[('త', '|'), ('న', '|'), ('యు', '|'), ('డు', '|'), ('చె', '|'), ('డు', '|'), ('గై', 'U'), ('యుం', 'U'), ('డి', '|'), ('న', '|'), ('జ', '|'), ('న', '|'), ('కు', '|'), ('ని', '|'), ('త', 'U'), ('ప్ప', 'U'), ('న్న', '|'), ('మా', 'U'), ('ట', '|'), ('స', 'U'), ('త్య', '|'), ('మె', '|'), ('ఱు', '|'), ('గు', '|'), ('దు', '|'), ('గా', 'U'), ('వు', '|'), ('న', '|'), ('నీ', 'U'), ('జ', '|'), ('న', '|'), ('నీ', 'U'), ('జ', '|'), ('న', '|'), ('కు', '|'), ('ల', '|'), ('కు', '|'), ('న', '|'), ('ప', 'U'), ('ఖ్యా', 'U'), ('తి', '|'), ('య', '|'), ('గు', '|'), ('రీ', 'U'), ('తి', '|'), ('గొ', '|'), ('న', '|'), ('కు', '|'), ('కు', '|'), ('మా', 'U'), ('రా', 'U')]",0.703125,-1.0,1.0,0.8125,0.5,0.5
kandamu,"తల్లిని దండ్రిని సహజల
నల్లరఁ బెట్టినను వార లలుగుచు నీపై
నుల్లముల రోయుచుందురు
కల్లరి వీఁడనుచుఁ గీర్తి గందఁ గుమారా!",jaathi,Kumaara,"[('త', 'U'), ('ల్లి', '|'), ('ని', '|'), ('దం', 'U'), ('డ్రి', '|'), ('ని', '|'), ('స', '|'), ('హ', '|'), ('జ', '|'), ('ల', '|'), ('న', 'U'), ('ల్ల', '|'), ('ర', '|'), ('బె', 'U'), ('ట్టి', '|'), ('న', '|'), ('ను', '|'), ('వా', 'U'), ('ర', '|'), ('ల', '|'), ('లు', '|'), ('గు', '|'), ('చు', '|'), ('నీ', 'U'), ('పై', 'U'), ('ను', 'U'), ('ల్ల', '|'), ('ము', '|'), ('ల', '|'), ('రో', 'U'), ('యు', '|'), ('చుం', 'U'), ('దు', '|'), ('రు', '|'), ('క', 'U'), ('ల్ల', '|'), ('రి', '|'), ('వీ', 'U'), ('డ', '|'), ('ను', '|'), ('చు', '|'), ('గీ', 'U'), ('ర్తి', '|'), ('గం', 'U'), ('ద', '|'), ('గు', '|'), ('మా', 'U'), ('రా', 'U')]",0.875,-1.0,1.0,1.0,0.5,1.0
kandamu,"లోకులు తనుఁ గొనియాడ వి
వేకి యదియు నింద గాక విననొల్లఁడు సు
శ్లోకుల చరితం బిట్టిది
చేకొనవలె నట్టి నడత చిన్ని కుమారా!",jaathi,Kumaara,"[('లో', 'U'), ('కు', '|'), ('లు', '|'), ('త', '|'), ('ను', '|'), ('గొ', '|'), ('ని', '|'), ('యా', 'U'), ('డ', '|'), ('వి', '|'), ('వే', 'U'), ('కి', '|'), ('య', '|'), ('ది', '|'), ('యు', '|'), ('నిం', 'U'), ('ద', '|'), ('గా', 'U'), ('క', '|'), ('వి', '|'), ('న', '|'), ('నొ', 'U'), ('ల్ల', '|'), ('డు', '|'), ('సు', 'U'), ('శ్లో', 'U'), ('కు', '|'), ('ల', '|'), ('చ', '|'), ('రి', '|'), ('తం', 'U'), ('బి', 'U'), ('ట్టి', '|'), ('ది', '|'), ('చే', 'U'), ('కొ', '|'), ('న', '|'), ('వ', '|'), ('లె', '|'), ('న', 'U'), ('ట్టి', '|'), ('న', '|'), ('డ', '|'), ('త', '|'), ('చి', 'U'), ('న్ని', '|'), ('కు', '|'), ('మా', 'U'), ('రా', 'U')]",1.0,-1.0,1.0,1.0,1.0,1.0
kandamu,"ధరణిని బరోపకారా
చరణవ్రత నిష్ఠ నెపుడు సలుపుము నీ కా
తెఱఁగుపవాసాది వ్రత
వర కర్మము కంటె మేలు వచ్చుఁ గుమారా!",jaathi,Kumaara,"[('ధ', '|'), ('ర', '|'), ('ణి', '|'), ('ని', '|'), ('బ', '|'), ('రో', 'U'), ('ప', '|'), ('కా', 'U'), ('రా', 'U'), ('చ', '|'), ('ర', '|'), ('ణ', '|'), ('వ్ర', '|'), ('త', '|'), ('ని', 'U'), ('ష్ఠ', '|'), ('నె', '|'), ('పు', '|'), ('డు', '|'), ('స', '|'), ('లు', '|'), ('పు', '|'), ('ము', '|'), ('నీ', 'U'), ('కా', 'U'), ('తె', '|'), ('ఱ', '|'), ('గు', '|'), ('ప', '|'), ('వా', 'U'), ('సా', 'U'), ('ది', '|'), ('వ్ర', '|'), ('త', '|'), ('వ', '|'), ('ర', '|'), ('క', 'U'), ('ర్మ', '|'), ('ము', '|'), ('కం', 'U'), ('టె', '|'), ('మే', 'U'), ('లు', '|'), ('వ', 'U'), ('చ్చు', '|'), ('గు', '|'), ('మా', 'U'), ('రా', 'U')]",0.515625,-1.0,1.0,0.5625,0.0,0.5
kandamu,"వగవకు గడిచిన దానికిఁ
బొగడకు దుర్మతుల నెపుడు, పొసగని పనికై
యొగి దీనత నొందకుమీ
తగ దైవగతిం బొసంగు ధరను గుమారా!",jaathi,Kumaara,"[('వ', '|'), ('గ', '|'), ('వ', '|'), ('కు', '|'), ('గ', '|'), ('డి', '|'), ('చి', '|'), ('న', '|'), ('దా', 'U'), ('ని', '|'), ('కి', '|'), ('బొ', '|'), ('గ', '|'), ('డ', '|'), ('కు', '|'), ('దు', 'U'), ('ర్మ', '|'), ('తు', '|'), ('ల', '|'), ('నె', '|'), ('పు', '|'), ('డు', '|'), ('పొ', '|'), ('స', '|'), ('గ', '|'), ('ని', '|'), ('ప', '|'), ('ని', '|'), ('కై', 'U'), ('యొ', '|'), ('గి', '|'), ('దీ', 'U'), ('న', '|'), ('త', '|'), ('నొం', 'U'), ('ద', '|'), ('కు', '|'), ('మీ', 'U'), ('త', '|'), ('గ', '|'), ('దై', 'U'), ('వ', '|'), ('గ', '|'), ('తిం', 'U'), ('బొ', '|'), ('సం', 'U'), ('గు', '|'), ('ధ', '|'), ('ర', '|'), ('ను', '|'), ('గు', '|'), ('మా', 'U'), ('రా', 'U')]",1.0,-1.0,1.0,1.0,1.0,1.0
kandamu,"పనిఁబూని జనులు సంతత
మునఁ దాలిమి సత్యశౌచములను బ్రవర్తిం
చిన యశము నొందుచుందురు
గనుగొను మిదె దొడ్డనడక గాఁగ కుమారా!",jaathi,Kumaara,"[('ప', '|'), ('ని', '|'), ('బూ', 'U'), ('ని', '|'), ('జ', '|'), ('ను', '|'), ('లు', '|'), ('సం', 'U'), ('త', '|'), ('త', '|'), ('ము', '|'), ('న', '|'), ('దా', 'U'), ('లి', '|'), ('మి', '|'), ('స', 'U'), ('త్య', '|'), ('శౌ', 'U'), ('చ', '|'), ('ము', '|'), ('ల', '|'), ('ను', '|'), ('బ్ర', '|'), ('వ', 'U'), ('ర్తిం', 'U'), ('చి', '|'), ('న', '|'), ('య', '|'), ('శ', '|'), ('ము', '|'), ('నొం', 'U'), ('దు', '|'), ('చుం', 'U'), ('దు', '|'), ('రు', '|'), ('గ', '|'), ('ను', '|'), ('గొ', '|'), ('ను', '|'), ('మి', '|'), ('దె', '|'), ('దొ', 'U'), ('డ్డ', '|'), ('న', '|'), ('డ', '|'), ('క', '|'), ('గా', 'U'), ('గ', '|'), ('కు', '|'), ('మా', 'U'), ('రా', 'U')]",1.0,-1.0,1.0,1.0,1.0,1.0
kandamu,"విను లోకంబున ధర్మం
బఁనగఁ గులాచార మట్ల నరసి నడువ! దాఁ
గను నాయుఃకీర్తుల నిహ
మునఁ బరమునఁ బొందు సౌఖ్యములను గుమారా!",jaathi,Kumaara,"[('వి', '|'), ('ను', '|'), ('లో', 'U'), ('కం', 'U'), ('బు', '|'), ('న', '|'), ('ధ', 'U'), ('ర్మం', 'U'), ('బ', '|'), ('న', '|'), ('గ', '|'), ('గు', '|'), ('లా', 'U'), ('చా', 'U'), ('ర', '|'), ('మ', 'U'), ('ట్ల', '|'), ('న', '|'), ('ర', '|'), ('సి', '|'), ('న', '|'), ('డు', '|'), ('వ', '|'), ('దా', 'U'), ('గ', '|'), ('ను', '|'), ('నా', 'U'), ('యుః', 'U'), ('కీ', 'U'), ('ర్తు', '|'), ('ల', '|'), ('ని', '|'), ('హ', '|'), ('ము', '|'), ('న', '|'), ('బ', '|'), ('ర', '|'), ('ము', '|'), ('న', '|'), ('బొం', 'U'), ('దు', '|'), ('సౌ', 'U'), ('ఖ్య', '|'), ('ము', '|'), ('ల', '|'), ('ను', '|'), ('గు', '|'), ('మా', 'U'), ('రా', 'U')]",0.875,-1.0,1.0,1.0,0.5,1.0
kandamu,"సరివారిలోన నేర్పునఁ
దిరిగెడు వారలకుఁగాక తెరువాటులలో
నరయుచు మెలఁగెడి వారికిఁ
బరువేటికిఁగీడె యనుభవంబు గుమారా!",jaathi,Kumaara,"[('స', '|'), ('రి', '|'), ('వా', 'U'), ('రి', '|'), ('లో', 'U'), ('న', '|'), ('నే', 'U'), ('ర్పు', '|'), ('న', '|'), ('ది', '|'), ('రి', '|'), ('గె', '|'), ('డు', '|'), ('వా', 'U'), ('ర', '|'), ('ల', '|'), ('కు', '|'), ('గా', 'U'), ('క', '|'), ('తె', '|'), ('రు', '|'), ('వా', 'U'), ('టు', '|'), ('ల', '|'), ('లో', 'U'), ('న', '|'), ('ర', '|'), ('యు', '|'), ('చు', '|'), ('మె', '|'), ('ల', '|'), ('గె', '|'), ('డి', '|'), ('వా', 'U'), ('రి', '|'), ('కి', '|'), ('బ', '|'), ('రు', '|'), ('వే', 'U'), ('టి', '|'), ('కి', '|'), ('గీ', 'U'), ('డె', '|'), ('య', '|'), ('ను', '|'), ('భ', '|'), ('వం', 'U'), ('బు', '|'), ('గు', '|'), ('మా', 'U'), ('రా', 'U')]",0.875,-1.0,1.0,1.0,0.5,1.0
kandamu,"ఒరు లెవ్వరేని దనతోఁ
బరిభాషించినను మేలు పలుకవలయు సా
దరము గల చోటఁ గీడు
న్గరము నొనర్పంగరాదు  గదర! కుమారా!",jaathi,Kumaara,"[('ఒ', '|'), ('రు', '|'), ('లె', 'U'), ('వ్వ', '|'), ('రే', 'U'), ('ని', '|'), ('ద', '|'), ('న', '|'), ('తో', 'U'), ('బ', '|'), ('రి', '|'), ('భా', 'U'), ('షిం', 'U'), ('చి', '|'), ('న', '|'), ('ను', '|'), ('మే', 'U'), ('లు', '|'), ('ప', '|'), ('లు', '|'), ('క', '|'), ('వ', '|'), ('ల', '|'), ('యు', '|'), ('సా', 'U'), ('ద', '|'), ('ర', '|'), ('ము', '|'), ('గ', '|'), ('ల', '|'), ('చో', 'U'), ('ట', '|'), ('గీ', 'U'), ('డు', 'U'), ('న్గ', '|'), ('ర', '|'), ('ము', '|'), ('నొ', '|'), ('న', 'U'), ('ర్పం', 'U'), ('గ', '|'), ('రా', 'U'), ('దు', '|'), ('గ', '|'), ('ద', '|'), ('ర', '|'), ('కు', '|'), ('మా', 'U'), ('రా', 'U')]",1.0,-1.0,1.0,1.0,1.0,1.0
kandamu,"సిరి చేర్చు బంధువుల నా
సిరియే శుభముల నొసంగు చెలువులఁ గూర్చున్‌
సిరియే గుణవంతుండని
ధరలోఁబొగడించునంచుఁ దలఁపు కుమారా!",jaathi,Kumaara,"[('సి', '|'), ('రి', '|'), ('చే', 'U'), ('ర్చు', '|'), ('బం', 'U'), ('ధు', '|'), ('వు', '|'), ('ల', '|'), ('నా', 'U'), ('సి', '|'), ('రి', '|'), ('యే', 'U'), ('శు', '|'), ('భ', '|'), ('ము', '|'), ('ల', '|'), ('నొ', '|'), ('సం', 'U'), ('గు', '|'), ('చె', '|'), ('లు', '|'), ('వు', '|'), ('ల', '|'), ('గూ', 'U'), ('ర్చున్', 'U'), ('సి', '|'), ('రి', '|'), ('యే', 'U'), ('గు', '|'), ('ణ', '|'), ('వం', 'U'), ('తుం', 'U'), ('డ', '|'), ('ని', '|'), ('ధ', '|'), ('ర', '|'), ('లో', 'U'), ('బొ', '|'), ('గ', '|'), ('డిం', 'U'), ('చు', '|'), ('నం', 'U'), ('చు', '|'), ('ద', '|'), ('ల', '|'), ('పు', '|'), ('కు', '|'), ('మా', 'U'), ('రా', 'U')]",1.0,-1.0,1.0,1.0,1.0,1.0
kandamu,"ఆకులతఁబడకు మాపద,
నేకతమునఁ జనకు త్రోవ, నింతికిఁదగు నం
తే కాని చన వొసంగకు,
లోకులు నిన్నెన్న సుగుణ లోల! కుమారా!",jaathi,Kumaara,"[('ఆ', 'U'), ('కు', '|'), ('ల', '|'), ('త', '|'), ('బ', '|'), ('డ', '|'), ('కు', '|'), ('మా', 'U'), ('ప', '|'), ('ద', '|'), ('నే', 'U'), ('క', '|'), ('త', '|'), ('ము', '|'), ('న', '|'), ('జ', '|'), ('న', '|'), ('కు', '|'), ('త్రో', 'U'), ('వ', '|'), ('నిం', 'U'), ('తి', '|'), ('కి', '|'), ('ద', '|'), ('గు', '|'), ('నం', 'U'), ('తే', 'U'), ('కా', 'U'), ('ని', '|'), ('చ', '|'), ('న', '|'), ('వొ', '|'), ('సం', 'U'), ('గ', '|'), ('కు', '|'), ('లో', 'U'), ('కు', '|'), ('లు', '|'), ('ని', 'U'), ('న్నె', 'U'), ('న్న', '|'), ('సు', '|'), ('గు', '|'), ('ణ', '|'), ('లో', 'U'), ('ల', '|'), ('కు', '|'), ('మా', 'U'), ('రా', 'U')]",1.0,-1.0,1.0,1.0,1.0,1.0
kandamu,"తనదు కులాంగన యాలో
చనమున మంత్రియును భుక్తి సమయంబునఁ దా
జననియు రతిలో రంభా
వనజేక్షణ యయినఁ బుణ్య వశము కుమారా!",jaathi,Kumaara,"[('త', '|'), ('న', '|'), ('దు', '|'), ('కు', '|'), ('లాం', 'U'), ('గ', '|'), ('న', '|'), ('యా', 'U'), ('లో', 'U'), ('చ', '|'), ('న', '|'), ('ము', '|'), ('న', '|'), ('మం', 'U'), ('త్రి', '|'), ('యు', '|'), ('ను', '|'), ('భు', 'U'), ('క్తి', '|'), ('స', '|'), ('మ', '|'), ('యం', 'U'), ('బు', '|'), ('న', '|'), ('దా', 'U'), ('జ', '|'), ('న', '|'), ('ని', '|'), ('యు', '|'), ('ర', '|'), ('తి', '|'), ('లో', 'U'), ('రం', 'U'), ('భా', 'U'), ('వ', '|'), ('న', '|'), ('జే', 'U'), ('క్ష', '|'), ('ణ', '|'), ('య', '|'), ('యి', '|'), ('న', '|'), ('బు', 'U'), ('ణ్య', '|'), ('వ', '|'), ('శ', '|'), ('ము', '|'), ('కు', '|'), ('మా', 'U'), ('రా', 'U')]",1.0,-1.0,1.0,1.0,1.0,1.0
kandamu,"మనుజుఁడు సభ్యుఁడు దానై
గనియున్న యధార్థమెల్ల గానని యట్లా
మనుజుండు పలుకకున్నను
ఘనమగు పాతకము నాఁడు గనును గుమారా!",jaathi,Kumaara,"[('మ', '|'), ('ను', '|'), ('జు', '|'), ('డు', '|'), ('స', 'U'), ('భ్యు', '|'), ('డు', '|'), ('దా', 'U'), ('నై', 'U'), ('గ', '|'), ('ని', '|'), ('యు', 'U'), ('న్న', '|'), ('య', '|'), ('ధా', 'U'), ('ర్థ', '|'), ('మె', 'U'), ('ల్ల', '|'), ('గా', 'U'), ('న', '|'), ('ని', '|'), ('య', 'U'), ('ట్లా', 'U'), ('మ', '|'), ('ను', '|'), ('జుం', 'U'), ('డు', '|'), ('ప', '|'), ('లు', '|'), ('క', '|'), ('కు', 'U'), ('న్న', '|'), ('ను', '|'), ('ఘ', '|'), ('న', '|'), ('మ', '|'), ('గు', '|'), ('పా', 'U'), ('త', '|'), ('క', '|'), ('ము', '|'), ('నా', 'U'), ('డు', '|'), ('గ', '|'), ('ను', '|'), ('ను', '|'), ('గు', '|'), ('మా', 'U'), ('రా', 'U')]",1.0,-1.0,1.0,1.0,1.0,1.0
kandamu,"అంగీకార రహిత మగు
సంగతికి బోవరాదు సామాన్యులతో
డం గడు జగడమునకుఁ జన
వెంగలితనమండ్రు వినుము కుమారా!",jaathi,Kumaara,"[('అం', 'U'), ('గీ', 'U'), ('కా', 'U'), ('ర', '|'), ('ర', '|'), ('హి', '|'), ('త', '|'), ('మ', '|'), ('గు', '|'), ('సం', 'U'), ('గ', '|'), ('తి', '|'), ('కి', '|'), ('బో', 'U'), ('వ', '|'), ('రా', 'U'), ('దు', '|'), ('సా', 'U'), ('మా', 'U'), ('న్యు', '|'), ('ల', '|'), ('తో', 'U'), ('డం', 'U'), ('గ', '|'), ('డు', '|'), ('జ', '|'), ('గ', '|'), ('డ', '|'), ('ము', '|'), ('న', '|'), ('కు', '|'), ('జ', '|'), ('న', '|'), ('వెం', 'U'), ('గ', '|'), ('లి', '|'), ('త', '|'), ('న', '|'), ('మం', 'U'), ('డ్రు', '|'), ('వి', '|'), ('ను', '|'), ('ము', '|'), ('కు', '|'), ('మా', 'U'), ('రా', 'U')]",0.5,-1.0,1.0,0.5,0.0,0.5
kandamu,"అల దేవగృహము కడ పయి
రుల గోవాటములయందుఁ ద్రోవలలో ర
చ్చల కొట్టములను నొప్పదు
మలమూత్ర విసర్జనంబు మహిని గుమారా!",jaathi,Kumaara,"[('అ', '|'), ('ల', '|'), ('దే', 'U'), ('వ', '|'), ('గృ', '|'), ('హ', '|'), ('ము', '|'), ('క', '|'), ('డ', '|'), ('ప', '|'), ('యి', '|'), ('రు', '|'), ('ల', '|'), ('గో', 'U'), ('వా', 'U'), ('ట', '|'), ('ము', '|'), ('ల', '|'), ('యం', 'U'), ('దు', '|'), ('ద్రో', 'U'), ('వ', '|'), ('ల', '|'), ('లో', 'U'), ('ర', 'U'), ('చ్చ', '|'), ('ల', '|'), ('కొ', 'U'), ('ట్ట', '|'), ('ము', '|'), ('ల', '|'), ('ను', '|'), ('నొ', 'U'), ('ప్ప', '|'), ('దు', '|'), ('మ', '|'), ('ల', '|'), ('మూ', 'U'), ('త్ర', '|'), ('వి', '|'), ('స', 'U'), ('ర్జ', '|'), ('నం', 'U'), ('బు', '|'), ('మ', '|'), ('హి', '|'), ('ని', '|'), ('గు', '|'), ('మా', 'U'), ('రా', 'U')]",1.0,-1.0,1.0,1.0,1.0,1.0
kandamu,"తనుజులను గురుల వృద్ధుల
జననీ జనకులను సాధు జనుల నెఁవడు దా
ఘనుఁడయ్యుఁ బ్రోవఁడో యా
జనుఁడే జీవన్మృతుండు జగతిఁ గుమారా!",jaathi,Kumaara,"[('త', '|'), ('ను', '|'), ('జు', '|'), ('ల', '|'), ('ను', '|'), ('గు', '|'), ('రు', '|'), ('ల', '|'), ('వృ', 'U'), ('ద్ధు', '|'), ('ల', '|'), ('జ', '|'), ('న', '|'), ('నీ', 'U'), ('జ', '|'), ('న', '|'), ('కు', '|'), ('ల', '|'), ('ను', '|'), ('సా', 'U'), ('ధు', '|'), ('జ', '|'), ('ను', '|'), ('ల', '|'), ('నె', '|'), ('వ', '|'), ('డు', '|'), ('దా', 'U'), ('ఘ', '|'), ('ను', '|'), ('డ', 'U'), ('య్యు', '|'), ('బ్రో', 'U'), ('వ', '|'), ('డో', 'U'), ('యా', 'U'), ('జ', '|'), ('ను', '|'), ('డే', 'U'), ('జీ', 'U'), ('వ', 'U'), ('న్మృ', '|'), ('తుం', 'U'), ('డు', '|'), ('జ', '|'), ('గ', '|'), ('తి', '|'), ('గు', '|'), ('మా', 'U'), ('రా', 'U')]",1.0,-1.0,1.0,1.0,1.0,1.0
kandamu,"ధీరుఁడు తనదగు సంపద
జారినయెడఁ జింత నొందఁజాలక తా ల
క్ష్మీరమణుని వరచరణాం
భోరుహములు గొలిచి ముక్తిఁ బొందుఁ గుమారా!",jaathi,Kumaara,"[('ధీ', 'U'), ('రు', '|'), ('డు', '|'), ('త', '|'), ('న', '|'), ('ద', '|'), ('గు', '|'), ('సం', 'U'), ('ప', '|'), ('ద', '|'), ('జా', 'U'), ('రి', '|'), ('న', '|'), ('యె', '|'), ('డ', '|'), ('జిం', 'U'), ('త', '|'), ('నొం', 'U'), ('ద', '|'), ('జా', 'U'), ('ల', '|'), ('క', '|'), ('తా', 'U'), ('ల', 'U'), ('క్ష్మీ', 'U'), ('ర', '|'), ('మ', '|'), ('ణు', '|'), ('ని', '|'), ('వ', '|'), ('ర', '|'), ('చ', '|'), ('ర', '|'), ('ణాం', 'U'), ('భో', 'U'), ('రు', '|'), ('హ', '|'), ('ము', '|'), ('లు', '|'), ('గొ', '|'), ('లి', '|'), ('చి', '|'), ('ము', 'U'), ('క్తి', '|'), ('బొం', 'U'), ('దు', '|'), ('గు', '|'), ('మా', 'U'), ('రా', 'U')]",1.0,-1.0,1.0,1.0,1.0,1.0
kandamu,"పాపపుఁబని మదిఁ దలఁపకు,
చేపట్టినవారి విడువఁ జేయకు, కీడున్‌
లోపలఁ దలఁపకు, క్రూరుల
ప్రాపును మది నమ్మఁబోకు రహిని గుమారా!",jaathi,Kumaara,"[('పా', 'U'), ('ప', '|'), ('పు', '|'), ('బ', '|'), ('ని', '|'), ('మ', '|'), ('ది', '|'), ('ద', '|'), ('ల', '|'), ('ప', '|'), ('కు', '|'), ('చే', 'U'), ('ప', 'U'), ('ట్టి', '|'), ('న', '|'), ('వా', 'U'), ('రి', '|'), ('వి', '|'), ('డు', '|'), ('వ', '|'), ('జే', 'U'), ('య', '|'), ('కు', '|'), ('కీ', 'U'), ('డున్', 'U'), ('లో', 'U'), ('ప', '|'), ('ల', '|'), ('ద', '|'), ('ల', '|'), ('ప', '|'), ('కు', '|'), ('క్రూ', 'U'), ('రు', '|'), ('ల', '|'), ('ప్రా', 'U'), ('పు', '|'), ('ను', '|'), ('మ', '|'), ('ది', '|'), ('న', 'U'), ('మ్మ', '|'), ('బో', 'U'), ('కు', '|'), ('ర', '|'), ('హి', '|'), ('ని', '|'), ('గు', '|'), ('మా', 'U'), ('రా', 'U')]",1.0,-1.0,1.0,1.0,1.0,1.0
kandamu,"జగడంబు లాడుచోటను
మగువలు వసియించుచోట మదగజము దరిన్‌
బగతుండు తిరుగుచోటన్‌
మగిడి చనఁగవలయుఁ జలము మాని గుమారా!",jaathi,Kumaara,"[('జ', '|'), ('గ', '|'), ('డం', 'U'), ('బు', '|'), ('లా', 'U'), ('డు', '|'), ('చో', 'U'), ('ట', '|'), ('ను', '|'), ('మ', '|'), ('గు', '|'), ('వ', '|'), ('లు', '|'), ('వ', '|'), ('సి', '|'), ('యిం', 'U'), ('చు', '|'), ('చో', 'U'), ('ట', '|'), ('మ', '|'), ('ద', '|'), ('గ', '|'), ('జ', '|'), ('ము', '|'), ('ద', '|'), ('రిన్', 'U'), ('బ', '|'), ('గ', '|'), ('తుం', 'U'), ('డు', '|'), ('తి', '|'), ('రు', '|'), ('గు', '|'), ('చో', 'U'), ('టన్', 'U'), ('మ', '|'), ('గి', '|'), ('డి', '|'), ('చ', '|'), ('న', '|'), ('గ', '|'), ('వ', '|'), ('ల', '|'), ('యు', '|'), ('జ', '|'), ('ల', '|'), ('ము', '|'), ('మా', 'U'), ('ని', '|'), ('గు', '|'), ('మా', 'U'), ('రా', 'U')]",1.0,-1.0,1.0,1.0,1.0,1.0
kandamu,"దుర్జనుల నైనఁ దిట్టకు
వర్జింపకు సుజనగోష్ఠి, పరులను నెల్లన్‌
నిర్జింతు ననుచుఁ ద్రుళ్ళకు,
దుర్జనుఁడండ్రు నిను నిందఁ దోఁపఁ గుమారా!",jaathi,Kumaara,"[('దు', 'U'), ('ర్జ', '|'), ('ను', '|'), ('ల', '|'), ('నై', 'U'), ('న', '|'), ('ది', 'U'), ('ట్ట', '|'), ('కు', '|'), ('వ', 'U'), ('ర్జిం', 'U'), ('ప', '|'), ('కు', '|'), ('సు', '|'), ('జ', '|'), ('న', '|'), ('గో', 'U'), ('ష్ఠి', '|'), ('ప', '|'), ('రు', '|'), ('ల', '|'), ('ను', '|'), ('నె', 'U'), ('ల్లన్', 'U'), ('ని', 'U'), ('ర్జిం', 'U'), ('తు', '|'), ('న', '|'), ('ను', '|'), ('చు', '|'), ('ద్రు', 'U'), ('ళ్ళ', '|'), ('కు', '|'), ('దు', 'U'), ('ర్జ', '|'), ('ను', '|'), ('డం', 'U'), ('డ్రు', '|'), ('ని', '|'), ('ను', '|'), ('నిం', 'U'), ('ద', '|'), ('దో', 'U'), ('ప', '|'), ('గు', '|'), ('మా', 'U'), ('రా', 'U')]",0.875,-1.0,1.0,1.0,0.5,1.0
kandamu,"తిరుగకు దుర్మార్గులతో
నరుగకు గహనాంతర స్థలాదుల కొంటిన్‌
జరుగకు శత్రులమ్రోల
న్మరువకు మేల్‌ హితులయెడల మదిని గుమారా!",jaathi,Kumaara,"[('తి', '|'), ('రు', '|'), ('గ', '|'), ('కు', '|'), ('దు', 'U'), ('ర్మా', 'U'), ('ర్గు', '|'), ('ల', '|'), ('తో', 'U'), ('న', '|'), ('రు', '|'), ('గ', '|'), ('కు', '|'), ('గ', '|'), ('హ', '|'), ('నాం', 'U'), ('త', '|'), ('ర', 'U'), ('స్థ', '|'), ('లా', 'U'), ('దు', '|'), ('ల', '|'), ('కొం', 'U'), ('టిన్', 'U'), ('జ', '|'), ('రు', '|'), ('గ', '|'), ('కు', '|'), ('శ', '|'), ('త్రు', '|'), ('ల', '|'), ('మ్రో', 'U'), ('ల', 'U'), ('న్మ', '|'), ('రు', '|'), ('వ', '|'), ('కు', '|'), ('మే', 'U'), ('ల్హి', '|'), ('తు', '|'), ('ల', '|'), ('యె', '|'), ('డ', '|'), ('ల', '|'), ('మ', '|'), ('ది', '|'), ('ని', '|'), ('గు', '|'), ('మా', 'U'), ('రా', 'U')]",0.65625,-1.0,1.0,0.875,0.0,0.75
kandamu,"తరళాక్షుల యెడ నెన్నఁడుఁ
బరిహాసాలాపములను బచరింపకుమీ
పరికించి నిరీక్షించిన
నురుదోషం బనుచుఁ దలఁపుచుండు కుమారా!",jaathi,Kumaara,"[('త', '|'), ('ర', '|'), ('ళా', 'U'), ('క్షు', '|'), ('ల', '|'), ('యె', '|'), ('డ', '|'), ('నె', 'U'), ('న్న', '|'), ('డు', '|'), ('బ', '|'), ('రి', '|'), ('హా', 'U'), ('సా', 'U'), ('లా', 'U'), ('ప', '|'), ('ము', '|'), ('ల', '|'), ('ను', '|'), ('బ', '|'), ('చ', '|'), ('రిం', 'U'), ('ప', '|'), ('కు', '|'), ('మీ', 'U'), ('ప', '|'), ('రి', '|'), ('కిం', 'U'), ('చి', '|'), ('ని', '|'), ('రీ', 'U'), ('క్షిం', 'U'), ('చి', '|'), ('న', '|'), ('ను', '|'), ('రు', '|'), ('దో', 'U'), ('షం', 'U'), ('బ', '|'), ('ను', '|'), ('చు', '|'), ('ద', '|'), ('ల', '|'), ('పు', '|'), ('చుం', 'U'), ('డు', '|'), ('కు', '|'), ('మా', 'U'), ('రా', 'U')]",0.875,-1.0,1.0,1.0,0.5,1.0
kandamu,"సంపద గలవారిని మో
దింపుచుఁ జుట్టుకొనియుందు రెల్లప్పుడు స
త్సంపద తొలంగిన నుపే
క్షింపుదు రవివేకజనులు క్షితిని గుమారా!",jaathi,Kumaara,"[('సం', 'U'), ('ప', '|'), ('ద', '|'), ('గ', '|'), ('ల', '|'), ('వా', 'U'), ('రి', '|'), ('ని', '|'), ('మో', 'U'), ('దిం', 'U'), ('పు', '|'), ('చు', '|'), ('జు', 'U'), ('ట్టు', '|'), ('కొ', '|'), ('ని', '|'), ('యుం', 'U'), ('దు', '|'), ('రె', 'U'), ('ల్ల', 'U'), ('ప్పు', '|'), ('డు', '|'), ('స', 'U'), ('త్సం', 'U'), ('ప', '|'), ('ద', '|'), ('తొ', '|'), ('లం', 'U'), ('గి', '|'), ('న', '|'), ('ను', '|'), ('పే', 'U'), ('క్షిం', 'U'), ('పు', '|'), ('దు', '|'), ('ర', '|'), ('వి', '|'), ('వే', 'U'), ('క', '|'), ('జ', '|'), ('ను', '|'), ('లు', 'U'), ('క్షి', '|'), ('తి', '|'), ('ని', '|'), ('గు', '|'), ('మా', 'U'), ('రా', 'U')]",0.859375,-1.0,1.0,0.9375,0.5,1.0
kandamu,"కాయమున నాటు శరము లు
పాయంబునఁ దీయవచ్చు బహు నిష్ఠురతన్‌
గూయ మది నాటుమాటలు
పాయవుగా యెపుడు వెగడు పరచుఁ గుమారా!",jaathi,Kumaara,"[('కా', 'U'), ('య', '|'), ('ము', '|'), ('న', '|'), ('నా', 'U'), ('టు', '|'), ('శ', '|'), ('ర', '|'), ('ము', '|'), ('లు', '|'), ('పా', 'U'), ('యం', 'U'), ('బు', '|'), ('న', '|'), ('దీ', 'U'), ('య', '|'), ('వ', 'U'), ('చ్చు', '|'), ('బ', '|'), ('హు', '|'), ('ని', 'U'), ('ష్ఠు', '|'), ('ర', '|'), ('తన్', 'U'), ('గూ', 'U'), ('య', '|'), ('మ', '|'), ('ది', '|'), ('నా', 'U'), ('టు', '|'), ('మా', 'U'), ('ట', '|'), ('లు', '|'), ('పా', 'U'), ('య', '|'), ('వు', '|'), ('గా', 'U'), ('యె', '|'), ('పు', '|'), ('డు', '|'), ('వె', '|'), ('గ', '|'), ('డు', '|'), ('ప', '|'), ('ర', '|'), ('చు', '|'), ('గు', '|'), ('మా', 'U'), ('రా', 'U')]",1.0,-1.0,1.0,1.0,1.0,1.0
kandamu,"ధరణీజాతము లే యే
తరి నెట్లెట్లను ఫలించుఁ దగనటు పూర్వా
చరణ ఫలంబు ననుభవముఁ
గరమనుభవనీయ మగును గాదె? కుమారా!",jaathi,Kumaara,"[('ధ', '|'), ('ర', '|'), ('ణీ', 'U'), ('జా', 'U'), ('త', '|'), ('ము', '|'), ('లే', 'U'), ('యే', 'U'), ('త', '|'), ('రి', '|'), ('నె', 'U'), ('ట్లె', 'U'), ('ట్ల', '|'), ('ను', '|'), ('ఫ', '|'), ('లిం', 'U'), ('చు', '|'), ('ద', '|'), ('గ', '|'), ('న', '|'), ('టు', '|'), ('పూ', 'U'), ('ర్వా', 'U'), ('చ', '|'), ('ర', '|'), ('ణ', '|'), ('ఫ', '|'), ('లం', 'U'), ('బు', '|'), ('న', '|'), ('ను', '|'), ('భ', '|'), ('వ', '|'), ('ము', '|'), ('గ', '|'), ('ర', '|'), ('మ', '|'), ('ను', '|'), ('భ', '|'), ('వ', '|'), ('నీ', 'U'), ('య', '|'), ('మ', '|'), ('గు', '|'), ('ను', '|'), ('గా', 'U'), ('దె', '|'), ('కు', '|'), ('మా', 'U'), ('రా', 'U')]",1.0,-1.0,1.0,1.0,1.0,1.0
kandamu,"పెను కోపము గర్వము ను
బ్బును జలతయు దురభిమానమును వ్యాపారం
బునఁ జొరక యునికియును న
ల్పుని గుణము లటంచుఁ దెలివిఁ బొందు కుమారా!",jaathi,Kumaara,"[('పె', '|'), ('ను', '|'), ('కో', 'U'), ('ప', '|'), ('ము', '|'), ('గ', 'U'), ('ర్వ', '|'), ('ము', '|'), ('ను', 'U'), ('బ్బు', '|'), ('ను', '|'), ('జ', '|'), ('ల', '|'), ('త', '|'), ('యు', '|'), ('దు', '|'), ('ర', '|'), ('భి', '|'), ('మా', 'U'), ('న', '|'), ('ము', '|'), ('ను', 'U'), ('వ్యా', 'U'), ('పా', 'U'), ('రం', 'U'), ('బు', '|'), ('న', '|'), ('జొ', '|'), ('ర', '|'), ('క', '|'), ('యు', '|'), ('ని', '|'), ('కి', '|'), ('యు', '|'), ('ను', '|'), ('న', 'U'), ('ల్పు', '|'), ('ని', '|'), ('గు', '|'), ('ణ', '|'), ('ము', '|'), ('ల', '|'), ('టం', 'U'), ('చు', '|'), ('దె', '|'), ('లి', '|'), ('వి', '|'), ('బొం', 'U'), ('దు', '|'), ('కు', '|'), ('మా', 'U'), ('రా', 'U')]",0.796875,-1.0,1.0,0.6875,1.0,0.5
kandamu,"విత్తముఁ గూర్చిన మనుజుం
డుత్తమ దానంబు భోగ మొందని యెడ భూ
భృత్తస్కర శిఖిగతము ని
వృత్తి కరంబగును నట్టి పదవి కుమారా!",jaathi,Kumaara,"[('వి', 'U'), ('త్త', '|'), ('ము', '|'), ('గూ', 'U'), ('ర్చి', '|'), ('న', '|'), ('మ', '|'), ('ను', '|'), ('జుం', 'U'), ('డు', 'U'), ('త్త', '|'), ('మ', '|'), ('దా', 'U'), ('నం', 'U'), ('బు', '|'), ('భో', 'U'), ('గ', '|'), ('మొం', 'U'), ('ద', '|'), ('ని', '|'), ('యె', '|'), ('డ', '|'), ('భూ', 'U'), ('భృ', 'U'), ('త్త', 'U'), ('స్క', '|'), ('ర', '|'), ('శి', '|'), ('ఖి', '|'), ('గ', '|'), ('త', '|'), ('ము', '|'), ('ని', '|'), ('వృ', 'U'), ('త్తి', '|'), ('క', '|'), ('రం', 'U'), ('బ', '|'), ('గు', '|'), ('ను', '|'), ('న', 'U'), ('ట్టి', '|'), ('ప', '|'), ('ద', '|'), ('వి', '|'), ('కు', '|'), ('మా', 'U'), ('రా', 'U')]",0.75,-1.0,1.0,1.0,0.0,1.0
kandamu,"సద్గోష్ఠి సిరియు నొసఁగును
సద్గోష్ఠియె కీర్తిఁబెంచు సంతుష్ఠిని నా
సద్గోష్ఠియె యొనఁగూర్చును
సద్గోష్ఠియె పాపములను జంపుఁ గుమారా!",jaathi,Kumaara,"[('స', 'U'), ('ద్గో', 'U'), ('ష్ఠి', '|'), ('సి', '|'), ('రి', '|'), ('యు', '|'), ('నొ', '|'), ('స', '|'), ('గు', '|'), ('ను', '|'), ('స', 'U'), ('ద్గో', 'U'), ('ష్ఠి', '|'), ('యె', '|'), ('కీ', 'U'), ('ర్తి', '|'), ('బెం', 'U'), ('చు', '|'), ('సం', 'U'), ('తు', 'U'), ('ష్ఠి', '|'), ('ని', '|'), ('నా', 'U'), ('స', 'U'), ('ద్గో', 'U'), ('ష్ఠి', '|'), ('యె', '|'), ('యొ', '|'), ('న', '|'), ('గూ', 'U'), ('ర్చు', '|'), ('ను', '|'), ('స', 'U'), ('ద్గో', 'U'), ('ష్ఠి', '|'), ('యె', '|'), ('పా', 'U'), ('ప', '|'), ('ము', '|'), ('ల', '|'), ('ను', '|'), ('జం', 'U'), ('పు', '|'), ('గు', '|'), ('మా', 'U'), ('రా', 'U')]",1.0,-1.0,1.0,1.0,1.0,1.0
kandamu,"ఘనులు విని సమ్మతింపని
పనులకుఁ జొరఁబడక పొగడు పనులకు జొరు, మెం
దును బొంకఁబోక స
జ్జనములతోఁ గలసిమెలఁగు జగతిఁ గుమారా!",jaathi,Kumaara,"[('ఘ', '|'), ('ను', '|'), ('లు', '|'), ('వి', '|'), ('ని', '|'), ('స', 'U'), ('మ్మ', '|'), ('తిం', 'U'), ('ప', '|'), ('ని', '|'), ('ప', '|'), ('ను', '|'), ('ల', '|'), ('కు', '|'), ('జొ', '|'), ('ర', '|'), ('బ', '|'), ('డ', '|'), ('క', '|'), ('పొ', '|'), ('గ', '|'), ('డు', '|'), ('ప', '|'), ('ను', '|'), ('ల', '|'), ('కు', '|'), ('జొ', '|'), ('రు', '|'), ('మెం', 'U'), ('దు', '|'), ('ను', '|'), ('బొం', 'U'), ('క', '|'), ('బో', 'U'), ('క', '|'), ('స', 'U'), ('జ్జ', '|'), ('న', '|'), ('ము', '|'), ('ల', '|'), ('తో', 'U'), ('గ', '|'), ('ల', '|'), ('సి', '|'), ('మె', '|'), ('ల', '|'), ('గు', '|'), ('జ', '|'), ('గ', '|'), ('తి', '|'), ('గు', '|'), ('మా', 'U'), ('రా', 'U')]",0.796875,-1.0,1.0,0.9375,0.5,0.75
kandamu,"జారులతోఁ జోరులతోఁ
గ్రూరులతో నెపుడు పొత్తుఁ గోరక మది స
త్పూరుష పదాంబుజాతా
ధారుఁడవై బ్రతుకు, కీర్తి తనరఁ గుమారా!",jaathi,Kumaara,"[('జా', 'U'), ('రు', '|'), ('ల', '|'), ('తో', 'U'), ('జో', 'U'), ('రు', '|'), ('ల', '|'), ('తో', 'U'), ('గ్రూ', 'U'), ('రు', '|'), ('ల', '|'), ('తో', 'U'), ('నె', '|'), ('పు', '|'), ('డు', '|'), ('పొ', 'U'), ('త్తు', '|'), ('గో', 'U'), ('ర', '|'), ('క', '|'), ('మ', '|'), ('ది', '|'), ('స', 'U'), ('త్పూ', 'U'), ('రు', '|'), ('ష', '|'), ('ప', '|'), ('దాం', 'U'), ('బు', '|'), ('జా', 'U'), ('తా', 'U'), ('ధా', 'U'), ('రు', '|'), ('డ', '|'), ('వై', 'U'), ('బ్ర', '|'), ('తు', '|'), ('కు', '|'), ('కీ', 'U'), ('ర్తి', '|'), ('త', '|'), ('న', '|'), ('ర', '|'), ('గు', '|'), ('మా', 'U'), ('రా', 'U')]",1.0,-1.0,1.0,1.0,1.0,1.0
kandamu,"జ్ఞానుల చరితము వీనుల
నానుచు సత్పురుషగోష్ఠి ననఘం బనుచున్‌
బూనుము, ధర్మపథంబును
దానెఱిఁగిన యంత మఱవఁ దగదు కుమారా!",jaathi,Kumaara,"[('జ్ఞా', 'U'), ('ను', '|'), ('ల', '|'), ('చ', '|'), ('రి', '|'), ('త', '|'), ('ము', '|'), ('వీ', 'U'), ('ను', '|'), ('ల', '|'), ('నా', 'U'), ('ను', '|'), ('చు', '|'), ('స', 'U'), ('త్పు', '|'), ('రు', '|'), ('ష', '|'), ('గో', 'U'), ('ష్ఠి', '|'), ('న', '|'), ('న', '|'), ('ఘం', 'U'), ('బ', '|'), ('ను', '|'), ('చున్', 'U'), ('బూ', 'U'), ('ను', '|'), ('ము', '|'), ('ధ', 'U'), ('ర్మ', '|'), ('ప', '|'), ('థం', 'U'), ('బు', '|'), ('ను', '|'), ('దా', 'U'), ('నె', '|'), ('ఱి', '|'), ('గి', '|'), ('న', '|'), ('యం', 'U'), ('త', '|'), ('మ', '|'), ('ఱ', '|'), ('వ', '|'), ('ద', '|'), ('గ', '|'), ('దు', '|'), ('కు', '|'), ('మా', 'U'), ('రా', 'U')]",1.0,-1.0,1.0,1.0,1.0,1.0
kandamu,"రోషావేశము జనులకు
దోషము తలపోయ విపుల దుఃఖకరమునౌ,
రోషము విడిచిన యెడ సం
తోషింతురు బుధులు హితము దోఁపఁ గుమారా!",jaathi,Kumaara,"[('రో', 'U'), ('షా', 'U'), ('వే', 'U'), ('శ', '|'), ('ము', '|'), ('జ', '|'), ('ను', '|'), ('ల', '|'), ('కు', '|'), ('దో', 'U'), ('ష', '|'), ('ము', '|'), ('త', '|'), ('ల', '|'), ('పో', 'U'), ('య', '|'), ('వి', '|'), ('పు', '|'), ('ల', '|'), ('దుః', 'U'), ('ఖ', '|'), ('క', '|'), ('ర', '|'), ('ము', '|'), ('నౌ', 'U'), ('రో', 'U'), ('ష', '|'), ('ము', '|'), ('వి', '|'), ('డి', '|'), ('చి', '|'), ('న', '|'), ('యె', '|'), ('డ', '|'), ('సం', 'U'), ('తో', 'U'), ('షిం', 'U'), ('తు', '|'), ('రు', '|'), ('బు', '|'), ('ధు', '|'), ('లు', '|'), ('హి', '|'), ('త', '|'), ('ము', '|'), ('దో', 'U'), ('ప', '|'), ('గు', '|'), ('మా', 'U'), ('రా', 'U')]",1.0,-1.0,1.0,1.0,1.0,1.0
kandamu,"ధనవంతులైన బహు స
జ్జనులైనను నీకు మిగుల సమ్మతులై యు
న్నను సతి జనకుని గృహమం
దున నుండుట తగదు కీర్తి తొలఁగుఁ గుమారా!",jaathi,Kumaara,"[('ధ', '|'), ('న', '|'), ('వం', 'U'), ('తు', '|'), ('లై', 'U'), ('న', '|'), ('బ', '|'), ('హు', '|'), ('స', 'U'), ('జ్జ', '|'), ('ను', '|'), ('లై', 'U'), ('న', '|'), ('ను', '|'), ('నీ', 'U'), ('కు', '|'), ('మి', '|'), ('గు', '|'), ('ల', '|'), ('స', 'U'), ('మ్మ', '|'), ('తు', '|'), ('లై', 'U'), ('యు', 'U'), ('న్న', '|'), ('ను', '|'), ('స', '|'), ('తి', '|'), ('జ', '|'), ('న', '|'), ('కు', '|'), ('ని', '|'), ('గృ', '|'), ('హ', '|'), ('మం', 'U'), ('దు', '|'), ('న', '|'), ('నుం', 'U'), ('డు', '|'), ('ట', '|'), ('త', '|'), ('గ', '|'), ('దు', '|'), ('కీ', 'U'), ('ర్తి', '|'), ('తొ', '|'), ('ల', '|'), ('గు', '|'), ('గు', '|'), ('మా', 'U'), ('రా', 'U')]",1.0,-1.0,1.0,1.0,1.0,1.0
kandamu,"సభలోపల నవ్వినయెడ
సభకులు నిరసింతు రెట్టి జనుని, న్నెఱి నీ
కభయం బొసంగె నేనియుఁ
బ్రభు కరుణము నమ్మి గర్వ పడకు కుమారా!",jaathi,Kumaara,"[('స', '|'), ('భ', '|'), ('లో', 'U'), ('ప', '|'), ('ల', '|'), ('న', 'U'), ('వ్వి', '|'), ('న', '|'), ('యె', '|'), ('డ', '|'), ('స', '|'), ('భ', '|'), ('కు', '|'), ('లు', '|'), ('ని', '|'), ('ర', '|'), ('సిం', 'U'), ('తు', '|'), ('రె', 'U'), ('ట్టి', '|'), ('జ', '|'), ('ను', '|'), ('ని', 'U'), ('న్నె', '|'), ('ఱి', '|'), ('నీ', 'U'), ('క', '|'), ('భ', '|'), ('యం', 'U'), ('బొ', '|'), ('సం', 'U'), ('గె', '|'), ('నే', 'U'), ('ని', '|'), ('యు', '|'), ('బ్ర', '|'), ('భు', '|'), ('క', '|'), ('రు', '|'), ('ణ', '|'), ('ము', '|'), ('న', 'U'), ('మ్మి', '|'), ('గ', 'U'), ('ర్వ', '|'), ('ప', '|'), ('డ', '|'), ('కు', '|'), ('కు', '|'), ('మా', 'U'), ('రా', 'U')]",1.0,-1.0,1.0,1.0,1.0,1.0
kandamu,"తన పంక్తియందు  బాంధవ
జనము లొక విధంబుగ మెసంగుచు నుండం
గను దా సద్రసముల మెసఁ
గిన విషభోజనసమంబు క్షితిని గుమారా!",jaathi,Kumaara,"[('త', '|'), ('న', '|'), ('పం', 'U'), ('క్తి', '|'), ('యం', 'U'), ('దు', '|'), ('బాం', 'U'), ('ధ', '|'), ('వ', '|'), ('జ', '|'), ('న', '|'), ('ము', '|'), ('లొ', '|'), ('క', '|'), ('వి', '|'), ('ధం', 'U'), ('బు', '|'), ('గ', '|'), ('మె', '|'), ('సం', 'U'), ('గు', '|'), ('చు', '|'), ('నుం', 'U'), ('డం', 'U'), ('గ', '|'), ('ను', '|'), ('దా', 'U'), ('స', '|'), ('ద్ర', '|'), ('స', '|'), ('ము', '|'), ('ల', '|'), ('మె', '|'), ('స', '|'), ('గి', '|'), ('న', '|'), ('వి', '|'), ('ష', '|'), ('భో', 'U'), ('జ', '|'), ('న', '|'), ('స', '|'), ('మం', 'U'), ('బు', 'U'), ('క్షి', '|'), ('తి', '|'), ('ని', '|'), ('గు', '|'), ('మా', 'U'), ('రా', 'U')]",0.546875,-1.0,1.0,0.6875,0.0,0.5
kandamu,"పెరవారలుండ ఫలముల
నరయంగా వారికిడక యాతఁడె మెసవన్‌
సరిగాదు, విసపుమేఁతకు
సరియౌనని తలఁపు మానసమునఁ గుమారా!",jaathi,Kumaara,"[('పె', '|'), ('ర', '|'), ('వా', 'U'), ('ర', '|'), ('లుం', 'U'), ('డ', '|'), ('ఫ', '|'), ('ల', '|'), ('ము', '|'), ('ల', '|'), ('న', '|'), ('ర', '|'), ('యం', 'U'), ('గా', 'U'), ('వా', 'U'), ('రి', '|'), ('కి', '|'), ('డ', '|'), ('క', '|'), ('యా', 'U'), ('త', '|'), ('డె', '|'), ('మె', '|'), ('స', '|'), ('వన్', 'U'), ('స', '|'), ('రి', '|'), ('గా', 'U'), ('దు', '|'), ('వి', '|'), ('స', '|'), ('పు', '|'), ('మే', 'U'), ('త', '|'), ('కు', '|'), ('స', '|'), ('రి', '|'), ('యౌ', 'U'), ('న', '|'), ('ని', '|'), ('త', '|'), ('ల', '|'), ('పు', '|'), ('మా', 'U'), ('న', '|'), ('స', '|'), ('ము', '|'), ('న', '|'), ('గు', '|'), ('మా', 'U'), ('రా', 'U')]",0.875,-1.0,1.0,1.0,0.5,1.0
kandamu,"గుణవంతుని సంగతి ని
ర్గుణులకు గుణములు ఘటించు, గుసుమాది సమ
ర్పణమున వస్త్రాదిక మా
క్షణమునఁ పరిమళము నొందు కరణిఁ గుమారా!",jaathi,Kumaara,"[('గు', '|'), ('ణ', '|'), ('వం', 'U'), ('తు', '|'), ('ని', '|'), ('సం', 'U'), ('గ', '|'), ('తి', '|'), ('ని', 'U'), ('ర్గు', '|'), ('ణు', '|'), ('ల', '|'), ('కు', '|'), ('గు', '|'), ('ణ', '|'), ('ము', '|'), ('లు', '|'), ('ఘ', '|'), ('టిం', 'U'), ('చు', '|'), ('గు', '|'), ('సు', '|'), ('మా', 'U'), ('ది', '|'), ('స', '|'), ('మ', 'U'), ('ర్ప', '|'), ('ణ', '|'), ('ము', '|'), ('న', '|'), ('వ', 'U'), ('స్త్రా', 'U'), ('ది', '|'), ('క', '|'), ('మా', 'U'), ('క్ష', '|'), ('ణ', '|'), ('ము', '|'), ('న', '|'), ('ప', '|'), ('రి', '|'), ('మ', '|'), ('ళ', '|'), ('ము', '|'), ('నొం', 'U'), ('దు', '|'), ('క', '|'), ('ర', '|'), ('ణి', '|'), ('గు', '|'), ('మా', 'U'), ('రా', 'U')]",1.0,-1.0,1.0,1.0,1.0,1.0
kandamu,"మును స్నానము సేయక చం
దన మలఁదుట యనుచితం బుదకయుత వస్త్రం
బును విదలించుట కూడదు,
మనమున నివి తెలిసి మనుము మహిని గుమారా!",jaathi,Kumaara,"[('ము', '|'), ('ను', 'U'), ('స్నా', 'U'), ('న', '|'), ('ము', '|'), ('సే', 'U'), ('య', '|'), ('క', '|'), ('చం', 'U'), ('ద', '|'), ('న', '|'), ('మ', '|'), ('ల', '|'), ('దు', '|'), ('ట', '|'), ('య', '|'), ('ను', '|'), ('చి', '|'), ('తం', 'U'), ('బు', '|'), ('ద', '|'), ('క', '|'), ('యు', '|'), ('త', '|'), ('వ', 'U'), ('స్త్రం', 'U'), ('బు', '|'), ('ను', '|'), ('వి', '|'), ('ద', '|'), ('లిం', 'U'), ('చు', '|'), ('ట', '|'), ('కూ', 'U'), ('డ', '|'), ('దు', '|'), ('మ', '|'), ('న', '|'), ('ము', '|'), ('న', '|'), ('ని', '|'), ('వి', '|'), ('తె', '|'), ('లి', '|'), ('సి', '|'), ('మ', '|'), ('ను', '|'), ('ము', '|'), ('మ', '|'), ('హి', '|'), ('ని', '|'), ('గు', '|'), ('మా', 'U'), ('రా', 'U')]",0.46875,-1.0,1.0,0.625,0.0,0.25
kandamu,"పరజనులు కట్టి విడిచిన
వరచేలములైనఁ గట్ట వలదు, వలువన్‌
నెఱిమాయు మడత మార్చుచు
ధరియించుట యొప్పదండ్రు ధరను గుమారా!",jaathi,Kumaara,"[('ప', '|'), ('ర', '|'), ('జ', '|'), ('ను', '|'), ('లు', '|'), ('క', 'U'), ('ట్టి', '|'), ('వి', '|'), ('డి', '|'), ('చి', '|'), ('న', '|'), ('వ', '|'), ('ర', '|'), ('చే', 'U'), ('ల', '|'), ('ము', '|'), ('లై', 'U'), ('న', '|'), ('గ', 'U'), ('ట్ట', '|'), ('వ', '|'), ('ల', '|'), ('దు', '|'), ('వ', '|'), ('లు', '|'), ('వన్', 'U'), ('నె', '|'), ('ఱి', '|'), ('మా', 'U'), ('యు', '|'), ('మ', '|'), ('డ', '|'), ('త', '|'), ('మా', 'U'), ('ర్చు', '|'), ('చు', '|'), ('ధ', '|'), ('రి', '|'), ('యిం', 'U'), ('చు', '|'), ('ట', '|'), ('యొ', 'U'), ('ప్ప', '|'), ('దం', 'U'), ('డ్రు', '|'), ('ధ', '|'), ('ర', '|'), ('ను', '|'), ('గు', '|'), ('మా', 'U'), ('రా', 'U')]",0.6875,-1.0,1.0,0.75,0.5,0.5
kandamu,"మును మనుజుఁడు జన్మాంతర
మునఁజేసిన పుణ్యపాపములు పుడమిని వా
నిని బొందక విడువవు, దే
వుని నిందింపకుము కీడు వొడముఁ గుమారా!",jaathi,Kumaara,"[('ము', '|'), ('ను', '|'), ('మ', '|'), ('ను', '|'), ('జు', '|'), ('డు', '|'), ('జ', 'U'), ('న్మాం', 'U'), ('త', '|'), ('ర', '|'), ('ము', '|'), ('న', '|'), ('జే', 'U'), ('సి', '|'), ('న', '|'), ('పు', 'U'), ('ణ్య', '|'), ('పా', 'U'), ('ప', '|'), ('ము', '|'), ('లు', '|'), ('పు', '|'), ('డ', '|'), ('మి', '|'), ('ని', '|'), ('వా', 'U'), ('ని', '|'), ('ని', '|'), ('బొం', 'U'), ('ద', '|'), ('క', '|'), ('వి', '|'), ('డు', '|'), ('వ', '|'), ('వు', '|'), ('దే', 'U'), ('వు', '|'), ('ని', '|'), ('నిం', 'U'), ('దిం', 'U'), ('ప', '|'), ('కు', '|'), ('ము', '|'), ('కీ', 'U'), ('డు', '|'), ('వొ', '|'), ('డ', '|'), ('ము', '|'), ('గు', '|'), ('మా', 'U'), ('రా', 'U')]",1.0,-1.0,1.0,1.0,1.0,1.0
kandamu,"అవయవహీనుని సౌంద
ర్యవిహీను దరిద్రు విద్య రాని యతని సం
స్తవనీయు దేవు శ్రుతులన్‌
భువి నిందింపఁ దగదండ్రు బుధులు కుమారా!",jaathi,Kumaara,"[('అ', '|'), ('వ', '|'), ('య', '|'), ('వ', '|'), ('హీ', 'U'), ('ను', '|'), ('ని', '|'), ('సౌం', 'U'), ('ద', 'U'), ('ర్య', '|'), ('వి', '|'), ('హీ', 'U'), ('ను', '|'), ('ద', '|'), ('రి', '|'), ('ద్రు', '|'), ('వి', 'U'), ('ద్య', '|'), ('రా', 'U'), ('ని', '|'), ('య', '|'), ('త', '|'), ('ని', '|'), ('సం', 'U'), ('స్త', '|'), ('వ', '|'), ('నీ', 'U'), ('యు', '|'), ('దే', 'U'), ('వు', '|'), ('శ్రు', '|'), ('తు', '|'), ('లన్', 'U'), ('భు', '|'), ('వి', '|'), ('నిం', 'U'), ('దిం', 'U'), ('ప', '|'), ('ద', '|'), ('గ', '|'), ('దం', 'U'), ('డ్రు', '|'), ('బు', '|'), ('ధు', '|'), ('లు', '|'), ('కు', '|'), ('మా', 'U'), ('రా', 'U')]",0.640625,-1.0,1.0,0.5625,0.5,0.5
kandamu,"లోకమున సర్వజనులకు
నా కాలుఁడు ప్రాణహారి యై యుండఁగ శో
భాకృతకార్యముల వడిం
బ్రాకటముగఁ జేయకుండ రాదు కుమారా!",jaathi,Kumaara,"[('లో', 'U'), ('క', '|'), ('ము', '|'), ('న', '|'), ('స', 'U'), ('ర్వ', '|'), ('జ', '|'), ('ను', '|'), ('ల', '|'), ('కు', '|'), ('నా', 'U'), ('కా', 'U'), ('లు', '|'), ('డు', '|'), ('ప్రా', 'U'), ('ణ', '|'), ('హా', 'U'), ('రి', '|'), ('యై', 'U'), ('యుం', 'U'), ('డ', '|'), ('గ', '|'), ('శో', 'U'), ('భా', 'U'), ('కృ', '|'), ('త', '|'), ('కా', 'U'), ('ర్య', '|'), ('ము', '|'), ('ల', '|'), ('వ', '|'), ('డిం', 'U'), ('బ్రా', 'U'), ('క', '|'), ('ట', '|'), ('ము', '|'), ('గ', '|'), ('జే', 'U'), ('య', '|'), ('కుం', 'U'), ('డ', '|'), ('రా', 'U'), ('దు', '|'), ('కు', '|'), ('మా', 'U'), ('రా', 'U')]",0.875,-1.0,1.0,1.0,0.5,1.0
kandamu,"అల సరస్నానంబులఁ బరి
మళముం గలుగు వస్తువులను మహితల యానం
బుల నాసనముల నుబ్బకు,
కలుగుం జనుఁ గాలవశము గాను గుమారా!",jaathi,Kumaara,"[('అ', '|'), ('ల', '|'), ('స', '|'), ('ర', 'U'), ('స్నా', 'U'), ('నం', 'U'), ('బు', '|'), ('ల', '|'), ('బ', '|'), ('రి', '|'), ('మ', '|'), ('ళ', '|'), ('ముం', 'U'), ('గ', '|'), ('లు', '|'), ('గు', '|'), ('వ', 'U'), ('స్తు', '|'), ('వు', '|'), ('ల', '|'), ('ను', '|'), ('మ', '|'), ('హి', '|'), ('త', '|'), ('ల', '|'), ('యా', 'U'), ('నం', 'U'), ('బు', '|'), ('ల', '|'), ('నా', 'U'), ('స', '|'), ('న', '|'), ('ము', '|'), ('ల', '|'), ('ను', 'U'), ('బ్బ', '|'), ('కు', '|'), ('క', '|'), ('లు', '|'), ('గుం', 'U'), ('జ', '|'), ('ను', '|'), ('గా', 'U'), ('ల', '|'), ('వ', '|'), ('శ', '|'), ('ము', '|'), ('గా', 'U'), ('ను', '|'), ('గు', '|'), ('మా', 'U'), ('రా', 'U')]",0.90625,-1.0,1.0,0.875,1.0,0.75
kandamu,"ప్రజ్ఞావంతుని చేతను
బ్రజ్ఞాహీనునకుఁ గడమ వాటిల్లు నిలన్‌
బ్రాజ్ఞతగల్గి నటించినఁ
దజ్ఞులు నుతియింతు రదియె ధనము కుమారా!",jaathi,Kumaara,"[('ప్ర', 'U'), ('జ్ఞా', 'U'), ('వం', 'U'), ('తు', '|'), ('ని', '|'), ('చే', 'U'), ('త', '|'), ('ను', '|'), ('బ్ర', 'U'), ('జ్ఞా', 'U'), ('హీ', 'U'), ('ను', '|'), ('న', '|'), ('కు', '|'), ('గ', '|'), ('డ', '|'), ('మ', '|'), ('వా', 'U'), ('టి', 'U'), ('ల్లు', '|'), ('ని', '|'), ('లన్', 'U'), ('బ్రా', 'U'), ('జ్ఞ', '|'), ('త', '|'), ('గ', 'U'), ('ల్గి', '|'), ('న', '|'), ('టిం', 'U'), ('చి', '|'), ('న', '|'), ('ద', 'U'), ('జ్ఞు', '|'), ('లు', '|'), ('ను', '|'), ('తి', '|'), ('యిం', 'U'), ('తు', '|'), ('ర', '|'), ('ది', '|'), ('యె', '|'), ('ధ', '|'), ('న', '|'), ('ము', '|'), ('కు', '|'), ('మా', 'U'), ('రా', 'U')]",0.875,-1.0,1.0,1.0,0.5,1.0
kandamu,"మనుజుల తమసౌఖ్యము కొఱ
కును సంరక్షణము నవనిఁ గోరుదు, రొగి నే
జనపాలుఁడు సంరక్షిం
పను దగియును బ్రోవఁ డతఁడె పాపి కుమారా!",jaathi,Kumaara,"[('మ', '|'), ('ను', '|'), ('జు', '|'), ('ల', '|'), ('త', '|'), ('మ', '|'), ('సౌ', 'U'), ('ఖ్య', '|'), ('ము', '|'), ('కొ', '|'), ('ఱ', '|'), ('కు', '|'), ('ను', '|'), ('సం', 'U'), ('ర', 'U'), ('క్ష', '|'), ('ణ', '|'), ('ము', '|'), ('న', '|'), ('వ', '|'), ('ని', '|'), ('గో', 'U'), ('రు', '|'), ('దు', '|'), ('రొ', '|'), ('గి', '|'), ('నే', 'U'), ('జ', '|'), ('న', '|'), ('పా', 'U'), ('లు', '|'), ('డు', '|'), ('సం', 'U'), ('ర', 'U'), ('క్షిం', 'U'), ('ప', '|'), ('ను', '|'), ('ద', '|'), ('గి', '|'), ('యు', '|'), ('ను', '|'), ('బ్రో', 'U'), ('వ', '|'), ('డ', '|'), ('త', '|'), ('డె', '|'), ('పా', 'U'), ('పి', '|'), ('కు', '|'), ('మా', 'U'), ('రా', 'U')]",1.0,-1.0,1.0,1.0,1.0,1.0
kandamu,"మండలపతి దండార్హుల
దండింపక యుండరాదు ధారుణి నతఁడా
ఖండల సమానుఁడైనను
మెండగు పాపంబునొంది మెలఁగుఁ గుమారా!",jaathi,Kumaara,"[('మం', 'U'), ('డ', '|'), ('ల', '|'), ('ప', '|'), ('తి', '|'), ('దం', 'U'), ('డా', 'U'), ('ర్హు', '|'), ('ల', '|'), ('దం', 'U'), ('డిం', 'U'), ('ప', '|'), ('క', '|'), ('యుం', 'U'), ('డ', '|'), ('రా', 'U'), ('దు', '|'), ('ధా', 'U'), ('రు', '|'), ('ణి', '|'), ('న', '|'), ('త', '|'), ('డా', 'U'), ('ఖం', 'U'), ('డ', '|'), ('ల', '|'), ('స', '|'), ('మా', 'U'), ('ను', '|'), ('డై', 'U'), ('న', '|'), ('ను', '|'), ('మెం', 'U'), ('డ', '|'), ('గు', '|'), ('పా', 'U'), ('పం', 'U'), ('బు', '|'), ('నొం', 'U'), ('ది', '|'), ('మె', '|'), ('ల', '|'), ('గు', '|'), ('గు', '|'), ('మా', 'U'), ('రా', 'U')]",1.0,-1.0,1.0,1.0,1.0,1.0
kandamu,"గరళముఁ బెట్టెడు వాని
న్బరుఁ జంపఁదలంచు వానిఁ జనులెల్ల బయ
ల్పఱచెడి వానిం జనధన
హరుని నృపతిం జంపి పుణ్యుఁ డగును గుమారా!",jaathi,Kumaara,"[('గ', '|'), ('ర', '|'), ('ళ', '|'), ('ము', '|'), ('బె', 'U'), ('ట్టె', '|'), ('డు', '|'), ('వా', 'U'), ('ని', 'U'), ('న్బ', '|'), ('రు', '|'), ('జం', 'U'), ('ప', '|'), ('ద', '|'), ('లం', 'U'), ('చు', '|'), ('వా', 'U'), ('ని', '|'), ('జ', '|'), ('ను', '|'), ('లె', 'U'), ('ల్ల', '|'), ('బ', '|'), ('య', 'U'), ('ల్ప', '|'), ('ఱ', '|'), ('చె', '|'), ('డి', '|'), ('వా', 'U'), ('నిం', 'U'), ('జ', '|'), ('న', '|'), ('ధ', '|'), ('న', '|'), ('హ', '|'), ('రు', '|'), ('ని', '|'), ('నృ', '|'), ('ప', '|'), ('తిం', 'U'), ('జం', 'U'), ('పి', '|'), ('పు', 'U'), ('ణ్యు', '|'), ('డ', '|'), ('గు', '|'), ('ను', '|'), ('గు', '|'), ('మా', 'U'), ('రా', 'U')]",0.640625,-1.0,1.0,0.8125,0.0,0.75
kandamu,"గృహదాహకునిం బరదా
రహరుం బంధుహితకార్య రహితుని దుష్టో
త్సహపరుని జంపి నరపతి
యిహపరములయందు గీర్తి నెనయుఁ గుమారా!",jaathi,Kumaara,"[('గృ', '|'), ('హ', '|'), ('దా', 'U'), ('హ', '|'), ('కు', '|'), ('నిం', 'U'), ('బ', '|'), ('ర', '|'), ('దా', 'U'), ('ర', '|'), ('హ', '|'), ('రుం', 'U'), ('బం', 'U'), ('ధు', '|'), ('హి', '|'), ('త', '|'), ('కా', 'U'), ('ర్య', '|'), ('ర', '|'), ('హి', '|'), ('తు', '|'), ('ని', '|'), ('దు', 'U'), ('ష్టో', 'U'), ('త్స', '|'), ('హ', '|'), ('ప', '|'), ('రు', '|'), ('ని', '|'), ('జం', 'U'), ('పి', '|'), ('న', '|'), ('ర', '|'), ('ప', '|'), ('తి', '|'), ('యి', '|'), ('హ', '|'), ('ప', '|'), ('ర', '|'), ('ము', '|'), ('ల', '|'), ('యం', 'U'), ('దు', '|'), ('గీ', 'U'), ('ర్తి', '|'), ('నె', '|'), ('న', '|'), ('యు', '|'), ('గు', '|'), ('మా', 'U'), ('రా', 'U')]",0.875,-1.0,1.0,1.0,0.5,1.0
kandamu,"సత్తువగల యాతని పై
నెత్తిన దుర్బలుఁడు తస్కరించిన నతండున్‌
విత్తముఁ గోల్పడు నతఁడును
జిత్తజ పీడితుఁడు జింతఁ జెందుఁ గుమారా!",jaathi,Kumaara,"[('స', 'U'), ('త్తు', '|'), ('వ', '|'), ('గ', '|'), ('ల', '|'), ('యా', 'U'), ('త', '|'), ('ని', '|'), ('పై', 'U'), ('నె', 'U'), ('త్తి', '|'), ('న', '|'), ('దు', 'U'), ('ర్బ', '|'), ('లు', '|'), ('డు', '|'), ('త', 'U'), ('స్క', '|'), ('రిం', 'U'), ('చి', '|'), ('న', '|'), ('న', '|'), ('తం', 'U'), ('డున్', 'U'), ('వి', 'U'), ('త్త', '|'), ('ము', '|'), ('గో', 'U'), ('ల్ప', '|'), ('డు', '|'), ('న', '|'), ('త', '|'), ('డు', '|'), ('ను', '|'), ('జి', 'U'), ('త్త', '|'), ('జ', '|'), ('పీ', 'U'), ('డి', '|'), ('తు', '|'), ('డు', '|'), ('జిం', 'U'), ('త', '|'), ('జెం', 'U'), ('దు', '|'), ('గు', '|'), ('మా', 'U'), ('రా', 'U')]",0.859375,-1.0,1.0,0.9375,0.5,1.0
kandamu,"కత్తిని చేతంబట్టుచు
మొత్తఁదలఁచి వచ్చువాని ముఖ్యముగా మే
ల్హత్తించిన నదె ప్రాయ
శ్చిత్త మతనిఁ జంపఁదగదు చిన్ని కుమారా!",jaathi,Kumaara,"[('క', 'U'), ('త్తి', '|'), ('ని', '|'), ('చే', 'U'), ('తం', 'U'), ('బ', 'U'), ('ట్టు', '|'), ('చు', '|'), ('మొ', 'U'), ('త్త', '|'), ('ద', '|'), ('ల', '|'), ('చి', '|'), ('వ', 'U'), ('చ్చు', '|'), ('వా', 'U'), ('ని', '|'), ('ము', 'U'), ('ఖ్య', '|'), ('ము', '|'), ('గా', 'U'), ('మే', 'U'), ('ల్హ', 'U'), ('త్తిం', 'U'), ('చి', '|'), ('న', '|'), ('న', '|'), ('దె', '|'), ('ప్రా', 'U'), ('య', 'U'), ('శ్చి', 'U'), ('త్త', '|'), ('మ', '|'), ('త', '|'), ('ని', '|'), ('జం', 'U'), ('ప', '|'), ('ద', '|'), ('గ', '|'), ('దు', '|'), ('చి', 'U'), ('న్ని', '|'), ('కు', '|'), ('మా', 'U'), ('రా', 'U')]",1.0,-1.0,1.0,1.0,1.0,1.0
kandamu,"ఓరిమియె కలిగియుండిన
వారలఁ గని ప్రజ్ఞలేని వా రనియెద, రౌ
నారయ సత్పురుషాళికి
నోరిమియే భూషణంబు రోరి కుమారా!",jaathi,Kumaara,"[('ఓ', 'U'), ('రి', '|'), ('మి', '|'), ('యె', '|'), ('క', '|'), ('లి', '|'), ('గి', '|'), ('యుం', 'U'), ('డి', '|'), ('న', '|'), ('వా', 'U'), ('ర', '|'), ('ల', '|'), ('గ', '|'), ('ని', '|'), ('ప్ర', 'U'), ('జ్ఞ', '|'), ('లే', 'U'), ('ని', '|'), ('వా', 'U'), ('ర', '|'), ('ని', '|'), ('యె', '|'), ('ద', '|'), ('రౌ', 'U'), ('నా', 'U'), ('ర', '|'), ('య', '|'), ('స', 'U'), ('త్పు', '|'), ('రు', '|'), ('షా', 'U'), ('ళి', '|'), ('కి', '|'), ('నో', 'U'), ('రి', '|'), ('మి', '|'), ('యే', 'U'), ('భూ', 'U'), ('ష', '|'), ('ణం', 'U'), ('బు', '|'), ('రో', 'U'), ('రి', '|'), ('కు', '|'), ('మా', 'U'), ('రా', 'U')]",0.875,-1.0,1.0,1.0,0.5,1.0
kandamu,"పురుషుం డొనర్పని పనికి
నరయఁగ దైవం బదెట్టు లనుకూలించున్‌
సరణిగ విత్తకయున్నను
వరిపండునె ధరణిలోన వఱలి కుమారా!",jaathi,Kumaara,"[('పు', '|'), ('రు', '|'), ('షుం', 'U'), ('డొ', '|'), ('న', 'U'), ('ర్ప', '|'), ('ని', '|'), ('ప', '|'), ('ని', '|'), ('కి', '|'), ('న', '|'), ('ర', '|'), ('య', '|'), ('గ', '|'), ('దై', 'U'), ('వం', 'U'), ('బ', '|'), ('దె', 'U'), ('ట్టు', '|'), ('ల', '|'), ('ను', '|'), ('కూ', 'U'), ('లిం', 'U'), ('చున్', 'U'), ('స', '|'), ('ర', '|'), ('ణి', '|'), ('గ', '|'), ('వి', 'U'), ('త్త', '|'), ('క', '|'), ('యు', 'U'), ('న్న', '|'), ('ను', '|'), ('వ', '|'), ('రి', '|'), ('పం', 'U'), ('డు', '|'), ('నె', '|'), ('ధ', '|'), ('ర', '|'), ('ణి', '|'), ('లో', 'U'), ('న', '|'), ('వ', '|'), ('ఱ', '|'), ('లి', '|'), ('కు', '|'), ('మా', 'U'), ('రా', 'U')]",0.875,-1.0,1.0,1.0,0.5,1.0
kandamu,"తన సత్కర్మాచరణం
బున భాగ్యము వేగ వృద్ధి బొందు, జగత్ప్రా
ణుని వర సాహాయ్యముచే
ననలం బెంతైనఁ బెరఁగు నయ్య కుమారా!",jaathi,Kumaara,"[('త', '|'), ('న', '|'), ('స', 'U'), ('త్క', 'U'), ('ర్మా', 'U'), ('చ', '|'), ('ర', '|'), ('ణం', 'U'), ('బు', '|'), ('న', '|'), ('భా', 'U'), ('గ్య', '|'), ('ము', '|'), ('వే', 'U'), ('గ', '|'), ('వృ', 'U'), ('ద్ధి', '|'), ('బొం', 'U'), ('దు', '|'), ('జ', '|'), ('గ', 'U'), ('త్ప్రా', 'U'), ('ణు', '|'), ('ని', '|'), ('వ', '|'), ('ర', '|'), ('సా', 'U'), ('హా', 'U'), ('య్య', '|'), ('ము', '|'), ('చే', 'U'), ('న', '|'), ('న', '|'), ('లం', 'U'), ('బెం', 'U'), ('తై', 'U'), ('న', '|'), ('బె', '|'), ('ర', '|'), ('గు', '|'), ('న', 'U'), ('య్య', '|'), ('కు', '|'), ('మా', 'U'), ('రా', 'U')]",1.0,-1.0,1.0,1.0,1.0,1.0
kandamu,"చమురింకిపోయినను దీ
పము శమియించిన విధంబు పౌరుషము విహీ
నమె యగును, దైవ మనుకూ
లము గాకుండినను భూతలమునఁ గుమారా!",jaathi,Kumaara,"[('చ', '|'), ('ము', '|'), ('రిం', 'U'), ('కి', '|'), ('పో', 'U'), ('యి', '|'), ('న', '|'), ('ను', '|'), ('దీ', 'U'), ('ప', '|'), ('ము', '|'), ('శ', '|'), ('మి', '|'), ('యిం', 'U'), ('చి', '|'), ('న', '|'), ('వి', '|'), ('ధం', 'U'), ('బు', '|'), ('పౌ', 'U'), ('రు', '|'), ('ష', '|'), ('ము', '|'), ('వి', '|'), ('హీ', 'U'), ('న', '|'), ('మె', '|'), ('య', '|'), ('గు', '|'), ('ను', '|'), ('దై', 'U'), ('వ', '|'), ('మ', '|'), ('ను', '|'), ('కూ', 'U'), ('ల', '|'), ('ము', '|'), ('గా', 'U'), ('కుం', 'U'), ('డి', '|'), ('న', '|'), ('ను', '|'), ('భూ', 'U'), ('త', '|'), ('ల', '|'), ('ము', '|'), ('న', '|'), ('గు', '|'), ('మా', 'U'), ('రా', 'U')]",1.0,-1.0,1.0,1.0,1.0,1.0
kandamu,"ఘన బీజము సాయము లే
కను భూములు నిష్ప్రయోజకంబైన విధం
బున దైవము తోడిలఁగా
కనె పౌరుష కర్మఫలము గలదె కుమారా?",jaathi,Kumaara,"[('ఘ', '|'), ('న', '|'), ('బీ', 'U'), ('జ', '|'), ('ము', '|'), ('సా', 'U'), ('య', '|'), ('ము', '|'), ('లే', 'U'), ('క', '|'), ('ను', '|'), ('భూ', 'U'), ('ము', '|'), ('లు', '|'), ('ని', 'U'), ('ష్ప్ర', '|'), ('యో', 'U'), ('జ', '|'), ('కం', 'U'), ('బై', 'U'), ('న', '|'), ('వి', '|'), ('ధం', 'U'), ('బు', '|'), ('న', '|'), ('దై', 'U'), ('వ', '|'), ('ము', '|'), ('తో', 'U'), ('డి', '|'), ('ల', '|'), ('గా', 'U'), ('క', '|'), ('నె', '|'), ('పౌ', 'U'), ('రు', '|'), ('ష', '|'), ('క', 'U'), ('ర్మ', '|'), ('ఫ', '|'), ('ల', '|'), ('ము', '|'), ('గ', '|'), ('ల', '|'), ('దె', '|'), ('కు', '|'), ('మా', 'U'), ('రా', 'U')]",1.0,-1.0,1.0,1.0,1.0,1.0
kandamu,"ధరనే వస్తువులైనన్‌
దరుగుటకై వృద్ధినొందుఁ దగఁ బొడ వెదుగున్‌
విరుగుటకై, పాయుటకై
దరిఁ జేరును, వీని మదిని దలఁపు కుమార!",jaathi,Kumaara,"[('ధ', '|'), ('ర', '|'), ('నే', 'U'), ('వ', 'U'), ('స్తు', '|'), ('వు', '|'), ('లై', 'U'), ('నన్', 'U'), ('ద', '|'), ('రు', '|'), ('గు', '|'), ('ట', '|'), ('కై', 'U'), ('వృ', 'U'), ('ద్ధి', '|'), ('నొం', 'U'), ('దు', '|'), ('ద', '|'), ('గ', '|'), ('బొ', '|'), ('డ', '|'), ('వె', '|'), ('దు', '|'), ('గున్', 'U'), ('వి', '|'), ('రు', '|'), ('గు', '|'), ('ట', '|'), ('కై', 'U'), ('పా', 'U'), ('యు', '|'), ('ట', '|'), ('కై', 'U'), ('ద', '|'), ('రి', '|'), ('జే', 'U'), ('రు', '|'), ('ను', '|'), ('వీ', 'U'), ('ని', '|'), ('మ', '|'), ('ది', '|'), ('ని', '|'), ('ద', '|'), ('ల', '|'), ('పు', '|'), ('కు', '|'), ('మా', 'U'), ('ర', '|')]",0.984375,-1.0,1.0,0.9375,1.0,1.0
kandamu,"జనియించుట పొలియుటకే
పెను సుఖమొందు టది కష్ట విధి నొందుటకే
విను హెచ్చుట తగ్గుటకే
యని మనమున నమ్మవలయు నయ్య! కుమారా!",jaathi,Kumaara,"[('జ', '|'), ('ని', '|'), ('యిం', 'U'), ('చు', '|'), ('ట', '|'), ('పొ', '|'), ('లి', '|'), ('యు', '|'), ('ట', '|'), ('కే', 'U'), ('పె', '|'), ('ను', '|'), ('సు', '|'), ('ఖ', '|'), ('మొం', 'U'), ('దు', '|'), ('ట', '|'), ('ది', '|'), ('క', 'U'), ('ష్ట', '|'), ('వి', '|'), ('ధి', '|'), ('నొం', 'U'), ('దు', '|'), ('ట', '|'), ('కే', 'U'), ('వి', '|'), ('ను', '|'), ('హె', 'U'), ('చ్చు', '|'), ('ట', '|'), ('త', 'U'), ('గ్గు', '|'), ('ట', '|'), ('కే', 'U'), ('య', '|'), ('ని', '|'), ('మ', '|'), ('న', '|'), ('ము', '|'), ('న', '|'), ('న', 'U'), ('మ్మ', '|'), ('వ', '|'), ('ల', '|'), ('యు', '|'), ('న', 'U'), ('య్య', '|'), ('కు', '|'), ('మా', 'U'), ('రా', 'U')]",0.75,-1.0,1.0,1.0,0.0,1.0
kandamu,"ఎటువంటి వరకులంబునఁ
బటుతరముగఁ బుట్టెనేని పరఁగఁగ మును గ
న్నటువంటి కర్మఫలములఁ
గటగట! భోగింపవలయుఁ గాదె? కుమారా!",jaathi,Kumaara,"[('ఎ', '|'), ('టు', '|'), ('వం', 'U'), ('టి', '|'), ('వ', '|'), ('ర', '|'), ('కు', '|'), ('లం', 'U'), ('బు', '|'), ('న', '|'), ('బ', '|'), ('టు', '|'), ('త', '|'), ('ర', '|'), ('ము', '|'), ('గ', '|'), ('బు', 'U'), ('ట్టె', '|'), ('నే', 'U'), ('ని', '|'), ('ప', '|'), ('ర', '|'), ('గ', '|'), ('గ', '|'), ('ము', '|'), ('ను', '|'), ('గ', 'U'), ('న్న', '|'), ('టు', '|'), ('వం', 'U'), ('టి', '|'), ('క', 'U'), ('ర్మ', '|'), ('ఫ', '|'), ('ల', '|'), ('ము', '|'), ('ల', '|'), ('గ', '|'), ('ట', '|'), ('గ', '|'), ('ట', '|'), ('భో', 'U'), ('గిం', 'U'), ('ప', '|'), ('వ', '|'), ('ల', '|'), ('యు', '|'), ('గా', 'U'), ('దె', '|'), ('కు', '|'), ('మా', 'U'), ('రా', 'U')]",1.0,-1.0,1.0,1.0,1.0,1.0
kandamu,"పెక్కుజనులు నిద్రింపఁగ
నొక్కండయ్యెడను నిద్ర నొందకయున్నన్‌
గ్రక్కున నుపద్రవం బగు
నక్కర్మమునందుఁ జొరకు మయ్య! కుమారా!",jaathi,Kumaara,"[('పె', 'U'), ('క్కు', '|'), ('జ', '|'), ('ను', '|'), ('లు', '|'), ('ని', '|'), ('ద్రిం', 'U'), ('ప', '|'), ('గ', '|'), ('నొ', 'U'), ('క్కం', 'U'), ('డ', 'U'), ('య్యె', '|'), ('డ', '|'), ('ను', '|'), ('ని', '|'), ('ద్ర', '|'), ('నొం', 'U'), ('ద', '|'), ('క', '|'), ('యు', 'U'), ('న్నన్', 'U'), ('గ్ర', 'U'), ('క్కు', '|'), ('న', '|'), ('ను', '|'), ('ప', '|'), ('ద్ర', '|'), ('వం', 'U'), ('బ', '|'), ('గు', '|'), ('న', 'U'), ('క్క', 'U'), ('ర్మ', '|'), ('ము', '|'), ('నం', 'U'), ('దు', '|'), ('జొ', '|'), ('ర', '|'), ('కు', '|'), ('మ', 'U'), ('య్య', '|'), ('కు', '|'), ('మా', 'U'), ('రా', 'U')]",0.59375,-1.0,1.0,0.625,0.5,0.25
kandamu,"మధురంబులఁ గొననొల్లఁడు
బుధజనుఁ డేకతమ దారిఁ బోనొల్లఁడు నీ
విధ మెఱిఁగి నీవును మనో
రథ సిద్ధుఁడవగుచు మెలఁగ రాదె! కుమారా!",jaathi,Kumaara,"[('మ', '|'), ('ధు', '|'), ('రం', 'U'), ('బు', '|'), ('ల', '|'), ('గొ', '|'), ('న', '|'), ('నొ', 'U'), ('ల్ల', '|'), ('డు', '|'), ('బు', '|'), ('ధ', '|'), ('జ', '|'), ('ను', '|'), ('డే', 'U'), ('క', '|'), ('త', '|'), ('మ', '|'), ('దా', 'U'), ('రి', '|'), ('బో', 'U'), ('నొ', 'U'), ('ల్ల', '|'), ('డు', '|'), ('నీ', 'U'), ('వి', '|'), ('ధ', '|'), ('మె', '|'), ('ఱి', '|'), ('గి', '|'), ('నీ', 'U'), ('వు', '|'), ('ను', '|'), ('మ', '|'), ('నో', 'U'), ('ర', '|'), ('థ', '|'), ('సి', 'U'), ('ద్ధు', '|'), ('డ', '|'), ('వ', '|'), ('గు', '|'), ('చు', '|'), ('మె', '|'), ('ల', '|'), ('గ', '|'), ('రా', 'U'), ('దె', '|'), ('కు', '|'), ('మా', 'U'), ('రా', 'U')]",0.9375,-1.0,1.0,1.0,1.0,0.75
kandamu,"ధనవంతుఁడె కులవంతుఁడు
ధనవంతుఁడె సుందరుండు, ధనవంతుండే
ఘనవంతుఁడు బలవంతుఁడు
ధనవంతుఁడె ధీరుఁడనుచుఁ దలఁపు కుమారా!",jaathi,Kumaara,"[('ధ', '|'), ('న', '|'), ('వం', 'U'), ('తు', '|'), ('డె', '|'), ('కు', '|'), ('ల', '|'), ('వం', 'U'), ('తు', '|'), ('డు', '|'), ('ధ', '|'), ('న', '|'), ('వం', 'U'), ('తు', '|'), ('డె', '|'), ('సుం', 'U'), ('ద', '|'), ('రుం', 'U'), ('డు', '|'), ('ధ', '|'), ('న', '|'), ('వం', 'U'), ('తుం', 'U'), ('డే', 'U'), ('ఘ', '|'), ('న', '|'), ('వం', 'U'), ('తు', '|'), ('డు', '|'), ('బ', '|'), ('ల', '|'), ('వం', 'U'), ('తు', '|'), ('డు', '|'), ('ధ', '|'), ('న', '|'), ('వం', 'U'), ('తు', '|'), ('డె', '|'), ('ధీ', 'U'), ('రు', '|'), ('డ', '|'), ('ను', '|'), ('చు', '|'), ('ద', '|'), ('ల', '|'), ('పు', '|'), ('కు', '|'), ('మా', 'U'), ('రా', 'U')]",1.0,-1.0,1.0,1.0,1.0,1.0
kandamu,"విను ప్రాణరక్షణమునన్‌
ధనమంతయు మునిగిఁపోవు తఱిఁ బరిణయమం
దున గురుకార్యమున వధూ
జన సంఘములందు బొంకఁ జనును గుమారా!",jaathi,Kumaara,"[('వి', '|'), ('ను', '|'), ('ప్రా', 'U'), ('ణ', '|'), ('ర', 'U'), ('క్ష', '|'), ('ణ', '|'), ('ము', '|'), ('నన్', 'U'), ('ధ', '|'), ('న', '|'), ('మం', 'U'), ('త', '|'), ('యు', '|'), ('ము', '|'), ('ని', '|'), ('గి', '|'), ('పో', 'U'), ('వు', '|'), ('త', '|'), ('ఱి', '|'), ('బ', '|'), ('రి', '|'), ('ణ', '|'), ('య', '|'), ('మం', 'U'), ('దు', '|'), ('న', '|'), ('గు', '|'), ('రు', '|'), ('కా', 'U'), ('ర్య', '|'), ('ము', '|'), ('న', '|'), ('వ', '|'), ('ధూ', 'U'), ('జ', '|'), ('న', '|'), ('సం', 'U'), ('ఘ', '|'), ('ము', '|'), ('లం', 'U'), ('దు', '|'), ('బొం', 'U'), ('క', '|'), ('జ', '|'), ('ను', '|'), ('ను', '|'), ('గు', '|'), ('మా', 'U'), ('రా', 'U')]",1.0,-1.0,1.0,1.0,1.0,1.0
kandamu,"కులభామల విడువకు, వెలి
పొలఁతుల వీక్షించి మోహమునఁ బొరలకుమీ
ఖలుఁ డందు రెట్టివారలుఁ
గులహీనుఁడు పుట్టెననుట కొఱలుఁ గుమారా!",jaathi,Kumaara,"[('కు', '|'), ('ల', '|'), ('భా', 'U'), ('మ', '|'), ('ల', '|'), ('వి', '|'), ('డు', '|'), ('వ', '|'), ('కు', '|'), ('వె', '|'), ('లి', '|'), ('పొ', '|'), ('ల', '|'), ('తు', '|'), ('ల', '|'), ('వీ', 'U'), ('క్షిం', 'U'), ('చి', '|'), ('మో', 'U'), ('హ', '|'), ('ము', '|'), ('న', '|'), ('బొ', '|'), ('ర', '|'), ('ల', '|'), ('కు', '|'), ('మీ', 'U'), ('ఖ', '|'), ('లు', '|'), ('డం', 'U'), ('దు', '|'), ('రె', 'U'), ('ట్టి', '|'), ('వా', 'U'), ('ర', '|'), ('లు', '|'), ('గు', '|'), ('ల', '|'), ('హీ', 'U'), ('ను', '|'), ('డు', '|'), ('పు', 'U'), ('ట్టె', '|'), ('న', '|'), ('ను', '|'), ('ట', '|'), ('కొ', '|'), ('ఱ', '|'), ('లు', '|'), ('గు', '|'), ('మా', 'U'), ('రా', 'U')]",1.0,-1.0,1.0,1.0,1.0,1.0
kandamu,"చపలాత్ముఁ డవనిలోపల
నపాత్ర జనులకును దాన మందిచ్చుట హి
నపుఁ గుక్క నోటిలోపల
నిపుణత నెయిపోసినట్లు నెగడుఁ గుమారా!",jaathi,Kumaara,"[('చ', '|'), ('ప', '|'), ('లా', 'U'), ('త్ము', '|'), ('డ', '|'), ('వ', '|'), ('ని', '|'), ('లో', 'U'), ('ప', '|'), ('ల', '|'), ('న', '|'), ('పా', 'U'), ('త్ర', '|'), ('జ', '|'), ('ను', '|'), ('ల', '|'), ('కు', '|'), ('ను', '|'), ('దా', 'U'), ('న', '|'), ('మం', 'U'), ('ది', 'U'), ('చ్చు', '|'), ('ట', '|'), ('హి', '|'), ('న', '|'), ('పు', '|'), ('గు', 'U'), ('క్క', '|'), ('నో', 'U'), ('టి', '|'), ('లో', 'U'), ('ప', '|'), ('ల', '|'), ('ని', '|'), ('పు', '|'), ('ణ', '|'), ('త', '|'), ('నె', '|'), ('యి', '|'), ('పో', 'U'), ('సి', '|'), ('న', 'U'), ('ట్లు', '|'), ('నె', '|'), ('గ', '|'), ('డు', '|'), ('గు', '|'), ('మా', 'U'), ('రా', 'U')]",0.859375,-1.0,1.0,0.9375,0.5,1.0
kandamu,"యోగ్యుల నరయఁగ లేక య
యోగ్యులకున్‌ దాన మొసఁగు చుండుట యది స
ద్భోగ్యసతిన్‌ షండునకున్‌
భాగ్యముఁగని పెండ్లిచేయు పగిదిఁ గుమారా!",jaathi,Kumaara,"[('యో', 'U'), ('గ్యు', '|'), ('ల', '|'), ('న', '|'), ('ర', '|'), ('య', '|'), ('గ', '|'), ('లే', 'U'), ('క', '|'), ('య', '|'), ('యో', 'U'), ('గ్యు', '|'), ('ల', '|'), ('కు', 'U'), ('న్దా', 'U'), ('న', '|'), ('మొ', '|'), ('స', '|'), ('గు', '|'), ('చుం', 'U'), ('డు', '|'), ('ట', '|'), ('య', '|'), ('ది', '|'), ('స', 'U'), ('ద్భో', 'U'), ('గ్య', '|'), ('స', '|'), ('తి', 'U'), ('న్షం', 'U'), ('డు', '|'), ('న', '|'), ('కున్', 'U'), ('భా', 'U'), ('గ్య', '|'), ('ము', '|'), ('గ', '|'), ('ని', '|'), ('పెం', 'U'), ('డ్లి', '|'), ('చే', 'U'), ('యు', '|'), ('ప', '|'), ('గి', '|'), ('ది', '|'), ('గు', '|'), ('మా', 'U'), ('రా', 'U')]",0.875,-1.0,1.0,1.0,0.5,1.0
kandamu,"దీనుం డైనను శాత్రవుఁ
డైనన్‌ శరణనుచు వేఁడు నపుడు ప్రియత న
మ్మానవుని కోర్కెఁ దీర్చిన
వాని సుజనుఁడండ్రు బుధులు వసుధఁ గుమారా!",jaathi,Kumaara,"[('దీ', 'U'), ('నుం', 'U'), ('డై', 'U'), ('న', '|'), ('ను', '|'), ('శా', 'U'), ('త్ర', '|'), ('వు', '|'), ('డై', 'U'), ('న', 'U'), ('న్శ', '|'), ('ర', '|'), ('ణ', '|'), ('ను', '|'), ('చు', '|'), ('వే', 'U'), ('డు', '|'), ('న', '|'), ('పు', '|'), ('డు', '|'), ('ప్రి', '|'), ('య', '|'), ('త', '|'), ('న', 'U'), ('మ్మా', 'U'), ('న', '|'), ('వు', '|'), ('ని', '|'), ('కో', 'U'), ('ర్కె', '|'), ('దీ', 'U'), ('ర్చి', '|'), ('న', '|'), ('వా', 'U'), ('ని', '|'), ('సు', '|'), ('జ', '|'), ('ను', '|'), ('డం', 'U'), ('డ్రు', '|'), ('బు', '|'), ('ధు', '|'), ('లు', '|'), ('వ', '|'), ('సు', '|'), ('ధ', '|'), ('గు', '|'), ('మా', 'U'), ('రా', 'U')]",0.875,-1.0,1.0,1.0,0.5,1.0
kandamu,"పాపంబులందు నెక్కుడు
పాపములు సుమీ! ధరిత్రి పై క్రోధగుణం
బేపారు లోభమును నివి
యేపురుషులఁ జెందఁగూడ దిలను గుమారా!",jaathi,Kumaara,"[('పా', 'U'), ('పం', 'U'), ('బు', '|'), ('లం', 'U'), ('దు', '|'), ('నె', 'U'), ('క్కు', '|'), ('డు', '|'), ('పా', 'U'), ('ప', '|'), ('ము', '|'), ('లు', '|'), ('సు', '|'), ('మీ', 'U'), ('ధ', '|'), ('రి', '|'), ('త్రి', '|'), ('పై', 'U'), ('క్రో', 'U'), ('ధ', '|'), ('గు', '|'), ('ణం', 'U'), ('బే', 'U'), ('పా', 'U'), ('రు', '|'), ('లో', 'U'), ('భ', '|'), ('ము', '|'), ('ను', '|'), ('ని', '|'), ('వి', '|'), ('యే', 'U'), ('పు', '|'), ('రు', '|'), ('షు', '|'), ('ల', '|'), ('జెం', 'U'), ('ద', '|'), ('గూ', 'U'), ('డ', '|'), ('ది', '|'), ('ల', '|'), ('ను', '|'), ('గు', '|'), ('మా', 'U'), ('రా', 'U')]",0.53125,-1.0,1.0,0.625,0.0,0.5
kandamu,"మునుగల్గి ధర్మమును జే
యునతఁడు పేదవడెనేని యున్నంతకుఁ దోఁ
చిన భంగి నర్థులకు ని
చ్చునతఁడె బహుపుణ్యపూరుషుండు కుమార!",jaathi,Kumaara,"[('ము', '|'), ('ను', '|'), ('గ', 'U'), ('ల్గి', '|'), ('ధ', 'U'), ('ర్మ', '|'), ('ము', '|'), ('ను', '|'), ('జే', 'U'), ('యు', '|'), ('న', '|'), ('త', '|'), ('డు', '|'), ('పే', 'U'), ('ద', '|'), ('వ', '|'), ('డె', '|'), ('నే', 'U'), ('ని', '|'), ('యు', 'U'), ('న్నం', 'U'), ('త', '|'), ('కు', '|'), ('దో', 'U'), ('చి', '|'), ('న', '|'), ('భం', 'U'), ('గి', '|'), ('న', 'U'), ('ర్థు', '|'), ('ల', '|'), ('కు', '|'), ('ని', 'U'), ('చ్చు', '|'), ('న', '|'), ('త', '|'), ('డె', '|'), ('బ', '|'), ('హు', '|'), ('పు', 'U'), ('ణ్య', '|'), ('పూ', 'U'), ('రు', '|'), ('షుం', 'U'), ('డు', '|'), ('కు', '|'), ('మా', 'U'), ('ర', '|')]",0.984375,-1.0,1.0,0.9375,1.0,1.0
kandamu,"కడుమెల్లన నిడు నుత్తర
మడఁచును గోపమును దీక్ష్ణమమరఁగ దా న
ప్పుడు నుడివెడు నుత్తరముడి
వడిఁ గోపముఁ బెంచు నరయ వసుధఁ గుమారా!",jaathi,Kumaara,"[('క', '|'), ('డు', '|'), ('మె', 'U'), ('ల్ల', '|'), ('న', '|'), ('ని', '|'), ('డు', '|'), ('ను', 'U'), ('త్త', '|'), ('ర', '|'), ('మ', '|'), ('డ', '|'), ('చు', '|'), ('ను', '|'), ('గో', 'U'), ('ప', '|'), ('ము', '|'), ('ను', '|'), ('దీ', 'U'), ('క్ష్ణ', '|'), ('మ', '|'), ('మ', '|'), ('ర', '|'), ('గ', '|'), ('దా', 'U'), ('న', 'U'), ('ప్పు', '|'), ('డు', '|'), ('ను', '|'), ('డి', '|'), ('వె', '|'), ('డు', '|'), ('ను', 'U'), ('త్త', '|'), ('ర', '|'), ('ము', '|'), ('డి', '|'), ('వ', '|'), ('డి', '|'), ('గో', 'U'), ('ప', '|'), ('ము', '|'), ('బెం', 'U'), ('చు', '|'), ('న', '|'), ('ర', '|'), ('య', '|'), ('వ', '|'), ('సు', '|'), ('ధ', '|'), ('గు', '|'), ('మా', 'U'), ('రా', 'U')]",1.0,-1.0,1.0,1.0,1.0,1.0
kandamu,"మిత్రుండు దనకు విశ్వా
మిత్రముఁ జేసినను గాని మే లనవచ్చున్‌,
శాత్రవుఁడు ముద్దు గొన్నను,
ధాత్రిం దన కదియె కీడు తలపఁ గుమారా!",jaathi,Kumaara,"[('మి', '|'), ('త్రుం', 'U'), ('డు', '|'), ('ద', '|'), ('న', '|'), ('కు', '|'), ('వి', 'U'), ('శ్వా', 'U'), ('మి', '|'), ('త్ర', '|'), ('ము', '|'), ('జే', 'U'), ('సి', '|'), ('న', '|'), ('ను', '|'), ('గా', 'U'), ('ని', '|'), ('మే', 'U'), ('ల', '|'), ('న', '|'), ('వ', 'U'), ('చ్చున్', 'U'), ('శా', 'U'), ('త్ర', '|'), ('వు', '|'), ('డు', '|'), ('ము', 'U'), ('ద్దు', '|'), ('గొ', 'U'), ('న్న', '|'), ('ను', '|'), ('ధా', 'U'), ('త్రిం', 'U'), ('ద', '|'), ('న', '|'), ('క', '|'), ('ది', '|'), ('యె', '|'), ('కీ', 'U'), ('డు', '|'), ('త', '|'), ('ల', '|'), ('ప', '|'), ('గు', '|'), ('మా', 'U'), ('రా', 'U')]",0.421875,-1.0,1.0,0.4375,0.0,0.25
kandamu,"ధర నొక్క బుద్ధిహీనునిఁ
దిరముగ రోటనిడి దంచెఁ దేనియుఁ బెలుచం
దురు మగును గాని, యతనికి
సరసత్వము గలుగదండ్రు సతము కుమారా!",jaathi,Kumaara,"[('ధ', '|'), ('ర', '|'), ('నొ', 'U'), ('క్క', '|'), ('బు', 'U'), ('ద్ధి', '|'), ('హీ', 'U'), ('ను', '|'), ('ని', '|'), ('ది', '|'), ('ర', '|'), ('ము', '|'), ('గ', '|'), ('రో', 'U'), ('ట', '|'), ('ని', '|'), ('డి', '|'), ('దం', 'U'), ('చె', '|'), ('దే', 'U'), ('ని', '|'), ('యు', '|'), ('బె', '|'), ('లు', '|'), ('చం', 'U'), ('దు', '|'), ('రు', '|'), ('మ', '|'), ('గు', '|'), ('ను', '|'), ('గా', 'U'), ('ని', '|'), ('య', '|'), ('త', '|'), ('ని', '|'), ('కి', '|'), ('స', '|'), ('ర', '|'), ('స', 'U'), ('త్వ', '|'), ('ము', '|'), ('గ', '|'), ('లు', '|'), ('గ', '|'), ('దం', 'U'), ('డ్రు', '|'), ('స', '|'), ('త', '|'), ('ము', '|'), ('కు', '|'), ('మా', 'U'), ('రా', 'U')]",1.0,-1.0,1.0,1.0,1.0,1.0
kandamu,"విత్తంబు విద్య కుల ము
న్మత్తులకు మదం బొసంగు మాన్యులకున్‌ స
ద్వృత్తి నొసంగున్‌, వీనిం
జిత్తంబున నిడి మెలగఁ జెలఁగు కుమారా!",jaathi,Kumaara,"[('వి', 'U'), ('త్తం', 'U'), ('బు', '|'), ('వి', 'U'), ('ద్య', '|'), ('కు', '|'), ('ల', '|'), ('ము', 'U'), ('న్మ', 'U'), ('త్తు', '|'), ('ల', '|'), ('కు', '|'), ('మ', '|'), ('దం', 'U'), ('బొ', '|'), ('సం', 'U'), ('గు', '|'), ('మా', 'U'), ('న్యు', '|'), ('ల', '|'), ('కు', 'U'), ('న్స', 'U'), ('ద్వృ', 'U'), ('త్తి', '|'), ('నొ', '|'), ('సం', 'U'), ('గు', 'U'), ('న్వీ', 'U'), ('నిం', 'U'), ('జి', 'U'), ('త్తం', 'U'), ('బు', '|'), ('న', '|'), ('ని', '|'), ('డి', '|'), ('మె', '|'), ('ల', '|'), ('గ', '|'), ('జె', '|'), ('ల', '|'), ('గు', '|'), ('కు', '|'), ('మా', 'U'), ('రా', 'U')]",0.84375,-1.0,1.0,0.875,0.5,1.0
kandamu,"ధరఁ గఱవుఁ గోరి ధాన్యం
బిరవున నిడుకొనినవాని నెగ్గింపఁ దలం
తురు, వాని నమ్మఁ దలఁచిన
పురుషుని నుత్తముఁడటంచుఁ బొగిడి కుమారా!",jaathi,Kumaara,"[('ధ', '|'), ('ర', '|'), ('గ', '|'), ('ఱ', '|'), ('వు', '|'), ('గో', 'U'), ('రి', '|'), ('ధా', 'U'), ('న్యం', 'U'), ('బి', '|'), ('ర', '|'), ('వు', '|'), ('న', '|'), ('ని', '|'), ('డు', '|'), ('కొ', '|'), ('ని', '|'), ('న', '|'), ('వా', 'U'), ('ని', '|'), ('నె', 'U'), ('గ్గిం', 'U'), ('ప', '|'), ('ద', '|'), ('లం', 'U'), ('తు', '|'), ('రు', '|'), ('వా', 'U'), ('ని', '|'), ('న', 'U'), ('మ్మ', '|'), ('ద', '|'), ('ల', '|'), ('చి', '|'), ('న', '|'), ('పు', '|'), ('రు', '|'), ('షు', '|'), ('ని', '|'), ('ను', 'U'), ('త్త', '|'), ('ము', '|'), ('డ', '|'), ('టం', 'U'), ('చు', '|'), ('బొ', '|'), ('గి', '|'), ('డి', '|'), ('కు', '|'), ('మా', 'U'), ('రా', 'U')]",0.875,-1.0,1.0,1.0,0.5,1.0
kandamu,"ఋణ మధిక మొనర్చి సమ
ర్పణ జేసిన తండ్రి, విద్య రాని కొడుకు, ల
క్షణశాలి రాణి దుశ్చా
రిణి యగు జననియును దలప రిపులు కుమారా!",jaathi,Kumaara,"[('ఋ', '|'), ('ణ', '|'), ('మ', '|'), ('ధి', '|'), ('క', '|'), ('మొ', '|'), ('న', 'U'), ('ర్చి', '|'), ('స', '|'), ('మ', 'U'), ('ర్ప', '|'), ('ణ', '|'), ('జే', 'U'), ('సి', '|'), ('న', '|'), ('తం', 'U'), ('డ్రి', '|'), ('వి', 'U'), ('ద్య', '|'), ('రా', 'U'), ('ని', '|'), ('కొ', '|'), ('డు', '|'), ('కు', '|'), ('ల', 'U'), ('క్ష', '|'), ('ణ', '|'), ('శా', 'U'), ('లి', '|'), ('రా', 'U'), ('ణి', '|'), ('దు', 'U'), ('శ్చా', 'U'), ('రి', '|'), ('ణి', '|'), ('య', '|'), ('గు', '|'), ('జ', '|'), ('న', '|'), ('ని', '|'), ('యు', '|'), ('ను', '|'), ('ద', '|'), ('ల', '|'), ('ప', '|'), ('రి', '|'), ('పు', '|'), ('లు', '|'), ('కు', '|'), ('మా', 'U'), ('రా', 'U')]",1.0,-1.0,1.0,1.0,1.0,1.0
kandamu,"మర్మము పరులకుఁ దెలుపకుఁ
దుర్మార్గున చెంత నెపుడు దూరకు, మిల దు
ష్కర్మములఁ జేయ నొల్లకు,
నిర్మలమతి నుంట లెస్స నిజము కుమారా!",jaathi,Kumaara,"[('మ', 'U'), ('ర్మ', '|'), ('ము', '|'), ('ప', '|'), ('రు', '|'), ('ల', '|'), ('కు', '|'), ('దె', '|'), ('లు', '|'), ('ప', '|'), ('కు', '|'), ('దు', 'U'), ('ర్మా', 'U'), ('ర్గు', '|'), ('న', '|'), ('చెం', 'U'), ('త', '|'), ('నె', '|'), ('పు', '|'), ('డు', '|'), ('దూ', 'U'), ('ర', '|'), ('కు', '|'), ('మి', '|'), ('ల', '|'), ('దు', 'U'), ('ష్క', 'U'), ('ర్మ', '|'), ('ము', '|'), ('ల', '|'), ('జే', 'U'), ('య', '|'), ('నొ', 'U'), ('ల్ల', '|'), ('కు', '|'), ('ని', 'U'), ('ర్మ', '|'), ('ల', '|'), ('మ', '|'), ('తి', '|'), ('నుం', 'U'), ('ట', '|'), ('లె', 'U'), ('స్స', '|'), ('ని', '|'), ('జ', '|'), ('ము', '|'), ('కు', '|'), ('మా', 'U'), ('రా', 'U')]",1.0,-1.0,1.0,1.0,1.0,1.0
kandamu,"సారమతి నిటుల తిరిగెడి
పూరుషరత్నంబు కీర్తిఁ బొందుచు ధరపై
గోరినకోర్కె ఫలము శ్రీ
మీఱ ననుభవించుచుండు మిగులఁ గుమారా!",jaathi,Kumaara,"[('సా', 'U'), ('ర', '|'), ('మ', '|'), ('తి', '|'), ('ని', '|'), ('టు', '|'), ('ల', '|'), ('తి', '|'), ('రి', '|'), ('గె', '|'), ('డి', '|'), ('పూ', 'U'), ('రు', '|'), ('ష', '|'), ('ర', 'U'), ('త్నం', 'U'), ('బు', '|'), ('కీ', 'U'), ('ర్తి', '|'), ('బొం', 'U'), ('దు', '|'), ('చు', '|'), ('ధ', '|'), ('ర', '|'), ('పై', 'U'), ('గో', 'U'), ('రి', '|'), ('న', '|'), ('కో', 'U'), ('ర్కె', '|'), ('ఫ', '|'), ('ల', '|'), ('ము', '|'), ('శ్రీ', 'U'), ('మీ', 'U'), ('ఱ', '|'), ('న', '|'), ('ను', '|'), ('భ', '|'), ('విం', 'U'), ('చు', '|'), ('చుం', 'U'), ('డు', '|'), ('మి', '|'), ('గు', '|'), ('ల', '|'), ('గు', '|'), ('మా', 'U'), ('రా', 'U')]",0.9375,-1.0,1.0,1.0,1.0,0.75
kandamu,"ఇల ఫక్కికులోద్భవుఁడ
ప్పల నరసింహాఖ్యుఁ డిట్టి పద్ధతులు ధరం
గల బాలుర కెల్ల గుణం
బులు కలుగఁగ వెలయఁజెప్పె బుద్ధి కుమారా!",jaathi,Kumaara,"[('ఇ', '|'), ('ల', '|'), ('ఫ', 'U'), ('క్కి', '|'), ('కు', '|'), ('లో', 'U'), ('ద్భ', '|'), ('వు', '|'), ('డ', 'U'), ('ప్ప', '|'), ('ల', '|'), ('న', '|'), ('ర', '|'), ('సిం', 'U'), ('హా', 'U'), ('ఖ్యు', '|'), ('డి', 'U'), ('ట్టి', '|'), ('ప', 'U'), ('ద్ధ', '|'), ('తు', '|'), ('లు', '|'), ('ధ', '|'), ('రం', 'U'), ('గ', '|'), ('ల', '|'), ('బా', 'U'), ('లు', '|'), ('ర', '|'), ('కె', 'U'), ('ల్ల', '|'), ('గు', '|'), ('ణం', 'U'), ('బు', '|'), ('లు', '|'), ('క', '|'), ('లు', '|'), ('గ', '|'), ('గ', '|'), ('వె', '|'), ('ల', '|'), ('య', '|'), ('జె', 'U'), ('ప్పె', '|'), ('బు', 'U'), ('ద్ధి', '|'), ('కు', '|'), ('మా', 'U'), ('రా', 'U')]",1.0,-1.0,1.0,1.0,1.0,1.0
kandamu,"పదునెనిమిదివందల యఱు
వది యగు క్రీస్తుశకమందు వరరౌద్రిని మే
లొదవ రచింపబడె ని
య్యది బాలురకొఱకుఁ బౌష మందుఁ గుమారా!",jaathi,Kumaara,"[('ప', '|'), ('దు', '|'), ('నె', '|'), ('ని', '|'), ('మి', '|'), ('ది', '|'), ('వం', 'U'), ('ద', '|'), ('ల', '|'), ('య', '|'), ('ఱు', '|'), ('వ', '|'), ('ది', '|'), ('య', '|'), ('గు', '|'), ('క్రీ', 'U'), ('స్తు', '|'), ('శ', '|'), ('క', '|'), ('మం', 'U'), ('దు', '|'), ('వ', '|'), ('ర', '|'), ('రౌ', 'U'), ('ద్రి', '|'), ('ని', '|'), ('మే', 'U'), ('లొ', '|'), ('ద', '|'), ('వ', '|'), ('ర', '|'), ('చిం', 'U'), ('ప', '|'), ('బ', '|'), ('డె', '|'), ('ని', 'U'), ('య్య', '|'), ('ది', '|'), ('బా', 'U'), ('లు', '|'), ('ర', '|'), ('కొ', '|'), ('ఱ', '|'), ('కు', '|'), ('బౌ', 'U'), ('ష', '|'), ('మం', 'U'), ('దు', '|'), ('గు', '|'), ('మా', 'U'), ('రా', 'U')]",0.75,-1.0,1.0,0.75,0.5,0.75
kandamu,"శ్రీ భూ నీళా హైమవ
తీ భారతు లతుల శుభవతిగ నెన్నుచు స
త్సౌభాగ్యము నీ కొసఁగఁగ
లో భావించెదరు ధర్మలోల కుమారీ!",jaathi,Kumaarii,"[('శ్రీ', 'U'), ('భూ', 'U'), ('నీ', 'U'), ('ళా', 'U'), ('హై', 'U'), ('మ', '|'), ('వ', '|'), ('తీ', 'U'), ('భా', 'U'), ('ర', '|'), ('తు', '|'), ('ల', '|'), ('తు', '|'), ('ల', '|'), ('శు', '|'), ('భ', '|'), ('వ', '|'), ('తి', '|'), ('గ', '|'), ('నె', 'U'), ('న్ను', '|'), ('చు', '|'), ('స', 'U'), ('త్సౌ', 'U'), ('భా', 'U'), ('గ్య', '|'), ('ము', '|'), ('నీ', 'U'), ('కొ', '|'), ('స', '|'), ('గ', '|'), ('గ', '|'), ('లో', 'U'), ('భా', 'U'), ('విం', 'U'), ('చె', '|'), ('ద', '|'), ('రు', '|'), ('ధ', 'U'), ('ర్మ', '|'), ('లో', 'U'), ('ల', '|'), ('కు', '|'), ('మా', 'U'), ('రీ', 'U')]",1.0,-1.0,1.0,1.0,1.0,1.0
kandamu,"చెప్పెడి బుద్ధులలోపలఁ
దప్పకు మొకటైన సర్వ ధర్మములందున్‌
మెప్పొంది యిహపరంబులఁ
దప్పింతయు లేక మెలగఁ దగును కుమారీ!",jaathi,Kumaarii,"[('చె', 'U'), ('ప్పె', '|'), ('డి', '|'), ('బు', 'U'), ('ద్ధు', '|'), ('ల', '|'), ('లో', 'U'), ('ప', '|'), ('ల', '|'), ('ద', 'U'), ('ప్ప', '|'), ('కు', '|'), ('మొ', '|'), ('క', '|'), ('టై', 'U'), ('న', '|'), ('స', 'U'), ('ర్వ', '|'), ('ధ', 'U'), ('ర్మ', '|'), ('ము', '|'), ('లం', 'U'), ('దున్', 'U'), ('మె', 'U'), ('ప్పొం', 'U'), ('ది', '|'), ('యి', '|'), ('హ', '|'), ('ప', '|'), ('రం', 'U'), ('బు', '|'), ('ల', '|'), ('ద', 'U'), ('ప్పిం', 'U'), ('త', '|'), ('యు', '|'), ('లే', 'U'), ('క', '|'), ('మె', '|'), ('ల', '|'), ('గ', '|'), ('ద', '|'), ('గు', '|'), ('ను', '|'), ('కు', '|'), ('మా', 'U'), ('రీ', 'U')]",1.0,-1.0,1.0,1.0,1.0,1.0
kandamu,"ఆటలఁ బాటలలో నే
మాటయు రాకుండఁ దండ్రి మందిరమందున్‌
బాటిల్లుఁ గాపురములో
వాట మెఱిఁగి బాల! తిరుగ వలయుఁ గుమారీ!",jaathi,Kumaarii,"[('ఆ', 'U'), ('ట', '|'), ('ల', '|'), ('బా', 'U'), ('ట', '|'), ('ల', '|'), ('లో', 'U'), ('నే', 'U'), ('మా', 'U'), ('ట', '|'), ('యు', '|'), ('రా', 'U'), ('కుం', 'U'), ('డ', '|'), ('దం', 'U'), ('డ్రి', '|'), ('మం', 'U'), ('ది', '|'), ('ర', '|'), ('మం', 'U'), ('దున్', 'U'), ('బా', 'U'), ('టి', 'U'), ('ల్లు', '|'), ('గా', 'U'), ('పు', '|'), ('ర', '|'), ('ము', '|'), ('లో', 'U'), ('వా', 'U'), ('ట', '|'), ('మె', '|'), ('ఱి', '|'), ('గి', '|'), ('బా', 'U'), ('ల', '|'), ('తి', '|'), ('రు', '|'), ('గ', '|'), ('వ', '|'), ('ల', '|'), ('యు', '|'), ('గు', '|'), ('మా', 'U'), ('రీ', 'U')]",1.0,-1.0,1.0,1.0,1.0,1.0
kandamu,"మగనికి నత్తకు మామకుఁ
దగ సేవ యొనర్చుఁచోటఁ దత్పరిచర్యన్‌
మిగుల నుతిఁ బొందుచుండుట
మగువలకుం బాడి తెలిసి మసలు కుమారీ!",jaathi,Kumaarii,"[('మ', '|'), ('గ', '|'), ('ని', '|'), ('కి', '|'), ('న', 'U'), ('త్త', '|'), ('కు', '|'), ('మా', 'U'), ('మ', '|'), ('కు', '|'), ('ద', '|'), ('గ', '|'), ('సే', 'U'), ('వ', '|'), ('యొ', '|'), ('న', 'U'), ('ర్చు', '|'), ('చో', 'U'), ('ట', '|'), ('ద', 'U'), ('త్ప', '|'), ('రి', '|'), ('చ', 'U'), ('ర్యన్', 'U'), ('మి', '|'), ('గు', '|'), ('ల', '|'), ('ను', '|'), ('తి', '|'), ('బొం', 'U'), ('దు', '|'), ('చుం', 'U'), ('డు', '|'), ('ట', '|'), ('మ', '|'), ('గు', '|'), ('వ', '|'), ('ల', '|'), ('కుం', 'U'), ('బా', 'U'), ('డి', '|'), ('తె', '|'), ('లి', '|'), ('సి', '|'), ('మ', '|'), ('స', '|'), ('లు', '|'), ('కు', '|'), ('మా', 'U'), ('రీ', 'U')]",1.0,-1.0,1.0,1.0,1.0,1.0
kandamu,"పెనిమిటి వలదని చెప్పిన
పని యెన్నఁడుఁ జేయరాదు బావల కెదుటన్‌
కనఁబడఁగ రాదు కోపము
మనమున నిడుకొనక యెపుడు మసలు కుమారీ!",jaathi,Kumaarii,"[('పె', '|'), ('ని', '|'), ('మి', '|'), ('టి', '|'), ('వ', '|'), ('ల', '|'), ('ద', '|'), ('ని', '|'), ('చె', 'U'), ('ప్పి', '|'), ('న', '|'), ('ప', '|'), ('ని', '|'), ('యె', 'U'), ('న్న', '|'), ('డు', '|'), ('జే', 'U'), ('య', '|'), ('రా', 'U'), ('దు', '|'), ('బా', 'U'), ('వ', '|'), ('ల', '|'), ('కె', '|'), ('దు', '|'), ('టన్', 'U'), ('క', '|'), ('న', '|'), ('బ', '|'), ('డ', '|'), ('గ', '|'), ('రా', 'U'), ('దు', '|'), ('కో', 'U'), ('ప', '|'), ('ము', '|'), ('మ', '|'), ('న', '|'), ('ము', '|'), ('న', '|'), ('ని', '|'), ('డు', '|'), ('కొ', '|'), ('న', '|'), ('క', '|'), ('యె', '|'), ('పు', '|'), ('డు', '|'), ('మ', '|'), ('స', '|'), ('లు', '|'), ('కు', '|'), ('మా', 'U'), ('రీ', 'U')]",1.0,-1.0,1.0,1.0,1.0,1.0
kandamu,"పరపురుషు లన్న దమ్ములు,
వరుఁడే దైవంబు, తోడి పడుచులు వదినల్‌
మఱదండ్రు నత్తమామలు
ధరఁ దల్లియుఁ దండ్రి యనియుఁ దలఁపు కుమారీ!",jaathi,Kumaarii,"[('ప', '|'), ('ర', '|'), ('పు', '|'), ('రు', '|'), ('షు', '|'), ('ల', 'U'), ('న్న', '|'), ('ద', 'U'), ('మ్ము', '|'), ('లు', '|'), ('వ', '|'), ('రు', '|'), ('డే', 'U'), ('దై', 'U'), ('వం', 'U'), ('బు', '|'), ('తో', 'U'), ('డి', '|'), ('ప', '|'), ('డు', '|'), ('చు', '|'), ('లు', '|'), ('వ', '|'), ('ది', '|'), ('నల్', 'U'), ('మ', '|'), ('ఱ', '|'), ('దం', 'U'), ('డ్రు', '|'), ('న', 'U'), ('త్త', '|'), ('మా', 'U'), ('మ', '|'), ('లు', '|'), ('ధ', '|'), ('ర', '|'), ('ద', 'U'), ('ల్లి', '|'), ('యు', '|'), ('దం', 'U'), ('డ్రి', '|'), ('య', '|'), ('ని', '|'), ('యు', '|'), ('ద', '|'), ('ల', '|'), ('పు', '|'), ('కు', '|'), ('మా', 'U'), ('రీ', 'U')]",0.8125,-1.0,1.0,1.0,0.5,0.75
kandamu,"పదములపైఁ జెయివేయక
మదవతి పతిచెంత నిద్ర మరగినఁ జేతుల్‌
గదలంగనీక కట్టుచు
గదఁ గొని శిక్షించు యముఁడు కాంక్షఁ గుమారీ!",jaathi,Kumaarii,"[('ప', '|'), ('ద', '|'), ('ము', '|'), ('ల', '|'), ('పై', 'U'), ('జె', '|'), ('యి', '|'), ('వే', 'U'), ('య', '|'), ('క', '|'), ('మ', '|'), ('ద', '|'), ('వ', '|'), ('తి', '|'), ('ప', '|'), ('తి', '|'), ('చెం', 'U'), ('త', '|'), ('ని', '|'), ('ద్ర', '|'), ('మ', '|'), ('ర', '|'), ('గి', '|'), ('న', '|'), ('జే', 'U'), ('తుల్', 'U'), ('గ', '|'), ('ద', '|'), ('లం', 'U'), ('గ', '|'), ('నీ', 'U'), ('క', '|'), ('క', 'U'), ('ట్టు', '|'), ('చు', '|'), ('గ', '|'), ('ద', '|'), ('గొ', '|'), ('ని', '|'), ('శి', 'U'), ('క్షిం', 'U'), ('చు', '|'), ('య', '|'), ('ము', '|'), ('డు', '|'), ('కాం', 'U'), ('క్ష', '|'), ('గు', '|'), ('మా', 'U'), ('రీ', 'U')]",0.53125,-1.0,1.0,0.625,0.0,0.5
kandamu,"తెచ్చినఁ దేకుండిన నీ
కిచ్చిన నీకున్న మగని నెగ్గాడకుమీ
యొచ్చెము నీపైఁ దేలును
రచ్చల కామాట లెక్కు రవ్వ కుమారీ!",jaathi,Kumaarii,"[('తె', 'U'), ('చ్చి', '|'), ('న', '|'), ('దే', 'U'), ('కుం', 'U'), ('డి', '|'), ('న', '|'), ('నీ', 'U'), ('కి', 'U'), ('చ్చి', '|'), ('న', '|'), ('నీ', 'U'), ('కు', 'U'), ('న్న', '|'), ('మ', '|'), ('గ', '|'), ('ని', '|'), ('నె', 'U'), ('గ్గా', 'U'), ('డ', '|'), ('కు', '|'), ('మీ', 'U'), ('యొ', 'U'), ('చ్చె', '|'), ('ము', '|'), ('నీ', 'U'), ('పై', 'U'), ('దే', 'U'), ('లు', '|'), ('ను', '|'), ('ర', 'U'), ('చ్చ', '|'), ('ల', '|'), ('కా', 'U'), ('మా', 'U'), ('ట', '|'), ('లె', 'U'), ('క్కు', '|'), ('ర', 'U'), ('వ్వ', '|'), ('కు', '|'), ('మా', 'U'), ('రీ', 'U')]",0.875,-1.0,1.0,1.0,0.5,1.0
kandamu,"మఱదండ్రు వదినె లత్తలు
మఱఁదులు బావల కొమాళ్లు మఱి పెద్దలు రా
నురవడిఁ బీటలు మంచము
లరుఁగులు దిగుచుండవలయు నమ్మ కుమారీ!",jaathi,Kumaarii,"[('మ', '|'), ('ఱ', '|'), ('దం', 'U'), ('డ్రు', '|'), ('వ', '|'), ('ది', '|'), ('నె', '|'), ('ల', 'U'), ('త్త', '|'), ('లు', '|'), ('మ', '|'), ('ఱ', '|'), ('దు', '|'), ('లు', '|'), ('బా', 'U'), ('వ', '|'), ('ల', '|'), ('కొ', '|'), ('మా', 'U'), ('ళ్లు', '|'), ('మ', '|'), ('ఱి', '|'), ('పె', 'U'), ('ద్ద', '|'), ('లు', '|'), ('రా', 'U'), ('ను', '|'), ('ర', '|'), ('వ', '|'), ('డి', '|'), ('బీ', 'U'), ('ట', '|'), ('లు', '|'), ('మం', 'U'), ('చ', '|'), ('ము', '|'), ('ల', '|'), ('రు', '|'), ('గు', '|'), ('లు', '|'), ('ది', '|'), ('గు', '|'), ('చుం', 'U'), ('డ', '|'), ('వ', '|'), ('ల', '|'), ('యు', '|'), ('న', 'U'), ('మ్మ', '|'), ('కు', '|'), ('మా', 'U'), ('రీ', 'U')]",0.75,-1.0,1.0,1.0,0.5,0.5
kandamu,"నోరెత్తి మాటలాడకు
మాఱాడకు కోపపడిన మర్యాదలలో
గోరంత తప్పి తిరుగక
మీఱకుమీ యత్తపనుల మెలఁగు కుమారీ!",jaathi,Kumaarii,"[('నో', 'U'), ('రె', 'U'), ('త్తి', '|'), ('మా', 'U'), ('ట', '|'), ('లా', 'U'), ('డ', '|'), ('కు', '|'), ('మా', 'U'), ('ఱా', 'U'), ('డ', '|'), ('కు', '|'), ('కో', 'U'), ('ప', '|'), ('ప', '|'), ('డి', '|'), ('న', '|'), ('మ', 'U'), ('ర్యా', 'U'), ('ద', '|'), ('ల', '|'), ('లో', 'U'), ('గో', 'U'), ('రం', 'U'), ('త', '|'), ('త', 'U'), ('ప్పి', '|'), ('తి', '|'), ('రు', '|'), ('గ', '|'), ('క', '|'), ('మీ', 'U'), ('ఱ', '|'), ('కు', '|'), ('మీ', 'U'), ('య', 'U'), ('త్త', '|'), ('ప', '|'), ('ను', '|'), ('ల', '|'), ('మె', '|'), ('ల', '|'), ('గు', '|'), ('కు', '|'), ('మా', 'U'), ('రీ', 'U')]",0.875,-1.0,1.0,1.0,1.0,0.5
kandamu,"పతి పరకాంతలతో సం
గతిఁ జేసిన నాదుపుణ్యగతి యిట్లనుచున్‌
మతిఁ దలఁపవలయు లేదా
బతిమాలఁగవలయుఁ గలహ పడక కుమారీ!",jaathi,Kumaarii,"[('ప', '|'), ('తి', '|'), ('ప', '|'), ('ర', '|'), ('కాం', 'U'), ('త', '|'), ('ల', '|'), ('తో', 'U'), ('సం', 'U'), ('గ', '|'), ('తి', '|'), ('జే', 'U'), ('సి', '|'), ('న', '|'), ('నా', 'U'), ('దు', '|'), ('పు', 'U'), ('ణ్య', '|'), ('గ', '|'), ('తి', '|'), ('యి', 'U'), ('ట్ల', '|'), ('ను', '|'), ('చున్', 'U'), ('మ', '|'), ('తి', '|'), ('ద', '|'), ('ల', '|'), ('ప', '|'), ('వ', '|'), ('ల', '|'), ('యు', '|'), ('లే', 'U'), ('దా', 'U'), ('బ', '|'), ('తి', '|'), ('మా', 'U'), ('ల', '|'), ('గ', '|'), ('వ', '|'), ('ల', '|'), ('యు', '|'), ('గ', '|'), ('ల', '|'), ('హ', '|'), ('ప', '|'), ('డ', '|'), ('క', '|'), ('కు', '|'), ('మా', 'U'), ('రీ', 'U')]",1.0,-1.0,1.0,1.0,1.0,1.0
kandamu,"పతి పాపపుఁ బనిఁజెప్పినఁ
బతిమాలి మరల్పవలయుఁ బతి వినకున్నన్‌
హిత మనుచు నాచరింపుము
మతిలోపల సంశయంబు మాని కుమారీ!",jaathi,Kumaarii,"[('ప', '|'), ('తి', '|'), ('పా', 'U'), ('ప', '|'), ('పు', '|'), ('బ', '|'), ('ని', '|'), ('జె', 'U'), ('ప్పి', '|'), ('న', '|'), ('బ', '|'), ('తి', '|'), ('మా', 'U'), ('లి', '|'), ('మ', '|'), ('ర', 'U'), ('ల్ప', '|'), ('వ', '|'), ('ల', '|'), ('యు', '|'), ('బ', '|'), ('తి', '|'), ('వి', '|'), ('న', '|'), ('కు', 'U'), ('న్నన్', 'U'), ('హి', '|'), ('త', '|'), ('మ', '|'), ('ను', '|'), ('చు', '|'), ('నా', 'U'), ('చ', '|'), ('రిం', 'U'), ('పు', '|'), ('ము', '|'), ('మ', '|'), ('తి', '|'), ('లో', 'U'), ('ప', '|'), ('ల', '|'), ('సం', 'U'), ('శ', '|'), ('యం', 'U'), ('బు', '|'), ('మా', 'U'), ('ని', '|'), ('కు', '|'), ('మా', 'U'), ('రీ', 'U')]",1.0,-1.0,1.0,1.0,1.0,1.0
kandamu,"తిట్టిన దిట్టక, కొట్టిన
గొట్టక, కోపించెనేనిఁ గోపింపక, నీ
పుట్టినయింటికిఁ, బాదము
పెట్టినయింటికిని వన్నె పెట్టు కుమారీ!",jaathi,Kumaarii,"[('తి', 'U'), ('ట్టి', '|'), ('న', '|'), ('ది', 'U'), ('ట్ట', '|'), ('క', '|'), ('కొ', 'U'), ('ట్టి', '|'), ('న', '|'), ('గొ', 'U'), ('ట్ట', '|'), ('క', '|'), ('కో', 'U'), ('పిం', 'U'), ('చె', '|'), ('నే', 'U'), ('ని', '|'), ('గో', 'U'), ('పిం', 'U'), ('ప', '|'), ('క', '|'), ('నీ', 'U'), ('పు', 'U'), ('ట్టి', '|'), ('న', '|'), ('యిం', 'U'), ('టి', '|'), ('కి', '|'), ('బా', 'U'), ('ద', '|'), ('ము', '|'), ('పె', 'U'), ('ట్టి', '|'), ('న', '|'), ('యిం', 'U'), ('టి', '|'), ('కి', '|'), ('ని', '|'), ('వ', 'U'), ('న్నె', '|'), ('పె', 'U'), ('ట్టు', '|'), ('కు', '|'), ('మా', 'U'), ('రీ', 'U')]",1.0,-1.0,1.0,1.0,1.0,1.0
kandamu,"దబ్బరలాడకు కదిమిన
బొబ్బలు పెట్టకుము మంచి బుద్ధిగలిగి యెం
దెబ్బెఱికముఁ బూనక కడుఁ
గొబ్బునఁ జిత్తమున వానిఁ గూర్పు కుమారీ!",jaathi,Kumaarii,"[('ద', 'U'), ('బ్బ', '|'), ('ర', '|'), ('లా', 'U'), ('డ', '|'), ('కు', '|'), ('క', '|'), ('ది', '|'), ('మి', '|'), ('న', '|'), ('బొ', 'U'), ('బ్బ', '|'), ('లు', '|'), ('పె', 'U'), ('ట్ట', '|'), ('కు', '|'), ('ము', '|'), ('మం', 'U'), ('చి', '|'), ('బు', 'U'), ('ద్ధి', '|'), ('గ', '|'), ('లి', '|'), ('గి', '|'), ('యెం', 'U'), ('దె', 'U'), ('బ్బె', '|'), ('ఱి', '|'), ('క', '|'), ('ము', '|'), ('బూ', 'U'), ('న', '|'), ('క', '|'), ('క', '|'), ('డు', '|'), ('గొ', 'U'), ('బ్బు', '|'), ('న', '|'), ('జి', 'U'), ('త్త', '|'), ('ము', '|'), ('న', '|'), ('వా', 'U'), ('ని', '|'), ('గూ', 'U'), ('ర్పు', '|'), ('కు', '|'), ('మా', 'U'), ('రీ', 'U')]",1.0,-1.0,1.0,1.0,1.0,1.0
kandamu,"పతి భుజియించిన పాత్రను
మెతు కొక్కటియైన భార్య మెసఁగుటకై తా
హిత మూనకున్న నది యొక
సతియే? కడుఁ బాపజాతి జగతి కుమారీ!",jaathi,Kumaarii,"[('ప', '|'), ('తి', '|'), ('భు', '|'), ('జి', '|'), ('యిం', 'U'), ('చి', '|'), ('న', '|'), ('పా', 'U'), ('త్ర', '|'), ('ను', '|'), ('మె', '|'), ('తు', '|'), ('కొ', 'U'), ('క్క', '|'), ('టి', '|'), ('యై', 'U'), ('న', '|'), ('భా', 'U'), ('ర్య', '|'), ('మె', '|'), ('స', '|'), ('గు', '|'), ('ట', '|'), ('కై', 'U'), ('తా', 'U'), ('హి', '|'), ('త', '|'), ('మూ', 'U'), ('న', '|'), ('కు', 'U'), ('న్న', '|'), ('న', '|'), ('ది', '|'), ('యొ', '|'), ('క', '|'), ('స', '|'), ('తి', '|'), ('యే', 'U'), ('క', '|'), ('డు', '|'), ('బా', 'U'), ('ప', '|'), ('జా', 'U'), ('తి', '|'), ('జ', '|'), ('గ', '|'), ('తి', '|'), ('కు', '|'), ('మా', 'U'), ('రీ', 'U')]",1.0,-1.0,1.0,1.0,1.0,1.0
kandamu,"జపములు, గంగాయాత్రలు,
దపములు, నోములును, దాన ధర్మంబులు, పు
ణ్యపురాణము పతిభక్తికి
నుపమింపను సాటి రాక యుండు కుమారీ!",jaathi,Kumaarii,"[('జ', '|'), ('ప', '|'), ('ము', '|'), ('లు', '|'), ('గం', 'U'), ('గా', 'U'), ('యా', 'U'), ('త్ర', '|'), ('లు', '|'), ('ద', '|'), ('ప', '|'), ('ము', '|'), ('లు', '|'), ('నో', 'U'), ('ము', '|'), ('లు', '|'), ('ను', '|'), ('దా', 'U'), ('న', '|'), ('ధ', 'U'), ('ర్మం', 'U'), ('బు', '|'), ('లు', '|'), ('పు', 'U'), ('ణ్య', '|'), ('పు', '|'), ('రా', 'U'), ('ణ', '|'), ('ము', '|'), ('ప', '|'), ('తి', '|'), ('భ', 'U'), ('క్తి', '|'), ('కి', '|'), ('ను', '|'), ('ప', '|'), ('మిం', 'U'), ('ప', '|'), ('ను', '|'), ('సా', 'U'), ('టి', '|'), ('రా', 'U'), ('క', '|'), ('యుం', 'U'), ('డు', '|'), ('కు', '|'), ('మా', 'U'), ('రీ', 'U')]",0.875,-1.0,1.0,1.0,0.5,1.0
kandamu,"ఇరుగు పొరుగిండ్ల కైనను
వరుఁడో, కాక అత్తగారో, వదినెయొ, మామో
మఱఁదియో సెల విడకుండఁగఁ
దరుణి స్వతంత్రించి పోవఁ దగదు కుమారీ!",jaathi,Kumaarii,"[('ఇ', '|'), ('రు', '|'), ('గు', '|'), ('పొ', '|'), ('రు', '|'), ('గిం', 'U'), ('డ్ల', '|'), ('కై', 'U'), ('న', '|'), ('ను', '|'), ('వ', '|'), ('రు', '|'), ('డో', 'U'), ('కా', 'U'), ('క', '|'), ('అ', 'U'), ('త్త', '|'), ('గా', 'U'), ('రో', 'U'), ('వ', '|'), ('ది', '|'), ('నె', '|'), ('యొ', '|'), ('మా', 'U'), ('మో', 'U'), ('మ', '|'), ('ఱ', '|'), ('ది', '|'), ('యో', 'U'), ('సె', '|'), ('ల', '|'), ('వి', '|'), ('డ', '|'), ('కుం', 'U'), ('డ', '|'), ('గ', '|'), ('ద', '|'), ('రు', '|'), ('ణి', 'U'), ('స్వ', '|'), ('తం', 'U'), ('త్రిం', 'U'), ('చి', '|'), ('పో', 'U'), ('వ', '|'), ('ద', '|'), ('గ', '|'), ('దు', '|'), ('కు', '|'), ('మా', 'U'), ('రీ', 'U')]",0.484375,-1.0,1.0,0.4375,0.0,0.5
kandamu,"కూతురు చెడుగై యుండిన
మాతది తప్పన్నమాట మది నెఱుగుదుగా
నీతల్లిదండ్రులకు నప
ఖ్యాతులు రానీయఁ గూడదమ్మ! కుమారీ!",jaathi,Kumaarii,"[('కూ', 'U'), ('తు', '|'), ('రు', '|'), ('చె', '|'), ('డు', '|'), ('గై', 'U'), ('యుం', 'U'), ('డి', '|'), ('న', '|'), ('మా', 'U'), ('త', '|'), ('ది', '|'), ('త', 'U'), ('ప్ప', 'U'), ('న్న', '|'), ('మా', 'U'), ('ట', '|'), ('మ', '|'), ('ది', '|'), ('నె', '|'), ('ఱు', '|'), ('గు', '|'), ('దు', '|'), ('గా', 'U'), ('నీ', 'U'), ('త', 'U'), ('ల్లి', '|'), ('దం', 'U'), ('డ్రు', '|'), ('ల', '|'), ('కు', '|'), ('న', '|'), ('ప', 'U'), ('ఖ్యా', 'U'), ('తు', '|'), ('లు', '|'), ('రా', 'U'), ('నీ', 'U'), ('య', '|'), ('గూ', 'U'), ('డ', '|'), ('ద', 'U'), ('మ్మ', '|'), ('కు', '|'), ('మా', 'U'), ('రీ', 'U')]",0.859375,-1.0,1.0,0.9375,0.5,1.0
kandamu,"అమ్మకు రెం డబ్బకు రెం
డిమ్మహిఁ దిట్టించు కూఁతురెందుకు ధర నా
ద్రిమ్మరి పుట్టక పోయిన
నిమ్మళమని యండ్రు జనులు నిజము కుమారీ!",jaathi,Kumaarii,"[('అ', 'U'), ('మ్మ', '|'), ('కు', '|'), ('రెం', 'U'), ('డ', 'U'), ('బ్బ', '|'), ('కు', '|'), ('రెం', 'U'), ('డి', 'U'), ('మ్మ', '|'), ('హి', '|'), ('ది', 'U'), ('ట్టిం', 'U'), ('చు', '|'), ('కూ', 'U'), ('తు', '|'), ('రెం', 'U'), ('దు', '|'), ('కు', '|'), ('ధ', '|'), ('ర', '|'), ('నా', 'U'), ('ద్రి', 'U'), ('మ్మ', '|'), ('రి', '|'), ('పు', 'U'), ('ట్ట', '|'), ('క', '|'), ('పో', 'U'), ('యి', '|'), ('న', '|'), ('ని', 'U'), ('మ్మ', '|'), ('ళ', '|'), ('మ', '|'), ('ని', '|'), ('యం', 'U'), ('డ్రు', '|'), ('జ', '|'), ('ను', '|'), ('లు', '|'), ('ని', '|'), ('జ', '|'), ('ము', '|'), ('కు', '|'), ('మా', 'U'), ('రీ', 'U')]",0.875,-1.0,1.0,1.0,0.5,1.0
kandamu,"తన బావల పిల్లల యెడఁ
దన మఱఁదుల పిల్లలందుఁ దనపిల్లల కం
టెను మక్కువ యుండవలెన్‌
వనితల కటులైన వన్నె వచ్చుఁ గుమారీ!",jaathi,Kumaarii,"[('త', '|'), ('న', '|'), ('బా', 'U'), ('వ', '|'), ('ల', '|'), ('పి', 'U'), ('ల్ల', '|'), ('ల', '|'), ('యె', '|'), ('డ', '|'), ('ద', '|'), ('న', '|'), ('మ', '|'), ('ఱ', '|'), ('దు', '|'), ('ల', '|'), ('పి', 'U'), ('ల్ల', '|'), ('లం', 'U'), ('దు', '|'), ('ద', '|'), ('న', '|'), ('పి', 'U'), ('ల్ల', '|'), ('ల', '|'), ('కం', 'U'), ('టె', '|'), ('ను', '|'), ('మ', 'U'), ('క్కు', '|'), ('వ', '|'), ('యుం', 'U'), ('డ', '|'), ('వ', '|'), ('లెన్', 'U'), ('వ', '|'), ('ని', '|'), ('త', '|'), ('ల', '|'), ('క', '|'), ('టు', '|'), ('లై', 'U'), ('న', '|'), ('వ', 'U'), ('న్నె', '|'), ('వ', 'U'), ('చ్చు', '|'), ('గు', '|'), ('మా', 'U'), ('రీ', 'U')]",1.0,-1.0,1.0,1.0,1.0,1.0
kandamu,"ధనహీనుఁడైనఁ గడు దు
ర్జనుఁడైనఁ గురూపియైన జారుండైనన్‌
విను పాపియైన నెప్పుడుఁ
దనపతియే తనకు దైవతంబు కుమారీ!",jaathi,Kumaarii,"[('ధ', '|'), ('న', '|'), ('హీ', 'U'), ('ను', '|'), ('డై', 'U'), ('న', '|'), ('గ', '|'), ('డు', '|'), ('దు', 'U'), ('ర్జ', '|'), ('ను', '|'), ('డై', 'U'), ('న', '|'), ('గు', '|'), ('రూ', 'U'), ('పి', '|'), ('యై', 'U'), ('న', '|'), ('జా', 'U'), ('రుం', 'U'), ('డై', 'U'), ('నన్', 'U'), ('వి', '|'), ('ను', '|'), ('పా', 'U'), ('పి', '|'), ('యై', 'U'), ('న', '|'), ('నె', 'U'), ('ప్పు', '|'), ('డు', '|'), ('ద', '|'), ('న', '|'), ('ప', '|'), ('తి', '|'), ('యే', 'U'), ('త', '|'), ('న', '|'), ('కు', '|'), ('దై', 'U'), ('వ', '|'), ('తం', 'U'), ('బు', '|'), ('కు', '|'), ('మా', 'U'), ('రీ', 'U')]",1.0,-1.0,1.0,1.0,1.0,1.0
kandamu,"ధనవంతు డైనఁ యప్పుడుఁ
పెనిమిటి చిత్తం బెఱింగి పెండ్లాము మెలం
గును లేమి మెలఁగ నేర్చిన
వనితకు లోకమున వన్నె వచ్చుఁ గుమారీ!",jaathi,Kumaarii,"[('ధ', '|'), ('న', '|'), ('వం', 'U'), ('తు', '|'), ('డై', 'U'), ('న', '|'), ('య', 'U'), ('ప్పు', '|'), ('డు', '|'), ('పె', '|'), ('ని', '|'), ('మి', '|'), ('టి', '|'), ('చి', 'U'), ('త్తం', 'U'), ('బె', '|'), ('ఱిం', 'U'), ('గి', '|'), ('పెం', 'U'), ('డ్లా', 'U'), ('ము', '|'), ('మె', '|'), ('లం', 'U'), ('గు', '|'), ('ను', '|'), ('లే', 'U'), ('మి', '|'), ('మె', '|'), ('ల', '|'), ('గ', '|'), ('నే', 'U'), ('ర్చి', '|'), ('న', '|'), ('వ', '|'), ('ని', '|'), ('త', '|'), ('కు', '|'), ('లో', 'U'), ('క', '|'), ('ము', '|'), ('న', '|'), ('వ', 'U'), ('న్నె', '|'), ('వ', 'U'), ('చ్చు', '|'), ('గు', '|'), ('మా', 'U'), ('రీ', 'U')]",1.0,-1.0,1.0,1.0,1.0,1.0
kandamu,"తలిదండ్రు లన్నదమ్ములు
తులఁ దూగఁగ నిమ్ము పసిడిఁ తోనైనను వా
రలయింట సతత ముండుట
వెలఁదికి మర్యాదగాదు వినవె కుమారీ!",jaathi,Kumaarii,"[('త', '|'), ('లి', '|'), ('దం', 'U'), ('డ్రు', '|'), ('ల', 'U'), ('న్న', '|'), ('ద', 'U'), ('మ్ము', '|'), ('లు', '|'), ('తు', '|'), ('ల', '|'), ('దూ', 'U'), ('గ', '|'), ('గ', '|'), ('ని', 'U'), ('మ్ము', '|'), ('ప', '|'), ('సి', '|'), ('డి', '|'), ('తో', 'U'), ('నై', 'U'), ('న', '|'), ('ను', '|'), ('వా', 'U'), ('ర', '|'), ('ల', '|'), ('యిం', 'U'), ('ట', '|'), ('స', '|'), ('త', '|'), ('త', '|'), ('ముం', 'U'), ('డు', '|'), ('ట', '|'), ('వె', '|'), ('ల', '|'), ('ది', '|'), ('కి', '|'), ('మ', 'U'), ('ర్యా', 'U'), ('ద', '|'), ('గా', 'U'), ('దు', '|'), ('వి', '|'), ('న', '|'), ('వె', '|'), ('కు', '|'), ('మా', 'U'), ('రీ', 'U')]",1.0,-1.0,1.0,1.0,1.0,1.0
kandamu,"కడుపారఁ గూడుఁ గూరలు
దొడవులు వస్త్రములు మిగుల దొరకవనుచుం దా
వడితనమునఁ బెనిమిటితో
నెడఁ బాసి చరింపఁ గూడదెపుడు కుమారీ!",jaathi,Kumaarii,"[('క', '|'), ('డు', '|'), ('పా', 'U'), ('ర', '|'), ('గూ', 'U'), ('డు', '|'), ('గూ', 'U'), ('ర', '|'), ('లు', '|'), ('దొ', '|'), ('డ', '|'), ('వు', '|'), ('లు', '|'), ('వ', 'U'), ('స్త్ర', '|'), ('ము', '|'), ('లు', '|'), ('మి', '|'), ('గు', '|'), ('ల', '|'), ('దొ', '|'), ('ర', '|'), ('క', '|'), ('వ', '|'), ('ను', '|'), ('చుం', 'U'), ('దా', 'U'), ('వ', '|'), ('డి', '|'), ('త', '|'), ('న', '|'), ('ము', '|'), ('న', '|'), ('బె', '|'), ('ని', '|'), ('మి', '|'), ('టి', '|'), ('తో', 'U'), ('నె', '|'), ('డ', '|'), ('బా', 'U'), ('సి', '|'), ('చ', '|'), ('రిం', 'U'), ('ప', '|'), ('గూ', 'U'), ('డ', '|'), ('దె', '|'), ('పు', '|'), ('డు', '|'), ('కు', '|'), ('మా', 'U'), ('రీ', 'U')]",0.859375,-1.0,1.0,0.9375,0.5,1.0
kandamu,"పిల్లలఁ గనుగొనఁ దలఁచిన
యిల్లాలు గతాగతంబు లెఱుఁగక ఱాఁగై
యల్లరిఁ బెట్టినఁ జెడుఁ దా
నుల్లసములఁ బడును, గీడు నొందుఁ గుమారీ!",jaathi,Kumaarii,"[('పి', 'U'), ('ల్ల', '|'), ('ల', '|'), ('గ', '|'), ('ను', '|'), ('గొ', '|'), ('న', '|'), ('ద', '|'), ('ల', '|'), ('చి', '|'), ('న', '|'), ('యి', 'U'), ('ల్లా', 'U'), ('లు', '|'), ('గ', '|'), ('తా', 'U'), ('గ', '|'), ('తం', 'U'), ('బు', '|'), ('లె', '|'), ('ఱు', '|'), ('గ', '|'), ('క', '|'), ('ఱా', 'U'), ('గై', 'U'), ('య', 'U'), ('ల్ల', '|'), ('రి', '|'), ('బె', 'U'), ('ట్టి', '|'), ('న', '|'), ('జె', '|'), ('డు', '|'), ('దా', 'U'), ('ను', 'U'), ('ల్ల', '|'), ('స', '|'), ('ము', '|'), ('ల', '|'), ('బ', '|'), ('డు', '|'), ('ను', '|'), ('గీ', 'U'), ('డు', '|'), ('నొం', 'U'), ('దు', '|'), ('గు', '|'), ('మా', 'U'), ('రీ', 'U')]",0.875,-1.0,1.0,1.0,0.5,1.0
kandamu,"పతి కత్తకు మామకు స
మ్మతిగాని ప్రయోజనంబు మానఁగవలయున్‌
హిత మాచరింపవలయును
బ్రతుకున కొకవంక లేక పరఁగు గుమారీ!",jaathi,Kumaarii,"[('ప', '|'), ('తి', '|'), ('క', 'U'), ('త్త', '|'), ('కు', '|'), ('మా', 'U'), ('మ', '|'), ('కు', '|'), ('స', 'U'), ('మ్మ', '|'), ('తి', '|'), ('గా', 'U'), ('ని', '|'), ('ప్ర', '|'), ('యో', 'U'), ('జ', '|'), ('నం', 'U'), ('బు', '|'), ('మా', 'U'), ('న', '|'), ('గ', '|'), ('వ', '|'), ('ల', '|'), ('యున్', 'U'), ('హి', '|'), ('త', '|'), ('మా', 'U'), ('చ', '|'), ('రిం', 'U'), ('ప', '|'), ('వ', '|'), ('ల', '|'), ('యు', '|'), ('ను', '|'), ('బ్ర', '|'), ('తు', '|'), ('కు', '|'), ('న', '|'), ('కొ', '|'), ('క', '|'), ('వం', 'U'), ('క', '|'), ('లే', 'U'), ('క', '|'), ('ప', '|'), ('ర', '|'), ('గు', '|'), ('గు', '|'), ('మా', 'U'), ('రీ', 'U')]",1.0,-1.0,1.0,1.0,1.0,1.0
kandamu,"పోకిళ్ళు పోక పొందిక
నాకులలోఁ బిందెరీతి నడఁకువగా నెం
తో కలిసిమెలసి యుండిన
లోకములోపలను దా వెలుంగుఁ గుమారీ!",jaathi,Kumaarii,"[('పో', 'U'), ('కి', 'U'), ('ళ్ళు', '|'), ('పో', 'U'), ('క', '|'), ('పొం', 'U'), ('ది', '|'), ('క', '|'), ('నా', 'U'), ('కు', '|'), ('ల', '|'), ('లో', 'U'), ('బిం', 'U'), ('దె', '|'), ('రీ', 'U'), ('తి', '|'), ('న', '|'), ('డ', '|'), ('కు', '|'), ('వ', '|'), ('గా', 'U'), ('నెం', 'U'), ('తో', 'U'), ('క', '|'), ('లి', '|'), ('సి', '|'), ('మె', '|'), ('ల', '|'), ('సి', '|'), ('యుం', 'U'), ('డి', '|'), ('న', '|'), ('లో', 'U'), ('క', '|'), ('ము', '|'), ('లో', 'U'), ('ప', '|'), ('ల', '|'), ('ను', '|'), ('దా', 'U'), ('వె', '|'), ('లుం', 'U'), ('గు', '|'), ('గు', '|'), ('మా', 'U'), ('రీ', 'U')]",1.0,-1.0,1.0,1.0,1.0,1.0
kandamu,"అత్తపయిన్‌ మఱఁదలిపయి
నెత్తిన కోపమున బిడ్డ నేడ్పించుటకై
మొత్తినఁ దనకే కీడగుఁ
జిత్తములో దీనిఁ జింత సేయు కుమారీ!",jaathi,Kumaarii,"[('అ', 'U'), ('త్త', '|'), ('ప', '|'), ('యి', 'U'), ('న్మ', '|'), ('ఱ', '|'), ('ద', '|'), ('లి', '|'), ('ప', '|'), ('యి', '|'), ('నె', 'U'), ('త్తి', '|'), ('న', '|'), ('కో', 'U'), ('ప', '|'), ('ము', '|'), ('న', '|'), ('బి', 'U'), ('డ్డ', '|'), ('నే', 'U'), ('డ్పిం', 'U'), ('చు', '|'), ('ట', '|'), ('కై', 'U'), ('మొ', 'U'), ('త్తి', '|'), ('న', '|'), ('ద', '|'), ('న', '|'), ('కే', 'U'), ('కీ', 'U'), ('డ', '|'), ('గు', '|'), ('జి', 'U'), ('త్త', '|'), ('ము', '|'), ('లో', 'U'), ('దీ', 'U'), ('ని', '|'), ('జిం', 'U'), ('త', '|'), ('సే', 'U'), ('యు', '|'), ('కు', '|'), ('మా', 'U'), ('రీ', 'U')]",1.0,-1.0,1.0,1.0,1.0,1.0
kandamu,"మృతియైనను బ్రతుకైనం
బతితోడనె సతికిఁ జెల్లుఁ బతిబాసిన యా
బ్రతు కొక బ్రతుకా! జీవ
న్మృతి గాక వధూటి కెన్న నిదియుఁ గుమారీ!",jaathi,Kumaarii,"[('మృ', '|'), ('తి', '|'), ('యై', 'U'), ('న', '|'), ('ను', '|'), ('బ్ర', '|'), ('తు', '|'), ('కై', 'U'), ('నం', 'U'), ('బ', '|'), ('తి', '|'), ('తో', 'U'), ('డ', '|'), ('నె', '|'), ('స', '|'), ('తి', '|'), ('కి', '|'), ('జె', 'U'), ('ల్లు', '|'), ('బ', '|'), ('తి', '|'), ('బా', 'U'), ('సి', '|'), ('న', '|'), ('యా', 'U'), ('బ్ర', '|'), ('తు', '|'), ('కొ', '|'), ('క', '|'), ('బ్ర', '|'), ('తు', '|'), ('కా', 'U'), ('జీ', 'U'), ('వ', 'U'), ('న్మృ', '|'), ('తి', '|'), ('గా', 'U'), ('క', '|'), ('వ', '|'), ('ధూ', 'U'), ('టి', '|'), ('కె', 'U'), ('న్న', '|'), ('ని', '|'), ('ది', '|'), ('యు', '|'), ('గు', '|'), ('మా', 'U'), ('రీ', 'U')]",1.0,-1.0,1.0,1.0,1.0,1.0
kandamu,"మగని ప్రియ మబ్బె ననుచును
దెగ నీలిగి యింటివారి దిగఁద్రొక్కుచు దుం
డగురాలై తిరిగిన సరి
మగువలలో నిదియె తప్పు మాట కుమారీ!",jaathi,Kumaarii,"[('మ', '|'), ('గ', '|'), ('ని', '|'), ('ప్రి', '|'), ('య', '|'), ('మ', 'U'), ('బ్బె', '|'), ('న', '|'), ('ను', '|'), ('చు', '|'), ('ను', '|'), ('దె', '|'), ('గ', '|'), ('నీ', 'U'), ('లి', '|'), ('గి', '|'), ('యిం', 'U'), ('టి', '|'), ('వా', 'U'), ('రి', '|'), ('ది', '|'), ('గ', '|'), ('ద్రొ', 'U'), ('క్కు', '|'), ('చు', '|'), ('దుం', 'U'), ('డ', '|'), ('గు', '|'), ('రా', 'U'), ('లై', 'U'), ('తి', '|'), ('రి', '|'), ('గి', '|'), ('న', '|'), ('స', '|'), ('రి', '|'), ('మ', '|'), ('గు', '|'), ('వ', '|'), ('ల', '|'), ('లో', 'U'), ('ని', '|'), ('ది', '|'), ('యె', '|'), ('త', 'U'), ('ప్పు', '|'), ('మా', 'U'), ('ట', '|'), ('కు', '|'), ('మా', 'U'), ('రీ', 'U')]",1.0,-1.0,1.0,1.0,1.0,1.0
kandamu,"జీవములు భర్తపద రా
జీవములని చిత్తమందు జింతించిన ల
క్ష్మీవల్లభు చరణంబుల
సేవ లతాంగులకు నెమ్మిఁ జేయుఁ గుమారీ!",jaathi,Kumaarii,"[('జీ', 'U'), ('వ', '|'), ('ము', '|'), ('లు', '|'), ('భ', 'U'), ('ర్త', '|'), ('ప', '|'), ('ద', '|'), ('రా', 'U'), ('జీ', 'U'), ('వ', '|'), ('ము', '|'), ('ల', '|'), ('ని', '|'), ('చి', 'U'), ('త్త', '|'), ('మం', 'U'), ('దు', '|'), ('జిం', 'U'), ('తిం', 'U'), ('చి', '|'), ('న', '|'), ('ల', 'U'), ('క్ష్మీ', 'U'), ('వ', 'U'), ('ల్ల', '|'), ('భు', '|'), ('చ', '|'), ('ర', '|'), ('ణం', 'U'), ('బు', '|'), ('ల', '|'), ('సే', 'U'), ('వ', '|'), ('ల', '|'), ('తాం', 'U'), ('గు', '|'), ('ల', '|'), ('కు', '|'), ('నె', 'U'), ('మ్మి', '|'), ('జే', 'U'), ('యు', '|'), ('గు', '|'), ('మా', 'U'), ('రీ', 'U')]",1.0,-1.0,1.0,1.0,1.0,1.0
kandamu,"కడు బుద్ధిగలిగి మెలఁగినఁ
బడఁతుక పుట్టింటివారు పదివేలవరా
లిడుకంటెఁ గీర్తియగు ద
మ్మిడి లేకుండినను నేర్చి మెలఁగు కుమారీ!",jaathi,Kumaarii,"[('క', '|'), ('డు', '|'), ('బు', 'U'), ('ద్ధి', '|'), ('గ', '|'), ('లి', '|'), ('గి', '|'), ('మె', '|'), ('ల', '|'), ('గి', '|'), ('న', '|'), ('బ', '|'), ('డ', '|'), ('తు', '|'), ('క', '|'), ('పు', 'U'), ('ట్టిం', 'U'), ('టి', '|'), ('వా', 'U'), ('రు', '|'), ('ప', '|'), ('ది', '|'), ('వే', 'U'), ('ల', '|'), ('వ', '|'), ('రా', 'U'), ('లి', '|'), ('డు', '|'), ('కం', 'U'), ('టె', '|'), ('గీ', 'U'), ('ర్తి', '|'), ('య', '|'), ('గు', '|'), ('ద', 'U'), ('మ్మి', '|'), ('డి', '|'), ('లే', 'U'), ('కుం', 'U'), ('డి', '|'), ('న', '|'), ('ను', '|'), ('నే', 'U'), ('ర్చి', '|'), ('మె', '|'), ('ల', '|'), ('గు', '|'), ('కు', '|'), ('మా', 'U'), ('రీ', 'U')]",1.0,-1.0,1.0,1.0,1.0,1.0
kandamu,"కడుఁ బెద్దమూటఁ దెచ్చినఁ
జెడుగై వర్తించు నేనిఁ జిరతర చింతం
బడుదురు తల్లిదండ్రులు తోఁ
బడుచులు సోదరులు నిందఁ బడుదురుఁ గుమారీ!",jaathi,Kumaarii,"[('క', '|'), ('డు', '|'), ('బె', 'U'), ('ద్ద', '|'), ('మూ', 'U'), ('ట', '|'), ('దె', 'U'), ('చ్చి', '|'), ('న', '|'), ('జె', '|'), ('డు', '|'), ('గై', 'U'), ('వ', 'U'), ('ర్తిం', 'U'), ('చు', '|'), ('నే', 'U'), ('ని', '|'), ('జి', '|'), ('ర', '|'), ('త', '|'), ('ర', '|'), ('చిం', 'U'), ('తం', 'U'), ('బ', '|'), ('డు', '|'), ('దు', '|'), ('రు', '|'), ('త', 'U'), ('ల్లి', '|'), ('దం', 'U'), ('డ్రు', '|'), ('లు', '|'), ('తో', 'U'), ('బ', '|'), ('డు', '|'), ('చు', '|'), ('లు', '|'), ('సో', 'U'), ('ద', '|'), ('రు', '|'), ('లు', '|'), ('నిం', 'U'), ('ద', '|'), ('బ', '|'), ('డు', '|'), ('దు', '|'), ('రు', '|'), ('గు', '|'), ('మా', 'U'), ('రీ', 'U')]",0.75,-1.0,1.0,0.75,0.5,0.75
kandamu,"పుట్టింటివారి నీచతఁ
బెట్టకు మత్తింటివారు పెట్టెడి బాధల్‌
పుట్టింటఁ దెలియనీకు
రట్టడి చెలియందు రదియె రవ్వ కుమారీ!",jaathi,Kumaarii,"[('పు', 'U'), ('ట్టిం', 'U'), ('టి', '|'), ('వా', 'U'), ('రి', '|'), ('నీ', 'U'), ('చ', '|'), ('త', '|'), ('బె', 'U'), ('ట్ట', '|'), ('కు', '|'), ('మ', 'U'), ('త్తిం', 'U'), ('టి', '|'), ('వా', 'U'), ('రు', '|'), ('పె', 'U'), ('ట్టె', '|'), ('డి', '|'), ('బా', 'U'), ('ధల్', 'U'), ('పు', 'U'), ('ట్టిం', 'U'), ('ట', '|'), ('దె', '|'), ('లి', '|'), ('య', '|'), ('నీ', 'U'), ('కు', '|'), ('ర', 'U'), ('ట్ట', '|'), ('డి', '|'), ('చె', '|'), ('లి', '|'), ('యం', 'U'), ('దు', '|'), ('ర', '|'), ('ది', '|'), ('యె', '|'), ('ర', 'U'), ('వ్వ', '|'), ('కు', '|'), ('మా', 'U'), ('రీ', 'U')]",0.734375,-1.0,1.0,0.6875,0.5,0.75
kandamu,"తనకెంత మేలు చేసిన
మనమున కింపైన పనులుఁ మసలిన దాసీ
వనితల కెన్నటికైనం
జనవిచ్చి మెలంగరాదు జగతిఁ గుమారీ!",jaathi,Kumaarii,"[('త', '|'), ('న', '|'), ('కెం', 'U'), ('త', '|'), ('మే', 'U'), ('లు', '|'), ('చే', 'U'), ('సి', '|'), ('న', '|'), ('మ', '|'), ('న', '|'), ('ము', '|'), ('న', '|'), ('కిం', 'U'), ('పై', 'U'), ('న', '|'), ('ప', '|'), ('ను', '|'), ('లు', '|'), ('మ', '|'), ('స', '|'), ('లి', '|'), ('న', '|'), ('దా', 'U'), ('సీ', 'U'), ('వ', '|'), ('ని', '|'), ('త', '|'), ('ల', '|'), ('కె', 'U'), ('న్న', '|'), ('టి', '|'), ('కై', 'U'), ('నం', 'U'), ('జ', '|'), ('న', '|'), ('వి', 'U'), ('చ్చి', '|'), ('మె', '|'), ('లం', 'U'), ('గ', '|'), ('రా', 'U'), ('దు', '|'), ('జ', '|'), ('గ', '|'), ('తి', '|'), ('గు', '|'), ('మా', 'U'), ('రీ', 'U')]",1.0,-1.0,1.0,1.0,1.0,1.0
kandamu,"కులదేవతలకుఁ బెట్టిన
పొలుపునఁ దనయింటయాఁడు బొట్టెల కెల్లం
గలమాత్ర మొసఁగకుండినఁ
గలఁత పొడము దాన మేలు గాదు కుమారీ!",jaathi,Kumaarii,"[('కు', '|'), ('ల', '|'), ('దే', 'U'), ('వ', '|'), ('త', '|'), ('ల', '|'), ('కు', '|'), ('బె', 'U'), ('ట్టి', '|'), ('న', '|'), ('పొ', '|'), ('లు', '|'), ('పు', '|'), ('న', '|'), ('ద', '|'), ('న', '|'), ('యిం', 'U'), ('ట', '|'), ('యా', 'U'), ('డు', '|'), ('బొ', 'U'), ('ట్టె', '|'), ('ల', '|'), ('కె', 'U'), ('ల్లం', 'U'), ('గ', '|'), ('ల', '|'), ('మా', 'U'), ('త్ర', '|'), ('మొ', '|'), ('స', '|'), ('గ', '|'), ('కుం', 'U'), ('డి', '|'), ('న', '|'), ('గ', '|'), ('ల', '|'), ('త', '|'), ('పొ', '|'), ('డ', '|'), ('ము', '|'), ('దా', 'U'), ('న', '|'), ('మే', 'U'), ('లు', '|'), ('గా', 'U'), ('దు', '|'), ('కు', '|'), ('మా', 'U'), ('రీ', 'U')]",1.0,-1.0,1.0,1.0,1.0,1.0
kandamu,"బద్ధకము సంజనిద్దుర
వద్దుసుమీ దద్దిరంబు వచ్చును దానన్‌
గద్దింతు రింటివారలు
మొద్దందురు తోడివారు ముద్దు కుమారీ!",jaathi,Kumaarii,"[('బ', 'U'), ('ద్ధ', '|'), ('క', '|'), ('ము', '|'), ('సం', 'U'), ('జ', '|'), ('ని', 'U'), ('ద్దు', '|'), ('ర', '|'), ('వ', 'U'), ('ద్దు', '|'), ('సు', '|'), ('మీ', 'U'), ('ద', 'U'), ('ద్ది', '|'), ('రం', 'U'), ('బు', '|'), ('వ', 'U'), ('చ్చు', '|'), ('ను', '|'), ('దా', 'U'), ('నన్', 'U'), ('గ', 'U'), ('ద్దిం', 'U'), ('తు', '|'), ('రిం', 'U'), ('టి', '|'), ('వా', 'U'), ('ర', '|'), ('లు', '|'), ('మొ', 'U'), ('ద్దం', 'U'), ('దు', '|'), ('రు', '|'), ('తో', 'U'), ('డి', '|'), ('వా', 'U'), ('రు', '|'), ('ము', 'U'), ('ద్దు', '|'), ('కు', '|'), ('మా', 'U'), ('రీ', 'U')]",0.9375,-1.0,1.0,1.0,1.0,0.75
kandamu,"ఇంటఁ గల గుట్టు నీ పొరు
గింట రవంతైనఁ దెలుప నేఁగకు దానం
గంటనపడి నీవారలు
గెంటించెద రిల్లు వెడలఁ గినుకఁ గుమారీ!",jaathi,Kumaarii,"[('ఇం', 'U'), ('ట', '|'), ('గ', '|'), ('ల', '|'), ('గు', 'U'), ('ట్టు', '|'), ('నీ', 'U'), ('పొ', '|'), ('రు', '|'), ('గిం', 'U'), ('ట', '|'), ('ర', '|'), ('వం', 'U'), ('తై', 'U'), ('న', '|'), ('దె', '|'), ('లు', '|'), ('ప', '|'), ('నే', 'U'), ('గ', '|'), ('కు', '|'), ('దా', 'U'), ('నం', 'U'), ('గం', 'U'), ('ట', '|'), ('న', '|'), ('ప', '|'), ('డి', '|'), ('నీ', 'U'), ('వా', 'U'), ('ర', '|'), ('లు', '|'), ('గెం', 'U'), ('టిం', 'U'), ('చె', '|'), ('ద', '|'), ('రి', 'U'), ('ల్లు', '|'), ('వె', '|'), ('డ', '|'), ('ల', '|'), ('గి', '|'), ('ను', '|'), ('క', '|'), ('గు', '|'), ('మా', 'U'), ('రీ', 'U')]",0.875,-1.0,1.0,1.0,0.5,1.0
kandamu,"వేకువజామున మేల్కని
పైకి వెడలి వచ్చి ప్రాచి పనిఁ దీర్పవలెన్‌
లేకున్నఁ దెల్లవాఱిన
లోకులు నవ్వుదురు సభల లోనఁ గుమారీ!",jaathi,Kumaarii,"[('వే', 'U'), ('కు', '|'), ('వ', '|'), ('జా', 'U'), ('ము', '|'), ('న', '|'), ('మే', 'U'), ('ల్క', '|'), ('ని', '|'), ('పై', 'U'), ('కి', '|'), ('వె', '|'), ('డ', '|'), ('లి', '|'), ('వ', 'U'), ('చ్చి', '|'), ('ప్రా', 'U'), ('చి', '|'), ('ప', '|'), ('ని', '|'), ('దీ', 'U'), ('ర్ప', '|'), ('వ', '|'), ('లెన్', 'U'), ('లే', 'U'), ('కు', 'U'), ('న్న', '|'), ('దె', 'U'), ('ల్ల', '|'), ('వా', 'U'), ('ఱి', '|'), ('న', '|'), ('లో', 'U'), ('కు', '|'), ('లు', '|'), ('న', 'U'), ('వ్వు', '|'), ('దు', '|'), ('రు', '|'), ('స', '|'), ('భ', '|'), ('ల', '|'), ('లో', 'U'), ('న', '|'), ('గు', '|'), ('మా', 'U'), ('రీ', 'U')]",1.0,-1.0,1.0,1.0,1.0,1.0
kandamu,"ఇక్కడి దక్కడఁ నక్కడి
దిక్కడఁ జెప్పినను వారి కిద్దఱికిఁ బగల్‌
పొక్కినఁ గల చేడియ ల
మ్మక్కా! యిడుముళ్ళమారి యండ్రు కుమారీ!",jaathi,Kumaarii,"[('ఇ', 'U'), ('క్క', '|'), ('డి', '|'), ('ద', 'U'), ('క్క', '|'), ('డ', '|'), ('న', 'U'), ('క్క', '|'), ('డి', '|'), ('ది', 'U'), ('క్క', '|'), ('డ', '|'), ('జె', 'U'), ('ప్పి', '|'), ('న', '|'), ('ను', '|'), ('వా', 'U'), ('రి', '|'), ('కి', 'U'), ('ద్ద', '|'), ('ఱి', '|'), ('కి', '|'), ('బ', '|'), ('గల్', 'U'), ('పొ', 'U'), ('క్కి', '|'), ('న', '|'), ('గ', '|'), ('ల', '|'), ('చే', 'U'), ('డి', '|'), ('య', '|'), ('ల', 'U'), ('మ్మ', 'U'), ('క్కా', 'U'), ('యి', '|'), ('డు', '|'), ('ము', 'U'), ('ళ్ళ', '|'), ('మా', 'U'), ('రి', '|'), ('యం', 'U'), ('డ్రు', '|'), ('కు', '|'), ('మా', 'U'), ('రీ', 'U')]",0.75,-1.0,1.0,1.0,0.0,1.0
kandamu,"తలవాకిట నెల్లప్పుడు
నిలువఁగ రా దెప్పు డెంత నిద్దురయైనన్‌
మెలఁకువ విడరాదు సుమీ
తల నడుచుచు విప్పికొనుట తగదు కుమారీ!",jaathi,Kumaarii,"[('త', '|'), ('ల', '|'), ('వా', 'U'), ('కి', '|'), ('ట', '|'), ('నె', 'U'), ('ల్ల', 'U'), ('ప్పు', '|'), ('డు', '|'), ('ని', '|'), ('లు', '|'), ('వ', '|'), ('గ', '|'), ('రా', 'U'), ('దె', 'U'), ('ప్పు', '|'), ('డెం', 'U'), ('త', '|'), ('ని', 'U'), ('ద్దు', '|'), ('ర', '|'), ('యై', 'U'), ('నన్', 'U'), ('మె', '|'), ('ల', '|'), ('కు', '|'), ('వ', '|'), ('వి', '|'), ('డ', '|'), ('రా', 'U'), ('దు', '|'), ('సు', '|'), ('మీ', 'U'), ('త', '|'), ('ల', '|'), ('న', '|'), ('డు', '|'), ('చు', '|'), ('చు', '|'), ('వి', 'U'), ('ప్పి', '|'), ('కొ', '|'), ('ను', '|'), ('ట', '|'), ('త', '|'), ('గ', '|'), ('దు', '|'), ('కు', '|'), ('మా', 'U'), ('రీ', 'U')]",1.0,-1.0,1.0,1.0,1.0,1.0
kandamu,"వారికి వీరికిఁ గలిగెను
గోరిన వస్తువులు మాకుఁ గొదవాయె నటం
చూరక గుటకలు మ్రింగుట
నేరముగాఁ దలఁపవలయు నెలఁత కుమారీ!",jaathi,Kumaarii,"[('వా', 'U'), ('రి', '|'), ('కి', '|'), ('వీ', 'U'), ('రి', '|'), ('కి', '|'), ('గ', '|'), ('లి', '|'), ('గె', '|'), ('ను', '|'), ('గో', 'U'), ('రి', '|'), ('న', '|'), ('వ', 'U'), ('స్తు', '|'), ('వు', '|'), ('లు', '|'), ('మా', 'U'), ('కు', '|'), ('గొ', '|'), ('ద', '|'), ('వా', 'U'), ('యె', '|'), ('న', '|'), ('టం', 'U'), ('చూ', 'U'), ('ర', '|'), ('క', '|'), ('గు', '|'), ('ట', '|'), ('క', '|'), ('లు', '|'), ('మ్రిం', 'U'), ('గు', '|'), ('ట', '|'), ('నే', 'U'), ('ర', '|'), ('ము', '|'), ('గా', 'U'), ('ద', '|'), ('ల', '|'), ('ప', '|'), ('వ', '|'), ('ల', '|'), ('యు', '|'), ('నె', '|'), ('ల', '|'), ('త', '|'), ('కు', '|'), ('మా', 'U'), ('రీ', 'U')]",1.0,-1.0,1.0,1.0,1.0,1.0
kandamu,"కొన్నాళ్లు సుఖము కష్టము
కొన్నాళ్లు భుజింపకున్నఁ గొఱగాదు సుమీ!
పున్నమ దినముల వెన్నెల
యెన్నంగ నమాసలందు నిరులు కుమారీ!",jaathi,Kumaarii,"[('కొ', 'U'), ('న్నా', 'U'), ('ళ్లు', '|'), ('సు', '|'), ('ఖ', '|'), ('ము', '|'), ('క', 'U'), ('ష్ట', '|'), ('ము', '|'), ('కొ', 'U'), ('న్నా', 'U'), ('ళ్లు', '|'), ('భు', '|'), ('జిం', 'U'), ('ప', '|'), ('కు', 'U'), ('న్న', '|'), ('గొ', '|'), ('ఱ', '|'), ('గా', 'U'), ('దు', '|'), ('సు', '|'), ('మీ', 'U'), ('పు', 'U'), ('న్న', '|'), ('మ', '|'), ('ది', '|'), ('న', '|'), ('ము', '|'), ('ల', '|'), ('వె', 'U'), ('న్నె', '|'), ('ల', '|'), ('యె', 'U'), ('న్నం', 'U'), ('గ', '|'), ('న', '|'), ('మా', 'U'), ('స', '|'), ('లం', 'U'), ('దు', '|'), ('ని', '|'), ('రు', '|'), ('లు', '|'), ('కు', '|'), ('మా', 'U'), ('రీ', 'U')]",0.875,-1.0,1.0,1.0,0.5,1.0
kandamu,"పొంతఁ బని సేయ కెన్నఁడు
పంతంబులు పలుకఁబోకు ప్రాఙ్ముఖముగ నీ
దంతంబులు దోమకు మే
కాంతంబులు బయలుపఱుప కమ్మ! కుమారీ!",jaathi,Kumaarii,"[('పొం', 'U'), ('త', '|'), ('బ', '|'), ('ని', '|'), ('సే', 'U'), ('య', '|'), ('కె', 'U'), ('న్న', '|'), ('డు', '|'), ('పం', 'U'), ('తం', 'U'), ('బు', '|'), ('లు', '|'), ('ప', '|'), ('లు', '|'), ('క', '|'), ('బో', 'U'), ('కు', '|'), ('ప్రా', 'U'), ('ఙ్ము', '|'), ('ఖ', '|'), ('ము', '|'), ('గ', '|'), ('నీ', 'U'), ('దం', 'U'), ('తం', 'U'), ('బు', '|'), ('లు', '|'), ('దో', 'U'), ('మ', '|'), ('కు', '|'), ('మే', 'U'), ('కాం', 'U'), ('తం', 'U'), ('బు', '|'), ('లు', '|'), ('బ', '|'), ('య', '|'), ('లు', '|'), ('ప', '|'), ('ఱు', '|'), ('ప', '|'), ('క', 'U'), ('మ్మ', '|'), ('కు', '|'), ('మా', 'U'), ('రీ', 'U')]",1.0,-1.0,1.0,1.0,1.0,1.0
kandamu,"నడకలలో నడుగుల చ
ప్పుడు వినఁబడకుండవలయు భువి గుంటలు క
న్పడరాదు మడమనొక్కులఁ
బడఁతుల మర్యాద లెఱిఁగి బ్రతుకు కుమారీ!",jaathi,Kumaarii,"[('న', '|'), ('డ', '|'), ('క', '|'), ('ల', '|'), ('లో', 'U'), ('న', '|'), ('డు', '|'), ('గు', '|'), ('ల', '|'), ('చ', 'U'), ('ప్పు', '|'), ('డు', '|'), ('వి', '|'), ('న', '|'), ('బ', '|'), ('డ', '|'), ('కుం', 'U'), ('డ', '|'), ('వ', '|'), ('ల', '|'), ('యు', '|'), ('భు', '|'), ('వి', '|'), ('గుం', 'U'), ('ట', '|'), ('లు', '|'), ('క', 'U'), ('న్ప', '|'), ('డ', '|'), ('రా', 'U'), ('దు', '|'), ('మ', '|'), ('డ', '|'), ('మ', '|'), ('నొ', 'U'), ('క్కు', '|'), ('ల', '|'), ('బ', '|'), ('డ', '|'), ('తు', '|'), ('ల', '|'), ('మ', 'U'), ('ర్యా', 'U'), ('ద', '|'), ('లె', '|'), ('ఱి', '|'), ('గి', '|'), ('బ్ర', '|'), ('తు', '|'), ('కు', '|'), ('కు', '|'), ('మా', 'U'), ('రీ', 'U')]",1.0,-1.0,1.0,1.0,1.0,1.0
kandamu,"నవ్వంగ రాదు పలుమఱు
నవ్వినఁ జిఱునవ్వు గాని నగరా దెపుడున్‌
గవ్వలవలె దంతంబులు
జవ్వునఁ గానంగ బడెడి జాడఁ గుమారీ!",jaathi,Kumaarii,"[('న', 'U'), ('వ్వం', 'U'), ('గ', '|'), ('రా', 'U'), ('దు', '|'), ('ప', '|'), ('లు', '|'), ('మ', '|'), ('ఱు', '|'), ('న', 'U'), ('వ్వి', '|'), ('న', '|'), ('జి', '|'), ('ఱు', '|'), ('న', 'U'), ('వ్వు', '|'), ('గా', 'U'), ('ని', '|'), ('న', '|'), ('గ', '|'), ('రా', 'U'), ('దె', '|'), ('పు', '|'), ('డున్', 'U'), ('గ', 'U'), ('వ్వ', '|'), ('ల', '|'), ('వ', '|'), ('లె', '|'), ('దం', 'U'), ('తం', 'U'), ('బు', '|'), ('లు', '|'), ('జ', 'U'), ('వ్వు', '|'), ('న', '|'), ('గా', 'U'), ('నం', 'U'), ('గ', '|'), ('బ', '|'), ('డె', '|'), ('డి', '|'), ('జా', 'U'), ('డ', '|'), ('గు', '|'), ('మా', 'U'), ('రీ', 'U')]",1.0,-1.0,1.0,1.0,1.0,1.0
kandamu,"తొడవులు మిక్కిలి గలిగినఁ
గడుఁ ప్రేమన్‌ మగఁడు మిగుల గారామిడినన్‌
పడఁతుక పసుపుం గుంకుమ
గడియైనను విడువ రాదు గాదె కుమారీ!",jaathi,Kumaarii,"[('తొ', '|'), ('డ', '|'), ('వు', '|'), ('లు', '|'), ('మి', 'U'), ('క్కి', '|'), ('లి', '|'), ('గ', '|'), ('లి', '|'), ('గి', '|'), ('న', '|'), ('గ', '|'), ('డు', '|'), ('ప్రే', 'U'), ('మ', 'U'), ('న్మ', '|'), ('గ', '|'), ('డు', '|'), ('మి', '|'), ('గు', '|'), ('ల', '|'), ('గా', 'U'), ('రా', 'U'), ('మి', '|'), ('డి', '|'), ('నన్', 'U'), ('ప', '|'), ('డ', '|'), ('తు', '|'), ('క', '|'), ('ప', '|'), ('సు', '|'), ('పుం', 'U'), ('గుం', 'U'), ('కు', '|'), ('మ', '|'), ('గ', '|'), ('డి', '|'), ('యై', 'U'), ('న', '|'), ('ను', '|'), ('వి', '|'), ('డు', '|'), ('వ', '|'), ('రా', 'U'), ('దు', '|'), ('గా', 'U'), ('దె', '|'), ('కు', '|'), ('మా', 'U'), ('రీ', 'U')]",1.0,-1.0,1.0,1.0,1.0,1.0
kandamu,"చెడుఁగులతో లంజెలతో
గుడిసేటులతోడఁ బొత్తుఁ కూడదు మది నె
ప్పుడు నిల నుత్తమ కాంతల
యడుగులకు న్మడుగులొత్తు మమ్మ కుమారీ!",jaathi,Kumaarii,"[('చె', '|'), ('డు', '|'), ('గు', '|'), ('ల', '|'), ('తో', 'U'), ('లం', 'U'), ('జె', '|'), ('ల', '|'), ('తో', 'U'), ('గు', '|'), ('డి', '|'), ('సే', 'U'), ('టు', '|'), ('ల', '|'), ('తో', 'U'), ('డ', '|'), ('బొ', 'U'), ('త్తు', '|'), ('కూ', 'U'), ('డ', '|'), ('దు', '|'), ('మ', '|'), ('ది', '|'), ('నె', 'U'), ('ప్పు', '|'), ('డు', '|'), ('ని', '|'), ('ల', '|'), ('ను', 'U'), ('త్త', '|'), ('మ', '|'), ('కాం', 'U'), ('త', '|'), ('ల', '|'), ('య', '|'), ('డు', '|'), ('గు', '|'), ('ల', '|'), ('కు', 'U'), ('న్మ', '|'), ('డు', '|'), ('గు', '|'), ('లొ', 'U'), ('త్తు', '|'), ('మ', 'U'), ('మ్మ', '|'), ('కు', '|'), ('మా', 'U'), ('రీ', 'U')]",0.875,-1.0,1.0,1.0,0.5,1.0
kandamu,"విసువకు పని తగిలినయెడఁ
గసరకు సేవకుల మిగులఁ గాంతునితోడన్‌
రొసరొస పూనకు మాడకు
మసత్యవచనంబు లెన్నఁ డైనఁ గుమారీ!",jaathi,Kumaarii,"[('వి', '|'), ('సు', '|'), ('వ', '|'), ('కు', '|'), ('ప', '|'), ('ని', '|'), ('త', '|'), ('గి', '|'), ('లి', '|'), ('న', '|'), ('యె', '|'), ('డ', '|'), ('గ', '|'), ('స', '|'), ('ర', '|'), ('కు', '|'), ('సే', 'U'), ('వ', '|'), ('కు', '|'), ('ల', '|'), ('మి', '|'), ('గు', '|'), ('ల', '|'), ('గాం', 'U'), ('తు', '|'), ('ని', '|'), ('తో', 'U'), ('డన్', 'U'), ('రొ', '|'), ('స', '|'), ('రొ', '|'), ('స', '|'), ('పూ', 'U'), ('న', '|'), ('కు', '|'), ('మా', 'U'), ('డ', '|'), ('కు', '|'), ('మ', '|'), ('స', 'U'), ('త్య', '|'), ('వ', '|'), ('చ', '|'), ('నం', 'U'), ('బు', '|'), ('లె', 'U'), ('న్న', '|'), ('డై', 'U'), ('న', '|'), ('గు', '|'), ('మా', 'U'), ('రీ', 'U')]",0.875,-1.0,1.0,1.0,0.5,1.0
kandamu,"వేళాకోళంబులు గ
య్యాళితనంబులును జగడ మాడుటలును గం
గాళీపోకలుఁ గొండెము
లాలోచించుటయుఁ గూడ దమ్మ కుమారీ!",jaathi,Kumaarii,"[('వే', 'U'), ('ళా', 'U'), ('కో', 'U'), ('ళం', 'U'), ('బు', '|'), ('లు', '|'), ('గ', 'U'), ('య్యా', 'U'), ('ళి', '|'), ('త', '|'), ('నం', 'U'), ('బు', '|'), ('లు', '|'), ('ను', '|'), ('జ', '|'), ('గ', '|'), ('డ', '|'), ('మా', 'U'), ('డు', '|'), ('ట', '|'), ('లు', '|'), ('ను', '|'), ('గం', 'U'), ('గా', 'U'), ('ళీ', 'U'), ('పో', 'U'), ('క', '|'), ('లు', '|'), ('గొం', 'U'), ('డె', '|'), ('ము', '|'), ('లా', 'U'), ('లో', 'U'), ('చిం', 'U'), ('చు', '|'), ('ట', '|'), ('యు', '|'), ('గూ', 'U'), ('డ', '|'), ('ద', 'U'), ('మ్మ', '|'), ('కు', '|'), ('మా', 'U'), ('రీ', 'U')]",0.6875,-1.0,1.0,1.0,0.0,0.75
kandamu,"బంతులను బక్షపాత మొ
కింతైనను జేయరాదు హీనదశుల సా
మతుల నొక భంగి నిరీ
క్షింతురు బుధులెల్ల సంతసిల్లం గుమారీ!",jaathi,Kumaarii,"[('బం', 'U'), ('తు', '|'), ('ల', '|'), ('ను', '|'), ('బ', 'U'), ('క్ష', '|'), ('పా', 'U'), ('త', '|'), ('మొ', '|'), ('కిం', 'U'), ('తై', 'U'), ('న', '|'), ('ను', '|'), ('జే', 'U'), ('య', '|'), ('రా', 'U'), ('దు', '|'), ('హీ', 'U'), ('న', '|'), ('ద', '|'), ('శు', '|'), ('ల', '|'), ('సా', 'U'), ('మ', '|'), ('తు', '|'), ('ల', '|'), ('నొ', '|'), ('క', '|'), ('భం', 'U'), ('గి', '|'), ('ని', '|'), ('రీ', 'U'), ('క్షిం', 'U'), ('తు', '|'), ('రు', '|'), ('బు', '|'), ('ధు', '|'), ('లె', 'U'), ('ల్ల', '|'), ('సం', 'U'), ('త', '|'), ('సి', 'U'), ('ల్లం', 'U'), ('గు', '|'), ('మా', 'U'), ('రీ', 'U')]",0.59375,-1.0,1.0,0.625,0.0,0.75
kandamu,"మాసినతల మాసినయిలు
మాసిన వలువలు దరిద్ర మార్గంబులు నెం
తేసి ధనవంతులైనను
గాసిల్లుదు రల్పదశల గ్రాఁగి కుమారీ!",jaathi,Kumaarii,"[('మా', 'U'), ('సి', '|'), ('న', '|'), ('త', '|'), ('ల', '|'), ('మా', 'U'), ('సి', '|'), ('న', '|'), ('యి', '|'), ('లు', '|'), ('మా', 'U'), ('సి', '|'), ('న', '|'), ('వ', '|'), ('లు', '|'), ('వ', '|'), ('లు', '|'), ('ద', '|'), ('రి', '|'), ('ద్ర', '|'), ('మా', 'U'), ('ర్గం', 'U'), ('బు', '|'), ('లు', '|'), ('నెం', 'U'), ('తే', 'U'), ('సి', '|'), ('ధ', '|'), ('న', '|'), ('వం', 'U'), ('తు', '|'), ('లై', 'U'), ('న', '|'), ('ను', '|'), ('గా', 'U'), ('సి', 'U'), ('ల్లు', '|'), ('దు', '|'), ('ర', 'U'), ('ల్ప', '|'), ('ద', '|'), ('శ', '|'), ('ల', '|'), ('గ్రా', 'U'), ('గి', '|'), ('కు', '|'), ('మా', 'U'), ('రీ', 'U')]",0.515625,-1.0,1.0,0.5625,0.0,0.5
kandamu,"సన్నెకలుం బొత్రమ్మును
తన్నుకబోరాదు కాలఁ దగిలిన యెడలన్‌
గన్నుల నద్దుకొన న్వలెఁ
గ్రన్నన సిరి యందు నిలుచుఁ గాదె కుమారీ!",jaathi,Kumaarii,"[('స', 'U'), ('న్నె', '|'), ('క', '|'), ('లుం', 'U'), ('బొ', '|'), ('త్ర', 'U'), ('మ్ము', '|'), ('ను', '|'), ('త', 'U'), ('న్ను', '|'), ('క', '|'), ('బో', 'U'), ('రా', 'U'), ('దు', '|'), ('కా', 'U'), ('ల', '|'), ('ద', '|'), ('గి', '|'), ('లి', '|'), ('న', '|'), ('యె', '|'), ('డ', '|'), ('లన్', 'U'), ('గ', 'U'), ('న్ను', '|'), ('ల', '|'), ('న', 'U'), ('ద్దు', '|'), ('కొ', '|'), ('న', 'U'), ('న్వ', '|'), ('లె', '|'), ('గ్ర', 'U'), ('న్న', '|'), ('న', '|'), ('సి', '|'), ('రి', '|'), ('యం', 'U'), ('దు', '|'), ('ని', '|'), ('లు', '|'), ('చు', '|'), ('గా', 'U'), ('దె', '|'), ('కు', '|'), ('మా', 'U'), ('రీ', 'U')]",0.484375,-1.0,1.0,0.4375,0.0,0.5
kandamu,"దీపము వెలిగిం చెడిచోఁ
జీపురుపుడ కుంచవలయుఁ జేతుల నేతం
బాపము పాలౌదువు మది
లోపల నిది తలఁపవలయు రూఢిం గుమారీ!",jaathi,Kumaarii,"[('దీ', 'U'), ('ప', '|'), ('ము', '|'), ('వె', '|'), ('లి', '|'), ('గిం', 'U'), ('చె', '|'), ('డి', '|'), ('చో', 'U'), ('జీ', 'U'), ('పు', '|'), ('రు', '|'), ('పు', '|'), ('డ', '|'), ('కుం', 'U'), ('చ', '|'), ('వ', '|'), ('ల', '|'), ('యు', '|'), ('జే', 'U'), ('తు', '|'), ('ల', '|'), ('నే', 'U'), ('తం', 'U'), ('బా', 'U'), ('ప', '|'), ('ము', '|'), ('పా', 'U'), ('లౌ', 'U'), ('దు', '|'), ('వు', '|'), ('మ', '|'), ('ది', '|'), ('లో', 'U'), ('ప', '|'), ('ల', '|'), ('ని', '|'), ('ది', '|'), ('త', '|'), ('ల', '|'), ('ప', '|'), ('వ', '|'), ('ల', '|'), ('యు', '|'), ('రూ', 'U'), ('ఢిం', 'U'), ('గు', '|'), ('మా', 'U'), ('రీ', 'U')]",0.859375,-1.0,1.0,0.9375,0.5,1.0
kandamu,"సరకులయెడ జాగ్రత్తయుఁ
జుఱుకు పనులయందు భక్తి సుజనులయందున్‌
గరుణ యనాథుల యెడలం
దరుణికి జెలువారవలయు ధరణిఁ గుమారీ!",jaathi,Kumaarii,"[('స', '|'), ('ర', '|'), ('కు', '|'), ('ల', '|'), ('యె', '|'), ('డ', '|'), ('జా', 'U'), ('గ్ర', 'U'), ('త్త', '|'), ('యు', '|'), ('జు', '|'), ('ఱు', '|'), ('కు', '|'), ('ప', '|'), ('ను', '|'), ('ల', '|'), ('యం', 'U'), ('దు', '|'), ('భ', 'U'), ('క్తి', '|'), ('సు', '|'), ('జ', '|'), ('ను', '|'), ('ల', '|'), ('యం', 'U'), ('దున్', 'U'), ('గ', '|'), ('రు', '|'), ('ణ', '|'), ('య', '|'), ('నా', 'U'), ('థు', '|'), ('ల', '|'), ('యె', '|'), ('డ', '|'), ('లం', 'U'), ('ద', '|'), ('రు', '|'), ('ణి', '|'), ('కి', '|'), ('జె', '|'), ('లు', '|'), ('వా', 'U'), ('ర', '|'), ('వ', '|'), ('ల', '|'), ('యు', '|'), ('ధ', '|'), ('ర', '|'), ('ణి', '|'), ('గు', '|'), ('మా', 'U'), ('రీ', 'U')]",0.9375,-1.0,1.0,1.0,1.0,0.75
kandamu,"చెప్పినఁ జెప్పక యుండినఁ
దప్పక సేయంగవలయుఁ దనపనులెల్లన్‌
మెప్పొదవఁగాను లేదా
ముప్పొదవును గాదె యెందు ముద్దు కుమారీ!",jaathi,Kumaarii,"[('చె', 'U'), ('ప్పి', '|'), ('న', '|'), ('జె', 'U'), ('ప్ప', '|'), ('క', '|'), ('యుం', 'U'), ('డి', '|'), ('న', '|'), ('ద', 'U'), ('ప్ప', '|'), ('క', '|'), ('సే', 'U'), ('యం', 'U'), ('గ', '|'), ('వ', '|'), ('ల', '|'), ('యు', '|'), ('ద', '|'), ('న', '|'), ('ప', '|'), ('ను', '|'), ('లె', 'U'), ('ల్లన్', 'U'), ('మె', 'U'), ('ప్పొ', '|'), ('ద', '|'), ('వ', '|'), ('గా', 'U'), ('ను', '|'), ('లే', 'U'), ('దా', 'U'), ('ము', 'U'), ('ప్పొ', '|'), ('ద', '|'), ('వు', '|'), ('ను', '|'), ('గా', 'U'), ('దె', '|'), ('యెం', 'U'), ('దు', '|'), ('ము', 'U'), ('ద్దు', '|'), ('కు', '|'), ('మా', 'U'), ('రీ', 'U')]",1.0,-1.0,1.0,1.0,1.0,1.0
kandamu,"ఎంగిలి పరులకుఁ బెట్టకు
క్రంగున మ్రోయంగనీకు కాల్మెట్టియలన్‌
బంగారు లాభ ముండిన
దొంగతనము సేయుబుద్ధి దొలఁచు కుమారీ!",jaathi,Kumaarii,"[('ఎం', 'U'), ('గి', '|'), ('లి', '|'), ('ప', '|'), ('రు', '|'), ('ల', '|'), ('కు', '|'), ('బె', 'U'), ('ట్ట', '|'), ('కు', '|'), ('క్రం', 'U'), ('గు', '|'), ('న', '|'), ('మ్రో', 'U'), ('యం', 'U'), ('గ', '|'), ('నీ', 'U'), ('కు', '|'), ('కా', 'U'), ('ల్మె', 'U'), ('ట్టి', '|'), ('య', '|'), ('లన్', 'U'), ('బం', 'U'), ('గా', 'U'), ('రు', '|'), ('లా', 'U'), ('భ', '|'), ('ముం', 'U'), ('డి', '|'), ('న', '|'), ('దొం', 'U'), ('గ', '|'), ('త', '|'), ('న', '|'), ('ము', '|'), ('సే', 'U'), ('యు', '|'), ('బు', 'U'), ('ద్ధి', '|'), ('దొ', '|'), ('ల', '|'), ('చు', '|'), ('కు', '|'), ('మా', 'U'), ('రీ', 'U')]",1.0,-1.0,1.0,1.0,1.0,1.0
kandamu,"ఆపదల కోర్చి సంపద
లాపయి భోగించు ననెడి హర్షోక్తుల నీ
లోపలఁ దలఁచుచు లాంతరు
దీపముచందమున వెలుఁగఁ దివురు కుమారీ!",jaathi,Kumaarii,"[('ఆ', 'U'), ('ప', '|'), ('ద', '|'), ('ల', '|'), ('కో', 'U'), ('ర్చి', '|'), ('సం', 'U'), ('ప', '|'), ('ద', '|'), ('లా', 'U'), ('ప', '|'), ('యి', '|'), ('భో', 'U'), ('గిం', 'U'), ('చు', '|'), ('న', '|'), ('నె', '|'), ('డి', '|'), ('హ', 'U'), ('ర్షో', 'U'), ('క్తు', '|'), ('ల', '|'), ('నీ', 'U'), ('లో', 'U'), ('ప', '|'), ('ల', '|'), ('ద', '|'), ('ల', '|'), ('చు', '|'), ('చు', '|'), ('లాం', 'U'), ('త', '|'), ('రు', '|'), ('దీ', 'U'), ('ప', '|'), ('ము', '|'), ('చం', 'U'), ('ద', '|'), ('ము', '|'), ('న', '|'), ('వె', '|'), ('లు', '|'), ('గ', '|'), ('ది', '|'), ('వు', '|'), ('రు', '|'), ('కు', '|'), ('మా', 'U'), ('రీ', 'U')]",0.875,-1.0,1.0,1.0,0.5,1.0
kandamu,"తనకడుపు కట్టుకొని యై
నను జుట్టమ్మునకు బెట్టి నను గీర్తి వహిం
చును భుక్తి ముక్తు లబ్బును
దన కెవ్వరు సాటిరారు ధరణిఁ గుమారీ!",jaathi,Kumaarii,"[('త', '|'), ('న', '|'), ('క', '|'), ('డు', '|'), ('పు', '|'), ('క', 'U'), ('ట్టు', '|'), ('కొ', '|'), ('ని', '|'), ('యై', 'U'), ('న', '|'), ('ను', '|'), ('జు', 'U'), ('ట్ట', 'U'), ('మ్ము', '|'), ('న', '|'), ('కు', '|'), ('బె', 'U'), ('ట్టి', '|'), ('న', '|'), ('ను', '|'), ('గీ', 'U'), ('ర్తి', '|'), ('వ', '|'), ('హిం', 'U'), ('చు', '|'), ('ను', '|'), ('భు', 'U'), ('క్తి', '|'), ('ము', 'U'), ('క్తు', '|'), ('ల', 'U'), ('బ్బు', '|'), ('ను', '|'), ('ద', '|'), ('న', '|'), ('కె', 'U'), ('వ్వ', '|'), ('రు', '|'), ('సా', 'U'), ('టి', '|'), ('రా', 'U'), ('రు', '|'), ('ధ', '|'), ('ర', '|'), ('ణి', '|'), ('గు', '|'), ('మా', 'U'), ('రీ', 'U')]",1.0,-1.0,1.0,1.0,1.0,1.0
kandamu,"వడి దనిపించుకొనుటకున్‌
గడి యైననుఁ బట్టకుండుఁ గాంతలలో నె
క్కుడు గుణవతి యనిపించెడి
నడవడి నేర్చుటయె కడు ఘనంబు కుమారీ!",jaathi,Kumaarii,"[('వ', '|'), ('డి', '|'), ('ద', '|'), ('ని', '|'), ('పిం', 'U'), ('చు', '|'), ('కొ', '|'), ('ను', '|'), ('ట', '|'), ('కున్', 'U'), ('గ', '|'), ('డి', '|'), ('యై', 'U'), ('న', '|'), ('ను', '|'), ('బ', 'U'), ('ట్ట', '|'), ('కుం', 'U'), ('డు', '|'), ('గాం', 'U'), ('త', '|'), ('ల', '|'), ('లో', 'U'), ('నె', 'U'), ('క్కు', '|'), ('డు', '|'), ('గు', '|'), ('ణ', '|'), ('వ', '|'), ('తి', '|'), ('య', '|'), ('ని', '|'), ('పిం', 'U'), ('చె', '|'), ('డి', '|'), ('న', '|'), ('డ', '|'), ('వ', '|'), ('డి', '|'), ('నే', 'U'), ('ర్చు', '|'), ('ట', '|'), ('యె', '|'), ('క', '|'), ('డు', '|'), ('ఘ', '|'), ('నం', 'U'), ('బు', '|'), ('కు', '|'), ('మా', 'U'), ('రీ', 'U')]",1.0,-1.0,1.0,1.0,1.0,1.0
kandamu,"చెప్పకు చేసినమేలు నొ
కప్పుడయినఁ గాని దాని హర్షింపరుగా
గొప్పలు చెప్పిన నదియును
దప్పే యని చిత్తమందుఁ దలఁపు కుమారీ!",jaathi,Kumaarii,"[('చె', 'U'), ('ప్ప', '|'), ('కు', '|'), ('చే', 'U'), ('సి', '|'), ('న', '|'), ('మే', 'U'), ('లు', '|'), ('నొ', '|'), ('క', 'U'), ('ప్పు', '|'), ('డ', '|'), ('యి', '|'), ('న', '|'), ('గా', 'U'), ('ని', '|'), ('దా', 'U'), ('ని', '|'), ('హ', 'U'), ('ర్షిం', 'U'), ('ప', '|'), ('రు', '|'), ('గా', 'U'), ('గొ', 'U'), ('ప్ప', '|'), ('లు', '|'), ('చె', 'U'), ('ప్పి', '|'), ('న', '|'), ('న', '|'), ('ది', '|'), ('యు', '|'), ('ను', '|'), ('ద', 'U'), ('ప్పే', 'U'), ('య', '|'), ('ని', '|'), ('చి', 'U'), ('త్త', '|'), ('మం', 'U'), ('దు', '|'), ('ద', '|'), ('ల', '|'), ('పు', '|'), ('కు', '|'), ('మా', 'U'), ('రీ', 'U')]",0.875,-1.0,1.0,1.0,0.5,1.0
kandamu,"ఎంతటి యాఁకలి కలిగిన
బంతిని గూర్చుండి ముందు భక్షింపకు సా
మంతులు బంధువులును నిసు
మంతైనను జెల్ల దందు రమ్మ కుమారీ!",jaathi,Kumaarii,"[('ఎం', 'U'), ('త', '|'), ('టి', '|'), ('యా', 'U'), ('క', '|'), ('లి', '|'), ('క', '|'), ('లి', '|'), ('గి', '|'), ('న', '|'), ('బం', 'U'), ('తి', '|'), ('ని', '|'), ('గూ', 'U'), ('ర్చుం', 'U'), ('డి', '|'), ('ముం', 'U'), ('దు', '|'), ('భ', 'U'), ('క్షిం', 'U'), ('ప', '|'), ('కు', '|'), ('సా', 'U'), ('మం', 'U'), ('తు', '|'), ('లు', '|'), ('బం', 'U'), ('ధు', '|'), ('వు', '|'), ('లు', '|'), ('ను', '|'), ('ని', '|'), ('సు', '|'), ('మం', 'U'), ('తై', 'U'), ('న', '|'), ('ను', '|'), ('జె', 'U'), ('ల్ల', '|'), ('దం', 'U'), ('దు', '|'), ('ర', 'U'), ('మ్మ', '|'), ('కు', '|'), ('మా', 'U'), ('రీ', 'U')]",0.875,-1.0,1.0,1.0,0.5,1.0
kandamu,"అధికారము లేనిపనుల
కధికారము సేయఁబోకు మందునఁ గోపం
బధికం బగు నీవారికి
బుధు లది విని హర్ష మొందఁ బోరు కుమారీ!",jaathi,Kumaarii,"[('అ', '|'), ('ధి', '|'), ('కా', 'U'), ('ర', '|'), ('ము', '|'), ('లే', 'U'), ('ని', '|'), ('ప', '|'), ('ను', '|'), ('ల', '|'), ('క', '|'), ('ధి', '|'), ('కా', 'U'), ('ర', '|'), ('ము', '|'), ('సే', 'U'), ('య', '|'), ('బో', 'U'), ('కు', '|'), ('మం', 'U'), ('దు', '|'), ('న', '|'), ('గో', 'U'), ('పం', 'U'), ('బ', '|'), ('ధి', '|'), ('కం', 'U'), ('బ', '|'), ('గు', '|'), ('నీ', 'U'), ('వా', 'U'), ('రి', '|'), ('కి', '|'), ('బు', '|'), ('ధు', '|'), ('ల', '|'), ('ది', '|'), ('వి', '|'), ('ని', '|'), ('హ', 'U'), ('ర్ష', '|'), ('మొం', 'U'), ('ద', '|'), ('బో', 'U'), ('రు', '|'), ('కు', '|'), ('మా', 'U'), ('రీ', 'U')]",0.875,-1.0,1.0,1.0,0.5,1.0
kandamu,"తా నమ్ముడు వడియైనం
దీనుండగు ధవునియార్తిఁ దీర్చగ సతికిన్‌
మానము చంద్రమతీ జల
జాననఁ దలపోయవలయు నాత్మఁ గుమారీ!",jaathi,Kumaarii,"[('తా', 'U'), ('న', 'U'), ('మ్ము', '|'), ('డు', '|'), ('వ', '|'), ('డి', '|'), ('యై', 'U'), ('నం', 'U'), ('దీ', 'U'), ('నుం', 'U'), ('డ', '|'), ('గు', '|'), ('ధ', '|'), ('వు', '|'), ('ని', '|'), ('యా', 'U'), ('ర్తి', '|'), ('దీ', 'U'), ('ర్చ', '|'), ('గ', '|'), ('స', '|'), ('తి', '|'), ('కిన్', 'U'), ('మా', 'U'), ('న', '|'), ('ము', '|'), ('చం', 'U'), ('ద్ర', '|'), ('మ', '|'), ('తీ', 'U'), ('జ', '|'), ('ల', '|'), ('జా', 'U'), ('న', '|'), ('న', '|'), ('ద', '|'), ('ల', '|'), ('పో', 'U'), ('య', '|'), ('వ', '|'), ('ల', '|'), ('యు', '|'), ('నా', 'U'), ('త్మ', '|'), ('గు', '|'), ('మా', 'U'), ('రీ', 'U')]",0.875,-1.0,1.0,1.0,0.5,1.0
kandamu,"తనకంటెఁ బేదరాండ్రం
గని యంతకుఁ దనకు మేలు గా యనవలయున్‌
దనకంటె భాగ్యవంతులఁ
గని గుటకలు మ్రింగ మేలు గాదు కుమారీ!",jaathi,Kumaarii,"[('త', '|'), ('న', '|'), ('కం', 'U'), ('టె', '|'), ('బే', 'U'), ('ద', '|'), ('రాం', 'U'), ('డ్రం', 'U'), ('గ', '|'), ('ని', '|'), ('యం', 'U'), ('త', '|'), ('కు', '|'), ('ద', '|'), ('న', '|'), ('కు', '|'), ('మే', 'U'), ('లు', '|'), ('గా', 'U'), ('య', '|'), ('న', '|'), ('వ', '|'), ('ల', '|'), ('యున్', 'U'), ('ద', '|'), ('న', '|'), ('కం', 'U'), ('టె', '|'), ('భా', 'U'), ('గ్య', '|'), ('వం', 'U'), ('తు', '|'), ('ల', '|'), ('గ', '|'), ('ని', '|'), ('గు', '|'), ('ట', '|'), ('క', '|'), ('లు', '|'), ('మ్రిం', 'U'), ('గ', '|'), ('మే', 'U'), ('లు', '|'), ('గా', 'U'), ('దు', '|'), ('కు', '|'), ('మా', 'U'), ('రీ', 'U')]",1.0,-1.0,1.0,1.0,1.0,1.0
kandamu,"విఱుగఁబడి నడువఁ గూడదు
పరుల నడక లెన్ని తప్పు బట్టఁజనదు ని
ష్ఠురములు వచింపఁగూడదు
కఱపఁగవలె మేలు మేలు గలదు కుమారీ!",jaathi,Kumaarii,"[('వి', '|'), ('ఱు', '|'), ('గ', '|'), ('బ', '|'), ('డి', '|'), ('న', '|'), ('డు', '|'), ('వ', '|'), ('గూ', 'U'), ('డ', '|'), ('దు', '|'), ('ప', '|'), ('రు', '|'), ('ల', '|'), ('న', '|'), ('డ', '|'), ('క', '|'), ('లె', 'U'), ('న్ని', '|'), ('త', 'U'), ('ప్పు', '|'), ('బ', 'U'), ('ట్ట', '|'), ('జ', '|'), ('న', '|'), ('దు', '|'), ('ని', 'U'), ('ష్ఠు', '|'), ('ర', '|'), ('ము', '|'), ('లు', '|'), ('వ', '|'), ('చిం', 'U'), ('ప', '|'), ('గూ', 'U'), ('డ', '|'), ('దు', '|'), ('క', '|'), ('ఱ', '|'), ('ప', '|'), ('గ', '|'), ('వ', '|'), ('లె', '|'), ('మే', 'U'), ('లు', '|'), ('మే', 'U'), ('లు', '|'), ('గ', '|'), ('ల', '|'), ('దు', '|'), ('కు', '|'), ('మా', 'U'), ('రీ', 'U')]",0.875,-1.0,1.0,1.0,1.0,0.5
kandamu,"కోపమున నప్పు డాడ ని
రూపించినమాటఁ గొన్ని రోజులు చనినం
జూపెట్టుదు నని శాంతము
లోపలఁ గొనవలయు ధర్మలోల! కుమారీ!",jaathi,Kumaarii,"[('కో', 'U'), ('ప', '|'), ('ము', '|'), ('న', '|'), ('న', 'U'), ('ప్పు', '|'), ('డా', 'U'), ('డ', '|'), ('ని', '|'), ('రూ', 'U'), ('పిం', 'U'), ('చి', '|'), ('న', '|'), ('మా', 'U'), ('ట', '|'), ('గొ', 'U'), ('న్ని', '|'), ('రో', 'U'), ('జు', '|'), ('లు', '|'), ('చ', '|'), ('ని', '|'), ('నం', 'U'), ('జూ', 'U'), ('పె', 'U'), ('ట్టు', '|'), ('దు', '|'), ('న', '|'), ('ని', '|'), ('శాం', 'U'), ('త', '|'), ('ము', '|'), ('లో', 'U'), ('ప', '|'), ('ల', '|'), ('గొ', '|'), ('న', '|'), ('వ', '|'), ('ల', '|'), ('యు', '|'), ('ధ', 'U'), ('ర్మ', '|'), ('లో', 'U'), ('ల', '|'), ('కు', '|'), ('మా', 'U'), ('రీ', 'U')]",1.0,-1.0,1.0,1.0,1.0,1.0
kandamu,"కలహపడునింట నిలువదు
కలుముల జవరాలు కానఁ గలకాలం బే
కలహములు లేక సమ్మతి
మెలఁగంగా నేర్చెనేని మేలు కుమారీ!",jaathi,Kumaarii,"[('క', '|'), ('ల', '|'), ('హ', '|'), ('ప', '|'), ('డు', '|'), ('నిం', 'U'), ('ట', '|'), ('ని', '|'), ('లు', '|'), ('వ', '|'), ('దు', '|'), ('క', '|'), ('లు', '|'), ('ము', '|'), ('ల', '|'), ('జ', '|'), ('వ', '|'), ('రా', 'U'), ('లు', '|'), ('కా', 'U'), ('న', '|'), ('గ', '|'), ('ల', '|'), ('కా', 'U'), ('లం', 'U'), ('బే', 'U'), ('క', '|'), ('ల', '|'), ('హ', '|'), ('ము', '|'), ('లు', '|'), ('లే', 'U'), ('క', '|'), ('స', 'U'), ('మ్మ', '|'), ('తి', '|'), ('మె', '|'), ('ల', '|'), ('గం', 'U'), ('గా', 'U'), ('నే', 'U'), ('ర్చె', '|'), ('నే', 'U'), ('ని', '|'), ('మే', 'U'), ('లు', '|'), ('కు', '|'), ('మా', 'U'), ('రీ', 'U')]",1.0,-1.0,1.0,1.0,1.0,1.0
kandamu,"గురుశుక్రవారముల మం
దిర గేహళులందు లక్ష్మి తిరముగ నిలుచుం
గరగరిక నలకి మ్రు గ్గిడి
గురుభక్తి మెలంగఁ బాయు గొదువ కుమారీ!",jaathi,Kumaarii,"[('గు', '|'), ('రు', '|'), ('శు', '|'), ('క్ర', '|'), ('వా', 'U'), ('ర', '|'), ('ము', '|'), ('ల', '|'), ('మం', 'U'), ('ది', '|'), ('ర', '|'), ('గే', 'U'), ('హ', '|'), ('ళు', '|'), ('లం', 'U'), ('దు', '|'), ('ల', 'U'), ('క్ష్మి', '|'), ('తి', '|'), ('ర', '|'), ('ము', '|'), ('గ', '|'), ('ని', '|'), ('లు', '|'), ('చుం', 'U'), ('గ', '|'), ('ర', '|'), ('గ', '|'), ('రి', '|'), ('క', '|'), ('న', '|'), ('ల', '|'), ('కి', '|'), ('మ్రు', 'U'), ('గ్గి', '|'), ('డి', '|'), ('గు', '|'), ('రు', '|'), ('భ', 'U'), ('క్తి', '|'), ('మె', '|'), ('లం', 'U'), ('గ', '|'), ('బా', 'U'), ('యు', '|'), ('గొ', '|'), ('దు', '|'), ('వ', '|'), ('కు', '|'), ('మా', 'U'), ('రీ', 'U')]",0.4375,-1.0,1.0,0.5,0.0,0.25
kandamu,"అపకీర్తి బొందుట క
ష్టపుఁబని గా దొక్క గడియ చాలును గీర్తిన్‌
నిపుణత వహింపవలయును
జపలగుణములెల్లఁ బాసి చనఁగఁ గుమారీ!",jaathi,Kumaarii,"[('అ', '|'), ('ప', '|'), ('కీ', 'U'), ('ర్తి', '|'), ('బొం', 'U'), ('దు', '|'), ('ట', '|'), ('క', 'U'), ('ష్ట', '|'), ('పు', '|'), ('బ', '|'), ('ని', '|'), ('గా', 'U'), ('దొ', 'U'), ('క్క', '|'), ('గ', '|'), ('డి', '|'), ('య', '|'), ('చా', 'U'), ('లు', '|'), ('ను', '|'), ('గీ', 'U'), ('ర్తిన్', 'U'), ('ని', '|'), ('పు', '|'), ('ణ', '|'), ('త', '|'), ('వ', '|'), ('హిం', 'U'), ('ప', '|'), ('వ', '|'), ('ల', '|'), ('యు', '|'), ('ను', '|'), ('జ', '|'), ('ప', '|'), ('ల', '|'), ('గు', '|'), ('ణ', '|'), ('ము', '|'), ('లె', 'U'), ('ల్ల', '|'), ('బా', 'U'), ('సి', '|'), ('చ', '|'), ('న', '|'), ('గ', '|'), ('గు', '|'), ('మా', 'U'), ('రీ', 'U')]",0.4375,-1.0,1.0,0.5,0.0,0.25
kandamu,"సరకులు బట్టలు వన్నెల
కెరవులు తేఁదగదు తెచ్చెనేని సరకు ల
క్కఱఁ దీర్చుకొనుచు వెంటనె
మరలింపకయున్నఁ దప్పు మాట కుమారీ!",jaathi,Kumaarii,"[('స', '|'), ('ర', '|'), ('కు', '|'), ('లు', '|'), ('బ', 'U'), ('ట్ట', '|'), ('లు', '|'), ('వ', 'U'), ('న్నె', '|'), ('ల', '|'), ('కె', '|'), ('ర', '|'), ('వు', '|'), ('లు', '|'), ('తే', 'U'), ('ద', '|'), ('గ', '|'), ('దు', '|'), ('తె', 'U'), ('చ్చె', '|'), ('నే', 'U'), ('ని', '|'), ('స', '|'), ('ర', '|'), ('కు', '|'), ('ల', 'U'), ('క్క', '|'), ('ఱ', '|'), ('దీ', 'U'), ('ర్చు', '|'), ('కొ', '|'), ('ను', '|'), ('చు', '|'), ('వెం', 'U'), ('ట', '|'), ('నె', '|'), ('మ', '|'), ('ర', '|'), ('లిం', 'U'), ('ప', '|'), ('క', '|'), ('యు', 'U'), ('న్న', '|'), ('ద', 'U'), ('ప్పు', '|'), ('మా', 'U'), ('ట', '|'), ('కు', '|'), ('మా', 'U'), ('రీ', 'U')]",0.8125,-1.0,1.0,1.0,0.5,0.75
kandamu,"గొప్పదశ వచ్చెననుచు నొ
కప్పుడయిన గర్వపడకు మదిఁ దొలఁగినచో
జప్పట్లు చరతు రందఱుఁ
దప్పని దండించు దండధరుఁడు కుమారీ!",jaathi,Kumaarii,"[('గొ', 'U'), ('ప్ప', '|'), ('ద', '|'), ('శ', '|'), ('వ', 'U'), ('చ్చె', '|'), ('న', '|'), ('ను', '|'), ('చు', '|'), ('నొ', '|'), ('క', 'U'), ('ప్పు', '|'), ('డ', '|'), ('యి', '|'), ('న', '|'), ('గ', 'U'), ('ర్వ', '|'), ('ప', '|'), ('డ', '|'), ('కు', '|'), ('మ', '|'), ('ది', '|'), ('దొ', '|'), ('ల', '|'), ('గి', '|'), ('న', '|'), ('చో', 'U'), ('జ', 'U'), ('ప్ప', 'U'), ('ట్లు', '|'), ('చ', '|'), ('ర', '|'), ('తు', '|'), ('రం', 'U'), ('ద', '|'), ('ఱు', '|'), ('ద', 'U'), ('ప్ప', '|'), ('ని', '|'), ('దం', 'U'), ('డిం', 'U'), ('చు', '|'), ('దం', 'U'), ('డ', '|'), ('ధ', '|'), ('రు', '|'), ('డు', '|'), ('కు', '|'), ('మా', 'U'), ('రీ', 'U')]",0.875,-1.0,1.0,1.0,0.5,1.0
kandamu,"సుమతియును జంద్రమతియును
దమయంతియు జానకియును ద్రౌపదియును బ
న్నములం బడి పతిభక్తిం
గ్రమమున నడుపుటలు తలఁప గాదె? కుమారీ!",jaathi,Kumaarii,"[('సు', '|'), ('మ', '|'), ('తి', '|'), ('యు', '|'), ('ను', '|'), ('జం', 'U'), ('ద్ర', '|'), ('మ', '|'), ('తి', '|'), ('యు', '|'), ('ను', '|'), ('ద', '|'), ('మ', '|'), ('యం', 'U'), ('తి', '|'), ('యు', '|'), ('జా', 'U'), ('న', '|'), ('కి', '|'), ('యు', '|'), ('ను', '|'), ('ద్రౌ', 'U'), ('ప', '|'), ('ది', '|'), ('యు', '|'), ('ను', '|'), ('బ', 'U'), ('న్న', '|'), ('ము', '|'), ('లం', 'U'), ('బ', '|'), ('డి', '|'), ('ప', '|'), ('తి', '|'), ('భ', 'U'), ('క్తిం', 'U'), ('గ్ర', '|'), ('మ', '|'), ('ము', '|'), ('న', '|'), ('న', '|'), ('డు', '|'), ('పు', '|'), ('ట', '|'), ('లు', '|'), ('త', '|'), ('ల', '|'), ('ప', '|'), ('గా', 'U'), ('దె', '|'), ('కు', '|'), ('మా', 'U'), ('రీ', 'U')]",1.0,-1.0,1.0,1.0,1.0,1.0
kandamu,"సుమతి యను రమణి పతికై
శ్రమనొందుట నీచసేవ సలుపుటయు వియ
ద్గమననిరోధము భానున
కమరించుటయుం దలంపు మాత్మఁ గుమారీ!",jaathi,Kumaarii,"[('సు', '|'), ('మ', '|'), ('తి', '|'), ('య', '|'), ('ను', '|'), ('ర', '|'), ('మ', '|'), ('ణి', '|'), ('ప', '|'), ('తి', '|'), ('కై', 'U'), ('శ్ర', '|'), ('మ', '|'), ('నొం', 'U'), ('దు', '|'), ('ట', '|'), ('నీ', 'U'), ('చ', '|'), ('సే', 'U'), ('వ', '|'), ('స', '|'), ('లు', '|'), ('పు', '|'), ('ట', '|'), ('యు', '|'), ('వి', '|'), ('య', 'U'), ('ద్గ', '|'), ('మ', '|'), ('న', '|'), ('ని', '|'), ('రో', 'U'), ('ధ', '|'), ('ము', '|'), ('భా', 'U'), ('ను', '|'), ('న', '|'), ('క', '|'), ('మ', '|'), ('రిం', 'U'), ('చు', '|'), ('ట', '|'), ('యుం', 'U'), ('ద', '|'), ('లం', 'U'), ('పు', '|'), ('మా', 'U'), ('త్మ', '|'), ('గు', '|'), ('మా', 'U'), ('రీ', 'U')]",0.875,-1.0,1.0,1.0,0.5,1.0
kandamu,"వాణియు శర్వాణియు హరి
రాణియు వాక్కునను మైనురంబున నుంటల్‌
రాణఁ దిలకించి మదిలో
బాణిగ్రాహియెడ నిల్పు భక్తిఁ గుమారీ!",jaathi,Kumaarii,"[('వా', 'U'), ('ణి', '|'), ('యు', '|'), ('శ', 'U'), ('ర్వా', 'U'), ('ణి', '|'), ('యు', '|'), ('హ', '|'), ('రి', '|'), ('రా', 'U'), ('ణి', '|'), ('యు', '|'), ('వా', 'U'), ('క్కు', '|'), ('న', '|'), ('ను', '|'), ('మై', 'U'), ('ను', '|'), ('రం', 'U'), ('బు', '|'), ('న', '|'), ('నుం', 'U'), ('టల్', 'U'), ('రా', 'U'), ('ణ', '|'), ('ది', '|'), ('ల', '|'), ('కిం', 'U'), ('చి', '|'), ('మ', '|'), ('ది', '|'), ('లో', 'U'), ('బా', 'U'), ('ణి', '|'), ('గ్రా', 'U'), ('హి', '|'), ('యె', '|'), ('డ', '|'), ('ని', 'U'), ('ల్పు', '|'), ('భ', 'U'), ('క్తి', '|'), ('గు', '|'), ('మా', 'U'), ('రీ', 'U')]",0.828125,-1.0,1.0,0.8125,0.5,1.0
kandamu,"వడ్డించునపుడు తాఁ గను
బిడ్డనికిం దల్లిభంగిం బ్రేమ దలిర్పన్‌
వడ్డింపవలయు భర్తకు
నెడ్డెతనము మానవలయు నెందుఁ గుమారీ!",jaathi,Kumaarii,"[('వ', 'U'), ('డ్డిం', 'U'), ('చు', '|'), ('న', '|'), ('పు', '|'), ('డు', '|'), ('తా', 'U'), ('గ', '|'), ('ను', '|'), ('బి', 'U'), ('డ్డ', '|'), ('ని', '|'), ('కిం', 'U'), ('ద', 'U'), ('ల్లి', '|'), ('భం', 'U'), ('గిం', 'U'), ('బ్రే', 'U'), ('మ', '|'), ('ద', '|'), ('లి', 'U'), ('ర్పన్', 'U'), ('వ', 'U'), ('డ్డిం', 'U'), ('ప', '|'), ('వ', '|'), ('ల', '|'), ('యు', '|'), ('భ', 'U'), ('ర్త', '|'), ('కు', '|'), ('నె', 'U'), ('డ్డె', '|'), ('త', '|'), ('న', '|'), ('ము', '|'), ('మా', 'U'), ('న', '|'), ('వ', '|'), ('ల', '|'), ('యు', '|'), ('నెం', 'U'), ('దు', '|'), ('గు', '|'), ('మా', 'U'), ('రీ', 'U')]",0.5625,-1.0,1.0,0.75,0.0,0.5
kandamu,"పవళించునపుడు రంభా
కువలయదళనేత్రభంగి గోరినరీతిన్‌
ధవుని కొనఁగూర్పవలయును
దివి భువి నుతిఁ బొందునట్టి తెఱవ కుమారీ!",jaathi,Kumaarii,"[('ప', '|'), ('వ', '|'), ('ళిం', 'U'), ('చు', '|'), ('న', '|'), ('పు', '|'), ('డు', '|'), ('రం', 'U'), ('భా', 'U'), ('కు', '|'), ('వ', '|'), ('ల', '|'), ('య', '|'), ('ద', '|'), ('ళ', '|'), ('నే', 'U'), ('త్ర', '|'), ('భం', 'U'), ('గి', '|'), ('గో', 'U'), ('రి', '|'), ('న', '|'), ('రీ', 'U'), ('తిన్', 'U'), ('ధ', '|'), ('వు', '|'), ('ని', '|'), ('కొ', '|'), ('న', '|'), ('గూ', 'U'), ('ర్ప', '|'), ('వ', '|'), ('ల', '|'), ('యు', '|'), ('ను', '|'), ('ది', '|'), ('వి', '|'), ('భు', '|'), ('వి', '|'), ('ను', '|'), ('తి', '|'), ('బొం', 'U'), ('దు', '|'), ('న', 'U'), ('ట్టి', '|'), ('తె', '|'), ('ఱ', '|'), ('వ', '|'), ('కు', '|'), ('మా', 'U'), ('రీ', 'U')]",1.0,-1.0,1.0,1.0,1.0,1.0
kandamu,"ఆలోచన యొనరించెడి
వేళలలో మంత్రిభంగి వివరింపవలెన్‌
కాలోచిత కృత్యంబుల
భూలోకమునందుఁ గీర్తి బొందుఁ గుమారీ!",jaathi,Kumaarii,"[('ఆ', 'U'), ('లో', 'U'), ('చ', '|'), ('న', '|'), ('యొ', '|'), ('న', '|'), ('రిం', 'U'), ('చె', '|'), ('డి', '|'), ('వే', 'U'), ('ళ', '|'), ('ల', '|'), ('లో', 'U'), ('మం', 'U'), ('త్రి', '|'), ('భం', 'U'), ('గి', '|'), ('వి', '|'), ('వ', '|'), ('రిం', 'U'), ('ప', '|'), ('వ', '|'), ('లెన్', 'U'), ('కా', 'U'), ('లో', 'U'), ('చి', '|'), ('త', '|'), ('కృ', 'U'), ('త్యం', 'U'), ('బు', '|'), ('ల', '|'), ('భూ', 'U'), ('లో', 'U'), ('క', '|'), ('ము', '|'), ('నం', 'U'), ('దు', '|'), ('గీ', 'U'), ('ర్తి', '|'), ('బొం', 'U'), ('దు', '|'), ('గు', '|'), ('మా', 'U'), ('రీ', 'U')]",0.9375,-1.0,1.0,1.0,1.0,0.75
kandamu,"పనిసేయునపుడు దాసీ
వనితవిధంబునను మేను పంపఁగవలయున్‌
ధనవంతుల సుత యైనను
ఘనత గలుగు దానివలనఁ గాదె కుమారీ!",jaathi,Kumaarii,"[('ప', '|'), ('ని', '|'), ('సే', 'U'), ('యు', '|'), ('న', '|'), ('పు', '|'), ('డు', '|'), ('దా', 'U'), ('సీ', 'U'), ('వ', '|'), ('ని', '|'), ('త', '|'), ('వి', '|'), ('ధం', 'U'), ('బు', '|'), ('న', '|'), ('ను', '|'), ('మే', 'U'), ('ను', '|'), ('పం', 'U'), ('ప', '|'), ('గ', '|'), ('వ', '|'), ('ల', '|'), ('యున్', 'U'), ('ధ', '|'), ('న', '|'), ('వం', 'U'), ('తు', '|'), ('ల', '|'), ('సు', '|'), ('త', '|'), ('యై', 'U'), ('న', '|'), ('ను', '|'), ('ఘ', '|'), ('న', '|'), ('త', '|'), ('గ', '|'), ('లు', '|'), ('గు', '|'), ('దా', 'U'), ('ని', '|'), ('వ', '|'), ('ల', '|'), ('న', '|'), ('గా', 'U'), ('దె', '|'), ('కు', '|'), ('మా', 'U'), ('రీ', 'U')]",0.875,-1.0,1.0,1.0,0.5,1.0
kandamu,"దానములు ధర్మకార్యము
లూనంగాఁ గలిగినంత యుక్తక్రియలన్‌
మానవతుల కిది ధర్మము
గా నెఱిఁగి యొనర్పవలయుఁ గాదె కుమారీ!",jaathi,Kumaarii,"[('దా', 'U'), ('న', '|'), ('ము', '|'), ('లు', '|'), ('ధ', 'U'), ('ర్మ', '|'), ('కా', 'U'), ('ర్య', '|'), ('ము', '|'), ('లూ', 'U'), ('నం', 'U'), ('గా', 'U'), ('గ', '|'), ('లి', '|'), ('గి', '|'), ('నం', 'U'), ('త', '|'), ('యు', 'U'), ('క్త', '|'), ('క్రి', '|'), ('య', '|'), ('లన్', 'U'), ('మా', 'U'), ('న', '|'), ('వ', '|'), ('తు', '|'), ('ల', '|'), ('కి', '|'), ('ది', '|'), ('ధ', 'U'), ('ర్మ', '|'), ('ము', '|'), ('గా', 'U'), ('నె', '|'), ('ఱి', '|'), ('గి', '|'), ('యొ', '|'), ('న', 'U'), ('ర్ప', '|'), ('వ', '|'), ('ల', '|'), ('యు', '|'), ('గా', 'U'), ('దె', '|'), ('కు', '|'), ('మా', 'U'), ('రీ', 'U')]",0.5625,-1.0,1.0,0.75,0.0,0.5
kandamu,"శ్రమ యెంత సంభవించిన
క్షమ మఱువఁగ రాదు ధరణి చందంబున స
త్యమునఁ బ్రవర్తించిన యా
రమణియె లోకంబునందు రమణి కుమారీ!",jaathi,Kumaarii,"[('శ్ర', '|'), ('మ', '|'), ('యెం', 'U'), ('త', '|'), ('సం', 'U'), ('భ', '|'), ('విం', 'U'), ('చి', '|'), ('న', 'U'), ('క్ష', '|'), ('మ', '|'), ('మ', '|'), ('ఱు', '|'), ('వ', '|'), ('గ', '|'), ('రా', 'U'), ('దు', '|'), ('ధ', '|'), ('ర', '|'), ('ణి', '|'), ('చం', 'U'), ('దం', 'U'), ('బు', '|'), ('న', '|'), ('స', 'U'), ('త్య', '|'), ('ము', '|'), ('న', '|'), ('బ్ర', '|'), ('వ', 'U'), ('ర్తిం', 'U'), ('చి', '|'), ('న', '|'), ('యా', 'U'), ('ర', '|'), ('మ', '|'), ('ణి', '|'), ('యె', '|'), ('లో', 'U'), ('కం', 'U'), ('బు', '|'), ('నం', 'U'), ('దు', '|'), ('ర', '|'), ('మ', '|'), ('ణి', '|'), ('కు', '|'), ('మా', 'U'), ('రీ', 'U')]",0.46875,-1.0,1.0,0.375,0.0,0.5
kandamu,"ఈ రీతిఁ దిరుగ నేర్చిన
నారీమణి కీర్తిఁ బొందు నరలోకమునన్‌
దూఱులు తొలంగి పోవును
ఘోరదురితసంఘ మెల్ల గుందుఁ గుమారీ!",jaathi,Kumaarii,"[('ఈ', 'U'), ('రీ', 'U'), ('తి', '|'), ('ది', '|'), ('రు', '|'), ('గ', '|'), ('నే', 'U'), ('ర్చి', '|'), ('న', '|'), ('నా', 'U'), ('రీ', 'U'), ('మ', '|'), ('ణి', '|'), ('కీ', 'U'), ('ర్తి', '|'), ('బొం', 'U'), ('దు', '|'), ('న', '|'), ('ర', '|'), ('లో', 'U'), ('క', '|'), ('ము', '|'), ('నన్', 'U'), ('దూ', 'U'), ('ఱు', '|'), ('లు', '|'), ('తొ', '|'), ('లం', 'U'), ('గి', '|'), ('పో', 'U'), ('వు', '|'), ('ను', '|'), ('ఘో', 'U'), ('ర', '|'), ('దు', '|'), ('రి', '|'), ('త', '|'), ('సం', 'U'), ('ఘ', '|'), ('మె', 'U'), ('ల్ల', '|'), ('గుం', 'U'), ('దు', '|'), ('గు', '|'), ('మా', 'U'), ('రీ', 'U')]",0.9375,-1.0,1.0,1.0,1.0,0.75
kandamu,"కామము సంకల్పంబున
బామొందెడుఁ దొలగుఁ దేహ భావము దెలియన్‌
వేమఱు నిది పరికించుట
క్షేమం బగు ముక్తిఁ గని సుఖింపు కుమారీ!",jaathi,Kumaarii,"[('కా', 'U'), ('మ', '|'), ('ము', '|'), ('సం', 'U'), ('క', 'U'), ('ల్పం', 'U'), ('బు', '|'), ('న', '|'), ('బా', 'U'), ('మొం', 'U'), ('దె', '|'), ('డు', '|'), ('దొ', '|'), ('ల', '|'), ('గు', '|'), ('దే', 'U'), ('హ', '|'), ('భా', 'U'), ('వ', '|'), ('ము', '|'), ('దె', '|'), ('లి', '|'), ('యన్', 'U'), ('వే', 'U'), ('మ', '|'), ('ఱు', '|'), ('ని', '|'), ('ది', '|'), ('ప', '|'), ('రి', '|'), ('కిం', 'U'), ('చు', '|'), ('ట', 'U'), ('క్షే', 'U'), ('మం', 'U'), ('బ', '|'), ('గు', '|'), ('ము', 'U'), ('క్తి', '|'), ('గ', '|'), ('ని', '|'), ('సు', '|'), ('ఖిం', 'U'), ('పు', '|'), ('కు', '|'), ('మా', 'U'), ('రీ', 'U')]",0.75,-1.0,1.0,0.75,0.5,0.75
kandamu,"పరజనము లాచరించెడి
దురితంబునఁ గ్రోధగుణము దోఁచెడి నధిక
స్ఫురణన్‌ క్షమఁ గైకొనినం
దఱుఁగు నది యెఱింగి మెలఁగ దగును కుమారీ!",jaathi,Kumaarii,"[('ప', '|'), ('ర', '|'), ('జ', '|'), ('న', '|'), ('ము', '|'), ('లా', 'U'), ('చ', '|'), ('రిం', 'U'), ('చె', '|'), ('డి', '|'), ('దు', '|'), ('రి', '|'), ('తం', 'U'), ('బు', '|'), ('న', '|'), ('గ్రో', 'U'), ('ధ', '|'), ('గు', '|'), ('ణ', '|'), ('ము', '|'), ('దో', 'U'), ('చె', '|'), ('డి', '|'), ('న', '|'), ('ధి', '|'), ('క', 'U'), ('స్ఫు', '|'), ('ర', '|'), ('ణ', 'U'), ('న్క్ష', '|'), ('మ', '|'), ('గై', 'U'), ('కొ', '|'), ('ని', '|'), ('నం', 'U'), ('ద', '|'), ('ఱు', '|'), ('గు', '|'), ('న', '|'), ('ది', '|'), ('యె', '|'), ('ఱిం', 'U'), ('గి', '|'), ('మె', '|'), ('ల', '|'), ('గ', '|'), ('ద', '|'), ('గు', '|'), ('ను', '|'), ('కు', '|'), ('మా', 'U'), ('రీ', 'U')]",0.9375,-1.0,1.0,1.0,1.0,0.75
kandamu,"దృశ్యపదార్థము లెల్లను
నశ్యము లని తలపఁ కుండినను లోపంబౌ
దృశ్యంబున నస్థిరత న
వశ్యము చిత్తమునఁ దలఁప వలదె కుమారీ!",jaathi,Kumaarii,"[('దృ', 'U'), ('శ్య', '|'), ('ప', '|'), ('దా', 'U'), ('ర్థ', '|'), ('ము', '|'), ('లె', 'U'), ('ల్ల', '|'), ('ను', '|'), ('న', 'U'), ('శ్య', '|'), ('ము', '|'), ('ల', '|'), ('ని', '|'), ('త', '|'), ('ల', '|'), ('ప', '|'), ('కుం', 'U'), ('డి', '|'), ('న', '|'), ('ను', '|'), ('లో', 'U'), ('పం', 'U'), ('బౌ', 'U'), ('దృ', 'U'), ('శ్యం', 'U'), ('బు', '|'), ('న', '|'), ('న', 'U'), ('స్థి', '|'), ('ర', '|'), ('త', '|'), ('న', '|'), ('వ', 'U'), ('శ్య', '|'), ('ము', '|'), ('చి', 'U'), ('త్త', '|'), ('ము', '|'), ('న', '|'), ('ద', '|'), ('ల', '|'), ('ప', '|'), ('వ', '|'), ('ల', '|'), ('దె', '|'), ('కు', '|'), ('మా', 'U'), ('రీ', 'U')]",1.0,-1.0,1.0,1.0,1.0,1.0
kandamu,"జనియించెడు నజ్ఞానం
బున మోహగుణంబు, ధర్మమునఁ బరికింపం
దునుమాడఁ బడును దీనిం
గనుఁగొని మెలఁగంగ వలయుఁ గాదె కుమారీ!",jaathi,Kumaarii,"[('జ', '|'), ('ని', '|'), ('యిం', 'U'), ('చె', '|'), ('డు', '|'), ('న', 'U'), ('జ్ఞా', 'U'), ('నం', 'U'), ('బు', '|'), ('న', '|'), ('మో', 'U'), ('హ', '|'), ('గు', '|'), ('ణం', 'U'), ('బు', '|'), ('ధ', 'U'), ('ర్మ', '|'), ('ము', '|'), ('న', '|'), ('బ', '|'), ('రి', '|'), ('కిం', 'U'), ('పం', 'U'), ('దు', '|'), ('ను', '|'), ('మా', 'U'), ('డ', '|'), ('బ', '|'), ('డు', '|'), ('ను', '|'), ('దీ', 'U'), ('నిం', 'U'), ('గ', '|'), ('ను', '|'), ('గొ', '|'), ('ని', '|'), ('మె', '|'), ('ల', '|'), ('గం', 'U'), ('గ', '|'), ('వ', '|'), ('ల', '|'), ('యు', '|'), ('గా', 'U'), ('దె', '|'), ('కు', '|'), ('మా', 'U'), ('రీ', 'U')]",1.0,-1.0,1.0,1.0,1.0,1.0
kandamu,"కులమున విత్తంబున వి
ద్యలను మదం బుద్భవించు నాయా పెంపుల్‌
తలపోయ మరలు నిది హృ
జ్జలజంబునఁ దలఁపవలయు సతముఁ గుమారీ!",jaathi,Kumaarii,"[('కు', '|'), ('ల', '|'), ('ము', '|'), ('న', '|'), ('వి', 'U'), ('త్తం', 'U'), ('బు', '|'), ('న', '|'), ('వి', 'U'), ('ద్య', '|'), ('ల', '|'), ('ను', '|'), ('మ', '|'), ('దం', 'U'), ('బు', 'U'), ('ద్భ', '|'), ('విం', 'U'), ('చు', '|'), ('నా', 'U'), ('యా', 'U'), ('పెం', 'U'), ('పుల్', 'U'), ('త', '|'), ('ల', '|'), ('పో', 'U'), ('య', '|'), ('మ', '|'), ('ర', '|'), ('లు', '|'), ('ని', '|'), ('ది', '|'), ('హృ', 'U'), ('జ్జ', '|'), ('ల', '|'), ('జం', 'U'), ('బు', '|'), ('న', '|'), ('ద', '|'), ('ల', '|'), ('ప', '|'), ('వ', '|'), ('ల', '|'), ('యు', '|'), ('స', '|'), ('త', '|'), ('ము', '|'), ('గు', '|'), ('మా', 'U'), ('రీ', 'U')]",0.875,-1.0,1.0,1.0,0.5,1.0
kandamu,"మాత్సర్య మొదవు సత్యము
హృత్సరసీజమున లేమి నెల్లప్పుడుఁ దా
సత్సేవయందుఁ దిరిగిన
మాత్సర్య మణంగుఁ దెలిసి మనుము కుమారీ!",jaathi,Kumaarii,"[('మా', 'U'), ('త్స', 'U'), ('ర్య', '|'), ('మొ', '|'), ('ద', '|'), ('వు', '|'), ('స', 'U'), ('త్య', '|'), ('ము', '|'), ('హృ', 'U'), ('త్స', '|'), ('ర', '|'), ('సీ', 'U'), ('జ', '|'), ('ము', '|'), ('న', '|'), ('లే', 'U'), ('మి', '|'), ('నె', 'U'), ('ల్ల', 'U'), ('ప్పు', '|'), ('డు', '|'), ('దా', 'U'), ('స', 'U'), ('త్సే', 'U'), ('వ', '|'), ('యం', 'U'), ('దు', '|'), ('ది', '|'), ('రి', '|'), ('గి', '|'), ('న', '|'), ('మా', 'U'), ('త్స', 'U'), ('ర్య', '|'), ('మ', '|'), ('ణం', 'U'), ('గు', '|'), ('దె', '|'), ('లి', '|'), ('సి', '|'), ('మ', '|'), ('ను', '|'), ('ము', '|'), ('కు', '|'), ('మా', 'U'), ('రీ', 'U')]",0.875,-1.0,1.0,1.0,0.5,1.0
kandamu,"బహుకష్టములం బొందక
మహిలో సమకూడఁబోదు మానవజన్మం
బహహా! యీ జన్మంబున
నిహపరములఁ గొనెడుజాడ లెఱుఁగు కుమారీ!",jaathi,Kumaarii,"[('బ', '|'), ('హు', '|'), ('క', 'U'), ('ష్ట', '|'), ('ము', '|'), ('లం', 'U'), ('బొం', 'U'), ('ద', '|'), ('క', '|'), ('మ', '|'), ('హి', '|'), ('లో', 'U'), ('స', '|'), ('మ', '|'), ('కూ', 'U'), ('డ', '|'), ('బో', 'U'), ('దు', '|'), ('మా', 'U'), ('న', '|'), ('వ', '|'), ('జ', 'U'), ('న్మం', 'U'), ('బ', '|'), ('హ', '|'), ('హా', 'U'), ('యీ', 'U'), ('జ', 'U'), ('న్మం', 'U'), ('బు', '|'), ('న', '|'), ('ని', '|'), ('హ', '|'), ('ప', '|'), ('ర', '|'), ('ము', '|'), ('ల', '|'), ('గొ', '|'), ('నె', '|'), ('డు', '|'), ('జా', 'U'), ('డ', '|'), ('లె', '|'), ('ఱు', '|'), ('గు', '|'), ('కు', '|'), ('మా', 'U'), ('రీ', 'U')]",0.875,-1.0,1.0,1.0,0.5,1.0
kandamu,"ఎన్నాళ్లు బ్రతుకఁ బోదురు
కొన్నాళ్లకు మరణదశలఁ గ్రుంగుట జగమం
దున్నట్టివారి కందఱి
కిన్నిహితము సతము మంచి కీర్తి కుమారీ!",jaathi,Kumaarii,"[('ఎ', 'U'), ('న్నా', 'U'), ('ళ్లు', '|'), ('బ్ర', '|'), ('తు', '|'), ('క', '|'), ('బో', 'U'), ('దు', '|'), ('రు', '|'), ('కొ', 'U'), ('న్నా', 'U'), ('ళ్ల', '|'), ('కు', '|'), ('మ', '|'), ('ర', '|'), ('ణ', '|'), ('ద', '|'), ('శ', '|'), ('ల', '|'), ('గ్రుం', 'U'), ('గు', '|'), ('ట', '|'), ('జ', '|'), ('గ', '|'), ('మం', 'U'), ('దు', 'U'), ('న్న', 'U'), ('ట్టి', '|'), ('వా', 'U'), ('రి', '|'), ('కం', 'U'), ('ద', '|'), ('ఱి', '|'), ('కి', 'U'), ('న్ని', '|'), ('హి', '|'), ('త', '|'), ('ము', '|'), ('స', '|'), ('త', '|'), ('ము', '|'), ('మం', 'U'), ('చి', '|'), ('కీ', 'U'), ('ర్తి', '|'), ('కు', '|'), ('మా', 'U'), ('రీ', 'U')]",1.0,-1.0,1.0,1.0,1.0,1.0
kandamu,"పెనిమిటికన్నఁ బతివ్రత
మునుపే మృతిఁ బొందెనేనిఁ బురుషాగమనం
బున కెదురుచూచు వచ్చినఁ
గనుగొని యనురాగ మెనయఁ గలయుఁ గుమారీ!",jaathi,Kumaarii,"[('పె', '|'), ('ని', '|'), ('మి', '|'), ('టి', '|'), ('క', 'U'), ('న్న', '|'), ('బ', '|'), ('తి', '|'), ('వ్ర', '|'), ('త', '|'), ('ము', '|'), ('ను', '|'), ('పే', 'U'), ('మృ', '|'), ('తి', '|'), ('బొం', 'U'), ('దె', '|'), ('నే', 'U'), ('ని', '|'), ('బు', '|'), ('రు', '|'), ('షా', 'U'), ('గ', '|'), ('మ', '|'), ('నం', 'U'), ('బు', '|'), ('న', '|'), ('కె', '|'), ('దు', '|'), ('రు', '|'), ('చూ', 'U'), ('చు', '|'), ('వ', 'U'), ('చ్చి', '|'), ('న', '|'), ('గ', '|'), ('ను', '|'), ('గొ', '|'), ('ని', '|'), ('య', '|'), ('ను', '|'), ('రా', 'U'), ('గ', '|'), ('మె', '|'), ('న', '|'), ('య', '|'), ('గ', '|'), ('ల', '|'), ('యు', '|'), ('గు', '|'), ('మా', 'U'), ('రీ', 'U')]",0.484375,-1.0,1.0,0.6875,0.0,0.25
kandamu,"మును నాథుఁడు దరలినచో
వెనువెంటనె పోయి యెల్ల వేల్పులు పొగడం
గని యెందు నిందు నందును
ఘనకీర్తులఁ బొందుచుండుఁ గాదె కుమారీ!",jaathi,Kumaarii,"[('ము', '|'), ('ను', '|'), ('నా', 'U'), ('థు', '|'), ('డు', '|'), ('ద', '|'), ('ర', '|'), ('లి', '|'), ('న', '|'), ('చో', 'U'), ('వె', '|'), ('ను', '|'), ('వెం', 'U'), ('ట', '|'), ('నె', '|'), ('పో', 'U'), ('యి', '|'), ('యె', 'U'), ('ల్ల', '|'), ('వే', 'U'), ('ల్పు', '|'), ('లు', '|'), ('పొ', '|'), ('గ', '|'), ('డం', 'U'), ('గ', '|'), ('ని', '|'), ('యెం', 'U'), ('దు', '|'), ('నిం', 'U'), ('దు', '|'), ('నం', 'U'), ('దు', '|'), ('ను', '|'), ('ఘ', '|'), ('న', '|'), ('కీ', 'U'), ('ర్తు', '|'), ('ల', '|'), ('బొం', 'U'), ('దు', '|'), ('చుం', 'U'), ('డు', '|'), ('గా', 'U'), ('దె', '|'), ('కు', '|'), ('మా', 'U'), ('రీ', 'U')]",1.0,-1.0,1.0,1.0,1.0,1.0
kandamu,"మఱవవలెఁ గీడు నెన్నఁడు
మఱవంగారాదు మేలు మర్యాదలలోఁ
దిరుగవలె సర్వజనములు
దరిఁ బ్రేమ మెలంగవలయుఁ దరుణి కుమారీ!",jaathi,Kumaarii,"[('మ', '|'), ('ఱ', '|'), ('వ', '|'), ('వ', '|'), ('లె', '|'), ('గీ', 'U'), ('డు', '|'), ('నె', 'U'), ('న్న', '|'), ('డు', '|'), ('మ', '|'), ('ఱ', '|'), ('వం', 'U'), ('గా', 'U'), ('రా', 'U'), ('దు', '|'), ('మే', 'U'), ('లు', '|'), ('మ', 'U'), ('ర్యా', 'U'), ('ద', '|'), ('ల', '|'), ('లో', 'U'), ('ది', '|'), ('రు', '|'), ('గ', '|'), ('వ', '|'), ('లె', '|'), ('స', 'U'), ('ర్వ', '|'), ('జ', '|'), ('న', '|'), ('ము', '|'), ('లు', '|'), ('ద', '|'), ('రి', '|'), ('బ్రే', 'U'), ('మ', '|'), ('మె', '|'), ('లం', 'U'), ('గ', '|'), ('వ', '|'), ('ల', '|'), ('యు', '|'), ('ద', '|'), ('రు', '|'), ('ణి', '|'), ('కు', '|'), ('మా', 'U'), ('రీ', 'U')]",0.875,-1.0,1.0,1.0,1.0,0.5
kandamu,"ఆకు లొకిన్నియుఁ జేకొని
పోఁక నమిలి సున్న మడుగఁ బోయినఁ గని యీ
లోకులు నవ్వుదురు సుమీ!
కైకొనవలె మంచినడత ఘనతఁ గుమారీ!",jaathi,Kumaarii,"[('ఆ', 'U'), ('కు', '|'), ('లొ', '|'), ('కి', 'U'), ('న్ని', '|'), ('యు', '|'), ('జే', 'U'), ('కొ', '|'), ('ని', '|'), ('పో', 'U'), ('క', '|'), ('న', '|'), ('మి', '|'), ('లి', '|'), ('సు', 'U'), ('న్న', '|'), ('మ', '|'), ('డు', '|'), ('గ', '|'), ('బో', 'U'), ('యి', '|'), ('న', '|'), ('గ', '|'), ('ని', '|'), ('యీ', 'U'), ('లో', 'U'), ('కు', '|'), ('లు', '|'), ('న', 'U'), ('వ్వు', '|'), ('దు', '|'), ('రు', '|'), ('సు', '|'), ('మీ', 'U'), ('కై', 'U'), ('కొ', '|'), ('న', '|'), ('వ', '|'), ('లె', '|'), ('మం', 'U'), ('చి', '|'), ('న', '|'), ('డ', '|'), ('త', '|'), ('ఘ', '|'), ('న', '|'), ('త', '|'), ('గు', '|'), ('మా', 'U'), ('రీ', 'U')]",1.0,-1.0,1.0,1.0,1.0,1.0
kandamu,"నేలన్‌ వ్రాలిన పత్రము
లోలిం జోడించి, మడచు చుండిన యవియున్‌
బోలఁగ సున్నపుటాకులు
దూలించు దరిద్రదశల దోఁచఁ గుమారీ!",jaathi,Kumaarii,"[('నే', 'U'), ('ల', 'U'), ('న్వ్రా', 'U'), ('లి', '|'), ('న', '|'), ('ప', '|'), ('త్ర', '|'), ('ము', '|'), ('లో', 'U'), ('లిం', 'U'), ('జో', 'U'), ('డిం', 'U'), ('చి', '|'), ('మ', '|'), ('డ', '|'), ('చు', '|'), ('చుం', 'U'), ('డి', '|'), ('న', '|'), ('య', '|'), ('వి', '|'), ('యున్', 'U'), ('బో', 'U'), ('ల', '|'), ('గ', '|'), ('సు', 'U'), ('న్న', '|'), ('పు', '|'), ('టా', 'U'), ('కు', '|'), ('లు', '|'), ('దూ', 'U'), ('లిం', 'U'), ('చు', '|'), ('ద', '|'), ('రి', '|'), ('ద్ర', '|'), ('ద', '|'), ('శ', '|'), ('ల', '|'), ('దో', 'U'), ('చ', '|'), ('గు', '|'), ('మా', 'U'), ('రీ', 'U')]",0.4375,-1.0,1.0,0.5,0.0,0.25
kandamu,"ఇద్దఱు గూడుక యొక చో
నొద్దిక మాటాడుచుండ నొదిఁగి యొదిఁగి యా
యొద్దకుఁ జనఁగూడదు తన
పెద్దతనంబెల్ల నణఁగ బెట్టుఁ గుమారీ!",jaathi,Kumaarii,"[('ఇ', 'U'), ('ద్ద', '|'), ('ఱు', '|'), ('గూ', 'U'), ('డు', '|'), ('క', '|'), ('యొ', '|'), ('క', '|'), ('చో', 'U'), ('నొ', 'U'), ('ద్ది', '|'), ('క', '|'), ('మా', 'U'), ('టా', 'U'), ('డు', '|'), ('చుం', 'U'), ('డ', '|'), ('నొ', '|'), ('ది', '|'), ('గి', '|'), ('యొ', '|'), ('ది', '|'), ('గి', '|'), ('యా', 'U'), ('యొ', 'U'), ('ద్ద', '|'), ('కు', '|'), ('జ', '|'), ('న', '|'), ('గూ', 'U'), ('డ', '|'), ('దు', '|'), ('త', '|'), ('న', '|'), ('పె', 'U'), ('ద్ద', '|'), ('త', '|'), ('నం', 'U'), ('బె', 'U'), ('ల్ల', '|'), ('న', '|'), ('ణ', '|'), ('గ', '|'), ('బె', 'U'), ('ట్టు', '|'), ('గు', '|'), ('మా', 'U'), ('రీ', 'U')]",1.0,-1.0,1.0,1.0,1.0,1.0
kandamu,"తుడుపుదుమారమ్మును జెరు
గుడుధూళియు మేషరజముఁ గూడ దెపుడు మైఁ
బడ నెఱిఁగి తిరుగ నేర్చిన
బడఁతుల మర్యాద లెఱిఁగి బ్రతుకు కుమారీ!",jaathi,Kumaarii,"[('తు', '|'), ('డు', '|'), ('పు', '|'), ('దు', '|'), ('మా', 'U'), ('ర', 'U'), ('మ్ము', '|'), ('ను', '|'), ('జె', '|'), ('రు', '|'), ('గు', '|'), ('డు', '|'), ('ధూ', 'U'), ('ళి', '|'), ('యు', '|'), ('మే', 'U'), ('ష', '|'), ('ర', '|'), ('జ', '|'), ('ము', '|'), ('గూ', 'U'), ('డ', '|'), ('దె', '|'), ('పు', '|'), ('డు', '|'), ('మై', 'U'), ('బ', '|'), ('డ', '|'), ('నె', '|'), ('ఱి', '|'), ('గి', '|'), ('తి', '|'), ('రు', '|'), ('గ', '|'), ('నే', 'U'), ('ర్చి', '|'), ('న', '|'), ('బ', '|'), ('డ', '|'), ('తు', '|'), ('ల', '|'), ('మ', 'U'), ('ర్యా', 'U'), ('ద', '|'), ('లె', '|'), ('ఱి', '|'), ('గి', '|'), ('బ్ర', '|'), ('తు', '|'), ('కు', '|'), ('కు', '|'), ('మా', 'U'), ('రీ', 'U')]",1.0,-1.0,1.0,1.0,1.0,1.0
kandamu,"దీపములనీడ మానవ
రూపంబులనీడ శనితరులనీడను ఖ
ట్వాపాదిత మగు నీడ
నేపట్టున నిలువఁగూడ దెపుడుఁ గుమారీ!",jaathi,Kumaarii,"[('దీ', 'U'), ('ప', '|'), ('ము', '|'), ('ల', '|'), ('నీ', 'U'), ('డ', '|'), ('మా', 'U'), ('న', '|'), ('వ', '|'), ('రూ', 'U'), ('పం', 'U'), ('బు', '|'), ('ల', '|'), ('నీ', 'U'), ('డ', '|'), ('శ', '|'), ('ని', '|'), ('త', '|'), ('రు', '|'), ('ల', '|'), ('నీ', 'U'), ('డ', '|'), ('ను', '|'), ('ఖ', 'U'), ('ట్వా', 'U'), ('పా', 'U'), ('ది', '|'), ('త', '|'), ('మ', '|'), ('గు', '|'), ('నీ', 'U'), ('డ', '|'), ('నే', 'U'), ('ప', 'U'), ('ట్టు', '|'), ('న', '|'), ('ని', '|'), ('లు', '|'), ('వ', '|'), ('గూ', 'U'), ('డ', '|'), ('దె', '|'), ('పు', '|'), ('డు', '|'), ('గు', '|'), ('మా', 'U'), ('రీ', 'U')]",0.734375,-1.0,1.0,0.6875,0.5,0.75
kandamu,"కొనగోళ్ళ వ్రేలువెండ్రుక
లను జాఱెడునీళ్ళు, కుండలన్‌ ముంతల వా
డిన వెన్క మిగులునీళ్ళును
జన దండ్రు దరిద్ర మొందు జగతిఁ గుమారీ!",jaathi,Kumaarii,"[('కొ', '|'), ('న', '|'), ('గో', 'U'), ('ళ్ళ', '|'), ('వ్రే', 'U'), ('లు', '|'), ('వెం', 'U'), ('డ్రు', '|'), ('క', '|'), ('ల', '|'), ('ను', '|'), ('జా', 'U'), ('ఱె', '|'), ('డు', '|'), ('నీ', 'U'), ('ళ్ళు', '|'), ('కుం', 'U'), ('డ', '|'), ('ల', 'U'), ('న్ముం', 'U'), ('త', '|'), ('ల', '|'), ('వా', 'U'), ('డి', '|'), ('న', '|'), ('వె', 'U'), ('న్క', '|'), ('మి', '|'), ('గు', '|'), ('లు', '|'), ('నీ', 'U'), ('ళ్ళు', '|'), ('ను', '|'), ('జ', '|'), ('న', '|'), ('దం', 'U'), ('డ్రు', '|'), ('ద', '|'), ('రి', '|'), ('ద్ర', '|'), ('మొం', 'U'), ('దు', '|'), ('జ', '|'), ('గ', '|'), ('తి', '|'), ('గు', '|'), ('మా', 'U'), ('రీ', 'U')]",0.84375,-1.0,1.0,0.875,0.5,1.0
kandamu,"ధర బక్కికులుఁడు వేంకట
నరసింహకవీంద్రుఁ డిట్టి నడతలు ధరపైఁ
దెఱవల తెరువు లటంచును
జిరతర సత్కీర్తి వెలయఁ జెప్పెఁ గుమారీ!",jaathi,Kumaarii,"[('ధ', '|'), ('ర', '|'), ('బ', 'U'), ('క్కి', '|'), ('కు', '|'), ('లు', '|'), ('డు', '|'), ('వేం', 'U'), ('క', '|'), ('ట', '|'), ('న', '|'), ('ర', '|'), ('సిం', 'U'), ('హ', '|'), ('క', '|'), ('వీం', 'U'), ('ద్రు', '|'), ('డి', 'U'), ('ట్టి', '|'), ('న', '|'), ('డ', '|'), ('త', '|'), ('లు', '|'), ('ధ', '|'), ('ర', '|'), ('పై', 'U'), ('దె', '|'), ('ఱ', '|'), ('వ', '|'), ('ల', '|'), ('తె', '|'), ('రు', '|'), ('వు', '|'), ('ల', '|'), ('టం', 'U'), ('చు', '|'), ('ను', '|'), ('జి', '|'), ('ర', '|'), ('త', '|'), ('ర', '|'), ('స', 'U'), ('త్కీ', 'U'), ('ర్తి', '|'), ('వె', '|'), ('ల', '|'), ('య', '|'), ('జె', 'U'), ('ప్పె', '|'), ('గు', '|'), ('మా', 'U'), ('రీ', 'U')]",0.9375,-1.0,1.0,1.0,1.0,0.75
seesamu,"శ్రీమదఖండలక్ష్మీప్రసన్నుడు మాక- । రాట్కులాంబోధికైరవహితుండు
సరసుడౌ వేంకటపెరుమాళ్ల రాజేంద్రు- । డొకనాడు కొలువు కూర్చుండి నన్ను
గని పోలిపెద్దివేంకటరాయసుకవీంద్ర । రమ్మని ప్రేమమీరంగ పురుష-
విరహంబు శ్రీహరిస్మరణశృంగారంబు- । గను చమత్కృతిశతకం బొనర్పు-",vupajaathi,Laavanya,"[('శ్రీ', 'U'), ('మ', '|'), ('ద', '|'), ('ఖం', 'U'), ('డ', '|'), ('ల', 'U'), ('క్ష్మీ', 'U'), ('ప్ర', '|'), ('స', 'U'), ('న్ను', '|'), ('డు', '|'), ('మా', 'U'), ('క', '|'), ('రా', 'U'), ('ట్కు', '|'), ('లాం', 'U'), ('బో', 'U'), ('ధి', '|'), ('కై', 'U'), ('ర', '|'), ('వ', '|'), ('హి', '|'), ('తుం', 'U'), ('డు', '|'), ('స', '|'), ('ర', '|'), ('సు', '|'), ('డౌ', 'U'), ('వేం', 'U'), ('క', '|'), ('ట', '|'), ('పె', '|'), ('రు', '|'), ('మా', 'U'), ('ళ్ల', '|'), ('రా', 'U'), ('జేం', 'U'), ('ద్రు', '|'), ('డొ', '|'), ('క', '|'), ('నా', 'U'), ('డు', '|'), ('కొ', '|'), ('లు', '|'), ('వు', '|'), ('కూ', 'U'), ('ర్చుం', 'U'), ('డి', '|'), ('న', 'U'), ('న్ను', '|'), ('గ', '|'), ('ని', '|'), ('పో', 'U'), ('లి', '|'), ('పె', 'U'), ('ద్ది', '|'), ('వేం', 'U'), ('క', '|'), ('ట', '|'), ('రా', 'U'), ('య', '|'), ('సు', '|'), ('క', '|'), ('వీం', 'U'), ('ద్ర', '|'), ('ర', 'U'), ('మ్మ', '|'), ('ని', '|'), ('ప్రే', 'U'), ('మ', '|'), ('మీ', 'U'), ('రం', 'U'), ('గ', '|'), ('పు', '|'), ('రు', '|'), ('ష', '|'), ('వి', '|'), ('ర', '|'), ('హం', 'U'), ('బు', '|'), ('శ్రీ', 'U'), ('హ', '|'), ('రి', 'U'), ('స్మ', '|'), ('ర', '|'), ('ణ', '|'), ('శృం', 'U'), ('గా', 'U'), ('రం', 'U'), ('బు', '|'), ('గ', '|'), ('ను', '|'), ('చ', '|'), ('మ', 'U'), ('త్కృ', '|'), ('తి', '|'), ('శ', '|'), ('త', '|'), ('కం', 'U'), ('బొ', '|'), ('న', 'U'), ('ర్పు', '|')]",0.9583333333333334,-1.0,1.0,1.0,0.875,-1.0
teytageethi,"మనిన శారద నేకదంతుని నుతించి । నే రచించెద పద్యముల్ నేర్చినటుల
నీదు కృపలేక కృతి సేయ నెవరికైన । వశమె శ్రీరామరామ లావణ్యసీమ.",vupajaathi,Laavanya,"[('మ', '|'), ('ని', '|'), ('న', '|'), ('శా', 'U'), ('ర', '|'), ('ద', '|'), ('నే', 'U'), ('క', '|'), ('దం', 'U'), ('తు', '|'), ('ని', '|'), ('ను', '|'), ('తిం', 'U'), ('చి', '|'), ('నే', 'U'), ('ర', '|'), ('చిం', 'U'), ('చె', '|'), ('ద', '|'), ('ప', 'U'), ('ద్య', '|'), ('ము', 'U'), ('ల్నే', 'U'), ('ర్చి', '|'), ('న', '|'), ('టు', '|'), ('ల', '|'), ('నీ', 'U'), ('దు', '|'), ('కృ', '|'), ('ప', '|'), ('లే', 'U'), ('క', '|'), ('కృ', '|'), ('తి', '|'), ('సే', 'U'), ('య', '|'), ('నె', '|'), ('వ', '|'), ('రి', '|'), ('కై', 'U'), ('న', '|'), ('వ', '|'), ('శ', '|'), ('మె', '|'), ('శ్రీ', 'U'), ('రా', 'U'), ('మ', '|'), ('రా', 'U'), ('మ', '|'), ('లా', 'U'), ('వ', 'U'), ('ణ్య', '|'), ('సీ', 'U'), ('మ', '|')]",1.0,-1.0,1.0,1.0,1.0,-1.0
seesamu,"ముందు సత్కవిబృందములలోకి వాల్మీకి । నఖిలపౌరాణికాఖ్యాసు వ్యాసు-
నతిమూఢజనుల కద్భుతనీతి భవభూతి । మహనియ్యకావ్యనిర్మాణు బాణు-
నసమానశబ్దశాస్త్రసముద్రు శివభద్రు । కవిరాజితవిలాసు కాళిదాసు
భవఘోరతిమిరప్రభారవి భారవి । సురుచిరసద్గుణస్తోము భీము-",vupajaathi,Laavanya,"[('ముం', 'U'), ('దు', '|'), ('స', 'U'), ('త్క', '|'), ('వి', '|'), ('బృం', 'U'), ('ద', '|'), ('ము', '|'), ('ల', '|'), ('లో', 'U'), ('కి', '|'), ('వా', 'U'), ('ల్మీ', 'U'), ('కి', '|'), ('న', '|'), ('ఖి', '|'), ('ల', '|'), ('పౌ', 'U'), ('రా', 'U'), ('ణి', '|'), ('కా', 'U'), ('ఖ్యా', 'U'), ('సు', 'U'), ('వ్యా', 'U'), ('సు', '|'), ('న', '|'), ('తి', '|'), ('మూ', 'U'), ('ఢ', '|'), ('జ', '|'), ('ను', '|'), ('ల', '|'), ('క', 'U'), ('ద్భు', '|'), ('త', '|'), ('నీ', 'U'), ('తి', '|'), ('భ', '|'), ('వ', '|'), ('భూ', 'U'), ('తి', '|'), ('మ', '|'), ('హ', '|'), ('ని', 'U'), ('య్య', '|'), ('కా', 'U'), ('వ్య', '|'), ('ని', 'U'), ('ర్మా', 'U'), ('ణు', '|'), ('బా', 'U'), ('ణు', '|'), ('న', '|'), ('స', '|'), ('మా', 'U'), ('న', '|'), ('శ', 'U'), ('బ్ద', '|'), ('శా', 'U'), ('స్త్ర', '|'), ('స', '|'), ('ము', '|'), ('ద్రు', '|'), ('శి', '|'), ('వ', '|'), ('భ', '|'), ('ద్రు', '|'), ('క', '|'), ('వి', '|'), ('రా', 'U'), ('జి', '|'), ('త', '|'), ('వి', '|'), ('లా', 'U'), ('సు', '|'), ('కా', 'U'), ('ళి', '|'), ('దా', 'U'), ('సు', '|'), ('భ', '|'), ('వ', '|'), ('ఘో', 'U'), ('ర', '|'), ('తి', '|'), ('మి', '|'), ('ర', '|'), ('ప్ర', '|'), ('భా', 'U'), ('ర', '|'), ('వి', '|'), ('భా', 'U'), ('ర', '|'), ('వి', '|'), ('సు', '|'), ('రు', '|'), ('చి', '|'), ('ర', '|'), ('స', 'U'), ('ద్గు', '|'), ('ణ', 'U'), ('స్తో', 'U'), ('ము', '|'), ('భీ', 'U'), ('ము', '|')]",0.6145833333333334,-1.0,1.0,0.71875,0.125,-1.0
teytageethi,"ననుదినంబును భక్తితో నభినుతించి । సకలజనములు విని సంతసమున జెలగ
సీసశతకం బొనర్చెద చిత్తగింప । వలయు శ్రీరామరామ లావణ్యసీమ.",vupajaathi,Laavanya,"[('న', '|'), ('ను', '|'), ('ది', '|'), ('నం', 'U'), ('బు', '|'), ('ను', '|'), ('భ', 'U'), ('క్తి', '|'), ('తో', 'U'), ('న', '|'), ('భి', '|'), ('ను', '|'), ('తిం', 'U'), ('చి', '|'), ('స', '|'), ('క', '|'), ('ల', '|'), ('జ', '|'), ('న', '|'), ('ము', '|'), ('లు', '|'), ('వి', '|'), ('ని', '|'), ('సం', 'U'), ('త', '|'), ('స', '|'), ('ము', '|'), ('న', '|'), ('జె', '|'), ('ల', '|'), ('గ', '|'), ('సీ', 'U'), ('స', '|'), ('శ', '|'), ('త', '|'), ('కం', 'U'), ('బొ', '|'), ('న', 'U'), ('ర్చె', '|'), ('ద', '|'), ('చి', 'U'), ('త్త', '|'), ('గిం', 'U'), ('ప', '|'), ('వ', '|'), ('ల', '|'), ('యు', '|'), ('శ్రీ', 'U'), ('రా', 'U'), ('మ', '|'), ('రా', 'U'), ('మ', '|'), ('లా', 'U'), ('వ', 'U'), ('ణ్య', '|'), ('సీ', 'U'), ('మ', '|')]",1.0,-1.0,1.0,1.0,1.0,-1.0
seesamu,"జనకాత్మజాసుహృద్వనజాతసారంగ । సారంగధరకంఠసన్నిభాంగ
యంగజానేకసమంచితసుకుమార । సుకుమారజననిసంస్తుతపదాబ్జ
యబ్జబాంధవసత్కులాబ్ధిసంభవచంద్ర । చంద్రశోభితదివ్యచారుగంధ
గంధసింధురదశకంఠకంఠీరవ । రవగుణశ్రుతభయక్రాంతకాండ",vupajaathi,Laavanya,"[('జ', '|'), ('న', '|'), ('కా', 'U'), ('త్మ', '|'), ('జా', 'U'), ('సు', '|'), ('హృ', 'U'), ('ద్వ', '|'), ('న', '|'), ('జా', 'U'), ('త', '|'), ('సా', 'U'), ('రం', 'U'), ('గ', '|'), ('సా', 'U'), ('రం', 'U'), ('గ', '|'), ('ధ', '|'), ('ర', '|'), ('కం', 'U'), ('ఠ', '|'), ('స', 'U'), ('న్ని', '|'), ('భాం', 'U'), ('గ', '|'), ('యం', 'U'), ('గ', '|'), ('జా', 'U'), ('నే', 'U'), ('క', '|'), ('స', '|'), ('మం', 'U'), ('చి', '|'), ('త', '|'), ('సు', '|'), ('కు', '|'), ('మా', 'U'), ('ర', '|'), ('సు', '|'), ('కు', '|'), ('మా', 'U'), ('ర', '|'), ('జ', '|'), ('న', '|'), ('ని', '|'), ('సం', 'U'), ('స్తు', '|'), ('త', '|'), ('ప', '|'), ('దా', 'U'), ('బ్జ', '|'), ('య', 'U'), ('బ్జ', '|'), ('బాం', 'U'), ('ధ', '|'), ('వ', '|'), ('స', 'U'), ('త్కు', '|'), ('లా', 'U'), ('బ్ధి', '|'), ('సం', 'U'), ('భ', '|'), ('వ', '|'), ('చం', 'U'), ('ద్ర', '|'), ('చం', 'U'), ('ద్ర', '|'), ('శో', 'U'), ('భి', '|'), ('త', '|'), ('ది', 'U'), ('వ్య', '|'), ('చా', 'U'), ('రు', '|'), ('గం', 'U'), ('ధ', '|'), ('గం', 'U'), ('ధ', '|'), ('సిం', 'U'), ('ధు', '|'), ('ర', '|'), ('ద', '|'), ('శ', '|'), ('కం', 'U'), ('ఠ', '|'), ('కం', 'U'), ('ఠీ', 'U'), ('ర', '|'), ('వ', '|'), ('ర', '|'), ('వ', '|'), ('గు', '|'), ('ణ', '|'), ('శ్రు', '|'), ('త', '|'), ('భ', '|'), ('య', '|'), ('క్రాం', 'U'), ('త', '|'), ('కాం', 'U'), ('డ', '|')]",0.9166666666666666,-1.0,1.0,1.0,0.75,-1.0
teytageethi,"కాండవాసిష్ఠశుకశౌనకాదివినుత । వినతసుతవాహనారూఢవిమలకరుణ
కరుణ నీ కృతినాథు దీర్ఘాయు జేయ- । వలయు శ్రీరామరామ లావణ్యసీమ.",vupajaathi,Laavanya,"[('కాం', 'U'), ('డ', '|'), ('వా', 'U'), ('సి', 'U'), ('ష్ఠ', '|'), ('శు', '|'), ('క', '|'), ('శౌ', 'U'), ('న', '|'), ('కా', 'U'), ('ది', '|'), ('వి', '|'), ('ను', '|'), ('త', '|'), ('వి', '|'), ('న', '|'), ('త', '|'), ('సు', '|'), ('త', '|'), ('వా', 'U'), ('హ', '|'), ('నా', 'U'), ('రూ', 'U'), ('ఢ', '|'), ('వి', '|'), ('మ', '|'), ('ల', '|'), ('క', '|'), ('రు', '|'), ('ణ', '|'), ('క', '|'), ('రు', '|'), ('ణ', '|'), ('నీ', 'U'), ('కృ', '|'), ('తి', '|'), ('నా', 'U'), ('థు', '|'), ('దీ', 'U'), ('ర్ఘా', 'U'), ('యు', '|'), ('జే', 'U'), ('య', '|'), ('వ', '|'), ('ల', '|'), ('యు', '|'), ('శ్రీ', 'U'), ('రా', 'U'), ('మ', '|'), ('రా', 'U'), ('మ', '|'), ('లా', 'U'), ('వ', 'U'), ('ణ్య', '|'), ('సీ', 'U'), ('మ', '|')]",1.0,-1.0,1.0,1.0,1.0,-1.0
seesamu,"పాకంబునకు తగు ఫణితి గానక కిరీ- । టము బెట్టినట్లు నీమములు లేక
తెనుగు పొయ్యెటి జాడ తెలియజాలక పెక్కు । శృంగారరీతులు చేతగాక
గ్రామ్యదేశ్యమ్ముల క్రమములెరుంగక । జాతీయములు గూర్చు సరణి రాక
పెళుచుమాటల దొంతి బేర్చుచు సాధార- । ణములౌ యతిప్రయోగములు లేక",vupajaathi,Laavanya,"[('పా', 'U'), ('కం', 'U'), ('బు', '|'), ('న', '|'), ('కు', '|'), ('త', '|'), ('గు', '|'), ('ఫ', '|'), ('ణి', '|'), ('తి', '|'), ('గా', 'U'), ('న', '|'), ('క', '|'), ('కి', '|'), ('రీ', 'U'), ('ట', '|'), ('ము', '|'), ('బె', 'U'), ('ట్టి', '|'), ('న', 'U'), ('ట్లు', '|'), ('నీ', 'U'), ('మ', '|'), ('ము', '|'), ('లు', '|'), ('లే', 'U'), ('క', '|'), ('తె', '|'), ('ను', '|'), ('గు', '|'), ('పొ', 'U'), ('య్యె', '|'), ('టి', '|'), ('జా', 'U'), ('డ', '|'), ('తె', '|'), ('లి', '|'), ('య', '|'), ('జా', 'U'), ('ల', '|'), ('క', '|'), ('పె', 'U'), ('క్కు', '|'), ('శృం', 'U'), ('గా', 'U'), ('ర', '|'), ('రీ', 'U'), ('తు', '|'), ('లు', '|'), ('చే', 'U'), ('త', '|'), ('గా', 'U'), ('క', '|'), ('గ్రా', 'U'), ('మ్య', '|'), ('దే', 'U'), ('శ్య', 'U'), ('మ్ము', '|'), ('ల', '|'), ('క్ర', '|'), ('మ', '|'), ('ము', '|'), ('లె', '|'), ('రుం', 'U'), ('గ', '|'), ('క', '|'), ('జా', 'U'), ('తీ', 'U'), ('య', '|'), ('ము', '|'), ('లు', '|'), ('గూ', 'U'), ('ర్చు', '|'), ('స', '|'), ('ర', '|'), ('ణి', '|'), ('రా', 'U'), ('క', '|'), ('పె', '|'), ('ళు', '|'), ('చు', '|'), ('మా', 'U'), ('ట', '|'), ('ల', '|'), ('దొం', 'U'), ('తి', '|'), ('బే', 'U'), ('ర్చు', '|'), ('చు', '|'), ('సా', 'U'), ('ధా', 'U'), ('ర', '|'), ('ణ', '|'), ('ము', '|'), ('లౌ', 'U'), ('య', '|'), ('తి', '|'), ('ప్ర', '|'), ('యో', 'U'), ('గ', '|'), ('ము', '|'), ('లు', '|'), ('లే', 'U'), ('క', '|')]",0.9375,-1.0,1.0,0.9375,0.875,-1.0
teytageethi,"నొకరి కయితను గని హేళనోక్తులాడు । కుకవిశుంఠల మూతిపై గొట్టినటుల
నేనొనర్చెద పద్యముల్ నీదు కరుణ । వచ్చునటుల రామరామ లావణ్యసీమ.",vupajaathi,Laavanya,"[('నొ', '|'), ('క', '|'), ('రి', '|'), ('క', '|'), ('యి', '|'), ('త', '|'), ('ను', '|'), ('గ', '|'), ('ని', '|'), ('హే', 'U'), ('ళ', '|'), ('నో', 'U'), ('క్తు', '|'), ('లా', 'U'), ('డు', '|'), ('కు', '|'), ('క', '|'), ('వి', '|'), ('శుం', 'U'), ('ఠ', '|'), ('ల', '|'), ('మూ', 'U'), ('తి', '|'), ('పై', 'U'), ('గొ', 'U'), ('ట్టి', '|'), ('న', '|'), ('టు', '|'), ('ల', '|'), ('నే', 'U'), ('నొ', '|'), ('న', 'U'), ('ర్చె', '|'), ('ద', '|'), ('ప', 'U'), ('ద్య', '|'), ('ము', 'U'), ('ల్నీ', 'U'), ('దు', '|'), ('క', '|'), ('రు', '|'), ('ణ', '|'), ('వ', 'U'), ('చ్చు', '|'), ('న', '|'), ('టు', '|'), ('ల', '|'), ('రా', 'U'), ('మ', '|'), ('రా', 'U'), ('మ', '|'), ('లా', 'U'), ('వ', 'U'), ('ణ్య', '|'), ('సీ', 'U'), ('మ', '|')]",0.9833333333333334,-1.0,1.0,0.95,1.0,-1.0
seesamu,"శ్రీకరంబుగ ప్రేమచే నాదు మనసు రా । నడుచుకొన్నట్టి నీ నాగరికము
వినయవివేకభావనలొప్ప కందువ । మాటలాడెడు నెరనీటుతనము
దర్పకశాస్త్రపద్ధతి మీరి కళలంటి । సొక్కించునట్టి నీ సోయగము
సరసత్వమున బంధసరణి గుర్తెరిగి నన్ । రతుల తేలించు నీ రసికతయును",vupajaathi,Laavanya,"[('శ్రీ', 'U'), ('క', '|'), ('రం', 'U'), ('బు', '|'), ('గ', '|'), ('ప్రే', 'U'), ('మ', '|'), ('చే', 'U'), ('నా', 'U'), ('దు', '|'), ('మ', '|'), ('న', '|'), ('సు', '|'), ('రా', 'U'), ('న', '|'), ('డు', '|'), ('చు', '|'), ('కొ', 'U'), ('న్న', 'U'), ('ట్టి', '|'), ('నీ', 'U'), ('నా', 'U'), ('గ', '|'), ('రి', '|'), ('క', '|'), ('ము', '|'), ('వి', '|'), ('న', '|'), ('య', '|'), ('వి', '|'), ('వే', 'U'), ('క', '|'), ('భా', 'U'), ('వ', '|'), ('న', '|'), ('లొ', 'U'), ('ప్ప', '|'), ('కం', 'U'), ('దు', '|'), ('వ', '|'), ('మా', 'U'), ('ట', '|'), ('లా', 'U'), ('డె', '|'), ('డు', '|'), ('నె', '|'), ('ర', '|'), ('నీ', 'U'), ('టు', '|'), ('త', '|'), ('న', '|'), ('ము', '|'), ('ద', 'U'), ('ర్ప', '|'), ('క', '|'), ('శా', 'U'), ('స్త్ర', '|'), ('ప', 'U'), ('ద్ధ', '|'), ('తి', '|'), ('మీ', 'U'), ('రి', '|'), ('క', '|'), ('ళ', '|'), ('లం', 'U'), ('టి', '|'), ('సొ', 'U'), ('క్కిం', 'U'), ('చు', '|'), ('న', 'U'), ('ట్టి', '|'), ('నీ', 'U'), ('సో', 'U'), ('య', '|'), ('గ', '|'), ('ము', '|'), ('స', '|'), ('ర', '|'), ('స', 'U'), ('త్వ', '|'), ('ము', '|'), ('న', '|'), ('బం', 'U'), ('ధ', '|'), ('స', '|'), ('ర', '|'), ('ణి', '|'), ('గు', 'U'), ('ర్తె', '|'), ('రి', '|'), ('గి', '|'), ('న', '|'), ('న్ర', '|'), ('తు', '|'), ('ల', '|'), ('తే', 'U'), ('లిం', 'U'), ('చు', '|'), ('నీ', 'U'), ('ర', '|'), ('సి', '|'), ('క', '|'), ('త', '|'), ('యు', '|'), ('ను', '|')]",0.90625,-1.0,1.0,0.84375,0.875,-1.0
teytageethi,"మదిని తలపోసి యితరరామలను రోసి । నేర్పు వెడజేసి కంటికి నిదురబాసి
మమత నిను డాసియుండక మరుని గాసి । వశమటే రామరామ లావణ్యసీమ.",vupajaathi,Laavanya,"[('మ', '|'), ('ది', '|'), ('ని', '|'), ('త', '|'), ('ల', '|'), ('పో', 'U'), ('సి', '|'), ('యి', '|'), ('త', '|'), ('ర', '|'), ('రా', 'U'), ('మ', '|'), ('ల', '|'), ('ను', '|'), ('రో', 'U'), ('సి', '|'), ('నే', 'U'), ('ర్పు', '|'), ('వె', '|'), ('డ', '|'), ('జే', 'U'), ('సి', '|'), ('కం', 'U'), ('టి', '|'), ('కి', '|'), ('ని', '|'), ('దు', '|'), ('ర', '|'), ('బా', 'U'), ('సి', '|'), ('మ', '|'), ('మ', '|'), ('త', '|'), ('ని', '|'), ('ను', '|'), ('డా', 'U'), ('సి', '|'), ('యుం', 'U'), ('డ', '|'), ('క', '|'), ('మ', '|'), ('రు', '|'), ('ని', '|'), ('గా', 'U'), ('సి', '|'), ('వ', '|'), ('శ', '|'), ('మ', '|'), ('టే', 'U'), ('రా', 'U'), ('మ', '|'), ('రా', 'U'), ('మ', '|'), ('లా', 'U'), ('వ', 'U'), ('ణ్య', '|'), ('సీ', 'U'), ('మ', '|')]",1.0,-1.0,1.0,1.0,1.0,-1.0
seesamu,"ఇసుకదిన్నెలను నీరెండ గాసినయటు- । వలె పిరుందులనంటి వల్వ దనర
దంతపుభరిణమూతల రంగు బూసిన । కరణి గుబ్బల కంచుకంబు వెలుగ
కొనచెవి పచ్చడాల్ గోడల బీరాకు । పసరు చల్లిన రీతి పరిఢవిల్ల
రాజబింబము నపరంజితీగెను గొల్చి । చూచిన గతి తిరుచూర్ణరేఖ",vupajaathi,Laavanya,"[('ఇ', '|'), ('సు', '|'), ('క', '|'), ('ది', 'U'), ('న్నె', '|'), ('ల', '|'), ('ను', '|'), ('నీ', 'U'), ('రెం', 'U'), ('డ', '|'), ('గా', 'U'), ('సి', '|'), ('న', '|'), ('య', '|'), ('టు', '|'), ('వ', '|'), ('లె', '|'), ('పి', '|'), ('రుం', 'U'), ('దు', '|'), ('ల', '|'), ('నం', 'U'), ('టి', '|'), ('వ', 'U'), ('ల్వ', '|'), ('ద', '|'), ('న', '|'), ('ర', '|'), ('దం', 'U'), ('త', '|'), ('పు', '|'), ('భ', '|'), ('రి', '|'), ('ణ', '|'), ('మూ', 'U'), ('త', '|'), ('ల', '|'), ('రం', 'U'), ('గు', '|'), ('బూ', 'U'), ('సి', '|'), ('న', '|'), ('క', '|'), ('ర', '|'), ('ణి', '|'), ('గు', 'U'), ('బ్బ', '|'), ('ల', '|'), ('కం', 'U'), ('చు', '|'), ('కం', 'U'), ('బు', '|'), ('వె', '|'), ('లు', '|'), ('గ', '|'), ('కొ', '|'), ('న', '|'), ('చె', '|'), ('వి', '|'), ('ప', 'U'), ('చ్చ', '|'), ('డా', 'U'), ('ల్గో', 'U'), ('డ', '|'), ('ల', '|'), ('బీ', 'U'), ('రా', 'U'), ('కు', '|'), ('ప', '|'), ('స', '|'), ('రు', '|'), ('చ', 'U'), ('ల్లి', '|'), ('న', '|'), ('రీ', 'U'), ('తి', '|'), ('ప', '|'), ('రి', '|'), ('ఢ', '|'), ('వి', 'U'), ('ల్ల', '|'), ('రా', 'U'), ('జ', '|'), ('బిం', 'U'), ('బ', '|'), ('ము', '|'), ('న', '|'), ('ప', '|'), ('రం', 'U'), ('జి', '|'), ('తీ', 'U'), ('గె', '|'), ('ను', '|'), ('గొ', 'U'), ('ల్చి', '|'), ('చూ', 'U'), ('చి', '|'), ('న', '|'), ('గ', '|'), ('తి', '|'), ('తి', '|'), ('రు', '|'), ('చూ', 'U'), ('ర్ణ', '|'), ('రే', 'U'), ('ఖ', '|')]",0.9583333333333334,-1.0,1.0,1.0,0.875,-1.0
teytageethi,"ముద్దుమొగమున నత్యంతముదము దోప । తొలుత నేస్తంబునకు నన్ను బిలిచినట్టి
కులుకుబెళుకును తలపోసి వలపు నిలుప । వశమటే రామరామ లావణ్యసీమ.",vupajaathi,Laavanya,"[('ము', 'U'), ('ద్దు', '|'), ('మొ', '|'), ('గ', '|'), ('ము', '|'), ('న', '|'), ('న', 'U'), ('త్యం', 'U'), ('త', '|'), ('ము', '|'), ('ద', '|'), ('ము', '|'), ('దో', 'U'), ('ప', '|'), ('తొ', '|'), ('లు', '|'), ('త', '|'), ('నే', 'U'), ('స్తం', 'U'), ('బు', '|'), ('న', '|'), ('కు', '|'), ('న', 'U'), ('న్ను', '|'), ('బి', '|'), ('లి', '|'), ('చి', '|'), ('న', 'U'), ('ట్టి', '|'), ('కు', '|'), ('లు', '|'), ('కు', '|'), ('బె', '|'), ('ళు', '|'), ('కు', '|'), ('ను', '|'), ('త', '|'), ('ల', '|'), ('పో', 'U'), ('సి', '|'), ('వ', '|'), ('ల', '|'), ('పు', '|'), ('ని', '|'), ('లు', '|'), ('ప', '|'), ('వ', '|'), ('శ', '|'), ('మ', '|'), ('టే', 'U'), ('రా', 'U'), ('మ', '|'), ('రా', 'U'), ('మ', '|'), ('లా', 'U'), ('వ', 'U'), ('ణ్య', '|'), ('సీ', 'U'), ('మ', '|')]",1.0,-1.0,1.0,1.0,1.0,-1.0
seesamu,"తరళాక్షి నీ మేనితావి ఘమ్మన నాదు । మనసు ఝుమ్మని రేగి మరులు జెందు
చెలి నీదు గిల్కుటందెలు ఘల్లుమని మ్రోయ । తనువు ఝల్లని యేమొ తత్తరించు
మగువ నీ సొగసు కల్మా ధళుక్కనినంత । కళ చళుక్కని లోన కలకబారు
నొకవేళ కోపగించుక గిరుక్కన మరుం । డట చురుక్కన పూవుటమ్ము వేయు",vupajaathi,Laavanya,"[('త', '|'), ('ర', '|'), ('ళా', 'U'), ('క్షి', '|'), ('నీ', 'U'), ('మే', 'U'), ('ని', '|'), ('తా', 'U'), ('వి', '|'), ('ఘ', 'U'), ('మ్మ', '|'), ('న', '|'), ('నా', 'U'), ('దు', '|'), ('మ', '|'), ('న', '|'), ('సు', '|'), ('ఝు', 'U'), ('మ్మ', '|'), ('ని', '|'), ('రే', 'U'), ('గి', '|'), ('మ', '|'), ('రు', '|'), ('లు', '|'), ('జెం', 'U'), ('దు', '|'), ('చె', '|'), ('లి', '|'), ('నీ', 'U'), ('దు', '|'), ('గి', 'U'), ('ల్కు', '|'), ('టం', 'U'), ('దె', '|'), ('లు', '|'), ('ఘ', 'U'), ('ల్లు', '|'), ('మ', '|'), ('ని', '|'), ('మ్రో', 'U'), ('య', '|'), ('త', '|'), ('ను', '|'), ('వు', '|'), ('ఝ', 'U'), ('ల్ల', '|'), ('ని', '|'), ('యే', 'U'), ('మొ', '|'), ('త', 'U'), ('త్త', '|'), ('రిం', 'U'), ('చు', '|'), ('మ', '|'), ('గు', '|'), ('వ', '|'), ('నీ', 'U'), ('సొ', '|'), ('గ', '|'), ('సు', '|'), ('క', 'U'), ('ల్మా', 'U'), ('ధ', '|'), ('ళు', 'U'), ('క్క', '|'), ('ని', '|'), ('నం', 'U'), ('త', '|'), ('క', '|'), ('ళ', '|'), ('చ', '|'), ('ళు', 'U'), ('క్క', '|'), ('ని', '|'), ('లో', 'U'), ('న', '|'), ('క', '|'), ('ల', '|'), ('క', '|'), ('బా', 'U'), ('రు', '|'), ('నొ', '|'), ('క', '|'), ('వే', 'U'), ('ళ', '|'), ('కో', 'U'), ('ప', '|'), ('గిం', 'U'), ('చు', '|'), ('క', '|'), ('గి', '|'), ('రు', 'U'), ('క్క', '|'), ('న', '|'), ('మ', '|'), ('రుం', 'U'), ('డ', '|'), ('ట', '|'), ('చు', '|'), ('రు', 'U'), ('క్క', '|'), ('న', '|'), ('పూ', 'U'), ('వు', '|'), ('ట', 'U'), ('మ్ము', '|'), ('వే', 'U'), ('యు', '|')]",1.0,-1.0,1.0,1.0,1.0,-1.0
teytageethi,"వెలది కడుసోలి బతిమాలి వెతల చాలి । భావమటు తూలి తమిదేలి పాలుమాలి
యెడతెగని బాళి నీ జోలికింత జాలి । వశమటే రామరామ లావణ్యసీమ.",vupajaathi,Laavanya,"[('వె', '|'), ('ల', '|'), ('ది', '|'), ('క', '|'), ('డు', '|'), ('సో', 'U'), ('లి', '|'), ('బ', '|'), ('తి', '|'), ('మా', 'U'), ('లి', '|'), ('వె', '|'), ('త', '|'), ('ల', '|'), ('చా', 'U'), ('లి', '|'), ('భా', 'U'), ('వ', '|'), ('మ', '|'), ('టు', '|'), ('తూ', 'U'), ('లి', '|'), ('త', '|'), ('మి', '|'), ('దే', 'U'), ('లి', '|'), ('పా', 'U'), ('లు', '|'), ('మా', 'U'), ('లి', '|'), ('యె', '|'), ('డ', '|'), ('తె', '|'), ('గ', '|'), ('ని', '|'), ('బా', 'U'), ('ళి', '|'), ('నీ', 'U'), ('జో', 'U'), ('లి', '|'), ('కిం', 'U'), ('త', '|'), ('జా', 'U'), ('లి', '|'), ('వ', '|'), ('శ', '|'), ('మ', '|'), ('టే', 'U'), ('రా', 'U'), ('మ', '|'), ('రా', 'U'), ('మ', '|'), ('లా', 'U'), ('వ', 'U'), ('ణ్య', '|'), ('సీ', 'U'), ('మ', '|')]",0.9166666666666666,-1.0,1.0,1.0,0.75,-1.0
seesamu,"చనువిచ్చి నను మచ్చికను వచ్చి నెనరిచ్చి । మనసిచ్చి పైకొను మధురవాణి
వలపింపులను యింపుగలిగింపు బలుసొంపు । పలుగెంపు లొనరింపు భ్రమరవేణి
యల జంటి రయికంటినటువంటి మొనచంటి । నెదనాని కళలంటు మిందువదన
తమిదీర భ్రమమీర తనివార కొనగోర । తొడల కొక్కెసమించు తోయజాక్షి",vupajaathi,Laavanya,"[('చ', '|'), ('ను', '|'), ('వి', 'U'), ('చ్చి', '|'), ('న', '|'), ('ను', '|'), ('మ', 'U'), ('చ్చి', '|'), ('క', '|'), ('ను', '|'), ('వ', 'U'), ('చ్చి', '|'), ('నె', '|'), ('న', '|'), ('రి', 'U'), ('చ్చి', '|'), ('మ', '|'), ('న', '|'), ('సి', 'U'), ('చ్చి', '|'), ('పై', 'U'), ('కొ', '|'), ('ను', '|'), ('మ', '|'), ('ధు', '|'), ('ర', '|'), ('వా', 'U'), ('ణి', '|'), ('వ', '|'), ('ల', '|'), ('పిం', 'U'), ('పు', '|'), ('ల', '|'), ('ను', '|'), ('యిం', 'U'), ('పు', '|'), ('గ', '|'), ('లి', '|'), ('గిం', 'U'), ('పు', '|'), ('బ', '|'), ('లు', '|'), ('సొం', 'U'), ('పు', '|'), ('ప', '|'), ('లు', '|'), ('గెం', 'U'), ('పు', '|'), ('లొ', '|'), ('న', '|'), ('రిం', 'U'), ('పు', '|'), ('భ్ర', '|'), ('మ', '|'), ('ర', '|'), ('వే', 'U'), ('ణి', '|'), ('య', '|'), ('ల', '|'), ('జం', 'U'), ('టి', '|'), ('ర', '|'), ('యి', '|'), ('కం', 'U'), ('టి', '|'), ('న', '|'), ('టు', '|'), ('వం', 'U'), ('టి', '|'), ('మొ', '|'), ('న', '|'), ('చం', 'U'), ('టి', '|'), ('నె', '|'), ('ద', '|'), ('నా', 'U'), ('ని', '|'), ('క', '|'), ('ళ', '|'), ('లం', 'U'), ('టు', '|'), ('మిం', 'U'), ('దు', '|'), ('వ', '|'), ('ద', '|'), ('న', '|'), ('త', '|'), ('మి', '|'), ('దీ', 'U'), ('ర', '|'), ('భ్ర', '|'), ('మ', '|'), ('మీ', 'U'), ('ర', '|'), ('త', '|'), ('ని', '|'), ('వా', 'U'), ('ర', '|'), ('కొ', '|'), ('న', '|'), ('గో', 'U'), ('ర', '|'), ('తొ', '|'), ('డ', '|'), ('ల', '|'), ('కొ', 'U'), ('క్కె', '|'), ('స', '|'), ('మిం', 'U'), ('చు', '|'), ('తో', 'U'), ('య', '|'), ('జా', 'U'), ('క్షి', '|')]",0.9166666666666666,-1.0,1.0,1.0,0.75,-1.0
teytageethi,"యెపుడు నే గందు నీ వుసురెవరి జెందు । నెటుల మతిబొందు నీ తమికేది మందు
జాలినెటునొందు దెవతె నీ సరి పసందు । వచ్చునటె రామరామ లావణ్యసీమ.",vupajaathi,Laavanya,"[('యె', '|'), ('పు', '|'), ('డు', '|'), ('నే', 'U'), ('గం', 'U'), ('దు', '|'), ('నీ', 'U'), ('వు', '|'), ('సు', '|'), ('రె', '|'), ('వ', '|'), ('రి', '|'), ('జెం', 'U'), ('దు', '|'), ('నె', '|'), ('టు', '|'), ('ల', '|'), ('మ', '|'), ('తి', '|'), ('బొం', 'U'), ('దు', '|'), ('నీ', 'U'), ('త', '|'), ('మి', '|'), ('కే', 'U'), ('ది', '|'), ('మం', 'U'), ('దు', '|'), ('జా', 'U'), ('లి', '|'), ('నె', '|'), ('టు', '|'), ('నొం', 'U'), ('దు', '|'), ('దె', '|'), ('వ', '|'), ('తె', '|'), ('నీ', 'U'), ('స', '|'), ('రి', '|'), ('ప', '|'), ('సం', 'U'), ('దు', '|'), ('వ', 'U'), ('చ్చు', '|'), ('న', '|'), ('టె', '|'), ('రా', 'U'), ('మ', '|'), ('రా', 'U'), ('మ', '|'), ('లా', 'U'), ('వ', 'U'), ('ణ్య', '|'), ('సీ', 'U'), ('మ', '|')]",0.8333333333333334,-1.0,1.0,1.0,0.5,-1.0
seesamu,"అత్తరురవ మెరుంగాని దువ్విన జారు । కొప్పుతో పైట మేల్కప్పుతోడ
నల జక్కువలను హాస్యము సేయు కుచకుంభ- । యుగముతో చిరునవ్వుమొగముతోడ
సౌగంధికముల రచ్చకు దీయు డాల్గన్న । మోవితో కపురంపు తావితోడ
మేల్కడాని హొరంగు మించిన నెమ్మేని- । కాంతితో మదనవిభ్రాంతితోడ",vupajaathi,Laavanya,"[('అ', 'U'), ('త్త', '|'), ('రు', '|'), ('ర', '|'), ('వ', '|'), ('మె', '|'), ('రుం', 'U'), ('గా', 'U'), ('ని', '|'), ('దు', 'U'), ('వ్వి', '|'), ('న', '|'), ('జా', 'U'), ('రు', '|'), ('కొ', 'U'), ('ప్పు', '|'), ('తో', 'U'), ('పై', 'U'), ('ట', '|'), ('మే', 'U'), ('ల్క', 'U'), ('ప్పు', '|'), ('తో', 'U'), ('డ', '|'), ('న', '|'), ('ల', '|'), ('జ', 'U'), ('క్కు', '|'), ('వ', '|'), ('ల', '|'), ('ను', '|'), ('హా', 'U'), ('స్య', '|'), ('ము', '|'), ('సే', 'U'), ('యు', '|'), ('కు', '|'), ('చ', '|'), ('కుం', 'U'), ('భ', '|'), ('యు', '|'), ('గ', '|'), ('ము', '|'), ('తో', 'U'), ('చి', '|'), ('రు', '|'), ('న', 'U'), ('వ్వు', '|'), ('మొ', '|'), ('గ', '|'), ('ము', '|'), ('తో', 'U'), ('డ', '|'), ('సౌ', 'U'), ('గం', 'U'), ('ధి', '|'), ('క', '|'), ('ము', '|'), ('ల', '|'), ('ర', 'U'), ('చ్చ', '|'), ('కు', '|'), ('దీ', 'U'), ('యు', '|'), ('డా', 'U'), ('ల్గ', 'U'), ('న్న', '|'), ('మో', 'U'), ('వి', '|'), ('తో', 'U'), ('క', '|'), ('పు', '|'), ('రం', 'U'), ('పు', '|'), ('తా', 'U'), ('వి', '|'), ('తో', 'U'), ('డ', '|'), ('మే', 'U'), ('ల్క', '|'), ('డా', 'U'), ('ని', '|'), ('హొ', '|'), ('రం', 'U'), ('గు', '|'), ('మిం', 'U'), ('చి', '|'), ('న', '|'), ('నె', 'U'), ('మ్మే', 'U'), ('ని', '|'), ('కాం', 'U'), ('తి', '|'), ('తో', 'U'), ('మ', '|'), ('ద', '|'), ('న', '|'), ('వి', '|'), ('భ్రాం', 'U'), ('తి', '|'), ('తో', 'U'), ('డ', '|')]",0.9166666666666666,-1.0,1.0,1.0,0.75,-1.0
teytageethi,"నరనిదుర జెంది పవళించినట్టివేళ । వచ్చి మెల్లనె సైగగా నెచ్చరించి
పైకొని యొనర్చునటువంటి పనులు దలప । వశమటే రామరామ లావణ్యసీమ.",vupajaathi,Laavanya,"[('న', '|'), ('ర', '|'), ('ని', '|'), ('దు', '|'), ('ర', '|'), ('జెం', 'U'), ('ది', '|'), ('ప', '|'), ('వ', '|'), ('ళిం', 'U'), ('చి', '|'), ('న', 'U'), ('ట్టి', '|'), ('వే', 'U'), ('ళ', '|'), ('వ', 'U'), ('చ్చి', '|'), ('మె', 'U'), ('ల్ల', '|'), ('నె', '|'), ('సై', 'U'), ('గ', '|'), ('గా', 'U'), ('నె', 'U'), ('చ్చ', '|'), ('రిం', 'U'), ('చి', '|'), ('పై', 'U'), ('కొ', '|'), ('ని', '|'), ('యొ', '|'), ('న', 'U'), ('ర్చు', '|'), ('న', '|'), ('టు', '|'), ('వం', 'U'), ('టి', '|'), ('ప', '|'), ('ను', '|'), ('లు', '|'), ('ద', '|'), ('ల', '|'), ('ప', '|'), ('వ', '|'), ('శ', '|'), ('మ', '|'), ('టే', 'U'), ('రా', 'U'), ('మ', '|'), ('రా', 'U'), ('మ', '|'), ('లా', 'U'), ('వ', 'U'), ('ణ్య', '|'), ('సీ', 'U'), ('మ', '|')]",1.0,-1.0,1.0,1.0,1.0,-1.0
seesamu,"వంకెవంకెల గాజు వైఖరి పొడగన్న । తలపౌను నీదు ముంగురుల ఘనము
దాడింబపండ్లు చేదగిలిన తరిని జ్ఞా- । పకమౌను నీదు గుబ్బల పసందు
చీమలబారు చూచినవేళ మది కళు- । క్కని గప్తి తగులు నూగారు తీరు
జలపూత గల కెడముల డాలు గాంచిన । తోచు నీ నునుపిరుందుల మిజాదు",vupajaathi,Laavanya,"[('వం', 'U'), ('కె', '|'), ('వం', 'U'), ('కె', '|'), ('ల', '|'), ('గా', 'U'), ('జు', '|'), ('వై', 'U'), ('ఖ', '|'), ('రి', '|'), ('పొ', '|'), ('డ', '|'), ('గ', 'U'), ('న్న', '|'), ('త', '|'), ('ల', '|'), ('పౌ', 'U'), ('ను', '|'), ('నీ', 'U'), ('దు', '|'), ('ముం', 'U'), ('గు', '|'), ('రు', '|'), ('ల', '|'), ('ఘ', '|'), ('న', '|'), ('ము', '|'), ('దా', 'U'), ('డిం', 'U'), ('బ', '|'), ('పం', 'U'), ('డ్లు', '|'), ('చే', 'U'), ('ద', '|'), ('గి', '|'), ('లి', '|'), ('న', '|'), ('త', '|'), ('రి', '|'), ('ని', 'U'), ('జ్ఞా', 'U'), ('ప', '|'), ('క', '|'), ('మౌ', 'U'), ('ను', '|'), ('నీ', 'U'), ('దు', '|'), ('గు', 'U'), ('బ్బ', '|'), ('ల', '|'), ('ప', '|'), ('సం', 'U'), ('దు', '|'), ('చీ', 'U'), ('మ', '|'), ('ల', '|'), ('బా', 'U'), ('రు', '|'), ('చూ', 'U'), ('చి', '|'), ('న', '|'), ('వే', 'U'), ('ళ', '|'), ('మ', '|'), ('ది', '|'), ('క', '|'), ('ళు', 'U'), ('క్క', '|'), ('ని', '|'), ('గ', 'U'), ('ప్తి', '|'), ('త', '|'), ('గు', '|'), ('లు', '|'), ('నూ', 'U'), ('గా', 'U'), ('రు', '|'), ('తీ', 'U'), ('రు', '|'), ('జ', '|'), ('ల', '|'), ('పూ', 'U'), ('త', '|'), ('గ', '|'), ('ల', '|'), ('కె', '|'), ('డ', '|'), ('ము', '|'), ('ల', '|'), ('డా', 'U'), ('లు', '|'), ('గాం', 'U'), ('చి', '|'), ('న', '|'), ('తో', 'U'), ('చు', '|'), ('నీ', 'U'), ('ను', '|'), ('ను', '|'), ('పి', '|'), ('రుం', 'U'), ('దు', '|'), ('ల', '|'), ('మి', '|'), ('జా', 'U'), ('దు', '|')]",0.9479166666666666,-1.0,1.0,0.96875,0.875,-1.0
teytageethi,"తగని మరులాయ మానసోద్భవుని మాయ । గెలువరాదాయ మనసేమొ నిలువదాయ
క్షణము యుగమాయ నిపుడింత చలముసేయ- । వలెనటే రామరామ లావణ్యసీమ.",vupajaathi,Laavanya,"[('త', '|'), ('గ', '|'), ('ని', '|'), ('మ', '|'), ('రు', '|'), ('లా', 'U'), ('య', '|'), ('మా', 'U'), ('న', '|'), ('సో', 'U'), ('ద్భ', '|'), ('వు', '|'), ('ని', '|'), ('మా', 'U'), ('య', '|'), ('గె', '|'), ('లు', '|'), ('వ', '|'), ('రా', 'U'), ('దా', 'U'), ('య', '|'), ('మ', '|'), ('న', '|'), ('సే', 'U'), ('మొ', '|'), ('ని', '|'), ('లు', '|'), ('వ', '|'), ('దా', 'U'), ('య', 'U'), ('క్ష', '|'), ('ణ', '|'), ('ము', '|'), ('యు', '|'), ('గ', '|'), ('మా', 'U'), ('య', '|'), ('ని', '|'), ('పు', '|'), ('డిం', 'U'), ('త', '|'), ('చ', '|'), ('ల', '|'), ('ము', '|'), ('సే', 'U'), ('య', '|'), ('వ', '|'), ('లె', '|'), ('న', '|'), ('టే', 'U'), ('రా', 'U'), ('మ', '|'), ('రా', 'U'), ('మ', '|'), ('లా', 'U'), ('వ', 'U'), ('ణ్య', '|'), ('సీ', 'U'), ('మ', '|')]",0.7833333333333333,-1.0,1.0,0.6,0.75,-1.0
seesamu,"అల కుందముల యందముల నిందసేయు నీ । రదనాళి దలుప నెమ్మది చలించు
జలజాతముల ఖ్యాతముల రాత నదలించు । చూపులెంచిన మోహమేపు మించు
పగడాల జిగిడాల జగడాల గెల్చు కె- । మ్మోవి జూచిన బాళి ముమ్మరించు
మగరాల వగతూలన గజాలునగు లీల । దలప నెమ్మేనేమొ పులుకరించు",vupajaathi,Laavanya,"[('అ', '|'), ('ల', '|'), ('కుం', 'U'), ('ద', '|'), ('ము', '|'), ('ల', '|'), ('యం', 'U'), ('ద', '|'), ('ము', '|'), ('ల', '|'), ('నిం', 'U'), ('ద', '|'), ('సే', 'U'), ('యు', '|'), ('నీ', 'U'), ('ర', '|'), ('ద', '|'), ('నా', 'U'), ('ళి', '|'), ('ద', '|'), ('లు', '|'), ('ప', '|'), ('నె', 'U'), ('మ్మ', '|'), ('ది', '|'), ('చ', '|'), ('లిం', 'U'), ('చు', '|'), ('జ', '|'), ('ల', '|'), ('జా', 'U'), ('త', '|'), ('ము', '|'), ('ల', 'U'), ('ఖ్యా', 'U'), ('త', '|'), ('ము', '|'), ('ల', '|'), ('రా', 'U'), ('త', '|'), ('న', '|'), ('ద', '|'), ('లిం', 'U'), ('చు', '|'), ('చూ', 'U'), ('పు', '|'), ('లెం', 'U'), ('చి', '|'), ('న', '|'), ('మో', 'U'), ('హ', '|'), ('మే', 'U'), ('పు', '|'), ('మిం', 'U'), ('చు', '|'), ('ప', '|'), ('గ', '|'), ('డా', 'U'), ('ల', '|'), ('జి', '|'), ('గి', '|'), ('డా', 'U'), ('ల', '|'), ('జ', '|'), ('గ', '|'), ('డా', 'U'), ('ల', '|'), ('గె', 'U'), ('ల్చు', '|'), ('కె', 'U'), ('మ్మో', 'U'), ('వి', '|'), ('జూ', 'U'), ('చి', '|'), ('న', '|'), ('బా', 'U'), ('ళి', '|'), ('ము', 'U'), ('మ్మ', '|'), ('రిం', 'U'), ('చు', '|'), ('మ', '|'), ('గ', '|'), ('రా', 'U'), ('ల', '|'), ('వ', '|'), ('గ', '|'), ('తూ', 'U'), ('ల', '|'), ('న', '|'), ('గ', '|'), ('జా', 'U'), ('లు', '|'), ('న', '|'), ('గు', '|'), ('లీ', 'U'), ('ల', '|'), ('ద', '|'), ('ల', '|'), ('ప', '|'), ('నె', 'U'), ('మ్మే', 'U'), ('నే', 'U'), ('మొ', '|'), ('పు', '|'), ('లు', '|'), ('క', '|'), ('రిం', 'U'), ('చు', '|')]",0.9895833333333334,-1.0,1.0,0.96875,1.0,-1.0
teytageethi,"వింత నీ చెంతలేని నివ్వెరగు కొంత । వేసటొక్కింత తమి యింత వెగటు కొంత
యీదినము నంతకంత నీమీది చింత । వశమటే రామరామ లావణ్యసీమ.",vupajaathi,Laavanya,"[('విం', 'U'), ('త', '|'), ('నీ', 'U'), ('చెం', 'U'), ('త', '|'), ('లే', 'U'), ('ని', '|'), ('ని', 'U'), ('వ్వె', '|'), ('ర', '|'), ('గు', '|'), ('కొం', 'U'), ('త', '|'), ('వే', 'U'), ('స', '|'), ('టొ', 'U'), ('క్కిం', 'U'), ('త', '|'), ('త', '|'), ('మి', '|'), ('యిం', 'U'), ('త', '|'), ('వె', '|'), ('గ', '|'), ('టు', '|'), ('కొం', 'U'), ('త', '|'), ('యీ', 'U'), ('ది', '|'), ('న', '|'), ('ము', '|'), ('నం', 'U'), ('త', '|'), ('కం', 'U'), ('త', '|'), ('నీ', 'U'), ('మీ', 'U'), ('ది', '|'), ('చిం', 'U'), ('త', '|'), ('వ', '|'), ('శ', '|'), ('మ', '|'), ('టే', 'U'), ('రా', 'U'), ('మ', '|'), ('రా', 'U'), ('మ', '|'), ('లా', 'U'), ('వ', 'U'), ('ణ్య', '|'), ('సీ', 'U'), ('మ', '|')]",1.0,-1.0,1.0,1.0,1.0,-1.0
seesamu,"సుదతి నీ జిల్గుపయ్యెద జారనియ్యవే । బటుచనుంగవ గానబడును గాని
హరిమధ్య నిలచి మాటాడవే యొకసారి । వీనులపండువై విందు గాని
మృగనేత్రి ముద్దునెమ్మొగ మెత్తిచూడవే । మది చింత లొకకొంత మాను గాని
వలరాజునగరి ముందలనైన నుంచవే । జీతమొల్లని కొల్వు సేతు గాని",vupajaathi,Laavanya,"[('సు', '|'), ('ద', '|'), ('తి', '|'), ('నీ', 'U'), ('జి', 'U'), ('ల్గు', '|'), ('ప', 'U'), ('య్యె', '|'), ('ద', '|'), ('జా', 'U'), ('ర', '|'), ('ని', 'U'), ('య్య', '|'), ('వే', 'U'), ('బ', '|'), ('టు', '|'), ('చ', '|'), ('నుం', 'U'), ('గ', '|'), ('వ', '|'), ('గా', 'U'), ('న', '|'), ('బ', '|'), ('డు', '|'), ('ను', '|'), ('గా', 'U'), ('ని', '|'), ('హ', '|'), ('రి', '|'), ('మ', 'U'), ('ధ్య', '|'), ('ని', '|'), ('ల', '|'), ('చి', '|'), ('మా', 'U'), ('టా', 'U'), ('డ', '|'), ('వే', 'U'), ('యొ', '|'), ('క', '|'), ('సా', 'U'), ('రి', '|'), ('వీ', 'U'), ('ను', '|'), ('ల', '|'), ('పం', 'U'), ('డు', '|'), ('వై', 'U'), ('విం', 'U'), ('దు', '|'), ('గా', 'U'), ('ని', '|'), ('మృ', '|'), ('గ', '|'), ('నే', 'U'), ('త్రి', '|'), ('ము', 'U'), ('ద్దు', '|'), ('నె', 'U'), ('మ్మొ', '|'), ('గ', '|'), ('మె', 'U'), ('త్తి', '|'), ('చూ', 'U'), ('డ', '|'), ('వే', 'U'), ('మ', '|'), ('ది', '|'), ('చిం', 'U'), ('త', '|'), ('లొ', '|'), ('క', '|'), ('కొం', 'U'), ('త', '|'), ('మా', 'U'), ('ను', '|'), ('గా', 'U'), ('ని', '|'), ('వ', '|'), ('ల', '|'), ('రా', 'U'), ('జు', '|'), ('న', '|'), ('గ', '|'), ('రి', '|'), ('ముం', 'U'), ('ద', '|'), ('ల', '|'), ('నై', 'U'), ('న', '|'), ('నుం', 'U'), ('చ', '|'), ('వే', 'U'), ('జీ', 'U'), ('త', '|'), ('మొ', 'U'), ('ల్ల', '|'), ('ని', '|'), ('కొ', 'U'), ('ల్వు', '|'), ('సే', 'U'), ('తు', '|'), ('గా', 'U'), ('ని', '|')]",0.9583333333333334,-1.0,1.0,1.0,0.875,-1.0
teytageethi,"దైవఘటనేమొ గాని నిన్ దలచినపుడు । ఝల్లుమని గుండెలదరె నీ జాలి మాని
మరుడు నన్నేచ నీమీద మరులు దాచ । వశమటే రామరామ లావణ్యసీమ.",vupajaathi,Laavanya,"[('దై', 'U'), ('వ', '|'), ('ఘ', '|'), ('ట', '|'), ('నే', 'U'), ('మొ', '|'), ('గా', 'U'), ('ని', '|'), ('ని', 'U'), ('న్ద', '|'), ('ల', '|'), ('చి', '|'), ('న', '|'), ('పు', '|'), ('డు', '|'), ('ఝ', 'U'), ('ల్లు', '|'), ('మ', '|'), ('ని', '|'), ('గుం', 'U'), ('డె', '|'), ('ల', '|'), ('ద', '|'), ('రె', '|'), ('నీ', 'U'), ('జా', 'U'), ('లి', '|'), ('మా', 'U'), ('ని', '|'), ('మ', '|'), ('రు', '|'), ('డు', '|'), ('న', 'U'), ('న్నే', 'U'), ('చ', '|'), ('నీ', 'U'), ('మీ', 'U'), ('ద', '|'), ('మ', '|'), ('రు', '|'), ('లు', '|'), ('దా', 'U'), ('చ', '|'), ('వ', '|'), ('శ', '|'), ('మ', '|'), ('టే', 'U'), ('రా', 'U'), ('మ', '|'), ('రా', 'U'), ('మ', '|'), ('లా', 'U'), ('వ', 'U'), ('ణ్య', '|'), ('సీ', 'U'), ('మ', '|')]",1.0,-1.0,1.0,1.0,1.0,-1.0
seesamu,"ఘనమైన రవలచెక్కటపు పాపట చేర్చు । బిందీలపైన నందంది పొదల
చెలువొంద బాజుబందులక్రింద పికిలి చెం- । డ్లానుగా దుమికి యుయ్యాలలూగ
రాగిడి నెలవంక రతనంపు బిళ్లల । జడ పిరుందులతో సరసమాడ
సొగసైన లేగౌను బిగిసి యొడ్డాణంపు । ఘంటలొక్కొకసారి ఘల్లురనగ
మేలైన చెంపఖల్లీలు గుబ్బల మధ్య । చంద్రహారములతో జత బెనంగ",vupajaathi,Laavanya,"[('ఘ', '|'), ('న', '|'), ('మై', 'U'), ('న', '|'), ('ర', '|'), ('వ', '|'), ('ల', '|'), ('చె', 'U'), ('క్క', '|'), ('ట', '|'), ('పు', '|'), ('పా', 'U'), ('ప', '|'), ('ట', '|'), ('చే', 'U'), ('ర్చు', '|'), ('బిం', 'U'), ('దీ', 'U'), ('ల', '|'), ('పై', 'U'), ('న', '|'), ('నం', 'U'), ('దం', 'U'), ('ది', '|'), ('పొ', '|'), ('ద', '|'), ('ల', '|'), ('చె', '|'), ('లు', '|'), ('వొం', 'U'), ('ద', '|'), ('బా', 'U'), ('జు', '|'), ('బం', 'U'), ('దు', '|'), ('ల', '|'), ('క్రిం', 'U'), ('ద', '|'), ('పి', '|'), ('కి', '|'), ('లి', '|'), ('చెం', 'U'), ('డ్లా', 'U'), ('ను', '|'), ('గా', 'U'), ('దు', '|'), ('మి', '|'), ('కి', '|'), ('యు', 'U'), ('య్యా', 'U'), ('ల', '|'), ('లూ', 'U'), ('గ', '|'), ('రా', 'U'), ('గి', '|'), ('డి', '|'), ('నె', '|'), ('ల', '|'), ('వం', 'U'), ('క', '|'), ('ర', '|'), ('త', '|'), ('నం', 'U'), ('పు', '|'), ('బి', 'U'), ('ళ్ల', '|'), ('ల', '|'), ('జ', '|'), ('డ', '|'), ('పి', '|'), ('రుం', 'U'), ('దు', '|'), ('ల', '|'), ('తో', 'U'), ('స', '|'), ('ర', '|'), ('స', '|'), ('మా', 'U'), ('డ', '|'), ('సొ', '|'), ('గ', '|'), ('సై', 'U'), ('న', '|'), ('లే', 'U'), ('గౌ', 'U'), ('ను', '|'), ('బి', '|'), ('గి', '|'), ('సి', '|'), ('యొ', 'U'), ('డ్డా', 'U'), ('ణం', 'U'), ('పు', '|'), ('ఘం', 'U'), ('ట', '|'), ('లొ', 'U'), ('క్కొ', '|'), ('క', '|'), ('సా', 'U'), ('రి', '|'), ('ఘ', 'U'), ('ల్లు', '|'), ('ర', '|'), ('న', '|'), ('గ', '|'), ('మే', 'U'), ('లై', 'U'), ('న', '|'), ('చెం', 'U'), ('ప', '|'), ('ఖ', 'U'), ('ల్లీ', 'U'), ('లు', '|'), ('గు', 'U'), ('బ్బ', '|'), ('ల', '|'), ('మ', 'U'), ('ధ్య', '|'), ('చం', 'U'), ('ద్ర', '|'), ('హా', 'U'), ('ర', '|'), ('ము', '|'), ('ల', '|'), ('తో', 'U'), ('జ', '|'), ('త', '|'), ('బె', '|'), ('నం', 'U'), ('గ', '|')]",0.7916666666666666,-1.0,1.0,0.875,0.5,-1.0
teytageethi,"తమిని కళలూర నొసట కెంజెమట జార । కదలవలదని యెదనెద నదిమి గదిమి
యుపరతి యొనర్చునాటి నీ హొయలు దలప । వశమటే రామరామ లావణ్యసీమ.",vupajaathi,Laavanya,"[('త', '|'), ('మి', '|'), ('ని', '|'), ('క', '|'), ('ళ', '|'), ('లూ', 'U'), ('ర', '|'), ('నొ', '|'), ('స', '|'), ('ట', '|'), ('కెం', 'U'), ('జె', '|'), ('మ', '|'), ('ట', '|'), ('జా', 'U'), ('ర', '|'), ('క', '|'), ('ద', '|'), ('ల', '|'), ('వ', '|'), ('ల', '|'), ('ద', '|'), ('ని', '|'), ('యె', '|'), ('ద', '|'), ('నె', '|'), ('ద', '|'), ('న', '|'), ('ది', '|'), ('మి', '|'), ('గ', '|'), ('ది', '|'), ('మి', '|'), ('యు', '|'), ('ప', '|'), ('ర', '|'), ('తి', '|'), ('యొ', '|'), ('న', 'U'), ('ర్చు', '|'), ('నా', 'U'), ('టి', '|'), ('నీ', 'U'), ('హొ', '|'), ('య', '|'), ('లు', '|'), ('ద', '|'), ('ల', '|'), ('ప', '|'), ('వ', '|'), ('శ', '|'), ('మ', '|'), ('టే', 'U'), ('రా', 'U'), ('మ', '|'), ('రా', 'U'), ('మ', '|'), ('లా', 'U'), ('వ', 'U'), ('ణ్య', '|'), ('సీ', 'U'), ('మ', '|')]",1.0,-1.0,1.0,1.0,1.0,-1.0
seesamu,"పసుపునిగ్గుల చల్వపావడతో కుసుం- । బా కలాబతు జారుపైటతోడ
మొనబంటి కసికాటులను కందు మోవితో । విరులు వాడిన వేణిభరముతోడ
నెలవంక గోటిపోటుల చన్నుదోయితో । సొక్కిన నెమ్మోముసొగసుతోడ
కొద్దిగా చెదరు కుంకుమతో కరంగిన । కాటుక కనుసోగ నీటుతోడ",vupajaathi,Laavanya,"[('ప', '|'), ('సు', '|'), ('పు', '|'), ('ని', 'U'), ('గ్గు', '|'), ('ల', '|'), ('చ', 'U'), ('ల్వ', '|'), ('పా', 'U'), ('వ', '|'), ('డ', '|'), ('తో', 'U'), ('కు', '|'), ('సుం', 'U'), ('బా', 'U'), ('క', '|'), ('లా', 'U'), ('బ', '|'), ('తు', '|'), ('జా', 'U'), ('రు', '|'), ('పై', 'U'), ('ట', '|'), ('తో', 'U'), ('డ', '|'), ('మొ', '|'), ('న', '|'), ('బం', 'U'), ('టి', '|'), ('క', '|'), ('సి', '|'), ('కా', 'U'), ('టు', '|'), ('ల', '|'), ('ను', '|'), ('కం', 'U'), ('దు', '|'), ('మో', 'U'), ('వి', '|'), ('తో', 'U'), ('వి', '|'), ('రు', '|'), ('లు', '|'), ('వా', 'U'), ('డి', '|'), ('న', '|'), ('వే', 'U'), ('ణి', '|'), ('భ', '|'), ('ర', '|'), ('ము', '|'), ('తో', 'U'), ('డ', '|'), ('నె', '|'), ('ల', '|'), ('వం', 'U'), ('క', '|'), ('గో', 'U'), ('టి', '|'), ('పో', 'U'), ('టు', '|'), ('ల', '|'), ('చ', 'U'), ('న్ను', '|'), ('దో', 'U'), ('యి', '|'), ('తో', 'U'), ('సొ', 'U'), ('క్కి', '|'), ('న', '|'), ('నె', 'U'), ('మ్మో', 'U'), ('ము', '|'), ('సొ', '|'), ('గ', '|'), ('సు', '|'), ('తో', 'U'), ('డ', '|'), ('కొ', 'U'), ('ద్ది', '|'), ('గా', 'U'), ('చె', '|'), ('ద', '|'), ('రు', '|'), ('కుం', 'U'), ('కు', '|'), ('మ', '|'), ('తో', 'U'), ('క', '|'), ('రం', 'U'), ('గి', '|'), ('న', '|'), ('కా', 'U'), ('టు', '|'), ('క', '|'), ('క', '|'), ('ను', '|'), ('సో', 'U'), ('గ', '|'), ('నీ', 'U'), ('టు', '|'), ('తో', 'U'), ('డ', '|')]",1.0,-1.0,1.0,1.0,1.0,-1.0
teytageethi,"ముడి వదలినట్టి నీవి నిమ్ముగ బిగించి । సురతమున మైచెమర్చిన సురటి బూని
విసరుకొనుచున్నవేళ నీ వితమునెన్న । వశమటే రామరామ లావణ్యసీమ.",vupajaathi,Laavanya,"[('ము', '|'), ('డి', '|'), ('వ', '|'), ('ద', '|'), ('లి', '|'), ('న', 'U'), ('ట్టి', '|'), ('నీ', 'U'), ('వి', '|'), ('ని', 'U'), ('మ్ము', '|'), ('గ', '|'), ('బి', '|'), ('గిం', 'U'), ('చి', '|'), ('సు', '|'), ('ర', '|'), ('త', '|'), ('ము', '|'), ('న', '|'), ('మై', 'U'), ('చె', '|'), ('మ', 'U'), ('ర్చి', '|'), ('న', '|'), ('సు', '|'), ('ర', '|'), ('టి', '|'), ('బూ', 'U'), ('ని', '|'), ('వి', '|'), ('స', '|'), ('రు', '|'), ('కొ', '|'), ('ను', '|'), ('చు', 'U'), ('న్న', '|'), ('వే', 'U'), ('ళ', '|'), ('నీ', 'U'), ('వి', '|'), ('త', '|'), ('ము', '|'), ('నె', 'U'), ('న్న', '|'), ('వ', '|'), ('శ', '|'), ('మ', '|'), ('టే', 'U'), ('రా', 'U'), ('మ', '|'), ('రా', 'U'), ('మ', '|'), ('లా', 'U'), ('వ', 'U'), ('ణ్య', '|'), ('సీ', 'U'), ('మ', '|')]",1.0,-1.0,1.0,1.0,1.0,-1.0
seesamu,"సమబంధమొనరించు సమయమందున కర- । మ్ములు మధ్యమునకు లంకెలు దనర్చి
గుదికాళ్లు పిరుదుల నదిమి వాతెరల నొం- । డొండ పల్మొనలతొ నొరయుకొనుచు
రెక్కలన్ గూర్చి కన్‍రెప్పలల్లార్పుచు । కడుపక్కళించి వెన్కలకు దిరిగి
తను చివుక్కునను పైకొను వితంబిది గాదు । డింకిసేయుదము లెండి యని లేచి",vupajaathi,Laavanya,"[('స', '|'), ('మ', '|'), ('బం', 'U'), ('ధ', '|'), ('మొ', '|'), ('న', '|'), ('రిం', 'U'), ('చు', '|'), ('స', '|'), ('మ', '|'), ('య', '|'), ('మం', 'U'), ('దు', '|'), ('న', '|'), ('క', '|'), ('ర', 'U'), ('మ్ము', '|'), ('లు', '|'), ('మ', 'U'), ('ధ్య', '|'), ('ము', '|'), ('న', '|'), ('కు', '|'), ('లం', 'U'), ('కె', '|'), ('లు', '|'), ('ద', '|'), ('న', 'U'), ('ర్చి', '|'), ('గు', '|'), ('ది', '|'), ('కా', 'U'), ('ళ్లు', '|'), ('పి', '|'), ('రు', '|'), ('దు', '|'), ('ల', '|'), ('న', '|'), ('ది', '|'), ('మి', '|'), ('వా', 'U'), ('తె', '|'), ('ర', '|'), ('ల', '|'), ('నొం', 'U'), ('డొం', 'U'), ('డ', '|'), ('ప', 'U'), ('ల్మొ', '|'), ('న', '|'), ('ల', '|'), ('తొ', '|'), ('నొ', '|'), ('ర', '|'), ('యు', '|'), ('కొ', '|'), ('ను', '|'), ('చు', '|'), ('రె', 'U'), ('క్క', '|'), ('ల', 'U'), ('న్గూ', 'U'), ('ర్చి', '|'), ('క', '|'), ('న్రె', 'U'), ('ప్ప', '|'), ('ల', 'U'), ('ల్లా', 'U'), ('ర్పు', '|'), ('చు', '|'), ('క', '|'), ('డు', '|'), ('ప', 'U'), ('క్క', '|'), ('ళిం', 'U'), ('చి', '|'), ('వె', 'U'), ('న్క', '|'), ('ల', '|'), ('కు', '|'), ('ది', '|'), ('రి', '|'), ('గి', '|'), ('త', '|'), ('ను', '|'), ('చి', '|'), ('వు', 'U'), ('క్కు', '|'), ('న', '|'), ('ను', '|'), ('పై', 'U'), ('కొ', '|'), ('ను', '|'), ('వి', '|'), ('తం', 'U'), ('బి', '|'), ('ది', '|'), ('గా', 'U'), ('దు', '|'), ('డిం', 'U'), ('కి', '|'), ('సే', 'U'), ('యు', '|'), ('ద', '|'), ('ము', '|'), ('లెం', 'U'), ('డి', '|'), ('య', '|'), ('ని', '|'), ('లే', 'U'), ('చి', '|')]",0.9583333333333334,-1.0,1.0,1.0,0.875,-1.0
teytageethi,"వెనక జిక్కితిరో యని వెన్ను జరచి । నొసటి చెమ్మట పయ్యెదనొత్తికొనుచు
నిలిచి నను జూచి పలికిన నీటు దలప । వశమటే రామరామ లావణ్యసీమ.",vupajaathi,Laavanya,"[('వె', '|'), ('న', '|'), ('క', '|'), ('జి', 'U'), ('క్కి', '|'), ('తి', '|'), ('రో', 'U'), ('య', '|'), ('ని', '|'), ('వె', 'U'), ('న్ను', '|'), ('జ', '|'), ('ర', '|'), ('చి', '|'), ('నొ', '|'), ('స', '|'), ('టి', '|'), ('చె', 'U'), ('మ్మ', '|'), ('ట', '|'), ('ప', 'U'), ('య్యె', '|'), ('ద', '|'), ('నొ', 'U'), ('త్తి', '|'), ('కొ', '|'), ('ను', '|'), ('చు', '|'), ('ని', '|'), ('లి', '|'), ('చి', '|'), ('న', '|'), ('ను', '|'), ('జూ', 'U'), ('చి', '|'), ('ప', '|'), ('లి', '|'), ('కి', '|'), ('న', '|'), ('నీ', 'U'), ('టు', '|'), ('ద', '|'), ('ల', '|'), ('ప', '|'), ('వ', '|'), ('శ', '|'), ('మ', '|'), ('టే', 'U'), ('రా', 'U'), ('మ', '|'), ('రా', 'U'), ('మ', '|'), ('లా', 'U'), ('వ', 'U'), ('ణ్య', '|'), ('సీ', 'U'), ('మ', '|')]",1.0,-1.0,1.0,1.0,1.0,-1.0
seesamu,"చూపుమార్పులను హెచ్చుగ నాస గల్పించి । చేమార్పులను చాల ప్రేమ నించి
కౌగిటిమార్పుల కడుమోదమున మించి । మోవిమార్పుల మెచ్చి ముద్దునిచ్చి
తమలంపుమార్పుల క్రమముగా దనియించి । తొడసందిమార్పుల దుడుకు గాంచి
ప్రక్కమార్పుల ప్రౌఢిపని గాదని మదించి । పడకమార్పుల హాయిబడ రమించి",vupajaathi,Laavanya,"[('చూ', 'U'), ('పు', '|'), ('మా', 'U'), ('ర్పు', '|'), ('ల', '|'), ('ను', '|'), ('హె', 'U'), ('చ్చు', '|'), ('గ', '|'), ('నా', 'U'), ('స', '|'), ('గ', 'U'), ('ల్పిం', 'U'), ('చి', '|'), ('చే', 'U'), ('మా', 'U'), ('ర్పు', '|'), ('ల', '|'), ('ను', '|'), ('చా', 'U'), ('ల', '|'), ('ప్రే', 'U'), ('మ', '|'), ('నిం', 'U'), ('చి', '|'), ('కౌ', 'U'), ('గి', '|'), ('టి', '|'), ('మా', 'U'), ('ర్పు', '|'), ('ల', '|'), ('క', '|'), ('డు', '|'), ('మో', 'U'), ('ద', '|'), ('ము', '|'), ('న', '|'), ('మిం', 'U'), ('చి', '|'), ('మో', 'U'), ('వి', '|'), ('మా', 'U'), ('ర్పు', '|'), ('ల', '|'), ('మె', 'U'), ('చ్చి', '|'), ('ము', 'U'), ('ద్దు', '|'), ('ని', 'U'), ('చ్చి', '|'), ('త', '|'), ('మ', '|'), ('లం', 'U'), ('పు', '|'), ('మా', 'U'), ('ర్పు', '|'), ('ల', '|'), ('క్ర', '|'), ('మ', '|'), ('ము', '|'), ('గా', 'U'), ('ద', '|'), ('ని', '|'), ('యిం', 'U'), ('చి', '|'), ('తొ', '|'), ('డ', '|'), ('సం', 'U'), ('ది', '|'), ('మా', 'U'), ('ర్పు', '|'), ('ల', '|'), ('దు', '|'), ('డు', '|'), ('కు', '|'), ('గాం', 'U'), ('చి', '|'), ('ప్ర', 'U'), ('క్క', '|'), ('మా', 'U'), ('ర్పు', '|'), ('ల', '|'), ('ప్రౌ', 'U'), ('ఢి', '|'), ('ప', '|'), ('ని', '|'), ('గా', 'U'), ('ద', '|'), ('ని', '|'), ('మ', '|'), ('దిం', 'U'), ('చి', '|'), ('ప', '|'), ('డ', '|'), ('క', '|'), ('మా', 'U'), ('ర్పు', '|'), ('ల', '|'), ('హా', 'U'), ('యి', '|'), ('బ', '|'), ('డ', '|'), ('ర', '|'), ('మిం', 'U'), ('చి', '|')]",1.0,-1.0,1.0,1.0,1.0,-1.0
teytageethi,"బడలికను లేచి నెమ్మోము పారజూచి । మదినొకటి దోచిన నవ్వి యామాట దాచి
చేతచెయ్యూచి పలుకు నీ చెలువమెన్న । వశమటే రామరామ లావణ్యసీమ.",vupajaathi,Laavanya,"[('బ', '|'), ('డ', '|'), ('లి', '|'), ('క', '|'), ('ను', '|'), ('లే', 'U'), ('చి', '|'), ('నె', 'U'), ('మ్మో', 'U'), ('ము', '|'), ('పా', 'U'), ('ర', '|'), ('జూ', 'U'), ('చి', '|'), ('మ', '|'), ('ది', '|'), ('నొ', '|'), ('క', '|'), ('టి', '|'), ('దో', 'U'), ('చి', '|'), ('న', '|'), ('న', 'U'), ('వ్వి', '|'), ('యా', 'U'), ('మా', 'U'), ('ట', '|'), ('దా', 'U'), ('చి', '|'), ('చే', 'U'), ('త', '|'), ('చె', 'U'), ('య్యూ', 'U'), ('చి', '|'), ('ప', '|'), ('లు', '|'), ('కు', '|'), ('నీ', 'U'), ('చె', '|'), ('లు', '|'), ('వ', '|'), ('మె', 'U'), ('న్న', '|'), ('వ', '|'), ('శ', '|'), ('మ', '|'), ('టే', 'U'), ('రా', 'U'), ('మ', '|'), ('రా', 'U'), ('మ', '|'), ('లా', 'U'), ('వ', 'U'), ('ణ్య', '|'), ('సీ', 'U'), ('మ', '|')]",0.9833333333333334,-1.0,1.0,0.95,1.0,-1.0
seesamu,"పికిలిపిట్టల రీతి పెదవికాటందుచు । కూర్చుండెదుర్కొని కొంతసేపు
చిలుకల గతి ముద్దుపలుకులొప్పుగను పై- । కొని రతి హాయిగా కొంతసేపు
కన్నెపావురమన గళమున మణితంబు । గులికించి హొయలుగా కొంతసేపు
కళలుప్పతిల్ల ప్రక్కలు గోట జెణకుచు । కోకిలరవముచే కొంతసేపు",vupajaathi,Laavanya,"[('పి', '|'), ('కి', '|'), ('లి', '|'), ('పి', 'U'), ('ట్ట', '|'), ('ల', '|'), ('రీ', 'U'), ('తి', '|'), ('పె', '|'), ('ద', '|'), ('వి', '|'), ('కా', 'U'), ('టం', 'U'), ('దు', '|'), ('చు', '|'), ('కూ', 'U'), ('ర్చుం', 'U'), ('డె', '|'), ('దు', 'U'), ('ర్కొ', '|'), ('ని', '|'), ('కొం', 'U'), ('త', '|'), ('సే', 'U'), ('పు', '|'), ('చి', '|'), ('లు', '|'), ('క', '|'), ('ల', '|'), ('గ', '|'), ('తి', '|'), ('ము', 'U'), ('ద్దు', '|'), ('ప', '|'), ('లు', '|'), ('కు', '|'), ('లొ', 'U'), ('ప్పు', '|'), ('గ', '|'), ('ను', '|'), ('పై', 'U'), ('కొ', '|'), ('ని', '|'), ('ర', '|'), ('తి', '|'), ('హా', 'U'), ('యి', '|'), ('గా', 'U'), ('కొం', 'U'), ('త', '|'), ('సే', 'U'), ('పు', '|'), ('క', 'U'), ('న్నె', '|'), ('పా', 'U'), ('వు', '|'), ('ర', '|'), ('మ', '|'), ('న', '|'), ('గ', '|'), ('ళ', '|'), ('ము', '|'), ('న', '|'), ('మ', '|'), ('ణి', '|'), ('తం', 'U'), ('బు', '|'), ('గు', '|'), ('లి', '|'), ('కిం', 'U'), ('చి', '|'), ('హొ', '|'), ('య', '|'), ('లు', '|'), ('గా', 'U'), ('కొం', 'U'), ('త', '|'), ('సే', 'U'), ('పు', '|'), ('క', '|'), ('ళ', '|'), ('లు', 'U'), ('ప్ప', '|'), ('తి', 'U'), ('ల్ల', '|'), ('ప్ర', 'U'), ('క్క', '|'), ('లు', '|'), ('గో', 'U'), ('ట', '|'), ('జె', '|'), ('ణ', '|'), ('కు', '|'), ('చు', '|'), ('కో', 'U'), ('కి', '|'), ('ల', '|'), ('ర', '|'), ('వ', '|'), ('ము', '|'), ('చే', 'U'), ('కొం', 'U'), ('త', '|'), ('సే', 'U'), ('పు', '|')]",1.0,-1.0,1.0,1.0,1.0,-1.0
teytageethi,"వింతగొరువంకపోరుల గొంతసేపు । గునుపుతో ప్రక్కమార్పుల కొంతసేపు
క్రీడ సల్పిననాటి నీ రీతినెన్న । వశమటే రామరామ లావణ్యసీమ.",vupajaathi,Laavanya,"[('విం', 'U'), ('త', '|'), ('గొ', '|'), ('రు', '|'), ('వం', 'U'), ('క', '|'), ('పో', 'U'), ('రు', '|'), ('ల', '|'), ('గొం', 'U'), ('త', '|'), ('సే', 'U'), ('పు', '|'), ('గు', '|'), ('ను', '|'), ('పు', '|'), ('తో', 'U'), ('ప్ర', 'U'), ('క్క', '|'), ('మా', 'U'), ('ర్పు', '|'), ('ల', '|'), ('కొం', 'U'), ('త', '|'), ('సే', 'U'), ('పు', '|'), ('క్రీ', 'U'), ('డ', '|'), ('స', 'U'), ('ల్పి', '|'), ('న', '|'), ('నా', 'U'), ('టి', '|'), ('నీ', 'U'), ('రీ', 'U'), ('తి', '|'), ('నె', 'U'), ('న్న', '|'), ('వ', '|'), ('శ', '|'), ('మ', '|'), ('టే', 'U'), ('రా', 'U'), ('మ', '|'), ('రా', 'U'), ('మ', '|'), ('లా', 'U'), ('వ', 'U'), ('ణ్య', '|'), ('సీ', 'U'), ('మ', '|')]",1.0,-1.0,1.0,1.0,1.0,-1.0
seesamu,"తొడనిగ్గు పైకి గన్పడు కీనుఖాబు పా- । వడతో జరీబుటా వల్వతోడ
రహిమించు వహిగాంచు రవికెతో ఝల్లని । కౌనుల్కి చెమరించు కళలతోడ
సొగసు మించిన చాదుచుక్కతో పిరుదుల । నంటి మెలంగు కీల్గంటుతోడ
మొనలు పైపైలకగ్గిన కుచద్వయముతో । మిసిమి జెలంగు నెమ్మేనితోడ",vupajaathi,Laavanya,"[('తొ', '|'), ('డ', '|'), ('ని', 'U'), ('గ్గు', '|'), ('పై', 'U'), ('కి', '|'), ('గ', 'U'), ('న్ప', '|'), ('డు', '|'), ('కీ', 'U'), ('ను', '|'), ('ఖా', 'U'), ('బు', '|'), ('పా', 'U'), ('వ', '|'), ('డ', '|'), ('తో', 'U'), ('జ', '|'), ('రీ', 'U'), ('బు', '|'), ('టా', 'U'), ('వ', 'U'), ('ల్వ', '|'), ('తో', 'U'), ('డ', '|'), ('ర', '|'), ('హి', '|'), ('మిం', 'U'), ('చు', '|'), ('వ', '|'), ('హి', '|'), ('గాం', 'U'), ('చు', '|'), ('ర', '|'), ('వి', '|'), ('కె', '|'), ('తో', 'U'), ('ఝ', 'U'), ('ల్ల', '|'), ('ని', '|'), ('కౌ', 'U'), ('ను', 'U'), ('ల్కి', '|'), ('చె', '|'), ('మ', '|'), ('రిం', 'U'), ('చు', '|'), ('క', '|'), ('ళ', '|'), ('ల', '|'), ('తో', 'U'), ('డ', '|'), ('సొ', '|'), ('గ', '|'), ('సు', '|'), ('మిం', 'U'), ('చి', '|'), ('న', '|'), ('చా', 'U'), ('దు', '|'), ('చు', 'U'), ('క్క', '|'), ('తో', 'U'), ('పి', '|'), ('రు', '|'), ('దు', '|'), ('ల', '|'), ('నం', 'U'), ('టి', '|'), ('మె', '|'), ('లం', 'U'), ('గు', '|'), ('కీ', 'U'), ('ల్గం', 'U'), ('టు', '|'), ('తో', 'U'), ('డ', '|'), ('మొ', '|'), ('న', '|'), ('లు', '|'), ('పై', 'U'), ('పై', 'U'), ('ల', '|'), ('క', 'U'), ('గ్గి', '|'), ('న', '|'), ('కు', '|'), ('చ', 'U'), ('ద్వ', '|'), ('య', '|'), ('ము', '|'), ('తో', 'U'), ('మి', '|'), ('సి', '|'), ('మి', '|'), ('జె', '|'), ('లం', 'U'), ('గు', '|'), ('నె', 'U'), ('మ్మే', 'U'), ('ని', '|'), ('తో', 'U'), ('డ', '|')]",1.0,-1.0,1.0,1.0,1.0,-1.0
teytageethi,"కులికి దిగ్గున లేచి లోకొంగు జూచి । చెరగు మాసె నటంచును సిగ్గుదోచి
పాత్ర గైకొన్న హొయలెంచి బాళి నిలుప । వశమటే రామరామ లావణ్యసీమ.",vupajaathi,Laavanya,"[('కు', '|'), ('లి', '|'), ('కి', '|'), ('ది', 'U'), ('గ్గు', '|'), ('న', '|'), ('లే', 'U'), ('చి', '|'), ('లో', 'U'), ('కొం', 'U'), ('గు', '|'), ('జూ', 'U'), ('చి', '|'), ('చె', '|'), ('ర', '|'), ('గు', '|'), ('మా', 'U'), ('సె', '|'), ('న', '|'), ('టం', 'U'), ('చు', '|'), ('ను', '|'), ('సి', 'U'), ('గ్గు', '|'), ('దో', 'U'), ('చి', '|'), ('పా', 'U'), ('త్ర', '|'), ('గై', 'U'), ('కొ', 'U'), ('న్న', '|'), ('హొ', '|'), ('య', '|'), ('లెం', 'U'), ('చి', '|'), ('బా', 'U'), ('ళి', '|'), ('ని', '|'), ('లు', '|'), ('ప', '|'), ('వ', '|'), ('శ', '|'), ('మ', '|'), ('టే', 'U'), ('రా', 'U'), ('మ', '|'), ('రా', 'U'), ('మ', '|'), ('లా', 'U'), ('వ', 'U'), ('ణ్య', '|'), ('సీ', 'U'), ('మ', '|')]",1.0,-1.0,1.0,1.0,1.0,-1.0
seesamu,"కరమొప్ప మేల్కీనుఖాబు పావడమీద । సిరిమించు మహతాబి చీర గుల్క
సరిగె కంగోరు భస్మావన్నె రవికెపై । పిగిలి కుచ్చెల ధాటు పిక్కటిల్ల
పోచీలు కంకణమ్ములు సరుల్పాటిలు । కరము జూపగ ధళుక్కని వెలుంగ
గొలుసులు పావడంబులు చిరుగజ్జె లం- । దెలు పదమ్మున ఝళంఝళలు సేయ
వలరాయునింట చిల్చిలమంచు కళ కుసుం- । బాపువ్వురసము కైవడిని గురియ",vupajaathi,Laavanya,"[('క', '|'), ('ర', '|'), ('మొ', 'U'), ('ప్ప', '|'), ('మే', 'U'), ('ల్కీ', 'U'), ('ను', '|'), ('ఖా', 'U'), ('బు', '|'), ('పా', 'U'), ('వ', '|'), ('డ', '|'), ('మీ', 'U'), ('ద', '|'), ('సి', '|'), ('రి', '|'), ('మిం', 'U'), ('చు', '|'), ('మ', '|'), ('హ', '|'), ('తా', 'U'), ('బి', '|'), ('చీ', 'U'), ('ర', '|'), ('గు', 'U'), ('ల్క', '|'), ('స', '|'), ('రి', '|'), ('గె', '|'), ('కం', 'U'), ('గో', 'U'), ('రు', '|'), ('భ', 'U'), ('స్మా', 'U'), ('వ', 'U'), ('న్నె', '|'), ('ర', '|'), ('వి', '|'), ('కె', '|'), ('పై', 'U'), ('పి', '|'), ('గి', '|'), ('లి', '|'), ('కు', 'U'), ('చ్చె', '|'), ('ల', '|'), ('ధా', 'U'), ('టు', '|'), ('పి', 'U'), ('క్క', '|'), ('టి', 'U'), ('ల్ల', '|'), ('పో', 'U'), ('చీ', 'U'), ('లు', '|'), ('కం', 'U'), ('క', '|'), ('ణ', 'U'), ('మ్ము', '|'), ('లు', '|'), ('స', '|'), ('రు', 'U'), ('ల్పా', 'U'), ('టి', '|'), ('లు', '|'), ('క', '|'), ('ర', '|'), ('ము', '|'), ('జూ', 'U'), ('ప', '|'), ('గ', '|'), ('ధ', '|'), ('ళు', 'U'), ('క్క', '|'), ('ని', '|'), ('వె', '|'), ('లుం', 'U'), ('గ', '|'), ('గొ', '|'), ('లు', '|'), ('సు', '|'), ('లు', '|'), ('పా', 'U'), ('వ', '|'), ('డం', 'U'), ('బు', '|'), ('లు', '|'), ('చి', '|'), ('రు', '|'), ('గ', 'U'), ('జ్జె', '|'), ('లం', 'U'), ('దె', '|'), ('లు', '|'), ('ప', '|'), ('ద', 'U'), ('మ్ము', '|'), ('న', '|'), ('ఝ', '|'), ('ళం', 'U'), ('ఝ', '|'), ('ళ', '|'), ('లు', '|'), ('సే', 'U'), ('య', '|'), ('వ', '|'), ('ల', '|'), ('రా', 'U'), ('యు', '|'), ('నిం', 'U'), ('ట', '|'), ('చి', 'U'), ('ల్చి', '|'), ('ల', '|'), ('మం', 'U'), ('చు', '|'), ('క', '|'), ('ళ', '|'), ('కు', '|'), ('సుం', 'U'), ('బా', 'U'), ('పు', 'U'), ('వ్వు', '|'), ('ర', '|'), ('స', '|'), ('ము', '|'), ('కై', 'U'), ('వ', '|'), ('డి', '|'), ('ని', '|'), ('గు', '|'), ('రి', '|'), ('య', '|')]",0.9583333333333334,-1.0,1.0,1.0,0.875,-1.0
teytageethi,"బోటి మార్నీటిరేయి నీతోటి నెనయు- । నాటి వేడుకలింక నేనాటికైన
కోటి యిచ్చిన కల్గ దాపాటి దలప । వశమటే రామరామ లావణ్యసీమ.",vupajaathi,Laavanya,"[('బో', 'U'), ('టి', '|'), ('మా', 'U'), ('ర్నీ', 'U'), ('టి', '|'), ('రే', 'U'), ('యి', '|'), ('నీ', 'U'), ('తో', 'U'), ('టి', '|'), ('నె', '|'), ('న', '|'), ('యు', '|'), ('నా', 'U'), ('టి', '|'), ('వే', 'U'), ('డు', '|'), ('క', '|'), ('లిం', 'U'), ('క', '|'), ('నే', 'U'), ('నా', 'U'), ('టి', '|'), ('కై', 'U'), ('న', '|'), ('కో', 'U'), ('టి', '|'), ('యి', 'U'), ('చ్చి', '|'), ('న', '|'), ('క', 'U'), ('ల్గ', '|'), ('దా', 'U'), ('పా', 'U'), ('టి', '|'), ('ద', '|'), ('ల', '|'), ('ప', '|'), ('వ', '|'), ('శ', '|'), ('మ', '|'), ('టే', 'U'), ('రా', 'U'), ('మ', '|'), ('రా', 'U'), ('మ', '|'), ('లా', 'U'), ('వ', 'U'), ('ణ్య', '|'), ('సీ', 'U'), ('మ', '|')]",1.0,-1.0,1.0,1.0,1.0,-1.0
seesamu,"మైతావి నీవి కమ్మని మోవి గను ఠీవి । దలపోసి పెదవులు దడిపి దడిపి
తొడతళ్కు నడుమల్కు నడగుల్కు పొడగాంచి । గొనబైన జాలిచే గుంది గుంది
జడబారు నుడితీరు మడిచారు మడిసౌరు । నెంచి చాలగ తమి హెచ్చి హెచ్చి
వలపింపు కటిపెంపు వదనంపు జిగిసొంపు । లనుదినంబును గొనియాడి యాడి",vupajaathi,Laavanya,"[('మై', 'U'), ('తా', 'U'), ('వి', '|'), ('నీ', 'U'), ('వి', '|'), ('క', 'U'), ('మ్మ', '|'), ('ని', '|'), ('మో', 'U'), ('వి', '|'), ('గ', '|'), ('ను', '|'), ('ఠీ', 'U'), ('వి', '|'), ('ద', '|'), ('ల', '|'), ('పో', 'U'), ('సి', '|'), ('పె', '|'), ('ద', '|'), ('వు', '|'), ('లు', '|'), ('ద', '|'), ('డి', '|'), ('పి', '|'), ('ద', '|'), ('డి', '|'), ('పి', '|'), ('తొ', '|'), ('డ', '|'), ('త', 'U'), ('ళ్కు', '|'), ('న', '|'), ('డు', '|'), ('మ', 'U'), ('ల్కు', '|'), ('న', '|'), ('డ', '|'), ('గు', 'U'), ('ల్కు', '|'), ('పొ', '|'), ('డ', '|'), ('గాం', 'U'), ('చి', '|'), ('గొ', '|'), ('న', '|'), ('బై', 'U'), ('న', '|'), ('జా', 'U'), ('లి', '|'), ('చే', 'U'), ('గుం', 'U'), ('ది', '|'), ('గుం', 'U'), ('ది', '|'), ('జ', '|'), ('డ', '|'), ('బా', 'U'), ('రు', '|'), ('ను', '|'), ('డి', '|'), ('తీ', 'U'), ('రు', '|'), ('మ', '|'), ('డి', '|'), ('చా', 'U'), ('రు', '|'), ('మ', '|'), ('డి', '|'), ('సౌ', 'U'), ('రు', '|'), ('నెం', 'U'), ('చి', '|'), ('చా', 'U'), ('ల', '|'), ('గ', '|'), ('త', '|'), ('మి', '|'), ('హె', 'U'), ('చ్చి', '|'), ('హె', 'U'), ('చ్చి', '|'), ('వ', '|'), ('ల', '|'), ('పిం', 'U'), ('పు', '|'), ('క', '|'), ('టి', '|'), ('పెం', 'U'), ('పు', '|'), ('వ', '|'), ('ద', '|'), ('నం', 'U'), ('పు', '|'), ('జి', '|'), ('గి', '|'), ('సొం', 'U'), ('పు', '|'), ('ల', '|'), ('ను', '|'), ('ది', '|'), ('నం', 'U'), ('బు', '|'), ('ను', '|'), ('గొ', '|'), ('ని', '|'), ('యా', 'U'), ('డి', '|'), ('యా', 'U'), ('డి', '|')]",0.9166666666666666,-1.0,1.0,1.0,0.75,-1.0
teytageethi,"యజుని దూషించి ప్రాకృత మనుసరించి । బాళి కడుమించి యొంటిగా బవ్వళించి
మనసు నిర్జించి దినము లీమాడ్కి జరుప । వశమటే రామరామ లావణ్యసీమ.",vupajaathi,Laavanya,"[('య', '|'), ('జు', '|'), ('ని', '|'), ('దూ', 'U'), ('షిం', 'U'), ('చి', '|'), ('ప్రా', 'U'), ('కృ', '|'), ('త', '|'), ('మ', '|'), ('ను', '|'), ('స', '|'), ('రిం', 'U'), ('చి', '|'), ('బా', 'U'), ('ళి', '|'), ('క', '|'), ('డు', '|'), ('మిం', 'U'), ('చి', '|'), ('యొం', 'U'), ('టి', '|'), ('గా', 'U'), ('బ', 'U'), ('వ్వ', '|'), ('ళిం', 'U'), ('చి', '|'), ('మ', '|'), ('న', '|'), ('సు', '|'), ('ని', 'U'), ('ర్జిం', 'U'), ('చి', '|'), ('ది', '|'), ('న', '|'), ('ము', '|'), ('లీ', 'U'), ('మా', 'U'), ('డ్కి', '|'), ('జ', '|'), ('రు', '|'), ('ప', '|'), ('వ', '|'), ('శ', '|'), ('మ', '|'), ('టే', 'U'), ('రా', 'U'), ('మ', '|'), ('రా', 'U'), ('మ', '|'), ('లా', 'U'), ('వ', 'U'), ('ణ్య', '|'), ('సీ', 'U'), ('మ', '|')]",0.9166666666666666,-1.0,1.0,1.0,0.75,-1.0
seesamu,"హాయిగా విన విన ఠాయిగా నీచేత । నెలనాగ వీణె నేనెపుడు విందు
సొంపుగా మై జులాయింపుగా నీనోట । రమణి నేనెపుడు పద్యములు విందు
కుల్కుగా తేనియ జిల్కగా నెపుడు నే । లలన నీ ముద్దుపల్కులను విందు
మెల్లగా నెమ్మది చల్లగా నెపుడు నే । కాంత నీ గాత్రరాగంబు విందు-",vupajaathi,Laavanya,"[('హా', 'U'), ('యి', '|'), ('గా', 'U'), ('వి', '|'), ('న', '|'), ('వి', '|'), ('న', '|'), ('ఠా', 'U'), ('యి', '|'), ('గా', 'U'), ('నీ', 'U'), ('చే', 'U'), ('త', '|'), ('నె', '|'), ('ల', '|'), ('నా', 'U'), ('గ', '|'), ('వీ', 'U'), ('ణె', '|'), ('నే', 'U'), ('నె', '|'), ('పు', '|'), ('డు', '|'), ('విం', 'U'), ('దు', '|'), ('సొం', 'U'), ('పు', '|'), ('గా', 'U'), ('మై', 'U'), ('జు', '|'), ('లా', 'U'), ('యిం', 'U'), ('పు', '|'), ('గా', 'U'), ('నీ', 'U'), ('నో', 'U'), ('ట', '|'), ('ర', '|'), ('మ', '|'), ('ణి', '|'), ('నే', 'U'), ('నె', '|'), ('పు', '|'), ('డు', '|'), ('ప', 'U'), ('ద్య', '|'), ('ము', '|'), ('లు', '|'), ('విం', 'U'), ('దు', '|'), ('కు', 'U'), ('ల్కు', '|'), ('గా', 'U'), ('తే', 'U'), ('ని', '|'), ('య', '|'), ('జి', 'U'), ('ల్క', '|'), ('గా', 'U'), ('నె', '|'), ('పు', '|'), ('డు', '|'), ('నే', 'U'), ('ల', '|'), ('ల', '|'), ('న', '|'), ('నీ', 'U'), ('ము', 'U'), ('ద్దు', '|'), ('ప', 'U'), ('ల్కు', '|'), ('ల', '|'), ('ను', '|'), ('విం', 'U'), ('దు', '|'), ('మె', 'U'), ('ల్ల', '|'), ('గా', 'U'), ('నె', 'U'), ('మ్మ', '|'), ('ది', '|'), ('చ', 'U'), ('ల్ల', '|'), ('గా', 'U'), ('నె', '|'), ('పు', '|'), ('డు', '|'), ('నే', 'U'), ('కాం', 'U'), ('త', '|'), ('నీ', 'U'), ('గా', 'U'), ('త్ర', '|'), ('రా', 'U'), ('గం', 'U'), ('బు', '|'), ('విం', 'U'), ('దు', '|')]",1.0,-1.0,1.0,1.0,1.0,-1.0
teytageethi,"ననుచు నేనుందు నేటికి యబ్బె సందు । కనికరము జెందు మనసుకీ కపటమెందు
కొరకు నీ పొందులేనిదే కొదువ యెందు । వశమటే రామరామ లావణ్యసీమ.",vupajaathi,Laavanya,"[('న', '|'), ('ను', '|'), ('చు', '|'), ('నే', 'U'), ('నుం', 'U'), ('దు', '|'), ('నే', 'U'), ('టి', '|'), ('కి', '|'), ('య', 'U'), ('బ్బె', '|'), ('సం', 'U'), ('దు', '|'), ('క', '|'), ('ని', '|'), ('క', '|'), ('ర', '|'), ('ము', '|'), ('జెం', 'U'), ('దు', '|'), ('మ', '|'), ('న', '|'), ('సు', '|'), ('కీ', 'U'), ('క', '|'), ('ప', '|'), ('ట', '|'), ('మెం', 'U'), ('దు', '|'), ('కొ', '|'), ('ర', '|'), ('కు', '|'), ('నీ', 'U'), ('పొం', 'U'), ('దు', '|'), ('లే', 'U'), ('ని', '|'), ('దే', 'U'), ('కొ', '|'), ('దు', '|'), ('వ', '|'), ('యెం', 'U'), ('దు', '|'), ('వ', '|'), ('శ', '|'), ('మ', '|'), ('టే', 'U'), ('రా', 'U'), ('మ', '|'), ('రా', 'U'), ('మ', '|'), ('లా', 'U'), ('వ', 'U'), ('ణ్య', '|'), ('సీ', 'U'), ('మ', '|')]",0.9166666666666666,-1.0,1.0,1.0,0.75,-1.0
seesamu,"తొలకరిమెఱప నా వెలలేని జీవర- । త్నమ జున్నుగిన్నె బిత్తరులమేటి
రామచిల్క యొయారిరాయంచ ఖండచ- । క్కెరరాశి మేల్మిబంగరుసలాక
మదనమంజరి తియ్యమామిడి కుం- । కుమబొమ్మ కల్కికుల్కులకొఠారు
కట్టాణిముత్యము కస్తూరివీణె ము- । ద్దులగని సింగారములబిడారు",vupajaathi,Laavanya,"[('తొ', '|'), ('ల', '|'), ('క', '|'), ('రి', '|'), ('మె', '|'), ('ఱ', '|'), ('ప', '|'), ('నా', 'U'), ('వె', '|'), ('ల', '|'), ('లే', 'U'), ('ని', '|'), ('జీ', 'U'), ('వ', '|'), ('ర', 'U'), ('త్న', '|'), ('మ', '|'), ('జు', 'U'), ('న్ను', '|'), ('గి', 'U'), ('న్నె', '|'), ('బి', 'U'), ('త్త', '|'), ('రు', '|'), ('ల', '|'), ('మే', 'U'), ('టి', '|'), ('రా', 'U'), ('మ', '|'), ('చి', 'U'), ('ల్క', '|'), ('యొ', '|'), ('యా', 'U'), ('రి', '|'), ('రా', 'U'), ('యం', 'U'), ('చ', '|'), ('ఖం', 'U'), ('డ', '|'), ('చ', 'U'), ('క్కె', '|'), ('ర', '|'), ('రా', 'U'), ('శి', '|'), ('మే', 'U'), ('ల్మి', '|'), ('బం', 'U'), ('గ', '|'), ('రు', '|'), ('స', '|'), ('లా', 'U'), ('క', '|'), ('మ', '|'), ('ద', '|'), ('న', '|'), ('మం', 'U'), ('జ', '|'), ('రి', '|'), ('తి', 'U'), ('య్య', '|'), ('మా', 'U'), ('మి', '|'), ('డి', '|'), ('కుం', 'U'), ('కు', '|'), ('మ', '|'), ('బొ', 'U'), ('మ్మ', '|'), ('క', 'U'), ('ల్కి', '|'), ('కు', 'U'), ('ల్కు', '|'), ('ల', '|'), ('కొ', '|'), ('ఠా', 'U'), ('రు', '|'), ('క', 'U'), ('ట్టా', 'U'), ('ణి', '|'), ('ము', 'U'), ('త్య', '|'), ('ము', '|'), ('క', 'U'), ('స్తూ', 'U'), ('రి', '|'), ('వీ', 'U'), ('ణె', '|'), ('ము', 'U'), ('ద్దు', '|'), ('ల', '|'), ('గ', '|'), ('ని', '|'), ('సిం', 'U'), ('గా', 'U'), ('ర', '|'), ('ము', '|'), ('ల', '|'), ('బి', '|'), ('డా', 'U'), ('రు', '|')]",0.8229166666666666,-1.0,1.0,0.84375,0.625,-1.0
teytageethi,"నెనరుమాటలదీవి పన్నీటిచెలమ । కన్నె వేడిమిఠారి యంగజునిసొక్కు
మందుపొడిడబ్బి జాణ నిన్మది దలంప । వశమటే రామరామ లావణ్యసీమ.",vupajaathi,Laavanya,"[('నె', '|'), ('న', '|'), ('రు', '|'), ('మా', 'U'), ('ట', '|'), ('ల', '|'), ('దీ', 'U'), ('వి', '|'), ('ప', 'U'), ('న్నీ', 'U'), ('టి', '|'), ('చె', '|'), ('ల', '|'), ('మ', '|'), ('క', 'U'), ('న్నె', '|'), ('వే', 'U'), ('డి', '|'), ('మి', '|'), ('ఠా', 'U'), ('రి', '|'), ('యం', 'U'), ('గ', '|'), ('జు', '|'), ('ని', '|'), ('సొ', 'U'), ('క్కు', '|'), ('మం', 'U'), ('దు', '|'), ('పొ', '|'), ('డి', '|'), ('డ', 'U'), ('బ్బి', '|'), ('జా', 'U'), ('ణ', '|'), ('ని', 'U'), ('న్మ', '|'), ('ది', '|'), ('ద', '|'), ('లం', 'U'), ('ప', '|'), ('వ', '|'), ('శ', '|'), ('మ', '|'), ('టే', 'U'), ('రా', 'U'), ('మ', '|'), ('రా', 'U'), ('మ', '|'), ('లా', 'U'), ('వ', 'U'), ('ణ్య', '|'), ('సీ', 'U'), ('మ', '|')]",1.0,-1.0,1.0,1.0,1.0,-1.0
seesamu,"మైసూరి కుతినీ తమాను వేసుక జరీ- । పాగా తురాయి గన్పడగ జుట్టి
భారి శాలువ వల్లెవాటుగా నమరించి । బేషైన రవల సర్పోషు నించి
వాణిగా జిగి బర్దవాని తేగా వర- । పై మొఖమల్ గలీబా వదల్చి
చిలక విప్పి చాయలు తళుక్కున దూసి । జిగి గల చిల్కతేజీపఠాణి",vupajaathi,Laavanya,"[('మై', 'U'), ('సూ', 'U'), ('రి', '|'), ('కు', '|'), ('తి', '|'), ('నీ', 'U'), ('త', '|'), ('మా', 'U'), ('ను', '|'), ('వే', 'U'), ('సు', '|'), ('క', '|'), ('జ', '|'), ('రీ', 'U'), ('పా', 'U'), ('గా', 'U'), ('తు', '|'), ('రా', 'U'), ('యి', '|'), ('గ', 'U'), ('న్ప', '|'), ('డ', '|'), ('గ', '|'), ('జు', 'U'), ('ట్టి', '|'), ('భా', 'U'), ('రి', '|'), ('శా', 'U'), ('లు', '|'), ('వ', '|'), ('వ', 'U'), ('ల్లె', '|'), ('వా', 'U'), ('టు', '|'), ('గా', 'U'), ('న', '|'), ('మ', '|'), ('రిం', 'U'), ('చి', '|'), ('బే', 'U'), ('షై', 'U'), ('న', '|'), ('ర', '|'), ('వ', '|'), ('ల', '|'), ('స', 'U'), ('ర్పో', 'U'), ('షు', '|'), ('నిం', 'U'), ('చి', '|'), ('వా', 'U'), ('ణి', '|'), ('గా', 'U'), ('జి', '|'), ('గి', '|'), ('బ', 'U'), ('ర్ద', '|'), ('వా', 'U'), ('ని', '|'), ('తే', 'U'), ('గా', 'U'), ('వ', '|'), ('ర', '|'), ('పై', 'U'), ('మొ', '|'), ('ఖ', '|'), ('మ', 'U'), ('ల్గ', '|'), ('లీ', 'U'), ('బా', 'U'), ('వ', '|'), ('ద', 'U'), ('ల్చి', '|'), ('చి', '|'), ('ల', '|'), ('క', '|'), ('వి', 'U'), ('ప్పి', '|'), ('చా', 'U'), ('య', '|'), ('లు', '|'), ('త', '|'), ('ళు', 'U'), ('క్కు', '|'), ('న', '|'), ('దూ', 'U'), ('సి', '|'), ('జి', '|'), ('గి', '|'), ('గ', '|'), ('ల', '|'), ('చి', 'U'), ('ల్క', '|'), ('తే', 'U'), ('జీ', 'U'), ('ప', '|'), ('ఠా', 'U'), ('ణి', '|')]",0.8333333333333334,-1.0,1.0,0.875,0.625,-1.0
teytageethi,"యిచ్చటికి చెచ్చెరను బలుమచ్చరమున । చిచ్చు కైవడి విడివడి వచ్చువాని
విచ్చుకత్తికి నెద నెదురిచ్చి నిలువ । వశమటే రామరామ లావణ్యసీమ.",vupajaathi,Laavanya,"[('యి', 'U'), ('చ్చ', '|'), ('టి', '|'), ('కి', '|'), ('చె', 'U'), ('చ్చె', '|'), ('ర', '|'), ('ను', '|'), ('బ', '|'), ('లు', '|'), ('మ', 'U'), ('చ్చ', '|'), ('ర', '|'), ('ము', '|'), ('న', '|'), ('చి', 'U'), ('చ్చు', '|'), ('కై', 'U'), ('వ', '|'), ('డి', '|'), ('వి', '|'), ('డి', '|'), ('వ', '|'), ('డి', '|'), ('వ', 'U'), ('చ్చు', '|'), ('వా', 'U'), ('ని', '|'), ('వి', 'U'), ('చ్చు', '|'), ('క', 'U'), ('త్తి', '|'), ('కి', '|'), ('నె', '|'), ('ద', '|'), ('నె', '|'), ('దు', '|'), ('రి', 'U'), ('చ్చి', '|'), ('ని', '|'), ('లు', '|'), ('వ', '|'), ('వ', '|'), ('శ', '|'), ('మ', '|'), ('టే', 'U'), ('రా', 'U'), ('మ', '|'), ('రా', 'U'), ('మ', '|'), ('లా', 'U'), ('వ', 'U'), ('ణ్య', '|'), ('సీ', 'U'), ('మ', '|')]",1.0,-1.0,1.0,1.0,1.0,-1.0
seesamu,"పదినూరుకన్నులపాదుషా కొల్వులో- । పలనెత్తు ధవళాతపత్రమనగ
హరుని నేత్రాగ్నిచే కరిగి నీరైన పూ- । విలుకాని సతి మోముచెలువనంగ
వలరాజు వేటాడి వచ్చిన రతి దృష్టి- । పట్టిన రతనాలపళ్లెమనగ
ప్రాగ్దిశాంగన కొప్పుపై తళతళమంచు । రహిగాంచు వజ్రాలరాకిడి యన",vupajaathi,Laavanya,"[('ప', '|'), ('ది', '|'), ('నూ', 'U'), ('రు', '|'), ('క', 'U'), ('న్ను', '|'), ('ల', '|'), ('పా', 'U'), ('దు', '|'), ('షా', 'U'), ('కొ', 'U'), ('ల్వు', '|'), ('లో', 'U'), ('ప', '|'), ('ల', '|'), ('నె', 'U'), ('త్తు', '|'), ('ధ', '|'), ('వ', '|'), ('ళా', 'U'), ('త', '|'), ('ప', '|'), ('త్ర', '|'), ('మ', '|'), ('న', '|'), ('గ', '|'), ('హ', '|'), ('రు', '|'), ('ని', '|'), ('నే', 'U'), ('త్రా', 'U'), ('గ్ని', '|'), ('చే', 'U'), ('క', '|'), ('రి', '|'), ('గి', '|'), ('నీ', 'U'), ('రై', 'U'), ('న', '|'), ('పూ', 'U'), ('వి', '|'), ('లు', '|'), ('కా', 'U'), ('ని', '|'), ('స', '|'), ('తి', '|'), ('మో', 'U'), ('ము', '|'), ('చె', '|'), ('లు', '|'), ('వ', '|'), ('నం', 'U'), ('గ', '|'), ('వ', '|'), ('ల', '|'), ('రా', 'U'), ('జు', '|'), ('వే', 'U'), ('టా', 'U'), ('డి', '|'), ('వ', 'U'), ('చ్చి', '|'), ('న', '|'), ('ర', '|'), ('తి', '|'), ('దృ', 'U'), ('ష్టి', '|'), ('ప', 'U'), ('ట్టి', '|'), ('న', '|'), ('ర', '|'), ('త', '|'), ('నా', 'U'), ('ల', '|'), ('ప', 'U'), ('ళ్లె', '|'), ('మ', '|'), ('న', '|'), ('గ', '|'), ('ప్రా', 'U'), ('గ్ది', '|'), ('శాం', 'U'), ('గ', '|'), ('న', '|'), ('కొ', 'U'), ('ప్పు', '|'), ('పై', 'U'), ('త', '|'), ('ళ', '|'), ('త', '|'), ('ళ', '|'), ('మం', 'U'), ('చు', '|'), ('ర', '|'), ('హి', '|'), ('గాం', 'U'), ('చు', '|'), ('వ', '|'), ('జ్రా', 'U'), ('ల', '|'), ('రా', 'U'), ('కి', '|'), ('డి', '|'), ('య', '|'), ('న', '|')]",0.7083333333333334,-1.0,1.0,0.75,0.375,-1.0
teytageethi,"విరహు లదరంగ తమ్ములవేడ్క గ్రుంగ । కలువలుప్పొంగ నింగి రిక్కలు చెలంగ
క్రౌర్యము వెలుంగ మింట జక్కువలగొంగ । వచ్చె గదె రామరామ లావణ్యసీమ.",vupajaathi,Laavanya,"[('వి', '|'), ('ర', '|'), ('హు', '|'), ('ల', '|'), ('ద', '|'), ('రం', 'U'), ('గ', '|'), ('త', 'U'), ('మ్ము', '|'), ('ల', '|'), ('వే', 'U'), ('డ్క', '|'), ('గ్రుం', 'U'), ('గ', '|'), ('క', '|'), ('లు', '|'), ('వ', '|'), ('లు', 'U'), ('ప్పొం', 'U'), ('గ', '|'), ('నిం', 'U'), ('గి', '|'), ('రి', 'U'), ('క్క', '|'), ('లు', '|'), ('చె', '|'), ('లం', 'U'), ('గ', '|'), ('క్రౌ', 'U'), ('ర్య', '|'), ('ము', '|'), ('వె', '|'), ('లుం', 'U'), ('గ', '|'), ('మిం', 'U'), ('ట', '|'), ('జ', 'U'), ('క్కు', '|'), ('వ', '|'), ('ల', '|'), ('గొం', 'U'), ('గ', '|'), ('వ', 'U'), ('చ్చె', '|'), ('గ', '|'), ('దె', '|'), ('రా', 'U'), ('మ', '|'), ('రా', 'U'), ('మ', '|'), ('లా', 'U'), ('వ', 'U'), ('ణ్య', '|'), ('సీ', 'U'), ('మ', '|')]",0.9166666666666666,-1.0,1.0,1.0,0.75,-1.0
seesamu,"శయనించియున్న హెచ్చరికకై సకలాతి । తెర తొంగిచూచి యందెలు గదల్చు-
నది వినబడక నే నిదురింపుచుండిన । విరుల పంఖా బూని విసరజొచ్చు-
నపుడు మేల్కాంచి మాటాడకుండిన యూరు- । లెత్తించి పదముల నొత్తనెంచు-
నంతట నేను గిల్గింతలొనర్చుచో । కిలకిల నవ్వి కెంగేలు పట్టి",vupajaathi,Laavanya,"[('శ', '|'), ('య', '|'), ('నిం', 'U'), ('చి', '|'), ('యు', 'U'), ('న్న', '|'), ('హె', 'U'), ('చ్చ', '|'), ('రి', '|'), ('క', '|'), ('కై', 'U'), ('స', '|'), ('క', '|'), ('లా', 'U'), ('తి', '|'), ('తె', '|'), ('ర', '|'), ('తొం', 'U'), ('గి', '|'), ('చూ', 'U'), ('చి', '|'), ('యం', 'U'), ('దె', '|'), ('లు', '|'), ('గ', '|'), ('ద', 'U'), ('ల్చు', '|'), ('న', '|'), ('ది', '|'), ('వి', '|'), ('న', '|'), ('బ', '|'), ('డ', '|'), ('క', '|'), ('నే', 'U'), ('ని', '|'), ('దు', '|'), ('రిం', 'U'), ('పు', '|'), ('చుం', 'U'), ('డి', '|'), ('న', '|'), ('వి', '|'), ('రు', '|'), ('ల', '|'), ('పం', 'U'), ('ఖా', 'U'), ('బూ', 'U'), ('ని', '|'), ('వి', '|'), ('స', '|'), ('ర', '|'), ('జొ', 'U'), ('చ్చు', '|'), ('న', '|'), ('పు', '|'), ('డు', '|'), ('మే', 'U'), ('ల్కాం', 'U'), ('చి', '|'), ('మా', 'U'), ('టా', 'U'), ('డ', '|'), ('కుం', 'U'), ('డి', '|'), ('న', '|'), ('యూ', 'U'), ('రు', '|'), ('లె', 'U'), ('త్తిం', 'U'), ('చి', '|'), ('ప', '|'), ('ద', '|'), ('ము', '|'), ('ల', '|'), ('నొ', 'U'), ('త్త', '|'), ('నెం', 'U'), ('చు', '|'), ('నం', 'U'), ('త', '|'), ('ట', '|'), ('నే', 'U'), ('ను', '|'), ('గి', 'U'), ('ల్గిం', 'U'), ('త', '|'), ('లొ', '|'), ('న', 'U'), ('ర్చు', '|'), ('చో', 'U'), ('కి', '|'), ('ల', '|'), ('కి', '|'), ('ల', '|'), ('న', 'U'), ('వ్వి', '|'), ('కెం', 'U'), ('గే', 'U'), ('లు', '|'), ('ప', 'U'), ('ట్టి', '|')]",0.9583333333333334,-1.0,1.0,1.0,0.875,-1.0
teytageethi,"చాలు పొమ్మన్న వదన భావాలనెంచు- । నట్టి సద్గుణవతిని నా యాత్మ దలచి
వలసి కలయక మరుని కాకలకు తాళ- । వశమటే రామరామ లావణ్యసీమ.",vupajaathi,Laavanya,"[('చా', 'U'), ('లు', '|'), ('పొ', 'U'), ('మ్మ', 'U'), ('న్న', '|'), ('వ', '|'), ('ద', '|'), ('న', '|'), ('భా', 'U'), ('వా', 'U'), ('ల', '|'), ('నెం', 'U'), ('చు', '|'), ('న', 'U'), ('ట్టి', '|'), ('స', 'U'), ('ద్గు', '|'), ('ణ', '|'), ('వ', '|'), ('తి', '|'), ('ని', '|'), ('నా', 'U'), ('యా', 'U'), ('త్మ', '|'), ('ద', '|'), ('ల', '|'), ('చి', '|'), ('వ', '|'), ('ల', '|'), ('సి', '|'), ('క', '|'), ('ల', '|'), ('య', '|'), ('క', '|'), ('మ', '|'), ('రు', '|'), ('ని', '|'), ('కా', 'U'), ('క', '|'), ('ల', '|'), ('కు', '|'), ('తా', 'U'), ('ళ', '|'), ('వ', '|'), ('శ', '|'), ('మ', '|'), ('టే', 'U'), ('రా', 'U'), ('మ', '|'), ('రా', 'U'), ('మ', '|'), ('లా', 'U'), ('వ', 'U'), ('ణ్య', '|'), ('సీ', 'U'), ('మ', '|')]",0.9166666666666666,-1.0,1.0,1.0,0.75,-1.0
seesamu,"తరుణి చన్మొనల నూదారంగుగానున్న- । దేమన మీకేమి దెలుసునందు-
వవునంచు మరునిల్లు నివిరిదేమన నిటు- । లడుగవల్దని చిన్నియాన బెట్టు-
దలరి ప్రక్కలు చెణ్క గిలిగింత లికనవ్వ- । లేనంచు రివ్వున లేవబోదు-
వెనయ కుచ్చిళ్లలోగిన నీవి వదల ని- । గ్గమరి దివ్వెకు చేతులడ్డమిడుదు-",vupajaathi,Laavanya,"[('త', '|'), ('రు', '|'), ('ణి', '|'), ('చ', 'U'), ('న్మొ', '|'), ('న', '|'), ('ల', '|'), ('నూ', 'U'), ('దా', 'U'), ('రం', 'U'), ('గు', '|'), ('గా', 'U'), ('ను', 'U'), ('న్న', '|'), ('దే', 'U'), ('మ', '|'), ('న', '|'), ('మీ', 'U'), ('కే', 'U'), ('మి', '|'), ('దె', '|'), ('లు', '|'), ('సు', '|'), ('నం', 'U'), ('దు', '|'), ('వ', '|'), ('వు', '|'), ('నం', 'U'), ('చు', '|'), ('మ', '|'), ('రు', '|'), ('ని', 'U'), ('ల్లు', '|'), ('ని', '|'), ('వి', '|'), ('రి', '|'), ('దే', 'U'), ('మ', '|'), ('న', '|'), ('ని', '|'), ('టు', '|'), ('ల', '|'), ('డు', '|'), ('గ', '|'), ('వ', 'U'), ('ల్ద', '|'), ('ని', '|'), ('చి', 'U'), ('న్ని', '|'), ('యా', 'U'), ('న', '|'), ('బె', 'U'), ('ట్టు', '|'), ('ద', '|'), ('ల', '|'), ('రి', '|'), ('ప్ర', 'U'), ('క్క', '|'), ('లు', '|'), ('చె', 'U'), ('ణ్క', '|'), ('గి', '|'), ('లి', '|'), ('గిం', 'U'), ('త', '|'), ('లి', '|'), ('క', '|'), ('న', 'U'), ('వ్వ', '|'), ('లే', 'U'), ('నం', 'U'), ('చు', '|'), ('రి', 'U'), ('వ్వు', '|'), ('న', '|'), ('లే', 'U'), ('వ', '|'), ('బో', 'U'), ('దు', '|'), ('వె', '|'), ('న', '|'), ('య', '|'), ('కు', 'U'), ('చ్చి', 'U'), ('ళ్ల', '|'), ('లో', 'U'), ('గి', '|'), ('న', '|'), ('నీ', 'U'), ('వి', '|'), ('వ', '|'), ('ద', '|'), ('ల', '|'), ('ని', 'U'), ('గ్గ', '|'), ('మ', '|'), ('రి', '|'), ('ది', 'U'), ('వ్వె', '|'), ('కు', '|'), ('చే', 'U'), ('తు', '|'), ('ల', 'U'), ('డ్డ', '|'), ('మి', '|'), ('డు', '|'), ('దు', '|')]",0.9166666666666666,-1.0,1.0,1.0,0.75,-1.0
teytageethi,"వపుడు చేబట్టి లాగిన హరి యటంచు । కండ్లు మూతువు చిరునవ్వు గడలుకొనగ-
నది దలంచిన మదిని మోహము నడంప । వశమటే రామరామ లావణ్యసీమ.",vupajaathi,Laavanya,"[('వ', '|'), ('పు', '|'), ('డు', '|'), ('చే', 'U'), ('బ', 'U'), ('ట్టి', '|'), ('లా', 'U'), ('గి', '|'), ('న', '|'), ('హ', '|'), ('రి', '|'), ('య', '|'), ('టం', 'U'), ('చు', '|'), ('కం', 'U'), ('డ్లు', '|'), ('మూ', 'U'), ('తు', '|'), ('వు', '|'), ('చి', '|'), ('రు', '|'), ('న', 'U'), ('వ్వు', '|'), ('గ', '|'), ('డ', '|'), ('లు', '|'), ('కొ', '|'), ('న', '|'), ('గ', '|'), ('న', '|'), ('ది', '|'), ('ద', '|'), ('లం', 'U'), ('చి', '|'), ('న', '|'), ('మ', '|'), ('ది', '|'), ('ని', '|'), ('మో', 'U'), ('హ', '|'), ('ము', '|'), ('న', '|'), ('డం', 'U'), ('ప', '|'), ('వ', '|'), ('శ', '|'), ('మ', '|'), ('టే', 'U'), ('రా', 'U'), ('మ', '|'), ('రా', 'U'), ('మ', '|'), ('లా', 'U'), ('వ', 'U'), ('ణ్య', '|'), ('సీ', 'U'), ('మ', '|')]",0.8333333333333334,-1.0,1.0,1.0,0.5,-1.0
seesamu,"నూతనకేళి నేనొనరింపబూనిన । చిడిముడిలోజంకు సిగ్గువెరగు
వేగుటవేసట వెల్లవాటునుజాలి । మడిమవిదల్పు పెందొడవడంకు
బొమముడికనుమూత మోవియార్చుట లల । మైచెమర్చుట తడంబడుట సొలపు
పలుమొన బిగియించు పటిమ నధైర్యంబు । కసరు తొందర బాళి గడలుకొనగ",vupajaathi,Laavanya,"[('నూ', 'U'), ('త', '|'), ('న', '|'), ('కే', 'U'), ('ళి', '|'), ('నే', 'U'), ('నొ', '|'), ('న', '|'), ('రిం', 'U'), ('ప', '|'), ('బూ', 'U'), ('ని', '|'), ('న', '|'), ('చి', '|'), ('డి', '|'), ('ము', '|'), ('డి', '|'), ('లో', 'U'), ('జం', 'U'), ('కు', '|'), ('సి', 'U'), ('గ్గు', '|'), ('వె', '|'), ('ర', '|'), ('గు', '|'), ('వే', 'U'), ('గు', '|'), ('ట', '|'), ('వే', 'U'), ('స', '|'), ('ట', '|'), ('వె', 'U'), ('ల్ల', '|'), ('వా', 'U'), ('టు', '|'), ('ను', '|'), ('జా', 'U'), ('లి', '|'), ('మ', '|'), ('డి', '|'), ('మ', '|'), ('వి', '|'), ('ద', 'U'), ('ల్పు', '|'), ('పెం', 'U'), ('దొ', '|'), ('డ', '|'), ('వ', '|'), ('డం', 'U'), ('కు', '|'), ('బొ', '|'), ('మ', '|'), ('ము', '|'), ('డి', '|'), ('క', '|'), ('ను', '|'), ('మూ', 'U'), ('త', '|'), ('మో', 'U'), ('వి', '|'), ('యా', 'U'), ('ర్చు', '|'), ('ట', '|'), ('ల', '|'), ('ల', '|'), ('మై', 'U'), ('చె', '|'), ('మ', 'U'), ('ర్చు', '|'), ('ట', '|'), ('త', '|'), ('డం', 'U'), ('బ', '|'), ('డు', '|'), ('ట', '|'), ('సొ', '|'), ('ల', '|'), ('పు', '|'), ('ప', '|'), ('లు', '|'), ('మొ', '|'), ('న', '|'), ('బి', '|'), ('గి', '|'), ('యిం', 'U'), ('చు', '|'), ('ప', '|'), ('టి', '|'), ('మ', '|'), ('న', '|'), ('ధై', 'U'), ('ర్యం', 'U'), ('బు', '|'), ('క', '|'), ('స', '|'), ('రు', '|'), ('తొం', 'U'), ('ద', '|'), ('ర', '|'), ('బా', 'U'), ('ళి', '|'), ('గ', '|'), ('డ', '|'), ('లు', '|'), ('కొ', '|'), ('న', '|'), ('గ', '|')]",1.0,-1.0,1.0,1.0,1.0,-1.0
teytageethi,"పొలతి నన్నెంచనపుడు నే బుజ్జగించ । కౌను యసియాడ మన్మథకళలు వీడ
రతమొనర్చిననాటి నీ వితమునెన్న । వశమటే రామరామ లావణ్యసీమ.",vupajaathi,Laavanya,"[('పొ', '|'), ('ల', '|'), ('తి', '|'), ('న', 'U'), ('న్నెం', 'U'), ('చ', '|'), ('న', '|'), ('పు', '|'), ('డు', '|'), ('నే', 'U'), ('బు', 'U'), ('జ్జ', '|'), ('గిం', 'U'), ('చ', '|'), ('కౌ', 'U'), ('ను', '|'), ('య', '|'), ('సి', '|'), ('యా', 'U'), ('డ', '|'), ('మ', 'U'), ('న్మ', '|'), ('థ', '|'), ('క', '|'), ('ళ', '|'), ('లు', '|'), ('వీ', 'U'), ('డ', '|'), ('ర', '|'), ('త', '|'), ('మొ', '|'), ('న', 'U'), ('ర్చి', '|'), ('న', '|'), ('నా', 'U'), ('టి', '|'), ('నీ', 'U'), ('వి', '|'), ('త', '|'), ('ము', '|'), ('నె', 'U'), ('న్న', '|'), ('వ', '|'), ('శ', '|'), ('మ', '|'), ('టే', 'U'), ('రా', 'U'), ('మ', '|'), ('రా', 'U'), ('మ', '|'), ('లా', 'U'), ('వ', 'U'), ('ణ్య', '|'), ('సీ', 'U'), ('మ', '|')]",1.0,-1.0,1.0,1.0,1.0,-1.0
seesamu,"కలకంఠి యీడునెచ్చెలులెల్ల శృంగార- । వనికి బోదాము రమ్మనుచు బిలువ
కడుమోదమున రైక తొడగలేదను గప్తి । మరచి వారలతోడ నరుగుదెంచి
పున్నాగసుమగుచ్ఛములకు చెయ్యెత్తిన । కోరకగతి గబ్బిగుబ్బ యుబ్బ-
నపుడేను కొనగోట నదిమిన నను గాంచి । సిగ్గుచేతను పైటచెరగు గప్పి",vupajaathi,Laavanya,"[('క', '|'), ('ల', '|'), ('కం', 'U'), ('ఠి', '|'), ('యీ', 'U'), ('డు', '|'), ('నె', 'U'), ('చ్చె', '|'), ('లు', '|'), ('లె', 'U'), ('ల్ల', '|'), ('శృం', 'U'), ('గా', 'U'), ('ర', '|'), ('వ', '|'), ('ని', '|'), ('కి', '|'), ('బో', 'U'), ('దా', 'U'), ('ము', '|'), ('ర', 'U'), ('మ్మ', '|'), ('ను', '|'), ('చు', '|'), ('బి', '|'), ('లు', '|'), ('వ', '|'), ('క', '|'), ('డు', '|'), ('మో', 'U'), ('ద', '|'), ('ము', '|'), ('న', '|'), ('రై', 'U'), ('క', '|'), ('తొ', '|'), ('డ', '|'), ('గ', '|'), ('లే', 'U'), ('ద', '|'), ('ను', '|'), ('గ', 'U'), ('ప్తి', '|'), ('మ', '|'), ('ర', '|'), ('చి', '|'), ('వా', 'U'), ('ర', '|'), ('ల', '|'), ('తో', 'U'), ('డ', '|'), ('న', '|'), ('రు', '|'), ('గు', '|'), ('దెం', 'U'), ('చి', '|'), ('పు', 'U'), ('న్నా', 'U'), ('గ', '|'), ('సు', '|'), ('మ', '|'), ('గు', 'U'), ('చ్ఛ', '|'), ('ము', '|'), ('ల', '|'), ('కు', '|'), ('చె', 'U'), ('య్యె', 'U'), ('త్తి', '|'), ('న', '|'), ('కో', 'U'), ('ర', '|'), ('క', '|'), ('గ', '|'), ('తి', '|'), ('గ', 'U'), ('బ్బి', '|'), ('గు', 'U'), ('బ్బ', '|'), ('యు', 'U'), ('బ్బ', '|'), ('న', '|'), ('పు', '|'), ('డే', 'U'), ('ను', '|'), ('కొ', '|'), ('న', '|'), ('గో', 'U'), ('ట', '|'), ('న', '|'), ('ది', '|'), ('మి', '|'), ('న', '|'), ('న', '|'), ('ను', '|'), ('గాం', 'U'), ('చి', '|'), ('సి', 'U'), ('గ్గు', '|'), ('చే', 'U'), ('త', '|'), ('ను', '|'), ('పై', 'U'), ('ట', '|'), ('చె', '|'), ('ర', '|'), ('గు', '|'), ('గ', 'U'), ('ప్పి', '|')]",1.0,-1.0,1.0,1.0,1.0,-1.0
teytageethi,"తీవ్రగతినేగి చెలులతో తేటి యిచట । కొరికెనో గాక చెయ్యెత్తగూడదనుచు
చెప్పుకొనునాటి యణుకువ చెలువ దలప । వశమటే రామరామ లావణ్యసీమ.",vupajaathi,Laavanya,"[('తీ', 'U'), ('వ్ర', '|'), ('గ', '|'), ('తి', '|'), ('నే', 'U'), ('గి', '|'), ('చె', '|'), ('లు', '|'), ('ల', '|'), ('తో', 'U'), ('తే', 'U'), ('టి', '|'), ('యి', '|'), ('చ', '|'), ('ట', '|'), ('కొ', '|'), ('రి', '|'), ('కె', '|'), ('నో', 'U'), ('గా', 'U'), ('క', '|'), ('చె', 'U'), ('య్యె', 'U'), ('త్త', '|'), ('గూ', 'U'), ('డ', '|'), ('ద', '|'), ('ను', '|'), ('చు', '|'), ('చె', 'U'), ('ప్పు', '|'), ('కొ', '|'), ('ను', '|'), ('నా', 'U'), ('టి', '|'), ('య', '|'), ('ణు', '|'), ('కు', '|'), ('వ', '|'), ('చె', '|'), ('లు', '|'), ('వ', '|'), ('ద', '|'), ('ల', '|'), ('ప', '|'), ('వ', '|'), ('శ', '|'), ('మ', '|'), ('టే', 'U'), ('రా', 'U'), ('మ', '|'), ('రా', 'U'), ('మ', '|'), ('లా', 'U'), ('వ', 'U'), ('ణ్య', '|'), ('సీ', 'U'), ('మ', '|')]",1.0,-1.0,1.0,1.0,1.0,-1.0
seesamu,"అభ్యంగనస్నానమైన పిమ్మట శికా- । కుళము సెల్లా నొంటికొంగు గట్టి
పైటచెరుంగు గుబ్బలచుట్టు తెర యిచ్చి । సాంబ్రాణిధూపవాసనలు నించి
నీరెండపొడల పెన్నెరుల చిక్కెడలించు- । చును యామరిక హవుసుగను నిలిచి
తడి యార్చుచున్న నప్పుడు వెన్కగాను ద- । గ్గరవచ్చి చెణకిన తిరిగి చూచి",vupajaathi,Laavanya,"[('అ', 'U'), ('భ్యం', 'U'), ('గ', '|'), ('న', 'U'), ('స్నా', 'U'), ('న', '|'), ('మై', 'U'), ('న', '|'), ('పి', 'U'), ('మ్మ', '|'), ('ట', '|'), ('శి', '|'), ('కా', 'U'), ('కు', '|'), ('ళ', '|'), ('ము', '|'), ('సె', 'U'), ('ల్లా', 'U'), ('నొం', 'U'), ('టి', '|'), ('కొం', 'U'), ('గు', '|'), ('గ', 'U'), ('ట్టి', '|'), ('పై', 'U'), ('ట', '|'), ('చె', '|'), ('రుం', 'U'), ('గు', '|'), ('గు', 'U'), ('బ్బ', '|'), ('ల', '|'), ('చు', 'U'), ('ట్టు', '|'), ('తె', '|'), ('ర', '|'), ('యి', 'U'), ('చ్చి', '|'), ('సాం', 'U'), ('బ్రా', 'U'), ('ణి', '|'), ('ధూ', 'U'), ('ప', '|'), ('వా', 'U'), ('స', '|'), ('న', '|'), ('లు', '|'), ('నిం', 'U'), ('చి', '|'), ('నీ', 'U'), ('రెం', 'U'), ('డ', '|'), ('పొ', '|'), ('డ', '|'), ('ల', '|'), ('పె', 'U'), ('న్నె', '|'), ('రు', '|'), ('ల', '|'), ('చి', 'U'), ('క్కె', '|'), ('డ', '|'), ('లిం', 'U'), ('చు', '|'), ('చు', '|'), ('ను', '|'), ('యా', 'U'), ('మ', '|'), ('రి', '|'), ('క', '|'), ('హ', '|'), ('వు', '|'), ('సు', '|'), ('గ', '|'), ('ను', '|'), ('ని', '|'), ('లి', '|'), ('చి', '|'), ('త', '|'), ('డి', '|'), ('యా', 'U'), ('ర్చు', '|'), ('చు', 'U'), ('న్న', '|'), ('న', 'U'), ('ప్పు', '|'), ('డు', '|'), ('వె', 'U'), ('న్క', '|'), ('గా', 'U'), ('ను', '|'), ('ద', 'U'), ('గ్గ', '|'), ('ర', '|'), ('వ', 'U'), ('చ్చి', '|'), ('చె', '|'), ('ణ', '|'), ('కి', '|'), ('న', '|'), ('తి', '|'), ('రి', '|'), ('గి', '|'), ('చూ', 'U'), ('చి', '|')]",0.9583333333333334,-1.0,1.0,1.0,0.875,-1.0
teytageethi,"యౌర బాగాయ నిదియేటి యాగడంబు- । లనుచు కోపించి వెంటనే నెనరు గాంచి
స్త్రీల నిటుజూడరాదన్న చెలిమి దలప । వశమటే రామరామ లావణ్యసీమ.",vupajaathi,Laavanya,"[('యౌ', 'U'), ('ర', '|'), ('బా', 'U'), ('గా', 'U'), ('య', '|'), ('ని', '|'), ('ది', '|'), ('యే', 'U'), ('టి', '|'), ('యా', 'U'), ('గ', '|'), ('డం', 'U'), ('బు', '|'), ('ల', '|'), ('ను', '|'), ('చు', '|'), ('కో', 'U'), ('పిం', 'U'), ('చి', '|'), ('వెం', 'U'), ('ట', '|'), ('నే', 'U'), ('నె', '|'), ('న', '|'), ('రు', '|'), ('గాం', 'U'), ('చి', 'U'), ('స్త్రీ', 'U'), ('ల', '|'), ('ని', '|'), ('టు', '|'), ('జూ', 'U'), ('డ', '|'), ('రా', 'U'), ('ద', 'U'), ('న్న', '|'), ('చె', '|'), ('లి', '|'), ('మి', '|'), ('ద', '|'), ('ల', '|'), ('ప', '|'), ('వ', '|'), ('శ', '|'), ('మ', '|'), ('టే', 'U'), ('రా', 'U'), ('మ', '|'), ('రా', 'U'), ('మ', '|'), ('లా', 'U'), ('వ', 'U'), ('ణ్య', '|'), ('సీ', 'U'), ('మ', '|')]",0.7666666666666666,-1.0,1.0,0.8,0.5,-1.0
seesamu,"తాళి గట్టని చిన్నితనమున నొకనాడు । చేడియలను గూడి యాడుచుండి
నను జూచి బావ వచ్చెనటంచు బాజుబం- । దుల క్రిందిచెండ్లంది దుముకులాడ
పరగున నాదు పైబడి కౌగిలించిన । యెనలేని కడువేడ్కనెత్తి లేత-
మొలకమెరుంగుచన్నులు నాభి చెక్కులు । గళమును పచ్చవిల్కానినగరు",vupajaathi,Laavanya,"[('తా', 'U'), ('ళి', '|'), ('గ', 'U'), ('ట్ట', '|'), ('ని', '|'), ('చి', 'U'), ('న్ని', '|'), ('త', '|'), ('న', '|'), ('ము', '|'), ('న', '|'), ('నొ', '|'), ('క', '|'), ('నా', 'U'), ('డు', '|'), ('చే', 'U'), ('డి', '|'), ('య', '|'), ('ల', '|'), ('ను', '|'), ('గూ', 'U'), ('డి', '|'), ('యా', 'U'), ('డు', '|'), ('చుం', 'U'), ('డి', '|'), ('న', '|'), ('ను', '|'), ('జూ', 'U'), ('చి', '|'), ('బా', 'U'), ('వ', '|'), ('వ', 'U'), ('చ్చె', '|'), ('న', '|'), ('టం', 'U'), ('చు', '|'), ('బా', 'U'), ('జు', '|'), ('బం', 'U'), ('దు', '|'), ('ల', '|'), ('క్రిం', 'U'), ('ది', '|'), ('చెం', 'U'), ('డ్లం', 'U'), ('ది', '|'), ('దు', '|'), ('ము', '|'), ('కు', '|'), ('లా', 'U'), ('డ', '|'), ('ప', '|'), ('ర', '|'), ('గు', '|'), ('న', '|'), ('నా', 'U'), ('దు', '|'), ('పై', 'U'), ('బ', '|'), ('డి', '|'), ('కౌ', 'U'), ('గి', '|'), ('లిం', 'U'), ('చి', '|'), ('న', '|'), ('యె', '|'), ('న', '|'), ('లే', 'U'), ('ని', '|'), ('క', '|'), ('డు', '|'), ('వే', 'U'), ('డ్క', '|'), ('నె', 'U'), ('త్తి', '|'), ('లే', 'U'), ('త', '|'), ('మొ', '|'), ('ల', '|'), ('క', '|'), ('మె', '|'), ('రుం', 'U'), ('గు', '|'), ('చ', 'U'), ('న్ను', '|'), ('లు', '|'), ('నా', 'U'), ('భి', '|'), ('చె', 'U'), ('క్కు', '|'), ('లు', '|'), ('గ', '|'), ('ళ', '|'), ('ము', '|'), ('ను', '|'), ('ప', 'U'), ('చ్చ', '|'), ('వి', 'U'), ('ల్కా', 'U'), ('ని', '|'), ('న', '|'), ('గ', '|'), ('రు', '|')]",0.9583333333333334,-1.0,1.0,1.0,0.875,-1.0
teytageethi,"ముద్దుబెట్టుక నవ్వుచు ముదిత నీవు । నెవరి పెండ్లాడెదవటంచు నేను బలుక
నిన్నె యని మీసములు మీటు నీటు దలప । వశమటే రామరామ లావణ్యసీమ.",vupajaathi,Laavanya,"[('ము', 'U'), ('ద్దు', '|'), ('బె', 'U'), ('ట్టు', '|'), ('క', '|'), ('న', 'U'), ('వ్వు', '|'), ('చు', '|'), ('ము', '|'), ('ది', '|'), ('త', '|'), ('నీ', 'U'), ('వు', '|'), ('నె', '|'), ('వ', '|'), ('రి', '|'), ('పెం', 'U'), ('డ్లా', 'U'), ('డె', '|'), ('ద', '|'), ('వ', '|'), ('టం', 'U'), ('చు', '|'), ('నే', 'U'), ('ను', '|'), ('బ', '|'), ('లు', '|'), ('క', '|'), ('ని', 'U'), ('న్నె', '|'), ('య', '|'), ('ని', '|'), ('మీ', 'U'), ('స', '|'), ('ము', '|'), ('లు', '|'), ('మీ', 'U'), ('టు', '|'), ('నీ', 'U'), ('టు', '|'), ('ద', '|'), ('ల', '|'), ('ప', '|'), ('వ', '|'), ('శ', '|'), ('మ', '|'), ('టే', 'U'), ('రా', 'U'), ('మ', '|'), ('రా', 'U'), ('మ', '|'), ('లా', 'U'), ('వ', 'U'), ('ణ్య', '|'), ('సీ', 'U'), ('మ', '|')]",1.0,-1.0,1.0,1.0,1.0,-1.0
seesamu,"సీమపన్నీరు పై జిలుకుచు హొయలుగా । భారీ బురాన్పురీ పాగ జుట్టి
తేటచెంగావి సుతీనా తమాను ధ- । రించి వేడుక జమాయించి యగరు
యత్తరు కొనవేళ్లనంటి సునాయించి । గీరి జోడైన యంగీలు దొడిగి
ఖుజు వహవా జల్దు ఘోడా యనుచు సఫె- । దారంగు తేజి మోదమున నెక్కి",vupajaathi,Laavanya,"[('సీ', 'U'), ('మ', '|'), ('ప', 'U'), ('న్నీ', 'U'), ('రు', '|'), ('పై', 'U'), ('జి', '|'), ('లు', '|'), ('కు', '|'), ('చు', '|'), ('హొ', '|'), ('య', '|'), ('లు', '|'), ('గా', 'U'), ('భా', 'U'), ('రీ', 'U'), ('బు', '|'), ('రా', 'U'), ('న్పు', '|'), ('రీ', 'U'), ('పా', 'U'), ('గ', '|'), ('జు', 'U'), ('ట్టి', '|'), ('తే', 'U'), ('ట', '|'), ('చెం', 'U'), ('గా', 'U'), ('వి', '|'), ('సు', '|'), ('తీ', 'U'), ('నా', 'U'), ('త', '|'), ('మా', 'U'), ('ను', '|'), ('ధ', '|'), ('రిం', 'U'), ('చి', '|'), ('వే', 'U'), ('డు', '|'), ('క', '|'), ('జ', '|'), ('మా', 'U'), ('యిం', 'U'), ('చి', '|'), ('య', '|'), ('గ', '|'), ('రు', '|'), ('య', 'U'), ('త్త', '|'), ('రు', '|'), ('కొ', '|'), ('న', '|'), ('వే', 'U'), ('ళ్ల', '|'), ('నం', 'U'), ('టి', '|'), ('సు', '|'), ('నా', 'U'), ('యిం', 'U'), ('చి', '|'), ('గీ', 'U'), ('రి', '|'), ('జో', 'U'), ('డై', 'U'), ('న', '|'), ('యం', 'U'), ('గీ', 'U'), ('లు', '|'), ('దొ', '|'), ('డి', '|'), ('గి', '|'), ('ఖు', '|'), ('జు', '|'), ('వ', '|'), ('హ', '|'), ('వా', 'U'), ('జ', 'U'), ('ల్దు', '|'), ('ఘో', 'U'), ('డా', 'U'), ('య', '|'), ('ను', '|'), ('చు', '|'), ('స', '|'), ('ఫె', '|'), ('దా', 'U'), ('రం', 'U'), ('గు', '|'), ('తే', 'U'), ('జి', '|'), ('మో', 'U'), ('ద', '|'), ('ము', '|'), ('న', '|'), ('నె', 'U'), ('క్కి', '|')]",0.9583333333333334,-1.0,1.0,1.0,0.875,-1.0
teytageethi,"స్వారి వెడలంగ మహలెక్కి దారి జూచి । యతివచే నంపినట్టి కాకితములోని
మాటల పసందు తలచితే మనసు నిలుప । వశమటే రామరామ లావణ్యసీమ.",vupajaathi,Laavanya,"[('స్వా', 'U'), ('రి', '|'), ('వె', '|'), ('డ', '|'), ('లం', 'U'), ('గ', '|'), ('మ', '|'), ('హ', '|'), ('లె', 'U'), ('క్కి', '|'), ('దా', 'U'), ('రి', '|'), ('జూ', 'U'), ('చి', '|'), ('య', '|'), ('తి', '|'), ('వ', '|'), ('చే', 'U'), ('నం', 'U'), ('పి', '|'), ('న', 'U'), ('ట్టి', '|'), ('కా', 'U'), ('కి', '|'), ('త', '|'), ('ము', '|'), ('లో', 'U'), ('ని', '|'), ('మా', 'U'), ('ట', '|'), ('ల', '|'), ('ప', '|'), ('సం', 'U'), ('దు', '|'), ('త', '|'), ('ల', '|'), ('చి', '|'), ('తే', 'U'), ('మ', '|'), ('న', '|'), ('సు', '|'), ('ని', '|'), ('లు', '|'), ('ప', '|'), ('వ', '|'), ('శ', '|'), ('మ', '|'), ('టే', 'U'), ('రా', 'U'), ('మ', '|'), ('రా', 'U'), ('మ', '|'), ('లా', 'U'), ('వ', 'U'), ('ణ్య', '|'), ('సీ', 'U'), ('మ', '|')]",1.0,-1.0,1.0,1.0,1.0,-1.0
seesamu,"కలహంసలకు జీతముల లెక్కజూచి లో- । బాకి చెల్ల గని జాపాలొసంగి
జాతైన మంచిపచ్చలరంగు గల చిల్క- । పంజులెల్లను బరాబరులు జేసి
గండుకోకిలమూక కైజీతములవారి- । కందమౌ ననలతో విందొనర్చి
గొరువంక యెలగోలు నిరువంకలను గూడి । రమ్మంచు తేంట్లచే కమ్మలిచ్చి",vupajaathi,Laavanya,"[('క', '|'), ('ల', '|'), ('హం', 'U'), ('స', '|'), ('ల', '|'), ('కు', '|'), ('జీ', 'U'), ('త', '|'), ('ము', '|'), ('ల', '|'), ('లె', 'U'), ('క్క', '|'), ('జూ', 'U'), ('చి', '|'), ('లో', 'U'), ('బా', 'U'), ('కి', '|'), ('చె', 'U'), ('ల్ల', '|'), ('గ', '|'), ('ని', '|'), ('జా', 'U'), ('పా', 'U'), ('లొ', '|'), ('సం', 'U'), ('గి', '|'), ('జా', 'U'), ('తై', 'U'), ('న', '|'), ('మం', 'U'), ('చి', '|'), ('ప', 'U'), ('చ్చ', '|'), ('ల', '|'), ('రం', 'U'), ('గు', '|'), ('గ', '|'), ('ల', '|'), ('చి', 'U'), ('ల్క', '|'), ('పం', 'U'), ('జు', '|'), ('లె', 'U'), ('ల్ల', '|'), ('ను', '|'), ('బ', '|'), ('రా', 'U'), ('బ', '|'), ('రు', '|'), ('లు', '|'), ('జే', 'U'), ('సి', '|'), ('గం', 'U'), ('డు', '|'), ('కో', 'U'), ('కి', '|'), ('ల', '|'), ('మూ', 'U'), ('క', '|'), ('కై', 'U'), ('జీ', 'U'), ('త', '|'), ('ము', '|'), ('ల', '|'), ('వా', 'U'), ('రి', '|'), ('కం', 'U'), ('ద', '|'), ('మౌ', 'U'), ('న', '|'), ('న', '|'), ('ల', '|'), ('తో', 'U'), ('విం', 'U'), ('దొ', '|'), ('న', 'U'), ('ర్చి', '|'), ('గొ', '|'), ('రు', '|'), ('వం', 'U'), ('క', '|'), ('యె', '|'), ('ల', '|'), ('గో', 'U'), ('లు', '|'), ('ని', '|'), ('రు', '|'), ('వం', 'U'), ('క', '|'), ('ల', '|'), ('ను', '|'), ('గూ', 'U'), ('డి', '|'), ('ర', 'U'), ('మ్మం', 'U'), ('చు', '|'), ('తేం', 'U'), ('ట్ల', '|'), ('చే', 'U'), ('క', 'U'), ('మ్మ', '|'), ('లి', 'U'), ('చ్చి', '|')]",1.0,-1.0,1.0,1.0,1.0,-1.0
teytageethi,"దండుకు సమీరణుని సరదారు జేసి । వేయుమని చెప్పి పూపొదవెలిగుడారు
దర్పకుండను పాదుషా దాడి వెడలి । వచ్చె గదె రామరామ లావణ్యసీమ.",vupajaathi,Laavanya,"[('దం', 'U'), ('డు', '|'), ('కు', '|'), ('స', '|'), ('మీ', 'U'), ('ర', '|'), ('ణు', '|'), ('ని', '|'), ('స', '|'), ('ర', '|'), ('దా', 'U'), ('రు', '|'), ('జే', 'U'), ('సి', '|'), ('వే', 'U'), ('యు', '|'), ('మ', '|'), ('ని', '|'), ('చె', 'U'), ('ప్పి', '|'), ('పూ', 'U'), ('పొ', '|'), ('ద', '|'), ('వె', '|'), ('లి', '|'), ('గు', '|'), ('డా', 'U'), ('రు', '|'), ('ద', 'U'), ('ర్ప', '|'), ('కుం', 'U'), ('డ', '|'), ('ను', '|'), ('పా', 'U'), ('దు', '|'), ('షా', 'U'), ('దా', 'U'), ('డి', '|'), ('వె', '|'), ('డ', '|'), ('లి', '|'), ('వ', 'U'), ('చ్చె', '|'), ('గ', '|'), ('దె', '|'), ('రా', 'U'), ('మ', '|'), ('రా', 'U'), ('మ', '|'), ('లా', 'U'), ('వ', 'U'), ('ణ్య', '|'), ('సీ', 'U'), ('మ', '|')]",1.0,-1.0,1.0,1.0,1.0,-1.0
seesamu,"జాతిజంగాలి బనాతి కనాతి స- । రాతిలోదటను సూరతువులందు
మొఖమల్ ఖురాళ మిమ్ముగ నఖాసీచుట్టు । తగుటుచీనీలి ముత్యముల చేర్లు
పగడంపు చేవ కంబాలు ముప్పిరిపట్టు । పగ్గముల్ సరిగెహొంబట్టు కుట్టు
నమరుషమేనాకృశములు కమానువా- । కిళ్లు నీలంపు మేకీలు కొణిగె",vupajaathi,Laavanya,"[('జా', 'U'), ('తి', '|'), ('జం', 'U'), ('గా', 'U'), ('లి', '|'), ('బ', '|'), ('నా', 'U'), ('తి', '|'), ('క', '|'), ('నా', 'U'), ('తి', '|'), ('స', '|'), ('రా', 'U'), ('తి', '|'), ('లో', 'U'), ('ద', '|'), ('ట', '|'), ('ను', '|'), ('సూ', 'U'), ('ర', '|'), ('తు', '|'), ('వు', '|'), ('లం', 'U'), ('దు', '|'), ('మొ', '|'), ('ఖ', '|'), ('మ', 'U'), ('ల్ఖు', '|'), ('రా', 'U'), ('ళ', '|'), ('మి', 'U'), ('మ్ము', '|'), ('గ', '|'), ('న', '|'), ('ఖా', 'U'), ('సీ', 'U'), ('చు', 'U'), ('ట్టు', '|'), ('త', '|'), ('గు', '|'), ('టు', '|'), ('చీ', 'U'), ('నీ', 'U'), ('లి', '|'), ('ము', 'U'), ('త్య', '|'), ('ము', '|'), ('ల', '|'), ('చే', 'U'), ('ర్లు', '|'), ('ప', '|'), ('గ', '|'), ('డం', 'U'), ('పు', '|'), ('చే', 'U'), ('వ', '|'), ('కం', 'U'), ('బా', 'U'), ('లు', '|'), ('ము', 'U'), ('ప్పి', '|'), ('రి', '|'), ('ప', 'U'), ('ట్టు', '|'), ('ప', 'U'), ('గ్గ', '|'), ('ము', 'U'), ('ల్స', '|'), ('రి', '|'), ('గె', '|'), ('హొం', 'U'), ('బ', 'U'), ('ట్టు', '|'), ('కు', 'U'), ('ట్టు', '|'), ('న', '|'), ('మ', '|'), ('రు', '|'), ('ష', '|'), ('మే', 'U'), ('నా', 'U'), ('కృ', '|'), ('శ', '|'), ('ము', '|'), ('లు', '|'), ('క', '|'), ('మా', 'U'), ('ను', '|'), ('వా', 'U'), ('కి', 'U'), ('ళ్లు', '|'), ('నీ', 'U'), ('లం', 'U'), ('పు', '|'), ('మే', 'U'), ('కీ', 'U'), ('లు', '|'), ('కొ', '|'), ('ణి', '|'), ('గె', '|')]",1.0,-1.0,1.0,1.0,1.0,-1.0
teytageethi,"తీరు నద్దాలబారు గుడారులోన । చదరు సేయంగ పదాలచాటునుండి
వేడ్క నను జూచునాటి నీ వితమునెన్న । వశమటే రామరామ లావణ్యసీమ.",vupajaathi,Laavanya,"[('తీ', 'U'), ('రు', '|'), ('న', 'U'), ('ద్దా', 'U'), ('ల', '|'), ('బా', 'U'), ('రు', '|'), ('గు', '|'), ('డా', 'U'), ('రు', '|'), ('లో', 'U'), ('న', '|'), ('చ', '|'), ('ద', '|'), ('రు', '|'), ('సే', 'U'), ('యం', 'U'), ('గ', '|'), ('ప', '|'), ('దా', 'U'), ('ల', '|'), ('చా', 'U'), ('టు', '|'), ('నుం', 'U'), ('డి', '|'), ('వే', 'U'), ('డ్క', '|'), ('న', '|'), ('ను', '|'), ('జూ', 'U'), ('చు', '|'), ('నా', 'U'), ('టి', '|'), ('నీ', 'U'), ('వి', '|'), ('త', '|'), ('ము', '|'), ('నె', 'U'), ('న్న', '|'), ('వ', '|'), ('శ', '|'), ('మ', '|'), ('టే', 'U'), ('రా', 'U'), ('మ', '|'), ('రా', 'U'), ('మ', '|'), ('లా', 'U'), ('వ', 'U'), ('ణ్య', '|'), ('సీ', 'U'), ('మ', '|')]",0.6833333333333332,-1.0,1.0,0.55,0.5,-1.0
seesamu,"దండుకూచీ జేసి లెండని సరదార్ల । మదిలోన బల్కుషామతున జెంది
ఖూబైన బాసు జిలీబుతేజీలు హ- । రోలుతయారి కతారాలు దిర్చి
జల్తారు భారిపోషకు వేసి మందట । కటికెముల్ బహుపరాకనుచు బొగడ
కేళికాగృహమువాకిట నిల్చి వూరికి । బోయొత్తు మనిన తాంబూలమొసగి",vupajaathi,Laavanya,"[('దం', 'U'), ('డు', '|'), ('కూ', 'U'), ('చీ', 'U'), ('జే', 'U'), ('సి', '|'), ('లెం', 'U'), ('డ', '|'), ('ని', '|'), ('స', '|'), ('ర', '|'), ('దా', 'U'), ('ర్ల', '|'), ('మ', '|'), ('ది', '|'), ('లో', 'U'), ('న', '|'), ('బ', 'U'), ('ల్కు', '|'), ('షా', 'U'), ('మ', '|'), ('తు', '|'), ('న', '|'), ('జెం', 'U'), ('ది', '|'), ('ఖూ', 'U'), ('బై', 'U'), ('న', '|'), ('బా', 'U'), ('సు', '|'), ('జి', '|'), ('లీ', 'U'), ('బు', '|'), ('తే', 'U'), ('జీ', 'U'), ('లు', '|'), ('హ', '|'), ('రో', 'U'), ('లు', '|'), ('త', '|'), ('యా', 'U'), ('రి', '|'), ('క', '|'), ('తా', 'U'), ('రా', 'U'), ('లు', '|'), ('ది', 'U'), ('ర్చి', '|'), ('జ', 'U'), ('ల్తా', 'U'), ('రు', '|'), ('భా', 'U'), ('రి', '|'), ('పో', 'U'), ('ష', '|'), ('కు', '|'), ('వే', 'U'), ('సి', '|'), ('మం', 'U'), ('ద', '|'), ('ట', '|'), ('క', '|'), ('టి', '|'), ('కె', '|'), ('ము', 'U'), ('ల్బ', '|'), ('హు', '|'), ('ప', '|'), ('రా', 'U'), ('క', '|'), ('ను', '|'), ('చు', '|'), ('బొ', '|'), ('గ', '|'), ('డ', '|'), ('కే', 'U'), ('ళి', '|'), ('కా', 'U'), ('గృ', '|'), ('హ', '|'), ('ము', '|'), ('వా', 'U'), ('కి', '|'), ('ట', '|'), ('ని', 'U'), ('ల్చి', '|'), ('వూ', 'U'), ('రి', '|'), ('కి', '|'), ('బో', 'U'), ('యొ', 'U'), ('త్తు', '|'), ('మ', '|'), ('ని', '|'), ('న', '|'), ('తాం', 'U'), ('బూ', 'U'), ('ల', '|'), ('మొ', '|'), ('స', '|'), ('గి', '|')]",0.9479166666666666,-1.0,1.0,0.96875,0.875,-1.0
teytageethi,"మొగము వంచుక నరతల్పు సగము మూసి । నిలిచి యేమందునని వ్రేల నేలగీరు-
కొనుచు నను బోయిరమ్మని నెనరు దలుప । వశమటే రామరామ లావణ్యసీమ.",vupajaathi,Laavanya,"[('మొ', '|'), ('గ', '|'), ('ము', '|'), ('వం', 'U'), ('చు', '|'), ('క', '|'), ('న', '|'), ('ర', '|'), ('త', 'U'), ('ల్పు', '|'), ('స', '|'), ('గ', '|'), ('ము', '|'), ('మూ', 'U'), ('సి', '|'), ('ని', '|'), ('లి', '|'), ('చి', '|'), ('యే', 'U'), ('మం', 'U'), ('దు', '|'), ('న', '|'), ('ని', '|'), ('వ్రే', 'U'), ('ల', '|'), ('నే', 'U'), ('ల', '|'), ('గీ', 'U'), ('రు', '|'), ('కొ', '|'), ('ను', '|'), ('చు', '|'), ('న', '|'), ('ను', '|'), ('బో', 'U'), ('యి', '|'), ('ర', 'U'), ('మ్మ', '|'), ('ని', '|'), ('నె', '|'), ('న', '|'), ('రు', '|'), ('ద', '|'), ('లు', '|'), ('ప', '|'), ('వ', '|'), ('శ', '|'), ('మ', '|'), ('టే', 'U'), ('రా', 'U'), ('మ', '|'), ('రా', 'U'), ('మ', '|'), ('లా', 'U'), ('వ', 'U'), ('ణ్య', '|'), ('సీ', 'U'), ('మ', '|')]",1.0,-1.0,1.0,1.0,1.0,-1.0
seesamu,"జాఫల్ రసంబు గుర్షాపూలు ద్రాక్షలు । గంగులుఖందు చొక్కపు జవాజి
జాఫరాయగరు పచ్చాకూదుబత్తీలు । పునుగుపన్నీరు గంబురు గులాబి
యత్తరు సీమరాయంచలు తెల్లాకు- । మడుపుల్ వళాగ్రముల్ మల్లెపూలు
కురువేరు నరగ జాల్ కొత్తకైరావళ్లు । దవనంపు చెండ్లు దంతంపు గుండ్లు",vupajaathi,Laavanya,"[('జా', 'U'), ('ఫ', '|'), ('ల్ర', '|'), ('సం', 'U'), ('బు', '|'), ('గు', 'U'), ('ర్షా', 'U'), ('పూ', 'U'), ('లు', '|'), ('ద్రా', 'U'), ('క్ష', '|'), ('లు', '|'), ('గం', 'U'), ('గు', '|'), ('లు', '|'), ('ఖం', 'U'), ('దు', '|'), ('చొ', 'U'), ('క్క', '|'), ('పు', '|'), ('జ', '|'), ('వా', 'U'), ('జి', '|'), ('జా', 'U'), ('ఫ', '|'), ('రా', 'U'), ('య', '|'), ('గ', '|'), ('రు', '|'), ('ప', 'U'), ('చ్చా', 'U'), ('కూ', 'U'), ('దు', '|'), ('బ', 'U'), ('త్తీ', 'U'), ('లు', '|'), ('పు', '|'), ('ను', '|'), ('గు', '|'), ('ప', 'U'), ('న్నీ', 'U'), ('రు', '|'), ('గం', 'U'), ('బు', '|'), ('రు', '|'), ('గు', '|'), ('లా', 'U'), ('బి', '|'), ('య', 'U'), ('త్త', '|'), ('రు', '|'), ('సీ', 'U'), ('మ', '|'), ('రా', 'U'), ('యం', 'U'), ('చ', '|'), ('లు', '|'), ('తె', 'U'), ('ల్లా', 'U'), ('కు', '|'), ('మ', '|'), ('డు', '|'), ('పు', 'U'), ('ల్వ', '|'), ('ళా', 'U'), ('గ్ర', '|'), ('ము', 'U'), ('ల్మ', 'U'), ('ల్లె', '|'), ('పూ', 'U'), ('లు', '|'), ('కు', '|'), ('రు', '|'), ('వే', 'U'), ('రు', '|'), ('న', '|'), ('ర', '|'), ('గ', '|'), ('జా', 'U'), ('ల్కొ', 'U'), ('త్త', '|'), ('కై', 'U'), ('రా', 'U'), ('వ', 'U'), ('ళ్లు', '|'), ('ద', '|'), ('వ', '|'), ('నం', 'U'), ('పు', '|'), ('చెం', 'U'), ('డ్లు', '|'), ('దం', 'U'), ('తం', 'U'), ('పు', '|'), ('గుం', 'U'), ('డ్లు', '|')]",1.0,-1.0,1.0,1.0,1.0,-1.0
teytageethi,"మా కచేరికి నజరు లీ మాడ్కి బనిచి । నమ్మినానని వ్రాసుకున్నట్టి జాబు
నకలు జూచిన మరుని గాసికి సహింప । వశమటే రామరామ లావణ్యసీమ.",vupajaathi,Laavanya,"[('మా', 'U'), ('క', '|'), ('చే', 'U'), ('రి', '|'), ('కి', '|'), ('న', '|'), ('జ', '|'), ('రు', '|'), ('లీ', 'U'), ('మా', 'U'), ('డ్కి', '|'), ('బ', '|'), ('ని', '|'), ('చి', '|'), ('న', 'U'), ('మ్మి', '|'), ('నా', 'U'), ('న', '|'), ('ని', '|'), ('వ్రా', 'U'), ('సు', '|'), ('కు', 'U'), ('న్న', 'U'), ('ట్టి', '|'), ('జా', 'U'), ('బు', '|'), ('న', '|'), ('క', '|'), ('లు', '|'), ('జూ', 'U'), ('చి', '|'), ('న', '|'), ('మ', '|'), ('రు', '|'), ('ని', '|'), ('గా', 'U'), ('సి', '|'), ('కి', '|'), ('స', '|'), ('హిం', 'U'), ('ప', '|'), ('వ', '|'), ('శ', '|'), ('మ', '|'), ('టే', 'U'), ('రా', 'U'), ('మ', '|'), ('రా', 'U'), ('మ', '|'), ('లా', 'U'), ('వ', 'U'), ('ణ్య', '|'), ('సీ', 'U'), ('మ', '|')]",1.0,-1.0,1.0,1.0,1.0,-1.0
seesamu,"ఆదికేళికను మై యలసియుండిన తీరు । గని నేస్తమగు జోడుగరితలెల్ల
సతి రేయు పతిసేయు రతివింతలేమన । నేలాగొ నదియు నేనెరుగ పాన్పు
చేరబోవగను కుచ్చిలిబట్టు తీసిన । వడిని నీవికముడి వదలెనపుడు
సిగ్గుచే పయ్యెదచెరగు దివ్వెకు తెర- । చాటు సేయగ హారచయమునందు",vupajaathi,Laavanya,"[('ఆ', 'U'), ('ది', '|'), ('కే', 'U'), ('ళి', '|'), ('క', '|'), ('ను', '|'), ('మై', 'U'), ('య', '|'), ('ల', '|'), ('సి', '|'), ('యుం', 'U'), ('డి', '|'), ('న', '|'), ('తీ', 'U'), ('రు', '|'), ('గ', '|'), ('ని', '|'), ('నే', 'U'), ('స్త', '|'), ('మ', '|'), ('గు', '|'), ('జో', 'U'), ('డు', '|'), ('గ', '|'), ('రి', '|'), ('త', '|'), ('లె', 'U'), ('ల్ల', '|'), ('స', '|'), ('తి', '|'), ('రే', 'U'), ('యు', '|'), ('ప', '|'), ('తి', '|'), ('సే', 'U'), ('యు', '|'), ('ర', '|'), ('తి', '|'), ('విం', 'U'), ('త', '|'), ('లే', 'U'), ('మ', '|'), ('న', '|'), ('నే', 'U'), ('లా', 'U'), ('గొ', '|'), ('న', '|'), ('ది', '|'), ('యు', '|'), ('నే', 'U'), ('నె', '|'), ('రు', '|'), ('గ', '|'), ('పా', 'U'), ('న్పు', '|'), ('చే', 'U'), ('ర', '|'), ('బో', 'U'), ('వ', '|'), ('గ', '|'), ('ను', '|'), ('కు', 'U'), ('చ్చి', '|'), ('లి', '|'), ('బ', 'U'), ('ట్టు', '|'), ('తీ', 'U'), ('సి', '|'), ('న', '|'), ('వ', '|'), ('డి', '|'), ('ని', '|'), ('నీ', 'U'), ('వి', '|'), ('క', '|'), ('ము', '|'), ('డి', '|'), ('వ', '|'), ('ద', '|'), ('లె', '|'), ('న', '|'), ('పు', '|'), ('డు', '|'), ('సి', 'U'), ('గ్గు', '|'), ('చే', 'U'), ('ప', 'U'), ('య్యె', '|'), ('ద', '|'), ('చె', '|'), ('ర', '|'), ('గు', '|'), ('ది', 'U'), ('వ్వె', '|'), ('కు', '|'), ('తె', '|'), ('ర', '|'), ('చా', 'U'), ('టు', '|'), ('సే', 'U'), ('య', '|'), ('గ', '|'), ('హా', 'U'), ('ర', '|'), ('చ', '|'), ('య', '|'), ('ము', '|'), ('నం', 'U'), ('దు', '|')]",1.0,-1.0,1.0,1.0,1.0,-1.0
teytageethi,"గలుగు రతనాలు దివ్వెలుగా వెలుంగ । యతివ భయమున కనులు మూసితిని యవల-
నేమి గనుగొననని పల్కు ప్రేమ దలప । వశమటే రామరామ లావణ్యసీమ.",vupajaathi,Laavanya,"[('గ', '|'), ('లు', '|'), ('గు', '|'), ('ర', '|'), ('త', '|'), ('నా', 'U'), ('లు', '|'), ('ది', 'U'), ('వ్వె', '|'), ('లు', '|'), ('గా', 'U'), ('వె', '|'), ('లుం', 'U'), ('గ', '|'), ('య', '|'), ('తి', '|'), ('వ', '|'), ('భ', '|'), ('య', '|'), ('ము', '|'), ('న', '|'), ('క', '|'), ('ను', '|'), ('లు', '|'), ('మూ', 'U'), ('సి', '|'), ('తి', '|'), ('ని', '|'), ('య', '|'), ('వ', '|'), ('ల', '|'), ('నే', 'U'), ('మి', '|'), ('గ', '|'), ('ను', '|'), ('గొ', '|'), ('న', '|'), ('న', '|'), ('ని', '|'), ('ప', 'U'), ('ల్కు', '|'), ('ప్రే', 'U'), ('మ', '|'), ('ద', '|'), ('ల', '|'), ('ప', '|'), ('వ', '|'), ('శ', '|'), ('మ', '|'), ('టే', 'U'), ('రా', 'U'), ('మ', '|'), ('రా', 'U'), ('మ', '|'), ('లా', 'U'), ('వ', 'U'), ('ణ్య', '|'), ('సీ', 'U'), ('మ', '|')]",1.0,-1.0,1.0,1.0,1.0,-1.0
seesamu,"అర్ధోదయంబగు నరుణబింబద్యుతి । యెరుపైన మంచిదామరపురేకు
పద్మరాగము పచ్చిపవడంపుతీగె ల- । త్తుక కోపు ముదిరిన దొండపండు
కుంకుమవర్ణంబు మంకెనపువుచాయ । సిందూరవన్నె చిగురుటాకు
దాడిమకుసుమకాంతి దాసానపుష్పంబు । లేబాకమగు నింగిలీకవరఖు-",vupajaathi,Laavanya,"[('అ', 'U'), ('ర్ధో', 'U'), ('ద', '|'), ('యం', 'U'), ('బ', '|'), ('గు', '|'), ('న', '|'), ('రు', '|'), ('ణ', '|'), ('బిం', 'U'), ('బ', 'U'), ('ద్యు', '|'), ('తి', '|'), ('యె', '|'), ('రు', '|'), ('పై', 'U'), ('న', '|'), ('మం', 'U'), ('చి', '|'), ('దా', 'U'), ('మ', '|'), ('ర', '|'), ('పు', '|'), ('రే', 'U'), ('కు', '|'), ('ప', 'U'), ('ద్మ', '|'), ('రా', 'U'), ('గ', '|'), ('ము', '|'), ('ప', 'U'), ('చ్చి', '|'), ('ప', '|'), ('వ', '|'), ('డం', 'U'), ('పు', '|'), ('తీ', 'U'), ('గె', '|'), ('ల', 'U'), ('త్తు', '|'), ('క', '|'), ('కో', 'U'), ('పు', '|'), ('ము', '|'), ('ది', '|'), ('రి', '|'), ('న', '|'), ('దొం', 'U'), ('డ', '|'), ('పం', 'U'), ('డు', '|'), ('కుం', 'U'), ('కు', '|'), ('మ', '|'), ('వ', 'U'), ('ర్ణం', 'U'), ('బు', '|'), ('మం', 'U'), ('కె', '|'), ('న', '|'), ('పు', '|'), ('వు', '|'), ('చా', 'U'), ('య', '|'), ('సిం', 'U'), ('దూ', 'U'), ('ర', '|'), ('వ', 'U'), ('న్నె', '|'), ('చి', '|'), ('గు', '|'), ('రు', '|'), ('టా', 'U'), ('కు', '|'), ('దా', 'U'), ('డి', '|'), ('మ', '|'), ('కు', '|'), ('సు', '|'), ('మ', '|'), ('కాం', 'U'), ('తి', '|'), ('దా', 'U'), ('సా', 'U'), ('న', '|'), ('పు', 'U'), ('ష్పం', 'U'), ('బు', '|'), ('లే', 'U'), ('బా', 'U'), ('క', '|'), ('మ', '|'), ('గు', '|'), ('నిం', 'U'), ('గి', '|'), ('లీ', 'U'), ('క', '|'), ('వ', '|'), ('ర', '|'), ('ఖు', '|')]",0.7916666666666666,-1.0,1.0,0.875,0.5,-1.0
teytageethi,"లేవి జూచిన దాని కెమ్మోవిఠీవి । సాటియగు డాలుగాన ముజ్జగములోన
పరవశముతోన వలరాజుపనులు మాన । వశమటే రామరామ లావణ్యసీమ.",vupajaathi,Laavanya,"[('లే', 'U'), ('వి', '|'), ('జూ', 'U'), ('చి', '|'), ('న', '|'), ('దా', 'U'), ('ని', '|'), ('కె', 'U'), ('మ్మో', 'U'), ('వి', '|'), ('ఠీ', 'U'), ('వి', '|'), ('సా', 'U'), ('టి', '|'), ('య', '|'), ('గు', '|'), ('డా', 'U'), ('లు', '|'), ('గా', 'U'), ('న', '|'), ('ము', 'U'), ('జ్జ', '|'), ('గ', '|'), ('ము', '|'), ('లో', 'U'), ('న', '|'), ('ప', '|'), ('ర', '|'), ('వ', '|'), ('శ', '|'), ('ము', '|'), ('తో', 'U'), ('న', '|'), ('వ', '|'), ('ల', '|'), ('రా', 'U'), ('జు', '|'), ('ప', '|'), ('ను', '|'), ('లు', '|'), ('మా', 'U'), ('న', '|'), ('వ', '|'), ('శ', '|'), ('మ', '|'), ('టే', 'U'), ('రా', 'U'), ('మ', '|'), ('రా', 'U'), ('మ', '|'), ('లా', 'U'), ('వ', 'U'), ('ణ్య', '|'), ('సీ', 'U'), ('మ', '|')]",1.0,-1.0,1.0,1.0,1.0,-1.0
seesamu,"జుంటితేనియపాలు జున్ను శర్కర మంచి- । రసదాడియమృతంబు కుసుమరసము
ఖర్జూరములు పానకము ద్రాక్ష మాగిన । కమలాఫలము లిక్షుఖండములును
నారికేళజలంబు నవనీతమన్కగు??? । పరమాన్నమును వేరుపనసతొనలు
తియ్యమామిడిపండ్ల దీసిన సారంబు । నతిరసంబులు మనోహరచయంబు-",vupajaathi,Laavanya,"[('జుం', 'U'), ('టి', '|'), ('తే', 'U'), ('ని', '|'), ('య', '|'), ('పా', 'U'), ('లు', '|'), ('జు', 'U'), ('న్ను', '|'), ('శ', 'U'), ('ర్క', '|'), ('ర', '|'), ('మం', 'U'), ('చి', '|'), ('ర', '|'), ('స', '|'), ('దా', 'U'), ('డి', '|'), ('య', '|'), ('మృ', '|'), ('తం', 'U'), ('బు', '|'), ('కు', '|'), ('సు', '|'), ('మ', '|'), ('ర', '|'), ('స', '|'), ('ము', '|'), ('ఖ', 'U'), ('ర్జూ', 'U'), ('ర', '|'), ('ము', '|'), ('లు', '|'), ('పా', 'U'), ('న', '|'), ('క', '|'), ('ము', '|'), ('ద్రా', 'U'), ('క్ష', '|'), ('మా', 'U'), ('గి', '|'), ('న', '|'), ('క', '|'), ('మ', '|'), ('లా', 'U'), ('ఫ', '|'), ('ల', '|'), ('ము', '|'), ('లి', 'U'), ('క్షు', '|'), ('ఖం', 'U'), ('డ', '|'), ('ము', '|'), ('లు', '|'), ('ను', '|'), ('నా', 'U'), ('రి', '|'), ('కే', 'U'), ('ళ', '|'), ('జ', '|'), ('లం', 'U'), ('బు', '|'), ('న', '|'), ('వ', '|'), ('నీ', 'U'), ('త', '|'), ('మ', 'U'), ('న్క', '|'), ('గు', '|'), ('ప', '|'), ('ర', '|'), ('మా', 'U'), ('న్న', '|'), ('ము', '|'), ('ను', '|'), ('వే', 'U'), ('రు', '|'), ('ప', '|'), ('న', '|'), ('స', '|'), ('తొ', '|'), ('న', '|'), ('లు', '|'), ('తి', 'U'), ('య్య', '|'), ('మా', 'U'), ('మి', '|'), ('డి', '|'), ('పం', 'U'), ('డ్ల', '|'), ('దీ', 'U'), ('సి', '|'), ('న', '|'), ('సా', 'U'), ('రం', 'U'), ('బు', '|'), ('న', '|'), ('తి', '|'), ('ర', '|'), ('సం', 'U'), ('బు', '|'), ('లు', '|'), ('మ', '|'), ('నో', 'U'), ('హ', '|'), ('ర', '|'), ('చ', '|'), ('యం', 'U'), ('బు', '|')]",0.9583333333333334,-1.0,1.0,1.0,0.875,-1.0
teytageethi,"లెన్ని జూచినగాని యా వన్నెలాడి । యధరబింబసమానమౌ మధురమొకటి
గాన నా చానపైని నా కరుణ మాన । వశమటే రామరామ లావణ్యసీమ.",vupajaathi,Laavanya,"[('లె', 'U'), ('న్ని', '|'), ('జూ', 'U'), ('చి', '|'), ('న', '|'), ('గా', 'U'), ('ని', '|'), ('యా', 'U'), ('వ', 'U'), ('న్నె', '|'), ('లా', 'U'), ('డి', '|'), ('య', '|'), ('ధ', '|'), ('ర', '|'), ('బిం', 'U'), ('బ', '|'), ('స', '|'), ('మా', 'U'), ('న', '|'), ('మౌ', 'U'), ('మ', '|'), ('ధు', '|'), ('ర', '|'), ('మొ', '|'), ('క', '|'), ('టి', '|'), ('గా', 'U'), ('న', '|'), ('నా', 'U'), ('చా', 'U'), ('న', '|'), ('పై', 'U'), ('ని', '|'), ('నా', 'U'), ('క', '|'), ('రు', '|'), ('ణ', '|'), ('మా', 'U'), ('న', '|'), ('వ', '|'), ('శ', '|'), ('మ', '|'), ('టే', 'U'), ('రా', 'U'), ('మ', '|'), ('రా', 'U'), ('మ', '|'), ('లా', 'U'), ('వ', 'U'), ('ణ్య', '|'), ('సీ', 'U'), ('మ', '|')]",1.0,-1.0,1.0,1.0,1.0,-1.0
seesamu,"నారాయణవనంబు చీరకుచ్చంచులు । మీగాళ్ల కెలమి కైలాగు లెసగ
సన్నగీరుల గులాల్ వన్నెరైక మెరుంగు । గుబ్బల పొగరానికుట్లు పిగల
కమ్మని దవనంపురెమ్మల జడ పైడి- । కుచ్చులు పిరుదుల గునిసియాడ
పొలుపొందు పావడంబులు మొల్కపాంజేలు । గిలగిలమని పదంబులను మొరయ",vupajaathi,Laavanya,"[('నా', 'U'), ('రా', 'U'), ('య', '|'), ('ణ', '|'), ('వ', '|'), ('నం', 'U'), ('బు', '|'), ('చీ', 'U'), ('ర', '|'), ('కు', 'U'), ('చ్చం', 'U'), ('చు', '|'), ('లు', '|'), ('మీ', 'U'), ('గా', 'U'), ('ళ్ల', '|'), ('కె', '|'), ('ల', '|'), ('మి', '|'), ('కై', 'U'), ('లా', 'U'), ('గు', '|'), ('లె', '|'), ('స', '|'), ('గ', '|'), ('స', 'U'), ('న్న', '|'), ('గీ', 'U'), ('రు', '|'), ('ల', '|'), ('గు', '|'), ('లా', 'U'), ('ల్వ', 'U'), ('న్నె', '|'), ('రై', 'U'), ('క', '|'), ('మె', '|'), ('రుం', 'U'), ('గు', '|'), ('గు', 'U'), ('బ్బ', '|'), ('ల', '|'), ('పొ', '|'), ('గ', '|'), ('రా', 'U'), ('ని', '|'), ('కు', 'U'), ('ట్లు', '|'), ('పి', '|'), ('గ', '|'), ('ల', '|'), ('క', 'U'), ('మ్మ', '|'), ('ని', '|'), ('ద', '|'), ('వ', '|'), ('నం', 'U'), ('పు', '|'), ('రె', 'U'), ('మ్మ', '|'), ('ల', '|'), ('జ', '|'), ('డ', '|'), ('పై', 'U'), ('డి', '|'), ('కు', 'U'), ('చ్చు', '|'), ('లు', '|'), ('పి', '|'), ('రు', '|'), ('దు', '|'), ('ల', '|'), ('గు', '|'), ('ని', '|'), ('సి', '|'), ('యా', 'U'), ('డ', '|'), ('పొ', '|'), ('లు', '|'), ('పొం', 'U'), ('దు', '|'), ('పా', 'U'), ('వ', '|'), ('డం', 'U'), ('బు', '|'), ('లు', '|'), ('మొ', 'U'), ('ల్క', '|'), ('పాం', 'U'), ('జే', 'U'), ('లు', '|'), ('గి', '|'), ('ల', '|'), ('గి', '|'), ('ల', '|'), ('మ', '|'), ('ని', '|'), ('ప', '|'), ('దం', 'U'), ('బు', '|'), ('ల', '|'), ('ను', '|'), ('మొ', '|'), ('ర', '|'), ('య', '|')]",1.0,-1.0,1.0,1.0,1.0,-1.0
teytageethi,"నవ్వుకుంచును కార్వేటినగరమునను । వీధినెదురైన సిగ్గున వీపుగప్పి
త్రోవ దొలగిననాటి నీ భావమెన్న । వశమటే రామరామ లావణ్యసీమ.",vupajaathi,Laavanya,"[('న', 'U'), ('వ్వు', '|'), ('కుం', 'U'), ('చు', '|'), ('ను', '|'), ('కా', 'U'), ('ర్వే', 'U'), ('టి', '|'), ('న', '|'), ('గ', '|'), ('ర', '|'), ('ము', '|'), ('న', '|'), ('ను', '|'), ('వీ', 'U'), ('ధి', '|'), ('నె', '|'), ('దు', '|'), ('రై', 'U'), ('న', '|'), ('సి', 'U'), ('గ్గు', '|'), ('న', '|'), ('వీ', 'U'), ('పు', '|'), ('గ', 'U'), ('ప్పి', '|'), ('త్రో', 'U'), ('వ', '|'), ('దొ', '|'), ('ల', '|'), ('గి', '|'), ('న', '|'), ('నా', 'U'), ('టి', '|'), ('నీ', 'U'), ('భా', 'U'), ('వ', '|'), ('మె', 'U'), ('న్న', '|'), ('వ', '|'), ('శ', '|'), ('మ', '|'), ('టే', 'U'), ('రా', 'U'), ('మ', '|'), ('రా', 'U'), ('మ', '|'), ('లా', 'U'), ('వ', 'U'), ('ణ్య', '|'), ('సీ', 'U'), ('మ', '|')]",1.0,-1.0,1.0,1.0,1.0,-1.0
seesamu,"పసమించు నెమ్మేన పసమాని మెత్తని । పాదంబులకు జొత్తు పట్టెలుంచి
తళ్కుచెక్కిళ్ల చేతుల మంచిగంధమ్ము । బూసి కుంకుమ నడ్డబొట్టు వెట్టి
జాజిపువ్వుల మంచిజారుకొప్పమరించి । సొగసుకాటుక కనుసోగ దీర్చి
చెరగు మాసె నికేమి సేతు నంచని భర్త- । బొంకి నను ప్రేమతో నుపవని",vupajaathi,Laavanya,"[('ప', '|'), ('స', '|'), ('మిం', 'U'), ('చు', '|'), ('నె', 'U'), ('మ్మే', 'U'), ('న', '|'), ('ప', '|'), ('స', '|'), ('మా', 'U'), ('ని', '|'), ('మె', 'U'), ('త్త', '|'), ('ని', '|'), ('పా', 'U'), ('దం', 'U'), ('బు', '|'), ('ల', '|'), ('కు', '|'), ('జొ', 'U'), ('త్తు', '|'), ('ప', 'U'), ('ట్టె', '|'), ('లుం', 'U'), ('చి', '|'), ('త', 'U'), ('ళ్కు', '|'), ('చె', 'U'), ('క్కి', 'U'), ('ళ్ల', '|'), ('చే', 'U'), ('తు', '|'), ('ల', '|'), ('మం', 'U'), ('చి', '|'), ('గం', 'U'), ('ధ', 'U'), ('మ్ము', '|'), ('బూ', 'U'), ('సి', '|'), ('కుం', 'U'), ('కు', '|'), ('మ', '|'), ('న', 'U'), ('డ్డ', '|'), ('బొ', 'U'), ('ట్టు', '|'), ('వె', 'U'), ('ట్టి', '|'), ('జా', 'U'), ('జి', '|'), ('పు', 'U'), ('వ్వు', '|'), ('ల', '|'), ('మం', 'U'), ('చి', '|'), ('జా', 'U'), ('రు', '|'), ('కొ', 'U'), ('ప్ప', '|'), ('మ', '|'), ('రిం', 'U'), ('చి', '|'), ('సొ', '|'), ('గ', '|'), ('సు', '|'), ('కా', 'U'), ('టు', '|'), ('క', '|'), ('క', '|'), ('ను', '|'), ('సో', 'U'), ('గ', '|'), ('దీ', 'U'), ('ర్చి', '|'), ('చె', '|'), ('ర', '|'), ('గు', '|'), ('మా', 'U'), ('సె', '|'), ('ని', '|'), ('కే', 'U'), ('మి', '|'), ('సే', 'U'), ('తు', '|'), ('నం', 'U'), ('చ', '|'), ('ని', '|'), ('భ', 'U'), ('ర్త', '|'), ('బొం', 'U'), ('కి', '|'), ('న', '|'), ('ను', '|'), ('ప్రే', 'U'), ('మ', '|'), ('తో', 'U'), ('ను', '|'), ('ప', '|'), ('వ', '|'), ('ని', '|')]",0.8958333333333334,-1.0,1.0,0.9375,0.75,-1.0
teytageethi,"కలువకొలనికి పడమటిగట్టు పొన్న- । గున్నలకు తోడితెమ్మని గురుతుజెప్పి
కన్య నంపించునాటి సౌఖ్యంబు దలప । వశమటే రామరామ లావణ్యసీమ.",vupajaathi,Laavanya,"[('క', '|'), ('లు', '|'), ('వ', '|'), ('కొ', '|'), ('ల', '|'), ('ని', '|'), ('కి', '|'), ('ప', '|'), ('డ', '|'), ('మ', '|'), ('టి', '|'), ('గ', 'U'), ('ట్టు', '|'), ('పొ', 'U'), ('న్న', '|'), ('గు', 'U'), ('న్న', '|'), ('ల', '|'), ('కు', '|'), ('తో', 'U'), ('డి', '|'), ('తె', 'U'), ('మ్మ', '|'), ('ని', '|'), ('గు', '|'), ('రు', '|'), ('తు', '|'), ('జె', 'U'), ('ప్పి', '|'), ('క', 'U'), ('న్య', '|'), ('నం', 'U'), ('పిం', 'U'), ('చు', '|'), ('నా', 'U'), ('టి', '|'), ('సౌ', 'U'), ('ఖ్యం', 'U'), ('బు', '|'), ('ద', '|'), ('ల', '|'), ('ప', '|'), ('వ', '|'), ('శ', '|'), ('మ', '|'), ('టే', 'U'), ('రా', 'U'), ('మ', '|'), ('రా', 'U'), ('మ', '|'), ('లా', 'U'), ('వ', 'U'), ('ణ్య', '|'), ('సీ', 'U'), ('మ', '|')]",1.0,-1.0,1.0,1.0,1.0,-1.0
seesamu,"తమ్మిమొగ్గలు పెద్దతలుపు పెన్గుబ్బలు । గజనిమ్మపండ్లు బంగారుగుండ్లు
బరిణెకప్పులు పూలబంతులు మేల్‍రంగు । బూసిన బటువైన బొంగరాలు
కరికుంభములు వీణెకాయలు జక్కువ- । పిట్టలు మరుని చేపుట్టచెండ్లు
కొండలు యపరంజికుండలు రసగుండ్లు । కంచుగిన్నెలు భూమి గలుగునట్టి-",vupajaathi,Laavanya,"[('త', 'U'), ('మ్మి', '|'), ('మొ', 'U'), ('గ్గ', '|'), ('లు', '|'), ('పె', 'U'), ('ద్ద', '|'), ('త', '|'), ('లు', '|'), ('పు', '|'), ('పె', 'U'), ('న్గు', 'U'), ('బ్బ', '|'), ('లు', '|'), ('గ', '|'), ('జ', '|'), ('ని', 'U'), ('మ్మ', '|'), ('పం', 'U'), ('డ్లు', '|'), ('బం', 'U'), ('గా', 'U'), ('రు', '|'), ('గుం', 'U'), ('డ్లు', '|'), ('బ', '|'), ('రి', '|'), ('ణె', '|'), ('క', 'U'), ('ప్పు', '|'), ('లు', '|'), ('పూ', 'U'), ('ల', '|'), ('బం', 'U'), ('తు', '|'), ('లు', '|'), ('మే', 'U'), ('ల్రం', 'U'), ('గు', '|'), ('బూ', 'U'), ('సి', '|'), ('న', '|'), ('బ', '|'), ('టు', '|'), ('వై', 'U'), ('న', '|'), ('బొం', 'U'), ('గ', '|'), ('రా', 'U'), ('లు', '|'), ('క', '|'), ('రి', '|'), ('కుం', 'U'), ('భ', '|'), ('ము', '|'), ('లు', '|'), ('వీ', 'U'), ('ణె', '|'), ('కా', 'U'), ('య', '|'), ('లు', '|'), ('జ', 'U'), ('క్కు', '|'), ('వ', '|'), ('పి', 'U'), ('ట్ట', '|'), ('లు', '|'), ('మ', '|'), ('రు', '|'), ('ని', '|'), ('చే', 'U'), ('పు', 'U'), ('ట్ట', '|'), ('చెం', 'U'), ('డ్లు', '|'), ('కొం', 'U'), ('డ', '|'), ('లు', '|'), ('య', '|'), ('ప', '|'), ('రం', 'U'), ('జి', '|'), ('కుం', 'U'), ('డ', '|'), ('లు', '|'), ('ర', '|'), ('స', '|'), ('గుం', 'U'), ('డ్లు', '|'), ('కం', 'U'), ('చు', '|'), ('గి', 'U'), ('న్నె', '|'), ('లు', '|'), ('భూ', 'U'), ('మి', '|'), ('గ', '|'), ('లు', '|'), ('గు', '|'), ('న', 'U'), ('ట్టి', '|')]",1.0,-1.0,1.0,1.0,1.0,-1.0
teytageethi,"వెన్ని చూచిన దాని పాలిండ్లతీరు । గాన త్రిజగాన చాన నీ యాన యెంత-
కైన నేమాయ నా మందయానపైన । వలపునిక రామరామ లావణ్యసీమ.",vupajaathi,Laavanya,"[('వె', 'U'), ('న్ని', '|'), ('చూ', 'U'), ('చి', '|'), ('న', '|'), ('దా', 'U'), ('ని', '|'), ('పా', 'U'), ('లిం', 'U'), ('డ్ల', '|'), ('తీ', 'U'), ('రు', '|'), ('గా', 'U'), ('న', '|'), ('త్రి', '|'), ('జ', '|'), ('గా', 'U'), ('న', '|'), ('చా', 'U'), ('న', '|'), ('నీ', 'U'), ('యా', 'U'), ('న', '|'), ('యెం', 'U'), ('త', '|'), ('కై', 'U'), ('న', '|'), ('నే', 'U'), ('మా', 'U'), ('య', '|'), ('నా', 'U'), ('మం', 'U'), ('ద', '|'), ('యా', 'U'), ('న', '|'), ('పై', 'U'), ('న', '|'), ('వ', '|'), ('ల', '|'), ('పు', '|'), ('ని', '|'), ('క', '|'), ('రా', 'U'), ('మ', '|'), ('రా', 'U'), ('మ', '|'), ('లా', 'U'), ('వ', 'U'), ('ణ్య', '|'), ('సీ', 'U'), ('మ', '|')]",0.9166666666666666,-1.0,1.0,1.0,0.75,-1.0
seesamu,"కారంజిలో నీతకాయల మోపాని । తేలెడు పచ్చని తెప్పపల్క
పైకెంపు రాకోళ్లపట్టెమంచము దోమ- । తెరచుట్టు దివ్వెకందీలబారు
తొడిమ తీసిన రెక్క విడిమల్లెపూపాన్పు । పచ్చాకుదిండ్లు కోపైన లోడు
దనరు కుంకుమపువ్వు తక్కెంబు కీలుబొ- । మ్మలు వేయు పంఖాల చలువగాడ్పు-",vupajaathi,Laavanya,"[('కా', 'U'), ('రం', 'U'), ('జి', '|'), ('లో', 'U'), ('నీ', 'U'), ('త', '|'), ('కా', 'U'), ('య', '|'), ('ల', '|'), ('మో', 'U'), ('పా', 'U'), ('ని', '|'), ('తే', 'U'), ('లె', '|'), ('డు', '|'), ('ప', 'U'), ('చ్చ', '|'), ('ని', '|'), ('తె', 'U'), ('ప్ప', '|'), ('ప', 'U'), ('ల్క', '|'), ('పై', 'U'), ('కెం', 'U'), ('పు', '|'), ('రా', 'U'), ('కో', 'U'), ('ళ్ల', '|'), ('ప', 'U'), ('ట్టె', '|'), ('మం', 'U'), ('చ', '|'), ('ము', '|'), ('దో', 'U'), ('మ', '|'), ('తె', '|'), ('ర', '|'), ('చు', 'U'), ('ట్టు', '|'), ('ది', 'U'), ('వ్వె', '|'), ('కం', 'U'), ('దీ', 'U'), ('ల', '|'), ('బా', 'U'), ('రు', '|'), ('తొ', '|'), ('డి', '|'), ('మ', '|'), ('తీ', 'U'), ('సి', '|'), ('న', '|'), ('రె', 'U'), ('క్క', '|'), ('వి', '|'), ('డి', '|'), ('మ', 'U'), ('ల్లె', '|'), ('పూ', 'U'), ('పా', 'U'), ('న్పు', '|'), ('ప', 'U'), ('చ్చా', 'U'), ('కు', '|'), ('దిం', 'U'), ('డ్లు', '|'), ('కో', 'U'), ('పై', 'U'), ('న', '|'), ('లో', 'U'), ('డు', '|'), ('ద', '|'), ('న', '|'), ('రు', '|'), ('కుం', 'U'), ('కు', '|'), ('మ', '|'), ('పు', 'U'), ('వ్వు', '|'), ('త', 'U'), ('క్కెం', 'U'), ('బు', '|'), ('కీ', 'U'), ('లు', '|'), ('బొ', 'U'), ('మ్మ', '|'), ('లు', '|'), ('వే', 'U'), ('యు', '|'), ('పం', 'U'), ('ఖా', 'U'), ('ల', '|'), ('చ', '|'), ('లు', '|'), ('వ', '|'), ('గా', 'U'), ('డ్పు', '|')]",1.0,-1.0,1.0,1.0,1.0,-1.0
teytageethi,"లెగయ వేసవినెల బవ్వళించియున్న । వచ్చి చెయ్యాని తేనెక్కి వత్తుననుచు
బలికి నాతోడ కలసిన వగలనెన్న । వశమటే రామరామ లావణ్యసీమ.",vupajaathi,Laavanya,"[('లె', '|'), ('గ', '|'), ('య', '|'), ('వే', 'U'), ('స', '|'), ('వి', '|'), ('నె', '|'), ('ల', '|'), ('బ', 'U'), ('వ్వ', '|'), ('ళిం', 'U'), ('చి', '|'), ('యు', 'U'), ('న్న', '|'), ('వ', 'U'), ('చ్చి', '|'), ('చె', 'U'), ('య్యా', 'U'), ('ని', '|'), ('తే', 'U'), ('నె', 'U'), ('క్కి', '|'), ('వ', 'U'), ('త్తు', '|'), ('న', '|'), ('ను', '|'), ('చు', '|'), ('బ', '|'), ('లి', '|'), ('కి', '|'), ('నా', 'U'), ('తో', 'U'), ('డ', '|'), ('క', '|'), ('ల', '|'), ('సి', '|'), ('న', '|'), ('వ', '|'), ('గ', '|'), ('ల', '|'), ('నె', 'U'), ('న్న', '|'), ('వ', '|'), ('శ', '|'), ('మ', '|'), ('టే', 'U'), ('రా', 'U'), ('మ', '|'), ('రా', 'U'), ('మ', '|'), ('లా', 'U'), ('వ', 'U'), ('ణ్య', '|'), ('సీ', 'U'), ('మ', '|')]",0.9166666666666666,-1.0,1.0,1.0,0.75,-1.0
seesamu,"జాతివజ్రాల బేసరి బులాకీనత్తు । నాసాగ్రమున దుంకి నాట్యమాడ
జాజిబందులు నూగుపాటీలు కంకణ- । మ్ములు చేకటుల్ ఘలుఘలుమనంగ
జల్తారు పయ్యెద జారి దళుక్కని । బాహుమూలద్యుతుల్ పరిఢవిల్ల
తలయంట వక్షోజములు గోర నే జీర । యలగి నే జెల్ల బాగాయనౌర",vupajaathi,Laavanya,"[('జా', 'U'), ('తి', '|'), ('వ', '|'), ('జ్రా', 'U'), ('ల', '|'), ('బే', 'U'), ('స', '|'), ('రి', '|'), ('బు', '|'), ('లా', 'U'), ('కీ', 'U'), ('న', 'U'), ('త్తు', '|'), ('నా', 'U'), ('సా', 'U'), ('గ్ర', '|'), ('ము', '|'), ('న', '|'), ('దుం', 'U'), ('కి', '|'), ('నా', 'U'), ('ట్య', '|'), ('మా', 'U'), ('డ', '|'), ('జా', 'U'), ('జి', '|'), ('బం', 'U'), ('దు', '|'), ('లు', '|'), ('నూ', 'U'), ('గు', '|'), ('పా', 'U'), ('టీ', 'U'), ('లు', '|'), ('కం', 'U'), ('క', '|'), ('ణ', 'U'), ('మ్ము', '|'), ('లు', '|'), ('చే', 'U'), ('క', '|'), ('టు', 'U'), ('ల్ఘ', '|'), ('లు', '|'), ('ఘ', '|'), ('లు', '|'), ('మ', '|'), ('నం', 'U'), ('గ', '|'), ('జ', 'U'), ('ల్తా', 'U'), ('రు', '|'), ('ప', 'U'), ('య్యె', '|'), ('ద', '|'), ('జా', 'U'), ('రి', '|'), ('ద', '|'), ('ళు', 'U'), ('క్క', '|'), ('ని', '|'), ('బా', 'U'), ('హు', '|'), ('మూ', 'U'), ('ల', 'U'), ('ద్యు', '|'), ('తు', 'U'), ('ల్ప', '|'), ('రి', '|'), ('ఢ', '|'), ('వి', 'U'), ('ల్ల', '|'), ('త', '|'), ('ల', '|'), ('యం', 'U'), ('ట', '|'), ('వ', 'U'), ('క్షో', 'U'), ('జ', '|'), ('ము', '|'), ('లు', '|'), ('గో', 'U'), ('ర', '|'), ('నే', 'U'), ('జీ', 'U'), ('ర', '|'), ('య', '|'), ('ల', '|'), ('గి', '|'), ('నే', 'U'), ('జె', 'U'), ('ల్ల', '|'), ('బా', 'U'), ('గా', 'U'), ('య', '|'), ('నౌ', 'U'), ('ర', '|')]",0.9166666666666666,-1.0,1.0,1.0,0.75,-1.0
teytageethi,"సమయమెరుగని పనులివి సరసమగునె । పరులు గనుగొన్న నగరె మీ పనులటంచు
కసరి నలుగుడునాటి చక్కన దలంప । వశమటే రామరామ లావణ్యసీమ.",vupajaathi,Laavanya,"[('స', '|'), ('మ', '|'), ('య', '|'), ('మె', '|'), ('రు', '|'), ('గ', '|'), ('ని', '|'), ('ప', '|'), ('ను', '|'), ('లి', '|'), ('వి', '|'), ('స', '|'), ('ర', '|'), ('స', '|'), ('మ', '|'), ('గు', '|'), ('నె', '|'), ('ప', '|'), ('రు', '|'), ('లు', '|'), ('గ', '|'), ('ను', '|'), ('గొ', 'U'), ('న్న', '|'), ('న', '|'), ('గ', '|'), ('రె', '|'), ('మీ', 'U'), ('ప', '|'), ('ను', '|'), ('ల', '|'), ('టం', 'U'), ('చు', '|'), ('క', '|'), ('స', '|'), ('రి', '|'), ('న', '|'), ('లు', '|'), ('గు', '|'), ('డు', '|'), ('నా', 'U'), ('టి', '|'), ('చ', 'U'), ('క్క', '|'), ('న', '|'), ('ద', '|'), ('లం', 'U'), ('ప', '|'), ('వ', '|'), ('శ', '|'), ('మ', '|'), ('టే', 'U'), ('రా', 'U'), ('మ', '|'), ('రా', 'U'), ('మ', '|'), ('లా', 'U'), ('వ', 'U'), ('ణ్య', '|'), ('సీ', 'U'), ('మ', '|')]",1.0,-1.0,1.0,1.0,1.0,-1.0
seesamu,"సిగ దువ్వి సన్నసంపెగలు జుట్టెద తాళు- । డను నయోక్తుల నాదు వెనుకజేరి
కూర్చుండి వెన్నున గుబ్బచన్మొనలాన । తెలసి నెమ్మోము నే తిరిగి చూడ
నదియేమి యూరక యటుల జూచెదరన । యెరుకలేవనుకొంటివేమొ యనిన
కిలకిల నవ్వి చెక్కిలి దువ్వి మిము బోల । ననుమానపరులు లేరనుచు కురులు",vupajaathi,Laavanya,"[('సి', '|'), ('గ', '|'), ('దు', 'U'), ('వ్వి', '|'), ('స', 'U'), ('న్న', '|'), ('సం', 'U'), ('పె', '|'), ('గ', '|'), ('లు', '|'), ('జు', 'U'), ('ట్టె', '|'), ('ద', '|'), ('తా', 'U'), ('ళు', '|'), ('డ', '|'), ('ను', '|'), ('న', '|'), ('యో', 'U'), ('క్తు', '|'), ('ల', '|'), ('నా', 'U'), ('దు', '|'), ('వె', '|'), ('ను', '|'), ('క', '|'), ('జే', 'U'), ('రి', '|'), ('కూ', 'U'), ('ర్చుం', 'U'), ('డి', '|'), ('వె', 'U'), ('న్ను', '|'), ('న', '|'), ('గు', 'U'), ('బ్బ', '|'), ('చ', 'U'), ('న్మొ', '|'), ('న', '|'), ('లా', 'U'), ('న', '|'), ('తె', '|'), ('ల', '|'), ('సి', '|'), ('నె', 'U'), ('మ్మో', 'U'), ('ము', '|'), ('నే', 'U'), ('తి', '|'), ('రి', '|'), ('గి', '|'), ('చూ', 'U'), ('డ', '|'), ('న', '|'), ('ది', '|'), ('యే', 'U'), ('మి', '|'), ('యూ', 'U'), ('ర', '|'), ('క', '|'), ('య', '|'), ('టు', '|'), ('ల', '|'), ('జూ', 'U'), ('చె', '|'), ('ద', '|'), ('ర', '|'), ('న', '|'), ('యె', '|'), ('రు', '|'), ('క', '|'), ('లే', 'U'), ('వ', '|'), ('ను', '|'), ('కొం', 'U'), ('టి', '|'), ('వే', 'U'), ('మొ', '|'), ('య', '|'), ('ని', '|'), ('న', '|'), ('కి', '|'), ('ల', '|'), ('కి', '|'), ('ల', '|'), ('న', 'U'), ('వ్వి', '|'), ('చె', 'U'), ('క్కి', '|'), ('లి', '|'), ('దు', 'U'), ('వ్వి', '|'), ('మి', '|'), ('ము', '|'), ('బో', 'U'), ('ల', '|'), ('న', '|'), ('ను', '|'), ('మా', 'U'), ('న', '|'), ('ప', '|'), ('రు', '|'), ('లు', '|'), ('లే', 'U'), ('ర', '|'), ('ను', '|'), ('చు', '|'), ('కు', '|'), ('రు', '|'), ('లు', '|')]",0.9166666666666666,-1.0,1.0,1.0,0.75,-1.0
teytageethi,"రవమెరుంగాని విరిసరుల్ సవరపరిచి । లెస్సనై యున్నదింక లేలెండనుచు
నపుడు బల్కిన సొగసునెంతనుచు నోర్వ । వశమటే రామరామ లావణ్యసీమ.",vupajaathi,Laavanya,"[('ర', '|'), ('వ', '|'), ('మె', '|'), ('రుం', 'U'), ('గా', 'U'), ('ని', '|'), ('వి', '|'), ('రి', '|'), ('స', '|'), ('రు', 'U'), ('ల్స', '|'), ('వ', '|'), ('ర', '|'), ('ప', '|'), ('రి', '|'), ('చి', '|'), ('లె', 'U'), ('స్స', '|'), ('నై', 'U'), ('యు', 'U'), ('న్న', '|'), ('దిం', 'U'), ('క', '|'), ('లే', 'U'), ('లెం', 'U'), ('డ', '|'), ('ను', '|'), ('చు', '|'), ('న', '|'), ('పు', '|'), ('డు', '|'), ('బ', 'U'), ('ల్కి', '|'), ('న', '|'), ('సొ', '|'), ('గ', '|'), ('సు', '|'), ('నెం', 'U'), ('త', '|'), ('ను', '|'), ('చు', '|'), ('నో', 'U'), ('ర్వ', '|'), ('వ', '|'), ('శ', '|'), ('మ', '|'), ('టే', 'U'), ('రా', 'U'), ('మ', '|'), ('రా', 'U'), ('మ', '|'), ('లా', 'U'), ('వ', 'U'), ('ణ్య', '|'), ('సీ', 'U'), ('మ', '|')]",0.7333333333333334,-1.0,1.0,0.7,0.5,-1.0
seesamu,"కుటిలాత్మక నన్ను కౌగిట జేర్చవా యన । కుటిలత నీదు ముంగురుల గాదె
కఠినమానస నీదు కలిమెంతరా యన । కఠినత నీదు చన్గవల గాదె
చపలచిత్త యిదేటి నెపమురా యన చప- । లత నీదు వాల్చూపులందు గాదె
మందస్వభావ యేమందుర యిక నన । మందత నీ యానమందు గాదె",vupajaathi,Laavanya,"[('కు', '|'), ('టి', '|'), ('లా', 'U'), ('త్మ', '|'), ('క', '|'), ('న', 'U'), ('న్ను', '|'), ('కౌ', 'U'), ('గి', '|'), ('ట', '|'), ('జే', 'U'), ('ర్చ', '|'), ('వా', 'U'), ('య', '|'), ('న', '|'), ('కు', '|'), ('టి', '|'), ('ల', '|'), ('త', '|'), ('నీ', 'U'), ('దు', '|'), ('ముం', 'U'), ('గు', '|'), ('రు', '|'), ('ల', '|'), ('గా', 'U'), ('దె', '|'), ('క', '|'), ('ఠి', '|'), ('న', '|'), ('మా', 'U'), ('న', '|'), ('స', '|'), ('నీ', 'U'), ('దు', '|'), ('క', '|'), ('లి', '|'), ('మెం', 'U'), ('త', '|'), ('రా', 'U'), ('య', '|'), ('న', '|'), ('క', '|'), ('ఠి', '|'), ('న', '|'), ('త', '|'), ('నీ', 'U'), ('దు', '|'), ('చ', 'U'), ('న్గ', '|'), ('వ', '|'), ('ల', '|'), ('గా', 'U'), ('దె', '|'), ('చ', '|'), ('ప', '|'), ('ల', '|'), ('చి', 'U'), ('త్త', '|'), ('యి', '|'), ('దే', 'U'), ('టి', '|'), ('నె', '|'), ('ప', '|'), ('ము', '|'), ('రా', 'U'), ('య', '|'), ('న', '|'), ('చ', '|'), ('ప', '|'), ('ల', '|'), ('త', '|'), ('నీ', 'U'), ('దు', '|'), ('వా', 'U'), ('ల్చూ', 'U'), ('పు', '|'), ('లం', 'U'), ('దు', '|'), ('గా', 'U'), ('దె', '|'), ('మం', 'U'), ('ద', 'U'), ('స్వ', '|'), ('భా', 'U'), ('వ', '|'), ('యే', 'U'), ('మం', 'U'), ('దు', '|'), ('ర', '|'), ('యి', '|'), ('క', '|'), ('న', '|'), ('న', '|'), ('మం', 'U'), ('ద', '|'), ('త', '|'), ('నీ', 'U'), ('యా', 'U'), ('న', '|'), ('మం', 'U'), ('దు', '|'), ('గా', 'U'), ('దె', '|')]",0.9895833333333334,-1.0,1.0,0.96875,1.0,-1.0
teytageethi,"యనుచు నాతోడ కందువ లాడుకొనుచు । నెన్నదగు శయ్య మనమున్న వితము
తలచి చూచిన నెమ్మది తాళియుండ । వశమటే రామరామ లావణ్యసీమ.",vupajaathi,Laavanya,"[('య', '|'), ('ను', '|'), ('చు', '|'), ('నా', 'U'), ('తో', 'U'), ('డ', '|'), ('కం', 'U'), ('దు', '|'), ('వ', '|'), ('లా', 'U'), ('డు', '|'), ('కొ', '|'), ('ను', '|'), ('చు', '|'), ('నె', 'U'), ('న్న', '|'), ('ద', '|'), ('గు', '|'), ('శ', 'U'), ('య్య', '|'), ('మ', '|'), ('న', '|'), ('ము', 'U'), ('న్న', '|'), ('వి', '|'), ('త', '|'), ('ము', '|'), ('త', '|'), ('ల', '|'), ('చి', '|'), ('చూ', 'U'), ('చి', '|'), ('న', '|'), ('నె', 'U'), ('మ్మ', '|'), ('ది', '|'), ('తా', 'U'), ('ళి', '|'), ('యుం', 'U'), ('డ', '|'), ('వ', '|'), ('శ', '|'), ('మ', '|'), ('టే', 'U'), ('రా', 'U'), ('మ', '|'), ('రా', 'U'), ('మ', '|'), ('లా', 'U'), ('వ', 'U'), ('ణ్య', '|'), ('సీ', 'U'), ('మ', '|')]",0.5666666666666667,-1.0,1.0,0.7,0.0,-1.0
seesamu,"మేఘంబు చేజేత మెరయుచుండగ నిండు- । వృష్టి లేదని మిన్ను వెతుకనేల
నమృతప్రవాహంబు కధికారమిచ్చిన । నరుచికై తాంబూల మడుగనేల
పస గందమేదిన కసరితంచనువేళ । లోడీలు తెమ్మని వేడనేల
పైదుర్గముల ఠాను బందిచేసిన క్రింది- । సీమకోసము మన్వి సేయనేల",vupajaathi,Laavanya,"[('మే', 'U'), ('ఘం', 'U'), ('బు', '|'), ('చే', 'U'), ('జే', 'U'), ('త', '|'), ('మె', '|'), ('ర', '|'), ('యు', '|'), ('చుం', 'U'), ('డ', '|'), ('గ', '|'), ('నిం', 'U'), ('డు', '|'), ('వృ', 'U'), ('ష్టి', '|'), ('లే', 'U'), ('ద', '|'), ('ని', '|'), ('మి', 'U'), ('న్ను', '|'), ('వె', '|'), ('తు', '|'), ('క', '|'), ('నే', 'U'), ('ల', '|'), ('న', '|'), ('మృ', '|'), ('త', '|'), ('ప్ర', '|'), ('వా', 'U'), ('హం', 'U'), ('బు', '|'), ('క', '|'), ('ధి', '|'), ('కా', 'U'), ('ర', '|'), ('మి', 'U'), ('చ్చి', '|'), ('న', '|'), ('న', '|'), ('రు', '|'), ('చి', '|'), ('కై', 'U'), ('తాం', 'U'), ('బూ', 'U'), ('ల', '|'), ('మ', '|'), ('డు', '|'), ('గ', '|'), ('నే', 'U'), ('ల', '|'), ('ప', '|'), ('స', '|'), ('గం', 'U'), ('ద', '|'), ('మే', 'U'), ('ది', '|'), ('న', '|'), ('క', '|'), ('స', '|'), ('రి', '|'), ('తం', 'U'), ('చ', '|'), ('ను', '|'), ('వే', 'U'), ('ళ', '|'), ('లో', 'U'), ('డీ', 'U'), ('లు', '|'), ('తె', 'U'), ('మ్మ', '|'), ('ని', '|'), ('వే', 'U'), ('డ', '|'), ('నే', 'U'), ('ల', '|'), ('పై', 'U'), ('దు', 'U'), ('ర్గ', '|'), ('ము', '|'), ('ల', '|'), ('ఠా', 'U'), ('ను', '|'), ('బం', 'U'), ('ది', '|'), ('చే', 'U'), ('సి', '|'), ('న', '|'), ('క్రిం', 'U'), ('ది', '|'), ('సీ', 'U'), ('మ', '|'), ('కో', 'U'), ('స', '|'), ('ము', '|'), ('మ', 'U'), ('న్వి', '|'), ('సే', 'U'), ('య', '|'), ('నే', 'U'), ('ల', '|')]",0.9166666666666666,-1.0,1.0,1.0,0.75,-1.0
teytageethi,"యనుచు సతతము చతురత నెనసి కినిసి । పెనగి జెట్టీల లాగు సొంపొనర దనరు
సరణి దలచిన మనసు విస్మయము దలప । వశమటే రామరామ లావణ్యసీమ.",vupajaathi,Laavanya,"[('య', '|'), ('ను', '|'), ('చు', '|'), ('స', '|'), ('త', '|'), ('త', '|'), ('ము', '|'), ('చ', '|'), ('తు', '|'), ('ర', '|'), ('త', '|'), ('నె', '|'), ('న', '|'), ('సి', '|'), ('కి', '|'), ('ని', '|'), ('సి', '|'), ('పె', '|'), ('న', '|'), ('గి', '|'), ('జె', 'U'), ('ట్టీ', 'U'), ('ల', '|'), ('లా', 'U'), ('గు', '|'), ('సొం', 'U'), ('పొ', '|'), ('న', '|'), ('ర', '|'), ('ద', '|'), ('న', '|'), ('రు', '|'), ('స', '|'), ('ర', '|'), ('ణి', '|'), ('ద', '|'), ('ల', '|'), ('చి', '|'), ('న', '|'), ('మ', '|'), ('న', '|'), ('సు', '|'), ('వి', 'U'), ('స్మ', '|'), ('య', '|'), ('ము', '|'), ('ద', '|'), ('ల', '|'), ('ప', '|'), ('వ', '|'), ('శ', '|'), ('మ', '|'), ('టే', 'U'), ('రా', 'U'), ('మ', '|'), ('రా', 'U'), ('మ', '|'), ('లా', 'U'), ('వ', 'U'), ('ణ్య', '|'), ('సీ', 'U'), ('మ', '|')]",1.0,-1.0,1.0,1.0,1.0,-1.0
seesamu,"మనసెరుంగగ రాదు మాటనిల్కడ లేదు । వావివర్తన నహి వలపు సున్న
కనువిచ్చి చూడరు చనువిచ్చి కూడరు । నేస్తంబు పూజ్యము నెనరు నాస్తి
మర్యాద లెంచరు మన్నన గాంచరు । గుణముచక్కన లిల్ల గుట్టు కల్ల
కపటంబు మానరు కడువేడ్క బూనరు । సత్యమన్నను వట్టు జాలి మట్టు",vupajaathi,Laavanya,"[('మ', '|'), ('న', '|'), ('సె', '|'), ('రుం', 'U'), ('గ', '|'), ('గ', '|'), ('రా', 'U'), ('దు', '|'), ('మా', 'U'), ('ట', '|'), ('ని', 'U'), ('ల్క', '|'), ('డ', '|'), ('లే', 'U'), ('దు', '|'), ('వా', 'U'), ('వి', '|'), ('వ', 'U'), ('ర్త', '|'), ('న', '|'), ('న', '|'), ('హి', '|'), ('వ', '|'), ('ల', '|'), ('పు', '|'), ('సు', 'U'), ('న్న', '|'), ('క', '|'), ('ను', '|'), ('వి', 'U'), ('చ్చి', '|'), ('చూ', 'U'), ('డ', '|'), ('రు', '|'), ('చ', '|'), ('ను', '|'), ('వి', 'U'), ('చ్చి', '|'), ('కూ', 'U'), ('డ', '|'), ('రు', '|'), ('నే', 'U'), ('స్తం', 'U'), ('బు', '|'), ('పూ', 'U'), ('జ్య', '|'), ('ము', '|'), ('నె', '|'), ('న', '|'), ('రు', '|'), ('నా', 'U'), ('స్తి', '|'), ('మ', 'U'), ('ర్యా', 'U'), ('ద', '|'), ('లెం', 'U'), ('చ', '|'), ('రు', '|'), ('మ', 'U'), ('న్న', '|'), ('న', '|'), ('గాం', 'U'), ('చ', '|'), ('రు', '|'), ('గు', '|'), ('ణ', '|'), ('ము', '|'), ('చ', 'U'), ('క్క', '|'), ('న', '|'), ('లి', 'U'), ('ల్ల', '|'), ('గు', 'U'), ('ట్టు', '|'), ('క', 'U'), ('ల్ల', '|'), ('క', '|'), ('ప', '|'), ('టం', 'U'), ('బు', '|'), ('మా', 'U'), ('న', '|'), ('రు', '|'), ('క', '|'), ('డు', '|'), ('వే', 'U'), ('డ్క', '|'), ('బూ', 'U'), ('న', '|'), ('రు', '|'), ('స', 'U'), ('త్య', '|'), ('మ', 'U'), ('న్న', '|'), ('ను', '|'), ('వ', 'U'), ('ట్టు', '|'), ('జా', 'U'), ('లి', '|'), ('మ', 'U'), ('ట్టు', '|')]",1.0,-1.0,1.0,1.0,1.0,-1.0
teytageethi,"సాహసము మెండు మిక్కిలి చలము నిండు । నంగిట విసంబు మున్నాల్కెనందు తియ్య-
దనము గదె చేడియల మంచితనమ్ము । వశమటే రామరామ లావణ్యసీమ.",vupajaathi,Laavanya,"[('సా', 'U'), ('హ', '|'), ('స', '|'), ('ము', '|'), ('మెం', 'U'), ('డు', '|'), ('మి', 'U'), ('క్కి', '|'), ('లి', '|'), ('చ', '|'), ('ల', '|'), ('ము', '|'), ('నిం', 'U'), ('డు', '|'), ('నం', 'U'), ('గి', '|'), ('ట', '|'), ('వి', '|'), ('సం', 'U'), ('బు', '|'), ('ము', 'U'), ('న్నా', 'U'), ('ల్కె', '|'), ('నం', 'U'), ('దు', '|'), ('తి', 'U'), ('య్య', '|'), ('ద', '|'), ('న', '|'), ('ము', '|'), ('గ', '|'), ('దె', '|'), ('చే', 'U'), ('డి', '|'), ('య', '|'), ('ల', '|'), ('మం', 'U'), ('చి', '|'), ('త', '|'), ('న', 'U'), ('మ్ము', '|'), ('వ', '|'), ('శ', '|'), ('మ', '|'), ('టే', 'U'), ('రా', 'U'), ('మ', '|'), ('రా', 'U'), ('మ', '|'), ('లా', 'U'), ('వ', 'U'), ('ణ్య', '|'), ('సీ', 'U'), ('మ', '|')]",0.85,-1.0,1.0,0.8,0.75,-1.0
seesamu,"మొగమోటమెంచరు నగుబాటు గాంచరు । తరుచు వినయము ధూర్తతలు మెండు
కలిమి వరింతురు చలము సాధింతురు । కంటికెంతటివారు గడన గారు
హాని నెన్నగ జూడ రపకీర్తి కోడరు । ప్రాణము తృణవత్తు భక్తి వేదు
వలపుల నొందింతు రలపు చెందింతురు । తాల్మి తక్కువ బేలతనము పెక్కు",vupajaathi,Laavanya,"[('మొ', '|'), ('గ', '|'), ('మో', 'U'), ('ట', '|'), ('మెం', 'U'), ('చ', '|'), ('రు', '|'), ('న', '|'), ('గు', '|'), ('బా', 'U'), ('టు', '|'), ('గాం', 'U'), ('చ', '|'), ('రు', '|'), ('త', '|'), ('రు', '|'), ('చు', '|'), ('వి', '|'), ('న', '|'), ('య', '|'), ('ము', '|'), ('ధూ', 'U'), ('ర్త', '|'), ('త', '|'), ('లు', '|'), ('మెం', 'U'), ('డు', '|'), ('క', '|'), ('లి', '|'), ('మి', '|'), ('వ', '|'), ('రిం', 'U'), ('తు', '|'), ('రు', '|'), ('చ', '|'), ('ల', '|'), ('ము', '|'), ('సా', 'U'), ('ధిం', 'U'), ('తు', '|'), ('రు', '|'), ('కం', 'U'), ('టి', '|'), ('కెం', 'U'), ('త', '|'), ('టి', '|'), ('వా', 'U'), ('రు', '|'), ('గ', '|'), ('డ', '|'), ('న', '|'), ('గా', 'U'), ('రు', '|'), ('హా', 'U'), ('ని', '|'), ('నె', 'U'), ('న్న', '|'), ('గ', '|'), ('జూ', 'U'), ('డ', '|'), ('ర', '|'), ('ప', '|'), ('కీ', 'U'), ('ర్తి', '|'), ('కో', 'U'), ('డ', '|'), ('రు', '|'), ('ప్రా', 'U'), ('ణ', '|'), ('ము', '|'), ('తృ', '|'), ('ణ', '|'), ('వ', 'U'), ('త్తు', '|'), ('భ', 'U'), ('క్తి', '|'), ('వే', 'U'), ('దు', '|'), ('వ', '|'), ('ల', '|'), ('పు', '|'), ('ల', '|'), ('నొం', 'U'), ('దిం', 'U'), ('తు', '|'), ('ర', '|'), ('ల', '|'), ('పు', '|'), ('చెం', 'U'), ('దిం', 'U'), ('తు', '|'), ('రు', '|'), ('తా', 'U'), ('ల్మి', '|'), ('త', 'U'), ('క్కు', '|'), ('వ', '|'), ('బే', 'U'), ('ల', '|'), ('త', '|'), ('న', '|'), ('ము', '|'), ('పె', 'U'), ('క్కు', '|')]",0.9583333333333334,-1.0,1.0,1.0,0.875,-1.0
teytageethi,"పాదములు ముట్టి గండదీపంబు తట్టి । చేత చెయి పెట్టి యాకున శిరము గొట్టి
బాస చేసిన స్త్రీల భావంబు నమ్మ । వచ్చునటె రామరామ లావణ్యసీమ.",vupajaathi,Laavanya,"[('పా', 'U'), ('ద', '|'), ('ము', '|'), ('లు', '|'), ('ము', 'U'), ('ట్టి', '|'), ('గం', 'U'), ('డ', '|'), ('దీ', 'U'), ('పం', 'U'), ('బు', '|'), ('త', 'U'), ('ట్టి', '|'), ('చే', 'U'), ('త', '|'), ('చె', '|'), ('యి', '|'), ('పె', 'U'), ('ట్టి', '|'), ('యా', 'U'), ('కు', '|'), ('న', '|'), ('శి', '|'), ('ర', '|'), ('ము', '|'), ('గొ', 'U'), ('ట్టి', '|'), ('బా', 'U'), ('స', '|'), ('చే', 'U'), ('సి', '|'), ('న', 'U'), ('స్త్రీ', 'U'), ('ల', '|'), ('భా', 'U'), ('వం', 'U'), ('బు', '|'), ('న', 'U'), ('మ్మ', '|'), ('వ', 'U'), ('చ్చు', '|'), ('న', '|'), ('టె', '|'), ('రా', 'U'), ('మ', '|'), ('రా', 'U'), ('మ', '|'), ('లా', 'U'), ('వ', 'U'), ('ణ్య', '|'), ('సీ', 'U'), ('మ', '|')]",0.9166666666666666,-1.0,1.0,1.0,0.75,-1.0
seesamu,"కాలమృత్యువునైన కడకు ద్రోయగవచ్చు । పురవైరితోనైన బోరవచ్చు
గరళంబు మెక్కి నిగ్రహశక్తి గనవచ్చు । నల దవానలము చేనంటవచ్చు
మసకాడు తాచుల విసరి రాళ్లిడవచ్చు । కాలాంతకుని యాజ్ఞ గడవవచ్చు
తనువు గోయగ మది తాళి యుండగవచ్చు । పైమాట లొకలక్ష బలుకవచ్చు",vupajaathi,Laavanya,"[('కా', 'U'), ('ల', '|'), ('మృ', 'U'), ('త్యు', '|'), ('వు', '|'), ('నై', 'U'), ('న', '|'), ('క', '|'), ('డ', '|'), ('కు', '|'), ('ద్రో', 'U'), ('య', '|'), ('గ', '|'), ('వ', 'U'), ('చ్చు', '|'), ('పు', '|'), ('ర', '|'), ('వై', 'U'), ('రి', '|'), ('తో', 'U'), ('నై', 'U'), ('న', '|'), ('బో', 'U'), ('ర', '|'), ('వ', 'U'), ('చ్చు', '|'), ('గ', '|'), ('ర', '|'), ('ళం', 'U'), ('బు', '|'), ('మె', 'U'), ('క్కి', '|'), ('ని', '|'), ('గ్ర', '|'), ('హ', '|'), ('శ', 'U'), ('క్తి', '|'), ('గ', '|'), ('న', '|'), ('వ', 'U'), ('చ్చు', '|'), ('న', '|'), ('ల', '|'), ('ద', '|'), ('వా', 'U'), ('న', '|'), ('ల', '|'), ('ము', '|'), ('చే', 'U'), ('నం', 'U'), ('ట', '|'), ('వ', 'U'), ('చ్చు', '|'), ('మ', '|'), ('స', '|'), ('కా', 'U'), ('డు', '|'), ('తా', 'U'), ('చు', '|'), ('ల', '|'), ('వి', '|'), ('స', '|'), ('రి', '|'), ('రా', 'U'), ('ళ్లి', '|'), ('డ', '|'), ('వ', 'U'), ('చ్చు', '|'), ('కా', 'U'), ('లాం', 'U'), ('త', '|'), ('కు', '|'), ('ని', '|'), ('యా', 'U'), ('జ్ఞ', '|'), ('గ', '|'), ('డ', '|'), ('వ', '|'), ('వ', 'U'), ('చ్చు', '|'), ('త', '|'), ('ను', '|'), ('వు', '|'), ('గో', 'U'), ('య', '|'), ('గ', '|'), ('మ', '|'), ('ది', '|'), ('తా', 'U'), ('ళి', '|'), ('యుం', 'U'), ('డ', '|'), ('గ', '|'), ('వ', 'U'), ('చ్చు', '|'), ('పై', 'U'), ('మా', 'U'), ('ట', '|'), ('లొ', '|'), ('క', '|'), ('ల', 'U'), ('క్ష', '|'), ('బ', '|'), ('లు', '|'), ('క', '|'), ('వ', 'U'), ('చ్చు', '|')]",1.0,-1.0,1.0,1.0,1.0,-1.0
teytageethi,"నబ్జభవునకునైన నయాన వారి । వలపు గొలిపెడి బెళుకుచూపులను వేడి
తూపులకు వాసి చిత్తంబుతో సహింప । వశమటే రామరామ లావణ్యసీమ.",vupajaathi,Laavanya,"[('న', 'U'), ('బ్జ', '|'), ('భ', '|'), ('వు', '|'), ('న', '|'), ('కు', '|'), ('నై', 'U'), ('న', '|'), ('న', '|'), ('యా', 'U'), ('న', '|'), ('వా', 'U'), ('రి', '|'), ('వ', '|'), ('ల', '|'), ('పు', '|'), ('గొ', '|'), ('లి', '|'), ('పె', '|'), ('డి', '|'), ('బె', '|'), ('ళు', '|'), ('కు', '|'), ('చూ', 'U'), ('పు', '|'), ('ల', '|'), ('ను', '|'), ('వే', 'U'), ('డి', '|'), ('తూ', 'U'), ('పు', '|'), ('ల', '|'), ('కు', '|'), ('వా', 'U'), ('సి', '|'), ('చి', 'U'), ('త్తం', 'U'), ('బు', '|'), ('తో', 'U'), ('స', '|'), ('హిం', 'U'), ('ప', '|'), ('వ', '|'), ('శ', '|'), ('మ', '|'), ('టే', 'U'), ('రా', 'U'), ('మ', '|'), ('రా', 'U'), ('మ', '|'), ('లా', 'U'), ('వ', 'U'), ('ణ్య', '|'), ('సీ', 'U'), ('మ', '|')]",0.9166666666666666,-1.0,1.0,1.0,0.75,-1.0
seesamu,"మగవారి మాట బూరగపంటి తేటద్ద- । మున గానబడు పైడిమూట దూర-
మగు కొండనున్పు లేనుగదిన్న వెలగకా- । యలు మబ్బులో తళుక్కనెడి మెరుపు
మిద్దెపై పరుగులు మీసాలపై తేనె । పొగ ముల్లెగట్టిన పోల్కె తేట-
నీటిలో జాబిల్లినీడ లేగిన యెండ- । మావులు రతివేళ మరులు సతుల",vupajaathi,Laavanya,"[('మ', '|'), ('గ', '|'), ('వా', 'U'), ('రి', '|'), ('మా', 'U'), ('ట', '|'), ('బూ', 'U'), ('ర', '|'), ('గ', '|'), ('పం', 'U'), ('టి', '|'), ('తే', 'U'), ('ట', 'U'), ('ద్ద', '|'), ('ము', '|'), ('న', '|'), ('గా', 'U'), ('న', '|'), ('బ', '|'), ('డు', '|'), ('పై', 'U'), ('డి', '|'), ('మూ', 'U'), ('ట', '|'), ('దూ', 'U'), ('ర', '|'), ('మ', '|'), ('గు', '|'), ('కొం', 'U'), ('డ', '|'), ('ను', 'U'), ('న్పు', '|'), ('లే', 'U'), ('ను', '|'), ('గ', '|'), ('ది', 'U'), ('న్న', '|'), ('వె', '|'), ('ల', '|'), ('గ', '|'), ('కా', 'U'), ('య', '|'), ('లు', '|'), ('మ', 'U'), ('బ్బు', '|'), ('లో', 'U'), ('త', '|'), ('ళు', 'U'), ('క్క', '|'), ('నె', '|'), ('డి', '|'), ('మె', '|'), ('రు', '|'), ('పు', '|'), ('మి', 'U'), ('ద్దె', '|'), ('పై', 'U'), ('ప', '|'), ('రు', '|'), ('గు', '|'), ('లు', '|'), ('మీ', 'U'), ('సా', 'U'), ('ల', '|'), ('పై', 'U'), ('తే', 'U'), ('నె', '|'), ('పొ', '|'), ('గ', '|'), ('ము', 'U'), ('ల్లె', '|'), ('గ', 'U'), ('ట్టి', '|'), ('న', '|'), ('పో', 'U'), ('ల్కె', '|'), ('తే', 'U'), ('ట', '|'), ('నీ', 'U'), ('టి', '|'), ('లో', 'U'), ('జా', 'U'), ('బి', 'U'), ('ల్లి', '|'), ('నీ', 'U'), ('డ', '|'), ('లే', 'U'), ('గి', '|'), ('న', '|'), ('యెం', 'U'), ('డ', '|'), ('మా', 'U'), ('వు', '|'), ('లు', '|'), ('ర', '|'), ('తి', '|'), ('వే', 'U'), ('ళ', '|'), ('మ', '|'), ('రు', '|'), ('లు', '|'), ('స', '|'), ('తు', '|'), ('ల', '|')]",0.9583333333333334,-1.0,1.0,1.0,0.875,-1.0
teytageethi,"వద్దనున్నంతసేపె యావలనె బోతె- । నెంత కఠినంబు పురుషుల హితము నమ్మ-
వచ్చునా యని పల్కు నీ వగ దలంప । వశమటే రామరామ లావణ్యసీమ.",vupajaathi,Laavanya,"[('వ', 'U'), ('ద్ద', '|'), ('ను', 'U'), ('న్నం', 'U'), ('త', '|'), ('సే', 'U'), ('పె', '|'), ('యా', 'U'), ('వ', '|'), ('ల', '|'), ('నె', '|'), ('బో', 'U'), ('తె', '|'), ('నెం', 'U'), ('త', '|'), ('క', '|'), ('ఠి', '|'), ('నం', 'U'), ('బు', '|'), ('పు', '|'), ('రు', '|'), ('షు', '|'), ('ల', '|'), ('హి', '|'), ('త', '|'), ('ము', '|'), ('న', 'U'), ('మ్మ', '|'), ('వ', 'U'), ('చ్చు', '|'), ('నా', 'U'), ('య', '|'), ('ని', '|'), ('ప', 'U'), ('ల్కు', '|'), ('నీ', 'U'), ('వ', '|'), ('గ', '|'), ('ద', '|'), ('లం', 'U'), ('ప', '|'), ('వ', '|'), ('శ', '|'), ('మ', '|'), ('టే', 'U'), ('రా', 'U'), ('మ', '|'), ('రా', 'U'), ('మ', '|'), ('లా', 'U'), ('వ', 'U'), ('ణ్య', '|'), ('సీ', 'U'), ('మ', '|')]",0.9166666666666666,-1.0,1.0,1.0,0.75,-1.0
seesamu,"హరిహరి పగవారికైన నావలెను మి- । క్కటమైన మోహంబు గలుగరాదు
కలిగెబో బహుసలక్షణరూపవతులైన । చెలులతో నతిచెల్మి సేయరాదు
చేసెబో నొకవేళ చెంగట లేకున్న- । నందుమీదట జాళి జెందరాదు
జెందెబో మరుని గాసిక ధైర్యమున క్రింద- । బడి తాళలేనంచు బల్కరాదు",vupajaathi,Laavanya,"[('హ', '|'), ('రి', '|'), ('హ', '|'), ('రి', '|'), ('ప', '|'), ('గ', '|'), ('వా', 'U'), ('రి', '|'), ('కై', 'U'), ('న', '|'), ('నా', 'U'), ('వ', '|'), ('లె', '|'), ('ను', '|'), ('మి', 'U'), ('క్క', '|'), ('ట', '|'), ('మై', 'U'), ('న', '|'), ('మో', 'U'), ('హం', 'U'), ('బు', '|'), ('గ', '|'), ('లు', '|'), ('గ', '|'), ('రా', 'U'), ('దు', '|'), ('క', '|'), ('లి', '|'), ('గె', '|'), ('బో', 'U'), ('బ', '|'), ('హు', '|'), ('స', '|'), ('ల', 'U'), ('క్ష', '|'), ('ణ', '|'), ('రూ', 'U'), ('ప', '|'), ('వ', '|'), ('తు', '|'), ('లై', 'U'), ('న', '|'), ('చె', '|'), ('లు', '|'), ('ల', '|'), ('తో', 'U'), ('న', '|'), ('తి', '|'), ('చె', 'U'), ('ల్మి', '|'), ('సే', 'U'), ('య', '|'), ('రా', 'U'), ('దు', '|'), ('చే', 'U'), ('సె', '|'), ('బో', 'U'), ('నొ', '|'), ('క', '|'), ('వే', 'U'), ('ళ', '|'), ('చెం', 'U'), ('గ', '|'), ('ట', '|'), ('లే', 'U'), ('కు', 'U'), ('న్న', '|'), ('నం', 'U'), ('దు', '|'), ('మీ', 'U'), ('ద', '|'), ('ట', '|'), ('జా', 'U'), ('ళి', '|'), ('జెం', 'U'), ('ద', '|'), ('రా', 'U'), ('దు', '|'), ('జెం', 'U'), ('దె', '|'), ('బో', 'U'), ('మ', '|'), ('రు', '|'), ('ని', '|'), ('గా', 'U'), ('సి', '|'), ('క', '|'), ('ధై', 'U'), ('ర్య', '|'), ('ము', '|'), ('న', '|'), ('క్రిం', 'U'), ('ద', '|'), ('బ', '|'), ('డి', '|'), ('తా', 'U'), ('ళ', '|'), ('లే', 'U'), ('నం', 'U'), ('చు', '|'), ('బ', 'U'), ('ల్క', '|'), ('రా', 'U'), ('దు', '|')]",0.9583333333333334,-1.0,1.0,1.0,0.875,-1.0
teytageethi,"బల్కినట్లైతె మగవారి పరువు గాదు । పరువు కని యూరకుండిన మరుపు రాదు
మరిచెదనటన్న యింక నీ మహిమలెన్న । వశమటే రామరామ లావణ్యసీమ.",vupajaathi,Laavanya,"[('బ', 'U'), ('ల్కి', '|'), ('న', 'U'), ('ట్లై', 'U'), ('తె', '|'), ('మ', '|'), ('గ', '|'), ('వా', 'U'), ('రి', '|'), ('ప', '|'), ('రు', '|'), ('వు', '|'), ('గా', 'U'), ('దు', '|'), ('ప', '|'), ('రు', '|'), ('వు', '|'), ('క', '|'), ('ని', '|'), ('యూ', 'U'), ('ర', '|'), ('కుం', 'U'), ('డి', '|'), ('న', '|'), ('మ', '|'), ('రు', '|'), ('పు', '|'), ('రా', 'U'), ('దు', '|'), ('మ', '|'), ('రి', '|'), ('చె', '|'), ('ద', '|'), ('న', '|'), ('ట', 'U'), ('న్న', '|'), ('యిం', 'U'), ('క', '|'), ('నీ', 'U'), ('మ', '|'), ('హి', '|'), ('మ', '|'), ('లె', 'U'), ('న్న', '|'), ('వ', '|'), ('శ', '|'), ('మ', '|'), ('టే', 'U'), ('రా', 'U'), ('మ', '|'), ('రా', 'U'), ('మ', '|'), ('లా', 'U'), ('వ', 'U'), ('ణ్య', '|'), ('సీ', 'U'), ('మ', '|')]",1.0,-1.0,1.0,1.0,1.0,-1.0
seesamu,"వనజాస్య నీదు పావడనైన గానైతి- । నరసి పెందొడలపై నొరయుచుందు
శుకవాణి నీదు కంచుకమైన గానైతి । నుదుట గుబ్బలమీద గదిసియుందు
రమణి నీ నత్తుముత్యమునైన గానైతి- । ననుదినంబును మోవి యానుచుందు
మదిరాక్షి నీకు పయ్యెదనైన గానైతి । కడువేడ్క మేనెల్ల గప్పియుందు",vupajaathi,Laavanya,"[('వ', '|'), ('న', '|'), ('జా', 'U'), ('స్య', '|'), ('నీ', 'U'), ('దు', '|'), ('పా', 'U'), ('వ', '|'), ('డ', '|'), ('నై', 'U'), ('న', '|'), ('గా', 'U'), ('నై', 'U'), ('తి', '|'), ('న', '|'), ('ర', '|'), ('సి', '|'), ('పెం', 'U'), ('దొ', '|'), ('డ', '|'), ('ల', '|'), ('పై', 'U'), ('నొ', '|'), ('ర', '|'), ('యు', '|'), ('చుం', 'U'), ('దు', '|'), ('శు', '|'), ('క', '|'), ('వా', 'U'), ('ణి', '|'), ('నీ', 'U'), ('దు', '|'), ('కం', 'U'), ('చు', '|'), ('క', '|'), ('మై', 'U'), ('న', '|'), ('గా', 'U'), ('నై', 'U'), ('తి', '|'), ('ను', '|'), ('దు', '|'), ('ట', '|'), ('గు', 'U'), ('బ్బ', '|'), ('ల', '|'), ('మీ', 'U'), ('ద', '|'), ('గ', '|'), ('ది', '|'), ('సి', '|'), ('యుం', 'U'), ('దు', '|'), ('ర', '|'), ('మ', '|'), ('ణి', '|'), ('నీ', 'U'), ('న', 'U'), ('త్తు', '|'), ('ము', 'U'), ('త్య', '|'), ('ము', '|'), ('నై', 'U'), ('న', '|'), ('గా', 'U'), ('నై', 'U'), ('తి', '|'), ('న', '|'), ('ను', '|'), ('ది', '|'), ('నం', 'U'), ('బు', '|'), ('ను', '|'), ('మో', 'U'), ('వి', '|'), ('యా', 'U'), ('ను', '|'), ('చుం', 'U'), ('దు', '|'), ('మ', '|'), ('ది', '|'), ('రా', 'U'), ('క్షి', '|'), ('నీ', 'U'), ('కు', '|'), ('ప', 'U'), ('య్యె', '|'), ('ద', '|'), ('నై', 'U'), ('న', '|'), ('గా', 'U'), ('నై', 'U'), ('తి', '|'), ('క', '|'), ('డు', '|'), ('వే', 'U'), ('డ్క', '|'), ('మే', 'U'), ('నె', 'U'), ('ల్ల', '|'), ('గ', 'U'), ('ప్పి', '|'), ('యుం', 'U'), ('దు', '|')]",0.9583333333333334,-1.0,1.0,1.0,0.875,-1.0
teytageethi,"పాతకుండగు ధాత యీ పగిది బురుష- । జన్మముగ జేసె వ్యర్థపు చలము బూని
వసుధ నిటువలె నే మొగవారికైన । వలదిటులు రామరామ లావణ్యసీమ.",vupajaathi,Laavanya,"[('పా', 'U'), ('త', '|'), ('కుం', 'U'), ('డ', '|'), ('గు', '|'), ('ధా', 'U'), ('త', '|'), ('యీ', 'U'), ('ప', '|'), ('గి', '|'), ('ది', '|'), ('బు', '|'), ('రు', '|'), ('ష', '|'), ('జ', 'U'), ('న్మ', '|'), ('ము', '|'), ('గ', '|'), ('జే', 'U'), ('సె', 'U'), ('వ్య', 'U'), ('ర్థ', '|'), ('పు', '|'), ('చ', '|'), ('ల', '|'), ('ము', '|'), ('బూ', 'U'), ('ని', '|'), ('వ', '|'), ('సు', '|'), ('ధ', '|'), ('ని', '|'), ('టు', '|'), ('వ', '|'), ('లె', '|'), ('నే', 'U'), ('మొ', '|'), ('గ', '|'), ('వా', 'U'), ('రి', '|'), ('కై', 'U'), ('న', '|'), ('వ', '|'), ('ల', '|'), ('ది', '|'), ('టు', '|'), ('లు', '|'), ('రా', 'U'), ('మ', '|'), ('రా', 'U'), ('మ', '|'), ('లా', 'U'), ('వ', 'U'), ('ణ్య', '|'), ('సీ', 'U'), ('మ', '|')]",0.9833333333333334,-1.0,1.0,0.95,1.0,-1.0
seesamu,"కమలారి కృష్ణపాడ్యమిరేయి రాగ తూ- । ర్పున నాకసము బర్వు పోలికనగ
నమర వసంతకాలమునందు వికసించు । తీగెపన్నీరుపూదీప్తి యనగ
శుకవాహనునకు సేవకులు వేయు నుడాయి । పావడ చెంగావి భాతి యనగ
మదనుని రాణి సీమంతవీధిని నంటి । వగగాంచు సిందూరవర్ణమనగ",vupajaathi,Laavanya,"[('క', '|'), ('మ', '|'), ('లా', 'U'), ('రి', '|'), ('కృ', 'U'), ('ష్ణ', '|'), ('పా', 'U'), ('డ్య', '|'), ('మి', '|'), ('రే', 'U'), ('యి', '|'), ('రా', 'U'), ('గ', '|'), ('తూ', 'U'), ('ర్పు', '|'), ('న', '|'), ('నా', 'U'), ('క', '|'), ('స', '|'), ('ము', '|'), ('బ', 'U'), ('ర్వు', '|'), ('పో', 'U'), ('లి', '|'), ('క', '|'), ('న', '|'), ('గ', '|'), ('న', '|'), ('మ', '|'), ('ర', '|'), ('వ', '|'), ('సం', 'U'), ('త', '|'), ('కా', 'U'), ('ల', '|'), ('ము', '|'), ('నం', 'U'), ('దు', '|'), ('వి', '|'), ('క', '|'), ('సిం', 'U'), ('చు', '|'), ('తీ', 'U'), ('గె', '|'), ('ప', 'U'), ('న్నీ', 'U'), ('రు', '|'), ('పూ', 'U'), ('దీ', 'U'), ('ప్తి', '|'), ('య', '|'), ('న', '|'), ('గ', '|'), ('శు', '|'), ('క', '|'), ('వా', 'U'), ('హ', '|'), ('ను', '|'), ('న', '|'), ('కు', '|'), ('సే', 'U'), ('వ', '|'), ('కు', '|'), ('లు', '|'), ('వే', 'U'), ('యు', '|'), ('ను', '|'), ('డా', 'U'), ('యి', '|'), ('పా', 'U'), ('వ', '|'), ('డ', '|'), ('చెం', 'U'), ('గా', 'U'), ('వి', '|'), ('భా', 'U'), ('తి', '|'), ('య', '|'), ('న', '|'), ('గ', '|'), ('మ', '|'), ('ద', '|'), ('ను', '|'), ('ని', '|'), ('రా', 'U'), ('ణి', '|'), ('సీ', 'U'), ('మం', 'U'), ('త', '|'), ('వీ', 'U'), ('ధి', '|'), ('ని', '|'), ('నం', 'U'), ('టి', '|'), ('వ', '|'), ('గ', '|'), ('గాం', 'U'), ('చు', '|'), ('సిం', 'U'), ('దూ', 'U'), ('ర', '|'), ('వ', 'U'), ('ర్ణ', '|'), ('మ', '|'), ('న', '|'), ('గ', '|')]",1.0,-1.0,1.0,1.0,1.0,-1.0
teytageethi,"కుందనపుపళ్లెమున తోటకూరవిత్తు- । లెండ నెరపిన పై పిల్లలేడి పదము-
నిడిన గతి దోచు నీ మరునిల్లు దలప । వశమటే రామరామ లావణ్యసీమ.",vupajaathi,Laavanya,"[('కుం', 'U'), ('ద', '|'), ('న', '|'), ('పు', '|'), ('ప', 'U'), ('ళ్లె', '|'), ('ము', '|'), ('న', '|'), ('తో', 'U'), ('ట', '|'), ('కూ', 'U'), ('ర', '|'), ('వి', 'U'), ('త్తు', '|'), ('లెం', 'U'), ('డ', '|'), ('నె', '|'), ('ర', '|'), ('పి', '|'), ('న', '|'), ('పై', 'U'), ('పి', 'U'), ('ల్ల', '|'), ('లే', 'U'), ('డి', '|'), ('ప', '|'), ('ద', '|'), ('ము', '|'), ('ని', '|'), ('డి', '|'), ('న', '|'), ('గ', '|'), ('తి', '|'), ('దో', 'U'), ('చు', '|'), ('నీ', 'U'), ('మ', '|'), ('రు', '|'), ('ని', 'U'), ('ల్లు', '|'), ('ద', '|'), ('ల', '|'), ('ప', '|'), ('వ', '|'), ('శ', '|'), ('మ', '|'), ('టే', 'U'), ('రా', 'U'), ('మ', '|'), ('రా', 'U'), ('మ', '|'), ('లా', 'U'), ('వ', 'U'), ('ణ్య', '|'), ('సీ', 'U'), ('మ', '|')]",1.0,-1.0,1.0,1.0,1.0,-1.0
seesamu,"ధనువు చేబూని చివ్వున వంచి లాగి ప- । ట్టిన దోచు మొగ్గ వాలిన విధంబు
దండెంబులకు రొమ్ముతట్టి మ్రొగ్గగ దోచు । ధేనుకాబంధంబు పూను కరణి
బిరుదుజెట్టీలతో పెనగొను తరి దోచు । నురగబంధము సేయుచున్న పగిది
మేలౌ కడాని లోడీలు ద్రిప్పగ దోచు । పడతి నీ యుదుటు పెందొడల సొగసు",vupajaathi,Laavanya,"[('ధ', '|'), ('ను', '|'), ('వు', '|'), ('చే', 'U'), ('బూ', 'U'), ('ని', '|'), ('చి', 'U'), ('వ్వు', '|'), ('న', '|'), ('వం', 'U'), ('చి', '|'), ('లా', 'U'), ('గి', '|'), ('ప', 'U'), ('ట్టి', '|'), ('న', '|'), ('దో', 'U'), ('చు', '|'), ('మొ', 'U'), ('గ్గ', '|'), ('వా', 'U'), ('లి', '|'), ('న', '|'), ('వి', '|'), ('ధం', 'U'), ('బు', '|'), ('దం', 'U'), ('డెం', 'U'), ('బు', '|'), ('ల', '|'), ('కు', '|'), ('రొ', 'U'), ('మ్ము', '|'), ('త', 'U'), ('ట్టి', '|'), ('మ్రొ', 'U'), ('గ్గ', '|'), ('గ', '|'), ('దో', 'U'), ('చు', '|'), ('ధే', 'U'), ('ను', '|'), ('కా', 'U'), ('బం', 'U'), ('ధం', 'U'), ('బు', '|'), ('పూ', 'U'), ('ను', '|'), ('క', '|'), ('ర', '|'), ('ణి', '|'), ('బి', '|'), ('రు', '|'), ('దు', '|'), ('జె', 'U'), ('ట్టీ', 'U'), ('ల', '|'), ('తో', 'U'), ('పె', '|'), ('న', '|'), ('గొ', '|'), ('ను', '|'), ('త', '|'), ('రి', '|'), ('దో', 'U'), ('చు', '|'), ('ను', '|'), ('ర', '|'), ('గ', '|'), ('బం', 'U'), ('ధ', '|'), ('ము', '|'), ('సే', 'U'), ('యు', '|'), ('చు', 'U'), ('న్న', '|'), ('ప', '|'), ('గి', '|'), ('ది', '|'), ('మే', 'U'), ('లౌ', 'U'), ('క', '|'), ('డా', 'U'), ('ని', '|'), ('లో', 'U'), ('డీ', 'U'), ('లు', '|'), ('ద్రి', 'U'), ('ప్ప', '|'), ('గ', '|'), ('దో', 'U'), ('చు', '|'), ('ప', '|'), ('డ', '|'), ('తి', '|'), ('నీ', 'U'), ('యు', '|'), ('దు', '|'), ('టు', '|'), ('పెం', 'U'), ('దొ', '|'), ('డ', '|'), ('ల', '|'), ('సొ', '|'), ('గ', '|'), ('సు', '|')]",0.9583333333333334,-1.0,1.0,1.0,0.875,-1.0
teytageethi,"కలికి నీ తీరు కన్నుల గట్టినట్టు । గానబడుచుండు వలరాజుగరడి కెనయ
నున్ను మించిన వనిత నేనెందు గందు । వసుధనిక రామరామ లావణ్యసీమ.",vupajaathi,Laavanya,"[('క', '|'), ('లి', '|'), ('కి', '|'), ('నీ', 'U'), ('తీ', 'U'), ('రు', '|'), ('క', 'U'), ('న్ను', '|'), ('ల', '|'), ('గ', 'U'), ('ట్టి', '|'), ('న', 'U'), ('ట్టు', '|'), ('గా', 'U'), ('న', '|'), ('బ', '|'), ('డు', '|'), ('చుం', 'U'), ('డు', '|'), ('వ', '|'), ('ల', '|'), ('రా', 'U'), ('జు', '|'), ('గ', '|'), ('ర', '|'), ('డి', '|'), ('కె', '|'), ('న', '|'), ('య', '|'), ('ను', 'U'), ('న్ను', '|'), ('మిం', 'U'), ('చి', '|'), ('న', '|'), ('వ', '|'), ('ని', '|'), ('త', '|'), ('నే', 'U'), ('నెం', 'U'), ('దు', '|'), ('గం', 'U'), ('దు', '|'), ('వ', '|'), ('సు', '|'), ('ధ', '|'), ('ని', '|'), ('క', '|'), ('రా', 'U'), ('మ', '|'), ('రా', 'U'), ('మ', '|'), ('లా', 'U'), ('వ', 'U'), ('ణ్య', '|'), ('సీ', 'U'), ('మ', '|')]",0.9166666666666666,-1.0,1.0,1.0,0.75,-1.0
seesamu,"సన్నపు వల్వతో జతనున్న మరునింట । నికటంబు పొడగన్న నీటుదోచు
భుజియించి యమ్మెతాంబూలంబు సేయుచో । నరచూలుగానున్న హౌసు దోచు
రతిరాజశాస్త్రసమ్మతి మీర నెనయుచో । నల రంభ యెక్కువేమనుచు దోచు
నొకవేళ కోపగించుక నత్తు నటుదీయు- । చో నెలబాలింత సొగసు దోచు",vupajaathi,Laavanya,"[('స', 'U'), ('న్న', '|'), ('పు', '|'), ('వ', 'U'), ('ల్వ', '|'), ('తో', 'U'), ('జ', '|'), ('త', '|'), ('ను', 'U'), ('న్న', '|'), ('మ', '|'), ('రు', '|'), ('నిం', 'U'), ('ట', '|'), ('ని', '|'), ('క', '|'), ('టం', 'U'), ('బు', '|'), ('పొ', '|'), ('డ', '|'), ('గ', 'U'), ('న్న', '|'), ('నీ', 'U'), ('టు', '|'), ('దో', 'U'), ('చు', '|'), ('భు', '|'), ('జి', '|'), ('యిం', 'U'), ('చి', '|'), ('య', 'U'), ('మ్మె', '|'), ('తాం', 'U'), ('బూ', 'U'), ('లం', 'U'), ('బు', '|'), ('సే', 'U'), ('యు', '|'), ('చో', 'U'), ('న', '|'), ('ర', '|'), ('చూ', 'U'), ('లు', '|'), ('గా', 'U'), ('ను', 'U'), ('న్న', '|'), ('హౌ', 'U'), ('సు', '|'), ('దో', 'U'), ('చు', '|'), ('ర', '|'), ('తి', '|'), ('రా', 'U'), ('జ', '|'), ('శా', 'U'), ('స్త్ర', '|'), ('స', 'U'), ('మ్మ', '|'), ('తి', '|'), ('మీ', 'U'), ('ర', '|'), ('నె', '|'), ('న', '|'), ('యు', '|'), ('చో', 'U'), ('న', '|'), ('ల', '|'), ('రం', 'U'), ('భ', '|'), ('యె', 'U'), ('క్కు', '|'), ('వే', 'U'), ('మ', '|'), ('ను', '|'), ('చు', '|'), ('దో', 'U'), ('చు', '|'), ('నొ', '|'), ('క', '|'), ('వే', 'U'), ('ళ', '|'), ('కో', 'U'), ('ప', '|'), ('గిం', 'U'), ('చు', '|'), ('క', '|'), ('న', 'U'), ('త్తు', '|'), ('న', '|'), ('టు', '|'), ('దీ', 'U'), ('యు', '|'), ('చో', 'U'), ('నె', '|'), ('ల', '|'), ('బా', 'U'), ('లిం', 'U'), ('త', '|'), ('సొ', '|'), ('గ', '|'), ('సు', '|'), ('దో', 'U'), ('చు', '|')]",0.9166666666666666,-1.0,1.0,1.0,0.75,-1.0
teytageethi,"బోటి శతకోటిలోన నీ సాటియగు వ- । ధూటి యే మేటి వెతుక ముమ్మాటికైన
నేటి మోహంబు నొక్కరితోటి దెలుప । వశమటే రామరామ లావణ్యసీమ.",vupajaathi,Laavanya,"[('బో', 'U'), ('టి', '|'), ('శ', '|'), ('త', '|'), ('కో', 'U'), ('టి', '|'), ('లో', 'U'), ('న', '|'), ('నీ', 'U'), ('సా', 'U'), ('టి', '|'), ('య', '|'), ('గు', '|'), ('వ', '|'), ('ధూ', 'U'), ('టి', '|'), ('యే', 'U'), ('మే', 'U'), ('టి', '|'), ('వె', '|'), ('తు', '|'), ('క', '|'), ('ము', 'U'), ('మ్మా', 'U'), ('టి', '|'), ('కై', 'U'), ('న', '|'), ('నే', 'U'), ('టి', '|'), ('మో', 'U'), ('హం', 'U'), ('బు', '|'), ('నొ', 'U'), ('క్క', '|'), ('రి', '|'), ('తో', 'U'), ('టి', '|'), ('దె', '|'), ('లు', '|'), ('ప', '|'), ('వ', '|'), ('శ', '|'), ('మ', '|'), ('టే', 'U'), ('రా', 'U'), ('మ', '|'), ('రా', 'U'), ('మ', '|'), ('లా', 'U'), ('వ', 'U'), ('ణ్య', '|'), ('సీ', 'U'), ('మ', '|')]",1.0,-1.0,1.0,1.0,1.0,-1.0
seesamu,"పూవిల్తుడొక పచ్చిబోయవానికి తోడు । మలయానిలుడు పరమాతతాయి
తొగరేడనే గురుద్రోహి వెన్నెలగాయ । గండుకోవిల చెట్టునుండి కూయ
చేజేత నెత్తిపెంచిన చిల్క పగదాయె । గ్రుక్కద్రిప్పదె దాని గొంతుకోయ
మొదటనే కొదమతుమ్మెద వేరువిత్తాయె । గోర్వంక కాపురాల్ గుత్తసేయ",vupajaathi,Laavanya,"[('పూ', 'U'), ('వి', 'U'), ('ల్తు', '|'), ('డొ', '|'), ('క', '|'), ('ప', 'U'), ('చ్చి', '|'), ('బో', 'U'), ('య', '|'), ('వా', 'U'), ('ని', '|'), ('కి', '|'), ('తో', 'U'), ('డు', '|'), ('మ', '|'), ('ల', '|'), ('యా', 'U'), ('ని', '|'), ('లు', '|'), ('డు', '|'), ('ప', '|'), ('ర', '|'), ('మా', 'U'), ('త', '|'), ('తా', 'U'), ('యి', '|'), ('తొ', '|'), ('గ', '|'), ('రే', 'U'), ('డ', '|'), ('నే', 'U'), ('గు', '|'), ('రు', '|'), ('ద్రో', 'U'), ('హి', '|'), ('వె', 'U'), ('న్నె', '|'), ('ల', '|'), ('గా', 'U'), ('య', '|'), ('గం', 'U'), ('డు', '|'), ('కో', 'U'), ('వి', '|'), ('ల', '|'), ('చె', 'U'), ('ట్టు', '|'), ('నుం', 'U'), ('డి', '|'), ('కూ', 'U'), ('య', '|'), ('చే', 'U'), ('జే', 'U'), ('త', '|'), ('నె', 'U'), ('త్తి', '|'), ('పెం', 'U'), ('చి', '|'), ('న', '|'), ('చి', 'U'), ('ల్క', '|'), ('ప', '|'), ('గ', '|'), ('దా', 'U'), ('యె', '|'), ('గ్రు', 'U'), ('క్క', '|'), ('ద్రి', 'U'), ('ప్ప', '|'), ('దె', '|'), ('దా', 'U'), ('ని', '|'), ('గొం', 'U'), ('తు', '|'), ('కో', 'U'), ('య', '|'), ('మొ', '|'), ('ద', '|'), ('ట', '|'), ('నే', 'U'), ('కొ', '|'), ('ద', '|'), ('మ', '|'), ('తు', 'U'), ('మ్మె', '|'), ('ద', '|'), ('వే', 'U'), ('రు', '|'), ('వి', 'U'), ('త్తా', 'U'), ('యె', '|'), ('గో', 'U'), ('ర్వం', 'U'), ('క', '|'), ('కా', 'U'), ('పు', '|'), ('రా', 'U'), ('ల్గు', 'U'), ('త్త', '|'), ('సే', 'U'), ('య', '|')]",1.0,-1.0,1.0,1.0,1.0,-1.0
teytageethi,"నేరుపడె బ్రహ్మ తగినట్టులేర్పరించి । వసుధ నిర్మించె నావంటివానికొరకు
నిన్ను జూడక నాకిక నిమిషమోర్వ । వశమటే రామరామ లావణ్యసీమ.",vupajaathi,Laavanya,"[('నే', 'U'), ('రు', '|'), ('ప', '|'), ('డె', '|'), ('బ్ర', 'U'), ('హ్మ', '|'), ('త', '|'), ('గి', '|'), ('న', 'U'), ('ట్టు', '|'), ('లే', 'U'), ('ర్ప', '|'), ('రిం', 'U'), ('చి', '|'), ('వ', '|'), ('సు', '|'), ('ధ', '|'), ('ని', 'U'), ('ర్మిం', 'U'), ('చె', '|'), ('నా', 'U'), ('వం', 'U'), ('టి', '|'), ('వా', 'U'), ('ని', '|'), ('కొ', '|'), ('ర', '|'), ('కు', '|'), ('ని', 'U'), ('న్ను', '|'), ('జూ', 'U'), ('డ', '|'), ('క', '|'), ('నా', 'U'), ('కి', '|'), ('క', '|'), ('ని', '|'), ('మి', '|'), ('ష', '|'), ('మో', 'U'), ('ర్వ', '|'), ('వ', '|'), ('శ', '|'), ('మ', '|'), ('టే', 'U'), ('రా', 'U'), ('మ', '|'), ('రా', 'U'), ('మ', '|'), ('లా', 'U'), ('వ', 'U'), ('ణ్య', '|'), ('సీ', 'U'), ('మ', '|')]",0.9166666666666666,-1.0,1.0,1.0,0.75,-1.0
seesamu,"పొలయల్కచే నొత్తిగిలి పవ్వళించిన । చెయిదీసి కుచముల జేర్చుకొందు-
వదిసైచకను ప్రక్క కదలి హూహూ యన । కదిసి పైకొన బిగ్గ గౌగిలింతు-
వవల పోపోవె పొమ్మని రెమ్మి కసరిన । నవ్వు చేసుక మోవి నానవత్తు-
వా తీరు జూచి యేమనకూరకుండిన । పూమొగ్గతో బిగ్గపోటులిడుదు-",vupajaathi,Laavanya,"[('పొ', '|'), ('ల', '|'), ('య', 'U'), ('ల్క', '|'), ('చే', 'U'), ('నొ', 'U'), ('త్తి', '|'), ('గి', '|'), ('లి', '|'), ('ప', 'U'), ('వ్వ', '|'), ('ళిం', 'U'), ('చి', '|'), ('న', '|'), ('చె', '|'), ('యి', '|'), ('దీ', 'U'), ('సి', '|'), ('కు', '|'), ('చ', '|'), ('ము', '|'), ('ల', '|'), ('జే', 'U'), ('ర్చు', '|'), ('కొం', 'U'), ('దు', '|'), ('వ', '|'), ('ది', '|'), ('సై', 'U'), ('చ', '|'), ('క', '|'), ('ను', '|'), ('ప్ర', 'U'), ('క్క', '|'), ('క', '|'), ('ద', '|'), ('లి', '|'), ('హూ', 'U'), ('హూ', 'U'), ('య', '|'), ('న', '|'), ('క', '|'), ('ది', '|'), ('సి', '|'), ('పై', 'U'), ('కొ', '|'), ('న', '|'), ('బి', 'U'), ('గ్గ', '|'), ('గౌ', 'U'), ('గి', '|'), ('లిం', 'U'), ('తు', '|'), ('వ', '|'), ('వ', '|'), ('ల', '|'), ('పో', 'U'), ('పో', 'U'), ('వె', '|'), ('పొ', 'U'), ('మ్మ', '|'), ('ని', '|'), ('రె', 'U'), ('మ్మి', '|'), ('క', '|'), ('స', '|'), ('రి', '|'), ('న', '|'), ('న', 'U'), ('వ్వు', '|'), ('చే', 'U'), ('సు', '|'), ('క', '|'), ('మో', 'U'), ('వి', '|'), ('నా', 'U'), ('న', '|'), ('వ', 'U'), ('త్తు', '|'), ('వా', 'U'), ('తీ', 'U'), ('రు', '|'), ('జూ', 'U'), ('చి', '|'), ('యే', 'U'), ('మ', '|'), ('న', '|'), ('కూ', 'U'), ('ర', '|'), ('కుం', 'U'), ('డి', '|'), ('న', '|'), ('పూ', 'U'), ('మొ', 'U'), ('గ్గ', '|'), ('తో', 'U'), ('బి', 'U'), ('గ్గ', '|'), ('పో', 'U'), ('టు', '|'), ('లి', '|'), ('డు', '|'), ('దు', '|')]",0.9166666666666666,-1.0,1.0,1.0,0.75,-1.0
teytageethi,"వంతకు చలింపకున్న గిల్గింత సేతు- । వపుడు నే నవ్వ వెండి ప్రొద్ద్దయెనందు-
వా దినమురేయిసొగసెన్న నజునకైన । వశమటే రామరామ లావణ్యసీమ.",vupajaathi,Laavanya,"[('వం', 'U'), ('త', '|'), ('కు', '|'), ('చ', '|'), ('లిం', 'U'), ('ప', '|'), ('కు', 'U'), ('న్న', '|'), ('గి', 'U'), ('ల్గిం', 'U'), ('త', '|'), ('సే', 'U'), ('తు', '|'), ('వ', '|'), ('పు', '|'), ('డు', '|'), ('నే', 'U'), ('న', 'U'), ('వ్వ', '|'), ('వెం', 'U'), ('డి', '|'), ('ప్రొ', 'U'), ('ద్ద్ద', '|'), ('యె', '|'), ('నం', 'U'), ('దు', '|'), ('వా', 'U'), ('ది', '|'), ('న', '|'), ('ము', '|'), ('రే', 'U'), ('యి', '|'), ('సొ', '|'), ('గ', '|'), ('సె', 'U'), ('న్న', '|'), ('న', '|'), ('జు', '|'), ('న', '|'), ('కై', 'U'), ('న', '|'), ('వ', '|'), ('శ', '|'), ('మ', '|'), ('టే', 'U'), ('రా', 'U'), ('మ', '|'), ('రా', 'U'), ('మ', '|'), ('లా', 'U'), ('వ', 'U'), ('ణ్య', '|'), ('సీ', 'U'), ('మ', '|')]",0.65,-1.0,1.0,0.7,0.25,-1.0
seesamu,"కడనున్నతరి నెరుంగక చేరవచ్చిన । దూరదూరమటంచు తొలగుచొందు-
వాయెడ హేలి నేడాడితో యన సిగ్గు- । నవునంచు చిరునవ్వు నవ్వుచుందు-
వదియేమి నొసలిచుక్కన నాల్గుదినములు । చాదు స్త్రీలకునుంచ సహజమందు-
వతిమోహమున చమత్కృతి బల్క తెలుసుక । కొదువపనుల దీక్షకూడదందు-",vupajaathi,Laavanya,"[('క', '|'), ('డ', '|'), ('ను', 'U'), ('న్న', '|'), ('త', '|'), ('రి', '|'), ('నె', '|'), ('రుం', 'U'), ('గ', '|'), ('క', '|'), ('చే', 'U'), ('ర', '|'), ('వ', 'U'), ('చ్చి', '|'), ('న', '|'), ('దూ', 'U'), ('ర', '|'), ('దూ', 'U'), ('ర', '|'), ('మ', '|'), ('టం', 'U'), ('చు', '|'), ('తొ', '|'), ('ల', '|'), ('గు', '|'), ('చొం', 'U'), ('దు', '|'), ('వా', 'U'), ('యె', '|'), ('డ', '|'), ('హే', 'U'), ('లి', '|'), ('నే', 'U'), ('డా', 'U'), ('డి', '|'), ('తో', 'U'), ('య', '|'), ('న', '|'), ('సి', 'U'), ('గ్గు', '|'), ('న', '|'), ('వు', '|'), ('నం', 'U'), ('చు', '|'), ('చి', '|'), ('రు', '|'), ('న', 'U'), ('వ్వు', '|'), ('న', 'U'), ('వ్వు', '|'), ('చుం', 'U'), ('దు', '|'), ('వ', '|'), ('ది', '|'), ('యే', 'U'), ('మి', '|'), ('నొ', '|'), ('స', '|'), ('లి', '|'), ('చు', 'U'), ('క్క', '|'), ('న', '|'), ('నా', 'U'), ('ల్గు', '|'), ('ది', '|'), ('న', '|'), ('ము', '|'), ('లు', '|'), ('చా', 'U'), ('దు', 'U'), ('స్త్రీ', 'U'), ('ల', '|'), ('కు', '|'), ('నుం', 'U'), ('చ', '|'), ('స', '|'), ('హ', '|'), ('జ', '|'), ('మం', 'U'), ('దు', '|'), ('వ', '|'), ('తి', '|'), ('మో', 'U'), ('హ', '|'), ('ము', '|'), ('న', '|'), ('చ', '|'), ('మ', 'U'), ('త్కృ', '|'), ('తి', '|'), ('బ', 'U'), ('ల్క', '|'), ('తె', '|'), ('లు', '|'), ('సు', '|'), ('క', '|'), ('కొ', '|'), ('దు', '|'), ('వ', '|'), ('ప', '|'), ('ను', '|'), ('ల', '|'), ('దీ', 'U'), ('క్ష', '|'), ('కూ', 'U'), ('డ', '|'), ('దం', 'U'), ('దు', '|')]",0.71875,-1.0,1.0,0.78125,0.375,-1.0
teytageethi,"వెంతనిర్మోహివని నెరవంతమనసు । సహనపరుచుడి పిమ్మట సౌఖ్యమందు-
వట్టు జిగిబిగి వగ నగవభినుతింప । వశమటే రామరామ లావణ్యసీమ.",vupajaathi,Laavanya,"[('వెం', 'U'), ('త', '|'), ('ని', 'U'), ('ర్మో', 'U'), ('హి', '|'), ('వ', '|'), ('ని', '|'), ('నె', '|'), ('ర', '|'), ('వం', 'U'), ('త', '|'), ('మ', '|'), ('న', '|'), ('సు', '|'), ('స', '|'), ('హ', '|'), ('న', '|'), ('ప', '|'), ('రు', '|'), ('చు', '|'), ('డి', '|'), ('పి', 'U'), ('మ్మ', '|'), ('ట', '|'), ('సౌ', 'U'), ('ఖ్య', '|'), ('మం', 'U'), ('దు', '|'), ('వ', 'U'), ('ట్టు', '|'), ('జి', '|'), ('గి', '|'), ('బి', '|'), ('గి', '|'), ('వ', '|'), ('గ', '|'), ('న', '|'), ('గ', '|'), ('వ', '|'), ('భి', '|'), ('ను', '|'), ('తిం', 'U'), ('ప', '|'), ('వ', '|'), ('శ', '|'), ('మ', '|'), ('టే', 'U'), ('రా', 'U'), ('మ', '|'), ('రా', 'U'), ('మ', '|'), ('లా', 'U'), ('వ', 'U'), ('ణ్య', '|'), ('సీ', 'U'), ('మ', '|')]",1.0,-1.0,1.0,1.0,1.0,-1.0
seesamu,"ఒకవేళ కోపగించుక పవ్వళించుచో । వచ్చి పై ముసుకెత్తి యెచ్చరించు-
నా తరి చూచి మాటాడకుండిన నొద్ద । వీణె హాయిగ మీటి వినికిసేయు-
నవలిమోమై యున్న నది నిల్పి చందన ।కలపంబు నెమ్మేన నలదవచ్చు-
నిది పర్వదినము నేడిటు గూడదన నవ్వి । మదనశాస్త్రము జూడుమనుచు దెచ్చు-",vupajaathi,Laavanya,"[('ఒ', '|'), ('క', '|'), ('వే', 'U'), ('ళ', '|'), ('కో', 'U'), ('ప', '|'), ('గిం', 'U'), ('చు', '|'), ('క', '|'), ('ప', 'U'), ('వ్వ', '|'), ('ళిం', 'U'), ('చు', '|'), ('చో', 'U'), ('వ', 'U'), ('చ్చి', '|'), ('పై', 'U'), ('ము', '|'), ('సు', '|'), ('కె', 'U'), ('త్తి', '|'), ('యె', 'U'), ('చ్చ', '|'), ('రిం', 'U'), ('చు', '|'), ('నా', 'U'), ('త', '|'), ('రి', '|'), ('చూ', 'U'), ('చి', '|'), ('మా', 'U'), ('టా', 'U'), ('డ', '|'), ('కుం', 'U'), ('డి', '|'), ('న', '|'), ('నొ', 'U'), ('ద్ద', '|'), ('వీ', 'U'), ('ణె', '|'), ('హా', 'U'), ('యి', '|'), ('గ', '|'), ('మీ', 'U'), ('టి', '|'), ('వి', '|'), ('ని', '|'), ('కి', '|'), ('సే', 'U'), ('యు', '|'), ('న', '|'), ('వ', '|'), ('లి', '|'), ('మో', 'U'), ('మై', 'U'), ('యు', 'U'), ('న్న', '|'), ('న', '|'), ('ది', '|'), ('ని', 'U'), ('ల్పి', '|'), ('చం', 'U'), ('ద', '|'), ('న', '|'), ('క', '|'), ('ల', '|'), ('పం', 'U'), ('బు', '|'), ('నె', 'U'), ('మ్మే', 'U'), ('న', '|'), ('న', '|'), ('ల', '|'), ('ద', '|'), ('వ', 'U'), ('చ్చు', '|'), ('ని', '|'), ('ది', '|'), ('ప', 'U'), ('ర్వ', '|'), ('ది', '|'), ('న', '|'), ('ము', '|'), ('నే', 'U'), ('డి', '|'), ('టు', '|'), ('గూ', 'U'), ('డ', '|'), ('ద', '|'), ('న', '|'), ('న', 'U'), ('వ్వి', '|'), ('మ', '|'), ('ద', '|'), ('న', '|'), ('శా', 'U'), ('స్త్ర', '|'), ('ము', '|'), ('జూ', 'U'), ('డు', '|'), ('మ', '|'), ('ను', '|'), ('చు', '|'), ('దె', 'U'), ('చ్చు', '|')]",0.9166666666666666,-1.0,1.0,1.0,0.75,-1.0
teytageethi,"నేల పొమ్మన్న పురుషులకేల కఠిన- । మెందు గాననటంచు కన్నీరు నించి
నతివ నను దూలపలుకు నా హౌసు దలప । వశమటే రామరామ లావణ్యసీమ.",vupajaathi,Laavanya,"[('నే', 'U'), ('ల', '|'), ('పొ', 'U'), ('మ్మ', 'U'), ('న్న', '|'), ('పు', '|'), ('రు', '|'), ('షు', '|'), ('ల', '|'), ('కే', 'U'), ('ల', '|'), ('క', '|'), ('ఠి', '|'), ('న', '|'), ('మెం', 'U'), ('దు', '|'), ('గా', 'U'), ('న', '|'), ('న', '|'), ('టం', 'U'), ('చు', '|'), ('క', 'U'), ('న్నీ', 'U'), ('రు', '|'), ('నిం', 'U'), ('చి', '|'), ('న', '|'), ('తి', '|'), ('వ', '|'), ('న', '|'), ('ను', '|'), ('దూ', 'U'), ('ల', '|'), ('ప', '|'), ('లు', '|'), ('కు', '|'), ('నా', 'U'), ('హౌ', 'U'), ('సు', '|'), ('ద', '|'), ('ల', '|'), ('ప', '|'), ('వ', '|'), ('శ', '|'), ('మ', '|'), ('టే', 'U'), ('రా', 'U'), ('మ', '|'), ('రా', 'U'), ('మ', '|'), ('లా', 'U'), ('వ', 'U'), ('ణ్య', '|'), ('సీ', 'U'), ('మ', '|')]",0.8333333333333334,-1.0,1.0,1.0,0.5,-1.0
seesamu,"చూచెనా చూడ్కుల సోయగం బా రతీ- । వరుడేయు శరపరంపరల లాగు
నవ్వెనా మంచిపున్నమచందమామ యిం- । పలర వెన్నెలగాయునట్టి బాగు
నడిచెనా విబుధపున్నాగంబు మత్తుచే । మించి వచ్చుచు జులాయించు పగిది
పల్కెనా యమృతంబు జిలుగుతేటగు జుంటి- । తేనెజాలటు కాల్వదీయు పగిది",vupajaathi,Laavanya,"[('చూ', 'U'), ('చె', '|'), ('నా', 'U'), ('చూ', 'U'), ('డ్కు', '|'), ('ల', '|'), ('సో', 'U'), ('య', '|'), ('గం', 'U'), ('బా', 'U'), ('ర', '|'), ('తీ', 'U'), ('వ', '|'), ('రు', '|'), ('డే', 'U'), ('యు', '|'), ('శ', '|'), ('ర', '|'), ('ప', '|'), ('రం', 'U'), ('ప', '|'), ('ర', '|'), ('ల', '|'), ('లా', 'U'), ('గు', '|'), ('న', 'U'), ('వ్వె', '|'), ('నా', 'U'), ('మం', 'U'), ('చి', '|'), ('పు', 'U'), ('న్న', '|'), ('మ', '|'), ('చం', 'U'), ('ద', '|'), ('మా', 'U'), ('మ', '|'), ('యిం', 'U'), ('ప', '|'), ('ల', '|'), ('ర', '|'), ('వె', 'U'), ('న్నె', '|'), ('ల', '|'), ('గా', 'U'), ('యు', '|'), ('న', 'U'), ('ట్టి', '|'), ('బా', 'U'), ('గు', '|'), ('న', '|'), ('డి', '|'), ('చె', '|'), ('నా', 'U'), ('వి', '|'), ('బు', '|'), ('ధ', '|'), ('పు', 'U'), ('న్నా', 'U'), ('గం', 'U'), ('బు', '|'), ('మ', 'U'), ('త్తు', '|'), ('చే', 'U'), ('మిం', 'U'), ('చి', '|'), ('వ', 'U'), ('చ్చు', '|'), ('చు', '|'), ('జు', '|'), ('లా', 'U'), ('యిం', 'U'), ('చు', '|'), ('ప', '|'), ('గి', '|'), ('ది', '|'), ('ప', 'U'), ('ల్కె', '|'), ('నా', 'U'), ('య', '|'), ('మృ', '|'), ('తం', 'U'), ('బు', '|'), ('జి', '|'), ('లు', '|'), ('గు', '|'), ('తే', 'U'), ('ట', '|'), ('గు', '|'), ('జుం', 'U'), ('టి', '|'), ('తే', 'U'), ('నె', '|'), ('జా', 'U'), ('ల', '|'), ('టు', '|'), ('కా', 'U'), ('ల్వ', '|'), ('దీ', 'U'), ('యు', '|'), ('ప', '|'), ('గి', '|'), ('ది', '|')]",0.9166666666666666,-1.0,1.0,1.0,0.75,-1.0
teytageethi,"దాని మెయితళ్కు మెడకుల్కు దాని బెళ్కు । దాని వగనీటు బిగిదాటు దాని నేటు
దాని నీవేళ నా మది దలచి తాళ । వశమటే రామరామ లావణ్యసీమ.",vupajaathi,Laavanya,"[('దా', 'U'), ('ని', '|'), ('మె', '|'), ('యి', '|'), ('త', 'U'), ('ళ్కు', '|'), ('మె', '|'), ('డ', '|'), ('కు', 'U'), ('ల్కు', '|'), ('దా', 'U'), ('ని', '|'), ('బె', 'U'), ('ళ్కు', '|'), ('దా', 'U'), ('ని', '|'), ('వ', '|'), ('గ', '|'), ('నీ', 'U'), ('టు', '|'), ('బి', '|'), ('గి', '|'), ('దా', 'U'), ('టు', '|'), ('దా', 'U'), ('ని', '|'), ('నే', 'U'), ('టు', '|'), ('దా', 'U'), ('ని', '|'), ('నీ', 'U'), ('వే', 'U'), ('ళ', '|'), ('నా', 'U'), ('మ', '|'), ('ది', '|'), ('ద', '|'), ('ల', '|'), ('చి', '|'), ('తా', 'U'), ('ళ', '|'), ('వ', '|'), ('శ', '|'), ('మ', '|'), ('టే', 'U'), ('రా', 'U'), ('మ', '|'), ('రా', 'U'), ('మ', '|'), ('లా', 'U'), ('వ', 'U'), ('ణ్య', '|'), ('సీ', 'U'), ('మ', '|')]",1.0,-1.0,1.0,1.0,1.0,-1.0
seesamu,"భ్రమరఝంకారంబు పగిది నుపాంగంబు । కోపైన సుతిని ఘుంఘుమ్మురనగ
సిరిమించి మదిమించి చిరుతాళముల శబ్ద- । సంగతి ధిత్తతాఝమ్మనంగ
పరికింప వీనులపండువై పెద్దమ- । ద్దెళ నాదు తాహతోద్ధిమ్మనంగ
నెరనీటుపల్కు కిన్నెరమీటు గజ్జెలల్ । గోజారవంబు బల్‍మోజు దనర",vupajaathi,Laavanya,"[('భ్ర', '|'), ('మ', '|'), ('ర', '|'), ('ఝం', 'U'), ('కా', 'U'), ('రం', 'U'), ('బు', '|'), ('ప', '|'), ('గి', '|'), ('ది', '|'), ('ను', '|'), ('పాం', 'U'), ('గం', 'U'), ('బు', '|'), ('కో', 'U'), ('పై', 'U'), ('న', '|'), ('సు', '|'), ('తి', '|'), ('ని', '|'), ('ఘుం', 'U'), ('ఘు', 'U'), ('మ్ము', '|'), ('ర', '|'), ('న', '|'), ('గ', '|'), ('సి', '|'), ('రి', '|'), ('మిం', 'U'), ('చి', '|'), ('మ', '|'), ('ది', '|'), ('మిం', 'U'), ('చి', '|'), ('చి', '|'), ('రు', '|'), ('తా', 'U'), ('ళ', '|'), ('ము', '|'), ('ల', '|'), ('శ', 'U'), ('బ్ద', '|'), ('సం', 'U'), ('గ', '|'), ('తి', '|'), ('ధి', 'U'), ('త్త', '|'), ('తా', 'U'), ('ఝ', 'U'), ('మ్మ', '|'), ('నం', 'U'), ('గ', '|'), ('ప', '|'), ('రి', '|'), ('కిం', 'U'), ('ప', '|'), ('వీ', 'U'), ('ను', '|'), ('ల', '|'), ('పం', 'U'), ('డు', '|'), ('వై', 'U'), ('పె', 'U'), ('ద్ద', '|'), ('మ', 'U'), ('ద్దె', '|'), ('ళ', '|'), ('నా', 'U'), ('దు', '|'), ('తా', 'U'), ('హ', '|'), ('తో', 'U'), ('ద్ధి', 'U'), ('మ్మ', '|'), ('నం', 'U'), ('గ', '|'), ('నె', '|'), ('ర', '|'), ('నీ', 'U'), ('టు', '|'), ('ప', 'U'), ('ల్కు', '|'), ('కి', 'U'), ('న్నె', '|'), ('ర', '|'), ('మీ', 'U'), ('టు', '|'), ('గ', 'U'), ('జ్జె', '|'), ('ల', 'U'), ('ల్గో', 'U'), ('జా', 'U'), ('ర', '|'), ('వం', 'U'), ('బు', '|'), ('బ', 'U'), ('ల్మో', 'U'), ('జు', '|'), ('ద', '|'), ('న', '|'), ('ర', '|')]",1.0,-1.0,1.0,1.0,1.0,-1.0
teytageethi,"సంచుగా మేళమిటు జమాయించువేళ । నతివ మామీది వర్ణముల నభినయించు
వేడ్క దలచిన నా మది విరహమడప । వశమటే రామరామ లావణ్యసీమ.",vupajaathi,Laavanya,"[('సం', 'U'), ('చు', '|'), ('గా', 'U'), ('మే', 'U'), ('ళ', '|'), ('మి', '|'), ('టు', '|'), ('జ', '|'), ('మా', 'U'), ('యిం', 'U'), ('చు', '|'), ('వే', 'U'), ('ళ', '|'), ('న', '|'), ('తి', '|'), ('వ', '|'), ('మా', 'U'), ('మీ', 'U'), ('ది', '|'), ('వ', 'U'), ('ర్ణ', '|'), ('ము', '|'), ('ల', '|'), ('న', '|'), ('భి', '|'), ('న', '|'), ('యిం', 'U'), ('చు', '|'), ('వే', 'U'), ('డ్క', '|'), ('ద', '|'), ('ల', '|'), ('చి', '|'), ('న', '|'), ('నా', 'U'), ('మ', '|'), ('ది', '|'), ('వి', '|'), ('ర', '|'), ('హ', '|'), ('మ', '|'), ('డ', '|'), ('ప', '|'), ('వ', '|'), ('శ', '|'), ('మ', '|'), ('టే', 'U'), ('రా', 'U'), ('మ', '|'), ('రా', 'U'), ('మ', '|'), ('లా', 'U'), ('వ', 'U'), ('ణ్య', '|'), ('సీ', 'U'), ('మ', '|')]",0.9,-1.0,1.0,0.95,0.75,-1.0
seesamu,"జల్తారుపేటు గంజముచీరకుచ్చిళ్లు । గిల్కుమట్టెల తట్టి పల్కరింప
రవ కసీదా గోటు రయిక ముస్తీబుగా । కుచకుంభముల నాని గురుతుజూప
సికజుట్టు నునుబట్టు చెండ్లునీటు గల స- । దంసయుగంబుపైనంది బొదల
తళుకుబెడస తీరు బెళుకుకన్నుల సౌరు । వీనులతో నొగ్గి వియ్యమంద",vupajaathi,Laavanya,"[('జ', 'U'), ('ల్తా', 'U'), ('రు', '|'), ('పే', 'U'), ('టు', '|'), ('గం', 'U'), ('జ', '|'), ('ము', '|'), ('చీ', 'U'), ('ర', '|'), ('కు', 'U'), ('చ్చి', 'U'), ('ళ్లు', '|'), ('గి', 'U'), ('ల్కు', '|'), ('మ', 'U'), ('ట్టె', '|'), ('ల', '|'), ('త', 'U'), ('ట్టి', '|'), ('ప', 'U'), ('ల్క', '|'), ('రిం', 'U'), ('ప', '|'), ('ర', '|'), ('వ', '|'), ('క', '|'), ('సీ', 'U'), ('దా', 'U'), ('గో', 'U'), ('టు', '|'), ('ర', '|'), ('యి', '|'), ('క', '|'), ('ము', 'U'), ('స్తీ', 'U'), ('బు', '|'), ('గా', 'U'), ('కు', '|'), ('చ', '|'), ('కుం', 'U'), ('భ', '|'), ('ము', '|'), ('ల', '|'), ('నా', 'U'), ('ని', '|'), ('గు', '|'), ('రు', '|'), ('తు', '|'), ('జూ', 'U'), ('ప', '|'), ('సి', '|'), ('క', '|'), ('జు', 'U'), ('ట్టు', '|'), ('ను', '|'), ('ను', '|'), ('బ', 'U'), ('ట్టు', '|'), ('చెం', 'U'), ('డ్లు', '|'), ('నీ', 'U'), ('టు', '|'), ('గ', '|'), ('ల', '|'), ('స', '|'), ('దం', 'U'), ('స', '|'), ('యు', '|'), ('గం', 'U'), ('బు', '|'), ('పై', 'U'), ('నం', 'U'), ('ది', '|'), ('బొ', '|'), ('ద', '|'), ('ల', '|'), ('త', '|'), ('ళు', '|'), ('కు', '|'), ('బె', '|'), ('డ', '|'), ('స', '|'), ('తీ', 'U'), ('రు', '|'), ('బె', '|'), ('ళు', '|'), ('కు', '|'), ('క', 'U'), ('న్ను', '|'), ('ల', '|'), ('సౌ', 'U'), ('రు', '|'), ('వీ', 'U'), ('ను', '|'), ('ల', '|'), ('తో', 'U'), ('నొ', 'U'), ('గ్గి', '|'), ('వి', 'U'), ('య్య', '|'), ('మం', 'U'), ('ద', '|')]",0.9583333333333334,-1.0,1.0,1.0,0.875,-1.0
teytageethi,"చందనము మైనలందిన సమయమునను । కంకణంబులు మొరయ పంఖాలు బూని
విసరవచ్చిన వగగన్న విధికినెన్న । వశమటే రామరామ లావణ్యసీమ.",vupajaathi,Laavanya,"[('చం', 'U'), ('ద', '|'), ('న', '|'), ('ము', '|'), ('మై', 'U'), ('న', '|'), ('లం', 'U'), ('ది', '|'), ('న', '|'), ('స', '|'), ('మ', '|'), ('య', '|'), ('ము', '|'), ('న', '|'), ('ను', '|'), ('కం', 'U'), ('క', '|'), ('ణం', 'U'), ('బు', '|'), ('లు', '|'), ('మొ', '|'), ('ర', '|'), ('య', '|'), ('పం', 'U'), ('ఖా', 'U'), ('లు', '|'), ('బూ', 'U'), ('ని', '|'), ('వి', '|'), ('స', '|'), ('ర', '|'), ('వ', 'U'), ('చ్చి', '|'), ('న', '|'), ('వ', '|'), ('గ', '|'), ('గ', 'U'), ('న్న', '|'), ('వి', '|'), ('ధి', '|'), ('కి', '|'), ('నె', 'U'), ('న్న', '|'), ('వ', '|'), ('శ', '|'), ('మ', '|'), ('టే', 'U'), ('రా', 'U'), ('మ', '|'), ('రా', 'U'), ('మ', '|'), ('లా', 'U'), ('వ', 'U'), ('ణ్య', '|'), ('సీ', 'U'), ('మ', '|')]",1.0,-1.0,1.0,1.0,1.0,-1.0
seesamu,"నీలాంబరౌర పెన్నెరుల సౌరుదనంబు । వీనులు శ్రీరాగవిభవమేలు
పొలతి నెమ్మొగము సంపూర్ణచంద్రిక మణి- । తము పరీక్షింప ఘంటారవంబు
సారంగ చూడ్కుల చపలత వీక్షింప । మెరుపగు లేగౌను మేఘరంజి
చాన రోమావళి శంకరాభరణంబు । తీరైన కెమ్మోవి దీపకళిక
ముదిత క్రొంజిగిమేను మోహన సద్గుణ । లావణ్యగరిమ కల్యాణి భళిర",vupajaathi,Laavanya,"[('నీ', 'U'), ('లాం', 'U'), ('బ', '|'), ('రౌ', 'U'), ('ర', '|'), ('పె', 'U'), ('న్నె', '|'), ('రు', '|'), ('ల', '|'), ('సౌ', 'U'), ('రు', '|'), ('ద', '|'), ('నం', 'U'), ('బు', '|'), ('వీ', 'U'), ('ను', '|'), ('లు', '|'), ('శ్రీ', 'U'), ('రా', 'U'), ('గ', '|'), ('వి', '|'), ('భ', '|'), ('వ', '|'), ('మే', 'U'), ('లు', '|'), ('పొ', '|'), ('ల', '|'), ('తి', '|'), ('నె', 'U'), ('మ్మొ', '|'), ('గ', '|'), ('ము', '|'), ('సం', 'U'), ('పూ', 'U'), ('ర్ణ', '|'), ('చం', 'U'), ('ద్రి', '|'), ('క', '|'), ('మ', '|'), ('ణి', '|'), ('త', '|'), ('ము', '|'), ('ప', '|'), ('రీ', 'U'), ('క్షిం', 'U'), ('ప', '|'), ('ఘం', 'U'), ('టా', 'U'), ('ర', '|'), ('వం', 'U'), ('బు', '|'), ('సా', 'U'), ('రం', 'U'), ('గ', '|'), ('చూ', 'U'), ('డ్కు', '|'), ('ల', '|'), ('చ', '|'), ('ప', '|'), ('ల', '|'), ('త', '|'), ('వీ', 'U'), ('క్షిం', 'U'), ('ప', '|'), ('మె', '|'), ('రు', '|'), ('ప', '|'), ('గు', '|'), ('లే', 'U'), ('గౌ', 'U'), ('ను', '|'), ('మే', 'U'), ('ఘ', '|'), ('రం', 'U'), ('జి', '|'), ('చా', 'U'), ('న', '|'), ('రో', 'U'), ('మా', 'U'), ('వ', '|'), ('ళి', '|'), ('శం', 'U'), ('క', '|'), ('రా', 'U'), ('భ', '|'), ('ర', '|'), ('ణం', 'U'), ('బు', '|'), ('తీ', 'U'), ('రై', 'U'), ('న', '|'), ('కె', 'U'), ('మ్మో', 'U'), ('వి', '|'), ('దీ', 'U'), ('ప', '|'), ('క', '|'), ('ళి', '|'), ('క', '|'), ('ము', '|'), ('ది', '|'), ('త', '|'), ('క్రొం', 'U'), ('జి', '|'), ('గి', '|'), ('మే', 'U'), ('ను', '|'), ('మో', 'U'), ('హ', '|'), ('న', '|'), ('స', 'U'), ('ద్గు', '|'), ('ణ', '|'), ('లా', 'U'), ('వ', 'U'), ('ణ్య', '|'), ('గ', '|'), ('రి', '|'), ('మ', '|'), ('క', 'U'), ('ల్యా', 'U'), ('ణి', '|'), ('భ', '|'), ('ళి', '|'), ('ర', '|')]",0.9583333333333334,-1.0,1.0,1.0,0.875,-1.0
teytageethi,"నడక మెల్లదనంబు పున్నాగ దాని । సురత మానందభైరవి సొంపు నాట
నెనయకుండినవేళ నా నెనరు తాళ । వశమటే రామరామ లావణ్యసీమ.",vupajaathi,Laavanya,"[('న', '|'), ('డ', '|'), ('క', '|'), ('మె', 'U'), ('ల్ల', '|'), ('ద', '|'), ('నం', 'U'), ('బు', '|'), ('పు', 'U'), ('న్నా', 'U'), ('గ', '|'), ('దా', 'U'), ('ని', '|'), ('సు', '|'), ('ర', '|'), ('త', '|'), ('మా', 'U'), ('నం', 'U'), ('ద', '|'), ('భై', 'U'), ('ర', '|'), ('వి', '|'), ('సొం', 'U'), ('పు', '|'), ('నా', 'U'), ('ట', '|'), ('నె', '|'), ('న', '|'), ('య', '|'), ('కుం', 'U'), ('డి', '|'), ('న', '|'), ('వే', 'U'), ('ళ', '|'), ('నా', 'U'), ('నె', '|'), ('న', '|'), ('రు', '|'), ('తా', 'U'), ('ళ', '|'), ('వ', '|'), ('శ', '|'), ('మ', '|'), ('టే', 'U'), ('రా', 'U'), ('మ', '|'), ('రా', 'U'), ('మ', '|'), ('లా', 'U'), ('వ', 'U'), ('ణ్య', '|'), ('సీ', 'U'), ('మ', '|')]",1.0,-1.0,1.0,1.0,1.0,-1.0
seesamu,"తమ్మిలో నవకందమము తేటలా చంద- । మామ యందముదీసి మోముజేసి
పూబంతిలో సౌరు ప్రొద్దులో తళ్కు క- । డాని చాయల గూర్చి మేనొనర్చి
మల్లెమొగ్గల చాలు మంచికెంపుల డాలు । వజ్రంపు జిగిని పల్వరుస దీర్చి
గాజుగిన్నెల నున్పు గట్టుగట్టిన వీణె- । కాయల తీరు చన్గవనొనర్చి",vupajaathi,Laavanya,"[('త', 'U'), ('మ్మి', '|'), ('లో', 'U'), ('న', '|'), ('వ', '|'), ('కం', 'U'), ('ద', '|'), ('మ', '|'), ('ము', '|'), ('తే', 'U'), ('ట', '|'), ('లా', 'U'), ('చం', 'U'), ('ద', '|'), ('మా', 'U'), ('మ', '|'), ('యం', 'U'), ('ద', '|'), ('ము', '|'), ('దీ', 'U'), ('సి', '|'), ('మో', 'U'), ('ము', '|'), ('జే', 'U'), ('సి', '|'), ('పూ', 'U'), ('బం', 'U'), ('తి', '|'), ('లో', 'U'), ('సౌ', 'U'), ('రు', '|'), ('ప్రొ', 'U'), ('ద్దు', '|'), ('లో', 'U'), ('త', 'U'), ('ళ్కు', '|'), ('క', '|'), ('డా', 'U'), ('ని', '|'), ('చా', 'U'), ('య', '|'), ('ల', '|'), ('గూ', 'U'), ('ర్చి', '|'), ('మే', 'U'), ('నొ', '|'), ('న', 'U'), ('ర్చి', '|'), ('మ', 'U'), ('ల్లె', '|'), ('మొ', 'U'), ('గ్గ', '|'), ('ల', '|'), ('చా', 'U'), ('లు', '|'), ('మం', 'U'), ('చి', '|'), ('కెం', 'U'), ('పు', '|'), ('ల', '|'), ('డా', 'U'), ('లు', '|'), ('వ', '|'), ('జ్రం', 'U'), ('పు', '|'), ('జి', '|'), ('గి', '|'), ('ని', '|'), ('ప', 'U'), ('ల్వ', '|'), ('రు', '|'), ('స', '|'), ('దీ', 'U'), ('ర్చి', '|'), ('గా', 'U'), ('జు', '|'), ('గి', 'U'), ('న్నె', '|'), ('ల', '|'), ('ను', 'U'), ('న్పు', '|'), ('గ', 'U'), ('ట్టు', '|'), ('గ', 'U'), ('ట్టి', '|'), ('న', '|'), ('వీ', 'U'), ('ణె', '|'), ('కా', 'U'), ('య', '|'), ('ల', '|'), ('తీ', 'U'), ('రు', '|'), ('చ', 'U'), ('న్గ', '|'), ('వ', '|'), ('నొ', '|'), ('న', 'U'), ('ర్చి', '|')]",0.7708333333333334,-1.0,1.0,0.8125,0.5,-1.0
teytageethi,"నలువ నిర్మించె నీలాగు నాతి బాగు । నెన్నతరమౌనె కన్య నా కన్నులాన
దాని మది దల్చి నెమ్మోహతాప మాన । వశమటే రామరామ లావణ్యసీమ.",vupajaathi,Laavanya,"[('న', '|'), ('లు', '|'), ('వ', '|'), ('ని', 'U'), ('ర్మిం', 'U'), ('చె', '|'), ('నీ', 'U'), ('లా', 'U'), ('గు', '|'), ('నా', 'U'), ('తి', '|'), ('బా', 'U'), ('గు', '|'), ('నె', 'U'), ('న్న', '|'), ('త', '|'), ('ర', '|'), ('మౌ', 'U'), ('నె', '|'), ('క', 'U'), ('న్య', '|'), ('నా', 'U'), ('క', 'U'), ('న్ను', '|'), ('లా', 'U'), ('న', '|'), ('దా', 'U'), ('ని', '|'), ('మ', '|'), ('ది', '|'), ('ద', 'U'), ('ల్చి', '|'), ('నె', 'U'), ('మ్మో', 'U'), ('హ', '|'), ('తా', 'U'), ('ప', '|'), ('మా', 'U'), ('న', '|'), ('వ', '|'), ('శ', '|'), ('మ', '|'), ('టే', 'U'), ('రా', 'U'), ('మ', '|'), ('రా', 'U'), ('మ', '|'), ('లా', 'U'), ('వ', 'U'), ('ణ్య', '|'), ('సీ', 'U'), ('మ', '|')]",1.0,-1.0,1.0,1.0,1.0,-1.0
seesamu,"కుటిలకుంతలికి చన్గుదురు లున్నతమైన । వేళ నా మనసేమొ వేడ్క గాంచె
జలజాక్షి నునుపిరుందులు మిన్నలైన నా । మదికి చమత్కారమహిమ గల్గె
భ్రమరాలక సమర్తపాయమైనంత నా । తనువు బంగారుచాయను వహించె
రమణి నూగారు దట్టము మీరి నలుపెక్క । లేకురు మీసంబు లేర్పరించె-",vupajaathi,Laavanya,"[('కు', '|'), ('టి', '|'), ('ల', '|'), ('కుం', 'U'), ('త', '|'), ('లి', '|'), ('కి', '|'), ('చ', 'U'), ('న్గు', '|'), ('దు', '|'), ('రు', '|'), ('లు', 'U'), ('న్న', '|'), ('త', '|'), ('మై', 'U'), ('న', '|'), ('వే', 'U'), ('ళ', '|'), ('నా', 'U'), ('మ', '|'), ('న', '|'), ('సే', 'U'), ('మొ', '|'), ('వే', 'U'), ('డ్క', '|'), ('గాం', 'U'), ('చె', '|'), ('జ', '|'), ('ల', '|'), ('జా', 'U'), ('క్షి', '|'), ('ను', '|'), ('ను', '|'), ('పి', '|'), ('రుం', 'U'), ('దు', '|'), ('లు', '|'), ('మి', 'U'), ('న్న', '|'), ('లై', 'U'), ('న', '|'), ('నా', 'U'), ('మ', '|'), ('ది', '|'), ('కి', '|'), ('చ', '|'), ('మ', 'U'), ('త్కా', 'U'), ('ర', '|'), ('మ', '|'), ('హి', '|'), ('మ', '|'), ('గ', 'U'), ('ల్గె', '|'), ('భ్ర', '|'), ('మ', '|'), ('రా', 'U'), ('ల', '|'), ('క', '|'), ('స', '|'), ('మ', 'U'), ('ర్త', '|'), ('పా', 'U'), ('య', '|'), ('మై', 'U'), ('నం', 'U'), ('త', '|'), ('నా', 'U'), ('త', '|'), ('ను', '|'), ('వు', '|'), ('బం', 'U'), ('గా', 'U'), ('రు', '|'), ('చా', 'U'), ('య', '|'), ('ను', '|'), ('వ', '|'), ('హిం', 'U'), ('చె', '|'), ('ర', '|'), ('మ', '|'), ('ణి', '|'), ('నూ', 'U'), ('గా', 'U'), ('రు', '|'), ('ద', 'U'), ('ట్ట', '|'), ('ము', '|'), ('మీ', 'U'), ('రి', '|'), ('న', '|'), ('లు', '|'), ('పె', 'U'), ('క్క', '|'), ('లే', 'U'), ('కు', '|'), ('రు', '|'), ('మీ', 'U'), ('సం', 'U'), ('బు', '|'), ('లే', 'U'), ('ర్ప', '|'), ('రిం', 'U'), ('చె', '|')]",1.0,-1.0,1.0,1.0,1.0,-1.0
teytageethi,"నింతివయసు నా వయసును నేకమైన । రథము తేజీలు నడిచిన విధమునొప్పె
దాని చూడక యింక నీ తమి నడంప । వశమటే రామరామ లావణ్యసీమ.",vupajaathi,Laavanya,"[('నిం', 'U'), ('తి', '|'), ('వ', '|'), ('య', '|'), ('సు', '|'), ('నా', 'U'), ('వ', '|'), ('య', '|'), ('సు', '|'), ('ను', '|'), ('నే', 'U'), ('క', '|'), ('మై', 'U'), ('న', '|'), ('ర', '|'), ('థ', '|'), ('ము', '|'), ('తే', 'U'), ('జీ', 'U'), ('లు', '|'), ('న', '|'), ('డి', '|'), ('చి', '|'), ('న', '|'), ('వి', '|'), ('ధ', '|'), ('ము', '|'), ('నొ', 'U'), ('ప్పె', '|'), ('దా', 'U'), ('ని', '|'), ('చూ', 'U'), ('డ', '|'), ('క', '|'), ('యిం', 'U'), ('క', '|'), ('నీ', 'U'), ('త', '|'), ('మి', '|'), ('న', '|'), ('డం', 'U'), ('ప', '|'), ('వ', '|'), ('శ', '|'), ('మ', '|'), ('టే', 'U'), ('రా', 'U'), ('మ', '|'), ('రా', 'U'), ('మ', '|'), ('లా', 'U'), ('వ', 'U'), ('ణ్య', '|'), ('సీ', 'U'), ('మ', '|')]",0.9166666666666666,-1.0,1.0,1.0,0.75,-1.0
seesamu,"పసుపు నిగ్గైన దుప్పటితోడ కాటుక । మరకానుదస్తు రుమాలుతోడ
చెక్కిట కొనగోటిజీరలతోడ న- । వ్వెలదిచ్చు దొంతర విడెముతోడ
నతివ పల్మొనకాటు లారని మోవితో । వెన్నున కీల్‍జడవేటుతోడ
సొగసైన నిద్దురసొలుపుతో రతులను । బడలిన నెమ్మోము బాగుతోడ",vupajaathi,Laavanya,"[('ప', '|'), ('సు', '|'), ('పు', '|'), ('ని', 'U'), ('గ్గై', 'U'), ('న', '|'), ('దు', 'U'), ('ప్ప', '|'), ('టి', '|'), ('తో', 'U'), ('డ', '|'), ('కా', 'U'), ('టు', '|'), ('క', '|'), ('మ', '|'), ('ర', '|'), ('కా', 'U'), ('ను', '|'), ('ద', 'U'), ('స్తు', '|'), ('రు', '|'), ('మా', 'U'), ('లు', '|'), ('తో', 'U'), ('డ', '|'), ('చె', 'U'), ('క్కి', '|'), ('ట', '|'), ('కొ', '|'), ('న', '|'), ('గో', 'U'), ('టి', '|'), ('జీ', 'U'), ('ర', '|'), ('ల', '|'), ('తో', 'U'), ('డ', '|'), ('న', 'U'), ('వ్వె', '|'), ('ల', '|'), ('ది', 'U'), ('చ్చు', '|'), ('దొం', 'U'), ('త', '|'), ('ర', '|'), ('వి', '|'), ('డె', '|'), ('ము', '|'), ('తో', 'U'), ('డ', '|'), ('న', '|'), ('తి', '|'), ('వ', '|'), ('ప', 'U'), ('ల్మొ', '|'), ('న', '|'), ('కా', 'U'), ('టు', '|'), ('లా', 'U'), ('ర', '|'), ('ని', '|'), ('మో', 'U'), ('వి', '|'), ('తో', 'U'), ('వె', 'U'), ('న్ను', '|'), ('న', '|'), ('కీ', 'U'), ('ల్జ', '|'), ('డ', '|'), ('వే', 'U'), ('టు', '|'), ('తో', 'U'), ('డ', '|'), ('సొ', '|'), ('గ', '|'), ('సై', 'U'), ('న', '|'), ('ని', 'U'), ('ద్దు', '|'), ('ర', '|'), ('సొ', '|'), ('లు', '|'), ('పు', '|'), ('తో', 'U'), ('ర', '|'), ('తు', '|'), ('ల', '|'), ('ను', '|'), ('బ', '|'), ('డ', '|'), ('లి', '|'), ('న', '|'), ('నె', 'U'), ('మ్మో', 'U'), ('ము', '|'), ('బా', 'U'), ('గు', '|'), ('తో', 'U'), ('డ', '|')]",0.9583333333333334,-1.0,1.0,1.0,0.875,-1.0
teytageethi,"నే నితరకాంతల గూడిరాగానె యున్న । చిన్నె పరికించి మనమున చిడిముడగుచు
నపుడు నిను నీవె దూరుకొన్నది దలంప । వశమటే రామరామ లావణ్యసీమ.",vupajaathi,Laavanya,"[('నే', 'U'), ('ని', '|'), ('త', '|'), ('ర', '|'), ('కాం', 'U'), ('త', '|'), ('ల', '|'), ('గూ', 'U'), ('డి', '|'), ('రా', 'U'), ('గా', 'U'), ('నె', '|'), ('యు', 'U'), ('న్న', '|'), ('చి', 'U'), ('న్నె', '|'), ('ప', '|'), ('రి', '|'), ('కిం', 'U'), ('చి', '|'), ('మ', '|'), ('న', '|'), ('ము', '|'), ('న', '|'), ('చి', '|'), ('డి', '|'), ('ము', '|'), ('డ', '|'), ('గు', '|'), ('చు', '|'), ('న', '|'), ('పు', '|'), ('డు', '|'), ('ని', '|'), ('ను', '|'), ('నీ', 'U'), ('వె', '|'), ('దూ', 'U'), ('రు', '|'), ('కొ', 'U'), ('న్న', '|'), ('ది', '|'), ('ద', '|'), ('లం', 'U'), ('ప', '|'), ('వ', '|'), ('శ', '|'), ('మ', '|'), ('టే', 'U'), ('రా', 'U'), ('మ', '|'), ('రా', 'U'), ('మ', '|'), ('లా', 'U'), ('వ', 'U'), ('ణ్య', '|'), ('సీ', 'U'), ('మ', '|')]",0.9833333333333334,-1.0,1.0,0.95,1.0,-1.0
seesamu,"శుకమును ముద్దాడుచో మోవి నొక్క నా । గంటి నే గని నినెరుంగక నిదేమొ
నినుజూడ వేరె భావన దోచునన మోము । చిన్నజేసుక శివా శివ యటంచు
తలవంచి బొటవ్రేల నిల గీరుకొంచు నే- । త్రముల నశ్రులు కుచాగ్రముల రాల
చిలచిల నెమ్మేను చెమ్మర గడగడ । వడకుచు నార్తారవమున నొక్క",vupajaathi,Laavanya,"[('శు', '|'), ('క', '|'), ('ము', '|'), ('ను', '|'), ('ము', 'U'), ('ద్దా', 'U'), ('డు', '|'), ('చో', 'U'), ('మో', 'U'), ('వి', '|'), ('నొ', 'U'), ('క్క', '|'), ('నా', 'U'), ('గం', 'U'), ('టి', '|'), ('నే', 'U'), ('గ', '|'), ('ని', '|'), ('ని', '|'), ('నె', '|'), ('రుం', 'U'), ('గ', '|'), ('క', '|'), ('ని', '|'), ('దే', 'U'), ('మొ', '|'), ('ని', '|'), ('ను', '|'), ('జూ', 'U'), ('డ', '|'), ('వే', 'U'), ('రె', '|'), ('భా', 'U'), ('వ', '|'), ('న', '|'), ('దో', 'U'), ('చు', '|'), ('న', '|'), ('న', '|'), ('మో', 'U'), ('ము', '|'), ('చి', 'U'), ('న్న', '|'), ('జే', 'U'), ('సు', '|'), ('క', '|'), ('శి', '|'), ('వా', 'U'), ('శి', '|'), ('వ', '|'), ('య', '|'), ('టం', 'U'), ('చు', '|'), ('త', '|'), ('ల', '|'), ('వం', 'U'), ('చి', '|'), ('బొ', '|'), ('ట', '|'), ('వ్రే', 'U'), ('ల', '|'), ('ని', '|'), ('ల', '|'), ('గీ', 'U'), ('రు', '|'), ('కొం', 'U'), ('చు', '|'), ('నే', 'U'), ('త్ర', '|'), ('ము', '|'), ('ల', '|'), ('న', '|'), ('శ్రు', '|'), ('లు', '|'), ('కు', '|'), ('చా', 'U'), ('గ్ర', '|'), ('ము', '|'), ('ల', '|'), ('రా', 'U'), ('ల', '|'), ('చి', '|'), ('ల', '|'), ('చి', '|'), ('ల', '|'), ('నె', 'U'), ('మ్మే', 'U'), ('ను', '|'), ('చె', 'U'), ('మ్మ', '|'), ('ర', '|'), ('గ', '|'), ('డ', '|'), ('గ', '|'), ('డ', '|'), ('వ', '|'), ('డ', '|'), ('కు', '|'), ('చు', '|'), ('నా', 'U'), ('ర్తా', 'U'), ('ర', '|'), ('వ', '|'), ('ము', '|'), ('న', '|'), ('నొ', 'U'), ('క్క', '|')]",0.9375,-1.0,1.0,0.9375,0.875,-1.0
teytageethi,"పాపమెరుగను నా యురోభవములాన । యన్ని దెలిసుండి నా బోటి యబల నిటుల
ననుట దోసంబు లనునాటి హౌసు దలప । వశమటే రామరామ లావణ్యసీమ.",vupajaathi,Laavanya,"[('పా', 'U'), ('ప', '|'), ('మె', '|'), ('రు', '|'), ('గ', '|'), ('ను', '|'), ('నా', 'U'), ('యు', '|'), ('రో', 'U'), ('భ', '|'), ('వ', '|'), ('ము', '|'), ('లా', 'U'), ('న', '|'), ('య', 'U'), ('న్ని', '|'), ('దె', '|'), ('లి', '|'), ('సుం', 'U'), ('డి', '|'), ('నా', 'U'), ('బో', 'U'), ('టి', '|'), ('య', '|'), ('బ', '|'), ('ల', '|'), ('ని', '|'), ('టు', '|'), ('ల', '|'), ('న', '|'), ('ను', '|'), ('ట', '|'), ('దో', 'U'), ('సం', 'U'), ('బు', '|'), ('ల', '|'), ('ను', '|'), ('నా', 'U'), ('టి', '|'), ('హౌ', 'U'), ('సు', '|'), ('ద', '|'), ('ల', '|'), ('ప', '|'), ('వ', '|'), ('శ', '|'), ('మ', '|'), ('టే', 'U'), ('రా', 'U'), ('మ', '|'), ('రా', 'U'), ('మ', '|'), ('లా', 'U'), ('వ', 'U'), ('ణ్య', '|'), ('సీ', 'U'), ('మ', '|')]",0.9166666666666666,-1.0,1.0,1.0,0.75,-1.0
seesamu,"శుకమా చికాకు సేయకుమా యటన్న శా- । రిక మాట వినుట నాయికము గాదు
పికమా భళాన యోపిక మానియున్న నీ- । విక కూయుచుండ భావికము గాదు
మదమా శబాసు షట్పదమా సరేనె నీ । రొద మానవైతివే ముదమె నీకు
బతిమాలుకొన్న నీ మతి మానలేవు మా- । రుత నీ చలంబు శాశ్వతము గాదు",vupajaathi,Laavanya,"[('శు', '|'), ('క', '|'), ('మా', 'U'), ('చి', '|'), ('కా', 'U'), ('కు', '|'), ('సే', 'U'), ('య', '|'), ('కు', '|'), ('మా', 'U'), ('య', '|'), ('ట', 'U'), ('న్న', '|'), ('శా', 'U'), ('రి', '|'), ('క', '|'), ('మా', 'U'), ('ట', '|'), ('వి', '|'), ('ను', '|'), ('ట', '|'), ('నా', 'U'), ('యి', '|'), ('క', '|'), ('ము', '|'), ('గా', 'U'), ('దు', '|'), ('పి', '|'), ('క', '|'), ('మా', 'U'), ('భ', '|'), ('ళా', 'U'), ('న', '|'), ('యో', 'U'), ('పి', '|'), ('క', '|'), ('మా', 'U'), ('ని', '|'), ('యు', 'U'), ('న్న', '|'), ('నీ', 'U'), ('వి', '|'), ('క', '|'), ('కూ', 'U'), ('యు', '|'), ('చుం', 'U'), ('డ', '|'), ('భా', 'U'), ('వి', '|'), ('క', '|'), ('ము', '|'), ('గా', 'U'), ('దు', '|'), ('మ', '|'), ('ద', '|'), ('మా', 'U'), ('శ', '|'), ('బా', 'U'), ('సు', '|'), ('ష', 'U'), ('ట్ప', '|'), ('ద', '|'), ('మా', 'U'), ('స', '|'), ('రే', 'U'), ('నె', '|'), ('నీ', 'U'), ('రొ', '|'), ('ద', '|'), ('మా', 'U'), ('న', '|'), ('వై', 'U'), ('తి', '|'), ('వే', 'U'), ('ము', '|'), ('ద', '|'), ('మె', '|'), ('నీ', 'U'), ('కు', '|'), ('బ', '|'), ('తి', '|'), ('మా', 'U'), ('లు', '|'), ('కొ', 'U'), ('న్న', '|'), ('నీ', 'U'), ('మ', '|'), ('తి', '|'), ('మా', 'U'), ('న', '|'), ('లే', 'U'), ('వు', '|'), ('మా', 'U'), ('రు', '|'), ('త', '|'), ('నీ', 'U'), ('చ', '|'), ('లం', 'U'), ('బు', '|'), ('శా', 'U'), ('శ్వ', '|'), ('త', '|'), ('ము', '|'), ('గా', 'U'), ('దు', '|')]",1.0,-1.0,1.0,1.0,1.0,-1.0
teytageethi,"యనుచు నేనెంత వేడిన కనరు మాన- । రైరి వీరలు నామీది వైరమునను
సుంత దయచేసి కన్నుల చూడ వింత । వాదటే రామరామ లావణ్యసీమ.",vupajaathi,Laavanya,"[('య', '|'), ('ను', '|'), ('చు', '|'), ('నే', 'U'), ('నెం', 'U'), ('త', '|'), ('వే', 'U'), ('డి', '|'), ('న', '|'), ('క', '|'), ('న', '|'), ('రు', '|'), ('మా', 'U'), ('న', '|'), ('రై', 'U'), ('రి', '|'), ('వీ', 'U'), ('ర', '|'), ('లు', '|'), ('నా', 'U'), ('మీ', 'U'), ('ది', '|'), ('వై', 'U'), ('ర', '|'), ('ము', '|'), ('న', '|'), ('ను', '|'), ('సుం', 'U'), ('త', '|'), ('ద', '|'), ('య', '|'), ('చే', 'U'), ('సి', '|'), ('క', 'U'), ('న్ను', '|'), ('ల', '|'), ('చూ', 'U'), ('డ', '|'), ('విం', 'U'), ('త', '|'), ('వా', 'U'), ('ద', '|'), ('టే', 'U'), ('రా', 'U'), ('మ', '|'), ('రా', 'U'), ('మ', '|'), ('లా', 'U'), ('వ', 'U'), ('ణ్య', '|'), ('సీ', 'U'), ('మ', '|')]",1.0,-1.0,1.0,1.0,1.0,-1.0
seesamu,"తలిదండ్రినైన తూపుల నేయజూచు । మరుడు నన్నేరీతి కరుణ జూచు
గురుకాంత నిసుమంత కొదువలేక రమించు । జాబిల్లి యెటుల దోసము దలంచు
పాములు మ్రింగినప్పటికైన చావని । చలువతెమ్మెరకెట్లు జాలి బుట్టు
చిగురాకు దిని కండ్ల పొగరెక్కినది గండు- । కోయిల రొద యేల సేయకుండు",vupajaathi,Laavanya,"[('త', '|'), ('లి', '|'), ('దం', 'U'), ('డ్రి', '|'), ('నై', 'U'), ('న', '|'), ('తూ', 'U'), ('పు', '|'), ('ల', '|'), ('నే', 'U'), ('య', '|'), ('జూ', 'U'), ('చు', '|'), ('మ', '|'), ('రు', '|'), ('డు', '|'), ('న', 'U'), ('న్నే', 'U'), ('రీ', 'U'), ('తి', '|'), ('క', '|'), ('రు', '|'), ('ణ', '|'), ('జూ', 'U'), ('చు', '|'), ('గు', '|'), ('రు', '|'), ('కాం', 'U'), ('త', '|'), ('ని', '|'), ('సు', '|'), ('మం', 'U'), ('త', '|'), ('కొ', '|'), ('దు', '|'), ('వ', '|'), ('లే', 'U'), ('క', '|'), ('ర', '|'), ('మిం', 'U'), ('చు', '|'), ('జా', 'U'), ('బి', 'U'), ('ల్లి', '|'), ('యె', '|'), ('టు', '|'), ('ల', '|'), ('దో', 'U'), ('స', '|'), ('ము', '|'), ('ద', '|'), ('లం', 'U'), ('చు', '|'), ('పా', 'U'), ('ము', '|'), ('లు', '|'), ('మ్రిం', 'U'), ('గి', '|'), ('న', 'U'), ('ప్ప', '|'), ('టి', '|'), ('కై', 'U'), ('న', '|'), ('చా', 'U'), ('వ', '|'), ('ని', '|'), ('చ', '|'), ('లు', '|'), ('వ', '|'), ('తె', 'U'), ('మ్మె', '|'), ('ర', '|'), ('కె', 'U'), ('ట్లు', '|'), ('జా', 'U'), ('లి', '|'), ('బు', 'U'), ('ట్టు', '|'), ('చి', '|'), ('గు', '|'), ('రా', 'U'), ('కు', '|'), ('ది', '|'), ('ని', '|'), ('కం', 'U'), ('డ్ల', '|'), ('పొ', '|'), ('గ', '|'), ('రె', 'U'), ('క్కి', '|'), ('న', '|'), ('ది', '|'), ('గం', 'U'), ('డు', '|'), ('కో', 'U'), ('యి', '|'), ('ల', '|'), ('రొ', '|'), ('ద', '|'), ('యే', 'U'), ('ల', '|'), ('సే', 'U'), ('య', '|'), ('కుం', 'U'), ('డు', '|')]",0.65625,-1.0,1.0,0.71875,0.25,-1.0
teytageethi,"నొకరిజోలికి బోని పూలకును బొడిచి । రసము గ్రోలెడి తేటి యీరసము నెంత
దెలుప నే జాల నీమీది మరులుతోన । వశమగునె రామరామ లావణ్యసీమ.",vupajaathi,Laavanya,"[('నొ', '|'), ('క', '|'), ('రి', '|'), ('జో', 'U'), ('లి', '|'), ('కి', '|'), ('బో', 'U'), ('ని', '|'), ('పూ', 'U'), ('ల', '|'), ('కు', '|'), ('ను', '|'), ('బొ', '|'), ('డి', '|'), ('చి', '|'), ('ర', '|'), ('స', '|'), ('ము', '|'), ('గ్రో', 'U'), ('లె', '|'), ('డి', '|'), ('తే', 'U'), ('టి', '|'), ('యీ', 'U'), ('ర', '|'), ('స', '|'), ('ము', '|'), ('నెం', 'U'), ('త', '|'), ('దె', '|'), ('లు', '|'), ('ప', '|'), ('నే', 'U'), ('జా', 'U'), ('ల', '|'), ('నీ', 'U'), ('మీ', 'U'), ('ది', '|'), ('మ', '|'), ('రు', '|'), ('లు', '|'), ('తో', 'U'), ('న', '|'), ('వ', '|'), ('శ', '|'), ('మ', '|'), ('గు', '|'), ('నె', '|'), ('రా', 'U'), ('మ', '|'), ('రా', 'U'), ('మ', '|'), ('లా', 'U'), ('వ', 'U'), ('ణ్య', '|'), ('సీ', 'U'), ('మ', '|')]",0.9166666666666666,-1.0,1.0,1.0,0.75,-1.0
seesamu,"తరుణికెంతట దృష్టి తాకునో యని దాని । సొగసు కన్నులనిండ జూడ వెరతు
మిసిమైన నునుమేను కసుగందునని చేతు- । లెత్తి బిగ్గన కౌగిలింప వెరతు
నవకమౌ లేతచన్గవ సొక్కునని యెంచి । గట్టిగా చేకొద్ది బట్ట వెరతు
చిలచిల నమృతంబు జిలుకగా దాని చ- । క్కెరమోవి మొనపంట గరువ వెరతు",vupajaathi,Laavanya,"[('త', '|'), ('రు', '|'), ('ణి', '|'), ('కెం', 'U'), ('త', '|'), ('ట', '|'), ('దృ', 'U'), ('ష్టి', '|'), ('తా', 'U'), ('కు', '|'), ('నో', 'U'), ('య', '|'), ('ని', '|'), ('దా', 'U'), ('ని', '|'), ('సొ', '|'), ('గ', '|'), ('సు', '|'), ('క', 'U'), ('న్ను', '|'), ('ల', '|'), ('నిం', 'U'), ('డ', '|'), ('జూ', 'U'), ('డ', '|'), ('వె', '|'), ('ర', '|'), ('తు', '|'), ('మి', '|'), ('సి', '|'), ('మై', 'U'), ('న', '|'), ('ను', '|'), ('ను', '|'), ('మే', 'U'), ('ను', '|'), ('క', '|'), ('సు', '|'), ('గం', 'U'), ('దు', '|'), ('న', '|'), ('ని', '|'), ('చే', 'U'), ('తు', '|'), ('లె', 'U'), ('త్తి', '|'), ('బి', 'U'), ('గ్గ', '|'), ('న', '|'), ('కౌ', 'U'), ('గి', '|'), ('లిం', 'U'), ('ప', '|'), ('వె', '|'), ('ర', '|'), ('తు', '|'), ('న', '|'), ('వ', '|'), ('క', '|'), ('మౌ', 'U'), ('లే', 'U'), ('త', '|'), ('చ', 'U'), ('న్గ', '|'), ('వ', '|'), ('సొ', 'U'), ('క్కు', '|'), ('న', '|'), ('ని', '|'), ('యెం', 'U'), ('చి', '|'), ('గ', 'U'), ('ట్టి', '|'), ('గా', 'U'), ('చే', 'U'), ('కొ', 'U'), ('ద్ది', '|'), ('బ', 'U'), ('ట్ట', '|'), ('వె', '|'), ('ర', '|'), ('తు', '|'), ('చి', '|'), ('ల', '|'), ('చి', '|'), ('ల', '|'), ('న', '|'), ('మృ', '|'), ('తం', 'U'), ('బు', '|'), ('జి', '|'), ('లు', '|'), ('క', '|'), ('గా', 'U'), ('దా', 'U'), ('ని', '|'), ('చ', 'U'), ('క్కె', '|'), ('ర', '|'), ('మో', 'U'), ('వి', '|'), ('మొ', '|'), ('న', '|'), ('పం', 'U'), ('ట', '|'), ('గ', '|'), ('రు', '|'), ('వ', '|'), ('వె', '|'), ('ర', '|'), ('తు', '|')]",1.0,-1.0,1.0,1.0,1.0,-1.0
teytageethi,"గోల భయమంది యిక తాళజాలదనుచు । హాయి మీరగ నుపరతి నడుగ వెరతు
దాని సుగుణంబు రూపమింతని వచింప । వశమటే రామరామ లావణ్యసీమ.",vupajaathi,Laavanya,"[('గో', 'U'), ('ల', '|'), ('భ', '|'), ('య', '|'), ('మం', 'U'), ('ది', '|'), ('యి', '|'), ('క', '|'), ('తా', 'U'), ('ళ', '|'), ('జా', 'U'), ('ల', '|'), ('ద', '|'), ('ను', '|'), ('చు', '|'), ('హా', 'U'), ('యి', '|'), ('మీ', 'U'), ('ర', '|'), ('గ', '|'), ('ను', '|'), ('ప', '|'), ('ర', '|'), ('తి', '|'), ('న', '|'), ('డు', '|'), ('గ', '|'), ('వె', '|'), ('ర', '|'), ('తు', '|'), ('దా', 'U'), ('ని', '|'), ('సు', '|'), ('గు', '|'), ('ణం', 'U'), ('బు', '|'), ('రూ', 'U'), ('ప', '|'), ('మిం', 'U'), ('త', '|'), ('ని', '|'), ('వ', '|'), ('చిం', 'U'), ('ప', '|'), ('వ', '|'), ('శ', '|'), ('మ', '|'), ('టే', 'U'), ('రా', 'U'), ('మ', '|'), ('రా', 'U'), ('మ', '|'), ('లా', 'U'), ('వ', 'U'), ('ణ్య', '|'), ('సీ', 'U'), ('మ', '|')]",0.9166666666666666,-1.0,1.0,1.0,0.75,-1.0
seesamu,"చిలకముక్కున కాటు జెందని బింబంబు । పొగలేక నిల్చు కప్పురపు దివ్వె
కోయిల నొక్కుగా కొరకని చిగురాకు । ఘాటింపు పచ్చిమరాటి మొగ్గ
తుమ్మెద వ్రాలని కమ్మదామరపువ్వు । నవకమౌ మేల్దవనంపు మొల్క
సానపై దీరిన జాతివజ్రపురవ । వాసించు గోవజవాజి భరణి",vupajaathi,Laavanya,"[('చి', '|'), ('ల', '|'), ('క', '|'), ('ము', 'U'), ('క్కు', '|'), ('న', '|'), ('కా', 'U'), ('టు', '|'), ('జెం', 'U'), ('ద', '|'), ('ని', '|'), ('బిం', 'U'), ('బం', 'U'), ('బు', '|'), ('పొ', '|'), ('గ', '|'), ('లే', 'U'), ('క', '|'), ('ని', 'U'), ('ల్చు', '|'), ('క', 'U'), ('ప్పు', '|'), ('ర', '|'), ('పు', '|'), ('ది', 'U'), ('వ్వె', '|'), ('కో', 'U'), ('యి', '|'), ('ల', '|'), ('నొ', 'U'), ('క్కు', '|'), ('గా', 'U'), ('కొ', '|'), ('ర', '|'), ('క', '|'), ('ని', '|'), ('చి', '|'), ('గు', '|'), ('రా', 'U'), ('కు', '|'), ('ఘా', 'U'), ('టిం', 'U'), ('పు', '|'), ('ప', 'U'), ('చ్చి', '|'), ('మ', '|'), ('రా', 'U'), ('టి', '|'), ('మొ', 'U'), ('గ్గ', '|'), ('తు', 'U'), ('మ్మె', '|'), ('ద', '|'), ('వ్రా', 'U'), ('ల', '|'), ('ని', '|'), ('క', 'U'), ('మ్మ', '|'), ('దా', 'U'), ('మ', '|'), ('ర', '|'), ('పు', 'U'), ('వ్వు', '|'), ('న', '|'), ('వ', '|'), ('క', '|'), ('మౌ', 'U'), ('మే', 'U'), ('ల్ద', '|'), ('వ', '|'), ('నం', 'U'), ('పు', '|'), ('మొ', 'U'), ('ల్క', '|'), ('సా', 'U'), ('న', '|'), ('పై', 'U'), ('దీ', 'U'), ('రి', '|'), ('న', '|'), ('జా', 'U'), ('తి', '|'), ('వ', '|'), ('జ్ర', '|'), ('పు', '|'), ('ర', '|'), ('వ', '|'), ('వా', 'U'), ('సిం', 'U'), ('చు', '|'), ('గో', 'U'), ('వ', '|'), ('జ', '|'), ('వా', 'U'), ('జి', '|'), ('భ', '|'), ('ర', '|'), ('ణి', '|')]",1.0,-1.0,1.0,1.0,1.0,-1.0
teytageethi,"వలపుల మిటారి నిత్యము వచ్చు దారి । చూచి వేసారి మనమున సొలపు మీరి
మగువ నొకసారి నెనయక మరుని బారి । వశమటే రామరామ లావణ్యసీమ.",vupajaathi,Laavanya,"[('వ', '|'), ('ల', '|'), ('పు', '|'), ('ల', '|'), ('మి', '|'), ('టా', 'U'), ('రి', '|'), ('ని', 'U'), ('త్య', '|'), ('ము', '|'), ('వ', 'U'), ('చ్చు', '|'), ('దా', 'U'), ('రి', '|'), ('చూ', 'U'), ('చి', '|'), ('వే', 'U'), ('సా', 'U'), ('రి', '|'), ('మ', '|'), ('న', '|'), ('ము', '|'), ('న', '|'), ('సొ', '|'), ('ల', '|'), ('పు', '|'), ('మీ', 'U'), ('రి', '|'), ('మ', '|'), ('గు', '|'), ('వ', '|'), ('నొ', '|'), ('క', '|'), ('సా', 'U'), ('రి', '|'), ('నె', '|'), ('న', '|'), ('య', '|'), ('క', '|'), ('మ', '|'), ('రు', '|'), ('ని', '|'), ('బా', 'U'), ('రి', '|'), ('వ', '|'), ('శ', '|'), ('మ', '|'), ('టే', 'U'), ('రా', 'U'), ('మ', '|'), ('రా', 'U'), ('మ', '|'), ('లా', 'U'), ('వ', 'U'), ('ణ్య', '|'), ('సీ', 'U'), ('మ', '|')]",1.0,-1.0,1.0,1.0,1.0,-1.0
seesamu,"చాన నీ కెమ్మోవినాన నిదే మొదల్ । విడెమేమొ నోటికి వెగటులగును
లేమ నే నిను కౌగిలించ నిదే మొదల్ । కసిదీరదయ్యె నా కరములకును
నతివ నీతోడ మాటాడ నిదే మొదల్ । విన సైచదొకపాట వీనులకును
చెలియ నీతో పొందు సేయ నిదే మొదల్ । కరువయ్యె నిదుర నా కన్నులకును",vupajaathi,Laavanya,"[('చా', 'U'), ('న', '|'), ('నీ', 'U'), ('కె', 'U'), ('మ్మో', 'U'), ('వి', '|'), ('నా', 'U'), ('న', '|'), ('ని', '|'), ('దే', 'U'), ('మొ', '|'), ('ద', 'U'), ('ల్వి', '|'), ('డె', '|'), ('మే', 'U'), ('మొ', '|'), ('నో', 'U'), ('టి', '|'), ('కి', '|'), ('వె', '|'), ('గ', '|'), ('టు', '|'), ('ల', '|'), ('గు', '|'), ('ను', '|'), ('లే', 'U'), ('మ', '|'), ('నే', 'U'), ('ని', '|'), ('ను', '|'), ('కౌ', 'U'), ('గి', '|'), ('లిం', 'U'), ('చ', '|'), ('ని', '|'), ('దే', 'U'), ('మొ', '|'), ('ద', 'U'), ('ల్క', '|'), ('సి', '|'), ('దీ', 'U'), ('ర', '|'), ('ద', 'U'), ('య్యె', '|'), ('నా', 'U'), ('క', '|'), ('ర', '|'), ('ము', '|'), ('ల', '|'), ('కు', '|'), ('ను', '|'), ('న', '|'), ('తి', '|'), ('వ', '|'), ('నీ', 'U'), ('తో', 'U'), ('డ', '|'), ('మా', 'U'), ('టా', 'U'), ('డ', '|'), ('ని', '|'), ('దే', 'U'), ('మొ', '|'), ('ద', 'U'), ('ల్వి', '|'), ('న', '|'), ('సై', 'U'), ('చ', '|'), ('దొ', '|'), ('క', '|'), ('పా', 'U'), ('ట', '|'), ('వీ', 'U'), ('ను', '|'), ('ల', '|'), ('కు', '|'), ('ను', '|'), ('చె', '|'), ('లి', '|'), ('య', '|'), ('నీ', 'U'), ('తో', 'U'), ('పొం', 'U'), ('దు', '|'), ('సే', 'U'), ('య', '|'), ('ని', '|'), ('దే', 'U'), ('మొ', '|'), ('ద', 'U'), ('ల్క', '|'), ('రు', '|'), ('వ', 'U'), ('య్యె', '|'), ('ని', '|'), ('దు', '|'), ('ర', '|'), ('నా', 'U'), ('క', 'U'), ('న్ను', '|'), ('ల', '|'), ('కు', '|'), ('ను', '|')]",0.9583333333333334,-1.0,1.0,1.0,0.875,-1.0
teytageethi,"ప్రేమ నెటు దాతు మదికి మందేమి సేతు । నెపుడు నిను జూతు నింక నేనెటుల సైతు
బిరుదు నిక తీతు మరునిదే పెద్ద భీతు । వశమటే రామరామ లావణ్యసీమ.",vupajaathi,Laavanya,"[('ప్రే', 'U'), ('మ', '|'), ('నె', '|'), ('టు', '|'), ('దా', 'U'), ('తు', '|'), ('మ', '|'), ('ది', '|'), ('కి', '|'), ('మం', 'U'), ('దే', 'U'), ('మి', '|'), ('సే', 'U'), ('తు', '|'), ('నె', '|'), ('పు', '|'), ('డు', '|'), ('ని', '|'), ('ను', '|'), ('జూ', 'U'), ('తు', '|'), ('నిం', 'U'), ('క', '|'), ('నే', 'U'), ('నె', '|'), ('టు', '|'), ('ల', '|'), ('సై', 'U'), ('తు', '|'), ('బి', '|'), ('రు', '|'), ('దు', '|'), ('ని', '|'), ('క', '|'), ('తీ', 'U'), ('తు', '|'), ('మ', '|'), ('రు', '|'), ('ని', '|'), ('దే', 'U'), ('పె', 'U'), ('ద్ద', '|'), ('భీ', 'U'), ('తు', '|'), ('వ', '|'), ('శ', '|'), ('మ', '|'), ('టే', 'U'), ('రా', 'U'), ('మ', '|'), ('రా', 'U'), ('మ', '|'), ('లా', 'U'), ('వ', 'U'), ('ణ్య', '|'), ('సీ', 'U'), ('మ', '|')]",1.0,-1.0,1.0,1.0,1.0,-1.0
seesamu,"హా శారచ్చంద్రనిభాస్య హా హరిమధ్య । హా కలకంఠి బింబామృతోష్ఠి
హా నవసరసీరుహాక్షి కోకస్తని । హా గజయాన దయాపయోధి
హా హేమవర్ణనిభాంగి బంభరవేణి । హా పద్మరాగకుందాభరదన
హా సైకతశ్రోణి హా గుణకల్యాణి । హా రాజరత్నమ కీరవాణి",vupajaathi,Laavanya,"[('హా', 'U'), ('శా', 'U'), ('ర', 'U'), ('చ్చం', 'U'), ('ద్ర', '|'), ('ని', '|'), ('భా', 'U'), ('స్య', '|'), ('హా', 'U'), ('హ', '|'), ('రి', '|'), ('మ', 'U'), ('ధ్య', '|'), ('హా', 'U'), ('క', '|'), ('ల', '|'), ('కం', 'U'), ('ఠి', '|'), ('బిం', 'U'), ('బా', 'U'), ('మృ', '|'), ('తో', 'U'), ('ష్ఠి', '|'), ('హా', 'U'), ('న', '|'), ('వ', '|'), ('స', '|'), ('ర', '|'), ('సీ', 'U'), ('రు', '|'), ('హా', 'U'), ('క్షి', '|'), ('కో', 'U'), ('క', 'U'), ('స్త', '|'), ('ని', '|'), ('హా', 'U'), ('గ', '|'), ('జ', '|'), ('యా', 'U'), ('న', '|'), ('ద', '|'), ('యా', 'U'), ('ప', '|'), ('యో', 'U'), ('ధి', '|'), ('హా', 'U'), ('హే', 'U'), ('మ', '|'), ('వ', 'U'), ('ర్ణ', '|'), ('ని', '|'), ('భాం', 'U'), ('గి', '|'), ('బం', 'U'), ('భ', '|'), ('ర', '|'), ('వే', 'U'), ('ణి', '|'), ('హా', 'U'), ('ప', 'U'), ('ద్మ', '|'), ('రా', 'U'), ('గ', '|'), ('కుం', 'U'), ('దా', 'U'), ('భ', '|'), ('ర', '|'), ('ద', '|'), ('న', '|'), ('హా', 'U'), ('సై', 'U'), ('క', '|'), ('త', '|'), ('శ్రో', 'U'), ('ణి', '|'), ('హా', 'U'), ('గు', '|'), ('ణ', '|'), ('క', 'U'), ('ల్యా', 'U'), ('ణి', '|'), ('హా', 'U'), ('రా', 'U'), ('జ', '|'), ('ర', 'U'), ('త్న', '|'), ('మ', '|'), ('కీ', 'U'), ('ర', '|'), ('వా', 'U'), ('ణి', '|')]",0.53125,-1.0,0.875,0.59375,0.125,-1.0
teytageethi,"హా మరుని నాజిలో గెల్చినపుడె నీదు । కుసుమబాణునినగరెల్ల కొల్లసేయ
నెపుడు గల్గును చాన నీ హితము మాన । వశమటే రామరామ లావణ్యసీమ.",vupajaathi,Laavanya,"[('హా', 'U'), ('మ', '|'), ('రు', '|'), ('ని', '|'), ('నా', 'U'), ('జి', '|'), ('లో', 'U'), ('గె', 'U'), ('ల్చి', '|'), ('న', '|'), ('పు', '|'), ('డె', '|'), ('నీ', 'U'), ('దు', '|'), ('కు', '|'), ('సు', '|'), ('మ', '|'), ('బా', 'U'), ('ణు', '|'), ('ని', '|'), ('న', '|'), ('గ', '|'), ('రె', 'U'), ('ల్ల', '|'), ('కొ', 'U'), ('ల్ల', '|'), ('సే', 'U'), ('య', '|'), ('నె', '|'), ('పు', '|'), ('డు', '|'), ('గ', 'U'), ('ల్గు', '|'), ('ను', '|'), ('చా', 'U'), ('న', '|'), ('నీ', 'U'), ('హి', '|'), ('త', '|'), ('ము', '|'), ('మా', 'U'), ('న', '|'), ('వ', '|'), ('శ', '|'), ('మ', '|'), ('టే', 'U'), ('రా', 'U'), ('మ', '|'), ('రా', 'U'), ('మ', '|'), ('లా', 'U'), ('వ', 'U'), ('ణ్య', '|'), ('సీ', 'U'), ('మ', '|')]",0.8333333333333334,-1.0,1.0,1.0,0.5,-1.0
seesamu,"కల్కి నీ కుల్కుగుబ్బల నీటు దలపోసి । గజనిమ్మపండ్లపై కరుణ దరిగె
సఖి నీదు మోవిలో చవి నిరీక్షించిన । పంచదారను కోపగించవలసె
తరుణి నీ మంచిమెత్తనిమేను పరికించి- । నపుడె పూచెండ్లపై హవుసు మానె
కొమ్మ నీ ముద్దుపల్కుల నాదు మదినెంచి । చిలుకనెత్తను బాళి దగలదయ్యె",vupajaathi,Laavanya,"[('క', 'U'), ('ల్కి', '|'), ('నీ', 'U'), ('కు', 'U'), ('ల్కు', '|'), ('గు', 'U'), ('బ్బ', '|'), ('ల', '|'), ('నీ', 'U'), ('టు', '|'), ('ద', '|'), ('ల', '|'), ('పో', 'U'), ('సి', '|'), ('గ', '|'), ('జ', '|'), ('ని', 'U'), ('మ్మ', '|'), ('పం', 'U'), ('డ్ల', '|'), ('పై', 'U'), ('క', '|'), ('రు', '|'), ('ణ', '|'), ('ద', '|'), ('రి', '|'), ('గె', '|'), ('స', '|'), ('ఖి', '|'), ('నీ', 'U'), ('దు', '|'), ('మో', 'U'), ('వి', '|'), ('లో', 'U'), ('చ', '|'), ('వి', '|'), ('ని', '|'), ('రీ', 'U'), ('క్షిం', 'U'), ('చి', '|'), ('న', '|'), ('పం', 'U'), ('చ', '|'), ('దా', 'U'), ('ర', '|'), ('ను', '|'), ('కో', 'U'), ('ప', '|'), ('గిం', 'U'), ('చ', '|'), ('వ', '|'), ('ల', '|'), ('సె', '|'), ('త', '|'), ('రు', '|'), ('ణి', '|'), ('నీ', 'U'), ('మం', 'U'), ('చి', '|'), ('మె', 'U'), ('త్త', '|'), ('ని', '|'), ('మే', 'U'), ('ను', '|'), ('ప', '|'), ('రి', '|'), ('కిం', 'U'), ('చి', '|'), ('న', '|'), ('పు', '|'), ('డె', '|'), ('పూ', 'U'), ('చెం', 'U'), ('డ్ల', '|'), ('పై', 'U'), ('హ', '|'), ('వు', '|'), ('సు', '|'), ('మా', 'U'), ('నె', '|'), ('కొ', 'U'), ('మ్మ', '|'), ('నీ', 'U'), ('ము', 'U'), ('ద్దు', '|'), ('ప', 'U'), ('ల్కు', '|'), ('ల', '|'), ('నా', 'U'), ('దు', '|'), ('మ', '|'), ('ది', '|'), ('నెం', 'U'), ('చి', '|'), ('చి', '|'), ('లు', '|'), ('క', '|'), ('నె', 'U'), ('త్త', '|'), ('ను', '|'), ('బా', 'U'), ('ళి', '|'), ('ద', '|'), ('గ', '|'), ('ల', '|'), ('ద', 'U'), ('య్యె', '|')]",0.875,-1.0,1.0,1.0,0.625,-1.0
teytageethi,"వెలది నినుజేరి మదికేరి వేడ్కమీరి । గోర తొడజీరి మరుబారి కొదువదీరి
కడిమి నొకసారి చలపోరి కలయగోరి । వచ్చితినె రామరామ లావణ్యసీమ.",vupajaathi,Laavanya,"[('వె', '|'), ('ల', '|'), ('ది', '|'), ('ని', '|'), ('ను', '|'), ('జే', 'U'), ('రి', '|'), ('మ', '|'), ('ది', '|'), ('కే', 'U'), ('రి', '|'), ('వే', 'U'), ('డ్క', '|'), ('మీ', 'U'), ('రి', '|'), ('గో', 'U'), ('ర', '|'), ('తొ', '|'), ('డ', '|'), ('జీ', 'U'), ('రి', '|'), ('మ', '|'), ('రు', '|'), ('బా', 'U'), ('రి', '|'), ('కొ', '|'), ('దు', '|'), ('వ', '|'), ('దీ', 'U'), ('రి', '|'), ('క', '|'), ('డి', '|'), ('మి', '|'), ('నొ', '|'), ('క', '|'), ('సా', 'U'), ('రి', '|'), ('చ', '|'), ('ల', '|'), ('పో', 'U'), ('రి', '|'), ('క', '|'), ('ల', '|'), ('య', '|'), ('గో', 'U'), ('రి', '|'), ('వ', 'U'), ('చ్చి', '|'), ('తి', '|'), ('నె', '|'), ('రా', 'U'), ('మ', '|'), ('రా', 'U'), ('మ', '|'), ('లా', 'U'), ('వ', 'U'), ('ణ్య', '|'), ('సీ', 'U'), ('మ', '|')]",1.0,-1.0,1.0,1.0,1.0,-1.0
seesamu,"వనజాక్షి భువి రూపవతులెందు నిక లేరా । నవురుగా నొకవేళ నవ్వుకోరా
యెదటి భావంబు గుర్తెరిగి మన్నించరో । యెంచి యంతట పల్కరించుకోరా
యతినయోక్తుల క్షేమమడుగరో వలపించి । సతిపతులని యున్న జగములోన
శుకవాణి చెర్లాటలకు కలహించరో । కలహించి పిమ్మట గలుసుకోరా",vupajaathi,Laavanya,"[('వ', '|'), ('న', '|'), ('జా', 'U'), ('క్షి', '|'), ('భు', '|'), ('వి', '|'), ('రూ', 'U'), ('ప', '|'), ('వ', '|'), ('తు', '|'), ('లెం', 'U'), ('దు', '|'), ('ని', '|'), ('క', '|'), ('లే', 'U'), ('రా', 'U'), ('న', '|'), ('వు', '|'), ('రు', '|'), ('గా', 'U'), ('నొ', '|'), ('క', '|'), ('వే', 'U'), ('ళ', '|'), ('న', 'U'), ('వ్వు', '|'), ('కో', 'U'), ('రా', 'U'), ('యె', '|'), ('ద', '|'), ('టి', '|'), ('భా', 'U'), ('వం', 'U'), ('బు', '|'), ('గు', 'U'), ('ర్తె', '|'), ('రి', '|'), ('గి', '|'), ('మ', 'U'), ('న్నిం', 'U'), ('చ', '|'), ('రో', 'U'), ('యెం', 'U'), ('చి', '|'), ('యం', 'U'), ('త', '|'), ('ట', '|'), ('ప', 'U'), ('ల్క', '|'), ('రిం', 'U'), ('చు', '|'), ('కో', 'U'), ('రా', 'U'), ('య', '|'), ('తి', '|'), ('న', '|'), ('యో', 'U'), ('క్తు', '|'), ('ల', 'U'), ('క్షే', 'U'), ('మ', '|'), ('మ', '|'), ('డు', '|'), ('గ', '|'), ('రో', 'U'), ('వ', '|'), ('ల', '|'), ('పిం', 'U'), ('చి', '|'), ('స', '|'), ('తి', '|'), ('ప', '|'), ('తు', '|'), ('ల', '|'), ('ని', '|'), ('యు', 'U'), ('న్న', '|'), ('జ', '|'), ('గ', '|'), ('ము', '|'), ('లో', 'U'), ('న', '|'), ('శు', '|'), ('క', '|'), ('వా', 'U'), ('ణి', '|'), ('చె', 'U'), ('ర్లా', 'U'), ('ట', '|'), ('ల', '|'), ('కు', '|'), ('క', '|'), ('ల', '|'), ('హిం', 'U'), ('చ', '|'), ('రో', 'U'), ('క', '|'), ('ల', '|'), ('హిం', 'U'), ('చి', '|'), ('పి', 'U'), ('మ్మ', '|'), ('ట', '|'), ('గ', '|'), ('లు', '|'), ('సు', '|'), ('కో', 'U'), ('రా', 'U')]",0.625,-1.0,1.0,0.625,0.25,-1.0
teytageethi,"నింత నావలె బాళి నీయంత కఠిన । నెందు గానను జాణనయింది మొదలు
నతివ దానిల్లు బంగారమైరి యింత । వంచనటె రామరామ లావణ్యసీమ.",vupajaathi,Laavanya,"[('నిం', 'U'), ('త', '|'), ('నా', 'U'), ('వ', '|'), ('లె', '|'), ('బా', 'U'), ('ళి', '|'), ('నీ', 'U'), ('యం', 'U'), ('త', '|'), ('క', '|'), ('ఠి', '|'), ('న', '|'), ('నెం', 'U'), ('దు', '|'), ('గా', 'U'), ('న', '|'), ('ను', '|'), ('జా', 'U'), ('ణ', '|'), ('న', '|'), ('యిం', 'U'), ('ది', '|'), ('మొ', '|'), ('ద', '|'), ('లు', '|'), ('న', '|'), ('తి', '|'), ('వ', '|'), ('దా', 'U'), ('ని', 'U'), ('ల్లు', '|'), ('బం', 'U'), ('గా', 'U'), ('ర', '|'), ('మై', 'U'), ('రి', '|'), ('యిం', 'U'), ('త', '|'), ('వం', 'U'), ('చ', '|'), ('న', '|'), ('టె', '|'), ('రా', 'U'), ('మ', '|'), ('రా', 'U'), ('మ', '|'), ('లా', 'U'), ('వ', 'U'), ('ణ్య', '|'), ('సీ', 'U'), ('మ', '|')]",0.9166666666666666,-1.0,1.0,1.0,0.75,-1.0
seesamu,"చివురాకుపై మంచు చెక్కిలి చెమటంచు। తొడగ రుమాలుచే తుడువబోదు
ననటుల బిగి గాంచి పెనుదొడలని యెంచి । యొనరుగా నెలవంక లునుపబోదు
నునుముత్యముల గాంచి చనుమొన లనిపించి । తెలియజాలక చేత నలుమబోదు
పటములో వ్రాసిన ప్రతిమను గాంచి నీ- । వంచు ప్రేమను కౌగిలించబోదు",vupajaathi,Laavanya,"[('చి', '|'), ('వు', '|'), ('రా', 'U'), ('కు', '|'), ('పై', 'U'), ('మం', 'U'), ('చు', '|'), ('చె', 'U'), ('క్కి', '|'), ('లి', '|'), ('చె', '|'), ('మ', '|'), ('టం', 'U'), ('చు', '|'), ('తొ', '|'), ('డ', '|'), ('గ', '|'), ('రు', '|'), ('మా', 'U'), ('లు', '|'), ('చే', 'U'), ('తు', '|'), ('డు', '|'), ('వ', '|'), ('బో', 'U'), ('దు', '|'), ('న', '|'), ('న', '|'), ('టు', '|'), ('ల', '|'), ('బి', '|'), ('గి', '|'), ('గాం', 'U'), ('చి', '|'), ('పె', '|'), ('ను', '|'), ('దొ', '|'), ('డ', '|'), ('ల', '|'), ('ని', '|'), ('యెం', 'U'), ('చి', '|'), ('యొ', '|'), ('న', '|'), ('రు', '|'), ('గా', 'U'), ('నె', '|'), ('ల', '|'), ('వం', 'U'), ('క', '|'), ('లు', '|'), ('ను', '|'), ('ప', '|'), ('బో', 'U'), ('దు', '|'), ('ను', '|'), ('ను', '|'), ('ము', 'U'), ('త్య', '|'), ('ము', '|'), ('ల', '|'), ('గాం', 'U'), ('చి', '|'), ('చ', '|'), ('ను', '|'), ('మొ', '|'), ('న', '|'), ('ల', '|'), ('ని', '|'), ('పిం', 'U'), ('చి', '|'), ('తె', '|'), ('లి', '|'), ('య', '|'), ('జా', 'U'), ('ల', '|'), ('క', '|'), ('చే', 'U'), ('త', '|'), ('న', '|'), ('లు', '|'), ('మ', '|'), ('బో', 'U'), ('దు', '|'), ('ప', '|'), ('ట', '|'), ('ము', '|'), ('లో', 'U'), ('వ్రా', 'U'), ('సి', '|'), ('న', '|'), ('ప్ర', '|'), ('తి', '|'), ('మ', '|'), ('ను', '|'), ('గాం', 'U'), ('చి', '|'), ('నీ', 'U'), ('వం', 'U'), ('చు', '|'), ('ప్రే', 'U'), ('మ', '|'), ('ను', '|'), ('కౌ', 'U'), ('గి', '|'), ('లిం', 'U'), ('చ', '|'), ('బో', 'U'), ('దు', '|')]",1.0,-1.0,1.0,1.0,1.0,-1.0
teytageethi,"వెరవకని మోదమలర నామీద ప్రేమ । నింపగా రాద జాలి యొక్కింత గాద
తరుణి యికమీద విరహసాగరము నీద । వశమటే రామరామ లావణ్యసీమ.",vupajaathi,Laavanya,"[('వె', '|'), ('ర', '|'), ('వ', '|'), ('క', '|'), ('ని', '|'), ('మో', 'U'), ('ద', '|'), ('మ', '|'), ('ల', '|'), ('ర', '|'), ('నా', 'U'), ('మీ', 'U'), ('ద', '|'), ('ప్రే', 'U'), ('మ', '|'), ('నిం', 'U'), ('ప', '|'), ('గా', 'U'), ('రా', 'U'), ('ద', '|'), ('జా', 'U'), ('లి', '|'), ('యొ', 'U'), ('క్కిం', 'U'), ('త', '|'), ('గా', 'U'), ('ద', '|'), ('త', '|'), ('రు', '|'), ('ణి', '|'), ('యి', '|'), ('క', '|'), ('మీ', 'U'), ('ద', '|'), ('వి', '|'), ('ర', '|'), ('హ', '|'), ('సా', 'U'), ('గ', '|'), ('ర', '|'), ('ము', '|'), ('నీ', 'U'), ('ద', '|'), ('వ', '|'), ('శ', '|'), ('మ', '|'), ('టే', 'U'), ('రా', 'U'), ('మ', '|'), ('రా', 'U'), ('మ', '|'), ('లా', 'U'), ('వ', 'U'), ('ణ్య', '|'), ('సీ', 'U'), ('మ', '|')]",0.8333333333333334,-1.0,1.0,1.0,0.5,-1.0
seesamu,"అతివ నేనొకసారి యీనితే నీదు వా- । తెరతేనె లేమైన తరిగిపోనె
పణతి నేనిసుమంత బట్టితే నీ చను- । బంతు లంతటిలోనె వాడిపోనె
యలుకలేమిటికంచు పలుకరించంగానె । పలుకులో నమృతంబు లొలికిపోనె
కడుప్రేమ నొకసారి కౌగిలించంగానె । కలికి నీ తనువేమి కందిపోనె",vupajaathi,Laavanya,"[('అ', '|'), ('తి', '|'), ('వ', '|'), ('నే', 'U'), ('నొ', '|'), ('క', '|'), ('సా', 'U'), ('రి', '|'), ('యీ', 'U'), ('ని', '|'), ('తే', 'U'), ('నీ', 'U'), ('దు', '|'), ('వా', 'U'), ('తె', '|'), ('ర', '|'), ('తే', 'U'), ('నె', '|'), ('లే', 'U'), ('మై', 'U'), ('న', '|'), ('త', '|'), ('రి', '|'), ('గి', '|'), ('పో', 'U'), ('నె', '|'), ('ప', '|'), ('ణ', '|'), ('తి', '|'), ('నే', 'U'), ('ని', '|'), ('సు', '|'), ('మం', 'U'), ('త', '|'), ('బ', 'U'), ('ట్టి', '|'), ('తే', 'U'), ('నీ', 'U'), ('చ', '|'), ('ను', '|'), ('బం', 'U'), ('తు', '|'), ('లం', 'U'), ('త', '|'), ('టి', '|'), ('లో', 'U'), ('నె', '|'), ('వా', 'U'), ('డి', '|'), ('పో', 'U'), ('నె', '|'), ('య', '|'), ('లు', '|'), ('క', '|'), ('లే', 'U'), ('మి', '|'), ('టి', '|'), ('కం', 'U'), ('చు', '|'), ('ప', '|'), ('లు', '|'), ('క', '|'), ('రిం', 'U'), ('చం', 'U'), ('గా', 'U'), ('నె', '|'), ('ప', '|'), ('లు', '|'), ('కు', '|'), ('లో', 'U'), ('న', '|'), ('మృ', '|'), ('తం', 'U'), ('బు', '|'), ('లొ', '|'), ('లి', '|'), ('కి', '|'), ('పో', 'U'), ('నె', '|'), ('క', '|'), ('డు', '|'), ('ప్రే', 'U'), ('మ', '|'), ('నొ', '|'), ('క', '|'), ('సా', 'U'), ('రి', '|'), ('కౌ', 'U'), ('గి', '|'), ('లిం', 'U'), ('చం', 'U'), ('గా', 'U'), ('నె', '|'), ('క', '|'), ('లి', '|'), ('కి', '|'), ('నీ', 'U'), ('త', '|'), ('ను', '|'), ('వే', 'U'), ('మి', '|'), ('కం', 'U'), ('ది', '|'), ('పో', 'U'), ('నె', '|')]",0.9166666666666666,-1.0,1.0,1.0,0.75,-1.0
teytageethi,"వనిత నాతోడ నొకసారి కెనయగానె । దర్పకుని బొక్కసము కేమి తక్కువగునె
చాన నిను మాన నాతోన చలము బూన- । వలెనటె రామరామ లావణ్యసీమ.",vupajaathi,Laavanya,"[('వ', '|'), ('ని', '|'), ('త', '|'), ('నా', 'U'), ('తో', 'U'), ('డ', '|'), ('నొ', '|'), ('క', '|'), ('సా', 'U'), ('రి', '|'), ('కె', '|'), ('న', '|'), ('య', '|'), ('గా', 'U'), ('నె', '|'), ('ద', 'U'), ('ర్ప', '|'), ('కు', '|'), ('ని', '|'), ('బొ', 'U'), ('క్క', '|'), ('స', '|'), ('ము', '|'), ('కే', 'U'), ('మి', '|'), ('త', 'U'), ('క్కు', '|'), ('వ', '|'), ('గు', '|'), ('నె', '|'), ('చా', 'U'), ('న', '|'), ('ని', '|'), ('ను', '|'), ('మా', 'U'), ('న', '|'), ('నా', 'U'), ('తో', 'U'), ('న', '|'), ('చ', '|'), ('ల', '|'), ('ము', '|'), ('బూ', 'U'), ('న', '|'), ('వ', '|'), ('లె', '|'), ('న', '|'), ('టె', '|'), ('రా', 'U'), ('మ', '|'), ('రా', 'U'), ('మ', '|'), ('లా', 'U'), ('వ', 'U'), ('ణ్య', '|'), ('సీ', 'U'), ('మ', '|')]",0.8666666666666667,-1.0,1.0,0.85,0.75,-1.0
seesamu,"కోపమేటికి ముద్దుగిల్కు నెమ్మొగమెత్తి । చూడవే నను బాల సుగుణశీల
వలచివచ్చితినంచు వంచనేమిటికి నన్ । మన్నించవే భామ మధురసీమ
చుల్కసేయక తేనెజిల్క ప్రేమగ నొక్క । మాటాడవే యింతి మదనుదంతి
గబ్బిగుబ్బల రొమ్ము గదియించి నా యెద । నానవే యో చాన హంసయాన",vupajaathi,Laavanya,"[('కో', 'U'), ('ప', '|'), ('మే', 'U'), ('టి', '|'), ('కి', '|'), ('ము', 'U'), ('ద్దు', '|'), ('గి', 'U'), ('ల్కు', '|'), ('నె', 'U'), ('మ్మొ', '|'), ('గ', '|'), ('మె', 'U'), ('త్తి', '|'), ('చూ', 'U'), ('డ', '|'), ('వే', 'U'), ('న', '|'), ('ను', '|'), ('బా', 'U'), ('ల', '|'), ('సు', '|'), ('గు', '|'), ('ణ', '|'), ('శీ', 'U'), ('ల', '|'), ('వ', '|'), ('ల', '|'), ('చి', '|'), ('వ', 'U'), ('చ్చి', '|'), ('తి', '|'), ('నం', 'U'), ('చు', '|'), ('వం', 'U'), ('చ', '|'), ('నే', 'U'), ('మి', '|'), ('టి', '|'), ('కి', '|'), ('న', 'U'), ('న్మ', 'U'), ('న్నిం', 'U'), ('చ', '|'), ('వే', 'U'), ('భా', 'U'), ('మ', '|'), ('మ', '|'), ('ధు', '|'), ('ర', '|'), ('సీ', 'U'), ('మ', '|'), ('చు', 'U'), ('ల్క', '|'), ('సే', 'U'), ('య', '|'), ('క', '|'), ('తే', 'U'), ('నె', '|'), ('జి', 'U'), ('ల్క', '|'), ('ప్రే', 'U'), ('మ', '|'), ('గ', '|'), ('నొ', 'U'), ('క్క', '|'), ('మా', 'U'), ('టా', 'U'), ('డ', '|'), ('వే', 'U'), ('యిం', 'U'), ('తి', '|'), ('మ', '|'), ('ద', '|'), ('ను', '|'), ('దం', 'U'), ('తి', '|'), ('గ', 'U'), ('బ్బి', '|'), ('గు', 'U'), ('బ్బ', '|'), ('ల', '|'), ('రొ', 'U'), ('మ్ము', '|'), ('గ', '|'), ('ది', '|'), ('యిం', 'U'), ('చి', '|'), ('నా', 'U'), ('యె', '|'), ('ద', '|'), ('నా', 'U'), ('న', '|'), ('వే', 'U'), ('యో', 'U'), ('చా', 'U'), ('న', '|'), ('హం', 'U'), ('స', '|'), ('యా', 'U'), ('న', '|')]",0.9166666666666666,-1.0,1.0,1.0,0.75,-1.0
teytageethi,"యేలనే గోల చలము నీకేల సైప- । జాల నీ జాలమేల నన్ చాలరతుల
దేల దయనేలకున్న నీవేళ తాళ । వశమటే రామరామ లావణ్యసీమ.",vupajaathi,Laavanya,"[('యే', 'U'), ('ల', '|'), ('నే', 'U'), ('గో', 'U'), ('ల', '|'), ('చ', '|'), ('ల', '|'), ('ము', '|'), ('నీ', 'U'), ('కే', 'U'), ('ల', '|'), ('సై', 'U'), ('ప', '|'), ('జా', 'U'), ('ల', '|'), ('నీ', 'U'), ('జా', 'U'), ('ల', '|'), ('మే', 'U'), ('ల', '|'), ('న', 'U'), ('న్చా', 'U'), ('ల', '|'), ('ర', '|'), ('తు', '|'), ('ల', '|'), ('దే', 'U'), ('ల', '|'), ('ద', '|'), ('య', '|'), ('నే', 'U'), ('ల', '|'), ('కు', 'U'), ('న్న', '|'), ('నీ', 'U'), ('వే', 'U'), ('ళ', '|'), ('తా', 'U'), ('ళ', '|'), ('వ', '|'), ('శ', '|'), ('మ', '|'), ('టే', 'U'), ('రా', 'U'), ('మ', '|'), ('రా', 'U'), ('మ', '|'), ('లా', 'U'), ('వ', 'U'), ('ణ్య', '|'), ('సీ', 'U'), ('మ', '|')]",0.9166666666666666,-1.0,1.0,1.0,0.75,-1.0
seesamu,"చేడె నిన్ కన్నుల జూడకయున్న నా । గడె బ్రహ్మకల్పముగా దలంతు
వనిత నీ చెరుగు మాసిన మూడునాళ్లు నే । క్షణమొక్క యుగముగా జరుపుచుందు
మదిరాక్షి వ్రతదినంబది గూడదను రేయు । నిమిషమొక్కేడుగా నిదుర గాతు
పొలతి పుట్టలు జూడపోవుచో నణుమాత్ర- । మును లెక్కగొని మనువని తలంతు",vupajaathi,Laavanya,"[('చే', 'U'), ('డె', '|'), ('ని', 'U'), ('న్క', 'U'), ('న్ను', '|'), ('ల', '|'), ('జూ', 'U'), ('డ', '|'), ('క', '|'), ('యు', 'U'), ('న్న', '|'), ('నా', 'U'), ('గ', '|'), ('డె', '|'), ('బ్ర', 'U'), ('హ్మ', '|'), ('క', 'U'), ('ల్ప', '|'), ('ము', '|'), ('గా', 'U'), ('ద', '|'), ('లం', 'U'), ('తు', '|'), ('వ', '|'), ('ని', '|'), ('త', '|'), ('నీ', 'U'), ('చె', '|'), ('రు', '|'), ('గు', '|'), ('మా', 'U'), ('సి', '|'), ('న', '|'), ('మూ', 'U'), ('డు', '|'), ('నా', 'U'), ('ళ్లు', '|'), ('నే', 'U'), ('క్ష', '|'), ('ణ', '|'), ('మొ', 'U'), ('క్క', '|'), ('యు', '|'), ('గ', '|'), ('ము', '|'), ('గా', 'U'), ('జ', '|'), ('రు', '|'), ('పు', '|'), ('చుం', 'U'), ('దు', '|'), ('మ', '|'), ('ది', '|'), ('రా', 'U'), ('క్షి', '|'), ('వ్ర', '|'), ('త', '|'), ('ది', '|'), ('నం', 'U'), ('బ', '|'), ('ది', '|'), ('గూ', 'U'), ('డ', '|'), ('ద', '|'), ('ను', '|'), ('రే', 'U'), ('యు', '|'), ('ని', '|'), ('మి', '|'), ('ష', '|'), ('మొ', 'U'), ('క్కే', 'U'), ('డు', '|'), ('గా', 'U'), ('ని', '|'), ('దు', '|'), ('ర', '|'), ('గా', 'U'), ('తు', '|'), ('పొ', '|'), ('ల', '|'), ('తి', '|'), ('పు', 'U'), ('ట్ట', '|'), ('లు', '|'), ('జూ', 'U'), ('డ', '|'), ('పో', 'U'), ('వు', '|'), ('చో', 'U'), ('న', '|'), ('ణు', '|'), ('మా', 'U'), ('త్ర', '|'), ('ము', '|'), ('ను', '|'), ('లె', 'U'), ('క్క', '|'), ('గొ', '|'), ('ని', '|'), ('మ', '|'), ('ను', '|'), ('వ', '|'), ('ని', '|'), ('త', '|'), ('లం', 'U'), ('తు', '|')]",1.0,-1.0,1.0,1.0,1.0,-1.0
teytageethi,"రమణి మరులొగ్గి విరహానలమున కగ్గి । మరిమరిని తగ్గి సొగసుపై మనసు నొగ్గి
వేడుకల మ్రొగ్గియున్న నన్ వింతసేయ । వలెనటే రామరామ లావణ్యసీమ.",vupajaathi,Laavanya,"[('ర', '|'), ('మ', '|'), ('ణి', '|'), ('మ', '|'), ('రు', '|'), ('లొ', 'U'), ('గ్గి', '|'), ('వి', '|'), ('ర', '|'), ('హా', 'U'), ('న', '|'), ('ల', '|'), ('ము', '|'), ('న', '|'), ('క', 'U'), ('గ్గి', '|'), ('మ', '|'), ('రి', '|'), ('మ', '|'), ('రి', '|'), ('ని', '|'), ('త', 'U'), ('గ్గి', '|'), ('సొ', '|'), ('గ', '|'), ('సు', '|'), ('పై', 'U'), ('మ', '|'), ('న', '|'), ('సు', '|'), ('నొ', 'U'), ('గ్గి', '|'), ('వే', 'U'), ('డు', '|'), ('క', '|'), ('ల', '|'), ('మ్రొ', 'U'), ('గ్గి', '|'), ('యు', 'U'), ('న్న', '|'), ('న', 'U'), ('న్విం', 'U'), ('త', '|'), ('సే', 'U'), ('య', '|'), ('వ', '|'), ('లె', '|'), ('న', '|'), ('టే', 'U'), ('రా', 'U'), ('మ', '|'), ('రా', 'U'), ('మ', '|'), ('లా', 'U'), ('వ', 'U'), ('ణ్య', '|'), ('సీ', 'U'), ('మ', '|')]",1.0,-1.0,1.0,1.0,1.0,-1.0
seesamu,"కలపంబు నెమ్మేన నలది యొద్దిక జేరి । వినుతించి కప్పురవిడె మొసంగి
యరవిరి సంపెందవిరులు సొంపుగ జుట్టి । కడుమోదమున బిగ్గ గౌగలించి
పెదవితేనియలిచ్చి మదనదాహము దీర్చి । కెమ్మోవిపై పలుగెంపులుంచి
పావురగతి కేరి పలికి చెక్కిలి జీరి । ముద్దిచ్చి లాలించి మోహరించి",vupajaathi,Laavanya,"[('క', '|'), ('ల', '|'), ('పం', 'U'), ('బు', '|'), ('నె', 'U'), ('మ్మే', 'U'), ('న', '|'), ('న', '|'), ('ల', '|'), ('ది', '|'), ('యొ', 'U'), ('ద్ది', '|'), ('క', '|'), ('జే', 'U'), ('రి', '|'), ('వి', '|'), ('ను', '|'), ('తిం', 'U'), ('చి', '|'), ('క', 'U'), ('ప్పు', '|'), ('ర', '|'), ('వి', '|'), ('డె', '|'), ('మొ', '|'), ('సం', 'U'), ('గి', '|'), ('య', '|'), ('ర', '|'), ('వి', '|'), ('రి', '|'), ('సం', 'U'), ('పెం', 'U'), ('ద', '|'), ('వి', '|'), ('రు', '|'), ('లు', '|'), ('సొం', 'U'), ('పు', '|'), ('గ', '|'), ('జు', 'U'), ('ట్టి', '|'), ('క', '|'), ('డు', '|'), ('మో', 'U'), ('ద', '|'), ('ము', '|'), ('న', '|'), ('బి', 'U'), ('గ్గ', '|'), ('గౌ', 'U'), ('గ', '|'), ('లిం', 'U'), ('చి', '|'), ('పె', '|'), ('ద', '|'), ('వి', '|'), ('తే', 'U'), ('ని', '|'), ('య', '|'), ('లి', 'U'), ('చ్చి', '|'), ('మ', '|'), ('ద', '|'), ('న', '|'), ('దా', 'U'), ('హ', '|'), ('ము', '|'), ('దీ', 'U'), ('ర్చి', '|'), ('కె', 'U'), ('మ్మో', 'U'), ('వి', '|'), ('పై', 'U'), ('ప', '|'), ('లు', '|'), ('గెం', 'U'), ('పు', '|'), ('లుం', 'U'), ('చి', '|'), ('పా', 'U'), ('వు', '|'), ('ర', '|'), ('గ', '|'), ('తి', '|'), ('కే', 'U'), ('రి', '|'), ('ప', '|'), ('లి', '|'), ('కి', '|'), ('చె', 'U'), ('క్కి', '|'), ('లి', '|'), ('జీ', 'U'), ('రి', '|'), ('ము', 'U'), ('ద్ది', 'U'), ('చ్చి', '|'), ('లా', 'U'), ('లిం', 'U'), ('చి', '|'), ('మో', 'U'), ('హ', '|'), ('రిం', 'U'), ('చి', '|')]",1.0,-1.0,1.0,1.0,1.0,-1.0
teytageethi,"గుబ్బిచనుమొన లెదనాని గురుతులుంచి । తరుణి చౌశీతిబంధపద్ధతు లెరింగి
రతుల దేలించు నీ చమత్కృతి దలంప । వశమటే రామరామ లావణ్యసీమ.",vupajaathi,Laavanya,"[('గు', 'U'), ('బ్బి', '|'), ('చ', '|'), ('ను', '|'), ('మొ', '|'), ('న', '|'), ('లె', '|'), ('ద', '|'), ('నా', 'U'), ('ని', '|'), ('గు', '|'), ('రు', '|'), ('తు', '|'), ('లుం', 'U'), ('చి', '|'), ('త', '|'), ('రు', '|'), ('ణి', '|'), ('చౌ', 'U'), ('శీ', 'U'), ('తి', '|'), ('బం', 'U'), ('ధ', '|'), ('ప', 'U'), ('ద్ధ', '|'), ('తు', '|'), ('లె', '|'), ('రిం', 'U'), ('గి', '|'), ('ర', '|'), ('తు', '|'), ('ల', '|'), ('దే', 'U'), ('లిం', 'U'), ('చు', '|'), ('నీ', 'U'), ('చ', '|'), ('మ', 'U'), ('త్కృ', '|'), ('తి', '|'), ('ద', '|'), ('లం', 'U'), ('ప', '|'), ('వ', '|'), ('శ', '|'), ('మ', '|'), ('టే', 'U'), ('రా', 'U'), ('మ', '|'), ('రా', 'U'), ('మ', '|'), ('లా', 'U'), ('వ', 'U'), ('ణ్య', '|'), ('సీ', 'U'), ('మ', '|')]",1.0,-1.0,1.0,1.0,1.0,-1.0
seesamu,"ఏలనే యింత జాగేలనే తమి నిల్ప- । జాలనే కరుణ నన్నేలుకొనవె
మానవే చల మెంతదానవే కెమ్మోవి- । నానవే కౌగిట బూని వేడ్క
నేరమా పల్కు బంగారమా నాచోట । క్రూరమా మరి కానివారమటవె
యెంచవే రతుల దేలించవే చాల మ- । న్నించవే వగలు చాలించి యిపుడు",vupajaathi,Laavanya,"[('ఏ', 'U'), ('ల', '|'), ('నే', 'U'), ('యిం', 'U'), ('త', '|'), ('జా', 'U'), ('గే', 'U'), ('ల', '|'), ('నే', 'U'), ('త', '|'), ('మి', '|'), ('ని', 'U'), ('ల్ప', '|'), ('జా', 'U'), ('ల', '|'), ('నే', 'U'), ('క', '|'), ('రు', '|'), ('ణ', '|'), ('న', 'U'), ('న్నే', 'U'), ('లు', '|'), ('కొ', '|'), ('న', '|'), ('వె', '|'), ('మా', 'U'), ('న', '|'), ('వే', 'U'), ('చ', '|'), ('ల', '|'), ('మెం', 'U'), ('త', '|'), ('దా', 'U'), ('న', '|'), ('వే', 'U'), ('కె', 'U'), ('మ్మో', 'U'), ('వి', '|'), ('నా', 'U'), ('న', '|'), ('వే', 'U'), ('కౌ', 'U'), ('గి', '|'), ('ట', '|'), ('బూ', 'U'), ('ని', '|'), ('వే', 'U'), ('డ్క', '|'), ('నే', 'U'), ('ర', '|'), ('మా', 'U'), ('ప', 'U'), ('ల్కు', '|'), ('బం', 'U'), ('గా', 'U'), ('ర', '|'), ('మా', 'U'), ('నా', 'U'), ('చో', 'U'), ('ట', '|'), ('క్రూ', 'U'), ('ర', '|'), ('మా', 'U'), ('మ', '|'), ('రి', '|'), ('కా', 'U'), ('ని', '|'), ('వా', 'U'), ('ర', '|'), ('మ', '|'), ('ట', '|'), ('వె', '|'), ('యెం', 'U'), ('చ', '|'), ('వే', 'U'), ('ర', '|'), ('తు', '|'), ('ల', '|'), ('దే', 'U'), ('లిం', 'U'), ('చ', '|'), ('వే', 'U'), ('చా', 'U'), ('ల', '|'), ('మ', 'U'), ('న్నిం', 'U'), ('చ', '|'), ('వే', 'U'), ('వ', '|'), ('గ', '|'), ('లు', '|'), ('చా', 'U'), ('లిం', 'U'), ('చి', '|'), ('యి', '|'), ('పు', '|'), ('డు', '|')]",0.9583333333333334,-1.0,1.0,1.0,0.875,-1.0
teytageethi,"చెరుకుసింగిణిదొర బారి తరముగాక । వెరచి మరులను తానయై వేడుకొనిన
తెలియవైతివి మనసులో దిగులు దలప । వశమటే రామరామ లావణ్యసీమ.",vupajaathi,Laavanya,"[('చె', '|'), ('రు', '|'), ('కు', '|'), ('సిం', 'U'), ('గి', '|'), ('ణి', '|'), ('దొ', '|'), ('ర', '|'), ('బా', 'U'), ('రి', '|'), ('త', '|'), ('ర', '|'), ('ము', '|'), ('గా', 'U'), ('క', '|'), ('వె', '|'), ('ర', '|'), ('చి', '|'), ('మ', '|'), ('రు', '|'), ('ల', '|'), ('ను', '|'), ('తా', 'U'), ('న', '|'), ('యై', 'U'), ('వే', 'U'), ('డు', '|'), ('కొ', '|'), ('ని', '|'), ('న', '|'), ('తె', '|'), ('లి', '|'), ('య', '|'), ('వై', 'U'), ('తి', '|'), ('వి', '|'), ('మ', '|'), ('న', '|'), ('సు', '|'), ('లో', 'U'), ('ది', '|'), ('గు', '|'), ('లు', '|'), ('ద', '|'), ('ల', '|'), ('ప', '|'), ('వ', '|'), ('శ', '|'), ('మ', '|'), ('టే', 'U'), ('రా', 'U'), ('మ', '|'), ('రా', 'U'), ('మ', '|'), ('లా', 'U'), ('వ', 'U'), ('ణ్య', '|'), ('సీ', 'U'), ('మ', '|')]",1.0,-1.0,1.0,1.0,1.0,-1.0
seesamu,"కలవి గ్రక్కకురె కోకిలలార మీ కూక । సుదతి నెమ్మొగమెత్తి చూచుదాక
చలము సేయకురె వెన్నెలలార మీ కాక । హరిమధ్య సుంత మాటాడుదాక
మురిపేల చల్వతెమ్మెరలార మీ రాక । చంచలాక్షిని కౌగిలించుదాక
మదనా సరేను మంచిది లేర నీ ఢాక । ననబోణి నాతోడ నెనయుదాక",vupajaathi,Laavanya,"[('క', '|'), ('ల', '|'), ('వి', '|'), ('గ్ర', 'U'), ('క్క', '|'), ('కు', '|'), ('రె', '|'), ('కో', 'U'), ('కి', '|'), ('ల', '|'), ('లా', 'U'), ('ర', '|'), ('మీ', 'U'), ('కూ', 'U'), ('క', '|'), ('సు', '|'), ('ద', '|'), ('తి', '|'), ('నె', 'U'), ('మ్మొ', '|'), ('గ', '|'), ('మె', 'U'), ('త్తి', '|'), ('చూ', 'U'), ('చు', '|'), ('దా', 'U'), ('క', '|'), ('చ', '|'), ('ల', '|'), ('ము', '|'), ('సే', 'U'), ('య', '|'), ('కు', '|'), ('రె', '|'), ('వె', 'U'), ('న్నె', '|'), ('ల', '|'), ('లా', 'U'), ('ర', '|'), ('మీ', 'U'), ('కా', 'U'), ('క', '|'), ('హ', '|'), ('రి', '|'), ('మ', 'U'), ('ధ్య', '|'), ('సుం', 'U'), ('త', '|'), ('మా', 'U'), ('టా', 'U'), ('డు', '|'), ('దా', 'U'), ('క', '|'), ('ము', '|'), ('రి', '|'), ('పే', 'U'), ('ల', '|'), ('చ', 'U'), ('ల్వ', '|'), ('తె', 'U'), ('మ్మె', '|'), ('ర', '|'), ('లా', 'U'), ('ర', '|'), ('మీ', 'U'), ('రా', 'U'), ('క', '|'), ('చం', 'U'), ('చ', '|'), ('లా', 'U'), ('క్షి', '|'), ('ని', '|'), ('కౌ', 'U'), ('గి', '|'), ('లిం', 'U'), ('చు', '|'), ('దా', 'U'), ('క', '|'), ('మ', '|'), ('ద', '|'), ('నా', 'U'), ('స', '|'), ('రే', 'U'), ('ను', '|'), ('మం', 'U'), ('చి', '|'), ('ది', '|'), ('లే', 'U'), ('ర', '|'), ('నీ', 'U'), ('ఢా', 'U'), ('క', '|'), ('న', '|'), ('న', '|'), ('బో', 'U'), ('ణి', '|'), ('నా', 'U'), ('తో', 'U'), ('డ', '|'), ('నె', '|'), ('న', '|'), ('యు', '|'), ('దా', 'U'), ('క', '|')]",0.9583333333333334,-1.0,1.0,1.0,0.875,-1.0
teytageethi,"ననుచు నుండెడితరి తెలియకను నేను । కాచుకొని యుంటి నిటుల నీ కరుణ నమ్మి
దోసమెంచక నన్నింత మోసపుచ్చ । వచ్చునటె రామరామ లావణ్యసీమ.",vupajaathi,Laavanya,"[('న', '|'), ('ను', '|'), ('చు', '|'), ('నుం', 'U'), ('డె', '|'), ('డి', '|'), ('త', '|'), ('రి', '|'), ('తె', '|'), ('లి', '|'), ('య', '|'), ('క', '|'), ('ను', '|'), ('నే', 'U'), ('ను', '|'), ('కా', 'U'), ('చు', '|'), ('కొ', '|'), ('ని', '|'), ('యుం', 'U'), ('టి', '|'), ('ని', '|'), ('టు', '|'), ('ల', '|'), ('నీ', 'U'), ('క', '|'), ('రు', '|'), ('ణ', '|'), ('న', 'U'), ('మ్మి', '|'), ('దో', 'U'), ('స', '|'), ('మెం', 'U'), ('చ', '|'), ('క', '|'), ('న', 'U'), ('న్నిం', 'U'), ('త', '|'), ('మో', 'U'), ('స', '|'), ('పు', 'U'), ('చ్చ', '|'), ('వ', 'U'), ('చ్చు', '|'), ('న', '|'), ('టె', '|'), ('రా', 'U'), ('మ', '|'), ('రా', 'U'), ('మ', '|'), ('లా', 'U'), ('వ', 'U'), ('ణ్య', '|'), ('సీ', 'U'), ('మ', '|')]",0.9166666666666666,-1.0,1.0,1.0,0.75,-1.0
seesamu,"అతివ నీ చనుమొన లంటనిచ్చిన కోటి- । శివలింగపూజల సేయు ఫలము
చాన నీ కెమ్మోవి నాననిచ్చిన చాలు । సోమపానము సేయుచున్న ఫలము
చెలి నీదు కటిని నా చెయి సోకితే చాలు । నవనిప్రదక్షిణంబైన ఫలము
కలకంఠి యొకసారి కలయనిచ్చిన చాలు । నతనుమంత్రము సిద్ధియగు ఫలము",vupajaathi,Laavanya,"[('అ', '|'), ('తి', '|'), ('వ', '|'), ('నీ', 'U'), ('చ', '|'), ('ను', '|'), ('మొ', '|'), ('న', '|'), ('లం', 'U'), ('ట', '|'), ('ని', 'U'), ('చ్చి', '|'), ('న', '|'), ('కో', 'U'), ('టి', '|'), ('శి', '|'), ('వ', '|'), ('లిం', 'U'), ('గ', '|'), ('పూ', 'U'), ('జ', '|'), ('ల', '|'), ('సే', 'U'), ('యు', '|'), ('ఫ', '|'), ('ల', '|'), ('ము', '|'), ('చా', 'U'), ('న', '|'), ('నీ', 'U'), ('కె', 'U'), ('మ్మో', 'U'), ('వి', '|'), ('నా', 'U'), ('న', '|'), ('ని', 'U'), ('చ్చి', '|'), ('న', '|'), ('చా', 'U'), ('లు', '|'), ('సో', 'U'), ('మ', '|'), ('పా', 'U'), ('న', '|'), ('ము', '|'), ('సే', 'U'), ('యు', '|'), ('చు', 'U'), ('న్న', '|'), ('ఫ', '|'), ('ల', '|'), ('ము', '|'), ('చె', '|'), ('లి', '|'), ('నీ', 'U'), ('దు', '|'), ('క', '|'), ('టి', '|'), ('ని', '|'), ('నా', 'U'), ('చె', '|'), ('యి', '|'), ('సో', 'U'), ('కి', '|'), ('తే', 'U'), ('చా', 'U'), ('లు', '|'), ('న', '|'), ('వ', '|'), ('ని', '|'), ('ప్ర', '|'), ('ద', 'U'), ('క్షి', '|'), ('ణం', 'U'), ('బై', 'U'), ('న', '|'), ('ఫ', '|'), ('ల', '|'), ('ము', '|'), ('క', '|'), ('ల', '|'), ('కం', 'U'), ('ఠి', '|'), ('యొ', '|'), ('క', '|'), ('సా', 'U'), ('రి', '|'), ('క', '|'), ('ల', '|'), ('య', '|'), ('ని', 'U'), ('చ్చి', '|'), ('న', '|'), ('చా', 'U'), ('లు', '|'), ('న', '|'), ('త', '|'), ('ను', '|'), ('మం', 'U'), ('త్ర', '|'), ('ము', '|'), ('సి', 'U'), ('ద్ధి', '|'), ('య', '|'), ('గు', '|'), ('ఫ', '|'), ('ల', '|'), ('ము', '|')]",0.8645833333333334,-1.0,1.0,0.96875,0.625,-1.0
teytageethi,"నెపుడు లోచూపు చూచి తదేకనిష్ఠ । దనరి శృంగారదేవతవని తలంచి
మానసిక మొనరించుచో మరుల తాళ । వశమటే రామరామ లావణ్యసీమ.",vupajaathi,Laavanya,"[('నె', '|'), ('పు', '|'), ('డు', '|'), ('లో', 'U'), ('చూ', 'U'), ('పు', '|'), ('చూ', 'U'), ('చి', '|'), ('త', '|'), ('దే', 'U'), ('క', '|'), ('ని', 'U'), ('ష్ఠ', '|'), ('ద', '|'), ('న', '|'), ('రి', '|'), ('శృం', 'U'), ('గా', 'U'), ('ర', '|'), ('దే', 'U'), ('వ', '|'), ('త', '|'), ('వ', '|'), ('ని', '|'), ('త', '|'), ('లం', 'U'), ('చి', '|'), ('మా', 'U'), ('న', '|'), ('సి', '|'), ('క', '|'), ('మొ', '|'), ('న', '|'), ('రిం', 'U'), ('చు', '|'), ('చో', 'U'), ('మ', '|'), ('రు', '|'), ('ల', '|'), ('తా', 'U'), ('ళ', '|'), ('వ', '|'), ('శ', '|'), ('మ', '|'), ('టే', 'U'), ('రా', 'U'), ('మ', '|'), ('రా', 'U'), ('మ', '|'), ('లా', 'U'), ('వ', 'U'), ('ణ్య', '|'), ('సీ', 'U'), ('మ', '|')]",0.9166666666666666,-1.0,1.0,1.0,0.75,-1.0
seesamu,"ధరణిపై హేమకర్దమముతో నీ మేను । సేయుచో నది పల్చనాయెననుచు
తరణిబింబము తెచ్చి తరచిన యాక్రింద । రాలిన సన్నపు రజము బోసి
మెదపిన బిరుసాయె నది కూడదని రవ- । ఘనసార మమృతంబు గలయనేసి
పదును గావించి యా పరమేష్ఠి నిర్మించె । గాబోలునని తోచు కలికి నీదు",vupajaathi,Laavanya,"[('ధ', '|'), ('ర', '|'), ('ణి', '|'), ('పై', 'U'), ('హే', 'U'), ('మ', '|'), ('క', 'U'), ('ర్ద', '|'), ('మ', '|'), ('ము', '|'), ('తో', 'U'), ('నీ', 'U'), ('మే', 'U'), ('ను', '|'), ('సే', 'U'), ('యు', '|'), ('చో', 'U'), ('న', '|'), ('ది', '|'), ('ప', 'U'), ('ల్చ', '|'), ('నా', 'U'), ('యె', '|'), ('న', '|'), ('ను', '|'), ('చు', '|'), ('త', '|'), ('ర', '|'), ('ణి', '|'), ('బిం', 'U'), ('బ', '|'), ('ము', '|'), ('తె', 'U'), ('చ్చి', '|'), ('త', '|'), ('ర', '|'), ('చి', '|'), ('న', '|'), ('యా', 'U'), ('క్రిం', 'U'), ('ద', '|'), ('రా', 'U'), ('లి', '|'), ('న', '|'), ('స', 'U'), ('న్న', '|'), ('పు', '|'), ('ర', '|'), ('జ', '|'), ('ము', '|'), ('బో', 'U'), ('సి', '|'), ('మె', '|'), ('ద', '|'), ('పి', '|'), ('న', '|'), ('బి', '|'), ('రు', '|'), ('సా', 'U'), ('యె', '|'), ('న', '|'), ('ది', '|'), ('కూ', 'U'), ('డ', '|'), ('ద', '|'), ('ని', '|'), ('ర', '|'), ('వ', '|'), ('ఘ', '|'), ('న', '|'), ('సా', 'U'), ('ర', '|'), ('మ', '|'), ('మృ', '|'), ('తం', 'U'), ('బు', '|'), ('గ', '|'), ('ల', '|'), ('య', '|'), ('నే', 'U'), ('సి', '|'), ('ప', '|'), ('దు', '|'), ('ను', '|'), ('గా', 'U'), ('విం', 'U'), ('చి', '|'), ('యా', 'U'), ('ప', '|'), ('ర', '|'), ('మే', 'U'), ('ష్ఠి', '|'), ('ని', 'U'), ('ర్మిం', 'U'), ('చె', '|'), ('గా', 'U'), ('బో', 'U'), ('లు', '|'), ('న', '|'), ('ని', '|'), ('తో', 'U'), ('చు', '|'), ('క', '|'), ('లి', '|'), ('కి', '|'), ('నీ', 'U'), ('దు', '|')]",1.0,-1.0,1.0,1.0,1.0,-1.0
teytageethi,"తనువు గెంజాయతళుకు వాసనల బిగివి- । నెంతని వచింతు నిన్ను నేనెపుడు గాంతు-
నట్టి నిను దల్ప మనసు మోహంబు నిలుప । వశమటే రామరామ లావణ్యసీమ.",vupajaathi,Laavanya,"[('త', '|'), ('ను', '|'), ('వు', '|'), ('గెం', 'U'), ('జా', 'U'), ('య', '|'), ('త', '|'), ('ళు', '|'), ('కు', '|'), ('వా', 'U'), ('స', '|'), ('న', '|'), ('ల', '|'), ('బి', '|'), ('గి', '|'), ('వి', '|'), ('నెం', 'U'), ('త', '|'), ('ని', '|'), ('వ', '|'), ('చిం', 'U'), ('తు', '|'), ('ని', 'U'), ('న్ను', '|'), ('నే', 'U'), ('నె', '|'), ('పు', '|'), ('డు', '|'), ('గాం', 'U'), ('తు', '|'), ('న', 'U'), ('ట్టి', '|'), ('ని', '|'), ('ను', '|'), ('ద', 'U'), ('ల్ప', '|'), ('మ', '|'), ('న', '|'), ('సు', '|'), ('మో', 'U'), ('హం', 'U'), ('బు', '|'), ('ని', '|'), ('లు', '|'), ('ప', '|'), ('వ', '|'), ('శ', '|'), ('మ', '|'), ('టే', 'U'), ('రా', 'U'), ('మ', '|'), ('రా', 'U'), ('మ', '|'), ('లా', 'U'), ('వ', 'U'), ('ణ్య', '|'), ('సీ', 'U'), ('మ', '|')]",0.9166666666666666,-1.0,1.0,1.0,0.75,-1.0
seesamu,"మొనపంట కసిదీరగను చురుక్కున నొక్కి । నొచ్చెనో మోవంచు నూరడించు
కిలకిల నవ్వి చెక్కిలి నొక్కి నా సామి । కందెరా యంచు చన్గవలనంచు
ప్రొద్దాయ లెమ్మని గద్దించి పల్కుచు । కదిసి ప్రేమను వచ్చి కౌగిలించు
సురతంబునను చాల సొక్కితివని పైట- । చెరగెత్తి నెమ్మోము చెమటలొత్తు-",vupajaathi,Laavanya,"[('మొ', '|'), ('న', '|'), ('పం', 'U'), ('ట', '|'), ('క', '|'), ('సి', '|'), ('దీ', 'U'), ('ర', '|'), ('గ', '|'), ('ను', '|'), ('చు', '|'), ('రు', 'U'), ('క్కు', '|'), ('న', '|'), ('నొ', 'U'), ('క్కి', '|'), ('నొ', 'U'), ('చ్చె', '|'), ('నో', 'U'), ('మో', 'U'), ('వం', 'U'), ('చు', '|'), ('నూ', 'U'), ('ర', '|'), ('డిం', 'U'), ('చు', '|'), ('కి', '|'), ('ల', '|'), ('కి', '|'), ('ల', '|'), ('న', 'U'), ('వ్వి', '|'), ('చె', 'U'), ('క్కి', '|'), ('లి', '|'), ('నొ', 'U'), ('క్కి', '|'), ('నా', 'U'), ('సా', 'U'), ('మి', '|'), ('కం', 'U'), ('దె', '|'), ('రా', 'U'), ('యం', 'U'), ('చు', '|'), ('చ', 'U'), ('న్గ', '|'), ('వ', '|'), ('ల', '|'), ('నం', 'U'), ('చు', '|'), ('ప్రొ', 'U'), ('ద్దా', 'U'), ('య', '|'), ('లె', 'U'), ('మ్మ', '|'), ('ని', '|'), ('గ', 'U'), ('ద్దిం', 'U'), ('చి', '|'), ('ప', 'U'), ('ల్కు', '|'), ('చు', '|'), ('క', '|'), ('ది', '|'), ('సి', '|'), ('ప్రే', 'U'), ('మ', '|'), ('ను', '|'), ('వ', 'U'), ('చ్చి', '|'), ('కౌ', 'U'), ('గి', '|'), ('లిం', 'U'), ('చు', '|'), ('సు', '|'), ('ర', '|'), ('తం', 'U'), ('బు', '|'), ('న', '|'), ('ను', '|'), ('చా', 'U'), ('ల', '|'), ('సొ', 'U'), ('క్కి', '|'), ('తి', '|'), ('వ', '|'), ('ని', '|'), ('పై', 'U'), ('ట', '|'), ('చె', '|'), ('ర', '|'), ('గె', 'U'), ('త్తి', '|'), ('నె', 'U'), ('మ్మో', 'U'), ('ము', '|'), ('చె', '|'), ('మ', '|'), ('ట', '|'), ('లొ', 'U'), ('త్తు', '|')]",1.0,-1.0,1.0,1.0,1.0,-1.0
teytageethi,"నరసి చూడంగ నీ లోకతరబడైన । నాయికే కామసమరప్రదాయియైన
దాని వగలెంచి మనసు నెందాక నిల్ప । వశమటే రామరామ లావణ్యసీమ.",vupajaathi,Laavanya,"[('న', '|'), ('ర', '|'), ('సి', '|'), ('చూ', 'U'), ('డం', 'U'), ('గ', '|'), ('నీ', 'U'), ('లో', 'U'), ('క', '|'), ('త', '|'), ('ర', '|'), ('బ', '|'), ('డై', 'U'), ('న', '|'), ('నా', 'U'), ('యి', '|'), ('కే', 'U'), ('కా', 'U'), ('మ', '|'), ('స', '|'), ('మ', '|'), ('ర', '|'), ('ప్ర', '|'), ('దా', 'U'), ('యి', '|'), ('యై', 'U'), ('న', '|'), ('దా', 'U'), ('ని', '|'), ('వ', '|'), ('గ', '|'), ('లెం', 'U'), ('చి', '|'), ('మ', '|'), ('న', '|'), ('సు', '|'), ('నెం', 'U'), ('దా', 'U'), ('క', '|'), ('ని', 'U'), ('ల్ప', '|'), ('వ', '|'), ('శ', '|'), ('మ', '|'), ('టే', 'U'), ('రా', 'U'), ('మ', '|'), ('రా', 'U'), ('మ', '|'), ('లా', 'U'), ('వ', 'U'), ('ణ్య', '|'), ('సీ', 'U'), ('మ', '|')]",1.0,-1.0,1.0,1.0,1.0,-1.0
seesamu,"నిదురలేపిన కోపమొదవు నంచని మెల్ల- । గా వచ్చి వెన్కపక్కల పరుండు
నలతగా తన రాక తెలియకూరక నున్న । నెరగనట్టుగ మీద కరము వైచు
తిరిగి నేనపుడు వాతెర చురుక్కని నొక్క । లేచి నా నెమ్మోము చూచి నవ్వు
మరిచి నిద్దురబోవు తరిని నన్నితూ భంగ- । పరతురా యనుచు నిష్ఠురతలాడు",vupajaathi,Laavanya,"[('ని', '|'), ('దు', '|'), ('ర', '|'), ('లే', 'U'), ('పి', '|'), ('న', '|'), ('కో', 'U'), ('ప', '|'), ('మొ', '|'), ('ద', '|'), ('వు', '|'), ('నం', 'U'), ('చ', '|'), ('ని', '|'), ('మె', 'U'), ('ల్ల', '|'), ('గా', 'U'), ('వ', 'U'), ('చ్చి', '|'), ('వె', 'U'), ('న్క', '|'), ('ప', 'U'), ('క్క', '|'), ('ల', '|'), ('ప', '|'), ('రుం', 'U'), ('డు', '|'), ('న', '|'), ('ల', '|'), ('త', '|'), ('గా', 'U'), ('త', '|'), ('న', '|'), ('రా', 'U'), ('క', '|'), ('తె', '|'), ('లి', '|'), ('య', '|'), ('కూ', 'U'), ('ర', '|'), ('క', '|'), ('ను', 'U'), ('న్న', '|'), ('నె', '|'), ('ర', '|'), ('గ', '|'), ('న', 'U'), ('ట్టు', '|'), ('గ', '|'), ('మీ', 'U'), ('ద', '|'), ('క', '|'), ('ర', '|'), ('ము', '|'), ('వై', 'U'), ('చు', '|'), ('తి', '|'), ('రి', '|'), ('గి', '|'), ('నే', 'U'), ('న', '|'), ('పు', '|'), ('డు', '|'), ('వా', 'U'), ('తె', '|'), ('ర', '|'), ('చు', '|'), ('రు', 'U'), ('క్క', '|'), ('ని', '|'), ('నొ', 'U'), ('క్క', '|'), ('లే', 'U'), ('చి', '|'), ('నా', 'U'), ('నె', 'U'), ('మ్మో', 'U'), ('ము', '|'), ('చూ', 'U'), ('చి', '|'), ('న', 'U'), ('వ్వు', '|'), ('మ', '|'), ('రి', '|'), ('చి', '|'), ('ని', 'U'), ('ద్దు', '|'), ('ర', '|'), ('బో', 'U'), ('వు', '|'), ('త', '|'), ('రి', '|'), ('ని', '|'), ('న', 'U'), ('న్ని', '|'), ('తూ', 'U'), ('భం', 'U'), ('గ', '|'), ('ప', '|'), ('ర', '|'), ('తు', '|'), ('రా', 'U'), ('య', '|'), ('ను', '|'), ('చు', '|'), ('ని', 'U'), ('ష్ఠు', '|'), ('ర', '|'), ('త', '|'), ('లా', 'U'), ('డు', '|')]",0.9895833333333334,-1.0,1.0,0.96875,1.0,-1.0
teytageethi,"యేమొనర్చితినన్న మీకెరుక లేదా । చేసినటువంటి పనులంచు చెలిమి గాంచు
దాని వగ దల్చి ప్రేమనెంతనుచు నోర్వ । వశమటే రామరామ లావణ్యసీమ.",vupajaathi,Laavanya,"[('యే', 'U'), ('మొ', '|'), ('న', 'U'), ('ర్చి', '|'), ('తి', '|'), ('న', 'U'), ('న్న', '|'), ('మీ', 'U'), ('కె', '|'), ('రు', '|'), ('క', '|'), ('లే', 'U'), ('దా', 'U'), ('చే', 'U'), ('సి', '|'), ('న', '|'), ('టు', '|'), ('వం', 'U'), ('టి', '|'), ('ప', '|'), ('ను', '|'), ('లం', 'U'), ('చు', '|'), ('చె', '|'), ('లి', '|'), ('మి', '|'), ('గాం', 'U'), ('చు', '|'), ('దా', 'U'), ('ని', '|'), ('వ', '|'), ('గ', '|'), ('ద', 'U'), ('ల్చి', '|'), ('ప్రే', 'U'), ('మ', '|'), ('నెం', 'U'), ('త', '|'), ('ను', '|'), ('చు', '|'), ('నో', 'U'), ('ర్వ', '|'), ('వ', '|'), ('శ', '|'), ('మ', '|'), ('టే', 'U'), ('రా', 'U'), ('మ', '|'), ('రా', 'U'), ('మ', '|'), ('లా', 'U'), ('వ', 'U'), ('ణ్య', '|'), ('సీ', 'U'), ('మ', '|')]",0.5666666666666667,-1.0,1.0,0.45,0.25,-1.0
seesamu,"చల్లని పన్నీరు జల్లించుకొన్న గా- । నణగదే మది విరహాగ్ని యేమొ
మంచిచందనము బుయించుకొన్నను గాని । తాళదే యీ మోహతాపమేమొ
కలకంఠపొడి పానకము చేసి ద్రావిన । నాగదె మదనదాహంబదేమొ
విరుల వీవనలతో విసరించుకొన్నను । దీరదే మరుని వికారమేమొ",vupajaathi,Laavanya,"[('చ', 'U'), ('ల్ల', '|'), ('ని', '|'), ('ప', 'U'), ('న్నీ', 'U'), ('రు', '|'), ('జ', 'U'), ('ల్లిం', 'U'), ('చు', '|'), ('కొ', 'U'), ('న్న', '|'), ('గా', 'U'), ('న', '|'), ('ణ', '|'), ('గ', '|'), ('దే', 'U'), ('మ', '|'), ('ది', '|'), ('వి', '|'), ('ర', '|'), ('హా', 'U'), ('గ్ని', '|'), ('యే', 'U'), ('మొ', '|'), ('మం', 'U'), ('చి', '|'), ('చం', 'U'), ('ద', '|'), ('న', '|'), ('ము', '|'), ('బు', '|'), ('యిం', 'U'), ('చు', '|'), ('కొ', 'U'), ('న్న', '|'), ('ను', '|'), ('గా', 'U'), ('ని', '|'), ('తా', 'U'), ('ళ', '|'), ('దే', 'U'), ('యీ', 'U'), ('మో', 'U'), ('హ', '|'), ('తా', 'U'), ('ప', '|'), ('మే', 'U'), ('మొ', '|'), ('క', '|'), ('ల', '|'), ('కం', 'U'), ('ఠ', '|'), ('పొ', '|'), ('డి', '|'), ('పా', 'U'), ('న', '|'), ('క', '|'), ('ము', '|'), ('చే', 'U'), ('సి', '|'), ('ద్రా', 'U'), ('వి', '|'), ('న', '|'), ('నా', 'U'), ('గ', '|'), ('దె', '|'), ('మ', '|'), ('ద', '|'), ('న', '|'), ('దా', 'U'), ('హం', 'U'), ('బ', '|'), ('దే', 'U'), ('మొ', '|'), ('వి', '|'), ('రు', '|'), ('ల', '|'), ('వీ', 'U'), ('వ', '|'), ('న', '|'), ('ల', '|'), ('తో', 'U'), ('వి', '|'), ('స', '|'), ('రిం', 'U'), ('చు', '|'), ('కొ', 'U'), ('న్న', '|'), ('ను', '|'), ('దీ', 'U'), ('ర', '|'), ('దే', 'U'), ('మ', '|'), ('రు', '|'), ('ని', '|'), ('వి', '|'), ('కా', 'U'), ('ర', '|'), ('మే', 'U'), ('మొ', '|')]",0.9166666666666666,-1.0,1.0,1.0,0.75,-1.0
teytageethi,"జాగు చేసిన నిక నోర్వజాల బాల । యేల నను చాల నేలుకోవె కృపాల-
వాల కలకాల మేరీతి వలపు దాచ । వశమటే రామరామ లావణ్యసీమ.",vupajaathi,Laavanya,"[('జా', 'U'), ('గు', '|'), ('చే', 'U'), ('సి', '|'), ('న', '|'), ('ని', '|'), ('క', '|'), ('నో', 'U'), ('ర్వ', '|'), ('జా', 'U'), ('ల', '|'), ('బా', 'U'), ('ల', '|'), ('యే', 'U'), ('ల', '|'), ('న', '|'), ('ను', '|'), ('చా', 'U'), ('ల', '|'), ('నే', 'U'), ('లు', '|'), ('కో', 'U'), ('వె', '|'), ('కృ', '|'), ('పా', 'U'), ('ల', '|'), ('వా', 'U'), ('ల', '|'), ('క', '|'), ('ల', '|'), ('కా', 'U'), ('ల', '|'), ('మే', 'U'), ('రీ', 'U'), ('తి', '|'), ('వ', '|'), ('ల', '|'), ('పు', '|'), ('దా', 'U'), ('చ', '|'), ('వ', '|'), ('శ', '|'), ('మ', '|'), ('టే', 'U'), ('రా', 'U'), ('మ', '|'), ('రా', 'U'), ('మ', '|'), ('లా', 'U'), ('వ', 'U'), ('ణ్య', '|'), ('సీ', 'U'), ('మ', '|')]",0.6,-1.0,1.0,0.55,0.25,-1.0
seesamu,"గంధంబుపై మంచిగంధంబుపూతతో । బొట్టుపై కుంకుమబొట్టుతో
పూలపై దురిమిన పూలతో కమ్మని । విడెముపై కపురంపు విడెముతోడ
కాటుకపై మిన్కుకాటుకతో కాళ్ల- । పసపుపై నలచిన పసపుతోడ
వలపుపై గ్రమ్మినవలపుతో గ్రక్కున । సొలపుపై బూనిన సొలపుతోడ",vupajaathi,Laavanya,"[('గం', 'U'), ('ధం', 'U'), ('బు', '|'), ('పై', 'U'), ('మం', 'U'), ('చి', '|'), ('గం', 'U'), ('ధం', 'U'), ('బు', '|'), ('పూ', 'U'), ('త', '|'), ('తో', 'U'), ('బొ', 'U'), ('ట్టు', '|'), ('పై', 'U'), ('కుం', 'U'), ('కు', '|'), ('మ', '|'), ('బొ', 'U'), ('ట్టు', '|'), ('తో', 'U'), ('పూ', 'U'), ('ల', '|'), ('పై', 'U'), ('దు', '|'), ('రి', '|'), ('మి', '|'), ('న', '|'), ('పూ', 'U'), ('ల', '|'), ('తో', 'U'), ('క', 'U'), ('మ్మ', '|'), ('ని', '|'), ('వి', '|'), ('డె', '|'), ('ము', '|'), ('పై', 'U'), ('క', '|'), ('పు', '|'), ('రం', 'U'), ('పు', '|'), ('వి', '|'), ('డె', '|'), ('ము', '|'), ('తో', 'U'), ('డ', '|'), ('కా', 'U'), ('టు', '|'), ('క', '|'), ('పై', 'U'), ('మి', 'U'), ('న్కు', '|'), ('కా', 'U'), ('టు', '|'), ('క', '|'), ('తో', 'U'), ('కా', 'U'), ('ళ్ల', '|'), ('ప', '|'), ('స', '|'), ('పు', '|'), ('పై', 'U'), ('న', '|'), ('ల', '|'), ('చి', '|'), ('న', '|'), ('ప', '|'), ('స', '|'), ('పు', '|'), ('తో', 'U'), ('డ', '|'), ('వ', '|'), ('ల', '|'), ('పు', '|'), ('పై', 'U'), ('గ్ర', 'U'), ('మ్మి', '|'), ('న', '|'), ('వ', '|'), ('ల', '|'), ('పు', '|'), ('తో', 'U'), ('గ్ర', 'U'), ('క్కు', '|'), ('న', '|'), ('సొ', '|'), ('ల', '|'), ('పు', '|'), ('పై', 'U'), ('బూ', 'U'), ('ని', '|'), ('న', '|'), ('సొ', '|'), ('ల', '|'), ('పు', '|'), ('తో', 'U'), ('డ', '|')]",0.65625,-1.0,1.0,0.71875,0.25,-1.0
teytageethi,"నత్తవారింటి కరుదెంచునట్టివేళ । నెలత నను గాంచి చాల కన్నీరు నించి
యపుడు తలవంచి పలికిన హౌసు దలప । వశమటే రామరామ లావణ్యసీమ.",vupajaathi,Laavanya,"[('న', 'U'), ('త్త', '|'), ('వా', 'U'), ('రిం', 'U'), ('టి', '|'), ('క', '|'), ('రు', '|'), ('దెం', 'U'), ('చు', '|'), ('న', 'U'), ('ట్టి', '|'), ('వే', 'U'), ('ళ', '|'), ('నె', '|'), ('ల', '|'), ('త', '|'), ('న', '|'), ('ను', '|'), ('గాం', 'U'), ('చి', '|'), ('చా', 'U'), ('ల', '|'), ('క', 'U'), ('న్నీ', 'U'), ('రు', '|'), ('నిం', 'U'), ('చి', '|'), ('య', '|'), ('పు', '|'), ('డు', '|'), ('త', '|'), ('ల', '|'), ('వం', 'U'), ('చి', '|'), ('ప', '|'), ('లి', '|'), ('కి', '|'), ('న', '|'), ('హౌ', 'U'), ('సు', '|'), ('ద', '|'), ('ల', '|'), ('ప', '|'), ('వ', '|'), ('శ', '|'), ('మ', '|'), ('టే', 'U'), ('రా', 'U'), ('మ', '|'), ('రా', 'U'), ('మ', '|'), ('లా', 'U'), ('వ', 'U'), ('ణ్య', '|'), ('సీ', 'U'), ('మ', '|')]",1.0,-1.0,1.0,1.0,1.0,-1.0
seesamu,"కన్నడదస్తురిగా సిగవేసి బా- । గున్నదా యని దువ్వు నొక్కవేళ
పాండ్యదేశస్త్రీల బాగుగ గొజ్జంగి- । రెక్కన జడనల్లు నొక్కవేళ
నల కళింగాంగనవలె గొప్పకీలుగం- । టొనరించి వగ చూపు నొక్కవేళ
చెలగి విదర్భకాంతలరీతి మెడలపై । నునుగొప్పు సవరించు నొక్కవేళ",vupajaathi,Laavanya,"[('క', 'U'), ('న్న', '|'), ('డ', '|'), ('ద', 'U'), ('స్తు', '|'), ('రి', '|'), ('గా', 'U'), ('సి', '|'), ('గ', '|'), ('వే', 'U'), ('సి', '|'), ('బా', 'U'), ('గు', 'U'), ('న్న', '|'), ('దా', 'U'), ('య', '|'), ('ని', '|'), ('దు', 'U'), ('వ్వు', '|'), ('నొ', 'U'), ('క్క', '|'), ('వే', 'U'), ('ళ', '|'), ('పాం', 'U'), ('డ్య', '|'), ('దే', 'U'), ('శ', 'U'), ('స్త్రీ', 'U'), ('ల', '|'), ('బా', 'U'), ('గు', '|'), ('గ', '|'), ('గొ', 'U'), ('జ్జం', 'U'), ('గి', '|'), ('రె', 'U'), ('క్క', '|'), ('న', '|'), ('జ', '|'), ('డ', '|'), ('న', 'U'), ('ల్లు', '|'), ('నొ', 'U'), ('క్క', '|'), ('వే', 'U'), ('ళ', '|'), ('న', '|'), ('ల', '|'), ('క', '|'), ('ళిం', 'U'), ('గాం', 'U'), ('గ', '|'), ('న', '|'), ('వ', '|'), ('లె', '|'), ('గొ', 'U'), ('ప్ప', '|'), ('కీ', 'U'), ('లు', '|'), ('గం', 'U'), ('టొ', '|'), ('న', '|'), ('రిం', 'U'), ('చి', '|'), ('వ', '|'), ('గ', '|'), ('చూ', 'U'), ('పు', '|'), ('నొ', 'U'), ('క్క', '|'), ('వే', 'U'), ('ళ', '|'), ('చె', '|'), ('ల', '|'), ('గి', '|'), ('వి', '|'), ('ద', 'U'), ('ర్భ', '|'), ('కాం', 'U'), ('త', '|'), ('ల', '|'), ('రీ', 'U'), ('తి', '|'), ('మె', '|'), ('డ', '|'), ('ల', '|'), ('పై', 'U'), ('ను', '|'), ('ను', '|'), ('గొ', 'U'), ('ప్పు', '|'), ('స', '|'), ('వ', '|'), ('రిం', 'U'), ('చు', '|'), ('నొ', 'U'), ('క్క', '|'), ('వే', 'U'), ('ళ', '|')]",0.9166666666666666,-1.0,1.0,1.0,0.75,-1.0
teytageethi,"రతిహుమాపిట్టనుతి చమత్కృతికి దిట్ట । మగువ యికనెట్ట నణుతు నీ మరుని వెట్ట
నెలత దయ బుట్టకున్న నే నెనరు బట్ట । వశమటే రామరామ లావణ్యసీమ.",vupajaathi,Laavanya,"[('ర', '|'), ('తి', '|'), ('హు', '|'), ('మా', 'U'), ('పి', 'U'), ('ట్ట', '|'), ('ను', '|'), ('తి', '|'), ('చ', '|'), ('మ', 'U'), ('త్కృ', '|'), ('తి', '|'), ('కి', '|'), ('ది', 'U'), ('ట్ట', '|'), ('మ', '|'), ('గు', '|'), ('వ', '|'), ('యి', '|'), ('క', '|'), ('నె', 'U'), ('ట్ట', '|'), ('న', '|'), ('ణు', '|'), ('తు', '|'), ('నీ', 'U'), ('మ', '|'), ('రు', '|'), ('ని', '|'), ('వె', 'U'), ('ట్ట', '|'), ('నె', '|'), ('ల', '|'), ('త', '|'), ('ద', '|'), ('య', '|'), ('బు', 'U'), ('ట్ట', '|'), ('కు', 'U'), ('న్న', '|'), ('నే', 'U'), ('నె', '|'), ('న', '|'), ('రు', '|'), ('బ', 'U'), ('ట్ట', '|'), ('వ', '|'), ('శ', '|'), ('మ', '|'), ('టే', 'U'), ('రా', 'U'), ('మ', '|'), ('రా', 'U'), ('మ', '|'), ('లా', 'U'), ('వ', 'U'), ('ణ్య', '|'), ('సీ', 'U'), ('మ', '|')]",1.0,-1.0,1.0,1.0,1.0,-1.0
seesamu,"తీపైన బేషక్ మఠా పఠాన్ తురకి క- । చ్చీ మాదువాను తేజీల పాగ
దిట్టంపు మేల్ జుల్ఫ తీపిల్ల చిగురుఖాం- । డా కమ్మి యస్సల్ కడానిబొమ్మ
తరుణుల మేటి నిద్దాహొంతకారి బి- । త్తరుల మిన్నా తేటకురుచతేనె
గరిగె లేతాకు తేగా బాదుషా సాము- । వస్తాదు యెనలేని వన్నెలాడి",vupajaathi,Laavanya,"[('తీ', 'U'), ('పై', 'U'), ('న', '|'), ('బే', 'U'), ('ష', 'U'), ('క్మ', '|'), ('ఠా', 'U'), ('ప', '|'), ('ఠా', 'U'), ('న్తు', '|'), ('ర', '|'), ('కి', '|'), ('క', 'U'), ('చ్చీ', 'U'), ('మా', 'U'), ('దు', '|'), ('వా', 'U'), ('ను', '|'), ('తే', 'U'), ('జీ', 'U'), ('ల', '|'), ('పా', 'U'), ('గ', '|'), ('ది', 'U'), ('ట్టం', 'U'), ('పు', '|'), ('మే', 'U'), ('ల్జు', 'U'), ('ల్ఫ', '|'), ('తీ', 'U'), ('పి', 'U'), ('ల్ల', '|'), ('చి', '|'), ('గు', '|'), ('రు', '|'), ('ఖాం', 'U'), ('డా', 'U'), ('క', 'U'), ('మ్మి', '|'), ('య', 'U'), ('స్స', 'U'), ('ల్క', '|'), ('డా', 'U'), ('ని', '|'), ('బొ', 'U'), ('మ్మ', '|'), ('త', '|'), ('రు', '|'), ('ణు', '|'), ('ల', '|'), ('మే', 'U'), ('టి', '|'), ('ని', 'U'), ('ద్దా', 'U'), ('హొం', 'U'), ('త', '|'), ('కా', 'U'), ('రి', '|'), ('బి', 'U'), ('త్త', '|'), ('రు', '|'), ('ల', '|'), ('మి', 'U'), ('న్నా', 'U'), ('తే', 'U'), ('ట', '|'), ('కు', '|'), ('రు', '|'), ('చ', '|'), ('తే', 'U'), ('నె', '|'), ('గ', '|'), ('రి', '|'), ('గె', '|'), ('లే', 'U'), ('తా', 'U'), ('కు', '|'), ('తే', 'U'), ('గా', 'U'), ('బా', 'U'), ('దు', '|'), ('షా', 'U'), ('సా', 'U'), ('ము', '|'), ('వ', 'U'), ('స్తా', 'U'), ('దు', '|'), ('యె', '|'), ('న', '|'), ('లే', 'U'), ('ని', '|'), ('వ', 'U'), ('న్నె', '|'), ('లా', 'U'), ('డి', '|')]",1.0,-1.0,1.0,1.0,1.0,-1.0
teytageethi,"జతను నే గూడి కోరమీసంబు తీటు । పంతముల నాటి వేడ్క నా భామతోటి
నెనయకుండిన దిగులు నెంతని వచింప । వశమటే రామరామ లావణ్యసీమ.",vupajaathi,Laavanya,"[('జ', '|'), ('త', '|'), ('ను', '|'), ('నే', 'U'), ('గూ', 'U'), ('డి', '|'), ('కో', 'U'), ('ర', '|'), ('మీ', 'U'), ('సం', 'U'), ('బు', '|'), ('తీ', 'U'), ('టు', '|'), ('పం', 'U'), ('త', '|'), ('ము', '|'), ('ల', '|'), ('నా', 'U'), ('టి', '|'), ('వే', 'U'), ('డ్క', '|'), ('నా', 'U'), ('భా', 'U'), ('మ', '|'), ('తో', 'U'), ('టి', '|'), ('నె', '|'), ('న', '|'), ('య', '|'), ('కుం', 'U'), ('డి', '|'), ('న', '|'), ('ది', '|'), ('గు', '|'), ('లు', '|'), ('నెం', 'U'), ('త', '|'), ('ని', '|'), ('వ', '|'), ('చిం', 'U'), ('ప', '|'), ('వ', '|'), ('శ', '|'), ('మ', '|'), ('టే', 'U'), ('రా', 'U'), ('మ', '|'), ('రా', 'U'), ('మ', '|'), ('లా', 'U'), ('వ', 'U'), ('ణ్య', '|'), ('సీ', 'U'), ('మ', '|')]",1.0,-1.0,1.0,1.0,1.0,-1.0
seesamu,"కలగంటినే రేయి కలహంసగామిని । ప్రేమచే నను చేరబిలిచినటుల
బలుకకుండిన చెయ్యి బట్టుక నింత మీ- । కలుకలేమంచు నన్నడిగినటుల-
నపుడు నే కసరిన నౌనౌను నిటుల సే- । నా గలదని కేరి నవ్వినటుల-
నంతట నే సుంత ననుమతించగనె యొ- । ద్దికను పూశయ్యకు దీసినటుల-",vupajaathi,Laavanya,"[('క', '|'), ('ల', '|'), ('గం', 'U'), ('టి', '|'), ('నే', 'U'), ('రే', 'U'), ('యి', '|'), ('క', '|'), ('ల', '|'), ('హం', 'U'), ('స', '|'), ('గా', 'U'), ('మి', '|'), ('ని', '|'), ('ప్రే', 'U'), ('మ', '|'), ('చే', 'U'), ('న', '|'), ('ను', '|'), ('చే', 'U'), ('ర', '|'), ('బి', '|'), ('లి', '|'), ('చి', '|'), ('న', '|'), ('టు', '|'), ('ల', '|'), ('బ', '|'), ('లు', '|'), ('క', '|'), ('కుం', 'U'), ('డి', '|'), ('న', '|'), ('చె', 'U'), ('య్యి', '|'), ('బ', 'U'), ('ట్టు', '|'), ('క', '|'), ('నిం', 'U'), ('త', '|'), ('మీ', 'U'), ('క', '|'), ('లు', '|'), ('క', '|'), ('లే', 'U'), ('మం', 'U'), ('చు', '|'), ('న', 'U'), ('న్న', '|'), ('డి', '|'), ('గి', '|'), ('న', '|'), ('టు', '|'), ('ల', '|'), ('న', '|'), ('పు', '|'), ('డు', '|'), ('నే', 'U'), ('క', '|'), ('స', '|'), ('రి', '|'), ('న', '|'), ('నౌ', 'U'), ('నౌ', 'U'), ('ను', '|'), ('ని', '|'), ('టు', '|'), ('ల', '|'), ('సే', 'U'), ('నా', 'U'), ('గ', '|'), ('ల', '|'), ('ద', '|'), ('ని', '|'), ('కే', 'U'), ('రి', '|'), ('న', 'U'), ('వ్వి', '|'), ('న', '|'), ('టు', '|'), ('ల', '|'), ('నం', 'U'), ('త', '|'), ('ట', '|'), ('నే', 'U'), ('సుం', 'U'), ('త', '|'), ('న', '|'), ('ను', '|'), ('మ', '|'), ('తిం', 'U'), ('చ', '|'), ('గ', '|'), ('నె', '|'), ('యొ', 'U'), ('ద్ది', '|'), ('క', '|'), ('ను', '|'), ('పూ', 'U'), ('శ', 'U'), ('య్య', '|'), ('కు', '|'), ('దీ', 'U'), ('సి', '|'), ('న', '|'), ('టు', '|'), ('ల', '|')]",0.9583333333333334,-1.0,1.0,1.0,0.875,-1.0
teytageethi,"నా యెడల మోవి మోవిని నాని నడుము । మెడల గదియించి హూ యని మీరినటుల-
నైన స్వప్నము వేడుకెంతనుచు దలప । వశమటే రామరామ లావణ్యసీమ.",vupajaathi,Laavanya,"[('నా', 'U'), ('యె', '|'), ('డ', '|'), ('ల', '|'), ('మో', 'U'), ('వి', '|'), ('మో', 'U'), ('వి', '|'), ('ని', '|'), ('నా', 'U'), ('ని', '|'), ('న', '|'), ('డు', '|'), ('ము', '|'), ('మె', '|'), ('డ', '|'), ('ల', '|'), ('గ', '|'), ('ది', '|'), ('యిం', 'U'), ('చి', '|'), ('హూ', 'U'), ('య', '|'), ('ని', '|'), ('మీ', 'U'), ('రి', '|'), ('న', '|'), ('టు', '|'), ('ల', '|'), ('నై', 'U'), ('న', 'U'), ('స్వ', 'U'), ('ప్న', '|'), ('ము', '|'), ('వే', 'U'), ('డు', '|'), ('కెం', 'U'), ('త', '|'), ('ను', '|'), ('చు', '|'), ('ద', '|'), ('ల', '|'), ('ప', '|'), ('వ', '|'), ('శ', '|'), ('మ', '|'), ('టే', 'U'), ('రా', 'U'), ('మ', '|'), ('రా', 'U'), ('మ', '|'), ('లా', 'U'), ('వ', 'U'), ('ణ్య', '|'), ('సీ', 'U'), ('మ', '|')]",0.75,-1.0,1.0,0.75,0.5,-1.0
seesamu,"లలన నీకుచదుర్గముల బలమ్మున గాని । వలరాజు కెదురించి నిలువలేను
తరుణి నీ యధరామృతంబు గ్రోలక గాని । మదనదాహమ వేరె మట్టుపడదు
వనిత నీ దయచూపు లను వృష్టిచే గాని । యంగజానలము చల్లారబోదు
కలికి నీ నవ్వువెన్నెలలు గాయక గాని । స్మరతాప మొకకొంత శాంతి గాదు",vupajaathi,Laavanya,"[('ల', '|'), ('ల', '|'), ('న', '|'), ('నీ', 'U'), ('కు', '|'), ('చ', '|'), ('దు', 'U'), ('ర్గ', '|'), ('ము', '|'), ('ల', '|'), ('బ', '|'), ('ల', 'U'), ('మ్ము', '|'), ('న', '|'), ('గా', 'U'), ('ని', '|'), ('వ', '|'), ('ల', '|'), ('రా', 'U'), ('జు', '|'), ('కె', '|'), ('దు', '|'), ('రిం', 'U'), ('చి', '|'), ('ని', '|'), ('లు', '|'), ('వ', '|'), ('లే', 'U'), ('ను', '|'), ('త', '|'), ('రు', '|'), ('ణి', '|'), ('నీ', 'U'), ('య', '|'), ('ధ', '|'), ('రా', 'U'), ('మృ', '|'), ('తం', 'U'), ('బు', '|'), ('గ్రో', 'U'), ('ల', '|'), ('క', '|'), ('గా', 'U'), ('ని', '|'), ('మ', '|'), ('ద', '|'), ('న', '|'), ('దా', 'U'), ('హ', '|'), ('మ', '|'), ('వే', 'U'), ('రె', '|'), ('మ', 'U'), ('ట్టు', '|'), ('ప', '|'), ('డ', '|'), ('దు', '|'), ('వ', '|'), ('ని', '|'), ('త', '|'), ('నీ', 'U'), ('ద', '|'), ('య', '|'), ('చూ', 'U'), ('పు', '|'), ('ల', '|'), ('ను', '|'), ('వృ', 'U'), ('ష్టి', '|'), ('చే', 'U'), ('గా', 'U'), ('ని', '|'), ('యం', 'U'), ('గ', '|'), ('జా', 'U'), ('న', '|'), ('ల', '|'), ('ము', '|'), ('చ', 'U'), ('ల్లా', 'U'), ('ర', '|'), ('బో', 'U'), ('దు', '|'), ('క', '|'), ('లి', '|'), ('కి', '|'), ('నీ', 'U'), ('న', 'U'), ('వ్వు', '|'), ('వె', 'U'), ('న్నె', '|'), ('ల', '|'), ('లు', '|'), ('గా', 'U'), ('య', '|'), ('క', '|'), ('గా', 'U'), ('ని', 'U'), ('స్మ', '|'), ('ర', '|'), ('తా', 'U'), ('ప', '|'), ('మొ', '|'), ('క', '|'), ('కొం', 'U'), ('త', '|'), ('శాం', 'U'), ('తి', '|'), ('గా', 'U'), ('దు', '|')]",0.9479166666666666,-1.0,1.0,0.96875,0.875,-1.0
teytageethi,"నెనరు మితిలేదు కంటికి నిదుర రాదు । యితరమతి బోదు యాహార మింపు గాదు
మెలత యికమీదు నిజము నా మేను నీదు । వశము శ్రీరామరామ లావణ్యసీమ.",vupajaathi,Laavanya,"[('నె', '|'), ('న', '|'), ('రు', '|'), ('మి', '|'), ('తి', '|'), ('లే', 'U'), ('దు', '|'), ('కం', 'U'), ('టి', '|'), ('కి', '|'), ('ని', '|'), ('దు', '|'), ('ర', '|'), ('రా', 'U'), ('దు', '|'), ('యి', '|'), ('త', '|'), ('ర', '|'), ('మ', '|'), ('తి', '|'), ('బో', 'U'), ('దు', '|'), ('యా', 'U'), ('హా', 'U'), ('ర', '|'), ('మిం', 'U'), ('పు', '|'), ('గా', 'U'), ('దు', '|'), ('మె', '|'), ('ల', '|'), ('త', '|'), ('యి', '|'), ('క', '|'), ('మీ', 'U'), ('దు', '|'), ('ని', '|'), ('జ', '|'), ('ము', '|'), ('నా', 'U'), ('మే', 'U'), ('ను', '|'), ('నీ', 'U'), ('దు', '|'), ('వ', '|'), ('శ', '|'), ('ము', '|'), ('శ్రీ', 'U'), ('రా', 'U'), ('మ', '|'), ('రా', 'U'), ('మ', '|'), ('లా', 'U'), ('వ', 'U'), ('ణ్య', '|'), ('సీ', 'U'), ('మ', '|')]",0.9166666666666666,-1.0,1.0,1.0,0.75,-1.0
seesamu,"వేదండయాన యీ పూదండ గైకొని । నీ దండ కరుణ నన్నేలుకొనవె
కోపంబు మాని నీ రూపంబు నా స్మర- । తాపంబు దీరగా చూపరాదె
వాదేల విరహంబుచే దూల నణగింప- । రాదా లతాంగి రారాపు లేలె
యో యిందుముఖి నీవు నాయందు చలము ని- । ట్లైయుందువని దోచదాయె గదవె",vupajaathi,Laavanya,"[('వే', 'U'), ('దం', 'U'), ('డ', '|'), ('యా', 'U'), ('న', '|'), ('యీ', 'U'), ('పూ', 'U'), ('దం', 'U'), ('డ', '|'), ('గై', 'U'), ('కొ', '|'), ('ని', '|'), ('నీ', 'U'), ('దం', 'U'), ('డ', '|'), ('క', '|'), ('రు', '|'), ('ణ', '|'), ('న', 'U'), ('న్నే', 'U'), ('లు', '|'), ('కొ', '|'), ('న', '|'), ('వె', '|'), ('కో', 'U'), ('పం', 'U'), ('బు', '|'), ('మా', 'U'), ('ని', '|'), ('నీ', 'U'), ('రూ', 'U'), ('పం', 'U'), ('బు', '|'), ('నా', 'U'), ('స్మ', '|'), ('ర', '|'), ('తా', 'U'), ('పం', 'U'), ('బు', '|'), ('దీ', 'U'), ('ర', '|'), ('గా', 'U'), ('చూ', 'U'), ('ప', '|'), ('రా', 'U'), ('దె', '|'), ('వా', 'U'), ('దే', 'U'), ('ల', '|'), ('వి', '|'), ('ర', '|'), ('హం', 'U'), ('బు', '|'), ('చే', 'U'), ('దూ', 'U'), ('ల', '|'), ('న', '|'), ('ణ', '|'), ('గిం', 'U'), ('ప', '|'), ('రా', 'U'), ('దా', 'U'), ('ల', '|'), ('తాం', 'U'), ('గి', '|'), ('రా', 'U'), ('రా', 'U'), ('పు', '|'), ('లే', 'U'), ('లె', '|'), ('యో', 'U'), ('యిం', 'U'), ('దు', '|'), ('ము', '|'), ('ఖి', '|'), ('నీ', 'U'), ('వు', '|'), ('నా', 'U'), ('యం', 'U'), ('దు', '|'), ('చ', '|'), ('ల', '|'), ('ము', '|'), ('ని', 'U'), ('ట్లై', 'U'), ('యుం', 'U'), ('దు', '|'), ('వ', '|'), ('ని', '|'), ('దో', 'U'), ('చ', '|'), ('దా', 'U'), ('యె', '|'), ('గ', '|'), ('ద', '|'), ('వె', '|')]",1.0,-1.0,1.0,1.0,1.0,-1.0
teytageethi,"కనరు మాటలు చెవినాని కరుణమాని । మనసుమోడిని కొదవ నీ మాడ్కి బూని
యతివ నేడేమొ కాని యీ యలవిగాని । వలపుగదె రామరామ లావణ్యసీమ.",vupajaathi,Laavanya,"[('క', '|'), ('న', '|'), ('రు', '|'), ('మా', 'U'), ('ట', '|'), ('లు', '|'), ('చె', '|'), ('వి', '|'), ('నా', 'U'), ('ని', '|'), ('క', '|'), ('రు', '|'), ('ణ', '|'), ('మా', 'U'), ('ని', '|'), ('మ', '|'), ('న', '|'), ('సు', '|'), ('మో', 'U'), ('డి', '|'), ('ని', '|'), ('కొ', '|'), ('ద', '|'), ('వ', '|'), ('నీ', 'U'), ('మా', 'U'), ('డ్కి', '|'), ('బూ', 'U'), ('ని', '|'), ('య', '|'), ('తి', '|'), ('వ', '|'), ('నే', 'U'), ('డే', 'U'), ('మొ', '|'), ('కా', 'U'), ('ని', '|'), ('యీ', 'U'), ('య', '|'), ('ల', '|'), ('వి', '|'), ('గా', 'U'), ('ని', '|'), ('వ', '|'), ('ల', '|'), ('పు', '|'), ('గ', '|'), ('దె', '|'), ('రా', 'U'), ('మ', '|'), ('రా', 'U'), ('మ', '|'), ('లా', 'U'), ('వ', 'U'), ('ణ్య', '|'), ('సీ', 'U'), ('మ', '|')]",1.0,-1.0,1.0,1.0,1.0,-1.0
seesamu,"గజనిమ్మపండ్లు నే నజరు చేసెద గాని । బటువుగుబ్బలు సుంత బట్టనియవె
వెలలేని భూషణమ్ములు కానుకిత్తు నీ । చక్కెరకెమ్మోవి నొక్కనియవె
పడతి నే నీ కాకుమడుపులందిత్తు నన్ । కదసి కౌగిట వేడ్క నదుముకొనవె
తరలాక్షి నీదు పాదంబైన పట్టెద । విడెమైన రవ సమర్పింపగదవె",vupajaathi,Laavanya,"[('గ', '|'), ('జ', '|'), ('ని', 'U'), ('మ్మ', '|'), ('పం', 'U'), ('డ్లు', '|'), ('నే', 'U'), ('న', '|'), ('జ', '|'), ('రు', '|'), ('చే', 'U'), ('సె', '|'), ('ద', '|'), ('గా', 'U'), ('ని', '|'), ('బ', '|'), ('టు', '|'), ('వు', '|'), ('గు', 'U'), ('బ్బ', '|'), ('లు', '|'), ('సుం', 'U'), ('త', '|'), ('బ', 'U'), ('ట్ట', '|'), ('ని', '|'), ('య', '|'), ('వె', '|'), ('వె', '|'), ('ల', '|'), ('లే', 'U'), ('ని', '|'), ('భూ', 'U'), ('ష', '|'), ('ణ', 'U'), ('మ్ము', '|'), ('లు', '|'), ('కా', 'U'), ('ను', '|'), ('కి', 'U'), ('త్తు', '|'), ('నీ', 'U'), ('చ', 'U'), ('క్కె', '|'), ('ర', '|'), ('కె', 'U'), ('మ్మో', 'U'), ('వి', '|'), ('నొ', 'U'), ('క్క', '|'), ('ని', '|'), ('య', '|'), ('వె', '|'), ('ప', '|'), ('డ', '|'), ('తి', '|'), ('నే', 'U'), ('నీ', 'U'), ('కా', 'U'), ('కు', '|'), ('మ', '|'), ('డు', '|'), ('పు', '|'), ('లం', 'U'), ('ది', 'U'), ('త్తు', '|'), ('న', 'U'), ('న్క', '|'), ('ద', '|'), ('సి', '|'), ('కౌ', 'U'), ('గి', '|'), ('ట', '|'), ('వే', 'U'), ('డ్క', '|'), ('న', '|'), ('దు', '|'), ('ము', '|'), ('కొ', '|'), ('న', '|'), ('వె', '|'), ('త', '|'), ('ర', '|'), ('లా', 'U'), ('క్షి', '|'), ('నీ', 'U'), ('దు', '|'), ('పా', 'U'), ('దం', 'U'), ('బై', 'U'), ('న', '|'), ('ప', 'U'), ('ట్టె', '|'), ('ద', '|'), ('వి', '|'), ('డె', '|'), ('మై', 'U'), ('న', '|'), ('ర', '|'), ('వ', '|'), ('స', '|'), ('మ', 'U'), ('ర్పిం', 'U'), ('ప', '|'), ('గ', '|'), ('ద', '|'), ('వె', '|')]",0.9583333333333334,-1.0,1.0,1.0,0.875,-1.0
teytageethi,"స్నేహమౌచోట నింత నిర్మోహమౌట । తగవటే లేమ యీలాగు సుగుణధామ
తలచితే భామ నీమీద తగని ప్రేమ । వశమటే రామరామ లావణ్యసీమ.",vupajaathi,Laavanya,"[('స్నే', 'U'), ('హ', '|'), ('మౌ', 'U'), ('చో', 'U'), ('ట', '|'), ('నిం', 'U'), ('త', '|'), ('ని', 'U'), ('ర్మో', 'U'), ('హ', '|'), ('మౌ', 'U'), ('ట', '|'), ('త', '|'), ('గ', '|'), ('వ', '|'), ('టే', 'U'), ('లే', 'U'), ('మ', '|'), ('యీ', 'U'), ('లా', 'U'), ('గు', '|'), ('సు', '|'), ('గు', '|'), ('ణ', '|'), ('ధా', 'U'), ('మ', '|'), ('త', '|'), ('ల', '|'), ('చి', '|'), ('తే', 'U'), ('భా', 'U'), ('మ', '|'), ('నీ', 'U'), ('మీ', 'U'), ('ద', '|'), ('త', '|'), ('గ', '|'), ('ని', '|'), ('ప్రే', 'U'), ('మ', '|'), ('వ', '|'), ('శ', '|'), ('మ', '|'), ('టే', 'U'), ('రా', 'U'), ('మ', '|'), ('రా', 'U'), ('మ', '|'), ('లా', 'U'), ('వ', 'U'), ('ణ్య', '|'), ('సీ', 'U'), ('మ', '|')]",1.0,-1.0,1.0,1.0,1.0,-1.0
seesamu,"స్త్రీలపై నతిబాళి జెందిన పురుషుల । కపకీర్తి దీనత నగుడు దిగులు
పరువుతక్కువ మోక్షపదవికి దొలుగుట । నైష్టికహీనంబు నవ్వుపాటు
చుట్టపక్కంబుల సుళ్లడగించుట గాసి । విబుధాళి గన్న భవిష్యహాని
మానంబు విడి యవమానంబు నొందుట । ధనము గోల్పోవుట తనువు చెడుట",vupajaathi,Laavanya,"[('స్త్రీ', 'U'), ('ల', '|'), ('పై', 'U'), ('న', '|'), ('తి', '|'), ('బా', 'U'), ('ళి', '|'), ('జెం', 'U'), ('ది', '|'), ('న', '|'), ('పు', '|'), ('రు', '|'), ('షు', '|'), ('ల', '|'), ('క', '|'), ('ప', '|'), ('కీ', 'U'), ('ర్తి', '|'), ('దీ', 'U'), ('న', '|'), ('త', '|'), ('న', '|'), ('గు', '|'), ('డు', '|'), ('ది', '|'), ('గు', '|'), ('లు', '|'), ('ప', '|'), ('రు', '|'), ('వు', '|'), ('త', 'U'), ('క్కు', '|'), ('వ', '|'), ('మో', 'U'), ('క్ష', '|'), ('ప', '|'), ('ద', '|'), ('వి', '|'), ('కి', '|'), ('దొ', '|'), ('లు', '|'), ('గు', '|'), ('ట', '|'), ('నై', 'U'), ('ష్టి', '|'), ('క', '|'), ('హీ', 'U'), ('నం', 'U'), ('బు', '|'), ('న', 'U'), ('వ్వు', '|'), ('పా', 'U'), ('టు', '|'), ('చు', 'U'), ('ట్ట', '|'), ('ప', 'U'), ('క్కం', 'U'), ('బు', '|'), ('ల', '|'), ('సు', 'U'), ('ళ్ల', '|'), ('డ', '|'), ('గిం', 'U'), ('చు', '|'), ('ట', '|'), ('గా', 'U'), ('సి', '|'), ('వి', '|'), ('బు', '|'), ('ధా', 'U'), ('ళి', '|'), ('గ', 'U'), ('న్న', '|'), ('భ', '|'), ('వి', 'U'), ('ష్య', '|'), ('హా', 'U'), ('ని', '|'), ('మా', 'U'), ('నం', 'U'), ('బు', '|'), ('వి', '|'), ('డి', '|'), ('య', '|'), ('వ', '|'), ('మా', 'U'), ('నం', 'U'), ('బు', '|'), ('నొం', 'U'), ('దు', '|'), ('ట', '|'), ('ధ', '|'), ('న', '|'), ('ము', '|'), ('గో', 'U'), ('ల్పో', 'U'), ('వు', '|'), ('ట', '|'), ('త', '|'), ('ను', '|'), ('వు', '|'), ('చె', '|'), ('డు', '|'), ('ట', '|')]",0.8854166666666666,-1.0,1.0,0.90625,0.75,-1.0
teytageethi,"వసుధలోపల నెటువంటివారికైన । తగని వలపిట్లు గారాదు తరుణి నీదు
కృపను గాంచక మన్మథచపల మణప । వశమటే రామరామ లావణ్యసీమ.",vupajaathi,Laavanya,"[('వ', '|'), ('సు', '|'), ('ధ', '|'), ('లో', 'U'), ('ప', '|'), ('ల', '|'), ('నె', '|'), ('టు', '|'), ('వం', 'U'), ('టి', '|'), ('వా', 'U'), ('రి', '|'), ('కై', 'U'), ('న', '|'), ('త', '|'), ('గ', '|'), ('ని', '|'), ('వ', '|'), ('ల', '|'), ('పి', 'U'), ('ట్లు', '|'), ('గా', 'U'), ('రా', 'U'), ('దు', '|'), ('త', '|'), ('రు', '|'), ('ణి', '|'), ('నీ', 'U'), ('దు', '|'), ('కృ', '|'), ('ప', '|'), ('ను', '|'), ('గాం', 'U'), ('చ', '|'), ('క', '|'), ('మ', 'U'), ('న్మ', '|'), ('థ', '|'), ('చ', '|'), ('ప', '|'), ('ల', '|'), ('మ', '|'), ('ణ', '|'), ('ప', '|'), ('వ', '|'), ('శ', '|'), ('మ', '|'), ('టే', 'U'), ('రా', 'U'), ('మ', '|'), ('రా', 'U'), ('మ', '|'), ('లా', 'U'), ('వ', 'U'), ('ణ్య', '|'), ('సీ', 'U'), ('మ', '|')]",1.0,-1.0,1.0,1.0,1.0,-1.0
seesamu,"ప్రణవమాలింప నీ మణితంబుగా నయ్యె । ధ్యానంబు నీ పదధ్యాన మయ్యె
లక్ష్యంబు నీ పట్టువక్షోజములు నయ్యె । యోగంబు నీదు సంయోగ మయ్యె
సుసమాధి మదనతంత్రసమాధిగా నయ్యె । జపము నీ సద్గుణచయము నయ్యె
బింబదృశ్యము నోష్ఠబింబదృశ్యము నయ్యె । స్మరణ యేవేళ నీ శరణ యయ్యె",vupajaathi,Laavanya,"[('ప్ర', '|'), ('ణ', '|'), ('వ', '|'), ('మా', 'U'), ('లిం', 'U'), ('ప', '|'), ('నీ', 'U'), ('మ', '|'), ('ణి', '|'), ('తం', 'U'), ('బు', '|'), ('గా', 'U'), ('న', 'U'), ('య్యె', 'U'), ('ధ్యా', 'U'), ('నం', 'U'), ('బు', '|'), ('నీ', 'U'), ('ప', '|'), ('ద', 'U'), ('ధ్యా', 'U'), ('న', '|'), ('మ', 'U'), ('య్యె', '|'), ('ల', 'U'), ('క్ష్యం', 'U'), ('బు', '|'), ('నీ', 'U'), ('ప', 'U'), ('ట్టు', '|'), ('వ', 'U'), ('క్షో', 'U'), ('జ', '|'), ('ము', '|'), ('లు', '|'), ('న', 'U'), ('య్యె', '|'), ('యో', 'U'), ('గం', 'U'), ('బు', '|'), ('నీ', 'U'), ('దు', '|'), ('సం', 'U'), ('యో', 'U'), ('గ', '|'), ('మ', 'U'), ('య్యె', '|'), ('సు', '|'), ('స', '|'), ('మా', 'U'), ('ధి', '|'), ('మ', '|'), ('ద', '|'), ('న', '|'), ('తం', 'U'), ('త్ర', '|'), ('స', '|'), ('మా', 'U'), ('ధి', '|'), ('గా', 'U'), ('న', 'U'), ('య్యె', '|'), ('జ', '|'), ('ప', '|'), ('ము', '|'), ('నీ', 'U'), ('స', 'U'), ('ద్గు', '|'), ('ణ', '|'), ('చ', '|'), ('య', '|'), ('ము', '|'), ('న', 'U'), ('య్యె', '|'), ('బిం', 'U'), ('బ', '|'), ('దృ', 'U'), ('శ్య', '|'), ('ము', '|'), ('నో', 'U'), ('ష్ఠ', '|'), ('బిం', 'U'), ('బ', '|'), ('దృ', 'U'), ('శ్య', '|'), ('ము', '|'), ('న', 'U'), ('య్యె', 'U'), ('స్మ', '|'), ('ర', '|'), ('ణ', '|'), ('యే', 'U'), ('వే', 'U'), ('ళ', '|'), ('నీ', 'U'), ('శ', '|'), ('ర', '|'), ('ణ', '|'), ('య', 'U'), ('య్యె', '|')]",0.59375,-1.0,1.0,0.65625,0.125,-1.0
teytageethi,"తరణికిరణాశనము జేసి తపమొనర్చు । వారలకునైన నిది గెల్వ దీరదయ్యె
యజుడు నిర్మించు మాయనేమంచు నెంచ- । వచ్చునే రామరామ లావణ్యసీమ.",vupajaathi,Laavanya,"[('త', '|'), ('ర', '|'), ('ణి', '|'), ('కి', '|'), ('ర', '|'), ('ణా', 'U'), ('శ', '|'), ('న', '|'), ('ము', '|'), ('జే', 'U'), ('సి', '|'), ('త', '|'), ('ప', '|'), ('మొ', '|'), ('న', 'U'), ('ర్చు', '|'), ('వా', 'U'), ('ర', '|'), ('ల', '|'), ('కు', '|'), ('నై', 'U'), ('న', '|'), ('ని', '|'), ('ది', '|'), ('గె', 'U'), ('ల్వ', '|'), ('దీ', 'U'), ('ర', '|'), ('ద', 'U'), ('య్యె', '|'), ('య', '|'), ('జు', '|'), ('డు', '|'), ('ని', 'U'), ('ర్మిం', 'U'), ('చు', '|'), ('మా', 'U'), ('య', '|'), ('నే', 'U'), ('మం', 'U'), ('చు', '|'), ('నెం', 'U'), ('చ', '|'), ('వ', 'U'), ('చ్చు', '|'), ('నే', 'U'), ('రా', 'U'), ('మ', '|'), ('రా', 'U'), ('మ', '|'), ('లా', 'U'), ('వ', 'U'), ('ణ్య', '|'), ('సీ', 'U'), ('మ', '|')]",0.9166666666666666,-1.0,1.0,1.0,0.75,-1.0
seesamu,"వనిత నీ చెట్టబట్టినవేళ యెట్టిదో । సకలమనోవాంఛ సఫలమయ్యె
నను నీవు నిను నేను గనువేళ యెట్టిదో । నంతకంతకు మోహ మగ్గమయ్యె
మనమిద్దరము గూడుకొనువేళ యెట్టిదో । నిను జూడకను బాళి నిలువదయ్యె
వనజాక్షి నీవు పల్కినవేళ యెట్టిదో । నొకదానిపై చిత్తమొదుగదయ్యె",vupajaathi,Laavanya,"[('వ', '|'), ('ని', '|'), ('త', '|'), ('నీ', 'U'), ('చె', 'U'), ('ట్ట', '|'), ('బ', 'U'), ('ట్టి', '|'), ('న', '|'), ('వే', 'U'), ('ళ', '|'), ('యె', 'U'), ('ట్టి', '|'), ('దో', 'U'), ('స', '|'), ('క', '|'), ('ల', '|'), ('మ', '|'), ('నో', 'U'), ('వాం', 'U'), ('ఛ', '|'), ('స', '|'), ('ఫ', '|'), ('ల', '|'), ('మ', 'U'), ('య్యె', '|'), ('న', '|'), ('ను', '|'), ('నీ', 'U'), ('వు', '|'), ('ని', '|'), ('ను', '|'), ('నే', 'U'), ('ను', '|'), ('గ', '|'), ('ను', '|'), ('వే', 'U'), ('ళ', '|'), ('యె', 'U'), ('ట్టి', '|'), ('దో', 'U'), ('నం', 'U'), ('త', '|'), ('కం', 'U'), ('త', '|'), ('కు', '|'), ('మో', 'U'), ('హ', '|'), ('మ', 'U'), ('గ్గ', '|'), ('మ', 'U'), ('య్యె', '|'), ('మ', '|'), ('న', '|'), ('మి', 'U'), ('ద్ద', '|'), ('ర', '|'), ('ము', '|'), ('గూ', 'U'), ('డు', '|'), ('కొ', '|'), ('ను', '|'), ('వే', 'U'), ('ళ', '|'), ('యె', 'U'), ('ట్టి', '|'), ('దో', 'U'), ('ని', '|'), ('ను', '|'), ('జూ', 'U'), ('డ', '|'), ('క', '|'), ('ను', '|'), ('బా', 'U'), ('ళి', '|'), ('ని', '|'), ('లు', '|'), ('వ', '|'), ('ద', 'U'), ('య్యె', '|'), ('వ', '|'), ('న', '|'), ('జా', 'U'), ('క్షి', '|'), ('నీ', 'U'), ('వు', '|'), ('ప', 'U'), ('ల్కి', '|'), ('న', '|'), ('వే', 'U'), ('ళ', '|'), ('యె', 'U'), ('ట్టి', '|'), ('దో', 'U'), ('నొ', '|'), ('క', '|'), ('దా', 'U'), ('ని', '|'), ('పై', 'U'), ('చి', 'U'), ('త్త', '|'), ('మొ', '|'), ('దు', '|'), ('గ', '|'), ('ద', 'U'), ('య్యె', '|')]",0.9166666666666666,-1.0,1.0,1.0,0.75,-1.0
teytageethi,"నెటుల సైరింతు నిన్ను నేనెపుడు గాంతు । నేది యుపమెంతు నీ జాలినెటు లడంతు
మగువ దయయుంచునని చాల మది దలంతు । వరుసనిటు రామరామ లావణ్యసీమ.",vupajaathi,Laavanya,"[('నె', '|'), ('టు', '|'), ('ల', '|'), ('సై', 'U'), ('రిం', 'U'), ('తు', '|'), ('ని', 'U'), ('న్ను', '|'), ('నే', 'U'), ('నె', '|'), ('పు', '|'), ('డు', '|'), ('గాం', 'U'), ('తు', '|'), ('నే', 'U'), ('ది', '|'), ('యు', '|'), ('ప', '|'), ('మెం', 'U'), ('తు', '|'), ('నీ', 'U'), ('జా', 'U'), ('లి', '|'), ('నె', '|'), ('టు', '|'), ('ల', '|'), ('డం', 'U'), ('తు', '|'), ('మ', '|'), ('గు', '|'), ('వ', '|'), ('ద', '|'), ('య', '|'), ('యుం', 'U'), ('చు', '|'), ('న', '|'), ('ని', '|'), ('చా', 'U'), ('ల', '|'), ('మ', '|'), ('ది', '|'), ('ద', '|'), ('లం', 'U'), ('తు', '|'), ('వ', '|'), ('రు', '|'), ('స', '|'), ('ని', '|'), ('టు', '|'), ('రా', 'U'), ('మ', '|'), ('రా', 'U'), ('మ', '|'), ('లా', 'U'), ('వ', 'U'), ('ణ్య', '|'), ('సీ', 'U'), ('మ', '|')]",1.0,-1.0,1.0,1.0,1.0,-1.0
seesamu,"నెమ్మేన కళలు ఘూర్ణిలగ గౌ నళికి ఘం- । టల తాబు కొల్కి పఠాలురనగ
రంగైన తాపితా రయిక చన్ పొగరున । బిగిసి పక్కున కుట్లు పిక్కటిల్ల
రత్నభూషణము లలంకరించంగ యీ । విరహాగ్ని వేడిమి వెళ్లనురక
గమగమలాడు గంధపుపూత లొక్కొక- । చోట పై రవరవ పేటులెత్త",vupajaathi,Laavanya,"[('నె', 'U'), ('మ్మే', 'U'), ('న', '|'), ('క', '|'), ('ళ', '|'), ('లు', '|'), ('ఘూ', 'U'), ('ర్ణి', '|'), ('ల', '|'), ('గ', '|'), ('గౌ', 'U'), ('న', '|'), ('ళి', '|'), ('కి', '|'), ('ఘం', 'U'), ('ట', '|'), ('ల', '|'), ('తా', 'U'), ('బు', '|'), ('కొ', 'U'), ('ల్కి', '|'), ('ప', '|'), ('ఠా', 'U'), ('లు', '|'), ('ర', '|'), ('న', '|'), ('గ', '|'), ('రం', 'U'), ('గై', 'U'), ('న', '|'), ('తా', 'U'), ('పి', '|'), ('తా', 'U'), ('ర', '|'), ('యి', '|'), ('క', '|'), ('చ', 'U'), ('న్పొ', '|'), ('గ', '|'), ('రు', '|'), ('న', '|'), ('బి', '|'), ('గి', '|'), ('సి', '|'), ('ప', 'U'), ('క్కు', '|'), ('న', '|'), ('కు', 'U'), ('ట్లు', '|'), ('పి', 'U'), ('క్క', '|'), ('టి', 'U'), ('ల్ల', '|'), ('ర', 'U'), ('త్న', '|'), ('భూ', 'U'), ('ష', '|'), ('ణ', '|'), ('ము', '|'), ('ల', '|'), ('లం', 'U'), ('క', '|'), ('రిం', 'U'), ('చం', 'U'), ('గ', '|'), ('యీ', 'U'), ('వి', '|'), ('ర', '|'), ('హా', 'U'), ('గ్ని', '|'), ('వే', 'U'), ('డి', '|'), ('మి', '|'), ('వె', 'U'), ('ళ్ల', '|'), ('ను', '|'), ('ర', '|'), ('క', '|'), ('గ', '|'), ('మ', '|'), ('గ', '|'), ('మ', '|'), ('లా', 'U'), ('డు', '|'), ('గం', 'U'), ('ధ', '|'), ('పు', '|'), ('పూ', 'U'), ('త', '|'), ('లొ', 'U'), ('క్కొ', '|'), ('క', '|'), ('చో', 'U'), ('ట', '|'), ('పై', 'U'), ('ర', '|'), ('వ', '|'), ('ర', '|'), ('వ', '|'), ('పే', 'U'), ('టు', '|'), ('లె', 'U'), ('త్త', '|')]",0.9166666666666666,-1.0,1.0,1.0,0.75,-1.0
teytageethi,"వచ్చి మనసిచ్చి ననుమెచ్చి వలపులెచ్చి । కరుణతో మచ్చికను గ్రుచ్చి కౌగలిచ్చి
కలయికకుజొచ్చినట్టి నీ ఘనత దలప । వశమటే రామరామ లావణ్యసీమ.",vupajaathi,Laavanya,"[('వ', 'U'), ('చ్చి', '|'), ('మ', '|'), ('న', '|'), ('సి', 'U'), ('చ్చి', '|'), ('న', '|'), ('ను', '|'), ('మె', 'U'), ('చ్చి', '|'), ('వ', '|'), ('ల', '|'), ('పు', '|'), ('లె', 'U'), ('చ్చి', '|'), ('క', '|'), ('రు', '|'), ('ణ', '|'), ('తో', 'U'), ('మ', 'U'), ('చ్చి', '|'), ('క', '|'), ('ను', '|'), ('గ్రు', 'U'), ('చ్చి', '|'), ('కౌ', 'U'), ('గ', '|'), ('లి', 'U'), ('చ్చి', '|'), ('క', '|'), ('ల', '|'), ('యి', '|'), ('క', '|'), ('కు', '|'), ('జొ', 'U'), ('చ్చి', '|'), ('న', 'U'), ('ట్టి', '|'), ('నీ', 'U'), ('ఘ', '|'), ('న', '|'), ('త', '|'), ('ద', '|'), ('ల', '|'), ('ప', '|'), ('వ', '|'), ('శ', '|'), ('మ', '|'), ('టే', 'U'), ('రా', 'U'), ('మ', '|'), ('రా', 'U'), ('మ', '|'), ('లా', 'U'), ('వ', 'U'), ('ణ్య', '|'), ('సీ', 'U'), ('మ', '|')]",1.0,-1.0,1.0,1.0,1.0,-1.0
seesamu,"మగవారి నింతులే వగ నెచ్చరించుట- । లని సిగ్గుదోచదో వనజగంధి
పైకొన్నవేళ కోపము సేతురో యని । భయమైన కాదటే పల్లవోష్ఠి
సరివారు గన్న మోసమటంచు సుంతైన । మదికెగ్గు లేదటే మధురవాణి
యెరుక సేయక మోవి నెటు నొక్కనంచు తొం- । దర జెందదె మేను సరసిజాక్షి",vupajaathi,Laavanya,"[('మ', '|'), ('గ', '|'), ('వా', 'U'), ('రి', '|'), ('నిం', 'U'), ('తు', '|'), ('లే', 'U'), ('వ', '|'), ('గ', '|'), ('నె', 'U'), ('చ్చ', '|'), ('రిం', 'U'), ('చు', '|'), ('ట', '|'), ('ల', '|'), ('ని', '|'), ('సి', 'U'), ('గ్గు', '|'), ('దో', 'U'), ('చ', '|'), ('దో', 'U'), ('వ', '|'), ('న', '|'), ('జ', '|'), ('గం', 'U'), ('ధి', '|'), ('పై', 'U'), ('కొ', 'U'), ('న్న', '|'), ('వే', 'U'), ('ళ', '|'), ('కో', 'U'), ('ప', '|'), ('ము', '|'), ('సే', 'U'), ('తు', '|'), ('రో', 'U'), ('య', '|'), ('ని', '|'), ('భ', '|'), ('య', '|'), ('మై', 'U'), ('న', '|'), ('కా', 'U'), ('ద', '|'), ('టే', 'U'), ('ప', 'U'), ('ల్ల', '|'), ('వో', 'U'), ('ష్ఠి', '|'), ('స', '|'), ('రి', '|'), ('వా', 'U'), ('రు', '|'), ('గ', 'U'), ('న్న', '|'), ('మో', 'U'), ('స', '|'), ('మ', '|'), ('టం', 'U'), ('చు', '|'), ('సుం', 'U'), ('తై', 'U'), ('న', '|'), ('మ', '|'), ('ది', '|'), ('కె', 'U'), ('గ్గు', '|'), ('లే', 'U'), ('ద', '|'), ('టే', 'U'), ('మ', '|'), ('ధు', '|'), ('ర', '|'), ('వా', 'U'), ('ణి', '|'), ('యె', '|'), ('రు', '|'), ('క', '|'), ('సే', 'U'), ('య', '|'), ('క', '|'), ('మో', 'U'), ('వి', '|'), ('నె', '|'), ('టు', '|'), ('నొ', 'U'), ('క్క', '|'), ('నం', 'U'), ('చు', '|'), ('తొం', 'U'), ('ద', '|'), ('ర', '|'), ('జెం', 'U'), ('ద', '|'), ('దె', '|'), ('మే', 'U'), ('ను', '|'), ('స', '|'), ('ర', '|'), ('సి', '|'), ('జా', 'U'), ('క్షి', '|')]",0.8854166666666666,-1.0,1.0,0.90625,0.75,-1.0
teytageethi,"యవల పో పోవె తేపకు నంటరాకు । మొదటికూటివె పదివేలు ముదిత చాలు-
నింకమీదట నీ గుణమెల్ల తెలిసి । వచ్చెగదె రామరామ లావణ్యసీమ.",vupajaathi,Laavanya,"[('య', '|'), ('వ', '|'), ('ల', '|'), ('పో', 'U'), ('పో', 'U'), ('వె', '|'), ('తే', 'U'), ('ప', '|'), ('కు', '|'), ('నం', 'U'), ('ట', '|'), ('రా', 'U'), ('కు', '|'), ('మొ', '|'), ('ద', '|'), ('టి', '|'), ('కూ', 'U'), ('టి', '|'), ('వె', '|'), ('ప', '|'), ('ది', '|'), ('వే', 'U'), ('లు', '|'), ('ము', '|'), ('ది', '|'), ('త', '|'), ('చా', 'U'), ('లు', '|'), ('నిం', 'U'), ('క', '|'), ('మీ', 'U'), ('ద', '|'), ('ట', '|'), ('నీ', 'U'), ('గు', '|'), ('ణ', '|'), ('మె', 'U'), ('ల్ల', '|'), ('తె', '|'), ('లి', '|'), ('సి', '|'), ('వ', 'U'), ('చ్చె', '|'), ('గ', '|'), ('దె', '|'), ('రా', 'U'), ('మ', '|'), ('రా', 'U'), ('మ', '|'), ('లా', 'U'), ('వ', 'U'), ('ణ్య', '|'), ('సీ', 'U'), ('మ', '|')]",0.8333333333333334,-1.0,1.0,1.0,0.5,-1.0
seesamu,"భాస్కరవంశదీపకయోగిబృందహృ- । త్కమలమార్తాండ మంగళము నీకు
సకలసురాసురసంసేవ్యపాదసా- । గరశాయి సహజమంగళము నీకు
కుజనగర్వవిఫాల నిజభక్తపాల । కరుణాపయోధి మంగళము నీకు
పార్థివేంద్రలలామఫలదాయకాభీష్ట । గజరాజవరద మంగళము నీకు",vupajaathi,Laavanya,"[('భా', 'U'), ('స్క', '|'), ('ర', '|'), ('వం', 'U'), ('శ', '|'), ('దీ', 'U'), ('ప', '|'), ('క', '|'), ('యో', 'U'), ('గి', '|'), ('బృం', 'U'), ('ద', '|'), ('హృ', 'U'), ('త్క', '|'), ('మ', '|'), ('ల', '|'), ('మా', 'U'), ('ర్తాం', 'U'), ('డ', '|'), ('మం', 'U'), ('గ', '|'), ('ళ', '|'), ('ము', '|'), ('నీ', 'U'), ('కు', '|'), ('స', '|'), ('క', '|'), ('ల', '|'), ('సు', '|'), ('రా', 'U'), ('సు', '|'), ('ర', '|'), ('సం', 'U'), ('సే', 'U'), ('వ్య', '|'), ('పా', 'U'), ('ద', '|'), ('సా', 'U'), ('గ', '|'), ('ర', '|'), ('శా', 'U'), ('యి', '|'), ('స', '|'), ('హ', '|'), ('జ', '|'), ('మం', 'U'), ('గ', '|'), ('ళ', '|'), ('ము', '|'), ('నీ', 'U'), ('కు', '|'), ('కు', '|'), ('జ', '|'), ('న', '|'), ('గ', 'U'), ('ర్వ', '|'), ('వి', '|'), ('ఫా', 'U'), ('ల', '|'), ('ని', '|'), ('జ', '|'), ('భ', 'U'), ('క్త', '|'), ('పా', 'U'), ('ల', '|'), ('క', '|'), ('రు', '|'), ('ణా', 'U'), ('ప', '|'), ('యో', 'U'), ('ధి', '|'), ('మం', 'U'), ('గ', '|'), ('ళ', '|'), ('ము', '|'), ('నీ', 'U'), ('కు', '|'), ('పా', 'U'), ('ర్థి', '|'), ('వేం', 'U'), ('ద్ర', '|'), ('ల', '|'), ('లా', 'U'), ('మ', '|'), ('ఫ', '|'), ('ల', '|'), ('దా', 'U'), ('య', '|'), ('కా', 'U'), ('భీ', 'U'), ('ష్ట', '|'), ('గ', '|'), ('జ', '|'), ('రా', 'U'), ('జ', '|'), ('వ', '|'), ('ర', '|'), ('ద', '|'), ('మం', 'U'), ('గ', '|'), ('ళ', '|'), ('ము', '|'), ('నీ', 'U'), ('కు', '|')]",0.8020833333333334,-1.0,1.0,0.78125,0.625,-1.0
teytageethi,"ఘనసుగుణధామ ఘోరసంగ్రామభీమ । బుధజనస్తోమ నవ్యసంపూర్ణకామ
పతితపావనకృతినామ భవవిరామ । వరచరిత రామరామ లావణ్యసీమ.",vupajaathi,Laavanya,"[('ఘ', '|'), ('న', '|'), ('సు', '|'), ('గు', '|'), ('ణ', '|'), ('ధా', 'U'), ('మ', '|'), ('ఘో', 'U'), ('ర', '|'), ('సం', 'U'), ('గ్రా', 'U'), ('మ', '|'), ('భీ', 'U'), ('మ', '|'), ('బు', '|'), ('ధ', '|'), ('జ', '|'), ('న', 'U'), ('స్తో', 'U'), ('మ', '|'), ('న', 'U'), ('వ్య', '|'), ('సం', 'U'), ('పూ', 'U'), ('ర్ణ', '|'), ('కా', 'U'), ('మ', '|'), ('ప', '|'), ('తి', '|'), ('త', '|'), ('పా', 'U'), ('వ', '|'), ('న', '|'), ('కృ', '|'), ('తి', '|'), ('నా', 'U'), ('మ', '|'), ('భ', '|'), ('వ', '|'), ('వి', '|'), ('రా', 'U'), ('మ', '|'), ('వ', '|'), ('ర', '|'), ('చ', '|'), ('రి', '|'), ('త', '|'), ('రా', 'U'), ('మ', '|'), ('రా', 'U'), ('మ', '|'), ('లా', 'U'), ('వ', 'U'), ('ణ్య', '|'), ('సీ', 'U'), ('మ', '|')]",1.0,-1.0,1.0,1.0,1.0,-1.0
saardulamu,"శ్రీమద్రామ పదారవిందయుగళిన్‌ సేవించి, యస్మద్గురు
స్వామిన్‌ వేడ్క భజించి, సత్కవి నమస్కారంబుఁ గావించి, వా
గ్భూమప్రౌఢిమ నీకు నొక్క శతకంబున్‌ భక్తి నర్పించెదన్‌
నా మీదం గృపజేసి కైకొను మమందప్రీతితో మారుతీ!",vruttamu,Maaruthi,"[('శ్రీ', 'U'), ('మ', '|'), ('ద్రా', 'U'), ('మ', '|'), ('ప', '|'), ('దా', 'U'), ('ర', '|'), ('విం', 'U'), ('ద', '|'), ('యు', '|'), ('గ', '|'), ('ళి', 'U'), ('న్సే', 'U'), ('విం', 'U'), ('చి', '|'), ('య', 'U'), ('స్మ', 'U'), ('ద్గు', '|'), ('రు', 'U'), ('స్వా', 'U'), ('మి', 'U'), ('న్వే', 'U'), ('డ్క', '|'), ('భ', '|'), ('జిం', 'U'), ('చి', '|'), ('స', 'U'), ('త్క', '|'), ('వి', '|'), ('న', '|'), ('మ', 'U'), ('స్కా', 'U'), ('రం', 'U'), ('బు', '|'), ('గా', 'U'), ('విం', 'U'), ('చి', '|'), ('వా', 'U'), ('గ్భూ', 'U'), ('మ', '|'), ('ప్రౌ', 'U'), ('ఢి', '|'), ('మ', '|'), ('నీ', 'U'), ('కు', '|'), ('నొ', 'U'), ('క్క', '|'), ('శ', '|'), ('త', '|'), ('కం', 'U'), ('బు', 'U'), ('న్భ', 'U'), ('క్తి', '|'), ('న', 'U'), ('ర్పిం', 'U'), ('చె', '|'), ('దన్', 'U'), ('నా', 'U'), ('మీ', 'U'), ('దం', 'U'), ('గృ', '|'), ('ప', '|'), ('జే', 'U'), ('సి', '|'), ('కై', 'U'), ('కొ', '|'), ('ను', '|'), ('మ', '|'), ('మం', 'U'), ('ద', '|'), ('ప్రీ', 'U'), ('తి', '|'), ('తో', 'U'), ('మా', 'U'), ('రు', '|'), ('తీ', 'U')]",0.9285714285714285,1.0,1.0,0.8928571428571429,0.75,1.0
mattebhamu,"అనఘా! నీవు జనించి నప్పుడె సముద్యద్భూరితేజంబునన్‌
వినువీథిం గనుపట్టు బాలరవి సద్బింబంబు నీక్షించి, యె
ఱ్ఱని పండంచు గ్రసింప బత్రిపతిలీలన్‌ వేడ్క మున్నూరు యో
జనముల్‌ మింటికి దాటితౌఁ ద్రిభువనశ్లాఘ్యుండవై మారుతీ!",vruttamu,Maaruthi,"[('అ', '|'), ('న', '|'), ('ఘా', 'U'), ('నీ', 'U'), ('వు', '|'), ('జ', '|'), ('నిం', 'U'), ('చి', '|'), ('న', 'U'), ('ప్పు', '|'), ('డె', '|'), ('స', '|'), ('ము', 'U'), ('ద్య', 'U'), ('ద్భూ', 'U'), ('రి', '|'), ('తే', 'U'), ('జం', 'U'), ('బు', '|'), ('నన్', 'U'), ('వి', '|'), ('ను', '|'), ('వీ', 'U'), ('థిం', 'U'), ('గ', '|'), ('ను', '|'), ('ప', 'U'), ('ట్టు', '|'), ('బా', 'U'), ('ల', '|'), ('ర', '|'), ('వి', '|'), ('స', 'U'), ('ద్బిం', 'U'), ('బం', 'U'), ('బు', '|'), ('నీ', 'U'), ('క్షిం', 'U'), ('చి', '|'), ('యె', 'U'), ('ఱ్ఱ', '|'), ('ని', '|'), ('పం', 'U'), ('డం', 'U'), ('చు', '|'), ('గ్ర', '|'), ('సిం', 'U'), ('ప', '|'), ('బ', '|'), ('త్రి', '|'), ('ప', '|'), ('తి', '|'), ('లీ', 'U'), ('ల', 'U'), ('న్వే', 'U'), ('డ్క', '|'), ('ము', 'U'), ('న్నూ', 'U'), ('రు', '|'), ('యో', 'U'), ('జ', '|'), ('న', '|'), ('ము', 'U'), ('ల్మిం', 'U'), ('టి', '|'), ('కి', '|'), ('దా', 'U'), ('టి', '|'), ('తౌ', 'U'), ('ద్రి', '|'), ('భు', '|'), ('వ', '|'), ('న', 'U'), ('శ్లా', 'U'), ('ఘ్యుం', 'U'), ('డ', '|'), ('వై', 'U'), ('మా', 'U'), ('రు', '|'), ('తీ', 'U')]",0.8928571428571429,1.0,1.0,0.9642857142857143,0.5,1.0
mattebhamu,"నిజగర్భస్థితశైవతేజము, సమున్నిద్రాత్మ తేజంబుఁ గూ
డ జగత్ప్రాణుఁ డమోఘ కేసరివనాటక్షేత్రమందర్థి నిం
చ, జయశ్రీ మహిమాప్తి నయ్యుభయతేజంబుల్‌ రహిన్‌ మిశ్రమై
త్రిజగంబుల్‌ గొనియాడ బుట్టితివి గాదే నీవిలన్‌ మారుతీ!",vruttamu,Maaruthi,"[('ని', '|'), ('జ', '|'), ('గ', 'U'), ('ర్భ', 'U'), ('స్థి', '|'), ('త', '|'), ('శై', 'U'), ('వ', '|'), ('తే', 'U'), ('జ', '|'), ('ము', '|'), ('స', '|'), ('ము', 'U'), ('న్ని', '|'), ('ద్రా', 'U'), ('త్మ', '|'), ('తే', 'U'), ('జం', 'U'), ('బు', '|'), ('గూ', 'U'), ('డ', '|'), ('జ', '|'), ('గ', 'U'), ('త్ప్రా', 'U'), ('ణు', '|'), ('డ', '|'), ('మో', 'U'), ('ఘ', '|'), ('కే', 'U'), ('స', '|'), ('రి', '|'), ('వ', '|'), ('నా', 'U'), ('ట', 'U'), ('క్షే', 'U'), ('త్ర', '|'), ('మం', 'U'), ('ద', 'U'), ('ర్థి', '|'), ('నిం', 'U'), ('చ', '|'), ('జ', '|'), ('య', '|'), ('శ్రీ', 'U'), ('మ', '|'), ('హి', '|'), ('మా', 'U'), ('ప్తి', '|'), ('న', 'U'), ('య్యు', '|'), ('భ', '|'), ('య', '|'), ('తే', 'U'), ('జం', 'U'), ('బు', '|'), ('ల్ర', '|'), ('హి', 'U'), ('న్మి', '|'), ('శ్ర', '|'), ('మై', 'U'), ('త్రి', '|'), ('జ', '|'), ('గం', 'U'), ('బు', 'U'), ('ల్గొ', '|'), ('ని', '|'), ('యా', 'U'), ('డ', '|'), ('బు', 'U'), ('ట్టి', '|'), ('తి', '|'), ('వి', '|'), ('గా', 'U'), ('దే', 'U'), ('నీ', 'U'), ('వి', '|'), ('ల', 'U'), ('న్మా', 'U'), ('రు', '|'), ('తీ', 'U')]",0.9714285714285715,1.0,1.0,0.8571428571428571,1.0,1.0
mattebhamu,"అనిమేషేభము తెల్లపండనుచు బాల్యక్రీడలన్‌ మ్రింగ నొ
య్యన డాయం బవిచే బలారి నిను మూర్ఛాక్రాంతునిం జేయ బూ
ర్వనగాధిత్యక మీఁద వామహనువున్‌ భగ్నంబుగా వ్రాలినన్‌
హనుమంతుండను పేరు నాడమరె నీకన్వర్థమై మారుతీ!",vruttamu,Maaruthi,"[('అ', '|'), ('ని', '|'), ('మే', 'U'), ('షే', 'U'), ('భ', '|'), ('ము', '|'), ('తె', 'U'), ('ల్ల', '|'), ('పం', 'U'), ('డ', '|'), ('ను', '|'), ('చు', '|'), ('బా', 'U'), ('ల్య', '|'), ('క్రీ', 'U'), ('డ', '|'), ('ల', 'U'), ('న్మ్రిం', 'U'), ('గ', '|'), ('నొ', 'U'), ('య్య', '|'), ('న', '|'), ('డా', 'U'), ('యం', 'U'), ('బ', '|'), ('వి', '|'), ('చే', 'U'), ('బ', '|'), ('లా', 'U'), ('రి', '|'), ('ని', '|'), ('ను', '|'), ('మూ', 'U'), ('ర్ఛా', 'U'), ('క్రాం', 'U'), ('తు', '|'), ('నిం', 'U'), ('జే', 'U'), ('య', '|'), ('బూ', 'U'), ('ర్వ', '|'), ('న', '|'), ('గా', 'U'), ('ధి', 'U'), ('త్య', '|'), ('క', '|'), ('మీ', 'U'), ('ద', '|'), ('వా', 'U'), ('మ', '|'), ('హ', '|'), ('ను', '|'), ('వు', 'U'), ('న్భ', 'U'), ('గ్నం', 'U'), ('బు', '|'), ('గా', 'U'), ('వ్రా', 'U'), ('లి', '|'), ('నన్', 'U'), ('హ', '|'), ('ను', '|'), ('మం', 'U'), ('తుం', 'U'), ('డ', '|'), ('ను', '|'), ('పే', 'U'), ('రు', '|'), ('నా', 'U'), ('డ', '|'), ('మ', '|'), ('రె', '|'), ('నీ', 'U'), ('క', 'U'), ('న్వ', 'U'), ('ర్థ', '|'), ('మై', 'U'), ('మా', 'U'), ('రు', '|'), ('తీ', 'U')]",0.8428571428571429,1.0,1.0,0.9642857142857143,0.25,1.0
mattebhamu,"అపుడా గంధవహుండు నీదయిన మూర్ఛావస్థ వీక్షించి, తా
గుపితుండై నిజమూర్తి వైభవము సంకోచింపఁగాఁ జేయ న
చ్చపు గూర్మిన్‌ నిఖిలాస్త్రశస్త్రముల బంచత్వంబు లేకుండ స
త్కృపతో నీకు వరంబులిచ్చిరిగదా బృందారకుల్‌ మారుతీ!",vruttamu,Maaruthi,"[('అ', '|'), ('పు', '|'), ('డా', 'U'), ('గం', 'U'), ('ధ', '|'), ('వ', '|'), ('హుం', 'U'), ('డు', '|'), ('నీ', 'U'), ('ద', '|'), ('యి', '|'), ('న', '|'), ('మూ', 'U'), ('ర్ఛా', 'U'), ('వ', 'U'), ('స్థ', '|'), ('వీ', 'U'), ('క్షిం', 'U'), ('చి', '|'), ('తా', 'U'), ('గు', '|'), ('పి', '|'), ('తుం', 'U'), ('డై', 'U'), ('ని', '|'), ('జ', '|'), ('మూ', 'U'), ('ర్తి', '|'), ('వై', 'U'), ('భ', '|'), ('వ', '|'), ('ము', '|'), ('సం', 'U'), ('కో', 'U'), ('చిం', 'U'), ('ప', '|'), ('గా', 'U'), ('జే', 'U'), ('య', '|'), ('న', 'U'), ('చ్చ', '|'), ('పు', '|'), ('గూ', 'U'), ('ర్మి', 'U'), ('న్ని', '|'), ('ఖి', '|'), ('లా', 'U'), ('స్త్ర', '|'), ('శ', 'U'), ('స్త్ర', '|'), ('ము', '|'), ('ల', '|'), ('బం', 'U'), ('చ', 'U'), ('త్వం', 'U'), ('బు', '|'), ('లే', 'U'), ('కుం', 'U'), ('డ', '|'), ('స', 'U'), ('త్కృ', '|'), ('ప', '|'), ('తో', 'U'), ('నీ', 'U'), ('కు', '|'), ('వ', '|'), ('రం', 'U'), ('బు', '|'), ('లి', 'U'), ('చ్చి', '|'), ('రి', '|'), ('గ', '|'), ('దా', 'U'), ('బృం', 'U'), ('దా', 'U'), ('ర', '|'), ('కు', 'U'), ('ల్మా', 'U'), ('రు', '|'), ('తీ', 'U')]",0.9,1.0,1.0,1.0,0.5,1.0
mattebhamu,"ఒక పాదంబు మహోదయాచలముపై నొప్పారఁగా నుంచి వే
ఱొక పాదం బపరాద్రి మీఁద నిడి యయ్యుష్ణాంశుచే బల్విడిన్‌
సకలామ్నాయము లభ్యసించిన భవచ్చాతుర్య మేమందు దా
పక దివ్యోరుతర ప్రభావము నుతింపన్‌ శక్యమే? మారుతీ!",vruttamu,Maaruthi,"[('ఒ', '|'), ('క', '|'), ('పా', 'U'), ('దం', 'U'), ('బు', '|'), ('మ', '|'), ('హో', 'U'), ('ద', '|'), ('యా', 'U'), ('చ', '|'), ('ల', '|'), ('ము', '|'), ('పై', 'U'), ('నొ', 'U'), ('ప్పా', 'U'), ('ర', '|'), ('గా', 'U'), ('నుం', 'U'), ('చి', '|'), ('వే', 'U'), ('ఱొ', '|'), ('క', '|'), ('పా', 'U'), ('దం', 'U'), ('బ', '|'), ('ప', '|'), ('రా', 'U'), ('ద్రి', '|'), ('మీ', 'U'), ('ద', '|'), ('ని', '|'), ('డి', '|'), ('య', 'U'), ('య్యు', 'U'), ('ష్ణాం', 'U'), ('శు', '|'), ('చే', 'U'), ('బ', 'U'), ('ల్వి', '|'), ('డిన్', 'U'), ('స', '|'), ('క', '|'), ('లా', 'U'), ('మ్నా', 'U'), ('య', '|'), ('ము', '|'), ('ల', 'U'), ('భ్య', '|'), ('సిం', 'U'), ('చి', '|'), ('న', '|'), ('భ', '|'), ('వ', 'U'), ('చ్చా', 'U'), ('తు', 'U'), ('ర్య', '|'), ('మే', 'U'), ('మం', 'U'), ('దు', '|'), ('దా', 'U'), ('ప', '|'), ('క', '|'), ('ది', 'U'), ('వ్యో', 'U'), ('రు', '|'), ('త', '|'), ('ర', '|'), ('ప్ర', '|'), ('భా', 'U'), ('వ', '|'), ('ము', '|'), ('ను', '|'), ('తిం', 'U'), ('ప', 'U'), ('న్శ', 'U'), ('క్య', '|'), ('మే', 'U'), ('మా', 'U'), ('రు', '|'), ('తీ', 'U')]",0.8928571428571429,1.0,1.0,0.9642857142857143,0.5,1.0
mattebhamu,"బలవంతుండగు వాలి ప్రోలు వెడలింపం, బత్నిఁ గోల్పోయి మి
క్కిలి దుఃఖంబున ఘోరకాననములం గ్రీడించి వర్తించు నా
జలజాప్తాత్మజు నొజ్జ పట్టి యని యశ్రాంతంబుఁ జేపట్టి యా
బలభిత్సూతికిఁ జిక్కకుండ ననుకంపం బ్రోవవే మారుతీ!",vruttamu,Maaruthi,"[('బ', '|'), ('ల', '|'), ('వం', 'U'), ('తుం', 'U'), ('డ', '|'), ('గు', '|'), ('వా', 'U'), ('లి', '|'), ('ప్రో', 'U'), ('లు', '|'), ('వె', '|'), ('డ', '|'), ('లిం', 'U'), ('పం', 'U'), ('బ', 'U'), ('త్ని', '|'), ('గో', 'U'), ('ల్పో', 'U'), ('యి', '|'), ('మి', 'U'), ('క్కి', '|'), ('లి', '|'), ('దుః', 'U'), ('ఖం', 'U'), ('బు', '|'), ('న', '|'), ('ఘో', 'U'), ('ర', '|'), ('కా', 'U'), ('న', '|'), ('న', '|'), ('ము', '|'), ('లం', 'U'), ('గ్రీ', 'U'), ('డిం', 'U'), ('చి', '|'), ('వ', 'U'), ('ర్తిం', 'U'), ('చు', '|'), ('నా', 'U'), ('జ', '|'), ('ల', '|'), ('జా', 'U'), ('ప్తా', 'U'), ('త్మ', '|'), ('జు', '|'), ('నొ', 'U'), ('జ్జ', '|'), ('ప', 'U'), ('ట్టి', '|'), ('య', '|'), ('ని', '|'), ('య', '|'), ('శ్రాం', 'U'), ('తం', 'U'), ('బు', '|'), ('జే', 'U'), ('ప', 'U'), ('ట్టి', '|'), ('యా', 'U'), ('బ', '|'), ('ల', '|'), ('భి', 'U'), ('త్సూ', 'U'), ('తి', '|'), ('కి', '|'), ('జి', 'U'), ('క్క', '|'), ('కుం', 'U'), ('డ', '|'), ('న', '|'), ('ను', '|'), ('కం', 'U'), ('పం', 'U'), ('బ్రో', 'U'), ('వ', '|'), ('వే', 'U'), ('మా', 'U'), ('రు', '|'), ('తీ', 'U')]",0.9928571428571429,1.0,1.0,0.9642857142857143,1.0,1.0
mattebhamu,"తనపత్నిం దిలకింపుచున్‌ నిబిడకాంతారోర్వి వర్తించు రా
మ నరేంద్రోత్తము పాలి కర్కజుఁడు పంపం భిక్షువేషంబునన్‌
జని, సుగ్రీవుని చందముం దెలిపి యా క్ష్మానాథు దోడ్తెచ్చి, మె
ల్లన నయ్యిద్దఱకుం ధనంజయుని మ్రోలన్‌ సఖ్యసంబంధమున్‌
వినయం బొప్ప ఘటింపఁ జేసినది నీవే కాదొకో మారుతీ!",vruttamu,Maaruthi,"[('త', '|'), ('న', '|'), ('ప', 'U'), ('త్నిం', 'U'), ('ది', '|'), ('ల', '|'), ('కిం', 'U'), ('పు', '|'), ('చు', 'U'), ('న్ని', '|'), ('బి', '|'), ('డ', '|'), ('కాం', 'U'), ('తా', 'U'), ('రో', 'U'), ('ర్వి', '|'), ('వ', 'U'), ('ర్తిం', 'U'), ('చు', '|'), ('రా', 'U'), ('మ', '|'), ('న', '|'), ('రేం', 'U'), ('ద్రో', 'U'), ('త్త', '|'), ('ము', '|'), ('పా', 'U'), ('లి', '|'), ('క', 'U'), ('ర్క', '|'), ('జు', '|'), ('డు', '|'), ('పం', 'U'), ('పం', 'U'), ('భి', 'U'), ('క్షు', '|'), ('వే', 'U'), ('షం', 'U'), ('బు', '|'), ('నన్', 'U'), ('జ', '|'), ('ని', '|'), ('సు', '|'), ('గ్రీ', 'U'), ('వు', '|'), ('ని', '|'), ('చం', 'U'), ('ద', '|'), ('ముం', 'U'), ('దె', '|'), ('లి', '|'), ('పి', '|'), ('యా', 'U'), ('క్ష్మా', 'U'), ('నా', 'U'), ('థు', '|'), ('దో', 'U'), ('డ్తె', 'U'), ('చ్చి', '|'), ('మె', 'U'), ('ల్ల', '|'), ('న', '|'), ('న', 'U'), ('య్యి', 'U'), ('ద్ద', '|'), ('ఱ', '|'), ('కుం', 'U'), ('ధ', '|'), ('నం', 'U'), ('జ', '|'), ('యు', '|'), ('ని', '|'), ('మ్రో', 'U'), ('ల', 'U'), ('న్స', 'U'), ('ఖ్య', '|'), ('సం', 'U'), ('బం', 'U'), ('ధ', '|'), ('మున్', 'U'), ('వి', '|'), ('న', '|'), ('యం', 'U'), ('బొ', 'U'), ('ప్ప', '|'), ('ఘ', '|'), ('టిం', 'U'), ('ప', '|'), ('జే', 'U'), ('సి', '|'), ('న', '|'), ('ది', '|'), ('నీ', 'U'), ('వే', 'U'), ('కా', 'U'), ('దొ', '|'), ('కో', 'U'), ('మా', 'U'), ('రు', '|'), ('తీ', 'U')]",0.9428571428571428,0.75,1.0,0.9642857142857143,1.0,1.0
mattebhamu,"మనుజగ్రామణి సత్కృపాత్త కపిసామ్రాజ్య స్థితుండయ్యు భూ
తనయాన్వేషణ కార్యమున్‌ మఱచి కందర్పక్రియామత్తుఁడై
తనివిం జెందక యున్న భానుజునిఁ దత్కాలార్హ నీత్యుక్తయు
క్తిని బోధించిన నీతిశాలివి నినుం గీర్తించెదన్‌ మారుతీ!",vruttamu,Maaruthi,"[('మ', '|'), ('ను', '|'), ('జ', '|'), ('గ్రా', 'U'), ('మ', '|'), ('ణి', '|'), ('స', 'U'), ('త్కృ', '|'), ('పా', 'U'), ('త్త', '|'), ('క', '|'), ('పి', '|'), ('సా', 'U'), ('మ్రా', 'U'), ('జ్య', 'U'), ('స్థి', '|'), ('తుం', 'U'), ('డ', 'U'), ('య్యు', '|'), ('భూ', 'U'), ('త', '|'), ('న', '|'), ('యా', 'U'), ('న్వే', 'U'), ('ష', '|'), ('ణ', '|'), ('కా', 'U'), ('ర్య', '|'), ('ము', 'U'), ('న్మ', '|'), ('ఱ', '|'), ('చి', '|'), ('కం', 'U'), ('ద', 'U'), ('ర్ప', '|'), ('క్రి', '|'), ('యా', 'U'), ('మ', 'U'), ('త్తు', '|'), ('డై', 'U'), ('త', '|'), ('ని', '|'), ('విం', 'U'), ('జెం', 'U'), ('ద', '|'), ('క', '|'), ('యు', 'U'), ('న్న', '|'), ('భా', 'U'), ('ను', '|'), ('జు', '|'), ('ని', '|'), ('ద', 'U'), ('త్కా', 'U'), ('లా', 'U'), ('ర్హ', '|'), ('నీ', 'U'), ('త్యు', 'U'), ('క్త', '|'), ('యు', 'U'), ('క్తి', '|'), ('ని', '|'), ('బో', 'U'), ('ధిం', 'U'), ('చి', '|'), ('న', '|'), ('నీ', 'U'), ('తి', '|'), ('శా', 'U'), ('లి', '|'), ('వి', '|'), ('ని', '|'), ('నుం', 'U'), ('గీ', 'U'), ('ర్తిం', 'U'), ('చె', '|'), ('ద', 'U'), ('న్మా', 'U'), ('రు', '|'), ('తీ', 'U')]",0.9857142857142858,1.0,1.0,0.9285714285714286,1.0,1.0
saardulamu,"లేరా కీశులనేకులుం? ద్రిజగముల్‌ వీక్షించి రా నేర్పరుల్‌
గారా? రాముఁడు జానకిన్‌ వెదక వీఁకన్‌ గీశులం బంపుచో
నారూఢిన్‌ భవదీయ దివ్యమహిమ వ్యాపారముల్‌ సూచి కా
దా! రత్నాంగుళి భూషణం బిడియె నీ హస్తంబునన్‌ మారుతీ!",vruttamu,Maaruthi,"[('లే', 'U'), ('రా', 'U'), ('కీ', 'U'), ('శు', '|'), ('ల', '|'), ('నే', 'U'), ('కు', '|'), ('లుం', 'U'), ('ద్రి', '|'), ('జ', '|'), ('గ', '|'), ('ము', 'U'), ('ల్వీ', 'U'), ('క్షిం', 'U'), ('చి', '|'), ('రా', 'U'), ('నే', 'U'), ('ర్ప', '|'), ('రుల్', 'U'), ('గా', 'U'), ('రా', 'U'), ('రా', 'U'), ('ము', '|'), ('డు', '|'), ('జా', 'U'), ('న', '|'), ('కి', 'U'), ('న్వె', '|'), ('ద', '|'), ('క', '|'), ('వీ', 'U'), ('క', 'U'), ('న్గీ', 'U'), ('శు', '|'), ('లం', 'U'), ('బం', 'U'), ('పు', '|'), ('చో', 'U'), ('నా', 'U'), ('రూ', 'U'), ('ఢి', 'U'), ('న్భ', '|'), ('వ', '|'), ('దీ', 'U'), ('య', '|'), ('ది', 'U'), ('వ్య', '|'), ('మ', '|'), ('హి', '|'), ('మ', 'U'), ('వ్యా', 'U'), ('పా', 'U'), ('ర', '|'), ('ము', 'U'), ('ల్సూ', 'U'), ('చి', '|'), ('కా', 'U'), ('దా', 'U'), ('ర', 'U'), ('త్నాం', 'U'), ('గు', '|'), ('ళి', '|'), ('భూ', 'U'), ('ష', '|'), ('ణం', 'U'), ('బి', '|'), ('డి', '|'), ('యె', '|'), ('నీ', 'U'), ('హ', 'U'), ('స్తం', 'U'), ('బు', '|'), ('న', 'U'), ('న్మా', 'U'), ('రు', '|'), ('తీ', 'U')]",0.9,1.0,1.0,1.0,0.5,1.0
mattebhamu,"వనజాప్త ప్రియపుత్రుఁ డెంత ధిషణావంతుఁడొ, సర్వంసహా
తనయాన్వేషణ మాచరింప గపులం దా బంపుచో, గార్యసా
ధనమందీ వతి దక్షిణుండవని కాదా! నేర్పుతో దక్షిణం
బునకున్‌ నిన్నధికారిఁ జేసి పనిచెన్‌ మోదంబునన్‌ మారుతీ!",vruttamu,Maaruthi,"[('వ', '|'), ('న', '|'), ('జా', 'U'), ('ప్త', '|'), ('ప్రి', '|'), ('య', '|'), ('పు', '|'), ('త్రు', '|'), ('డెం', 'U'), ('త', '|'), ('ధి', '|'), ('ష', '|'), ('ణా', 'U'), ('వం', 'U'), ('తు', '|'), ('డొ', '|'), ('స', 'U'), ('ర్వం', 'U'), ('స', '|'), ('హా', 'U'), ('త', '|'), ('న', '|'), ('యా', 'U'), ('న్వే', 'U'), ('ష', '|'), ('ణ', '|'), ('మా', 'U'), ('చ', '|'), ('రిం', 'U'), ('ప', '|'), ('గ', '|'), ('పు', '|'), ('లం', 'U'), ('దా', 'U'), ('బం', 'U'), ('పు', '|'), ('చో', 'U'), ('గా', 'U'), ('ర్య', '|'), ('సా', 'U'), ('ధ', '|'), ('న', '|'), ('మం', 'U'), ('దీ', 'U'), ('వ', '|'), ('తి', '|'), ('ద', 'U'), ('క్షి', '|'), ('ణుం', 'U'), ('డ', '|'), ('వ', '|'), ('ని', '|'), ('కా', 'U'), ('దా', 'U'), ('నే', 'U'), ('ర్పు', '|'), ('తో', 'U'), ('ద', 'U'), ('క్షి', '|'), ('ణం', 'U'), ('బు', '|'), ('న', '|'), ('కు', 'U'), ('న్ని', 'U'), ('న్న', '|'), ('ధి', '|'), ('కా', 'U'), ('రి', '|'), ('జే', 'U'), ('సి', '|'), ('ప', '|'), ('ని', '|'), ('చె', 'U'), ('న్మో', 'U'), ('దం', 'U'), ('బు', '|'), ('న', 'U'), ('న్మా', 'U'), ('రు', '|'), ('తీ', 'U')]",0.9785714285714284,1.0,1.0,0.8928571428571429,1.0,1.0
saardulamu,"సీతన్‌ గానక, దప్పిచే బడలి గాసిం జెందు శైలాట సం
ఘాతంబుం గొని, శైలగహ్వర సుధా కల్పాంబువుల్‌, సత్ఫల
వ్రాతంబుం దనివార నందఱ భుజింపంజేసి, తద్దేవతా
ఖాతశ్వభ్రము వెల్వరించితివి యోగప్రౌఢిచే మారుతీ!",vruttamu,Maaruthi,"[('సీ', 'U'), ('త', 'U'), ('న్గా', 'U'), ('న', '|'), ('క', '|'), ('ద', 'U'), ('ప్పి', '|'), ('చే', 'U'), ('బ', '|'), ('డ', '|'), ('లి', '|'), ('గా', 'U'), ('సిం', 'U'), ('జెం', 'U'), ('దు', '|'), ('శై', 'U'), ('లా', 'U'), ('ట', '|'), ('సం', 'U'), ('ఘా', 'U'), ('తం', 'U'), ('బుం', 'U'), ('గొ', '|'), ('ని', '|'), ('శై', 'U'), ('ల', '|'), ('గ', 'U'), ('హ్వ', '|'), ('ర', '|'), ('సు', '|'), ('ధా', 'U'), ('క', 'U'), ('ల్పాం', 'U'), ('బు', '|'), ('వు', 'U'), ('ల్స', 'U'), ('త్ఫ', '|'), ('ల', '|'), ('వ్రా', 'U'), ('తం', 'U'), ('బుం', 'U'), ('ద', '|'), ('ని', '|'), ('వా', 'U'), ('ర', '|'), ('నం', 'U'), ('ద', '|'), ('ఱ', '|'), ('భు', '|'), ('జిం', 'U'), ('పం', 'U'), ('జే', 'U'), ('సి', '|'), ('త', 'U'), ('ద్దే', 'U'), ('వ', '|'), ('తా', 'U'), ('ఖా', 'U'), ('త', 'U'), ('శ్వ', '|'), ('భ్ర', '|'), ('ము', '|'), ('వె', 'U'), ('ల్వ', '|'), ('రిం', 'U'), ('చి', '|'), ('తి', '|'), ('వి', '|'), ('యో', 'U'), ('గ', '|'), ('ప్రౌ', 'U'), ('ఢి', '|'), ('చే', 'U'), ('మా', 'U'), ('రు', '|'), ('తీ', 'U')]",0.9285714285714285,1.0,1.0,0.8928571428571429,0.75,1.0
mattebhamu,"జనకక్ష్మాపతిపుత్రి యున్నవిధమున్‌ సర్వంబు సంపాతిచే
విని, నీలాంగదముఖ్యవానరుల్‌ వేగంబె ప్రాయోపవె
శమున్‌ మాని భవత్సమేతులగుచున్‌ సంప్రీతితో నా మహేం
ద్ర నగారోహణ మాచరించి రఁట విన్నాణంబుగా మారుతీ!",vruttamu,Maaruthi,"[('జ', '|'), ('న', '|'), ('క', 'U'), ('క్ష్మా', 'U'), ('ప', '|'), ('తి', '|'), ('పు', '|'), ('త్రి', '|'), ('యు', 'U'), ('న్న', '|'), ('వి', '|'), ('ధ', '|'), ('ము', 'U'), ('న్స', 'U'), ('ర్వం', 'U'), ('బు', '|'), ('సం', 'U'), ('పా', 'U'), ('తి', '|'), ('చే', 'U'), ('వి', '|'), ('ని', '|'), ('నీ', 'U'), ('లాం', 'U'), ('గ', '|'), ('ద', '|'), ('ము', 'U'), ('ఖ్య', '|'), ('వా', 'U'), ('న', '|'), ('రు', 'U'), ('ల్వే', 'U'), ('గం', 'U'), ('బె', '|'), ('ప్రా', 'U'), ('యో', 'U'), ('ప', '|'), ('వె', '|'), ('శ', '|'), ('ము', 'U'), ('న్మా', 'U'), ('ని', '|'), ('భ', '|'), ('వ', 'U'), ('త్స', '|'), ('మే', 'U'), ('తు', '|'), ('ల', '|'), ('గు', '|'), ('చు', 'U'), ('న్సం', 'U'), ('ప్రీ', 'U'), ('తి', '|'), ('తో', 'U'), ('నా', 'U'), ('మ', '|'), ('హేం', 'U'), ('ద్ర', '|'), ('న', '|'), ('గా', 'U'), ('రో', 'U'), ('హ', '|'), ('ణ', '|'), ('మా', 'U'), ('చ', '|'), ('రిం', 'U'), ('చి', '|'), ('ర', '|'), ('ట', '|'), ('వి', 'U'), ('న్నా', 'U'), ('ణం', 'U'), ('బు', '|'), ('గా', 'U'), ('మా', 'U'), ('రు', '|'), ('తీ', 'U')]",0.6710714285714285,0.9625,1.0,0.3928571428571428,0.25,0.75
mattebhamu,"శరధిం గాంచి యలంఘనీయ మని తత్సంతారణాదక్షులై
వరుసన్‌ గీశులు భీతిచేఁ గళవళింపన్‌ వారి వారించి ని
న్నురుపాథోధి విలంఘన క్షమునిఁగా నూహించి ధీమంతుఁడా
పరమేష్ఠి ప్రియపుత్రుఁ డంచితగతిన్‌ బ్రార్థింపఁడే మారుతీ!",vruttamu,Maaruthi,"[('శ', '|'), ('ర', '|'), ('ధిం', 'U'), ('గాం', 'U'), ('చి', '|'), ('య', '|'), ('లం', 'U'), ('ఘ', '|'), ('నీ', 'U'), ('య', '|'), ('మ', '|'), ('ని', '|'), ('త', 'U'), ('త్సం', 'U'), ('తా', 'U'), ('ర', '|'), ('ణా', 'U'), ('ద', 'U'), ('క్షు', '|'), ('లై', 'U'), ('వ', '|'), ('రు', '|'), ('స', 'U'), ('న్గీ', 'U'), ('శు', '|'), ('లు', '|'), ('భీ', 'U'), ('తి', '|'), ('చే', 'U'), ('గ', '|'), ('ళ', '|'), ('వ', '|'), ('ళిం', 'U'), ('ప', 'U'), ('న్వా', 'U'), ('రి', '|'), ('వా', 'U'), ('రిం', 'U'), ('చి', '|'), ('ని', 'U'), ('న్ను', '|'), ('రు', '|'), ('పా', 'U'), ('థో', 'U'), ('ధి', '|'), ('వి', '|'), ('లం', 'U'), ('ఘ', '|'), ('న', 'U'), ('క్ష', '|'), ('ము', '|'), ('ని', '|'), ('గా', 'U'), ('నూ', 'U'), ('హిం', 'U'), ('చి', '|'), ('ధీ', 'U'), ('మం', 'U'), ('తు', '|'), ('డా', 'U'), ('ప', '|'), ('ర', '|'), ('మే', 'U'), ('ష్ఠి', '|'), ('ప్రి', '|'), ('య', '|'), ('పు', '|'), ('త్రు', '|'), ('డం', 'U'), ('చి', '|'), ('త', '|'), ('గ', '|'), ('తి', 'U'), ('న్బ్రా', 'U'), ('ర్థిం', 'U'), ('ప', '|'), ('డే', 'U'), ('మా', 'U'), ('రు', '|'), ('తీ', 'U')]",0.9357142857142857,1.0,1.0,0.9285714285714286,0.75,1.0
saardulamu,"""ఏలా మీకు భయంబు నేఁ గలుగ, మీ రిందుండుఁ డేనొక్కఁడన్‌
వాలాయంబు పయోధి దాటి యనువొందన్‌ లంకలో జానకిం
బోలం గన్గొని వత్తు, నిత్తు బరమామోదంబు మీ"" కంచు ధై
ర్యాలాపంబులు వల్కి తేర్చితివి గాదా కీశులన్‌ మారుతీ!",vruttamu,Maaruthi,"[('ఏ', 'U'), ('లా', 'U'), ('మీ', 'U'), ('కు', '|'), ('భ', '|'), ('యం', 'U'), ('బు', '|'), ('నే', 'U'), ('గ', '|'), ('లు', '|'), ('గ', '|'), ('మీ', 'U'), ('రిం', 'U'), ('దుం', 'U'), ('డు', '|'), ('డే', 'U'), ('నొ', 'U'), ('క్క', '|'), ('డన్', 'U'), ('వా', 'U'), ('లా', 'U'), ('యం', 'U'), ('బు', '|'), ('ప', '|'), ('యో', 'U'), ('ధి', '|'), ('దా', 'U'), ('టి', '|'), ('య', '|'), ('ను', '|'), ('వొం', 'U'), ('ద', 'U'), ('న్లం', 'U'), ('క', '|'), ('లో', 'U'), ('జా', 'U'), ('న', '|'), ('కిం', 'U'), ('బో', 'U'), ('లం', 'U'), ('గ', 'U'), ('న్గొ', '|'), ('ని', '|'), ('వ', 'U'), ('త్తు', '|'), ('ని', 'U'), ('త్తు', '|'), ('బ', '|'), ('ర', '|'), ('మా', 'U'), ('మో', 'U'), ('దం', 'U'), ('బు', '|'), ('మీ', 'U'), ('కం', 'U'), ('చు', '|'), ('ధై', 'U'), ('ర్యా', 'U'), ('లా', 'U'), ('పం', 'U'), ('బు', '|'), ('లు', '|'), ('వ', 'U'), ('ల్కి', '|'), ('తే', 'U'), ('ర్చి', '|'), ('తి', '|'), ('వి', '|'), ('గా', 'U'), ('దా', 'U'), ('కీ', 'U'), ('శు', '|'), ('ల', 'U'), ('న్మా', 'U'), ('రు', '|'), ('తీ', 'U')]",0.85,1.0,1.0,1.0,0.25,1.0
mattebhamu,"బలి బంధించిన నాఁటి వామన తనుప్రాబల్యముం దాల్చి, యు
జ్జ్వల చంద్రోదయవేళఁ బొంగు తటినీశస్ఫూర్తి నుప్పొంగి, ఘో
ర లయాభ్రంబు తెఱంగునన్‌ భయద గర్జారావముం జేసి, త
జ్జలధిం దాటఁగఁ బూనితీవు పరమోత్సాహమ్మునన్‌ మారుతీ!",vruttamu,Maaruthi,"[('బ', '|'), ('లి', '|'), ('బం', 'U'), ('ధిం', 'U'), ('చి', '|'), ('న', '|'), ('నా', 'U'), ('టి', '|'), ('వా', 'U'), ('మ', '|'), ('న', '|'), ('త', '|'), ('ను', '|'), ('ప్రా', 'U'), ('బ', 'U'), ('ల్య', '|'), ('ముం', 'U'), ('దా', 'U'), ('ల్చి', '|'), ('యు', 'U'), ('జ్జ్వ', '|'), ('ల', '|'), ('చం', 'U'), ('ద్రో', 'U'), ('ద', '|'), ('య', '|'), ('వే', 'U'), ('ళ', '|'), ('బొం', 'U'), ('గు', '|'), ('త', '|'), ('టి', '|'), ('నీ', 'U'), ('శ', 'U'), ('స్ఫూ', 'U'), ('ర్తి', '|'), ('ను', 'U'), ('ప్పొం', 'U'), ('గి', '|'), ('ఘో', 'U'), ('ర', '|'), ('ల', '|'), ('యా', 'U'), ('భ్రం', 'U'), ('బు', '|'), ('తె', '|'), ('ఱం', 'U'), ('గు', '|'), ('న', 'U'), ('న్భ', '|'), ('య', '|'), ('ద', '|'), ('గ', 'U'), ('ర్జా', 'U'), ('రా', 'U'), ('వ', '|'), ('ముం', 'U'), ('జే', 'U'), ('సి', '|'), ('త', 'U'), ('జ్జ', '|'), ('ల', '|'), ('ధిం', 'U'), ('దా', 'U'), ('ట', '|'), ('గ', '|'), ('బూ', 'U'), ('ని', '|'), ('తీ', 'U'), ('వు', '|'), ('ప', '|'), ('ర', '|'), ('మో', 'U'), ('త్సా', 'U'), ('హ', 'U'), ('మ్ము', '|'), ('న', 'U'), ('న్మా', 'U'), ('రు', '|'), ('తీ', 'U')]",0.9928571428571429,1.0,1.0,0.9642857142857143,1.0,1.0
mattebhamu,"స్థిరసత్త్వంబున శైలరాజము ధరిత్రిం గ్రుంగఁ బాదంబులూ
ది, రహిన్‌ భూరిభుజోరు వేగమున ధాత్రీజాతముల్‌ పెల్లగి
ల్లి రయంబారఁగఁ దోడ రా, గగనమున్‌ లీలాగతిన్‌ మ్రింగ సు
స్థిరశక్తిం జనుమాడ్కి దాటితివి గాదే నింగికిన్‌ మారుతీ!",vruttamu,Maaruthi,"[('స్థి', '|'), ('ర', '|'), ('స', 'U'), ('త్త్వం', 'U'), ('బు', '|'), ('న', '|'), ('శై', 'U'), ('ల', '|'), ('రా', 'U'), ('జ', '|'), ('ము', '|'), ('ధ', '|'), ('రి', '|'), ('త్రిం', 'U'), ('గ్రుం', 'U'), ('గ', '|'), ('బా', 'U'), ('దం', 'U'), ('బు', '|'), ('లూ', 'U'), ('ది', '|'), ('ర', '|'), ('హి', 'U'), ('న్భూ', 'U'), ('రి', '|'), ('భు', '|'), ('జో', 'U'), ('రు', '|'), ('వే', 'U'), ('గ', '|'), ('ము', '|'), ('న', '|'), ('ధా', 'U'), ('త్రీ', 'U'), ('జా', 'U'), ('త', '|'), ('ము', 'U'), ('ల్పె', 'U'), ('ల్ల', '|'), ('గి', 'U'), ('ల్లి', '|'), ('ర', '|'), ('యం', 'U'), ('బా', 'U'), ('ర', '|'), ('గ', '|'), ('దో', 'U'), ('డ', '|'), ('రా', 'U'), ('గ', '|'), ('గ', '|'), ('న', '|'), ('ము', 'U'), ('న్లీ', 'U'), ('లా', 'U'), ('గ', '|'), ('తి', 'U'), ('న్మ్రిం', 'U'), ('గ', '|'), ('సు', 'U'), ('స్థి', '|'), ('ర', '|'), ('శ', 'U'), ('క్తిం', 'U'), ('జ', '|'), ('ను', '|'), ('మా', 'U'), ('డ్కి', '|'), ('దా', 'U'), ('టి', '|'), ('తి', '|'), ('వి', '|'), ('గా', 'U'), ('దే', 'U'), ('నిం', 'U'), ('గి', '|'), ('కి', 'U'), ('న్మా', 'U'), ('రు', '|'), ('తీ', 'U')]",0.9928571428571429,1.0,1.0,0.9642857142857143,1.0,1.0
mattebhamu,"అగజాలావృతమూర్తివై భుజరయోద్యద్వారివాహంబు లొ
ప్పుగ నిర్వంకల నంటి రా గదలి యంభోరాశిమధ్యంబునన్‌
గగనాధ్వంబున నేగు నిన్నమిషుల్‌, గంధర్వులున్‌ లంబప
క్ష గిరీంద్రంబును బోలె జూచిరికదా సంభ్రాంతులై మారుతీ!",vruttamu,Maaruthi,"[('అ', '|'), ('గ', '|'), ('జా', 'U'), ('లా', 'U'), ('వృ', '|'), ('త', '|'), ('మూ', 'U'), ('ర్తి', '|'), ('వై', 'U'), ('భు', '|'), ('జ', '|'), ('ర', '|'), ('యో', 'U'), ('ద్య', 'U'), ('ద్వా', 'U'), ('రి', '|'), ('వా', 'U'), ('హం', 'U'), ('బు', '|'), ('లొ', 'U'), ('ప్పు', '|'), ('గ', '|'), ('ని', 'U'), ('ర్వం', 'U'), ('క', '|'), ('ల', '|'), ('నం', 'U'), ('టి', '|'), ('రా', 'U'), ('గ', '|'), ('ద', '|'), ('లి', '|'), ('యం', 'U'), ('భో', 'U'), ('రా', 'U'), ('శి', '|'), ('మ', 'U'), ('ధ్యం', 'U'), ('బు', '|'), ('నన్', 'U'), ('గ', '|'), ('గ', '|'), ('నా', 'U'), ('ధ్వం', 'U'), ('బు', '|'), ('న', '|'), ('నే', 'U'), ('గు', '|'), ('ని', 'U'), ('న్న', '|'), ('మి', '|'), ('షు', 'U'), ('ల్గం', 'U'), ('ధ', 'U'), ('ర్వు', '|'), ('లు', 'U'), ('న్లం', 'U'), ('బ', '|'), ('ప', 'U'), ('క్ష', '|'), ('గి', '|'), ('రీం', 'U'), ('ద్రం', 'U'), ('బు', '|'), ('ను', '|'), ('బో', 'U'), ('లె', '|'), ('జూ', 'U'), ('చి', '|'), ('రి', '|'), ('క', '|'), ('దా', 'U'), ('సం', 'U'), ('భ్రాం', 'U'), ('తు', '|'), ('లై', 'U'), ('మా', 'U'), ('రు', '|'), ('తీ', 'U')]",0.7689285714285715,0.9875,1.0,0.6071428571428571,0.5,0.75
saardulamu,"లోకాలోకగుహాముఖంబులు బదుల్‌ మ్రోయంగ నుద్వృత్తి న
స్తోకధ్వానమొనర్చి, వజ్రనిభ వక్షోఘట్టనస్ఫూర్తి మై
నాకంబున్‌ సుడిబెట్టి దాని పిదపన్‌ మన్నించి కేలూది ప్ర
త్యేకం బా బలవైరిచేత నభయంబిప్పింపవే మారుతీ!",vruttamu,Maaruthi,"[('లో', 'U'), ('కా', 'U'), ('లో', 'U'), ('క', '|'), ('గు', '|'), ('హా', 'U'), ('ము', '|'), ('ఖం', 'U'), ('బు', '|'), ('లు', '|'), ('బ', '|'), ('దు', 'U'), ('ల్మ్రో', 'U'), ('యం', 'U'), ('గ', '|'), ('ను', 'U'), ('ద్వృ', 'U'), ('త్తి', '|'), ('న', 'U'), ('స్తో', 'U'), ('క', 'U'), ('ధ్వా', 'U'), ('న', '|'), ('మొ', '|'), ('న', 'U'), ('ర్చి', '|'), ('వ', '|'), ('జ్ర', '|'), ('ని', '|'), ('భ', '|'), ('వ', 'U'), ('క్షో', 'U'), ('ఘ', 'U'), ('ట్ట', '|'), ('న', 'U'), ('స్ఫూ', 'U'), ('ర్తి', '|'), ('మై', 'U'), ('నా', 'U'), ('కం', 'U'), ('బు', 'U'), ('న్సు', '|'), ('డి', '|'), ('బె', 'U'), ('ట్టి', '|'), ('దా', 'U'), ('ని', '|'), ('పి', '|'), ('ద', '|'), ('ప', 'U'), ('న్మ', 'U'), ('న్నిం', 'U'), ('చి', '|'), ('కే', 'U'), ('లూ', 'U'), ('ది', '|'), ('ప్ర', 'U'), ('త్యే', 'U'), ('కం', 'U'), ('బా', 'U'), ('బ', '|'), ('ల', '|'), ('వై', 'U'), ('రి', '|'), ('చే', 'U'), ('త', '|'), ('న', '|'), ('భ', '|'), ('యం', 'U'), ('బి', 'U'), ('ప్పిం', 'U'), ('ప', '|'), ('వే', 'U'), ('మా', 'U'), ('రు', '|'), ('తీ', 'U')]",0.9428571428571428,1.0,1.0,0.9642857142857143,0.75,1.0
mattebhamu,"గరిమన్‌ వేల్పులు నీదు శక్తి దెలియం గాంక్షించి, నాగాంబయౌ
సురసం బంపిన వ్యాపితాస్య యగుచుం జొప్పాగి పోనీక ముం
దఱఁ దోతెంచిన, సూక్ష్మమూర్తివగుచుం దద్వక్త్రముం జొచ్చి గ్ర
మ్మర నేతెంచిన యోగసిద్ధుని నినుం బ్రార్థించెదన్‌ మారుతీ!",vruttamu,Maaruthi,"[('గ', '|'), ('రి', '|'), ('మ', 'U'), ('న్వే', 'U'), ('ల్పు', '|'), ('లు', '|'), ('నీ', 'U'), ('దు', '|'), ('శ', 'U'), ('క్తి', '|'), ('దె', '|'), ('లి', '|'), ('యం', 'U'), ('గాం', 'U'), ('క్షిం', 'U'), ('చి', '|'), ('నా', 'U'), ('గాం', 'U'), ('బ', '|'), ('యౌ', 'U'), ('సు', '|'), ('ర', '|'), ('సం', 'U'), ('బం', 'U'), ('పి', '|'), ('న', 'U'), ('వ్యా', 'U'), ('పి', '|'), ('తా', 'U'), ('స్య', '|'), ('య', '|'), ('గు', '|'), ('చుం', 'U'), ('జొ', 'U'), ('ప్పా', 'U'), ('గి', '|'), ('పో', 'U'), ('నీ', 'U'), ('క', '|'), ('ముం', 'U'), ('ద', '|'), ('ఱ', '|'), ('దో', 'U'), ('తెం', 'U'), ('చి', '|'), ('న', '|'), ('సూ', 'U'), ('క్ష్మ', '|'), ('మూ', 'U'), ('ర్తి', '|'), ('వ', '|'), ('గు', '|'), ('చుం', 'U'), ('ద', 'U'), ('ద్వ', 'U'), ('క్త్ర', '|'), ('ముం', 'U'), ('జొ', 'U'), ('చ్చి', '|'), ('గ్ర', 'U'), ('మ్మ', '|'), ('ర', '|'), ('నే', 'U'), ('తెం', 'U'), ('చి', '|'), ('న', '|'), ('యో', 'U'), ('గ', '|'), ('సి', 'U'), ('ద్ధు', '|'), ('ని', '|'), ('ని', '|'), ('నుం', 'U'), ('బ్రా', 'U'), ('ర్థిం', 'U'), ('చె', '|'), ('ద', 'U'), ('న్మా', 'U'), ('రు', '|'), ('తీ', 'U')]",0.9428571428571428,1.0,1.0,0.9642857142857143,1.0,0.75
mattebhamu,"పటుపాథోధి తరంగ పంక్తులు గణింపం బోవు చందాన ను
త్కటవేగంబునఁ బోవు నిన్నుఁ గని వేడ్కన్‌ వీతసందేహులై
చటుల స్థైర్యబలద్యుతిస్యదమతుల్‌ శౌర్యంబు ధైర్యంబు మి
క్కుట మౌఁగా కని నీకొసంగరె దివౌకుల్‌ దీవనల్‌ మారుతీ!",vruttamu,Maaruthi,"[('ప', '|'), ('టు', '|'), ('పా', 'U'), ('థో', 'U'), ('ధి', '|'), ('త', '|'), ('రం', 'U'), ('గ', '|'), ('పం', 'U'), ('క్తు', '|'), ('లు', '|'), ('గ', '|'), ('ణిం', 'U'), ('పం', 'U'), ('బో', 'U'), ('వు', '|'), ('చం', 'U'), ('దా', 'U'), ('న', '|'), ('ను', 'U'), ('త్క', '|'), ('ట', '|'), ('వే', 'U'), ('గం', 'U'), ('బు', '|'), ('న', '|'), ('బో', 'U'), ('వు', '|'), ('ని', 'U'), ('న్ను', '|'), ('గ', '|'), ('ని', '|'), ('వే', 'U'), ('డ్క', 'U'), ('న్వీ', 'U'), ('త', '|'), ('సం', 'U'), ('దే', 'U'), ('హు', '|'), ('లై', 'U'), ('చ', '|'), ('టు', '|'), ('ల', 'U'), ('స్థై', 'U'), ('ర్య', '|'), ('బ', '|'), ('ల', 'U'), ('ద్యు', '|'), ('తి', 'U'), ('స్య', '|'), ('ద', '|'), ('మ', '|'), ('తు', 'U'), ('ల్శౌ', 'U'), ('ర్యం', 'U'), ('బు', '|'), ('ధై', 'U'), ('ర్యం', 'U'), ('బు', '|'), ('మి', 'U'), ('క్కు', '|'), ('ట', '|'), ('మౌ', 'U'), ('గా', 'U'), ('క', '|'), ('ని', '|'), ('నీ', 'U'), ('కొ', '|'), ('సం', 'U'), ('గ', '|'), ('రె', '|'), ('ది', '|'), ('వౌ', 'U'), ('కు', 'U'), ('ల్దీ', 'U'), ('వ', '|'), ('న', 'U'), ('ల్మా', 'U'), ('రు', '|'), ('తీ', 'U')]",1.0,1.0,1.0,1.0,1.0,1.0
mattebhamu,"పవనాభస్యద మొప్ప నీవు కడిమిం బథోనిధిం దాటుచో
భవదీయోరు భుజోరువేగ జనితాభంగోర్మికాజాలముల్‌
దివితో రాయ ఘుమంఘుమార్భటులు దిగ్దేశంబులం బర్వఁ బ
త్రవహేంద్రుండని భీతిలెన్‌ ఫణులు పాతాళంబునన్‌ మారుతీ!",vruttamu,Maaruthi,"[('ప', '|'), ('వ', '|'), ('నా', 'U'), ('భ', 'U'), ('స్య', '|'), ('ద', '|'), ('మొ', 'U'), ('ప్ప', '|'), ('నీ', 'U'), ('వు', '|'), ('క', '|'), ('డి', '|'), ('మిం', 'U'), ('బ', '|'), ('థో', 'U'), ('ని', '|'), ('ధిం', 'U'), ('దా', 'U'), ('టు', '|'), ('చో', 'U'), ('భ', '|'), ('వ', '|'), ('దీ', 'U'), ('యో', 'U'), ('రు', '|'), ('భు', '|'), ('జో', 'U'), ('రు', '|'), ('వే', 'U'), ('గ', '|'), ('జ', '|'), ('ని', '|'), ('తా', 'U'), ('భం', 'U'), ('గో', 'U'), ('ర్మి', '|'), ('కా', 'U'), ('జా', 'U'), ('ల', '|'), ('ముల్', 'U'), ('ది', '|'), ('వి', '|'), ('తో', 'U'), ('రా', 'U'), ('య', '|'), ('ఘు', '|'), ('మం', 'U'), ('ఘు', '|'), ('మా', 'U'), ('ర్భ', '|'), ('టు', '|'), ('లు', '|'), ('ది', 'U'), ('గ్దే', 'U'), ('శం', 'U'), ('బు', '|'), ('లం', 'U'), ('బ', 'U'), ('ర్వ', '|'), ('బ', '|'), ('త్ర', '|'), ('వ', '|'), ('హేం', 'U'), ('ద్రుం', 'U'), ('డ', '|'), ('ని', '|'), ('భీ', 'U'), ('తి', '|'), ('లె', 'U'), ('న్ఫ', '|'), ('ణు', '|'), ('లు', '|'), ('పా', 'U'), ('తా', 'U'), ('ళం', 'U'), ('బు', '|'), ('న', 'U'), ('న్మా', 'U'), ('రు', '|'), ('తీ', 'U')]",0.9857142857142858,1.0,1.0,0.9285714285714286,1.0,1.0
mattebhamu,"శరదశ్రేణుల దూరుచున్‌ వెడలుచుం జాబిల్లి చందానఁ బు
ష్కర మార్గంబున నేగు నిన్నుఁ గని నీ చాతుర్యమున్‌ మెచ్చి ని
ర్జరు లానంద మెలర్పఁ జల్లిన మరుత్సంతానపుష్పంబుల
ట్లరుదారన్‌ గననయ్యెఁ జుట్టును సముద్యత్తారకల్‌ మారుతీ!",vruttamu,Maaruthi,"[('శ', '|'), ('ర', '|'), ('ద', '|'), ('శ్రే', 'U'), ('ణు', '|'), ('ల', '|'), ('దూ', 'U'), ('రు', '|'), ('చు', 'U'), ('న్వె', '|'), ('డ', '|'), ('లు', '|'), ('చుం', 'U'), ('జా', 'U'), ('బి', 'U'), ('ల్లి', '|'), ('చం', 'U'), ('దా', 'U'), ('న', '|'), ('బు', 'U'), ('ష్క', '|'), ('ర', '|'), ('మా', 'U'), ('ర్గం', 'U'), ('బు', '|'), ('న', '|'), ('నే', 'U'), ('గు', '|'), ('ని', 'U'), ('న్ను', '|'), ('గ', '|'), ('ని', '|'), ('నీ', 'U'), ('చా', 'U'), ('తు', 'U'), ('ర్య', '|'), ('ము', 'U'), ('న్మె', 'U'), ('చ్చి', '|'), ('ని', 'U'), ('ర్జ', '|'), ('రు', '|'), ('లా', 'U'), ('నం', 'U'), ('ద', '|'), ('మె', '|'), ('ల', 'U'), ('ర్ప', '|'), ('జ', 'U'), ('ల్లి', '|'), ('న', '|'), ('మ', '|'), ('రు', 'U'), ('త్సం', 'U'), ('తా', 'U'), ('న', '|'), ('పు', 'U'), ('ష్పం', 'U'), ('బు', '|'), ('ల', 'U'), ('ట్ల', '|'), ('రు', '|'), ('దా', 'U'), ('ర', 'U'), ('న్గ', '|'), ('న', '|'), ('న', 'U'), ('య్యె', '|'), ('జు', 'U'), ('ట్టు', '|'), ('ను', '|'), ('స', '|'), ('ము', 'U'), ('ద్య', 'U'), ('త్తా', 'U'), ('ర', '|'), ('క', 'U'), ('ల్మా', 'U'), ('రు', '|'), ('తీ', 'U')]",0.9428571428571428,1.0,1.0,0.9642857142857143,0.75,1.0
saardulamu,"ఛాయాగ్రాహిణి నామరాక్షసి సరస్వ న్మధ్యమందుండి నీ
కాయచ్ఛాయను బట్టి వేఁ దిగువఁ దద్గర్భంబు భేదించి త
త్కాయంబుం గొని మింటిపై కెగసి కిన్కన్‌ వార్ధిలో జీవితా
పాయంబుం గలుగంగ వైచిన నినున్‌ వర్ణించెదన్‌ మారుతీ!",vruttamu,Maaruthi,"[('ఛా', 'U'), ('యా', 'U'), ('గ్రా', 'U'), ('హి', '|'), ('ణి', '|'), ('నా', 'U'), ('మ', '|'), ('రా', 'U'), ('క్ష', '|'), ('సి', '|'), ('స', '|'), ('ర', 'U'), ('స్వ', 'U'), ('న్మ', 'U'), ('ధ్య', '|'), ('మం', 'U'), ('దుం', 'U'), ('డి', '|'), ('నీ', 'U'), ('కా', 'U'), ('య', 'U'), ('చ్ఛా', 'U'), ('య', '|'), ('ను', '|'), ('బ', 'U'), ('ట్టి', '|'), ('వే', 'U'), ('ది', '|'), ('గు', '|'), ('వ', '|'), ('ద', 'U'), ('ద్గ', 'U'), ('ర్భం', 'U'), ('బు', '|'), ('భే', 'U'), ('దిం', 'U'), ('చి', '|'), ('త', 'U'), ('త్కా', 'U'), ('యం', 'U'), ('బుం', 'U'), ('గొ', '|'), ('ని', '|'), ('మిం', 'U'), ('టి', '|'), ('పై', 'U'), ('కె', '|'), ('గ', '|'), ('సి', '|'), ('కి', 'U'), ('న్క', 'U'), ('న్వా', 'U'), ('ర్ధి', '|'), ('లో', 'U'), ('జీ', 'U'), ('వి', '|'), ('తా', 'U'), ('పా', 'U'), ('యం', 'U'), ('బుం', 'U'), ('గ', '|'), ('లు', '|'), ('గం', 'U'), ('గ', '|'), ('వై', 'U'), ('చి', '|'), ('న', '|'), ('ని', '|'), ('ను', 'U'), ('న్వ', 'U'), ('ర్ణిం', 'U'), ('చె', '|'), ('ద', 'U'), ('న్మా', 'U'), ('రు', '|'), ('తీ', 'U')]",0.95,1.0,1.0,1.0,0.75,1.0
saardulamu,"మైనాకంబు నతిక్రమించి, సురసన్‌ మన్నించి, యా సింహికా
ఖ్యానన్‌ రాక్షసిఁ గీడటంచి నడుమన్‌ గాలూద కస్తాద్రికిం
భానుండేగక మున్నె, మారుతగతిన్‌ వారాశి నూఱామడన్‌
గ్లానిం జెందక దాటితీవు సురసంఘంబెన్నఁగా మారుతీ!",vruttamu,Maaruthi,"[('మై', 'U'), ('నా', 'U'), ('కం', 'U'), ('బు', '|'), ('న', '|'), ('తి', '|'), ('క్ర', '|'), ('మిం', 'U'), ('చి', '|'), ('సు', '|'), ('ర', '|'), ('స', 'U'), ('న్మ', 'U'), ('న్నిం', 'U'), ('చి', '|'), ('యా', 'U'), ('సిం', 'U'), ('హి', '|'), ('కా', 'U'), ('ఖ్యా', 'U'), ('న', '|'), ('న్రా', 'U'), ('క్ష', '|'), ('సి', '|'), ('గీ', 'U'), ('డ', '|'), ('టం', 'U'), ('చి', '|'), ('న', '|'), ('డు', '|'), ('మ', 'U'), ('న్గా', 'U'), ('లూ', 'U'), ('ద', '|'), ('క', 'U'), ('స్తా', 'U'), ('ద్రి', '|'), ('కిం', 'U'), ('భా', 'U'), ('నుం', 'U'), ('డే', 'U'), ('గ', '|'), ('క', '|'), ('ము', 'U'), ('న్నె', '|'), ('మా', 'U'), ('రు', '|'), ('త', '|'), ('గ', '|'), ('తి', 'U'), ('న్వా', 'U'), ('రా', 'U'), ('శి', '|'), ('నూ', 'U'), ('ఱా', 'U'), ('మ', '|'), ('డన్', 'U'), ('గ్లా', 'U'), ('నిం', 'U'), ('జెం', 'U'), ('ద', '|'), ('క', '|'), ('దా', 'U'), ('టి', '|'), ('తీ', 'U'), ('వు', '|'), ('సు', '|'), ('ర', '|'), ('సం', 'U'), ('ఘం', 'U'), ('బె', 'U'), ('న్న', '|'), ('గా', 'U'), ('మా', 'U'), ('రు', '|'), ('తీ', 'U')]",0.9357142857142857,1.0,1.0,0.9285714285714286,0.75,1.0
mattebhamu,"అనఘా! భాస్కరుఁడొక్క మాఱుదయశైలాగ్రంబునందుండి య
స్తనగాగ్రంబున కేగునంతకు సముద్యచ్ఛక్తి వేమాఱు బె
ల్చన నక్కొండల రెండునుం దిరుగు తేజశ్శాలికిన్‌ నీకు చ
య్యన నూఱామడ దాటుటేమి విషయం బస్తోకమే మారుతీ!",vruttamu,Maaruthi,"[('అ', '|'), ('న', '|'), ('ఘా', 'U'), ('భా', 'U'), ('స్క', '|'), ('రు', '|'), ('డొ', 'U'), ('క్క', '|'), ('మా', 'U'), ('ఱు', '|'), ('ద', '|'), ('య', '|'), ('శై', 'U'), ('లా', 'U'), ('గ్రం', 'U'), ('బు', '|'), ('నం', 'U'), ('దుం', 'U'), ('డి', '|'), ('య', 'U'), ('స్త', '|'), ('న', '|'), ('గా', 'U'), ('గ్రం', 'U'), ('బు', '|'), ('న', '|'), ('కే', 'U'), ('గు', '|'), ('నం', 'U'), ('త', '|'), ('కు', '|'), ('స', '|'), ('ము', 'U'), ('ద్య', 'U'), ('చ్ఛ', 'U'), ('క్తి', '|'), ('వే', 'U'), ('మా', 'U'), ('ఱు', '|'), ('బె', 'U'), ('ల్చ', '|'), ('న', '|'), ('న', 'U'), ('క్కొం', 'U'), ('డ', '|'), ('ల', '|'), ('రెం', 'U'), ('డు', '|'), ('నుం', 'U'), ('ది', '|'), ('రు', '|'), ('గు', '|'), ('తే', 'U'), ('జ', 'U'), ('శ్శా', 'U'), ('లి', '|'), ('కి', 'U'), ('న్నీ', 'U'), ('కు', '|'), ('చ', 'U'), ('య్య', '|'), ('న', '|'), ('నూ', 'U'), ('ఱా', 'U'), ('మ', '|'), ('డ', '|'), ('దా', 'U'), ('టు', '|'), ('టే', 'U'), ('మి', '|'), ('వి', '|'), ('ష', '|'), ('యం', 'U'), ('బ', 'U'), ('స్తో', 'U'), ('క', '|'), ('మే', 'U'), ('మా', 'U'), ('రు', '|'), ('తీ', 'U')]",0.9,1.0,1.0,1.0,0.5,1.0
mattebhamu,"తతవేగంబున వార్థి దాటి గడిమిం దద్యామ్యతీరస్థ ప
ర్వతముం జేరి నగోపమాన నిజగాత్రవ్యాప్తి జాలించి, ని
ర్గత మోహుండగు యోగిభంగిఁ బ్రకృతిం బ్రాపించి, లంకాపురీ
స్థితసర్వంబును బోల జూచితివి గాదే దవ్వులన్‌ మారుతీ!",vruttamu,Maaruthi,"[('త', '|'), ('త', '|'), ('వే', 'U'), ('గం', 'U'), ('బు', '|'), ('న', '|'), ('వా', 'U'), ('ర్థి', '|'), ('దా', 'U'), ('టి', '|'), ('గ', '|'), ('డి', '|'), ('మిం', 'U'), ('ద', 'U'), ('ద్యా', 'U'), ('మ్య', '|'), ('తీ', 'U'), ('ర', 'U'), ('స్థ', '|'), ('ప', 'U'), ('ర్వ', '|'), ('త', '|'), ('ముం', 'U'), ('జే', 'U'), ('రి', '|'), ('న', '|'), ('గో', 'U'), ('ప', '|'), ('మా', 'U'), ('న', '|'), ('ని', '|'), ('జ', '|'), ('గా', 'U'), ('త్ర', 'U'), ('వ్యా', 'U'), ('ప్తి', '|'), ('జా', 'U'), ('లిం', 'U'), ('చి', '|'), ('ని', 'U'), ('ర్గ', '|'), ('త', '|'), ('మో', 'U'), ('హుం', 'U'), ('డ', '|'), ('గు', '|'), ('యో', 'U'), ('గి', '|'), ('భం', 'U'), ('గి', '|'), ('బ్ర', '|'), ('కృ', '|'), ('తిం', 'U'), ('బ్రా', 'U'), ('పిం', 'U'), ('చి', '|'), ('లం', 'U'), ('కా', 'U'), ('పు', '|'), ('రీ', 'U'), ('స్థి', '|'), ('త', '|'), ('స', 'U'), ('ర్వం', 'U'), ('బు', '|'), ('ను', '|'), ('బో', 'U'), ('ల', '|'), ('జూ', 'U'), ('చి', '|'), ('తి', '|'), ('వి', '|'), ('గా', 'U'), ('దే', 'U'), ('ద', 'U'), ('వ్వు', '|'), ('ల', 'U'), ('న్మా', 'U'), ('రు', '|'), ('తీ', 'U')]",1.0,1.0,1.0,1.0,1.0,1.0
saardulamu,"పంకేజాసను శాసనంబున జయింపన్‌ రాక యశ్రాంతమున్‌
లంకాద్వారముఁ గాచియున్న కుపితన్‌ లంకన్‌ జయాంకన్‌ నిరా
తంకప్రౌఢి నశంకముష్టిహతి చేతం దూలఁగాఁ బుచ్చి, వీ
రాంకగ్రామణివై వెలింగెడు నినున్‌ బ్రార్థించెదన్‌ మారుతీ!",vruttamu,Maaruthi,"[('పం', 'U'), ('కే', 'U'), ('జా', 'U'), ('స', '|'), ('ను', '|'), ('శా', 'U'), ('స', '|'), ('నం', 'U'), ('బు', '|'), ('న', '|'), ('జ', '|'), ('యిం', 'U'), ('ప', '|'), ('న్రా', 'U'), ('క', '|'), ('య', '|'), ('శ్రాం', 'U'), ('త', '|'), ('మున్', 'U'), ('లం', 'U'), ('కా', 'U'), ('ద్వా', 'U'), ('ర', '|'), ('ము', '|'), ('గా', 'U'), ('చి', '|'), ('యు', 'U'), ('న్న', '|'), ('కు', '|'), ('పి', '|'), ('త', 'U'), ('న్లం', 'U'), ('క', 'U'), ('న్జ', '|'), ('యాం', 'U'), ('క', 'U'), ('న్ని', '|'), ('రా', 'U'), ('తం', 'U'), ('క', '|'), ('ప్రౌ', 'U'), ('ఢి', '|'), ('న', '|'), ('శం', 'U'), ('క', '|'), ('ము', 'U'), ('ష్టి', '|'), ('హ', '|'), ('తి', '|'), ('చే', 'U'), ('తం', 'U'), ('దూ', 'U'), ('ల', '|'), ('గా', 'U'), ('బు', 'U'), ('చ్చి', '|'), ('వీ', 'U'), ('రాం', 'U'), ('క', '|'), ('గ్రా', 'U'), ('మ', '|'), ('ణి', '|'), ('వై', 'U'), ('వె', '|'), ('లిం', 'U'), ('గె', '|'), ('డు', '|'), ('ని', '|'), ('ను', 'U'), ('న్బ్రా', 'U'), ('ర్థిం', 'U'), ('చె', '|'), ('ద', 'U'), ('న్మా', 'U'), ('రు', '|'), ('తీ', 'U')]",0.9714285714285715,1.0,1.0,0.8571428571428571,1.0,1.0
saardulamu,"ప్రాచుర్యంబుగ చందురుండు కిరణవ్రాతంబు పైఁ జల్లుచున్‌
సాచివ్యం బొనరింప యోగమహిమన్‌ మార్జాలమాత్రుండవై
నీచుల్‌ దైత్యులు చూడకుండ సతి నన్వేషింపగా శేముషీ
వైచిత్రిన్‌ వెస లంక డాసిన నినున్‌ వర్ణించెదన్‌ మారుతీ!",vruttamu,Maaruthi,"[('ప్రా', 'U'), ('చు', 'U'), ('ర్యం', 'U'), ('బు', '|'), ('గ', '|'), ('చం', 'U'), ('దు', '|'), ('రుం', 'U'), ('డు', '|'), ('కి', '|'), ('ర', '|'), ('ణ', '|'), ('వ్రా', 'U'), ('తం', 'U'), ('బు', '|'), ('పై', 'U'), ('జ', 'U'), ('ల్లు', '|'), ('చున్', 'U'), ('సా', 'U'), ('చి', 'U'), ('వ్యం', 'U'), ('బొ', '|'), ('న', '|'), ('రిం', 'U'), ('ప', '|'), ('యో', 'U'), ('గ', '|'), ('మ', '|'), ('హి', '|'), ('మ', 'U'), ('న్మా', 'U'), ('ర్జా', 'U'), ('ల', '|'), ('మా', 'U'), ('త్రుం', 'U'), ('డ', '|'), ('వై', 'U'), ('నీ', 'U'), ('చు', 'U'), ('ల్దై', 'U'), ('త్యు', '|'), ('లు', '|'), ('చూ', 'U'), ('డ', '|'), ('కుం', 'U'), ('డ', '|'), ('స', '|'), ('తి', '|'), ('న', 'U'), ('న్వే', 'U'), ('షిం', 'U'), ('ప', '|'), ('గా', 'U'), ('శే', 'U'), ('ము', '|'), ('షీ', 'U'), ('వై', 'U'), ('చి', '|'), ('త్రి', 'U'), ('న్వె', '|'), ('స', '|'), ('లం', 'U'), ('క', '|'), ('డా', 'U'), ('సి', '|'), ('న', '|'), ('ని', '|'), ('ను', 'U'), ('న్వ', 'U'), ('ర్ణిం', 'U'), ('చె', '|'), ('ద', 'U'), ('న్మా', 'U'), ('రు', '|'), ('తీ', 'U')]",0.9357142857142857,1.0,1.0,0.9285714285714286,0.75,1.0
saardulamu,"లంకానామనిశాటి నాకరణిఁ దూలం బుచ్చి యాప్రోలిఁకన్‌
గంకోలూక వశంబు గాగలదు నిక్కంబంచు వామాంఘ్రి ని
శ్శంకన్‌ ముందుగ బెట్టుచున్‌ సురభిళాంచద్రాజమార్గంబునన్‌
లంకాకాననవహ్నివై చనవె ధీరత్వంబునన్‌ మారుతీ!",vruttamu,Maaruthi,"[('లం', 'U'), ('కా', 'U'), ('నా', 'U'), ('మ', '|'), ('ని', '|'), ('శా', 'U'), ('టి', '|'), ('నా', 'U'), ('క', '|'), ('ర', '|'), ('ణి', '|'), ('దూ', 'U'), ('లం', 'U'), ('బు', 'U'), ('చ్చి', '|'), ('యా', 'U'), ('ప్రో', 'U'), ('లి', '|'), ('కన్', 'U'), ('గం', 'U'), ('కో', 'U'), ('లూ', 'U'), ('క', '|'), ('వ', '|'), ('శం', 'U'), ('బు', '|'), ('గా', 'U'), ('గ', '|'), ('ల', '|'), ('దు', '|'), ('ని', 'U'), ('క్కం', 'U'), ('బం', 'U'), ('చు', '|'), ('వా', 'U'), ('మాం', 'U'), ('ఘ్రి', '|'), ('ని', 'U'), ('శ్శం', 'U'), ('క', 'U'), ('న్ముం', 'U'), ('దు', '|'), ('గ', '|'), ('బె', 'U'), ('ట్టు', '|'), ('చు', 'U'), ('న్సు', '|'), ('ర', '|'), ('భి', '|'), ('ళాం', 'U'), ('చ', '|'), ('ద్రా', 'U'), ('జ', '|'), ('మా', 'U'), ('ర్గం', 'U'), ('బు', '|'), ('నన్', 'U'), ('లం', 'U'), ('కా', 'U'), ('కా', 'U'), ('న', '|'), ('న', '|'), ('వ', 'U'), ('హ్ని', '|'), ('వై', 'U'), ('చ', '|'), ('న', '|'), ('వె', '|'), ('ధీ', 'U'), ('ర', 'U'), ('త్వం', 'U'), ('బు', '|'), ('న', 'U'), ('న్మా', 'U'), ('రు', '|'), ('తీ', 'U')]",0.9428571428571428,1.0,1.0,0.9642857142857143,0.75,1.0
saardulamu,"నానావికారరూపులను నానావేషులన్‌ దైత్యులన్‌
నానాఘోరశరీరులం గనుచు నానాగుల్మముల్‌ చూచుచున్‌
నానావాద్యరవంబులన్‌ వినుచు, విన్నాణంబుగా రాఘవో
ర్వీనాథ ప్రియపత్ని భూమిసుత నన్వేషింపవే మారుతీ!",vruttamu,Maaruthi,"[('నా', 'U'), ('నా', 'U'), ('వి', '|'), ('కా', 'U'), ('ర', '|'), ('రూ', 'U'), ('పు', '|'), ('ల', '|'), ('ను', '|'), ('నా', 'U'), ('నా', 'U'), ('వే', 'U'), ('షు', '|'), ('ల', 'U'), ('న్దై', 'U'), ('త్యు', '|'), ('లన్', 'U'), ('నా', 'U'), ('నా', 'U'), ('ఘో', 'U'), ('ర', '|'), ('శ', '|'), ('రీ', 'U'), ('రు', '|'), ('లం', 'U'), ('గ', '|'), ('ను', '|'), ('చు', '|'), ('నా', 'U'), ('నా', 'U'), ('గు', 'U'), ('ల్మ', '|'), ('ము', 'U'), ('ల్చూ', 'U'), ('చు', '|'), ('చున్', 'U'), ('నా', 'U'), ('నా', 'U'), ('వా', 'U'), ('ద్య', '|'), ('ర', '|'), ('వం', 'U'), ('బు', '|'), ('ల', 'U'), ('న్వి', '|'), ('ను', '|'), ('చు', '|'), ('వి', 'U'), ('న్నా', 'U'), ('ణం', 'U'), ('బు', '|'), ('గా', 'U'), ('రా', 'U'), ('ఘ', '|'), ('వో', 'U'), ('ర్వీ', 'U'), ('నా', 'U'), ('థ', '|'), ('ప్రి', '|'), ('య', '|'), ('ప', 'U'), ('త్ని', '|'), ('భూ', 'U'), ('మి', '|'), ('సు', '|'), ('త', '|'), ('న', 'U'), ('న్వే', 'U'), ('షిం', 'U'), ('ప', '|'), ('వే', 'U'), ('మా', 'U'), ('రు', '|'), ('తీ', 'U')]",0.4661654135338346,0.9736842105263158,1.0,0.1071428571428571,0.0,0.25
saardulamu,"సాహంకారత దానవుల్‌ సలుపు వీరాలాపముల్‌ గాంత లు
త్సాహంబొప్పఁగఁ జేయు గానములు మంత్రజ్ఞాసురప్రేరిత
స్వాహానాదము లాలకింపుచు నవాచ్యం బీపురీవైభవం
బాహా! చిత్రమటంచు మెచ్చుకొనవే స్వాంతంబునన్‌ మారుతీ!",vruttamu,Maaruthi,"[('సా', 'U'), ('హం', 'U'), ('కా', 'U'), ('ర', '|'), ('త', '|'), ('దా', 'U'), ('న', '|'), ('వు', 'U'), ('ల్స', '|'), ('లు', '|'), ('పు', '|'), ('వీ', 'U'), ('రా', 'U'), ('లా', 'U'), ('ప', '|'), ('ము', 'U'), ('ల్గాం', 'U'), ('త', '|'), ('లు', 'U'), ('త్సా', 'U'), ('హం', 'U'), ('బొ', 'U'), ('ప్ప', '|'), ('గ', '|'), ('జే', 'U'), ('యు', '|'), ('గా', 'U'), ('న', '|'), ('ము', '|'), ('లు', '|'), ('మం', 'U'), ('త్ర', 'U'), ('జ్ఞా', 'U'), ('సు', '|'), ('ర', '|'), ('ప్రే', 'U'), ('రి', '|'), ('త', 'U'), ('స్వా', 'U'), ('హా', 'U'), ('నా', 'U'), ('ద', '|'), ('ము', '|'), ('లా', 'U'), ('ల', '|'), ('కిం', 'U'), ('పు', '|'), ('చు', '|'), ('న', '|'), ('వా', 'U'), ('చ్యం', 'U'), ('బీ', 'U'), ('పు', '|'), ('రీ', 'U'), ('వై', 'U'), ('భ', '|'), ('వం', 'U'), ('బా', 'U'), ('హా', 'U'), ('చి', '|'), ('త్ర', '|'), ('మ', '|'), ('టం', 'U'), ('చు', '|'), ('మె', 'U'), ('చ్చు', '|'), ('కొ', '|'), ('న', '|'), ('వే', 'U'), ('స్వాం', 'U'), ('తం', 'U'), ('బు', '|'), ('న', 'U'), ('న్మా', 'U'), ('రు', '|'), ('తీ', 'U')]",0.8857142857142858,1.0,1.0,0.9285714285714286,0.5,1.0
mattebhamu,"వరుసన్‌ గ్రంతులు రచ్చచావడులు భాస్వచ్చైత్యముల్‌ భూరిగో
పురముల్‌ మేడలు పుణ్యవీధులగముల్‌ భూమీగృహశ్రేణులున్‌
హరిజిత్కుంభ నికుంభులున్‌, శుకుఁడు యూపాక్షాసురుం డాదియౌ
సురవిద్వేషుల చారుమందిరములన్‌ శోధింపవే మారుతీ!",vruttamu,Maaruthi,"[('వ', '|'), ('రు', '|'), ('స', 'U'), ('న్గ్రం', 'U'), ('తు', '|'), ('లు', '|'), ('ర', 'U'), ('చ్చ', '|'), ('చా', 'U'), ('వ', '|'), ('డు', '|'), ('లు', '|'), ('భా', 'U'), ('స్వ', 'U'), ('చ్చై', 'U'), ('త్య', '|'), ('ము', 'U'), ('ల్భూ', 'U'), ('రి', '|'), ('గో', 'U'), ('పు', '|'), ('ర', '|'), ('ము', 'U'), ('ల్మే', 'U'), ('డ', '|'), ('లు', '|'), ('పు', 'U'), ('ణ్య', '|'), ('వీ', 'U'), ('ధు', '|'), ('ల', '|'), ('గ', '|'), ('ము', 'U'), ('ల్భూ', 'U'), ('మీ', 'U'), ('గృ', '|'), ('హ', '|'), ('శ్రే', 'U'), ('ణు', '|'), ('లున్', 'U'), ('హ', '|'), ('రి', '|'), ('జి', 'U'), ('త్కుం', 'U'), ('భ', '|'), ('ని', '|'), ('కుం', 'U'), ('భు', '|'), ('లు', 'U'), ('న్శు', '|'), ('కు', '|'), ('డు', '|'), ('యూ', 'U'), ('పా', 'U'), ('క్షా', 'U'), ('సు', '|'), ('రుం', 'U'), ('డా', 'U'), ('ది', '|'), ('యౌ', 'U'), ('సు', '|'), ('ర', '|'), ('వి', 'U'), ('ద్వే', 'U'), ('షు', '|'), ('ల', '|'), ('చా', 'U'), ('రు', '|'), ('మం', 'U'), ('ది', '|'), ('ర', '|'), ('ము', '|'), ('ల', 'U'), ('న్శో', 'U'), ('ధిం', 'U'), ('ప', '|'), ('వే', 'U'), ('మా', 'U'), ('రు', '|'), ('తీ', 'U')]",0.9428571428571428,1.0,1.0,0.9642857142857143,0.75,1.0
mattebhamu,"చలమొప్పన్‌ దశకంఠరాక్షస నివేశంబు బ్రవేశించి యం
దు లతామందిరముల్‌ దివాగృహకముల్‌ తోరంపుక్రీడాగృహం
బులు, చిత్రావసదంబులున్‌ మణిగృహంబుల్‌ చారుశయ్యాగృహం
బులు వీక్షింపుచు నంతటన్‌ వెదకవే భూపుత్రికన్‌ మారుతీ!",vruttamu,Maaruthi,"[('చ', '|'), ('ల', '|'), ('మొ', 'U'), ('ప్ప', 'U'), ('న్ద', '|'), ('శ', '|'), ('కం', 'U'), ('ఠ', '|'), ('రా', 'U'), ('క్ష', '|'), ('స', '|'), ('ని', '|'), ('వే', 'U'), ('శం', 'U'), ('బు', '|'), ('బ్ర', '|'), ('వే', 'U'), ('శిం', 'U'), ('చి', '|'), ('యం', 'U'), ('దు', '|'), ('ల', '|'), ('తా', 'U'), ('మం', 'U'), ('ది', '|'), ('ర', '|'), ('ము', 'U'), ('ల్ది', '|'), ('వా', 'U'), ('గృ', '|'), ('హ', '|'), ('క', '|'), ('ము', 'U'), ('ల్తో', 'U'), ('రం', 'U'), ('పు', '|'), ('క్రీ', 'U'), ('డా', 'U'), ('గృ', '|'), ('హం', 'U'), ('బు', '|'), ('లు', '|'), ('చి', '|'), ('త్రా', 'U'), ('వ', '|'), ('స', '|'), ('దం', 'U'), ('బు', '|'), ('లు', 'U'), ('న్మ', '|'), ('ణి', '|'), ('గృ', '|'), ('హం', 'U'), ('బు', 'U'), ('ల్చా', 'U'), ('రు', '|'), ('శ', 'U'), ('య్యా', 'U'), ('గృ', '|'), ('హం', 'U'), ('బు', '|'), ('లు', '|'), ('వీ', 'U'), ('క్షిం', 'U'), ('పు', '|'), ('చు', '|'), ('నం', 'U'), ('త', '|'), ('ట', 'U'), ('న్వె', '|'), ('ద', '|'), ('క', '|'), ('వే', 'U'), ('భూ', 'U'), ('పు', '|'), ('త్రి', '|'), ('క', 'U'), ('న్మా', 'U'), ('రు', '|'), ('తీ', 'U')]",0.9785714285714284,1.0,1.0,0.8928571428571429,1.0,1.0
mattebhamu,"నలువొప్పం గమనీయ పుష్పకవిమానంబుం దగం జూచి యు
జ్జ్వల నానావిధధూపవాసనలు దివ్యస్రక్సుగంధంబు లిం
పలరారం బ్రియబంధునిం బలె సముద్యత్ప్రీతి రమ్మంచు నిం
జెలిమిం బిల్వఁగ నేగుదెంచినక్రియన్‌ జెంతం గుబాళింప ద
ద్విలసద్దివ్యగృహంబు జేరితివి కాదే మెల్లనన్‌ మారుతీ!",vruttamu,Maaruthi,"[('న', '|'), ('లు', '|'), ('వొ', 'U'), ('ప్పం', 'U'), ('గ', '|'), ('మ', '|'), ('నీ', 'U'), ('య', '|'), ('పు', 'U'), ('ష్ప', '|'), ('క', '|'), ('వి', '|'), ('మా', 'U'), ('నం', 'U'), ('బుం', 'U'), ('ద', '|'), ('గం', 'U'), ('జూ', 'U'), ('చి', '|'), ('యు', 'U'), ('జ్జ్వ', '|'), ('ల', '|'), ('నా', 'U'), ('నా', 'U'), ('వి', '|'), ('ధ', '|'), ('ధూ', 'U'), ('ప', '|'), ('వా', 'U'), ('స', '|'), ('న', '|'), ('లు', '|'), ('ది', 'U'), ('వ్య', '|'), ('స్ర', 'U'), ('క్సు', '|'), ('గం', 'U'), ('ధం', 'U'), ('బు', '|'), ('లిం', 'U'), ('ప', '|'), ('ల', '|'), ('రా', 'U'), ('రం', 'U'), ('బ్రి', '|'), ('య', '|'), ('బం', 'U'), ('ధు', '|'), ('నిం', 'U'), ('బ', '|'), ('లె', '|'), ('స', '|'), ('ము', 'U'), ('ద్య', 'U'), ('త్ప్రీ', 'U'), ('తి', '|'), ('ర', 'U'), ('మ్మం', 'U'), ('చు', '|'), ('నిం', 'U'), ('జె', '|'), ('లి', '|'), ('మిం', 'U'), ('బి', 'U'), ('ల్వ', '|'), ('గ', '|'), ('నే', 'U'), ('గు', '|'), ('దెం', 'U'), ('చి', '|'), ('న', '|'), ('క్రి', '|'), ('య', 'U'), ('న్జెం', 'U'), ('తం', 'U'), ('గు', '|'), ('బా', 'U'), ('ళిం', 'U'), ('ప', '|'), ('ద', 'U'), ('ద్వి', '|'), ('ల', '|'), ('స', 'U'), ('ద్ది', 'U'), ('వ్య', '|'), ('గృ', '|'), ('హం', 'U'), ('బు', '|'), ('జే', 'U'), ('రి', '|'), ('తి', '|'), ('వి', '|'), ('కా', 'U'), ('దే', 'U'), ('మె', 'U'), ('ల్ల', '|'), ('న', 'U'), ('న్మా', 'U'), ('రు', '|'), ('తీ', 'U')]",0.8928571428571429,0.75,1.0,0.9642857142857143,0.75,1.0
mattebhamu,"అమరారాతికిఁ బ్రీతిగా వివిధవాద్యధ్వానముల్‌ చేసి పా
నమదావేశము చేత మైమఱచి నానాచేలభూషాఢ్యలై
క్రమతన్‌ జాల్గొని సుప్తవాహినుల లీలం గూర్కు కాంతానికా
యముల న్గన్గొని ధర్మలోపభయముం బ్రాపించి నీ వాత్మలో
విమలప్రజ్ఞున కేల శంక? యని యన్వేషింపవే మారుతీ!",vruttamu,Maaruthi,"[('అ', '|'), ('మ', '|'), ('రా', 'U'), ('రా', 'U'), ('తి', '|'), ('కి', '|'), ('బ్రీ', 'U'), ('తి', '|'), ('గా', 'U'), ('వి', '|'), ('వి', '|'), ('ధ', '|'), ('వా', 'U'), ('ద్య', 'U'), ('ధ్వా', 'U'), ('న', '|'), ('ము', 'U'), ('ల్చే', 'U'), ('సి', '|'), ('పా', 'U'), ('న', '|'), ('మ', '|'), ('దా', 'U'), ('వే', 'U'), ('శ', '|'), ('ము', '|'), ('చే', 'U'), ('త', '|'), ('మై', 'U'), ('మ', '|'), ('ఱ', '|'), ('చి', '|'), ('నా', 'U'), ('నా', 'U'), ('చే', 'U'), ('ల', '|'), ('భూ', 'U'), ('షా', 'U'), ('ఢ్య', '|'), ('లై', 'U'), ('క్ర', '|'), ('మ', '|'), ('త', 'U'), ('న్జా', 'U'), ('ల్గొ', '|'), ('ని', '|'), ('సు', 'U'), ('ప్త', '|'), ('వా', 'U'), ('హి', '|'), ('ను', '|'), ('ల', '|'), ('లీ', 'U'), ('లం', 'U'), ('గూ', 'U'), ('ర్కు', '|'), ('కాం', 'U'), ('తా', 'U'), ('ని', '|'), ('కా', 'U'), ('య', '|'), ('ము', '|'), ('ల', 'U'), ('న్గ', 'U'), ('న్గొ', '|'), ('ని', '|'), ('ధ', 'U'), ('ర్మ', '|'), ('లో', 'U'), ('ప', '|'), ('భ', '|'), ('య', '|'), ('ముం', 'U'), ('బ్రా', 'U'), ('పిం', 'U'), ('చి', '|'), ('నీ', 'U'), ('వా', 'U'), ('త్మ', '|'), ('లో', 'U'), ('వి', '|'), ('మ', '|'), ('ల', '|'), ('ప్ర', 'U'), ('జ్ఞు', '|'), ('న', '|'), ('కే', 'U'), ('ల', '|'), ('శం', 'U'), ('క', '|'), ('య', '|'), ('ని', '|'), ('య', 'U'), ('న్వే', 'U'), ('షిం', 'U'), ('ప', '|'), ('వే', 'U'), ('మా', 'U'), ('రు', '|'), ('తీ', 'U')]",0.85,0.75,1.0,1.0,0.5,1.0
mattebhamu,"కమనీయోన్నత పుష్పతల్పము పయిం గన్మూసి గుర్వెట్టు పం
క్తిముఖున్‌ నీలఘనాభదేహు గని తత్తేజంబునన్‌ రత్న దీ
పములం దద్గృహమెల్ల వెల్గుచునికిన్‌ భావంబునన్‌ మెచ్చుచున్‌
సముదంచద్గతి నచ్చటన్‌ వెదకవే క్ష్మాపుత్రికన్‌ మారుతీ!",vruttamu,Maaruthi,"[('క', '|'), ('మ', '|'), ('నీ', 'U'), ('యో', 'U'), ('న్న', '|'), ('త', '|'), ('పు', 'U'), ('ష్ప', '|'), ('త', 'U'), ('ల్ప', '|'), ('ము', '|'), ('ప', '|'), ('యిం', 'U'), ('గ', 'U'), ('న్మూ', 'U'), ('సి', '|'), ('గు', 'U'), ('ర్వె', 'U'), ('ట్టు', '|'), ('పం', 'U'), ('క్తి', '|'), ('ము', '|'), ('ఖు', 'U'), ('న్నీ', 'U'), ('ల', '|'), ('ఘ', '|'), ('నా', 'U'), ('భ', '|'), ('దే', 'U'), ('హు', '|'), ('గ', '|'), ('ని', '|'), ('త', 'U'), ('త్తే', 'U'), ('జం', 'U'), ('బు', '|'), ('న', '|'), ('న్ర', 'U'), ('త్న', '|'), ('దీ', 'U'), ('ప', '|'), ('ము', '|'), ('లం', 'U'), ('ద', 'U'), ('ద్గృ', '|'), ('హ', '|'), ('మె', 'U'), ('ల్ల', '|'), ('వె', 'U'), ('ల్గు', '|'), ('చు', '|'), ('ని', '|'), ('కి', 'U'), ('న్భా', 'U'), ('వం', 'U'), ('బు', '|'), ('న', 'U'), ('న్మె', 'U'), ('చ్చు', '|'), ('చున్', 'U'), ('స', '|'), ('ము', '|'), ('దం', 'U'), ('చ', 'U'), ('ద్గ', '|'), ('తి', '|'), ('న', 'U'), ('చ్చ', '|'), ('ట', 'U'), ('న్వె', '|'), ('ద', '|'), ('క', '|'), ('వే', 'U'), ('క్ష్మా', 'U'), ('పు', '|'), ('త్రి', '|'), ('క', 'U'), ('న్మా', 'U'), ('రు', '|'), ('తీ', 'U')]",0.9857142857142858,1.0,1.0,0.9285714285714286,1.0,1.0
mattebhamu,"సరసాన్నంబులు పక్వమాంసచయముల్‌ సౌరభ్య సంవాసిత
స్ఫురదుచ్చావచ మద్యపూరితఘటంబుల్‌, మాల్యముల్‌ నిద్రితా
సురకాంతల్‌ గల పానశాల గని యచ్చో రాఘవ ప్రేయసిన్‌
సురకాంతాసదృశన్‌ విదేహతనయన్‌ శోధింపవే మారుతీ!",vruttamu,Maaruthi,"[('స', '|'), ('ర', '|'), ('సా', 'U'), ('న్నం', 'U'), ('బు', '|'), ('లు', '|'), ('ప', 'U'), ('క్వ', '|'), ('మాం', 'U'), ('స', '|'), ('చ', '|'), ('య', '|'), ('ము', 'U'), ('ల్సౌ', 'U'), ('ర', 'U'), ('భ్య', '|'), ('సం', 'U'), ('వా', 'U'), ('సి', '|'), ('త', 'U'), ('స్ఫు', '|'), ('ర', '|'), ('దు', 'U'), ('చ్చా', 'U'), ('వ', '|'), ('చ', '|'), ('మ', 'U'), ('ద్య', '|'), ('పూ', 'U'), ('రి', '|'), ('త', '|'), ('ఘ', '|'), ('టం', 'U'), ('బు', 'U'), ('ల్మా', 'U'), ('ల్య', '|'), ('ము', 'U'), ('ల్ని', '|'), ('ద్రి', '|'), ('తా', 'U'), ('సు', '|'), ('ర', '|'), ('కాం', 'U'), ('త', 'U'), ('ల్గ', '|'), ('ల', '|'), ('పా', 'U'), ('న', '|'), ('శా', 'U'), ('ల', '|'), ('గ', '|'), ('ని', '|'), ('య', 'U'), ('చ్చో', 'U'), ('రా', 'U'), ('ఘ', '|'), ('వ', '|'), ('ప్రే', 'U'), ('య', '|'), ('సిన్', 'U'), ('సు', '|'), ('ర', '|'), ('కాం', 'U'), ('తా', 'U'), ('స', '|'), ('దృ', '|'), ('శ', 'U'), ('న్వి', '|'), ('దే', 'U'), ('హ', '|'), ('త', '|'), ('న', '|'), ('య', 'U'), ('న్శో', 'U'), ('ధిం', 'U'), ('ప', '|'), ('వే', 'U'), ('మా', 'U'), ('రు', '|'), ('తీ', 'U')]",0.9857142857142858,1.0,1.0,0.9285714285714286,1.0,1.0
mattebhamu,"అరవిందోత్పల కైరవోదరమరందాస్వాదనోన్మత్తబం
భరమాలా పరిషన్మనోజ్ఞ మధురధ్వానాభిరంజత్‌ సరొ
వరతీరంబులఁ బుష్పపల్లవ ఫలవ్రాతాగ్ర ధాత్రీరుహో
త్కరమూలంబుల నేర్పునన్‌ వెదకవే ధాత్రీసుతన్‌ మారుతీ!",vruttamu,Maaruthi,"[('అ', '|'), ('ర', '|'), ('విం', 'U'), ('దో', 'U'), ('త్ప', '|'), ('ల', '|'), ('కై', 'U'), ('ర', '|'), ('వో', 'U'), ('ద', '|'), ('ర', '|'), ('మ', '|'), ('రం', 'U'), ('దా', 'U'), ('స్వా', 'U'), ('ద', '|'), ('నో', 'U'), ('న్మ', 'U'), ('త్త', '|'), ('బం', 'U'), ('భ', '|'), ('ర', '|'), ('మా', 'U'), ('లా', 'U'), ('ప', '|'), ('రి', '|'), ('ష', 'U'), ('న్మ', '|'), ('నో', 'U'), ('జ్ఞ', '|'), ('మ', '|'), ('ధు', '|'), ('ర', 'U'), ('ధ్వా', 'U'), ('నా', 'U'), ('భి', '|'), ('రం', 'U'), ('జ', 'U'), ('త్స', '|'), ('రొ', '|'), ('వ', '|'), ('ర', '|'), ('తీ', 'U'), ('రం', 'U'), ('బు', '|'), ('ల', '|'), ('బు', 'U'), ('ష్ప', '|'), ('ప', 'U'), ('ల్ల', '|'), ('వ', '|'), ('ఫ', '|'), ('ల', '|'), ('వ్రా', 'U'), ('తా', 'U'), ('గ్ర', '|'), ('ధా', 'U'), ('త్రీ', 'U'), ('రు', '|'), ('హో', 'U'), ('త్క', '|'), ('ర', '|'), ('మూ', 'U'), ('లం', 'U'), ('బు', '|'), ('ల', '|'), ('నే', 'U'), ('ర్పు', '|'), ('న', 'U'), ('న్వె', '|'), ('ద', '|'), ('క', '|'), ('వే', 'U'), ('ధా', 'U'), ('త్రీ', 'U'), ('సు', '|'), ('త', 'U'), ('న్మా', 'U'), ('రు', '|'), ('తీ', 'U')]",0.8857142857142858,1.0,1.0,0.9285714285714286,0.5,1.0
saardulamu,"ఈలీలన్‌ దశకంఠుపట్టణములో నేపారఁగాఁ బెక్కు చం
దాలమ్‌ గేలలిడునంత భూమితల మైనం దప్పకుండంగ నీ
వాలోకించి మహీజఁ గానక నిజస్వాంతంబులోఁ గొంతసే
పాలోచింపవే స్వామికార్యఘటనావ్యాపారమునన్‌ మారుతీ!",vruttamu,Maaruthi,"[('ఈ', 'U'), ('లీ', 'U'), ('ల', 'U'), ('న్ద', '|'), ('శ', '|'), ('కం', 'U'), ('ఠు', '|'), ('ప', 'U'), ('ట్ట', '|'), ('ణ', '|'), ('ము', '|'), ('లో', 'U'), ('నే', 'U'), ('పా', 'U'), ('ర', '|'), ('గా', 'U'), ('బె', 'U'), ('క్కు', '|'), ('చం', 'U'), ('దా', 'U'), ('ల', 'U'), ('మ్గే', 'U'), ('ల', '|'), ('లి', '|'), ('డు', '|'), ('నం', 'U'), ('త', '|'), ('భూ', 'U'), ('మి', '|'), ('త', '|'), ('ల', '|'), ('మై', 'U'), ('నం', 'U'), ('ద', 'U'), ('ప్ప', '|'), ('కుం', 'U'), ('డం', 'U'), ('గ', '|'), ('నీ', 'U'), ('వా', 'U'), ('లో', 'U'), ('కిం', 'U'), ('చి', '|'), ('మ', '|'), ('హీ', 'U'), ('జ', '|'), ('గా', 'U'), ('న', '|'), ('క', '|'), ('ని', '|'), ('జ', 'U'), ('స్వాం', 'U'), ('తం', 'U'), ('బు', '|'), ('లో', 'U'), ('గొం', 'U'), ('త', '|'), ('సే', 'U'), ('పా', 'U'), ('లో', 'U'), ('చిం', 'U'), ('ప', '|'), ('వే', 'U'), ('స్వా', 'U'), ('మి', '|'), ('కా', 'U'), ('ర్య', '|'), ('ఘ', '|'), ('ట', '|'), ('నా', 'U'), ('వ్యా', 'U'), ('పా', 'U'), ('ర', '|'), ('ము', '|'), ('న', 'U'), ('న్మా', 'U'), ('రు', '|'), ('తీ', 'U')]",0.5733082706766918,0.9736842105263158,1.0,0.3928571428571428,0.0,0.5
saardulamu,"కంటిం జారణ సిద్ధ కిన్నర మరుద్గంధర్వ కాంతావళిన్‌
గంటిన్‌ మానవయోషలన్‌ బవనభుగ్రామా లలామంబులన్‌
గంటిన్‌ సర్వనిశాచరప్రమదలన్‌ గంటిం బురంబందు నే
వెంటం జానకిఁ గాననైతి నని నిర్వేదింపవే మారుతీ!",vruttamu,Maaruthi,"[('కం', 'U'), ('టిం', 'U'), ('జా', 'U'), ('ర', '|'), ('ణ', '|'), ('సి', 'U'), ('ద్ధ', '|'), ('కి', 'U'), ('న్న', '|'), ('ర', '|'), ('మ', '|'), ('రు', 'U'), ('ద్గం', 'U'), ('ధ', 'U'), ('ర్వ', '|'), ('కాం', 'U'), ('తా', 'U'), ('వ', '|'), ('ళిన్', 'U'), ('గం', 'U'), ('టి', 'U'), ('న్మా', 'U'), ('న', '|'), ('వ', '|'), ('యో', 'U'), ('ష', '|'), ('ల', 'U'), ('న్బ', '|'), ('వ', '|'), ('న', '|'), ('భు', '|'), ('గ్రా', 'U'), ('మా', 'U'), ('ల', '|'), ('లా', 'U'), ('మం', 'U'), ('బు', '|'), ('లన్', 'U'), ('గం', 'U'), ('టి', 'U'), ('న్స', 'U'), ('ర్వ', '|'), ('ని', '|'), ('శా', 'U'), ('చ', '|'), ('ర', '|'), ('ప్ర', '|'), ('మ', '|'), ('ద', '|'), ('ల', 'U'), ('న్గం', 'U'), ('టిం', 'U'), ('బు', '|'), ('రం', 'U'), ('బం', 'U'), ('దు', '|'), ('నే', 'U'), ('వెం', 'U'), ('టం', 'U'), ('జా', 'U'), ('న', '|'), ('కి', '|'), ('గా', 'U'), ('న', '|'), ('నై', 'U'), ('తి', '|'), ('న', '|'), ('ని', '|'), ('ని', 'U'), ('ర్వే', 'U'), ('దిం', 'U'), ('ప', '|'), ('వే', 'U'), ('మా', 'U'), ('రు', '|'), ('తీ', 'U')]",0.9857142857142858,1.0,1.0,0.9285714285714286,1.0,1.0
saardulamu,"ఈ లంకాపురరాజ్యమందుగల చోట్లెల్లన్‌ సమగ్రంబుగా
నాలోకించితి నింక నొక్క వన మీ యంతఃపురాభ్యాసమం
దాలేఖేశవనంబు మాడ్కిఁ గడు హృద్యంబై రహిం గ్రాలెడిన్‌
బాలారత్నము నచ్చటన్‌ వెదకెదం గాకంచు డెందాన నీ
వాలోచించి రయంబు మీరఁ జనవే యచ్చోటికిన్‌ మారుతీ!",vruttamu,Maaruthi,"[('ఈ', 'U'), ('లం', 'U'), ('కా', 'U'), ('పు', '|'), ('ర', '|'), ('రా', 'U'), ('జ్య', '|'), ('మం', 'U'), ('దు', '|'), ('గ', '|'), ('ల', '|'), ('చో', 'U'), ('ట్లె', 'U'), ('ల్ల', 'U'), ('న్స', '|'), ('మ', '|'), ('గ్రం', 'U'), ('బు', '|'), ('గా', 'U'), ('నా', 'U'), ('లో', 'U'), ('కిం', 'U'), ('చి', '|'), ('తి', '|'), ('నిం', 'U'), ('క', '|'), ('నొ', 'U'), ('క్క', '|'), ('వ', '|'), ('న', '|'), ('మీ', 'U'), ('యం', 'U'), ('తః', 'U'), ('పు', '|'), ('రా', 'U'), ('భ్యా', 'U'), ('స', '|'), ('మం', 'U'), ('దా', 'U'), ('లే', 'U'), ('ఖే', 'U'), ('శ', '|'), ('వ', '|'), ('నం', 'U'), ('బు', '|'), ('మా', 'U'), ('డ్కి', '|'), ('గ', '|'), ('డు', '|'), ('హృ', 'U'), ('ద్యం', 'U'), ('బై', 'U'), ('ర', '|'), ('హిం', 'U'), ('గ్రా', 'U'), ('లె', '|'), ('డిన్', 'U'), ('బా', 'U'), ('లా', 'U'), ('ర', 'U'), ('త్న', '|'), ('ము', '|'), ('న', 'U'), ('చ్చ', '|'), ('ట', 'U'), ('న్వె', '|'), ('ద', '|'), ('కె', '|'), ('దం', 'U'), ('గా', 'U'), ('కం', 'U'), ('చు', '|'), ('డెం', 'U'), ('దా', 'U'), ('న', '|'), ('నీ', 'U'), ('వా', 'U'), ('లో', 'U'), ('చిం', 'U'), ('చి', '|'), ('ర', '|'), ('యం', 'U'), ('బు', '|'), ('మీ', 'U'), ('ర', '|'), ('జ', '|'), ('న', '|'), ('వే', 'U'), ('య', 'U'), ('చ్చో', 'U'), ('టి', '|'), ('కి', 'U'), ('న్మా', 'U'), ('రు', '|'), ('తీ', 'U')]",0.7928571428571429,0.75,1.0,0.9642857142857143,0.25,1.0
mattebhamu,"వనముఙ్మండలిఁ జొచ్చు చంద్రుని గతిన్‌ బ్రచ్ఛన్నవేషంబుతో
వనముం జొచ్చి లతాగృహోత్కర తరువ్రాతంబులన్‌ దీర్ఘికల్‌
ఘనసౌధంబులు చూచుచున్‌ జని మరుత్కల్పుండవై శింశుపా
ఖ్య నగారోహణ మాచరించితివి గాదా నేర్పునన్‌ మారుతీ!",vruttamu,Maaruthi,"[('వ', '|'), ('న', '|'), ('ము', 'U'), ('ఙ్మం', 'U'), ('డ', '|'), ('లి', '|'), ('జొ', 'U'), ('చ్చు', '|'), ('చం', 'U'), ('ద్రు', '|'), ('ని', '|'), ('గ', '|'), ('తి', 'U'), ('న్బ్ర', 'U'), ('చ్ఛ', 'U'), ('న్న', '|'), ('వే', 'U'), ('షం', 'U'), ('బు', '|'), ('తో', 'U'), ('వ', '|'), ('న', '|'), ('ముం', 'U'), ('జొ', 'U'), ('చ్చి', '|'), ('ల', '|'), ('తా', 'U'), ('గృ', '|'), ('హో', 'U'), ('త్క', '|'), ('ర', '|'), ('త', '|'), ('రు', '|'), ('వ్రా', 'U'), ('తం', 'U'), ('బు', '|'), ('ల', 'U'), ('న్దీ', 'U'), ('ర్ఘి', '|'), ('కల్', 'U'), ('ఘ', '|'), ('న', '|'), ('సౌ', 'U'), ('ధం', 'U'), ('బు', '|'), ('లు', '|'), ('చూ', 'U'), ('చు', '|'), ('చు', 'U'), ('న్జ', '|'), ('ని', '|'), ('మ', '|'), ('రు', 'U'), ('త్క', 'U'), ('ల్పుం', 'U'), ('డ', '|'), ('వై', 'U'), ('శిం', 'U'), ('శు', '|'), ('పా', 'U'), ('ఖ్య', '|'), ('న', '|'), ('గా', 'U'), ('రో', 'U'), ('హ', '|'), ('ణ', '|'), ('మా', 'U'), ('చ', '|'), ('రిం', 'U'), ('చి', '|'), ('తి', '|'), ('వి', '|'), ('గా', 'U'), ('దా', 'U'), ('నే', 'U'), ('ర్పు', '|'), ('న', 'U'), ('న్మా', 'U'), ('రు', '|'), ('తీ', 'U')]",0.8928571428571429,1.0,1.0,0.9642857142857143,0.5,1.0
mattebhamu,"తరుణిం గ్రీష్మగభస్తి, తప్తలతచందానన్‌ రహిన్‌ వాడి భీ
కర దైత్యాంగన లాడు మాటలకు నాకంపించుచున్‌ సారెకున్‌
జిరభక్తిన్‌ రఘురామ, రామ యనుచుం బేర్కొంచు శోకార్తయై
తరుమూలంబున నున్న జానకిని సందర్శింపవే మారుతీ!",vruttamu,Maaruthi,"[('త', '|'), ('రు', '|'), ('ణిం', 'U'), ('గ్రీ', 'U'), ('ష్మ', '|'), ('గ', '|'), ('భ', 'U'), ('స్తి', '|'), ('త', 'U'), ('ప్త', '|'), ('ల', '|'), ('త', '|'), ('చం', 'U'), ('దా', 'U'), ('న', '|'), ('న్ర', '|'), ('హి', 'U'), ('న్వా', 'U'), ('డి', '|'), ('భీ', 'U'), ('క', '|'), ('ర', '|'), ('దై', 'U'), ('త్యాం', 'U'), ('గ', '|'), ('న', '|'), ('లా', 'U'), ('డు', '|'), ('మా', 'U'), ('ట', '|'), ('ల', '|'), ('కు', '|'), ('నా', 'U'), ('కం', 'U'), ('పిం', 'U'), ('చు', '|'), ('చు', 'U'), ('న్సా', 'U'), ('రె', '|'), ('కున్', 'U'), ('జి', '|'), ('ర', '|'), ('భ', 'U'), ('క్తి', '|'), ('న్ర', '|'), ('ఘు', '|'), ('రా', 'U'), ('మ', '|'), ('రా', 'U'), ('మ', '|'), ('య', '|'), ('ను', '|'), ('చుం', 'U'), ('బే', 'U'), ('ర్కొం', 'U'), ('చు', '|'), ('శో', 'U'), ('కా', 'U'), ('ర్త', '|'), ('యై', 'U'), ('త', '|'), ('రు', '|'), ('మూ', 'U'), ('లం', 'U'), ('బు', '|'), ('న', '|'), ('ను', 'U'), ('న్న', '|'), ('జా', 'U'), ('న', '|'), ('కి', '|'), ('ని', '|'), ('సం', 'U'), ('ద', 'U'), ('ర్శిం', 'U'), ('ప', '|'), ('వే', 'U'), ('మా', 'U'), ('రు', '|'), ('తీ', 'U')]",0.9357142857142857,1.0,1.0,0.9285714285714286,0.75,1.0
mattebhamu,"కమనీయాకృతి శింశుపాఖ్యతరుశాఖాపర్ణలీనుండవై
యమరారాతి దశాస్యుడన్న కటుక్రూరాలాపముల్‌ రాక్షస
ప్రమదల్‌ వల్కు దురుక్తులంత త్రిజటాస్వప్నప్రకారంబు న
య్యమ గావించు విలాపమంతయును నీ వాలింపవే మారుతీ!",vruttamu,Maaruthi,"[('క', '|'), ('మ', '|'), ('నీ', 'U'), ('యా', 'U'), ('కృ', '|'), ('తి', '|'), ('శిం', 'U'), ('శు', '|'), ('పా', 'U'), ('ఖ్య', '|'), ('త', '|'), ('రు', '|'), ('శా', 'U'), ('ఖా', 'U'), ('ప', 'U'), ('ర్ణ', '|'), ('లీ', 'U'), ('నుం', 'U'), ('డ', '|'), ('వై', 'U'), ('య', '|'), ('మ', '|'), ('రా', 'U'), ('రా', 'U'), ('తి', '|'), ('ద', '|'), ('శా', 'U'), ('స్యు', '|'), ('డ', 'U'), ('న్న', '|'), ('క', '|'), ('టు', '|'), ('క్రూ', 'U'), ('రా', 'U'), ('లా', 'U'), ('ప', '|'), ('ము', '|'), ('ల్రా', 'U'), ('క్ష', '|'), ('స', '|'), ('ప్ర', '|'), ('మ', '|'), ('ద', 'U'), ('ల్వ', 'U'), ('ల్కు', '|'), ('దు', '|'), ('రు', 'U'), ('క్తు', '|'), ('లం', 'U'), ('త', '|'), ('త్రి', '|'), ('జ', '|'), ('టా', 'U'), ('స్వ', 'U'), ('ప్న', '|'), ('ప్ర', '|'), ('కా', 'U'), ('రం', 'U'), ('బు', '|'), ('న', 'U'), ('య్య', '|'), ('మ', '|'), ('గా', 'U'), ('విం', 'U'), ('చు', '|'), ('వి', '|'), ('లా', 'U'), ('ప', '|'), ('మం', 'U'), ('త', '|'), ('యు', '|'), ('ను', '|'), ('నీ', 'U'), ('వా', 'U'), ('లిం', 'U'), ('ప', '|'), ('వే', 'U'), ('మా', 'U'), ('రు', '|'), ('తీ', 'U')]",0.8285714285714285,1.0,1.0,0.8928571428571429,0.25,1.0
saardulamu,"రామాధీశుడు తండ్రి పంపున మహారణ్యోర్వికిన్‌ వచ్చె ని
ష్కామం దత్సతి సీత బల్మిఁ గొని వీకం బోయె బంక్త్యాస్యుఁడా
రామన్‌ వే వెదకంగ నేను జలధిన్‌ లంఘించి శోధించి యి
చ్చో మన్మాతను గంటిమంటి ననుచున్‌ శ్రోత్రానుకూలంబుగా
వేమాఱున్‌ మధురంబుగాఁ బలుకవే విన్నాణివై మారుతీ!",vruttamu,Maaruthi,"[('రా', 'U'), ('మా', 'U'), ('ధీ', 'U'), ('శు', '|'), ('డు', '|'), ('తం', 'U'), ('డ్రి', '|'), ('పం', 'U'), ('పు', '|'), ('న', '|'), ('మ', '|'), ('హా', 'U'), ('ర', 'U'), ('ణ్యో', 'U'), ('ర్వి', '|'), ('కి', 'U'), ('న్వ', 'U'), ('చ్చె', '|'), ('ని', 'U'), ('ష్కా', 'U'), ('మం', 'U'), ('ద', 'U'), ('త్స', '|'), ('తి', '|'), ('సీ', 'U'), ('త', '|'), ('బ', 'U'), ('ల్మి', '|'), ('గొ', '|'), ('ని', '|'), ('వీ', 'U'), ('కం', 'U'), ('బో', 'U'), ('యె', '|'), ('బం', 'U'), ('క్త్యా', 'U'), ('స్యు', '|'), ('డా', 'U'), ('రా', 'U'), ('మ', 'U'), ('న్వే', 'U'), ('వె', '|'), ('ద', '|'), ('కం', 'U'), ('గ', '|'), ('నే', 'U'), ('ను', '|'), ('జ', '|'), ('ల', '|'), ('ధి', 'U'), ('న్లం', 'U'), ('ఘిం', 'U'), ('చి', '|'), ('శో', 'U'), ('ధిం', 'U'), ('చి', '|'), ('యి', 'U'), ('చ్చో', 'U'), ('మ', 'U'), ('న్మా', 'U'), ('త', '|'), ('ను', '|'), ('గం', 'U'), ('టి', '|'), ('మం', 'U'), ('టి', '|'), ('న', '|'), ('ను', '|'), ('చు', 'U'), ('న్శ్రో', 'U'), ('త్రా', 'U'), ('ను', '|'), ('కూ', 'U'), ('లం', 'U'), ('బు', '|'), ('గా', 'U'), ('వే', 'U'), ('మా', 'U'), ('ఱు', 'U'), ('న్మ', '|'), ('ధు', '|'), ('రం', 'U'), ('బు', '|'), ('గా', 'U'), ('బ', '|'), ('లు', '|'), ('క', '|'), ('వే', 'U'), ('వి', 'U'), ('న్నా', 'U'), ('ణి', '|'), ('వై', 'U'), ('మా', 'U'), ('రు', '|'), ('తీ', 'U')]",0.9,0.75,1.0,1.0,0.75,1.0
mattebhamu,"ఇది సంధింపఁగ వేళ యంచుఁ గడఁకన్‌ వృక్షంబు వేఁడిగ్గి య
మ్మదిరాక్షీమణి మ్రోల నిల్చి పతిసేమంబంతయుం జెప్పి త
ద్వదనాద్యాకృతి చిహ్నముల్‌ దెలిపి విశ్వాసంబు పుట్టించి దీ
ప్యదనర్ఘాంగుళి ముద్రికం గుఱుతుగా నర్పింపవే మారుతీ!",vruttamu,Maaruthi,"[('ఇ', '|'), ('ది', '|'), ('సం', 'U'), ('ధిం', 'U'), ('ప', '|'), ('గ', '|'), ('వే', 'U'), ('ళ', '|'), ('యం', 'U'), ('చు', '|'), ('గ', '|'), ('డ', '|'), ('క', 'U'), ('న్వృ', 'U'), ('క్షం', 'U'), ('బు', '|'), ('వే', 'U'), ('డి', 'U'), ('గ్గి', '|'), ('య', 'U'), ('మ్మ', '|'), ('ది', '|'), ('రా', 'U'), ('క్షీ', 'U'), ('మ', '|'), ('ణి', '|'), ('మ్రో', 'U'), ('ల', '|'), ('ని', 'U'), ('ల్చి', '|'), ('ప', '|'), ('తి', '|'), ('సే', 'U'), ('మం', 'U'), ('బం', 'U'), ('త', '|'), ('యుం', 'U'), ('జె', 'U'), ('ప్పి', '|'), ('త', 'U'), ('ద్వ', '|'), ('ద', '|'), ('నా', 'U'), ('ద్యా', 'U'), ('కృ', '|'), ('తి', '|'), ('చి', 'U'), ('హ్న', '|'), ('ము', 'U'), ('ల్దె', '|'), ('లి', '|'), ('పి', '|'), ('వి', 'U'), ('శ్వా', 'U'), ('సం', 'U'), ('బు', '|'), ('పు', 'U'), ('ట్టిం', 'U'), ('చి', '|'), ('దీ', 'U'), ('ప్య', '|'), ('ద', '|'), ('న', 'U'), ('ర్ఘాం', 'U'), ('గు', '|'), ('ళి', '|'), ('ము', '|'), ('ద్రి', '|'), ('కం', 'U'), ('గు', '|'), ('ఱు', '|'), ('తు', '|'), ('గా', 'U'), ('న', 'U'), ('ర్పిం', 'U'), ('ప', '|'), ('వే', 'U'), ('మా', 'U'), ('రు', '|'), ('తీ', 'U')]",0.8928571428571429,1.0,1.0,0.9642857142857143,0.5,1.0
mattebhamu,"అతిసూక్ష్మాంగుఁడ వీవు ననుఁ గొని యీయంభోనిధిం దాటి యే
గతి పోవంగలవంచు సీత పలుకం గౌతూహలం బొప్ప న
ప్రతిమానామర శైలసన్నిభ శరీరం బర్మిలిం జూపి యా
క్షితికన్యామణి కద్భుతంబు ముదముం గీల్కొల్పవే మారుతీ!",vruttamu,Maaruthi,"[('అ', '|'), ('తి', '|'), ('సూ', 'U'), ('క్ష్మాం', 'U'), ('గు', '|'), ('డ', '|'), ('వీ', 'U'), ('వు', '|'), ('న', '|'), ('ను', '|'), ('గొ', '|'), ('ని', '|'), ('యీ', 'U'), ('యం', 'U'), ('భో', 'U'), ('ని', '|'), ('ధిం', 'U'), ('దా', 'U'), ('టి', '|'), ('యే', 'U'), ('గ', '|'), ('తి', '|'), ('పో', 'U'), ('వం', 'U'), ('గ', '|'), ('ల', '|'), ('వం', 'U'), ('చు', '|'), ('సీ', 'U'), ('త', '|'), ('ప', '|'), ('లు', '|'), ('కం', 'U'), ('గౌ', 'U'), ('తూ', 'U'), ('హ', '|'), ('లం', 'U'), ('బొ', 'U'), ('ప్ప', '|'), ('న', '|'), ('ప్ర', '|'), ('తి', '|'), ('మా', 'U'), ('నా', 'U'), ('మ', '|'), ('ర', '|'), ('శై', 'U'), ('ల', '|'), ('స', 'U'), ('న్ని', '|'), ('భ', '|'), ('శ', '|'), ('రీ', 'U'), ('రం', 'U'), ('బ', 'U'), ('ర్మి', '|'), ('లిం', 'U'), ('జూ', 'U'), ('పి', '|'), ('యా', 'U'), ('క్షి', '|'), ('తి', '|'), ('క', 'U'), ('న్యా', 'U'), ('మ', '|'), ('ణి', '|'), ('క', 'U'), ('ద్భు', '|'), ('తం', 'U'), ('బు', '|'), ('ము', '|'), ('ద', '|'), ('ముం', 'U'), ('గీ', 'U'), ('ల్కొ', 'U'), ('ల్ప', '|'), ('వే', 'U'), ('మా', 'U'), ('రు', '|'), ('తీ', 'U')]",0.9857142857142858,1.0,1.0,0.9285714285714286,1.0,1.0
mattebhamu,"ప్రమదం బొప్పఁగ సీత యిచ్చిన శిరోరత్నం బొగిన్‌ సంగ్రహిం
చి మహాత్ముండగు రాము నిచ్చటికి నే శీఘ్రంబునఁ దోడి తె
త్తు మదిన్‌ శోకముఁ దక్కియుండుమని యెంతో భక్తితో నూరడిం
చి, మహిన్‌ సాగిలి మ్రొక్కి గైకొనవె యాశీర్వాదముల్‌ మారుతీ!",vruttamu,Maaruthi,"[('ప్ర', '|'), ('మ', '|'), ('దం', 'U'), ('బొ', 'U'), ('ప్ప', '|'), ('గ', '|'), ('సీ', 'U'), ('త', '|'), ('యి', 'U'), ('చ్చి', '|'), ('న', '|'), ('శి', '|'), ('రో', 'U'), ('ర', 'U'), ('త్నం', 'U'), ('బొ', '|'), ('గి', 'U'), ('న్సం', 'U'), ('గ్ర', '|'), ('హిం', 'U'), ('చి', '|'), ('మ', '|'), ('హా', 'U'), ('త్ముం', 'U'), ('డ', '|'), ('గు', '|'), ('రా', 'U'), ('ము', '|'), ('ని', 'U'), ('చ్చ', '|'), ('టి', '|'), ('కి', '|'), ('నే', 'U'), ('శీ', 'U'), ('ఘ్రం', 'U'), ('బు', '|'), ('న', '|'), ('దో', 'U'), ('డి', '|'), ('తె', 'U'), ('త్తు', '|'), ('మ', '|'), ('ది', 'U'), ('న్శో', 'U'), ('క', '|'), ('ము', '|'), ('ద', 'U'), ('క్కి', '|'), ('యుం', 'U'), ('డు', '|'), ('మ', '|'), ('ని', '|'), ('యెం', 'U'), ('తో', 'U'), ('భ', 'U'), ('క్తి', '|'), ('తో', 'U'), ('నూ', 'U'), ('ర', '|'), ('డిం', 'U'), ('చి', '|'), ('మ', '|'), ('హి', 'U'), ('న్సా', 'U'), ('గి', '|'), ('లి', '|'), ('మ్రొ', 'U'), ('క్కి', '|'), ('గై', 'U'), ('కొ', '|'), ('న', '|'), ('వె', '|'), ('యా', 'U'), ('శీ', 'U'), ('ర్వా', 'U'), ('ద', '|'), ('ము', 'U'), ('ల్మా', 'U'), ('రు', '|'), ('తీ', 'U')]",0.9928571428571429,1.0,1.0,0.9642857142857143,1.0,1.0
mattebhamu,"జనకక్ష్మాపతిపుత్రిచేఁ దగ ననుజ్ఞాతుండవై 'యూరకే
జననేలా, దశకంఠదైత్యునకు మత్సామర్థ్య మొక్కింత జూ
పనగుం గా' కని తండ్రివోలె నతిరంహం బర్మిలిం దాల్చి గ్ర
ద్దన నద్దైత్యుని ప్రాణతుల్యవన ముత్పాటింపవే మారుతీ!",vruttamu,Maaruthi,"[('జ', '|'), ('న', '|'), ('క', 'U'), ('క్ష్మా', 'U'), ('ప', '|'), ('తి', '|'), ('పు', '|'), ('త్రి', '|'), ('చే', 'U'), ('ద', '|'), ('గ', '|'), ('న', '|'), ('ను', 'U'), ('జ్ఞా', 'U'), ('తుం', 'U'), ('డ', '|'), ('వై', 'U'), ('యూ', 'U'), ('ర', '|'), ('కే', 'U'), ('జ', '|'), ('న', '|'), ('నే', 'U'), ('లా', 'U'), ('ద', '|'), ('శ', '|'), ('కం', 'U'), ('ఠ', '|'), ('దై', 'U'), ('త్యు', '|'), ('న', '|'), ('కు', '|'), ('మ', 'U'), ('త్సా', 'U'), ('మ', 'U'), ('ర్థ్య', '|'), ('మొ', 'U'), ('క్కిం', 'U'), ('త', '|'), ('జూ', 'U'), ('ప', '|'), ('న', '|'), ('గుం', 'U'), ('గా', 'U'), ('క', '|'), ('ని', '|'), ('తం', 'U'), ('డ్రి', '|'), ('వో', 'U'), ('లె', '|'), ('న', '|'), ('తి', '|'), ('రం', 'U'), ('హం', 'U'), ('బ', 'U'), ('ర్మి', '|'), ('లిం', 'U'), ('దా', 'U'), ('ల్చి', '|'), ('గ్ర', 'U'), ('ద్ద', '|'), ('న', '|'), ('న', 'U'), ('ద్దై', 'U'), ('త్యు', '|'), ('ని', '|'), ('ప్రా', 'U'), ('ణ', '|'), ('తు', 'U'), ('ల్య', '|'), ('వ', '|'), ('న', '|'), ('ము', 'U'), ('త్పా', 'U'), ('టిం', 'U'), ('ప', '|'), ('వే', 'U'), ('మా', 'U'), ('రు', '|'), ('తీ', 'U')]",0.9428571428571428,1.0,1.0,0.9642857142857143,0.75,1.0
mattebhamu,"అసురాధీశ్వరుఁడవ్విధంబు విని కట్టల్కన్‌ రణార్థం బశీ
తిసహస్రంబులఁ గింకరాఖ్యుల మహాతేజః ప్రభావాఢ్యులన్‌
వెసఁబంపన్‌ విలయాంబుదంబు కరణిన్‌ మిన్నంది గర్జించి దీ
మస మొప్పం దగ వారినెల్లఁ గడిమిన్‌ మర్దింపవే మారుతీ!",vruttamu,Maaruthi,"[('అ', '|'), ('సు', '|'), ('రా', 'U'), ('ధీ', 'U'), ('శ్వ', '|'), ('రు', '|'), ('డ', 'U'), ('వ్వి', '|'), ('ధం', 'U'), ('బు', '|'), ('వి', '|'), ('ని', '|'), ('క', 'U'), ('ట్ట', 'U'), ('ల్క', '|'), ('న్ర', '|'), ('ణా', 'U'), ('ర్థం', 'U'), ('బ', '|'), ('శీ', 'U'), ('తి', '|'), ('స', '|'), ('హ', '|'), ('స్రం', 'U'), ('బు', '|'), ('ల', '|'), ('గిం', 'U'), ('క', '|'), ('రా', 'U'), ('ఖ్యు', '|'), ('ల', '|'), ('మ', '|'), ('హా', 'U'), ('తే', 'U'), ('జః', 'U'), ('ప్ర', '|'), ('భా', 'U'), ('వా', 'U'), ('ఢ్యు', '|'), ('లన్', 'U'), ('వె', '|'), ('స', '|'), ('బం', 'U'), ('ప', 'U'), ('న్వి', '|'), ('ల', '|'), ('యాం', 'U'), ('బు', '|'), ('దం', 'U'), ('బు', '|'), ('క', '|'), ('ర', '|'), ('ణి', 'U'), ('న్మి', 'U'), ('న్నం', 'U'), ('ది', '|'), ('గ', 'U'), ('ర్జిం', 'U'), ('చి', '|'), ('దీ', 'U'), ('మ', '|'), ('స', '|'), ('మొ', 'U'), ('ప్పం', 'U'), ('ద', '|'), ('గ', '|'), ('వా', 'U'), ('రి', '|'), ('నె', 'U'), ('ల్ల', '|'), ('గ', '|'), ('డి', '|'), ('మి', 'U'), ('న్మ', 'U'), ('ర్దిం', 'U'), ('ప', '|'), ('వే', 'U'), ('మా', 'U'), ('రు', '|'), ('తీ', 'U')]",0.8857142857142858,1.0,1.0,0.9285714285714286,0.5,1.0
saardulamu,"వప్రంబుల్‌ బడఁగూల్చి బల్విడి నభోభాగంబుతో రాయు చై
త్యప్రాసాదముఁ గూలఁదన్ని విపులస్తంభంబుచే బాహుస
త్త్వప్రావీణ్య మెలర్పఁ దద్వనముఁ దత్ప్రాసాదముం గాచు దే
వప్రద్వేషుల నెల్ల దారుణగతిన్‌ భంజింపవే మారుతీ!",vruttamu,Maaruthi,"[('వ', '|'), ('ప్రం', 'U'), ('బు', 'U'), ('ల్బ', '|'), ('డ', '|'), ('గూ', 'U'), ('ల్చి', '|'), ('బ', 'U'), ('ల్వి', '|'), ('డి', '|'), ('న', '|'), ('భో', 'U'), ('భా', 'U'), ('గం', 'U'), ('బు', '|'), ('తో', 'U'), ('రా', 'U'), ('యు', '|'), ('చై', 'U'), ('త్య', '|'), ('ప్రా', 'U'), ('సా', 'U'), ('ద', '|'), ('ము', '|'), ('గూ', 'U'), ('ల', '|'), ('ద', 'U'), ('న్ని', '|'), ('వి', '|'), ('పు', '|'), ('ల', 'U'), ('స్తం', 'U'), ('భం', 'U'), ('బు', '|'), ('చే', 'U'), ('బా', 'U'), ('హు', '|'), ('స', 'U'), ('త్త్వ', '|'), ('ప్రా', 'U'), ('వీ', 'U'), ('ణ్య', '|'), ('మె', '|'), ('ల', 'U'), ('ర్ప', '|'), ('ద', 'U'), ('ద్వ', '|'), ('న', '|'), ('ము', '|'), ('ద', 'U'), ('త్ప్రా', 'U'), ('సా', 'U'), ('ద', '|'), ('ముం', 'U'), ('గా', 'U'), ('చు', '|'), ('దే', 'U'), ('వ', '|'), ('ప్ర', 'U'), ('ద్వే', 'U'), ('షు', '|'), ('ల', '|'), ('నె', 'U'), ('ల్ల', '|'), ('దా', 'U'), ('రు', '|'), ('ణ', '|'), ('గ', '|'), ('తి', 'U'), ('న్భం', 'U'), ('జిం', 'U'), ('ప', '|'), ('వే', 'U'), ('మా', 'U'), ('రు', '|'), ('తీ', 'U')]",0.8714285714285716,1.0,1.0,0.8571428571428571,0.5,1.0
saardulamu,"శైలోత్పాటన దక్షిణుండగు నభస్వత్పుత్రుఁడన్‌ జన్యవి
ద్యాలోలుండగు రామభద్రునకు నే దాసుండ సుగ్రీవునిన్‌
వాలాయంబు భజించువాఁడ హనుమన్నామంబునం బొల్తు భూ
పాలుండంపఁగ భూమిపుత్రిఁ బరికింపన్‌ వచ్చితిన్‌ గ్రవ్యభు
క్కాలుండన్‌ జనుతెండు పోరి కని లంకం జాటవే మారుతీ!",vruttamu,Maaruthi,"[('శై', 'U'), ('లో', 'U'), ('త్పా', 'U'), ('ట', '|'), ('న', '|'), ('ద', 'U'), ('క్షి', '|'), ('ణుం', 'U'), ('డ', '|'), ('గు', '|'), ('న', '|'), ('భ', 'U'), ('స్వ', 'U'), ('త్పు', '|'), ('త్రు', '|'), ('డ', 'U'), ('న్జ', 'U'), ('న్య', '|'), ('వి', 'U'), ('ద్యా', 'U'), ('లో', 'U'), ('లుం', 'U'), ('డ', '|'), ('గు', '|'), ('రా', 'U'), ('మ', '|'), ('భ', '|'), ('ద్రు', '|'), ('న', '|'), ('కు', '|'), ('నే', 'U'), ('దా', 'U'), ('సుం', 'U'), ('డ', '|'), ('సు', '|'), ('గ్రీ', 'U'), ('వు', '|'), ('నిన్', 'U'), ('వా', 'U'), ('లా', 'U'), ('యం', 'U'), ('బు', '|'), ('భ', '|'), ('జిం', 'U'), ('చు', '|'), ('వా', 'U'), ('డ', '|'), ('హ', '|'), ('ను', '|'), ('మ', 'U'), ('న్నా', 'U'), ('మం', 'U'), ('బు', '|'), ('నం', 'U'), ('బొ', 'U'), ('ల్తు', '|'), ('భూ', 'U'), ('పా', 'U'), ('లుం', 'U'), ('డం', 'U'), ('ప', '|'), ('గ', '|'), ('భూ', 'U'), ('మి', '|'), ('పు', '|'), ('త్రి', '|'), ('బ', '|'), ('రి', '|'), ('కిం', 'U'), ('ప', 'U'), ('న్వ', 'U'), ('చ్చి', '|'), ('తి', 'U'), ('న్గ్ర', 'U'), ('వ్య', '|'), ('భు', 'U'), ('క్కా', 'U'), ('లుం', 'U'), ('డ', 'U'), ('న్జ', '|'), ('ను', '|'), ('తెం', 'U'), ('డు', '|'), ('పో', 'U'), ('రి', '|'), ('క', '|'), ('ని', '|'), ('లం', 'U'), ('కం', 'U'), ('జా', 'U'), ('ట', '|'), ('వే', 'U'), ('మా', 'U'), ('రు', '|'), ('తీ', 'U')]",0.8714285714285716,0.75,1.0,0.8571428571428571,0.75,1.0
mattebhamu,"కడఁకన్‌ రావణప్రేరితుం డగుచు వీఁకన్‌ జంబుమాల్యాఖ్య దై
త్యుఁడు సేనాయుతుఁడై రణంబునకుఁ దోడ్తో డాసినన్‌ వానిఁ బ
ల్విడి భాస్వత్పరిఘాయుధంబున బలోపేతంబుగా నాజిలో
గడిమిం జంపి యుగాంతమేఘముక్రియన్‌ గర్జింపవే మారుతీ!",vruttamu,Maaruthi,"[('క', '|'), ('డ', '|'), ('క', '|'), ('న్రా', 'U'), ('వ', '|'), ('ణ', '|'), ('ప్రే', 'U'), ('రి', '|'), ('తుం', 'U'), ('డ', '|'), ('గు', '|'), ('చు', '|'), ('వీ', 'U'), ('క', 'U'), ('న్జం', 'U'), ('బు', '|'), ('మా', 'U'), ('ల్యా', 'U'), ('ఖ్య', '|'), ('దై', 'U'), ('త్యు', '|'), ('డు', '|'), ('సే', 'U'), ('నా', 'U'), ('యు', '|'), ('తు', '|'), ('డై', 'U'), ('ర', '|'), ('ణం', 'U'), ('బు', '|'), ('న', '|'), ('కు', '|'), ('దో', 'U'), ('డ్తో', 'U'), ('డా', 'U'), ('సి', '|'), ('న', 'U'), ('న్వా', 'U'), ('ని', '|'), ('బ', 'U'), ('ల్వి', '|'), ('డి', '|'), ('భా', 'U'), ('స్వ', 'U'), ('త్ప', '|'), ('రి', '|'), ('ఘా', 'U'), ('యు', '|'), ('ధం', 'U'), ('బు', '|'), ('న', '|'), ('బ', '|'), ('లో', 'U'), ('పే', 'U'), ('తం', 'U'), ('బు', '|'), ('గా', 'U'), ('నా', 'U'), ('జి', '|'), ('లో', 'U'), ('గ', '|'), ('డి', '|'), ('మిం', 'U'), ('జం', 'U'), ('పి', '|'), ('యు', '|'), ('గాం', 'U'), ('త', '|'), ('మే', 'U'), ('ఘ', '|'), ('ము', '|'), ('క్రి', '|'), ('య', 'U'), ('న్గ', 'U'), ('ర్జిం', 'U'), ('ప', '|'), ('వే', 'U'), ('మా', 'U'), ('రు', '|'), ('తీ', 'U')]",0.9428571428571428,1.0,1.0,0.9642857142857143,0.75,1.0
mattebhamu,"వరుసన్‌ దారుణ సప్తమంత్రితనయుల్‌ బాహాబలంబొప్ప బం
దుర వైశ్వానర సప్తహేతులన దోడ్తో వెల్గుచున్‌ డాసినన్‌
కరులం గన్న మృగేంద్రులీల పెనుకిన్కం బొంగి యద్దైత్యుల
స్థిరసత్వంబున ద్రుంపవే కలన నిశ్శేషంబుగా మారుతీ!",vruttamu,Maaruthi,"[('వ', '|'), ('రు', '|'), ('స', 'U'), ('న్దా', 'U'), ('రు', '|'), ('ణ', '|'), ('స', 'U'), ('ప్త', '|'), ('మం', 'U'), ('త్రి', '|'), ('త', '|'), ('న', '|'), ('యు', 'U'), ('ల్బా', 'U'), ('హా', 'U'), ('బ', '|'), ('లం', 'U'), ('బొ', 'U'), ('ప్ప', '|'), ('బం', 'U'), ('దు', '|'), ('ర', '|'), ('వై', 'U'), ('శ్వా', 'U'), ('న', '|'), ('ర', '|'), ('స', 'U'), ('ప్త', '|'), ('హే', 'U'), ('తు', '|'), ('ల', '|'), ('న', '|'), ('దో', 'U'), ('డ్తో', 'U'), ('వె', 'U'), ('ల్గు', '|'), ('చు', 'U'), ('న్డా', 'U'), ('సి', '|'), ('నన్', 'U'), ('క', '|'), ('రు', '|'), ('లం', 'U'), ('గ', 'U'), ('న్న', '|'), ('మృ', '|'), ('గేం', 'U'), ('ద్రు', '|'), ('లీ', 'U'), ('ల', '|'), ('పె', '|'), ('ను', '|'), ('కి', 'U'), ('న్కం', 'U'), ('బొం', 'U'), ('గి', '|'), ('య', 'U'), ('ద్దై', 'U'), ('త్యు', '|'), ('ల', 'U'), ('స్థి', '|'), ('ర', '|'), ('స', 'U'), ('త్వం', 'U'), ('బు', '|'), ('న', '|'), ('ద్రుం', 'U'), ('ప', '|'), ('వే', 'U'), ('క', '|'), ('ల', '|'), ('న', '|'), ('ని', 'U'), ('శ్శే', 'U'), ('షం', 'U'), ('బు', '|'), ('గా', 'U'), ('మా', 'U'), ('రు', '|'), ('తీ', 'U')]",0.95,1.0,1.0,1.0,0.75,1.0
mattebhamu,"దురితాత్ముల్‌ దశకంఠుపంపున మదాంధుల్‌ పంచసేనాగ్రగుల్‌
పరుషోగ్రాస్త్రము వేయుచుం గదియఁ గాలం గేల మర్దించి భీ
కరభంగిన్‌ పరిమార్చి తోరణ విటంకస్థుండవై, వెండి దు
ష్కరదైతేయ సమాగమంబు మదిలోఁ గాంక్షింపవే మారుతీ!",vruttamu,Maaruthi,"[('దు', '|'), ('రి', '|'), ('తా', 'U'), ('త్ము', 'U'), ('ల్ద', '|'), ('శ', '|'), ('కం', 'U'), ('ఠు', '|'), ('పం', 'U'), ('పు', '|'), ('న', '|'), ('మ', '|'), ('దాం', 'U'), ('ధు', 'U'), ('ల్పం', 'U'), ('చ', '|'), ('సే', 'U'), ('నా', 'U'), ('గ్ర', '|'), ('గుల్', 'U'), ('ప', '|'), ('రు', '|'), ('షో', 'U'), ('గ్రా', 'U'), ('స్త్ర', '|'), ('ము', '|'), ('వే', 'U'), ('యు', '|'), ('చుం', 'U'), ('గ', '|'), ('ది', '|'), ('య', '|'), ('గా', 'U'), ('లం', 'U'), ('గే', 'U'), ('ల', '|'), ('మ', 'U'), ('ర్దిం', 'U'), ('చి', '|'), ('భీ', 'U'), ('క', '|'), ('ర', '|'), ('భం', 'U'), ('గి', 'U'), ('న్ప', '|'), ('రి', '|'), ('మా', 'U'), ('ర్చి', '|'), ('తో', 'U'), ('ర', '|'), ('ణ', '|'), ('వి', '|'), ('టం', 'U'), ('క', 'U'), ('స్థుం', 'U'), ('డ', '|'), ('వై', 'U'), ('వెం', 'U'), ('డి', '|'), ('దు', 'U'), ('ష్క', '|'), ('ర', '|'), ('దై', 'U'), ('తే', 'U'), ('య', '|'), ('స', '|'), ('మా', 'U'), ('గ', '|'), ('మం', 'U'), ('బు', '|'), ('మ', '|'), ('ది', '|'), ('లో', 'U'), ('గాం', 'U'), ('క్షిం', 'U'), ('ప', '|'), ('వే', 'U'), ('మా', 'U'), ('రు', '|'), ('తీ', 'U')]",0.95,1.0,1.0,1.0,0.75,1.0
saardulamu,"అక్షీణస్ఫుట బాహుశౌర్యుఁడు మహాహంకారుఁడున్‌ దైత్యహ
ర్యక్షుం డక్షుఁడు డాయఁ దార్క్ష్యుఁడహినట్ల వాని పదంబులన్‌
దక్షత్వంబునఁ బట్టి యెత్తి వడి మింటన్‌ బల్మరుం ద్రిప్పి జ
న్యక్షోణిం బడవైచి చంపవె బలౌద్ధత్యంబునన్‌ మారుతీ!",vruttamu,Maaruthi,"[('అ', 'U'), ('క్షీ', 'U'), ('ణ', 'U'), ('స్ఫు', '|'), ('ట', '|'), ('బా', 'U'), ('హు', '|'), ('శౌ', 'U'), ('ర్యు', '|'), ('డు', '|'), ('మ', '|'), ('హా', 'U'), ('హం', 'U'), ('కా', 'U'), ('రు', '|'), ('డు', 'U'), ('న్దై', 'U'), ('త్య', '|'), ('హ', 'U'), ('ర్య', 'U'), ('క్షుం', 'U'), ('డ', 'U'), ('క్షు', '|'), ('డు', '|'), ('డా', 'U'), ('య', '|'), ('దా', 'U'), ('ర్క్ష్యు', '|'), ('డ', '|'), ('హి', '|'), ('న', 'U'), ('ట్ల', '|'), ('వా', 'U'), ('ని', '|'), ('ప', '|'), ('దం', 'U'), ('బు', '|'), ('లన్', 'U'), ('ద', 'U'), ('క్ష', 'U'), ('త్వం', 'U'), ('బు', '|'), ('న', '|'), ('బ', 'U'), ('ట్టి', '|'), ('యె', 'U'), ('త్తి', '|'), ('వ', '|'), ('డి', '|'), ('మిం', 'U'), ('ట', 'U'), ('న్బ', 'U'), ('ల్మ', '|'), ('రుం', 'U'), ('ద్రి', 'U'), ('ప్పి', '|'), ('జ', 'U'), ('న్య', 'U'), ('క్షో', 'U'), ('ణిం', 'U'), ('బ', '|'), ('డ', '|'), ('వై', 'U'), ('చి', '|'), ('చం', 'U'), ('ప', '|'), ('వె', '|'), ('బ', '|'), ('లౌ', 'U'), ('ద్ధ', 'U'), ('త్యం', 'U'), ('బు', '|'), ('న', 'U'), ('న్మా', 'U'), ('రు', '|'), ('తీ', 'U')]",0.8357142857142857,1.0,1.0,0.9285714285714286,0.25,1.0
mattebhamu,"జనితామర్షణుఁ డింద్రజిత్తు సకలాస్త్రజ్ఞుండు బ్రహ్మాస్త్రబ
ద్ధునిఁ గావింప వరప్రభావమునఁ దోడ్తొ బంధముక్తుండవై
దనుజేంద్రుం గని వానితో విభుని దోర్దర్పంబు సర్వంబు దె
ల్పనగుం గాకని బద్ధుఁడైన పగిదిన్‌ వర్తింపవే మారుతీ!",vruttamu,Maaruthi,"[('జ', '|'), ('ని', '|'), ('తా', 'U'), ('మ', 'U'), ('ర్ష', '|'), ('ణు', '|'), ('డిం', 'U'), ('ద్ర', '|'), ('జి', 'U'), ('త్తు', '|'), ('స', '|'), ('క', '|'), ('లా', 'U'), ('స్త్ర', 'U'), ('జ్ఞుం', 'U'), ('డు', '|'), ('బ్ర', 'U'), ('హ్మా', 'U'), ('స్త్ర', '|'), ('బ', 'U'), ('ద్ధు', '|'), ('ని', '|'), ('గా', 'U'), ('విం', 'U'), ('ప', '|'), ('వ', '|'), ('ర', '|'), ('ప్ర', '|'), ('భా', 'U'), ('వ', '|'), ('ము', '|'), ('న', '|'), ('దో', 'U'), ('డ్తొ', '|'), ('బం', 'U'), ('ధ', '|'), ('ము', 'U'), ('క్తుం', 'U'), ('డ', '|'), ('వై', 'U'), ('ద', '|'), ('ను', '|'), ('జేం', 'U'), ('ద్రుం', 'U'), ('గ', '|'), ('ని', '|'), ('వా', 'U'), ('ని', '|'), ('తో', 'U'), ('వి', '|'), ('భు', '|'), ('ని', '|'), ('దో', 'U'), ('ర్ద', 'U'), ('ర్పం', 'U'), ('బు', '|'), ('స', 'U'), ('ర్వం', 'U'), ('బు', '|'), ('దె', 'U'), ('ల్ప', '|'), ('న', '|'), ('గుం', 'U'), ('గా', 'U'), ('క', '|'), ('ని', '|'), ('బ', 'U'), ('ద్ధు', '|'), ('డై', 'U'), ('న', '|'), ('ప', '|'), ('గి', '|'), ('ది', 'U'), ('న్వ', 'U'), ('ర్తిం', 'U'), ('ప', '|'), ('వే', 'U'), ('మా', 'U'), ('రు', '|'), ('తీ', 'U')]",0.9357142857142857,1.0,1.0,0.9285714285714286,0.75,1.0
mattebhamu,"దితిజాధీశుని మ్రోల నిల్చి వెస దత్తేజంబు రూపంబు సం
స్థితి సర్వంబును బోలఁ జూచి యహహా తేజస్వి యౌ వీని యం
దతి దౌష్ట్యంబిది లేక యున్న సురలోకాధీశ్వరత్వంబున స
మ్మతి నొందం దగ నర్హుఁడంచు మదిలో భావింపవే మారుతీ!",vruttamu,Maaruthi,"[('ది', '|'), ('తి', '|'), ('జా', 'U'), ('ధీ', 'U'), ('శు', '|'), ('ని', '|'), ('మ్రో', 'U'), ('ల', '|'), ('ని', 'U'), ('ల్చి', '|'), ('వె', '|'), ('స', '|'), ('ద', 'U'), ('త్తే', 'U'), ('జం', 'U'), ('బు', '|'), ('రూ', 'U'), ('పం', 'U'), ('బు', '|'), ('సం', 'U'), ('స్థి', '|'), ('తి', '|'), ('స', 'U'), ('ర్వం', 'U'), ('బు', '|'), ('ను', '|'), ('బో', 'U'), ('ల', '|'), ('జూ', 'U'), ('చి', '|'), ('య', '|'), ('హ', '|'), ('హా', 'U'), ('తే', 'U'), ('జ', 'U'), ('స్వి', '|'), ('యౌ', 'U'), ('వీ', 'U'), ('ని', '|'), ('యం', 'U'), ('ద', '|'), ('తి', '|'), ('దౌ', 'U'), ('ష్ట్యం', 'U'), ('బి', '|'), ('ది', '|'), ('లే', 'U'), ('క', '|'), ('యు', 'U'), ('న్న', '|'), ('సు', '|'), ('ర', '|'), ('లో', 'U'), ('కా', 'U'), ('ధీ', 'U'), ('శ్వ', '|'), ('ర', 'U'), ('త్వం', 'U'), ('బు', '|'), ('న', '|'), ('స', 'U'), ('మ్మ', '|'), ('తి', '|'), ('నొం', 'U'), ('దం', 'U'), ('ద', '|'), ('గ', '|'), ('న', 'U'), ('ర్హు', '|'), ('డం', 'U'), ('చు', '|'), ('మ', '|'), ('ది', '|'), ('లో', 'U'), ('భా', 'U'), ('విం', 'U'), ('ప', '|'), ('వే', 'U'), ('మా', 'U'), ('రు', '|'), ('తీ', 'U')]",0.7903571428571429,0.9875,1.0,0.7142857142857143,0.5,0.75
mattebhamu,"భవదీయాకృతియున్‌ బ్రతాపమును శుంభద్వీర్యముం గాంచి దై
త్యవిభుండీతఁడు కీశమాత్రకుఁడుగాఁ డాదిత్యులుం బంపఁగా
భువిఁ గీశాకృతిఁ దాల్చి వచ్చిన మహాభూతంబగుం గానిచో
దివిజారాతులఁ జంపునే యనుచుఁ జింతింపండొకో మారుతీ!",vruttamu,Maaruthi,"[('భ', '|'), ('వ', '|'), ('దీ', 'U'), ('యా', 'U'), ('కృ', '|'), ('తి', '|'), ('యు', 'U'), ('న్బ్ర', '|'), ('తా', 'U'), ('ప', '|'), ('ము', '|'), ('ను', '|'), ('శుం', 'U'), ('భ', 'U'), ('ద్వీ', 'U'), ('ర్య', '|'), ('ముం', 'U'), ('గాం', 'U'), ('చి', '|'), ('దై', 'U'), ('త్య', '|'), ('వి', '|'), ('భుం', 'U'), ('డీ', 'U'), ('త', '|'), ('డు', '|'), ('కీ', 'U'), ('శ', '|'), ('మా', 'U'), ('త్ర', '|'), ('కు', '|'), ('డు', '|'), ('గా', 'U'), ('డా', 'U'), ('ది', 'U'), ('త్యు', '|'), ('లుం', 'U'), ('బం', 'U'), ('ప', '|'), ('గా', 'U'), ('భు', '|'), ('వి', '|'), ('గీ', 'U'), ('శా', 'U'), ('కృ', '|'), ('తి', '|'), ('దా', 'U'), ('ల్చి', '|'), ('వ', 'U'), ('చ్చి', '|'), ('న', '|'), ('మ', '|'), ('హా', 'U'), ('భూ', 'U'), ('తం', 'U'), ('బ', '|'), ('గుం', 'U'), ('గా', 'U'), ('ని', '|'), ('చో', 'U'), ('ది', '|'), ('వి', '|'), ('జా', 'U'), ('రా', 'U'), ('తు', '|'), ('ల', '|'), ('జం', 'U'), ('పు', '|'), ('నే', 'U'), ('య', '|'), ('ను', '|'), ('చు', '|'), ('జిం', 'U'), ('తిం', 'U'), ('పం', 'U'), ('డొ', '|'), ('కో', 'U'), ('మా', 'U'), ('రు', '|'), ('తీ', 'U')]",0.95,1.0,1.0,1.0,0.75,1.0
saardulamu,"ఓరి రావణ! నేను రామనృపవంశోత్తంసు దాసుండ నా
శూరాగ్రేసరుపత్ని నీవు వనిలో జోరుండవై తెచ్చిత
న్నారీరత్నము నిమ్ము రాఘవునకున్‌ గాకున్న నీవింక త
ద్ఘోరాస్త్రంబులఁ జత్తు వాజి' నని నీతుల్‌ దెల్పవే మారుతీ!",vruttamu,Maaruthi,"[('ఓ', 'U'), ('రి', '|'), ('రా', 'U'), ('వ', '|'), ('ణ', '|'), ('నే', 'U'), ('ను', '|'), ('రా', 'U'), ('మ', '|'), ('నృ', '|'), ('ప', '|'), ('వం', 'U'), ('శో', 'U'), ('త్తం', 'U'), ('సు', '|'), ('దా', 'U'), ('సుం', 'U'), ('డ', '|'), ('నా', 'U'), ('శూ', 'U'), ('రా', 'U'), ('గ్రే', 'U'), ('స', '|'), ('రు', '|'), ('ప', 'U'), ('త్ని', '|'), ('నీ', 'U'), ('వు', '|'), ('వ', '|'), ('ని', '|'), ('లో', 'U'), ('జో', 'U'), ('రుం', 'U'), ('డ', '|'), ('వై', 'U'), ('తె', 'U'), ('చ్చి', '|'), ('త', 'U'), ('న్నా', 'U'), ('రీ', 'U'), ('ర', 'U'), ('త్న', '|'), ('ము', '|'), ('ని', 'U'), ('మ్ము', '|'), ('రా', 'U'), ('ఘ', '|'), ('వు', '|'), ('న', '|'), ('కు', 'U'), ('న్గా', 'U'), ('కు', 'U'), ('న్న', '|'), ('నీ', 'U'), ('విం', 'U'), ('క', '|'), ('త', 'U'), ('ద్ఘో', 'U'), ('రా', 'U'), ('స్త్రం', 'U'), ('బు', '|'), ('ల', '|'), ('జ', 'U'), ('త్తు', '|'), ('వా', 'U'), ('జి', '|'), ('న', '|'), ('ని', '|'), ('నీ', 'U'), ('తు', 'U'), ('ల్దె', 'U'), ('ల్ప', '|'), ('వే', 'U'), ('మా', 'U'), ('రు', '|'), ('తీ', 'U')]",0.9428571428571428,1.0,1.0,0.9642857142857143,0.75,1.0
saardulamu,"""బాలారత్నము సీత మ్రుచ్చిలిటు నీ పాలింటికిన్‌ మృత్యువం
చాలోకింపక దెచ్చితింత కెపుడో యద్దేవి కోపానల
జ్వాలాళిం బడి భస్మమై చనక సప్రాణుండవై యుండుటల్‌
చాలన్‌ చిత్రము భర్తచేఁ గలన నిన్‌ జంపింప నిందాక ని
ట్లాలస్యం బొనరించె"" నంచనవె దేవారాతితో మాఅరుతీ!",vruttamu,Maaruthi,"[('బా', 'U'), ('లా', 'U'), ('ర', 'U'), ('త్న', '|'), ('ము', '|'), ('సీ', 'U'), ('త', '|'), ('మ్రు', 'U'), ('చ్చి', '|'), ('లి', '|'), ('టు', '|'), ('నీ', 'U'), ('పా', 'U'), ('లిం', 'U'), ('టి', '|'), ('కి', 'U'), ('న్మృ', 'U'), ('త్యు', '|'), ('వం', 'U'), ('చా', 'U'), ('లో', 'U'), ('కిం', 'U'), ('ప', '|'), ('క', '|'), ('దె', 'U'), ('చ్చి', '|'), ('తిం', 'U'), ('త', '|'), ('కె', '|'), ('పు', '|'), ('డో', 'U'), ('య', 'U'), ('ద్దే', 'U'), ('వి', '|'), ('కో', 'U'), ('పా', 'U'), ('న', '|'), ('ల', 'U'), ('జ్వా', 'U'), ('లా', 'U'), ('ళిం', 'U'), ('బ', '|'), ('డి', '|'), ('భ', 'U'), ('స్మ', '|'), ('మై', 'U'), ('చ', '|'), ('న', '|'), ('క', '|'), ('స', '|'), ('ప్రా', 'U'), ('ణుం', 'U'), ('డ', '|'), ('వై', 'U'), ('యుం', 'U'), ('డు', '|'), ('టల్', 'U'), ('చా', 'U'), ('ల', 'U'), ('న్చి', '|'), ('త్ర', '|'), ('ము', '|'), ('భ', 'U'), ('ర్త', '|'), ('చే', 'U'), ('గ', '|'), ('ల', '|'), ('న', '|'), ('ని', 'U'), ('న్జం', 'U'), ('పిం', 'U'), ('ప', '|'), ('నిం', 'U'), ('దా', 'U'), ('క', '|'), ('ని', 'U'), ('ట్లా', 'U'), ('ల', 'U'), ('స్యం', 'U'), ('బొ', '|'), ('న', '|'), ('రిం', 'U'), ('చె', '|'), ('నం', 'U'), ('చ', '|'), ('న', '|'), ('వె', '|'), ('దే', 'U'), ('వా', 'U'), ('రా', 'U'), ('తి', '|'), ('తో', 'U'), ('మా', 'U'), ('అ', '|'), ('రు', '|'), ('తీ', 'U')]",0.8330827067669173,0.7368421052631579,1.0,0.9285714285714286,0.5,1.0
mattebhamu,"""ఖల దైత్యాధమ! జానకీసతిని నీ కంఠస్థశాతాసిగాఁ
దలపై బడ్డ మహాశనిచ్ఛదముగాఁ దాలుస్థితోద్యద్ధలా
హలముంగా వసనాంచలగ్రథిత దీప్తాగ్నిస్ఫులింగంబుగా
తలప న్నేరక దెచ్చి తీ"" వని రహిన్‌ దర్జింపవే మారుతీ!",vruttamu,Maaruthi,"[('ఖ', '|'), ('ల', '|'), ('దై', 'U'), ('త్యా', 'U'), ('ధ', '|'), ('మ', '|'), ('జా', 'U'), ('న', '|'), ('కీ', 'U'), ('స', '|'), ('తి', '|'), ('ని', '|'), ('నీ', 'U'), ('కం', 'U'), ('ఠ', 'U'), ('స్థ', '|'), ('శా', 'U'), ('తా', 'U'), ('సి', '|'), ('గా', 'U'), ('ద', '|'), ('ల', '|'), ('పై', 'U'), ('బ', 'U'), ('డ్డ', '|'), ('మ', '|'), ('హా', 'U'), ('శ', '|'), ('ని', 'U'), ('చ్ఛ', '|'), ('ద', '|'), ('ము', '|'), ('గా', 'U'), ('దా', 'U'), ('లు', 'U'), ('స్థి', '|'), ('తో', 'U'), ('ద్య', 'U'), ('ద్ధ', '|'), ('లా', 'U'), ('హ', '|'), ('ల', '|'), ('ముం', 'U'), ('గా', 'U'), ('వ', '|'), ('స', '|'), ('నాం', 'U'), ('చ', '|'), ('ల', '|'), ('గ్ర', '|'), ('థి', '|'), ('త', '|'), ('దీ', 'U'), ('ప్తా', 'U'), ('గ్ని', 'U'), ('స్ఫు', '|'), ('లిం', 'U'), ('గం', 'U'), ('బు', '|'), ('గా', 'U'), ('త', '|'), ('ల', '|'), ('ప', 'U'), ('న్నే', 'U'), ('ర', '|'), ('క', '|'), ('దె', 'U'), ('చ్చి', '|'), ('తీ', 'U'), ('వ', '|'), ('ని', '|'), ('ర', '|'), ('హి', 'U'), ('న్ద', 'U'), ('ర్జిం', 'U'), ('ప', '|'), ('వే', 'U'), ('మా', 'U'), ('రు', '|'), ('తీ', 'U')]",0.9428571428571428,1.0,1.0,0.9642857142857143,0.75,1.0
mattebhamu,"""తరమే నీకిక నెందుఁ బోఁగలవు పాతాళంబులో డాఁగినన్‌
శరధిం జొచ్చిన మిన్నుఁ బ్రాకిన దశాస్యా! వజ్రి వజ్రాభ భీ
కరబాణంబుల నీ శిరంబులనిలో ఖండించి యా కాకుత్స్థుఁడా
వరవర్ణిన్‌ గొనిపోవు నిక్క"" మనుచున్‌ వాదింపవే మారుతీ!",vruttamu,Maaruthi,"[('త', '|'), ('ర', '|'), ('మే', 'U'), ('నీ', 'U'), ('కి', '|'), ('క', '|'), ('నెం', 'U'), ('దు', '|'), ('బో', 'U'), ('గ', '|'), ('ల', '|'), ('వు', '|'), ('పా', 'U'), ('తా', 'U'), ('ళం', 'U'), ('బు', '|'), ('లో', 'U'), ('డా', 'U'), ('గి', '|'), ('నన్', 'U'), ('శ', '|'), ('ర', '|'), ('ధిం', 'U'), ('జొ', 'U'), ('చ్చి', '|'), ('న', '|'), ('మి', 'U'), ('న్ను', '|'), ('బ్రా', 'U'), ('కి', '|'), ('న', '|'), ('ద', '|'), ('శా', 'U'), ('స్యా', 'U'), ('వ', '|'), ('జ్రి', '|'), ('వ', '|'), ('జ్రా', 'U'), ('భ', '|'), ('భీ', 'U'), ('క', '|'), ('ర', '|'), ('బా', 'U'), ('ణం', 'U'), ('బు', '|'), ('ల', '|'), ('నీ', 'U'), ('శి', '|'), ('రం', 'U'), ('బు', '|'), ('ల', '|'), ('ని', '|'), ('లో', 'U'), ('ఖం', 'U'), ('డిం', 'U'), ('చి', '|'), ('యా', 'U'), ('కా', 'U'), ('కు', 'U'), ('త్స్థు', '|'), ('డా', 'U'), ('వ', '|'), ('ర', '|'), ('వ', 'U'), ('ర్ణి', 'U'), ('న్గొ', '|'), ('ని', '|'), ('పో', 'U'), ('వు', '|'), ('ని', 'U'), ('క్క', '|'), ('మ', '|'), ('ను', '|'), ('చు', 'U'), ('న్వా', 'U'), ('దిం', 'U'), ('ప', '|'), ('వే', 'U'), ('మా', 'U'), ('రు', '|'), ('తీ', 'U')]",0.8260714285714286,0.9875,1.0,0.6428571428571429,0.75,0.75
mattebhamu,"దశకంఠాసుర! పుణ్యసాధ్వియగు సీతం గానలో దొంగవై
పశుబుద్ధిం గొనితెచ్చి నందుకిపుడే బంధించి ముష్టిన్‌ త్వదు
గ్రశిరంబుల్‌ వెస వ్రక్కలింపనగు నా రామాజ్ఞ లేకున్కి దు
ర్దశ నొందింపక యోర్చియుంటి' ననుచుం దర్జింపవే మారుతీ!",vruttamu,Maaruthi,"[('ద', '|'), ('శ', '|'), ('కం', 'U'), ('ఠా', 'U'), ('సు', '|'), ('ర', '|'), ('పు', 'U'), ('ణ్య', '|'), ('సా', 'U'), ('ధ్వి', '|'), ('య', '|'), ('గు', '|'), ('సీ', 'U'), ('తం', 'U'), ('గా', 'U'), ('న', '|'), ('లో', 'U'), ('దొం', 'U'), ('గ', '|'), ('వై', 'U'), ('ప', '|'), ('శు', '|'), ('బు', 'U'), ('ద్ధిం', 'U'), ('గొ', '|'), ('ని', '|'), ('తె', 'U'), ('చ్చి', '|'), ('నం', 'U'), ('దు', '|'), ('కి', '|'), ('పు', '|'), ('డే', 'U'), ('బం', 'U'), ('ధిం', 'U'), ('చి', '|'), ('ము', 'U'), ('ష్టి', 'U'), ('న్త్వ', '|'), ('దు', '|'), ('గ్ర', '|'), ('శి', '|'), ('రం', 'U'), ('బు', 'U'), ('ల్వె', '|'), ('స', '|'), ('వ్ర', 'U'), ('క్క', '|'), ('లిం', 'U'), ('ప', '|'), ('న', '|'), ('గు', '|'), ('నా', 'U'), ('రా', 'U'), ('మా', 'U'), ('జ్ఞ', '|'), ('లే', 'U'), ('కు', 'U'), ('న్కి', '|'), ('దు', 'U'), ('ర్ద', '|'), ('శ', '|'), ('నొం', 'U'), ('దిం', 'U'), ('ప', '|'), ('క', '|'), ('యో', 'U'), ('ర్చి', '|'), ('యుం', 'U'), ('టి', '|'), ('న', '|'), ('ను', '|'), ('చుం', 'U'), ('ద', 'U'), ('ర్జిం', 'U'), ('ప', '|'), ('వే', 'U'), ('మా', 'U'), ('రు', '|'), ('తీ', 'U')]",0.9928571428571429,1.0,1.0,0.9642857142857143,1.0,1.0
mattebhamu,"దనుజాధీశుఁడు నీదువాలమునకున్‌ తైలార్ద్రచేలంబు లొ
య్యనఁ జుట్టించి కొనన్‌ కృశాను నిడి దేవారాతు లివ్వానరుం
గొని ప్రోలంతయుఁ ద్రిప్పుడంచుఁ బలుకన్‌ ఘోషింపుచున్‌ దైత్యుల
ట్లొనరింపన్‌ బురి గుప్తికర్మము తదుద్యోగంబు వీక్షింపఁ బె
ల్పన దత్కర్మ మొకింతసేపు మదిలో సైరింపవే మారుతీ!",vruttamu,Maaruthi,"[('ద', '|'), ('ను', '|'), ('జా', 'U'), ('ధీ', 'U'), ('శు', '|'), ('డు', '|'), ('నీ', 'U'), ('దు', '|'), ('వా', 'U'), ('ల', '|'), ('ము', '|'), ('న', '|'), ('కు', 'U'), ('న్తై', 'U'), ('లా', 'U'), ('ర్ద్ర', '|'), ('చే', 'U'), ('లం', 'U'), ('బు', '|'), ('లొ', 'U'), ('య్య', '|'), ('న', '|'), ('జు', 'U'), ('ట్టిం', 'U'), ('చి', '|'), ('కొ', '|'), ('న', 'U'), ('న్కృ', '|'), ('శా', 'U'), ('ను', '|'), ('ని', '|'), ('డి', '|'), ('దే', 'U'), ('వా', 'U'), ('రా', 'U'), ('తు', '|'), ('లి', 'U'), ('వ్వా', 'U'), ('న', '|'), ('రుం', 'U'), ('గొ', '|'), ('ని', '|'), ('ప్రో', 'U'), ('లం', 'U'), ('త', '|'), ('యు', '|'), ('ద్రి', 'U'), ('ప్పు', '|'), ('డం', 'U'), ('చు', '|'), ('బ', '|'), ('లు', '|'), ('క', 'U'), ('న్ఘో', 'U'), ('షిం', 'U'), ('పు', '|'), ('చు', 'U'), ('న్దై', 'U'), ('త్యు', '|'), ('ల', 'U'), ('ట్లొ', '|'), ('న', '|'), ('రిం', 'U'), ('ప', 'U'), ('న్బు', '|'), ('రి', '|'), ('గు', 'U'), ('ప్తి', '|'), ('క', 'U'), ('ర్మ', '|'), ('ము', '|'), ('త', '|'), ('దు', 'U'), ('ద్యో', 'U'), ('గం', 'U'), ('బు', '|'), ('వీ', 'U'), ('క్షిం', 'U'), ('ప', '|'), ('బె', 'U'), ('ల్ప', '|'), ('న', '|'), ('ద', 'U'), ('త్క', 'U'), ('ర్మ', '|'), ('మొ', '|'), ('కిం', 'U'), ('త', '|'), ('సే', 'U'), ('పు', '|'), ('మ', '|'), ('ది', '|'), ('లో', 'U'), ('సై', 'U'), ('రిం', 'U'), ('ప', '|'), ('వే', 'U'), ('మా', 'U'), ('రు', '|'), ('తీ', 'U')]",0.85,0.75,1.0,1.0,0.5,1.0
mattebhamu,"ప్రకటింపన్‌ జగముల్‌ దహించు శిఖి నీవాలాగ్రగుండయ్యు జా
నకి యాశీర్వచనంబునన్‌ బవనబాంధవ్యంబునన్‌ జేసి తా
వకవాలాంచితరోమమైనఁ గమలింపన్‌ శక్తుఁడుంగాక పొం
దికతోఁ జందనపంకశీతుఁ డగుచున్‌ దీపింపఁడే మారుతీ!",vruttamu,Maaruthi,"[('ప్ర', '|'), ('క', '|'), ('టిం', 'U'), ('ప', 'U'), ('న్జ', '|'), ('గ', '|'), ('ము', 'U'), ('ల్ద', '|'), ('హిం', 'U'), ('చు', '|'), ('శి', '|'), ('ఖి', '|'), ('నీ', 'U'), ('వా', 'U'), ('లా', 'U'), ('గ్ర', '|'), ('గుం', 'U'), ('డ', 'U'), ('య్యు', '|'), ('జా', 'U'), ('న', '|'), ('కి', '|'), ('యా', 'U'), ('శీ', 'U'), ('ర్వ', '|'), ('చ', '|'), ('నం', 'U'), ('బు', '|'), ('న', 'U'), ('న్బ', '|'), ('వ', '|'), ('న', '|'), ('బాం', 'U'), ('ధ', 'U'), ('వ్యం', 'U'), ('బు', '|'), ('న', 'U'), ('న్జే', 'U'), ('సి', '|'), ('తా', 'U'), ('వ', '|'), ('క', '|'), ('వా', 'U'), ('లాం', 'U'), ('చి', '|'), ('త', '|'), ('రో', 'U'), ('మ', '|'), ('మై', 'U'), ('న', '|'), ('గ', '|'), ('మ', '|'), ('లిం', 'U'), ('ప', 'U'), ('న్శ', 'U'), ('క్తు', '|'), ('డుం', 'U'), ('గా', 'U'), ('క', '|'), ('పొం', 'U'), ('ది', '|'), ('క', '|'), ('తో', 'U'), ('జం', 'U'), ('ద', '|'), ('న', '|'), ('పం', 'U'), ('క', '|'), ('శీ', 'U'), ('తు', '|'), ('డ', '|'), ('గు', '|'), ('చు', 'U'), ('న్దీ', 'U'), ('పిం', 'U'), ('ప', '|'), ('డే', 'U'), ('మా', 'U'), ('రు', '|'), ('తీ', 'U')]",0.85,1.0,1.0,1.0,0.25,1.0
mattebhamu,"తనువుం గొంచెముఁ జేసి రజ్జుమయబంధంబుల్‌ వడిం ద్రుంచి వెం
టనె కాలాభ్రము వైఖరిన్‌ బెరిగి తోడన్‌ వచ్చు దోషాటులన్‌
మునుముట్టం దునుమాడి నిర్జరులు సంతోషింప వాలాగ్నిచే
ఘనలంకానగరంబు సర్వ మవిశంకం గాల్పవే మారుతీ!",vruttamu,Maaruthi,"[('త', '|'), ('ను', '|'), ('వుం', 'U'), ('గొం', 'U'), ('చె', '|'), ('ము', '|'), ('జే', 'U'), ('సి', '|'), ('ర', 'U'), ('జ్జు', '|'), ('మ', '|'), ('య', '|'), ('బం', 'U'), ('ధం', 'U'), ('బు', 'U'), ('ల్వ', '|'), ('డిం', 'U'), ('ద్రుం', 'U'), ('చి', '|'), ('వెం', 'U'), ('ట', '|'), ('నె', '|'), ('కా', 'U'), ('లా', 'U'), ('భ్ర', '|'), ('ము', '|'), ('వై', 'U'), ('ఖ', '|'), ('రి', 'U'), ('న్బె', '|'), ('రి', '|'), ('గి', '|'), ('తో', 'U'), ('డ', 'U'), ('న్వ', 'U'), ('చ్చు', '|'), ('దో', 'U'), ('షా', 'U'), ('టు', '|'), ('లన్', 'U'), ('ము', '|'), ('ను', '|'), ('ము', 'U'), ('ట్టం', 'U'), ('దు', '|'), ('ను', '|'), ('మా', 'U'), ('డి', '|'), ('ని', 'U'), ('ర్జ', '|'), ('రు', '|'), ('లు', '|'), ('సం', 'U'), ('తో', 'U'), ('షిం', 'U'), ('ప', '|'), ('వా', 'U'), ('లా', 'U'), ('గ్ని', '|'), ('చే', 'U'), ('ఘ', '|'), ('న', '|'), ('లం', 'U'), ('కా', 'U'), ('న', '|'), ('గ', '|'), ('రం', 'U'), ('బు', '|'), ('స', 'U'), ('ర్వ', '|'), ('మ', '|'), ('వి', '|'), ('శం', 'U'), ('కం', 'U'), ('గా', 'U'), ('ల్ప', '|'), ('వే', 'U'), ('మా', 'U'), ('రు', '|'), ('తీ', 'U')]",0.95,1.0,1.0,1.0,0.75,1.0
mattebhamu,"జనకక్ష్మాపతిపుత్రి యున్న నగరాజంబున్‌, నయజ్ఞుండు స
జ్జనమాన్యుండగు నవ్విభీషణుని వేశ్మశ్రేష్ఠముం దక్క త
క్కిన లంకాపురమెల్ల వాలకలితాగ్నిం గ్రాగి క్రుద్దేశనే
త్రనటత్పావక దగ్ధలోకసమతం బ్రాపించెఁగా మారుతీ!",vruttamu,Maaruthi,"[('జ', '|'), ('న', '|'), ('క', 'U'), ('క్ష్మా', 'U'), ('ప', '|'), ('తి', '|'), ('పు', '|'), ('త్రి', '|'), ('యు', 'U'), ('న్న', '|'), ('న', '|'), ('గ', '|'), ('రా', 'U'), ('జం', 'U'), ('బు', 'U'), ('న్న', '|'), ('య', 'U'), ('జ్ఞుం', 'U'), ('డు', '|'), ('స', 'U'), ('జ్జ', '|'), ('న', '|'), ('మా', 'U'), ('న్యుం', 'U'), ('డ', '|'), ('గు', '|'), ('న', 'U'), ('వ్వి', '|'), ('భీ', 'U'), ('ష', '|'), ('ణు', '|'), ('ని', '|'), ('వే', 'U'), ('శ్మ', '|'), ('శ్రే', 'U'), ('ష్ఠ', '|'), ('ముం', 'U'), ('ద', 'U'), ('క్క', '|'), ('త', 'U'), ('క్కి', '|'), ('న', '|'), ('లం', 'U'), ('కా', 'U'), ('పు', '|'), ('ర', '|'), ('మె', 'U'), ('ల్ల', '|'), ('వా', 'U'), ('ల', '|'), ('క', '|'), ('లి', '|'), ('తా', 'U'), ('గ్నిం', 'U'), ('గ్రా', 'U'), ('గి', '|'), ('క్రు', 'U'), ('ద్దే', 'U'), ('శ', '|'), ('నే', 'U'), ('త్ర', '|'), ('న', '|'), ('ట', 'U'), ('త్పా', 'U'), ('వ', '|'), ('క', '|'), ('ద', 'U'), ('గ్ధ', '|'), ('లో', 'U'), ('క', '|'), ('స', '|'), ('మ', '|'), ('తం', 'U'), ('బ్రా', 'U'), ('పిం', 'U'), ('చె', '|'), ('గా', 'U'), ('మా', 'U'), ('రు', '|'), ('తీ', 'U')]",0.9857142857142858,1.0,1.0,0.9285714285714286,1.0,1.0
mattebhamu,"నిను బంధించుట నీదువాలమున వహ్నిం గొల్పుటల్‌ రాక్షసుల్‌
వినిపింపన్‌ విని సీత యేను పతికిం బ్రేమాస్పదీభూత నౌ
ట నిజంబేని కృపీటజన్మ! కడువేడ్కన్‌ మత్ప్రియార్థంబు పా
వనికిన్‌ శీతుఁడవై వెలుంగు మనుచున్‌ బ్రార్థింపదే మారుతీ!",vruttamu,Maaruthi,"[('ని', '|'), ('ను', '|'), ('బం', 'U'), ('ధిం', 'U'), ('చు', '|'), ('ట', '|'), ('నీ', 'U'), ('దు', '|'), ('వా', 'U'), ('ల', '|'), ('ము', '|'), ('న', '|'), ('వ', 'U'), ('హ్నిం', 'U'), ('గొ', 'U'), ('ల్పు', '|'), ('ట', '|'), ('ల్రా', 'U'), ('క్ష', '|'), ('సుల్', 'U'), ('వి', '|'), ('ని', '|'), ('పిం', 'U'), ('ప', 'U'), ('న్వి', '|'), ('ని', '|'), ('సీ', 'U'), ('త', '|'), ('యే', 'U'), ('ను', '|'), ('ప', '|'), ('తి', '|'), ('కిం', 'U'), ('బ్రే', 'U'), ('మా', 'U'), ('స్ప', '|'), ('దీ', 'U'), ('భూ', 'U'), ('త', '|'), ('నౌ', 'U'), ('ట', '|'), ('ని', '|'), ('జం', 'U'), ('బే', 'U'), ('ని', '|'), ('కృ', '|'), ('పీ', 'U'), ('ట', '|'), ('జ', 'U'), ('న్మ', '|'), ('క', '|'), ('డు', '|'), ('వే', 'U'), ('డ్క', 'U'), ('న్మ', 'U'), ('త్ప్రి', '|'), ('యా', 'U'), ('ర్థం', 'U'), ('బు', '|'), ('పా', 'U'), ('వ', '|'), ('ని', '|'), ('కి', 'U'), ('న్శీ', 'U'), ('తు', '|'), ('డ', '|'), ('వై', 'U'), ('వె', '|'), ('లుం', 'U'), ('గు', '|'), ('మ', '|'), ('ను', '|'), ('చు', 'U'), ('న్బ్రా', 'U'), ('ర్థిం', 'U'), ('ప', '|'), ('దే', 'U'), ('మా', 'U'), ('రు', '|'), ('తీ', 'U')]",0.8928571428571429,1.0,1.0,0.9642857142857143,0.5,1.0
mattebhamu,"ఘనవాలాగ్ని శిఖాళిఁ గాల్చితిని లంకన్‌ సీత యేమయ్యెనో
యని శంకించి కృశానుచేఁ గమల కాహా! నేఁడు వైదేహనం
దిని సేమంబున నున్న దంచు వినువీథి న్మ్రోయు దేవోక్తులన్‌
విని మోదంబున భూమిపుత్రి మరలన్‌ వీక్షింపవే మారుతీ!",vruttamu,Maaruthi,"[('ఘ', '|'), ('న', '|'), ('వా', 'U'), ('లా', 'U'), ('గ్ని', '|'), ('శి', '|'), ('ఖా', 'U'), ('ళి', '|'), ('గా', 'U'), ('ల్చి', '|'), ('తి', '|'), ('ని', '|'), ('లం', 'U'), ('క', 'U'), ('న్సీ', 'U'), ('త', '|'), ('యే', 'U'), ('మ', 'U'), ('య్యె', '|'), ('నో', 'U'), ('య', '|'), ('ని', '|'), ('శం', 'U'), ('కిం', 'U'), ('చి', '|'), ('కృ', '|'), ('శా', 'U'), ('ను', '|'), ('చే', 'U'), ('గ', '|'), ('మ', '|'), ('ల', '|'), ('కా', 'U'), ('హా', 'U'), ('నే', 'U'), ('డు', '|'), ('వై', 'U'), ('దే', 'U'), ('హ', '|'), ('నం', 'U'), ('ది', '|'), ('ని', '|'), ('సే', 'U'), ('మం', 'U'), ('బు', '|'), ('న', '|'), ('ను', 'U'), ('న్న', '|'), ('దం', 'U'), ('చు', '|'), ('వి', '|'), ('ను', '|'), ('వీ', 'U'), ('థి', 'U'), ('న్మ్రో', 'U'), ('యు', '|'), ('దే', 'U'), ('వో', 'U'), ('క్తు', '|'), ('లన్', 'U'), ('వి', '|'), ('ని', '|'), ('మో', 'U'), ('దం', 'U'), ('బు', '|'), ('న', '|'), ('భూ', 'U'), ('మి', '|'), ('పు', '|'), ('త్రి', '|'), ('మ', '|'), ('ర', '|'), ('ల', 'U'), ('న్వీ', 'U'), ('క్షిం', 'U'), ('ప', '|'), ('వే', 'U'), ('మా', 'U'), ('రు', '|'), ('తీ', 'U')]",0.9928571428571429,1.0,1.0,0.9642857142857143,1.0,1.0
mattebhamu,"శరధిం దాటి దశాస్యు ప్రోలమరు లెంచం జొచ్చి సర్వంసహా
వరజం గాంచి, యశోకానననము విధ్వంసంబు గావించి కొం
దఱ దైతేయులఁ జంపి వెండి జలధిన్‌ లంఘించి శీఘ్రంబె యు
త్తర తీరస్థ నగంబుఁ జేరితివి గాదే బల్విడిన్‌ మారుతీ!",vruttamu,Maaruthi,"[('శ', '|'), ('ర', '|'), ('ధిం', 'U'), ('దా', 'U'), ('టి', '|'), ('ద', '|'), ('శా', 'U'), ('స్యు', '|'), ('ప్రో', 'U'), ('ల', '|'), ('మ', '|'), ('రు', '|'), ('లెం', 'U'), ('చం', 'U'), ('జొ', 'U'), ('చ్చి', '|'), ('స', 'U'), ('ర్వం', 'U'), ('స', '|'), ('హా', 'U'), ('వ', '|'), ('ర', '|'), ('జం', 'U'), ('గాం', 'U'), ('చి', '|'), ('య', '|'), ('శో', 'U'), ('కా', 'U'), ('న', '|'), ('న', '|'), ('న', '|'), ('ము', '|'), ('వి', 'U'), ('ధ్వం', 'U'), ('సం', 'U'), ('బు', '|'), ('గా', 'U'), ('విం', 'U'), ('చి', '|'), ('కొం', 'U'), ('ద', '|'), ('ఱ', '|'), ('దై', 'U'), ('తే', 'U'), ('యు', '|'), ('ల', '|'), ('జం', 'U'), ('పి', '|'), ('వెం', 'U'), ('డి', '|'), ('జ', '|'), ('ల', '|'), ('ధి', 'U'), ('న్లం', 'U'), ('ఘిం', 'U'), ('చి', '|'), ('శీ', 'U'), ('ఘ్రం', 'U'), ('బె', '|'), ('యు', 'U'), ('త్త', '|'), ('ర', '|'), ('తీ', 'U'), ('ర', 'U'), ('స్థ', '|'), ('న', '|'), ('గం', 'U'), ('బు', '|'), ('జే', 'U'), ('రి', '|'), ('తి', '|'), ('వి', '|'), ('గా', 'U'), ('దే', 'U'), ('బ', 'U'), ('ల్వి', '|'), ('డి', 'U'), ('న్మా', 'U'), ('రు', '|'), ('తీ', 'U')]",0.8428571428571429,1.0,1.0,0.9642857142857143,0.5,0.75
mattebhamu,"కనుగొంటిన్‌ రఘురామపత్ని నల లంకాపట్టణాభ్యంతరం
బున నంచుం దగఁ బోయి వచ్చిన విధంబునన్‌, సర్వకార్యంబులున్‌
వినయంబొప్పఁగఁ దెల్పి యంగదునకున్‌ నీలాజపుత్రాదికీ
శనికాయంబుల కట్లొసంగవె మహాసమ్మోదమున్‌ మారుతీ!",vruttamu,Maaruthi,"[('క', '|'), ('ను', '|'), ('గొం', 'U'), ('టి', '|'), ('న్ర', '|'), ('ఘు', '|'), ('రా', 'U'), ('మ', '|'), ('ప', 'U'), ('త్ని', '|'), ('న', '|'), ('ల', '|'), ('లం', 'U'), ('కా', 'U'), ('ప', 'U'), ('ట్ట', '|'), ('ణా', 'U'), ('భ్యం', 'U'), ('త', '|'), ('రం', 'U'), ('బు', '|'), ('న', '|'), ('నం', 'U'), ('చుం', 'U'), ('ద', '|'), ('గ', '|'), ('బో', 'U'), ('యి', '|'), ('వ', 'U'), ('చ్చి', '|'), ('న', '|'), ('వి', '|'), ('ధం', 'U'), ('బు', '|'), ('న', 'U'), ('న్స', 'U'), ('ర్వ', '|'), ('కా', 'U'), ('ర్యం', 'U'), ('బు', '|'), ('లున్', 'U'), ('వి', '|'), ('న', '|'), ('యం', 'U'), ('బొ', 'U'), ('ప్ప', '|'), ('గ', '|'), ('దె', 'U'), ('ల్పి', '|'), ('యం', 'U'), ('గ', '|'), ('దు', '|'), ('న', '|'), ('కు', 'U'), ('న్నీ', 'U'), ('లా', 'U'), ('జ', '|'), ('పు', '|'), ('త్రా', 'U'), ('ది', '|'), ('కీ', 'U'), ('శ', '|'), ('ని', '|'), ('కా', 'U'), ('యం', 'U'), ('బు', '|'), ('ల', '|'), ('క', 'U'), ('ట్లొ', '|'), ('సం', 'U'), ('గ', '|'), ('వె', '|'), ('మ', '|'), ('హా', 'U'), ('స', 'U'), ('మ్మో', 'U'), ('ద', '|'), ('ము', 'U'), ('న్మా', 'U'), ('రు', '|'), ('తీ', 'U')]",0.6689285714285715,0.9875,1.0,0.3571428571428572,0.5,0.5
mattebhamu,"చిరకాలంబునుండి పెంచిన మధుస్ఫీతోరుకాంతారముం
గరమర్థిన్‌ వడిఁ జొచ్చి విచ్చలవిడిన్‌ సంతుష్టియౌ నట్లుగా
వరుసన్‌ దేనెలుఁ ద్రావనిచ్చి ఫలముల్‌ భక్షింపఁగాఁ జేసి వా
నరులం దృప్తులఁ జేయవే సమధికానందముతో మారుతీ!",vruttamu,Maaruthi,"[('చి', '|'), ('ర', '|'), ('కా', 'U'), ('లం', 'U'), ('బు', '|'), ('నుం', 'U'), ('డి', '|'), ('పెం', 'U'), ('చి', '|'), ('న', '|'), ('మ', '|'), ('ధు', 'U'), ('స్ఫీ', 'U'), ('తో', 'U'), ('రు', '|'), ('కాం', 'U'), ('తా', 'U'), ('ర', '|'), ('ముం', 'U'), ('గ', '|'), ('ర', '|'), ('మ', 'U'), ('ర్థి', 'U'), ('న్వ', '|'), ('డి', '|'), ('జొ', 'U'), ('చ్చి', '|'), ('వి', 'U'), ('చ్చ', '|'), ('ల', '|'), ('వి', '|'), ('డి', 'U'), ('న్సం', 'U'), ('తు', 'U'), ('ష్టి', '|'), ('యౌ', 'U'), ('న', 'U'), ('ట్లు', '|'), ('గా', 'U'), ('వ', '|'), ('రు', '|'), ('స', 'U'), ('న్దే', 'U'), ('నె', '|'), ('లు', '|'), ('ద్రా', 'U'), ('వ', '|'), ('ని', 'U'), ('చ్చి', '|'), ('ఫ', '|'), ('ల', '|'), ('ము', 'U'), ('ల్భ', 'U'), ('క్షిం', 'U'), ('ప', '|'), ('గా', 'U'), ('జే', 'U'), ('సి', '|'), ('వా', 'U'), ('న', '|'), ('రు', '|'), ('లం', 'U'), ('దృ', 'U'), ('ప్తు', '|'), ('ల', '|'), ('జే', 'U'), ('య', '|'), ('వే', 'U'), ('స', '|'), ('మ', '|'), ('ధి', '|'), ('కా', 'U'), ('నం', 'U'), ('ద', '|'), ('ము', '|'), ('తో', 'U'), ('మా', 'U'), ('రు', '|'), ('తీ', 'U')]",0.4546428571428572,0.9875,1.0,0.03571428571428571,0.0,0.25
saardulamu,"ఆరామాధిపు పాదపద్మముల కుద్యద్భక్తితో మ్రొక్కి గ
న్నారన్‌ జూచితి భూమిపుత్రిని దశాస్యావాసమౌ లంకలో
సారోద్యానమునందు దైత్యయువతీ సందోహమధ్యంబునన్‌
వీరగ్రామణి! చిక్కియున్నదని తద్వృత్తాంత మాద్యంత మిం
పారం దెల్పి, ముదబ్ధిఁ దేల్పవె నృపాలాగ్రేసరున్‌ మారుతీ!",vruttamu,Maaruthi,"[('ఆ', 'U'), ('రా', 'U'), ('మా', 'U'), ('ధి', '|'), ('పు', '|'), ('పా', 'U'), ('ద', '|'), ('ప', 'U'), ('ద్మ', '|'), ('ము', '|'), ('ల', '|'), ('కు', 'U'), ('ద్య', 'U'), ('ద్భ', 'U'), ('క్తి', '|'), ('తో', 'U'), ('మ్రొ', 'U'), ('క్కి', '|'), ('గ', 'U'), ('న్నా', 'U'), ('ర', 'U'), ('న్జూ', 'U'), ('చి', '|'), ('తి', '|'), ('భూ', 'U'), ('మి', '|'), ('పు', '|'), ('త్రి', '|'), ('ని', '|'), ('ద', '|'), ('శా', 'U'), ('స్యా', 'U'), ('వా', 'U'), ('స', '|'), ('మౌ', 'U'), ('లం', 'U'), ('క', '|'), ('లో', 'U'), ('సా', 'U'), ('రో', 'U'), ('ద్యా', 'U'), ('న', '|'), ('ము', '|'), ('నం', 'U'), ('దు', '|'), ('దై', 'U'), ('త్య', '|'), ('యు', '|'), ('వ', '|'), ('తీ', 'U'), ('సం', 'U'), ('దో', 'U'), ('హ', '|'), ('మ', 'U'), ('ధ్యం', 'U'), ('బు', '|'), ('నన్', 'U'), ('వీ', 'U'), ('ర', '|'), ('గ్రా', 'U'), ('మ', '|'), ('ణి', '|'), ('చి', 'U'), ('క్కి', '|'), ('యు', 'U'), ('న్న', '|'), ('ద', '|'), ('ని', '|'), ('త', 'U'), ('ద్వృ', 'U'), ('త్తాం', 'U'), ('త', '|'), ('మా', 'U'), ('ద్యం', 'U'), ('త', '|'), ('మిం', 'U'), ('పా', 'U'), ('రం', 'U'), ('దె', 'U'), ('ల్పి', '|'), ('ము', '|'), ('ద', 'U'), ('బ్ధి', '|'), ('దే', 'U'), ('ల్ప', '|'), ('వె', '|'), ('నృ', '|'), ('పా', 'U'), ('లా', 'U'), ('గ్రే', 'U'), ('స', '|'), ('రు', 'U'), ('న్మా', 'U'), ('రు', '|'), ('తీ', 'U')]",0.8357142857142857,0.75,1.0,0.9285714285714286,0.5,1.0
mattebhamu,"మహిపుత్రీకుశలంబు దెల్పి, మము సమ్యగ్ప్రీతి పాథోధి వా
ర్లహరిన్‌ దేల్చితి వింక నేను ప్రతికారం బేమి గావింతు? మ
త్సహనోదగ్రభుజాయుగాంచితపరిష్వంగంబు నీకిచ్చెదన్‌
రహి మీఱ న్గొను మంచొసంగఁడె కృపన్‌ రాజేంద్రుఁడున్‌ మారుతీ!",vruttamu,Maaruthi,"[('మ', '|'), ('హి', '|'), ('పు', '|'), ('త్రీ', 'U'), ('కు', '|'), ('శ', '|'), ('లం', 'U'), ('బు', '|'), ('దె', 'U'), ('ల్పి', '|'), ('మ', '|'), ('ము', '|'), ('స', 'U'), ('మ్య', 'U'), ('గ్ప్రీ', 'U'), ('తి', '|'), ('పా', 'U'), ('థో', 'U'), ('ధి', '|'), ('వా', 'U'), ('ర్ల', '|'), ('హ', '|'), ('రి', 'U'), ('న్దే', 'U'), ('ల్చి', '|'), ('తి', '|'), ('విం', 'U'), ('క', '|'), ('నే', 'U'), ('ను', '|'), ('ప్ర', '|'), ('తి', '|'), ('కా', 'U'), ('రం', 'U'), ('బే', 'U'), ('మి', '|'), ('గా', 'U'), ('విం', 'U'), ('తు', '|'), ('మ', 'U'), ('త్స', '|'), ('హ', '|'), ('నో', 'U'), ('ద', '|'), ('గ్ర', '|'), ('భు', '|'), ('జా', 'U'), ('యు', '|'), ('గాం', 'U'), ('చి', '|'), ('త', '|'), ('ప', '|'), ('రి', 'U'), ('ష్వం', 'U'), ('గం', 'U'), ('బు', '|'), ('నీ', 'U'), ('కి', 'U'), ('చ్చె', '|'), ('దన్', 'U'), ('ర', '|'), ('హి', '|'), ('మీ', 'U'), ('ఱ', 'U'), ('న్గొ', '|'), ('ను', '|'), ('మం', 'U'), ('చొ', '|'), ('సం', 'U'), ('గ', '|'), ('డె', '|'), ('కృ', '|'), ('ప', '|'), ('న్రా', 'U'), ('జేం', 'U'), ('ద్రు', '|'), ('డు', 'U'), ('న్మా', 'U'), ('రు', '|'), ('తీ', 'U')]",0.9785714285714284,1.0,1.0,0.8928571428571429,1.0,1.0
saardulamu,"ఆ లంకాపురి గుప్తికర్మము, నిశాటాళిప్రలాపంబులున్‌
వాలాయంబు దశాస్యుగర్వమును సర్వంబున్‌ నివేదించి కీ
శాళిం దోడ్కొని ఘోరజన్యమునకున్‌ యానంబు గావింపు, మిం
కాలస్యంబది యేలటంచు విభునిం బ్రార్థింపవే మారుతీ!",vruttamu,Maaruthi,"[('ఆ', 'U'), ('లం', 'U'), ('కా', 'U'), ('పు', '|'), ('రి', '|'), ('గు', 'U'), ('ప్తి', '|'), ('క', 'U'), ('ర్మ', '|'), ('ము', '|'), ('ని', '|'), ('శా', 'U'), ('టా', 'U'), ('ళి', '|'), ('ప్ర', '|'), ('లా', 'U'), ('పం', 'U'), ('బు', '|'), ('లున్', 'U'), ('వా', 'U'), ('లా', 'U'), ('యం', 'U'), ('బు', '|'), ('ద', '|'), ('శా', 'U'), ('స్యు', '|'), ('గ', 'U'), ('ర్వ', '|'), ('ము', '|'), ('ను', '|'), ('స', 'U'), ('ర్వం', 'U'), ('బు', 'U'), ('న్ని', '|'), ('వే', 'U'), ('దిం', 'U'), ('చి', '|'), ('కీ', 'U'), ('శా', 'U'), ('ళిం', 'U'), ('దో', 'U'), ('డ్కొ', '|'), ('ని', '|'), ('ఘో', 'U'), ('ర', '|'), ('జ', 'U'), ('న్య', '|'), ('ము', '|'), ('న', '|'), ('కు', 'U'), ('న్యా', 'U'), ('నం', 'U'), ('బు', '|'), ('గా', 'U'), ('విం', 'U'), ('పు', '|'), ('మిం', 'U'), ('కా', 'U'), ('ల', 'U'), ('స్యం', 'U'), ('బ', '|'), ('ది', '|'), ('యే', 'U'), ('ల', '|'), ('టం', 'U'), ('చు', '|'), ('వి', '|'), ('భు', '|'), ('నిం', 'U'), ('బ్రా', 'U'), ('ర్థిం', 'U'), ('ప', '|'), ('వే', 'U'), ('మా', 'U'), ('రు', '|'), ('తీ', 'U')]",0.7928571428571429,1.0,1.0,0.9642857142857143,0.25,0.75
mattebhamu,"మతిమంతుండు విభీషణుండు, రఘురామా, నన్ను రక్షింపు మం
చతిదైన్యంబున నేగుదెంచిన దదీయాకార వాగింగితా
తతశీలంబుల చేత వాని పరిశుద్ధత్వంబు బోధించి, స
మ్మతి నిప్పింపవె వాని కట్లభయమున్‌ క్ష్మానాథుచే మారుతీ!",vruttamu,Maaruthi,"[('మ', '|'), ('తి', '|'), ('మం', 'U'), ('తుం', 'U'), ('డు', '|'), ('వి', '|'), ('భీ', 'U'), ('ష', '|'), ('ణుం', 'U'), ('డు', '|'), ('ర', '|'), ('ఘు', '|'), ('రా', 'U'), ('మా', 'U'), ('న', 'U'), ('న్ను', '|'), ('ర', 'U'), ('క్షిం', 'U'), ('పు', '|'), ('మం', 'U'), ('చ', '|'), ('తి', '|'), ('దై', 'U'), ('న్యం', 'U'), ('బు', '|'), ('న', '|'), ('నే', 'U'), ('గు', '|'), ('దెం', 'U'), ('చి', '|'), ('న', '|'), ('ద', '|'), ('దీ', 'U'), ('యా', 'U'), ('కా', 'U'), ('ర', '|'), ('వా', 'U'), ('గిం', 'U'), ('గి', '|'), ('తా', 'U'), ('త', '|'), ('త', '|'), ('శీ', 'U'), ('లం', 'U'), ('బు', '|'), ('ల', '|'), ('చే', 'U'), ('త', '|'), ('వా', 'U'), ('ని', '|'), ('ప', '|'), ('రి', '|'), ('శు', 'U'), ('ద్ధ', 'U'), ('త్వం', 'U'), ('బు', '|'), ('బో', 'U'), ('ధిం', 'U'), ('చి', '|'), ('స', 'U'), ('మ్మ', '|'), ('తి', '|'), ('ని', 'U'), ('ప్పిం', 'U'), ('ప', '|'), ('వె', '|'), ('వా', 'U'), ('ని', '|'), ('క', 'U'), ('ట్ల', '|'), ('భ', '|'), ('య', '|'), ('ము', 'U'), ('న్క్ష్మా', 'U'), ('నా', 'U'), ('థు', '|'), ('చే', 'U'), ('మా', 'U'), ('రు', '|'), ('తీ', 'U')]",0.95,1.0,1.0,1.0,0.75,1.0
mattebhamu,"నలుఁడా సేతువు గట్టునప్పుడు కపుల్‌ నానాప్రకారంబులన్‌
శిలలం జెట్టులు దెచ్చివైచునెడ నిస్సీమప్రభావంబునన్‌
జలమారం దగ నీవు రాఘవుఁడు మెచ్చం గొప్ప శైలంబులన్‌
బలువొప్పం గొని తెచ్చి వైచి జలధిం బంధింపవే మారుతీ!",vruttamu,Maaruthi,"[('న', '|'), ('లు', '|'), ('డా', 'U'), ('సే', 'U'), ('తు', '|'), ('వు', '|'), ('గ', 'U'), ('ట్టు', '|'), ('న', 'U'), ('ప్పు', '|'), ('డు', '|'), ('క', '|'), ('పు', 'U'), ('ల్నా', 'U'), ('నా', 'U'), ('ప్ర', '|'), ('కా', 'U'), ('రం', 'U'), ('బు', '|'), ('లన్', 'U'), ('శి', '|'), ('ల', '|'), ('లం', 'U'), ('జె', 'U'), ('ట్టు', '|'), ('లు', '|'), ('దె', 'U'), ('చ్చి', '|'), ('వై', 'U'), ('చు', '|'), ('నె', '|'), ('డ', '|'), ('ని', 'U'), ('స్సీ', 'U'), ('మ', '|'), ('ప్ర', '|'), ('భా', 'U'), ('వం', 'U'), ('బు', '|'), ('నన్', 'U'), ('జ', '|'), ('ల', '|'), ('మా', 'U'), ('రం', 'U'), ('ద', '|'), ('గ', '|'), ('నీ', 'U'), ('వు', '|'), ('రా', 'U'), ('ఘ', '|'), ('వు', '|'), ('డు', '|'), ('మె', 'U'), ('చ్చం', 'U'), ('గొ', 'U'), ('ప్ప', '|'), ('శై', 'U'), ('లం', 'U'), ('బు', '|'), ('లన్', 'U'), ('బ', '|'), ('లు', '|'), ('వొ', 'U'), ('ప్పం', 'U'), ('గొ', '|'), ('ని', '|'), ('తె', 'U'), ('చ్చి', '|'), ('వై', 'U'), ('చి', '|'), ('జ', '|'), ('ల', '|'), ('ధిం', 'U'), ('బం', 'U'), ('ధిం', 'U'), ('ప', '|'), ('వే', 'U'), ('మా', 'U'), ('రు', '|'), ('తీ', 'U')]",0.9928571428571429,1.0,1.0,0.9642857142857143,1.0,1.0
mattebhamu,"కనకోర్వీధరరాజ మద్భుతగతిం గాలాభ్రముం దాల్చిన
ట్లనుమానింపఁగ నీవు భూరివిపులోద్యత్పృష్ఠభాగంబునన్‌
దిననాథాన్వయసోము రాము నమితస్థేమున్‌ రహిం దాల్చి గ్ర
న్ననఁ దత్సేతుపథంబునం జలనిధిం దాటింపవే మారుతీ!",vruttamu,Maaruthi,"[('క', '|'), ('న', '|'), ('కో', 'U'), ('ర్వీ', 'U'), ('ధ', '|'), ('ర', '|'), ('రా', 'U'), ('జ', '|'), ('మ', 'U'), ('ద్భు', '|'), ('త', '|'), ('గ', '|'), ('తిం', 'U'), ('గా', 'U'), ('లా', 'U'), ('భ్ర', '|'), ('ముం', 'U'), ('దా', 'U'), ('ల్చి', '|'), ('న', 'U'), ('ట్ల', '|'), ('ను', '|'), ('మా', 'U'), ('నిం', 'U'), ('ప', '|'), ('గ', '|'), ('నీ', 'U'), ('వు', '|'), ('భూ', 'U'), ('రి', '|'), ('వి', '|'), ('పు', '|'), ('లో', 'U'), ('ద్య', 'U'), ('త్పృ', 'U'), ('ష్ఠ', '|'), ('భా', 'U'), ('గం', 'U'), ('బు', '|'), ('నన్', 'U'), ('ది', '|'), ('న', '|'), ('నా', 'U'), ('థా', 'U'), ('న్వ', '|'), ('య', '|'), ('సో', 'U'), ('ము', '|'), ('రా', 'U'), ('ము', '|'), ('న', '|'), ('మి', '|'), ('త', 'U'), ('స్థే', 'U'), ('ము', '|'), ('న్ర', '|'), ('హిం', 'U'), ('దా', 'U'), ('ల్చి', '|'), ('గ్ర', 'U'), ('న్న', '|'), ('న', '|'), ('ద', 'U'), ('త్సే', 'U'), ('తు', '|'), ('ప', '|'), ('థం', 'U'), ('బు', '|'), ('నం', 'U'), ('జ', '|'), ('ల', '|'), ('ని', '|'), ('ధిం', 'U'), ('దా', 'U'), ('టిం', 'U'), ('ప', '|'), ('వే', 'U'), ('మా', 'U'), ('రు', '|'), ('తీ', 'U')]",0.8928571428571429,1.0,1.0,0.9642857142857143,0.5,1.0
mattebhamu,"సురనాథుండు శతారధార నలుకన్‌ క్షోణీధ్రముం బోలె సం
గరభూమీస్థలి ధూమ్రలోచన మహాక్రవ్యాదునిం బట్టి ని
ష్ఠురశైలప్రహతిన్‌ విభిన్నపృథుశీర్షుం జేసి, దుర్దాంత భీ
కరభంగిన్‌ బడఁగూల్పవే నృపతి వేడ్కం జూడఁగా మారుతీ!",vruttamu,Maaruthi,"[('సు', '|'), ('ర', '|'), ('నా', 'U'), ('థుం', 'U'), ('డు', '|'), ('శ', '|'), ('తా', 'U'), ('ర', '|'), ('ధా', 'U'), ('ర', '|'), ('న', '|'), ('లు', '|'), ('క', 'U'), ('న్క్షో', 'U'), ('ణీ', 'U'), ('ధ్ర', '|'), ('ముం', 'U'), ('బో', 'U'), ('లె', '|'), ('సం', 'U'), ('గ', '|'), ('ర', '|'), ('భూ', 'U'), ('మీ', 'U'), ('స్థ', '|'), ('లి', '|'), ('ధూ', 'U'), ('మ్ర', '|'), ('లో', 'U'), ('చ', '|'), ('న', '|'), ('మ', '|'), ('హా', 'U'), ('క్ర', 'U'), ('వ్యా', 'U'), ('దు', '|'), ('నిం', 'U'), ('బ', 'U'), ('ట్టి', '|'), ('ని', 'U'), ('ష్ఠు', '|'), ('ర', '|'), ('శై', 'U'), ('ల', '|'), ('ప్ర', '|'), ('హ', '|'), ('తి', 'U'), ('న్వి', '|'), ('భి', 'U'), ('న్న', '|'), ('పృ', '|'), ('థు', '|'), ('శీ', 'U'), ('ర్షుం', 'U'), ('జే', 'U'), ('సి', '|'), ('దు', 'U'), ('ర్దాం', 'U'), ('త', '|'), ('భీ', 'U'), ('క', '|'), ('ర', '|'), ('భం', 'U'), ('గి', 'U'), ('న్బ', '|'), ('డ', '|'), ('గూ', 'U'), ('ల్ప', '|'), ('వే', 'U'), ('నృ', '|'), ('ప', '|'), ('తి', '|'), ('వే', 'U'), ('డ్కం', 'U'), ('జూ', 'U'), ('డ', '|'), ('గా', 'U'), ('మా', 'U'), ('రు', '|'), ('తీ', 'U')]",0.9928571428571429,1.0,1.0,0.9642857142857143,1.0,1.0
mattebhamu,"ఘనబాహాబలుఁ డయ్యకంపనుఁడు దైత్యానీక సంయుక్తుఁడై
యనికిం డాసిన భూరిరౌద్రరసదీప్తాస్యుండవై ఘోరవృ
క్షనిపాతంబున వాని పెన్నురము వ్రక్కల్‌ చేసి వాతూల మొ
య్యన వృక్షంబును బోలె గూల్పవె సురల్‌ హర్షింపఁగా మారుతీ!",vruttamu,Maaruthi,"[('ఘ', '|'), ('న', '|'), ('బా', 'U'), ('హా', 'U'), ('బ', '|'), ('లు', '|'), ('డ', 'U'), ('య్య', '|'), ('కం', 'U'), ('ప', '|'), ('ను', '|'), ('డు', '|'), ('దై', 'U'), ('త్యా', 'U'), ('నీ', 'U'), ('క', '|'), ('సం', 'U'), ('యు', 'U'), ('క్తు', '|'), ('డై', 'U'), ('య', '|'), ('ని', '|'), ('కిం', 'U'), ('డా', 'U'), ('సి', '|'), ('న', '|'), ('భూ', 'U'), ('రి', '|'), ('రౌ', 'U'), ('ద్ర', '|'), ('ర', '|'), ('స', '|'), ('దీ', 'U'), ('ప్తా', 'U'), ('స్యుం', 'U'), ('డ', '|'), ('వై', 'U'), ('ఘో', 'U'), ('ర', '|'), ('వృ', 'U'), ('క్ష', '|'), ('ని', '|'), ('పా', 'U'), ('తం', 'U'), ('బు', '|'), ('న', '|'), ('వా', 'U'), ('ని', '|'), ('పె', 'U'), ('న్ను', '|'), ('ర', '|'), ('ము', '|'), ('వ్ర', 'U'), ('క్క', 'U'), ('ల్చే', 'U'), ('సి', '|'), ('వా', 'U'), ('తూ', 'U'), ('ల', '|'), ('మొ', 'U'), ('య్య', '|'), ('న', '|'), ('వృ', 'U'), ('క్షం', 'U'), ('బు', '|'), ('ను', '|'), ('బో', 'U'), ('లె', '|'), ('గూ', 'U'), ('ల్ప', '|'), ('వె', '|'), ('సు', '|'), ('ర', 'U'), ('ల్హ', 'U'), ('ర్షిం', 'U'), ('ప', '|'), ('గా', 'U'), ('మా', 'U'), ('రు', '|'), ('తీ', 'U')]",0.9,1.0,1.0,1.0,0.5,1.0
mattebhamu,"వదనంబు బ్రళయార్కబింబము క్రియన్‌ భాసిల్ల, లాంగూల మా
త్రిదశేంద్రాయుధవైఖరిన్‌ మిగుల నుద్దీపింప బంచాననో
ద్యదహీంద్రంబును బోని దక్షిణకరం బాసక్తితో నెత్తి, వా
రిదనాదంబున ధాత్రి గ్రక్కదలఁ బేరెంబెత్తుచున్‌ వచ్చి త
ద్ద దశాస్యుండు సగంబుఁ జావ నఱచేతన్‌ వ్రేయవే మారుతీ!",vruttamu,Maaruthi,"[('వ', '|'), ('ద', '|'), ('నం', 'U'), ('బు', '|'), ('బ్ర', '|'), ('ళ', '|'), ('యా', 'U'), ('ర్క', '|'), ('బిం', 'U'), ('బ', '|'), ('ము', '|'), ('క్రి', '|'), ('య', 'U'), ('న్భా', 'U'), ('సి', 'U'), ('ల్ల', '|'), ('లాం', 'U'), ('గూ', 'U'), ('ల', '|'), ('మా', 'U'), ('త్రి', '|'), ('ద', '|'), ('శేం', 'U'), ('ద్రా', 'U'), ('యు', '|'), ('ధ', '|'), ('వై', 'U'), ('ఖ', '|'), ('రి', 'U'), ('న్మి', '|'), ('గు', '|'), ('ల', '|'), ('ను', 'U'), ('ద్దీ', 'U'), ('పిం', 'U'), ('ప', '|'), ('బం', 'U'), ('చా', 'U'), ('న', '|'), ('నో', 'U'), ('ద్య', '|'), ('ద', '|'), ('హీం', 'U'), ('ద్రం', 'U'), ('బు', '|'), ('ను', '|'), ('బో', 'U'), ('ని', '|'), ('ద', 'U'), ('క్షి', '|'), ('ణ', '|'), ('క', '|'), ('రం', 'U'), ('బా', 'U'), ('స', 'U'), ('క్తి', '|'), ('తో', 'U'), ('నె', 'U'), ('త్తి', '|'), ('వా', 'U'), ('రి', '|'), ('ద', '|'), ('నా', 'U'), ('దం', 'U'), ('బు', '|'), ('న', '|'), ('ధా', 'U'), ('త్రి', '|'), ('గ్ర', 'U'), ('క్క', '|'), ('ద', '|'), ('ల', '|'), ('బే', 'U'), ('రెం', 'U'), ('బె', 'U'), ('త్తు', '|'), ('చు', 'U'), ('న్వ', 'U'), ('చ్చి', '|'), ('త', 'U'), ('ద్ద', '|'), ('ద', '|'), ('శా', 'U'), ('స్యుం', 'U'), ('డు', '|'), ('స', '|'), ('గం', 'U'), ('బు', '|'), ('జా', 'U'), ('వ', '|'), ('న', '|'), ('ఱ', '|'), ('చే', 'U'), ('త', 'U'), ('న్వ్రే', 'U'), ('య', '|'), ('వే', 'U'), ('మా', 'U'), ('రు', '|'), ('తీ', 'U')]",0.8428571428571429,0.75,1.0,0.9642857142857143,0.5,1.0
mattebhamu,"రణరంగమ్మున మూర్ఛనొందిన సుమిత్రాపుత్రునుం, ధీరునిన్‌
ఫణినాధాంశజు, లంకకట్లు గొనిపోవం జూచు దుష్టాత్ము రా
వణునిం వజ్రనికాశముష్టిహతి నొవ్వంజేసి తూలించి, ల
క్ష్మణునిం దేర్చి యొసంగవే విభునకున్‌ సంతోషివై మారుతీ!",vruttamu,Maaruthi,"[('ర', '|'), ('ణ', '|'), ('రం', 'U'), ('గ', 'U'), ('మ్ము', '|'), ('న', '|'), ('మూ', 'U'), ('ర్ఛ', '|'), ('నొం', 'U'), ('ది', '|'), ('న', '|'), ('సు', '|'), ('మి', '|'), ('త్రా', 'U'), ('పు', '|'), ('త్రు', '|'), ('నుం', 'U'), ('ధీ', 'U'), ('రు', '|'), ('నిన్', 'U'), ('ఫ', '|'), ('ణి', '|'), ('నా', 'U'), ('ధాం', 'U'), ('శ', '|'), ('జు', '|'), ('లం', 'U'), ('క', '|'), ('క', 'U'), ('ట్లు', '|'), ('గొ', '|'), ('ని', '|'), ('పో', 'U'), ('వం', 'U'), ('జూ', 'U'), ('చు', '|'), ('దు', 'U'), ('ష్టా', 'U'), ('త్ము', '|'), ('రా', 'U'), ('వ', '|'), ('ణు', '|'), ('నిం', 'U'), ('వ', '|'), ('జ్ర', '|'), ('ని', '|'), ('కా', 'U'), ('శ', '|'), ('ము', 'U'), ('ష్టి', '|'), ('హ', '|'), ('తి', '|'), ('నొ', 'U'), ('వ్వం', 'U'), ('జే', 'U'), ('సి', '|'), ('తూ', 'U'), ('లిం', 'U'), ('చి', '|'), ('ల', 'U'), ('క్ష్మ', '|'), ('ణు', '|'), ('నిం', 'U'), ('దే', 'U'), ('ర్చి', '|'), ('యొ', '|'), ('సం', 'U'), ('గ', '|'), ('వే', 'U'), ('వి', '|'), ('భు', '|'), ('న', '|'), ('కు', 'U'), ('న్సం', 'U'), ('తో', 'U'), ('షి', '|'), ('వై', 'U'), ('మా', 'U'), ('రు', '|'), ('తీ', 'U')]",0.9357142857142857,1.0,1.0,0.9285714285714286,0.75,1.0
mattebhamu,"హరిజిచ్చాపవిముక్త ఘోరతరబ్రహ్మాస్త్ర ప్రభావంబునన్‌
వరుసన్‌ మూర్ఛిలి చాపకట్టుగ రహిన్‌ సంగ్రామరంగమ్మునం
దరుదారం బడియున్న వానరుల నుద్యచ్ఛక్తి సంజీవిచే
కర మర్థిం బ్రతికించి మెప్పు గొనవే కాకుత్స్థుచే మారుతీ!",vruttamu,Maaruthi,"[('హ', '|'), ('రి', '|'), ('జి', 'U'), ('చ్చా', 'U'), ('ప', '|'), ('వి', '|'), ('ము', 'U'), ('క్త', '|'), ('ఘో', 'U'), ('ర', '|'), ('త', '|'), ('ర', '|'), ('బ్ర', 'U'), ('హ్మా', 'U'), ('స్త్ర', '|'), ('ప్ర', '|'), ('భా', 'U'), ('వం', 'U'), ('బు', '|'), ('నన్', 'U'), ('వ', '|'), ('రు', '|'), ('స', 'U'), ('న్మూ', 'U'), ('ర్ఛి', '|'), ('లి', '|'), ('చా', 'U'), ('ప', '|'), ('క', 'U'), ('ట్టు', '|'), ('గ', '|'), ('ర', '|'), ('హి', 'U'), ('న్సం', 'U'), ('గ్రా', 'U'), ('మ', '|'), ('రం', 'U'), ('గ', 'U'), ('మ్ము', '|'), ('నం', 'U'), ('ద', '|'), ('రు', '|'), ('దా', 'U'), ('రం', 'U'), ('బ', '|'), ('డి', '|'), ('యు', 'U'), ('న్న', '|'), ('వా', 'U'), ('న', '|'), ('రు', '|'), ('ల', '|'), ('ను', 'U'), ('ద్య', 'U'), ('చ్ఛ', 'U'), ('క్తి', '|'), ('సం', 'U'), ('జీ', 'U'), ('వి', '|'), ('చే', 'U'), ('క', '|'), ('ర', '|'), ('మ', 'U'), ('ర్థిం', 'U'), ('బ్ర', '|'), ('తి', '|'), ('కిం', 'U'), ('చి', '|'), ('మె', 'U'), ('ప్పు', '|'), ('గొ', '|'), ('న', '|'), ('వే', 'U'), ('కా', 'U'), ('కు', 'U'), ('త్స్థు', '|'), ('చే', 'U'), ('మా', 'U'), ('రు', '|'), ('తీ', 'U')]",0.9428571428571428,1.0,1.0,0.9642857142857143,0.75,1.0
saardulamu,"దైత్యానీకపయోధి మధ్యమున మందానాద్రిభంగి రయౌ
ద్ధత్యం బొప్పఁగ సంచరింపుచు బలౌదార్యం బెలర్పన్‌ బృహ
ద్వాత్యాచక్రము శుష్కపర్ణముల చందానన్‌ వడిం ద్రిప్పి, యా
దిత్యుల్‌ మెచ్చఁగ బట్టి గీటడఁచవే దేవాంతకున్‌ మారుతీ!",vruttamu,Maaruthi,"[('దై', 'U'), ('త్యా', 'U'), ('నీ', 'U'), ('క', '|'), ('ప', '|'), ('యో', 'U'), ('ధి', '|'), ('మ', 'U'), ('ధ్య', '|'), ('ము', '|'), ('న', '|'), ('మం', 'U'), ('దా', 'U'), ('నా', 'U'), ('ద్రి', '|'), ('భం', 'U'), ('గి', '|'), ('ర', '|'), ('యౌ', 'U'), ('ద్ధ', 'U'), ('త్యం', 'U'), ('బొ', 'U'), ('ప్ప', '|'), ('గ', '|'), ('సం', 'U'), ('చ', '|'), ('రిం', 'U'), ('పు', '|'), ('చు', '|'), ('బ', '|'), ('లౌ', 'U'), ('దా', 'U'), ('ర్యం', 'U'), ('బె', '|'), ('ల', 'U'), ('ర్ప', 'U'), ('న్బృ', '|'), ('హ', 'U'), ('ద్వా', 'U'), ('త్యా', 'U'), ('చ', '|'), ('క్ర', '|'), ('ము', '|'), ('శు', 'U'), ('ష్క', '|'), ('ప', 'U'), ('ర్ణ', '|'), ('ము', '|'), ('ల', '|'), ('చం', 'U'), ('దా', 'U'), ('న', 'U'), ('న్వ', '|'), ('డిం', 'U'), ('ద్రి', 'U'), ('ప్పి', '|'), ('యా', 'U'), ('ది', 'U'), ('త్యు', 'U'), ('ల్మె', 'U'), ('చ్చ', '|'), ('గ', '|'), ('బ', 'U'), ('ట్టి', '|'), ('గీ', 'U'), ('ట', '|'), ('డ', '|'), ('చ', '|'), ('వే', 'U'), ('దే', 'U'), ('వాం', 'U'), ('త', '|'), ('కు', 'U'), ('న్మా', 'U'), ('రు', '|'), ('తీ', 'U')]",0.9857142857142858,1.0,1.0,0.9285714285714286,1.0,1.0
saardulamu,"జంభారాతి నిజోరుపాణిగత భాస్వద్ఘోరదంభోళిచే
గాంభీర్యంబున విశ్వరూపుశిరముల్‌ ఖండించి నట్లీవు స
ర్వాంభోధుల్‌ గలగంగ నార్చుచు ఫణీంద్రాభాసి నంకించి, సం
రంభం బొప్ప వెసన్‌ త్రిశీర్షుశిరముల్‌ ఖండింపవే మారుతీ!",vruttamu,Maaruthi,"[('జం', 'U'), ('భా', 'U'), ('రా', 'U'), ('తి', '|'), ('ని', '|'), ('జో', 'U'), ('రు', '|'), ('పా', 'U'), ('ణి', '|'), ('గ', '|'), ('త', '|'), ('భా', 'U'), ('స్వ', 'U'), ('ద్ఘో', 'U'), ('ర', '|'), ('దం', 'U'), ('భో', 'U'), ('ళి', '|'), ('చే', 'U'), ('గాం', 'U'), ('భీ', 'U'), ('ర్యం', 'U'), ('బు', '|'), ('న', '|'), ('వి', 'U'), ('శ్వ', '|'), ('రూ', 'U'), ('పు', '|'), ('శి', '|'), ('ర', '|'), ('ము', 'U'), ('ల్ఖం', 'U'), ('డిం', 'U'), ('చి', '|'), ('న', 'U'), ('ట్లీ', 'U'), ('వు', '|'), ('స', 'U'), ('ర్వాం', 'U'), ('భో', 'U'), ('ధు', 'U'), ('ల్గ', '|'), ('ల', '|'), ('గం', 'U'), ('గ', '|'), ('నా', 'U'), ('ర్చు', '|'), ('చు', '|'), ('ఫ', '|'), ('ణీం', 'U'), ('ద్రా', 'U'), ('భా', 'U'), ('సి', '|'), ('నం', 'U'), ('కిం', 'U'), ('చి', '|'), ('సం', 'U'), ('రం', 'U'), ('భం', 'U'), ('బొ', 'U'), ('ప్ప', '|'), ('వె', '|'), ('స', 'U'), ('న్త్రి', '|'), ('శీ', 'U'), ('ర్షు', '|'), ('శి', '|'), ('ర', '|'), ('ము', 'U'), ('ల్ఖం', 'U'), ('డిం', 'U'), ('ప', '|'), ('వే', 'U'), ('మా', 'U'), ('రు', '|'), ('తీ', 'U')]",0.95,1.0,1.0,1.0,0.75,1.0
saardulamu,"మాయాసీతను జంపి నిన్ను భ్రమియింపం జేసి దుర్వారదై
తేయ ప్రావృతుఁడై నికుంభిలకు నెంతేఁ గోర్కితో నేగి, య
చ్చో యాగం బొనరింపుచున్న యసురేశున్‌ మేఘనాధాఖ్యు దీ
క్షాయుక్తిన్‌ సమరోర్వి లక్ష్మణునిచేఁ జంపింపవే మారుతీ!",vruttamu,Maaruthi,"[('మా', 'U'), ('యా', 'U'), ('సీ', 'U'), ('త', '|'), ('ను', '|'), ('జం', 'U'), ('పి', '|'), ('ని', 'U'), ('న్ను', '|'), ('భ్ర', '|'), ('మి', '|'), ('యిం', 'U'), ('పం', 'U'), ('జే', 'U'), ('సి', '|'), ('దు', 'U'), ('ర్వా', 'U'), ('ర', '|'), ('దై', 'U'), ('తే', 'U'), ('య', '|'), ('ప్రా', 'U'), ('వృ', '|'), ('తు', '|'), ('డై', 'U'), ('ని', '|'), ('కుం', 'U'), ('భి', '|'), ('ల', '|'), ('కు', '|'), ('నెం', 'U'), ('తే', 'U'), ('గో', 'U'), ('ర్కి', '|'), ('తో', 'U'), ('నే', 'U'), ('గి', '|'), ('య', 'U'), ('చ్చో', 'U'), ('యా', 'U'), ('గం', 'U'), ('బొ', '|'), ('న', '|'), ('రిం', 'U'), ('పు', '|'), ('చు', 'U'), ('న్న', '|'), ('య', '|'), ('సు', '|'), ('రే', 'U'), ('శు', 'U'), ('న్మే', 'U'), ('ఘ', '|'), ('నా', 'U'), ('ధా', 'U'), ('ఖ్యు', '|'), ('దీ', 'U'), ('క్షా', 'U'), ('యు', 'U'), ('క్తి', 'U'), ('న్స', '|'), ('మ', '|'), ('రో', 'U'), ('ర్వి', '|'), ('ల', 'U'), ('క్ష్మ', '|'), ('ణు', '|'), ('ని', '|'), ('చే', 'U'), ('జం', 'U'), ('పిం', 'U'), ('ప', '|'), ('వే', 'U'), ('మా', 'U'), ('రు', '|'), ('తీ', 'U')]",0.9928571428571429,1.0,1.0,0.9642857142857143,1.0,1.0
saardulamu,"విద్యుద్వల్లిక భంగి వాలము వియద్వీథిం బ్రకాశింప ను
ష్ణద్యుత్యున్నతమండలంబు కరణిన్‌ వక్త్రంబు శోభిల్లగా
ప్రోద్యద్బాహుబలం బెలర్పఁగ నికుంభుం గుంభకర్ణాత్మజున్‌
సద్యోమృత్యువు నొందఁజేయవె మహాజన్యంబునన్‌ మారుతీ!",vruttamu,Maaruthi,"[('వి', 'U'), ('ద్యు', 'U'), ('ద్వ', 'U'), ('ల్లి', '|'), ('క', '|'), ('భం', 'U'), ('గి', '|'), ('వా', 'U'), ('ల', '|'), ('ము', '|'), ('వి', '|'), ('య', 'U'), ('ద్వీ', 'U'), ('థిం', 'U'), ('బ్ర', '|'), ('కా', 'U'), ('శిం', 'U'), ('ప', '|'), ('ను', 'U'), ('ష్ణ', 'U'), ('ద్యు', 'U'), ('త్యు', 'U'), ('న్న', '|'), ('త', '|'), ('మం', 'U'), ('డ', '|'), ('లం', 'U'), ('బు', '|'), ('క', '|'), ('ర', '|'), ('ణి', 'U'), ('న్వ', 'U'), ('క్త్రం', 'U'), ('బు', '|'), ('శో', 'U'), ('భి', 'U'), ('ల్ల', '|'), ('గా', 'U'), ('ప్రో', 'U'), ('ద్య', 'U'), ('ద్బా', 'U'), ('హు', '|'), ('బ', '|'), ('లం', 'U'), ('బె', '|'), ('ల', 'U'), ('ర్ప', '|'), ('గ', '|'), ('ని', '|'), ('కుం', 'U'), ('భుం', 'U'), ('గుం', 'U'), ('భ', '|'), ('క', 'U'), ('ర్ణా', 'U'), ('త్మ', '|'), ('జున్', 'U'), ('స', 'U'), ('ద్యో', 'U'), ('మృ', 'U'), ('త్యు', '|'), ('వు', '|'), ('నొం', 'U'), ('ద', '|'), ('జే', 'U'), ('య', '|'), ('వె', '|'), ('మ', '|'), ('హా', 'U'), ('జ', 'U'), ('న్యం', 'U'), ('బు', '|'), ('న', 'U'), ('న్మా', 'U'), ('రు', '|'), ('తీ', 'U')]",1.0,1.0,1.0,1.0,1.0,1.0
mattebhamu,"ఘనశాండిల్య మునీంద్రుశాపంబున నుగ్రగ్రాహియై ధాన్యమా
లిని కాసారములోన నుండి జలముల్‌ నీ వర్ధిఁ గ్రోలన్‌ వడిన్‌
నిను మ్రింగం జనుదేరఁగాఁ గడిమి వానిన్‌ వ్రేల్మిడిం జంపి గ్ర
క్కున దచ్ఛాపము దీర్చి పుచ్చవొకొ శక్రుం గొల్వగా మారుతీ!",vruttamu,Maaruthi,"[('ఘ', '|'), ('న', '|'), ('శాం', 'U'), ('డి', 'U'), ('ల్య', '|'), ('ము', '|'), ('నీం', 'U'), ('ద్రు', '|'), ('శా', 'U'), ('పం', 'U'), ('బు', '|'), ('న', '|'), ('ను', '|'), ('గ్ర', '|'), ('గ్రా', 'U'), ('హి', '|'), ('యై', 'U'), ('ధా', 'U'), ('న్య', '|'), ('మా', 'U'), ('లి', '|'), ('ని', '|'), ('కా', 'U'), ('సా', 'U'), ('ర', '|'), ('ము', '|'), ('లో', 'U'), ('న', '|'), ('నుం', 'U'), ('డి', '|'), ('జ', '|'), ('ల', '|'), ('ము', 'U'), ('ల్నీ', 'U'), ('వ', 'U'), ('ర్ధి', '|'), ('గ్రో', 'U'), ('ల', 'U'), ('న్వ', '|'), ('డిన్', 'U'), ('ని', '|'), ('ను', '|'), ('మ్రిం', 'U'), ('గం', 'U'), ('జ', '|'), ('ను', '|'), ('దే', 'U'), ('ర', '|'), ('గా', 'U'), ('గ', '|'), ('డి', '|'), ('మి', '|'), ('వా', 'U'), ('ని', 'U'), ('న్వ్రే', 'U'), ('ల్మి', '|'), ('డిం', 'U'), ('జం', 'U'), ('పి', '|'), ('గ్ర', 'U'), ('క్కు', '|'), ('న', '|'), ('ద', 'U'), ('చ్ఛా', 'U'), ('ప', '|'), ('ము', '|'), ('దీ', 'U'), ('ర్చి', '|'), ('పు', 'U'), ('చ్చ', '|'), ('వొ', '|'), ('కొ', '|'), ('శ', '|'), ('క్రుం', 'U'), ('గొ', 'U'), ('ల్వ', '|'), ('గా', 'U'), ('మా', 'U'), ('రు', '|'), ('తీ', 'U')]",0.9785714285714284,1.0,1.0,0.8928571428571429,1.0,1.0
mattebhamu,"చతురత్వంబున నీవు లక్ష్మణునికై సంజీవిఁ దేఁబోవుచో
దితిజాధీశ్వరు పంపునం బ్రబల దైతేయుండు మారీచదై
త్యతనూజాతుఁడు కాలనేమి ఘనమాయామౌనియై త్రోవఁ జిం
తితవిఘ్నం బొనరింప డాయుటయు వానిం ద్రుంపవే మారుతీ!",vruttamu,Maaruthi,"[('చ', '|'), ('తు', '|'), ('ర', 'U'), ('త్వం', 'U'), ('బు', '|'), ('న', '|'), ('నీ', 'U'), ('వు', '|'), ('ల', 'U'), ('క్ష్మ', '|'), ('ణు', '|'), ('ని', '|'), ('కై', 'U'), ('సం', 'U'), ('జీ', 'U'), ('వి', '|'), ('దే', 'U'), ('బో', 'U'), ('వు', '|'), ('చో', 'U'), ('ది', '|'), ('తి', '|'), ('జా', 'U'), ('ధీ', 'U'), ('శ్వ', '|'), ('రు', '|'), ('పం', 'U'), ('పు', '|'), ('నం', 'U'), ('బ్ర', '|'), ('బ', '|'), ('ల', '|'), ('దై', 'U'), ('తే', 'U'), ('యుం', 'U'), ('డు', '|'), ('మా', 'U'), ('రీ', 'U'), ('చ', '|'), ('దై', 'U'), ('త్య', '|'), ('త', '|'), ('నూ', 'U'), ('జా', 'U'), ('తు', '|'), ('డు', '|'), ('కా', 'U'), ('ల', '|'), ('నే', 'U'), ('మి', '|'), ('ఘ', '|'), ('న', '|'), ('మా', 'U'), ('యా', 'U'), ('మౌ', 'U'), ('ని', '|'), ('యై', 'U'), ('త్రో', 'U'), ('వ', '|'), ('జిం', 'U'), ('తి', '|'), ('త', '|'), ('వి', 'U'), ('ఘ్నం', 'U'), ('బొ', '|'), ('న', '|'), ('రిం', 'U'), ('ప', '|'), ('డా', 'U'), ('యు', '|'), ('ట', '|'), ('యు', '|'), ('వా', 'U'), ('నిం', 'U'), ('ద్రుం', 'U'), ('ప', '|'), ('వే', 'U'), ('మా', 'U'), ('రు', '|'), ('తీ', 'U')]",0.95,1.0,1.0,1.0,0.75,1.0
mattebhamu,"తొలుతం బల్మరు మందు లిమ్మనుచు నెంతో వేడి, యీకున్న కే
వలశక్తిన్‌ హరి మందరాచలము నుత్పాటించినట్లీవు క
ట్టలుకన్‌ వాలముఁజుట్టి పాదముల నిట్టట్టూచి దిగ్రాజిఘూ
ర్ణిల దివ్యౌషధశైలముం బెఱుకవే క్రీడాగతిన్‌ మారుతీ!",vruttamu,Maaruthi,"[('తొ', '|'), ('లు', '|'), ('తం', 'U'), ('బ', 'U'), ('ల్మ', '|'), ('రు', '|'), ('మం', 'U'), ('దు', '|'), ('లి', 'U'), ('మ్మ', '|'), ('ను', '|'), ('చు', '|'), ('నెం', 'U'), ('తో', 'U'), ('వే', 'U'), ('డి', '|'), ('యీ', 'U'), ('కు', 'U'), ('న్న', '|'), ('కే', 'U'), ('వ', '|'), ('ల', '|'), ('శ', 'U'), ('క్తి', 'U'), ('న్హ', '|'), ('రి', '|'), ('మం', 'U'), ('ద', '|'), ('రా', 'U'), ('చ', '|'), ('ల', '|'), ('ము', '|'), ('ను', 'U'), ('త్పా', 'U'), ('టిం', 'U'), ('చి', '|'), ('న', 'U'), ('ట్లీ', 'U'), ('వు', '|'), ('క', 'U'), ('ట్ట', '|'), ('లు', '|'), ('క', 'U'), ('న్వా', 'U'), ('ల', '|'), ('ము', '|'), ('జు', 'U'), ('ట్టి', '|'), ('పా', 'U'), ('ద', '|'), ('ము', '|'), ('ల', '|'), ('ని', 'U'), ('ట్ట', 'U'), ('ట్టూ', 'U'), ('చి', '|'), ('ది', '|'), ('గ్రా', 'U'), ('జి', '|'), ('ఘూ', 'U'), ('ర్ణి', '|'), ('ల', '|'), ('ది', 'U'), ('వ్యౌ', 'U'), ('ష', '|'), ('ధ', '|'), ('శై', 'U'), ('ల', '|'), ('ముం', 'U'), ('బె', '|'), ('ఱు', '|'), ('క', '|'), ('వే', 'U'), ('క్రీ', 'U'), ('డా', 'U'), ('గ', '|'), ('తి', 'U'), ('న్మా', 'U'), ('రు', '|'), ('తీ', 'U')]",0.9428571428571428,1.0,1.0,0.9642857142857143,0.75,1.0
saardulamu,"గీర్వాణాద్రివిభాగమున్‌ శిరముపై గీల్కొల్ప దుర్దాంతదో
ర్గర్వం బొప్పఁగ వచ్చుచుండ గిరికిం గాపున్న పెక్కండ్రు గం
ధర్వుల్‌ బోవఁగనీక నడ్డపడినన్‌ దర్పంబునన్‌ వారలన్‌
దుర్వారోద్ధతి వాలజానిలమునం దూలింపవే మారుతీ!",vruttamu,Maaruthi,"[('గీ', 'U'), ('ర్వా', 'U'), ('ణా', 'U'), ('ద్రి', '|'), ('వి', '|'), ('భా', 'U'), ('గ', '|'), ('ము', 'U'), ('న్శి', '|'), ('ర', '|'), ('ము', '|'), ('పై', 'U'), ('గీ', 'U'), ('ల్కొ', 'U'), ('ల్ప', '|'), ('దు', 'U'), ('ర్దాం', 'U'), ('త', '|'), ('దో', 'U'), ('ర్గ', 'U'), ('ర్వం', 'U'), ('బొ', 'U'), ('ప్ప', '|'), ('గ', '|'), ('వ', 'U'), ('చ్చు', '|'), ('చుం', 'U'), ('డ', '|'), ('గి', '|'), ('రి', '|'), ('కిం', 'U'), ('గా', 'U'), ('పు', 'U'), ('న్న', '|'), ('పె', 'U'), ('క్కం', 'U'), ('డ్రు', '|'), ('గం', 'U'), ('ధ', 'U'), ('ర్వు', 'U'), ('ల్బో', 'U'), ('వ', '|'), ('గ', '|'), ('నీ', 'U'), ('క', '|'), ('న', 'U'), ('డ్డ', '|'), ('ప', '|'), ('డి', '|'), ('న', 'U'), ('న్ద', 'U'), ('ర్పం', 'U'), ('బు', '|'), ('న', 'U'), ('న్వా', 'U'), ('ర', '|'), ('లన్', 'U'), ('దు', 'U'), ('ర్వా', 'U'), ('రో', 'U'), ('ద్ధ', '|'), ('తి', '|'), ('వా', 'U'), ('ల', '|'), ('జా', 'U'), ('ని', '|'), ('ల', '|'), ('ము', '|'), ('నం', 'U'), ('దూ', 'U'), ('లిం', 'U'), ('ప', '|'), ('వే', 'U'), ('మా', 'U'), ('రు', '|'), ('తీ', 'U')]",1.0,1.0,1.0,1.0,1.0,1.0
mattebhamu,"గరిమన్‌ మాల్యవదాది రాక్షసు లసంఖ్యాతంబుగా వచ్చి యం
బరవీథిం జలరాశిమధ్యమున దర్పం బేర్పడం దాకినన్‌
గిరిరాజంబును కందుకంబు కరణిన్‌ గేలన్‌ రహిం దాల్చి దు
ర్భరవీర్యంబున వారిఁ జంపి జముఁ గొల్వం బంపవే మారుతీ!",vruttamu,Maaruthi,"[('గ', '|'), ('రి', '|'), ('మ', 'U'), ('న్మా', 'U'), ('ల్య', '|'), ('వ', '|'), ('దా', 'U'), ('ది', '|'), ('రా', 'U'), ('క్ష', '|'), ('సు', '|'), ('ల', '|'), ('సం', 'U'), ('ఖ్యా', 'U'), ('తం', 'U'), ('బు', '|'), ('గా', 'U'), ('వ', 'U'), ('చ్చి', '|'), ('యం', 'U'), ('బ', '|'), ('ర', '|'), ('వీ', 'U'), ('థిం', 'U'), ('జ', '|'), ('ల', '|'), ('రా', 'U'), ('శి', '|'), ('మ', 'U'), ('ధ్య', '|'), ('ము', '|'), ('న', '|'), ('ద', 'U'), ('ర్పం', 'U'), ('బే', 'U'), ('ర్ప', '|'), ('డం', 'U'), ('దా', 'U'), ('కి', '|'), ('నన్', 'U'), ('గి', '|'), ('రి', '|'), ('రా', 'U'), ('జం', 'U'), ('బు', '|'), ('ను', '|'), ('కం', 'U'), ('దు', '|'), ('కం', 'U'), ('బు', '|'), ('క', '|'), ('ర', '|'), ('ణి', 'U'), ('న్గే', 'U'), ('ల', '|'), ('న్ర', '|'), ('హిం', 'U'), ('దా', 'U'), ('ల్చి', '|'), ('దు', 'U'), ('ర్భ', '|'), ('ర', '|'), ('వీ', 'U'), ('ర్యం', 'U'), ('బు', '|'), ('న', '|'), ('వా', 'U'), ('రి', '|'), ('జం', 'U'), ('పి', '|'), ('జ', '|'), ('ము', '|'), ('గొ', 'U'), ('ల్వం', 'U'), ('బం', 'U'), ('ప', '|'), ('వే', 'U'), ('మా', 'U'), ('రు', '|'), ('తీ', 'U')]",0.9428571428571428,1.0,1.0,0.9642857142857143,0.75,1.0
mattebhamu,"అవలీలన్‌ నిశిజాములోపల రయం బారంగ సంజీవిశై
లవరంబుం గొని తెచ్చి జన్యమునఁ బౌలస్త్యోల్లసచ్ఛక్తిచే
నవనిన్‌ మూర్ఛితుఁడైన లక్ష్మణున కీవా మందులర్పించి, శూ
రవరేణ్యుం బ్రతికించి మెప్పుఁ గొనవే రాజేంద్రుచే మారుతీ!",vruttamu,Maaruthi,"[('అ', '|'), ('వ', '|'), ('లీ', 'U'), ('ల', 'U'), ('న్ని', '|'), ('శి', '|'), ('జా', 'U'), ('ము', '|'), ('లో', 'U'), ('ప', '|'), ('ల', '|'), ('ర', '|'), ('యం', 'U'), ('బా', 'U'), ('రం', 'U'), ('గ', '|'), ('సం', 'U'), ('జీ', 'U'), ('వి', '|'), ('శై', 'U'), ('ల', '|'), ('వ', '|'), ('రం', 'U'), ('బుం', 'U'), ('గొ', '|'), ('ని', '|'), ('తె', 'U'), ('చ్చి', '|'), ('జ', 'U'), ('న్య', '|'), ('ము', '|'), ('న', '|'), ('బౌ', 'U'), ('ల', 'U'), ('స్త్యో', 'U'), ('ల్ల', '|'), ('స', 'U'), ('చ్ఛ', 'U'), ('క్తి', '|'), ('చే', 'U'), ('న', '|'), ('వ', '|'), ('ని', 'U'), ('న్మూ', 'U'), ('ర్ఛి', '|'), ('తు', '|'), ('డై', 'U'), ('న', '|'), ('ల', 'U'), ('క్ష్మ', '|'), ('ణు', '|'), ('న', '|'), ('కీ', 'U'), ('వా', 'U'), ('మం', 'U'), ('దు', '|'), ('ల', 'U'), ('ర్పిం', 'U'), ('చి', '|'), ('శూ', 'U'), ('ర', '|'), ('వ', '|'), ('రే', 'U'), ('ణ్యుం', 'U'), ('బ్ర', '|'), ('తి', '|'), ('కిం', 'U'), ('చి', '|'), ('మె', 'U'), ('ప్పు', '|'), ('గొ', '|'), ('న', '|'), ('వే', 'U'), ('రా', 'U'), ('జేం', 'U'), ('ద్రు', '|'), ('చే', 'U'), ('మా', 'U'), ('రు', '|'), ('తీ', 'U')]",0.9,1.0,1.0,1.0,0.5,1.0
mattebhamu,"అనఘా! యెంతని చెప్పవచ్చు భవదీయావార్యదోస్సత్త్వమున్‌
కనకోర్వీధరసన్నిభౌషధగిరిన్‌ వాలంబునం జుట్టి గ్రం
దున లంకాపురినుండి సత్వరమునం దొల్లింటిచోటం బడన్‌
వినువీథిన్‌ వడి ద్రిప్పివైవవె జగద్విశ్రాంతిగా మారుతీ!",vruttamu,Maaruthi,"[('అ', '|'), ('న', '|'), ('ఘా', 'U'), ('యెం', 'U'), ('త', '|'), ('ని', '|'), ('చె', 'U'), ('ప్ప', '|'), ('వ', 'U'), ('చ్చు', '|'), ('భ', '|'), ('వ', '|'), ('దీ', 'U'), ('యా', 'U'), ('వా', 'U'), ('ర్య', '|'), ('దో', 'U'), ('స్స', 'U'), ('త్త్వ', '|'), ('మున్', 'U'), ('క', '|'), ('న', '|'), ('కో', 'U'), ('ర్వీ', 'U'), ('ధ', '|'), ('ర', '|'), ('స', 'U'), ('న్ని', '|'), ('భౌ', 'U'), ('ష', '|'), ('ధ', '|'), ('గి', '|'), ('రి', 'U'), ('న్వా', 'U'), ('లం', 'U'), ('బు', '|'), ('నం', 'U'), ('జు', 'U'), ('ట్టి', '|'), ('గ్రం', 'U'), ('దు', '|'), ('న', '|'), ('లం', 'U'), ('కా', 'U'), ('పు', '|'), ('రి', '|'), ('నుం', 'U'), ('డి', '|'), ('స', 'U'), ('త్వ', '|'), ('ర', '|'), ('ము', '|'), ('నం', 'U'), ('దొ', 'U'), ('ల్లిం', 'U'), ('టి', '|'), ('చో', 'U'), ('టం', 'U'), ('బ', '|'), ('డన్', 'U'), ('వి', '|'), ('ను', '|'), ('వీ', 'U'), ('థి', 'U'), ('న్వ', '|'), ('డి', '|'), ('ద్రి', 'U'), ('ప్పి', '|'), ('వై', 'U'), ('వ', '|'), ('వె', '|'), ('జ', '|'), ('గ', 'U'), ('ద్వి', '|'), ('శ్రాం', 'U'), ('తి', '|'), ('గా', 'U'), ('మా', 'U'), ('రు', '|'), ('తీ', 'U')]",0.9428571428571428,1.0,1.0,0.9642857142857143,0.75,1.0
mattebhamu,"అల మైరావణుఁ డొక్కనాఁటి నిశి నిద్రాసక్తులై యున్న భూ
పలలామేంద్రుల మ్రుచ్చిలించియు వెసన్‌ పాతాళలంకాపురిన్‌
ఖలుఁడై చొచ్చిన వాని వెంటఁ జని యాకష్టాత్మునిం ద్రుంచి శో
భిలుచున్‌ నీవటు రామలక్ష్మణుల దేవే క్రమ్మఱన్‌ మారుతీ!",vruttamu,Maaruthi,"[('అ', '|'), ('ల', '|'), ('మై', 'U'), ('రా', 'U'), ('వ', '|'), ('ణు', '|'), ('డొ', 'U'), ('క్క', '|'), ('నా', 'U'), ('టి', '|'), ('ని', '|'), ('శి', '|'), ('ని', '|'), ('ద్రా', 'U'), ('స', 'U'), ('క్తు', '|'), ('లై', 'U'), ('యు', 'U'), ('న్న', '|'), ('భూ', 'U'), ('ప', '|'), ('ల', '|'), ('లా', 'U'), ('మేం', 'U'), ('ద్రు', '|'), ('ల', '|'), ('మ్రు', 'U'), ('చ్చి', '|'), ('లిం', 'U'), ('చి', '|'), ('యు', '|'), ('వె', '|'), ('స', 'U'), ('న్పా', 'U'), ('తా', 'U'), ('ళ', '|'), ('లం', 'U'), ('కా', 'U'), ('పు', '|'), ('రిన్', 'U'), ('ఖ', '|'), ('లు', '|'), ('డై', 'U'), ('చొ', 'U'), ('చ్చి', '|'), ('న', '|'), ('వా', 'U'), ('ని', '|'), ('వెం', 'U'), ('ట', '|'), ('జ', '|'), ('ని', '|'), ('యా', 'U'), ('క', 'U'), ('ష్టా', 'U'), ('త్ము', '|'), ('నిం', 'U'), ('ద్రుం', 'U'), ('చి', '|'), ('శో', 'U'), ('భి', '|'), ('లు', '|'), ('చు', 'U'), ('న్నీ', 'U'), ('వ', '|'), ('టు', '|'), ('రా', 'U'), ('మ', '|'), ('ల', 'U'), ('క్ష్మ', '|'), ('ణు', '|'), ('ల', '|'), ('దే', 'U'), ('వే', 'U'), ('క్ర', 'U'), ('మ్మ', '|'), ('ఱ', 'U'), ('న్మా', 'U'), ('రు', '|'), ('తీ', 'U')]",0.8928571428571429,1.0,1.0,0.9642857142857143,0.5,1.0
mattebhamu,"దశకంఠుం బరిమార్చి, యాత్మజయముం ధాత్రీజకుం జెప్పి, త
త్కుశలం బారసి రమ్మటంచు వెస గాకుత్స్థుండు పంపం బురం
బు శశిప్రక్రియఁ జొచ్చి, రావణువధంబుం దెల్పి, సీతాసతిన్‌
విశదానందరసాబ్ధిఁ దేల్చినది నీవే కావొకో మారుతీ!",vruttamu,Maaruthi,"[('ద', '|'), ('శ', '|'), ('కం', 'U'), ('ఠుం', 'U'), ('బ', '|'), ('రి', '|'), ('మా', 'U'), ('ర్చి', '|'), ('యా', 'U'), ('త్మ', '|'), ('జ', '|'), ('య', '|'), ('ముం', 'U'), ('ధా', 'U'), ('త్రీ', 'U'), ('జ', '|'), ('కుం', 'U'), ('జె', 'U'), ('ప్పి', '|'), ('త', 'U'), ('త్కు', '|'), ('శ', '|'), ('లం', 'U'), ('బా', 'U'), ('ర', '|'), ('సి', '|'), ('ర', 'U'), ('మ్మ', '|'), ('టం', 'U'), ('చు', '|'), ('వె', '|'), ('స', '|'), ('గా', 'U'), ('కు', 'U'), ('త్స్థుం', 'U'), ('డు', '|'), ('పం', 'U'), ('పం', 'U'), ('బు', '|'), ('రం', 'U'), ('బు', '|'), ('శ', '|'), ('శి', '|'), ('ప్ర', '|'), ('క్రి', '|'), ('య', '|'), ('జొ', 'U'), ('చ్చి', '|'), ('రా', 'U'), ('వ', '|'), ('ణు', '|'), ('వ', '|'), ('ధం', 'U'), ('బుం', 'U'), ('దె', 'U'), ('ల్పి', '|'), ('సీ', 'U'), ('తా', 'U'), ('స', '|'), ('తిన్', 'U'), ('వి', '|'), ('శ', '|'), ('దా', 'U'), ('నం', 'U'), ('ద', '|'), ('ర', '|'), ('సా', 'U'), ('బ్ధి', '|'), ('దే', 'U'), ('ల్చి', '|'), ('న', '|'), ('ది', '|'), ('నీ', 'U'), ('వే', 'U'), ('కా', 'U'), ('వొ', '|'), ('కో', 'U'), ('మా', 'U'), ('రు', '|'), ('తీ', 'U')]",0.9857142857142858,1.0,1.0,0.9285714285714286,1.0,1.0
saardulamu,"ధీరోదాత్తుఁడు రాముఁడంప నటు నందిగ్రామముం జేరి, నీ
వారూఢిన్‌ భరతున్‌ మహాత్ముఁ గని, రామాధీశ్వరుం డర్థి సీ
తారామవరజాన్వితంబుగ భరద్వాజాశ్రమం బర్మిలిం
జేరెన్‌ ఱేపట వచ్చునంచు నమృతస్ఫీతోక్తులం తెల్పి యా
ధీరున్‌ హర్షపయోధి వీచికలపై దేలింపవే మారుతీ!",vruttamu,Maaruthi,"[('ధీ', 'U'), ('రో', 'U'), ('దా', 'U'), ('త్తు', '|'), ('డు', '|'), ('రా', 'U'), ('ము', '|'), ('డం', 'U'), ('ప', '|'), ('న', '|'), ('టు', '|'), ('నం', 'U'), ('ది', '|'), ('గ్రా', 'U'), ('మ', '|'), ('ముం', 'U'), ('జే', 'U'), ('రి', '|'), ('నీ', 'U'), ('వా', 'U'), ('రూ', 'U'), ('ఢి', 'U'), ('న్భ', '|'), ('ర', '|'), ('తు', 'U'), ('న్మ', '|'), ('హా', 'U'), ('త్ము', '|'), ('గ', '|'), ('ని', '|'), ('రా', 'U'), ('మా', 'U'), ('ధీ', 'U'), ('శ్వ', '|'), ('రుం', 'U'), ('డ', 'U'), ('ర్థి', '|'), ('సీ', 'U'), ('తా', 'U'), ('రా', 'U'), ('మ', '|'), ('వ', '|'), ('ర', '|'), ('జా', 'U'), ('న్వి', '|'), ('తం', 'U'), ('బు', '|'), ('గ', '|'), ('భ', '|'), ('ర', 'U'), ('ద్వా', 'U'), ('జా', 'U'), ('శ్ర', '|'), ('మం', 'U'), ('బ', 'U'), ('ర్మి', '|'), ('లిం', 'U'), ('జే', 'U'), ('రె', 'U'), ('న్ఱే', 'U'), ('ప', '|'), ('ట', '|'), ('వ', 'U'), ('చ్చు', '|'), ('నం', 'U'), ('చు', '|'), ('న', '|'), ('మృ', '|'), ('త', 'U'), ('స్ఫీ', 'U'), ('తో', 'U'), ('క్తు', '|'), ('లం', 'U'), ('తె', 'U'), ('ల్పి', '|'), ('యా', 'U'), ('ధీ', 'U'), ('రు', 'U'), ('న్హ', 'U'), ('ర్ష', '|'), ('ప', '|'), ('యో', 'U'), ('ధి', '|'), ('వీ', 'U'), ('చి', '|'), ('క', '|'), ('ల', '|'), ('పై', 'U'), ('దే', 'U'), ('లిం', 'U'), ('ప', '|'), ('వే', 'U'), ('మా', 'U'), ('రు', '|'), ('తీ', 'U')]",0.8857142857142858,0.75,1.0,0.9285714285714286,0.75,1.0
mattebhamu,"సరసాగ్రేసరుఁడైన రామవిభుఁ డంచద్రత్నసౌవర్ణపు
ష్పరథంబెక్కి సుమిత్రపట్టి వెనుకన్‌ ఛత్రంబుఁ బట్టన్‌ మహా
భిరతిన్‌ లక్ష్మణుఁ డవ్విభీషణుఁ డొగిన్‌ వింజామరల్‌ వీవ సుం
దరసాకేతపథంబుఁ బట్టి చనుచోఁ దత్పాదుకల్‌ మౌళిపైఁ
బరమప్రీతి ధరించి మ్రోలఁ జనవే వర్ణింపుచున్‌ మారుతీ!",vruttamu,Maaruthi,"[('స', '|'), ('ర', '|'), ('సా', 'U'), ('గ్రే', 'U'), ('స', '|'), ('రు', '|'), ('డై', 'U'), ('న', '|'), ('రా', 'U'), ('మ', '|'), ('వి', '|'), ('భు', '|'), ('డం', 'U'), ('చ', '|'), ('ద్ర', 'U'), ('త్న', '|'), ('సౌ', 'U'), ('వ', 'U'), ('ర్ణ', '|'), ('పు', 'U'), ('ష్ప', '|'), ('ర', '|'), ('థం', 'U'), ('బె', 'U'), ('క్కి', '|'), ('సు', '|'), ('మి', '|'), ('త్ర', '|'), ('ప', 'U'), ('ట్టి', '|'), ('వె', '|'), ('ను', '|'), ('క', 'U'), ('న్ఛ', '|'), ('త్రం', 'U'), ('బు', '|'), ('బ', 'U'), ('ట్ట', 'U'), ('న్మ', '|'), ('హా', 'U'), ('భి', '|'), ('ర', '|'), ('తి', 'U'), ('న్ల', 'U'), ('క్ష్మ', '|'), ('ణు', '|'), ('డ', 'U'), ('వ్వి', '|'), ('భీ', 'U'), ('ష', '|'), ('ణు', '|'), ('డొ', '|'), ('గి', 'U'), ('న్విం', 'U'), ('జా', 'U'), ('మ', '|'), ('ర', 'U'), ('ల్వీ', 'U'), ('వ', '|'), ('సుం', 'U'), ('ద', '|'), ('ర', '|'), ('సా', 'U'), ('కే', 'U'), ('త', '|'), ('ప', '|'), ('థం', 'U'), ('బు', '|'), ('బ', 'U'), ('ట్టి', '|'), ('చ', '|'), ('ను', '|'), ('చో', 'U'), ('ద', 'U'), ('త్పా', 'U'), ('దు', '|'), ('క', 'U'), ('ల్మౌ', 'U'), ('ళి', '|'), ('పై', 'U'), ('బ', '|'), ('ర', '|'), ('మ', '|'), ('ప్రీ', 'U'), ('తి', '|'), ('ధ', '|'), ('రిం', 'U'), ('చి', '|'), ('మ్రో', 'U'), ('ల', '|'), ('జ', '|'), ('న', '|'), ('వే', 'U'), ('వ', 'U'), ('ర్ణిం', 'U'), ('పు', '|'), ('చు', 'U'), ('న్మా', 'U'), ('రు', '|'), ('తీ', 'U')]",0.8785714285714284,0.75,1.0,0.8928571428571429,0.75,1.0
mattebhamu,"ప్రమదం బొప్పఁగ రాముఁడున్‌ భవదభిప్రాయంబు నూహించి, నీ
సముదంచద్పదభక్తికిన్‌ విమలప్రజ్ఞాయుక్తికిన్‌ మెచ్చి, సం
యములైనన్‌ బడయంగరాని మహనీయాధ్యాత్మ విద్యోపదే
శముఁ గావింపఁడె నీకు మేదినిసుతాసంయుక్తుఁడై మారుతీ!",vruttamu,Maaruthi,"[('ప్ర', '|'), ('మ', '|'), ('దం', 'U'), ('బొ', 'U'), ('ప్ప', '|'), ('గ', '|'), ('రా', 'U'), ('ము', '|'), ('డు', 'U'), ('న్భ', '|'), ('వ', '|'), ('ద', '|'), ('భి', '|'), ('ప్రా', 'U'), ('యం', 'U'), ('బు', '|'), ('నూ', 'U'), ('హిం', 'U'), ('చి', '|'), ('నీ', 'U'), ('స', '|'), ('ము', '|'), ('దం', 'U'), ('చ', 'U'), ('ద్ప', '|'), ('ద', '|'), ('భ', 'U'), ('క్తి', '|'), ('కి', 'U'), ('న్వి', '|'), ('మ', '|'), ('ల', '|'), ('ప్ర', 'U'), ('జ్ఞా', 'U'), ('యు', 'U'), ('క్తి', '|'), ('కి', 'U'), ('న్మె', 'U'), ('చ్చి', '|'), ('సం', 'U'), ('య', '|'), ('ము', '|'), ('లై', 'U'), ('న', 'U'), ('న్బ', '|'), ('డ', '|'), ('యం', 'U'), ('గ', '|'), ('రా', 'U'), ('ని', '|'), ('మ', '|'), ('హ', '|'), ('నీ', 'U'), ('యా', 'U'), ('ధ్యా', 'U'), ('త్మ', '|'), ('వి', 'U'), ('ద్యో', 'U'), ('ప', '|'), ('దే', 'U'), ('శ', '|'), ('ము', '|'), ('గా', 'U'), ('విం', 'U'), ('ప', '|'), ('డె', '|'), ('నీ', 'U'), ('కు', '|'), ('మే', 'U'), ('ది', '|'), ('ని', '|'), ('సు', '|'), ('తా', 'U'), ('సం', 'U'), ('యు', 'U'), ('క్తు', '|'), ('డై', 'U'), ('మా', 'U'), ('రు', '|'), ('తీ', 'U')]",0.9928571428571429,1.0,1.0,0.9642857142857143,1.0,1.0
mattebhamu,"భవదీయోరుతపఃప్రభావమును శశ్వత్సాధుభావంబు, యో
గ్యవివేకంబును శాస్త్రపాండితియు నిష్కామత్వమున్‌ సంతతా
ర్జవమున్‌ జూచి రఘుప్రవీరుఁడు భవిష్యద్బ్రహ్మవౌదంచు నీ
కు వరం బర్థి నొసంగడే బృహదనుక్రోశంబునన్‌ మారుతీ!",vruttamu,Maaruthi,"[('భ', '|'), ('వ', '|'), ('దీ', 'U'), ('యో', 'U'), ('రు', '|'), ('త', '|'), ('పః', 'U'), ('ప్ర', '|'), ('భా', 'U'), ('వ', '|'), ('ము', '|'), ('ను', '|'), ('శ', 'U'), ('శ్వ', 'U'), ('త్సా', 'U'), ('ధు', '|'), ('భా', 'U'), ('వం', 'U'), ('బు', '|'), ('యో', 'U'), ('గ్య', '|'), ('వి', '|'), ('వే', 'U'), ('కం', 'U'), ('బు', '|'), ('ను', '|'), ('శా', 'U'), ('స్త్ర', '|'), ('పాం', 'U'), ('డి', '|'), ('తి', '|'), ('యు', '|'), ('ని', 'U'), ('ష్కా', 'U'), ('మ', 'U'), ('త్వ', '|'), ('ము', 'U'), ('న్సం', 'U'), ('త', '|'), ('తా', 'U'), ('ర్జ', '|'), ('వ', '|'), ('ము', 'U'), ('న్జూ', 'U'), ('చి', '|'), ('ర', '|'), ('ఘు', '|'), ('ప్ర', '|'), ('వీ', 'U'), ('రు', '|'), ('డు', '|'), ('భ', '|'), ('వి', 'U'), ('ష్య', 'U'), ('ద్బ్ర', 'U'), ('హ్మ', '|'), ('వౌ', 'U'), ('దం', 'U'), ('చు', '|'), ('నీ', 'U'), ('కు', '|'), ('వ', '|'), ('రం', 'U'), ('బ', 'U'), ('ర్థి', '|'), ('నొ', '|'), ('సం', 'U'), ('గ', '|'), ('డే', 'U'), ('బృ', '|'), ('హ', '|'), ('ద', '|'), ('ను', '|'), ('క్రో', 'U'), ('శం', 'U'), ('బు', '|'), ('న', 'U'), ('న్మా', 'U'), ('రు', '|'), ('తీ', 'U')]",0.9357142857142857,1.0,1.0,0.9285714285714286,0.75,1.0
mattebhamu,"మునిశాపంబున నీప్రభావమహిమంబున్‌, శక్తియున్‌ నీవెఱుం
గని బీజంబున శైలసుప్తవిలసత్కంఠీరవేంద్రంబు లా
గున నట్లుంటివి గాక నిక్కము మదిన్‌ గోపించినన్‌ సర్వలో
కనికాయంబుల నొక్క పెట్ట నుఱుముం గావింపవే మారుతీ!",vruttamu,Maaruthi,"[('ము', '|'), ('ని', '|'), ('శా', 'U'), ('పం', 'U'), ('బు', '|'), ('న', '|'), ('నీ', 'U'), ('ప్ర', '|'), ('భా', 'U'), ('వ', '|'), ('మ', '|'), ('హి', '|'), ('మం', 'U'), ('బు', 'U'), ('న్శ', 'U'), ('క్తి', '|'), ('యు', 'U'), ('న్నీ', 'U'), ('వె', '|'), ('ఱుం', 'U'), ('గ', '|'), ('ని', '|'), ('బీ', 'U'), ('జం', 'U'), ('బు', '|'), ('న', '|'), ('శై', 'U'), ('ల', '|'), ('సు', 'U'), ('ప్త', '|'), ('వి', '|'), ('ల', '|'), ('స', 'U'), ('త్కం', 'U'), ('ఠీ', 'U'), ('ర', '|'), ('వేం', 'U'), ('ద్రం', 'U'), ('బు', '|'), ('లా', 'U'), ('గు', '|'), ('న', '|'), ('న', 'U'), ('ట్లుం', 'U'), ('టి', '|'), ('వి', '|'), ('గా', 'U'), ('క', '|'), ('ని', 'U'), ('క్క', '|'), ('ము', '|'), ('మ', '|'), ('ది', 'U'), ('న్గో', 'U'), ('పిం', 'U'), ('చి', '|'), ('న', 'U'), ('న్స', 'U'), ('ర్వ', '|'), ('లో', 'U'), ('క', '|'), ('ని', '|'), ('కా', 'U'), ('యం', 'U'), ('బు', '|'), ('ల', '|'), ('నొ', 'U'), ('క్క', '|'), ('పె', 'U'), ('ట్ట', '|'), ('ను', '|'), ('ఱు', '|'), ('ముం', 'U'), ('గా', 'U'), ('విం', 'U'), ('ప', '|'), ('వే', 'U'), ('మా', 'U'), ('రు', '|'), ('తీ', 'U')]",1.0,1.0,1.0,1.0,1.0,1.0
mattebhamu,"హరివంశోత్తమ! నీవు చేసిన విచిత్రాచింత్యకార్యంబులా
హరియైనన్‌, హరుఁడైన, పంకజభవుఁడైనన్‌, దిగీశుల్‌, పురం
దరుఁడైనన్‌, నిఖిలాహిలోకపతులైనం జేయఁగా లేరు నీ
సరివారెవ్వరు లేరు ముజ్జగములం జర్చింపఁగా మారుతీ!",vruttamu,Maaruthi,"[('హ', '|'), ('రి', '|'), ('వం', 'U'), ('శో', 'U'), ('త్త', '|'), ('మ', '|'), ('నీ', 'U'), ('వు', '|'), ('చే', 'U'), ('సి', '|'), ('న', '|'), ('వి', '|'), ('చి', '|'), ('త్రా', 'U'), ('చిం', 'U'), ('త్య', '|'), ('కా', 'U'), ('ర్యం', 'U'), ('బు', '|'), ('లా', 'U'), ('హ', '|'), ('రి', '|'), ('యై', 'U'), ('న', 'U'), ('న్హ', '|'), ('రు', '|'), ('డై', 'U'), ('న', '|'), ('పం', 'U'), ('క', '|'), ('జ', '|'), ('భ', '|'), ('వు', '|'), ('డై', 'U'), ('న', 'U'), ('న్ది', '|'), ('గీ', 'U'), ('శు', 'U'), ('ల్పు', '|'), ('రం', 'U'), ('ద', '|'), ('రు', '|'), ('డై', 'U'), ('న', 'U'), ('న్ని', '|'), ('ఖి', '|'), ('లా', 'U'), ('హి', '|'), ('లో', 'U'), ('క', '|'), ('ప', '|'), ('తు', '|'), ('లై', 'U'), ('నం', 'U'), ('జే', 'U'), ('య', '|'), ('గా', 'U'), ('లే', 'U'), ('రు', '|'), ('నీ', 'U'), ('స', '|'), ('రి', '|'), ('వా', 'U'), ('రె', 'U'), ('వ్వ', '|'), ('రు', '|'), ('లే', 'U'), ('రు', '|'), ('ము', 'U'), ('జ్జ', '|'), ('గ', '|'), ('ము', '|'), ('లం', 'U'), ('జ', 'U'), ('ర్చిం', 'U'), ('ప', '|'), ('గా', 'U'), ('మా', 'U'), ('రు', '|'), ('తీ', 'U')]",0.8357142857142857,1.0,1.0,0.9285714285714286,0.25,1.0
mattebhamu,"ధృతియున్‌, నీతియు, సాహసంబు, స్మృతియున్‌, తేజంబు సర్వశ్రుతి
స్మృతిపారీణతయున్‌, యశంబు, విజయోన్మేషంబు, శాస్త్రజ్ఞతా
చతురత్వంబు, శమక్షమాదిగుణముల్‌, సాధుత్వమున్‌, శౌర్యమున్‌
వితతప్రజ్ఞ, జితేంద్రియత్వము రహిన్‌ నీకే తగున్‌ మారుతీ!",vruttamu,Maaruthi,"[('ధృ', '|'), ('తి', '|'), ('యు', 'U'), ('న్నీ', 'U'), ('తి', '|'), ('యు', '|'), ('సా', 'U'), ('హ', '|'), ('సం', 'U'), ('బు', 'U'), ('స్మృ', '|'), ('తి', '|'), ('యు', 'U'), ('న్తే', 'U'), ('జం', 'U'), ('బు', '|'), ('స', 'U'), ('ర్వ', '|'), ('శ్రు', '|'), ('తి', 'U'), ('స్మృ', '|'), ('తి', '|'), ('పా', 'U'), ('రీ', 'U'), ('ణ', '|'), ('త', '|'), ('యు', 'U'), ('న్య', '|'), ('శం', 'U'), ('బు', '|'), ('వి', '|'), ('జ', '|'), ('యో', 'U'), ('న్మే', 'U'), ('షం', 'U'), ('బు', '|'), ('శా', 'U'), ('స్త్ర', 'U'), ('జ్ఞ', '|'), ('తా', 'U'), ('చ', '|'), ('తు', '|'), ('ర', 'U'), ('త్వం', 'U'), ('బు', '|'), ('శ', '|'), ('మ', 'U'), ('క్ష', '|'), ('మా', 'U'), ('ది', '|'), ('గు', '|'), ('ణ', '|'), ('ము', 'U'), ('ల్సా', 'U'), ('ధు', 'U'), ('త్వ', '|'), ('ము', 'U'), ('న్శౌ', 'U'), ('ర్య', '|'), ('మున్', 'U'), ('వి', '|'), ('త', '|'), ('త', '|'), ('ప్ర', 'U'), ('జ్ఞ', '|'), ('జి', '|'), ('తేం', 'U'), ('ద్రి', '|'), ('య', 'U'), ('త్వ', '|'), ('ము', '|'), ('ర', '|'), ('హి', 'U'), ('న్నీ', 'U'), ('కే', 'U'), ('త', '|'), ('గు', 'U'), ('న్మా', 'U'), ('రు', '|'), ('తీ', 'U')]",0.9285714285714285,1.0,1.0,0.8928571428571429,0.75,1.0
saardulamu,"నీ మాహాత్మ్యము, నీ రయోపచయమున్‌, నీ సత్త్వసామగ్రియున్‌
సామాన్యంబె యొకింత వాయువునకున్‌, నాగారికిన్‌ కల్గితే
నేమోకాని తలంప ముజ్జగములం దెవ్వారికిం గల్గదో
హైమాద్రిప్రతిమోన్నతీ! గురుమతీ! అర్కద్యుతీ! మారుతీ!",vruttamu,Maaruthi,"[('నీ', 'U'), ('మా', 'U'), ('హా', 'U'), ('త్మ్య', '|'), ('ము', '|'), ('నీ', 'U'), ('ర', '|'), ('యో', 'U'), ('ప', '|'), ('చ', '|'), ('య', '|'), ('ము', 'U'), ('న్నీ', 'U'), ('స', 'U'), ('త్త్వ', '|'), ('సా', 'U'), ('మ', '|'), ('గ్రి', '|'), ('యున్', 'U'), ('సా', 'U'), ('మా', 'U'), ('న్యం', 'U'), ('బె', '|'), ('యొ', '|'), ('కిం', 'U'), ('త', '|'), ('వా', 'U'), ('యు', '|'), ('వు', '|'), ('న', '|'), ('కు', 'U'), ('న్నా', 'U'), ('గా', 'U'), ('రి', '|'), ('కి', 'U'), ('న్క', 'U'), ('ల్గి', '|'), ('తే', 'U'), ('నే', 'U'), ('మో', 'U'), ('కా', 'U'), ('ని', '|'), ('త', '|'), ('లం', 'U'), ('ప', '|'), ('ము', 'U'), ('జ్జ', '|'), ('గ', '|'), ('ము', '|'), ('లం', 'U'), ('దె', 'U'), ('వ్వా', 'U'), ('రి', '|'), ('కిం', 'U'), ('గ', 'U'), ('ల్గ', '|'), ('దో', 'U'), ('హై', 'U'), ('మా', 'U'), ('ద్రి', '|'), ('ప్ర', '|'), ('తి', '|'), ('మో', 'U'), ('న్న', '|'), ('తీ', 'U'), ('గు', '|'), ('రు', '|'), ('మ', '|'), ('తీ', 'U'), ('అ', 'U'), ('ర్క', 'U'), ('ద్యు', '|'), ('తీ', 'U'), ('మా', 'U'), ('రు', '|'), ('తీ', 'U')]",0.8857142857142858,1.0,1.0,0.9285714285714286,0.5,1.0
mattebhamu,"ఉదయాస్తాద్రులమీఁద పాదయుగళం బొప్పారగా నుంచి, మే
ను దివంబంతయు నిండఁ బెంచి, యలభానుం డర్మిలిం జెప్పఁగా
జదువుల్‌ నేర్చుతఱిన్‌ భవత్తనువిలాసంబంతయుం జూచి స
ర్వదివౌకుల్‌ వెఱతోఁ ద్రివిక్రమునిగా భావింపరే మారుతీ!",vruttamu,Maaruthi,"[('ఉ', '|'), ('ద', '|'), ('యా', 'U'), ('స్తా', 'U'), ('ద్రు', '|'), ('ల', '|'), ('మీ', 'U'), ('ద', '|'), ('పా', 'U'), ('ద', '|'), ('యు', '|'), ('గ', '|'), ('ళం', 'U'), ('బొ', 'U'), ('ప్పా', 'U'), ('ర', '|'), ('గా', 'U'), ('నుం', 'U'), ('చి', '|'), ('మే', 'U'), ('ను', '|'), ('ది', '|'), ('వం', 'U'), ('బం', 'U'), ('త', '|'), ('యు', '|'), ('నిం', 'U'), ('డ', '|'), ('బెం', 'U'), ('చి', '|'), ('య', '|'), ('ల', '|'), ('భా', 'U'), ('నుం', 'U'), ('డ', 'U'), ('ర్మి', '|'), ('లిం', 'U'), ('జె', 'U'), ('ప్ప', '|'), ('గా', 'U'), ('జ', '|'), ('దు', '|'), ('వు', 'U'), ('ల్నే', 'U'), ('ర్చు', '|'), ('త', '|'), ('ఱి', 'U'), ('న్భ', '|'), ('వ', 'U'), ('త్త', '|'), ('ను', '|'), ('వి', '|'), ('లా', 'U'), ('సం', 'U'), ('బం', 'U'), ('త', '|'), ('యుం', 'U'), ('జూ', 'U'), ('చి', '|'), ('స', 'U'), ('ర్వ', '|'), ('ది', '|'), ('వౌ', 'U'), ('కు', 'U'), ('ల్వె', '|'), ('ఱ', '|'), ('తో', 'U'), ('ద్రి', '|'), ('వి', '|'), ('క్ర', '|'), ('ము', '|'), ('ని', '|'), ('గా', 'U'), ('భా', 'U'), ('విం', 'U'), ('ప', '|'), ('రే', 'U'), ('మా', 'U'), ('రు', '|'), ('తీ', 'U')]",0.8928571428571429,1.0,1.0,0.9642857142857143,0.5,1.0
mattebhamu,"అమరాద్రిప్రతిమానవిగ్రహము, బాలార్కప్రతీకాశవ
క్త్రము శోభిల్లఁగ బారిజాతతరుమూలం బందు గూర్చుండి, యు
త్తమభక్తిన్‌ రఘురామమూర్తిని మదిన్‌ ధ్యానింపుచున్‌ దత్పవి
త్రమహామంత్ర మొగిన్‌ జపించు నిను నే బ్రార్థించెదన్‌ మారుతీ!",vruttamu,Maaruthi,"[('అ', '|'), ('మ', '|'), ('రా', 'U'), ('ద్రి', '|'), ('ప్ర', '|'), ('తి', '|'), ('మా', 'U'), ('న', '|'), ('వి', '|'), ('గ్ర', '|'), ('హ', '|'), ('ము', '|'), ('బా', 'U'), ('లా', 'U'), ('ర్క', '|'), ('ప్ర', '|'), ('తీ', 'U'), ('కా', 'U'), ('శ', '|'), ('వ', 'U'), ('క్త్ర', '|'), ('ము', '|'), ('శో', 'U'), ('భి', 'U'), ('ల్ల', '|'), ('గ', '|'), ('బా', 'U'), ('రి', '|'), ('జా', 'U'), ('త', '|'), ('త', '|'), ('రు', '|'), ('మూ', 'U'), ('లం', 'U'), ('బం', 'U'), ('దు', '|'), ('గూ', 'U'), ('ర్చుం', 'U'), ('డి', '|'), ('యు', 'U'), ('త్త', '|'), ('మ', '|'), ('భ', 'U'), ('క్తి', '|'), ('న్ర', '|'), ('ఘు', '|'), ('రా', 'U'), ('మ', '|'), ('మూ', 'U'), ('ర్తి', '|'), ('ని', '|'), ('మ', '|'), ('ది', 'U'), ('న్ధ్యా', 'U'), ('నిం', 'U'), ('పు', '|'), ('చు', 'U'), ('న్ద', 'U'), ('త్ప', '|'), ('వి', '|'), ('త్ర', '|'), ('మ', '|'), ('హా', 'U'), ('మం', 'U'), ('త్ర', '|'), ('మొ', '|'), ('గి', 'U'), ('న్జ', '|'), ('పిం', 'U'), ('చు', '|'), ('ని', '|'), ('ను', '|'), ('నే', 'U'), ('బ్రా', 'U'), ('ర్థిం', 'U'), ('చె', '|'), ('ద', 'U'), ('న్మా', 'U'), ('రు', '|'), ('తీ', 'U')]",0.8642857142857142,1.0,1.0,0.8214285714285714,0.5,1.0
saardulamu,"నీ కళ్యానగుణంబులున్‌, మహిమయున్‌, నీరేజగర్భుండు, తా
రాకాంతుండును, భోగివల్లభుఁడు, గీర్వాణప్రభుండును, భవా
నీకాంతుండు గణింపజాల రనినన్‌ నేనెంతవాడన్‌ రహిన్‌
నాకుం దోఁచినభంగి నెన్నితిఁ గృపన్‌ మన్నింపవే మారుతీ!",vruttamu,Maaruthi,"[('నీ', 'U'), ('క', 'U'), ('ళ్యా', 'U'), ('న', '|'), ('గు', '|'), ('ణం', 'U'), ('బు', '|'), ('లు', 'U'), ('న్మ', '|'), ('హి', '|'), ('మ', '|'), ('యు', 'U'), ('న్నీ', 'U'), ('రే', 'U'), ('జ', '|'), ('గ', 'U'), ('ర్భుం', 'U'), ('డు', '|'), ('తా', 'U'), ('రా', 'U'), ('కాం', 'U'), ('తుం', 'U'), ('డు', '|'), ('ను', '|'), ('భో', 'U'), ('గి', '|'), ('వ', 'U'), ('ల్ల', '|'), ('భు', '|'), ('డు', '|'), ('గీ', 'U'), ('ర్వా', 'U'), ('ణ', '|'), ('ప్ర', '|'), ('భుం', 'U'), ('డు', '|'), ('ను', '|'), ('భ', '|'), ('వా', 'U'), ('నీ', 'U'), ('కాం', 'U'), ('తుం', 'U'), ('డు', '|'), ('గ', '|'), ('ణిం', 'U'), ('ప', '|'), ('జా', 'U'), ('ల', '|'), ('ర', '|'), ('ని', '|'), ('న', 'U'), ('న్నే', 'U'), ('నెం', 'U'), ('త', '|'), ('వా', 'U'), ('డ', '|'), ('న్ర', '|'), ('హిన్', 'U'), ('నా', 'U'), ('కుం', 'U'), ('దో', 'U'), ('చి', '|'), ('న', '|'), ('భం', 'U'), ('గి', '|'), ('నె', 'U'), ('న్ని', '|'), ('తి', '|'), ('గృ', '|'), ('ప', 'U'), ('న్మ', 'U'), ('న్నిం', 'U'), ('ప', '|'), ('వే', 'U'), ('మా', 'U'), ('రు', '|'), ('తీ', 'U')]",0.6902255639097745,0.9868421052631579,1.0,0.4642857142857143,0.5,0.5
saardulamu,"ఆరామాధిపు నొద్ద వానరు లనేకాక్షౌహిణుల్‌ లేరె? యె
వ్వారైనన్‌ బహులక్షయోజనము లవ్వారాశి లంఘించి, సొం
పారన్‌ యామములోన నౌషధినగం బాసక్తి తేఁజాలిరే?
ఔరా! నీకది జెల్లెఁగాక! కపివంశాగ్రేసరా! మారుతీ!",vruttamu,Maaruthi,"[('ఆ', 'U'), ('రా', 'U'), ('మా', 'U'), ('ధి', '|'), ('పు', '|'), ('నొ', 'U'), ('ద్ద', '|'), ('వా', 'U'), ('న', '|'), ('రు', '|'), ('ల', '|'), ('నే', 'U'), ('కా', 'U'), ('క్షౌ', 'U'), ('హి', '|'), ('ణు', 'U'), ('ల్లే', 'U'), ('రె', '|'), ('యె', 'U'), ('వ్వా', 'U'), ('రై', 'U'), ('న', 'U'), ('న్బ', '|'), ('హు', '|'), ('ల', 'U'), ('క్ష', '|'), ('యో', 'U'), ('జ', '|'), ('న', '|'), ('ము', '|'), ('ల', 'U'), ('వ్వా', 'U'), ('రా', 'U'), ('శి', '|'), ('లం', 'U'), ('ఘిం', 'U'), ('చి', '|'), ('సొం', 'U'), ('పా', 'U'), ('ర', 'U'), ('న్యా', 'U'), ('మ', '|'), ('ము', '|'), ('లో', 'U'), ('న', '|'), ('నౌ', 'U'), ('ష', '|'), ('ధి', '|'), ('న', '|'), ('గం', 'U'), ('బా', 'U'), ('స', 'U'), ('క్తి', '|'), ('తే', 'U'), ('జా', 'U'), ('లి', '|'), ('రే', 'U'), ('ఔ', 'U'), ('రా', 'U'), ('నీ', 'U'), ('క', '|'), ('ది', '|'), ('జె', 'U'), ('ల్లె', '|'), ('గా', 'U'), ('క', '|'), ('క', '|'), ('పి', '|'), ('వం', 'U'), ('శా', 'U'), ('గ్రే', 'U'), ('స', '|'), ('రా', 'U'), ('మా', 'U'), ('రు', '|'), ('తీ', 'U')]",0.9,1.0,1.0,1.0,0.5,1.0
saardulamu,"నీ నామంబు పఠించినన్‌ నిను మదిం జింతించినన్‌ నీ కథా
గానం బుద్ధతి సల్పినం గరము వేడ్కన్‌ నిన్నుఁ బూజించినన్‌
నానావ్యాధులడంగు, వేలుపుల సన్మానంబు సంధిల్లు, వి
ద్యానైపుణ్యము గల్గు, చేకుఱును దీర్ఘాయుష్యమున్‌ మారుతీ!",vruttamu,Maaruthi,"[('నీ', 'U'), ('నా', 'U'), ('మం', 'U'), ('బు', '|'), ('ప', '|'), ('ఠిం', 'U'), ('చి', '|'), ('న', 'U'), ('న్ని', '|'), ('ను', '|'), ('మ', '|'), ('దిం', 'U'), ('జిం', 'U'), ('తిం', 'U'), ('చి', '|'), ('న', 'U'), ('న్నీ', 'U'), ('క', '|'), ('థా', 'U'), ('గా', 'U'), ('నం', 'U'), ('బు', 'U'), ('ద్ధ', '|'), ('తి', '|'), ('స', 'U'), ('ల్పి', '|'), ('నం', 'U'), ('గ', '|'), ('ర', '|'), ('ము', '|'), ('వే', 'U'), ('డ్క', 'U'), ('న్ని', 'U'), ('న్ను', '|'), ('బూ', 'U'), ('జిం', 'U'), ('చి', '|'), ('నన్', 'U'), ('నా', 'U'), ('నా', 'U'), ('వ్యా', 'U'), ('ధు', '|'), ('ల', '|'), ('డం', 'U'), ('గు', '|'), ('వే', 'U'), ('లు', '|'), ('పు', '|'), ('ల', '|'), ('స', 'U'), ('న్మా', 'U'), ('నం', 'U'), ('బు', '|'), ('సం', 'U'), ('ధి', 'U'), ('ల్లు', '|'), ('వి', 'U'), ('ద్యా', 'U'), ('నై', 'U'), ('పు', 'U'), ('ణ్య', '|'), ('ము', '|'), ('గ', 'U'), ('ల్గు', '|'), ('చే', 'U'), ('కు', '|'), ('ఱు', '|'), ('ను', '|'), ('దీ', 'U'), ('ర్ఘా', 'U'), ('యు', 'U'), ('ష్య', '|'), ('ము', 'U'), ('న్మా', 'U'), ('రు', '|'), ('తీ', 'U')]",0.9,1.0,1.0,1.0,0.5,1.0
saardulamu,"నీపేరెంచిన శత్రువర్గము వెసన్‌ నిర్మూలమైపోవు సం
తాపంబుల్‌ దొలఁగున్‌, సమస్తదురితాంతం బౌను, కూశ్మాండ మా
రీ, పైశాచిక యక్ష రాక్షసగ్రహ, ప్రేతోగ్ర భూతాదినా
నాపీడల్‌ నశియించు, భద్రమొదవున్‌ సత్యంబుగా మారుతీ!",vruttamu,Maaruthi,"[('నీ', 'U'), ('పే', 'U'), ('రెం', 'U'), ('చి', '|'), ('న', '|'), ('శ', '|'), ('త్రు', '|'), ('వ', 'U'), ('ర్గ', '|'), ('ము', '|'), ('వె', '|'), ('స', 'U'), ('న్ని', 'U'), ('ర్మూ', 'U'), ('ల', '|'), ('మై', 'U'), ('పో', 'U'), ('వు', '|'), ('సం', 'U'), ('తా', 'U'), ('పం', 'U'), ('బు', 'U'), ('ల్దొ', '|'), ('ల', '|'), ('గు', 'U'), ('న్స', '|'), ('మ', 'U'), ('స్త', '|'), ('దు', '|'), ('రి', '|'), ('తాం', 'U'), ('తం', 'U'), ('బౌ', 'U'), ('ను', '|'), ('కూ', 'U'), ('శ్మాం', 'U'), ('డ', '|'), ('మా', 'U'), ('రీ', 'U'), ('పై', 'U'), ('శా', 'U'), ('చి', '|'), ('క', '|'), ('య', 'U'), ('క్ష', '|'), ('రా', 'U'), ('క్ష', '|'), ('స', '|'), ('గ్ర', '|'), ('హ', '|'), ('ప్రే', 'U'), ('తో', 'U'), ('గ్ర', '|'), ('భూ', 'U'), ('తా', 'U'), ('ది', '|'), ('నా', 'U'), ('నా', 'U'), ('పీ', 'U'), ('డ', 'U'), ('ల్న', '|'), ('శి', '|'), ('యిం', 'U'), ('చు', '|'), ('భ', '|'), ('ద్ర', '|'), ('మొ', '|'), ('ద', '|'), ('వు', 'U'), ('న్స', 'U'), ('త్యం', 'U'), ('బు', '|'), ('గా', 'U'), ('మా', 'U'), ('రు', '|'), ('తీ', 'U')]",0.9785714285714284,1.0,1.0,0.8928571428571429,1.0,1.0
mattebhamu,"విమలంబై, వినఁ జిత్రమై, వితతమై, విద్యోతమై, వేద్యమై,
యమృతంబై, యఘహారమై, యమితమై, యానందమై యాద్యమై
సుమనస్సమ్మతమై, సుధీవినుతమై, సుజ్ఞానమై, సూచ్యమై,
సముదంచద్గతి నొప్పు నీ మహిమ కీశగ్రామణీ, మారుతీ!",vruttamu,Maaruthi,"[('వి', '|'), ('మ', '|'), ('లం', 'U'), ('బై', 'U'), ('వి', '|'), ('న', '|'), ('జి', '|'), ('త్ర', '|'), ('మై', 'U'), ('వి', '|'), ('త', '|'), ('త', '|'), ('మై', 'U'), ('వి', 'U'), ('ద్యో', 'U'), ('త', '|'), ('మై', 'U'), ('వే', 'U'), ('ద్య', '|'), ('మై', 'U'), ('య', '|'), ('మృ', '|'), ('తం', 'U'), ('బై', 'U'), ('య', '|'), ('ఘ', '|'), ('హా', 'U'), ('ర', '|'), ('మై', 'U'), ('య', '|'), ('మి', '|'), ('త', '|'), ('మై', 'U'), ('యా', 'U'), ('నం', 'U'), ('ద', '|'), ('మై', 'U'), ('యా', 'U'), ('ద్య', '|'), ('మై', 'U'), ('సు', '|'), ('మ', '|'), ('న', 'U'), ('స్స', 'U'), ('మ్మ', '|'), ('త', '|'), ('మై', 'U'), ('సు', '|'), ('ధీ', 'U'), ('వి', '|'), ('ను', '|'), ('త', '|'), ('మై', 'U'), ('సు', 'U'), ('జ్ఞా', 'U'), ('న', '|'), ('మై', 'U'), ('సూ', 'U'), ('చ్య', '|'), ('మై', 'U'), ('స', '|'), ('ము', '|'), ('దం', 'U'), ('చ', 'U'), ('ద్గ', '|'), ('తి', '|'), ('నొ', 'U'), ('ప్పు', '|'), ('నీ', 'U'), ('మ', '|'), ('హి', '|'), ('మ', '|'), ('కీ', 'U'), ('శ', '|'), ('గ్రా', 'U'), ('మ', '|'), ('ణీ', 'U'), ('మా', 'U'), ('రు', '|'), ('తీ', 'U')]",0.9857142857142858,1.0,1.0,0.9285714285714286,1.0,1.0
saardulamu,"ఆ సుగ్రీవుఁడు కీశరాజ్యపదవిం బ్రాపించుటల్‌ రాముఁడు
ల్లాసంబొప్పఁగ నవ్విభీషణునకున్‌ లంకాపురం బిచ్చుటల్‌
వాసింగాంచి తరించుటల్‌ దశముఖున్‌ భంజించుటల్‌, మూర్ఛితుం
డౌ సౌమిత్రినిఁ దేర్చుటల్‌, మరల సీతావాప్తియున్‌ సర్వమున్‌
నీ సాహాయము చేతనే కద? లసన్మేధానిధీ మారుతీ!",vruttamu,Maaruthi,"[('ఆ', 'U'), ('సు', '|'), ('గ్రీ', 'U'), ('వు', '|'), ('డు', '|'), ('కీ', 'U'), ('శ', '|'), ('రా', 'U'), ('జ్య', '|'), ('ప', '|'), ('ద', '|'), ('విం', 'U'), ('బ్రా', 'U'), ('పిం', 'U'), ('చు', '|'), ('ట', '|'), ('ల్రా', 'U'), ('ము', '|'), ('డు', 'U'), ('ల్లా', 'U'), ('సం', 'U'), ('బొ', 'U'), ('ప్ప', '|'), ('గ', '|'), ('న', 'U'), ('వ్వి', '|'), ('భీ', 'U'), ('ష', '|'), ('ణు', '|'), ('న', '|'), ('కు', 'U'), ('న్లం', 'U'), ('కా', 'U'), ('పు', '|'), ('రం', 'U'), ('బి', 'U'), ('చ్చు', '|'), ('టల్', 'U'), ('వా', 'U'), ('సిం', 'U'), ('గాం', 'U'), ('చి', '|'), ('త', '|'), ('రిం', 'U'), ('చు', '|'), ('ట', 'U'), ('ల్ద', '|'), ('శ', '|'), ('ము', '|'), ('ఖు', 'U'), ('న్భం', 'U'), ('జిం', 'U'), ('చు', '|'), ('ట', 'U'), ('ల్మూ', 'U'), ('ర్ఛి', '|'), ('తుం', 'U'), ('డౌ', 'U'), ('సౌ', 'U'), ('మి', '|'), ('త్రి', '|'), ('ని', '|'), ('దే', 'U'), ('ర్చు', '|'), ('ట', 'U'), ('ల్మ', '|'), ('ర', '|'), ('ల', '|'), ('సీ', 'U'), ('తా', 'U'), ('వా', 'U'), ('ప్తి', '|'), ('యు', 'U'), ('న్స', 'U'), ('ర్వ', '|'), ('మున్', 'U'), ('నీ', 'U'), ('సా', 'U'), ('హా', 'U'), ('య', '|'), ('ము', '|'), ('చే', 'U'), ('త', '|'), ('నే', 'U'), ('క', '|'), ('ద', '|'), ('ల', '|'), ('స', 'U'), ('న్మే', 'U'), ('ధా', 'U'), ('ని', '|'), ('ధీ', 'U'), ('మా', 'U'), ('రు', '|'), ('తీ', 'U')]",0.7785714285714286,0.75,1.0,0.8928571428571429,0.25,1.0
mattebhamu,"పదదోషంబులు సంధిదోషము, యతిప్రాసాదిదోషంబులున్‌
ప్రథితవ్యర్థ సమాసదోషము రసార్థప్రక్రియాదోషముల్‌
పదపద్యంబులఁ గల్గియున్న ననుకంపన్‌ వాని నన్నింటి నీ
మది సైరించి, గుణంబుగాఁ గొని ననుం బాలింపవే మారుతీ!",vruttamu,Maaruthi,"[('ప', '|'), ('ద', '|'), ('దో', 'U'), ('షం', 'U'), ('బు', '|'), ('లు', '|'), ('సం', 'U'), ('ధి', '|'), ('దో', 'U'), ('ష', '|'), ('ము', '|'), ('య', '|'), ('తి', '|'), ('ప్రా', 'U'), ('సా', 'U'), ('ది', '|'), ('దో', 'U'), ('షం', 'U'), ('బు', '|'), ('లున్', 'U'), ('ప్ర', '|'), ('థి', '|'), ('త', 'U'), ('వ్య', 'U'), ('ర్థ', '|'), ('స', '|'), ('మా', 'U'), ('స', '|'), ('దో', 'U'), ('ష', '|'), ('ము', '|'), ('ర', '|'), ('సా', 'U'), ('ర్థ', '|'), ('ప్ర', '|'), ('క్రి', '|'), ('యా', 'U'), ('దో', 'U'), ('ష', '|'), ('ముల్', 'U'), ('ప', '|'), ('ద', '|'), ('ప', 'U'), ('ద్యం', 'U'), ('బు', '|'), ('ల', '|'), ('గ', 'U'), ('ల్గి', '|'), ('యు', 'U'), ('న్న', '|'), ('న', '|'), ('ను', '|'), ('కం', 'U'), ('ప', 'U'), ('న్వా', 'U'), ('ని', '|'), ('న', 'U'), ('న్నిం', 'U'), ('టి', '|'), ('నీ', 'U'), ('మ', '|'), ('ది', '|'), ('సై', 'U'), ('రిం', 'U'), ('చి', '|'), ('గు', '|'), ('ణం', 'U'), ('బు', '|'), ('గా', 'U'), ('గొ', '|'), ('ని', '|'), ('న', '|'), ('నుం', 'U'), ('బా', 'U'), ('లిం', 'U'), ('ప', '|'), ('వే', 'U'), ('మా', 'U'), ('రు', '|'), ('తీ', 'U')]",0.9357142857142857,1.0,1.0,0.9285714285714286,1.0,0.75
mattebhamu,"చతురత్వంబున గోపినాథకులవిస్తారుండు శ్రీపద్మనా
భతనూజుండగు వేంకటాఖ్యకవి విద్వత్సమ్మతంబైన యీ
శతకంబున్‌ రచియించి, నీకు సముదంచద్భక్తి నర్పించె, స
మ్మతితో దీనిఁ బరిగ్రహించి, కరుణ బాలింపవే మారుతీ!",vruttamu,Maaruthi,"[('చ', '|'), ('తు', '|'), ('ర', 'U'), ('త్వం', 'U'), ('బు', '|'), ('న', '|'), ('గో', 'U'), ('పి', '|'), ('నా', 'U'), ('థ', '|'), ('కు', '|'), ('ల', '|'), ('వి', 'U'), ('స్తా', 'U'), ('రుం', 'U'), ('డు', '|'), ('శ్రీ', 'U'), ('ప', 'U'), ('ద్మ', '|'), ('నా', 'U'), ('భ', '|'), ('త', '|'), ('నూ', 'U'), ('జుం', 'U'), ('డ', '|'), ('గు', '|'), ('వేం', 'U'), ('క', '|'), ('టా', 'U'), ('ఖ్య', '|'), ('క', '|'), ('వి', '|'), ('వి', 'U'), ('ద్వ', 'U'), ('త్స', 'U'), ('మ్మ', '|'), ('తం', 'U'), ('బై', 'U'), ('న', '|'), ('యీ', 'U'), ('శ', '|'), ('త', '|'), ('కం', 'U'), ('బు', '|'), ('న్ర', '|'), ('చి', '|'), ('యిం', 'U'), ('చి', '|'), ('నీ', 'U'), ('కు', '|'), ('స', '|'), ('ము', '|'), ('దం', 'U'), ('చ', 'U'), ('ద్భ', 'U'), ('క్తి', '|'), ('న', 'U'), ('ర్పిం', 'U'), ('చె', '|'), ('స', 'U'), ('మ్మ', '|'), ('తి', '|'), ('తో', 'U'), ('దీ', 'U'), ('ని', '|'), ('బ', '|'), ('రి', '|'), ('గ్ర', '|'), ('హిం', 'U'), ('చి', '|'), ('క', '|'), ('రు', '|'), ('ణ', '|'), ('బా', 'U'), ('లిం', 'U'), ('ప', '|'), ('వే', 'U'), ('మా', 'U'), ('రు', '|'), ('తీ', 'U')]",0.9285714285714285,1.0,1.0,0.8928571428571429,0.75,1.0
vutpalamaala,"శ్రీపతియైనఁ గాని విధుశేఖరుఁడైన త్రిశూలపాణియై-
నా పరమేష్ఠియైన గణనాయకుఁడైన రమామృడానులై-
నా పలుకుం బొలంతియయినా పరిరక్షణకార్యసత్క్రియో-
ద్దీపనబోధనోక్తులను దెల్పను తల్లినిఁ బోలరెవ్వరున్.",vruttamu,Maathru,"[('శ్రీ', 'U'), ('ప', '|'), ('తి', '|'), ('యై', 'U'), ('న', '|'), ('గా', 'U'), ('ని', '|'), ('వి', '|'), ('ధు', '|'), ('శే', 'U'), ('ఖ', '|'), ('రు', '|'), ('డై', 'U'), ('న', '|'), ('త్రి', '|'), ('శూ', 'U'), ('ల', '|'), ('పా', 'U'), ('ణి', '|'), ('యై', 'U'), ('నా', 'U'), ('ప', '|'), ('ర', '|'), ('మే', 'U'), ('ష్ఠి', '|'), ('యై', 'U'), ('న', '|'), ('గ', '|'), ('ణ', '|'), ('నా', 'U'), ('య', '|'), ('కు', '|'), ('డై', 'U'), ('న', '|'), ('ర', '|'), ('మా', 'U'), ('మృ', '|'), ('డా', 'U'), ('ను', '|'), ('లై', 'U'), ('నా', 'U'), ('ప', '|'), ('లు', '|'), ('కుం', 'U'), ('బొ', '|'), ('లం', 'U'), ('తి', '|'), ('య', '|'), ('యి', '|'), ('నా', 'U'), ('ప', '|'), ('రి', '|'), ('ర', 'U'), ('క్ష', '|'), ('ణ', '|'), ('కా', 'U'), ('ర్య', '|'), ('స', 'U'), ('త్క్రి', '|'), ('యో', 'U'), ('ద్దీ', 'U'), ('ప', '|'), ('న', '|'), ('బో', 'U'), ('ధ', '|'), ('నో', 'U'), ('క్తు', '|'), ('ల', '|'), ('ను', '|'), ('దె', 'U'), ('ల్ప', '|'), ('ను', '|'), ('త', 'U'), ('ల్లి', '|'), ('ని', '|'), ('బో', 'U'), ('ల', '|'), ('రె', 'U'), ('వ్వ', '|'), ('రున్', 'U')]",1.0,1.0,1.0,1.0,1.0,1.0
champakamaala,"జలరుహనేత్రుఁడైన యల చక్కనిదేవునిబొడ్డుతమ్మిలో-
పలను జనించి వాగ్వనిత పాలిటి పెన్నిధియో యనంగఁ బెం-
పలరిన బ్రహ్మసృష్టికిని నాదిమకారణమై త్రయీమయో-
క్తులఁ గొనియాడి నాద్యయగు తొయ్యలిఁ దల్లినిఁ బోలరెవ్వరున్.",vruttamu,Maathru,"[('జ', '|'), ('ల', '|'), ('రు', '|'), ('హ', '|'), ('నే', 'U'), ('త్రు', '|'), ('డై', 'U'), ('న', '|'), ('య', '|'), ('ల', '|'), ('చ', 'U'), ('క్క', '|'), ('ని', '|'), ('దే', 'U'), ('వు', '|'), ('ని', '|'), ('బొ', 'U'), ('డ్డు', '|'), ('త', 'U'), ('మ్మి', '|'), ('లో', 'U'), ('ప', '|'), ('ల', '|'), ('ను', '|'), ('జ', '|'), ('నిం', 'U'), ('చి', '|'), ('వా', 'U'), ('గ్వ', '|'), ('ని', '|'), ('త', '|'), ('పా', 'U'), ('లి', '|'), ('టి', '|'), ('పె', 'U'), ('న్ని', '|'), ('ధి', '|'), ('యో', 'U'), ('య', '|'), ('నం', 'U'), ('గ', '|'), ('బెం', 'U'), ('ప', '|'), ('ల', '|'), ('రి', '|'), ('న', '|'), ('బ్ర', 'U'), ('హ్మ', '|'), ('సృ', 'U'), ('ష్టి', '|'), ('కి', '|'), ('ని', '|'), ('నా', 'U'), ('ది', '|'), ('మ', '|'), ('కా', 'U'), ('ర', '|'), ('ణ', '|'), ('మై', 'U'), ('త్ర', '|'), ('యీ', 'U'), ('మ', '|'), ('యో', 'U'), ('క్తు', '|'), ('ల', '|'), ('గొ', '|'), ('ని', '|'), ('యా', 'U'), ('డి', '|'), ('నా', 'U'), ('ద్య', '|'), ('య', '|'), ('గు', '|'), ('తొ', 'U'), ('య్య', '|'), ('లి', '|'), ('ద', 'U'), ('ల్లి', '|'), ('ని', '|'), ('బో', 'U'), ('ల', '|'), ('రె', 'U'), ('వ్వ', '|'), ('రున్', 'U')]",0.95,1.0,1.0,1.0,0.75,1.0
champakamaala,"చిఱుతతనంబునన్ జెలులఁ జేరి విహారము సల్పువేళ నా-
దరమునఁ గొయ్యబొమ్మను ముదంబునఁ బుత్రునిగాఁ దలంచి తాఁ
బరవశమొంది వేడుక నెపంబిడి లాలనఁ జేసి మిక్కిలిన్
మురిపముఁ గాంచి మోహమున నూల్కొను తల్లినిఁ బోలరెవ్వరున్.",vruttamu,Maathru,"[('చి', '|'), ('ఱు', '|'), ('త', '|'), ('త', '|'), ('నం', 'U'), ('బు', '|'), ('న', 'U'), ('న్జె', '|'), ('లు', '|'), ('ల', '|'), ('జే', 'U'), ('రి', '|'), ('వి', '|'), ('హా', 'U'), ('ర', '|'), ('ము', '|'), ('స', 'U'), ('ల్పు', '|'), ('వే', 'U'), ('ళ', '|'), ('నా', 'U'), ('ద', '|'), ('ర', '|'), ('ము', '|'), ('న', '|'), ('గొ', 'U'), ('య్య', '|'), ('బొ', 'U'), ('మ్మ', '|'), ('ను', '|'), ('ము', '|'), ('దం', 'U'), ('బు', '|'), ('న', '|'), ('బు', '|'), ('త్రు', '|'), ('ని', '|'), ('గా', 'U'), ('ద', '|'), ('లం', 'U'), ('చి', '|'), ('తా', 'U'), ('బ', '|'), ('ర', '|'), ('వ', '|'), ('శ', '|'), ('మొం', 'U'), ('ది', '|'), ('వే', 'U'), ('డు', '|'), ('క', '|'), ('నె', '|'), ('పం', 'U'), ('బి', '|'), ('డి', '|'), ('లా', 'U'), ('ల', '|'), ('న', '|'), ('జే', 'U'), ('సి', '|'), ('మి', 'U'), ('క్కి', '|'), ('లిన్', 'U'), ('ము', '|'), ('రి', '|'), ('ప', '|'), ('ము', '|'), ('గాం', 'U'), ('చి', '|'), ('మో', 'U'), ('హ', '|'), ('ము', '|'), ('న', '|'), ('నూ', 'U'), ('ల్కొ', '|'), ('ను', '|'), ('త', 'U'), ('ల్లి', '|'), ('ని', '|'), ('బో', 'U'), ('ల', '|'), ('రె', 'U'), ('వ్వ', '|'), ('రున్', 'U')]",0.8928571428571429,1.0,1.0,0.9642857142857143,0.75,0.75
vutpalamaala,"బాలలఁ గూడి బొమ్మ నొడిపైఁ గడుఁబ్రేమ చెలంగ నిల్పి తా-
నోలలు పాడుచున్ బొదలి యుగ్గిడి కేలను మేను దువ్వుచోఁ
జాల మనంబుతో నిటులఁ జక్కనిపట్టిని గాన నెప్పుడో
కాల మటంచు నెంచు మదిఁ గల్గిన తల్లినిఁ బోలరెవ్వరున్.",vruttamu,Maathru,"[('బా', 'U'), ('ల', '|'), ('ల', '|'), ('గూ', 'U'), ('డి', '|'), ('బొ', 'U'), ('మ్మ', '|'), ('నొ', '|'), ('డి', '|'), ('పై', 'U'), ('గ', '|'), ('డు', '|'), ('బ్రే', 'U'), ('మ', '|'), ('చె', '|'), ('లం', 'U'), ('గ', '|'), ('ని', 'U'), ('ల్పి', '|'), ('తా', 'U'), ('నో', 'U'), ('ల', '|'), ('లు', '|'), ('పా', 'U'), ('డు', '|'), ('చు', 'U'), ('న్బొ', '|'), ('ద', '|'), ('లి', '|'), ('యు', 'U'), ('గ్గి', '|'), ('డి', '|'), ('కే', 'U'), ('ల', '|'), ('ను', '|'), ('మే', 'U'), ('ను', '|'), ('దు', 'U'), ('వ్వు', '|'), ('చో', 'U'), ('జా', 'U'), ('ల', '|'), ('మ', '|'), ('నం', 'U'), ('బు', '|'), ('తో', 'U'), ('ని', '|'), ('టు', '|'), ('ల', '|'), ('జ', 'U'), ('క్క', '|'), ('ని', '|'), ('ప', 'U'), ('ట్టి', '|'), ('ని', '|'), ('గా', 'U'), ('న', '|'), ('నె', 'U'), ('ప్పు', '|'), ('డో', 'U'), ('కా', 'U'), ('ల', '|'), ('మ', '|'), ('టం', 'U'), ('చు', '|'), ('నెం', 'U'), ('చు', '|'), ('మ', '|'), ('ది', '|'), ('గ', 'U'), ('ల్గి', '|'), ('న', '|'), ('త', 'U'), ('ల్లి', '|'), ('ని', '|'), ('బో', 'U'), ('ల', '|'), ('రె', 'U'), ('వ్వ', '|'), ('రున్', 'U')]",0.95,1.0,1.0,1.0,0.75,1.0
champakamaala,"ఇలఁ గల దేవతాతతులనెల్ల మనంబున నెంచి నామముల్
పలుమఱు నోటఁ బల్కుచును బార్వతి గేహముఁ జొచ్చి శాంభవీ-
లలితకుమారసంభవఫలప్రదమైన వివాహమింకఁ గా-
వలెనని మ్రొక్కి వేఁడు సుతవాంఛకుఁ దల్లినిఁ బోలరెవ్వరున్.",vruttamu,Maathru,"[('ఇ', '|'), ('ల', '|'), ('గ', '|'), ('ల', '|'), ('దే', 'U'), ('వ', '|'), ('తా', 'U'), ('త', '|'), ('తు', '|'), ('ల', '|'), ('నె', 'U'), ('ల్ల', '|'), ('మ', '|'), ('నం', 'U'), ('బు', '|'), ('న', '|'), ('నెం', 'U'), ('చి', '|'), ('నా', 'U'), ('మ', '|'), ('ముల్', 'U'), ('ప', '|'), ('లు', '|'), ('మ', '|'), ('ఱు', '|'), ('నో', 'U'), ('ట', '|'), ('బ', 'U'), ('ల్కు', '|'), ('చు', '|'), ('ను', '|'), ('బా', 'U'), ('ర్వ', '|'), ('తి', '|'), ('గే', 'U'), ('హ', '|'), ('ము', '|'), ('జొ', 'U'), ('చ్చి', '|'), ('శాం', 'U'), ('భ', '|'), ('వీ', 'U'), ('ల', '|'), ('లి', '|'), ('త', '|'), ('కు', '|'), ('మా', 'U'), ('ర', '|'), ('సం', 'U'), ('భ', '|'), ('వ', '|'), ('ఫ', '|'), ('ల', '|'), ('ప్ర', '|'), ('ద', '|'), ('మై', 'U'), ('న', '|'), ('వి', '|'), ('వా', 'U'), ('హ', '|'), ('మిం', 'U'), ('క', '|'), ('గా', 'U'), ('వ', '|'), ('లె', '|'), ('న', '|'), ('ని', '|'), ('మ్రొ', 'U'), ('క్కి', '|'), ('వే', 'U'), ('డు', '|'), ('సు', '|'), ('త', '|'), ('వాం', 'U'), ('ఛ', '|'), ('కు', '|'), ('ద', 'U'), ('ల్లి', '|'), ('ని', '|'), ('బో', 'U'), ('ల', '|'), ('రె', 'U'), ('వ్వ', '|'), ('రున్', 'U')]",0.9428571428571428,1.0,1.0,0.9642857142857143,0.75,1.0
champakamaala,"చిలుకలు లేని పంజరము శీతమయూఖుఁడు లేని రాత్రి చెం-
గలువలు లేని పెంగొలను గాదె పరేహసుఖప్రదానని-
ర్మలగుణశాలి నాఁ దగు కుమారకునిం గనలేనిదాని మే-
ల్చెలువమదేల యంచు మదిఁ జింతిలు తల్లినిఁ బోలరెవ్వరున్.",vruttamu,Maathru,"[('చి', '|'), ('లు', '|'), ('క', '|'), ('లు', '|'), ('లే', 'U'), ('ని', '|'), ('పం', 'U'), ('జ', '|'), ('ర', '|'), ('ము', '|'), ('శీ', 'U'), ('త', '|'), ('మ', '|'), ('యూ', 'U'), ('ఖు', '|'), ('డు', '|'), ('లే', 'U'), ('ని', '|'), ('రా', 'U'), ('త్రి', '|'), ('చెం', 'U'), ('గ', '|'), ('లు', '|'), ('వ', '|'), ('లు', '|'), ('లే', 'U'), ('ని', '|'), ('పెం', 'U'), ('గొ', '|'), ('ల', '|'), ('ను', '|'), ('గా', 'U'), ('దె', '|'), ('ప', '|'), ('రే', 'U'), ('హ', '|'), ('సు', '|'), ('ఖ', '|'), ('ప్ర', '|'), ('దా', 'U'), ('న', '|'), ('ని', 'U'), ('ర్మ', '|'), ('ల', '|'), ('గు', '|'), ('ణ', '|'), ('శా', 'U'), ('లి', '|'), ('నా', 'U'), ('ద', '|'), ('గు', '|'), ('కు', '|'), ('మా', 'U'), ('ర', '|'), ('కు', '|'), ('నిం', 'U'), ('గ', '|'), ('న', '|'), ('లే', 'U'), ('ని', '|'), ('దా', 'U'), ('ని', '|'), ('మే', 'U'), ('ల్చె', '|'), ('లు', '|'), ('వ', '|'), ('మ', '|'), ('దే', 'U'), ('ల', '|'), ('యం', 'U'), ('చు', '|'), ('మ', '|'), ('ది', '|'), ('జిం', 'U'), ('తి', '|'), ('లు', '|'), ('త', 'U'), ('ల్లి', '|'), ('ని', '|'), ('బో', 'U'), ('ల', '|'), ('రె', 'U'), ('వ్వ', '|'), ('రున్', 'U')]",0.9928571428571429,1.0,1.0,0.9642857142857143,1.0,1.0
champakamaala,"సుతులను గన్నయట్టి నెఱసుందరులం గని భాగ్యభోగసం-
గతమతులార నందనులు గల్గుటకున్ దిటమార నేమి నోఁ-
చితిరొ తపంబు లేమి మఱి చేసితిరో యని పుత్రవాంఛలోఁ
గుతుక మెలర్పఁగా నడుగు కోమలిఁ దల్లినిఁ బోలరెవ్వరున్.",vruttamu,Maathru,"[('సు', '|'), ('తు', '|'), ('ల', '|'), ('ను', '|'), ('గ', 'U'), ('న్న', '|'), ('య', 'U'), ('ట్టి', '|'), ('నె', '|'), ('ఱ', '|'), ('సుం', 'U'), ('ద', '|'), ('రు', '|'), ('లం', 'U'), ('గ', '|'), ('ని', '|'), ('భా', 'U'), ('గ్య', '|'), ('భో', 'U'), ('గ', '|'), ('సం', 'U'), ('గ', '|'), ('త', '|'), ('మ', '|'), ('తు', '|'), ('లా', 'U'), ('ర', '|'), ('నం', 'U'), ('ద', '|'), ('ను', '|'), ('లు', '|'), ('గ', 'U'), ('ల్గు', '|'), ('ట', '|'), ('కు', 'U'), ('న్ది', '|'), ('ట', '|'), ('మా', 'U'), ('ర', '|'), ('నే', 'U'), ('మి', '|'), ('నో', 'U'), ('చి', '|'), ('తి', '|'), ('రొ', '|'), ('త', '|'), ('పం', 'U'), ('బు', '|'), ('లే', 'U'), ('మి', '|'), ('మ', '|'), ('ఱి', '|'), ('చే', 'U'), ('సి', '|'), ('తి', '|'), ('రో', 'U'), ('య', '|'), ('ని', '|'), ('పు', '|'), ('త్ర', '|'), ('వాం', 'U'), ('ఛ', '|'), ('లో', 'U'), ('గు', '|'), ('తు', '|'), ('క', '|'), ('మె', '|'), ('ల', 'U'), ('ర్ప', '|'), ('గా', 'U'), ('న', '|'), ('డు', '|'), ('గు', '|'), ('కో', 'U'), ('మ', '|'), ('లి', '|'), ('ద', 'U'), ('ల్లి', '|'), ('ని', '|'), ('బో', 'U'), ('ల', '|'), ('రె', 'U'), ('వ్వ', '|'), ('రున్', 'U')]",0.9928571428571429,1.0,1.0,0.9642857142857143,1.0,1.0
champakamaala,"పొరుగిరుగిండ్ల భామినులు పుత్రులు గల్గుట కాత్మతత్త్వసు-
స్థిరమతిఁ జేయు సాధనముఁ జెప్పిన య ట్లుపవాసదేవతా-
చరణయుగార్చనప్రభృతి సత్కృతులెల్లను దానొనర్చుచోఁ
జిఱుతల మీఁది యాశ మదిఁ జేడ్పడు తల్లినిఁ బోలరెవ్వరున్.",vruttamu,Maathru,"[('పొ', '|'), ('రు', '|'), ('గి', '|'), ('రు', '|'), ('గిం', 'U'), ('డ్ల', '|'), ('భా', 'U'), ('మి', '|'), ('ను', '|'), ('లు', '|'), ('పు', '|'), ('త్రు', '|'), ('లు', '|'), ('గ', 'U'), ('ల్గు', '|'), ('ట', '|'), ('కా', 'U'), ('త్మ', '|'), ('త', 'U'), ('త్త్వ', '|'), ('సు', 'U'), ('స్థి', '|'), ('ర', '|'), ('మ', '|'), ('తి', '|'), ('జే', 'U'), ('యు', '|'), ('సా', 'U'), ('ధ', '|'), ('న', '|'), ('ము', '|'), ('జె', 'U'), ('ప్పి', '|'), ('న', '|'), ('య', 'U'), ('ట్లు', '|'), ('ప', '|'), ('వా', 'U'), ('స', '|'), ('దే', 'U'), ('వ', '|'), ('తా', 'U'), ('చ', '|'), ('ర', '|'), ('ణ', '|'), ('యు', '|'), ('గా', 'U'), ('ర్చ', '|'), ('న', '|'), ('ప్ర', '|'), ('భృ', '|'), ('తి', '|'), ('స', 'U'), ('త్కృ', '|'), ('తు', '|'), ('లె', 'U'), ('ల్ల', '|'), ('ను', '|'), ('దా', 'U'), ('నొ', '|'), ('న', 'U'), ('ర్చు', '|'), ('చో', 'U'), ('జి', '|'), ('ఱు', '|'), ('త', '|'), ('ల', '|'), ('మీ', 'U'), ('ది', '|'), ('యా', 'U'), ('శ', '|'), ('మ', '|'), ('ది', '|'), ('జే', 'U'), ('డ్ప', '|'), ('డు', '|'), ('త', 'U'), ('ల్లి', '|'), ('ని', '|'), ('బో', 'U'), ('ల', '|'), ('రె', 'U'), ('వ్వ', '|'), ('రున్', 'U')]",0.9357142857142857,1.0,1.0,0.9285714285714286,1.0,0.75
champakamaala,"తనయుని మీఁది బాళి మదిఁ దాఁకినచో నుపవాస మీశ్వరా-
ర్చనమును నోములాదియగు సత్క్రియలెల్లను జేయుచో నెదం
బెనఁగిన ప్రేమమై నొగిఁ దపింపఁగ నోర్చుచు సౌఖ్యమేమి నె-
మ్మనమున నాస పాల్పడని మానినిఁ దల్లినిఁ బోలరెవ్వరున్.",vruttamu,Maathru,"[('త', '|'), ('న', '|'), ('యు', '|'), ('ని', '|'), ('మీ', 'U'), ('ది', '|'), ('బా', 'U'), ('ళి', '|'), ('మ', '|'), ('ది', '|'), ('దా', 'U'), ('కి', '|'), ('న', '|'), ('చో', 'U'), ('ను', '|'), ('ప', '|'), ('వా', 'U'), ('స', '|'), ('మీ', 'U'), ('శ్వ', '|'), ('రా', 'U'), ('ర్చ', '|'), ('న', '|'), ('ము', '|'), ('ను', '|'), ('నో', 'U'), ('ము', '|'), ('లా', 'U'), ('ది', '|'), ('య', '|'), ('గు', '|'), ('స', 'U'), ('త్క్రి', '|'), ('య', '|'), ('లె', 'U'), ('ల్ల', '|'), ('ను', '|'), ('జే', 'U'), ('యు', '|'), ('చో', 'U'), ('నె', '|'), ('దం', 'U'), ('బె', '|'), ('న', '|'), ('గి', '|'), ('న', '|'), ('ప్రే', 'U'), ('మ', '|'), ('మై', 'U'), ('నొ', '|'), ('గి', '|'), ('ద', '|'), ('పిం', 'U'), ('ప', '|'), ('గ', '|'), ('నో', 'U'), ('ర్చు', '|'), ('చు', '|'), ('సౌ', 'U'), ('ఖ్య', '|'), ('మే', 'U'), ('మి', '|'), ('నె', 'U'), ('మ్మ', '|'), ('న', '|'), ('ము', '|'), ('న', '|'), ('నా', 'U'), ('స', '|'), ('పా', 'U'), ('ల్ప', '|'), ('డ', '|'), ('ని', '|'), ('మా', 'U'), ('ని', '|'), ('ని', '|'), ('ద', 'U'), ('ల్లి', '|'), ('ని', '|'), ('బో', 'U'), ('ల', '|'), ('రె', 'U'), ('వ్వ', '|'), ('రున్', 'U')]",1.0,1.0,1.0,1.0,1.0,1.0
vutpalamaala,"సేతువులో మునుంగు నతిశేముషి దీనుల నన్నదానసం-
ప్రీతులఁ జేయు దేవతలఁ బేర్కొను నైదువరాండ్ర కెల్లన-
య్యే తనివారు వాయనములిచ్చుఁ బురాణము లాలకించుఁ దా-
నేతఱి నోమునోఁచుఁ దనయేచ్ఛను దల్లినిఁ బోలరెవ్వరున్.",vruttamu,Maathru,"[('సే', 'U'), ('తు', '|'), ('వు', '|'), ('లో', 'U'), ('ము', '|'), ('నుం', 'U'), ('గు', '|'), ('న', '|'), ('తి', '|'), ('శే', 'U'), ('ము', '|'), ('షి', '|'), ('దీ', 'U'), ('ను', '|'), ('ల', '|'), ('న', 'U'), ('న్న', '|'), ('దా', 'U'), ('న', '|'), ('సం', 'U'), ('ప్రీ', 'U'), ('తు', '|'), ('ల', '|'), ('జే', 'U'), ('యు', '|'), ('దే', 'U'), ('వ', '|'), ('త', '|'), ('ల', '|'), ('బే', 'U'), ('ర్కొ', '|'), ('ను', '|'), ('నై', 'U'), ('దు', '|'), ('వ', '|'), ('రాం', 'U'), ('డ్ర', '|'), ('కె', 'U'), ('ల్ల', '|'), ('న', 'U'), ('య్యే', 'U'), ('త', '|'), ('ని', '|'), ('వా', 'U'), ('రు', '|'), ('వా', 'U'), ('య', '|'), ('న', '|'), ('ము', '|'), ('లి', 'U'), ('చ్చు', '|'), ('బు', '|'), ('రా', 'U'), ('ణ', '|'), ('ము', '|'), ('లా', 'U'), ('ల', '|'), ('కిం', 'U'), ('చు', '|'), ('దా', 'U'), ('నే', 'U'), ('త', '|'), ('ఱి', '|'), ('నో', 'U'), ('ము', '|'), ('నో', 'U'), ('చు', '|'), ('ద', '|'), ('న', '|'), ('యే', 'U'), ('చ్ఛ', '|'), ('ను', '|'), ('ద', 'U'), ('ల్లి', '|'), ('ని', '|'), ('బో', 'U'), ('ల', '|'), ('రె', 'U'), ('వ్వ', '|'), ('రున్', 'U')]",0.9,1.0,1.0,1.0,0.5,1.0
vutpalamaala,"మోద మెలర్పఁగా దనయమోహము చేతను బిప్పలద్రు నా-
గాది ప్రతిష్ఠలెల్ల జనులందఱు సంతసమందఁ జేయుచో,
బేదఱికం బదెంత మఱి బిడ్డలు గల్గినఁ జాలునంచు నా-
పాదన జేయుచో నెపుడుఁ బల్కెడు తల్లినిఁ బోలరెవ్వరున్.",vruttamu,Maathru,"[('మో', 'U'), ('ద', '|'), ('మె', '|'), ('ల', 'U'), ('ర్ప', '|'), ('గా', 'U'), ('ద', '|'), ('న', '|'), ('య', '|'), ('మో', 'U'), ('హ', '|'), ('ము', '|'), ('చే', 'U'), ('త', '|'), ('ను', '|'), ('బి', 'U'), ('ప్ప', '|'), ('ల', '|'), ('ద్రు', '|'), ('నా', 'U'), ('గా', 'U'), ('ది', '|'), ('ప్ర', '|'), ('తి', 'U'), ('ష్ఠ', '|'), ('లె', 'U'), ('ల్ల', '|'), ('జ', '|'), ('ను', '|'), ('లం', 'U'), ('ద', '|'), ('ఱు', '|'), ('సం', 'U'), ('త', '|'), ('స', '|'), ('మం', 'U'), ('ద', '|'), ('జే', 'U'), ('యు', '|'), ('చో', 'U'), ('బే', 'U'), ('ద', '|'), ('ఱి', '|'), ('కం', 'U'), ('బ', '|'), ('దెం', 'U'), ('త', '|'), ('మ', '|'), ('ఱి', '|'), ('బి', 'U'), ('డ్డ', '|'), ('లు', '|'), ('గ', 'U'), ('ల్గి', '|'), ('న', '|'), ('జా', 'U'), ('లు', '|'), ('నం', 'U'), ('చు', '|'), ('నా', 'U'), ('పా', 'U'), ('ద', '|'), ('న', '|'), ('జే', 'U'), ('యు', '|'), ('చో', 'U'), ('నె', '|'), ('పు', '|'), ('డు', '|'), ('బ', 'U'), ('ల్కె', '|'), ('డు', '|'), ('త', 'U'), ('ల్లి', '|'), ('ని', '|'), ('బో', 'U'), ('ల', '|'), ('రె', 'U'), ('వ్వ', '|'), ('రున్', 'U')]",0.9428571428571428,1.0,1.0,0.9642857142857143,0.75,1.0
champakamaala,"ఇలఁ బెఱవారినందనుల నెత్తుచు ముద్దిడుచోఁ బెనంగి య-
న్నులఁ గని బిడ్డలెన్నటికినో కననోఁతు నటంచు బల్కి లే-
మొలకమెఱుంగునవ్వులకు మోదముఁ జెందుచు నిష్టదైవమున్
దలఁచుచు బుత్రవాంఛ మతిఁ దాఁకిన తల్లినిఁ బోలరెవ్వరున్.",vruttamu,Maathru,"[('ఇ', '|'), ('ల', '|'), ('బె', '|'), ('ఱ', '|'), ('వా', 'U'), ('రి', '|'), ('నం', 'U'), ('ద', '|'), ('ను', '|'), ('ల', '|'), ('నె', 'U'), ('త్తు', '|'), ('చు', '|'), ('ము', 'U'), ('ద్ది', '|'), ('డు', '|'), ('చో', 'U'), ('బె', '|'), ('నం', 'U'), ('గి', '|'), ('య', 'U'), ('న్ను', '|'), ('ల', '|'), ('గ', '|'), ('ని', '|'), ('బి', 'U'), ('డ్డ', '|'), ('లె', 'U'), ('న్న', '|'), ('టి', '|'), ('కి', '|'), ('నో', 'U'), ('క', '|'), ('న', '|'), ('నో', 'U'), ('తు', '|'), ('న', '|'), ('టం', 'U'), ('చు', '|'), ('బ', 'U'), ('ల్కి', '|'), ('లే', 'U'), ('మొ', '|'), ('ల', '|'), ('క', '|'), ('మె', '|'), ('ఱుం', 'U'), ('గు', '|'), ('న', 'U'), ('వ్వు', '|'), ('ల', '|'), ('కు', '|'), ('మో', 'U'), ('ద', '|'), ('ము', '|'), ('జెం', 'U'), ('దు', '|'), ('చు', '|'), ('ని', 'U'), ('ష్ట', '|'), ('దై', 'U'), ('వ', '|'), ('మున్', 'U'), ('ద', '|'), ('ల', '|'), ('చు', '|'), ('చు', '|'), ('బు', '|'), ('త్ర', '|'), ('వాం', 'U'), ('ఛ', '|'), ('మ', '|'), ('తి', '|'), ('దా', 'U'), ('కి', '|'), ('న', '|'), ('త', 'U'), ('ల్లి', '|'), ('ని', '|'), ('బో', 'U'), ('ల', '|'), ('రె', 'U'), ('వ్వ', '|'), ('రున్', 'U')]",0.9428571428571428,1.0,1.0,0.9642857142857143,0.75,1.0
champakamaala,"తనయుల బాళి మ్రుగ్గులిడుఁ దాలిమి మీఱఁగ నెవ్వరేమి చె-
ప్పిన నది సేయుచుండు నిలవేల్పులకున్‍ మఱి మీఁదు గట్టు దా-
ననయము గర్భహేతువివిధౌషధముల్ పచరించు ధర్మచిం-
తన నొకకాలమైన మదిఁ దప్పని తల్లినిఁ బోలరెవ్వరున్.",vruttamu,Maathru,"[('త', '|'), ('న', '|'), ('యు', '|'), ('ల', '|'), ('బా', 'U'), ('ళి', '|'), ('మ్రు', 'U'), ('గ్గు', '|'), ('లి', '|'), ('డు', '|'), ('దా', 'U'), ('లి', '|'), ('మి', '|'), ('మీ', 'U'), ('ఱ', '|'), ('గ', '|'), ('నె', 'U'), ('వ్వ', '|'), ('రే', 'U'), ('మి', '|'), ('చె', 'U'), ('ప్పి', '|'), ('న', '|'), ('న', '|'), ('ది', '|'), ('సే', 'U'), ('యు', '|'), ('చుం', 'U'), ('డు', '|'), ('ని', '|'), ('ల', '|'), ('వే', 'U'), ('ల్పు', '|'), ('ల', '|'), ('కు', 'U'), ('న్మ', '|'), ('ఱి', '|'), ('మీ', 'U'), ('దు', '|'), ('గ', 'U'), ('ట్టు', '|'), ('దా', 'U'), ('న', '|'), ('న', '|'), ('య', '|'), ('ము', '|'), ('గ', 'U'), ('ర్భ', '|'), ('హే', 'U'), ('తు', '|'), ('వి', '|'), ('వి', '|'), ('ధౌ', 'U'), ('ష', '|'), ('ధ', '|'), ('ము', 'U'), ('ల్ప', '|'), ('చ', '|'), ('రిం', 'U'), ('చు', '|'), ('ధ', 'U'), ('ర్మ', '|'), ('చిం', 'U'), ('త', '|'), ('న', '|'), ('నొ', '|'), ('క', '|'), ('కా', 'U'), ('ల', '|'), ('మై', 'U'), ('న', '|'), ('మ', '|'), ('ది', '|'), ('ద', 'U'), ('ప్ప', '|'), ('ని', '|'), ('త', 'U'), ('ల్లి', '|'), ('ని', '|'), ('బో', 'U'), ('ల', '|'), ('రె', 'U'), ('వ్వ', '|'), ('రున్', 'U')]",0.9,1.0,1.0,1.0,0.5,1.0
champakamaala,"అనయము నందనేచ్ఛ హృదయంబున మల్లడిసేయ మీనలో-
చన నిలయంబులో నిలిచి షణ్ముఖునిం జెలువారఁ గన్న యో
జనని దయానిధీ సుతులఁ జయ్యననిమ్మని నెమ్మి మీఱఁగా
మునుకొని సాగిలం బడుచు మ్రొక్కెడు తల్లినిఁ బోలరెవ్వరున్.",vruttamu,Maathru,"[('అ', '|'), ('న', '|'), ('య', '|'), ('ము', '|'), ('నం', 'U'), ('ద', '|'), ('నే', 'U'), ('చ్ఛ', '|'), ('హృ', '|'), ('ద', '|'), ('యం', 'U'), ('బు', '|'), ('న', '|'), ('మ', 'U'), ('ల్ల', '|'), ('డి', '|'), ('సే', 'U'), ('య', '|'), ('మీ', 'U'), ('న', '|'), ('లో', 'U'), ('చ', '|'), ('న', '|'), ('ని', '|'), ('ల', '|'), ('యం', 'U'), ('బు', '|'), ('లో', 'U'), ('ని', '|'), ('లి', '|'), ('చి', '|'), ('ష', 'U'), ('ణ్ము', '|'), ('ఖు', '|'), ('నిం', 'U'), ('జె', '|'), ('లు', '|'), ('వా', 'U'), ('ర', '|'), ('గ', 'U'), ('న్న', '|'), ('యో', 'U'), ('జ', '|'), ('న', '|'), ('ని', '|'), ('ద', '|'), ('యా', 'U'), ('ని', '|'), ('ధీ', 'U'), ('సు', '|'), ('తు', '|'), ('ల', '|'), ('జ', 'U'), ('య్య', '|'), ('న', '|'), ('ని', 'U'), ('మ్మ', '|'), ('ని', '|'), ('నె', 'U'), ('మ్మి', '|'), ('మీ', 'U'), ('ఱ', '|'), ('గా', 'U'), ('ము', '|'), ('ను', '|'), ('కొ', '|'), ('ని', '|'), ('సా', 'U'), ('గి', '|'), ('లం', 'U'), ('బ', '|'), ('డు', '|'), ('చు', '|'), ('మ్రొ', 'U'), ('క్కె', '|'), ('డు', '|'), ('త', 'U'), ('ల్లి', '|'), ('ని', '|'), ('బో', 'U'), ('ల', '|'), ('రె', 'U'), ('వ్వ', '|'), ('రున్', 'U')]",1.0,1.0,1.0,1.0,1.0,1.0
champakamaala,"మునుకొని తాను బెద్దలకు మ్రొక్కిన వారును బ్రేమఁ బుత్రులం
గనుఁగొని సర్వకాలము సుఖంబున నుండుదు వీ వటంచు దీ-
వన లిడునంతలోనన సువర్ణమహీధర మెక్కినట్లు నె-
మ్మనమున జాల సంతసిలు మానినిఁ దల్లినిఁ బోలరెవ్వరున్.",vruttamu,Maathru,"[('ము', '|'), ('ను', '|'), ('కొ', '|'), ('ని', '|'), ('తా', 'U'), ('ను', '|'), ('బె', 'U'), ('ద్ద', '|'), ('ల', '|'), ('కు', '|'), ('మ్రొ', 'U'), ('క్కి', '|'), ('న', '|'), ('వా', 'U'), ('రు', '|'), ('ను', '|'), ('బ్రే', 'U'), ('మ', '|'), ('బు', '|'), ('త్రు', '|'), ('లం', 'U'), ('గ', '|'), ('ను', '|'), ('గొ', '|'), ('ని', '|'), ('స', 'U'), ('ర్వ', '|'), ('కా', 'U'), ('ల', '|'), ('ము', '|'), ('సు', '|'), ('ఖం', 'U'), ('బు', '|'), ('న', '|'), ('నుం', 'U'), ('డు', '|'), ('దు', '|'), ('వీ', 'U'), ('వ', '|'), ('టం', 'U'), ('చు', '|'), ('దీ', 'U'), ('వ', '|'), ('న', '|'), ('లి', '|'), ('డు', '|'), ('నం', 'U'), ('త', '|'), ('లో', 'U'), ('న', '|'), ('న', '|'), ('సు', '|'), ('వ', 'U'), ('ర్ణ', '|'), ('మ', '|'), ('హీ', 'U'), ('ధ', '|'), ('ర', '|'), ('మె', 'U'), ('క్కి', '|'), ('న', 'U'), ('ట్లు', '|'), ('నె', 'U'), ('మ్మ', '|'), ('న', '|'), ('ము', '|'), ('న', '|'), ('జా', 'U'), ('ల', '|'), ('సం', 'U'), ('త', '|'), ('సి', '|'), ('లు', '|'), ('మా', 'U'), ('ని', '|'), ('ని', '|'), ('ద', 'U'), ('ల్లి', '|'), ('ని', '|'), ('బో', 'U'), ('ల', '|'), ('రె', 'U'), ('వ్వ', '|'), ('రున్', 'U')]",0.9928571428571429,1.0,1.0,0.9642857142857143,1.0,1.0
champakamaala,"ఎఱుకులసానిగద్దె విననెంచు మనోరథ ముప్పతిల్లఁగాఁ,
గరగతలేఖ లూర్జితముగాఁ గని పెద్దలు నీకుఁ బుత్రులే-
వురు గలరన్న మాత్రమున నూరట దోఁప సుతేచ్ఛ లోన ము-
ప్పిరిగొన సంతసిల్లి మది బేర్చెడు తల్లినిఁ బోలరెవ్వరున్.",vruttamu,Maathru,"[('ఎ', '|'), ('ఱు', '|'), ('కు', '|'), ('ల', '|'), ('సా', 'U'), ('ని', '|'), ('గ', 'U'), ('ద్దె', '|'), ('వి', '|'), ('న', '|'), ('నెం', 'U'), ('చు', '|'), ('మ', '|'), ('నో', 'U'), ('ర', '|'), ('థ', '|'), ('ము', 'U'), ('ప్ప', '|'), ('తి', 'U'), ('ల్ల', '|'), ('గా', 'U'), ('గ', '|'), ('ర', '|'), ('గ', '|'), ('త', '|'), ('లే', 'U'), ('ఖ', '|'), ('లూ', 'U'), ('ర్జి', '|'), ('త', '|'), ('ము', '|'), ('గా', 'U'), ('గ', '|'), ('ని', '|'), ('పె', 'U'), ('ద్ద', '|'), ('లు', '|'), ('నీ', 'U'), ('కు', '|'), ('బు', '|'), ('త్రు', '|'), ('లే', 'U'), ('వు', '|'), ('రు', '|'), ('గ', '|'), ('ల', '|'), ('ర', 'U'), ('న్న', '|'), ('మా', 'U'), ('త్ర', '|'), ('ము', '|'), ('న', '|'), ('నూ', 'U'), ('ర', '|'), ('ట', '|'), ('దో', 'U'), ('ప', '|'), ('సు', '|'), ('తే', 'U'), ('చ్ఛ', '|'), ('లో', 'U'), ('న', '|'), ('ము', 'U'), ('ప్పి', '|'), ('రి', '|'), ('గొ', '|'), ('న', '|'), ('సం', 'U'), ('త', '|'), ('సి', 'U'), ('ల్లి', '|'), ('మ', '|'), ('ది', '|'), ('బే', 'U'), ('ర్చె', '|'), ('డు', '|'), ('త', 'U'), ('ల్లి', '|'), ('ని', '|'), ('బో', 'U'), ('ల', '|'), ('రె', 'U'), ('వ్వ', '|'), ('రున్', 'U')]",0.8428571428571429,1.0,1.0,0.9642857142857143,0.5,0.75
champakamaala,"నెల నిలిచెం గదే యనుచు నీరజపాణులు పల్కునంతలో-
పల నిధిఁ గన్నయ ట్లుదరభాగములోపలఁ బిండ ముష్ణమున్
దొలఁగెడు రీతి భోజనవిధుల్ మఱి గోరుచుఁ బుత్రమోహ మ-
త్యురుతరభంగిఁ గొల్పు వగనుండెడు తల్లినిఁ బోలరెవ్వరున్.",vruttamu,Maathru,"[('నె', '|'), ('ల', '|'), ('ని', '|'), ('లి', '|'), ('చెం', 'U'), ('గ', '|'), ('దే', 'U'), ('య', '|'), ('ను', '|'), ('చు', '|'), ('నీ', 'U'), ('ర', '|'), ('జ', '|'), ('పా', 'U'), ('ణు', '|'), ('లు', '|'), ('ప', 'U'), ('ల్కు', '|'), ('నం', 'U'), ('త', '|'), ('లో', 'U'), ('ప', '|'), ('ల', '|'), ('ని', '|'), ('ధి', '|'), ('గ', 'U'), ('న్న', '|'), ('య', 'U'), ('ట్లు', '|'), ('ద', '|'), ('ర', '|'), ('భా', 'U'), ('గ', '|'), ('ము', '|'), ('లో', 'U'), ('ప', '|'), ('ల', '|'), ('బిం', 'U'), ('డ', '|'), ('ము', 'U'), ('ష్ణ', '|'), ('మున్', 'U'), ('దొ', '|'), ('ల', '|'), ('గె', '|'), ('డు', '|'), ('రీ', 'U'), ('తి', '|'), ('భో', 'U'), ('జ', '|'), ('న', '|'), ('వి', '|'), ('ధు', 'U'), ('ల్మ', '|'), ('ఱి', '|'), ('గో', 'U'), ('రు', '|'), ('చు', '|'), ('బు', '|'), ('త్ర', '|'), ('మో', 'U'), ('హ', '|'), ('మ', 'U'), ('త్యు', '|'), ('రు', '|'), ('త', '|'), ('ర', '|'), ('భం', 'U'), ('గి', '|'), ('గొ', 'U'), ('ల్పు', '|'), ('వ', '|'), ('గ', '|'), ('నుం', 'U'), ('డె', '|'), ('డు', '|'), ('త', 'U'), ('ల్లి', '|'), ('ని', '|'), ('బో', 'U'), ('ల', '|'), ('రె', 'U'), ('వ్వ', '|'), ('రున్', 'U')]",0.8928571428571429,1.0,1.0,0.9642857142857143,0.75,0.75
vutpalamaala,"వేవిళు లోఁకిరింతలును విన్నఁదనంబును దోఁప డస్సి గ-
ర్భావరణార్భకావనశుభక్రమ మొప్పఁగ మంత్రతంత్రసం-
భావన మీఱ మాంత్రికుల భావనఁ జేయుచుఁ ‘బుత్రవృద్ధికిన్
దైవము తోడు గావలె సదా’ యను తల్లినిఁ బోలరెవ్వరున్.",vruttamu,Maathru,"[('వే', 'U'), ('వి', '|'), ('ళు', '|'), ('లో', 'U'), ('కి', '|'), ('రిం', 'U'), ('త', '|'), ('లు', '|'), ('ను', '|'), ('వి', 'U'), ('న్న', '|'), ('ద', '|'), ('నం', 'U'), ('బు', '|'), ('ను', '|'), ('దో', 'U'), ('ప', '|'), ('డ', 'U'), ('స్సి', '|'), ('గ', 'U'), ('ర్భా', 'U'), ('వ', '|'), ('ర', '|'), ('ణా', 'U'), ('ర్భ', '|'), ('కా', 'U'), ('వ', '|'), ('న', '|'), ('శు', '|'), ('భ', '|'), ('క్ర', '|'), ('మ', '|'), ('మొ', 'U'), ('ప్ప', '|'), ('గ', '|'), ('మం', 'U'), ('త్ర', '|'), ('తం', 'U'), ('త్ర', '|'), ('సం', 'U'), ('భా', 'U'), ('వ', '|'), ('న', '|'), ('మీ', 'U'), ('ఱ', '|'), ('మాం', 'U'), ('త్రి', '|'), ('కు', '|'), ('ల', '|'), ('భా', 'U'), ('వ', '|'), ('న', '|'), ('జే', 'U'), ('యు', '|'), ('చు', '|'), ('బు', '|'), ('త్ర', '|'), ('వృ', 'U'), ('ద్ధి', '|'), ('కిన్', 'U'), ('దై', 'U'), ('వ', '|'), ('ము', '|'), ('తో', 'U'), ('డు', '|'), ('గా', 'U'), ('వ', '|'), ('లె', '|'), ('స', '|'), ('దా', 'U'), ('య', '|'), ('ను', '|'), ('త', 'U'), ('ల్లి', '|'), ('ని', '|'), ('బో', 'U'), ('ల', '|'), ('రె', 'U'), ('వ్వ', '|'), ('రున్', 'U')]",0.9857142857142858,1.0,1.0,0.9285714285714286,1.0,1.0
champakamaala,"నెల నిలువన్ మనోరథము నివ్వటిలంగను బైఁడిరక్ష రే-
కులు మెడఁగట్టు మోమునను గోరిక మీఱ విభూతిఁ బెట్టు దా-
నలయక గాలి సోఁకెడునటంచు సుతేచ్ఛను నాఁడునాఁటి కీ-
చెలువున నుత్తమక్రియలు చేసెడు తల్లినిఁ బోలరెవ్వరున్.",vruttamu,Maathru,"[('నె', '|'), ('ల', '|'), ('ని', '|'), ('లు', '|'), ('వ', 'U'), ('న్మ', '|'), ('నో', 'U'), ('ర', '|'), ('థ', '|'), ('ము', '|'), ('ని', 'U'), ('వ్వ', '|'), ('టి', '|'), ('లం', 'U'), ('గ', '|'), ('ను', '|'), ('బై', 'U'), ('డి', '|'), ('ర', 'U'), ('క్ష', '|'), ('రే', 'U'), ('కు', '|'), ('లు', '|'), ('మె', '|'), ('డ', '|'), ('గ', 'U'), ('ట్టు', '|'), ('మో', 'U'), ('ము', '|'), ('న', '|'), ('ను', '|'), ('గో', 'U'), ('రి', '|'), ('క', '|'), ('మీ', 'U'), ('ఱ', '|'), ('వి', '|'), ('భూ', 'U'), ('తి', '|'), ('బె', 'U'), ('ట్టు', '|'), ('దా', 'U'), ('న', '|'), ('ల', '|'), ('య', '|'), ('క', '|'), ('గా', 'U'), ('లి', '|'), ('సో', 'U'), ('కె', '|'), ('డు', '|'), ('న', '|'), ('టం', 'U'), ('చు', '|'), ('సు', '|'), ('తే', 'U'), ('చ్ఛ', '|'), ('ను', '|'), ('నా', 'U'), ('డు', '|'), ('నా', 'U'), ('టి', '|'), ('కీ', 'U'), ('చె', '|'), ('లు', '|'), ('వు', '|'), ('న', '|'), ('ను', 'U'), ('త్త', '|'), ('మ', '|'), ('క్రి', '|'), ('య', '|'), ('లు', '|'), ('చే', 'U'), ('సె', '|'), ('డు', '|'), ('త', 'U'), ('ల్లి', '|'), ('ని', '|'), ('బో', 'U'), ('ల', '|'), ('రె', 'U'), ('వ్వ', '|'), ('రున్', 'U')]",0.9428571428571428,1.0,1.0,0.9642857142857143,0.75,1.0
champakamaala,"చెలు లిటు రమ్మటంచుఁ దనుఁ జీఱిన వేసట గర్భగోళసం-
కలితసుతావనేచ్ఛఁ జనఁగా మఱి యూహఁ దొలంగు దేహళీ-
స్థలి నెగదాఁటనేరనని తగ్గులు మిఱ్ఱులు చూచి తిన్నఁగాఁ
గలక దలంగి తా నడచు కామినిఁ దల్లినిఁ బోలరెవ్వరున్.",vruttamu,Maathru,"[('చె', '|'), ('లు', '|'), ('లి', '|'), ('టు', '|'), ('ర', 'U'), ('మ్మ', '|'), ('టం', 'U'), ('చు', '|'), ('ద', '|'), ('ను', '|'), ('జీ', 'U'), ('ఱి', '|'), ('న', '|'), ('వే', 'U'), ('స', '|'), ('ట', '|'), ('గ', 'U'), ('ర్భ', '|'), ('గో', 'U'), ('ళ', '|'), ('సం', 'U'), ('క', '|'), ('లి', '|'), ('త', '|'), ('సు', '|'), ('తా', 'U'), ('వ', '|'), ('నే', 'U'), ('చ్ఛ', '|'), ('జ', '|'), ('న', '|'), ('గా', 'U'), ('మ', '|'), ('ఱి', '|'), ('యూ', 'U'), ('హ', '|'), ('దొ', '|'), ('లం', 'U'), ('గు', '|'), ('దే', 'U'), ('హ', '|'), ('ళీ', 'U'), ('స్థ', '|'), ('లి', '|'), ('నె', '|'), ('గ', '|'), ('దా', 'U'), ('ట', '|'), ('నే', 'U'), ('ర', '|'), ('న', '|'), ('ని', '|'), ('త', 'U'), ('గ్గు', '|'), ('లు', '|'), ('మి', 'U'), ('ఱ్ఱు', '|'), ('లు', '|'), ('చూ', 'U'), ('చి', '|'), ('తి', 'U'), ('న్న', '|'), ('గా', 'U'), ('గ', '|'), ('ల', '|'), ('క', '|'), ('ద', '|'), ('లం', 'U'), ('గి', '|'), ('తా', 'U'), ('న', '|'), ('డ', '|'), ('చు', '|'), ('కా', 'U'), ('మి', '|'), ('ని', '|'), ('ద', 'U'), ('ల్లి', '|'), ('ని', '|'), ('బో', 'U'), ('ల', '|'), ('రె', 'U'), ('వ్వ', '|'), ('రున్', 'U')]",1.0,1.0,1.0,1.0,1.0,1.0
vutpalamaala,"మాసములెల్లఁ బూర్ణమయి మానవతీమణి గర్భవేదనా-
యాసముతోడ నుండుతఱి నంగన పుత్రునిఁ గాంచె నన్నుఁ దా-
నా సడి విన్న మాత్రమున నా వచనం బమృతప్రవాహధా-
రాసమమైనచో మనము రంజిలు తల్లినిఁ బోలరెవ్వరున్.",vruttamu,Maathru,"[('మా', 'U'), ('స', '|'), ('ము', '|'), ('లె', 'U'), ('ల్ల', '|'), ('బూ', 'U'), ('ర్ణ', '|'), ('మ', '|'), ('యి', '|'), ('మా', 'U'), ('న', '|'), ('వ', '|'), ('తీ', 'U'), ('మ', '|'), ('ణి', '|'), ('గ', 'U'), ('ర్భ', '|'), ('వే', 'U'), ('ద', '|'), ('నా', 'U'), ('యా', 'U'), ('స', '|'), ('ము', '|'), ('తో', 'U'), ('డ', '|'), ('నుం', 'U'), ('డు', '|'), ('త', '|'), ('ఱి', '|'), ('నం', 'U'), ('గ', '|'), ('న', '|'), ('పు', '|'), ('త్రు', '|'), ('ని', '|'), ('గాం', 'U'), ('చె', '|'), ('న', 'U'), ('న్ను', '|'), ('దా', 'U'), ('నా', 'U'), ('స', '|'), ('డి', '|'), ('వి', 'U'), ('న్న', '|'), ('మా', 'U'), ('త్ర', '|'), ('ము', '|'), ('న', '|'), ('నా', 'U'), ('వ', '|'), ('చ', '|'), ('నం', 'U'), ('బ', '|'), ('మృ', '|'), ('త', '|'), ('ప్ర', '|'), ('వా', 'U'), ('హ', '|'), ('ధా', 'U'), ('రా', 'U'), ('స', '|'), ('మ', '|'), ('మై', 'U'), ('న', '|'), ('చో', 'U'), ('మ', '|'), ('న', '|'), ('ము', '|'), ('రం', 'U'), ('జి', '|'), ('లు', '|'), ('త', 'U'), ('ల్లి', '|'), ('ని', '|'), ('బో', 'U'), ('ల', '|'), ('రె', 'U'), ('వ్వ', '|'), ('రున్', 'U')]",0.9357142857142857,1.0,1.0,0.9285714285714286,0.75,1.0
champakamaala,"విసుకుచు బిడ్డనుం గనిన వేదనఁ గుందుచు నున్నయప్పు డా
నిసుపును దెచ్చి పొత్తులను నించినచోఁ దన కష్టరీతులన్
మసలక తత్సుతావనవిమర్శ ఘనంబుగఁ జిందు ద్రొక్క దా-
మసమునఁ బ్రోచు నేర్పుగల మానిని దల్లినిఁ బోలరెవ్వరున్.",vruttamu,Maathru,"[('వి', '|'), ('సు', '|'), ('కు', '|'), ('చు', '|'), ('బి', 'U'), ('డ్డ', '|'), ('నుం', 'U'), ('గ', '|'), ('ని', '|'), ('న', '|'), ('వే', 'U'), ('ద', '|'), ('న', '|'), ('గుం', 'U'), ('దు', '|'), ('చు', '|'), ('ను', 'U'), ('న్న', '|'), ('య', 'U'), ('ప్పు', '|'), ('డా', 'U'), ('ని', '|'), ('సు', '|'), ('పు', '|'), ('ను', '|'), ('దె', 'U'), ('చ్చి', '|'), ('పొ', 'U'), ('త్తు', '|'), ('ల', '|'), ('ను', '|'), ('నిం', 'U'), ('చి', '|'), ('న', '|'), ('చో', 'U'), ('ద', '|'), ('న', '|'), ('క', 'U'), ('ష్ట', '|'), ('రీ', 'U'), ('తు', '|'), ('లన్', 'U'), ('మ', '|'), ('స', '|'), ('ల', '|'), ('క', '|'), ('త', 'U'), ('త్సు', '|'), ('తా', 'U'), ('వ', '|'), ('న', '|'), ('వి', '|'), ('మ', 'U'), ('ర్శ', '|'), ('ఘ', '|'), ('నం', 'U'), ('బు', '|'), ('గ', '|'), ('జిం', 'U'), ('దు', '|'), ('ద్రొ', 'U'), ('క్క', '|'), ('దా', 'U'), ('మ', '|'), ('స', '|'), ('ము', '|'), ('న', '|'), ('బ్రో', 'U'), ('చు', '|'), ('నే', 'U'), ('ర్పు', '|'), ('గ', '|'), ('ల', '|'), ('మా', 'U'), ('ని', '|'), ('ని', '|'), ('ద', 'U'), ('ల్లి', '|'), ('ని', '|'), ('బో', 'U'), ('ల', '|'), ('రె', 'U'), ('వ్వ', '|'), ('రున్', 'U')]",1.0,1.0,1.0,1.0,1.0,1.0
champakamaala,"చిఱుత జనించునంతఁ దన చిత్తము సార్థకమై చెలంగిన-
ట్లురుతరభాగ్య మబ్బినటు లుర్వి సమస్తము నేలినట్లు పెం-
దురమున గెల్చుచో విజయతూణము లెల్లెడ నాఁటినట్టు ల-
బ్బురముగ సంతసిల్లు విరిబోఁడిని దల్లినిఁ బోలరెవ్వరున్.",vruttamu,Maathru,"[('చి', '|'), ('ఱు', '|'), ('త', '|'), ('జ', '|'), ('నిం', 'U'), ('చు', '|'), ('నం', 'U'), ('త', '|'), ('ద', '|'), ('న', '|'), ('చి', 'U'), ('త్త', '|'), ('ము', '|'), ('సా', 'U'), ('ర్థ', '|'), ('క', '|'), ('మై', 'U'), ('చె', '|'), ('లం', 'U'), ('గి', '|'), ('న', 'U'), ('ట్లు', '|'), ('రు', '|'), ('త', '|'), ('ర', '|'), ('భా', 'U'), ('గ్య', '|'), ('మ', 'U'), ('బ్బి', '|'), ('న', '|'), ('టు', '|'), ('లు', 'U'), ('ర్వి', '|'), ('స', '|'), ('మ', 'U'), ('స్త', '|'), ('ము', '|'), ('నే', 'U'), ('లి', '|'), ('న', 'U'), ('ట్లు', '|'), ('పెం', 'U'), ('దు', '|'), ('ర', '|'), ('ము', '|'), ('న', '|'), ('గె', 'U'), ('ల్చు', '|'), ('చో', 'U'), ('వి', '|'), ('జ', '|'), ('య', '|'), ('తూ', 'U'), ('ణ', '|'), ('ము', '|'), ('లె', 'U'), ('ల్లె', '|'), ('డ', '|'), ('నా', 'U'), ('టి', '|'), ('న', 'U'), ('ట్టు', '|'), ('ల', 'U'), ('బ్బు', '|'), ('ర', '|'), ('ము', '|'), ('గ', '|'), ('సం', 'U'), ('త', '|'), ('సి', 'U'), ('ల్లు', '|'), ('వి', '|'), ('రి', '|'), ('బో', 'U'), ('డి', '|'), ('ని', '|'), ('ద', 'U'), ('ల్లి', '|'), ('ని', '|'), ('బో', 'U'), ('ల', '|'), ('రె', 'U'), ('వ్వ', '|'), ('రున్', 'U')]",0.95,1.0,1.0,1.0,1.0,0.75
champakamaala,"పురిటిలు సొచ్చి యున్నతఱిఁ బుత్రునకున్ వివిధోపచారముల్
మెఱవడి చేయువారలను మిక్కిలి ప్రార్థన చేసి దేవతా-
తరుణులయట్లు చూచు నెఱ తాలిమి మీఱగ నిట్టు లర్భకా-
తురమున నేమి చెప్పవలెఁ దొయ్యలిఁ దల్లినిఁ బోలరెవ్వరున్.",vruttamu,Maathru,"[('పు', '|'), ('రి', '|'), ('టి', '|'), ('లు', '|'), ('సొ', 'U'), ('చ్చి', '|'), ('యు', 'U'), ('న్న', '|'), ('త', '|'), ('ఱి', '|'), ('బు', '|'), ('త్రు', '|'), ('న', '|'), ('కు', 'U'), ('న్వి', '|'), ('వి', '|'), ('ధో', 'U'), ('ప', '|'), ('చా', 'U'), ('ర', '|'), ('ముల్', 'U'), ('మె', '|'), ('ఱ', '|'), ('వ', '|'), ('డి', '|'), ('చే', 'U'), ('యు', '|'), ('వా', 'U'), ('ర', '|'), ('ల', '|'), ('ను', '|'), ('మి', 'U'), ('క్కి', '|'), ('లి', '|'), ('ప్రా', 'U'), ('ర్థ', '|'), ('న', '|'), ('చే', 'U'), ('సి', '|'), ('దే', 'U'), ('వ', '|'), ('తా', 'U'), ('త', '|'), ('రు', '|'), ('ణు', '|'), ('ల', '|'), ('య', 'U'), ('ట్లు', '|'), ('చూ', 'U'), ('చు', '|'), ('నె', '|'), ('ఱ', '|'), ('తా', 'U'), ('లి', '|'), ('మి', '|'), ('మీ', 'U'), ('ఱ', '|'), ('గ', '|'), ('ని', 'U'), ('ట్టు', '|'), ('ల', 'U'), ('ర్భ', '|'), ('కా', 'U'), ('తు', '|'), ('ర', '|'), ('ము', '|'), ('న', '|'), ('నే', 'U'), ('మి', '|'), ('చె', 'U'), ('ప్ప', '|'), ('వ', '|'), ('లె', '|'), ('దొ', 'U'), ('య్య', '|'), ('లి', '|'), ('ద', 'U'), ('ల్లి', '|'), ('ని', '|'), ('బో', 'U'), ('ల', '|'), ('రె', 'U'), ('వ్వ', '|'), ('రున్', 'U')]",0.9428571428571428,1.0,1.0,0.9642857142857143,1.0,0.75
champakamaala,"తన కుపచారముల్ జరుపు తామరసాక్షులఁ జూచి బిడ్డ కిం-
పొనరఁగ బోరుమాన్పి చెలువొందఁగ నుగ్గిడరమ్మ మీరలే
దినదినమంచు బల్కి తన దేహసుఖం బిసుమంతయైనఁ గో-
రని తనయావనక్రియల రంజిలు తల్లినిఁ బోలరెవ్వరున్.",vruttamu,Maathru,"[('త', '|'), ('న', '|'), ('కు', '|'), ('ప', '|'), ('చా', 'U'), ('ర', '|'), ('ము', 'U'), ('ల్జ', '|'), ('రు', '|'), ('పు', '|'), ('తా', 'U'), ('మ', '|'), ('ర', '|'), ('సా', 'U'), ('క్షు', '|'), ('ల', '|'), ('జూ', 'U'), ('చి', '|'), ('బి', 'U'), ('డ్డ', '|'), ('కిం', 'U'), ('పొ', '|'), ('న', '|'), ('ర', '|'), ('గ', '|'), ('బో', 'U'), ('రు', '|'), ('మా', 'U'), ('న్పి', '|'), ('చె', '|'), ('లు', '|'), ('వొం', 'U'), ('ద', '|'), ('గ', '|'), ('ను', 'U'), ('గ్గి', '|'), ('డ', '|'), ('ర', 'U'), ('మ్మ', '|'), ('మీ', 'U'), ('ర', '|'), ('లే', 'U'), ('ది', '|'), ('న', '|'), ('ది', '|'), ('న', '|'), ('మం', 'U'), ('చు', '|'), ('బ', 'U'), ('ల్కి', '|'), ('త', '|'), ('న', '|'), ('దే', 'U'), ('హ', '|'), ('సు', '|'), ('ఖం', 'U'), ('బి', '|'), ('సు', '|'), ('మం', 'U'), ('త', '|'), ('యై', 'U'), ('న', '|'), ('గో', 'U'), ('ర', '|'), ('ని', '|'), ('త', '|'), ('న', '|'), ('యా', 'U'), ('వ', '|'), ('న', '|'), ('క్రి', '|'), ('య', '|'), ('ల', '|'), ('రం', 'U'), ('జి', '|'), ('లు', '|'), ('త', 'U'), ('ల్లి', '|'), ('ని', '|'), ('బో', 'U'), ('ల', '|'), ('రె', 'U'), ('వ్వ', '|'), ('రున్', 'U')]",0.9428571428571428,1.0,1.0,0.9642857142857143,0.75,1.0
champakamaala,"ప్రమదము మీఱఁ గన్న యల బాలునకై యొకవేళఁ బక్షిదో-
షమొనరు దృష్టి సోఁకు గ్రహసంసరణంబును గాలి ముట్టు దో-
షము మొదలైన దోషములు సంధిలకుండఁగ నంతలోన వే-
గమునను రక్షరేకు మొలఁ గట్టెడు తల్లినిఁ బోలరెవ్వరున్.",vruttamu,Maathru,"[('ప్ర', '|'), ('మ', '|'), ('ద', '|'), ('ము', '|'), ('మీ', 'U'), ('ఱ', '|'), ('గ', 'U'), ('న్న', '|'), ('య', '|'), ('ల', '|'), ('బా', 'U'), ('లు', '|'), ('న', '|'), ('కై', 'U'), ('యొ', '|'), ('క', '|'), ('వే', 'U'), ('ళ', '|'), ('బ', 'U'), ('క్షి', '|'), ('దో', 'U'), ('ష', '|'), ('మొ', '|'), ('న', '|'), ('రు', '|'), ('దృ', 'U'), ('ష్టి', '|'), ('సో', 'U'), ('కు', '|'), ('గ్ర', '|'), ('హ', '|'), ('సం', 'U'), ('స', '|'), ('ర', '|'), ('ణం', 'U'), ('బు', '|'), ('ను', '|'), ('గా', 'U'), ('లి', '|'), ('ము', 'U'), ('ట్టు', '|'), ('దో', 'U'), ('ష', '|'), ('ము', '|'), ('మొ', '|'), ('ద', '|'), ('లై', 'U'), ('న', '|'), ('దో', 'U'), ('ష', '|'), ('ము', '|'), ('లు', '|'), ('సం', 'U'), ('ధి', '|'), ('ల', '|'), ('కుం', 'U'), ('డ', '|'), ('గ', '|'), ('నం', 'U'), ('త', '|'), ('లో', 'U'), ('న', '|'), ('వే', 'U'), ('గ', '|'), ('ము', '|'), ('న', '|'), ('ను', '|'), ('ర', 'U'), ('క్ష', '|'), ('రే', 'U'), ('కు', '|'), ('మొ', '|'), ('ల', '|'), ('గ', 'U'), ('ట్టె', '|'), ('డు', '|'), ('త', 'U'), ('ల్లి', '|'), ('ని', '|'), ('బో', 'U'), ('ల', '|'), ('రె', 'U'), ('వ్వ', '|'), ('రున్', 'U')]",1.0,1.0,1.0,1.0,1.0,1.0
champakamaala,"పురుడు చనంగ జాతకపుఁ బొంక మెఱింగినయట్టి పెద్ద లా-
దరమున దీర్ఘకాలము ముదంబున మీనవిలోచనాతివి-
స్ఫురకరుణావిశేషమున శోభిలుచుం భవదాత్మజుండు బ-
ల్వరలు నటన్న మాట విన వాంఛిలు తల్లినిఁ బోలరెవ్వరున్.",vruttamu,Maathru,"[('పు', '|'), ('రు', '|'), ('డు', '|'), ('చ', '|'), ('నం', 'U'), ('గ', '|'), ('జా', 'U'), ('త', '|'), ('క', '|'), ('పు', '|'), ('బొం', 'U'), ('క', '|'), ('మె', '|'), ('ఱిం', 'U'), ('గి', '|'), ('న', '|'), ('య', 'U'), ('ట్టి', '|'), ('పె', 'U'), ('ద్ద', '|'), ('లా', 'U'), ('ద', '|'), ('ర', '|'), ('ము', '|'), ('న', '|'), ('దీ', 'U'), ('ర్ఘ', '|'), ('కా', 'U'), ('ల', '|'), ('ము', '|'), ('ము', '|'), ('దం', 'U'), ('బు', '|'), ('న', '|'), ('మీ', 'U'), ('న', '|'), ('వి', '|'), ('లో', 'U'), ('చ', '|'), ('నా', 'U'), ('తి', '|'), ('వి', 'U'), ('స్ఫు', '|'), ('ర', '|'), ('క', '|'), ('రు', '|'), ('ణా', 'U'), ('వి', '|'), ('శే', 'U'), ('ష', '|'), ('ము', '|'), ('న', '|'), ('శో', 'U'), ('భి', '|'), ('లు', '|'), ('చుం', 'U'), ('భ', '|'), ('వ', '|'), ('దా', 'U'), ('త్మ', '|'), ('జుం', 'U'), ('డు', '|'), ('బ', 'U'), ('ల్వ', '|'), ('ర', '|'), ('లు', '|'), ('న', '|'), ('ట', 'U'), ('న్న', '|'), ('మా', 'U'), ('ట', '|'), ('వి', '|'), ('న', '|'), ('వాం', 'U'), ('ఛి', '|'), ('లు', '|'), ('త', 'U'), ('ల్లి', '|'), ('ని', '|'), ('బో', 'U'), ('ల', '|'), ('రె', 'U'), ('వ్వ', '|'), ('రున్', 'U')]",1.0,1.0,1.0,1.0,1.0,1.0
champakamaala,"నెలపురు డీఁగుదాఁక బలునే ర్పలరారను మూలయింటిలో-
పలఁ బరు లెవ్వరేని తన పట్టినిఁ జూచిన దృష్టి దాఁకు ని-
మ్ముల నని దాఁచి గాలితెఱ ముంగలఁ దానొనరించి పెంపుటిం-
తుల పయిఁగాఁపుగా నిడిన తొయ్యలిఁ దల్లినిఁ బోలరెవ్వరున్.",vruttamu,Maathru,"[('నె', '|'), ('ల', '|'), ('పు', '|'), ('రు', '|'), ('డీ', 'U'), ('గు', '|'), ('దా', 'U'), ('క', '|'), ('బ', '|'), ('లు', '|'), ('నే', 'U'), ('ర్ప', '|'), ('ల', '|'), ('రా', 'U'), ('ర', '|'), ('ను', '|'), ('మూ', 'U'), ('ల', '|'), ('యిం', 'U'), ('టి', '|'), ('లో', 'U'), ('ప', '|'), ('ల', '|'), ('బ', '|'), ('రు', '|'), ('లె', 'U'), ('వ్వ', '|'), ('రే', 'U'), ('ని', '|'), ('త', '|'), ('న', '|'), ('ప', 'U'), ('ట్టి', '|'), ('ని', '|'), ('జూ', 'U'), ('చి', '|'), ('న', '|'), ('దృ', 'U'), ('ష్టి', '|'), ('దా', 'U'), ('కు', '|'), ('ని', 'U'), ('మ్ము', '|'), ('ల', '|'), ('న', '|'), ('ని', '|'), ('దా', 'U'), ('చి', '|'), ('గా', 'U'), ('లి', '|'), ('తె', '|'), ('ఱ', '|'), ('ముం', 'U'), ('గ', '|'), ('ల', '|'), ('దా', 'U'), ('నొ', '|'), ('న', '|'), ('రిం', 'U'), ('చి', '|'), ('పెం', 'U'), ('పు', '|'), ('టిం', 'U'), ('తు', '|'), ('ల', '|'), ('ప', '|'), ('యి', '|'), ('గా', 'U'), ('పు', '|'), ('గా', 'U'), ('ని', '|'), ('డి', '|'), ('న', '|'), ('తొ', 'U'), ('య్య', '|'), ('లి', '|'), ('ద', 'U'), ('ల్లి', '|'), ('ని', '|'), ('బో', 'U'), ('ల', '|'), ('రె', 'U'), ('వ్వ', '|'), ('రున్', 'U')]",1.0,1.0,1.0,1.0,1.0,1.0
vutpalamaala,"కారము నూరిపోయు నెడ గాసిలనీయదు బోరుబెట్టినన్
గూరిమితోడ నెత్తుకొని గుబ్బల పాలిడు జోలఁ బాడు స-
త్కారము మీఱుచోఁ గసురు దాఁకె నటం చని కుందుఁ బుత్రలీ-
లారతి నాఁటనాఁట నిటుల న్మదిఁ దల్లినిఁ బోలరెవ్వరున్.",vruttamu,Maathru,"[('కా', 'U'), ('ర', '|'), ('ము', '|'), ('నూ', 'U'), ('రి', '|'), ('పో', 'U'), ('యు', '|'), ('నె', '|'), ('డ', '|'), ('గా', 'U'), ('సి', '|'), ('ల', '|'), ('నీ', 'U'), ('య', '|'), ('దు', '|'), ('బో', 'U'), ('రు', '|'), ('బె', 'U'), ('ట్టి', '|'), ('నన్', 'U'), ('గూ', 'U'), ('రి', '|'), ('మి', '|'), ('తో', 'U'), ('డ', '|'), ('నె', 'U'), ('త్తు', '|'), ('కొ', '|'), ('ని', '|'), ('గు', 'U'), ('బ్బ', '|'), ('ల', '|'), ('పా', 'U'), ('లి', '|'), ('డు', '|'), ('జో', 'U'), ('ల', '|'), ('బా', 'U'), ('డు', '|'), ('స', 'U'), ('త్కా', 'U'), ('ర', '|'), ('ము', '|'), ('మీ', 'U'), ('ఱు', '|'), ('చో', 'U'), ('గ', '|'), ('సు', '|'), ('రు', '|'), ('దా', 'U'), ('కె', '|'), ('న', '|'), ('టం', 'U'), ('చ', '|'), ('ని', '|'), ('కుం', 'U'), ('దు', '|'), ('బు', '|'), ('త్ర', '|'), ('లీ', 'U'), ('లా', 'U'), ('ర', '|'), ('తి', '|'), ('నా', 'U'), ('ట', '|'), ('నా', 'U'), ('ట', '|'), ('ని', '|'), ('టు', '|'), ('ల', 'U'), ('న్మ', '|'), ('ది', '|'), ('ద', 'U'), ('ల్లి', '|'), ('ని', '|'), ('బో', 'U'), ('ల', '|'), ('రె', 'U'), ('వ్వ', '|'), ('రున్', 'U')]",0.9928571428571429,1.0,1.0,0.9642857142857143,1.0,1.0
champakamaala,"తన పొరుగిండ్ల భామినులు తారసిలంగను దృష్టి తాఁకునో
యని మిహిరాదిక గ్రహచయాభిమతు ల్పచరించి మీనలో-
చనను దలంచి నందనుని సంగతిఁ బాయక ప్రోవవమ్మ యో
జనని యటంచు నంజలులు సల్పెడు తల్లినిఁ బోలరెవ్వరున్.",vruttamu,Maathru,"[('త', '|'), ('న', '|'), ('పొ', '|'), ('రు', '|'), ('గిం', 'U'), ('డ్ల', '|'), ('భా', 'U'), ('మి', '|'), ('ను', '|'), ('లు', '|'), ('తా', 'U'), ('ర', '|'), ('సి', '|'), ('లం', 'U'), ('గ', '|'), ('ను', '|'), ('దృ', 'U'), ('ష్టి', '|'), ('తా', 'U'), ('కు', '|'), ('నో', 'U'), ('య', '|'), ('ని', '|'), ('మి', '|'), ('హి', '|'), ('రా', 'U'), ('ది', '|'), ('క', '|'), ('గ్ర', '|'), ('హ', '|'), ('చ', '|'), ('యా', 'U'), ('భి', '|'), ('మ', '|'), ('తు', 'U'), ('ల్ప', '|'), ('చ', '|'), ('రిం', 'U'), ('చి', '|'), ('మీ', 'U'), ('న', '|'), ('లో', 'U'), ('చ', '|'), ('న', '|'), ('ను', '|'), ('ద', '|'), ('లం', 'U'), ('చి', '|'), ('నం', 'U'), ('ద', '|'), ('ను', '|'), ('ని', '|'), ('సం', 'U'), ('గ', '|'), ('తి', '|'), ('బా', 'U'), ('య', '|'), ('క', '|'), ('ప్రో', 'U'), ('వ', '|'), ('వ', 'U'), ('మ్మ', '|'), ('యో', 'U'), ('జ', '|'), ('న', '|'), ('ని', '|'), ('య', '|'), ('టం', 'U'), ('చు', '|'), ('నం', 'U'), ('జ', '|'), ('లు', '|'), ('లు', '|'), ('స', 'U'), ('ల్పె', '|'), ('డు', '|'), ('త', 'U'), ('ల్లి', '|'), ('ని', '|'), ('బో', 'U'), ('ల', '|'), ('రె', 'U'), ('వ్వ', '|'), ('రున్', 'U')]",0.9928571428571429,1.0,1.0,0.9642857142857143,1.0,1.0
champakamaala,"పెనఁకువ మీఱునంతఁ దన బిడ్డపయిం గలయట్టి బాళిచే-
తను మలమూత్రము ల్గడుముదంబున నెమ్మెయిఁ బూసినట్టి చం-
దనహిమనీరసౌరభము దారిఁ దలంచు నిజాన్వయాబ్ధిచం-
ద్రునిఁ గనినట్లు బొంగు భళిరే యల తల్లినిఁ బోలరెవ్వరున్.",vruttamu,Maathru,"[('పె', '|'), ('న', '|'), ('కు', '|'), ('వ', '|'), ('మీ', 'U'), ('ఱు', '|'), ('నం', 'U'), ('త', '|'), ('ద', '|'), ('న', '|'), ('బి', 'U'), ('డ్డ', '|'), ('ప', '|'), ('యిం', 'U'), ('గ', '|'), ('ల', '|'), ('య', 'U'), ('ట్టి', '|'), ('బా', 'U'), ('ళి', '|'), ('చే', 'U'), ('త', '|'), ('ను', '|'), ('మ', '|'), ('ల', '|'), ('మూ', 'U'), ('త్ర', '|'), ('ము', 'U'), ('ల్గ', '|'), ('డు', '|'), ('ము', '|'), ('దం', 'U'), ('బు', '|'), ('న', '|'), ('నె', 'U'), ('మ్మె', '|'), ('యి', '|'), ('బూ', 'U'), ('సి', '|'), ('న', 'U'), ('ట్టి', '|'), ('చం', 'U'), ('ద', '|'), ('న', '|'), ('హి', '|'), ('మ', '|'), ('నీ', 'U'), ('ర', '|'), ('సౌ', 'U'), ('ర', '|'), ('భ', '|'), ('ము', '|'), ('దా', 'U'), ('రి', '|'), ('ద', '|'), ('లం', 'U'), ('చు', '|'), ('ని', '|'), ('జా', 'U'), ('న్వ', '|'), ('యా', 'U'), ('బ్ధి', '|'), ('చం', 'U'), ('ద్రు', '|'), ('ని', '|'), ('గ', '|'), ('ని', '|'), ('న', 'U'), ('ట్లు', '|'), ('బొం', 'U'), ('గు', '|'), ('భ', '|'), ('ళి', '|'), ('రే', 'U'), ('య', '|'), ('ల', '|'), ('త', 'U'), ('ల్లి', '|'), ('ని', '|'), ('బో', 'U'), ('ల', '|'), ('రె', 'U'), ('వ్వ', '|'), ('రున్', 'U')]",0.95,1.0,1.0,1.0,0.75,1.0
champakamaala,"అనుదిన మాత్మసంభవున కాముద ముగ్గిడు నంతమీఁద లో-
చనములు ముక్కు పెందొడలు చంకలు కాళ్లును చేతు లాదిగాఁ
గను సమమొందఁగా నివిరి చక్కనివాఁ డగునట్లు చేయు నే-
ర్పున నలరారుచున్న ననబోణినిఁ దల్లినిఁ బోలరెవ్వరున్.",vruttamu,Maathru,"[('అ', '|'), ('ను', '|'), ('ది', '|'), ('న', '|'), ('మా', 'U'), ('త్మ', '|'), ('సం', 'U'), ('భ', '|'), ('వు', '|'), ('న', '|'), ('కా', 'U'), ('ము', '|'), ('ద', '|'), ('ము', 'U'), ('గ్గి', '|'), ('డు', '|'), ('నం', 'U'), ('త', '|'), ('మీ', 'U'), ('ద', '|'), ('లో', 'U'), ('చ', '|'), ('న', '|'), ('ము', '|'), ('లు', '|'), ('ము', 'U'), ('క్కు', '|'), ('పెం', 'U'), ('దొ', '|'), ('డ', '|'), ('లు', '|'), ('చం', 'U'), ('క', '|'), ('లు', '|'), ('కా', 'U'), ('ళ్లు', '|'), ('ను', '|'), ('చే', 'U'), ('తు', '|'), ('లా', 'U'), ('ది', '|'), ('గా', 'U'), ('గ', '|'), ('ను', '|'), ('స', '|'), ('మ', '|'), ('మొం', 'U'), ('ద', '|'), ('గా', 'U'), ('ని', '|'), ('వి', '|'), ('రి', '|'), ('చ', 'U'), ('క్క', '|'), ('ని', '|'), ('వా', 'U'), ('డ', '|'), ('గు', '|'), ('న', 'U'), ('ట్లు', '|'), ('చే', 'U'), ('యు', '|'), ('నే', 'U'), ('ర్పు', '|'), ('న', '|'), ('న', '|'), ('ల', '|'), ('రా', 'U'), ('రు', '|'), ('చు', 'U'), ('న్న', '|'), ('న', '|'), ('న', '|'), ('బో', 'U'), ('ణి', '|'), ('ని', '|'), ('ద', 'U'), ('ల్లి', '|'), ('ని', '|'), ('బో', 'U'), ('ల', '|'), ('రె', 'U'), ('వ్వ', '|'), ('రున్', 'U')]",0.9,1.0,1.0,1.0,0.5,1.0
champakamaala,"పిడికిలి పట్టువేళఁ దనుఁ బేర్కొని నవ్వెడువేళ నోరలం
బడియెడువేళ నూకురులు పల్కెడివేళను దోఁగులాడుటన్
దడఁబడువేళఁ జూడఁ గని తప్పుటడుంగిడువేళఁ బ్రేమ బల్
గడలుకొనంగ సంతసిలు కామినిఁ దల్లినిఁ బోలరెవ్వరున్.",vruttamu,Maathru,"[('పి', '|'), ('డి', '|'), ('కి', '|'), ('లి', '|'), ('ప', 'U'), ('ట్టు', '|'), ('వే', 'U'), ('ళ', '|'), ('ద', '|'), ('ను', '|'), ('బే', 'U'), ('ర్కొ', '|'), ('ని', '|'), ('న', 'U'), ('వ్వె', '|'), ('డు', '|'), ('వే', 'U'), ('ళ', '|'), ('నో', 'U'), ('ర', '|'), ('లం', 'U'), ('బ', '|'), ('డి', '|'), ('యె', '|'), ('డు', '|'), ('వే', 'U'), ('ళ', '|'), ('నూ', 'U'), ('కు', '|'), ('రు', '|'), ('లు', '|'), ('ప', 'U'), ('ల్కె', '|'), ('డి', '|'), ('వే', 'U'), ('ళ', '|'), ('ను', '|'), ('దో', 'U'), ('గు', '|'), ('లా', 'U'), ('డు', '|'), ('టన్', 'U'), ('ద', '|'), ('డ', '|'), ('బ', '|'), ('డు', '|'), ('వే', 'U'), ('ళ', '|'), ('జూ', 'U'), ('డ', '|'), ('గ', '|'), ('ని', '|'), ('త', 'U'), ('ప్పు', '|'), ('ట', '|'), ('డుం', 'U'), ('గి', '|'), ('డు', '|'), ('వే', 'U'), ('ళ', '|'), ('బ్రే', 'U'), ('మ', '|'), ('బల్', 'U'), ('గ', '|'), ('డ', '|'), ('లు', '|'), ('కొ', '|'), ('నం', 'U'), ('గ', '|'), ('సం', 'U'), ('త', '|'), ('సి', '|'), ('లు', '|'), ('కా', 'U'), ('మి', '|'), ('ని', '|'), ('ద', 'U'), ('ల్లి', '|'), ('ని', '|'), ('బో', 'U'), ('ల', '|'), ('రె', 'U'), ('వ్వ', '|'), ('రున్', 'U')]",1.0,1.0,1.0,1.0,1.0,1.0
vutpalamaala,"బాలుని వృద్ధికై యొరులు పల్కినయట్టుల నెంత ద్రవ్యమై-
నా లవమాత్ర మంచుఁ దన నాథునకున్ దెలియంగఁ బల్కుచున్
లీల ఘటించి నందనుని లీలలకు న్మది సొక్కి యోగులం
బోలినయట్టులుండు ననబోణినిఁ దల్లినిఁ బోలరెవ్వరున్.",vruttamu,Maathru,"[('బా', 'U'), ('లు', '|'), ('ని', '|'), ('వృ', 'U'), ('ద్ధి', '|'), ('కై', 'U'), ('యొ', '|'), ('రు', '|'), ('లు', '|'), ('ప', 'U'), ('ల్కి', '|'), ('న', '|'), ('య', 'U'), ('ట్టు', '|'), ('ల', '|'), ('నెం', 'U'), ('త', '|'), ('ద్ర', 'U'), ('వ్య', '|'), ('మై', 'U'), ('నా', 'U'), ('ల', '|'), ('వ', '|'), ('మా', 'U'), ('త్ర', '|'), ('మం', 'U'), ('చు', '|'), ('ద', '|'), ('న', '|'), ('నా', 'U'), ('థు', '|'), ('న', '|'), ('కు', 'U'), ('న్దె', '|'), ('లి', '|'), ('యం', 'U'), ('గ', '|'), ('బ', 'U'), ('ల్కు', '|'), ('చున్', 'U'), ('లీ', 'U'), ('ల', '|'), ('ఘ', '|'), ('టిం', 'U'), ('చి', '|'), ('నం', 'U'), ('ద', '|'), ('ను', '|'), ('ని', '|'), ('లీ', 'U'), ('ల', '|'), ('ల', '|'), ('కు', 'U'), ('న్మ', '|'), ('ది', '|'), ('సొ', 'U'), ('క్కి', '|'), ('యో', 'U'), ('గు', '|'), ('లం', 'U'), ('బో', 'U'), ('లి', '|'), ('న', '|'), ('య', 'U'), ('ట్టు', '|'), ('లుం', 'U'), ('డు', '|'), ('న', '|'), ('న', '|'), ('బో', 'U'), ('ణి', '|'), ('ని', '|'), ('ద', 'U'), ('ల్లి', '|'), ('ని', '|'), ('బో', 'U'), ('ల', '|'), ('రె', 'U'), ('వ్వ', '|'), ('రున్', 'U')]",1.0,1.0,1.0,1.0,1.0,1.0
champakamaala,"మన మతిప్రీతి నొంద నొకమంచిముహూర్తముఁ జూచినంతఁ దా-
ననువమరంగ రంగలరు నన్నము ముట్టఁగఁ జేసి బిడ్డఁ డిం-
పెనయఁగ నాఁకఁటం బొదలి యెన్నఁడు బువ్వదినంగ నేర్చునో
యని మది నూహ పాల్పడిన యంగనఁ దల్లినిఁ బోలరెవ్వరున్.",vruttamu,Maathru,"[('మ', '|'), ('న', '|'), ('మ', '|'), ('తి', '|'), ('ప్రీ', 'U'), ('తి', '|'), ('నొం', 'U'), ('ద', '|'), ('నొ', '|'), ('క', '|'), ('మం', 'U'), ('చి', '|'), ('ము', '|'), ('హూ', 'U'), ('ర్త', '|'), ('ము', '|'), ('జూ', 'U'), ('చి', '|'), ('నం', 'U'), ('త', '|'), ('దా', 'U'), ('న', '|'), ('ను', '|'), ('వ', '|'), ('మ', '|'), ('రం', 'U'), ('గ', '|'), ('రం', 'U'), ('గ', '|'), ('ల', '|'), ('రు', '|'), ('న', 'U'), ('న్న', '|'), ('ము', '|'), ('ము', 'U'), ('ట్ట', '|'), ('గ', '|'), ('జే', 'U'), ('సి', '|'), ('బి', 'U'), ('డ్డ', '|'), ('డిం', 'U'), ('పె', '|'), ('న', '|'), ('య', '|'), ('గ', '|'), ('నా', 'U'), ('క', '|'), ('టం', 'U'), ('బొ', '|'), ('ద', '|'), ('లి', '|'), ('యె', 'U'), ('న్న', '|'), ('డు', '|'), ('బు', 'U'), ('వ్వ', '|'), ('ది', '|'), ('నం', 'U'), ('గ', '|'), ('నే', 'U'), ('ర్చు', '|'), ('నో', 'U'), ('య', '|'), ('ని', '|'), ('మ', '|'), ('ది', '|'), ('నూ', 'U'), ('హ', '|'), ('పా', 'U'), ('ల్ప', '|'), ('డి', '|'), ('న', '|'), ('యం', 'U'), ('గ', '|'), ('న', '|'), ('ద', 'U'), ('ల్లి', '|'), ('ని', '|'), ('బో', 'U'), ('ల', '|'), ('రె', 'U'), ('వ్వ', '|'), ('రున్', 'U')]",0.95,1.0,1.0,1.0,0.75,1.0
champakamaala,"చెలు లుదకంబు దేరఁ దన చేతను నూనియఁ దోఁగ నంటుచోఁ
దల జలకంబు లార్చి బలుతాలిమితోఁ దడి యొత్తి మోమునన్
దిలకముచుక్క బొట్టువలె దీరిచి సంతసమంద నాత్మలో-
పల నలరారుచున్న యల భామినిఁ దల్లినిఁ బోలరెవ్వరున్.",vruttamu,Maathru,"[('చె', '|'), ('లు', '|'), ('లు', '|'), ('ద', '|'), ('కం', 'U'), ('బు', '|'), ('దే', 'U'), ('ర', '|'), ('ద', '|'), ('న', '|'), ('చే', 'U'), ('త', '|'), ('ను', '|'), ('నూ', 'U'), ('ని', '|'), ('య', '|'), ('దో', 'U'), ('గ', '|'), ('నం', 'U'), ('టు', '|'), ('చో', 'U'), ('ద', '|'), ('ల', '|'), ('జ', '|'), ('ల', '|'), ('కం', 'U'), ('బు', '|'), ('లా', 'U'), ('ర్చి', '|'), ('బ', '|'), ('లు', '|'), ('తా', 'U'), ('లి', '|'), ('మి', '|'), ('తో', 'U'), ('ద', '|'), ('డి', '|'), ('యొ', 'U'), ('త్తి', '|'), ('మో', 'U'), ('ము', '|'), ('నన్', 'U'), ('ది', '|'), ('ల', '|'), ('క', '|'), ('ము', '|'), ('చు', 'U'), ('క్క', '|'), ('బొ', 'U'), ('ట్టు', '|'), ('వ', '|'), ('లె', '|'), ('దీ', 'U'), ('రి', '|'), ('చి', '|'), ('సం', 'U'), ('త', '|'), ('స', '|'), ('మం', 'U'), ('ద', '|'), ('నా', 'U'), ('త్మ', '|'), ('లో', 'U'), ('ప', '|'), ('ల', '|'), ('న', '|'), ('ల', '|'), ('రా', 'U'), ('రు', '|'), ('చు', 'U'), ('న్న', '|'), ('య', '|'), ('ల', '|'), ('భా', 'U'), ('మి', '|'), ('ని', '|'), ('ద', 'U'), ('ల్లి', '|'), ('ని', '|'), ('బో', 'U'), ('ల', '|'), ('రె', 'U'), ('వ్వ', '|'), ('రున్', 'U')]",1.0,1.0,1.0,1.0,1.0,1.0
vutpalamaala,"ఇంతులఁ జూచి మీ సుతుల కే పస రుగ్గిడినారు మీరు గో-
రంత యెఱుంగఁ బల్కఁగదరమ్మ యటంచుఁ జికిత్స దోఁప నిం-
తంతనరాని యౌషధము లారయుచున్ గడుబ్రోచుచున్న ధ-
న్వంతరియో యనంగఁ జెలువారెడు తల్లినిఁ బోలరెవ్వరున్.",vruttamu,Maathru,"[('ఇం', 'U'), ('తు', '|'), ('ల', '|'), ('జూ', 'U'), ('చి', '|'), ('మీ', 'U'), ('సు', '|'), ('తు', '|'), ('ల', '|'), ('కే', 'U'), ('ప', '|'), ('స', '|'), ('రు', 'U'), ('గ్గి', '|'), ('డి', '|'), ('నా', 'U'), ('రు', '|'), ('మీ', 'U'), ('రు', '|'), ('గో', 'U'), ('రం', 'U'), ('త', '|'), ('యె', '|'), ('ఱుం', 'U'), ('గ', '|'), ('బ', 'U'), ('ల్క', '|'), ('గ', '|'), ('ద', '|'), ('ర', 'U'), ('మ్మ', '|'), ('య', '|'), ('టం', 'U'), ('చు', '|'), ('జి', '|'), ('కి', 'U'), ('త్స', '|'), ('దో', 'U'), ('ప', '|'), ('నిం', 'U'), ('తం', 'U'), ('త', '|'), ('న', '|'), ('రా', 'U'), ('ని', '|'), ('యౌ', 'U'), ('ష', '|'), ('ధ', '|'), ('ము', '|'), ('లా', 'U'), ('ర', '|'), ('యు', '|'), ('చు', 'U'), ('న్గ', '|'), ('డు', '|'), ('బ్రో', 'U'), ('చు', '|'), ('చు', 'U'), ('న్న', '|'), ('ధ', 'U'), ('న్వం', 'U'), ('త', '|'), ('రి', '|'), ('యో', 'U'), ('య', '|'), ('నం', 'U'), ('గ', '|'), ('జె', '|'), ('లు', '|'), ('వా', 'U'), ('రె', '|'), ('డు', '|'), ('త', 'U'), ('ల్లి', '|'), ('ని', '|'), ('బో', 'U'), ('ల', '|'), ('రె', 'U'), ('వ్వ', '|'), ('రున్', 'U')]",0.9,1.0,1.0,1.0,0.5,1.0
vutpalamaala,"భావ మెలర్ప మూలికల భావన చేసినయట్టి బంగరుం
దీవెల నూకచిట్టుడుకు దీసి మరీచిఘృతోచితంబుగాఁ
ద్రావఁగఁ జేసి వేఁడి జలధారల మేను గడింగి నిద్దురం
బోవఁగ జోలఁ బాడుచును బొంగెడు తల్లినిఁ బోలరెవ్వరున్.",vruttamu,Maathru,"[('భా', 'U'), ('వ', '|'), ('మె', '|'), ('ల', 'U'), ('ర్ప', '|'), ('మూ', 'U'), ('లి', '|'), ('క', '|'), ('ల', '|'), ('భా', 'U'), ('వ', '|'), ('న', '|'), ('చే', 'U'), ('సి', '|'), ('న', '|'), ('య', 'U'), ('ట్టి', '|'), ('బం', 'U'), ('గ', '|'), ('రుం', 'U'), ('దీ', 'U'), ('వె', '|'), ('ల', '|'), ('నూ', 'U'), ('క', '|'), ('చి', 'U'), ('ట్టు', '|'), ('డు', '|'), ('కు', '|'), ('దీ', 'U'), ('సి', '|'), ('మ', '|'), ('రీ', 'U'), ('చి', '|'), ('ఘృ', '|'), ('తో', 'U'), ('చి', '|'), ('తం', 'U'), ('బు', '|'), ('గా', 'U'), ('ద్రా', 'U'), ('వ', '|'), ('గ', '|'), ('జే', 'U'), ('సి', '|'), ('వే', 'U'), ('డి', '|'), ('జ', '|'), ('ల', '|'), ('ధా', 'U'), ('ర', '|'), ('ల', '|'), ('మే', 'U'), ('ను', '|'), ('గ', '|'), ('డిం', 'U'), ('గి', '|'), ('ని', 'U'), ('ద్దు', '|'), ('రం', 'U'), ('బో', 'U'), ('వ', '|'), ('గ', '|'), ('జో', 'U'), ('ల', '|'), ('బా', 'U'), ('డు', '|'), ('చు', '|'), ('ను', '|'), ('బొం', 'U'), ('గె', '|'), ('డు', '|'), ('త', 'U'), ('ల్లి', '|'), ('ని', '|'), ('బో', 'U'), ('ల', '|'), ('రె', 'U'), ('వ్వ', '|'), ('రున్', 'U')]",1.0,1.0,1.0,1.0,1.0,1.0
vutpalamaala,"క్షీరము శర్కరాన్నమును జిక్కని గట్టిపెరుంగు పాయసం-
బారయ బొజ్జ నిండునటు లామెతగాఁ దినిపించి బిడ్డఁ డే-
మో రహిలేక ముట్టఁ డని మో మఱ వాంచుచు “ముద్దులయ్యగా,
రార” యటంచుఁ బిల్చుచును రాజిలు తల్లినిఁ బోలరెవ్వరున్.",vruttamu,Maathru,"[('క్షీ', 'U'), ('ర', '|'), ('ము', '|'), ('శ', 'U'), ('ర్క', '|'), ('రా', 'U'), ('న్న', '|'), ('ము', '|'), ('ను', '|'), ('జి', 'U'), ('క్క', '|'), ('ని', '|'), ('గ', 'U'), ('ట్టి', '|'), ('పె', '|'), ('రుం', 'U'), ('గు', '|'), ('పా', 'U'), ('య', '|'), ('సం', 'U'), ('బా', 'U'), ('ర', '|'), ('య', '|'), ('బొ', 'U'), ('జ్జ', '|'), ('నిం', 'U'), ('డు', '|'), ('న', '|'), ('టు', '|'), ('లా', 'U'), ('మె', '|'), ('త', '|'), ('గా', 'U'), ('ది', '|'), ('ని', '|'), ('పిం', 'U'), ('చి', '|'), ('బి', 'U'), ('డ్డ', '|'), ('డే', 'U'), ('మో', 'U'), ('ర', '|'), ('హి', '|'), ('లే', 'U'), ('క', '|'), ('ము', 'U'), ('ట్ట', '|'), ('డ', '|'), ('ని', '|'), ('మో', 'U'), ('మ', '|'), ('ఱ', '|'), ('వాం', 'U'), ('చు', '|'), ('చు', '|'), ('ము', 'U'), ('ద్దు', '|'), ('ల', 'U'), ('య్య', '|'), ('గా', 'U'), ('రా', 'U'), ('ర', '|'), ('య', '|'), ('టం', 'U'), ('చు', '|'), ('బి', 'U'), ('ల్చు', '|'), ('చు', '|'), ('ను', '|'), ('రా', 'U'), ('జి', '|'), ('లు', '|'), ('త', 'U'), ('ల్లి', '|'), ('ని', '|'), ('బో', 'U'), ('ల', '|'), ('రె', 'U'), ('వ్వ', '|'), ('రున్', 'U')]",0.95,1.0,1.0,1.0,0.75,1.0
champakamaala,"చిఱుతను జంకఁ బెట్టుకొని చిత్రముఁ జూపుచు వెండిగిన్నెలో
మెఱయుచునున్న బువ్వఁ దినుమీ తినకున్నను బూచివాని వే-
గిర మిదె పిల్తునంచు నళికించుచుఁ గాకికి వేతునంచుఁ దా
బిరబిర చేతిముద్దఁ దినిపించెడు తల్లినిఁ బోలరెవ్వరున్.",vruttamu,Maathru,"[('చి', '|'), ('ఱు', '|'), ('త', '|'), ('ను', '|'), ('జం', 'U'), ('క', '|'), ('బె', 'U'), ('ట్టు', '|'), ('కొ', '|'), ('ని', '|'), ('చి', '|'), ('త్ర', '|'), ('ము', '|'), ('జూ', 'U'), ('పు', '|'), ('చు', '|'), ('వెం', 'U'), ('డి', '|'), ('గి', 'U'), ('న్నె', '|'), ('లో', 'U'), ('మె', '|'), ('ఱ', '|'), ('యు', '|'), ('చు', '|'), ('ను', 'U'), ('న్న', '|'), ('బు', 'U'), ('వ్వ', '|'), ('ది', '|'), ('ను', '|'), ('మీ', 'U'), ('తి', '|'), ('న', '|'), ('కు', 'U'), ('న్న', '|'), ('ను', '|'), ('బూ', 'U'), ('చి', '|'), ('వా', 'U'), ('ని', '|'), ('వే', 'U'), ('గి', '|'), ('ర', '|'), ('మి', '|'), ('దె', '|'), ('పి', 'U'), ('ల్తు', '|'), ('నం', 'U'), ('చు', '|'), ('న', '|'), ('ళి', '|'), ('కిం', 'U'), ('చు', '|'), ('చు', '|'), ('గా', 'U'), ('కి', '|'), ('కి', '|'), ('వే', 'U'), ('తు', '|'), ('నం', 'U'), ('చు', '|'), ('దా', 'U'), ('బి', '|'), ('ర', '|'), ('బి', '|'), ('ర', '|'), ('చే', 'U'), ('తి', '|'), ('ము', 'U'), ('ద్ద', '|'), ('ది', '|'), ('ని', '|'), ('పిం', 'U'), ('చె', '|'), ('డు', '|'), ('త', 'U'), ('ల్లి', '|'), ('ని', '|'), ('బో', 'U'), ('ల', '|'), ('రె', 'U'), ('వ్వ', '|'), ('రున్', 'U')]",0.8928571428571429,1.0,1.0,0.9642857142857143,1.0,0.5
champakamaala,"అరమర మానుచున్ గురుపదార్థము లెవ్వి భుజించితేని పా-
లరుగవు బిడ్డకంచు విహితాశనముం గబళించుచోఁ బరా-
త్పరుని మునీంద్రు లట్లు సుతతత్పరదృష్టు లనంతపథ్యవి-
స్ఫురణఁ జెలంగుచున్న యిలసుందరిఁ దల్లినిఁ బోలరెవ్వరున్.",vruttamu,Maathru,"[('అ', '|'), ('ర', '|'), ('మ', '|'), ('ర', '|'), ('మా', 'U'), ('ను', '|'), ('చు', 'U'), ('న్గు', '|'), ('రు', '|'), ('ప', '|'), ('దా', 'U'), ('ర్థ', '|'), ('ము', '|'), ('లె', 'U'), ('వ్వి', '|'), ('భు', '|'), ('జిం', 'U'), ('చి', '|'), ('తే', 'U'), ('ని', '|'), ('పా', 'U'), ('ల', '|'), ('రు', '|'), ('గ', '|'), ('వు', '|'), ('బి', 'U'), ('డ్డ', '|'), ('కం', 'U'), ('చు', '|'), ('వి', '|'), ('హి', '|'), ('తా', 'U'), ('శ', '|'), ('న', '|'), ('ముం', 'U'), ('గ', '|'), ('బ', '|'), ('ళిం', 'U'), ('చు', '|'), ('చో', 'U'), ('బ', '|'), ('రా', 'U'), ('త్ప', '|'), ('రు', '|'), ('ని', '|'), ('ము', '|'), ('నీం', 'U'), ('ద్రు', '|'), ('ల', 'U'), ('ట్లు', '|'), ('సు', '|'), ('త', '|'), ('త', 'U'), ('త్ప', '|'), ('ర', '|'), ('దృ', 'U'), ('ష్టు', '|'), ('ల', '|'), ('నం', 'U'), ('త', '|'), ('ప', 'U'), ('థ్య', '|'), ('వి', 'U'), ('స్ఫు', '|'), ('ర', '|'), ('ణ', '|'), ('జె', '|'), ('లం', 'U'), ('గు', '|'), ('చు', 'U'), ('న్న', '|'), ('యి', '|'), ('ల', '|'), ('సుం', 'U'), ('ద', '|'), ('రి', '|'), ('ద', 'U'), ('ల్లి', '|'), ('ని', '|'), ('బో', 'U'), ('ల', '|'), ('రె', 'U'), ('వ్వ', '|'), ('రున్', 'U')]",0.9,1.0,1.0,1.0,0.5,1.0
vutpalamaala,"ఆఁకొని పోరువెట్టునెడ నారయ నడ్డముగాఁ దనూజునిం
జేకొని క్రుచ్చి ముద్దిడుచుఁ జెక్కిలి దువ్వుచుఁ “బాయి ద్రావ రా-
రా కనతండ్రి” యంచని మనంబునఁ గుందుచు బొజ్జనిండ ర-
క్షాకలితోక్తిఁ జన్గుడుపు కామినిఁ దల్లినిఁ బోలరెవ్వరున్.",vruttamu,Maathru,"[('ఆ', 'U'), ('కొ', '|'), ('ని', '|'), ('పో', 'U'), ('రు', '|'), ('వె', 'U'), ('ట్టు', '|'), ('నె', '|'), ('డ', '|'), ('నా', 'U'), ('ర', '|'), ('య', '|'), ('న', 'U'), ('డ్డ', '|'), ('ము', '|'), ('గా', 'U'), ('ద', '|'), ('నూ', 'U'), ('జు', '|'), ('నిం', 'U'), ('జే', 'U'), ('కొ', '|'), ('ని', '|'), ('క్రు', 'U'), ('చ్చి', '|'), ('ము', 'U'), ('ద్ది', '|'), ('డు', '|'), ('చు', '|'), ('జె', 'U'), ('క్కి', '|'), ('లి', '|'), ('దు', 'U'), ('వ్వు', '|'), ('చు', '|'), ('బా', 'U'), ('యి', '|'), ('ద్రా', 'U'), ('వ', '|'), ('రా', 'U'), ('రా', 'U'), ('క', '|'), ('న', '|'), ('తం', 'U'), ('డ్రి', '|'), ('యం', 'U'), ('చ', '|'), ('ని', '|'), ('మ', '|'), ('నం', 'U'), ('బు', '|'), ('న', '|'), ('గుం', 'U'), ('దు', '|'), ('చు', '|'), ('బొ', 'U'), ('జ్జ', '|'), ('నిం', 'U'), ('డ', '|'), ('ర', 'U'), ('క్షా', 'U'), ('క', '|'), ('లి', '|'), ('తో', 'U'), ('క్తి', '|'), ('జ', 'U'), ('న్గు', '|'), ('డు', '|'), ('పు', '|'), ('కా', 'U'), ('మి', '|'), ('ని', '|'), ('ద', 'U'), ('ల్లి', '|'), ('ని', '|'), ('బో', 'U'), ('ల', '|'), ('రె', 'U'), ('వ్వ', '|'), ('రున్', 'U')]",0.9,1.0,1.0,1.0,0.5,1.0
champakamaala,"తడఁబడునట్లు ముంగిటను దప్పుటడుం గిడువేళ నజ్ఞతన్
బడునను చింతయు న్నడువఁ బాల్పడెనన్న కుతూహలంబు చే-
డ్పడ నొకటైన మైమఱచి బాలునకున్ దన వ్రేలొసంగి నే-
ర్పడరఁగ ద్రిప్పుచో శుభముఁ బల్కెడు తల్లినిఁ బోలరెవ్వరున్.",vruttamu,Maathru,"[('త', '|'), ('డ', '|'), ('బ', '|'), ('డు', '|'), ('న', 'U'), ('ట్లు', '|'), ('ముం', 'U'), ('గి', '|'), ('ట', '|'), ('ను', '|'), ('ద', 'U'), ('ప్పు', '|'), ('ట', '|'), ('డుం', 'U'), ('గి', '|'), ('డు', '|'), ('వే', 'U'), ('ళ', '|'), ('న', 'U'), ('జ్ఞ', '|'), ('తన్', 'U'), ('బ', '|'), ('డు', '|'), ('న', '|'), ('ను', '|'), ('చిం', 'U'), ('త', '|'), ('యు', 'U'), ('న్న', '|'), ('డు', '|'), ('వ', '|'), ('బా', 'U'), ('ల్ప', '|'), ('డె', '|'), ('న', 'U'), ('న్న', '|'), ('కు', '|'), ('తూ', 'U'), ('హ', '|'), ('లం', 'U'), ('బు', '|'), ('చే', 'U'), ('డ్ప', '|'), ('డ', '|'), ('నొ', '|'), ('క', '|'), ('టై', 'U'), ('న', '|'), ('మై', 'U'), ('మ', '|'), ('ఱ', '|'), ('చి', '|'), ('బా', 'U'), ('లు', '|'), ('న', '|'), ('కు', 'U'), ('న్ద', '|'), ('న', '|'), ('వ్రే', 'U'), ('లొ', '|'), ('సం', 'U'), ('గి', '|'), ('నే', 'U'), ('ర్ప', '|'), ('డ', '|'), ('ర', '|'), ('గ', '|'), ('ద్రి', 'U'), ('ప్పు', '|'), ('చో', 'U'), ('శు', '|'), ('భ', '|'), ('ము', '|'), ('బ', 'U'), ('ల్కె', '|'), ('డు', '|'), ('త', 'U'), ('ల్లి', '|'), ('ని', '|'), ('బో', 'U'), ('ల', '|'), ('రె', 'U'), ('వ్వ', '|'), ('రున్', 'U')]",1.0,1.0,1.0,1.0,1.0,1.0
champakamaala,"తన సరిబాలురం గలసి దవ్వుల కాటల కేగియున్నచోఁ
దనయుఁ డిదేమొ లేఁడనుచుఁ దత్తఱ మొందుచు నావ తాగిన-
ట్లనయము నాత్మఁ గుందుచుఁ దదాగమనాభిముఖాభిలాష పై-
కొని కనినంత సంతసిలు కోమలిఁ దల్లినిఁ బోలరెవ్వరున్.",vruttamu,Maathru,"[('త', '|'), ('న', '|'), ('స', '|'), ('రి', '|'), ('బా', 'U'), ('లు', '|'), ('రం', 'U'), ('గ', '|'), ('ల', '|'), ('సి', '|'), ('ద', 'U'), ('వ్వు', '|'), ('ల', '|'), ('కా', 'U'), ('ట', '|'), ('ల', '|'), ('కే', 'U'), ('గి', '|'), ('యు', 'U'), ('న్న', '|'), ('చో', 'U'), ('ద', '|'), ('న', '|'), ('యు', '|'), ('డి', '|'), ('దే', 'U'), ('మొ', '|'), ('లే', 'U'), ('డ', '|'), ('ను', '|'), ('చు', '|'), ('ద', 'U'), ('త్త', '|'), ('ఱ', '|'), ('మొం', 'U'), ('దు', '|'), ('చు', '|'), ('నా', 'U'), ('వ', '|'), ('తా', 'U'), ('గి', '|'), ('న', 'U'), ('ట్ల', '|'), ('న', '|'), ('య', '|'), ('ము', '|'), ('నా', 'U'), ('త్మ', '|'), ('గుం', 'U'), ('దు', '|'), ('చు', '|'), ('ద', '|'), ('దా', 'U'), ('గ', '|'), ('మ', '|'), ('నా', 'U'), ('భి', '|'), ('ము', '|'), ('ఖా', 'U'), ('భి', '|'), ('లా', 'U'), ('ష', '|'), ('పై', 'U'), ('కొ', '|'), ('ని', '|'), ('క', '|'), ('ని', '|'), ('నం', 'U'), ('త', '|'), ('సం', 'U'), ('త', '|'), ('సి', '|'), ('లు', '|'), ('కో', 'U'), ('మ', '|'), ('లి', '|'), ('ద', 'U'), ('ల్లి', '|'), ('ని', '|'), ('బో', 'U'), ('ల', '|'), ('రె', 'U'), ('వ్వ', '|'), ('రున్', 'U')]",0.95,1.0,1.0,1.0,0.75,1.0
champakamaala,"చిఱుతలతోడ నాటలకుఁ జేతులు జాచుచు సందుగొందులం
బరుగులు పారుచున్న పశుబాధ ఘటించునటంచు సాధ్వసా-
తురమున రాణివాస మటుద్రోసి బహిస్థలి కేఁగి యంత నా
బురుకనిఁ గేల నందికొనిపోయెడు తల్లినిఁ బోలరెవ్వరున్.",vruttamu,Maathru,"[('చి', '|'), ('ఱు', '|'), ('త', '|'), ('ల', '|'), ('తో', 'U'), ('డ', '|'), ('నా', 'U'), ('ట', '|'), ('ల', '|'), ('కు', '|'), ('జే', 'U'), ('తు', '|'), ('లు', '|'), ('జా', 'U'), ('చు', '|'), ('చు', '|'), ('సం', 'U'), ('దు', '|'), ('గొం', 'U'), ('దు', '|'), ('లం', 'U'), ('బ', '|'), ('రు', '|'), ('గు', '|'), ('లు', '|'), ('పా', 'U'), ('రు', '|'), ('చు', 'U'), ('న్న', '|'), ('ప', '|'), ('శు', '|'), ('బా', 'U'), ('ధ', '|'), ('ఘ', '|'), ('టిం', 'U'), ('చు', '|'), ('న', '|'), ('టం', 'U'), ('చు', '|'), ('సా', 'U'), ('ధ్వ', '|'), ('సా', 'U'), ('తు', '|'), ('ర', '|'), ('ము', '|'), ('న', '|'), ('రా', 'U'), ('ణి', '|'), ('వా', 'U'), ('స', '|'), ('మ', '|'), ('టు', '|'), ('ద్రో', 'U'), ('సి', '|'), ('బ', '|'), ('హి', 'U'), ('స్థ', '|'), ('లి', '|'), ('కే', 'U'), ('గి', '|'), ('యం', 'U'), ('త', '|'), ('నా', 'U'), ('బు', '|'), ('రు', '|'), ('క', '|'), ('ని', '|'), ('గే', 'U'), ('ల', '|'), ('నం', 'U'), ('ది', '|'), ('కొ', '|'), ('ని', '|'), ('పో', 'U'), ('యె', '|'), ('డు', '|'), ('త', 'U'), ('ల్లి', '|'), ('ని', '|'), ('బో', 'U'), ('ల', '|'), ('రె', 'U'), ('వ్వ', '|'), ('రున్', 'U')]",0.95,1.0,1.0,1.0,1.0,0.75
champakamaala,"కడువడి నెందఱిన్ గనినఁగాని తనూజులు చెంతఁ జేరి పైఁ-
బడి మురిపంపుఁ బెంపు నెఱబాధలు పెట్టినఁగాని వేసటం
బడక నితోఽధికంబయిన బాలురఁ గన్వలెనంచు బాళిలోఁ
బొడమి చరించుచుండు విరిబోణినిఁ దల్లినిఁ బోలరెవ్వరున్.",vruttamu,Maathru,"[('క', '|'), ('డు', '|'), ('వ', '|'), ('డి', '|'), ('నెం', 'U'), ('ద', '|'), ('ఱి', 'U'), ('న్గ', '|'), ('ని', '|'), ('న', '|'), ('గా', 'U'), ('ని', '|'), ('త', '|'), ('నూ', 'U'), ('జు', '|'), ('లు', '|'), ('చెం', 'U'), ('త', '|'), ('జే', 'U'), ('రి', '|'), ('పై', 'U'), ('బ', '|'), ('డి', '|'), ('ము', '|'), ('రి', '|'), ('పం', 'U'), ('పు', '|'), ('బెం', 'U'), ('పు', '|'), ('నె', '|'), ('ఱ', '|'), ('బా', 'U'), ('ధ', '|'), ('లు', '|'), ('పె', 'U'), ('ట్టి', '|'), ('న', '|'), ('గా', 'U'), ('ని', '|'), ('వే', 'U'), ('స', '|'), ('టం', 'U'), ('బ', '|'), ('డ', '|'), ('క', '|'), ('ని', '|'), ('తో', 'U'), ('ధి', '|'), ('కం', 'U'), ('బ', '|'), ('యి', '|'), ('న', '|'), ('బా', 'U'), ('లు', '|'), ('ర', '|'), ('గ', 'U'), ('న్వ', '|'), ('లె', '|'), ('నం', 'U'), ('చు', '|'), ('బా', 'U'), ('ళి', '|'), ('లో', 'U'), ('బొ', '|'), ('డ', '|'), ('మి', '|'), ('చ', '|'), ('రిం', 'U'), ('చు', '|'), ('చుం', 'U'), ('డు', '|'), ('వి', '|'), ('రి', '|'), ('బో', 'U'), ('ణి', '|'), ('ని', '|'), ('ద', 'U'), ('ల్లి', '|'), ('ని', '|'), ('బో', 'U'), ('ల', '|'), ('రె', 'U'), ('వ్వ', '|'), ('రున్', 'U')]",1.0,1.0,1.0,1.0,1.0,1.0
champakamaala,"వినవినఁ బాలు గాఱు నెఱవేడుక మీఱఁగ ముద్దుముద్దుగాఁ
దనయుఁడు పల్కుచున్న విని తాఁ గనకం బొడిఁ గట్టినట్లు నె-
మ్మనమున సంతసిల్లుచును మాటికిమాటికి దృష్టి దీయుచోఁ
జను గుడిపించి మై నివురు చక్కని తల్లినిఁ బోలరెవ్వరున్.",vruttamu,Maathru,"[('వి', '|'), ('న', '|'), ('వి', '|'), ('న', '|'), ('బా', 'U'), ('లు', '|'), ('గా', 'U'), ('ఱు', '|'), ('నె', '|'), ('ఱ', '|'), ('వే', 'U'), ('డు', '|'), ('క', '|'), ('మీ', 'U'), ('ఱ', '|'), ('గ', '|'), ('ము', 'U'), ('ద్దు', '|'), ('ము', 'U'), ('ద్దు', '|'), ('గా', 'U'), ('ద', '|'), ('న', '|'), ('యు', '|'), ('డు', '|'), ('ప', 'U'), ('ల్కు', '|'), ('చు', 'U'), ('న్న', '|'), ('వి', '|'), ('ని', '|'), ('తా', 'U'), ('గ', '|'), ('న', '|'), ('కం', 'U'), ('బొ', '|'), ('డి', '|'), ('గ', 'U'), ('ట్టి', '|'), ('న', 'U'), ('ట్లు', '|'), ('నె', 'U'), ('మ్మ', '|'), ('న', '|'), ('ము', '|'), ('న', '|'), ('సం', 'U'), ('త', '|'), ('సి', 'U'), ('ల్లు', '|'), ('చు', '|'), ('ను', '|'), ('మా', 'U'), ('టి', '|'), ('కి', '|'), ('మా', 'U'), ('టి', '|'), ('కి', '|'), ('దృ', 'U'), ('ష్టి', '|'), ('దీ', 'U'), ('యు', '|'), ('చో', 'U'), ('జ', '|'), ('ను', '|'), ('గు', '|'), ('డి', '|'), ('పిం', 'U'), ('చి', '|'), ('మై', 'U'), ('ని', '|'), ('వు', '|'), ('రు', '|'), ('చ', 'U'), ('క్క', '|'), ('ని', '|'), ('త', 'U'), ('ల్లి', '|'), ('ని', '|'), ('బో', 'U'), ('ల', '|'), ('రె', 'U'), ('వ్వ', '|'), ('రున్', 'U')]",1.0,1.0,1.0,1.0,1.0,1.0
champakamaala,"గునగున నేగుదెంచి తనకు న్మఱి పప్పు లొసంగుమంచుఁ బ-
ల్కిన నెఱముద్దుమాటలకుఁ గేవలము న్మది సొక్కి తద్వచో-
జనితసుధారసానుభవసంగతి నాఁకలి నొప్పిదప్పు లెం-
చని తనుజేప్సితార్థఫలశాలినిఁ దల్లినిఁ బోలరెవ్వరున్.",vruttamu,Maathru,"[('గు', '|'), ('న', '|'), ('గు', '|'), ('న', '|'), ('నే', 'U'), ('గు', '|'), ('దెం', 'U'), ('చి', '|'), ('త', '|'), ('న', '|'), ('కు', 'U'), ('న్మ', '|'), ('ఱి', '|'), ('ప', 'U'), ('ప్పు', '|'), ('లొ', '|'), ('సం', 'U'), ('గు', '|'), ('మం', 'U'), ('చు', '|'), ('బ', 'U'), ('ల్కి', '|'), ('న', '|'), ('నె', '|'), ('ఱ', '|'), ('ము', 'U'), ('ద్దు', '|'), ('మా', 'U'), ('ట', '|'), ('ల', '|'), ('కు', '|'), ('గే', 'U'), ('వ', '|'), ('ల', '|'), ('ము', 'U'), ('న్మ', '|'), ('ది', '|'), ('సొ', 'U'), ('క్కి', '|'), ('త', 'U'), ('ద్వ', '|'), ('చో', 'U'), ('జ', '|'), ('ని', '|'), ('త', '|'), ('సు', '|'), ('ధా', 'U'), ('ర', '|'), ('సా', 'U'), ('ను', '|'), ('భ', '|'), ('వ', '|'), ('సం', 'U'), ('గ', '|'), ('తి', '|'), ('నా', 'U'), ('క', '|'), ('లి', '|'), ('నొ', 'U'), ('ప్పి', '|'), ('ద', 'U'), ('ప్పు', '|'), ('లెం', 'U'), ('చ', '|'), ('ని', '|'), ('త', '|'), ('ను', '|'), ('జే', 'U'), ('ప్సి', '|'), ('తా', 'U'), ('ర్థ', '|'), ('ఫ', '|'), ('ల', '|'), ('శా', 'U'), ('లి', '|'), ('ని', '|'), ('ద', 'U'), ('ల్లి', '|'), ('ని', '|'), ('బో', 'U'), ('ల', '|'), ('రె', 'U'), ('వ్వ', '|'), ('రున్', 'U')]",1.0,1.0,1.0,1.0,1.0,1.0
champakamaala,"పెరచిఱుత న్మథింపఁ గని పెంచిన యాబిడ చాడి చెప్పినన్
మఱి విని నీ తనూభవుని మంచికి నీ మది మెచ్చఁబోలు మా
బురుకని గొట్టినాఁడనుచు బొంకి నిజాలయసీమఁ జేరి య-
బ్బురముగ బుద్ధిఁ జెప్పు సిరిబోలిన తల్లినిఁ బోలరెవ్వరున్.",vruttamu,Maathru,"[('పె', '|'), ('ర', '|'), ('చి', '|'), ('ఱు', '|'), ('త', 'U'), ('న్మ', '|'), ('థిం', 'U'), ('ప', '|'), ('గ', '|'), ('ని', '|'), ('పెం', 'U'), ('చి', '|'), ('న', '|'), ('యా', 'U'), ('బి', '|'), ('డ', '|'), ('చా', 'U'), ('డి', '|'), ('చె', 'U'), ('ప్పి', '|'), ('నన్', 'U'), ('మ', '|'), ('ఱి', '|'), ('వి', '|'), ('ని', '|'), ('నీ', 'U'), ('త', '|'), ('నూ', 'U'), ('భ', '|'), ('వు', '|'), ('ని', '|'), ('మం', 'U'), ('చి', '|'), ('కి', '|'), ('నీ', 'U'), ('మ', '|'), ('ది', '|'), ('మె', 'U'), ('చ్చ', '|'), ('బో', 'U'), ('లు', '|'), ('మా', 'U'), ('బు', '|'), ('రు', '|'), ('క', '|'), ('ని', '|'), ('గొ', 'U'), ('ట్టి', '|'), ('నా', 'U'), ('డ', '|'), ('ను', '|'), ('చు', '|'), ('బొం', 'U'), ('కి', '|'), ('ని', '|'), ('జా', 'U'), ('ల', '|'), ('య', '|'), ('సీ', 'U'), ('మ', '|'), ('జే', 'U'), ('రి', '|'), ('య', 'U'), ('బ్బు', '|'), ('ర', '|'), ('ము', '|'), ('గ', '|'), ('బు', 'U'), ('ద్ధి', '|'), ('జె', 'U'), ('ప్పు', '|'), ('సి', '|'), ('రి', '|'), ('బో', 'U'), ('లి', '|'), ('న', '|'), ('త', 'U'), ('ల్లి', '|'), ('ని', '|'), ('బో', 'U'), ('ల', '|'), ('రె', 'U'), ('వ్వ', '|'), ('రున్', 'U')]",0.95,1.0,1.0,1.0,1.0,0.75
champakamaala,"తనయుని కొంటెచేఁతలకుఁ దండ్రి యహో బెదరించుచున్న లే-
దనుచు నిజాత్మనాయకుని యాజ్ఞ దొలంగఁగ రాదటన్న వా-
గ్ధన మటు డించి నందనుని దండనపా ల్పడనీక యడ్డముం
జని కరుణింపఁజేయు నెఱజాణను దల్లినిఁ బోలరెవ్వరున్.",vruttamu,Maathru,"[('త', '|'), ('న', '|'), ('యు', '|'), ('ని', '|'), ('కొం', 'U'), ('టె', '|'), ('చే', 'U'), ('త', '|'), ('ల', '|'), ('కు', '|'), ('దం', 'U'), ('డ్రి', '|'), ('య', '|'), ('హో', 'U'), ('బె', '|'), ('ద', '|'), ('రిం', 'U'), ('చు', '|'), ('చు', 'U'), ('న్న', '|'), ('లే', 'U'), ('ద', '|'), ('ను', '|'), ('చు', '|'), ('ని', '|'), ('జా', 'U'), ('త్మ', '|'), ('నా', 'U'), ('య', '|'), ('కు', '|'), ('ని', '|'), ('యా', 'U'), ('జ్ఞ', '|'), ('దొ', '|'), ('లం', 'U'), ('గ', '|'), ('గ', '|'), ('రా', 'U'), ('ద', '|'), ('ట', 'U'), ('న్న', '|'), ('వా', 'U'), ('గ్ధ', '|'), ('న', '|'), ('మ', '|'), ('టు', '|'), ('డిం', 'U'), ('చి', '|'), ('నం', 'U'), ('ద', '|'), ('ను', '|'), ('ని', '|'), ('దం', 'U'), ('డ', '|'), ('న', '|'), ('పా', 'U'), ('ల్ప', '|'), ('డ', '|'), ('నీ', 'U'), ('క', '|'), ('య', 'U'), ('డ్డ', '|'), ('ముం', 'U'), ('జ', '|'), ('ని', '|'), ('క', '|'), ('రు', '|'), ('ణిం', 'U'), ('ప', '|'), ('జే', 'U'), ('యు', '|'), ('నె', '|'), ('ఱ', '|'), ('జా', 'U'), ('ణ', '|'), ('ను', '|'), ('ద', 'U'), ('ల్లి', '|'), ('ని', '|'), ('బో', 'U'), ('ల', '|'), ('రె', 'U'), ('వ్వ', '|'), ('రున్', 'U')]",0.95,1.0,1.0,1.0,0.75,1.0
champakamaala,"తలఁపున నున్న భావ మొకదారిఁ జెలంగఁగ వచ్చిరాని మా-
టలు మఱి పల్కువేళఁ గడు ఠాయి జెలంగెడు శౌరిసత్కథా-
కలితవినోదముల్ వినెడు కైవడిగా వడి నాలకించుచో
ఫల మొనఁగూడెనంచు నుతిఁ బల్కెడు తల్లినిఁ బోలరెవ్వరున్.",vruttamu,Maathru,"[('త', '|'), ('ల', '|'), ('పు', '|'), ('న', '|'), ('ను', 'U'), ('న్న', '|'), ('భా', 'U'), ('వ', '|'), ('మొ', '|'), ('క', '|'), ('దా', 'U'), ('రి', '|'), ('జె', '|'), ('లం', 'U'), ('గ', '|'), ('గ', '|'), ('వ', 'U'), ('చ్చి', '|'), ('రా', 'U'), ('ని', '|'), ('మా', 'U'), ('ట', '|'), ('లు', '|'), ('మ', '|'), ('ఱి', '|'), ('ప', 'U'), ('ల్కు', '|'), ('వే', 'U'), ('ళ', '|'), ('గ', '|'), ('డు', '|'), ('ఠా', 'U'), ('యి', '|'), ('జె', '|'), ('లం', 'U'), ('గె', '|'), ('డు', '|'), ('శౌ', 'U'), ('రి', '|'), ('స', 'U'), ('త్క', '|'), ('థా', 'U'), ('క', '|'), ('లి', '|'), ('త', '|'), ('వి', '|'), ('నో', 'U'), ('ద', '|'), ('ము', 'U'), ('ల్వి', '|'), ('నె', '|'), ('డు', '|'), ('కై', 'U'), ('వ', '|'), ('డి', '|'), ('గా', 'U'), ('వ', '|'), ('డి', '|'), ('నా', 'U'), ('ల', '|'), ('కిం', 'U'), ('చు', '|'), ('చో', 'U'), ('ఫ', '|'), ('ల', '|'), ('మొ', '|'), ('న', '|'), ('గూ', 'U'), ('డె', '|'), ('నం', 'U'), ('చు', '|'), ('ను', '|'), ('తి', '|'), ('బ', 'U'), ('ల్కె', '|'), ('డు', '|'), ('త', 'U'), ('ల్లి', '|'), ('ని', '|'), ('బో', 'U'), ('ల', '|'), ('రె', 'U'), ('వ్వ', '|'), ('రున్', 'U')]",1.0,1.0,1.0,1.0,1.0,1.0
champakamaala,"తన తనుజాతుఁ డొక్కతఱిఁ దప్పిదముల్ ఘటియింప భర్త నె-
మ్మనమున సంతసించుటకు మంచివిగా వినిపించు మంచిగాఁ
బను లొనరింప నందఱును “బాలుఁడు యోగ్యుఁ” డటన్న మాటఁ దా,
విని మది సంతసిల్లు నలివేణినిఁ దల్లినిఁ బోలరెవ్వరున్.",vruttamu,Maathru,"[('త', '|'), ('న', '|'), ('త', '|'), ('ను', '|'), ('జా', 'U'), ('తు', '|'), ('డొ', 'U'), ('క్క', '|'), ('త', '|'), ('ఱి', '|'), ('ద', 'U'), ('ప్పి', '|'), ('ద', '|'), ('ము', 'U'), ('ల్ఘ', '|'), ('టి', '|'), ('యిం', 'U'), ('ప', '|'), ('భ', 'U'), ('ర్త', '|'), ('నె', 'U'), ('మ్మ', '|'), ('న', '|'), ('ము', '|'), ('న', '|'), ('సం', 'U'), ('త', '|'), ('సిం', 'U'), ('చు', '|'), ('ట', '|'), ('కు', '|'), ('మం', 'U'), ('చి', '|'), ('వి', '|'), ('గా', 'U'), ('వి', '|'), ('ని', '|'), ('పిం', 'U'), ('చు', '|'), ('మం', 'U'), ('చి', '|'), ('గా', 'U'), ('బ', '|'), ('ను', '|'), ('లొ', '|'), ('న', '|'), ('రిం', 'U'), ('ప', '|'), ('నం', 'U'), ('ద', '|'), ('ఱు', '|'), ('ను', '|'), ('బా', 'U'), ('లు', '|'), ('డు', '|'), ('యో', 'U'), ('గ్యు', '|'), ('డ', '|'), ('ట', 'U'), ('న్న', '|'), ('మా', 'U'), ('ట', '|'), ('దా', 'U'), ('వి', '|'), ('ని', '|'), ('మ', '|'), ('ది', '|'), ('సం', 'U'), ('త', '|'), ('సి', 'U'), ('ల్లు', '|'), ('న', '|'), ('లి', '|'), ('వే', 'U'), ('ణి', '|'), ('ని', '|'), ('ద', 'U'), ('ల్లి', '|'), ('ని', '|'), ('బో', 'U'), ('ల', '|'), ('రె', 'U'), ('వ్వ', '|'), ('రున్', 'U')]",1.0,1.0,1.0,1.0,1.0,1.0
champakamaala,"తినుకుచు బువ్వఁ బెట్టుమని తేపకుఁ బాతరలాడుఁ బెట్టినన్
గనుఁగొని పాలుపోయుమను గ్రక్కునఁ బోసిన “వెన్న గావలెం,
జనని”యటంచుఁ దా నగడు జేసినఁ గోపము లేక తన్మనం-
బనువడఁ జేసి సంతసిలు నంగనఁ దల్లినిఁ బోలరెవ్వరున్.",vruttamu,Maathru,"[('తి', '|'), ('ను', '|'), ('కు', '|'), ('చు', '|'), ('బు', 'U'), ('వ్వ', '|'), ('బె', 'U'), ('ట్టు', '|'), ('మ', '|'), ('ని', '|'), ('తే', 'U'), ('ప', '|'), ('కు', '|'), ('బా', 'U'), ('త', '|'), ('ర', '|'), ('లా', 'U'), ('డు', '|'), ('బె', 'U'), ('ట్టి', '|'), ('నన్', 'U'), ('గ', '|'), ('ను', '|'), ('గొ', '|'), ('ని', '|'), ('పా', 'U'), ('లు', '|'), ('పో', 'U'), ('యు', '|'), ('మ', '|'), ('ను', '|'), ('గ్ర', 'U'), ('క్కు', '|'), ('న', '|'), ('బో', 'U'), ('సి', '|'), ('న', '|'), ('వె', 'U'), ('న్న', '|'), ('గా', 'U'), ('వ', '|'), ('లెం', 'U'), ('జ', '|'), ('న', '|'), ('ని', '|'), ('య', '|'), ('టం', 'U'), ('చు', '|'), ('దా', 'U'), ('న', '|'), ('గ', '|'), ('డు', '|'), ('జే', 'U'), ('సి', '|'), ('న', '|'), ('గో', 'U'), ('ప', '|'), ('ము', '|'), ('లే', 'U'), ('క', '|'), ('త', 'U'), ('న్మ', '|'), ('నం', 'U'), ('బ', '|'), ('ను', '|'), ('వ', '|'), ('డ', '|'), ('జే', 'U'), ('సి', '|'), ('సం', 'U'), ('త', '|'), ('సి', '|'), ('లు', '|'), ('నం', 'U'), ('గ', '|'), ('న', '|'), ('ద', 'U'), ('ల్లి', '|'), ('ని', '|'), ('బో', 'U'), ('ల', '|'), ('రె', 'U'), ('వ్వ', '|'), ('రున్', 'U')]",0.9,1.0,1.0,1.0,0.5,1.0
champakamaala,"కలకొలఁదిం దనూజునకుఁ గా నొనరించినయట్టి భూషణం-
బులు ధరియించుచో నెదుటఁ బుత్రునకుం దన దృష్టి తాఁకి మై-
చెలువు దొలంగునో యనుచుఁ జేరువవారలమీఁద దృష్టి నె-
క్కొలుపుచు సంతసిల్లు సుమకోమలిఁ దల్లినిఁ బోలరెవ్వరున్.",vruttamu,Maathru,"[('క', '|'), ('ల', '|'), ('కొ', '|'), ('ల', '|'), ('దిం', 'U'), ('ద', '|'), ('నూ', 'U'), ('జు', '|'), ('న', '|'), ('కు', '|'), ('గా', 'U'), ('నొ', '|'), ('న', '|'), ('రిం', 'U'), ('చి', '|'), ('న', '|'), ('య', 'U'), ('ట్టి', '|'), ('భూ', 'U'), ('ష', '|'), ('ణం', 'U'), ('బు', '|'), ('లు', '|'), ('ధ', '|'), ('రి', '|'), ('యిం', 'U'), ('చు', '|'), ('చో', 'U'), ('నె', '|'), ('దు', '|'), ('ట', '|'), ('బు', '|'), ('త్రు', '|'), ('న', '|'), ('కుం', 'U'), ('ద', '|'), ('న', '|'), ('దృ', 'U'), ('ష్టి', '|'), ('తా', 'U'), ('కి', '|'), ('మై', 'U'), ('చె', '|'), ('లు', '|'), ('వు', '|'), ('దొ', '|'), ('లం', 'U'), ('గు', '|'), ('నో', 'U'), ('య', '|'), ('ను', '|'), ('చు', '|'), ('జే', 'U'), ('రు', '|'), ('వ', '|'), ('వా', 'U'), ('ర', '|'), ('ల', '|'), ('మీ', 'U'), ('ద', '|'), ('దృ', 'U'), ('ష్టి', '|'), ('నె', 'U'), ('క్కొ', '|'), ('లు', '|'), ('పు', '|'), ('చు', '|'), ('సం', 'U'), ('త', '|'), ('సి', 'U'), ('ల్లు', '|'), ('సు', '|'), ('మ', '|'), ('కో', 'U'), ('మ', '|'), ('లి', '|'), ('ద', 'U'), ('ల్లి', '|'), ('ని', '|'), ('బో', 'U'), ('ల', '|'), ('రె', 'U'), ('వ్వ', '|'), ('రున్', 'U')]",0.9928571428571429,1.0,1.0,0.9642857142857143,1.0,1.0
champakamaala,"అలసట వేసటల్ దలఁప కాఁకలిదప్పుల మీఁది యాశమై
తొలఁగుచు రాత్రులుం బగలు తోడిచెలు ల్మది మెచ్చఁ దత్తనూ-
విలసనకార్యకర్మపదవిం బడి “భర్తృవినోద మింతకుం,
గలదె” యటంచు సంతసిలు కామినిఁ దల్లినిఁ బోలరెవ్వరున్.",vruttamu,Maathru,"[('అ', '|'), ('ల', '|'), ('స', '|'), ('ట', '|'), ('వే', 'U'), ('స', '|'), ('ట', 'U'), ('ల్ద', '|'), ('ల', '|'), ('ప', '|'), ('కా', 'U'), ('క', '|'), ('లి', '|'), ('ద', 'U'), ('ప్పు', '|'), ('ల', '|'), ('మీ', 'U'), ('ది', '|'), ('యా', 'U'), ('శ', '|'), ('మై', 'U'), ('తొ', '|'), ('ల', '|'), ('గు', '|'), ('చు', '|'), ('రా', 'U'), ('త్రు', '|'), ('లుం', 'U'), ('బ', '|'), ('గ', '|'), ('లు', '|'), ('తో', 'U'), ('డి', '|'), ('చె', '|'), ('లు', 'U'), ('ల్మ', '|'), ('ది', '|'), ('మె', 'U'), ('చ్చ', '|'), ('ద', 'U'), ('త్త', '|'), ('నూ', 'U'), ('వి', '|'), ('ల', '|'), ('స', '|'), ('న', '|'), ('కా', 'U'), ('ర్య', '|'), ('క', 'U'), ('ర్మ', '|'), ('ప', '|'), ('ద', '|'), ('విం', 'U'), ('బ', '|'), ('డి', '|'), ('భ', 'U'), ('ర్తృ', '|'), ('వి', '|'), ('నో', 'U'), ('ద', '|'), ('మిం', 'U'), ('త', '|'), ('కుం', 'U'), ('గ', '|'), ('ల', '|'), ('దె', '|'), ('య', '|'), ('టం', 'U'), ('చు', '|'), ('సం', 'U'), ('త', '|'), ('సి', '|'), ('లు', '|'), ('కా', 'U'), ('మి', '|'), ('ని', '|'), ('ద', 'U'), ('ల్లి', '|'), ('ని', '|'), ('బో', 'U'), ('ల', '|'), ('రె', 'U'), ('వ్వ', '|'), ('రున్', 'U')]",0.95,1.0,1.0,1.0,0.75,1.0
champakamaala,"సరసవివేకము ల్దనరుజాడ గలుంగను బిడ్డ నొక్కస-
ద్గురునకు నొప్పగింపుమని కోరిక మీఱ నిజేశుతో మనో-
హరగతి మీఱఁ బల్కి “తనయా విను నీ వెపుడో పురాణవై-
ఖరు లెఱిఁగింతు” వంచుఁ గుతుకంపడు తల్లినిఁ బోలరెవ్వరున్.",vruttamu,Maathru,"[('స', '|'), ('ర', '|'), ('స', '|'), ('వి', '|'), ('వే', 'U'), ('క', '|'), ('ము', 'U'), ('ల్ద', '|'), ('న', '|'), ('రు', '|'), ('జా', 'U'), ('డ', '|'), ('గ', '|'), ('లుం', 'U'), ('గ', '|'), ('ను', '|'), ('బి', 'U'), ('డ్డ', '|'), ('నొ', 'U'), ('క్క', '|'), ('స', 'U'), ('ద్గు', '|'), ('రు', '|'), ('న', '|'), ('కు', '|'), ('నొ', 'U'), ('ప్ప', '|'), ('గిం', 'U'), ('పు', '|'), ('మ', '|'), ('ని', '|'), ('కో', 'U'), ('రి', '|'), ('క', '|'), ('మీ', 'U'), ('ఱ', '|'), ('ని', '|'), ('జే', 'U'), ('శు', '|'), ('తో', 'U'), ('మ', '|'), ('నో', 'U'), ('హ', '|'), ('ర', '|'), ('గ', '|'), ('తి', '|'), ('మీ', 'U'), ('ఱ', '|'), ('బ', 'U'), ('ల్కి', '|'), ('త', '|'), ('న', '|'), ('యా', 'U'), ('వి', '|'), ('ను', '|'), ('నీ', 'U'), ('వె', '|'), ('పు', '|'), ('డో', 'U'), ('పు', '|'), ('రా', 'U'), ('ణ', '|'), ('వై', 'U'), ('ఖ', '|'), ('రు', '|'), ('లె', '|'), ('ఱి', '|'), ('గిం', 'U'), ('తు', '|'), ('వం', 'U'), ('చు', '|'), ('గు', '|'), ('తు', '|'), ('కం', 'U'), ('ప', '|'), ('డు', '|'), ('త', 'U'), ('ల్లి', '|'), ('ని', '|'), ('బో', 'U'), ('ల', '|'), ('రె', 'U'), ('వ్వ', '|'), ('రున్', 'U')]",1.0,1.0,1.0,1.0,1.0,1.0
vutpalamaala,"శ్రీలు చెలంగఁగాఁ జదువు చెప్పెడువేళఁ బరాకు మాని మా
బాలున కిప్డు విద్య బహుభంగుల నేర్పుమటంచు పెక్కుచం-
దాల నొసంగు వస్తుసముదాయము నాథుఁ డెఱుంగనీక బ-
ల్మాలిమి మీఱ నట్టి సుకుమారిని దల్లినిఁ బోలరెవ్వరున్.",vruttamu,Maathru,"[('శ్రీ', 'U'), ('లు', '|'), ('చె', '|'), ('లం', 'U'), ('గ', '|'), ('గా', 'U'), ('జ', '|'), ('దు', '|'), ('వు', '|'), ('చె', 'U'), ('ప్పె', '|'), ('డు', '|'), ('వే', 'U'), ('ళ', '|'), ('బ', '|'), ('రా', 'U'), ('కు', '|'), ('మా', 'U'), ('ని', '|'), ('మా', 'U'), ('బా', 'U'), ('లు', '|'), ('న', '|'), ('కి', 'U'), ('ప్డు', '|'), ('వి', 'U'), ('ద్య', '|'), ('బ', '|'), ('హు', '|'), ('భం', 'U'), ('గు', '|'), ('ల', '|'), ('నే', 'U'), ('ర్పు', '|'), ('మ', '|'), ('టం', 'U'), ('చు', '|'), ('పె', 'U'), ('క్కు', '|'), ('చం', 'U'), ('దా', 'U'), ('ల', '|'), ('నొ', '|'), ('సం', 'U'), ('గు', '|'), ('వ', 'U'), ('స్తు', '|'), ('స', '|'), ('ము', '|'), ('దా', 'U'), ('య', '|'), ('ము', '|'), ('నా', 'U'), ('థు', '|'), ('డె', '|'), ('ఱుం', 'U'), ('గ', '|'), ('నీ', 'U'), ('క', '|'), ('బ', 'U'), ('ల్మా', 'U'), ('లి', '|'), ('మి', '|'), ('మీ', 'U'), ('ఱ', '|'), ('న', 'U'), ('ట్టి', '|'), ('సు', '|'), ('కు', '|'), ('మా', 'U'), ('రి', '|'), ('ని', '|'), ('ద', 'U'), ('ల్లి', '|'), ('ని', '|'), ('బో', 'U'), ('ల', '|'), ('రె', 'U'), ('వ్వ', '|'), ('రున్', 'U')]",1.0,1.0,1.0,1.0,1.0,1.0
champakamaala,"చదివితివేని నీ కిపుడు జామఫలంబులు దెచ్చి యిత్తు స-
మ్మదమున మంచిదోవతులు మాడలొసంగుదునంచుఁ బల్కి మే-
ల్పొదలఁగ బుజ్జగించుచును బొంకముగా బడిఁ జేరఁ బంపి తాఁ
బదపడి త్రోవలో నిలుచుఁ బల్మఱు తల్లినిఁ బోలరెవ్వరున్.",vruttamu,Maathru,"[('చ', '|'), ('ది', '|'), ('వి', '|'), ('తి', '|'), ('వే', 'U'), ('ని', '|'), ('నీ', 'U'), ('కి', '|'), ('పు', '|'), ('డు', '|'), ('జా', 'U'), ('మ', '|'), ('ఫ', '|'), ('లం', 'U'), ('బు', '|'), ('లు', '|'), ('దె', 'U'), ('చ్చి', '|'), ('యి', 'U'), ('త్తు', '|'), ('స', 'U'), ('మ్మ', '|'), ('ద', '|'), ('ము', '|'), ('న', '|'), ('మం', 'U'), ('చి', '|'), ('దో', 'U'), ('వ', '|'), ('తు', '|'), ('లు', '|'), ('మా', 'U'), ('డ', '|'), ('లొ', '|'), ('సం', 'U'), ('గు', '|'), ('దు', '|'), ('నం', 'U'), ('చు', '|'), ('బ', 'U'), ('ల్కి', '|'), ('మే', 'U'), ('ల్పొ', '|'), ('ద', '|'), ('ల', '|'), ('గ', '|'), ('బు', 'U'), ('జ్జ', '|'), ('గిం', 'U'), ('చు', '|'), ('చు', '|'), ('ను', '|'), ('బొం', 'U'), ('క', '|'), ('ము', '|'), ('గా', 'U'), ('బ', '|'), ('డి', '|'), ('జే', 'U'), ('ర', '|'), ('బం', 'U'), ('పి', '|'), ('తా', 'U'), ('బ', '|'), ('ద', '|'), ('ప', '|'), ('డి', '|'), ('త్రో', 'U'), ('వ', '|'), ('లో', 'U'), ('ని', '|'), ('లు', '|'), ('చు', '|'), ('బ', 'U'), ('ల్మ', '|'), ('ఱు', '|'), ('త', 'U'), ('ల్లి', '|'), ('ని', '|'), ('బో', 'U'), ('ల', '|'), ('రె', 'U'), ('వ్వ', '|'), ('రున్', 'U')]",1.0,1.0,1.0,1.0,1.0,1.0
champakamaala,"చిఱుతను ద్రోవ బాలకులు చిన్నతనంబునఁ గొట్టకుండ భూ-
సురునకు దిట్టముం బఱుచుచో నిలుచేరను బ్రొద్దుపోవఁగా
నరయుచు బిడ్డఁ డాఁకొనియెనంచు మదిన్ దిగులొంది పిల్వఁగాఁ
బఱచుఁ దనంతటన్ బడికిఁ బల్మఱు తల్లినిఁ బోలరెవ్వరున్.",vruttamu,Maathru,"[('చి', '|'), ('ఱు', '|'), ('త', '|'), ('ను', '|'), ('ద్రో', 'U'), ('వ', '|'), ('బా', 'U'), ('ల', '|'), ('కు', '|'), ('లు', '|'), ('చి', 'U'), ('న్న', '|'), ('త', '|'), ('నం', 'U'), ('బు', '|'), ('న', '|'), ('గొ', 'U'), ('ట్ట', '|'), ('కుం', 'U'), ('డ', '|'), ('భూ', 'U'), ('సు', '|'), ('రు', '|'), ('న', '|'), ('కు', '|'), ('ది', 'U'), ('ట్ట', '|'), ('ముం', 'U'), ('బ', '|'), ('ఱు', '|'), ('చు', '|'), ('చో', 'U'), ('ని', '|'), ('లు', '|'), ('చే', 'U'), ('ర', '|'), ('ను', '|'), ('బ్రొ', 'U'), ('ద్దు', '|'), ('పో', 'U'), ('వ', '|'), ('గా', 'U'), ('న', '|'), ('ర', '|'), ('యు', '|'), ('చు', '|'), ('బి', 'U'), ('డ్డ', '|'), ('డా', 'U'), ('కొ', '|'), ('ని', '|'), ('యె', '|'), ('నం', 'U'), ('చు', '|'), ('మ', '|'), ('ది', 'U'), ('న్ది', '|'), ('గు', '|'), ('లొం', 'U'), ('ది', '|'), ('పి', 'U'), ('ల్వ', '|'), ('గా', 'U'), ('బ', '|'), ('ఱ', '|'), ('చు', '|'), ('ద', '|'), ('నం', 'U'), ('త', '|'), ('ట', 'U'), ('న్బ', '|'), ('డి', '|'), ('కి', '|'), ('బ', 'U'), ('ల్మ', '|'), ('ఱు', '|'), ('త', 'U'), ('ల్లి', '|'), ('ని', '|'), ('బో', 'U'), ('ల', '|'), ('రె', 'U'), ('వ్వ', '|'), ('రున్', 'U')]",0.9,1.0,1.0,1.0,1.0,0.5
champakamaala,"పెనఁకువ మీఱ భోజనము పెట్టుమటంచని రాఁ గుమారునిన్
గని చిఱునవ్వు మోవిపయిఁ గ్రమ్మఁగ నీ విపుడేమి నేర్చితో
వినవలెనంచుఁ గోరుచును వేమఱు లాలనసేసి వేడుకన్‌
దినుమని బువ్వఁ బెట్టు యువతీమణిఁ దల్లినిఁ బోలరెవ్వరున్.",vruttamu,Maathru,"[('పె', '|'), ('న', '|'), ('కు', '|'), ('వ', '|'), ('మీ', 'U'), ('ఱ', '|'), ('భో', 'U'), ('జ', '|'), ('న', '|'), ('ము', '|'), ('పె', 'U'), ('ట్టు', '|'), ('మ', '|'), ('టం', 'U'), ('చ', '|'), ('ని', '|'), ('రా', 'U'), ('గు', '|'), ('మా', 'U'), ('రు', '|'), ('నిన్', 'U'), ('గ', '|'), ('ని', '|'), ('చి', '|'), ('ఱు', '|'), ('న', 'U'), ('వ్వు', '|'), ('మో', 'U'), ('వి', '|'), ('ప', '|'), ('యి', '|'), ('గ్ర', 'U'), ('మ్మ', '|'), ('గ', '|'), ('నీ', 'U'), ('వి', '|'), ('పు', '|'), ('డే', 'U'), ('మి', '|'), ('నే', 'U'), ('ర్చి', '|'), ('తో', 'U'), ('వి', '|'), ('న', '|'), ('వ', '|'), ('లె', '|'), ('నం', 'U'), ('చు', '|'), ('గో', 'U'), ('రు', '|'), ('చు', '|'), ('ను', '|'), ('వే', 'U'), ('మ', '|'), ('ఱు', '|'), ('లా', 'U'), ('ల', '|'), ('న', '|'), ('సే', 'U'), ('సి', '|'), ('వే', 'U'), ('డు', '|'), ('కన్', 'U'), ('ది', '|'), ('ను', '|'), ('మ', '|'), ('ని', '|'), ('బు', 'U'), ('వ్వ', '|'), ('బె', 'U'), ('ట్టు', '|'), ('యు', '|'), ('వ', '|'), ('తీ', 'U'), ('మ', '|'), ('ణి', '|'), ('ద', 'U'), ('ల్లి', '|'), ('ని', '|'), ('బో', 'U'), ('ల', '|'), ('రె', 'U'), ('వ్వ', '|'), ('రున్', 'U')]",1.0,1.0,1.0,1.0,1.0,1.0
champakamaala,"మఱి బడిఁ జేరఁబోవునెడ మార్గములోపల ముల్లు నాఁటునో
మెఱవడి గోవులేమయిన మీదికిఁ జేడ్వడి వచ్చునో యటం-
చఱిమురి కొందఱిం బనిచి యాదటఁ దానును బోవనెంచు వాం-
ఛ రహి చెలంగ నెల్లపుడుఁ జయ్యనఁ దల్లినిఁ బోలరెవ్వరున్.",vruttamu,Maathru,"[('మ', '|'), ('ఱి', '|'), ('బ', '|'), ('డి', '|'), ('జే', 'U'), ('ర', '|'), ('బో', 'U'), ('వు', '|'), ('నె', '|'), ('డ', '|'), ('మా', 'U'), ('ర్గ', '|'), ('ము', '|'), ('లో', 'U'), ('ప', '|'), ('ల', '|'), ('ము', 'U'), ('ల్లు', '|'), ('నా', 'U'), ('టు', '|'), ('నో', 'U'), ('మె', '|'), ('ఱ', '|'), ('వ', '|'), ('డి', '|'), ('గో', 'U'), ('వు', '|'), ('లే', 'U'), ('మ', '|'), ('యి', '|'), ('న', '|'), ('మీ', 'U'), ('ది', '|'), ('కి', '|'), ('జే', 'U'), ('డ్వ', '|'), ('డి', '|'), ('వ', 'U'), ('చ్చు', '|'), ('నో', 'U'), ('య', '|'), ('టం', 'U'), ('చ', '|'), ('ఱి', '|'), ('ము', '|'), ('రి', '|'), ('కొం', 'U'), ('ద', '|'), ('ఱిం', 'U'), ('బ', '|'), ('ని', '|'), ('చి', '|'), ('యా', 'U'), ('ద', '|'), ('ట', '|'), ('దా', 'U'), ('ను', '|'), ('ను', '|'), ('బో', 'U'), ('వ', '|'), ('నెం', 'U'), ('చు', '|'), ('వాం', 'U'), ('ఛ', '|'), ('ర', '|'), ('హి', '|'), ('చె', '|'), ('లం', 'U'), ('గ', '|'), ('నె', 'U'), ('ల్ల', '|'), ('పు', '|'), ('డు', '|'), ('జ', 'U'), ('య్య', '|'), ('న', '|'), ('ద', 'U'), ('ల్లి', '|'), ('ని', '|'), ('బో', 'U'), ('ల', '|'), ('రె', 'U'), ('వ్వ', '|'), ('రున్', 'U')]",0.9,1.0,1.0,1.0,0.75,0.75
champakamaala,"కొడు కెటువంటివాఁ డయినఁ గుంభినిలో నదలింపరాని దుం-
దుడుకయి యున్న నన్యులకు దొడ్డఱికం బెఱిఁగించుచున్ మదిన్
జిడజిడ మాని సంతసము చిప్పిలఁ గంటికి ఱెప్ప చాడ్పునన్
దొడఁబడి ప్రోచుచున్న యలతొయ్యలిఁ దల్లినిఁ బోలరెవ్వరున్.",vruttamu,Maathru,"[('కొ', '|'), ('డు', '|'), ('కె', '|'), ('టు', '|'), ('వం', 'U'), ('టి', '|'), ('వా', 'U'), ('డ', '|'), ('యి', '|'), ('న', '|'), ('గుం', 'U'), ('భి', '|'), ('ని', '|'), ('లో', 'U'), ('న', '|'), ('ద', '|'), ('లిం', 'U'), ('ప', '|'), ('రా', 'U'), ('ని', '|'), ('దుం', 'U'), ('దు', '|'), ('డు', '|'), ('క', '|'), ('యి', '|'), ('యు', 'U'), ('న్న', '|'), ('న', 'U'), ('న్యు', '|'), ('ల', '|'), ('కు', '|'), ('దొ', 'U'), ('డ్డ', '|'), ('ఱి', '|'), ('కం', 'U'), ('బె', '|'), ('ఱి', '|'), ('గిం', 'U'), ('చు', '|'), ('చు', 'U'), ('న్మ', '|'), ('దిన్', 'U'), ('జి', '|'), ('డ', '|'), ('జి', '|'), ('డ', '|'), ('మా', 'U'), ('ని', '|'), ('సం', 'U'), ('త', '|'), ('స', '|'), ('ము', '|'), ('చి', 'U'), ('ప్పి', '|'), ('ల', '|'), ('గం', 'U'), ('టి', '|'), ('కి', '|'), ('ఱె', 'U'), ('ప్ప', '|'), ('చా', 'U'), ('డ్పు', '|'), ('నన్', 'U'), ('దొ', '|'), ('డ', '|'), ('బ', '|'), ('డి', '|'), ('ప్రో', 'U'), ('చు', '|'), ('చు', 'U'), ('న్న', '|'), ('య', '|'), ('ల', '|'), ('తొ', 'U'), ('య్య', '|'), ('లి', '|'), ('ద', 'U'), ('ల్లి', '|'), ('ని', '|'), ('బో', 'U'), ('ల', '|'), ('రె', 'U'), ('వ్వ', '|'), ('రున్', 'U')]",1.0,1.0,1.0,1.0,1.0,1.0
champakamaala,"సదమలరీతు లుల్లసిల సార మెఱింగెడి రీతిఁ జక్కఁగాఁ
జదివితివేని భూజనులు సన్నుతి చేసెద రింతెకాక సం-
పద లెడఁగూడు నీ కనుచు బాలునకు న్మఱి బుద్ధి చెప్పుచో
మది ముదమంది యొప్పెసఁగు మానినిఁ దల్లినిఁ బోలరెవ్వరున్.",vruttamu,Maathru,"[('స', '|'), ('ద', '|'), ('మ', '|'), ('ల', '|'), ('రీ', 'U'), ('తు', '|'), ('లు', 'U'), ('ల్ల', '|'), ('సి', '|'), ('ల', '|'), ('సా', 'U'), ('ర', '|'), ('మె', '|'), ('ఱిం', 'U'), ('గె', '|'), ('డి', '|'), ('రీ', 'U'), ('తి', '|'), ('జ', 'U'), ('క్క', '|'), ('గా', 'U'), ('జ', '|'), ('ది', '|'), ('వి', '|'), ('తి', '|'), ('వే', 'U'), ('ని', '|'), ('భూ', 'U'), ('జ', '|'), ('ను', '|'), ('లు', '|'), ('స', 'U'), ('న్ను', '|'), ('తి', '|'), ('చే', 'U'), ('సె', '|'), ('ద', '|'), ('రిం', 'U'), ('తె', '|'), ('కా', 'U'), ('క', '|'), ('సం', 'U'), ('ప', '|'), ('ద', '|'), ('లె', '|'), ('డ', '|'), ('గూ', 'U'), ('డు', '|'), ('నీ', 'U'), ('క', '|'), ('ను', '|'), ('చు', '|'), ('బా', 'U'), ('లు', '|'), ('న', '|'), ('కు', 'U'), ('న్మ', '|'), ('ఱి', '|'), ('బు', 'U'), ('ద్ధి', '|'), ('చె', 'U'), ('ప్పు', '|'), ('చో', 'U'), ('మ', '|'), ('ది', '|'), ('ము', '|'), ('ద', '|'), ('మం', 'U'), ('ది', '|'), ('యొ', 'U'), ('ప్పె', '|'), ('స', '|'), ('గు', '|'), ('మా', 'U'), ('ని', '|'), ('ని', '|'), ('ద', 'U'), ('ల్లి', '|'), ('ని', '|'), ('బో', 'U'), ('ల', '|'), ('రె', 'U'), ('వ్వ', '|'), ('రున్', 'U')]",1.0,1.0,1.0,1.0,1.0,1.0
champakamaala,"తనయుఁడు సర్వవిద్యలను దద్జ్ఞతఁ గాంచి పఠించుచున్నచో
విని పరితోషనీరనిధి వెల్లువగాఁ బయిఁ బాఱినట్లు నె-
మ్మనమున సంతసిల్లుచుఁ ‘గుమారునిఁ గన్న ఫలంబుఁ గంటిఁగా’
యని తలపోయుచుండు కనకాంగినిఁ దల్లినిఁ బోలరెవ్వరున్.",vruttamu,Maathru,"[('త', '|'), ('న', '|'), ('యు', '|'), ('డు', '|'), ('స', 'U'), ('ర్వ', '|'), ('వి', 'U'), ('ద్య', '|'), ('ల', '|'), ('ను', '|'), ('ద', 'U'), ('ద్జ్ఞ', '|'), ('త', '|'), ('గాం', 'U'), ('చి', '|'), ('ప', '|'), ('ఠిం', 'U'), ('చు', '|'), ('చు', 'U'), ('న్న', '|'), ('చో', 'U'), ('వి', '|'), ('ని', '|'), ('ప', '|'), ('రి', '|'), ('తో', 'U'), ('ష', '|'), ('నీ', 'U'), ('ర', '|'), ('ని', '|'), ('ధి', '|'), ('వె', 'U'), ('ల్లు', '|'), ('వ', '|'), ('గా', 'U'), ('బ', '|'), ('యి', '|'), ('బా', 'U'), ('ఱి', '|'), ('న', 'U'), ('ట్లు', '|'), ('నె', 'U'), ('మ్మ', '|'), ('న', '|'), ('ము', '|'), ('న', '|'), ('సం', 'U'), ('త', '|'), ('సి', 'U'), ('ల్లు', '|'), ('చు', '|'), ('గు', '|'), ('మా', 'U'), ('రు', '|'), ('ని', '|'), ('గ', 'U'), ('న్న', '|'), ('ఫ', '|'), ('లం', 'U'), ('బు', '|'), ('గం', 'U'), ('టి', '|'), ('గా', 'U'), ('య', '|'), ('ని', '|'), ('త', '|'), ('ల', '|'), ('పో', 'U'), ('యు', '|'), ('చుం', 'U'), ('డు', '|'), ('క', '|'), ('న', '|'), ('కాం', 'U'), ('గి', '|'), ('ని', '|'), ('ద', 'U'), ('ల్లి', '|'), ('ని', '|'), ('బో', 'U'), ('ల', '|'), ('రె', 'U'), ('వ్వ', '|'), ('రున్', 'U')]",0.95,1.0,1.0,1.0,0.75,1.0
champakamaala,"వెడవెడ నింక భోజనపువేళ గతించిన బిడ్డఁడేమొకో
బడి విడి రాఁడు నేఁ డనుచుఁ బాతరలాడుచు నుండునంతలోఁ
గడఁ జనుదేర నెత్తుకొని కౌఁగిటఁ జేరిచి చుంచు దువ్వి మై-
బడలిక దీఱ సంతసిలు భామినిఁ దల్లినిఁ బోలరెవ్వరున్.",vruttamu,Maathru,"[('వె', '|'), ('డ', '|'), ('వె', '|'), ('డ', '|'), ('నిం', 'U'), ('క', '|'), ('భో', 'U'), ('జ', '|'), ('న', '|'), ('పు', '|'), ('వే', 'U'), ('ళ', '|'), ('గ', '|'), ('తిం', 'U'), ('చి', '|'), ('న', '|'), ('బి', 'U'), ('డ్డ', '|'), ('డే', 'U'), ('మొ', '|'), ('కో', 'U'), ('బ', '|'), ('డి', '|'), ('వి', '|'), ('డి', '|'), ('రా', 'U'), ('డు', '|'), ('నే', 'U'), ('డ', '|'), ('ను', '|'), ('చు', '|'), ('బా', 'U'), ('త', '|'), ('ర', '|'), ('లా', 'U'), ('డు', '|'), ('చు', '|'), ('నుం', 'U'), ('డు', '|'), ('నం', 'U'), ('త', '|'), ('లో', 'U'), ('గ', '|'), ('డ', '|'), ('జ', '|'), ('ను', '|'), ('దే', 'U'), ('ర', '|'), ('నె', 'U'), ('త్తు', '|'), ('కొ', '|'), ('ని', '|'), ('కౌ', 'U'), ('గి', '|'), ('ట', '|'), ('జే', 'U'), ('రి', '|'), ('చి', '|'), ('చుం', 'U'), ('చు', '|'), ('దు', 'U'), ('వ్వి', '|'), ('మై', 'U'), ('బ', '|'), ('డ', '|'), ('లి', '|'), ('క', '|'), ('దీ', 'U'), ('ఱ', '|'), ('సం', 'U'), ('త', '|'), ('సి', '|'), ('లు', '|'), ('భా', 'U'), ('మి', '|'), ('ని', '|'), ('ద', 'U'), ('ల్లి', '|'), ('ని', '|'), ('బో', 'U'), ('ల', '|'), ('రె', 'U'), ('వ్వ', '|'), ('రున్', 'U')]",1.0,1.0,1.0,1.0,1.0,1.0
champakamaala,"తనయుని ముద్దుమాటలకుఁ దా ముదమందుచుఁ దేటనీట మ-
జ్జన మొనరించి మోమునను జాఁదిడి సన్నపుఁ జేలఁ గట్టి బల్
పెనఁకువ షడ్రసాన్నములు పెట్టి భుజించిన “ముద్ద ముట్టలే”
దని పెఱవారితోఁ బలుకులాడెడు తల్లినిఁ బోలరెవ్వరున్.",vruttamu,Maathru,"[('త', '|'), ('న', '|'), ('యు', '|'), ('ని', '|'), ('ము', 'U'), ('ద్దు', '|'), ('మా', 'U'), ('ట', '|'), ('ల', '|'), ('కు', '|'), ('దా', 'U'), ('ము', '|'), ('ద', '|'), ('మం', 'U'), ('దు', '|'), ('చు', '|'), ('దే', 'U'), ('ట', '|'), ('నీ', 'U'), ('ట', '|'), ('మ', 'U'), ('జ్జ', '|'), ('న', '|'), ('మొ', '|'), ('న', '|'), ('రిం', 'U'), ('చి', '|'), ('మో', 'U'), ('ము', '|'), ('న', '|'), ('ను', '|'), ('జా', 'U'), ('ది', '|'), ('డి', '|'), ('స', 'U'), ('న్న', '|'), ('పు', '|'), ('జే', 'U'), ('ల', '|'), ('గ', 'U'), ('ట్టి', '|'), ('బల్', 'U'), ('పె', '|'), ('న', '|'), ('కు', '|'), ('వ', '|'), ('ష', '|'), ('డ్ర', '|'), ('సా', 'U'), ('న్న', '|'), ('ము', '|'), ('లు', '|'), ('పె', 'U'), ('ట్టి', '|'), ('భు', '|'), ('జిం', 'U'), ('చి', '|'), ('న', '|'), ('ము', 'U'), ('ద్ద', '|'), ('ము', 'U'), ('ట్ట', '|'), ('లే', 'U'), ('ద', '|'), ('ని', '|'), ('పె', '|'), ('ఱ', '|'), ('వా', 'U'), ('రి', '|'), ('తో', 'U'), ('బ', '|'), ('లు', '|'), ('కు', '|'), ('లా', 'U'), ('డె', '|'), ('డు', '|'), ('త', 'U'), ('ల్లి', '|'), ('ని', '|'), ('బో', 'U'), ('ల', '|'), ('రె', 'U'), ('వ్వ', '|'), ('రున్', 'U')]",0.9428571428571428,1.0,1.0,0.9642857142857143,0.75,1.0
champakamaala,"పలుమఱు తాను నందనుఁడు పాఠకశాలకుఁ బోనినాఁడు “నా
పలుకు వినంగదయ్య మృదుభాషణ లాడఁగదయ్య సత్యమున్
బలుకఁగదయ్య నీ కెపుడు భాగ్యము గల్గు” నటంచు బ్రేమతోఁ
దెలుపుచు బుద్ధిఁ జెప్పు యువతీమణిఁ దల్లినిఁ బోలరెవ్వరున్.",vruttamu,Maathru,"[('ప', '|'), ('లు', '|'), ('మ', '|'), ('ఱు', '|'), ('తా', 'U'), ('ను', '|'), ('నం', 'U'), ('ద', '|'), ('ను', '|'), ('డు', '|'), ('పా', 'U'), ('ఠ', '|'), ('క', '|'), ('శా', 'U'), ('ల', '|'), ('కు', '|'), ('బో', 'U'), ('ని', '|'), ('నా', 'U'), ('డు', '|'), ('నా', 'U'), ('ప', '|'), ('లు', '|'), ('కు', '|'), ('వి', '|'), ('నం', 'U'), ('గ', '|'), ('ద', 'U'), ('య్య', '|'), ('మృ', '|'), ('దు', '|'), ('భా', 'U'), ('ష', '|'), ('ణ', '|'), ('లా', 'U'), ('డ', '|'), ('గ', '|'), ('ద', 'U'), ('య్య', '|'), ('స', 'U'), ('త్య', '|'), ('మున్', 'U'), ('బ', '|'), ('లు', '|'), ('క', '|'), ('గ', '|'), ('ద', 'U'), ('య్య', '|'), ('నీ', 'U'), ('కె', '|'), ('పు', '|'), ('డు', '|'), ('భా', 'U'), ('గ్య', '|'), ('ము', '|'), ('గ', 'U'), ('ల్గు', '|'), ('న', '|'), ('టం', 'U'), ('చు', '|'), ('బ్రే', 'U'), ('మ', '|'), ('తో', 'U'), ('దె', '|'), ('లు', '|'), ('పు', '|'), ('చు', '|'), ('బు', 'U'), ('ద్ధి', '|'), ('జె', 'U'), ('ప్పు', '|'), ('యు', '|'), ('వ', '|'), ('తీ', 'U'), ('మ', '|'), ('ణి', '|'), ('ద', 'U'), ('ల్లి', '|'), ('ని', '|'), ('బో', 'U'), ('ల', '|'), ('రె', 'U'), ('వ్వ', '|'), ('రున్', 'U')]",1.0,1.0,1.0,1.0,1.0,1.0
champakamaala,"సరసులు మెచ్చఁగా గణితశాస్త్రము నేరిచి సంఖ్యలెల్ల సు-
స్థిరమతితోడఁ జెప్పుటకుఁ దెల్వి వహించినయట్టి మంచిలే-
కరి యగుఁగాక నా సుతశిఖామణి యంచుఁ బరాపరేశు స-
ద్గురునిఁ దలంచుచో నెదను గోరెడు తల్లినిఁ బోలరెవ్వరున్.",vruttamu,Maathru,"[('స', '|'), ('ర', '|'), ('సు', '|'), ('లు', '|'), ('మె', 'U'), ('చ్చ', '|'), ('గా', 'U'), ('గ', '|'), ('ణి', '|'), ('త', '|'), ('శా', 'U'), ('స్త్ర', '|'), ('ము', '|'), ('నే', 'U'), ('రి', '|'), ('చి', '|'), ('సం', 'U'), ('ఖ్య', '|'), ('లె', 'U'), ('ల్ల', '|'), ('సు', 'U'), ('స్థి', '|'), ('ర', '|'), ('మ', '|'), ('తి', '|'), ('తో', 'U'), ('డ', '|'), ('జె', 'U'), ('ప్పు', '|'), ('ట', '|'), ('కు', '|'), ('దె', 'U'), ('ల్వి', '|'), ('వ', '|'), ('హిం', 'U'), ('చి', '|'), ('న', '|'), ('య', 'U'), ('ట్టి', '|'), ('మం', 'U'), ('చి', '|'), ('లే', 'U'), ('క', '|'), ('రి', '|'), ('య', '|'), ('గు', '|'), ('గా', 'U'), ('క', '|'), ('నా', 'U'), ('సు', '|'), ('త', '|'), ('శి', '|'), ('ఖా', 'U'), ('మ', '|'), ('ణి', '|'), ('యం', 'U'), ('చు', '|'), ('బ', '|'), ('రా', 'U'), ('ప', '|'), ('రే', 'U'), ('శు', '|'), ('స', 'U'), ('ద్గు', '|'), ('రు', '|'), ('ని', '|'), ('ద', '|'), ('లం', 'U'), ('చు', '|'), ('చో', 'U'), ('నె', '|'), ('ద', '|'), ('ను', '|'), ('గో', 'U'), ('రె', '|'), ('డు', '|'), ('త', 'U'), ('ల్లి', '|'), ('ని', '|'), ('బో', 'U'), ('ల', '|'), ('రె', 'U'), ('వ్వ', '|'), ('రున్', 'U')]",1.0,1.0,1.0,1.0,1.0,1.0
champakamaala,"విమలవిచారశీలుఁడయి విశ్రుతకీర్తి దిశల్ ఘటిల్ల మా-
ఘము మొదలైన కావ్యరసకల్పనలు న్మఱి శాస్త్రము ల్పురా-
ణములు నలంకృతు ల్మనమునన్ బెనుపారఁగ నెన్నఁ డింక నా
కొమరుఁడు నేర్చునో యనుచుఁ గోరెడు తల్లినిఁ బోలరెవ్వరున్.",vruttamu,Maathru,"[('వి', '|'), ('మ', '|'), ('ల', '|'), ('వి', '|'), ('చా', 'U'), ('ర', '|'), ('శీ', 'U'), ('లు', '|'), ('డ', '|'), ('యి', '|'), ('వి', '|'), ('శ్రు', '|'), ('త', '|'), ('కీ', 'U'), ('ర్తి', '|'), ('ది', '|'), ('శ', 'U'), ('ల్ఘ', '|'), ('టి', 'U'), ('ల్ల', '|'), ('మా', 'U'), ('ఘ', '|'), ('ము', '|'), ('మొ', '|'), ('ద', '|'), ('లై', 'U'), ('న', '|'), ('కా', 'U'), ('వ్య', '|'), ('ర', '|'), ('స', '|'), ('క', 'U'), ('ల్ప', '|'), ('న', '|'), ('లు', 'U'), ('న్మ', '|'), ('ఱి', '|'), ('శా', 'U'), ('స్త్ర', '|'), ('ము', 'U'), ('ల్పు', '|'), ('రా', 'U'), ('ణ', '|'), ('ము', '|'), ('లు', '|'), ('న', '|'), ('లం', 'U'), ('కృ', '|'), ('తు', 'U'), ('ల్మ', '|'), ('న', '|'), ('ము', '|'), ('న', 'U'), ('న్బె', '|'), ('ను', '|'), ('పా', 'U'), ('ర', '|'), ('గ', '|'), ('నె', 'U'), ('న్న', '|'), ('డిం', 'U'), ('క', '|'), ('నా', 'U'), ('కొ', '|'), ('మ', '|'), ('రు', '|'), ('డు', '|'), ('నే', 'U'), ('ర్చు', '|'), ('నో', 'U'), ('య', '|'), ('ను', '|'), ('చు', '|'), ('గో', 'U'), ('రె', '|'), ('డు', '|'), ('త', 'U'), ('ల్లి', '|'), ('ని', '|'), ('బో', 'U'), ('ల', '|'), ('రె', 'U'), ('వ్వ', '|'), ('రున్', 'U')]",0.9928571428571429,1.0,1.0,0.9642857142857143,1.0,1.0
champakamaala,"స్వరము లలంకృతుల్ కృతులు సయ్యన ముప్పదిరెండు రాగముల్
మెఱయఁగఁ దాళమానలయమిశ్రసమంచితఖండజాతి సు-
స్థిరఘనతాపసంగతులు తేటపడ న్మఱి పాడనేర్చునా
వరసుతుఁ డెన్నఁ డింక నని వాంఛిలు తల్లినిఁ బోలరెవ్వరున్.",vruttamu,Maathru,"[('స్వ', '|'), ('ర', '|'), ('ము', '|'), ('ల', '|'), ('లం', 'U'), ('కృ', '|'), ('తు', 'U'), ('ల్కృ', '|'), ('తు', '|'), ('లు', '|'), ('స', 'U'), ('య్య', '|'), ('న', '|'), ('ము', 'U'), ('ప్ప', '|'), ('ది', '|'), ('రెం', 'U'), ('డు', '|'), ('రా', 'U'), ('గ', '|'), ('ముల్', 'U'), ('మె', '|'), ('ఱ', '|'), ('య', '|'), ('గ', '|'), ('దా', 'U'), ('ళ', '|'), ('మా', 'U'), ('న', '|'), ('ల', '|'), ('య', '|'), ('మి', '|'), ('శ్ర', '|'), ('స', '|'), ('మం', 'U'), ('చి', '|'), ('త', '|'), ('ఖం', 'U'), ('డ', '|'), ('జా', 'U'), ('తి', '|'), ('సు', 'U'), ('స్థి', '|'), ('ర', '|'), ('ఘ', '|'), ('న', '|'), ('తా', 'U'), ('ప', '|'), ('సం', 'U'), ('గ', '|'), ('తు', '|'), ('లు', '|'), ('తే', 'U'), ('ట', '|'), ('ప', '|'), ('డ', 'U'), ('న్మ', '|'), ('ఱి', '|'), ('పా', 'U'), ('డ', '|'), ('నే', 'U'), ('ర్చు', '|'), ('నా', 'U'), ('వ', '|'), ('ర', '|'), ('సు', '|'), ('తు', '|'), ('డె', 'U'), ('న్న', '|'), ('డిం', 'U'), ('క', '|'), ('న', '|'), ('ని', '|'), ('వాం', 'U'), ('ఛి', '|'), ('లు', '|'), ('త', 'U'), ('ల్లి', '|'), ('ని', '|'), ('బో', 'U'), ('ల', '|'), ('రె', 'U'), ('వ్వ', '|'), ('రున్', 'U')]",0.9428571428571428,1.0,1.0,0.9642857142857143,1.0,0.75
champakamaala,"పొలు పలరారఁగాఁ జదివి పూర్ణతఁ గాంచి వయోవిలాసముల్
వెలయుచునున్న నందనుని వేడుకఁ గన్గొని పెండ్లిచేయఁగా-
వలెనని భర్తతో వినయవాక్యములం దగువేళఁ దిన్నఁగాఁ
దెలుపుచు సంతసిల్లెడు సతీమణిఁ దల్లినిఁ బోలరెవ్వరున్.",vruttamu,Maathru,"[('పొ', '|'), ('లు', '|'), ('ప', '|'), ('ల', '|'), ('రా', 'U'), ('ర', '|'), ('గా', 'U'), ('జ', '|'), ('ది', '|'), ('వి', '|'), ('పూ', 'U'), ('ర్ణ', '|'), ('త', '|'), ('గాం', 'U'), ('చి', '|'), ('వ', '|'), ('యో', 'U'), ('వి', '|'), ('లా', 'U'), ('స', '|'), ('ముల్', 'U'), ('వె', '|'), ('ల', '|'), ('యు', '|'), ('చు', '|'), ('ను', 'U'), ('న్న', '|'), ('నం', 'U'), ('ద', '|'), ('ను', '|'), ('ని', '|'), ('వే', 'U'), ('డు', '|'), ('క', '|'), ('గ', 'U'), ('న్గొ', '|'), ('ని', '|'), ('పెం', 'U'), ('డ్లి', '|'), ('చే', 'U'), ('య', '|'), ('గా', 'U'), ('వ', '|'), ('లె', '|'), ('న', '|'), ('ని', '|'), ('భ', 'U'), ('ర్త', '|'), ('తో', 'U'), ('వి', '|'), ('న', '|'), ('య', '|'), ('వా', 'U'), ('క్య', '|'), ('ము', '|'), ('లం', 'U'), ('ద', '|'), ('గు', '|'), ('వే', 'U'), ('ళ', '|'), ('ది', 'U'), ('న్న', '|'), ('గా', 'U'), ('దె', '|'), ('లు', '|'), ('పు', '|'), ('చు', '|'), ('సం', 'U'), ('త', '|'), ('సి', 'U'), ('ల్లె', '|'), ('డు', '|'), ('స', '|'), ('తీ', 'U'), ('మ', '|'), ('ణి', '|'), ('ద', 'U'), ('ల్లి', '|'), ('ని', '|'), ('బో', 'U'), ('ల', '|'), ('రె', 'U'), ('వ్వ', '|'), ('రున్', 'U')]",1.0,1.0,1.0,1.0,1.0,1.0
champakamaala,"కులమును రూపముం జెలువుఁ గోమలతం దలిదండ్రు లన్నద-
మ్ములుఁ గలదానిఁగా సుగుణము ల్గలదానినిఁగా దలంచి పై-
దలి నటు పెండ్లిచేసి యల దంపతులం గని మూఁడులోకముల్
చెలువుగ నేలినట్లు విలసిల్లెడు తల్లినిఁ బోలరెవ్వరున్.",vruttamu,Maathru,"[('కు', '|'), ('ల', '|'), ('ము', '|'), ('ను', '|'), ('రూ', 'U'), ('ప', '|'), ('ముం', 'U'), ('జె', '|'), ('లు', '|'), ('వు', '|'), ('గో', 'U'), ('మ', '|'), ('ల', '|'), ('తం', 'U'), ('ద', '|'), ('లి', '|'), ('దం', 'U'), ('డ్రు', '|'), ('ల', 'U'), ('న్న', '|'), ('ద', 'U'), ('మ్ము', '|'), ('లు', '|'), ('గ', '|'), ('ల', '|'), ('దా', 'U'), ('ని', '|'), ('గా', 'U'), ('సు', '|'), ('గు', '|'), ('ణ', '|'), ('ము', 'U'), ('ల్గ', '|'), ('ల', '|'), ('దా', 'U'), ('ని', '|'), ('ని', '|'), ('గా', 'U'), ('ద', '|'), ('లం', 'U'), ('చి', '|'), ('పై', 'U'), ('ద', '|'), ('లి', '|'), ('న', '|'), ('టు', '|'), ('పెం', 'U'), ('డ్లి', '|'), ('చే', 'U'), ('సి', '|'), ('య', '|'), ('ల', '|'), ('దం', 'U'), ('ప', '|'), ('తు', '|'), ('లం', 'U'), ('గ', '|'), ('ని', '|'), ('మూ', 'U'), ('డు', '|'), ('లో', 'U'), ('క', '|'), ('ముల్', 'U'), ('చె', '|'), ('లు', '|'), ('వు', '|'), ('గ', '|'), ('నే', 'U'), ('లి', '|'), ('న', 'U'), ('ట్లు', '|'), ('వి', '|'), ('ల', '|'), ('సి', 'U'), ('ల్లె', '|'), ('డు', '|'), ('త', 'U'), ('ల్లి', '|'), ('ని', '|'), ('బో', 'U'), ('ల', '|'), ('రె', 'U'), ('వ్వ', '|'), ('రున్', 'U')]",1.0,1.0,1.0,1.0,1.0,1.0
champakamaala,"చెలువము మీఱుచున్న తన చిన్నికుమారునిఁ జూచి మంత్రవా-
దులు కలుషం బొనర్తురని తోడనె పెద్దల నాశ్రయించి ని-
ర్మలుఁ డగునట్లు చేయ హరిమంత్రములన్ బఠియింపఁ బూన్చి వా-
రల కుపయుక్తిఁ జేయ నలరారెడు తల్లినిఁ బోలరెవ్వరున్.",vruttamu,Maathru,"[('చె', '|'), ('లు', '|'), ('వ', '|'), ('ము', '|'), ('మీ', 'U'), ('ఱు', '|'), ('చు', 'U'), ('న్న', '|'), ('త', '|'), ('న', '|'), ('చి', 'U'), ('న్ని', '|'), ('కు', '|'), ('మా', 'U'), ('రు', '|'), ('ని', '|'), ('జూ', 'U'), ('చి', '|'), ('మం', 'U'), ('త్ర', '|'), ('వా', 'U'), ('దు', '|'), ('లు', '|'), ('క', '|'), ('లు', '|'), ('షం', 'U'), ('బొ', '|'), ('న', 'U'), ('ర్తు', '|'), ('ర', '|'), ('ని', '|'), ('తో', 'U'), ('డ', '|'), ('నె', '|'), ('పె', 'U'), ('ద్ద', '|'), ('ల', '|'), ('నా', 'U'), ('శ్ర', '|'), ('యిం', 'U'), ('చి', '|'), ('ని', 'U'), ('ర్మ', '|'), ('లు', '|'), ('డ', '|'), ('గు', '|'), ('న', 'U'), ('ట్లు', '|'), ('చే', 'U'), ('య', '|'), ('హ', '|'), ('రి', '|'), ('మం', 'U'), ('త్ర', '|'), ('ము', '|'), ('ల', 'U'), ('న్బ', '|'), ('ఠి', '|'), ('యిం', 'U'), ('ప', '|'), ('బూ', 'U'), ('న్చి', '|'), ('వా', 'U'), ('ర', '|'), ('ల', '|'), ('కు', '|'), ('ప', '|'), ('యు', 'U'), ('క్తి', '|'), ('జే', 'U'), ('య', '|'), ('న', '|'), ('ల', '|'), ('రా', 'U'), ('రె', '|'), ('డు', '|'), ('త', 'U'), ('ల్లి', '|'), ('ని', '|'), ('బో', 'U'), ('ల', '|'), ('రె', 'U'), ('వ్వ', '|'), ('రున్', 'U')]",1.0,1.0,1.0,1.0,1.0,1.0
champakamaala,"కొమరుఁడు రాజకార్యములకున్ జని క్రమ్మఱ నింటఁ జేర రాఁ
దమక మెలర్పఁగాఁ బనులు తాల్మి ఘటించినఁగాని వందిత-
క్రమ మిగురొత్త నందఱిని గాదని తాఁ దనివార నందనా-
భిమతము మీఱ భోజనముఁ బెట్టెడి తల్లినిఁ బోలరెవ్వరున్.",vruttamu,Maathru,"[('కొ', '|'), ('మ', '|'), ('రు', '|'), ('డు', '|'), ('రా', 'U'), ('జ', '|'), ('కా', 'U'), ('ర్య', '|'), ('ము', '|'), ('ల', '|'), ('కు', 'U'), ('న్జ', '|'), ('ని', '|'), ('క్ర', 'U'), ('మ్మ', '|'), ('ఱ', '|'), ('నిం', 'U'), ('ట', '|'), ('జే', 'U'), ('ర', '|'), ('రా', 'U'), ('ద', '|'), ('మ', '|'), ('క', '|'), ('మె', '|'), ('ల', 'U'), ('ర్ప', '|'), ('గా', 'U'), ('బ', '|'), ('ను', '|'), ('లు', '|'), ('తా', 'U'), ('ల్మి', '|'), ('ఘ', '|'), ('టిం', 'U'), ('చి', '|'), ('న', '|'), ('గా', 'U'), ('ని', '|'), ('వం', 'U'), ('ది', '|'), ('త', '|'), ('క్ర', '|'), ('మ', '|'), ('మి', '|'), ('గు', '|'), ('రొ', 'U'), ('త్త', '|'), ('నం', 'U'), ('ద', '|'), ('ఱి', '|'), ('ని', '|'), ('గా', 'U'), ('ద', '|'), ('ని', '|'), ('తా', 'U'), ('ద', '|'), ('ని', '|'), ('వా', 'U'), ('ర', '|'), ('నం', 'U'), ('ద', '|'), ('నా', 'U'), ('భి', '|'), ('మ', '|'), ('త', '|'), ('ము', '|'), ('మీ', 'U'), ('ఱ', '|'), ('భో', 'U'), ('జ', '|'), ('న', '|'), ('ము', '|'), ('బె', 'U'), ('ట్టె', '|'), ('డి', '|'), ('త', 'U'), ('ల్లి', '|'), ('ని', '|'), ('బో', 'U'), ('ల', '|'), ('రె', 'U'), ('వ్వ', '|'), ('రున్', 'U')]",0.9928571428571429,1.0,1.0,0.9642857142857143,1.0,1.0
champakamaala,"కర మరుదార రాజహితకార్యములన్ సవరించి రా సభాం-
తరమునఁ జేయు సత్క్రియలు దా విని తత్కమనీయకల్పనా-
పరవశయై సదా “త్రిపురభంజన సేమ మొసంగు” మంచు మీ-
సర మలరార దీవనలు సల్పెడు తల్లినిఁ బోలరెవ్వరున్.",vruttamu,Maathru,"[('క', '|'), ('ర', '|'), ('మ', '|'), ('రు', '|'), ('దా', 'U'), ('ర', '|'), ('రా', 'U'), ('జ', '|'), ('హి', '|'), ('త', '|'), ('కా', 'U'), ('ర్య', '|'), ('ము', '|'), ('ల', 'U'), ('న్స', '|'), ('వ', '|'), ('రిం', 'U'), ('చి', '|'), ('రా', 'U'), ('స', '|'), ('భాం', 'U'), ('త', '|'), ('ర', '|'), ('ము', '|'), ('న', '|'), ('జే', 'U'), ('యు', '|'), ('స', 'U'), ('త్క్రి', '|'), ('య', '|'), ('లు', '|'), ('దా', 'U'), ('వి', '|'), ('ని', '|'), ('త', 'U'), ('త్క', '|'), ('మ', '|'), ('నీ', 'U'), ('య', '|'), ('క', 'U'), ('ల్ప', '|'), ('నా', 'U'), ('ప', '|'), ('ర', '|'), ('వ', '|'), ('శ', '|'), ('యై', 'U'), ('స', '|'), ('దా', 'U'), ('త్రి', '|'), ('పు', '|'), ('ర', '|'), ('భం', 'U'), ('జ', '|'), ('న', '|'), ('సే', 'U'), ('మ', '|'), ('మొ', '|'), ('సం', 'U'), ('గు', '|'), ('మం', 'U'), ('చు', '|'), ('మీ', 'U'), ('స', '|'), ('ర', '|'), ('మ', '|'), ('ల', '|'), ('రా', 'U'), ('ర', '|'), ('దీ', 'U'), ('వ', '|'), ('న', '|'), ('లు', '|'), ('స', 'U'), ('ల్పె', '|'), ('డు', '|'), ('త', 'U'), ('ల్లి', '|'), ('ని', '|'), ('బో', 'U'), ('ల', '|'), ('రె', 'U'), ('వ్వ', '|'), ('రున్', 'U')]",1.0,1.0,1.0,1.0,1.0,1.0
vutpalamaala,"భూరివివేకుఁడై సుజనపోషకుఁడై యభిమానుఁడై సదా-
చారవిహారుఁడై పరమసాత్త్వికుఁడై గుణవంతుఁడయ్యు నేఁ
గోరినయట్లు పట్టి తనకుం బ్రభవిల్లెఁ గదా యటంచుఁ దా-
నూరక సంతసిల్లి మదినుబ్బెడు తల్లినిఁ బోలరెవ్వరున్.",vruttamu,Maathru,"[('భూ', 'U'), ('రి', '|'), ('వి', '|'), ('వే', 'U'), ('కు', '|'), ('డై', 'U'), ('సు', '|'), ('జ', '|'), ('న', '|'), ('పో', 'U'), ('ష', '|'), ('కు', '|'), ('డై', 'U'), ('య', '|'), ('భి', '|'), ('మా', 'U'), ('ను', '|'), ('డై', 'U'), ('స', '|'), ('దా', 'U'), ('చా', 'U'), ('ర', '|'), ('వి', '|'), ('హా', 'U'), ('రు', '|'), ('డై', 'U'), ('ప', '|'), ('ర', '|'), ('మ', '|'), ('సా', 'U'), ('త్త్వి', '|'), ('కు', '|'), ('డై', 'U'), ('గు', '|'), ('ణ', '|'), ('వం', 'U'), ('తు', '|'), ('డ', 'U'), ('య్యు', '|'), ('నే', 'U'), ('గో', 'U'), ('రి', '|'), ('న', '|'), ('య', 'U'), ('ట్లు', '|'), ('ప', 'U'), ('ట్టి', '|'), ('త', '|'), ('న', '|'), ('కుం', 'U'), ('బ్ర', '|'), ('భ', '|'), ('వి', 'U'), ('ల్లె', '|'), ('గ', '|'), ('దా', 'U'), ('య', '|'), ('టం', 'U'), ('చు', '|'), ('దా', 'U'), ('నూ', 'U'), ('ర', '|'), ('క', '|'), ('సం', 'U'), ('త', '|'), ('సి', 'U'), ('ల్లి', '|'), ('మ', '|'), ('ది', '|'), ('ను', 'U'), ('బ్బె', '|'), ('డు', '|'), ('త', 'U'), ('ల్లి', '|'), ('ని', '|'), ('బో', 'U'), ('ల', '|'), ('రె', 'U'), ('వ్వ', '|'), ('రున్', 'U')]",1.0,1.0,1.0,1.0,1.0,1.0
champakamaala,"చతురతఁ గాంచుచో విమలసాత్త్వికశాస్త్రములెల్ల నేర్చి సు-
వ్రతుఁడయి సత్యసంధుఁడయి రాజసభాంతరపూజనీయుఁడై,
సుతుఁ డుదయించెనంచు మదిఁ జొక్కి ప్రహర్షణ ముప్పతిల్ల లోఁ
గుతుకము మీఱుచున్న యల కోమలిఁ దల్లినిఁ బోలరెవ్వరున్.",vruttamu,Maathru,"[('చ', '|'), ('తు', '|'), ('ర', '|'), ('త', '|'), ('గాం', 'U'), ('చు', '|'), ('చో', 'U'), ('వి', '|'), ('మ', '|'), ('ల', '|'), ('సా', 'U'), ('త్త్వి', '|'), ('క', '|'), ('శా', 'U'), ('స్త్ర', '|'), ('ము', '|'), ('లె', 'U'), ('ల్ల', '|'), ('నే', 'U'), ('ర్చి', '|'), ('సు', '|'), ('వ్ర', '|'), ('తు', '|'), ('డ', '|'), ('యి', '|'), ('స', 'U'), ('త్య', '|'), ('సం', 'U'), ('ధు', '|'), ('డ', '|'), ('యి', '|'), ('రా', 'U'), ('జ', '|'), ('స', '|'), ('భాం', 'U'), ('త', '|'), ('ర', '|'), ('పూ', 'U'), ('జ', '|'), ('నీ', 'U'), ('యు', '|'), ('డై', 'U'), ('సు', '|'), ('తు', '|'), ('డు', '|'), ('ద', '|'), ('యిం', 'U'), ('చె', '|'), ('నం', 'U'), ('చు', '|'), ('మ', '|'), ('ది', '|'), ('జొ', 'U'), ('క్కి', '|'), ('ప్ర', '|'), ('హ', 'U'), ('ర్ష', '|'), ('ణ', '|'), ('ము', 'U'), ('ప్ప', '|'), ('తి', 'U'), ('ల్ల', '|'), ('లో', 'U'), ('గు', '|'), ('తు', '|'), ('క', '|'), ('ము', '|'), ('మీ', 'U'), ('ఱు', '|'), ('చు', 'U'), ('న్న', '|'), ('య', '|'), ('ల', '|'), ('కో', 'U'), ('మ', '|'), ('లి', '|'), ('ద', 'U'), ('ల్లి', '|'), ('ని', '|'), ('బో', 'U'), ('ల', '|'), ('రె', 'U'), ('వ్వ', '|'), ('రున్', 'U')]",0.9928571428571429,1.0,1.0,0.9642857142857143,1.0,1.0
vutpalamaala,"శ్రీలలరారు సంతతసుశీలుఁడు భూతదయాపరుండు వా-
చాలుఁ డనన్యచారుజలజాతముఖీహృదయానుకూలుఁ డీ
బాలకుఁడంచు సజ్జనులు పల్కినఁ దద్వచనంబు వీనులం
గ్రోలుచు సంతసిల్లు సుమకోమలిఁ దల్లినిఁ బోలరెవ్వరున్.",vruttamu,Maathru,"[('శ్రీ', 'U'), ('ల', '|'), ('ల', '|'), ('రా', 'U'), ('రు', '|'), ('సం', 'U'), ('త', '|'), ('త', '|'), ('సు', '|'), ('శీ', 'U'), ('లు', '|'), ('డు', '|'), ('భూ', 'U'), ('త', '|'), ('ద', '|'), ('యా', 'U'), ('ప', '|'), ('రుం', 'U'), ('డు', '|'), ('వా', 'U'), ('చా', 'U'), ('లు', '|'), ('డ', '|'), ('న', 'U'), ('న్య', '|'), ('చా', 'U'), ('రు', '|'), ('జ', '|'), ('ల', '|'), ('జా', 'U'), ('త', '|'), ('ము', '|'), ('ఖీ', 'U'), ('హృ', '|'), ('ద', '|'), ('యా', 'U'), ('ను', '|'), ('కూ', 'U'), ('లు', '|'), ('డీ', 'U'), ('బా', 'U'), ('ల', '|'), ('కు', '|'), ('డం', 'U'), ('చు', '|'), ('స', 'U'), ('జ్జ', '|'), ('ను', '|'), ('లు', '|'), ('ప', 'U'), ('ల్కి', '|'), ('న', '|'), ('ద', 'U'), ('ద్వ', '|'), ('చ', '|'), ('నం', 'U'), ('బు', '|'), ('వీ', 'U'), ('ను', '|'), ('లం', 'U'), ('గ్రో', 'U'), ('లు', '|'), ('చు', '|'), ('సం', 'U'), ('త', '|'), ('సి', 'U'), ('ల్లు', '|'), ('సు', '|'), ('మ', '|'), ('కో', 'U'), ('మ', '|'), ('లి', '|'), ('ద', 'U'), ('ల్లి', '|'), ('ని', '|'), ('బో', 'U'), ('ల', '|'), ('రె', 'U'), ('వ్వ', '|'), ('రున్', 'U')]",1.0,1.0,1.0,1.0,1.0,1.0
vutpalamaala,"దానధురాయశోవినయ ధైర్యనిరంతరసాహసక్రియా-
మాన జనోపకారఘనమాన్యరతుండయి మీనలోచనా-
ధ్యానమనస్కుఁడై సకలధర్మవిశారదుఁడైన సూనునిం
దాను దలంచి సంతసిలు తన్వినిఁ దల్లినిఁ బోలరెవ్వరున్.",vruttamu,Maathru,"[('దా', 'U'), ('న', '|'), ('ధు', '|'), ('రా', 'U'), ('య', '|'), ('శో', 'U'), ('వి', '|'), ('న', '|'), ('య', '|'), ('ధై', 'U'), ('ర్య', '|'), ('ని', '|'), ('రం', 'U'), ('త', '|'), ('ర', '|'), ('సా', 'U'), ('హ', '|'), ('స', '|'), ('క్రి', '|'), ('యా', 'U'), ('మా', 'U'), ('న', '|'), ('జ', '|'), ('నో', 'U'), ('ప', '|'), ('కా', 'U'), ('ర', '|'), ('ఘ', '|'), ('న', '|'), ('మా', 'U'), ('న్య', '|'), ('ర', '|'), ('తుం', 'U'), ('డ', '|'), ('యి', '|'), ('మీ', 'U'), ('న', '|'), ('లో', 'U'), ('చ', '|'), ('నా', 'U'), ('ధ్యా', 'U'), ('న', '|'), ('మ', '|'), ('న', 'U'), ('స్కు', '|'), ('డై', 'U'), ('స', '|'), ('క', '|'), ('ల', '|'), ('ధ', 'U'), ('ర్మ', '|'), ('వి', '|'), ('శా', 'U'), ('ర', '|'), ('దు', '|'), ('డై', 'U'), ('న', '|'), ('సూ', 'U'), ('ను', '|'), ('నిం', 'U'), ('దా', 'U'), ('ను', '|'), ('ద', '|'), ('లం', 'U'), ('చి', '|'), ('సం', 'U'), ('త', '|'), ('సి', '|'), ('లు', '|'), ('త', 'U'), ('న్వి', '|'), ('ని', '|'), ('ద', 'U'), ('ల్లి', '|'), ('ని', '|'), ('బో', 'U'), ('ల', '|'), ('రె', 'U'), ('వ్వ', '|'), ('రున్', 'U')]",0.9928571428571429,1.0,1.0,0.9642857142857143,1.0,1.0
champakamaala,"పరనిరతోపకారమృదుభాషణభూషణుఁ డాశ్రితావన-
స్థిరగుణశాలి నీతిపథజీవనజీవనుఁ డుత్తమాధమాం-
తరము లెఱుంగు మేటి తలిదండ్రులకు న్జవదాఁటఁడన్నచో
నరసి మనంబులోన ముదమందెడు తల్లినిఁ బోలరెవ్వరున్.",vruttamu,Maathru,"[('ప', '|'), ('ర', '|'), ('ని', '|'), ('ర', '|'), ('తో', 'U'), ('ప', '|'), ('కా', 'U'), ('ర', '|'), ('మృ', '|'), ('దు', '|'), ('భా', 'U'), ('ష', '|'), ('ణ', '|'), ('భూ', 'U'), ('ష', '|'), ('ణు', '|'), ('డా', 'U'), ('శ్రి', '|'), ('తా', 'U'), ('వ', '|'), ('న', 'U'), ('స్థి', '|'), ('ర', '|'), ('గు', '|'), ('ణ', '|'), ('శా', 'U'), ('లి', '|'), ('నీ', 'U'), ('తి', '|'), ('ప', '|'), ('థ', '|'), ('జీ', 'U'), ('వ', '|'), ('న', '|'), ('జీ', 'U'), ('వ', '|'), ('ను', '|'), ('డు', 'U'), ('త్త', '|'), ('మా', 'U'), ('ధ', '|'), ('మాం', 'U'), ('త', '|'), ('ర', '|'), ('ము', '|'), ('లె', '|'), ('ఱుం', 'U'), ('గు', '|'), ('మే', 'U'), ('టి', '|'), ('త', '|'), ('లి', '|'), ('దం', 'U'), ('డ్రు', '|'), ('ల', '|'), ('కు', 'U'), ('న్జ', '|'), ('వ', '|'), ('దా', 'U'), ('ట', '|'), ('డ', 'U'), ('న్న', '|'), ('చో', 'U'), ('న', '|'), ('ర', '|'), ('సి', '|'), ('మ', '|'), ('నం', 'U'), ('బు', '|'), ('లో', 'U'), ('న', '|'), ('ము', '|'), ('ద', '|'), ('మం', 'U'), ('దె', '|'), ('డు', '|'), ('త', 'U'), ('ల్లి', '|'), ('ని', '|'), ('బో', 'U'), ('ల', '|'), ('రె', 'U'), ('వ్వ', '|'), ('రున్', 'U')]",0.95,1.0,1.0,1.0,0.75,1.0
champakamaala,"కలుపుఁదనంబుతోడఁ దనుఁ గన్న కుమారుఁడు సంతసిల్లి కో-
డలికి నలంకరించుచు నొడంబడి బుద్ధులు చెప్పుచున్ దనూ-
జులవలెఁ బ్రేమ మీఱ మఱి చూచుచు భూజనులాడు మంచిప-
ల్కులకుఁ బ్రమోదమొందు సుమకోమలిఁ దల్లినిఁ బోలరెవ్వరున్.",vruttamu,Maathru,"[('క', '|'), ('లు', '|'), ('పు', '|'), ('ద', '|'), ('నం', 'U'), ('బు', '|'), ('తో', 'U'), ('డ', '|'), ('ద', '|'), ('ను', '|'), ('గ', 'U'), ('న్న', '|'), ('కు', '|'), ('మా', 'U'), ('రు', '|'), ('డు', '|'), ('సం', 'U'), ('త', '|'), ('సి', 'U'), ('ల్లి', '|'), ('కో', 'U'), ('డ', '|'), ('లి', '|'), ('కి', '|'), ('న', '|'), ('లం', 'U'), ('క', '|'), ('రిం', 'U'), ('చు', '|'), ('చు', '|'), ('నొ', '|'), ('డం', 'U'), ('బ', '|'), ('డి', '|'), ('బు', 'U'), ('ద్ధు', '|'), ('లు', '|'), ('చె', 'U'), ('ప్పు', '|'), ('చు', 'U'), ('న్ద', '|'), ('నూ', 'U'), ('జు', '|'), ('ల', '|'), ('వ', '|'), ('లె', '|'), ('బ్రే', 'U'), ('మ', '|'), ('మీ', 'U'), ('ఱ', '|'), ('మ', '|'), ('ఱి', '|'), ('చూ', 'U'), ('చు', '|'), ('చు', '|'), ('భూ', 'U'), ('జ', '|'), ('ను', '|'), ('లా', 'U'), ('డు', '|'), ('మం', 'U'), ('చి', '|'), ('ప', 'U'), ('ల్కు', '|'), ('ల', '|'), ('కు', '|'), ('బ్ర', '|'), ('మో', 'U'), ('ద', '|'), ('మొం', 'U'), ('దు', '|'), ('సు', '|'), ('మ', '|'), ('కో', 'U'), ('మ', '|'), ('లి', '|'), ('ద', 'U'), ('ల్లి', '|'), ('ని', '|'), ('బో', 'U'), ('ల', '|'), ('రె', 'U'), ('వ్వ', '|'), ('రున్', 'U')]",1.0,1.0,1.0,1.0,1.0,1.0
champakamaala,"కొమరుని దేహపోషణకుఁ గోడలితో దమయంతి సత్కథా-
క్రమము లతాంగి చంద్రమతి కార్యము జానకి వర్తనంబు చం-
దము ననసూయ నర్మిలి మొదల్ జగతిం గల మేల్పతివ్రతా-
త్వము లెఱిఁగించుచుండెడు సువాసినిఁ దల్లినిఁ బోలరెవ్వరున్.",vruttamu,Maathru,"[('కొ', '|'), ('మ', '|'), ('రు', '|'), ('ని', '|'), ('దే', 'U'), ('హ', '|'), ('పో', 'U'), ('ష', '|'), ('ణ', '|'), ('కు', '|'), ('గో', 'U'), ('డ', '|'), ('లి', '|'), ('తో', 'U'), ('ద', '|'), ('మ', '|'), ('యం', 'U'), ('తి', '|'), ('స', 'U'), ('త్క', '|'), ('థా', 'U'), ('క్ర', '|'), ('మ', '|'), ('ము', '|'), ('ల', '|'), ('తాం', 'U'), ('గి', '|'), ('చం', 'U'), ('ద్ర', '|'), ('మ', '|'), ('తి', '|'), ('కా', 'U'), ('ర్య', '|'), ('ము', '|'), ('జా', 'U'), ('న', '|'), ('కి', '|'), ('వ', 'U'), ('ర్త', '|'), ('నం', 'U'), ('బు', '|'), ('చం', 'U'), ('ద', '|'), ('ము', '|'), ('న', '|'), ('న', '|'), ('సూ', 'U'), ('య', '|'), ('న', 'U'), ('ర్మి', '|'), ('లి', '|'), ('మొ', '|'), ('ద', 'U'), ('ల్జ', '|'), ('గ', '|'), ('తిం', 'U'), ('గ', '|'), ('ల', '|'), ('మే', 'U'), ('ల్ప', '|'), ('తి', '|'), ('వ్ర', '|'), ('తా', 'U'), ('త్వ', '|'), ('ము', '|'), ('లె', '|'), ('ఱి', '|'), ('గిం', 'U'), ('చు', '|'), ('చుం', 'U'), ('డె', '|'), ('డు', '|'), ('సు', '|'), ('వా', 'U'), ('సి', '|'), ('ని', '|'), ('ద', 'U'), ('ల్లి', '|'), ('ని', '|'), ('బో', 'U'), ('ల', '|'), ('రె', 'U'), ('వ్వ', '|'), ('రున్', 'U')]",0.9928571428571429,1.0,1.0,0.9642857142857143,1.0,1.0
champakamaala,"తనవలె నన్నపానములఁ దన్పునొ తన్పదొ ప్రేమమీఱ నం-
దనుని నటంచు సందియము తన్నెడఁబాయమిఁ గోడ లంత భో-
జన మిడువేళఁ దాను బతిసౌఖ్యసమాచరణంబు ముక్తిసా-
ధనమని తెల్పు ధర్మగుణదాయినిఁ దల్లినిఁ బోలరెవ్వరున్.",vruttamu,Maathru,"[('త', '|'), ('న', '|'), ('వ', '|'), ('లె', '|'), ('న', 'U'), ('న్న', '|'), ('పా', 'U'), ('న', '|'), ('ము', '|'), ('ల', '|'), ('ద', 'U'), ('న్పు', '|'), ('నొ', '|'), ('త', 'U'), ('న్ప', '|'), ('దొ', '|'), ('ప్రే', 'U'), ('మ', '|'), ('మీ', 'U'), ('ఱ', '|'), ('నం', 'U'), ('ద', '|'), ('ను', '|'), ('ని', '|'), ('న', '|'), ('టం', 'U'), ('చు', '|'), ('సం', 'U'), ('ది', '|'), ('య', '|'), ('ము', '|'), ('త', 'U'), ('న్నె', '|'), ('డ', '|'), ('బా', 'U'), ('య', '|'), ('మి', '|'), ('గో', 'U'), ('డ', '|'), ('లం', 'U'), ('త', '|'), ('భో', 'U'), ('జ', '|'), ('న', '|'), ('మి', '|'), ('డు', '|'), ('వే', 'U'), ('ళ', '|'), ('దా', 'U'), ('ను', '|'), ('బ', '|'), ('తి', '|'), ('సౌ', 'U'), ('ఖ్య', '|'), ('స', '|'), ('మా', 'U'), ('చ', '|'), ('ర', '|'), ('ణం', 'U'), ('బు', '|'), ('ము', 'U'), ('క్తి', '|'), ('సా', 'U'), ('ధ', '|'), ('న', '|'), ('మ', '|'), ('ని', '|'), ('తె', 'U'), ('ల్పు', '|'), ('ధ', 'U'), ('ర్మ', '|'), ('గు', '|'), ('ణ', '|'), ('దా', 'U'), ('యి', '|'), ('ని', '|'), ('ద', 'U'), ('ల్లి', '|'), ('ని', '|'), ('బో', 'U'), ('ల', '|'), ('రె', 'U'), ('వ్వ', '|'), ('రున్', 'U')]",1.0,1.0,1.0,1.0,1.0,1.0
vutpalamaala,"చూతఫలోష్ణనూత్నఘృతసూపసమంచదపూపషడ్రసో-
పేతము గాఁగ భోజనము పెట్టి కుమారున కోలి ఘర్మసం-
జాతశరీరబాధ దిగజాఱుటకై దయఁ దాళవృంతముం
జేతి కొసంగు దివ్యగుణశీలను దల్లినిఁ బోలరెవ్వరున్.",vruttamu,Maathru,"[('చూ', 'U'), ('త', '|'), ('ఫ', '|'), ('లో', 'U'), ('ష్ణ', '|'), ('నూ', 'U'), ('త్న', '|'), ('ఘృ', '|'), ('త', '|'), ('సూ', 'U'), ('ప', '|'), ('స', '|'), ('మం', 'U'), ('చ', '|'), ('ద', '|'), ('పూ', 'U'), ('ప', '|'), ('ష', '|'), ('డ్ర', '|'), ('సో', 'U'), ('పే', 'U'), ('త', '|'), ('ము', '|'), ('గా', 'U'), ('గ', '|'), ('భో', 'U'), ('జ', '|'), ('న', '|'), ('ము', '|'), ('పె', 'U'), ('ట్టి', '|'), ('కు', '|'), ('మా', 'U'), ('రు', '|'), ('న', '|'), ('కో', 'U'), ('లి', '|'), ('ఘ', 'U'), ('ర్మ', '|'), ('సం', 'U'), ('జా', 'U'), ('త', '|'), ('శ', '|'), ('రీ', 'U'), ('ర', '|'), ('బా', 'U'), ('ధ', '|'), ('ది', '|'), ('గ', '|'), ('జా', 'U'), ('ఱు', '|'), ('ట', '|'), ('కై', 'U'), ('ద', '|'), ('య', '|'), ('దా', 'U'), ('ళ', '|'), ('వృం', 'U'), ('త', '|'), ('ముం', 'U'), ('జే', 'U'), ('తి', '|'), ('కొ', '|'), ('సం', 'U'), ('గు', '|'), ('ది', 'U'), ('వ్య', '|'), ('గు', '|'), ('ణ', '|'), ('శీ', 'U'), ('ల', '|'), ('ను', '|'), ('ద', 'U'), ('ల్లి', '|'), ('ని', '|'), ('బో', 'U'), ('ల', '|'), ('రె', 'U'), ('వ్వ', '|'), ('రున్', 'U')]",0.9928571428571429,1.0,1.0,0.9642857142857143,1.0,1.0
champakamaala,"కొడుకును గోడ లొంటిపడి కొంకుచు సైగలు నారజంపు టా-
గడములు వింతవింత నెఱగారవముల్ గిలిగింతలాడు మే-
ల్సడిసడిసన్నలుం గుసగుసల్ జరిగించుట చూచి యాత్మలోఁ
బుడమి సమస్తమేలు గతిఁ బొంగెడు తల్లినిఁ బోలరెవ్వరున్.",vruttamu,Maathru,"[('కొ', '|'), ('డు', '|'), ('కు', '|'), ('ను', '|'), ('గో', 'U'), ('డ', '|'), ('లొం', 'U'), ('టి', '|'), ('ప', '|'), ('డి', '|'), ('కొం', 'U'), ('కు', '|'), ('చు', '|'), ('సై', 'U'), ('గ', '|'), ('లు', '|'), ('నా', 'U'), ('ర', '|'), ('జం', 'U'), ('పు', '|'), ('టా', 'U'), ('గ', '|'), ('డ', '|'), ('ము', '|'), ('లు', '|'), ('విం', 'U'), ('త', '|'), ('విం', 'U'), ('త', '|'), ('నె', '|'), ('ఱ', '|'), ('గా', 'U'), ('ర', '|'), ('వ', '|'), ('ము', 'U'), ('ల్గి', '|'), ('లి', '|'), ('గిం', 'U'), ('త', '|'), ('లా', 'U'), ('డు', '|'), ('మే', 'U'), ('ల్స', '|'), ('డి', '|'), ('స', '|'), ('డి', '|'), ('స', 'U'), ('న్న', '|'), ('లుం', 'U'), ('గు', '|'), ('స', '|'), ('గు', '|'), ('స', 'U'), ('ల్జ', '|'), ('రి', '|'), ('గిం', 'U'), ('చు', '|'), ('ట', '|'), ('చూ', 'U'), ('చి', '|'), ('యా', 'U'), ('త్మ', '|'), ('లో', 'U'), ('బు', '|'), ('డ', '|'), ('మి', '|'), ('స', '|'), ('మ', 'U'), ('స్త', '|'), ('మే', 'U'), ('లు', '|'), ('గ', '|'), ('తి', '|'), ('బొం', 'U'), ('గె', '|'), ('డు', '|'), ('త', 'U'), ('ల్లి', '|'), ('ని', '|'), ('బో', 'U'), ('ల', '|'), ('రె', 'U'), ('వ్వ', '|'), ('రున్', 'U')]",1.0,1.0,1.0,1.0,1.0,1.0
champakamaala,"తనయుఁడు పుత్రులం గనువిధంబు ఘటించుటకై రమేశు నీ-
శుని సిరి మీనలోచనను జొక్కము మీఱ భజించు నెన్నఁ డే
మనుమని నెత్తి ముద్దిడుదు మక్కువతోడ నటంచుఁ గోడలిం
గని ముదమందుచో మిగులఁ గాంక్షిలు తల్లినిఁ బోలరెవ్వరున్.",vruttamu,Maathru,"[('త', '|'), ('న', '|'), ('యు', '|'), ('డు', '|'), ('పు', '|'), ('త్రు', '|'), ('లం', 'U'), ('గ', '|'), ('ను', '|'), ('వి', '|'), ('ధం', 'U'), ('బు', '|'), ('ఘ', '|'), ('టిం', 'U'), ('చు', '|'), ('ట', '|'), ('కై', 'U'), ('ర', '|'), ('మే', 'U'), ('శు', '|'), ('నీ', 'U'), ('శు', '|'), ('ని', '|'), ('సి', '|'), ('రి', '|'), ('మీ', 'U'), ('న', '|'), ('లో', 'U'), ('చ', '|'), ('న', '|'), ('ను', '|'), ('జొ', 'U'), ('క్క', '|'), ('ము', '|'), ('మీ', 'U'), ('ఱ', '|'), ('భ', '|'), ('జిం', 'U'), ('చు', '|'), ('నె', 'U'), ('న్న', '|'), ('డే', 'U'), ('మ', '|'), ('ను', '|'), ('మ', '|'), ('ని', '|'), ('నె', 'U'), ('త్తి', '|'), ('ము', 'U'), ('ద్ది', '|'), ('డు', '|'), ('దు', '|'), ('మ', 'U'), ('క్కు', '|'), ('వ', '|'), ('తో', 'U'), ('డ', '|'), ('న', '|'), ('టం', 'U'), ('చు', '|'), ('గో', 'U'), ('డ', '|'), ('లిం', 'U'), ('గ', '|'), ('ని', '|'), ('ము', '|'), ('ద', '|'), ('మం', 'U'), ('దు', '|'), ('చో', 'U'), ('మి', '|'), ('గు', '|'), ('ల', '|'), ('గాం', 'U'), ('క్షి', '|'), ('లు', '|'), ('త', 'U'), ('ల్లి', '|'), ('ని', '|'), ('బో', 'U'), ('ల', '|'), ('రె', 'U'), ('వ్వ', '|'), ('రున్', 'U')]",0.9928571428571429,1.0,1.0,0.9642857142857143,1.0,1.0
champakamaala,"కర మనురక్తి నందనులు గల్గుటకై తన ముద్దుగోడలిం
గురుతరభక్తి దేవతలకుం బ్రణమిల్లఁగఁ జేయు వేంకటే-
శ్వరునకు మీఁదుగట్టుమని చాటును నోములు నోఁచ ద్రవ్య ము-
త్కరముగ నిచ్చుచోఁ గరుణ గల్గిన తల్లినిఁ బోలరెవ్వరున్.",vruttamu,Maathru,"[('క', '|'), ('ర', '|'), ('మ', '|'), ('ను', '|'), ('ర', 'U'), ('క్తి', '|'), ('నం', 'U'), ('ద', '|'), ('ను', '|'), ('లు', '|'), ('గ', 'U'), ('ల్గు', '|'), ('ట', '|'), ('కై', 'U'), ('త', '|'), ('న', '|'), ('ము', 'U'), ('ద్దు', '|'), ('గో', 'U'), ('డ', '|'), ('లిం', 'U'), ('గు', '|'), ('రు', '|'), ('త', '|'), ('ర', '|'), ('భ', 'U'), ('క్తి', '|'), ('దే', 'U'), ('వ', '|'), ('త', '|'), ('ల', '|'), ('కుం', 'U'), ('బ్ర', '|'), ('ణ', '|'), ('మి', 'U'), ('ల్ల', '|'), ('గ', '|'), ('జే', 'U'), ('యు', '|'), ('వేం', 'U'), ('క', '|'), ('టే', 'U'), ('శ్వ', '|'), ('రు', '|'), ('న', '|'), ('కు', '|'), ('మీ', 'U'), ('దు', '|'), ('గ', 'U'), ('ట్టు', '|'), ('మ', '|'), ('ని', '|'), ('చా', 'U'), ('టు', '|'), ('ను', '|'), ('నో', 'U'), ('ము', '|'), ('లు', '|'), ('నో', 'U'), ('చ', '|'), ('ద్ర', 'U'), ('వ్య', '|'), ('ము', 'U'), ('త్క', '|'), ('ర', '|'), ('ము', '|'), ('గ', '|'), ('ని', 'U'), ('చ్చు', '|'), ('చో', 'U'), ('గ', '|'), ('రు', '|'), ('ణ', '|'), ('గ', 'U'), ('ల్గి', '|'), ('న', '|'), ('త', 'U'), ('ల్లి', '|'), ('ని', '|'), ('బో', 'U'), ('ల', '|'), ('రె', 'U'), ('వ్వ', '|'), ('రున్', 'U')]",1.0,1.0,1.0,1.0,1.0,1.0
champakamaala,"“అనయము కీర్తిహాని సుజనాదరణీయము గాదు సిగ్గుఁబా-
టెనయఁగఁ జేయు లోకు లతిహీనతగా మతినెంతు రెందు దు-
ర్జనసహవాస మేరికినిఁ జౌక ఘటించుఁ దలంచినన్ సుమా
విను”మని బుద్ధిఁ జెప్పు ఘనవేణినిఁ దల్లినిఁ బోలరెవ్వరున్.",vruttamu,Maathru,"[('అ', '|'), ('న', '|'), ('య', '|'), ('ము', '|'), ('కీ', 'U'), ('ర్తి', '|'), ('హా', 'U'), ('ని', '|'), ('సు', '|'), ('జ', '|'), ('నా', 'U'), ('ద', '|'), ('ర', '|'), ('ణీ', 'U'), ('య', '|'), ('ము', '|'), ('గా', 'U'), ('దు', '|'), ('సి', 'U'), ('గ్గు', '|'), ('బా', 'U'), ('టె', '|'), ('న', '|'), ('య', '|'), ('గ', '|'), ('జే', 'U'), ('యు', '|'), ('లో', 'U'), ('కు', '|'), ('ల', '|'), ('తి', '|'), ('హీ', 'U'), ('న', '|'), ('త', '|'), ('గా', 'U'), ('మ', '|'), ('తి', '|'), ('నెం', 'U'), ('తు', '|'), ('రెం', 'U'), ('దు', '|'), ('దు', 'U'), ('ర్జ', '|'), ('న', '|'), ('స', '|'), ('హ', '|'), ('వా', 'U'), ('స', '|'), ('మే', 'U'), ('రి', '|'), ('కి', '|'), ('ని', '|'), ('జౌ', 'U'), ('క', '|'), ('ఘ', '|'), ('టిం', 'U'), ('చు', '|'), ('ద', '|'), ('లం', 'U'), ('చి', '|'), ('న', 'U'), ('న్సు', '|'), ('మా', 'U'), ('వి', '|'), ('ను', '|'), ('మ', '|'), ('ని', '|'), ('బు', 'U'), ('ద్ధి', '|'), ('జె', 'U'), ('ప్పు', '|'), ('ఘ', '|'), ('న', '|'), ('వే', 'U'), ('ణి', '|'), ('ని', '|'), ('ద', 'U'), ('ల్లి', '|'), ('ని', '|'), ('బో', 'U'), ('ల', '|'), ('రె', 'U'), ('వ్వ', '|'), ('రున్', 'U')]",0.9,1.0,1.0,1.0,0.5,1.0
champakamaala,"“ధన మొనగూర్చు సద్గుణవితాన మొనర్చు ధరిత్రిలోపలన్
ఘనత ఘటించు రాజగురుకార్యసమున్నతిఁ జేయుఁ గీర్తికాం-
తను గొనితెచ్చు ముక్తిపథతత్త్వములెల్ల నెఱుంగఁజేయు స-
జ్జనసహవాస” మంచు నుడి సల్పెడు తల్లినిఁ బోలరెవ్వరున్.",vruttamu,Maathru,"[('ధ', '|'), ('న', '|'), ('మొ', '|'), ('న', '|'), ('గూ', 'U'), ('ర్చు', '|'), ('స', 'U'), ('ద్గు', '|'), ('ణ', '|'), ('వి', '|'), ('తా', 'U'), ('న', '|'), ('మొ', '|'), ('న', 'U'), ('ర్చు', '|'), ('ధ', '|'), ('రి', '|'), ('త్రి', '|'), ('లో', 'U'), ('ప', '|'), ('లన్', 'U'), ('ఘ', '|'), ('న', '|'), ('త', '|'), ('ఘ', '|'), ('టిం', 'U'), ('చు', '|'), ('రా', 'U'), ('జ', '|'), ('గు', '|'), ('రు', '|'), ('కా', 'U'), ('ర్య', '|'), ('స', '|'), ('ము', 'U'), ('న్న', '|'), ('తి', '|'), ('జే', 'U'), ('యు', '|'), ('గీ', 'U'), ('ర్తి', '|'), ('కాం', 'U'), ('త', '|'), ('ను', '|'), ('గొ', '|'), ('ని', '|'), ('తె', 'U'), ('చ్చు', '|'), ('ము', 'U'), ('క్తి', '|'), ('ప', '|'), ('థ', '|'), ('త', 'U'), ('త్త్వ', '|'), ('ము', '|'), ('లె', 'U'), ('ల్ల', '|'), ('నె', '|'), ('ఱుం', 'U'), ('గ', '|'), ('జే', 'U'), ('యు', '|'), ('స', 'U'), ('జ్జ', '|'), ('న', '|'), ('స', '|'), ('హ', '|'), ('వా', 'U'), ('స', '|'), ('మం', 'U'), ('చు', '|'), ('ను', '|'), ('డి', '|'), ('స', 'U'), ('ల్పె', '|'), ('డు', '|'), ('త', 'U'), ('ల్లి', '|'), ('ని', '|'), ('బో', 'U'), ('ల', '|'), ('రె', 'U'), ('వ్వ', '|'), ('రున్', 'U')]",0.9928571428571429,1.0,1.0,0.9642857142857143,1.0,1.0
champakamaala,"“అనయము రాజకార్యములయందుఁ బ్రవర్తన సేయువేళ భూ-
జనులకుఁ గీడు పన్నునెడ సడ్డ ఘటింపఁగ నీకు లోకనిం-
దన కెడగాని నిర్మలవిధంబు సమస్తము నీకుఁ గీర్తిసా-
ధన” మని తెల్పు సద్గుణమతల్లిని దల్లినిఁ బోలరెవ్వరున్.",vruttamu,Maathru,"[('అ', '|'), ('న', '|'), ('య', '|'), ('ము', '|'), ('రా', 'U'), ('జ', '|'), ('కా', 'U'), ('ర్య', '|'), ('ము', '|'), ('ల', '|'), ('యం', 'U'), ('దు', '|'), ('బ్ర', '|'), ('వ', 'U'), ('ర్త', '|'), ('న', '|'), ('సే', 'U'), ('యు', '|'), ('వే', 'U'), ('ళ', '|'), ('భూ', 'U'), ('జ', '|'), ('ను', '|'), ('ల', '|'), ('కు', '|'), ('గీ', 'U'), ('డు', '|'), ('ప', 'U'), ('న్ను', '|'), ('నె', '|'), ('డ', '|'), ('స', 'U'), ('డ్డ', '|'), ('ఘ', '|'), ('టిం', 'U'), ('ప', '|'), ('గ', '|'), ('నీ', 'U'), ('కు', '|'), ('లో', 'U'), ('క', '|'), ('నిం', 'U'), ('ద', '|'), ('న', '|'), ('కె', '|'), ('డ', '|'), ('గా', 'U'), ('ని', '|'), ('ని', 'U'), ('ర్మ', '|'), ('ల', '|'), ('వి', '|'), ('ధం', 'U'), ('బు', '|'), ('స', '|'), ('మ', 'U'), ('స్త', '|'), ('ము', '|'), ('నీ', 'U'), ('కు', '|'), ('గీ', 'U'), ('ర్తి', '|'), ('సా', 'U'), ('ధ', '|'), ('న', '|'), ('మ', '|'), ('ని', '|'), ('తె', 'U'), ('ల్పు', '|'), ('స', 'U'), ('ద్గు', '|'), ('ణ', '|'), ('మ', '|'), ('త', 'U'), ('ల్లి', '|'), ('ని', '|'), ('ద', 'U'), ('ల్లి', '|'), ('ని', '|'), ('బో', 'U'), ('ల', '|'), ('రె', 'U'), ('వ్వ', '|'), ('రున్', 'U')]",1.0,1.0,1.0,1.0,1.0,1.0
champakamaala,"“తలఁప నగణ్యుఁడై బుధవితానము వర్ణనచేయ సత్క్రియా-
కలనఁ జెలంగి సద్గుణము గల్గిననుం దనుఁ గన్న తల్లితం-
డ్రుల గుణమెల్లఁ బాయ భళిరే యని పల్కుదు” రంచుఁ బట్టికిం
దెలుపుచు సంతసిల్లు యువతీమణిఁ దల్లినిఁ బోలరెవ్వరున్.",vruttamu,Maathru,"[('త', '|'), ('ల', '|'), ('ప', '|'), ('న', '|'), ('గ', 'U'), ('ణ్యు', '|'), ('డై', 'U'), ('బు', '|'), ('ధ', '|'), ('వి', '|'), ('తా', 'U'), ('న', '|'), ('ము', '|'), ('వ', 'U'), ('ర్ణ', '|'), ('న', '|'), ('చే', 'U'), ('య', '|'), ('స', 'U'), ('త్క్రి', '|'), ('యా', 'U'), ('క', '|'), ('ల', '|'), ('న', '|'), ('జె', '|'), ('లం', 'U'), ('గి', '|'), ('స', 'U'), ('ద్గు', '|'), ('ణ', '|'), ('ము', '|'), ('గ', 'U'), ('ల్గి', '|'), ('న', '|'), ('నుం', 'U'), ('ద', '|'), ('ను', '|'), ('గ', 'U'), ('న్న', '|'), ('త', 'U'), ('ల్లి', '|'), ('తం', 'U'), ('డ్రు', '|'), ('ల', '|'), ('గు', '|'), ('ణ', '|'), ('మె', 'U'), ('ల్ల', '|'), ('బా', 'U'), ('య', '|'), ('భ', '|'), ('ళి', '|'), ('రే', 'U'), ('య', '|'), ('ని', '|'), ('ప', 'U'), ('ల్కు', '|'), ('దు', '|'), ('రం', 'U'), ('చు', '|'), ('బ', 'U'), ('ట్టి', '|'), ('కిం', 'U'), ('దె', '|'), ('లు', '|'), ('పు', '|'), ('చు', '|'), ('సం', 'U'), ('త', '|'), ('సి', 'U'), ('ల్లు', '|'), ('యు', '|'), ('వ', '|'), ('తీ', 'U'), ('మ', '|'), ('ణి', '|'), ('ద', 'U'), ('ల్లి', '|'), ('ని', '|'), ('బో', 'U'), ('ల', '|'), ('రె', 'U'), ('వ్వ', '|'), ('రున్', 'U')]",0.95,1.0,1.0,1.0,0.75,1.0
vutpalamaala,"శిష్టులు మెచ్చ సజ్జనులు చేకొనునట్లు దలంచి జ్ఞానవా-
సిష్ఠముఖప్రబంధములు చెప్పుచు సత్త్వపురాణమర్మసా-
భీష్టవిధుల్ పఠించుటకుఁ బెద్దలఁ జూపుచుఁ బుత్రవాంఛ సం-
తుష్టి చెలంగుచున్న యల తొయ్యలిఁ దల్లినిఁ బోలరెవ్వరున్.",vruttamu,Maathru,"[('శి', 'U'), ('ష్టు', '|'), ('లు', '|'), ('మె', 'U'), ('చ్చ', '|'), ('స', 'U'), ('జ్జ', '|'), ('ను', '|'), ('లు', '|'), ('చే', 'U'), ('కొ', '|'), ('ను', '|'), ('న', 'U'), ('ట్లు', '|'), ('ద', '|'), ('లం', 'U'), ('చి', 'U'), ('జ్ఞా', 'U'), ('న', '|'), ('వా', 'U'), ('సి', 'U'), ('ష్ఠ', '|'), ('ము', '|'), ('ఖ', '|'), ('ప్ర', '|'), ('బం', 'U'), ('ధ', '|'), ('ము', '|'), ('లు', '|'), ('చె', 'U'), ('ప్పు', '|'), ('చు', '|'), ('స', 'U'), ('త్త్వ', '|'), ('పు', '|'), ('రా', 'U'), ('ణ', '|'), ('మ', 'U'), ('ర్మ', '|'), ('సా', 'U'), ('భీ', 'U'), ('ష్ట', '|'), ('వి', '|'), ('ధు', 'U'), ('ల్ప', '|'), ('ఠిం', 'U'), ('చు', '|'), ('ట', '|'), ('కు', '|'), ('బె', 'U'), ('ద్ద', '|'), ('ల', '|'), ('జూ', 'U'), ('పు', '|'), ('చు', '|'), ('బు', '|'), ('త్ర', '|'), ('వాం', 'U'), ('ఛ', '|'), ('సం', 'U'), ('తు', 'U'), ('ష్టి', '|'), ('చె', '|'), ('లం', 'U'), ('గు', '|'), ('చు', 'U'), ('న్న', '|'), ('య', '|'), ('ల', '|'), ('తొ', 'U'), ('య్య', '|'), ('లి', '|'), ('ద', 'U'), ('ల్లి', '|'), ('ని', '|'), ('బో', 'U'), ('ల', '|'), ('రె', 'U'), ('వ్వ', '|'), ('రున్', 'U')]",0.9285714285714285,1.0,1.0,0.8928571428571429,1.0,0.75
vutpalamaala,"కోడలు గర్భమౌట తనకు న్మదిఁ దోఁచినయంత బ్రేమ గొం-
డాడ సుపుత్రునిం బడయునట్లు ఘటింపు మటంచు శూలి పూఁ-
బోఁడిని మందగామినినిఁ బుష్పసుగంధిని మీనలోచనన్
వేడుకమీఱ వేఁడు నలివేణినిఁ దల్లినిఁ బోలరెవ్వరున్.",vruttamu,Maathru,"[('కో', 'U'), ('డ', '|'), ('లు', '|'), ('గ', 'U'), ('ర్భ', '|'), ('మౌ', 'U'), ('ట', '|'), ('త', '|'), ('న', '|'), ('కు', 'U'), ('న్మ', '|'), ('ది', '|'), ('దో', 'U'), ('చి', '|'), ('న', '|'), ('యం', 'U'), ('త', '|'), ('బ్రే', 'U'), ('మ', '|'), ('గొం', 'U'), ('డా', 'U'), ('డ', '|'), ('సు', '|'), ('పు', '|'), ('త్రు', '|'), ('నిం', 'U'), ('బ', '|'), ('డ', '|'), ('యు', '|'), ('న', 'U'), ('ట్లు', '|'), ('ఘ', '|'), ('టిం', 'U'), ('పు', '|'), ('మ', '|'), ('టం', 'U'), ('చు', '|'), ('శూ', 'U'), ('లి', '|'), ('పూ', 'U'), ('బో', 'U'), ('డి', '|'), ('ని', '|'), ('మం', 'U'), ('ద', '|'), ('గా', 'U'), ('మి', '|'), ('ని', '|'), ('ని', '|'), ('బు', 'U'), ('ష్ప', '|'), ('సు', '|'), ('గం', 'U'), ('ధి', '|'), ('ని', '|'), ('మీ', 'U'), ('న', '|'), ('లో', 'U'), ('చ', '|'), ('నన్', 'U'), ('వే', 'U'), ('డు', '|'), ('క', '|'), ('మీ', 'U'), ('ఱ', '|'), ('వే', 'U'), ('డు', '|'), ('న', '|'), ('లి', '|'), ('వే', 'U'), ('ణి', '|'), ('ని', '|'), ('ద', 'U'), ('ల్లి', '|'), ('ని', '|'), ('బో', 'U'), ('ల', '|'), ('రె', 'U'), ('వ్వ', '|'), ('రున్', 'U')]",0.9428571428571428,1.0,1.0,0.9642857142857143,0.75,1.0
champakamaala,"మనుమఁ డటంచుఁ బిల్వ సుకుమారునిఁ గోడలు గన్న మాటఁ దా
విని యనివారదానముల వేలముగా నొనరింపఁజేసి చ-
య్యన శుభవాద్యముల్ మొరయునట్లు ఘటించెఁ గదా యటంచుఁ గ-
న్గొని ముదమందునట్టి యల కోమలిఁ దల్లినిఁ బోలరెవ్వరున్.",vruttamu,Maathru,"[('మ', '|'), ('ను', '|'), ('మ', '|'), ('డ', '|'), ('టం', 'U'), ('చు', '|'), ('బి', 'U'), ('ల్వ', '|'), ('సు', '|'), ('కు', '|'), ('మా', 'U'), ('రు', '|'), ('ని', '|'), ('గో', 'U'), ('డ', '|'), ('లు', '|'), ('గ', 'U'), ('న్న', '|'), ('మా', 'U'), ('ట', '|'), ('దా', 'U'), ('వి', '|'), ('ని', '|'), ('య', '|'), ('ని', '|'), ('వా', 'U'), ('ర', '|'), ('దా', 'U'), ('న', '|'), ('ము', '|'), ('ల', '|'), ('వే', 'U'), ('ల', '|'), ('ము', '|'), ('గా', 'U'), ('నొ', '|'), ('న', '|'), ('రిం', 'U'), ('ప', '|'), ('జే', 'U'), ('సి', '|'), ('చ', 'U'), ('య్య', '|'), ('న', '|'), ('శు', '|'), ('భ', '|'), ('వా', 'U'), ('ద్య', '|'), ('ము', 'U'), ('ల్మొ', '|'), ('ర', '|'), ('యు', '|'), ('న', 'U'), ('ట్లు', '|'), ('ఘ', '|'), ('టిం', 'U'), ('చె', '|'), ('గ', '|'), ('దా', 'U'), ('య', '|'), ('టం', 'U'), ('చు', '|'), ('గ', 'U'), ('న్గొ', '|'), ('ని', '|'), ('ము', '|'), ('ద', '|'), ('మం', 'U'), ('దు', '|'), ('న', 'U'), ('ట్టి', '|'), ('య', '|'), ('ల', '|'), ('కో', 'U'), ('మ', '|'), ('లి', '|'), ('ద', 'U'), ('ల్లి', '|'), ('ని', '|'), ('బో', 'U'), ('ల', '|'), ('రె', 'U'), ('వ్వ', '|'), ('రున్', 'U')]",0.95,1.0,1.0,1.0,0.75,1.0
champakamaala,"కలిమి బలంబు భోగము సుఖంబు జయంబు యశస్సమృద్ధియుం
గలుగఁగఁ గోరుచుం దనదు కాయము డస్సిన శక్తి లేమిడిన్
బలము దొలంగియుండినను బాయని కూర్మి తురంగలింప ని-
ర్మలమతిఁ బుత్రవత్సలత రంజిలు తల్లినిఁ బోలరెవ్వరున్.",vruttamu,Maathru,"[('క', '|'), ('లి', '|'), ('మి', '|'), ('బ', '|'), ('లం', 'U'), ('బు', '|'), ('భో', 'U'), ('గ', '|'), ('ము', '|'), ('సు', '|'), ('ఖం', 'U'), ('బు', '|'), ('జ', '|'), ('యం', 'U'), ('బు', '|'), ('య', '|'), ('శ', 'U'), ('స్స', '|'), ('మృ', 'U'), ('ద్ధి', '|'), ('యుం', 'U'), ('గ', '|'), ('లు', '|'), ('గ', '|'), ('గ', '|'), ('గో', 'U'), ('రు', '|'), ('చుం', 'U'), ('ద', '|'), ('న', '|'), ('దు', '|'), ('కా', 'U'), ('య', '|'), ('ము', '|'), ('డ', 'U'), ('స్సి', '|'), ('న', '|'), ('శ', 'U'), ('క్తి', '|'), ('లే', 'U'), ('మి', '|'), ('డిన్', 'U'), ('బ', '|'), ('ల', '|'), ('ము', '|'), ('దొ', '|'), ('లం', 'U'), ('గి', '|'), ('యుం', 'U'), ('డి', '|'), ('న', '|'), ('ను', '|'), ('బా', 'U'), ('య', '|'), ('ని', '|'), ('కూ', 'U'), ('ర్మి', '|'), ('తు', '|'), ('రం', 'U'), ('గ', '|'), ('లిం', 'U'), ('ప', '|'), ('ని', 'U'), ('ర్మ', '|'), ('ల', '|'), ('మ', '|'), ('తి', '|'), ('బు', '|'), ('త్ర', '|'), ('వ', 'U'), ('త్స', '|'), ('ల', '|'), ('త', '|'), ('రం', 'U'), ('జి', '|'), ('లు', '|'), ('త', 'U'), ('ల్లి', '|'), ('ని', '|'), ('బో', 'U'), ('ల', '|'), ('రె', 'U'), ('వ్వ', '|'), ('రున్', 'U')]",0.9928571428571429,1.0,1.0,0.9642857142857143,1.0,1.0
champakamaala,"సరవిఁ గుమారవాంఛ కొనసాగుటకై పడు వేవులింత నో-
రరుచి విచేష్ట గాసి మొదలైన ప్రయాసములెల్లఁ జూడఁగా
హరిహరపంకజాసనముఖామరులైననుగాని యిట్టి దు-
ష్కరతరబాధ లోరువరు గావునఁ దల్లినిఁ బోలరెవ్వరున్.",vruttamu,Maathru,"[('స', '|'), ('ర', '|'), ('వి', '|'), ('గు', '|'), ('మా', 'U'), ('ర', '|'), ('వాం', 'U'), ('ఛ', '|'), ('కొ', '|'), ('న', '|'), ('సా', 'U'), ('గు', '|'), ('ట', '|'), ('కై', 'U'), ('ప', '|'), ('డు', '|'), ('వే', 'U'), ('వు', '|'), ('లిం', 'U'), ('త', '|'), ('నో', 'U'), ('ర', '|'), ('రు', '|'), ('చి', '|'), ('వి', '|'), ('చే', 'U'), ('ష్ట', '|'), ('గా', 'U'), ('సి', '|'), ('మొ', '|'), ('ద', '|'), ('లై', 'U'), ('న', '|'), ('ప్ర', '|'), ('యా', 'U'), ('స', '|'), ('ము', '|'), ('లె', 'U'), ('ల్ల', '|'), ('జూ', 'U'), ('డ', '|'), ('గా', 'U'), ('హ', '|'), ('రి', '|'), ('హ', '|'), ('ర', '|'), ('పం', 'U'), ('క', '|'), ('జా', 'U'), ('స', '|'), ('న', '|'), ('ము', '|'), ('ఖా', 'U'), ('మ', '|'), ('రు', '|'), ('లై', 'U'), ('న', '|'), ('ను', '|'), ('గా', 'U'), ('ని', '|'), ('యి', 'U'), ('ట్టి', '|'), ('దు', 'U'), ('ష్క', '|'), ('ర', '|'), ('త', '|'), ('ర', '|'), ('బా', 'U'), ('ధ', '|'), ('లో', 'U'), ('రు', '|'), ('వ', '|'), ('రు', '|'), ('గా', 'U'), ('వు', '|'), ('న', '|'), ('ద', 'U'), ('ల్లి', '|'), ('ని', '|'), ('బో', 'U'), ('ల', '|'), ('రె', 'U'), ('వ్వ', '|'), ('రున్', 'U')]",0.9,1.0,1.0,1.0,0.5,1.0
champakamaala,"కడువడి మీఱ నందనుని గర్భములో భరియించి యింటిలో
నడిచెడివేళఁ దాఁ బనులు నాణెముగా నొనరించువేళ నిం-
పడరఁగఁ గూరుచుండు నెడనైన ప్రయాసము లోర్చెఁ గాన నీ
పుడమిని లోకమాత యనఁబోలిన తల్లినిఁ బోలరెవ్వరున్.",vruttamu,Maathru,"[('క', '|'), ('డు', '|'), ('వ', '|'), ('డి', '|'), ('మీ', 'U'), ('ఱ', '|'), ('నం', 'U'), ('ద', '|'), ('ను', '|'), ('ని', '|'), ('గ', 'U'), ('ర్భ', '|'), ('ము', '|'), ('లో', 'U'), ('భ', '|'), ('రి', '|'), ('యిం', 'U'), ('చి', '|'), ('యిం', 'U'), ('టి', '|'), ('లో', 'U'), ('న', '|'), ('డి', '|'), ('చె', '|'), ('డి', '|'), ('వే', 'U'), ('ళ', '|'), ('దా', 'U'), ('బ', '|'), ('ను', '|'), ('లు', '|'), ('నా', 'U'), ('ణె', '|'), ('ము', '|'), ('గా', 'U'), ('నొ', '|'), ('న', '|'), ('రిం', 'U'), ('చు', '|'), ('వే', 'U'), ('ళ', '|'), ('నిం', 'U'), ('ప', '|'), ('డ', '|'), ('ర', '|'), ('గ', '|'), ('గూ', 'U'), ('రు', '|'), ('చుం', 'U'), ('డు', '|'), ('నె', '|'), ('డ', '|'), ('నై', 'U'), ('న', '|'), ('ప్ర', '|'), ('యా', 'U'), ('స', '|'), ('ము', '|'), ('లో', 'U'), ('ర్చె', '|'), ('గా', 'U'), ('న', '|'), ('నీ', 'U'), ('పు', '|'), ('డ', '|'), ('మి', '|'), ('ని', '|'), ('లో', 'U'), ('క', '|'), ('మా', 'U'), ('త', '|'), ('య', '|'), ('న', '|'), ('బో', 'U'), ('లి', '|'), ('న', '|'), ('త', 'U'), ('ల్లి', '|'), ('ని', '|'), ('బో', 'U'), ('ల', '|'), ('రె', 'U'), ('వ్వ', '|'), ('రున్', 'U')]",0.95,1.0,1.0,1.0,0.75,1.0
champakamaala,"ప్రసవము నొందునాఁడు పడు బాములు చూచినఁ బ్రాణహానియై
యెసఁగినఁగాని లోనఁ గసటెంతయు లేకయె పుత్రవాంఛ లో
మసలెడుఁ గాన నింకిట సమానదయారసపూర్ణు లెవ్వ రీ
వసుమతిలోన దివ్యగుణవార్ధినిఁ దల్లినిఁ బోలరెవ్వరున్.",vruttamu,Maathru,"[('ప్ర', '|'), ('స', '|'), ('వ', '|'), ('ము', '|'), ('నొం', 'U'), ('దు', '|'), ('నా', 'U'), ('డు', '|'), ('ప', '|'), ('డు', '|'), ('బా', 'U'), ('ము', '|'), ('లు', '|'), ('చూ', 'U'), ('చి', '|'), ('న', '|'), ('బ్రా', 'U'), ('ణ', '|'), ('హా', 'U'), ('ని', '|'), ('యై', 'U'), ('యె', '|'), ('స', '|'), ('గి', '|'), ('న', '|'), ('గా', 'U'), ('ని', '|'), ('లో', 'U'), ('న', '|'), ('గ', '|'), ('స', '|'), ('టెం', 'U'), ('త', '|'), ('యు', '|'), ('లే', 'U'), ('క', '|'), ('యె', '|'), ('పు', '|'), ('త్ర', '|'), ('వాం', 'U'), ('ఛ', '|'), ('లో', 'U'), ('మ', '|'), ('స', '|'), ('లె', '|'), ('డు', '|'), ('గా', 'U'), ('న', '|'), ('నిం', 'U'), ('కి', '|'), ('ట', '|'), ('స', '|'), ('మా', 'U'), ('న', '|'), ('ద', '|'), ('యా', 'U'), ('ర', '|'), ('స', '|'), ('పూ', 'U'), ('ర్ణు', '|'), ('లె', 'U'), ('వ్వ', '|'), ('రీ', 'U'), ('వ', '|'), ('సు', '|'), ('మ', '|'), ('తి', '|'), ('లో', 'U'), ('న', '|'), ('ది', 'U'), ('వ్య', '|'), ('గు', '|'), ('ణ', '|'), ('వా', 'U'), ('ర్ధి', '|'), ('ని', '|'), ('ద', 'U'), ('ల్లి', '|'), ('ని', '|'), ('బో', 'U'), ('ల', '|'), ('రె', 'U'), ('వ్వ', '|'), ('రున్', 'U')]",0.9428571428571428,1.0,1.0,0.9642857142857143,0.75,1.0
vutpalamaala,"నేరుపు విద్యయుం గలిమి నీతివివేకము గల్గునట్లుగా
సారెకుఁ దెల్పుచో జగతి సౌఖ్యము గల్గ ఘటింపఁజేయుచో
నారయఁ బ్రేమఁ దా నహరహంబును గంటికి ఱెప్ప చాడ్పు మం-
దారము రీతిఁ బ్రోచు గుణధన్యను దల్లినిఁ బోలరెవ్వరున్.",vruttamu,Maathru,"[('నే', 'U'), ('రు', '|'), ('పు', '|'), ('వి', 'U'), ('ద్య', '|'), ('యుం', 'U'), ('గ', '|'), ('లి', '|'), ('మి', '|'), ('నీ', 'U'), ('తి', '|'), ('వి', '|'), ('వే', 'U'), ('క', '|'), ('ము', '|'), ('గ', 'U'), ('ల్గు', '|'), ('న', 'U'), ('ట్లు', '|'), ('గా', 'U'), ('సా', 'U'), ('రె', '|'), ('కు', '|'), ('దె', 'U'), ('ల్పు', '|'), ('చో', 'U'), ('జ', '|'), ('గ', '|'), ('తి', '|'), ('సౌ', 'U'), ('ఖ్య', '|'), ('ము', '|'), ('గ', 'U'), ('ల్గ', '|'), ('ఘ', '|'), ('టిం', 'U'), ('ప', '|'), ('జే', 'U'), ('యు', '|'), ('చో', 'U'), ('నా', 'U'), ('ర', '|'), ('య', '|'), ('బ్రే', 'U'), ('మ', '|'), ('దా', 'U'), ('న', '|'), ('హ', '|'), ('ర', '|'), ('హం', 'U'), ('బు', '|'), ('ను', '|'), ('గం', 'U'), ('టి', '|'), ('కి', '|'), ('ఱె', 'U'), ('ప్ప', '|'), ('చా', 'U'), ('డ్పు', '|'), ('మం', 'U'), ('దా', 'U'), ('ర', '|'), ('ము', '|'), ('రీ', 'U'), ('తి', '|'), ('బ్రో', 'U'), ('చు', '|'), ('గు', '|'), ('ణ', '|'), ('ధ', 'U'), ('న్య', '|'), ('ను', '|'), ('ద', 'U'), ('ల్లి', '|'), ('ని', '|'), ('బో', 'U'), ('ల', '|'), ('రె', 'U'), ('వ్వ', '|'), ('రున్', 'U')]",0.95,1.0,1.0,1.0,0.75,1.0
vutpalamaala,"శ్రీ వెలయంగ లోకు లిది చిత్రమటంచు మదిం దలంప న-
ప్పా వతిభక్తితో జననిపైఁ గల ప్రేమ దురంగలించి రాఁ-
గా వగ మీఱ మాతృశతకం బొనగూరిచెఁ గానఁ జూచినం
బూవిలుకానిఁ గన్న సిరిఁబోలిన తల్లినిఁ బోలరెవ్వరున్.",vruttamu,Maathru,"[('శ్రీ', 'U'), ('వె', '|'), ('ల', '|'), ('యం', 'U'), ('గ', '|'), ('లో', 'U'), ('కు', '|'), ('లి', '|'), ('ది', '|'), ('చి', '|'), ('త్ర', '|'), ('మ', '|'), ('టం', 'U'), ('చు', '|'), ('మ', '|'), ('దిం', 'U'), ('ద', '|'), ('లం', 'U'), ('ప', '|'), ('న', 'U'), ('ప్పా', 'U'), ('వ', '|'), ('తి', '|'), ('భ', 'U'), ('క్తి', '|'), ('తో', 'U'), ('జ', '|'), ('న', '|'), ('ని', '|'), ('పై', 'U'), ('గ', '|'), ('ల', '|'), ('ప్రే', 'U'), ('మ', '|'), ('దు', '|'), ('రం', 'U'), ('గ', '|'), ('లిం', 'U'), ('చి', '|'), ('రా', 'U'), ('గా', 'U'), ('వ', '|'), ('గ', '|'), ('మీ', 'U'), ('ఱ', '|'), ('మా', 'U'), ('తృ', '|'), ('శ', '|'), ('త', '|'), ('కం', 'U'), ('బొ', '|'), ('న', '|'), ('గూ', 'U'), ('రి', '|'), ('చె', '|'), ('గా', 'U'), ('న', '|'), ('జూ', 'U'), ('చి', '|'), ('నం', 'U'), ('బూ', 'U'), ('వి', '|'), ('లు', '|'), ('కా', 'U'), ('ని', '|'), ('గ', 'U'), ('న్న', '|'), ('సి', '|'), ('రి', '|'), ('బో', 'U'), ('లి', '|'), ('న', '|'), ('త', 'U'), ('ల్లి', '|'), ('ని', '|'), ('బో', 'U'), ('ల', '|'), ('రె', 'U'), ('వ్వ', '|'), ('రున్', 'U')]",0.9928571428571429,1.0,1.0,0.9642857142857143,1.0,1.0
seesamu,శ్రీరుక్మిణీనాథ జితకోటిరతినాథ సుందరాకార సానంద శరణుసురయక్షకిన్నరవరమౌనిశుభకర నరకాంతకా పద్మనాభ శరణుజలధరనిభగాత్ర జలజాతదళనేత్ర పరమపవిత్ర గోపాల శరణునిర్మలగుణతోష నిజభక్తజనపోషక వివచోభూషప్రకాశ శరణు,vupajaathi,Madanagopala,"[('శ్రీ', 'U'), ('రు', 'U'), ('క్మి', '|'), ('ణీ', 'U'), ('నా', 'U'), ('థ', '|'), ('జి', '|'), ('త', '|'), ('కో', 'U'), ('టి', '|'), ('ర', '|'), ('తి', '|'), ('నా', 'U'), ('థ', '|'), ('సుం', 'U'), ('ద', '|'), ('రా', 'U'), ('కా', 'U'), ('ర', '|'), ('సా', 'U'), ('నం', 'U'), ('ద', '|'), ('శ', '|'), ('ర', '|'), ('ణు', '|'), ('సు', '|'), ('ర', '|'), ('య', 'U'), ('క్ష', '|'), ('కి', 'U'), ('న్న', '|'), ('ర', '|'), ('వ', '|'), ('ర', '|'), ('మౌ', 'U'), ('ని', '|'), ('శు', '|'), ('భ', '|'), ('క', '|'), ('ర', '|'), ('న', '|'), ('ర', '|'), ('కాం', 'U'), ('త', '|'), ('కా', 'U'), ('ప', 'U'), ('ద్మ', '|'), ('నా', 'U'), ('భ', '|'), ('శ', '|'), ('ర', '|'), ('ణు', '|'), ('జ', '|'), ('ల', '|'), ('ధ', '|'), ('ర', '|'), ('ని', '|'), ('భ', '|'), ('గా', 'U'), ('త్ర', '|'), ('జ', '|'), ('ల', '|'), ('జా', 'U'), ('త', '|'), ('ద', '|'), ('ళ', '|'), ('నే', 'U'), ('త్ర', '|'), ('ప', '|'), ('ర', '|'), ('మ', '|'), ('ప', '|'), ('వి', '|'), ('త్ర', '|'), ('గో', 'U'), ('పా', 'U'), ('ల', '|'), ('శ', '|'), ('ర', '|'), ('ణు', '|'), ('ని', 'U'), ('ర్మ', '|'), ('ల', '|'), ('గు', '|'), ('ణ', '|'), ('తో', 'U'), ('ష', '|'), ('ని', '|'), ('జ', '|'), ('భ', 'U'), ('క్త', '|'), ('జ', '|'), ('న', '|'), ('పో', 'U'), ('ష', '|'), ('క', '|'), ('వి', '|'), ('వ', '|'), ('చో', 'U'), ('భూ', 'U'), ('ష', '|'), ('ప్ర', '|'), ('కా', 'U'), ('శ', '|'), ('శ', '|'), ('ర', '|'), ('ణు', '|')]",0.8229166666666666,-1.0,1.0,0.84375,0.625,-1.0
teytageethi,అనుచు నిను చాల నుతియించి యబ్జభవుని | వెలది నెంతయు గొనియాడి విఘ్నపతినిసన్నుతి యొనర్చి రచియింతు శతకముగను | మదనగోపాల సత్యభామావిలోల!,vupajaathi,Madanagopala,"[('అ', '|'), ('ను', '|'), ('చు', '|'), ('ని', '|'), ('ను', '|'), ('చా', 'U'), ('ల', '|'), ('ను', '|'), ('తి', '|'), ('యిం', 'U'), ('చి', '|'), ('య', 'U'), ('బ్జ', '|'), ('భ', '|'), ('వు', '|'), ('ని', '|'), ('వె', '|'), ('ల', '|'), ('ది', '|'), ('నెం', 'U'), ('త', '|'), ('యు', '|'), ('గొ', '|'), ('ని', '|'), ('యా', 'U'), ('డి', '|'), ('వి', 'U'), ('ఘ్న', '|'), ('ప', '|'), ('తి', '|'), ('ని', '|'), ('స', 'U'), ('న్ను', '|'), ('తి', '|'), ('యొ', '|'), ('న', 'U'), ('ర్చి', '|'), ('ర', '|'), ('చి', '|'), ('యిం', 'U'), ('తు', '|'), ('శ', '|'), ('త', '|'), ('క', '|'), ('ము', '|'), ('గ', '|'), ('ను', '|'), ('మ', '|'), ('ద', '|'), ('న', '|'), ('గో', 'U'), ('పా', 'U'), ('ల', '|'), ('స', 'U'), ('త్య', '|'), ('భా', 'U'), ('మా', 'U'), ('వి', '|'), ('లో', 'U'), ('ల', '|')]",1.0,-1.0,1.0,1.0,1.0,-1.0
seesamu,దండము యదువీర దశరూపధర నీకు దండము వసుదేవతనయ శౌరిదండము హరిధరాధర నీకు విమలారి దండము శతకోటిసవనతేజదండము మందరోద్ధర నీకు సాష్టాంగదండము కంసమర్దన మురారిదండము కోదండధర మాధవా తన దండకు నిను బిల్వ తరుణి పనిచె,vupajaathi,Madanagopala,"[('దం', 'U'), ('డ', '|'), ('ము', '|'), ('య', '|'), ('దు', '|'), ('వీ', 'U'), ('ర', '|'), ('ద', '|'), ('శ', '|'), ('రూ', 'U'), ('ప', '|'), ('ధ', '|'), ('ర', '|'), ('నీ', 'U'), ('కు', '|'), ('దం', 'U'), ('డ', '|'), ('ము', '|'), ('వ', '|'), ('సు', '|'), ('దే', 'U'), ('వ', '|'), ('త', '|'), ('న', '|'), ('య', '|'), ('శౌ', 'U'), ('రి', '|'), ('దం', 'U'), ('డ', '|'), ('ము', '|'), ('హ', '|'), ('రి', '|'), ('ధ', '|'), ('రా', 'U'), ('ధ', '|'), ('ర', '|'), ('నీ', 'U'), ('కు', '|'), ('వి', '|'), ('మ', '|'), ('లా', 'U'), ('రి', '|'), ('దం', 'U'), ('డ', '|'), ('ము', '|'), ('శ', '|'), ('త', '|'), ('కో', 'U'), ('టి', '|'), ('స', '|'), ('వ', '|'), ('న', '|'), ('తే', 'U'), ('జ', '|'), ('దం', 'U'), ('డ', '|'), ('ము', '|'), ('మం', 'U'), ('ద', '|'), ('రో', 'U'), ('ద్ధ', '|'), ('ర', '|'), ('నీ', 'U'), ('కు', '|'), ('సా', 'U'), ('ష్టాం', 'U'), ('గ', '|'), ('దం', 'U'), ('డ', '|'), ('ము', '|'), ('కం', 'U'), ('స', '|'), ('మ', 'U'), ('ర్ద', '|'), ('న', '|'), ('ము', '|'), ('రా', 'U'), ('రి', '|'), ('దం', 'U'), ('డ', '|'), ('ము', '|'), ('కో', 'U'), ('దం', 'U'), ('డ', '|'), ('ధ', '|'), ('ర', '|'), ('మా', 'U'), ('ధ', '|'), ('వా', 'U'), ('త', '|'), ('న', '|'), ('దం', 'U'), ('డ', '|'), ('కు', '|'), ('ని', '|'), ('ను', '|'), ('బి', 'U'), ('ల్వ', '|'), ('త', '|'), ('రు', '|'), ('ణి', '|'), ('ప', '|'), ('ని', '|'), ('చె', '|')]",0.9583333333333334,-1.0,1.0,1.0,0.875,-1.0
teytageethi,గాన వచ్చితి మీ పాదకమలసేవ | కల్గె నా భాగ్యమెట్టిదో కరుణగల్గిసుదతి నేలుట దగునయ్య సుందరాంగ | మదనగోపాల సత్యభామావిలోల!,vupajaathi,Madanagopala,"[('గా', 'U'), ('న', '|'), ('వ', 'U'), ('చ్చి', '|'), ('తి', '|'), ('మీ', 'U'), ('పా', 'U'), ('ద', '|'), ('క', '|'), ('మ', '|'), ('ల', '|'), ('సే', 'U'), ('వ', '|'), ('క', 'U'), ('ల్గె', '|'), ('నా', 'U'), ('భా', 'U'), ('గ్య', '|'), ('మె', 'U'), ('ట్టి', '|'), ('దో', 'U'), ('క', '|'), ('రు', '|'), ('ణ', '|'), ('గ', 'U'), ('ల్గి', '|'), ('సు', '|'), ('ద', '|'), ('తి', '|'), ('నే', 'U'), ('లు', '|'), ('ట', '|'), ('ద', '|'), ('గు', '|'), ('న', 'U'), ('య్య', '|'), ('సుం', 'U'), ('ద', '|'), ('రాం', 'U'), ('గ', '|'), ('మ', '|'), ('ద', '|'), ('న', '|'), ('గో', 'U'), ('పా', 'U'), ('ల', '|'), ('స', 'U'), ('త్య', '|'), ('భా', 'U'), ('మా', 'U'), ('వి', '|'), ('లో', 'U'), ('ల', '|')]",1.0,-1.0,1.0,1.0,1.0,-1.0
seesamu,సుదతి కెమ్మోపి దా జూపెనా పదియారుకళల చందురువలె గానవచ్చుశుకవాణి కన్నులజూపెనా మరుజేతి కలువతూపులమాట్కి గానవచ్చువగమీర ముంగుర్ల సొగసు చూపించెనా భ్రమరమాలికలని పల్కవచ్చుగబ్బిగబ్బల నుబ్బు గన్పడ జూపెనా పసిడిగిండ్లని మెచ్చ బల్కవచ్చు,vupajaathi,Madanagopala,"[('సు', '|'), ('ద', '|'), ('తి', '|'), ('కె', 'U'), ('మ్మో', 'U'), ('పి', '|'), ('దా', 'U'), ('జూ', 'U'), ('పె', '|'), ('నా', 'U'), ('ప', '|'), ('ది', '|'), ('యా', 'U'), ('రు', '|'), ('క', '|'), ('ళ', '|'), ('ల', '|'), ('చం', 'U'), ('దు', '|'), ('రు', '|'), ('వ', '|'), ('లె', '|'), ('గా', 'U'), ('న', '|'), ('వ', 'U'), ('చ్చు', '|'), ('శు', '|'), ('క', '|'), ('వా', 'U'), ('ణి', '|'), ('క', 'U'), ('న్ను', '|'), ('ల', '|'), ('జూ', 'U'), ('పె', '|'), ('నా', 'U'), ('మ', '|'), ('రు', '|'), ('జే', 'U'), ('తి', '|'), ('క', '|'), ('లు', '|'), ('వ', '|'), ('తూ', 'U'), ('పు', '|'), ('ల', '|'), ('మా', 'U'), ('ట్కి', '|'), ('గా', 'U'), ('న', '|'), ('వ', 'U'), ('చ్చు', '|'), ('వ', '|'), ('గ', '|'), ('మీ', 'U'), ('ర', '|'), ('ముం', 'U'), ('గు', 'U'), ('ర్ల', '|'), ('సొ', '|'), ('గ', '|'), ('సు', '|'), ('చూ', 'U'), ('పిం', 'U'), ('చె', '|'), ('నా', 'U'), ('భ్ర', '|'), ('మ', '|'), ('ర', '|'), ('మా', 'U'), ('లి', '|'), ('క', '|'), ('ల', '|'), ('ని', '|'), ('ప', 'U'), ('ల్క', '|'), ('వ', 'U'), ('చ్చు', '|'), ('గ', 'U'), ('బ్బి', '|'), ('గ', 'U'), ('బ్బ', '|'), ('ల', '|'), ('ను', 'U'), ('బ్బు', '|'), ('గ', 'U'), ('న్ప', '|'), ('డ', '|'), ('జూ', 'U'), ('పె', '|'), ('నా', 'U'), ('ప', '|'), ('సి', '|'), ('డి', '|'), ('గిం', 'U'), ('డ్ల', '|'), ('ని', '|'), ('మె', 'U'), ('చ్చ', '|'), ('బ', 'U'), ('ల్క', '|'), ('వ', 'U'), ('చ్చు', '|')]",1.0,-1.0,1.0,1.0,1.0,-1.0
teytageethi,నతివ సౌందర్య మెన్నుట కలవిగాదు | మగని కూరిమిగలిగిన మగువ నేల-దగును నీకైన దగు మంచితరుణి సుమ్ము | మదనగోపాల సత్యభామావిలోల!,vupajaathi,Madanagopala,"[('న', '|'), ('తి', '|'), ('వ', '|'), ('సౌం', 'U'), ('ద', 'U'), ('ర్య', '|'), ('మె', 'U'), ('న్ను', '|'), ('ట', '|'), ('క', '|'), ('ల', '|'), ('వి', '|'), ('గా', 'U'), ('దు', '|'), ('మ', '|'), ('గ', '|'), ('ని', '|'), ('కూ', 'U'), ('రి', '|'), ('మి', '|'), ('గ', '|'), ('లి', '|'), ('గి', '|'), ('న', '|'), ('మ', '|'), ('గు', '|'), ('వ', '|'), ('నే', 'U'), ('ల', '|'), ('ద', '|'), ('గు', '|'), ('ను', '|'), ('నీ', 'U'), ('కై', 'U'), ('న', '|'), ('ద', '|'), ('గు', '|'), ('మం', 'U'), ('చి', '|'), ('త', '|'), ('రు', '|'), ('ణి', '|'), ('సు', 'U'), ('మ్ము', '|'), ('మ', '|'), ('ద', '|'), ('న', '|'), ('గో', 'U'), ('పా', 'U'), ('ల', '|'), ('స', 'U'), ('త్య', '|'), ('భా', 'U'), ('మా', 'U'), ('వి', '|'), ('లో', 'U'), ('ల', '|')]",0.9166666666666666,-1.0,1.0,1.0,0.75,-1.0
seesamu,బాలనే నే తాళజాలనే యీ రవ్వలేలనే వలచిన గోలననవెరమ్మనే మనవిచే కొమ్మ నే బిగికౌఁగిలిమ్మనే నమ్మిన కొమ్మననవెచల్లగా పన్నీరు చల్లగా విభునిపై చల్లగా మదికింపు సలుపుమనవెదక్కి నా వలలోన జిక్కి నా సామికి మ్రొక్కినానని చాల ముదితయనవె,vupajaathi,Madanagopala,"[('బా', 'U'), ('ల', '|'), ('నే', 'U'), ('నే', 'U'), ('తా', 'U'), ('ళ', '|'), ('జా', 'U'), ('ల', '|'), ('నే', 'U'), ('యీ', 'U'), ('ర', 'U'), ('వ్వ', '|'), ('లే', 'U'), ('ల', '|'), ('నే', 'U'), ('వ', '|'), ('ల', '|'), ('చి', '|'), ('న', '|'), ('గో', 'U'), ('ల', '|'), ('న', '|'), ('న', '|'), ('వె', '|'), ('ర', 'U'), ('మ్మ', '|'), ('నే', 'U'), ('మ', '|'), ('న', '|'), ('వి', '|'), ('చే', 'U'), ('కొ', 'U'), ('మ్మ', '|'), ('నే', 'U'), ('బి', '|'), ('గి', '|'), ('కౌ', 'U'), ('గి', '|'), ('లి', 'U'), ('మ్మ', '|'), ('నే', 'U'), ('న', 'U'), ('మ్మి', '|'), ('న', '|'), ('కొ', 'U'), ('మ్మ', '|'), ('న', '|'), ('న', '|'), ('వె', '|'), ('చ', 'U'), ('ల్ల', '|'), ('గా', 'U'), ('ప', 'U'), ('న్నీ', 'U'), ('రు', '|'), ('చ', 'U'), ('ల్ల', '|'), ('గా', 'U'), ('వి', '|'), ('భు', '|'), ('ని', '|'), ('పై', 'U'), ('చ', 'U'), ('ల్ల', '|'), ('గా', 'U'), ('మ', '|'), ('ది', '|'), ('కిం', 'U'), ('పు', '|'), ('స', '|'), ('లు', '|'), ('పు', '|'), ('మ', '|'), ('న', '|'), ('వె', '|'), ('ద', 'U'), ('క్కి', '|'), ('నా', 'U'), ('వ', '|'), ('ల', '|'), ('లో', 'U'), ('న', '|'), ('జి', 'U'), ('క్కి', '|'), ('నా', 'U'), ('సా', 'U'), ('మి', '|'), ('కి', '|'), ('మ్రొ', 'U'), ('క్కి', '|'), ('నా', 'U'), ('న', '|'), ('ని', '|'), ('చా', 'U'), ('ల', '|'), ('ము', '|'), ('ది', '|'), ('త', '|'), ('య', '|'), ('న', '|'), ('వె', '|')]",1.0,-1.0,1.0,1.0,1.0,-1.0
teytageethi,యనుచు నీతోడ యెరుగింపుమనుడు వేడె | గాన వచ్చితి నిను బిల్వ కనకచేలతామసించిన నా యింతి తాళదికను | మదనగోపాల సత్యభామావిలోల!,vupajaathi,Madanagopala,"[('య', '|'), ('ను', '|'), ('చు', '|'), ('నీ', 'U'), ('తో', 'U'), ('డ', '|'), ('యె', '|'), ('రు', '|'), ('గిం', 'U'), ('పు', '|'), ('మ', '|'), ('ను', '|'), ('డు', '|'), ('వే', 'U'), ('డె', '|'), ('గా', 'U'), ('న', '|'), ('వ', 'U'), ('చ్చి', '|'), ('తి', '|'), ('ని', '|'), ('ను', '|'), ('బి', 'U'), ('ల్వ', '|'), ('క', '|'), ('న', '|'), ('క', '|'), ('చే', 'U'), ('ల', '|'), ('తా', 'U'), ('మ', '|'), ('సిం', 'U'), ('చి', '|'), ('న', '|'), ('నా', 'U'), ('యిం', 'U'), ('తి', '|'), ('తా', 'U'), ('ళ', '|'), ('ది', '|'), ('క', '|'), ('ను', '|'), ('మ', '|'), ('ద', '|'), ('న', '|'), ('గో', 'U'), ('పా', 'U'), ('ల', '|'), ('స', 'U'), ('త్య', '|'), ('భా', 'U'), ('మా', 'U'), ('వి', '|'), ('లో', 'U'), ('ల', '|')]",1.0,-1.0,1.0,1.0,1.0,-1.0
seesamu,నెఱికురుల్ నీలాల నిరసించు మోముతో సరియౌనె పున్నమచందమామనిద్దంపు నునుజెక్కుటద్దంబులను గెల్చు ముద్దియయోష్టంబు మొనయ కెంపుకన్నుల సోగలు కల్వరేకుల మీఱు జన్నుగుబ్బలు సరి జక్కవలకుతిలపుష్పముల గేరు తెరవ నాశిక తీరు చెలి హస్తమబాళి జెనకజూచు,vupajaathi,Madanagopala,"[('నె', '|'), ('ఱి', '|'), ('కు', '|'), ('రు', 'U'), ('ల్నీ', 'U'), ('లా', 'U'), ('ల', '|'), ('ని', '|'), ('ర', '|'), ('సిం', 'U'), ('చు', '|'), ('మో', 'U'), ('ము', '|'), ('తో', 'U'), ('స', '|'), ('రి', '|'), ('యౌ', 'U'), ('నె', '|'), ('పు', 'U'), ('న్న', '|'), ('మ', '|'), ('చం', 'U'), ('ద', '|'), ('మా', 'U'), ('మ', '|'), ('ని', 'U'), ('ద్దం', 'U'), ('పు', '|'), ('ను', '|'), ('ను', '|'), ('జె', 'U'), ('క్కు', '|'), ('ట', 'U'), ('ద్దం', 'U'), ('బు', '|'), ('ల', '|'), ('ను', '|'), ('గె', 'U'), ('ల్చు', '|'), ('ము', 'U'), ('ద్ది', '|'), ('య', '|'), ('యో', 'U'), ('ష్టం', 'U'), ('బు', '|'), ('మొ', '|'), ('న', '|'), ('య', '|'), ('కెం', 'U'), ('పు', '|'), ('క', 'U'), ('న్ను', '|'), ('ల', '|'), ('సో', 'U'), ('గ', '|'), ('లు', '|'), ('క', 'U'), ('ల్వ', '|'), ('రే', 'U'), ('కు', '|'), ('ల', '|'), ('మీ', 'U'), ('ఱు', '|'), ('జ', 'U'), ('న్ను', '|'), ('గు', 'U'), ('బ్బ', '|'), ('లు', '|'), ('స', '|'), ('రి', '|'), ('జ', 'U'), ('క్క', '|'), ('వ', '|'), ('ల', '|'), ('కు', '|'), ('తి', '|'), ('ల', '|'), ('పు', 'U'), ('ష్ప', '|'), ('ము', '|'), ('ల', '|'), ('గే', 'U'), ('రు', '|'), ('తె', '|'), ('ర', '|'), ('వ', '|'), ('నా', 'U'), ('శి', '|'), ('క', '|'), ('తీ', 'U'), ('రు', '|'), ('చె', '|'), ('లి', '|'), ('హ', 'U'), ('స్త', '|'), ('మ', '|'), ('బా', 'U'), ('ళి', '|'), ('జె', '|'), ('న', '|'), ('క', '|'), ('జూ', 'U'), ('చు', '|')]",0.9270833333333334,-1.0,1.0,0.90625,0.875,-1.0
teytageethi,గుందముల మించు రజనాళీ కొమ్మ నిన్ను | దలచి మరుబారిచేతను తాళలేకయున్న దా యింతి నెడబాయ యుచితమగునె | మదనగోపాల సత్యభామావిలోల!,vupajaathi,Madanagopala,"[('గుం', 'U'), ('ద', '|'), ('ము', '|'), ('ల', '|'), ('మిం', 'U'), ('చు', '|'), ('ర', '|'), ('జ', '|'), ('నా', 'U'), ('ళీ', 'U'), ('కొ', 'U'), ('మ్మ', '|'), ('ని', 'U'), ('న్ను', '|'), ('ద', '|'), ('ల', '|'), ('చి', '|'), ('మ', '|'), ('రు', '|'), ('బా', 'U'), ('రి', '|'), ('చే', 'U'), ('త', '|'), ('ను', '|'), ('తా', 'U'), ('ళ', '|'), ('లే', 'U'), ('క', '|'), ('యు', 'U'), ('న్న', '|'), ('దా', 'U'), ('యిం', 'U'), ('తి', '|'), ('నె', '|'), ('డ', '|'), ('బా', 'U'), ('య', '|'), ('యు', '|'), ('చి', '|'), ('త', '|'), ('మ', '|'), ('గు', '|'), ('నె', '|'), ('మ', '|'), ('ద', '|'), ('న', '|'), ('గో', 'U'), ('పా', 'U'), ('ల', '|'), ('స', 'U'), ('త్య', '|'), ('భా', 'U'), ('మా', 'U'), ('వి', '|'), ('లో', 'U'), ('ల', '|')]",0.9833333333333334,-1.0,1.0,0.95,1.0,-1.0
seesamu,అరవిరిగొమ్మరా యపరంజిబొమ్మరా మరునిచేచిల్కరా మందయానయలికులవేణిరా యంబుజపాణిరా చిలుకలకొలికిరా చిగురుబోడివెన్నెలగుమ్మరా యన్నులమిన్నరా పన్నీటిసోనరా పంకజాక్షిచిలికికటారిరా చిత్తజదంతిరా శుకవాణిరా మేటి సుందరాంగి,vupajaathi,Madanagopala,"[('అ', '|'), ('ర', '|'), ('వి', '|'), ('రి', '|'), ('గొ', 'U'), ('మ్మ', '|'), ('రా', 'U'), ('య', '|'), ('ప', '|'), ('రం', 'U'), ('జి', '|'), ('బొ', 'U'), ('మ్మ', '|'), ('రా', 'U'), ('మ', '|'), ('రు', '|'), ('ని', '|'), ('చే', 'U'), ('చి', 'U'), ('ల్క', '|'), ('రా', 'U'), ('మం', 'U'), ('ద', '|'), ('యా', 'U'), ('న', '|'), ('య', '|'), ('లి', '|'), ('కు', '|'), ('ల', '|'), ('వే', 'U'), ('ణి', '|'), ('రా', 'U'), ('యం', 'U'), ('బు', '|'), ('జ', '|'), ('పా', 'U'), ('ణి', '|'), ('రా', 'U'), ('చి', '|'), ('లు', '|'), ('క', '|'), ('ల', '|'), ('కొ', '|'), ('లి', '|'), ('కి', '|'), ('రా', 'U'), ('చి', '|'), ('గు', '|'), ('రు', '|'), ('బో', 'U'), ('డి', '|'), ('వె', 'U'), ('న్నె', '|'), ('ల', '|'), ('గు', 'U'), ('మ్మ', '|'), ('రా', 'U'), ('య', 'U'), ('న్ను', '|'), ('ల', '|'), ('మి', 'U'), ('న్న', '|'), ('రా', 'U'), ('ప', 'U'), ('న్నీ', 'U'), ('టి', '|'), ('సో', 'U'), ('న', '|'), ('రా', 'U'), ('పం', 'U'), ('క', '|'), ('జా', 'U'), ('క్షి', '|'), ('చి', '|'), ('లి', '|'), ('కి', '|'), ('క', '|'), ('టా', 'U'), ('రి', '|'), ('రా', 'U'), ('చి', 'U'), ('త్త', '|'), ('జ', '|'), ('దం', 'U'), ('తి', '|'), ('రా', 'U'), ('శు', '|'), ('క', '|'), ('వా', 'U'), ('ణి', '|'), ('రా', 'U'), ('మే', 'U'), ('టి', '|'), ('సుం', 'U'), ('ద', '|'), ('రాం', 'U'), ('గి', '|')]",1.0,-1.0,1.0,1.0,1.0,-1.0
teytageethi,యనగ దగినట్టి యా బాల నేలుకొనక | మోడిసేయంగ నుచితమే మోహనాంగతామసించక రావయ్య దానవారి | మదనగోపాల సత్యభామావిలోల!,vupajaathi,Madanagopala,"[('య', '|'), ('న', '|'), ('గ', '|'), ('ద', '|'), ('గి', '|'), ('న', 'U'), ('ట్టి', '|'), ('యా', 'U'), ('బా', 'U'), ('ల', '|'), ('నే', 'U'), ('లు', '|'), ('కొ', '|'), ('న', '|'), ('క', '|'), ('మో', 'U'), ('డి', '|'), ('సే', 'U'), ('యం', 'U'), ('గ', '|'), ('ను', '|'), ('చి', '|'), ('త', '|'), ('మే', 'U'), ('మో', 'U'), ('హ', '|'), ('నాం', 'U'), ('గ', '|'), ('తా', 'U'), ('మ', '|'), ('సిం', 'U'), ('చ', '|'), ('క', '|'), ('రా', 'U'), ('వ', 'U'), ('య్య', '|'), ('దా', 'U'), ('న', '|'), ('వా', 'U'), ('రి', '|'), ('మ', '|'), ('ద', '|'), ('న', '|'), ('గో', 'U'), ('పా', 'U'), ('ల', '|'), ('స', 'U'), ('త్య', '|'), ('భా', 'U'), ('మా', 'U'), ('వి', '|'), ('లో', 'U'), ('ల', '|')]",0.9166666666666666,-1.0,1.0,1.0,0.75,-1.0
seesamu,నడుముల్కు తొడబెళ్కు మెడకుల్కు కడుతళ్కు మోము చూచిన చాల మురియవటరపగడంపు జగనింపు తగకెంపు జిగిబెంపు కొమ్మవాతెర జూచి కోరవటరబిగినుండు జిగిమించు తొలగించు వగలాడి పాలిండ్లు జూచిన భ్రమయవటరననబోడి శుకవాణి ఘనశ్రోణి మృదుపాణి వగలు చూచిన దాళవచ్చునటర,vupajaathi,Madanagopala,"[('న', '|'), ('డు', '|'), ('ము', 'U'), ('ల్కు', '|'), ('తొ', '|'), ('డ', '|'), ('బె', 'U'), ('ళ్కు', '|'), ('మె', '|'), ('డ', '|'), ('కు', 'U'), ('ల్కు', '|'), ('క', '|'), ('డు', '|'), ('త', 'U'), ('ళ్కు', '|'), ('మో', 'U'), ('ము', '|'), ('చూ', 'U'), ('చి', '|'), ('న', '|'), ('చా', 'U'), ('ల', '|'), ('ము', '|'), ('రి', '|'), ('య', '|'), ('వ', '|'), ('ట', '|'), ('ర', '|'), ('ప', '|'), ('గ', '|'), ('డం', 'U'), ('పు', '|'), ('జ', '|'), ('గ', '|'), ('నిం', 'U'), ('పు', '|'), ('త', '|'), ('గ', '|'), ('కెం', 'U'), ('పు', '|'), ('జి', '|'), ('గి', '|'), ('బెం', 'U'), ('పు', '|'), ('కొ', 'U'), ('మ్మ', '|'), ('వా', 'U'), ('తె', '|'), ('ర', '|'), ('జూ', 'U'), ('చి', '|'), ('కో', 'U'), ('ర', '|'), ('వ', '|'), ('ట', '|'), ('ర', '|'), ('బి', '|'), ('గి', '|'), ('నుం', 'U'), ('డు', '|'), ('జి', '|'), ('గి', '|'), ('మిం', 'U'), ('చు', '|'), ('తొ', '|'), ('ల', '|'), ('గిం', 'U'), ('చు', '|'), ('వ', '|'), ('గ', '|'), ('లా', 'U'), ('డి', '|'), ('పా', 'U'), ('లిం', 'U'), ('డ్లు', '|'), ('జూ', 'U'), ('చి', '|'), ('న', '|'), ('భ్ర', '|'), ('మ', '|'), ('య', '|'), ('వ', '|'), ('ట', '|'), ('ర', '|'), ('న', '|'), ('న', '|'), ('బో', 'U'), ('డి', '|'), ('శు', '|'), ('క', '|'), ('వా', 'U'), ('ణి', '|'), ('ఘ', '|'), ('న', '|'), ('శ్రో', 'U'), ('ణి', '|'), ('మృ', '|'), ('దు', '|'), ('పా', 'U'), ('ణి', '|'), ('వ', '|'), ('గ', '|'), ('లు', '|'), ('చూ', 'U'), ('చి', '|'), ('న', '|'), ('దా', 'U'), ('ళ', '|'), ('వ', 'U'), ('చ్చు', '|'), ('న', '|'), ('ట', '|'), ('ర', '|')]",0.9583333333333334,-1.0,1.0,1.0,0.875,-1.0
teytageethi,గాన నా సుందరాంగిని గారవమున | నేలుకొనదగు నీకైన దిందువదనవెలది నను బంపె నిను బిల్వ వేడ్కమీర | మదనగోపాల సత్యభామావిలోల!,vupajaathi,Madanagopala,"[('గా', 'U'), ('న', '|'), ('నా', 'U'), ('సుం', 'U'), ('ద', '|'), ('రాం', 'U'), ('గి', '|'), ('ని', '|'), ('గా', 'U'), ('ర', '|'), ('వ', '|'), ('ము', '|'), ('న', '|'), ('నే', 'U'), ('లు', '|'), ('కొ', '|'), ('న', '|'), ('ద', '|'), ('గు', '|'), ('నీ', 'U'), ('కై', 'U'), ('న', '|'), ('దిం', 'U'), ('దు', '|'), ('వ', '|'), ('ద', '|'), ('న', '|'), ('వె', '|'), ('ల', '|'), ('ది', '|'), ('న', '|'), ('ను', '|'), ('బం', 'U'), ('పె', '|'), ('ని', '|'), ('ను', '|'), ('బి', 'U'), ('ల్వ', '|'), ('వే', 'U'), ('డ్క', '|'), ('మీ', 'U'), ('ర', '|'), ('మ', '|'), ('ద', '|'), ('న', '|'), ('గో', 'U'), ('పా', 'U'), ('ల', '|'), ('స', 'U'), ('త్య', '|'), ('భా', 'U'), ('మా', 'U'), ('వి', '|'), ('లో', 'U'), ('ల', '|')]",0.9166666666666666,-1.0,1.0,1.0,0.75,-1.0
seesamu,బెళ్కుచూపులకొమ్మ తళ్కుబంగరుబొమ్మ కుల్కుముద్దులగుమ్మ కుందరదనవగలాడియౌన జిగిముద్దుమోముది చిగురాకుమోవిది చిన్నెలాడిజిగిపెన్గులాట్లచే బిగిగుబ్బపోట్లచే తగుమోవికాట్లచే తరుణి విభునివలపించు మరులెద గొలిపించు నతి మేలు కలిపించు రతులచే గంబుకంఠ,vupajaathi,Madanagopala,"[('బె', 'U'), ('ళ్కు', '|'), ('చూ', 'U'), ('పు', '|'), ('ల', '|'), ('కొ', 'U'), ('మ్మ', '|'), ('త', 'U'), ('ళ్కు', '|'), ('బం', 'U'), ('గ', '|'), ('రు', '|'), ('బొ', 'U'), ('మ్మ', '|'), ('కు', 'U'), ('ల్కు', '|'), ('ము', 'U'), ('ద్దు', '|'), ('ల', '|'), ('గు', 'U'), ('మ్మ', '|'), ('కుం', 'U'), ('ద', '|'), ('ర', '|'), ('ద', '|'), ('న', '|'), ('వ', '|'), ('గ', '|'), ('లా', 'U'), ('డి', '|'), ('యౌ', 'U'), ('న', '|'), ('జి', '|'), ('గి', '|'), ('ము', 'U'), ('ద్దు', '|'), ('మో', 'U'), ('ము', '|'), ('ది', '|'), ('చి', '|'), ('గు', '|'), ('రా', 'U'), ('కు', '|'), ('మో', 'U'), ('వి', '|'), ('ది', '|'), ('చి', 'U'), ('న్నె', '|'), ('లా', 'U'), ('డి', '|'), ('జి', '|'), ('గి', '|'), ('పె', 'U'), ('న్గు', '|'), ('లా', 'U'), ('ట్ల', '|'), ('చే', 'U'), ('బి', '|'), ('గి', '|'), ('గు', 'U'), ('బ్బ', '|'), ('పో', 'U'), ('ట్ల', '|'), ('చే', 'U'), ('త', '|'), ('గు', '|'), ('మో', 'U'), ('వి', '|'), ('కా', 'U'), ('ట్ల', '|'), ('చే', 'U'), ('త', '|'), ('రు', '|'), ('ణి', '|'), ('వి', '|'), ('భు', '|'), ('ని', '|'), ('వ', '|'), ('ల', '|'), ('పిం', 'U'), ('చు', '|'), ('మ', '|'), ('రు', '|'), ('లె', '|'), ('ద', '|'), ('గొ', '|'), ('లి', '|'), ('పిం', 'U'), ('చు', '|'), ('న', '|'), ('తి', '|'), ('మే', 'U'), ('లు', '|'), ('క', '|'), ('లి', '|'), ('పిం', 'U'), ('చు', '|'), ('ర', '|'), ('తు', '|'), ('ల', '|'), ('చే', 'U'), ('గం', 'U'), ('బు', '|'), ('కం', 'U'), ('ఠ', '|')]",0.6875,-1.0,1.0,0.8125,0.25,-1.0
teytageethi,యనగ దగినట్టి యీ యింతి నేలుకొన్న | గోరి చక్కెర పాలును గూర్చినటులసురతసౌఖ్యంబులబ్బును సుందరాంగ | మదనగోపాల సత్యభామావిలోల!,vupajaathi,Madanagopala,"[('య', '|'), ('న', '|'), ('గ', '|'), ('ద', '|'), ('గి', '|'), ('న', 'U'), ('ట్టి', '|'), ('యీ', 'U'), ('యిం', 'U'), ('తి', '|'), ('నే', 'U'), ('లు', '|'), ('కొ', 'U'), ('న్న', '|'), ('గో', 'U'), ('రి', '|'), ('చ', 'U'), ('క్కె', '|'), ('ర', '|'), ('పా', 'U'), ('లు', '|'), ('ను', '|'), ('గూ', 'U'), ('ర్చి', '|'), ('న', '|'), ('టు', '|'), ('ల', '|'), ('సు', '|'), ('ర', '|'), ('త', '|'), ('సౌ', 'U'), ('ఖ్యం', 'U'), ('బు', '|'), ('ల', 'U'), ('బ్బు', '|'), ('ను', '|'), ('సుం', 'U'), ('ద', '|'), ('రాం', 'U'), ('గ', '|'), ('మ', '|'), ('ద', '|'), ('న', '|'), ('గో', 'U'), ('పా', 'U'), ('ల', '|'), ('స', 'U'), ('త్య', '|'), ('భా', 'U'), ('మా', 'U'), ('వి', '|'), ('లో', 'U'), ('ల', '|')]",0.9166666666666666,-1.0,1.0,1.0,0.75,-1.0
seesamu,వదనమా కాదది పదియారుకళలచే బెంపొంద వెలయు జాబిల్లి గానికన్నులా కావవి చెన్నుమీఱగజాల మెరసెడి బేడిసమీలు గానియధరమా కాదది మధురసభరితమై పరిపక్వమగు బింబఫలము గానికందరమా కాదు కరిమరేఖల దాల్చి కంధిలో బొదలు శంఖంబు గాని,vupajaathi,Madanagopala,"[('వ', '|'), ('ద', '|'), ('న', '|'), ('మా', 'U'), ('కా', 'U'), ('ద', '|'), ('ది', '|'), ('ప', '|'), ('ది', '|'), ('యా', 'U'), ('రు', '|'), ('క', '|'), ('ళ', '|'), ('ల', '|'), ('చే', 'U'), ('బెం', 'U'), ('పొం', 'U'), ('ద', '|'), ('వె', '|'), ('ల', '|'), ('యు', '|'), ('జా', 'U'), ('బి', 'U'), ('ల్లి', '|'), ('గా', 'U'), ('ని', '|'), ('క', 'U'), ('న్ను', '|'), ('లా', 'U'), ('కా', 'U'), ('వ', '|'), ('వి', '|'), ('చె', 'U'), ('న్ను', '|'), ('మీ', 'U'), ('ఱ', '|'), ('గ', '|'), ('జా', 'U'), ('ల', '|'), ('మె', '|'), ('ర', '|'), ('సె', '|'), ('డి', '|'), ('బే', 'U'), ('డి', '|'), ('స', '|'), ('మీ', 'U'), ('లు', '|'), ('గా', 'U'), ('ని', '|'), ('య', '|'), ('ధ', '|'), ('ర', '|'), ('మా', 'U'), ('కా', 'U'), ('ద', '|'), ('ది', '|'), ('మ', '|'), ('ధు', '|'), ('ర', '|'), ('స', '|'), ('భ', '|'), ('రి', '|'), ('త', '|'), ('మై', 'U'), ('ప', '|'), ('రి', '|'), ('ప', 'U'), ('క్వ', '|'), ('మ', '|'), ('గు', '|'), ('బిం', 'U'), ('బ', '|'), ('ఫ', '|'), ('ల', '|'), ('ము', '|'), ('గా', 'U'), ('ని', '|'), ('కం', 'U'), ('ద', '|'), ('ర', '|'), ('మా', 'U'), ('కా', 'U'), ('దు', '|'), ('క', '|'), ('రి', '|'), ('మ', '|'), ('రే', 'U'), ('ఖ', '|'), ('ల', '|'), ('దా', 'U'), ('ల్చి', '|'), ('కం', 'U'), ('ధి', '|'), ('లో', 'U'), ('బొ', '|'), ('ద', '|'), ('లు', '|'), ('శం', 'U'), ('ఖం', 'U'), ('బు', '|'), ('గా', 'U'), ('ని', '|')]",1.0,-1.0,1.0,1.0,1.0,-1.0
teytageethi,యనుచు నుతియింపతగినట్టి యలరుబోడి | నెనయదగు జాగుసేయక నేలుకొమ్మువినుతమౌ నీశ నీకు నే విన్నవింతు | మదనగోపాల సత్యభామావిలోల!,vupajaathi,Madanagopala,"[('య', '|'), ('ను', '|'), ('చు', '|'), ('ను', '|'), ('తి', '|'), ('యిం', 'U'), ('ప', '|'), ('త', '|'), ('గి', '|'), ('న', 'U'), ('ట్టి', '|'), ('య', '|'), ('ల', '|'), ('రు', '|'), ('బో', 'U'), ('డి', '|'), ('నె', '|'), ('న', '|'), ('య', '|'), ('ద', '|'), ('గు', '|'), ('జా', 'U'), ('గు', '|'), ('సే', 'U'), ('య', '|'), ('క', '|'), ('నే', 'U'), ('లు', '|'), ('కొ', 'U'), ('మ్ము', '|'), ('వి', '|'), ('ను', '|'), ('త', '|'), ('మౌ', 'U'), ('నీ', 'U'), ('శ', '|'), ('నీ', 'U'), ('కు', '|'), ('నే', 'U'), ('వి', 'U'), ('న్న', '|'), ('విం', 'U'), ('తు', '|'), ('మ', '|'), ('ద', '|'), ('న', '|'), ('గో', 'U'), ('పా', 'U'), ('ల', '|'), ('స', 'U'), ('త్య', '|'), ('భా', 'U'), ('మా', 'U'), ('వి', '|'), ('లో', 'U'), ('ల', '|')]",1.0,-1.0,1.0,1.0,1.0,-1.0
seesamu,చల్లని పన్నీట జలకంబు గావించి జిలుగుబుటేదారిచీరె గట్టిబంగారుసరిగెమొగ్గల నిగ్గుగను పట్టురంగు మీరిన మేటిరవికె దొడిగిబన్నసరులు మేటిపతకంబు ముత్తియసరులు గుబ్బలమీద జారి యొరయనందిబందులు వజ్రసరులు కంకణములు కరములు నిగనిగ కాంతులెసగ,vupajaathi,Madanagopala,"[('చ', 'U'), ('ల్ల', '|'), ('ని', '|'), ('ప', 'U'), ('న్నీ', 'U'), ('ట', '|'), ('జ', '|'), ('ల', '|'), ('కం', 'U'), ('బు', '|'), ('గా', 'U'), ('విం', 'U'), ('చి', '|'), ('జి', '|'), ('లు', '|'), ('గు', '|'), ('బు', '|'), ('టే', 'U'), ('దా', 'U'), ('రి', '|'), ('చీ', 'U'), ('రె', '|'), ('గ', 'U'), ('ట్టి', '|'), ('బం', 'U'), ('గా', 'U'), ('రు', '|'), ('స', '|'), ('రి', '|'), ('గె', '|'), ('మొ', 'U'), ('గ్గ', '|'), ('ల', '|'), ('ని', 'U'), ('గ్గు', '|'), ('గ', '|'), ('ను', '|'), ('ప', 'U'), ('ట్టు', '|'), ('రం', 'U'), ('గు', '|'), ('మీ', 'U'), ('రి', '|'), ('న', '|'), ('మే', 'U'), ('టి', '|'), ('ర', '|'), ('వి', '|'), ('కె', '|'), ('దొ', '|'), ('డి', '|'), ('గి', '|'), ('బ', 'U'), ('న్న', '|'), ('స', '|'), ('రు', '|'), ('లు', '|'), ('మే', 'U'), ('టి', '|'), ('ప', '|'), ('త', '|'), ('కం', 'U'), ('బు', '|'), ('ము', 'U'), ('త్తి', '|'), ('య', '|'), ('స', '|'), ('రు', '|'), ('లు', '|'), ('గు', 'U'), ('బ్బ', '|'), ('ల', '|'), ('మీ', 'U'), ('ద', '|'), ('జా', 'U'), ('రి', '|'), ('యొ', '|'), ('ర', '|'), ('య', '|'), ('నం', 'U'), ('ది', '|'), ('బం', 'U'), ('దు', '|'), ('లు', '|'), ('వ', '|'), ('జ్ర', '|'), ('స', '|'), ('రు', '|'), ('లు', '|'), ('కం', 'U'), ('క', '|'), ('ణ', '|'), ('ము', '|'), ('లు', '|'), ('క', '|'), ('ర', '|'), ('ము', '|'), ('లు', '|'), ('ని', '|'), ('గ', '|'), ('ని', '|'), ('గ', '|'), ('కాం', 'U'), ('తు', '|'), ('లె', '|'), ('స', '|'), ('గ', '|')]",0.9166666666666666,-1.0,1.0,1.0,0.75,-1.0
teytageethi,మెలత మొలనూలిఘంటలు మిగుల మ్రోయ | కాళ్ళనందెలు గజ్జెలు ఘల్లుమనగచెలిని జూచిన మరువారి చిక్కవటర | మదనగోపాల సత్యభామావిలోల!,vupajaathi,Madanagopala,"[('మె', '|'), ('ల', '|'), ('త', '|'), ('మొ', '|'), ('ల', '|'), ('నూ', 'U'), ('లి', '|'), ('ఘం', 'U'), ('ట', '|'), ('లు', '|'), ('మి', '|'), ('గు', '|'), ('ల', '|'), ('మ్రో', 'U'), ('య', '|'), ('కా', 'U'), ('ళ్ళ', '|'), ('నం', 'U'), ('దె', '|'), ('లు', '|'), ('గ', 'U'), ('జ్జె', '|'), ('లు', '|'), ('ఘ', 'U'), ('ల్లు', '|'), ('మ', '|'), ('న', '|'), ('గ', '|'), ('చె', '|'), ('లి', '|'), ('ని', '|'), ('జూ', 'U'), ('చి', '|'), ('న', '|'), ('మ', '|'), ('రు', '|'), ('వా', 'U'), ('రి', '|'), ('చి', 'U'), ('క్క', '|'), ('వ', '|'), ('ట', '|'), ('ర', '|'), ('మ', '|'), ('ద', '|'), ('న', '|'), ('గో', 'U'), ('పా', 'U'), ('ల', '|'), ('స', 'U'), ('త్య', '|'), ('భా', 'U'), ('మా', 'U'), ('వి', '|'), ('లో', 'U'), ('ల', '|')]",1.0,-1.0,1.0,1.0,1.0,-1.0
seesamu,నెరులురా తుమ్మెదగరులురా నీలంపుసరులురా కొమ్మ ముంగురుల సౌరుమేలురా చెనకినపాలురా మించుటద్దాలురా ముదిత కపోలయుగమువాలురా బేడసమీలురా కల్వలనేలురా కలికి కన్గవల తీరుచెండ్లురా బంగారుగుండ్లురా గజనిమ్మపండ్లురా యతివ పాలిండ్ల తీరు,vupajaathi,Madanagopala,"[('నె', '|'), ('రు', '|'), ('లు', '|'), ('రా', 'U'), ('తు', 'U'), ('మ్మె', '|'), ('ద', '|'), ('గ', '|'), ('రు', '|'), ('లు', '|'), ('రా', 'U'), ('నీ', 'U'), ('లం', 'U'), ('పు', '|'), ('స', '|'), ('రు', '|'), ('లు', '|'), ('రా', 'U'), ('కొ', 'U'), ('మ్మ', '|'), ('ముం', 'U'), ('గు', '|'), ('రు', '|'), ('ల', '|'), ('సౌ', 'U'), ('రు', '|'), ('మే', 'U'), ('లు', '|'), ('రా', 'U'), ('చె', '|'), ('న', '|'), ('కి', '|'), ('న', '|'), ('పా', 'U'), ('లు', '|'), ('రా', 'U'), ('మిం', 'U'), ('చు', '|'), ('ట', 'U'), ('ద్దా', 'U'), ('లు', '|'), ('రా', 'U'), ('ము', '|'), ('ది', '|'), ('త', '|'), ('క', '|'), ('పో', 'U'), ('ల', '|'), ('యు', '|'), ('గ', '|'), ('ము', '|'), ('వా', 'U'), ('లు', '|'), ('రా', 'U'), ('బే', 'U'), ('డ', '|'), ('స', '|'), ('మీ', 'U'), ('లు', '|'), ('రా', 'U'), ('క', 'U'), ('ల్వ', '|'), ('ల', '|'), ('నే', 'U'), ('లు', '|'), ('రా', 'U'), ('క', '|'), ('లి', '|'), ('కి', '|'), ('క', 'U'), ('న్గ', '|'), ('వ', '|'), ('ల', '|'), ('తీ', 'U'), ('రు', '|'), ('చెం', 'U'), ('డ్లు', '|'), ('రా', 'U'), ('బం', 'U'), ('గా', 'U'), ('రు', '|'), ('గుం', 'U'), ('డ్లు', '|'), ('రా', 'U'), ('గ', '|'), ('జ', '|'), ('ని', 'U'), ('మ్మ', '|'), ('పం', 'U'), ('డ్లు', '|'), ('రా', 'U'), ('య', '|'), ('తి', '|'), ('వ', '|'), ('పా', 'U'), ('లిం', 'U'), ('డ్ల', '|'), ('తీ', 'U'), ('రు', '|')]",0.9583333333333334,-1.0,1.0,1.0,0.875,-1.0
teytageethi,చెలియ నూగారు నల్లనిచీమబారు | పొలతి పొక్కిలి విరిసిన పొన్నపూవునెలత నేలుట తగునయ్య నెనరుతోను | మదనగోపాల సత్యభామావిలోల!,vupajaathi,Madanagopala,"[('చె', '|'), ('లి', '|'), ('య', '|'), ('నూ', 'U'), ('గా', 'U'), ('రు', '|'), ('న', 'U'), ('ల్ల', '|'), ('ని', '|'), ('చీ', 'U'), ('మ', '|'), ('బా', 'U'), ('రు', '|'), ('పొ', '|'), ('ల', '|'), ('తి', '|'), ('పొ', 'U'), ('క్కి', '|'), ('లి', '|'), ('వి', '|'), ('రి', '|'), ('సి', '|'), ('న', '|'), ('పొ', 'U'), ('న్న', '|'), ('పూ', 'U'), ('వు', '|'), ('నె', '|'), ('ల', '|'), ('త', '|'), ('నే', 'U'), ('లు', '|'), ('ట', '|'), ('త', '|'), ('గు', '|'), ('న', 'U'), ('య్య', '|'), ('నె', '|'), ('న', '|'), ('రు', '|'), ('తో', 'U'), ('ను', '|'), ('మ', '|'), ('ద', '|'), ('న', '|'), ('గో', 'U'), ('పా', 'U'), ('ల', '|'), ('స', 'U'), ('త్య', '|'), ('భా', 'U'), ('మా', 'U'), ('వి', '|'), ('లో', 'U'), ('ల', '|')]",1.0,-1.0,1.0,1.0,1.0,-1.0
seesamu,రవనూనె మెరుగిడి రాణించు నెరికురుల్ దువ్వి కొప్పమరించి తోరమైనగొప్పరాగిడి మేటియొప్పైన కుప్పెయు సవరించి మొగ్గల సరులు మీరపరగ కెంపులు చెక్కబడినట్టి పాపటబొట్టుపై శశిపువ్వు పొసగ దాల్చినిద్దంపు చెక్కుల వద్దికగా వజ్రతాటకముల ధాళధళ్య మమర,vupajaathi,Madanagopala,"[('ర', '|'), ('వ', '|'), ('నూ', 'U'), ('నె', '|'), ('మె', '|'), ('రు', '|'), ('గి', '|'), ('డి', '|'), ('రా', 'U'), ('ణిం', 'U'), ('చు', '|'), ('నె', '|'), ('రి', '|'), ('కు', '|'), ('రు', 'U'), ('ల్దు', 'U'), ('వ్వి', '|'), ('కొ', 'U'), ('ప్ప', '|'), ('మ', '|'), ('రిం', 'U'), ('చి', '|'), ('తో', 'U'), ('ర', '|'), ('మై', 'U'), ('న', '|'), ('గొ', 'U'), ('ప్ప', '|'), ('రా', 'U'), ('గి', '|'), ('డి', '|'), ('మే', 'U'), ('టి', '|'), ('యొ', 'U'), ('ప్పై', 'U'), ('న', '|'), ('కు', 'U'), ('ప్పె', '|'), ('యు', '|'), ('స', '|'), ('వ', '|'), ('రిం', 'U'), ('చి', '|'), ('మొ', 'U'), ('గ్గ', '|'), ('ల', '|'), ('స', '|'), ('రు', '|'), ('లు', '|'), ('మీ', 'U'), ('ర', '|'), ('ప', '|'), ('ర', '|'), ('గ', '|'), ('కెం', 'U'), ('పు', '|'), ('లు', '|'), ('చె', 'U'), ('క్క', '|'), ('బ', '|'), ('డి', '|'), ('న', 'U'), ('ట్టి', '|'), ('పా', 'U'), ('ప', '|'), ('ట', '|'), ('బొ', 'U'), ('ట్టు', '|'), ('పై', 'U'), ('శ', '|'), ('శి', '|'), ('పు', 'U'), ('వ్వు', '|'), ('పొ', '|'), ('స', '|'), ('గ', '|'), ('దా', 'U'), ('ల్చి', '|'), ('ని', 'U'), ('ద్దం', 'U'), ('పు', '|'), ('చె', 'U'), ('క్కు', '|'), ('ల', '|'), ('వ', 'U'), ('ద్ది', '|'), ('క', '|'), ('గా', 'U'), ('వ', '|'), ('జ్ర', '|'), ('తా', 'U'), ('ట', '|'), ('క', '|'), ('ము', '|'), ('ల', '|'), ('ధా', 'U'), ('ళ', '|'), ('ధ', 'U'), ('ళ్య', '|'), ('మ', '|'), ('మ', '|'), ('ర', '|')]",1.0,-1.0,1.0,1.0,1.0,-1.0
teytageethi,నాణిముత్తెపు నత్తు మోవంది గుల్క | నెంచదగినట్టి తొలకరి మించొ యనగదాని వగ జూడ దమి నిల్వ దరమె నీకు | మదనగోపాల సత్యభామావిలోల!,vupajaathi,Madanagopala,"[('నా', 'U'), ('ణి', '|'), ('ము', 'U'), ('త్తె', '|'), ('పు', '|'), ('న', 'U'), ('త్తు', '|'), ('మో', 'U'), ('వం', 'U'), ('ది', '|'), ('గు', 'U'), ('ల్క', '|'), ('నెం', 'U'), ('చ', '|'), ('ద', '|'), ('గి', '|'), ('న', 'U'), ('ట్టి', '|'), ('తొ', '|'), ('ల', '|'), ('క', '|'), ('రి', '|'), ('మిం', 'U'), ('చొ', '|'), ('య', '|'), ('న', '|'), ('గ', '|'), ('దా', 'U'), ('ని', '|'), ('వ', '|'), ('గ', '|'), ('జూ', 'U'), ('డ', '|'), ('ద', '|'), ('మి', '|'), ('ని', 'U'), ('ల్వ', '|'), ('ద', '|'), ('ర', '|'), ('మె', '|'), ('నీ', 'U'), ('కు', '|'), ('మ', '|'), ('ద', '|'), ('న', '|'), ('గో', 'U'), ('పా', 'U'), ('ల', '|'), ('స', 'U'), ('త్య', '|'), ('భా', 'U'), ('మా', 'U'), ('వి', '|'), ('లో', 'U'), ('ల', '|')]",0.9166666666666666,-1.0,1.0,1.0,0.75,-1.0
seesamu,కొసరంచు పలుమారు కొమ్మ కమ్మనిమోవి యాని తేనియ గ్రోలుమనుచు బలుకవద్దికతో దన నిద్దంపు చెక్కులు ముద్దాడరా యని మురియ బల్కమొనసి పాలిండ్లపై మొనగోరు లించుకయుంచరా యని తమిమించు పలుకవడిబోక ముడివిచ్చి తడయక నాభిలో నంగుళం బానరా యనుచు బలుక,vupajaathi,Madanagopala,"[('కొ', '|'), ('స', '|'), ('రం', 'U'), ('చు', '|'), ('ప', '|'), ('లు', '|'), ('మా', 'U'), ('రు', '|'), ('కొ', 'U'), ('మ్మ', '|'), ('క', 'U'), ('మ్మ', '|'), ('ని', '|'), ('మో', 'U'), ('వి', '|'), ('యా', 'U'), ('ని', '|'), ('తే', 'U'), ('ని', '|'), ('య', '|'), ('గ్రో', 'U'), ('లు', '|'), ('మ', '|'), ('ను', '|'), ('చు', '|'), ('బ', '|'), ('లు', '|'), ('క', '|'), ('వ', 'U'), ('ద్ది', '|'), ('క', '|'), ('తో', 'U'), ('ద', '|'), ('న', '|'), ('ని', 'U'), ('ద్దం', 'U'), ('పు', '|'), ('చె', 'U'), ('క్కు', '|'), ('లు', '|'), ('ము', 'U'), ('ద్దా', 'U'), ('డ', '|'), ('రా', 'U'), ('య', '|'), ('ని', '|'), ('ము', '|'), ('రి', '|'), ('య', '|'), ('బ', 'U'), ('ల్క', '|'), ('మొ', '|'), ('న', '|'), ('సి', '|'), ('పా', 'U'), ('లిం', 'U'), ('డ్ల', '|'), ('పై', 'U'), ('మొ', '|'), ('న', '|'), ('గో', 'U'), ('రు', '|'), ('లిం', 'U'), ('చు', '|'), ('క', '|'), ('యుం', 'U'), ('చ', '|'), ('రా', 'U'), ('య', '|'), ('ని', '|'), ('త', '|'), ('మి', '|'), ('మిం', 'U'), ('చు', '|'), ('ప', '|'), ('లు', '|'), ('క', '|'), ('వ', '|'), ('డి', '|'), ('బో', 'U'), ('క', '|'), ('ము', '|'), ('డి', '|'), ('వి', 'U'), ('చ్చి', '|'), ('త', '|'), ('డ', '|'), ('య', '|'), ('క', '|'), ('నా', 'U'), ('భి', '|'), ('లో', 'U'), ('నం', 'U'), ('గు', '|'), ('ళం', 'U'), ('బా', 'U'), ('న', '|'), ('రా', 'U'), ('య', '|'), ('ను', '|'), ('చు', '|'), ('బ', '|'), ('లు', '|'), ('క', '|')]",0.9166666666666666,-1.0,1.0,1.0,0.75,-1.0
teytageethi,కేళి మరుకేళి గూడంగ కోరి పలుక యతనుసామ్రాజ్య మెల్ల నీ కబ్బినటుల-నుండదే చూడు మా యింతి నొనరగూడి | మదనగోపాల సత్యభామావిలోల!,vupajaathi,Madanagopala,"[('కే', 'U'), ('ళి', '|'), ('మ', '|'), ('రు', '|'), ('కే', 'U'), ('ళి', '|'), ('గూ', 'U'), ('డం', 'U'), ('గ', '|'), ('కో', 'U'), ('రి', '|'), ('ప', '|'), ('లు', '|'), ('క', '|'), ('య', '|'), ('త', '|'), ('ను', '|'), ('సా', 'U'), ('మ్రా', 'U'), ('జ్య', '|'), ('మె', 'U'), ('ల్ల', '|'), ('నీ', 'U'), ('క', 'U'), ('బ్బి', '|'), ('న', '|'), ('టు', '|'), ('ల', '|'), ('నుం', 'U'), ('డ', '|'), ('దే', 'U'), ('చూ', 'U'), ('డు', '|'), ('మా', 'U'), ('యిం', 'U'), ('తి', '|'), ('నొ', '|'), ('న', '|'), ('ర', '|'), ('గూ', 'U'), ('డి', '|'), ('మ', '|'), ('ద', '|'), ('న', '|'), ('గో', 'U'), ('పా', 'U'), ('ల', '|'), ('స', 'U'), ('త్య', '|'), ('భా', 'U'), ('మా', 'U'), ('వి', '|'), ('లో', 'U'), ('ల', '|')]",0.8333333333333334,-1.0,1.0,1.0,0.5,-1.0
seesamu,విడెమందుకొమ్మన్న తొడలపై గూర్చుండి దొంతరవిడెమిచ్చు తోయజాక్షినెనరుంచుమనినను చనువున చెలరేగి మోవితేనియలాను ముద్దుగుమ్మయదనిదియన్నను వదలక బిగబట్టి యదనుగుబ్బలగుమ్ము పద్మగంధి... ... ... ... ... ... ... ... ... ... ... ... ... ... ... ... ... ... ... ... ... ... ... ...,vupajaathi,Madanagopala,"[('వి', '|'), ('డె', '|'), ('మం', 'U'), ('దు', '|'), ('కొ', 'U'), ('మ్మ', 'U'), ('న్న', '|'), ('తొ', '|'), ('డ', '|'), ('ల', '|'), ('పై', 'U'), ('గూ', 'U'), ('ర్చుం', 'U'), ('డి', '|'), ('దొం', 'U'), ('త', '|'), ('ర', '|'), ('వి', '|'), ('డె', '|'), ('మి', 'U'), ('చ్చు', '|'), ('తో', 'U'), ('య', '|'), ('జా', 'U'), ('క్షి', '|'), ('నె', '|'), ('న', '|'), ('రుం', 'U'), ('చు', '|'), ('మ', '|'), ('ని', '|'), ('న', '|'), ('ను', '|'), ('చ', '|'), ('ను', '|'), ('వు', '|'), ('న', '|'), ('చె', '|'), ('ల', '|'), ('రే', 'U'), ('గి', '|'), ('మో', 'U'), ('వి', '|'), ('తే', 'U'), ('ని', '|'), ('య', '|'), ('లా', 'U'), ('ను', '|'), ('ము', 'U'), ('ద్దు', '|'), ('గు', 'U'), ('మ్మ', '|'), ('య', '|'), ('ద', '|'), ('ని', '|'), ('ది', '|'), ('య', 'U'), ('న్న', '|'), ('ను', '|'), ('వ', '|'), ('ద', '|'), ('ల', '|'), ('క', '|'), ('బి', '|'), ('గ', '|'), ('బ', 'U'), ('ట్టి', '|'), ('య', '|'), ('ద', '|'), ('ను', '|'), ('గు', 'U'), ('బ్బ', '|'), ('ల', '|'), ('గు', 'U'), ('మ్ము', '|'), ('ప', 'U'), ('ద్మ', '|'), ('గం', 'U'), ('ధి', '|')]",0.7083333333333334,-1.0,0.75,0.75,0.625,-1.0
teytageethi,మరునిచేచిల్క యనదగు మందగమన | కలికి నెమ్మోము చందురుకాంతినెసగునట్టివగలాడి నెడబారునలవి గాదు | మదనగోపాల సత్యభామావిలోల!,vupajaathi,Madanagopala,"[('మ', '|'), ('రు', '|'), ('ని', '|'), ('చే', 'U'), ('చి', 'U'), ('ల్క', '|'), ('య', '|'), ('న', '|'), ('ద', '|'), ('గు', '|'), ('మం', 'U'), ('ద', '|'), ('గ', '|'), ('మ', '|'), ('న', '|'), ('క', '|'), ('లి', '|'), ('కి', '|'), ('నె', 'U'), ('మ్మో', 'U'), ('ము', '|'), ('చం', 'U'), ('దు', '|'), ('రు', '|'), ('కాం', 'U'), ('తి', '|'), ('నె', '|'), ('స', '|'), ('గు', '|'), ('న', 'U'), ('ట్టి', '|'), ('వ', '|'), ('గ', '|'), ('లా', 'U'), ('డి', '|'), ('నె', '|'), ('డ', '|'), ('బా', 'U'), ('రు', '|'), ('న', '|'), ('ల', '|'), ('వి', '|'), ('గా', 'U'), ('దు', '|'), ('మ', '|'), ('ద', '|'), ('న', '|'), ('గో', 'U'), ('పా', 'U'), ('ల', '|'), ('స', 'U'), ('త్య', '|'), ('భా', 'U'), ('మా', 'U'), ('వి', '|'), ('లో', 'U'), ('ల', '|')]",1.0,-1.0,1.0,1.0,1.0,-1.0
seesamu,బిగికౌఁగిలింతల బెనగుచు పలుమారు విడెమందుకొమ్మను వేడ్కలాడికిలకిలమనుచు వెన్నెలతేటనగవుల గిలగింతలొనరించు కీరవాణితలపున విభునిపై తప్పేమియును లేక పొలయల్క గావించు పువ్వుబోడికొసరి వేడుచు బతి గూడినది యెంతహాయిరా నా సామి యను లతాంగి,vupajaathi,Madanagopala,"[('బి', '|'), ('గి', '|'), ('కౌ', 'U'), ('గి', '|'), ('లిం', 'U'), ('త', '|'), ('ల', '|'), ('బె', '|'), ('న', '|'), ('గు', '|'), ('చు', '|'), ('ప', '|'), ('లు', '|'), ('మా', 'U'), ('రు', '|'), ('వి', '|'), ('డె', '|'), ('మం', 'U'), ('దు', '|'), ('కొ', 'U'), ('మ్మ', '|'), ('ను', '|'), ('వే', 'U'), ('డ్క', '|'), ('లా', 'U'), ('డి', '|'), ('కి', '|'), ('ల', '|'), ('కి', '|'), ('ల', '|'), ('మ', '|'), ('ను', '|'), ('చు', '|'), ('వె', 'U'), ('న్నె', '|'), ('ల', '|'), ('తే', 'U'), ('ట', '|'), ('న', '|'), ('గ', '|'), ('వు', '|'), ('ల', '|'), ('గి', '|'), ('ల', '|'), ('గిం', 'U'), ('త', '|'), ('లొ', '|'), ('న', '|'), ('రిం', 'U'), ('చు', '|'), ('కీ', 'U'), ('ర', '|'), ('వా', 'U'), ('ణి', '|'), ('త', '|'), ('ల', '|'), ('పు', '|'), ('న', '|'), ('వి', '|'), ('భు', '|'), ('ని', '|'), ('పై', 'U'), ('త', 'U'), ('ప్పే', 'U'), ('మి', '|'), ('యు', '|'), ('ను', '|'), ('లే', 'U'), ('క', '|'), ('పొ', '|'), ('ల', '|'), ('య', 'U'), ('ల్క', '|'), ('గా', 'U'), ('విం', 'U'), ('చు', '|'), ('పు', 'U'), ('వ్వు', '|'), ('బో', 'U'), ('డి', '|'), ('కొ', '|'), ('స', '|'), ('రి', '|'), ('వే', 'U'), ('డు', '|'), ('చు', '|'), ('బ', '|'), ('తి', '|'), ('గూ', 'U'), ('డి', '|'), ('న', '|'), ('ది', '|'), ('యెం', 'U'), ('త', '|'), ('హా', 'U'), ('యి', '|'), ('రా', 'U'), ('నా', 'U'), ('సా', 'U'), ('మి', '|'), ('య', '|'), ('ను', '|'), ('ల', '|'), ('తాం', 'U'), ('గి', '|')]",0.9270833333333334,-1.0,1.0,0.90625,0.875,-1.0
teytageethi,యట్టి కనకాంగి వగలెన్న నలవి గాదు | పంకజాక్షిని చౌసీతిబంధగతులనేలుకొనవయ్య యతివేగ నీరజాక్ష | మదనగోపాల సత్యభామావిలోల!,vupajaathi,Madanagopala,"[('య', 'U'), ('ట్టి', '|'), ('క', '|'), ('న', '|'), ('కాం', 'U'), ('గి', '|'), ('వ', '|'), ('గ', '|'), ('లె', 'U'), ('న్న', '|'), ('న', '|'), ('ల', '|'), ('వి', '|'), ('గా', 'U'), ('దు', '|'), ('పం', 'U'), ('క', '|'), ('జా', 'U'), ('క్షి', '|'), ('ని', '|'), ('చౌ', 'U'), ('సీ', 'U'), ('తి', '|'), ('బం', 'U'), ('ధ', '|'), ('గ', '|'), ('తు', '|'), ('ల', '|'), ('నే', 'U'), ('లు', '|'), ('కొ', '|'), ('న', '|'), ('వ', 'U'), ('య్య', '|'), ('య', '|'), ('తి', '|'), ('వే', 'U'), ('గ', '|'), ('నీ', 'U'), ('ర', '|'), ('జా', 'U'), ('క్ష', '|'), ('మ', '|'), ('ద', '|'), ('న', '|'), ('గో', 'U'), ('పా', 'U'), ('ల', '|'), ('స', 'U'), ('త్య', '|'), ('భా', 'U'), ('మా', 'U'), ('వి', '|'), ('లో', 'U'), ('ల', '|')]",0.9166666666666666,-1.0,1.0,1.0,0.75,-1.0
seesamu,మొలకదేనియలొల్కు కుల్కుపల్కుల విభు మది కరగించునే మంజువాణిక్షణమైన నిను బాయజాలర ప్రాణేశ యని కౌఁగిలించునే యబ్జపాణివీణె వాయింపుచు వెలది పైకమురీతి బాడగా నేర్చునే పద్మనయనయిద్దరమొనగూడి వొద్దిక నుండుట కెన్ని నోచితినను నెమ్మెలాడి,vupajaathi,Madanagopala,"[('మొ', '|'), ('ల', '|'), ('క', '|'), ('దే', 'U'), ('ని', '|'), ('య', '|'), ('లొ', 'U'), ('ల్కు', '|'), ('కు', 'U'), ('ల్కు', '|'), ('ప', 'U'), ('ల్కు', '|'), ('ల', '|'), ('వి', '|'), ('భు', '|'), ('మ', '|'), ('ది', '|'), ('క', '|'), ('ర', '|'), ('గిం', 'U'), ('చు', '|'), ('నే', 'U'), ('మం', 'U'), ('జు', '|'), ('వా', 'U'), ('ణి', 'U'), ('క్ష', '|'), ('ణ', '|'), ('మై', 'U'), ('న', '|'), ('ని', '|'), ('ను', '|'), ('బా', 'U'), ('య', '|'), ('జా', 'U'), ('ల', '|'), ('ర', '|'), ('ప్రా', 'U'), ('ణే', 'U'), ('శ', '|'), ('య', '|'), ('ని', '|'), ('కౌ', 'U'), ('గి', '|'), ('లిం', 'U'), ('చు', '|'), ('నే', 'U'), ('య', 'U'), ('బ్జ', '|'), ('పా', 'U'), ('ణి', '|'), ('వీ', 'U'), ('ణె', '|'), ('వా', 'U'), ('యిం', 'U'), ('పు', '|'), ('చు', '|'), ('వె', '|'), ('ల', '|'), ('ది', '|'), ('పై', 'U'), ('క', '|'), ('ము', '|'), ('రీ', 'U'), ('తి', '|'), ('బా', 'U'), ('డ', '|'), ('గా', 'U'), ('నే', 'U'), ('ర్చు', '|'), ('నే', 'U'), ('ప', 'U'), ('ద్మ', '|'), ('న', '|'), ('య', '|'), ('న', '|'), ('యి', 'U'), ('ద్ద', '|'), ('ర', '|'), ('మొ', '|'), ('న', '|'), ('గూ', 'U'), ('డి', '|'), ('వొ', 'U'), ('ద్ది', '|'), ('క', '|'), ('నుం', 'U'), ('డు', '|'), ('ట', '|'), ('కె', 'U'), ('న్ని', '|'), ('నో', 'U'), ('చి', '|'), ('తి', '|'), ('న', '|'), ('ను', '|'), ('నె', 'U'), ('మ్మె', '|'), ('లా', 'U'), ('డి', '|')]",0.5833333333333334,-1.0,1.0,0.625,0.125,-1.0
teytageethi,చాల మది కింపు బుట్టించు సరసిజాక్షి| నట్టి జవరాలి నెడబాయ నర్హమగునెకలికి నేలుట దగునయ్య కరుణ గల్గి | మదనగోపాల సత్యభామావిలోల!,vupajaathi,Madanagopala,"[('చా', 'U'), ('ల', '|'), ('మ', '|'), ('ది', '|'), ('కిం', 'U'), ('పు', '|'), ('బు', 'U'), ('ట్టిం', 'U'), ('చు', '|'), ('స', '|'), ('ర', '|'), ('సి', '|'), ('జా', 'U'), ('క్షి', '|'), ('న', 'U'), ('ట్టి', '|'), ('జ', '|'), ('వ', '|'), ('రా', 'U'), ('లి', '|'), ('నె', '|'), ('డ', '|'), ('బా', 'U'), ('య', '|'), ('న', 'U'), ('ర్హ', '|'), ('మ', '|'), ('గు', '|'), ('నె', '|'), ('క', '|'), ('లి', '|'), ('కి', '|'), ('నే', 'U'), ('లు', '|'), ('ట', '|'), ('ద', '|'), ('గు', '|'), ('న', 'U'), ('య్య', '|'), ('క', '|'), ('రు', '|'), ('ణ', '|'), ('గ', 'U'), ('ల్గి', '|'), ('మ', '|'), ('ద', '|'), ('న', '|'), ('గో', 'U'), ('పా', 'U'), ('ల', '|'), ('స', 'U'), ('త్య', '|'), ('భా', 'U'), ('మా', 'U'), ('వి', '|'), ('లో', 'U'), ('ల', '|')]",1.0,-1.0,1.0,1.0,1.0,-1.0
seesamu,చెండ్లాడమనుచు బాలిండ్లు నాథుని చేతికబ్బంగనిచ్చు నా యలరుబోడిగాటంపు రతుల జొకాటంపు వగలను మొనసి కూడగజాలు మోహనాంగిబడలిన విభునకు బలుమీరు గెమ్మోవియానంగనిచ్చు నా పంకజాక్షిపన్నీరుగంధంబు పైజల్లి శైత్యోపచారంబు సేయునా జలజపాణి,vupajaathi,Madanagopala,"[('చెం', 'U'), ('డ్లా', 'U'), ('డ', '|'), ('మ', '|'), ('ను', '|'), ('చు', '|'), ('బా', 'U'), ('లిం', 'U'), ('డ్లు', '|'), ('నా', 'U'), ('థు', '|'), ('ని', '|'), ('చే', 'U'), ('తి', '|'), ('క', 'U'), ('బ్బం', 'U'), ('గ', '|'), ('ని', 'U'), ('చ్చు', '|'), ('నా', 'U'), ('య', '|'), ('ల', '|'), ('రు', '|'), ('బో', 'U'), ('డి', '|'), ('గా', 'U'), ('టం', 'U'), ('పు', '|'), ('ర', '|'), ('తు', '|'), ('ల', '|'), ('జొ', '|'), ('కా', 'U'), ('టం', 'U'), ('పు', '|'), ('వ', '|'), ('గ', '|'), ('ల', '|'), ('ను', '|'), ('మొ', '|'), ('న', '|'), ('సి', '|'), ('కూ', 'U'), ('డ', '|'), ('గ', '|'), ('జా', 'U'), ('లు', '|'), ('మో', 'U'), ('హ', '|'), ('నాం', 'U'), ('గి', '|'), ('బ', '|'), ('డ', '|'), ('లి', '|'), ('న', '|'), ('వి', '|'), ('భు', '|'), ('న', '|'), ('కు', '|'), ('బ', '|'), ('లు', '|'), ('మీ', 'U'), ('రు', '|'), ('గె', 'U'), ('మ్మో', 'U'), ('వి', '|'), ('యా', 'U'), ('నం', 'U'), ('గ', '|'), ('ని', 'U'), ('చ్చు', '|'), ('నా', 'U'), ('పం', 'U'), ('క', '|'), ('జా', 'U'), ('క్షి', '|'), ('ప', 'U'), ('న్నీ', 'U'), ('రు', '|'), ('గం', 'U'), ('ధం', 'U'), ('బు', '|'), ('పై', 'U'), ('జ', 'U'), ('ల్లి', '|'), ('శై', 'U'), ('త్యో', 'U'), ('ప', '|'), ('చా', 'U'), ('రం', 'U'), ('బు', '|'), ('సే', 'U'), ('యు', '|'), ('నా', 'U'), ('జ', '|'), ('ల', '|'), ('జ', '|'), ('పా', 'U'), ('ణి', '|')]",0.9166666666666666,-1.0,1.0,1.0,0.75,-1.0
teytageethi,గాన నా యింతి వగలెన్నగా దరంబె | సరససద్గుణజాల యా సన్నుతాంగిచాల నిను గోరియున్నది జాలమేల | మదనగోపాల సత్యభామావిలోల!,vupajaathi,Madanagopala,"[('గా', 'U'), ('న', '|'), ('నా', 'U'), ('యిం', 'U'), ('తి', '|'), ('వ', '|'), ('గ', '|'), ('లె', 'U'), ('న్న', '|'), ('గా', 'U'), ('ద', '|'), ('రం', 'U'), ('బె', '|'), ('స', '|'), ('ర', '|'), ('స', '|'), ('స', 'U'), ('ద్గు', '|'), ('ణ', '|'), ('జా', 'U'), ('ల', '|'), ('యా', 'U'), ('స', 'U'), ('న్ను', '|'), ('తాం', 'U'), ('గి', '|'), ('చా', 'U'), ('ల', '|'), ('ని', '|'), ('ను', '|'), ('గో', 'U'), ('రి', '|'), ('యు', 'U'), ('న్న', '|'), ('ది', '|'), ('జా', 'U'), ('ల', '|'), ('మే', 'U'), ('ల', '|'), ('మ', '|'), ('ద', '|'), ('న', '|'), ('గో', 'U'), ('పా', 'U'), ('ల', '|'), ('స', 'U'), ('త్య', '|'), ('భా', 'U'), ('మా', 'U'), ('వి', '|'), ('లో', 'U'), ('ల', '|')]",1.0,-1.0,1.0,1.0,1.0,-1.0
seesamu,కళలంటి సొక్కించగలయట్టి నిను బాయజాలరా యని రాల సాగి మ్రొక్కునా సామి నా దొర నా మనోహర యని జిగి బిగికౌఁగిట జేర్చి కొసరునిను గానకుండిన నిమిషంబు నా యెద జాలి బొందునటంచు చాల వెఱచుతగ నిను గూడని తరుణి యవ్వనమెల్ల నడవిగాచిన వెన్నెలనుచు బలుకు,vupajaathi,Madanagopala,"[('క', '|'), ('ళ', '|'), ('లం', 'U'), ('టి', '|'), ('సొ', 'U'), ('క్కిం', 'U'), ('చ', '|'), ('గ', '|'), ('ల', '|'), ('య', 'U'), ('ట్టి', '|'), ('ని', '|'), ('ను', '|'), ('బా', 'U'), ('య', '|'), ('జా', 'U'), ('ల', '|'), ('రా', 'U'), ('య', '|'), ('ని', '|'), ('రా', 'U'), ('ల', '|'), ('సా', 'U'), ('గి', '|'), ('మ్రొ', 'U'), ('క్కు', '|'), ('నా', 'U'), ('సా', 'U'), ('మి', '|'), ('నా', 'U'), ('దొ', '|'), ('ర', '|'), ('నా', 'U'), ('మ', '|'), ('నో', 'U'), ('హ', '|'), ('ర', '|'), ('య', '|'), ('ని', '|'), ('జి', '|'), ('గి', '|'), ('బి', '|'), ('గి', '|'), ('కౌ', 'U'), ('గి', '|'), ('ట', '|'), ('జే', 'U'), ('ర్చి', '|'), ('కొ', '|'), ('స', '|'), ('రు', '|'), ('ని', '|'), ('ను', '|'), ('గా', 'U'), ('న', '|'), ('కుం', 'U'), ('డి', '|'), ('న', '|'), ('ని', '|'), ('మి', '|'), ('షం', 'U'), ('బు', '|'), ('నా', 'U'), ('యె', '|'), ('ద', '|'), ('జా', 'U'), ('లి', '|'), ('బొం', 'U'), ('దు', '|'), ('న', '|'), ('టం', 'U'), ('చు', '|'), ('చా', 'U'), ('ల', '|'), ('వె', '|'), ('ఱ', '|'), ('చు', '|'), ('త', '|'), ('గ', '|'), ('ని', '|'), ('ను', '|'), ('గూ', 'U'), ('డ', '|'), ('ని', '|'), ('త', '|'), ('రు', '|'), ('ణి', '|'), ('య', 'U'), ('వ్వ', '|'), ('న', '|'), ('మె', 'U'), ('ల్ల', '|'), ('న', '|'), ('డ', '|'), ('వి', '|'), ('గా', 'U'), ('చి', '|'), ('న', '|'), ('వె', 'U'), ('న్నె', '|'), ('ల', '|'), ('ను', '|'), ('చు', '|'), ('బ', '|'), ('లు', '|'), ('కు', '|')]",0.9583333333333334,-1.0,1.0,1.0,0.875,-1.0
teytageethi,దమకమున నిన్ను వలపింపదగినయట్టి | కొమ్మ ముద్దులగుమ్మయా కోమలాంగినెనయదగు నీకు నా యింతి నేలుకొమ్ము | మదనగోపాల సత్యభామావిలోల!,vupajaathi,Madanagopala,"[('ద', '|'), ('మ', '|'), ('క', '|'), ('ము', '|'), ('న', '|'), ('ని', 'U'), ('న్ను', '|'), ('వ', '|'), ('ల', '|'), ('పిం', 'U'), ('ప', '|'), ('ద', '|'), ('గి', '|'), ('న', '|'), ('య', 'U'), ('ట్టి', '|'), ('కొ', 'U'), ('మ్మ', '|'), ('ము', 'U'), ('ద్దు', '|'), ('ల', '|'), ('గు', 'U'), ('మ్మ', '|'), ('యా', 'U'), ('కో', 'U'), ('మ', '|'), ('లాం', 'U'), ('గి', '|'), ('నె', '|'), ('న', '|'), ('య', '|'), ('ద', '|'), ('గు', '|'), ('నీ', 'U'), ('కు', '|'), ('నా', 'U'), ('యిం', 'U'), ('తి', '|'), ('నే', 'U'), ('లు', '|'), ('కొ', 'U'), ('మ్ము', '|'), ('మ', '|'), ('ద', '|'), ('న', '|'), ('గో', 'U'), ('పా', 'U'), ('ల', '|'), ('స', 'U'), ('త్య', '|'), ('భా', 'U'), ('మా', 'U'), ('వి', '|'), ('లో', 'U'), ('ల', '|')]",1.0,-1.0,1.0,1.0,1.0,-1.0
seesamu,తలవాకిలిల్లుగా దన ప్రాణనాథుని రాక కెదురుచూచు రాజవదనవచ్చిన దన విభు గ్రుచ్చి కౌఁగిట జేర్చి మచ్చికతో బల్కు మందయానమజ్జన మొనరించి మంచిగంధము మేన నలది వేడ్క యొనర్చు నబ్జపాణిపళ్లెరమిడి చాల బసయైన కూరలు రతిరసాన్నము పెట్టు కుసుమగంధి,vupajaathi,Madanagopala,"[('త', '|'), ('ల', '|'), ('వా', 'U'), ('కి', '|'), ('లి', 'U'), ('ల్లు', '|'), ('గా', 'U'), ('ద', '|'), ('న', '|'), ('ప్రా', 'U'), ('ణ', '|'), ('నా', 'U'), ('థు', '|'), ('ని', '|'), ('రా', 'U'), ('క', '|'), ('కె', '|'), ('దు', '|'), ('రు', '|'), ('చూ', 'U'), ('చు', '|'), ('రా', 'U'), ('జ', '|'), ('వ', '|'), ('ద', '|'), ('న', '|'), ('వ', 'U'), ('చ్చి', '|'), ('న', '|'), ('ద', '|'), ('న', '|'), ('వి', '|'), ('భు', '|'), ('గ్రు', 'U'), ('చ్చి', '|'), ('కౌ', 'U'), ('గి', '|'), ('ట', '|'), ('జే', 'U'), ('ర్చి', '|'), ('మ', 'U'), ('చ్చి', '|'), ('క', '|'), ('తో', 'U'), ('బ', 'U'), ('ల్కు', '|'), ('మం', 'U'), ('ద', '|'), ('యా', 'U'), ('న', '|'), ('మ', 'U'), ('జ్జ', '|'), ('న', '|'), ('మొ', '|'), ('న', '|'), ('రిం', 'U'), ('చి', '|'), ('మం', 'U'), ('చి', '|'), ('గం', 'U'), ('ధ', '|'), ('ము', '|'), ('మే', 'U'), ('న', '|'), ('న', '|'), ('ల', '|'), ('ది', '|'), ('వే', 'U'), ('డ్క', '|'), ('యొ', '|'), ('న', 'U'), ('ర్చు', '|'), ('న', 'U'), ('బ్జ', '|'), ('పా', 'U'), ('ణి', '|'), ('ప', 'U'), ('ళ్లె', '|'), ('ర', '|'), ('మి', '|'), ('డి', '|'), ('చా', 'U'), ('ల', '|'), ('బ', '|'), ('స', '|'), ('యై', 'U'), ('న', '|'), ('కూ', 'U'), ('ర', '|'), ('లు', '|'), ('ర', '|'), ('తి', '|'), ('ర', '|'), ('సా', 'U'), ('న్న', '|'), ('ము', '|'), ('పె', 'U'), ('ట్టు', '|'), ('కు', '|'), ('సు', '|'), ('మ', '|'), ('గం', 'U'), ('ధి', '|')]",0.9583333333333334,-1.0,1.0,1.0,0.875,-1.0
teytageethi,యొనర భుజింప బ్రాణేశు నుపచరించు | సురటి చేబూని విసరును సొంపుమీరనింపు బుట్టించు నా బాల నేలవేల | మదనగోపాల సత్యభామావిలోల!,vupajaathi,Madanagopala,"[('యొ', '|'), ('న', '|'), ('ర', '|'), ('భు', '|'), ('జిం', 'U'), ('ప', '|'), ('బ్రా', 'U'), ('ణే', 'U'), ('శు', '|'), ('ను', '|'), ('ప', '|'), ('చ', '|'), ('రిం', 'U'), ('చు', '|'), ('సు', '|'), ('ర', '|'), ('టి', '|'), ('చే', 'U'), ('బూ', 'U'), ('ని', '|'), ('వి', '|'), ('స', '|'), ('రు', '|'), ('ను', '|'), ('సొం', 'U'), ('పు', '|'), ('మీ', 'U'), ('ర', '|'), ('నిం', 'U'), ('పు', '|'), ('బు', 'U'), ('ట్టిం', 'U'), ('చు', '|'), ('నా', 'U'), ('బా', 'U'), ('ల', '|'), ('నే', 'U'), ('ల', '|'), ('వే', 'U'), ('ల', '|'), ('మ', '|'), ('ద', '|'), ('న', '|'), ('గో', 'U'), ('పా', 'U'), ('ల', '|'), ('స', 'U'), ('త్య', '|'), ('భా', 'U'), ('మా', 'U'), ('వి', '|'), ('లో', 'U'), ('ల', '|')]",0.45,-1.0,1.0,0.35,0.0,-1.0
seesamu,పగడంపుగోడల బంగారుపట్టెల చప్పరంబొప్పు మంచం బమర్చిక్రొత్త తాప్తా దూదిమెత్తపైన పరంజిజరి తలగడదిండ్లు చక్కబరచిపరిమళద్రవ్యముల్ పన్నీరుగంధంబు రత్నాలగిన్నెను జతను పరచియరవిరిబంతులు మరువంబు కురువేరు నపరంజితట్టల నమరజేర్చి,vupajaathi,Madanagopala,"[('ప', '|'), ('గ', '|'), ('డం', 'U'), ('పు', '|'), ('గో', 'U'), ('డ', '|'), ('ల', '|'), ('బం', 'U'), ('గా', 'U'), ('రు', '|'), ('ప', 'U'), ('ట్టె', '|'), ('ల', '|'), ('చ', 'U'), ('ప్ప', '|'), ('రం', 'U'), ('బొ', 'U'), ('ప్పు', '|'), ('మం', 'U'), ('చం', 'U'), ('బ', '|'), ('మ', 'U'), ('ర్చి', '|'), ('క్రొ', 'U'), ('త్త', '|'), ('తా', 'U'), ('ప్తా', 'U'), ('దూ', 'U'), ('ది', '|'), ('మె', 'U'), ('త్త', '|'), ('పై', 'U'), ('న', '|'), ('ప', '|'), ('రం', 'U'), ('జి', '|'), ('జ', '|'), ('రి', '|'), ('త', '|'), ('ల', '|'), ('గ', '|'), ('డ', '|'), ('దిం', 'U'), ('డ్లు', '|'), ('చ', 'U'), ('క్క', '|'), ('బ', '|'), ('ర', '|'), ('చి', '|'), ('ప', '|'), ('రి', '|'), ('మ', '|'), ('ళ', '|'), ('ద్ర', 'U'), ('వ్య', '|'), ('ము', 'U'), ('ల్ప', 'U'), ('న్నీ', 'U'), ('రు', '|'), ('గం', 'U'), ('ధం', 'U'), ('బు', '|'), ('ర', 'U'), ('త్నా', 'U'), ('ల', '|'), ('గి', 'U'), ('న్నె', '|'), ('ను', '|'), ('జ', '|'), ('త', '|'), ('ను', '|'), ('ప', '|'), ('ర', '|'), ('చి', '|'), ('య', '|'), ('ర', '|'), ('వి', '|'), ('రి', '|'), ('బం', 'U'), ('తు', '|'), ('లు', '|'), ('మ', '|'), ('రు', '|'), ('వం', 'U'), ('బు', '|'), ('కు', '|'), ('రు', '|'), ('వే', 'U'), ('రు', '|'), ('న', '|'), ('ప', '|'), ('రం', 'U'), ('జి', '|'), ('త', 'U'), ('ట్ట', '|'), ('ల', '|'), ('న', '|'), ('మ', '|'), ('ర', '|'), ('జే', 'U'), ('ర్చి', '|')]",0.9583333333333334,-1.0,1.0,1.0,0.875,-1.0
teytageethi,యతివ దన కేళిగృహము నలంకరించి | విభుని దోడ్కొని రమ్మని వెలది వనిచెపాన్పుపై నిన్ను గూడ నా పద్మగంధి | మదనగోపాల సత్యభామావిలోల!,vupajaathi,Madanagopala,"[('య', '|'), ('తి', '|'), ('వ', '|'), ('ద', '|'), ('న', '|'), ('కే', 'U'), ('ళి', '|'), ('గృ', '|'), ('హ', '|'), ('ము', '|'), ('న', '|'), ('లం', 'U'), ('క', '|'), ('రిం', 'U'), ('చి', '|'), ('వి', '|'), ('భు', '|'), ('ని', '|'), ('దో', 'U'), ('డ్కొ', '|'), ('ని', '|'), ('ర', 'U'), ('మ్మ', '|'), ('ని', '|'), ('వె', '|'), ('ల', '|'), ('ది', '|'), ('వ', '|'), ('ని', '|'), ('చె', '|'), ('పా', 'U'), ('న్పు', '|'), ('పై', 'U'), ('ని', 'U'), ('న్ను', '|'), ('గూ', 'U'), ('డ', '|'), ('నా', 'U'), ('ప', 'U'), ('ద్మ', '|'), ('గం', 'U'), ('ధి', '|'), ('మ', '|'), ('ద', '|'), ('న', '|'), ('గో', 'U'), ('పా', 'U'), ('ల', '|'), ('స', 'U'), ('త్య', '|'), ('భా', 'U'), ('మా', 'U'), ('వి', '|'), ('లో', 'U'), ('ల', '|')]",0.9166666666666666,-1.0,1.0,1.0,0.75,-1.0
seesamu,నాథునికడ జేరి నాతి వాక్చాతురి బల్కగా విభు డతిపరవశమునమొనసి చక్కెరమోవి మునిపంట నొక్కిన నసురుసురను లేచి యలరుబోడియెవరైన జూచెద రిదివేళ గాదని తలుపుచాటున జేరి తమకముననుజులుము సేయక నీకు జోహారు జేసెద దాళరా యిక కొంత దడవటంచు,vupajaathi,Madanagopala,"[('నా', 'U'), ('థు', '|'), ('ని', '|'), ('క', '|'), ('డ', '|'), ('జే', 'U'), ('రి', '|'), ('నా', 'U'), ('తి', '|'), ('వా', 'U'), ('క్చా', 'U'), ('తు', '|'), ('రి', '|'), ('బ', 'U'), ('ల్క', '|'), ('గా', 'U'), ('వి', '|'), ('భు', '|'), ('డ', '|'), ('తి', '|'), ('ప', '|'), ('ర', '|'), ('వ', '|'), ('శ', '|'), ('ము', '|'), ('న', '|'), ('మొ', '|'), ('న', '|'), ('సి', '|'), ('చ', 'U'), ('క్కె', '|'), ('ర', '|'), ('మో', 'U'), ('వి', '|'), ('ము', '|'), ('ని', '|'), ('పం', 'U'), ('ట', '|'), ('నొ', 'U'), ('క్కి', '|'), ('న', '|'), ('న', '|'), ('సు', '|'), ('రు', '|'), ('సు', '|'), ('ర', '|'), ('ను', '|'), ('లే', 'U'), ('చి', '|'), ('య', '|'), ('ల', '|'), ('రు', '|'), ('బో', 'U'), ('డి', '|'), ('యె', '|'), ('వ', '|'), ('రై', 'U'), ('న', '|'), ('జూ', 'U'), ('చె', '|'), ('ద', '|'), ('రి', '|'), ('ది', '|'), ('వే', 'U'), ('ళ', '|'), ('గా', 'U'), ('ద', '|'), ('ని', '|'), ('త', '|'), ('లు', '|'), ('పు', '|'), ('చా', 'U'), ('టు', '|'), ('న', '|'), ('జే', 'U'), ('రి', '|'), ('త', '|'), ('మ', '|'), ('క', '|'), ('ము', '|'), ('న', '|'), ('ను', '|'), ('జు', '|'), ('లు', '|'), ('ము', '|'), ('సే', 'U'), ('య', '|'), ('క', '|'), ('నీ', 'U'), ('కు', '|'), ('జో', 'U'), ('హా', 'U'), ('రు', '|'), ('జే', 'U'), ('సె', '|'), ('ద', '|'), ('దా', 'U'), ('ళ', '|'), ('రా', 'U'), ('యి', '|'), ('క', '|'), ('కొం', 'U'), ('త', '|'), ('ద', '|'), ('డ', '|'), ('వ', '|'), ('టం', 'U'), ('చు', '|')]",0.9166666666666666,-1.0,1.0,1.0,0.75,-1.0
teytageethi,బతికి సతి మోహమొనరించి పణతి తెలిసి కినిసి క్షణమున రతిదేలి కీరవాణిమగని మతి జరగించు నా మందగమన | మదనగోపాల సత్యభామావిలోల!,vupajaathi,Madanagopala,"[('బ', '|'), ('తి', '|'), ('కి', '|'), ('స', '|'), ('తి', '|'), ('మో', 'U'), ('హ', '|'), ('మొ', '|'), ('న', '|'), ('రిం', 'U'), ('చి', '|'), ('ప', '|'), ('ణ', '|'), ('తి', '|'), ('తె', '|'), ('లి', '|'), ('సి', '|'), ('కి', '|'), ('ని', '|'), ('సి', 'U'), ('క్ష', '|'), ('ణ', '|'), ('ము', '|'), ('న', '|'), ('ర', '|'), ('తి', '|'), ('దే', 'U'), ('లి', '|'), ('కీ', 'U'), ('ర', '|'), ('వా', 'U'), ('ణి', '|'), ('మ', '|'), ('గ', '|'), ('ని', '|'), ('మ', '|'), ('తి', '|'), ('జ', '|'), ('ర', '|'), ('గిం', 'U'), ('చు', '|'), ('నా', 'U'), ('మం', 'U'), ('ద', '|'), ('గ', '|'), ('మ', '|'), ('న', '|'), ('మ', '|'), ('ద', '|'), ('న', '|'), ('గో', 'U'), ('పా', 'U'), ('ల', '|'), ('స', 'U'), ('త్య', '|'), ('భా', 'U'), ('మా', 'U'), ('వి', '|'), ('లో', 'U'), ('ల', '|')]",0.9833333333333334,-1.0,1.0,0.95,1.0,-1.0
seesamu,నెమ్మదిగా భర్త నెనరుంచవలెనని పొలతి పున్నమ యొక్కప్రొద్దులుండుమమత బాయక పతి మందిరంబుననుండ మరుమంత్రజపము లేమరక సేయునన్యకాంతల విభు డాసింపకుండగా శివు నభిషేకంబు చేయుచుండుమగడు దన మాటకు నూరాడకుండగా జెలి వినాయకపూజ సేయుచుండు,vupajaathi,Madanagopala,"[('నె', 'U'), ('మ్మ', '|'), ('ది', '|'), ('గా', 'U'), ('భ', 'U'), ('ర్త', '|'), ('నె', '|'), ('న', '|'), ('రుం', 'U'), ('చ', '|'), ('వ', '|'), ('లె', '|'), ('న', '|'), ('ని', '|'), ('పొ', '|'), ('ల', '|'), ('తి', '|'), ('పు', 'U'), ('న్న', '|'), ('మ', '|'), ('యొ', 'U'), ('క్క', '|'), ('ప్రొ', 'U'), ('ద్దు', '|'), ('లుం', 'U'), ('డు', '|'), ('మ', '|'), ('మ', '|'), ('త', '|'), ('బా', 'U'), ('య', '|'), ('క', '|'), ('ప', '|'), ('తి', '|'), ('మం', 'U'), ('ది', '|'), ('రం', 'U'), ('బు', '|'), ('న', '|'), ('నుం', 'U'), ('డ', '|'), ('మ', '|'), ('రు', '|'), ('మం', 'U'), ('త్ర', '|'), ('జ', '|'), ('ప', '|'), ('ము', '|'), ('లే', 'U'), ('మ', '|'), ('ర', '|'), ('క', '|'), ('సే', 'U'), ('యు', '|'), ('న', 'U'), ('న్య', '|'), ('కాం', 'U'), ('త', '|'), ('ల', '|'), ('వి', '|'), ('భు', '|'), ('డా', 'U'), ('సిం', 'U'), ('ప', '|'), ('కుం', 'U'), ('డ', '|'), ('గా', 'U'), ('శి', '|'), ('వు', '|'), ('న', '|'), ('భి', '|'), ('షే', 'U'), ('కం', 'U'), ('బు', '|'), ('చే', 'U'), ('యు', '|'), ('చుం', 'U'), ('డు', '|'), ('మ', '|'), ('గ', '|'), ('డు', '|'), ('ద', '|'), ('న', '|'), ('మా', 'U'), ('ట', '|'), ('కు', '|'), ('నూ', 'U'), ('రా', 'U'), ('డ', '|'), ('కుం', 'U'), ('డ', '|'), ('గా', 'U'), ('జె', '|'), ('లి', '|'), ('వి', '|'), ('నా', 'U'), ('య', '|'), ('క', '|'), ('పూ', 'U'), ('జ', '|'), ('సే', 'U'), ('యు', '|'), ('చుం', 'U'), ('డు', '|')]",0.90625,-1.0,1.0,0.96875,0.75,-1.0
teytageethi,బడతి యీ రీతి దేవతాప్రార్థనంబు | చేయుచున్నది మీ పాదసేవకొరకు... ... ... ... ... ... ... ... ... ... ... ... ... | మదనగోపాల సత్యభామావిలోల!,vupajaathi,Madanagopala,"[('బ', '|'), ('డ', '|'), ('తి', '|'), ('యీ', 'U'), ('రీ', 'U'), ('తి', '|'), ('దే', 'U'), ('వ', '|'), ('తా', 'U'), ('ప్రా', 'U'), ('ర్థ', '|'), ('నం', 'U'), ('బు', '|'), ('చే', 'U'), ('యు', '|'), ('చు', 'U'), ('న్న', '|'), ('ది', '|'), ('మీ', 'U'), ('పా', 'U'), ('ద', '|'), ('సే', 'U'), ('వ', '|'), ('కొ', '|'), ('ర', '|'), ('కు', '|'), ('మ', '|'), ('ద', '|'), ('న', '|'), ('గో', 'U'), ('పా', 'U'), ('ల', '|'), ('స', 'U'), ('త్య', '|'), ('భా', 'U'), ('మా', 'U'), ('వి', '|'), ('లో', 'U'), ('ల', '|')]",0.75,-1.0,0.75,0.75,0.75,-1.0
seesamu,ఆసించి తన పతి ననుకూలపరచిన భాసురాంగికి నిత్తు బన్నసరులుకూరిమి వరుని గూర్చగల్గినయట్టి ముద్దియకిత్తు నే ముత్తియములుపనిపూని విభుని నా భవనంబు జేర్చిన వనితకిత్తును మేటివజ్రతతులుకరుణించి తన భర్త గలయఁ జేసినయట్టి భామకిత్తును జౌలబావిలీలు,vupajaathi,Madanagopala,"[('ఆ', 'U'), ('సిం', 'U'), ('చి', '|'), ('త', '|'), ('న', '|'), ('ప', '|'), ('తి', '|'), ('న', '|'), ('ను', '|'), ('కూ', 'U'), ('ల', '|'), ('ప', '|'), ('ర', '|'), ('చి', '|'), ('న', '|'), ('భా', 'U'), ('సు', '|'), ('రాం', 'U'), ('గి', '|'), ('కి', '|'), ('ని', 'U'), ('త్తు', '|'), ('బ', 'U'), ('న్న', '|'), ('స', '|'), ('రు', '|'), ('లు', '|'), ('కూ', 'U'), ('రి', '|'), ('మి', '|'), ('వ', '|'), ('రు', '|'), ('ని', '|'), ('గూ', 'U'), ('ర్చ', '|'), ('గ', 'U'), ('ల్గి', '|'), ('న', '|'), ('య', 'U'), ('ట్టి', '|'), ('ము', 'U'), ('ద్ది', '|'), ('య', '|'), ('కి', 'U'), ('త్తు', '|'), ('నే', 'U'), ('ము', 'U'), ('త్తి', '|'), ('య', '|'), ('ము', '|'), ('లు', '|'), ('ప', '|'), ('ని', '|'), ('పూ', 'U'), ('ని', '|'), ('వి', '|'), ('భు', '|'), ('ని', '|'), ('నా', 'U'), ('భ', '|'), ('వ', '|'), ('నం', 'U'), ('బు', '|'), ('జే', 'U'), ('ర్చి', '|'), ('న', '|'), ('వ', '|'), ('ని', '|'), ('త', '|'), ('కి', 'U'), ('త్తు', '|'), ('ను', '|'), ('మే', 'U'), ('టి', '|'), ('వ', '|'), ('జ్ర', '|'), ('త', '|'), ('తు', '|'), ('లు', '|'), ('క', '|'), ('రు', '|'), ('ణిం', 'U'), ('చి', '|'), ('త', '|'), ('న', '|'), ('భ', 'U'), ('ర్త', '|'), ('గ', '|'), ('ల', '|'), ('య', '|'), ('జే', 'U'), ('సి', '|'), ('న', '|'), ('య', 'U'), ('ట్టి', '|'), ('భా', 'U'), ('మ', '|'), ('కి', 'U'), ('త్తు', '|'), ('ను', '|'), ('జౌ', 'U'), ('ల', '|'), ('బా', 'U'), ('వి', '|'), ('లీ', 'U'), ('లు', '|')]",0.625,-1.0,1.0,0.75,0.125,-1.0
teytageethi,అనుచు దగినట్టి చెలులతో నలరుబోడి | బలుకుచున్నది యతిమోహపరవశతనుగాన నా యింతి నేలుము కమలనాభ | మదనగోపాల సత్యభామావిలోల!,vupajaathi,Madanagopala,"[('అ', '|'), ('ను', '|'), ('చు', '|'), ('ద', '|'), ('గి', '|'), ('న', 'U'), ('ట్టి', '|'), ('చె', '|'), ('లు', '|'), ('ల', '|'), ('తో', 'U'), ('న', '|'), ('ల', '|'), ('రు', '|'), ('బో', 'U'), ('డి', '|'), ('బ', '|'), ('లు', '|'), ('కు', '|'), ('చు', 'U'), ('న్న', '|'), ('ది', '|'), ('య', '|'), ('తి', '|'), ('మో', 'U'), ('హ', '|'), ('ప', '|'), ('ర', '|'), ('వ', '|'), ('శ', '|'), ('త', '|'), ('ను', '|'), ('గా', 'U'), ('న', '|'), ('నా', 'U'), ('యిం', 'U'), ('తి', '|'), ('నే', 'U'), ('లు', '|'), ('ము', '|'), ('క', '|'), ('మ', '|'), ('ల', '|'), ('నా', 'U'), ('భ', '|'), ('మ', '|'), ('ద', '|'), ('న', '|'), ('గో', 'U'), ('పా', 'U'), ('ల', '|'), ('స', 'U'), ('త్య', '|'), ('భా', 'U'), ('మా', 'U'), ('వి', '|'), ('లో', 'U'), ('ల', '|')]",0.9166666666666666,-1.0,1.0,1.0,0.75,-1.0
seesamu,చల్లని పన్నీరుచల్లి నాథునితోడ సరసంబులాడుచు చాల మెచ్చియించుక నీ దయ యుంచరా నా సామి యంచు చక్కెరమోవి యాననిచ్చియెదయెద గదియించి వదలక బిగియించి ముదమున జెక్కిళ్ళు ముద్దుబెట్టిసమరతి యుపరతి చతురత వగలను సదయునితో నొక్కజాము పెనగి,vupajaathi,Madanagopala,"[('చ', 'U'), ('ల్ల', '|'), ('ని', '|'), ('ప', 'U'), ('న్నీ', 'U'), ('రు', '|'), ('చ', 'U'), ('ల్లి', '|'), ('నా', 'U'), ('థు', '|'), ('ని', '|'), ('తో', 'U'), ('డ', '|'), ('స', '|'), ('ర', '|'), ('సం', 'U'), ('బు', '|'), ('లా', 'U'), ('డు', '|'), ('చు', '|'), ('చా', 'U'), ('ల', '|'), ('మె', 'U'), ('చ్చి', '|'), ('యిం', 'U'), ('చు', '|'), ('క', '|'), ('నీ', 'U'), ('ద', '|'), ('య', '|'), ('యుం', 'U'), ('చ', '|'), ('రా', 'U'), ('నా', 'U'), ('సా', 'U'), ('మి', '|'), ('యం', 'U'), ('చు', '|'), ('చ', 'U'), ('క్కె', '|'), ('ర', '|'), ('మో', 'U'), ('వి', '|'), ('యా', 'U'), ('న', '|'), ('ని', 'U'), ('చ్చి', '|'), ('యె', '|'), ('ద', '|'), ('యె', '|'), ('ద', '|'), ('గ', '|'), ('ది', '|'), ('యిం', 'U'), ('చి', '|'), ('వ', '|'), ('ద', '|'), ('ల', '|'), ('క', '|'), ('బి', '|'), ('గి', '|'), ('యిం', 'U'), ('చి', '|'), ('ము', '|'), ('ద', '|'), ('ము', '|'), ('న', '|'), ('జె', 'U'), ('క్కి', 'U'), ('ళ్ళు', '|'), ('ము', 'U'), ('ద్దు', '|'), ('బె', 'U'), ('ట్టి', '|'), ('స', '|'), ('మ', '|'), ('ర', '|'), ('తి', '|'), ('యు', '|'), ('ప', '|'), ('ర', '|'), ('తి', '|'), ('చ', '|'), ('తు', '|'), ('ర', '|'), ('త', '|'), ('వ', '|'), ('గ', '|'), ('ల', '|'), ('ను', '|'), ('స', '|'), ('ద', '|'), ('యు', '|'), ('ని', '|'), ('తో', 'U'), ('నొ', 'U'), ('క్క', '|'), ('జా', 'U'), ('ము', '|'), ('పె', '|'), ('న', '|'), ('గి', '|')]",1.0,-1.0,1.0,1.0,1.0,-1.0
teytageethi,యవుర శాబాసు నా సామి యనుచు బొగడి | మరలి రతిగూడి విభునకు మమత హెచ్చదమిని గల్పించినటువంటి తరుణి గదర | మదనగోపాల సత్యభామావిలోల!,vupajaathi,Madanagopala,"[('య', '|'), ('వు', '|'), ('ర', '|'), ('శా', 'U'), ('బా', 'U'), ('సు', '|'), ('నా', 'U'), ('సా', 'U'), ('మి', '|'), ('య', '|'), ('ను', '|'), ('చు', '|'), ('బొ', '|'), ('గ', '|'), ('డి', '|'), ('మ', '|'), ('ర', '|'), ('లి', '|'), ('ర', '|'), ('తి', '|'), ('గూ', 'U'), ('డి', '|'), ('వి', '|'), ('భు', '|'), ('న', '|'), ('కు', '|'), ('మ', '|'), ('మ', '|'), ('త', '|'), ('హె', 'U'), ('చ్చ', '|'), ('ద', '|'), ('మి', '|'), ('ని', '|'), ('గ', 'U'), ('ల్పిం', 'U'), ('చి', '|'), ('న', '|'), ('టు', '|'), ('వం', 'U'), ('టి', '|'), ('త', '|'), ('రు', '|'), ('ణి', '|'), ('గ', '|'), ('ద', '|'), ('ర', '|'), ('మ', '|'), ('ద', '|'), ('న', '|'), ('గో', 'U'), ('పా', 'U'), ('ల', '|'), ('స', 'U'), ('త్య', '|'), ('భా', 'U'), ('మా', 'U'), ('వి', '|'), ('లో', 'U'), ('ల', '|')]",1.0,-1.0,1.0,1.0,1.0,-1.0
seesamu,పతియింట లేనప్డు భ్రమరమా యిట రాక తగునటే యని లేచి తరమబోవుసద్దుజేయక నుండజాలవె కోయిల వేళ గాదని కేల వ్రేయబోవుమచ్చరంబున నేడు మరుడు దండెత్తెనో చెలులార పొమ్మని జెప్పుడనునునిలువుటద్దమునందు నెలకొన్నవాడని తెరవ చందురుని మర్దింపబోవు,vupajaathi,Madanagopala,"[('ప', '|'), ('తి', '|'), ('యిం', 'U'), ('ట', '|'), ('లే', 'U'), ('న', 'U'), ('ప్డు', '|'), ('భ్ర', '|'), ('మ', '|'), ('ర', '|'), ('మా', 'U'), ('యి', '|'), ('ట', '|'), ('రా', 'U'), ('క', '|'), ('త', '|'), ('గు', '|'), ('న', '|'), ('టే', 'U'), ('య', '|'), ('ని', '|'), ('లే', 'U'), ('చి', '|'), ('త', '|'), ('ర', '|'), ('మ', '|'), ('బో', 'U'), ('వు', '|'), ('స', 'U'), ('ద్దు', '|'), ('జే', 'U'), ('య', '|'), ('క', '|'), ('నుం', 'U'), ('డ', '|'), ('జా', 'U'), ('ల', '|'), ('వె', '|'), ('కో', 'U'), ('యి', '|'), ('ల', '|'), ('వే', 'U'), ('ళ', '|'), ('గా', 'U'), ('ద', '|'), ('ని', '|'), ('కే', 'U'), ('ల', '|'), ('వ్రే', 'U'), ('య', '|'), ('బో', 'U'), ('వు', '|'), ('మ', 'U'), ('చ్చ', '|'), ('రం', 'U'), ('బు', '|'), ('న', '|'), ('నే', 'U'), ('డు', '|'), ('మ', '|'), ('రు', '|'), ('డు', '|'), ('దం', 'U'), ('డె', 'U'), ('త్తె', '|'), ('నో', 'U'), ('చె', '|'), ('లు', '|'), ('లా', 'U'), ('ర', '|'), ('పొ', 'U'), ('మ్మ', '|'), ('ని', '|'), ('జె', 'U'), ('ప్పు', '|'), ('డ', '|'), ('ను', '|'), ('ను', '|'), ('ని', '|'), ('లు', '|'), ('వు', '|'), ('ట', 'U'), ('ద్ద', '|'), ('ము', '|'), ('నం', 'U'), ('దు', '|'), ('నె', '|'), ('ల', '|'), ('కొ', 'U'), ('న్న', '|'), ('వా', 'U'), ('డ', '|'), ('ని', '|'), ('తె', '|'), ('ర', '|'), ('వ', '|'), ('చం', 'U'), ('దు', '|'), ('రు', '|'), ('ని', '|'), ('మ', 'U'), ('ర్దిం', 'U'), ('ప', '|'), ('బో', 'U'), ('వు', '|')]",1.0,-1.0,1.0,1.0,1.0,-1.0
teytageethi,మగువ యీ రీతి విరహాబ్ధిమగ్న యగుచు | తలిరువిలుకాని బారికి తాళలేకనిన్నె దలచుచునున్నది నీరజాక్షి | మదనగోపాల సత్యభామావిలోల!,vupajaathi,Madanagopala,"[('మ', '|'), ('గు', '|'), ('వ', '|'), ('యీ', 'U'), ('రీ', 'U'), ('తి', '|'), ('వి', '|'), ('ర', '|'), ('హా', 'U'), ('బ్ధి', '|'), ('మ', 'U'), ('గ్న', '|'), ('య', '|'), ('గు', '|'), ('చు', '|'), ('త', '|'), ('లి', '|'), ('రు', '|'), ('వి', '|'), ('లు', '|'), ('కా', 'U'), ('ని', '|'), ('బా', 'U'), ('రి', '|'), ('కి', '|'), ('తా', 'U'), ('ళ', '|'), ('లే', 'U'), ('క', '|'), ('ని', 'U'), ('న్నె', '|'), ('ద', '|'), ('ల', '|'), ('చు', '|'), ('చు', '|'), ('ను', 'U'), ('న్న', '|'), ('ది', '|'), ('నీ', 'U'), ('ర', '|'), ('జా', 'U'), ('క్షి', '|'), ('మ', '|'), ('ద', '|'), ('న', '|'), ('గో', 'U'), ('పా', 'U'), ('ల', '|'), ('స', 'U'), ('త్య', '|'), ('భా', 'U'), ('మా', 'U'), ('వి', '|'), ('లో', 'U'), ('ల', '|')]",1.0,-1.0,1.0,1.0,1.0,-1.0
seesamu,తుమ్మెద రొదసేయ తొడరిన తోడనె తెమ్మెర వీచెనే తెరవలారతెమ్మెర వీచెనే తెరగింక ననుచుండ గ్రమ్మె చిల్కలగముల్ కాంతలారచిలుకలగము లేల చేరెనో యనుచుండ జెలగి కోయిల గూసె జెలియలారకోయల లీరీతి గూసెనేమొకొ యని భావింప మరుడదె భామలార,vupajaathi,Madanagopala,"[('తు', 'U'), ('మ్మె', '|'), ('ద', '|'), ('రొ', '|'), ('ద', '|'), ('సే', 'U'), ('య', '|'), ('తొ', '|'), ('డ', '|'), ('రి', '|'), ('న', '|'), ('తో', 'U'), ('డ', '|'), ('నె', '|'), ('తె', 'U'), ('మ్మె', '|'), ('ర', '|'), ('వీ', 'U'), ('చె', '|'), ('నే', 'U'), ('తె', '|'), ('ర', '|'), ('వ', '|'), ('లా', 'U'), ('ర', '|'), ('తె', 'U'), ('మ్మె', '|'), ('ర', '|'), ('వీ', 'U'), ('చె', '|'), ('నే', 'U'), ('తె', '|'), ('ర', '|'), ('గిం', 'U'), ('క', '|'), ('న', '|'), ('ను', '|'), ('చుం', 'U'), ('డ', '|'), ('గ్ర', 'U'), ('మ్మె', '|'), ('చి', 'U'), ('ల్క', '|'), ('ల', '|'), ('గ', '|'), ('ము', 'U'), ('ల్కాం', 'U'), ('త', '|'), ('లా', 'U'), ('ర', '|'), ('చి', '|'), ('లు', '|'), ('క', '|'), ('ల', '|'), ('గ', '|'), ('ము', '|'), ('లే', 'U'), ('ల', '|'), ('చే', 'U'), ('రె', '|'), ('నో', 'U'), ('య', '|'), ('ను', '|'), ('చుం', 'U'), ('డ', '|'), ('జె', '|'), ('ల', '|'), ('గి', '|'), ('కో', 'U'), ('యి', '|'), ('ల', '|'), ('గూ', 'U'), ('సె', '|'), ('జె', '|'), ('లి', '|'), ('య', '|'), ('లా', 'U'), ('ర', '|'), ('కో', 'U'), ('య', '|'), ('ల', '|'), ('లీ', 'U'), ('రీ', 'U'), ('తి', '|'), ('గూ', 'U'), ('సె', '|'), ('నే', 'U'), ('మొ', '|'), ('కొ', '|'), ('య', '|'), ('ని', '|'), ('భా', 'U'), ('విం', 'U'), ('ప', '|'), ('మ', '|'), ('రు', '|'), ('డ', '|'), ('దె', '|'), ('భా', 'U'), ('మ', '|'), ('లా', 'U'), ('ర', '|')]",1.0,-1.0,1.0,1.0,1.0,-1.0
teytageethi,చెరుకవిలు వంచి యటపొంచి చేవమించి | పదరి యెద నాటనేసెనే పణతి యనుచుబలుకుచున్నది వలపున భ్రమసి మిగుల | మదనగోపాల సత్యభామావిలోల!,vupajaathi,Madanagopala,"[('చె', '|'), ('రు', '|'), ('క', '|'), ('వి', '|'), ('లు', '|'), ('వం', 'U'), ('చి', '|'), ('య', '|'), ('ట', '|'), ('పొం', 'U'), ('చి', '|'), ('చే', 'U'), ('వ', '|'), ('మిం', 'U'), ('చి', '|'), ('ప', '|'), ('ద', '|'), ('రి', '|'), ('యె', '|'), ('ద', '|'), ('నా', 'U'), ('ట', '|'), ('నే', 'U'), ('సె', '|'), ('నే', 'U'), ('ప', '|'), ('ణ', '|'), ('తి', '|'), ('య', '|'), ('ను', '|'), ('చు', '|'), ('బ', '|'), ('లు', '|'), ('కు', '|'), ('చు', 'U'), ('న్న', '|'), ('ది', '|'), ('వ', '|'), ('ల', '|'), ('పు', '|'), ('న', '|'), ('భ్ర', '|'), ('మ', '|'), ('సి', '|'), ('మి', '|'), ('గు', '|'), ('ల', '|'), ('మ', '|'), ('ద', '|'), ('న', '|'), ('గో', 'U'), ('పా', 'U'), ('ల', '|'), ('స', 'U'), ('త్య', '|'), ('భా', 'U'), ('మా', 'U'), ('వి', '|'), ('లో', 'U'), ('ల', '|')]",1.0,-1.0,1.0,1.0,1.0,-1.0
seesamu,దాడాయె మరుడిదే వేడాయె వెన్నెల వాడాయెనే విరుల్ వనితలారచెలువ తెమ్మెర డాయ నళులు జుమ్మని మ్రోయ జిలుకలు రొదసేయ జెలియలారవిరహమగ్గలమాయె వెఱపొందగానాయె సరసుడు రాడాయె సఖులారనను జేరవచ్చునా వనజాక్షి మెచ్చునా మనసిచ్చి కూడునా మగువలార,vupajaathi,Madanagopala,"[('దా', 'U'), ('డా', 'U'), ('యె', '|'), ('మ', '|'), ('రు', '|'), ('డి', '|'), ('దే', 'U'), ('వే', 'U'), ('డా', 'U'), ('యె', '|'), ('వె', 'U'), ('న్నె', '|'), ('ల', '|'), ('వా', 'U'), ('డా', 'U'), ('యె', '|'), ('నే', 'U'), ('వి', '|'), ('రు', 'U'), ('ల్వ', '|'), ('ని', '|'), ('త', '|'), ('లా', 'U'), ('ర', '|'), ('చె', '|'), ('లు', '|'), ('వ', '|'), ('తె', 'U'), ('మ్మె', '|'), ('ర', '|'), ('డా', 'U'), ('య', '|'), ('న', '|'), ('ళు', '|'), ('లు', '|'), ('జు', 'U'), ('మ్మ', '|'), ('ని', '|'), ('మ్రో', 'U'), ('య', '|'), ('జి', '|'), ('లు', '|'), ('క', '|'), ('లు', '|'), ('రొ', '|'), ('ద', '|'), ('సే', 'U'), ('య', '|'), ('జె', '|'), ('లి', '|'), ('య', '|'), ('లా', 'U'), ('ర', '|'), ('వి', '|'), ('ర', '|'), ('హ', '|'), ('మ', 'U'), ('గ్గ', '|'), ('ల', '|'), ('మా', 'U'), ('యె', '|'), ('వె', '|'), ('ఱ', '|'), ('పొం', 'U'), ('ద', '|'), ('గా', 'U'), ('నా', 'U'), ('యె', '|'), ('స', '|'), ('ర', '|'), ('సు', '|'), ('డు', '|'), ('రా', 'U'), ('డా', 'U'), ('యె', '|'), ('స', '|'), ('ఖు', '|'), ('లా', 'U'), ('ర', '|'), ('న', '|'), ('ను', '|'), ('జే', 'U'), ('ర', '|'), ('వ', 'U'), ('చ్చు', '|'), ('నా', 'U'), ('వ', '|'), ('న', '|'), ('జా', 'U'), ('క్షి', '|'), ('మె', 'U'), ('చ్చు', '|'), ('నా', 'U'), ('మ', '|'), ('న', '|'), ('సి', 'U'), ('చ్చి', '|'), ('కూ', 'U'), ('డు', '|'), ('నా', 'U'), ('మ', '|'), ('గు', '|'), ('వ', '|'), ('లా', 'U'), ('ర', '|')]",0.8125,-1.0,1.0,0.8125,0.625,-1.0
teytageethi,యనుచు దనలోనె తలపోసి యతివ నీదు | రాక గోరుచునున్నది రవ్వలేలగాననిక నేలుకొనవయ్య కరుణగల్గి | మదనగోపాల సత్యభామావిలోల!,vupajaathi,Madanagopala,"[('య', '|'), ('ను', '|'), ('చు', '|'), ('ద', '|'), ('న', '|'), ('లో', 'U'), ('నె', '|'), ('త', '|'), ('ల', '|'), ('పో', 'U'), ('సి', '|'), ('య', '|'), ('తి', '|'), ('వ', '|'), ('నీ', 'U'), ('దు', '|'), ('రా', 'U'), ('క', '|'), ('గో', 'U'), ('రు', '|'), ('చు', '|'), ('ను', 'U'), ('న్న', '|'), ('ది', '|'), ('ర', 'U'), ('వ్వ', '|'), ('లే', 'U'), ('ల', '|'), ('గా', 'U'), ('న', '|'), ('ని', '|'), ('క', '|'), ('నే', 'U'), ('లు', '|'), ('కొ', '|'), ('న', '|'), ('వ', 'U'), ('య్య', '|'), ('క', '|'), ('రు', '|'), ('ణ', '|'), ('గ', 'U'), ('ల్గి', '|'), ('మ', '|'), ('ద', '|'), ('న', '|'), ('గో', 'U'), ('పా', 'U'), ('ల', '|'), ('స', 'U'), ('త్య', '|'), ('భా', 'U'), ('మా', 'U'), ('వి', '|'), ('లో', 'U'), ('ల', '|')]",1.0,-1.0,1.0,1.0,1.0,-1.0
seesamu,సుదతి వెన్నెలపిండు జూచిన కడు తాపమందును జూడరాదనుచు బల్కువిరులు దురుమగరాదు వెలదిరో యతనుని శరజాలములటంచు చేరి పల్కుగంధ మలదగరాదు గంధవాహుండల్గి యదర వీవగ వేడియనుచు బల్కునిటు దలపోయుచున్నది యింతి మరుని దాడికిని వెఱచి నిను మది దలచితలచి,vupajaathi,Madanagopala,"[('సు', '|'), ('ద', '|'), ('తి', '|'), ('వె', 'U'), ('న్నె', '|'), ('ల', '|'), ('పిం', 'U'), ('డు', '|'), ('జూ', 'U'), ('చి', '|'), ('న', '|'), ('క', '|'), ('డు', '|'), ('తా', 'U'), ('ప', '|'), ('మం', 'U'), ('దు', '|'), ('ను', '|'), ('జూ', 'U'), ('డ', '|'), ('రా', 'U'), ('ద', '|'), ('ను', '|'), ('చు', '|'), ('బ', 'U'), ('ల్కు', '|'), ('వి', '|'), ('రు', '|'), ('లు', '|'), ('దు', '|'), ('రు', '|'), ('మ', '|'), ('గ', '|'), ('రా', 'U'), ('దు', '|'), ('వె', '|'), ('ల', '|'), ('ది', '|'), ('రో', 'U'), ('య', '|'), ('త', '|'), ('ను', '|'), ('ని', '|'), ('శ', '|'), ('ర', '|'), ('జా', 'U'), ('ల', '|'), ('ము', '|'), ('ల', '|'), ('టం', 'U'), ('చు', '|'), ('చే', 'U'), ('రి', '|'), ('ప', 'U'), ('ల్కు', '|'), ('గం', 'U'), ('ధ', '|'), ('మ', '|'), ('ల', '|'), ('ద', '|'), ('గ', '|'), ('రా', 'U'), ('దు', '|'), ('గం', 'U'), ('ధ', '|'), ('వా', 'U'), ('హుం', 'U'), ('డ', 'U'), ('ల్గి', '|'), ('య', '|'), ('ద', '|'), ('ర', '|'), ('వీ', 'U'), ('వ', '|'), ('గ', '|'), ('వే', 'U'), ('డి', '|'), ('య', '|'), ('ను', '|'), ('చు', '|'), ('బ', 'U'), ('ల్కు', '|'), ('ని', '|'), ('టు', '|'), ('ద', '|'), ('ల', '|'), ('పో', 'U'), ('యు', '|'), ('చు', 'U'), ('న్న', '|'), ('ది', '|'), ('యిం', 'U'), ('తి', '|'), ('మ', '|'), ('రు', '|'), ('ని', '|'), ('దా', 'U'), ('డి', '|'), ('కి', '|'), ('ని', '|'), ('వె', '|'), ('ఱ', '|'), ('చి', '|'), ('ని', '|'), ('ను', '|'), ('మ', '|'), ('ది', '|'), ('ద', '|'), ('ల', '|'), ('చి', '|'), ('త', '|'), ('ల', '|'), ('చి', '|')]",0.7083333333333334,-1.0,1.0,0.875,0.25,-1.0
teytageethi,... ... ... ...యట్టి విరిబోడి నేలుట యర్హమగును | మదనగోపాల సత్యభామావిలోల!,vupajaathi,Madanagopala,"[('య', 'U'), ('ట్టి', '|'), ('వి', '|'), ('రి', '|'), ('బో', 'U'), ('డి', '|'), ('నే', 'U'), ('లు', '|'), ('ట', '|'), ('య', 'U'), ('ర్హ', '|'), ('మ', '|'), ('గు', '|'), ('ను', '|'), ('మ', '|'), ('ద', '|'), ('న', '|'), ('గో', 'U'), ('పా', 'U'), ('ల', '|'), ('స', 'U'), ('త్య', '|'), ('భా', 'U'), ('మా', 'U'), ('వి', '|'), ('లో', 'U'), ('ల', '|')]",0.5,-1.0,0.5,0.5,0.5,-1.0
seesamu,తీరైన మృగనాభి తిలకంబు ధరియించి కనుల కాటుక దీర్చి గరిమ మీరనగరుగంధము మేన నలది కొప్పున దావి పొలివోని పువ్వులు పొందుపరచివన్నెమీరగ సన్నవలిపెపై పన్నీరుచల్లి ఘమ్మనుచు వాసన చెలంగకుంకుమ యత్తరు గోరజవ్వాదియు బొంకమౌ పాలిండ్ల బూసె నీదు,vupajaathi,Madanagopala,"[('తీ', 'U'), ('రై', 'U'), ('న', '|'), ('మృ', '|'), ('గ', '|'), ('నా', 'U'), ('భి', '|'), ('తి', '|'), ('ల', '|'), ('కం', 'U'), ('బు', '|'), ('ధ', '|'), ('రి', '|'), ('యిం', 'U'), ('చి', '|'), ('క', '|'), ('ను', '|'), ('ల', '|'), ('కా', 'U'), ('టు', '|'), ('క', '|'), ('దీ', 'U'), ('ర్చి', '|'), ('గ', '|'), ('రి', '|'), ('మ', '|'), ('మీ', 'U'), ('ర', '|'), ('న', '|'), ('గ', '|'), ('రు', '|'), ('గం', 'U'), ('ధ', '|'), ('ము', '|'), ('మే', 'U'), ('న', '|'), ('న', '|'), ('ల', '|'), ('ది', '|'), ('కొ', 'U'), ('ప్పు', '|'), ('న', '|'), ('దా', 'U'), ('వి', '|'), ('పొ', '|'), ('లి', '|'), ('వో', 'U'), ('ని', '|'), ('పు', 'U'), ('వ్వు', '|'), ('లు', '|'), ('పొం', 'U'), ('దు', '|'), ('ప', '|'), ('ర', '|'), ('చి', '|'), ('వ', 'U'), ('న్నె', '|'), ('మీ', 'U'), ('ర', '|'), ('గ', '|'), ('స', 'U'), ('న్న', '|'), ('వ', '|'), ('లి', '|'), ('పె', '|'), ('పై', 'U'), ('ప', 'U'), ('న్నీ', 'U'), ('రు', '|'), ('చ', 'U'), ('ల్లి', '|'), ('ఘ', 'U'), ('మ్మ', '|'), ('ను', '|'), ('చు', '|'), ('వా', 'U'), ('స', '|'), ('న', '|'), ('చె', '|'), ('లం', 'U'), ('గ', '|'), ('కుం', 'U'), ('కు', '|'), ('మ', '|'), ('య', 'U'), ('త్త', '|'), ('రు', '|'), ('గో', 'U'), ('ర', '|'), ('జ', 'U'), ('వ్వా', 'U'), ('ది', '|'), ('యు', '|'), ('బొం', 'U'), ('క', '|'), ('మౌ', 'U'), ('పా', 'U'), ('లిం', 'U'), ('డ్ల', '|'), ('బూ', 'U'), ('సె', '|'), ('నీ', 'U'), ('దు', '|')]",1.0,-1.0,1.0,1.0,1.0,-1.0
teytageethi,వక్షమున గుబ్బగురుతులు వనిత సేయ | గోరి యున్నది యిక నేలుకొనుము దానిజాగుసేయక రావయ్య జలరుహాక్ష | మదనగోపాల సత్యభామావిలోల!,vupajaathi,Madanagopala,"[('వ', 'U'), ('క్ష', '|'), ('ము', '|'), ('న', '|'), ('గు', 'U'), ('బ్బ', '|'), ('గు', '|'), ('రు', '|'), ('తు', '|'), ('లు', '|'), ('వ', '|'), ('ని', '|'), ('త', '|'), ('సే', 'U'), ('య', '|'), ('గో', 'U'), ('రి', '|'), ('యు', 'U'), ('న్న', '|'), ('ది', '|'), ('యి', '|'), ('క', '|'), ('నే', 'U'), ('లు', '|'), ('కొ', '|'), ('ను', '|'), ('ము', '|'), ('దా', 'U'), ('ని', '|'), ('జా', 'U'), ('గు', '|'), ('సే', 'U'), ('య', '|'), ('క', '|'), ('రా', 'U'), ('వ', 'U'), ('య్య', '|'), ('జ', '|'), ('ల', '|'), ('రు', '|'), ('హా', 'U'), ('క్ష', '|'), ('మ', '|'), ('ద', '|'), ('న', '|'), ('గో', 'U'), ('పా', 'U'), ('ల', '|'), ('స', 'U'), ('త్య', '|'), ('భా', 'U'), ('మా', 'U'), ('వి', '|'), ('లో', 'U'), ('ల', '|')]",1.0,-1.0,1.0,1.0,1.0,-1.0
seesamu,నిను జూచినది మొదల్ నిదుర కంటికి రాక మనమున దిగులొంది మరులు వరలవిరహ మగ్గలమాయె విభుడేల రాడాయె బిలువవే యని నన్ను బిలిచి పనిచెననబోడి మాటలు విని నేను గ్రక్కున నిను బిల్వ వచ్చితి నిలువకెందునిక జాగుసేయక శుకవాణికడ జేరి యకలంకముగ నేలు మంబుజాక్షి,vupajaathi,Madanagopala,"[('ని', '|'), ('ను', '|'), ('జూ', 'U'), ('చి', '|'), ('న', '|'), ('ది', '|'), ('మొ', '|'), ('ద', 'U'), ('ల్ని', '|'), ('దు', '|'), ('ర', '|'), ('కం', 'U'), ('టి', '|'), ('కి', '|'), ('రా', 'U'), ('క', '|'), ('మ', '|'), ('న', '|'), ('ము', '|'), ('న', '|'), ('ది', '|'), ('గు', '|'), ('లొం', 'U'), ('ది', '|'), ('మ', '|'), ('రు', '|'), ('లు', '|'), ('వ', '|'), ('ర', '|'), ('ల', '|'), ('వి', '|'), ('ర', '|'), ('హ', '|'), ('మ', 'U'), ('గ్గ', '|'), ('ల', '|'), ('మా', 'U'), ('యె', '|'), ('వి', '|'), ('భు', '|'), ('డే', 'U'), ('ల', '|'), ('రా', 'U'), ('డా', 'U'), ('యె', '|'), ('బి', '|'), ('లు', '|'), ('వ', '|'), ('వే', 'U'), ('య', '|'), ('ని', '|'), ('న', 'U'), ('న్ను', '|'), ('బి', '|'), ('లి', '|'), ('చి', '|'), ('ప', '|'), ('ని', '|'), ('చె', '|'), ('న', '|'), ('న', '|'), ('బో', 'U'), ('డి', '|'), ('మా', 'U'), ('ట', '|'), ('లు', '|'), ('వి', '|'), ('ని', '|'), ('నే', 'U'), ('ను', '|'), ('గ్ర', 'U'), ('క్కు', '|'), ('న', '|'), ('ని', '|'), ('ను', '|'), ('బి', 'U'), ('ల్వ', '|'), ('వ', 'U'), ('చ్చి', '|'), ('తి', '|'), ('ని', '|'), ('లు', '|'), ('వ', '|'), ('కెం', 'U'), ('దు', '|'), ('ని', '|'), ('క', '|'), ('జా', 'U'), ('గు', '|'), ('సే', 'U'), ('య', '|'), ('క', '|'), ('శు', '|'), ('క', '|'), ('వా', 'U'), ('ణి', '|'), ('క', '|'), ('డ', '|'), ('జే', 'U'), ('రి', '|'), ('య', '|'), ('క', '|'), ('లం', 'U'), ('క', '|'), ('ము', '|'), ('గ', '|'), ('నే', 'U'), ('లు', '|'), ('మం', 'U'), ('బు', '|'), ('జా', 'U'), ('క్షి', '|')]",0.9583333333333334,-1.0,1.0,1.0,0.875,-1.0
teytageethi,గడగి నీవింక రాకున్న గంబుకంఠి ప్రాణములు నిల్వనోపవు పడతి విరుల-దండ లురిబోసుకొన నది దలచునింక | మదనగోపాల సత్యభామావిలోల!,vupajaathi,Madanagopala,"[('గ', '|'), ('డ', '|'), ('గి', '|'), ('నీ', 'U'), ('విం', 'U'), ('క', '|'), ('రా', 'U'), ('కు', 'U'), ('న్న', '|'), ('గం', 'U'), ('బు', '|'), ('కం', 'U'), ('ఠి', '|'), ('ప్రా', 'U'), ('ణ', '|'), ('ము', '|'), ('లు', '|'), ('ని', 'U'), ('ల్వ', '|'), ('నో', 'U'), ('ప', '|'), ('వు', '|'), ('ప', '|'), ('డ', '|'), ('తి', '|'), ('వి', '|'), ('రు', '|'), ('ల', '|'), ('దం', 'U'), ('డ', '|'), ('లు', '|'), ('రి', '|'), ('బో', 'U'), ('సు', '|'), ('కొ', '|'), ('న', '|'), ('న', '|'), ('ది', '|'), ('ద', '|'), ('ల', '|'), ('చు', '|'), ('నిం', 'U'), ('క', '|'), ('మ', '|'), ('ద', '|'), ('న', '|'), ('గో', 'U'), ('పా', 'U'), ('ల', '|'), ('స', 'U'), ('త్య', '|'), ('భా', 'U'), ('మా', 'U'), ('వి', '|'), ('లో', 'U'), ('ల', '|')]",1.0,-1.0,1.0,1.0,1.0,-1.0
seesamu,ఇంతిరో విభుడు నా చెంత జేరినయంత నునుచెక్కులను గోట నులుమనటవెకాంతరో నా భర్త కౌఁగిలించిన యెంత చక్కని కెమ్మోవి నొక్కనటవెమందయానరో నాథుడంది చన్గవ నంట కొసరి నా జడతోడ గొట్టనటవెకొమ్మరో పతిరతి గూడ నా గుబ్బల ఱొమ్మున గసిదీర గ్రుమ్మనటవె,vupajaathi,Madanagopala,"[('ఇం', 'U'), ('తి', '|'), ('రో', 'U'), ('వి', '|'), ('భు', '|'), ('డు', '|'), ('నా', 'U'), ('చెం', 'U'), ('త', '|'), ('జే', 'U'), ('రి', '|'), ('న', '|'), ('యం', 'U'), ('త', '|'), ('ను', '|'), ('ను', '|'), ('చె', 'U'), ('క్కు', '|'), ('ల', '|'), ('ను', '|'), ('గో', 'U'), ('ట', '|'), ('ను', '|'), ('లు', '|'), ('మ', '|'), ('న', '|'), ('ట', '|'), ('వె', '|'), ('కాం', 'U'), ('త', '|'), ('రో', 'U'), ('నా', 'U'), ('భ', 'U'), ('ర్త', '|'), ('కౌ', 'U'), ('గి', '|'), ('లిం', 'U'), ('చి', '|'), ('న', '|'), ('యెం', 'U'), ('త', '|'), ('చ', 'U'), ('క్క', '|'), ('ని', '|'), ('కె', 'U'), ('మ్మో', 'U'), ('వి', '|'), ('నొ', 'U'), ('క్క', '|'), ('న', '|'), ('ట', '|'), ('వె', '|'), ('మం', 'U'), ('ద', '|'), ('యా', 'U'), ('న', '|'), ('రో', 'U'), ('నా', 'U'), ('థు', '|'), ('డం', 'U'), ('ది', '|'), ('చ', 'U'), ('న్గ', '|'), ('వ', '|'), ('నం', 'U'), ('ట', '|'), ('కొ', '|'), ('స', '|'), ('రి', '|'), ('నా', 'U'), ('జ', '|'), ('డ', '|'), ('తో', 'U'), ('డ', '|'), ('గొ', 'U'), ('ట్ట', '|'), ('న', '|'), ('ట', '|'), ('వె', '|'), ('కొ', 'U'), ('మ్మ', '|'), ('రో', 'U'), ('ప', '|'), ('తి', '|'), ('ర', '|'), ('తి', '|'), ('గూ', 'U'), ('డ', '|'), ('నా', 'U'), ('గు', 'U'), ('బ్బ', '|'), ('ల', '|'), ('ఱొ', 'U'), ('మ్ము', '|'), ('న', '|'), ('గ', '|'), ('సి', '|'), ('దీ', 'U'), ('ర', '|'), ('గ్రు', 'U'), ('మ్మ', '|'), ('న', '|'), ('ట', '|'), ('వె', '|')]",0.9895833333333334,-1.0,1.0,0.96875,1.0,-1.0
teytageethi,యనుచు బంతంబులాడుచు నలిరుబోడి | మరునికేళిని నిముషమేమరక కలిసినిన్నె మెప్పించనున్నది నీలవేణి | మదనగోపాల సత్యభామావిలోలా!,vupajaathi,Madanagopala,"[('య', '|'), ('ను', '|'), ('చు', '|'), ('బం', 'U'), ('తం', 'U'), ('బు', '|'), ('లా', 'U'), ('డు', '|'), ('చు', '|'), ('న', '|'), ('లి', '|'), ('రు', '|'), ('బో', 'U'), ('డి', '|'), ('మ', '|'), ('రు', '|'), ('ని', '|'), ('కే', 'U'), ('ళి', '|'), ('ని', '|'), ('ని', '|'), ('ము', '|'), ('ష', '|'), ('మే', 'U'), ('మ', '|'), ('ర', '|'), ('క', '|'), ('క', '|'), ('లి', '|'), ('సి', '|'), ('ని', 'U'), ('న్నె', '|'), ('మె', 'U'), ('ప్పిం', 'U'), ('చ', '|'), ('ను', 'U'), ('న్న', '|'), ('ది', '|'), ('నీ', 'U'), ('ల', '|'), ('వే', 'U'), ('ణి', '|'), ('మ', '|'), ('ద', '|'), ('న', '|'), ('గో', 'U'), ('పా', 'U'), ('ల', '|'), ('స', 'U'), ('త్య', '|'), ('భా', 'U'), ('మా', 'U'), ('వి', '|'), ('లో', 'U'), ('లా', 'U')]",0.9,-1.0,1.0,0.95,0.75,-1.0
seesamu,సురతచమత్క్రియల్ సూపించిచూపించి మేలిమి నీ పొందు మెచ్చిమెచ్చిమోము మోమున జేర్చి ముద్దాడిముద్దాడి గొసబులియ్యని మోవి గ్రోలి గ్రోలిగబ్బిగుబ్బల నెద గదియించిగదియించి బిగువు కౌఁగిళ్ళను బెనగిపెనగిమరుకేళి గవయగ మనసిచ్చి మనసిచ్చి గౌరవంబు చెలంగగలసికలసి,vupajaathi,Madanagopala,"[('సు', '|'), ('ర', '|'), ('త', '|'), ('చ', '|'), ('మ', 'U'), ('త్క్రి', '|'), ('య', 'U'), ('ల్సూ', 'U'), ('పిం', 'U'), ('చి', '|'), ('చూ', 'U'), ('పిం', 'U'), ('చి', '|'), ('మే', 'U'), ('లి', '|'), ('మి', '|'), ('నీ', 'U'), ('పొం', 'U'), ('దు', '|'), ('మె', 'U'), ('చ్చి', '|'), ('మె', 'U'), ('చ్చి', '|'), ('మో', 'U'), ('ము', '|'), ('మో', 'U'), ('ము', '|'), ('న', '|'), ('జే', 'U'), ('ర్చి', '|'), ('ము', 'U'), ('ద్దా', 'U'), ('డి', '|'), ('ము', 'U'), ('ద్దా', 'U'), ('డి', '|'), ('గొ', '|'), ('స', '|'), ('బు', '|'), ('లి', 'U'), ('య్య', '|'), ('ని', '|'), ('మో', 'U'), ('వి', '|'), ('గ్రో', 'U'), ('లి', '|'), ('గ్రో', 'U'), ('లి', '|'), ('గ', 'U'), ('బ్బి', '|'), ('గు', 'U'), ('బ్బ', '|'), ('ల', '|'), ('నె', '|'), ('ద', '|'), ('గ', '|'), ('ది', '|'), ('యిం', 'U'), ('చి', '|'), ('గ', '|'), ('ది', '|'), ('యిం', 'U'), ('చి', '|'), ('బి', '|'), ('గు', '|'), ('వు', '|'), ('కౌ', 'U'), ('గి', 'U'), ('ళ్ళ', '|'), ('ను', '|'), ('బె', '|'), ('న', '|'), ('గి', '|'), ('పె', '|'), ('న', '|'), ('గి', '|'), ('మ', '|'), ('రు', '|'), ('కే', 'U'), ('ళి', '|'), ('గ', '|'), ('వ', '|'), ('య', '|'), ('గ', '|'), ('మ', '|'), ('న', '|'), ('సి', 'U'), ('చ్చి', '|'), ('మ', '|'), ('న', '|'), ('సి', 'U'), ('చ్చి', '|'), ('గౌ', 'U'), ('ర', '|'), ('వం', 'U'), ('బు', '|'), ('చె', '|'), ('లం', 'U'), ('గ', '|'), ('గ', '|'), ('ల', '|'), ('సి', '|'), ('క', '|'), ('ల', '|'), ('సి', '|')]",1.0,-1.0,1.0,1.0,1.0,-1.0
teytageethi,మాటిమాటికి దన మేను మరచిమరచి తమక మిగురొత్త రతికేలి తగ పెనంగువనిత నేలుట తగునయ్య వనరుహాక్ష | మదనగోపాల సత్యభామావిలోల!,vupajaathi,Madanagopala,"[('మా', 'U'), ('టి', '|'), ('మా', 'U'), ('టి', '|'), ('కి', '|'), ('ద', '|'), ('న', '|'), ('మే', 'U'), ('ను', '|'), ('మ', '|'), ('ర', '|'), ('చి', '|'), ('మ', '|'), ('ర', '|'), ('చి', '|'), ('త', '|'), ('మ', '|'), ('క', '|'), ('మి', '|'), ('గు', '|'), ('రొ', 'U'), ('త్త', '|'), ('ర', '|'), ('తి', '|'), ('కే', 'U'), ('లి', '|'), ('త', '|'), ('గ', '|'), ('పె', '|'), ('నం', 'U'), ('గు', '|'), ('వ', '|'), ('ని', '|'), ('త', '|'), ('నే', 'U'), ('లు', '|'), ('ట', '|'), ('త', '|'), ('గు', '|'), ('న', 'U'), ('య్య', '|'), ('వ', '|'), ('న', '|'), ('రు', '|'), ('హా', 'U'), ('క్ష', '|'), ('మ', '|'), ('ద', '|'), ('న', '|'), ('గో', 'U'), ('పా', 'U'), ('ల', '|'), ('స', 'U'), ('త్య', '|'), ('భా', 'U'), ('మా', 'U'), ('వి', '|'), ('లో', 'U'), ('ల', '|')]",1.0,-1.0,1.0,1.0,1.0,-1.0
seesamu,విభుడు పైకొనువేళ వెలది సంతసమంది గబ్బిగుబ్బలచేత గదియనిచ్చిదురుసుగా మరుకేళి దొడరిన నాథుని దప్పక వీక్షించి తరుణి తనదుచెలువుని మోమున చెమట గ్రమ్మిన జూచి విరులవీవన చేత విసరి వేడ్కనేడు మంచిదినంబు నెనరున ననుగూడి హాయి వుట్టించితి వంబుజాక్ష,vupajaathi,Madanagopala,"[('వి', '|'), ('భు', '|'), ('డు', '|'), ('పై', 'U'), ('కొ', '|'), ('ను', '|'), ('వే', 'U'), ('ళ', '|'), ('వె', '|'), ('ల', '|'), ('ది', '|'), ('సం', 'U'), ('త', '|'), ('స', '|'), ('మం', 'U'), ('ది', '|'), ('గ', 'U'), ('బ్బి', '|'), ('గు', 'U'), ('బ్బ', '|'), ('ల', '|'), ('చే', 'U'), ('త', '|'), ('గ', '|'), ('ది', '|'), ('య', '|'), ('ని', 'U'), ('చ్చి', '|'), ('దు', '|'), ('రు', '|'), ('సు', '|'), ('గా', 'U'), ('మ', '|'), ('రు', '|'), ('కే', 'U'), ('ళి', '|'), ('దొ', '|'), ('డ', '|'), ('రి', '|'), ('న', '|'), ('నా', 'U'), ('థు', '|'), ('ని', '|'), ('ద', 'U'), ('ప్ప', '|'), ('క', '|'), ('వీ', 'U'), ('క్షిం', 'U'), ('చి', '|'), ('త', '|'), ('రు', '|'), ('ణి', '|'), ('త', '|'), ('న', '|'), ('దు', '|'), ('చె', '|'), ('లు', '|'), ('వు', '|'), ('ని', '|'), ('మో', 'U'), ('ము', '|'), ('న', '|'), ('చె', '|'), ('మ', '|'), ('ట', '|'), ('గ్ర', 'U'), ('మ్మి', '|'), ('న', '|'), ('జూ', 'U'), ('చి', '|'), ('వి', '|'), ('రు', '|'), ('ల', '|'), ('వీ', 'U'), ('వ', '|'), ('న', '|'), ('చే', 'U'), ('త', '|'), ('వి', '|'), ('స', '|'), ('రి', '|'), ('వే', 'U'), ('డ్క', '|'), ('నే', 'U'), ('డు', '|'), ('మం', 'U'), ('చి', '|'), ('ది', '|'), ('నం', 'U'), ('బు', '|'), ('నె', '|'), ('న', '|'), ('రు', '|'), ('న', '|'), ('న', '|'), ('ను', '|'), ('గూ', 'U'), ('డి', '|'), ('హా', 'U'), ('యి', '|'), ('వు', 'U'), ('ట్టిం', 'U'), ('చి', '|'), ('తి', '|'), ('వం', 'U'), ('బు', '|'), ('జా', 'U'), ('క్ష', '|')]",0.9583333333333334,-1.0,1.0,1.0,0.875,-1.0
teytageethi,యనుచు నను జాల మెప్పించు నతివ నిట్లు | బాసి యుండగ దగునయ్య పడతి నీదురాక గోరుచునున్నది రవ్వలేల | మదనగోపాల సత్యభామావిలోల!,vupajaathi,Madanagopala,"[('య', '|'), ('ను', '|'), ('చు', '|'), ('న', '|'), ('ను', '|'), ('జా', 'U'), ('ల', '|'), ('మె', 'U'), ('ప్పిం', 'U'), ('చు', '|'), ('న', '|'), ('తి', '|'), ('వ', '|'), ('ని', 'U'), ('ట్లు', '|'), ('బా', 'U'), ('సి', '|'), ('యుం', 'U'), ('డ', '|'), ('గ', '|'), ('ద', '|'), ('గు', '|'), ('న', 'U'), ('య్య', '|'), ('ప', '|'), ('డ', '|'), ('తి', '|'), ('నీ', 'U'), ('దు', '|'), ('రా', 'U'), ('క', '|'), ('గో', 'U'), ('రు', '|'), ('చు', '|'), ('ను', 'U'), ('న్న', '|'), ('ది', '|'), ('ర', 'U'), ('వ్వ', '|'), ('లే', 'U'), ('ల', '|'), ('మ', '|'), ('ద', '|'), ('న', '|'), ('గో', 'U'), ('పా', 'U'), ('ల', '|'), ('స', 'U'), ('త్య', '|'), ('భా', 'U'), ('మా', 'U'), ('వి', '|'), ('లో', 'U'), ('ల', '|')]",0.9166666666666666,-1.0,1.0,1.0,0.75,-1.0
seesamu,సుదతి దా దశవిధచుంబనగతులను దన భర్తకును దెల్పు దావులరయగుచయుగంబులు నాభి గొనబైన కెమ్మోవి హస్తముల్ చెక్కులు మస్తకంబుకక్షంబు నుదురును కంఠంబు మరునిల్లు వదలక పదిచోట్ల ముదము మీరకరికరలీలల గావించి నఖముల ముద్దులాడగ గొంత మొనయవలయు,vupajaathi,Madanagopala,"[('సు', '|'), ('ద', '|'), ('తి', '|'), ('దా', 'U'), ('ద', '|'), ('శ', '|'), ('వి', '|'), ('ధ', '|'), ('చుం', 'U'), ('బ', '|'), ('న', '|'), ('గ', '|'), ('తు', '|'), ('ల', '|'), ('ను', '|'), ('ద', '|'), ('న', '|'), ('భ', 'U'), ('ర్త', '|'), ('కు', '|'), ('ను', '|'), ('దె', 'U'), ('ల్పు', '|'), ('దా', 'U'), ('వు', '|'), ('ల', '|'), ('ర', '|'), ('య', '|'), ('గు', '|'), ('చ', '|'), ('యు', '|'), ('గం', 'U'), ('బు', '|'), ('లు', '|'), ('నా', 'U'), ('భి', '|'), ('గొ', '|'), ('న', '|'), ('బై', 'U'), ('న', '|'), ('కె', 'U'), ('మ్మో', 'U'), ('వి', '|'), ('హ', 'U'), ('స్త', '|'), ('ము', 'U'), ('ల్చె', 'U'), ('క్కు', '|'), ('లు', '|'), ('మ', 'U'), ('స్త', '|'), ('కం', 'U'), ('బు', '|'), ('క', 'U'), ('క్షం', 'U'), ('బు', '|'), ('ను', '|'), ('దు', '|'), ('రు', '|'), ('ను', '|'), ('కం', 'U'), ('ఠం', 'U'), ('బు', '|'), ('మ', '|'), ('రు', '|'), ('ని', 'U'), ('ల్లు', '|'), ('వ', '|'), ('ద', '|'), ('ల', '|'), ('క', '|'), ('ప', '|'), ('ది', '|'), ('చో', 'U'), ('ట్ల', '|'), ('ము', '|'), ('ద', '|'), ('ము', '|'), ('మీ', 'U'), ('ర', '|'), ('క', '|'), ('రి', '|'), ('క', '|'), ('ర', '|'), ('లీ', 'U'), ('ల', '|'), ('ల', '|'), ('గా', 'U'), ('విం', 'U'), ('చి', '|'), ('న', '|'), ('ఖ', '|'), ('ము', '|'), ('ల', '|'), ('ము', 'U'), ('ద్దు', '|'), ('లా', 'U'), ('డ', '|'), ('గ', '|'), ('గొం', 'U'), ('త', '|'), ('మొ', '|'), ('న', '|'), ('య', '|'), ('వ', '|'), ('ల', '|'), ('యు', '|')]",1.0,-1.0,1.0,1.0,1.0,-1.0
teytageethi,ననుచు జుంబనవిధముల నన్ని వగల | దెల్ప వలపింపదగినట్టి తెరవ నిపుడుగలసి యేలుట దగునయ్య కామజనక | మదనగోపాల సత్యభామావిలోల!,vupajaathi,Madanagopala,"[('న', '|'), ('ను', '|'), ('చు', '|'), ('జుం', 'U'), ('బ', '|'), ('న', '|'), ('వి', '|'), ('ధ', '|'), ('ము', '|'), ('ల', '|'), ('న', 'U'), ('న్ని', '|'), ('వ', '|'), ('గ', '|'), ('ల', '|'), ('దె', 'U'), ('ల్ప', '|'), ('వ', '|'), ('ల', '|'), ('పిం', 'U'), ('ప', '|'), ('ద', '|'), ('గి', '|'), ('న', 'U'), ('ట్టి', '|'), ('తె', '|'), ('ర', '|'), ('వ', '|'), ('ని', '|'), ('పు', '|'), ('డు', '|'), ('గ', '|'), ('ల', '|'), ('సి', '|'), ('యే', 'U'), ('లు', '|'), ('ట', '|'), ('ద', '|'), ('గు', '|'), ('న', 'U'), ('య్య', '|'), ('కా', 'U'), ('మ', '|'), ('జ', '|'), ('న', '|'), ('క', '|'), ('మ', '|'), ('ద', '|'), ('న', '|'), ('గో', 'U'), ('పా', 'U'), ('ల', '|'), ('స', 'U'), ('త్య', '|'), ('భా', 'U'), ('మా', 'U'), ('వి', '|'), ('లో', 'U'), ('ల', '|')]",1.0,-1.0,1.0,1.0,1.0,-1.0
seesamu,ఎవతె బోధించెనో సవతి బెట్టిన మందు తలకెక్కె గాబోలు తరుణులారపలుమారు చెలులను బంపిన నిటురాక పంతమేలనె నాతో భామలారమ్రొక్కి వేడితినని ముదితలు దెల్పగా నక్కరలేదనె నమ్మలారవనజాక్షి మగవారి వలపులు సతమనగూడునా తెల్పరే కొమ్మలార,vupajaathi,Madanagopala,"[('ఎ', '|'), ('వ', '|'), ('తె', '|'), ('బో', 'U'), ('ధిం', 'U'), ('చె', '|'), ('నో', 'U'), ('స', '|'), ('వ', '|'), ('తి', '|'), ('బె', 'U'), ('ట్టి', '|'), ('న', '|'), ('మం', 'U'), ('దు', '|'), ('త', '|'), ('ల', '|'), ('కె', 'U'), ('క్కె', '|'), ('గా', 'U'), ('బో', 'U'), ('లు', '|'), ('త', '|'), ('రు', '|'), ('ణు', '|'), ('లా', 'U'), ('ర', '|'), ('ప', '|'), ('లు', '|'), ('మా', 'U'), ('రు', '|'), ('చె', '|'), ('లు', '|'), ('ల', '|'), ('ను', '|'), ('బం', 'U'), ('పి', '|'), ('న', '|'), ('ని', '|'), ('టు', '|'), ('రా', 'U'), ('క', '|'), ('పం', 'U'), ('త', '|'), ('మే', 'U'), ('ల', '|'), ('నె', '|'), ('నా', 'U'), ('తో', 'U'), ('భా', 'U'), ('మ', '|'), ('లా', 'U'), ('ర', '|'), ('మ్రొ', 'U'), ('క్కి', '|'), ('వే', 'U'), ('డి', '|'), ('తి', '|'), ('న', '|'), ('ని', '|'), ('ము', '|'), ('ది', '|'), ('త', '|'), ('లు', '|'), ('దె', 'U'), ('ల్ప', '|'), ('గా', 'U'), ('న', 'U'), ('క్క', '|'), ('ర', '|'), ('లే', 'U'), ('ద', '|'), ('నె', '|'), ('న', 'U'), ('మ్మ', '|'), ('లా', 'U'), ('ర', '|'), ('వ', '|'), ('న', '|'), ('జా', 'U'), ('క్షి', '|'), ('మ', '|'), ('గ', '|'), ('వా', 'U'), ('రి', '|'), ('వ', '|'), ('ల', '|'), ('పు', '|'), ('లు', '|'), ('స', '|'), ('త', '|'), ('మ', '|'), ('న', '|'), ('గూ', 'U'), ('డు', '|'), ('నా', 'U'), ('తె', 'U'), ('ల్ప', '|'), ('రే', 'U'), ('కొ', 'U'), ('మ్మ', '|'), ('లా', 'U'), ('ర', '|')]",0.9895833333333334,-1.0,1.0,0.96875,1.0,-1.0
teytageethi,యనుచు బలుమారు చెలులతో నాడికొనుచు | మోహసాగరమున మున్గి ముదిత నీదుకరుణ యను తెప్ప గోరెడి కమలనయన | మదనగోపాల సత్యభామావిలోల!,vupajaathi,Madanagopala,"[('య', '|'), ('ను', '|'), ('చు', '|'), ('బ', '|'), ('లు', '|'), ('మా', 'U'), ('రు', '|'), ('చె', '|'), ('లు', '|'), ('ల', '|'), ('తో', 'U'), ('నా', 'U'), ('డి', '|'), ('కొ', '|'), ('ను', '|'), ('చు', '|'), ('మో', 'U'), ('హ', '|'), ('సా', 'U'), ('గ', '|'), ('ర', '|'), ('ము', '|'), ('న', '|'), ('ము', 'U'), ('న్గి', '|'), ('ము', '|'), ('ది', '|'), ('త', '|'), ('నీ', 'U'), ('దు', '|'), ('క', '|'), ('రు', '|'), ('ణ', '|'), ('య', '|'), ('ను', '|'), ('తె', 'U'), ('ప్ప', '|'), ('గో', 'U'), ('రె', '|'), ('డి', '|'), ('క', '|'), ('మ', '|'), ('ల', '|'), ('న', '|'), ('య', '|'), ('న', '|'), ('మ', '|'), ('ద', '|'), ('న', '|'), ('గో', 'U'), ('పా', 'U'), ('ల', '|'), ('స', 'U'), ('త్య', '|'), ('భా', 'U'), ('మా', 'U'), ('వి', '|'), ('లో', 'U'), ('ల', '|')]",0.9166666666666666,-1.0,1.0,1.0,0.75,-1.0
seesamu,చిత్తజుకేళికి హత్తెనా వగలాడి యత్తరుగంధంబు యలదినట్లుగుత్తంపుగుబ్బల గ్రుమ్మెనా విరిబోడి మెత్తనిపూచెండ్ల మెరమినట్లుచిత్తంబు నొకటిగా జేర్చెనా యలివేణి నిత్యసంపదలచే నెగడినట్లుపొత్తున భుజియింపబూనెనా శుకవాణి కొంత తేనియ జున్ను గ్రోలినటుల,vupajaathi,Madanagopala,"[('చి', 'U'), ('త్త', '|'), ('జు', '|'), ('కే', 'U'), ('ళి', '|'), ('కి', '|'), ('హ', 'U'), ('త్తె', '|'), ('నా', 'U'), ('వ', '|'), ('గ', '|'), ('లా', 'U'), ('డి', '|'), ('య', 'U'), ('త్త', '|'), ('రు', '|'), ('గం', 'U'), ('ధం', 'U'), ('బు', '|'), ('య', '|'), ('ల', '|'), ('ది', '|'), ('న', 'U'), ('ట్లు', '|'), ('గు', 'U'), ('త్తం', 'U'), ('పు', '|'), ('గు', 'U'), ('బ్బ', '|'), ('ల', '|'), ('గ్రు', 'U'), ('మ్మె', '|'), ('నా', 'U'), ('వి', '|'), ('రి', '|'), ('బో', 'U'), ('డి', '|'), ('మె', 'U'), ('త్త', '|'), ('ని', '|'), ('పూ', 'U'), ('చెం', 'U'), ('డ్ల', '|'), ('మె', '|'), ('ర', '|'), ('మి', '|'), ('న', 'U'), ('ట్లు', '|'), ('చి', 'U'), ('త్తం', 'U'), ('బు', '|'), ('నొ', '|'), ('క', '|'), ('టి', '|'), ('గా', 'U'), ('జే', 'U'), ('ర్చె', '|'), ('నా', 'U'), ('య', '|'), ('లి', '|'), ('వే', 'U'), ('ణి', '|'), ('ని', 'U'), ('త్య', '|'), ('సం', 'U'), ('ప', '|'), ('ద', '|'), ('ల', '|'), ('చే', 'U'), ('నె', '|'), ('గ', '|'), ('డి', '|'), ('న', 'U'), ('ట్లు', '|'), ('పొ', 'U'), ('త్తు', '|'), ('న', '|'), ('భు', '|'), ('జి', '|'), ('యిం', 'U'), ('ప', '|'), ('బూ', 'U'), ('నె', '|'), ('నా', 'U'), ('శు', '|'), ('క', '|'), ('వా', 'U'), ('ణి', '|'), ('కొం', 'U'), ('త', '|'), ('తే', 'U'), ('ని', '|'), ('య', '|'), ('జు', 'U'), ('న్ను', '|'), ('గ్రో', 'U'), ('లి', '|'), ('న', '|'), ('టు', '|'), ('ల', '|')]",1.0,-1.0,1.0,1.0,1.0,-1.0
teytageethi,నుండు గదరోరి యా యింతినొనర గూడ | దగుర యిక జాగుసేయుట దగదు నీకువెలది నను బంచె నిను బిల్వ వేగ రమ్మి | మదనగోపాల సత్యభామావిలోల!,vupajaathi,Madanagopala,"[('నుం', 'U'), ('డు', '|'), ('గ', '|'), ('ద', '|'), ('రో', 'U'), ('రి', '|'), ('యా', 'U'), ('యిం', 'U'), ('తి', '|'), ('నొ', '|'), ('న', '|'), ('ర', '|'), ('గూ', 'U'), ('డ', '|'), ('ద', '|'), ('గు', '|'), ('ర', '|'), ('యి', '|'), ('క', '|'), ('జా', 'U'), ('గు', '|'), ('సే', 'U'), ('యు', '|'), ('ట', '|'), ('ద', '|'), ('గ', '|'), ('దు', '|'), ('నీ', 'U'), ('కు', '|'), ('వె', '|'), ('ల', '|'), ('ది', '|'), ('న', '|'), ('ను', '|'), ('బం', 'U'), ('చె', '|'), ('ని', '|'), ('ను', '|'), ('బి', 'U'), ('ల్వ', '|'), ('వే', 'U'), ('గ', '|'), ('ర', 'U'), ('మ్మి', '|'), ('మ', '|'), ('ద', '|'), ('న', '|'), ('గో', 'U'), ('పా', 'U'), ('ల', '|'), ('స', 'U'), ('త్య', '|'), ('భా', 'U'), ('మా', 'U'), ('వి', '|'), ('లో', 'U'), ('ల', '|')]",1.0,-1.0,1.0,1.0,1.0,-1.0
seesamu,నిను బాసినది మొదల్ నీరజాతాక్షికి నాహారనిద్ర లేదాయె గదరతలపున నిను చాల దలచి వేమారును బరితాపమును జెంది పలుకు గదరయెప్పుడు నను బాయడేమొకో రాడాయెనని తన చెలులతో నాడు గదరచలమూని నా ముద్దుసామి రాడని చాల భయమంది నిను బిల్వబంచె గదర,vupajaathi,Madanagopala,"[('ని', '|'), ('ను', '|'), ('బా', 'U'), ('సి', '|'), ('న', '|'), ('ది', '|'), ('మొ', '|'), ('ద', 'U'), ('ల్నీ', 'U'), ('ర', '|'), ('జా', 'U'), ('తా', 'U'), ('క్షి', '|'), ('కి', '|'), ('నా', 'U'), ('హా', 'U'), ('ర', '|'), ('ని', '|'), ('ద్ర', '|'), ('లే', 'U'), ('దా', 'U'), ('యె', '|'), ('గ', '|'), ('ద', '|'), ('ర', '|'), ('త', '|'), ('ల', '|'), ('పు', '|'), ('న', '|'), ('ని', '|'), ('ను', '|'), ('చా', 'U'), ('ల', '|'), ('ద', '|'), ('ల', '|'), ('చి', '|'), ('వే', 'U'), ('మా', 'U'), ('రు', '|'), ('ను', '|'), ('బ', '|'), ('రి', '|'), ('తా', 'U'), ('ప', '|'), ('ము', '|'), ('ను', '|'), ('జెం', 'U'), ('ది', '|'), ('ప', '|'), ('లు', '|'), ('కు', '|'), ('గ', '|'), ('ద', '|'), ('ర', '|'), ('యె', 'U'), ('ప్పు', '|'), ('డు', '|'), ('న', '|'), ('ను', '|'), ('బా', 'U'), ('య', '|'), ('డే', 'U'), ('మొ', '|'), ('కో', 'U'), ('రా', 'U'), ('డా', 'U'), ('యె', '|'), ('న', '|'), ('ని', '|'), ('త', '|'), ('న', '|'), ('చె', '|'), ('లు', '|'), ('ల', '|'), ('తో', 'U'), ('నా', 'U'), ('డు', '|'), ('గ', '|'), ('ద', '|'), ('ర', '|'), ('చ', '|'), ('ల', '|'), ('మూ', 'U'), ('ని', '|'), ('నా', 'U'), ('ము', 'U'), ('ద్దు', '|'), ('సా', 'U'), ('మి', '|'), ('రా', 'U'), ('డ', '|'), ('ని', '|'), ('చా', 'U'), ('ల', '|'), ('భ', '|'), ('య', '|'), ('మం', 'U'), ('ది', '|'), ('ని', '|'), ('ను', '|'), ('బి', 'U'), ('ల్వ', '|'), ('బం', 'U'), ('చె', '|'), ('గ', '|'), ('ద', '|'), ('ర', '|')]",0.6979166666666666,-1.0,1.0,0.71875,0.375,-1.0
teytageethi,కాన నిటకేగుదెంచితి గారవమున చాన నేలుట తగునయ్య జాగువలదునిన్నె మదిగోరి యున్నది నీలవేణి | మదనగోపాల సత్యభామావిలోల!,vupajaathi,Madanagopala,"[('కా', 'U'), ('న', '|'), ('ని', '|'), ('ట', '|'), ('కే', 'U'), ('గు', '|'), ('దెం', 'U'), ('చి', '|'), ('తి', '|'), ('గా', 'U'), ('ర', '|'), ('వ', '|'), ('ము', '|'), ('న', '|'), ('చా', 'U'), ('న', '|'), ('నే', 'U'), ('లు', '|'), ('ట', '|'), ('త', '|'), ('గు', '|'), ('న', 'U'), ('య్య', '|'), ('జా', 'U'), ('గు', '|'), ('వ', '|'), ('ల', '|'), ('దు', '|'), ('ని', 'U'), ('న్నె', '|'), ('మ', '|'), ('ది', '|'), ('గో', 'U'), ('రి', '|'), ('యు', 'U'), ('న్న', '|'), ('ది', '|'), ('నీ', 'U'), ('ల', '|'), ('వే', 'U'), ('ణి', '|'), ('మ', '|'), ('ద', '|'), ('న', '|'), ('గో', 'U'), ('పా', 'U'), ('ల', '|'), ('స', 'U'), ('త్య', '|'), ('భా', 'U'), ('మా', 'U'), ('వి', '|'), ('లో', 'U'), ('ల', '|')]",1.0,-1.0,1.0,1.0,1.0,-1.0
seesamu,తొలుత ప్రాణేశుని తొడలపై బవళంచి యాసదీరగ ముద్దులాడుకొంచుబ్రాణేశ నిను బాసి ప్రాణముల్ నిలుచునా యని తన కెమ్మోవి యాననిచ్చినలినాక్షి నిను బాయనని బాసలిమ్మని పలుమారు కొసరుచు బడతి విభునిమక్కువతోడను మరుకేళి దేలించి యక్కరతోడ నయ్యలరుబోడి,vupajaathi,Madanagopala,"[('తొ', '|'), ('లు', '|'), ('త', '|'), ('ప్రా', 'U'), ('ణే', 'U'), ('శు', '|'), ('ని', '|'), ('తొ', '|'), ('డ', '|'), ('ల', '|'), ('పై', 'U'), ('బ', '|'), ('వ', '|'), ('ళం', 'U'), ('చి', '|'), ('యా', 'U'), ('స', '|'), ('దీ', 'U'), ('ర', '|'), ('గ', '|'), ('ము', 'U'), ('ద్దు', '|'), ('లా', 'U'), ('డు', '|'), ('కొం', 'U'), ('చు', '|'), ('బ్రా', 'U'), ('ణే', 'U'), ('శ', '|'), ('ని', '|'), ('ను', '|'), ('బా', 'U'), ('సి', '|'), ('ప్రా', 'U'), ('ణ', '|'), ('ము', 'U'), ('ల్ని', '|'), ('లు', '|'), ('చు', '|'), ('నా', 'U'), ('య', '|'), ('ని', '|'), ('త', '|'), ('న', '|'), ('కె', 'U'), ('మ్మో', 'U'), ('వి', '|'), ('యా', 'U'), ('న', '|'), ('ని', 'U'), ('చ్చి', '|'), ('న', '|'), ('లి', '|'), ('నా', 'U'), ('క్షి', '|'), ('ని', '|'), ('ను', '|'), ('బా', 'U'), ('య', '|'), ('న', '|'), ('ని', '|'), ('బా', 'U'), ('స', '|'), ('లి', 'U'), ('మ్మ', '|'), ('ని', '|'), ('ప', '|'), ('లు', '|'), ('మా', 'U'), ('రు', '|'), ('కొ', '|'), ('స', '|'), ('రు', '|'), ('చు', '|'), ('బ', '|'), ('డ', '|'), ('తి', '|'), ('వి', '|'), ('భు', '|'), ('ని', '|'), ('మ', 'U'), ('క్కు', '|'), ('వ', '|'), ('తో', 'U'), ('డ', '|'), ('ను', '|'), ('మ', '|'), ('రు', '|'), ('కే', 'U'), ('ళి', '|'), ('దే', 'U'), ('లిం', 'U'), ('చి', '|'), ('య', 'U'), ('క్క', '|'), ('ర', '|'), ('తో', 'U'), ('డ', '|'), ('న', 'U'), ('య్య', '|'), ('ల', '|'), ('రు', '|'), ('బో', 'U'), ('డి', '|')]",0.9583333333333334,-1.0,1.0,1.0,0.875,-1.0
teytageethi,పాలువెన్నయు మీగడ పంచదార | కొమ్మనుచు వేగ భర్తకు గ్రోలనిచ్చిహాయి పుట్టించునటువంటి యతివ గదర | మదనగోపాల సత్యభామావిలోల!,vupajaathi,Madanagopala,"[('పా', 'U'), ('లు', '|'), ('వె', 'U'), ('న్న', '|'), ('యు', '|'), ('మీ', 'U'), ('గ', '|'), ('డ', '|'), ('పం', 'U'), ('చ', '|'), ('దా', 'U'), ('ర', '|'), ('కొ', 'U'), ('మ్మ', '|'), ('ను', '|'), ('చు', '|'), ('వే', 'U'), ('గ', '|'), ('భ', 'U'), ('ర్త', '|'), ('కు', '|'), ('గ్రో', 'U'), ('ల', '|'), ('ని', 'U'), ('చ్చి', '|'), ('హా', 'U'), ('యి', '|'), ('పు', 'U'), ('ట్టిం', 'U'), ('చు', '|'), ('న', '|'), ('టు', '|'), ('వం', 'U'), ('టి', '|'), ('య', '|'), ('తి', '|'), ('వ', '|'), ('గ', '|'), ('ద', '|'), ('ర', '|'), ('మ', '|'), ('ద', '|'), ('న', '|'), ('గో', 'U'), ('పా', 'U'), ('ల', '|'), ('స', 'U'), ('త్య', '|'), ('భా', 'U'), ('మా', 'U'), ('వి', '|'), ('లో', 'U'), ('ల', '|')]",1.0,-1.0,1.0,1.0,1.0,-1.0
seesamu,పలుమరు మేల్‍జరీ పైటకొంగున గట్టివలపు నిల్పగలేనె వనిత యనుచుజెలరేగి నీ ముద్దుజెక్కులపై నొక్కి ముద్దుబెట్టనియవె ముదితయనుచుకనకాంగి నీ బిగికౌఁగిట నను జేర్చి మనసియ్యరాదటే మగువ యనుచుకొమరొప్ప నీ కుల్కుగుబ్బలపై నాట గోరులుంచగనీవె కొమ్మ యనుచు,vupajaathi,Madanagopala,"[('ప', '|'), ('లు', '|'), ('మ', '|'), ('రు', '|'), ('మే', 'U'), ('ల్జ', '|'), ('రీ', 'U'), ('పై', 'U'), ('ట', '|'), ('కొం', 'U'), ('గు', '|'), ('న', '|'), ('గ', 'U'), ('ట్టి', '|'), ('వ', '|'), ('ల', '|'), ('పు', '|'), ('ని', 'U'), ('ల్ప', '|'), ('గ', '|'), ('లే', 'U'), ('నె', '|'), ('వ', '|'), ('ని', '|'), ('త', '|'), ('య', '|'), ('ను', '|'), ('చు', '|'), ('జె', '|'), ('ల', '|'), ('రే', 'U'), ('గి', '|'), ('నీ', 'U'), ('ము', 'U'), ('ద్దు', '|'), ('జె', 'U'), ('క్కు', '|'), ('ల', '|'), ('పై', 'U'), ('నొ', 'U'), ('క్కి', '|'), ('ము', 'U'), ('ద్దు', '|'), ('బె', 'U'), ('ట్ట', '|'), ('ని', '|'), ('య', '|'), ('వె', '|'), ('ము', '|'), ('ది', '|'), ('త', '|'), ('య', '|'), ('ను', '|'), ('చు', '|'), ('క', '|'), ('న', '|'), ('కాం', 'U'), ('గి', '|'), ('నీ', 'U'), ('బి', '|'), ('గి', '|'), ('కౌ', 'U'), ('గి', '|'), ('ట', '|'), ('న', '|'), ('ను', '|'), ('జే', 'U'), ('ర్చి', '|'), ('మ', '|'), ('న', '|'), ('సి', 'U'), ('య్య', '|'), ('రా', 'U'), ('ద', '|'), ('టే', 'U'), ('మ', '|'), ('గు', '|'), ('వ', '|'), ('య', '|'), ('ను', '|'), ('చు', '|'), ('కొ', '|'), ('మ', '|'), ('రొ', 'U'), ('ప్ప', '|'), ('నీ', 'U'), ('కు', 'U'), ('ల్కు', '|'), ('గు', 'U'), ('బ్బ', '|'), ('ల', '|'), ('పై', 'U'), ('నా', 'U'), ('ట', '|'), ('గో', 'U'), ('రు', '|'), ('లుం', 'U'), ('చ', '|'), ('గ', '|'), ('నీ', 'U'), ('వె', '|'), ('కొ', 'U'), ('మ్మ', '|'), ('య', '|'), ('ను', '|'), ('చు', '|')]",1.0,-1.0,1.0,1.0,1.0,-1.0
teytageethi,వెలది నను చాల కొసరిన విభుని పొందు | మఱచి యెటులుండవచ్చునే మందయానయనుచు నను బంపె నీకడ కబ్జనాభ | మదనగోపాల సత్యభామావిలోల!,vupajaathi,Madanagopala,"[('వె', '|'), ('ల', '|'), ('ది', '|'), ('న', '|'), ('ను', '|'), ('చా', 'U'), ('ల', '|'), ('కొ', '|'), ('స', '|'), ('రి', '|'), ('న', '|'), ('వి', '|'), ('భు', '|'), ('ని', '|'), ('పొం', 'U'), ('దు', '|'), ('మ', '|'), ('ఱ', '|'), ('చి', '|'), ('యె', '|'), ('టు', '|'), ('లుం', 'U'), ('డ', '|'), ('వ', 'U'), ('చ్చు', '|'), ('నే', 'U'), ('మం', 'U'), ('ద', '|'), ('యా', 'U'), ('న', '|'), ('య', '|'), ('ను', '|'), ('చు', '|'), ('న', '|'), ('ను', '|'), ('బం', 'U'), ('పె', '|'), ('నీ', 'U'), ('క', '|'), ('డ', '|'), ('క', 'U'), ('బ్జ', '|'), ('నా', 'U'), ('భ', '|'), ('మ', '|'), ('ద', '|'), ('న', '|'), ('గో', 'U'), ('పా', 'U'), ('ల', '|'), ('స', 'U'), ('త్య', '|'), ('భా', 'U'), ('మా', 'U'), ('వి', '|'), ('లో', 'U'), ('ల', '|')]",0.9166666666666666,-1.0,1.0,1.0,0.75,-1.0
seesamu,ప్రేమతో నా విభు పిలువనంపిన నిందు రాడాయెనేమొకో రామలారసవతులు నాపైన చాడి గావించిరో కానరాకున్నాడు కాంతలారయతివలు నా మనోహరుని రావద్దని యడ్డగించిరొ కదే యమ్మలారమనసిచ్చి యెవతెను మరగియున్నాడకో తెలియదు గదవే యో తెరవలార,vupajaathi,Madanagopala,"[('ప్రే', 'U'), ('మ', '|'), ('తో', 'U'), ('నా', 'U'), ('వి', '|'), ('భు', '|'), ('పి', '|'), ('లు', '|'), ('వ', '|'), ('నం', 'U'), ('పి', '|'), ('న', '|'), ('నిం', 'U'), ('దు', '|'), ('రా', 'U'), ('డా', 'U'), ('యె', '|'), ('నే', 'U'), ('మొ', '|'), ('కో', 'U'), ('రా', 'U'), ('మ', '|'), ('లా', 'U'), ('ర', '|'), ('స', '|'), ('వ', '|'), ('తు', '|'), ('లు', '|'), ('నా', 'U'), ('పై', 'U'), ('న', '|'), ('చా', 'U'), ('డి', '|'), ('గా', 'U'), ('విం', 'U'), ('చి', '|'), ('రో', 'U'), ('కా', 'U'), ('న', '|'), ('రా', 'U'), ('కు', 'U'), ('న్నా', 'U'), ('డు', '|'), ('కాం', 'U'), ('త', '|'), ('లా', 'U'), ('ర', '|'), ('య', '|'), ('తి', '|'), ('వ', '|'), ('లు', '|'), ('నా', 'U'), ('మ', '|'), ('నో', 'U'), ('హ', '|'), ('రు', '|'), ('ని', '|'), ('రా', 'U'), ('వ', 'U'), ('ద్ద', '|'), ('ని', '|'), ('య', 'U'), ('డ్డ', '|'), ('గిం', 'U'), ('చి', '|'), ('రొ', '|'), ('క', '|'), ('దే', 'U'), ('య', 'U'), ('మ్మ', '|'), ('లా', 'U'), ('ర', '|'), ('మ', '|'), ('న', '|'), ('సి', 'U'), ('చ్చి', '|'), ('యె', '|'), ('వ', '|'), ('తె', '|'), ('ను', '|'), ('మ', '|'), ('ర', '|'), ('గి', '|'), ('యు', 'U'), ('న్నా', 'U'), ('డ', '|'), ('కో', 'U'), ('తె', '|'), ('లి', '|'), ('య', '|'), ('దు', '|'), ('గ', '|'), ('ద', '|'), ('వే', 'U'), ('యో', 'U'), ('తె', '|'), ('ర', '|'), ('వ', '|'), ('లా', 'U'), ('ర', '|')]",0.9895833333333334,-1.0,1.0,0.96875,1.0,-1.0
teytageethi,యనుచు జెలులతొ నెప్పుడా యలరుబోడి | నిన్నె తలచుచునున్నది నీరజాక్షగాన రావయ్య వేగమె కమలనయన | మదనగోపాల సత్యభామావిలోల!,vupajaathi,Madanagopala,"[('య', '|'), ('ను', '|'), ('చు', '|'), ('జె', '|'), ('లు', '|'), ('ల', '|'), ('తొ', '|'), ('నె', 'U'), ('ప్పు', '|'), ('డా', 'U'), ('య', '|'), ('ల', '|'), ('రు', '|'), ('బో', 'U'), ('డి', '|'), ('ని', 'U'), ('న్నె', '|'), ('త', '|'), ('ల', '|'), ('చు', '|'), ('చు', '|'), ('ను', 'U'), ('న్న', '|'), ('ది', '|'), ('నీ', 'U'), ('ర', '|'), ('జా', 'U'), ('క్ష', '|'), ('గా', 'U'), ('న', '|'), ('రా', 'U'), ('వ', 'U'), ('య్య', '|'), ('వే', 'U'), ('గ', '|'), ('మె', '|'), ('క', '|'), ('మ', '|'), ('ల', '|'), ('న', '|'), ('య', '|'), ('న', '|'), ('మ', '|'), ('ద', '|'), ('న', '|'), ('గో', 'U'), ('పా', 'U'), ('ల', '|'), ('స', 'U'), ('త్య', '|'), ('భా', 'U'), ('మా', 'U'), ('వి', '|'), ('లో', 'U'), ('ల', '|')]",1.0,-1.0,1.0,1.0,1.0,-1.0
seesamu,తరువు బాసిన తీగె తెరగున విభు బాసి యెటు నిల్వనోపుదు నింతులారననుగైన మొగులు గానని నెమ్మి కైవడి ముచ్చట లేదాయె ముదితలారజలము బాసినయట్టి జలజంబువలె మది సొంపొకించుక లేదె సుదతులారకొమరైన ద్విజరాజు కూరిమి లేనట్టి కుముదంబువలెనాయె కొమ్మలార,vupajaathi,Madanagopala,"[('త', '|'), ('రు', '|'), ('వు', '|'), ('బా', 'U'), ('సి', '|'), ('న', '|'), ('తీ', 'U'), ('గె', '|'), ('తె', '|'), ('ర', '|'), ('గు', '|'), ('న', '|'), ('వి', '|'), ('భు', '|'), ('బా', 'U'), ('సి', '|'), ('యె', '|'), ('టు', '|'), ('ని', 'U'), ('ల్వ', '|'), ('నో', 'U'), ('పు', '|'), ('దు', '|'), ('నిం', 'U'), ('తు', '|'), ('లా', 'U'), ('ర', '|'), ('న', '|'), ('ను', '|'), ('గై', 'U'), ('న', '|'), ('మొ', '|'), ('గు', '|'), ('లు', '|'), ('గా', 'U'), ('న', '|'), ('ని', '|'), ('నె', 'U'), ('మ్మి', '|'), ('కై', 'U'), ('వ', '|'), ('డి', '|'), ('ము', 'U'), ('చ్చ', '|'), ('ట', '|'), ('లే', 'U'), ('దా', 'U'), ('యె', '|'), ('ము', '|'), ('ది', '|'), ('త', '|'), ('లా', 'U'), ('ర', '|'), ('జ', '|'), ('ల', '|'), ('ము', '|'), ('బా', 'U'), ('సి', '|'), ('న', '|'), ('య', 'U'), ('ట్టి', '|'), ('జ', '|'), ('ల', '|'), ('జం', 'U'), ('బు', '|'), ('వ', '|'), ('లె', '|'), ('మ', '|'), ('ది', '|'), ('సొం', 'U'), ('పొ', '|'), ('కిం', 'U'), ('చు', '|'), ('క', '|'), ('లే', 'U'), ('దె', '|'), ('సు', '|'), ('ద', '|'), ('తు', '|'), ('లా', 'U'), ('ర', '|'), ('కొ', '|'), ('మ', '|'), ('రై', 'U'), ('న', 'U'), ('ద్వి', '|'), ('జ', '|'), ('రా', 'U'), ('జు', '|'), ('కూ', 'U'), ('రి', '|'), ('మి', '|'), ('లే', 'U'), ('న', 'U'), ('ట్టి', '|'), ('కు', '|'), ('ము', '|'), ('దం', 'U'), ('బు', '|'), ('వ', '|'), ('లె', '|'), ('నా', 'U'), ('యె', '|'), ('కొ', 'U'), ('మ్మ', '|'), ('లా', 'U'), ('ర', '|')]",0.9479166666666666,-1.0,1.0,0.96875,0.875,-1.0
teytageethi,గాన నిక నేటి బ్రతుకని కంబుకంఠి | మదిని దత్తరమొదవ నా మందయానచెలుల నేవేళ జీరుచు చింతనొందు | మదనగోపాల సత్యభామావిలోల!,vupajaathi,Madanagopala,"[('గా', 'U'), ('న', '|'), ('ని', '|'), ('క', '|'), ('నే', 'U'), ('టి', '|'), ('బ్ర', '|'), ('తు', '|'), ('క', '|'), ('ని', '|'), ('కం', 'U'), ('బు', '|'), ('కం', 'U'), ('ఠి', '|'), ('మ', '|'), ('ది', '|'), ('ని', '|'), ('ద', 'U'), ('త్త', '|'), ('ర', '|'), ('మొ', '|'), ('ద', '|'), ('వ', '|'), ('నా', 'U'), ('మం', 'U'), ('ద', '|'), ('యా', 'U'), ('న', '|'), ('చె', '|'), ('లు', '|'), ('ల', '|'), ('నే', 'U'), ('వే', 'U'), ('ళ', '|'), ('జీ', 'U'), ('రు', '|'), ('చు', '|'), ('చిం', 'U'), ('త', '|'), ('నొం', 'U'), ('దు', '|'), ('మ', '|'), ('ద', '|'), ('న', '|'), ('గో', 'U'), ('పా', 'U'), ('ల', '|'), ('స', 'U'), ('త్య', '|'), ('భా', 'U'), ('మా', 'U'), ('వి', '|'), ('లో', 'U'), ('ల', '|')]",1.0,-1.0,1.0,1.0,1.0,-1.0
seesamu,గజయాన వగమీర గదిసి నాథుని యెద కులుకుగుబ్బలచేత గ్రుమ్మి వేగబదపడి చేతుల వదలక బిగబట్టి గుదిగాళ్లు వెన్నున గూర్చి వొక్కిమరుకేళి నొకవింత మనసిచ్చి యొక కొంతసేపు హాయిగ రతిచెంది మగనిమదికింపు పుట్టింప సదయుని మెప్పించి సుదతి నాథుని మోము జూచి తమిని,vupajaathi,Madanagopala,"[('గ', '|'), ('జ', '|'), ('యా', 'U'), ('న', '|'), ('వ', '|'), ('గ', '|'), ('మీ', 'U'), ('ర', '|'), ('గ', '|'), ('ది', '|'), ('సి', '|'), ('నా', 'U'), ('థు', '|'), ('ని', '|'), ('యె', '|'), ('ద', '|'), ('కు', '|'), ('లు', '|'), ('కు', '|'), ('గు', 'U'), ('బ్బ', '|'), ('ల', '|'), ('చే', 'U'), ('త', '|'), ('గ్రు', 'U'), ('మ్మి', '|'), ('వే', 'U'), ('గ', '|'), ('బ', '|'), ('ద', '|'), ('ప', '|'), ('డి', '|'), ('చే', 'U'), ('తు', '|'), ('ల', '|'), ('వ', '|'), ('ద', '|'), ('ల', '|'), ('క', '|'), ('బి', '|'), ('గ', '|'), ('బ', 'U'), ('ట్టి', '|'), ('గు', '|'), ('ది', '|'), ('గా', 'U'), ('ళ్లు', '|'), ('వె', 'U'), ('న్ను', '|'), ('న', '|'), ('గూ', 'U'), ('ర్చి', '|'), ('వొ', 'U'), ('క్కి', '|'), ('మ', '|'), ('రు', '|'), ('కే', 'U'), ('ళి', '|'), ('నొ', '|'), ('క', '|'), ('విం', 'U'), ('త', '|'), ('మ', '|'), ('న', '|'), ('సి', 'U'), ('చ్చి', '|'), ('యొ', '|'), ('క', '|'), ('కొం', 'U'), ('త', '|'), ('సే', 'U'), ('పు', '|'), ('హా', 'U'), ('యి', '|'), ('గ', '|'), ('ర', '|'), ('తి', '|'), ('చెం', 'U'), ('ది', '|'), ('మ', '|'), ('గ', '|'), ('ని', '|'), ('మ', '|'), ('ది', '|'), ('కిం', 'U'), ('పు', '|'), ('పు', 'U'), ('ట్టిం', 'U'), ('ప', '|'), ('స', '|'), ('ద', '|'), ('యు', '|'), ('ని', '|'), ('మె', 'U'), ('ప్పిం', 'U'), ('చి', '|'), ('సు', '|'), ('ద', '|'), ('తి', '|'), ('నా', 'U'), ('థు', '|'), ('ని', '|'), ('మో', 'U'), ('ము', '|'), ('జూ', 'U'), ('చి', '|'), ('త', '|'), ('మి', '|'), ('ని', '|')]",1.0,-1.0,1.0,1.0,1.0,-1.0
teytageethi,యవుర నా సామి విడువకుమనుచు జాల మ్రొక్కి కౌఁగిట జేరిచి ముద్దుబెట్టికొసరి భర్తను లాలించు కోమలాంగి | మదనగోపాల సత్యభామావిలోల!,vupajaathi,Madanagopala,"[('య', '|'), ('వు', '|'), ('ర', '|'), ('నా', 'U'), ('సా', 'U'), ('మి', '|'), ('వి', '|'), ('డు', '|'), ('వ', '|'), ('కు', '|'), ('మ', '|'), ('ను', '|'), ('చు', '|'), ('జా', 'U'), ('ల', '|'), ('మ్రొ', 'U'), ('క్కి', '|'), ('కౌ', 'U'), ('గి', '|'), ('ట', '|'), ('జే', 'U'), ('రి', '|'), ('చి', '|'), ('ము', 'U'), ('ద్దు', '|'), ('బె', 'U'), ('ట్టి', '|'), ('కొ', '|'), ('స', '|'), ('రి', '|'), ('భ', 'U'), ('ర్త', '|'), ('ను', '|'), ('లా', 'U'), ('లిం', 'U'), ('చు', '|'), ('కో', 'U'), ('మ', '|'), ('లాం', 'U'), ('గి', '|'), ('మ', '|'), ('ద', '|'), ('న', '|'), ('గో', 'U'), ('పా', 'U'), ('ల', '|'), ('స', 'U'), ('త్య', '|'), ('భా', 'U'), ('మా', 'U'), ('వి', '|'), ('లో', 'U'), ('ల', '|')]",0.9166666666666666,-1.0,1.0,1.0,0.75,-1.0
seesamu,పల్కున దేనియలొల్కు రాజిల్క నా మదిరాక్షి విభునితో మాటలాడుఠీవి మీరిన మేటిపావురావలె గుల్కి మొనసి నాథునకు కెమ్మోవి యొసగుజిగిమీర గౌగిళ్ల పికిలిపిట్టల భాతి తరుణి నాథుని గూడి తగ బెనంగుశుకవాణి భర్తతో లకుముకి చందాన చెలరేగి యుపరతి సలిపి సొక్కు,vupajaathi,Madanagopala,"[('ప', 'U'), ('ల్కు', '|'), ('న', '|'), ('దే', 'U'), ('ని', '|'), ('య', '|'), ('లొ', 'U'), ('ల్కు', '|'), ('రా', 'U'), ('జి', 'U'), ('ల్క', '|'), ('నా', 'U'), ('మ', '|'), ('ది', '|'), ('రా', 'U'), ('క్షి', '|'), ('వి', '|'), ('భు', '|'), ('ని', '|'), ('తో', 'U'), ('మా', 'U'), ('ట', '|'), ('లా', 'U'), ('డు', '|'), ('ఠీ', 'U'), ('వి', '|'), ('మీ', 'U'), ('రి', '|'), ('న', '|'), ('మే', 'U'), ('టి', '|'), ('పా', 'U'), ('వు', '|'), ('రా', 'U'), ('వ', '|'), ('లె', '|'), ('గు', 'U'), ('ల్కి', '|'), ('మొ', '|'), ('న', '|'), ('సి', '|'), ('నా', 'U'), ('థు', '|'), ('న', '|'), ('కు', '|'), ('కె', 'U'), ('మ్మో', 'U'), ('వి', '|'), ('యొ', '|'), ('స', '|'), ('గు', '|'), ('జి', '|'), ('గి', '|'), ('మీ', 'U'), ('ర', '|'), ('గౌ', 'U'), ('గి', 'U'), ('ళ్ల', '|'), ('పి', '|'), ('కి', '|'), ('లి', '|'), ('పి', 'U'), ('ట్ట', '|'), ('ల', '|'), ('భా', 'U'), ('తి', '|'), ('త', '|'), ('రు', '|'), ('ణి', '|'), ('నా', 'U'), ('థు', '|'), ('ని', '|'), ('గూ', 'U'), ('డి', '|'), ('త', '|'), ('గ', '|'), ('బె', '|'), ('నం', 'U'), ('గు', '|'), ('శు', '|'), ('క', '|'), ('వా', 'U'), ('ణి', '|'), ('భ', 'U'), ('ర్త', '|'), ('తో', 'U'), ('ల', '|'), ('కు', '|'), ('ము', '|'), ('కి', '|'), ('చం', 'U'), ('దా', 'U'), ('న', '|'), ('చె', '|'), ('ల', '|'), ('రే', 'U'), ('గి', '|'), ('యు', '|'), ('ప', '|'), ('ర', '|'), ('తి', '|'), ('స', '|'), ('లి', '|'), ('పి', '|'), ('సొ', 'U'), ('క్కు', '|')]",0.9583333333333334,-1.0,1.0,1.0,0.875,-1.0
teytageethi,నహహఈ యింతి వగలెన్న నలవిగాదు | మగువ మరువేదముల కుప్ప మదిని యొప్ప-గోరియున్నది నీ చెల్మి కువలయాక్ష | మదనగోపాల సత్యభామావిలోల!,vupajaathi,Madanagopala,"[('న', '|'), ('హ', '|'), ('హ', '|'), ('ఈ', 'U'), ('యిం', 'U'), ('తి', '|'), ('వ', '|'), ('గ', '|'), ('లె', 'U'), ('న్న', '|'), ('న', '|'), ('ల', '|'), ('వి', '|'), ('గా', 'U'), ('దు', '|'), ('మ', '|'), ('గు', '|'), ('వ', '|'), ('మ', '|'), ('రు', '|'), ('వే', 'U'), ('ద', '|'), ('ము', '|'), ('ల', '|'), ('కు', 'U'), ('ప్ప', '|'), ('మ', '|'), ('ది', '|'), ('ని', '|'), ('యొ', 'U'), ('ప్ప', '|'), ('గో', 'U'), ('రి', '|'), ('యు', 'U'), ('న్న', '|'), ('ది', '|'), ('నీ', 'U'), ('చె', 'U'), ('ల్మి', '|'), ('కు', '|'), ('వ', '|'), ('ల', '|'), ('యా', 'U'), ('క్ష', '|'), ('మ', '|'), ('ద', '|'), ('న', '|'), ('గో', 'U'), ('పా', 'U'), ('ల', '|'), ('స', 'U'), ('త్య', '|'), ('భా', 'U'), ('మా', 'U'), ('వి', '|'), ('లో', 'U'), ('ల', '|')]",1.0,-1.0,1.0,1.0,1.0,-1.0
seesamu,సొగసైన మైనిగ్గు సుదతి సొమ్ముల జగ్గు వెలలేని మణులచే వేడ్కలలరుపగడంపు జిగిడాలు పడతి మోవిని బోలు జూడజూడగ నెంతోచోద్యముగనువిరిబోడి పాలిండ్లు గురులైన పూచెండు నీక్షింపనీక్షింప నెనగు ముదముచెలిహస్తముల బాగు చిగురుటాకుల లాగు గనుగొన నతిమోహకాంక్ష జెందు,vupajaathi,Madanagopala,"[('సొ', '|'), ('గ', '|'), ('సై', 'U'), ('న', '|'), ('మై', 'U'), ('ని', 'U'), ('గ్గు', '|'), ('సు', '|'), ('ద', '|'), ('తి', '|'), ('సొ', 'U'), ('మ్ము', '|'), ('ల', '|'), ('జ', 'U'), ('గ్గు', '|'), ('వె', '|'), ('ల', '|'), ('లే', 'U'), ('ని', '|'), ('మ', '|'), ('ణు', '|'), ('ల', '|'), ('చే', 'U'), ('వే', 'U'), ('డ్క', '|'), ('ల', '|'), ('ల', '|'), ('రు', '|'), ('ప', '|'), ('గ', '|'), ('డం', 'U'), ('పు', '|'), ('జి', '|'), ('గి', '|'), ('డా', 'U'), ('లు', '|'), ('ప', '|'), ('డ', '|'), ('తి', '|'), ('మో', 'U'), ('వి', '|'), ('ని', '|'), ('బో', 'U'), ('లు', '|'), ('జూ', 'U'), ('డ', '|'), ('జూ', 'U'), ('డ', '|'), ('గ', '|'), ('నెం', 'U'), ('తో', 'U'), ('చో', 'U'), ('ద్య', '|'), ('ము', '|'), ('గ', '|'), ('ను', '|'), ('వి', '|'), ('రి', '|'), ('బో', 'U'), ('డి', '|'), ('పా', 'U'), ('లిం', 'U'), ('డ్లు', '|'), ('గు', '|'), ('రు', '|'), ('లై', 'U'), ('న', '|'), ('పూ', 'U'), ('చెం', 'U'), ('డు', '|'), ('నీ', 'U'), ('క్షిం', 'U'), ('ప', '|'), ('నీ', 'U'), ('క్షిం', 'U'), ('ప', '|'), ('నె', '|'), ('న', '|'), ('గు', '|'), ('ము', '|'), ('ద', '|'), ('ము', '|'), ('చె', '|'), ('లి', '|'), ('హ', 'U'), ('స్త', '|'), ('ము', '|'), ('ల', '|'), ('బా', 'U'), ('గు', '|'), ('చి', '|'), ('గు', '|'), ('రు', '|'), ('టా', 'U'), ('కు', '|'), ('ల', '|'), ('లా', 'U'), ('గు', '|'), ('గ', '|'), ('ను', '|'), ('గొ', '|'), ('న', '|'), ('న', '|'), ('తి', '|'), ('మో', 'U'), ('హ', '|'), ('కాం', 'U'), ('క్ష', '|'), ('జెం', 'U'), ('దు', '|')]",0.9895833333333334,-1.0,1.0,0.96875,1.0,-1.0
teytageethi,నిలువనిచ్చునా యొకచోట నిముషమైన | తరుణి నయవినయములచే దగ బెనంగగోరియున్నది రావయ్య కోమలాంగ | మదనగోపాల సత్యభామావిలోల!,vupajaathi,Madanagopala,"[('ని', '|'), ('లు', '|'), ('వ', '|'), ('ని', 'U'), ('చ్చు', '|'), ('నా', 'U'), ('యొ', '|'), ('క', '|'), ('చో', 'U'), ('ట', '|'), ('ని', '|'), ('ము', '|'), ('ష', '|'), ('మై', 'U'), ('న', '|'), ('త', '|'), ('రు', '|'), ('ణి', '|'), ('న', '|'), ('య', '|'), ('వి', '|'), ('న', '|'), ('య', '|'), ('ము', '|'), ('ల', '|'), ('చే', 'U'), ('ద', '|'), ('గ', '|'), ('బె', '|'), ('నం', 'U'), ('గ', '|'), ('గో', 'U'), ('రి', '|'), ('యు', 'U'), ('న్న', '|'), ('ది', '|'), ('రా', 'U'), ('వ', 'U'), ('య్య', '|'), ('కో', 'U'), ('మ', '|'), ('లాం', 'U'), ('గ', '|'), ('మ', '|'), ('ద', '|'), ('న', '|'), ('గో', 'U'), ('పా', 'U'), ('ల', '|'), ('స', 'U'), ('త్య', '|'), ('భా', 'U'), ('మా', 'U'), ('వి', '|'), ('లో', 'U'), ('ల', '|')]",1.0,-1.0,1.0,1.0,1.0,-1.0
seesamu,పసిడిబుటేదారి పట్టువల్వ ధరించి రాణించు పైఠాణిరవికె దొడిగిబాలచందురువంటి ఫాలభాగంబున దిలకంబు కొనగోర దిద్ది వేగవరుని మృదూక్తుల వలపించి జిగిబిగికౌఁగిట జేర్పును కంబుకంఠిపద్మంబు తావి మై బరగు పద్మినిజాతి కాంతయౌ నది గాన కమలనాభ,vupajaathi,Madanagopala,"[('ప', '|'), ('సి', '|'), ('డి', '|'), ('బు', '|'), ('టే', 'U'), ('దా', 'U'), ('రి', '|'), ('ప', 'U'), ('ట్టు', '|'), ('వ', 'U'), ('ల్వ', '|'), ('ధ', '|'), ('రిం', 'U'), ('చి', '|'), ('రా', 'U'), ('ణిం', 'U'), ('చు', '|'), ('పై', 'U'), ('ఠా', 'U'), ('ణి', '|'), ('ర', '|'), ('వి', '|'), ('కె', '|'), ('దొ', '|'), ('డి', '|'), ('గి', '|'), ('బా', 'U'), ('ల', '|'), ('చం', 'U'), ('దు', '|'), ('రు', '|'), ('వం', 'U'), ('టి', '|'), ('ఫా', 'U'), ('ల', '|'), ('భా', 'U'), ('గం', 'U'), ('బు', '|'), ('న', '|'), ('ది', '|'), ('ల', '|'), ('కం', 'U'), ('బు', '|'), ('కొ', '|'), ('న', '|'), ('గో', 'U'), ('ర', '|'), ('ది', 'U'), ('ద్ది', '|'), ('వే', 'U'), ('గ', '|'), ('వ', '|'), ('రు', '|'), ('ని', '|'), ('మృ', '|'), ('దూ', 'U'), ('క్తు', '|'), ('ల', '|'), ('వ', '|'), ('ల', '|'), ('పిం', 'U'), ('చి', '|'), ('జి', '|'), ('గి', '|'), ('బి', '|'), ('గి', '|'), ('కౌ', 'U'), ('గి', '|'), ('ట', '|'), ('జే', 'U'), ('ర్పు', '|'), ('ను', '|'), ('కం', 'U'), ('బు', '|'), ('కం', 'U'), ('ఠి', '|'), ('ప', 'U'), ('ద్మం', 'U'), ('బు', '|'), ('తా', 'U'), ('వి', '|'), ('మై', 'U'), ('బ', '|'), ('ర', '|'), ('గు', '|'), ('ప', 'U'), ('ద్మి', '|'), ('ని', '|'), ('జా', 'U'), ('తి', '|'), ('కాం', 'U'), ('త', '|'), ('యౌ', 'U'), ('న', '|'), ('ది', '|'), ('గా', 'U'), ('న', '|'), ('క', '|'), ('మ', '|'), ('ల', '|'), ('నా', 'U'), ('భ', '|')]",1.0,-1.0,1.0,1.0,1.0,-1.0
teytageethi,నిన్నె మది గోరియున్నది నీలజాక్షి | తామసించక రావయ్య తరుణికడకుభవ్యగుణశీల యీవేళ భక్తపాల | మదనగోపాల సత్యభామావిలోల!,vupajaathi,Madanagopala,"[('ని', 'U'), ('న్నె', '|'), ('మ', '|'), ('ది', '|'), ('గో', 'U'), ('రి', '|'), ('యు', 'U'), ('న్న', '|'), ('ది', '|'), ('నీ', 'U'), ('ల', '|'), ('జా', 'U'), ('క్షి', '|'), ('తా', 'U'), ('మ', '|'), ('సిం', 'U'), ('చ', '|'), ('క', '|'), ('రా', 'U'), ('వ', 'U'), ('య్య', '|'), ('త', '|'), ('రు', '|'), ('ణి', '|'), ('క', '|'), ('డ', '|'), ('కు', '|'), ('భ', 'U'), ('వ్య', '|'), ('గు', '|'), ('ణ', '|'), ('శీ', 'U'), ('ల', '|'), ('యీ', 'U'), ('వే', 'U'), ('ళ', '|'), ('భ', 'U'), ('క్త', '|'), ('పా', 'U'), ('ల', '|'), ('మ', '|'), ('ద', '|'), ('న', '|'), ('గో', 'U'), ('పా', 'U'), ('ల', '|'), ('స', 'U'), ('త్య', '|'), ('భా', 'U'), ('మా', 'U'), ('వి', '|'), ('లో', 'U'), ('ల', '|')]",1.0,-1.0,1.0,1.0,1.0,-1.0
seesamu,వదనాంబుజమునందు కొదమతేటుల మాడ్కి నలువైన ముంగురుల్ నటనమాడపసమించు బంగారుపతకముల్ జతగూడి కులుకుగుబ్బలమీద గుసియాడసందిటగల బాజుబందుకుచ్చులచాలు తోరమై పలుమారు తూగులాడచెలువైన మొలనూలి చిరుఘంటలొరయుచు సారె కణిల్లని సద్దుసేయ,vupajaathi,Madanagopala,"[('వ', '|'), ('ద', '|'), ('నాం', 'U'), ('బు', '|'), ('జ', '|'), ('ము', '|'), ('నం', 'U'), ('దు', '|'), ('కొ', '|'), ('ద', '|'), ('మ', '|'), ('తే', 'U'), ('టు', '|'), ('ల', '|'), ('మా', 'U'), ('డ్కి', '|'), ('న', '|'), ('లు', '|'), ('వై', 'U'), ('న', '|'), ('ముం', 'U'), ('గు', '|'), ('రు', 'U'), ('ల్న', '|'), ('ట', '|'), ('న', '|'), ('మా', 'U'), ('డ', '|'), ('ప', '|'), ('స', '|'), ('మిం', 'U'), ('చు', '|'), ('బం', 'U'), ('గా', 'U'), ('రు', '|'), ('ప', '|'), ('త', '|'), ('క', '|'), ('ము', 'U'), ('ల్జ', '|'), ('త', '|'), ('గూ', 'U'), ('డి', '|'), ('కు', '|'), ('లు', '|'), ('కు', '|'), ('గు', 'U'), ('బ్బ', '|'), ('ల', '|'), ('మీ', 'U'), ('ద', '|'), ('గు', '|'), ('సి', '|'), ('యా', 'U'), ('డ', '|'), ('సం', 'U'), ('ది', '|'), ('ట', '|'), ('గ', '|'), ('ల', '|'), ('బా', 'U'), ('జు', '|'), ('బం', 'U'), ('దు', '|'), ('కు', 'U'), ('చ్చు', '|'), ('ల', '|'), ('చా', 'U'), ('లు', '|'), ('తో', 'U'), ('ర', '|'), ('మై', 'U'), ('ప', '|'), ('లు', '|'), ('మా', 'U'), ('రు', '|'), ('తూ', 'U'), ('గు', '|'), ('లా', 'U'), ('డ', '|'), ('చె', '|'), ('లు', '|'), ('వై', 'U'), ('న', '|'), ('మొ', '|'), ('ల', '|'), ('నూ', 'U'), ('లి', '|'), ('చి', '|'), ('రు', '|'), ('ఘం', 'U'), ('ట', '|'), ('లొ', '|'), ('ర', '|'), ('యు', '|'), ('చు', '|'), ('సా', 'U'), ('రె', '|'), ('క', '|'), ('ణి', 'U'), ('ల్ల', '|'), ('ని', '|'), ('స', 'U'), ('ద్దు', '|'), ('సే', 'U'), ('య', '|')]",0.78125,-1.0,1.0,0.84375,0.5,-1.0
teytageethi,జెలగి మొనసియు రతిగూడు చిన్నెలన్ని | మఱచియున్నాడొ దెల్పవే మగువ యనుచునన్ను బనిచిన వచ్చితి నలిననాభ | మదనగోపాల సత్యభామావిలోల!,vupajaathi,Madanagopala,"[('జె', '|'), ('ల', '|'), ('గి', '|'), ('మొ', '|'), ('న', '|'), ('సి', '|'), ('యు', '|'), ('ర', '|'), ('తి', '|'), ('గూ', 'U'), ('డు', '|'), ('చి', 'U'), ('న్నె', '|'), ('ల', 'U'), ('న్ని', '|'), ('మ', '|'), ('ఱ', '|'), ('చి', '|'), ('యు', 'U'), ('న్నా', 'U'), ('డొ', '|'), ('దె', 'U'), ('ల్ప', '|'), ('వే', 'U'), ('మ', '|'), ('గు', '|'), ('వ', '|'), ('య', '|'), ('ను', '|'), ('చు', '|'), ('న', 'U'), ('న్ను', '|'), ('బ', '|'), ('ని', '|'), ('చి', '|'), ('న', '|'), ('వ', 'U'), ('చ్చి', '|'), ('తి', '|'), ('న', '|'), ('లి', '|'), ('న', '|'), ('నా', 'U'), ('భ', '|'), ('మ', '|'), ('ద', '|'), ('న', '|'), ('గో', 'U'), ('పా', 'U'), ('ల', '|'), ('స', 'U'), ('త్య', '|'), ('భా', 'U'), ('మా', 'U'), ('వి', '|'), ('లో', 'U'), ('ల', '|')]",1.0,-1.0,1.0,1.0,1.0,-1.0
seesamu,తోయజముఖి విభు తొడలపై దన పాదయుగము చక్కగ నిల్పి యువతి వేగపతి భుజంబులు రెండు పట్టుక తన చేత గొసరి తా గెమ్మోవి గ్రోలనిచ్చికలయుచు మరుకేళి కాంక్షదీరగ జేసి యాకుమడ్పు లొసంగి హవుసుమీరనిను బాయజాలరా నిముషమేని యటంచు మనసుంచి దయజూడుమనుచు బలికి,vupajaathi,Madanagopala,"[('తో', 'U'), ('య', '|'), ('జ', '|'), ('ము', '|'), ('ఖి', '|'), ('వి', '|'), ('భు', '|'), ('తొ', '|'), ('డ', '|'), ('ల', '|'), ('పై', 'U'), ('ద', '|'), ('న', '|'), ('పా', 'U'), ('ద', '|'), ('యు', '|'), ('గ', '|'), ('ము', '|'), ('చ', 'U'), ('క్క', '|'), ('గ', '|'), ('ని', 'U'), ('ల్పి', '|'), ('యు', '|'), ('వ', '|'), ('తి', '|'), ('వే', 'U'), ('గ', '|'), ('ప', '|'), ('తి', '|'), ('భు', '|'), ('జం', 'U'), ('బు', '|'), ('లు', '|'), ('రెం', 'U'), ('డు', '|'), ('ప', 'U'), ('ట్టు', '|'), ('క', '|'), ('త', '|'), ('న', '|'), ('చే', 'U'), ('త', '|'), ('గొ', '|'), ('స', '|'), ('రి', '|'), ('తా', 'U'), ('గె', 'U'), ('మ్మో', 'U'), ('వి', '|'), ('గ్రో', 'U'), ('ల', '|'), ('ని', 'U'), ('చ్చి', '|'), ('క', '|'), ('ల', '|'), ('యు', '|'), ('చు', '|'), ('మ', '|'), ('రు', '|'), ('కే', 'U'), ('ళి', '|'), ('కాం', 'U'), ('క్ష', '|'), ('దీ', 'U'), ('ర', '|'), ('గ', '|'), ('జే', 'U'), ('సి', '|'), ('యా', 'U'), ('కు', '|'), ('మ', 'U'), ('డ్పు', '|'), ('లొ', '|'), ('సం', 'U'), ('గి', '|'), ('హ', '|'), ('వు', '|'), ('సు', '|'), ('మీ', 'U'), ('ర', '|'), ('ని', '|'), ('ను', '|'), ('బా', 'U'), ('య', '|'), ('జా', 'U'), ('ల', '|'), ('రా', 'U'), ('ని', '|'), ('ము', '|'), ('ష', '|'), ('మే', 'U'), ('ని', '|'), ('య', '|'), ('టం', 'U'), ('చు', '|'), ('మ', '|'), ('న', '|'), ('సుం', 'U'), ('చి', '|'), ('ద', '|'), ('య', '|'), ('జూ', 'U'), ('డు', '|'), ('మ', '|'), ('ను', '|'), ('చు', '|'), ('బ', '|'), ('లి', '|'), ('కి', '|')]",1.0,-1.0,1.0,1.0,1.0,-1.0
teytageethi,మాటిమాటికి నీపైని మరులు చెంది యున్న విరిబోడి నెడబాయ నుచితమగునెతరుణి మరుబారిచేతను దాళదికను | మదనగోపాల సత్యభామావిలోల!,vupajaathi,Madanagopala,"[('మా', 'U'), ('టి', '|'), ('మా', 'U'), ('టి', '|'), ('కి', '|'), ('నీ', 'U'), ('పై', 'U'), ('ని', '|'), ('మ', '|'), ('రు', '|'), ('లు', '|'), ('చెం', 'U'), ('ది', '|'), ('యు', 'U'), ('న్న', '|'), ('వి', '|'), ('రి', '|'), ('బో', 'U'), ('డి', '|'), ('నె', '|'), ('డ', '|'), ('బా', 'U'), ('య', '|'), ('ను', '|'), ('చి', '|'), ('త', '|'), ('మ', '|'), ('గు', '|'), ('నె', '|'), ('త', '|'), ('రు', '|'), ('ణి', '|'), ('మ', '|'), ('రు', '|'), ('బా', 'U'), ('రి', '|'), ('చే', 'U'), ('త', '|'), ('ను', '|'), ('దా', 'U'), ('ళ', '|'), ('ది', '|'), ('క', '|'), ('ను', '|'), ('మ', '|'), ('ద', '|'), ('న', '|'), ('గో', 'U'), ('పా', 'U'), ('ల', '|'), ('స', 'U'), ('త్య', '|'), ('భా', 'U'), ('మా', 'U'), ('వి', '|'), ('లో', 'U'), ('ల', '|')]",0.9166666666666666,-1.0,1.0,1.0,0.75,-1.0
seesamu,మాటల నొకకొంత పాటల నొకవింత గావించు బతి కింపుగాను కొమ్మరూపున నొకకొంత చూపున నొకవింత జూపించు విభునకు సుందరాంగితళుకున నొకకొంత బెళుకు నొకవింత గల్పించు ధవునకు గంబుకంఠిముద్దుల నొకకొంత మోవిమార్పుల వింత గావించు భర్తకు గమలపాణి,vupajaathi,Madanagopala,"[('మా', 'U'), ('ట', '|'), ('ల', '|'), ('నొ', '|'), ('క', '|'), ('కొం', 'U'), ('త', '|'), ('పా', 'U'), ('ట', '|'), ('ల', '|'), ('నొ', '|'), ('క', '|'), ('విం', 'U'), ('త', '|'), ('గా', 'U'), ('విం', 'U'), ('చు', '|'), ('బ', '|'), ('తి', '|'), ('కిం', 'U'), ('పు', '|'), ('గా', 'U'), ('ను', '|'), ('కొ', 'U'), ('మ్మ', '|'), ('రూ', 'U'), ('పు', '|'), ('న', '|'), ('నొ', '|'), ('క', '|'), ('కొం', 'U'), ('త', '|'), ('చూ', 'U'), ('పు', '|'), ('న', '|'), ('నొ', '|'), ('క', '|'), ('విం', 'U'), ('త', '|'), ('జూ', 'U'), ('పిం', 'U'), ('చు', '|'), ('వి', '|'), ('భు', '|'), ('న', '|'), ('కు', '|'), ('సుం', 'U'), ('ద', '|'), ('రాం', 'U'), ('గి', '|'), ('త', '|'), ('ళు', '|'), ('కు', '|'), ('న', '|'), ('నొ', '|'), ('క', '|'), ('కొం', 'U'), ('త', '|'), ('బె', '|'), ('ళు', '|'), ('కు', '|'), ('నొ', '|'), ('క', '|'), ('విం', 'U'), ('త', '|'), ('గ', 'U'), ('ల్పిం', 'U'), ('చు', '|'), ('ధ', '|'), ('వు', '|'), ('న', '|'), ('కు', '|'), ('గం', 'U'), ('బు', '|'), ('కం', 'U'), ('ఠి', '|'), ('ము', 'U'), ('ద్దు', '|'), ('ల', '|'), ('నొ', '|'), ('క', '|'), ('కొం', 'U'), ('త', '|'), ('మో', 'U'), ('వి', '|'), ('మా', 'U'), ('ర్పు', '|'), ('ల', '|'), ('విం', 'U'), ('త', '|'), ('గా', 'U'), ('విం', 'U'), ('చు', '|'), ('భ', 'U'), ('ర్త', '|'), ('కు', '|'), ('గ', '|'), ('మ', '|'), ('ల', '|'), ('పా', 'U'), ('ణి', '|')]",0.8229166666666666,-1.0,1.0,0.84375,0.625,-1.0
teytageethi,తరుణి వగలెన్న నెవ్వరితరము గాదు వినుతగుణశీల నీకు నే విన్నవింతుజాగు సేయక రావయ్య జలజనాభ | మదనగోపాల సత్యభామావిలోల!,vupajaathi,Madanagopala,"[('త', '|'), ('రు', '|'), ('ణి', '|'), ('వ', '|'), ('గ', '|'), ('లె', 'U'), ('న్న', '|'), ('నె', 'U'), ('వ్వ', '|'), ('రి', '|'), ('త', '|'), ('ర', '|'), ('ము', '|'), ('గా', 'U'), ('దు', '|'), ('వి', '|'), ('ను', '|'), ('త', '|'), ('గు', '|'), ('ణ', '|'), ('శీ', 'U'), ('ల', '|'), ('నీ', 'U'), ('కు', '|'), ('నే', 'U'), ('వి', 'U'), ('న్న', '|'), ('విం', 'U'), ('తు', '|'), ('జా', 'U'), ('గు', '|'), ('సే', 'U'), ('య', '|'), ('క', '|'), ('రా', 'U'), ('వ', 'U'), ('య్య', '|'), ('జ', '|'), ('ల', '|'), ('జ', '|'), ('నా', 'U'), ('భ', '|'), ('మ', '|'), ('ద', '|'), ('న', '|'), ('గో', 'U'), ('పా', 'U'), ('ల', '|'), ('స', 'U'), ('త్య', '|'), ('భా', 'U'), ('మా', 'U'), ('వి', '|'), ('లో', 'U'), ('ల', '|')]",1.0,-1.0,1.0,1.0,1.0,-1.0
seesamu,చెఱగు మాసిన మొదముల్ చెలియ మూడవనాడు గడిచి వేడ్కను జలకంబులాడిపసపూని నెమ్మేన మిసిమికాంతి చెలంగ చాన పాదిరిపూల చాదుబెట్టినొసట బాసటబొట్టు పసమించు వజ్రాల యాభరణంబుల నమర దాల్చితళుకుబంగరు బుటేదారి పావడ పైని సరిగె పైటచెరంగు జాళువార,vupajaathi,Madanagopala,"[('చె', '|'), ('ఱ', '|'), ('గు', '|'), ('మా', 'U'), ('సి', '|'), ('న', '|'), ('మొ', '|'), ('ద', '|'), ('ము', 'U'), ('ల్చె', '|'), ('లి', '|'), ('య', '|'), ('మూ', 'U'), ('డ', '|'), ('వ', '|'), ('నా', 'U'), ('డు', '|'), ('గ', '|'), ('డి', '|'), ('చి', '|'), ('వే', 'U'), ('డ్క', '|'), ('ను', '|'), ('జ', '|'), ('ల', '|'), ('కం', 'U'), ('బు', '|'), ('లా', 'U'), ('డి', '|'), ('ప', '|'), ('స', '|'), ('పూ', 'U'), ('ని', '|'), ('నె', 'U'), ('మ్మే', 'U'), ('న', '|'), ('మి', '|'), ('సి', '|'), ('మి', '|'), ('కాం', 'U'), ('తి', '|'), ('చె', '|'), ('లం', 'U'), ('గ', '|'), ('చా', 'U'), ('న', '|'), ('పా', 'U'), ('ది', '|'), ('రి', '|'), ('పూ', 'U'), ('ల', '|'), ('చా', 'U'), ('దు', '|'), ('బె', 'U'), ('ట్టి', '|'), ('నొ', '|'), ('స', '|'), ('ట', '|'), ('బా', 'U'), ('స', '|'), ('ట', '|'), ('బొ', 'U'), ('ట్టు', '|'), ('ప', '|'), ('స', '|'), ('మిం', 'U'), ('చు', '|'), ('వ', '|'), ('జ్రా', 'U'), ('ల', '|'), ('యా', 'U'), ('భ', '|'), ('ర', '|'), ('ణం', 'U'), ('బు', '|'), ('ల', '|'), ('న', '|'), ('మ', '|'), ('ర', '|'), ('దా', 'U'), ('ల్చి', '|'), ('త', '|'), ('ళు', '|'), ('కు', '|'), ('బం', 'U'), ('గ', '|'), ('రు', '|'), ('బు', '|'), ('టే', 'U'), ('దా', 'U'), ('రి', '|'), ('పా', 'U'), ('వ', '|'), ('డ', '|'), ('పై', 'U'), ('ని', '|'), ('స', '|'), ('రి', '|'), ('గె', '|'), ('పై', 'U'), ('ట', '|'), ('చె', '|'), ('రం', 'U'), ('గు', '|'), ('జా', 'U'), ('ళు', '|'), ('వా', 'U'), ('ర', '|')]",0.6770833333333334,-1.0,1.0,0.78125,0.25,-1.0
teytageethi,కొద్దియద్దాల రవికెయు ముద్దుగుల్క | తోరమగు గబ్బిగుబ్బల దొడగి కొమ్మవెడలు తరి జూడగావలె వేయుకనుల | మదనగోపాల సత్యభామావిలోల!,vupajaathi,Madanagopala,"[('కొ', 'U'), ('ద్ది', '|'), ('య', 'U'), ('ద్దా', 'U'), ('ల', '|'), ('ర', '|'), ('వి', '|'), ('కె', '|'), ('యు', '|'), ('ము', 'U'), ('ద్దు', '|'), ('గు', 'U'), ('ల్క', '|'), ('తో', 'U'), ('ర', '|'), ('మ', '|'), ('గు', '|'), ('గ', 'U'), ('బ్బి', '|'), ('గు', 'U'), ('బ్బ', '|'), ('ల', '|'), ('దొ', '|'), ('డ', '|'), ('గి', '|'), ('కొ', 'U'), ('మ్మ', '|'), ('వె', '|'), ('డ', '|'), ('లు', '|'), ('త', '|'), ('రి', '|'), ('జూ', 'U'), ('డ', '|'), ('గా', 'U'), ('వ', '|'), ('లె', '|'), ('వే', 'U'), ('యు', '|'), ('క', '|'), ('ను', '|'), ('ల', '|'), ('మ', '|'), ('ద', '|'), ('న', '|'), ('గో', 'U'), ('పా', 'U'), ('ల', '|'), ('స', 'U'), ('త్య', '|'), ('భా', 'U'), ('మా', 'U'), ('వి', '|'), ('లో', 'U'), ('ల', '|')]",1.0,-1.0,1.0,1.0,1.0,-1.0
seesamu,దొండపండుకు జాల బొండుమల్లెలు గూర్చి యాట్లాడరా వేగ హవుసుకాడఅద్దంపు పైపద్మమంటించి ప్రియమున జూడరా యావింత సొగసుకాడబాలచంద్రుల దెచ్చి పూలచెండ్ల గదించి వేడుక చూడరా వింతకాడమకరధ్వజునిగూటి శుకము నోటికనంటిపండిచ్చి చూడరా బలిమికాడ,vupajaathi,Madanagopala,"[('దొం', 'U'), ('డ', '|'), ('పం', 'U'), ('డు', '|'), ('కు', '|'), ('జా', 'U'), ('ల', '|'), ('బొం', 'U'), ('డు', '|'), ('మ', 'U'), ('ల్లె', '|'), ('లు', '|'), ('గూ', 'U'), ('ర్చి', '|'), ('యా', 'U'), ('ట్లా', 'U'), ('డ', '|'), ('రా', 'U'), ('వే', 'U'), ('గ', '|'), ('హ', '|'), ('వు', '|'), ('సు', '|'), ('కా', 'U'), ('డ', '|'), ('అ', 'U'), ('ద్దం', 'U'), ('పు', '|'), ('పై', 'U'), ('ప', 'U'), ('ద్మ', '|'), ('మం', 'U'), ('టిం', 'U'), ('చి', '|'), ('ప్రి', '|'), ('య', '|'), ('ము', '|'), ('న', '|'), ('జూ', 'U'), ('డ', '|'), ('రా', 'U'), ('యా', 'U'), ('విం', 'U'), ('త', '|'), ('సొ', '|'), ('గ', '|'), ('సు', '|'), ('కా', 'U'), ('డ', '|'), ('బా', 'U'), ('ల', '|'), ('చం', 'U'), ('ద్రు', '|'), ('ల', '|'), ('దె', 'U'), ('చ్చి', '|'), ('పూ', 'U'), ('ల', '|'), ('చెం', 'U'), ('డ్ల', '|'), ('గ', '|'), ('దిం', 'U'), ('చి', '|'), ('వే', 'U'), ('డు', '|'), ('క', '|'), ('చూ', 'U'), ('డ', '|'), ('రా', 'U'), ('విం', 'U'), ('త', '|'), ('కా', 'U'), ('డ', '|'), ('మ', '|'), ('క', '|'), ('ర', 'U'), ('ధ్వ', '|'), ('జు', '|'), ('ని', '|'), ('గూ', 'U'), ('టి', '|'), ('శు', '|'), ('క', '|'), ('ము', '|'), ('నో', 'U'), ('టి', '|'), ('క', '|'), ('నం', 'U'), ('టి', '|'), ('పం', 'U'), ('డి', 'U'), ('చ్చి', '|'), ('చూ', 'U'), ('డ', '|'), ('రా', 'U'), ('బ', '|'), ('లి', '|'), ('మి', '|'), ('కా', 'U'), ('డ', '|')]",0.9583333333333334,-1.0,1.0,1.0,0.875,-1.0
teytageethi,యనుచు దెరచాటి మాటల నతివ నీదు మనసు రంజిల్లగా జేయు మదనతంత్రజాలముల పుట్ట యా దిట్ట సరసిజాక్ష | మదనగోపాల సత్యభామావిలోల!,vupajaathi,Madanagopala,"[('య', '|'), ('ను', '|'), ('చు', '|'), ('దె', '|'), ('ర', '|'), ('చా', 'U'), ('టి', '|'), ('మా', 'U'), ('ట', '|'), ('ల', '|'), ('న', '|'), ('తి', '|'), ('వ', '|'), ('నీ', 'U'), ('దు', '|'), ('మ', '|'), ('న', '|'), ('సు', '|'), ('రం', 'U'), ('జి', 'U'), ('ల్ల', '|'), ('గా', 'U'), ('జే', 'U'), ('యు', '|'), ('మ', '|'), ('ద', '|'), ('న', '|'), ('తం', 'U'), ('త్ర', '|'), ('జా', 'U'), ('ల', '|'), ('ము', '|'), ('ల', '|'), ('పు', 'U'), ('ట్ట', '|'), ('యా', 'U'), ('ది', 'U'), ('ట్ట', '|'), ('స', '|'), ('ర', '|'), ('సి', '|'), ('జా', 'U'), ('క్ష', '|'), ('మ', '|'), ('ద', '|'), ('న', '|'), ('గో', 'U'), ('పా', 'U'), ('ల', '|'), ('స', 'U'), ('త్య', '|'), ('భా', 'U'), ('మా', 'U'), ('వి', '|'), ('లో', 'U'), ('ల', '|')]",0.9166666666666666,-1.0,1.0,1.0,0.75,-1.0
seesamu,మరుని చేతికటారి మగువకుల్కు మిటారి తలపున బతి గోరి తాళలేకతెమ్మెర గడుదూరి తమ్ముల నటుచేరి కొమ్మలకడ జేరి గొసరి వేగవలపునకే దారి వనజాక్షి యీసారి పిలువరే నా శౌరి ప్రియము దనరకరుణించి యొకసారి కలసెనా వగమీరి తరుణి నా తమి జీరి తలతి చెలుల,vupajaathi,Madanagopala,"[('మ', '|'), ('రు', '|'), ('ని', '|'), ('చే', 'U'), ('తి', '|'), ('క', '|'), ('టా', 'U'), ('రి', '|'), ('మ', '|'), ('గు', '|'), ('వ', '|'), ('కు', 'U'), ('ల్కు', '|'), ('మి', '|'), ('టా', 'U'), ('రి', '|'), ('త', '|'), ('ల', '|'), ('పు', '|'), ('న', '|'), ('బ', '|'), ('తి', '|'), ('గో', 'U'), ('రి', '|'), ('తా', 'U'), ('ళ', '|'), ('లే', 'U'), ('క', '|'), ('తె', 'U'), ('మ్మె', '|'), ('ర', '|'), ('గ', '|'), ('డు', '|'), ('దూ', 'U'), ('రి', '|'), ('త', 'U'), ('మ్ము', '|'), ('ల', '|'), ('న', '|'), ('టు', '|'), ('చే', 'U'), ('రి', '|'), ('కొ', 'U'), ('మ్మ', '|'), ('ల', '|'), ('క', '|'), ('డ', '|'), ('జే', 'U'), ('రి', '|'), ('గొ', '|'), ('స', '|'), ('రి', '|'), ('వే', 'U'), ('గ', '|'), ('వ', '|'), ('ల', '|'), ('పు', '|'), ('న', '|'), ('కే', 'U'), ('దా', 'U'), ('రి', '|'), ('వ', '|'), ('న', '|'), ('జా', 'U'), ('క్షి', '|'), ('యీ', 'U'), ('సా', 'U'), ('రి', '|'), ('పి', '|'), ('లు', '|'), ('వ', '|'), ('రే', 'U'), ('నా', 'U'), ('శౌ', 'U'), ('రి', '|'), ('ప్రి', '|'), ('య', '|'), ('ము', '|'), ('ద', '|'), ('న', '|'), ('ర', '|'), ('క', '|'), ('రు', '|'), ('ణిం', 'U'), ('చి', '|'), ('యొ', '|'), ('క', '|'), ('సా', 'U'), ('రి', '|'), ('క', '|'), ('ల', '|'), ('సె', '|'), ('నా', 'U'), ('వ', '|'), ('గ', '|'), ('మీ', 'U'), ('రి', '|'), ('త', '|'), ('రు', '|'), ('ణి', '|'), ('నా', 'U'), ('త', '|'), ('మి', '|'), ('జీ', 'U'), ('రి', '|'), ('త', '|'), ('ల', '|'), ('తి', '|'), ('చె', '|'), ('లు', '|'), ('ల', '|')]",1.0,-1.0,1.0,1.0,1.0,-1.0
teytageethi,ననుచు సఖులతో నేవేళ నలరుబోడి వాదులాడగ జూచి వచ్చి మిమ్ముపిలిచినానింక రావయ్య ప్రేమగల్గి | మదనగోపాల సత్యభామావిలోల!,vupajaathi,Madanagopala,"[('న', '|'), ('ను', '|'), ('చు', '|'), ('స', '|'), ('ఖు', '|'), ('ల', '|'), ('తో', 'U'), ('నే', 'U'), ('వే', 'U'), ('ళ', '|'), ('న', '|'), ('ల', '|'), ('రు', '|'), ('బో', 'U'), ('డి', '|'), ('వా', 'U'), ('దు', '|'), ('లా', 'U'), ('డ', '|'), ('గ', '|'), ('జూ', 'U'), ('చి', '|'), ('వ', 'U'), ('చ్చి', '|'), ('మి', 'U'), ('మ్ము', '|'), ('పి', '|'), ('లి', '|'), ('చి', '|'), ('నా', 'U'), ('నిం', 'U'), ('క', '|'), ('రా', 'U'), ('వ', 'U'), ('య్య', '|'), ('ప్రే', 'U'), ('మ', '|'), ('గ', 'U'), ('ల్గి', '|'), ('మ', '|'), ('ద', '|'), ('న', '|'), ('గో', 'U'), ('పా', 'U'), ('ల', '|'), ('స', 'U'), ('త్య', '|'), ('భా', 'U'), ('మా', 'U'), ('వి', '|'), ('లో', 'U'), ('ల', '|')]",0.6333333333333333,-1.0,1.0,0.65,0.25,-1.0
seesamu,పంకజముఖి వేణి శంకరాభరణంబు చెలియ నగవు పూర్ణచంద్రిక యగుకలికి చూపులసొగసుగా వొప్పు సారంగ ననబోడి నాభి పున్నాగ యనగకాంత నెమ్మెయి తిరుకల్యాణి యనదగు బడతి జఘనంబు భూపాల యగునునింతి ప్రాణేశు లాలింపగా నాయకి విభు పరిచారియై విసర సురటి,vupajaathi,Madanagopala,"[('పం', 'U'), ('క', '|'), ('జ', '|'), ('ము', '|'), ('ఖి', '|'), ('వే', 'U'), ('ణి', '|'), ('శం', 'U'), ('క', '|'), ('రా', 'U'), ('భ', '|'), ('ర', '|'), ('ణం', 'U'), ('బు', '|'), ('చె', '|'), ('లి', '|'), ('య', '|'), ('న', '|'), ('గ', '|'), ('వు', '|'), ('పూ', 'U'), ('ర్ణ', '|'), ('చం', 'U'), ('ద్రి', '|'), ('క', '|'), ('య', '|'), ('గు', '|'), ('క', '|'), ('లి', '|'), ('కి', '|'), ('చూ', 'U'), ('పు', '|'), ('ల', '|'), ('సొ', '|'), ('గ', '|'), ('సు', '|'), ('గా', 'U'), ('వొ', 'U'), ('ప్పు', '|'), ('సా', 'U'), ('రం', 'U'), ('గ', '|'), ('న', '|'), ('న', '|'), ('బో', 'U'), ('డి', '|'), ('నా', 'U'), ('భి', '|'), ('పు', 'U'), ('న్నా', 'U'), ('గ', '|'), ('య', '|'), ('న', '|'), ('గ', '|'), ('కాం', 'U'), ('త', '|'), ('నె', 'U'), ('మ్మె', '|'), ('యి', '|'), ('తి', '|'), ('రు', '|'), ('క', 'U'), ('ల్యా', 'U'), ('ణి', '|'), ('య', '|'), ('న', '|'), ('ద', '|'), ('గు', '|'), ('బ', '|'), ('డ', '|'), ('తి', '|'), ('జ', '|'), ('ఘ', '|'), ('నం', 'U'), ('బు', '|'), ('భూ', 'U'), ('పా', 'U'), ('ల', '|'), ('య', '|'), ('గు', '|'), ('ను', '|'), ('నిం', 'U'), ('తి', '|'), ('ప్రా', 'U'), ('ణే', 'U'), ('శు', '|'), ('లా', 'U'), ('లిం', 'U'), ('ప', '|'), ('గా', 'U'), ('నా', 'U'), ('య', '|'), ('కి', '|'), ('వి', '|'), ('భు', '|'), ('ప', '|'), ('రి', '|'), ('చా', 'U'), ('రి', '|'), ('యై', 'U'), ('వి', '|'), ('స', '|'), ('ర', '|'), ('సు', '|'), ('ర', '|'), ('టి', '|')]",0.8541666666666666,-1.0,1.0,0.9375,0.625,-1.0
teytageethi,కలసి మరుకేళి మెప్పించు కనకగౌరి లలితగుణజాల శుభలీల లలన నిన్నుతోడి తెమ్మనె రావయ్య తోయజాక్ష | మదనగోపాల సత్యభామావిలోల!,vupajaathi,Madanagopala,"[('క', '|'), ('ల', '|'), ('సి', '|'), ('మ', '|'), ('రు', '|'), ('కే', 'U'), ('ళి', '|'), ('మె', 'U'), ('ప్పిం', 'U'), ('చు', '|'), ('క', '|'), ('న', '|'), ('క', '|'), ('గౌ', 'U'), ('రి', '|'), ('ల', '|'), ('లి', '|'), ('త', '|'), ('గు', '|'), ('ణ', '|'), ('జా', 'U'), ('ల', '|'), ('శు', '|'), ('భ', '|'), ('లీ', 'U'), ('ల', '|'), ('ల', '|'), ('ల', '|'), ('న', '|'), ('ని', 'U'), ('న్ను', '|'), ('తో', 'U'), ('డి', '|'), ('తె', 'U'), ('మ్మ', '|'), ('నె', '|'), ('రా', 'U'), ('వ', 'U'), ('య్య', '|'), ('తో', 'U'), ('య', '|'), ('జా', 'U'), ('క్ష', '|'), ('మ', '|'), ('ద', '|'), ('న', '|'), ('గో', 'U'), ('పా', 'U'), ('ల', '|'), ('స', 'U'), ('త్య', '|'), ('భా', 'U'), ('మా', 'U'), ('వి', '|'), ('లో', 'U'), ('ల', '|')]",1.0,-1.0,1.0,1.0,1.0,-1.0
seesamu,పక్క బాయకయుండు ప్రాణేశ్వరుడు నన్ను నెడబాయుటకు నేడు హేతువేమిరవిశశిభౌములు రాహుకేతువులును బుధశుక్రశనిగురుల్ పొలతి నాకుచాలరో గాన గోచారంబు రీతిని యడుగరే విప్రుల నమ్మలారకాకున్న నా భర్త కరుణ యింతయు లేక యిందు రాకుండునా రామలార,vupajaathi,Madanagopala,"[('ప', 'U'), ('క్క', '|'), ('బా', 'U'), ('య', '|'), ('క', '|'), ('యుం', 'U'), ('డు', '|'), ('ప్రా', 'U'), ('ణే', 'U'), ('శ్వ', '|'), ('రు', '|'), ('డు', '|'), ('న', 'U'), ('న్ను', '|'), ('నె', '|'), ('డ', '|'), ('బా', 'U'), ('యు', '|'), ('ట', '|'), ('కు', '|'), ('నే', 'U'), ('డు', '|'), ('హే', 'U'), ('తు', '|'), ('వే', 'U'), ('మి', '|'), ('ర', '|'), ('వి', '|'), ('శ', '|'), ('శి', '|'), ('భౌ', 'U'), ('ము', '|'), ('లు', '|'), ('రా', 'U'), ('హు', '|'), ('కే', 'U'), ('తు', '|'), ('వు', '|'), ('లు', '|'), ('ను', '|'), ('బు', '|'), ('ధ', '|'), ('శు', '|'), ('క్ర', '|'), ('శ', '|'), ('ని', '|'), ('గు', '|'), ('రు', 'U'), ('ల్పొ', '|'), ('ల', '|'), ('తి', '|'), ('నా', 'U'), ('కు', '|'), ('చా', 'U'), ('ల', '|'), ('రో', 'U'), ('గా', 'U'), ('న', '|'), ('గో', 'U'), ('చా', 'U'), ('రం', 'U'), ('బు', '|'), ('రీ', 'U'), ('తి', '|'), ('ని', '|'), ('య', '|'), ('డు', '|'), ('గ', '|'), ('రే', 'U'), ('వి', '|'), ('ప్రు', '|'), ('ల', '|'), ('న', 'U'), ('మ్మ', '|'), ('లా', 'U'), ('ర', '|'), ('కా', 'U'), ('కు', 'U'), ('న్న', '|'), ('నా', 'U'), ('భ', 'U'), ('ర్త', '|'), ('క', '|'), ('రు', '|'), ('ణ', '|'), ('యిం', 'U'), ('త', '|'), ('యు', '|'), ('లే', 'U'), ('క', '|'), ('యిం', 'U'), ('దు', '|'), ('రా', 'U'), ('కుం', 'U'), ('డు', '|'), ('నా', 'U'), ('రా', 'U'), ('మ', '|'), ('లా', 'U'), ('ర', '|')]",0.7916666666666666,-1.0,1.0,0.875,0.5,-1.0
teytageethi,యైన నేమాయె వారల కనుదినంబు విప్రవర్యుల రావించి వివిధగతులయొనర తచ్ఛాంతి గావింప నువిద దలచు | మదనగోపాల సత్యభామావిలోల!,vupajaathi,Madanagopala,"[('యై', 'U'), ('న', '|'), ('నే', 'U'), ('మా', 'U'), ('యె', '|'), ('వా', 'U'), ('ర', '|'), ('ల', '|'), ('క', '|'), ('ను', '|'), ('ది', '|'), ('నం', 'U'), ('బు', '|'), ('వి', '|'), ('ప్ర', '|'), ('వ', 'U'), ('ర్యు', '|'), ('ల', '|'), ('రా', 'U'), ('విం', 'U'), ('చి', '|'), ('వి', '|'), ('వి', '|'), ('ధ', '|'), ('గ', '|'), ('తు', '|'), ('ల', '|'), ('యొ', '|'), ('న', '|'), ('ర', '|'), ('త', 'U'), ('చ్ఛాం', 'U'), ('తి', '|'), ('గా', 'U'), ('విం', 'U'), ('ప', '|'), ('ను', '|'), ('వి', '|'), ('ద', '|'), ('ద', '|'), ('ల', '|'), ('చు', '|'), ('మ', '|'), ('ద', '|'), ('న', '|'), ('గో', 'U'), ('పా', 'U'), ('ల', '|'), ('స', 'U'), ('త్య', '|'), ('భా', 'U'), ('మా', 'U'), ('వి', '|'), ('లో', 'U'), ('ల', '|')]",0.5666666666666667,-1.0,1.0,0.7,0.0,-1.0
seesamu,మందగామిని మోముచందంబు జాచిన బొందదే రతికాంక్ష బూని నీకుసోగకన్నుల దృష్టిసొగసు జూచినయంత నిలువనిచ్చునె మది నిముషమైనవనజాక్షి లేజిగివాతెర జూచిన పలుమొన లూరవే పరమపురుషపడతి సంతసమున బలువిచ్చి నవ్విన గనకాభిషేకంబు గాంచినట్టు,vupajaathi,Madanagopala,"[('మం', 'U'), ('ద', '|'), ('గా', 'U'), ('మి', '|'), ('ని', '|'), ('మో', 'U'), ('ము', '|'), ('చం', 'U'), ('దం', 'U'), ('బు', '|'), ('జా', 'U'), ('చి', '|'), ('న', '|'), ('బొం', 'U'), ('ద', '|'), ('దే', 'U'), ('ర', '|'), ('తి', '|'), ('కాం', 'U'), ('క్ష', '|'), ('బూ', 'U'), ('ని', '|'), ('నీ', 'U'), ('కు', '|'), ('సో', 'U'), ('గ', '|'), ('క', 'U'), ('న్ను', '|'), ('ల', '|'), ('దృ', 'U'), ('ష్టి', '|'), ('సొ', '|'), ('గ', '|'), ('సు', '|'), ('జూ', 'U'), ('చి', '|'), ('న', '|'), ('యం', 'U'), ('త', '|'), ('ని', '|'), ('లు', '|'), ('వ', '|'), ('ని', 'U'), ('చ్చు', '|'), ('నె', '|'), ('మ', '|'), ('ది', '|'), ('ని', '|'), ('ము', '|'), ('ష', '|'), ('మై', 'U'), ('న', '|'), ('వ', '|'), ('న', '|'), ('జా', 'U'), ('క్షి', '|'), ('లే', 'U'), ('జి', '|'), ('గి', '|'), ('వా', 'U'), ('తె', '|'), ('ర', '|'), ('జూ', 'U'), ('చి', '|'), ('న', '|'), ('ప', '|'), ('లు', '|'), ('మొ', '|'), ('న', '|'), ('లూ', 'U'), ('ర', '|'), ('వే', 'U'), ('ప', '|'), ('ర', '|'), ('మ', '|'), ('పు', '|'), ('రు', '|'), ('ష', '|'), ('ప', '|'), ('డ', '|'), ('తి', '|'), ('సం', 'U'), ('త', '|'), ('స', '|'), ('ము', '|'), ('న', '|'), ('బ', '|'), ('లు', '|'), ('వి', 'U'), ('చ్చి', '|'), ('న', 'U'), ('వ్వి', '|'), ('న', '|'), ('గ', '|'), ('న', '|'), ('కా', 'U'), ('భి', '|'), ('షే', 'U'), ('కం', 'U'), ('బు', '|'), ('గాం', 'U'), ('చి', '|'), ('న', 'U'), ('ట్టు', '|')]",1.0,-1.0,1.0,1.0,1.0,-1.0
teytageethi,లుండునటు గాన రావయ్య యొనర నీకు | దండమిక జాగుసేయక తరుణి కడకువచ్చి చూడుము నే బల్కు వార్తలన్ని | మదనగోపాల సత్యభామావిలోల!,vupajaathi,Madanagopala,"[('లుం', 'U'), ('డు', '|'), ('న', '|'), ('టు', '|'), ('గా', 'U'), ('న', '|'), ('రా', 'U'), ('వ', 'U'), ('య్య', '|'), ('యొ', '|'), ('న', '|'), ('ర', '|'), ('నీ', 'U'), ('కు', '|'), ('దం', 'U'), ('డ', '|'), ('మి', '|'), ('క', '|'), ('జా', 'U'), ('గు', '|'), ('సే', 'U'), ('య', '|'), ('క', '|'), ('త', '|'), ('రు', '|'), ('ణి', '|'), ('క', '|'), ('డ', '|'), ('కు', '|'), ('వ', 'U'), ('చ్చి', '|'), ('చూ', 'U'), ('డు', '|'), ('ము', '|'), ('నే', 'U'), ('బ', 'U'), ('ల్కు', '|'), ('వా', 'U'), ('ర్త', '|'), ('ల', 'U'), ('న్ని', '|'), ('మ', '|'), ('ద', '|'), ('న', '|'), ('గో', 'U'), ('పా', 'U'), ('ల', '|'), ('స', 'U'), ('త్య', '|'), ('భా', 'U'), ('మా', 'U'), ('వి', '|'), ('లో', 'U'), ('ల', '|')]",0.9166666666666666,-1.0,1.0,1.0,0.75,-1.0
seesamu,కీరమా నే సేయు నేరమా నా యిల్లు దూరమా విభుడు రాదొడగెనేనినేడు మా యింతిని గూడుమా యని పతి వేడుమా చెలి నీవు వేగ యనుచుగోరి నా విభు డిల్లు జేరునా మరుబారి తీరుగా దెల్పవే తెరవ యనుచుజిఱుతనా మరుదారి మరుతునా గుబ్బల నొరుతునా విభు నెద నో లతాంగి,vupajaathi,Madanagopala,"[('కీ', 'U'), ('ర', '|'), ('మా', 'U'), ('నే', 'U'), ('సే', 'U'), ('యు', '|'), ('నే', 'U'), ('ర', '|'), ('మా', 'U'), ('నా', 'U'), ('యి', 'U'), ('ల్లు', '|'), ('దూ', 'U'), ('ర', '|'), ('మా', 'U'), ('వి', '|'), ('భు', '|'), ('డు', '|'), ('రా', 'U'), ('దొ', '|'), ('డ', '|'), ('గె', '|'), ('నే', 'U'), ('ని', '|'), ('నే', 'U'), ('డు', '|'), ('మా', 'U'), ('యిం', 'U'), ('తి', '|'), ('ని', '|'), ('గూ', 'U'), ('డు', '|'), ('మా', 'U'), ('య', '|'), ('ని', '|'), ('ప', '|'), ('తి', '|'), ('వే', 'U'), ('డు', '|'), ('మా', 'U'), ('చె', '|'), ('లి', '|'), ('నీ', 'U'), ('వు', '|'), ('వే', 'U'), ('గ', '|'), ('య', '|'), ('ను', '|'), ('చు', '|'), ('గో', 'U'), ('రి', '|'), ('నా', 'U'), ('వి', '|'), ('భు', '|'), ('డి', 'U'), ('ల్లు', '|'), ('జే', 'U'), ('రు', '|'), ('నా', 'U'), ('మ', '|'), ('రు', '|'), ('బా', 'U'), ('రి', '|'), ('తీ', 'U'), ('రు', '|'), ('గా', 'U'), ('దె', 'U'), ('ల్ప', '|'), ('వే', 'U'), ('తె', '|'), ('ర', '|'), ('వ', '|'), ('య', '|'), ('ను', '|'), ('చు', '|'), ('జి', '|'), ('ఱు', '|'), ('త', '|'), ('నా', 'U'), ('మ', '|'), ('రు', '|'), ('దా', 'U'), ('రి', '|'), ('మ', '|'), ('రు', '|'), ('తు', '|'), ('నా', 'U'), ('గు', 'U'), ('బ్బ', '|'), ('ల', '|'), ('నొ', '|'), ('రు', '|'), ('తు', '|'), ('నా', 'U'), ('వి', '|'), ('భు', '|'), ('నె', '|'), ('ద', '|'), ('నో', 'U'), ('ల', '|'), ('తాం', 'U'), ('గి', '|')]",0.9583333333333334,-1.0,1.0,1.0,0.875,-1.0
teytageethi,యనుచు బలుమారు చెలులతో నలరుబోడి నిన్ను దలచుచునున్నది నీరజాక్షిజాగుసేయక రావయ్య చపల ముడిగి | మదనగోపాల సత్యభామావిలోల!,vupajaathi,Madanagopala,"[('య', '|'), ('ను', '|'), ('చు', '|'), ('బ', '|'), ('లు', '|'), ('మా', 'U'), ('రు', '|'), ('చె', '|'), ('లు', '|'), ('ల', '|'), ('తో', 'U'), ('న', '|'), ('ల', '|'), ('రు', '|'), ('బో', 'U'), ('డి', '|'), ('ని', 'U'), ('న్ను', '|'), ('ద', '|'), ('ల', '|'), ('చు', '|'), ('చు', '|'), ('ను', 'U'), ('న్న', '|'), ('ది', '|'), ('నీ', 'U'), ('ర', '|'), ('జా', 'U'), ('క్షి', '|'), ('జా', 'U'), ('గు', '|'), ('సే', 'U'), ('య', '|'), ('క', '|'), ('రా', 'U'), ('వ', 'U'), ('య్య', '|'), ('చ', '|'), ('ప', '|'), ('ల', '|'), ('ము', '|'), ('డి', '|'), ('గి', '|'), ('మ', '|'), ('ద', '|'), ('న', '|'), ('గో', 'U'), ('పా', 'U'), ('ల', '|'), ('స', 'U'), ('త్య', '|'), ('భా', 'U'), ('మా', 'U'), ('వి', '|'), ('లో', 'U'), ('ల', '|')]",0.9166666666666666,-1.0,1.0,1.0,0.75,-1.0
seesamu,కలికి కీల్జడ సాటి గానోపకను భోగి కాలకంఠుని చేత కట్టుబడియెపద్మంబు చెలి ముఖపద్మంబునకు నోడి హరిణచయంబుల నాదుకొనియెవజ్రంబు చెలి దంతవరరుచులకు నోడి పాకశాసను చేత బట్టువడియెరామతో నడ సరిరా నోడి రాయంచ వనజసంభవునకు వాహమయ్యె,vupajaathi,Madanagopala,"[('క', '|'), ('లి', '|'), ('కి', '|'), ('కీ', 'U'), ('ల్జ', '|'), ('డ', '|'), ('సా', 'U'), ('టి', '|'), ('గా', 'U'), ('నో', 'U'), ('ప', '|'), ('క', '|'), ('ను', '|'), ('భో', 'U'), ('గి', '|'), ('కా', 'U'), ('ల', '|'), ('కం', 'U'), ('ఠు', '|'), ('ని', '|'), ('చే', 'U'), ('త', '|'), ('క', 'U'), ('ట్టు', '|'), ('బ', '|'), ('డి', '|'), ('యె', '|'), ('ప', 'U'), ('ద్మం', 'U'), ('బు', '|'), ('చె', '|'), ('లి', '|'), ('ము', '|'), ('ఖ', '|'), ('ప', 'U'), ('ద్మం', 'U'), ('బు', '|'), ('న', '|'), ('కు', '|'), ('నో', 'U'), ('డి', '|'), ('హ', '|'), ('రి', '|'), ('ణ', '|'), ('చ', '|'), ('యం', 'U'), ('బు', '|'), ('ల', '|'), ('నా', 'U'), ('దు', '|'), ('కొ', '|'), ('ని', '|'), ('యె', '|'), ('వ', '|'), ('జ్రం', 'U'), ('బు', '|'), ('చె', '|'), ('లి', '|'), ('దం', 'U'), ('త', '|'), ('వ', '|'), ('ర', '|'), ('రు', '|'), ('చు', '|'), ('ల', '|'), ('కు', '|'), ('నో', 'U'), ('డి', '|'), ('పా', 'U'), ('క', '|'), ('శా', 'U'), ('స', '|'), ('ను', '|'), ('చే', 'U'), ('త', '|'), ('బ', 'U'), ('ట్టు', '|'), ('వ', '|'), ('డి', '|'), ('యె', '|'), ('రా', 'U'), ('మ', '|'), ('తో', 'U'), ('న', '|'), ('డ', '|'), ('స', '|'), ('రి', '|'), ('రా', 'U'), ('నో', 'U'), ('డి', '|'), ('రా', 'U'), ('యం', 'U'), ('చ', '|'), ('వ', '|'), ('న', '|'), ('జ', '|'), ('సం', 'U'), ('భ', '|'), ('వు', '|'), ('న', '|'), ('కు', '|'), ('వా', 'U'), ('హ', '|'), ('మ', 'U'), ('య్యె', '|')]",0.6979166666666666,-1.0,1.0,0.71875,0.375,-1.0
teytageethi,గాన జెలి సాటి యెవ్వరి గాన జగతి | దరుణులకు మిన్న దానెన్న దరముగాదుపరమగుణజాల కాంచనభవ్యచేల | మదనగోపాల సత్యభామావిలోల!,vupajaathi,Madanagopala,"[('గా', 'U'), ('న', '|'), ('జె', '|'), ('లి', '|'), ('సా', 'U'), ('టి', '|'), ('యె', 'U'), ('వ్వ', '|'), ('రి', '|'), ('గా', 'U'), ('న', '|'), ('జ', '|'), ('గ', '|'), ('తి', '|'), ('ద', '|'), ('రు', '|'), ('ణు', '|'), ('ల', '|'), ('కు', '|'), ('మి', 'U'), ('న్న', '|'), ('దా', 'U'), ('నె', 'U'), ('న్న', '|'), ('ద', '|'), ('ర', '|'), ('ము', '|'), ('గా', 'U'), ('దు', '|'), ('ప', '|'), ('ర', '|'), ('మ', '|'), ('గు', '|'), ('ణ', '|'), ('జా', 'U'), ('ల', '|'), ('కాం', 'U'), ('చ', '|'), ('న', '|'), ('భ', 'U'), ('వ్య', '|'), ('చే', 'U'), ('ల', '|'), ('మ', '|'), ('ద', '|'), ('న', '|'), ('గో', 'U'), ('పా', 'U'), ('ల', '|'), ('స', 'U'), ('త్య', '|'), ('భా', 'U'), ('మా', 'U'), ('వి', '|'), ('లో', 'U'), ('ల', '|')]",1.0,-1.0,1.0,1.0,1.0,-1.0
seesamu,కెమ్మోవి రుచి చాల బ్రమ్మి ముంగర ముత్తియమ్ము చొక్కంపు కెంపనగ దోచుగనుసోగకాంతుల నెనయ బావిలి పచ్చపండు నీలపు జాయనుండి దనరుపసిమిచెక్కుల కాంతి నెసగు గమ్మల వజ్రకణములు గోమేధికంబులయ్యెతరుణిగుబ్బల రంగునొరసి పైటచెరంగు బంగారుచాయల బర్వి మెరయ,vupajaathi,Madanagopala,"[('కె', 'U'), ('మ్మో', 'U'), ('వి', '|'), ('రు', '|'), ('చి', '|'), ('చా', 'U'), ('ల', '|'), ('బ్ర', 'U'), ('మ్మి', '|'), ('ముం', 'U'), ('గ', '|'), ('ర', '|'), ('ము', 'U'), ('త్తి', '|'), ('య', 'U'), ('మ్ము', '|'), ('చొ', 'U'), ('క్కం', 'U'), ('పు', '|'), ('కెం', 'U'), ('ప', '|'), ('న', '|'), ('గ', '|'), ('దో', 'U'), ('చు', '|'), ('గ', '|'), ('ను', '|'), ('సో', 'U'), ('గ', '|'), ('కాం', 'U'), ('తు', '|'), ('ల', '|'), ('నె', '|'), ('న', '|'), ('య', '|'), ('బా', 'U'), ('వి', '|'), ('లి', '|'), ('ప', 'U'), ('చ్చ', '|'), ('పం', 'U'), ('డు', '|'), ('నీ', 'U'), ('ల', '|'), ('పు', '|'), ('జా', 'U'), ('య', '|'), ('నుం', 'U'), ('డి', '|'), ('ద', '|'), ('న', '|'), ('రు', '|'), ('ప', '|'), ('సి', '|'), ('మి', '|'), ('చె', 'U'), ('క్కు', '|'), ('ల', '|'), ('కాం', 'U'), ('తి', '|'), ('నె', '|'), ('స', '|'), ('గు', '|'), ('గ', 'U'), ('మ్మ', '|'), ('ల', '|'), ('వ', '|'), ('జ్ర', '|'), ('క', '|'), ('ణ', '|'), ('ము', '|'), ('లు', '|'), ('గో', 'U'), ('మే', 'U'), ('ధి', '|'), ('కం', 'U'), ('బు', '|'), ('ల', 'U'), ('య్యె', '|'), ('త', '|'), ('రు', '|'), ('ణి', '|'), ('గు', 'U'), ('బ్బ', '|'), ('ల', '|'), ('రం', 'U'), ('గు', '|'), ('నొ', '|'), ('ర', '|'), ('సి', '|'), ('పై', 'U'), ('ట', '|'), ('చె', '|'), ('రం', 'U'), ('గు', '|'), ('బం', 'U'), ('గా', 'U'), ('రు', '|'), ('చా', 'U'), ('య', '|'), ('ల', '|'), ('బ', 'U'), ('ర్వి', '|'), ('మె', '|'), ('ర', '|'), ('య', '|')]",0.9583333333333334,-1.0,1.0,1.0,0.875,-1.0
teytageethi,వెలదియంగాంగముల తళ్కులలరు నిటుల | నీరజాసను డా యింతి నీకు గానుదలచి సృజియించనేమొకో తరుణి నిపుడు | మదనగోపాల సత్యభామావిలోల!,vupajaathi,Madanagopala,"[('వె', '|'), ('ల', '|'), ('ది', '|'), ('యం', 'U'), ('గాం', 'U'), ('గ', '|'), ('ము', '|'), ('ల', '|'), ('త', 'U'), ('ళ్కు', '|'), ('ల', '|'), ('ల', '|'), ('రు', '|'), ('ని', '|'), ('టు', '|'), ('ల', '|'), ('నీ', 'U'), ('ర', '|'), ('జా', 'U'), ('స', '|'), ('ను', '|'), ('డా', 'U'), ('యిం', 'U'), ('తి', '|'), ('నీ', 'U'), ('కు', '|'), ('గా', 'U'), ('ను', '|'), ('ద', '|'), ('ల', '|'), ('చి', '|'), ('సృ', '|'), ('జి', '|'), ('యిం', 'U'), ('చ', '|'), ('నే', 'U'), ('మొ', '|'), ('కో', 'U'), ('త', '|'), ('రు', '|'), ('ణి', '|'), ('ని', '|'), ('పు', '|'), ('డు', '|'), ('మ', '|'), ('ద', '|'), ('న', '|'), ('గో', 'U'), ('పా', 'U'), ('ల', '|'), ('స', 'U'), ('త్య', '|'), ('భా', 'U'), ('మా', 'U'), ('వి', '|'), ('లో', 'U'), ('ల', '|')]",1.0,-1.0,1.0,1.0,1.0,-1.0
seesamu,మరుని కార్ముకములై తెరవ కన్బొమలొప్పు గురుకుచంబులు గెల్చు కోకయుగమునసియాడు లేగౌను హరిమధ్య యనదగు నయ్యింతి నునుదొడ లనటితరులుకలికిజంఘలు పొట్టకరగులై చెన్నొందు నతివపదములు చిగురుటాకులనగచుక్కలకాంతి పెంపెక్కు నఖావళి దంతిరాజముఖము బోలు తరుణినడక,vupajaathi,Madanagopala,"[('మ', '|'), ('రు', '|'), ('ని', '|'), ('కా', 'U'), ('ర్ము', '|'), ('క', '|'), ('ము', '|'), ('లై', 'U'), ('తె', '|'), ('ర', '|'), ('వ', '|'), ('క', 'U'), ('న్బొ', '|'), ('మ', '|'), ('లొ', 'U'), ('ప్పు', '|'), ('గు', '|'), ('రు', '|'), ('కు', '|'), ('చం', 'U'), ('బు', '|'), ('లు', '|'), ('గె', 'U'), ('ల్చు', '|'), ('కో', 'U'), ('క', '|'), ('యు', '|'), ('గ', '|'), ('ము', '|'), ('న', '|'), ('సి', '|'), ('యా', 'U'), ('డు', '|'), ('లే', 'U'), ('గౌ', 'U'), ('ను', '|'), ('హ', '|'), ('రి', '|'), ('మ', 'U'), ('ధ్య', '|'), ('య', '|'), ('న', '|'), ('ద', '|'), ('గు', '|'), ('న', 'U'), ('య్యిం', 'U'), ('తి', '|'), ('ను', '|'), ('ను', '|'), ('దొ', '|'), ('డ', '|'), ('ల', '|'), ('న', '|'), ('టి', '|'), ('త', '|'), ('రు', '|'), ('లు', '|'), ('క', '|'), ('లి', '|'), ('కి', '|'), ('జం', 'U'), ('ఘ', '|'), ('లు', '|'), ('పొ', 'U'), ('ట్ట', '|'), ('క', '|'), ('ర', '|'), ('గు', '|'), ('లై', 'U'), ('చె', 'U'), ('న్నొం', 'U'), ('దు', '|'), ('న', '|'), ('తి', '|'), ('వ', '|'), ('ప', '|'), ('ద', '|'), ('ము', '|'), ('లు', '|'), ('చి', '|'), ('గు', '|'), ('రు', '|'), ('టా', 'U'), ('కు', '|'), ('ల', '|'), ('న', '|'), ('గ', '|'), ('చు', 'U'), ('క్క', '|'), ('ల', '|'), ('కాం', 'U'), ('తి', '|'), ('పెం', 'U'), ('పె', 'U'), ('క్కు', '|'), ('న', '|'), ('ఖా', 'U'), ('వ', '|'), ('ళి', '|'), ('దం', 'U'), ('తి', '|'), ('రా', 'U'), ('జ', '|'), ('ము', '|'), ('ఖ', '|'), ('ము', '|'), ('బో', 'U'), ('లు', '|'), ('త', '|'), ('రు', '|'), ('ణి', '|'), ('న', '|'), ('డ', '|'), ('క', '|')]",0.7708333333333334,-1.0,1.0,0.9375,0.375,-1.0
teytageethi,లౌర యా కుందరదన నీవంది మిథున- | మై చెలంగుటకై నొక్కమాట నీకుదెల్పుదును మీకు వేవేగ దెలసి రమ్ము | మదనగోపాల సత్యభామావిలోల!,vupajaathi,Madanagopala,"[('లౌ', 'U'), ('ర', '|'), ('యా', 'U'), ('కుం', 'U'), ('ద', '|'), ('ర', '|'), ('ద', '|'), ('న', '|'), ('నీ', 'U'), ('వం', 'U'), ('ది', '|'), ('మి', '|'), ('థు', '|'), ('న', '|'), ('మై', 'U'), ('చె', '|'), ('లం', 'U'), ('గు', '|'), ('ట', '|'), ('కై', 'U'), ('నొ', 'U'), ('క్క', '|'), ('మా', 'U'), ('ట', '|'), ('నీ', 'U'), ('కు', '|'), ('దె', 'U'), ('ల్పు', '|'), ('దు', '|'), ('ను', '|'), ('మీ', 'U'), ('కు', '|'), ('వే', 'U'), ('వే', 'U'), ('గ', '|'), ('దె', '|'), ('ల', '|'), ('సి', '|'), ('ర', 'U'), ('మ్ము', '|'), ('మ', '|'), ('ద', '|'), ('న', '|'), ('గో', 'U'), ('పా', 'U'), ('ల', '|'), ('స', 'U'), ('త్య', '|'), ('భా', 'U'), ('మా', 'U'), ('వి', '|'), ('లో', 'U'), ('ల', '|')]",0.9166666666666666,-1.0,1.0,1.0,0.75,-1.0
seesamu,నెలత ఠీవియు సొగసు నేత్రోత్సవము సేయు నింతిమాటలు చెవుల కింపుజేయుగలికి వగలను మనసు కరిగింపగా జేయు కొమ్మ తెల్వియు మది గోరజేయువనజాక్షి వింతలు వలపింపగా జేయు పడతి కనుసైగలు భ్రమయజేయునలివేణి చనులకు నౌసు వుట్టగజేయు వెలది కొసరులెంతొ వేడ్కసేయు,vupajaathi,Madanagopala,"[('నె', '|'), ('ల', '|'), ('త', '|'), ('ఠీ', 'U'), ('వి', '|'), ('యు', '|'), ('సొ', '|'), ('గ', '|'), ('సు', '|'), ('నే', 'U'), ('త్రో', 'U'), ('త్స', '|'), ('వ', '|'), ('ము', '|'), ('సే', 'U'), ('యు', '|'), ('నిం', 'U'), ('తి', '|'), ('మా', 'U'), ('ట', '|'), ('లు', '|'), ('చె', '|'), ('వు', '|'), ('ల', '|'), ('కిం', 'U'), ('పు', '|'), ('జే', 'U'), ('యు', '|'), ('గ', '|'), ('లి', '|'), ('కి', '|'), ('వ', '|'), ('గ', '|'), ('ల', '|'), ('ను', '|'), ('మ', '|'), ('న', '|'), ('సు', '|'), ('క', '|'), ('రి', '|'), ('గిం', 'U'), ('ప', '|'), ('గా', 'U'), ('జే', 'U'), ('యు', '|'), ('కొ', 'U'), ('మ్మ', '|'), ('తె', 'U'), ('ల్వి', '|'), ('యు', '|'), ('మ', '|'), ('ది', '|'), ('గో', 'U'), ('ర', '|'), ('జే', 'U'), ('యు', '|'), ('వ', '|'), ('న', '|'), ('జా', 'U'), ('క్షి', '|'), ('విం', 'U'), ('త', '|'), ('లు', '|'), ('వ', '|'), ('ల', '|'), ('పిం', 'U'), ('ప', '|'), ('గా', 'U'), ('జే', 'U'), ('యు', '|'), ('ప', '|'), ('డ', '|'), ('తి', '|'), ('క', '|'), ('ను', '|'), ('సై', 'U'), ('గ', '|'), ('లు', '|'), ('భ్ర', '|'), ('మ', '|'), ('య', '|'), ('జే', 'U'), ('యు', '|'), ('న', '|'), ('లి', '|'), ('వే', 'U'), ('ణి', '|'), ('చ', '|'), ('ను', '|'), ('ల', '|'), ('కు', '|'), ('నౌ', 'U'), ('సు', '|'), ('వు', 'U'), ('ట్ట', '|'), ('గ', '|'), ('జే', 'U'), ('యు', '|'), ('వె', '|'), ('ల', '|'), ('ది', '|'), ('కొ', '|'), ('స', '|'), ('రు', '|'), ('లెం', 'U'), ('తొ', '|'), ('వే', 'U'), ('డ్క', '|'), ('సే', 'U'), ('యు', '|')]",0.7708333333333334,-1.0,1.0,0.8125,0.5,-1.0
teytageethi,గాన వగలాడికిని సాటిగలరె భువిని | చాన నీకైన దగు మంచిజాణ గదరమానకిక నేలుకొనవయ్య మదనజనక | మదనగోపాల సత్యభామావిలోల!,vupajaathi,Madanagopala,"[('గా', 'U'), ('న', '|'), ('వ', '|'), ('గ', '|'), ('లా', 'U'), ('డి', '|'), ('కి', '|'), ('ని', '|'), ('సా', 'U'), ('టి', '|'), ('గ', '|'), ('ల', '|'), ('రె', '|'), ('భు', '|'), ('వి', '|'), ('ని', '|'), ('చా', 'U'), ('న', '|'), ('నీ', 'U'), ('కై', 'U'), ('న', '|'), ('ద', '|'), ('గు', '|'), ('మం', 'U'), ('చి', '|'), ('జా', 'U'), ('ణ', '|'), ('గ', '|'), ('ద', '|'), ('ర', '|'), ('మా', 'U'), ('న', '|'), ('కి', '|'), ('క', '|'), ('నే', 'U'), ('లు', '|'), ('కొ', '|'), ('న', '|'), ('వ', 'U'), ('య్య', '|'), ('మ', '|'), ('ద', '|'), ('న', '|'), ('జ', '|'), ('న', '|'), ('క', '|'), ('మ', '|'), ('ద', '|'), ('న', '|'), ('గో', 'U'), ('పా', 'U'), ('ల', '|'), ('స', 'U'), ('త్య', '|'), ('భా', 'U'), ('మా', 'U'), ('వి', '|'), ('లో', 'U'), ('ల', '|')]",1.0,-1.0,1.0,1.0,1.0,-1.0
seesamu,వదలని కౌఁగిళ్ళ వాతెరనొక్కులు నెద గుబ్బయొరపుల యా లతాంగిచిరునవ్వు మాటల జిలిబిలి పాటల దురుసుపై కొసరుల దోయజాక్షికొనగోటిమీటుల నెనలేనియాటల మొనసిన బొమముళ్ళ మోహనాంగిగళరవంబుల చాలగానొప్పు సన్నల సైగల తగు ముద్దుచాన గాన,vupajaathi,Madanagopala,"[('వ', '|'), ('ద', '|'), ('ల', '|'), ('ని', '|'), ('కౌ', 'U'), ('గి', 'U'), ('ళ్ళ', '|'), ('వా', 'U'), ('తె', '|'), ('ర', '|'), ('నొ', 'U'), ('క్కు', '|'), ('లు', '|'), ('నె', '|'), ('ద', '|'), ('గు', 'U'), ('బ్బ', '|'), ('యొ', '|'), ('ర', '|'), ('పు', '|'), ('ల', '|'), ('యా', 'U'), ('ల', '|'), ('తాం', 'U'), ('గి', '|'), ('చి', '|'), ('రు', '|'), ('న', 'U'), ('వ్వు', '|'), ('మా', 'U'), ('ట', '|'), ('ల', '|'), ('జి', '|'), ('లి', '|'), ('బి', '|'), ('లి', '|'), ('పా', 'U'), ('ట', '|'), ('ల', '|'), ('దు', '|'), ('రు', '|'), ('సు', '|'), ('పై', 'U'), ('కొ', '|'), ('స', '|'), ('రు', '|'), ('ల', '|'), ('దో', 'U'), ('య', '|'), ('జా', 'U'), ('క్షి', '|'), ('కొ', '|'), ('న', '|'), ('గో', 'U'), ('టి', '|'), ('మీ', 'U'), ('టు', '|'), ('ల', '|'), ('నె', '|'), ('న', '|'), ('లే', 'U'), ('ని', '|'), ('యా', 'U'), ('ట', '|'), ('ల', '|'), ('మొ', '|'), ('న', '|'), ('సి', '|'), ('న', '|'), ('బొ', '|'), ('మ', '|'), ('ము', 'U'), ('ళ్ళ', '|'), ('మో', 'U'), ('హ', '|'), ('నాం', 'U'), ('గి', '|'), ('గ', '|'), ('ళ', '|'), ('ర', '|'), ('వం', 'U'), ('బు', '|'), ('ల', '|'), ('చా', 'U'), ('ల', '|'), ('గా', 'U'), ('నొ', 'U'), ('ప్పు', '|'), ('స', 'U'), ('న్న', '|'), ('ల', '|'), ('సై', 'U'), ('గ', '|'), ('ల', '|'), ('త', '|'), ('గు', '|'), ('ము', 'U'), ('ద్దు', '|'), ('చా', 'U'), ('న', '|'), ('గా', 'U'), ('న', '|')]",0.9583333333333334,-1.0,1.0,1.0,0.875,-1.0
teytageethi,వనిత వగనెన్న నెవ్వరి వశముగాదు | మరుని చేచిల్క యనదగు మందయానదాని కెనగాన నియ్యానత గజగాన | మదనగోపాల సత్యభామావిలోల!,vupajaathi,Madanagopala,"[('వ', '|'), ('ని', '|'), ('త', '|'), ('వ', '|'), ('గ', '|'), ('నె', 'U'), ('న్న', '|'), ('నె', 'U'), ('వ్వ', '|'), ('రి', '|'), ('వ', '|'), ('శ', '|'), ('ము', '|'), ('గా', 'U'), ('దు', '|'), ('మ', '|'), ('రు', '|'), ('ని', '|'), ('చే', 'U'), ('చి', 'U'), ('ల్క', '|'), ('య', '|'), ('న', '|'), ('ద', '|'), ('గు', '|'), ('మం', 'U'), ('ద', '|'), ('యా', 'U'), ('న', '|'), ('దా', 'U'), ('ని', '|'), ('కె', '|'), ('న', '|'), ('గా', 'U'), ('న', '|'), ('ని', 'U'), ('య్యా', 'U'), ('న', '|'), ('త', '|'), ('గ', '|'), ('జ', '|'), ('గా', 'U'), ('న', '|'), ('మ', '|'), ('ద', '|'), ('న', '|'), ('గో', 'U'), ('పా', 'U'), ('ల', '|'), ('స', 'U'), ('త్య', '|'), ('భా', 'U'), ('మా', 'U'), ('వి', '|'), ('లో', 'U'), ('ల', '|')]",1.0,-1.0,1.0,1.0,1.0,-1.0
seesamu,తోయజవదన నీతోను భాషింపక మానునే విరహంబు మదనజనకపణతుక నీపక్క పవ్వళింపక గాని నెమ్మదినుండునే నీరజాక్షయక్కున గదియించి యలమి ముద్దిడక నీ యాస దీరునె యింక జలజనాభకలికి నీతో రతి గలయక పలుమారు భ్రమదీరునా సతికి భవ్యచరిత,vupajaathi,Madanagopala,"[('తో', 'U'), ('య', '|'), ('జ', '|'), ('వ', '|'), ('ద', '|'), ('న', '|'), ('నీ', 'U'), ('తో', 'U'), ('ను', '|'), ('భా', 'U'), ('షిం', 'U'), ('ప', '|'), ('క', '|'), ('మా', 'U'), ('ను', '|'), ('నే', 'U'), ('వి', '|'), ('ర', '|'), ('హం', 'U'), ('బు', '|'), ('మ', '|'), ('ద', '|'), ('న', '|'), ('జ', '|'), ('న', '|'), ('క', '|'), ('ప', '|'), ('ణ', '|'), ('తు', '|'), ('క', '|'), ('నీ', 'U'), ('ప', 'U'), ('క్క', '|'), ('ప', 'U'), ('వ్వ', '|'), ('ళిం', 'U'), ('ప', '|'), ('క', '|'), ('గా', 'U'), ('ని', '|'), ('నె', 'U'), ('మ్మ', '|'), ('ది', '|'), ('నుం', 'U'), ('డు', '|'), ('నే', 'U'), ('నీ', 'U'), ('ర', '|'), ('జా', 'U'), ('క్ష', '|'), ('య', 'U'), ('క్కు', '|'), ('న', '|'), ('గ', '|'), ('ది', '|'), ('యిం', 'U'), ('చి', '|'), ('య', '|'), ('ల', '|'), ('మి', '|'), ('ము', 'U'), ('ద్ది', '|'), ('డ', '|'), ('క', '|'), ('నీ', 'U'), ('యా', 'U'), ('స', '|'), ('దీ', 'U'), ('రు', '|'), ('నె', '|'), ('యిం', 'U'), ('క', '|'), ('జ', '|'), ('ల', '|'), ('జ', '|'), ('నా', 'U'), ('భ', '|'), ('క', '|'), ('లి', '|'), ('కి', '|'), ('నీ', 'U'), ('తో', 'U'), ('ర', '|'), ('తి', '|'), ('గ', '|'), ('ల', '|'), ('య', '|'), ('క', '|'), ('ప', '|'), ('లు', '|'), ('మా', 'U'), ('రు', '|'), ('భ్ర', '|'), ('మ', '|'), ('దీ', 'U'), ('రు', '|'), ('నా', 'U'), ('స', '|'), ('తి', '|'), ('కి', '|'), ('భ', 'U'), ('వ్య', '|'), ('చ', '|'), ('రి', '|'), ('త', '|')]",0.90625,-1.0,1.0,0.96875,0.75,-1.0
teytageethi,గాన నిక చాన నేలుము గలిసి వేగ | పూని యిక నీవు రాకున్న పొలతి మధుర-మైన విషములు ద్రావంగ మదిని దలచు | మదనగోపాల సత్యభామావిలోల!,vupajaathi,Madanagopala,"[('గా', 'U'), ('న', '|'), ('ని', '|'), ('క', '|'), ('చా', 'U'), ('న', '|'), ('నే', 'U'), ('లు', '|'), ('ము', '|'), ('గ', '|'), ('లి', '|'), ('సి', '|'), ('వే', 'U'), ('గ', '|'), ('పూ', 'U'), ('ని', '|'), ('యి', '|'), ('క', '|'), ('నీ', 'U'), ('వు', '|'), ('రా', 'U'), ('కు', 'U'), ('న్న', '|'), ('పొ', '|'), ('ల', '|'), ('తి', '|'), ('మ', '|'), ('ధు', '|'), ('ర', '|'), ('మై', 'U'), ('న', '|'), ('వి', '|'), ('ష', '|'), ('ము', '|'), ('లు', '|'), ('ద్రా', 'U'), ('వం', 'U'), ('గ', '|'), ('మ', '|'), ('ది', '|'), ('ని', '|'), ('ద', '|'), ('ల', '|'), ('చు', '|'), ('మ', '|'), ('ద', '|'), ('న', '|'), ('గో', 'U'), ('పా', 'U'), ('ల', '|'), ('స', 'U'), ('త్య', '|'), ('భా', 'U'), ('మా', 'U'), ('వి', '|'), ('లో', 'U'), ('ల', '|')]",1.0,-1.0,1.0,1.0,1.0,-1.0
seesamu,మితిమీరి కాంక్షతో నతివేగ దన చేతి విరులవీవన చేత విసరి పతికినాకు మడ్పులొసంగి యతివ భర్తను బదులు విడెమిమ్మంచును వెలది ప్రాణ-నాథుని నీక్షించి నవ్వుచు బలుమారు నాశదీరగ మాటలాడుకొనుచునిను జూడకుండిన నిముషమేనియు తాళజాలరా నా ముద్దుసామి యనుచు,vupajaathi,Madanagopala,"[('మి', '|'), ('తి', '|'), ('మీ', 'U'), ('రి', '|'), ('కాం', 'U'), ('క్ష', '|'), ('తో', 'U'), ('న', '|'), ('తి', '|'), ('వే', 'U'), ('గ', '|'), ('ద', '|'), ('న', '|'), ('చే', 'U'), ('తి', '|'), ('వి', '|'), ('రు', '|'), ('ల', '|'), ('వీ', 'U'), ('వ', '|'), ('న', '|'), ('చే', 'U'), ('త', '|'), ('వి', '|'), ('స', '|'), ('రి', '|'), ('ప', '|'), ('తి', '|'), ('కి', '|'), ('నా', 'U'), ('కు', '|'), ('మ', 'U'), ('డ్పు', '|'), ('లొ', '|'), ('సం', 'U'), ('గి', '|'), ('య', '|'), ('తి', '|'), ('వ', '|'), ('భ', 'U'), ('ర్త', '|'), ('ను', '|'), ('బ', '|'), ('దు', '|'), ('లు', '|'), ('వి', '|'), ('డె', '|'), ('మి', 'U'), ('మ్మం', 'U'), ('చు', '|'), ('ను', '|'), ('వె', '|'), ('ల', '|'), ('ది', '|'), ('ప్రా', 'U'), ('ణ', '|'), ('నా', 'U'), ('థు', '|'), ('ని', '|'), ('నీ', 'U'), ('క్షిం', 'U'), ('చి', '|'), ('న', 'U'), ('వ్వు', '|'), ('చు', '|'), ('బ', '|'), ('లు', '|'), ('మా', 'U'), ('రు', '|'), ('నా', 'U'), ('శ', '|'), ('దీ', 'U'), ('ర', '|'), ('గ', '|'), ('మా', 'U'), ('ట', '|'), ('లా', 'U'), ('డు', '|'), ('కొ', '|'), ('ను', '|'), ('చు', '|'), ('ని', '|'), ('ను', '|'), ('జూ', 'U'), ('డ', '|'), ('కుం', 'U'), ('డి', '|'), ('న', '|'), ('ని', '|'), ('ము', '|'), ('ష', '|'), ('మే', 'U'), ('ని', '|'), ('యు', '|'), ('తా', 'U'), ('ళ', '|'), ('జా', 'U'), ('ల', '|'), ('రా', 'U'), ('నా', 'U'), ('ము', 'U'), ('ద్దు', '|'), ('సా', 'U'), ('మి', '|'), ('య', '|'), ('ను', '|'), ('చు', '|')]",0.875,-1.0,1.0,1.0,0.625,-1.0
teytageethi,జాల మదికింపుమాటల సరసిజాక్షి | మగని వలపింపదగినట్టి మందయాననెలత నేలుట తగునయ్య నెనరుతోడ | మదనగోపాల సత్యభామావిలోల!,vupajaathi,Madanagopala,"[('జా', 'U'), ('ల', '|'), ('మ', '|'), ('ది', '|'), ('కిం', 'U'), ('పు', '|'), ('మా', 'U'), ('ట', '|'), ('ల', '|'), ('స', '|'), ('ర', '|'), ('సి', '|'), ('జా', 'U'), ('క్షి', '|'), ('మ', '|'), ('గ', '|'), ('ని', '|'), ('వ', '|'), ('ల', '|'), ('పిం', 'U'), ('ప', '|'), ('ద', '|'), ('గి', '|'), ('న', 'U'), ('ట్టి', '|'), ('మం', 'U'), ('ద', '|'), ('యా', 'U'), ('న', '|'), ('నె', '|'), ('ల', '|'), ('త', '|'), ('నే', 'U'), ('లు', '|'), ('ట', '|'), ('త', '|'), ('గు', '|'), ('న', 'U'), ('య్య', '|'), ('నె', '|'), ('న', '|'), ('రు', '|'), ('తో', 'U'), ('డ', '|'), ('మ', '|'), ('ద', '|'), ('న', '|'), ('గో', 'U'), ('పా', 'U'), ('ల', '|'), ('స', 'U'), ('త్య', '|'), ('భా', 'U'), ('మా', 'U'), ('వి', '|'), ('లో', 'U'), ('ల', '|')]",1.0,-1.0,1.0,1.0,1.0,-1.0
seesamu,వనజాక్షి నెరనీటు వగలు చూచిన మది నిలువ నోపగరాదు నీరజాక్షకనకాంగి నెమ్మెయికాంతి జూచినయపుడె తమి నిల్ప వశమౌనె దానవారిమగువ జిలిబిలి ముద్దుమాటలాలించిన నాశ మాన్ప దరంబె యమరవంద్యశిబ్బెంపుగుబ్బల చిత్రంబు జూచిన మోహంబు మానునే మోహనాంగ,vupajaathi,Madanagopala,"[('వ', '|'), ('న', '|'), ('జా', 'U'), ('క్షి', '|'), ('నె', '|'), ('ర', '|'), ('నీ', 'U'), ('టు', '|'), ('వ', '|'), ('గ', '|'), ('లు', '|'), ('చూ', 'U'), ('చి', '|'), ('న', '|'), ('మ', '|'), ('ది', '|'), ('ని', '|'), ('లు', '|'), ('వ', '|'), ('నో', 'U'), ('ప', '|'), ('గ', '|'), ('రా', 'U'), ('దు', '|'), ('నీ', 'U'), ('ర', '|'), ('జా', 'U'), ('క్ష', '|'), ('క', '|'), ('న', '|'), ('కాం', 'U'), ('గి', '|'), ('నె', 'U'), ('మ్మె', '|'), ('యి', '|'), ('కాం', 'U'), ('తి', '|'), ('జూ', 'U'), ('చి', '|'), ('న', '|'), ('య', '|'), ('పు', '|'), ('డె', '|'), ('త', '|'), ('మి', '|'), ('ని', 'U'), ('ల్ప', '|'), ('వ', '|'), ('శ', '|'), ('మౌ', 'U'), ('నె', '|'), ('దా', 'U'), ('న', '|'), ('వా', 'U'), ('రి', '|'), ('మ', '|'), ('గు', '|'), ('వ', '|'), ('జి', '|'), ('లి', '|'), ('బి', '|'), ('లి', '|'), ('ము', 'U'), ('ద్దు', '|'), ('మా', 'U'), ('ట', '|'), ('లా', 'U'), ('లిం', 'U'), ('చి', '|'), ('న', '|'), ('నా', 'U'), ('శ', '|'), ('మా', 'U'), ('న్ప', '|'), ('ద', '|'), ('రం', 'U'), ('బె', '|'), ('య', '|'), ('మ', '|'), ('ర', '|'), ('వం', 'U'), ('ద్య', '|'), ('శి', 'U'), ('బ్బెం', 'U'), ('పు', '|'), ('గు', 'U'), ('బ్బ', '|'), ('ల', '|'), ('చి', '|'), ('త్రం', 'U'), ('బు', '|'), ('జూ', 'U'), ('చి', '|'), ('న', '|'), ('మో', 'U'), ('హం', 'U'), ('బు', '|'), ('మా', 'U'), ('ను', '|'), ('నే', 'U'), ('మో', 'U'), ('హ', '|'), ('నాం', 'U'), ('గ', '|')]",0.7604166666666666,-1.0,1.0,0.78125,0.5,-1.0
teytageethi,గాన నిక జాగుసేయక కమలనయన | తరుణికడ కిక నతివేగ గదలిరమ్ముఇంతి నీ రాక కేవేళ నెదురుచూచు | మదనగోపాల సత్యభామావిలోల!,vupajaathi,Madanagopala,"[('గా', 'U'), ('న', '|'), ('ని', '|'), ('క', '|'), ('జా', 'U'), ('గు', '|'), ('సే', 'U'), ('య', '|'), ('క', '|'), ('క', '|'), ('మ', '|'), ('ల', '|'), ('న', '|'), ('య', '|'), ('న', '|'), ('త', '|'), ('రు', '|'), ('ణి', '|'), ('క', '|'), ('డ', '|'), ('కి', '|'), ('క', '|'), ('న', '|'), ('తి', '|'), ('వే', 'U'), ('గ', '|'), ('గ', '|'), ('ద', '|'), ('లి', '|'), ('ర', 'U'), ('మ్ము', '|'), ('ఇం', 'U'), ('తి', '|'), ('నీ', 'U'), ('రా', 'U'), ('క', '|'), ('కే', 'U'), ('వే', 'U'), ('ళ', '|'), ('నె', '|'), ('దు', '|'), ('రు', '|'), ('చూ', 'U'), ('చు', '|'), ('మ', '|'), ('ద', '|'), ('న', '|'), ('గో', 'U'), ('పా', 'U'), ('ల', '|'), ('స', 'U'), ('త్య', '|'), ('భా', 'U'), ('మా', 'U'), ('వి', '|'), ('లో', 'U'), ('ల', '|')]",0.8333333333333334,-1.0,1.0,1.0,0.5,-1.0
seesamu,కాంత నెమ్మెయి సాముగంబము గావించి విభుని పొందుమటంచు వేడుకలరనునుగోటి బాకుల నెనయించి గుబ్బల వదలని చేపట్ల వరుస దెల్పికొమ్మ నునుతొడలను కోణిత నెనయగజేసి మోవిమావుల వింతమొగ్గ నిల్చిచెలి వేణివిసరుల జిరంతసాము ఘటించి సరిబోర దొడరి హెచ్చరిక దెల్పి,vupajaathi,Madanagopala,"[('కాం', 'U'), ('త', '|'), ('నె', 'U'), ('మ్మె', '|'), ('యి', '|'), ('సా', 'U'), ('ము', '|'), ('గం', 'U'), ('బ', '|'), ('ము', '|'), ('గా', 'U'), ('విం', 'U'), ('చి', '|'), ('వి', '|'), ('భు', '|'), ('ని', '|'), ('పొం', 'U'), ('దు', '|'), ('మ', '|'), ('టం', 'U'), ('చు', '|'), ('వే', 'U'), ('డు', '|'), ('క', '|'), ('ల', '|'), ('ర', '|'), ('ను', '|'), ('ను', '|'), ('గో', 'U'), ('టి', '|'), ('బా', 'U'), ('కు', '|'), ('ల', '|'), ('నె', '|'), ('న', '|'), ('యిం', 'U'), ('చి', '|'), ('గు', 'U'), ('బ్బ', '|'), ('ల', '|'), ('వ', '|'), ('ద', '|'), ('ల', '|'), ('ని', '|'), ('చే', 'U'), ('ప', 'U'), ('ట్ల', '|'), ('వ', '|'), ('రు', '|'), ('స', '|'), ('దె', 'U'), ('ల్పి', '|'), ('కొ', 'U'), ('మ్మ', '|'), ('ను', '|'), ('ను', '|'), ('తొ', '|'), ('డ', '|'), ('ల', '|'), ('ను', '|'), ('కో', 'U'), ('ణి', '|'), ('త', '|'), ('నె', '|'), ('న', '|'), ('య', '|'), ('గ', '|'), ('జే', 'U'), ('సి', '|'), ('మో', 'U'), ('వి', '|'), ('మా', 'U'), ('వు', '|'), ('ల', '|'), ('విం', 'U'), ('త', '|'), ('మొ', 'U'), ('గ్గ', '|'), ('ని', 'U'), ('ల్చి', '|'), ('చె', '|'), ('లి', '|'), ('వే', 'U'), ('ణి', '|'), ('వి', '|'), ('స', '|'), ('రు', '|'), ('ల', '|'), ('జి', '|'), ('రం', 'U'), ('త', '|'), ('సా', 'U'), ('ము', '|'), ('ఘ', '|'), ('టిం', 'U'), ('చి', '|'), ('స', '|'), ('రి', '|'), ('బో', 'U'), ('ర', '|'), ('దొ', '|'), ('డ', '|'), ('రి', '|'), ('హె', 'U'), ('చ్చ', '|'), ('రి', '|'), ('క', '|'), ('దె', 'U'), ('ల్పి', '|')]",0.8020833333333334,-1.0,1.0,0.90625,0.5,-1.0
teytageethi,యనయ గుబ్బల కుంకుమ యెఱ్ఱమట్టి | మేననంటగ మరునాము మెలత నీకుదెల్ప గోరుచునున్నది దెలసిరమ్ము | మదనగోపాల సత్యభామావిలోల!,vupajaathi,Madanagopala,"[('య', '|'), ('న', '|'), ('య', '|'), ('గు', 'U'), ('బ్బ', '|'), ('ల', '|'), ('కుం', 'U'), ('కు', '|'), ('మ', '|'), ('యె', 'U'), ('ఱ్ఱ', '|'), ('మ', 'U'), ('ట్టి', '|'), ('మే', 'U'), ('న', '|'), ('నం', 'U'), ('ట', '|'), ('గ', '|'), ('మ', '|'), ('రు', '|'), ('నా', 'U'), ('ము', '|'), ('మె', '|'), ('ల', '|'), ('త', '|'), ('నీ', 'U'), ('కు', '|'), ('దె', 'U'), ('ల్ప', '|'), ('గో', 'U'), ('రు', '|'), ('చు', '|'), ('ను', 'U'), ('న్న', '|'), ('ది', '|'), ('దె', '|'), ('ల', '|'), ('సి', '|'), ('ర', 'U'), ('మ్ము', '|'), ('మ', '|'), ('ద', '|'), ('న', '|'), ('గో', 'U'), ('పా', 'U'), ('ల', '|'), ('స', 'U'), ('త్య', '|'), ('భా', 'U'), ('మా', 'U'), ('వి', '|'), ('లో', 'U'), ('ల', '|')]",0.9166666666666666,-1.0,1.0,1.0,0.75,-1.0
seesamu,ధవుని బాసినయట్టి తరి గని నను జూచి వేగ మారుడు చెలరేగు గొమ్మచెలరేగి యదను క్రొంజిగురమ్ము లేసిన గోవెల లటుగూసె మావిగొమ్మమావిగొమ్మ బికాళి మది కలగించిన గల్కిచిల్కలు బల్కె గలివిగొమ్మకలివిమాటలు వినగా నోపకుండిన వెసవీచె దెమ్మెర వేపగొమ్మ,vupajaathi,Madanagopala,"[('ధ', '|'), ('వు', '|'), ('ని', '|'), ('బా', 'U'), ('సి', '|'), ('న', '|'), ('య', 'U'), ('ట్టి', '|'), ('త', '|'), ('రి', '|'), ('గ', '|'), ('ని', '|'), ('న', '|'), ('ను', '|'), ('జూ', 'U'), ('చి', '|'), ('వే', 'U'), ('గ', '|'), ('మా', 'U'), ('రు', '|'), ('డు', '|'), ('చె', '|'), ('ల', '|'), ('రే', 'U'), ('గు', '|'), ('గొ', 'U'), ('మ్మ', '|'), ('చె', '|'), ('ల', '|'), ('రే', 'U'), ('గి', '|'), ('య', '|'), ('ద', '|'), ('ను', '|'), ('క్రొం', 'U'), ('జి', '|'), ('గు', '|'), ('ర', 'U'), ('మ్ము', '|'), ('లే', 'U'), ('సి', '|'), ('న', '|'), ('గో', 'U'), ('వె', '|'), ('ల', '|'), ('ల', '|'), ('టు', '|'), ('గూ', 'U'), ('సె', '|'), ('మా', 'U'), ('వి', '|'), ('గొ', 'U'), ('మ్మ', '|'), ('మా', 'U'), ('వి', '|'), ('గొ', 'U'), ('మ్మ', '|'), ('బి', '|'), ('కా', 'U'), ('ళి', '|'), ('మ', '|'), ('ది', '|'), ('క', '|'), ('ల', '|'), ('గిం', 'U'), ('చి', '|'), ('న', '|'), ('గ', 'U'), ('ల్కి', '|'), ('చి', 'U'), ('ల్క', '|'), ('లు', '|'), ('బ', 'U'), ('ల్కె', '|'), ('గ', '|'), ('లి', '|'), ('వి', '|'), ('గొ', 'U'), ('మ్మ', '|'), ('క', '|'), ('లి', '|'), ('వి', '|'), ('మా', 'U'), ('ట', '|'), ('లు', '|'), ('వి', '|'), ('న', '|'), ('గా', 'U'), ('నో', 'U'), ('ప', '|'), ('కుం', 'U'), ('డి', '|'), ('న', '|'), ('వె', '|'), ('స', '|'), ('వీ', 'U'), ('చె', '|'), ('దె', 'U'), ('మ్మె', '|'), ('ర', '|'), ('వే', 'U'), ('ప', '|'), ('గొ', 'U'), ('మ్మ', '|')]",1.0,-1.0,1.0,1.0,1.0,-1.0
teytageethi,వెలది యెట్లోర్తు శశిమంట వెలుగ గొమ్మ | పోయెదవె యిప్డు నా పతి బొగడగొమ్మప్రియముతోనని నను బంచె బిల్వగొమ్మ | మదనగోపాల సత్యభామావిలోల!,vupajaathi,Madanagopala,"[('వె', '|'), ('ల', '|'), ('ది', '|'), ('యె', 'U'), ('ట్లో', 'U'), ('ర్తు', '|'), ('శ', '|'), ('శి', '|'), ('మం', 'U'), ('ట', '|'), ('వె', '|'), ('లు', '|'), ('గ', '|'), ('గొ', 'U'), ('మ్మ', '|'), ('పో', 'U'), ('యె', '|'), ('ద', '|'), ('వె', '|'), ('యి', 'U'), ('ప్డు', '|'), ('నా', 'U'), ('ప', '|'), ('తి', '|'), ('బొ', '|'), ('గ', '|'), ('డ', '|'), ('గొ', 'U'), ('మ్మ', '|'), ('ప్రి', '|'), ('య', '|'), ('ము', '|'), ('తో', 'U'), ('న', '|'), ('ని', '|'), ('న', '|'), ('ను', '|'), ('బం', 'U'), ('చె', '|'), ('బి', 'U'), ('ల్వ', '|'), ('గొ', 'U'), ('మ్మ', '|'), ('మ', '|'), ('ద', '|'), ('న', '|'), ('గో', 'U'), ('పా', 'U'), ('ల', '|'), ('స', 'U'), ('త్య', '|'), ('భా', 'U'), ('మా', 'U'), ('వి', '|'), ('లో', 'U'), ('ల', '|')]",1.0,-1.0,1.0,1.0,1.0,-1.0
seesamu,కన్నెకు నాల్గింట గల్గును కన్బొమ లందగత్తెల మేటి యా వధూటికన్నెకు నేడింట గల్గును నేత్రముల్ మరుచేతితూపు యా మగువ చూపుకన్నెకు నాఱింట గలుగును కుచములు గొప్పలై పూచెండ్ల యొప్పు దెగడుకన్నెకు బదిరెంట గల్గు నెన్నడు మది యణుమాత్రమగు జాడ నరసి చూడ,vupajaathi,Madanagopala,"[('క', 'U'), ('న్నె', '|'), ('కు', '|'), ('నా', 'U'), ('ల్గిం', 'U'), ('ట', '|'), ('గ', 'U'), ('ల్గు', '|'), ('ను', '|'), ('క', 'U'), ('న్బొ', '|'), ('మ', '|'), ('లం', 'U'), ('ద', '|'), ('గ', 'U'), ('త్తె', '|'), ('ల', '|'), ('మే', 'U'), ('టి', '|'), ('యా', 'U'), ('వ', '|'), ('ధూ', 'U'), ('టి', '|'), ('క', 'U'), ('న్నె', '|'), ('కు', '|'), ('నే', 'U'), ('డిం', 'U'), ('ట', '|'), ('గ', 'U'), ('ల్గు', '|'), ('ను', '|'), ('నే', 'U'), ('త్ర', '|'), ('ము', 'U'), ('ల్మ', '|'), ('రు', '|'), ('చే', 'U'), ('తి', '|'), ('తూ', 'U'), ('పు', '|'), ('యా', 'U'), ('మ', '|'), ('గు', '|'), ('వ', '|'), ('చూ', 'U'), ('పు', '|'), ('క', 'U'), ('న్నె', '|'), ('కు', '|'), ('నా', 'U'), ('ఱిం', 'U'), ('ట', '|'), ('గ', '|'), ('లు', '|'), ('గు', '|'), ('ను', '|'), ('కు', '|'), ('చ', '|'), ('ము', '|'), ('లు', '|'), ('గొ', 'U'), ('ప్ప', '|'), ('లై', 'U'), ('పూ', 'U'), ('చెం', 'U'), ('డ్ల', '|'), ('యొ', 'U'), ('ప్పు', '|'), ('దె', '|'), ('గ', '|'), ('డు', '|'), ('క', 'U'), ('న్నె', '|'), ('కు', '|'), ('బ', '|'), ('ది', '|'), ('రెం', 'U'), ('ట', '|'), ('గ', 'U'), ('ల్గు', '|'), ('నె', 'U'), ('న్న', '|'), ('డు', '|'), ('మ', '|'), ('ది', '|'), ('య', '|'), ('ణు', '|'), ('మా', 'U'), ('త్ర', '|'), ('మ', '|'), ('గు', '|'), ('జా', 'U'), ('డ', '|'), ('న', '|'), ('ర', '|'), ('సి', '|'), ('చూ', 'U'), ('డ', '|')]",0.9166666666666666,-1.0,1.0,1.0,0.75,-1.0
teytageethi,కన్నె కేనిటు బదములు గల్గియుండు కన్నెకును బదియవదియు గలుగు నీకుకన్నెకును రెండవది నీకు కన్యకనుచు | మదనగోపాల సత్యభామావిలోల!,vupajaathi,Madanagopala,"[('క', 'U'), ('న్నె', '|'), ('కే', 'U'), ('ని', '|'), ('టు', '|'), ('బ', '|'), ('ద', '|'), ('ము', '|'), ('లు', '|'), ('గ', 'U'), ('ల్గి', '|'), ('యుం', 'U'), ('డు', '|'), ('క', 'U'), ('న్నె', '|'), ('కు', '|'), ('ను', '|'), ('బ', '|'), ('ది', '|'), ('య', '|'), ('వ', '|'), ('ది', '|'), ('యు', '|'), ('గ', '|'), ('లు', '|'), ('గు', '|'), ('నీ', 'U'), ('కు', '|'), ('క', 'U'), ('న్నె', '|'), ('కు', '|'), ('ను', '|'), ('రెం', 'U'), ('డ', '|'), ('వ', '|'), ('ది', '|'), ('నీ', 'U'), ('కు', '|'), ('క', 'U'), ('న్య', '|'), ('క', '|'), ('ను', '|'), ('చు', '|'), ('మ', '|'), ('ద', '|'), ('న', '|'), ('గో', 'U'), ('పా', 'U'), ('ల', '|'), ('స', 'U'), ('త్య', '|'), ('భా', 'U'), ('మా', 'U'), ('వి', '|'), ('లో', 'U'), ('ల', '|')]",1.0,-1.0,1.0,1.0,1.0,-1.0
seesamu,నీవు రావలెనంచు నెమ్మది దా గోరి గౌరీవ్రతము సేయు గంబుకంఠితోడ భాషింప నిజముగా మదిగోరి చెలి సరస్వతిపూజ సేయుచుండునీతోడ రతిగూడ నెలత దా నెదగోరి మదనుని బూజించు మందయాననీవు దయజూడంగ నిజభక్తి వరలక్ష్మినోము గావించు దా నుచితముగను,vupajaathi,Madanagopala,"[('నీ', 'U'), ('వు', '|'), ('రా', 'U'), ('వ', '|'), ('లె', '|'), ('నం', 'U'), ('చు', '|'), ('నె', 'U'), ('మ్మ', '|'), ('ది', '|'), ('దా', 'U'), ('గో', 'U'), ('రి', '|'), ('గౌ', 'U'), ('రీ', 'U'), ('వ్ర', '|'), ('త', '|'), ('ము', '|'), ('సే', 'U'), ('యు', '|'), ('గం', 'U'), ('బు', '|'), ('కం', 'U'), ('ఠి', '|'), ('తో', 'U'), ('డ', '|'), ('భా', 'U'), ('షిం', 'U'), ('ప', '|'), ('ని', '|'), ('జ', '|'), ('ము', '|'), ('గా', 'U'), ('మ', '|'), ('ది', '|'), ('గో', 'U'), ('రి', '|'), ('చె', '|'), ('లి', '|'), ('స', '|'), ('ర', 'U'), ('స్వ', '|'), ('తి', '|'), ('పూ', 'U'), ('జ', '|'), ('సే', 'U'), ('యు', '|'), ('చుం', 'U'), ('డు', '|'), ('నీ', 'U'), ('తో', 'U'), ('డ', '|'), ('ర', '|'), ('తి', '|'), ('గూ', 'U'), ('డ', '|'), ('నె', '|'), ('ల', '|'), ('త', '|'), ('దా', 'U'), ('నె', '|'), ('ద', '|'), ('గో', 'U'), ('రి', '|'), ('మ', '|'), ('ద', '|'), ('ను', '|'), ('ని', '|'), ('బూ', 'U'), ('జిం', 'U'), ('చు', '|'), ('మం', 'U'), ('ద', '|'), ('యా', 'U'), ('న', '|'), ('నీ', 'U'), ('వు', '|'), ('ద', '|'), ('య', '|'), ('జూ', 'U'), ('డం', 'U'), ('గ', '|'), ('ని', '|'), ('జ', '|'), ('భ', 'U'), ('క్తి', '|'), ('వ', '|'), ('ర', '|'), ('ల', 'U'), ('క్ష్మి', '|'), ('నో', 'U'), ('ము', '|'), ('గా', 'U'), ('విం', 'U'), ('చు', '|'), ('దా', 'U'), ('ను', '|'), ('చి', '|'), ('త', '|'), ('ము', '|'), ('గ', '|'), ('ను', '|')]",0.6354166666666666,-1.0,1.0,0.65625,0.25,-1.0
teytageethi,భామ యీ రీతి వ్రతములు భక్తితోడ | జేయుచున్నది యచ్చట సిద్ధముగనుగలికి నీపైని నతిమోహకాంక్ష జెంది | మదనగోపాల సత్యభామావిలోల!,vupajaathi,Madanagopala,"[('భా', 'U'), ('మ', '|'), ('యీ', 'U'), ('రీ', 'U'), ('తి', '|'), ('వ్ర', '|'), ('త', '|'), ('ము', '|'), ('లు', '|'), ('భ', 'U'), ('క్తి', '|'), ('తో', 'U'), ('డ', '|'), ('జే', 'U'), ('యు', '|'), ('చు', 'U'), ('న్న', '|'), ('ది', '|'), ('య', 'U'), ('చ్చ', '|'), ('ట', '|'), ('సి', 'U'), ('ద్ధ', '|'), ('ము', '|'), ('గ', '|'), ('ను', '|'), ('గ', '|'), ('లి', '|'), ('కి', '|'), ('నీ', 'U'), ('పై', 'U'), ('ని', '|'), ('న', '|'), ('తి', '|'), ('మో', 'U'), ('హ', '|'), ('కాం', 'U'), ('క్ష', '|'), ('జెం', 'U'), ('ది', '|'), ('మ', '|'), ('ద', '|'), ('న', '|'), ('గో', 'U'), ('పా', 'U'), ('ల', '|'), ('స', 'U'), ('త్య', '|'), ('భా', 'U'), ('మా', 'U'), ('వి', '|'), ('లో', 'U'), ('ల', '|')]",1.0,-1.0,1.0,1.0,1.0,-1.0
seesamu,చాన నీపై వలపు మానెద నేవేళ బూని చిలుకలతోడ బోరుచుండుబాల నీపై జాల బాళిచే దుమ్మెదరో దలకు దన మది రోయుచుండుకామిని నీయందు కాంక్షను గోర్వంక కలకలంబుల కెదఁ దలకుచుండుభామిని విరహార్తిబాధితయై నెమ్మి కేకలకును మది గనుకచెందు,vupajaathi,Madanagopala,"[('చా', 'U'), ('న', '|'), ('నీ', 'U'), ('పై', 'U'), ('వ', '|'), ('ల', '|'), ('పు', '|'), ('మా', 'U'), ('నె', '|'), ('ద', '|'), ('నే', 'U'), ('వే', 'U'), ('ళ', '|'), ('బూ', 'U'), ('ని', '|'), ('చి', '|'), ('లు', '|'), ('క', '|'), ('ల', '|'), ('తో', 'U'), ('డ', '|'), ('బో', 'U'), ('రు', '|'), ('చుం', 'U'), ('డు', '|'), ('బా', 'U'), ('ల', '|'), ('నీ', 'U'), ('పై', 'U'), ('జా', 'U'), ('ల', '|'), ('బా', 'U'), ('ళి', '|'), ('చే', 'U'), ('దు', 'U'), ('మ్మె', '|'), ('ద', '|'), ('రో', 'U'), ('ద', '|'), ('ల', '|'), ('కు', '|'), ('ద', '|'), ('న', '|'), ('మ', '|'), ('ది', '|'), ('రో', 'U'), ('యు', '|'), ('చుం', 'U'), ('డు', '|'), ('కా', 'U'), ('మి', '|'), ('ని', '|'), ('నీ', 'U'), ('యం', 'U'), ('దు', '|'), ('కాం', 'U'), ('క్ష', '|'), ('ను', '|'), ('గో', 'U'), ('ర్వం', 'U'), ('క', '|'), ('క', '|'), ('ల', '|'), ('క', '|'), ('లం', 'U'), ('బు', '|'), ('ల', '|'), ('కె', '|'), ('ద', '|'), ('ద', '|'), ('ల', '|'), ('కు', '|'), ('చుం', 'U'), ('డు', '|'), ('భా', 'U'), ('మి', '|'), ('ని', '|'), ('వి', '|'), ('ర', '|'), ('హా', 'U'), ('ర్తి', '|'), ('బా', 'U'), ('ధి', '|'), ('త', '|'), ('యై', 'U'), ('నె', 'U'), ('మ్మి', '|'), ('కే', 'U'), ('క', '|'), ('ల', '|'), ('కు', '|'), ('ను', '|'), ('మ', '|'), ('ది', '|'), ('గ', '|'), ('ను', '|'), ('క', '|'), ('చెం', 'U'), ('దు', '|')]",0.8020833333333334,-1.0,1.0,0.90625,0.5,-1.0
teytageethi,మగువ యీ రీతి మోహాబ్ధిమగ్న యగుచు | నున్న దాయింతి నెడబాయ నుచితమగునెజాగుసేయక రావయ్య సారసాక్ష | మదనగోపాల సత్యభామావిలోల!,vupajaathi,Madanagopala,"[('మ', '|'), ('గు', '|'), ('వ', '|'), ('యీ', 'U'), ('రీ', 'U'), ('తి', '|'), ('మో', 'U'), ('హా', 'U'), ('బ్ధి', '|'), ('మ', 'U'), ('గ్న', '|'), ('య', '|'), ('గు', '|'), ('చు', '|'), ('ను', 'U'), ('న్న', '|'), ('దా', 'U'), ('యిం', 'U'), ('తి', '|'), ('నె', '|'), ('డ', '|'), ('బా', 'U'), ('య', '|'), ('ను', '|'), ('చి', '|'), ('త', '|'), ('మ', '|'), ('గు', '|'), ('నె', '|'), ('జా', 'U'), ('గు', '|'), ('సే', 'U'), ('య', '|'), ('క', '|'), ('రా', 'U'), ('వ', 'U'), ('య్య', '|'), ('సా', 'U'), ('ర', '|'), ('సా', 'U'), ('క్ష', '|'), ('మ', '|'), ('ద', '|'), ('న', '|'), ('గో', 'U'), ('పా', 'U'), ('ల', '|'), ('స', 'U'), ('త్య', '|'), ('భా', 'U'), ('మా', 'U'), ('వి', '|'), ('లో', 'U'), ('ల', '|')]",1.0,-1.0,1.0,1.0,1.0,-1.0
seesamu,విరిబోడి నిను జేరి వింతవింతగ మాటలాడదే ముదమున హవుసుమీరకొమ్మ పైకొని చాల ఘుమఘుమ వాసిల్ల పన్నీరు జల్లదే బాగుమీరయెలనాగ నినుగూడి యెదయెద గదియించి పలుమారు పెనగదే బాళిమీరనలివేణి నిను డాసి యక్కునక్కున జేర్చి గలయదే మరుకేళి ఘనతమీర,vupajaathi,Madanagopala,"[('వి', '|'), ('రి', '|'), ('బో', 'U'), ('డి', '|'), ('ని', '|'), ('ను', '|'), ('జే', 'U'), ('రి', '|'), ('విం', 'U'), ('త', '|'), ('విం', 'U'), ('త', '|'), ('గ', '|'), ('మా', 'U'), ('ట', '|'), ('లా', 'U'), ('డ', '|'), ('దే', 'U'), ('ము', '|'), ('ద', '|'), ('ము', '|'), ('న', '|'), ('హ', '|'), ('వు', '|'), ('సు', '|'), ('మీ', 'U'), ('ర', '|'), ('కొ', 'U'), ('మ్మ', '|'), ('పై', 'U'), ('కొ', '|'), ('ని', '|'), ('చా', 'U'), ('ల', '|'), ('ఘు', '|'), ('మ', '|'), ('ఘు', '|'), ('మ', '|'), ('వా', 'U'), ('సి', 'U'), ('ల్ల', '|'), ('ప', 'U'), ('న్నీ', 'U'), ('రు', '|'), ('జ', 'U'), ('ల్ల', '|'), ('దే', 'U'), ('బా', 'U'), ('గు', '|'), ('మీ', 'U'), ('ర', '|'), ('యె', '|'), ('ల', '|'), ('నా', 'U'), ('గ', '|'), ('ని', '|'), ('ను', '|'), ('గూ', 'U'), ('డి', '|'), ('యె', '|'), ('ద', '|'), ('యె', '|'), ('ద', '|'), ('గ', '|'), ('ది', '|'), ('యిం', 'U'), ('చి', '|'), ('ప', '|'), ('లు', '|'), ('మా', 'U'), ('రు', '|'), ('పె', '|'), ('న', '|'), ('గ', '|'), ('దే', 'U'), ('బా', 'U'), ('ళి', '|'), ('మీ', 'U'), ('ర', '|'), ('న', '|'), ('లి', '|'), ('వే', 'U'), ('ణి', '|'), ('ని', '|'), ('ను', '|'), ('డా', 'U'), ('సి', '|'), ('య', 'U'), ('క్కు', '|'), ('న', 'U'), ('క్కు', '|'), ('న', '|'), ('జే', 'U'), ('ర్చి', '|'), ('గ', '|'), ('ల', '|'), ('య', '|'), ('దే', 'U'), ('మ', '|'), ('రు', '|'), ('కే', 'U'), ('ళి', '|'), ('ఘ', '|'), ('న', '|'), ('త', '|'), ('మీ', 'U'), ('ర', '|')]",0.9166666666666666,-1.0,1.0,1.0,0.75,-1.0
teytageethi,గాన నా యింతి నేలుము గారవమున | చాన నిను వలచియున్నది జాగువలదుపూని యిక వేగ రావయ్య పొలతి కడకు | మదనగోపాల సత్యభామావిలోల!,vupajaathi,Madanagopala,"[('గా', 'U'), ('న', '|'), ('నా', 'U'), ('యిం', 'U'), ('తి', '|'), ('నే', 'U'), ('లు', '|'), ('ము', '|'), ('గా', 'U'), ('ర', '|'), ('వ', '|'), ('ము', '|'), ('న', '|'), ('చా', 'U'), ('న', '|'), ('ని', '|'), ('ను', '|'), ('వ', '|'), ('ల', '|'), ('చి', '|'), ('యు', 'U'), ('న్న', '|'), ('ది', '|'), ('జా', 'U'), ('గు', '|'), ('వ', '|'), ('ల', '|'), ('దు', '|'), ('పూ', 'U'), ('ని', '|'), ('యి', '|'), ('క', '|'), ('వే', 'U'), ('గ', '|'), ('రా', 'U'), ('వ', 'U'), ('య్య', '|'), ('పొ', '|'), ('ల', '|'), ('తి', '|'), ('క', '|'), ('డ', '|'), ('కు', '|'), ('మ', '|'), ('ద', '|'), ('న', '|'), ('గో', 'U'), ('పా', 'U'), ('ల', '|'), ('స', 'U'), ('త్య', '|'), ('భా', 'U'), ('మా', 'U'), ('వి', '|'), ('లో', 'U'), ('ల', '|')]",0.9833333333333334,-1.0,1.0,0.95,1.0,-1.0
seesamu,ముదమున నీ ముద్దుమోము చూడక గాని విరహంబు మానునే తరుణికిపుడుమనమార నిను గూడి మరుకేళి గలయక యాశలు దీరునే యతివకిపుడుకోర్కెతో నుపరతి గూడి మెప్పింపక మానునే వ్యసనంబు మగువకిపుడు... ... ... ... ... ... ... ... ... ... ... ... ... ... ... ... ... ... ... ... ... ... ... ...,vupajaathi,Madanagopala,"[('ము', '|'), ('ద', '|'), ('ము', '|'), ('న', '|'), ('నీ', 'U'), ('ము', 'U'), ('ద్దు', '|'), ('మో', 'U'), ('ము', '|'), ('చూ', 'U'), ('డ', '|'), ('క', '|'), ('గా', 'U'), ('ని', '|'), ('వి', '|'), ('ర', '|'), ('హం', 'U'), ('బు', '|'), ('మా', 'U'), ('ను', '|'), ('నే', 'U'), ('త', '|'), ('రు', '|'), ('ణి', '|'), ('కి', '|'), ('పు', '|'), ('డు', '|'), ('మ', '|'), ('న', '|'), ('మా', 'U'), ('ర', '|'), ('ని', '|'), ('ను', '|'), ('గూ', 'U'), ('డి', '|'), ('మ', '|'), ('రు', '|'), ('కే', 'U'), ('ళి', '|'), ('గ', '|'), ('ల', '|'), ('య', '|'), ('క', '|'), ('యా', 'U'), ('శ', '|'), ('లు', '|'), ('దీ', 'U'), ('రు', '|'), ('నే', 'U'), ('య', '|'), ('తి', '|'), ('వ', '|'), ('కి', '|'), ('పు', '|'), ('డు', '|'), ('కో', 'U'), ('ర్కె', '|'), ('తో', 'U'), ('ను', '|'), ('ప', '|'), ('ర', '|'), ('తి', '|'), ('గూ', 'U'), ('డి', '|'), ('మె', 'U'), ('ప్పిం', 'U'), ('ప', '|'), ('క', '|'), ('మా', 'U'), ('ను', '|'), ('నే', 'U'), ('వ్య', '|'), ('స', '|'), ('నం', 'U'), ('బు', '|'), ('మ', '|'), ('గు', '|'), ('వ', '|'), ('కి', '|'), ('పు', '|'), ('డు', '|')]",0.75,-1.0,0.75,0.75,0.75,-1.0
teytageethi,కలికి యీ రీతి మదిలోన కలక జెంది | యున్న దా యింతి నతివేగ నూరడించిజాగుసేయక నేలుము జలరుహాక్ష | మదనగోపాల సత్యభామావిలోల!,vupajaathi,Madanagopala,"[('క', '|'), ('లి', '|'), ('కి', '|'), ('యీ', 'U'), ('రీ', 'U'), ('తి', '|'), ('మ', '|'), ('ది', '|'), ('లో', 'U'), ('న', '|'), ('క', '|'), ('ల', '|'), ('క', '|'), ('జెం', 'U'), ('ది', '|'), ('యు', 'U'), ('న్న', '|'), ('దా', 'U'), ('యిం', 'U'), ('తి', '|'), ('న', '|'), ('తి', '|'), ('వే', 'U'), ('గ', '|'), ('నూ', 'U'), ('ర', '|'), ('డిం', 'U'), ('చి', '|'), ('జా', 'U'), ('గు', '|'), ('సే', 'U'), ('య', '|'), ('క', '|'), ('నే', 'U'), ('లు', '|'), ('ము', '|'), ('జ', '|'), ('ల', '|'), ('రు', '|'), ('హా', 'U'), ('క్ష', '|'), ('మ', '|'), ('ద', '|'), ('న', '|'), ('గో', 'U'), ('పా', 'U'), ('ల', '|'), ('స', 'U'), ('త్య', '|'), ('భా', 'U'), ('మా', 'U'), ('వి', '|'), ('లో', 'U'), ('ల', '|')]",0.9166666666666666,-1.0,1.0,1.0,0.75,-1.0
seesamu,కనకాంగి నీ బిగికౌఁగిట జేరను దలచదా మరుబారి తాళలేకకొమ్మ నీ యెద కుల్కుగుబ్బల గదియింప మది గోరదా తమి మానలేకముదిత నీ చెక్కులు ముద్దాడ దలవదా నిండిన మోహంబు నిలుపలేకకాంత నీతో రతి కలయగా నెంచదా విరహానలముచేత వేగలేక,vupajaathi,Madanagopala,"[('క', '|'), ('న', '|'), ('కాం', 'U'), ('గి', '|'), ('నీ', 'U'), ('బి', '|'), ('గి', '|'), ('కౌ', 'U'), ('గి', '|'), ('ట', '|'), ('జే', 'U'), ('ర', '|'), ('ను', '|'), ('ద', '|'), ('ల', '|'), ('చ', '|'), ('దా', 'U'), ('మ', '|'), ('రు', '|'), ('బా', 'U'), ('రి', '|'), ('తా', 'U'), ('ళ', '|'), ('లే', 'U'), ('క', '|'), ('కొ', 'U'), ('మ్మ', '|'), ('నీ', 'U'), ('యె', '|'), ('ద', '|'), ('కు', 'U'), ('ల్కు', '|'), ('గు', 'U'), ('బ్బ', '|'), ('ల', '|'), ('గ', '|'), ('ది', '|'), ('యిం', 'U'), ('ప', '|'), ('మ', '|'), ('ది', '|'), ('గో', 'U'), ('ర', '|'), ('దా', 'U'), ('త', '|'), ('మి', '|'), ('మా', 'U'), ('న', '|'), ('లే', 'U'), ('క', '|'), ('ము', '|'), ('ది', '|'), ('త', '|'), ('నీ', 'U'), ('చె', 'U'), ('క్కు', '|'), ('లు', '|'), ('ము', 'U'), ('ద్దా', 'U'), ('డ', '|'), ('ద', '|'), ('ల', '|'), ('వ', '|'), ('దా', 'U'), ('నిం', 'U'), ('డి', '|'), ('న', '|'), ('మో', 'U'), ('హం', 'U'), ('బు', '|'), ('ని', '|'), ('లు', '|'), ('ప', '|'), ('లే', 'U'), ('క', '|'), ('కాం', 'U'), ('త', '|'), ('నీ', 'U'), ('తో', 'U'), ('ర', '|'), ('తి', '|'), ('క', '|'), ('ల', '|'), ('య', '|'), ('గా', 'U'), ('నెం', 'U'), ('చ', '|'), ('దా', 'U'), ('వి', '|'), ('ర', '|'), ('హా', 'U'), ('న', '|'), ('ల', '|'), ('ము', '|'), ('చే', 'U'), ('త', '|'), ('వే', 'U'), ('గ', '|'), ('లే', 'U'), ('క', '|')]",1.0,-1.0,1.0,1.0,1.0,-1.0
teytageethi,కలికి నీయందు నతిమోహకాంక్ష జెంది నిన్నే దలచుచునున్నది నీరజాక్షవేడ్కతోడను రావయ్య వనితకడకు | మదనగోపాల సత్యభామావిలోల!,vupajaathi,Madanagopala,"[('క', '|'), ('లి', '|'), ('కి', '|'), ('నీ', 'U'), ('యం', 'U'), ('దు', '|'), ('న', '|'), ('తి', '|'), ('మో', 'U'), ('హ', '|'), ('కాం', 'U'), ('క్ష', '|'), ('జెం', 'U'), ('ది', '|'), ('ని', 'U'), ('న్నే', 'U'), ('ద', '|'), ('ల', '|'), ('చు', '|'), ('చు', '|'), ('ను', 'U'), ('న్న', '|'), ('ది', '|'), ('నీ', 'U'), ('ర', '|'), ('జా', 'U'), ('క్ష', '|'), ('వే', 'U'), ('డ్క', '|'), ('తో', 'U'), ('డ', '|'), ('ను', '|'), ('రా', 'U'), ('వ', 'U'), ('య్య', '|'), ('వ', '|'), ('ని', '|'), ('త', '|'), ('క', '|'), ('డ', '|'), ('కు', '|'), ('మ', '|'), ('ద', '|'), ('న', '|'), ('గో', 'U'), ('పా', 'U'), ('ల', '|'), ('స', 'U'), ('త్య', '|'), ('భా', 'U'), ('మా', 'U'), ('వి', '|'), ('లో', 'U'), ('ల', '|')]",0.6666666666666666,-1.0,1.0,0.75,0.25,-1.0
seesamu,నీటుమీరగ దళ్కు నిడువాలుగన్నుల గాటపు వగ గుల్క కాటుకలదియందమౌ మోమున పొందుగా కస్తూరితిలకంబు కొనగోట దిద్ది వేగనెరివేణి పొదవున విరిసరంబులు దాల్చి నరరత్నభూషణావళులు మెరయరంగుబుటేదారి రవికె యొప్పుగ దొడగి చెంగావిసరిగంచు చీర గట్టి,vupajaathi,Madanagopala,"[('నీ', 'U'), ('టు', '|'), ('మీ', 'U'), ('ర', '|'), ('గ', '|'), ('ద', 'U'), ('ళ్కు', '|'), ('ని', '|'), ('డు', '|'), ('వా', 'U'), ('లు', '|'), ('గ', 'U'), ('న్ను', '|'), ('ల', '|'), ('గా', 'U'), ('ట', '|'), ('పు', '|'), ('వ', '|'), ('గ', '|'), ('గు', 'U'), ('ల్క', '|'), ('కా', 'U'), ('టు', '|'), ('క', '|'), ('ల', '|'), ('ది', '|'), ('యం', 'U'), ('ద', '|'), ('మౌ', 'U'), ('మో', 'U'), ('ము', '|'), ('న', '|'), ('పొం', 'U'), ('దు', '|'), ('గా', 'U'), ('క', 'U'), ('స్తూ', 'U'), ('రి', '|'), ('తి', '|'), ('ల', '|'), ('కం', 'U'), ('బు', '|'), ('కొ', '|'), ('న', '|'), ('గో', 'U'), ('ట', '|'), ('ది', 'U'), ('ద్ది', '|'), ('వే', 'U'), ('గ', '|'), ('నె', '|'), ('రి', '|'), ('వే', 'U'), ('ణి', '|'), ('పొ', '|'), ('ద', '|'), ('వు', '|'), ('న', '|'), ('వి', '|'), ('రి', '|'), ('స', '|'), ('రం', 'U'), ('బు', '|'), ('లు', '|'), ('దా', 'U'), ('ల్చి', '|'), ('న', '|'), ('ర', '|'), ('ర', 'U'), ('త్న', '|'), ('భూ', 'U'), ('ష', '|'), ('ణా', 'U'), ('వ', '|'), ('ళు', '|'), ('లు', '|'), ('మె', '|'), ('ర', '|'), ('య', '|'), ('రం', 'U'), ('గు', '|'), ('బు', '|'), ('టే', 'U'), ('దా', 'U'), ('రి', '|'), ('ర', '|'), ('వి', '|'), ('కె', '|'), ('యొ', 'U'), ('ప్పు', '|'), ('గ', '|'), ('దొ', '|'), ('డ', '|'), ('గి', '|'), ('చెం', 'U'), ('గా', 'U'), ('వి', '|'), ('స', '|'), ('రి', '|'), ('గం', 'U'), ('చు', '|'), ('చీ', 'U'), ('ర', '|'), ('గ', 'U'), ('ట్టి', '|')]",0.90625,-1.0,1.0,0.96875,0.75,-1.0
teytageethi,వెడలి యారామమెల్లను వెతకి నిన్ను | గాన కిటు నన్ను బంపెను గమలనాభకరుణగల్గియు నా ఇంతికడకు రమ్ము | మదనగోపాల సత్యభామావిలోల!,vupajaathi,Madanagopala,"[('వె', '|'), ('డ', '|'), ('లి', '|'), ('యా', 'U'), ('రా', 'U'), ('మ', '|'), ('మె', 'U'), ('ల్ల', '|'), ('ను', '|'), ('వె', '|'), ('త', '|'), ('కి', '|'), ('ని', 'U'), ('న్ను', '|'), ('గా', 'U'), ('న', '|'), ('కి', '|'), ('టు', '|'), ('న', 'U'), ('న్ను', '|'), ('బం', 'U'), ('పె', '|'), ('ను', '|'), ('గ', '|'), ('మ', '|'), ('ల', '|'), ('నా', 'U'), ('భ', '|'), ('క', '|'), ('రు', '|'), ('ణ', '|'), ('గ', 'U'), ('ల్గి', '|'), ('యు', '|'), ('నా', 'U'), ('ఇం', 'U'), ('తి', '|'), ('క', '|'), ('డ', '|'), ('కు', '|'), ('ర', 'U'), ('మ్ము', '|'), ('మ', '|'), ('ద', '|'), ('న', '|'), ('గో', 'U'), ('పా', 'U'), ('ల', '|'), ('స', 'U'), ('త్య', '|'), ('భా', 'U'), ('మా', 'U'), ('వి', '|'), ('లో', 'U'), ('ల', '|')]",1.0,-1.0,1.0,1.0,1.0,-1.0
seesamu,కనకాంగిపై నీకు గడుమోహమగుటకు వనిత కొప్పున దాల్చు వకుళసరమునానవాలుగ నిచ్చి యంపెను గైకొమ్ము మనమున సంతోషమంది వేగవలనొప్ప మదనాగ్ని వనితకు జల్లార్చి కడుప్రియంబున ఇంతి గలసిమెలసిశుకవాణికడ జేరి సుఖలీల నుండుట కిది సమయము నీకు నింపుతోడ,vupajaathi,Madanagopala,"[('క', '|'), ('న', '|'), ('కాం', 'U'), ('గి', '|'), ('పై', 'U'), ('నీ', 'U'), ('కు', '|'), ('గ', '|'), ('డు', '|'), ('మో', 'U'), ('హ', '|'), ('మ', '|'), ('గు', '|'), ('ట', '|'), ('కు', '|'), ('వ', '|'), ('ని', '|'), ('త', '|'), ('కొ', 'U'), ('ప్పు', '|'), ('న', '|'), ('దా', 'U'), ('ల్చు', '|'), ('వ', '|'), ('కు', '|'), ('ళ', '|'), ('స', '|'), ('ర', '|'), ('ము', '|'), ('నా', 'U'), ('న', '|'), ('వా', 'U'), ('లు', '|'), ('గ', '|'), ('ని', 'U'), ('చ్చి', '|'), ('యం', 'U'), ('పె', '|'), ('ను', '|'), ('గై', 'U'), ('కొ', 'U'), ('మ్ము', '|'), ('మ', '|'), ('న', '|'), ('ము', '|'), ('న', '|'), ('సం', 'U'), ('తో', 'U'), ('ష', '|'), ('మం', 'U'), ('ది', '|'), ('వే', 'U'), ('గ', '|'), ('వ', '|'), ('ల', '|'), ('నొ', 'U'), ('ప్ప', '|'), ('మ', '|'), ('ద', '|'), ('నా', 'U'), ('గ్ని', '|'), ('వ', '|'), ('ని', '|'), ('త', '|'), ('కు', '|'), ('జ', 'U'), ('ల్లా', 'U'), ('ర్చి', '|'), ('క', '|'), ('డు', '|'), ('ప్రి', '|'), ('యం', 'U'), ('బు', '|'), ('న', '|'), ('ఇం', 'U'), ('తి', '|'), ('గ', '|'), ('ల', '|'), ('సి', '|'), ('మె', '|'), ('ల', '|'), ('సి', '|'), ('శు', '|'), ('క', '|'), ('వా', 'U'), ('ణి', '|'), ('క', '|'), ('డ', '|'), ('జే', 'U'), ('రి', '|'), ('సు', '|'), ('ఖ', '|'), ('లీ', 'U'), ('ల', '|'), ('నుం', 'U'), ('డు', '|'), ('ట', '|'), ('కి', '|'), ('ది', '|'), ('స', '|'), ('మ', '|'), ('య', '|'), ('ము', '|'), ('నీ', 'U'), ('కు', '|'), ('నిం', 'U'), ('పు', '|'), ('తో', 'U'), ('డ', '|')]",0.9166666666666666,-1.0,1.0,1.0,0.75,-1.0
teytageethi,గాన నిను బిల్వవచ్చితి గమలనాభ | తామసించిన నా యింతి తాళదింకకరుణతోడను రావయ్య కమలనాభ | మదనగోపాల సత్యభామావిలోల!,vupajaathi,Madanagopala,"[('గా', 'U'), ('న', '|'), ('ని', '|'), ('ను', '|'), ('బి', 'U'), ('ల్వ', '|'), ('వ', 'U'), ('చ్చి', '|'), ('తి', '|'), ('గ', '|'), ('మ', '|'), ('ల', '|'), ('నా', 'U'), ('భ', '|'), ('తా', 'U'), ('మ', '|'), ('సిం', 'U'), ('చి', '|'), ('న', '|'), ('నా', 'U'), ('యిం', 'U'), ('తి', '|'), ('తా', 'U'), ('ళ', '|'), ('దిం', 'U'), ('క', '|'), ('క', '|'), ('రు', '|'), ('ణ', '|'), ('తో', 'U'), ('డ', '|'), ('ను', '|'), ('రా', 'U'), ('వ', 'U'), ('య్య', '|'), ('క', '|'), ('మ', '|'), ('ల', '|'), ('నా', 'U'), ('భ', '|'), ('మ', '|'), ('ద', '|'), ('న', '|'), ('గో', 'U'), ('పా', 'U'), ('ల', '|'), ('స', 'U'), ('త్య', '|'), ('భా', 'U'), ('మా', 'U'), ('వి', '|'), ('లో', 'U'), ('ల', '|')]",1.0,-1.0,1.0,1.0,1.0,-1.0
seesamu,చెలియ పాలిండ్లు నీ చేతులకబ్బెనా దుర్గాధిపత్యంబు దొరికినట్లుకనకాంగి నక్కున గదియింపగల్గిన యతనుసామ్రాజ్యము నందినట్లుఘనవేణి విపులజఘన మెక్కగలిగిన భూమండలమునెల్ల బూనినట్లుకలికి యూరువు నంటగలిగిన నిచటనె కొమరొప్పగా రంభ గూడినట్లు,vupajaathi,Madanagopala,"[('చె', '|'), ('లి', '|'), ('య', '|'), ('పా', 'U'), ('లిం', 'U'), ('డ్లు', '|'), ('నీ', 'U'), ('చే', 'U'), ('తు', '|'), ('ల', '|'), ('క', 'U'), ('బ్బె', '|'), ('నా', 'U'), ('దు', 'U'), ('ర్గా', 'U'), ('ధి', '|'), ('ప', 'U'), ('త్యం', 'U'), ('బు', '|'), ('దొ', '|'), ('రి', '|'), ('కి', '|'), ('న', 'U'), ('ట్లు', '|'), ('క', '|'), ('న', '|'), ('కాం', 'U'), ('గి', '|'), ('న', 'U'), ('క్కు', '|'), ('న', '|'), ('గ', '|'), ('ది', '|'), ('యిం', 'U'), ('ప', '|'), ('గ', 'U'), ('ల్గి', '|'), ('న', '|'), ('య', '|'), ('త', '|'), ('ను', '|'), ('సా', 'U'), ('మ్రా', 'U'), ('జ్య', '|'), ('ము', '|'), ('నం', 'U'), ('ది', '|'), ('న', 'U'), ('ట్లు', '|'), ('ఘ', '|'), ('న', '|'), ('వే', 'U'), ('ణి', '|'), ('వి', '|'), ('పు', '|'), ('ల', '|'), ('జ', '|'), ('ఘ', '|'), ('న', '|'), ('మె', 'U'), ('క్క', '|'), ('గ', '|'), ('లి', '|'), ('గి', '|'), ('న', '|'), ('భూ', 'U'), ('మం', 'U'), ('డ', '|'), ('ల', '|'), ('ము', '|'), ('నె', 'U'), ('ల్ల', '|'), ('బూ', 'U'), ('ని', '|'), ('న', 'U'), ('ట్లు', '|'), ('క', '|'), ('లి', '|'), ('కి', '|'), ('యూ', 'U'), ('రు', '|'), ('వు', '|'), ('నం', 'U'), ('ట', '|'), ('గ', '|'), ('లి', '|'), ('గి', '|'), ('న', '|'), ('ని', '|'), ('చ', '|'), ('ట', '|'), ('నె', '|'), ('కొ', '|'), ('మ', '|'), ('రొ', 'U'), ('ప్ప', '|'), ('గా', 'U'), ('రం', 'U'), ('భ', '|'), ('గూ', 'U'), ('డి', '|'), ('న', 'U'), ('ట్లు', '|')]",0.9583333333333334,-1.0,1.0,1.0,0.875,-1.0
teytageethi,గాన నా యింతితో గూడగలిగెనేని | నెల్లభోగంబులును నీకు నెలమి గల్గుతరుణమిప్పుడు రావయ్య తరుణి కడకు | మదనగోపాల సత్యభామావిలోల!,vupajaathi,Madanagopala,"[('గా', 'U'), ('న', '|'), ('నా', 'U'), ('యిం', 'U'), ('తి', '|'), ('తో', 'U'), ('గూ', 'U'), ('డ', '|'), ('గ', '|'), ('లి', '|'), ('గె', '|'), ('నే', 'U'), ('ని', '|'), ('నె', 'U'), ('ల్ల', '|'), ('భో', 'U'), ('గం', 'U'), ('బు', '|'), ('లు', '|'), ('ను', '|'), ('నీ', 'U'), ('కు', '|'), ('నె', '|'), ('ల', '|'), ('మి', '|'), ('గ', 'U'), ('ల్గు', '|'), ('త', '|'), ('రు', '|'), ('ణ', '|'), ('మి', 'U'), ('ప్పు', '|'), ('డు', '|'), ('రా', 'U'), ('వ', 'U'), ('య్య', '|'), ('త', '|'), ('రు', '|'), ('ణి', '|'), ('క', '|'), ('డ', '|'), ('కు', '|'), ('మ', '|'), ('ద', '|'), ('న', '|'), ('గో', 'U'), ('పా', 'U'), ('ల', '|'), ('స', 'U'), ('త్య', '|'), ('భా', 'U'), ('మా', 'U'), ('వి', '|'), ('లో', 'U'), ('ల', '|')]",1.0,-1.0,1.0,1.0,1.0,-1.0
seesamu,పూర్ణచంద్రుని సరిబోల్పవచ్చును కాంత మోమున కకలంకమూర్తియైనబంధుజీవముదొర భామ కెమ్మోవికి వికసించి కడువిఱ్ఱవీగకున్నదరమెన యనదగు తరుణి కంఠమునకు కఠినత్వమందున గలుగకున్నతమ్మిమొగ్గలు సాటి తరుణి పాలిండ్లకు బొసగ పంకంబున బుట్టకున్న,vupajaathi,Madanagopala,"[('పూ', 'U'), ('ర్ణ', '|'), ('చం', 'U'), ('ద్రు', '|'), ('ని', '|'), ('స', '|'), ('రి', '|'), ('బో', 'U'), ('ల్ప', '|'), ('వ', 'U'), ('చ్చు', '|'), ('ను', '|'), ('కాం', 'U'), ('త', '|'), ('మో', 'U'), ('ము', '|'), ('న', '|'), ('క', '|'), ('క', '|'), ('లం', 'U'), ('క', '|'), ('మూ', 'U'), ('ర్తి', '|'), ('యై', 'U'), ('న', '|'), ('బం', 'U'), ('ధు', '|'), ('జీ', 'U'), ('వ', '|'), ('ము', '|'), ('దొ', '|'), ('ర', '|'), ('భా', 'U'), ('మ', '|'), ('కె', 'U'), ('మ్మో', 'U'), ('వి', '|'), ('కి', '|'), ('వి', '|'), ('క', '|'), ('సిం', 'U'), ('చి', '|'), ('క', '|'), ('డు', '|'), ('వి', 'U'), ('ఱ్ఱ', '|'), ('వీ', 'U'), ('గ', '|'), ('కు', 'U'), ('న్న', '|'), ('ద', '|'), ('ర', '|'), ('మె', '|'), ('న', '|'), ('య', '|'), ('న', '|'), ('ద', '|'), ('గు', '|'), ('త', '|'), ('రు', '|'), ('ణి', '|'), ('కం', 'U'), ('ఠ', '|'), ('ము', '|'), ('న', '|'), ('కు', '|'), ('క', '|'), ('ఠి', '|'), ('న', 'U'), ('త్వ', '|'), ('మం', 'U'), ('దు', '|'), ('న', '|'), ('గ', '|'), ('లు', '|'), ('గ', '|'), ('కు', 'U'), ('న్న', '|'), ('త', 'U'), ('మ్మి', '|'), ('మొ', 'U'), ('గ్గ', '|'), ('లు', '|'), ('సా', 'U'), ('టి', '|'), ('త', '|'), ('రు', '|'), ('ణి', '|'), ('పా', 'U'), ('లిం', 'U'), ('డ్ల', '|'), ('కు', '|'), ('బొ', '|'), ('స', '|'), ('గ', '|'), ('పం', 'U'), ('కం', 'U'), ('బు', '|'), ('న', '|'), ('బు', 'U'), ('ట్ట', '|'), ('కు', 'U'), ('న్న', '|')]",1.0,-1.0,1.0,1.0,1.0,-1.0
teytageethi,నిన్ని సరిగాకనే కదా యెలమి క్షీణమొందె నొక్కటి వేసవి గందె నొకటిజలధి బడె నొండు నీటిలో జారె నొండు | మదనగోపాల సత్యభామావిలోల!,vupajaathi,Madanagopala,"[('ని', 'U'), ('న్ని', '|'), ('స', '|'), ('రి', '|'), ('గా', 'U'), ('క', '|'), ('నే', 'U'), ('క', '|'), ('దా', 'U'), ('యె', '|'), ('ల', '|'), ('మి', 'U'), ('క్షీ', 'U'), ('ణ', '|'), ('మొం', 'U'), ('దె', '|'), ('నొ', 'U'), ('క్క', '|'), ('టి', '|'), ('వే', 'U'), ('స', '|'), ('వి', '|'), ('గం', 'U'), ('దె', '|'), ('నొ', '|'), ('క', '|'), ('టి', '|'), ('జ', '|'), ('ల', '|'), ('ధి', '|'), ('బ', '|'), ('డె', '|'), ('నొం', 'U'), ('డు', '|'), ('నీ', 'U'), ('టి', '|'), ('లో', 'U'), ('జా', 'U'), ('రె', '|'), ('నొం', 'U'), ('డు', '|'), ('మ', '|'), ('ద', '|'), ('న', '|'), ('గో', 'U'), ('పా', 'U'), ('ల', '|'), ('స', 'U'), ('త్య', '|'), ('భా', 'U'), ('మా', 'U'), ('వి', '|'), ('లో', 'U'), ('ల', '|')]",0.9,-1.0,1.0,0.95,0.75,-1.0
seesamu,తంబుర సుతిగూర్చి తరుణి తా జిలిబిలిపాటలు పాడెడి ఫణితి వినరస్వరకల్పనంబుల సరి నెమ్మిగా వజక్రౌంచపికతురంగగజనినాద-ముల యొప్పిదములను ముద్దుగుల్కెడి తాళలయపద్ధతుల నింపు లలర మదినిసర్వవర్జిత మెరింగి కరిరాగాలాప మొనరించు హాయిగా ముద్దుగుమ్మ,vupajaathi,Madanagopala,"[('తం', 'U'), ('బు', '|'), ('ర', '|'), ('సు', '|'), ('తి', '|'), ('గూ', 'U'), ('ర్చి', '|'), ('త', '|'), ('రు', '|'), ('ణి', '|'), ('తా', 'U'), ('జి', '|'), ('లి', '|'), ('బి', '|'), ('లి', '|'), ('పా', 'U'), ('ట', '|'), ('లు', '|'), ('పా', 'U'), ('డె', '|'), ('డి', '|'), ('ఫ', '|'), ('ణి', '|'), ('తి', '|'), ('వి', '|'), ('న', '|'), ('ర', 'U'), ('స్వ', '|'), ('ర', '|'), ('క', 'U'), ('ల్ప', '|'), ('నం', 'U'), ('బు', '|'), ('ల', '|'), ('స', '|'), ('రి', '|'), ('నె', 'U'), ('మ్మి', '|'), ('గా', 'U'), ('వ', '|'), ('జ', '|'), ('క్రౌం', 'U'), ('చ', '|'), ('పి', '|'), ('క', '|'), ('తు', '|'), ('రం', 'U'), ('గ', '|'), ('గ', '|'), ('జ', '|'), ('ని', '|'), ('నా', 'U'), ('ద', '|'), ('ము', '|'), ('ల', '|'), ('యొ', 'U'), ('ప్పి', '|'), ('ద', '|'), ('ము', '|'), ('ల', '|'), ('ను', '|'), ('ము', 'U'), ('ద్దు', '|'), ('గు', 'U'), ('ల్కె', '|'), ('డి', '|'), ('తా', 'U'), ('ళ', '|'), ('ల', '|'), ('య', '|'), ('ప', 'U'), ('ద్ధ', '|'), ('తు', '|'), ('ల', '|'), ('నిం', 'U'), ('పు', '|'), ('ల', '|'), ('ల', '|'), ('ర', '|'), ('మ', '|'), ('ది', '|'), ('ని', '|'), ('స', 'U'), ('ర్వ', '|'), ('వ', 'U'), ('ర్జి', '|'), ('త', '|'), ('మె', '|'), ('రిం', 'U'), ('గి', '|'), ('క', '|'), ('రి', '|'), ('రా', 'U'), ('గా', 'U'), ('లా', 'U'), ('ప', '|'), ('మొ', '|'), ('న', '|'), ('రిం', 'U'), ('చు', '|'), ('హా', 'U'), ('యి', '|'), ('గా', 'U'), ('ము', 'U'), ('ద్దు', '|'), ('గు', 'U'), ('మ్మ', '|')]",0.9479166666666666,-1.0,1.0,0.96875,0.875,-1.0
teytageethi,దానితో సరి యెవ్వరి గాన జగతి | నీకె దగినట్టి వగగల నేర్పులాడిచాన నేలుట తగునట్టి జాణవీవు | మదనగోపాల సత్యభామావిలోల!,vupajaathi,Madanagopala,"[('దా', 'U'), ('ని', '|'), ('తో', 'U'), ('స', '|'), ('రి', '|'), ('యె', 'U'), ('వ్వ', '|'), ('రి', '|'), ('గా', 'U'), ('న', '|'), ('జ', '|'), ('గ', '|'), ('తి', '|'), ('నీ', 'U'), ('కె', '|'), ('ద', '|'), ('గి', '|'), ('న', 'U'), ('ట్టి', '|'), ('వ', '|'), ('గ', '|'), ('గ', '|'), ('ల', '|'), ('నే', 'U'), ('ర్పు', '|'), ('లా', 'U'), ('డి', '|'), ('చా', 'U'), ('న', '|'), ('నే', 'U'), ('లు', '|'), ('ట', '|'), ('త', '|'), ('గు', '|'), ('న', 'U'), ('ట్టి', '|'), ('జా', 'U'), ('ణ', '|'), ('వీ', 'U'), ('వు', '|'), ('మ', '|'), ('ద', '|'), ('న', '|'), ('గో', 'U'), ('పా', 'U'), ('ల', '|'), ('స', 'U'), ('త్య', '|'), ('భా', 'U'), ('మా', 'U'), ('వి', '|'), ('లో', 'U'), ('ల', '|')]",1.0,-1.0,1.0,1.0,1.0,-1.0
seesamu,వగలాడి నగుమోము నిగనిగల్ చూచిన బంగారుచాయల పర్వు గదరననబోడి నునుజెక్కులను జూడ దళతళ మించుటద్దంబులై మెఱయు గదరకొమ్మ జిగికెమ్మోవి నెమ్మిడాల్ చూచిన నీలవిద్రుమచ్ఛయ వెసగు గదరచెలి దంతముల కాంతు లెలమితో జూచిన దాడింబవిత్తులై తనరు గదర,vupajaathi,Madanagopala,"[('వ', '|'), ('గ', '|'), ('లా', 'U'), ('డి', '|'), ('న', '|'), ('గు', '|'), ('మో', 'U'), ('ము', '|'), ('ని', '|'), ('గ', '|'), ('ని', '|'), ('గ', 'U'), ('ల్చూ', 'U'), ('చి', '|'), ('న', '|'), ('బం', 'U'), ('గా', 'U'), ('రు', '|'), ('చా', 'U'), ('య', '|'), ('ల', '|'), ('ప', 'U'), ('ర్వు', '|'), ('గ', '|'), ('ద', '|'), ('ర', '|'), ('న', '|'), ('న', '|'), ('బో', 'U'), ('డి', '|'), ('ను', '|'), ('ను', '|'), ('జె', 'U'), ('క్కు', '|'), ('ల', '|'), ('ను', '|'), ('జూ', 'U'), ('డ', '|'), ('ద', '|'), ('ళ', '|'), ('త', '|'), ('ళ', '|'), ('మిం', 'U'), ('చు', '|'), ('ట', 'U'), ('ద్దం', 'U'), ('బు', '|'), ('లై', 'U'), ('మె', '|'), ('ఱ', '|'), ('యు', '|'), ('గ', '|'), ('ద', '|'), ('ర', '|'), ('కొ', 'U'), ('మ్మ', '|'), ('జి', '|'), ('గి', '|'), ('కె', 'U'), ('మ్మో', 'U'), ('వి', '|'), ('నె', 'U'), ('మ్మి', '|'), ('డా', 'U'), ('ల్చూ', 'U'), ('చి', '|'), ('న', '|'), ('నీ', 'U'), ('ల', '|'), ('వి', '|'), ('ద్రు', '|'), ('మ', 'U'), ('చ్ఛ', '|'), ('య', '|'), ('వె', '|'), ('స', '|'), ('గు', '|'), ('గ', '|'), ('ద', '|'), ('ర', '|'), ('చె', '|'), ('లి', '|'), ('దం', 'U'), ('త', '|'), ('ము', '|'), ('ల', '|'), ('కాం', 'U'), ('తు', '|'), ('లె', '|'), ('ల', '|'), ('మి', '|'), ('తో', 'U'), ('జూ', 'U'), ('చి', '|'), ('న', '|'), ('దా', 'U'), ('డిం', 'U'), ('బ', '|'), ('వి', 'U'), ('త్తు', '|'), ('లై', 'U'), ('త', '|'), ('న', '|'), ('రు', '|'), ('గ', '|'), ('ద', '|'), ('ర', '|')]",0.9375,-1.0,1.0,0.9375,0.875,-1.0
teytageethi,యతివ సౌందర్య మెన్నుట కలవిగాదు | వనిత వగలెన్న నెవ్వరి వశముగాదుఇంతి ప్రాయము పదియురెండేండ్లు గదర | మదనగోపాల సత్యభామావిలోల!,vupajaathi,Madanagopala,"[('య', '|'), ('తి', '|'), ('వ', '|'), ('సౌం', 'U'), ('ద', 'U'), ('ర్య', '|'), ('మె', 'U'), ('న్ను', '|'), ('ట', '|'), ('క', '|'), ('ల', '|'), ('వి', '|'), ('గా', 'U'), ('దు', '|'), ('వ', '|'), ('ని', '|'), ('త', '|'), ('వ', '|'), ('గ', '|'), ('లె', 'U'), ('న్న', '|'), ('నె', 'U'), ('వ్వ', '|'), ('రి', '|'), ('వ', '|'), ('శ', '|'), ('ము', '|'), ('గా', 'U'), ('దు', '|'), ('ఇం', 'U'), ('తి', '|'), ('ప్రా', 'U'), ('య', '|'), ('ము', '|'), ('ప', '|'), ('ది', '|'), ('యు', '|'), ('రెం', 'U'), ('డేం', 'U'), ('డ్లు', '|'), ('గ', '|'), ('ద', '|'), ('ర', '|'), ('మ', '|'), ('ద', '|'), ('న', '|'), ('గో', 'U'), ('పా', 'U'), ('ల', '|'), ('స', 'U'), ('త్య', '|'), ('భా', 'U'), ('మా', 'U'), ('వి', '|'), ('లో', 'U'), ('ల', '|')]",0.8333333333333334,-1.0,1.0,1.0,0.5,-1.0
seesamu,వెలది నవ్వుల తేటవెన్నెల హరియించు గల్కి పల్కుల దేనెలొల్కజేయుకలకంఠి కన్నులు కలువల నిరసించు మోము చందురుతోడ మొనయుచుండుగామిని నాసిక కనకసూనము గేరు జెక్కు లద్దంబుల జెనకజూచుఘనవేణి కంఠంబు గడగి శంఖము గెల్చు చన్నులు పూచెండ్ల సరకు గొనవు,vupajaathi,Madanagopala,"[('వె', '|'), ('ల', '|'), ('ది', '|'), ('న', 'U'), ('వ్వు', '|'), ('ల', '|'), ('తే', 'U'), ('ట', '|'), ('వె', 'U'), ('న్నె', '|'), ('ల', '|'), ('హ', '|'), ('రి', '|'), ('యిం', 'U'), ('చు', '|'), ('గ', 'U'), ('ల్కి', '|'), ('ప', 'U'), ('ల్కు', '|'), ('ల', '|'), ('దే', 'U'), ('నె', '|'), ('లొ', 'U'), ('ల్క', '|'), ('జే', 'U'), ('యు', '|'), ('క', '|'), ('ల', '|'), ('కం', 'U'), ('ఠి', '|'), ('క', 'U'), ('న్ను', '|'), ('లు', '|'), ('క', '|'), ('లు', '|'), ('వ', '|'), ('ల', '|'), ('ని', '|'), ('ర', '|'), ('సిం', 'U'), ('చు', '|'), ('మో', 'U'), ('ము', '|'), ('చం', 'U'), ('దు', '|'), ('రు', '|'), ('తో', 'U'), ('డ', '|'), ('మొ', '|'), ('న', '|'), ('యు', '|'), ('చుం', 'U'), ('డు', '|'), ('గా', 'U'), ('మి', '|'), ('ని', '|'), ('నా', 'U'), ('సి', '|'), ('క', '|'), ('క', '|'), ('న', '|'), ('క', '|'), ('సూ', 'U'), ('న', '|'), ('ము', '|'), ('గే', 'U'), ('రు', '|'), ('జె', 'U'), ('క్కు', '|'), ('ల', 'U'), ('ద్దం', 'U'), ('బు', '|'), ('ల', '|'), ('జె', '|'), ('న', '|'), ('క', '|'), ('జూ', 'U'), ('చు', '|'), ('ఘ', '|'), ('న', '|'), ('వే', 'U'), ('ణి', '|'), ('కం', 'U'), ('ఠం', 'U'), ('బు', '|'), ('గ', '|'), ('డ', '|'), ('గి', '|'), ('శం', 'U'), ('ఖ', '|'), ('ము', '|'), ('గె', 'U'), ('ల్చు', '|'), ('చ', 'U'), ('న్ను', '|'), ('లు', '|'), ('పూ', 'U'), ('చెం', 'U'), ('డ్ల', '|'), ('స', '|'), ('ర', '|'), ('కు', '|'), ('గొ', '|'), ('న', '|'), ('వు', '|')]",1.0,-1.0,1.0,1.0,1.0,-1.0
teytageethi,పదర నిను కోరియున్నది బాళిమీర | మదవతిని గూడి లాలింప ముదముతోడజాగుసేయక రావయ్య జలరుహాక్ష | మదనగోపాల సత్యభామావిలోల!,vupajaathi,Madanagopala,"[('ప', '|'), ('ద', '|'), ('ర', '|'), ('ని', '|'), ('ను', '|'), ('కో', 'U'), ('రి', '|'), ('యు', 'U'), ('న్న', '|'), ('ది', '|'), ('బా', 'U'), ('ళి', '|'), ('మీ', 'U'), ('ర', '|'), ('మ', '|'), ('ద', '|'), ('వ', '|'), ('తి', '|'), ('ని', '|'), ('గూ', 'U'), ('డి', '|'), ('లా', 'U'), ('లిం', 'U'), ('ప', '|'), ('ము', '|'), ('ద', '|'), ('ము', '|'), ('తో', 'U'), ('డ', '|'), ('జా', 'U'), ('గు', '|'), ('సే', 'U'), ('య', '|'), ('క', '|'), ('రా', 'U'), ('వ', 'U'), ('య్య', '|'), ('జ', '|'), ('ల', '|'), ('రు', '|'), ('హా', 'U'), ('క్ష', '|'), ('మ', '|'), ('ద', '|'), ('న', '|'), ('గో', 'U'), ('పా', 'U'), ('ల', '|'), ('స', 'U'), ('త్య', '|'), ('భా', 'U'), ('మా', 'U'), ('వి', '|'), ('లో', 'U'), ('ల', '|')]",1.0,-1.0,1.0,1.0,1.0,-1.0
seesamu,ఠీకు కీల్కావిబుటేదారు పావడపై జరీచేలంబు బాగుమీరహురుమంజి ముత్యాలసరులు గన్పడ బట్టు కనకపు మొగ్గల కంచుకంబుబవిరెలు బొగడలు బావిలీల్ వజ్రంపు బలుకులచే నొప్పు పాపటయునునందెలు మువ్వలు హస్తకడియములు సందిదండలు గుండ్లసరులు దూగ,vupajaathi,Madanagopala,"[('ఠీ', 'U'), ('కు', '|'), ('కీ', 'U'), ('ల్కా', 'U'), ('వి', '|'), ('బు', '|'), ('టే', 'U'), ('దా', 'U'), ('రు', '|'), ('పా', 'U'), ('వ', '|'), ('డ', '|'), ('పై', 'U'), ('జ', '|'), ('రీ', 'U'), ('చే', 'U'), ('లం', 'U'), ('బు', '|'), ('బా', 'U'), ('గు', '|'), ('మీ', 'U'), ('ర', '|'), ('హు', '|'), ('రు', '|'), ('మం', 'U'), ('జి', '|'), ('ము', 'U'), ('త్యా', 'U'), ('ల', '|'), ('స', '|'), ('రు', '|'), ('లు', '|'), ('గ', 'U'), ('న్ప', '|'), ('డ', '|'), ('బ', 'U'), ('ట్టు', '|'), ('క', '|'), ('న', '|'), ('క', '|'), ('పు', '|'), ('మొ', 'U'), ('గ్గ', '|'), ('ల', '|'), ('కం', 'U'), ('చు', '|'), ('కం', 'U'), ('బు', '|'), ('బ', '|'), ('వి', '|'), ('రె', '|'), ('లు', '|'), ('బొ', '|'), ('గ', '|'), ('డ', '|'), ('లు', '|'), ('బా', 'U'), ('వి', '|'), ('లీ', 'U'), ('ల్వ', '|'), ('జ్రం', 'U'), ('పు', '|'), ('బ', '|'), ('లు', '|'), ('కు', '|'), ('ల', '|'), ('చే', 'U'), ('నొ', 'U'), ('ప్పు', '|'), ('పా', 'U'), ('ప', '|'), ('ట', '|'), ('యు', '|'), ('ను', '|'), ('నం', 'U'), ('దె', '|'), ('లు', '|'), ('ము', 'U'), ('వ్వ', '|'), ('లు', '|'), ('హ', 'U'), ('స్త', '|'), ('క', '|'), ('డి', '|'), ('య', '|'), ('ము', '|'), ('లు', '|'), ('సం', 'U'), ('ది', '|'), ('దం', 'U'), ('డ', '|'), ('లు', '|'), ('గుం', 'U'), ('డ్ల', '|'), ('స', '|'), ('రు', '|'), ('లు', '|'), ('దూ', 'U'), ('గ', '|')]",0.8229166666666666,-1.0,1.0,0.84375,0.625,-1.0
teytageethi,ముంగరయు నత్తు బేసరి ముదిత తనదు | నాసమున గీలుకొల్పి విలాసముగనుసుదతి నీ రాక కెదురు దా చూచుచుండు | మదనగోపాల సత్యభామావిలోల!,vupajaathi,Madanagopala,"[('ముం', 'U'), ('గ', '|'), ('ర', '|'), ('యు', '|'), ('న', 'U'), ('త్తు', '|'), ('బే', 'U'), ('స', '|'), ('రి', '|'), ('ము', '|'), ('ది', '|'), ('త', '|'), ('త', '|'), ('న', '|'), ('దు', '|'), ('నా', 'U'), ('స', '|'), ('ము', '|'), ('న', '|'), ('గీ', 'U'), ('లు', '|'), ('కొ', 'U'), ('ల్పి', '|'), ('వి', '|'), ('లా', 'U'), ('స', '|'), ('ము', '|'), ('గ', '|'), ('ను', '|'), ('సు', '|'), ('ద', '|'), ('తి', '|'), ('నీ', 'U'), ('రా', 'U'), ('క', '|'), ('కె', '|'), ('దు', '|'), ('రు', '|'), ('దా', 'U'), ('చూ', 'U'), ('చు', '|'), ('చుం', 'U'), ('డు', '|'), ('మ', '|'), ('ద', '|'), ('న', '|'), ('గో', 'U'), ('పా', 'U'), ('ల', '|'), ('స', 'U'), ('త్య', '|'), ('భా', 'U'), ('మా', 'U'), ('వి', '|'), ('లో', 'U'), ('ల', '|')]",1.0,-1.0,1.0,1.0,1.0,-1.0
seesamu,పదివన్నె బంగారుపడతి నెమ్మెయి కాంతి యలరు చందురుని హసించు మోమువెలలేని వజ్రాల వెలసేయు రదనముల్ పచ్చివిద్రుమకాంతి సుదతి మోవిముకురసన్నిభములు శుకవాణి చెక్కులు ముంగుర్లు తేటుల రంగు దెగడుకనకకలశములు కామిని పాలిండ్లు నలినాక్షి నాభి పున్నాగకుసుమ,vupajaathi,Madanagopala,"[('ప', '|'), ('ది', '|'), ('వ', 'U'), ('న్నె', '|'), ('బం', 'U'), ('గా', 'U'), ('రు', '|'), ('ప', '|'), ('డ', '|'), ('తి', '|'), ('నె', 'U'), ('మ్మె', '|'), ('యి', '|'), ('కాం', 'U'), ('తి', '|'), ('య', '|'), ('ల', '|'), ('రు', '|'), ('చం', 'U'), ('దు', '|'), ('రు', '|'), ('ని', '|'), ('హ', '|'), ('సిం', 'U'), ('చు', '|'), ('మో', 'U'), ('ము', '|'), ('వె', '|'), ('ల', '|'), ('లే', 'U'), ('ని', '|'), ('వ', '|'), ('జ్రా', 'U'), ('ల', '|'), ('వె', '|'), ('ల', '|'), ('సే', 'U'), ('యు', '|'), ('ర', '|'), ('ద', '|'), ('న', '|'), ('ము', 'U'), ('ల్ప', 'U'), ('చ్చి', '|'), ('వి', '|'), ('ద్రు', '|'), ('మ', '|'), ('కాం', 'U'), ('తి', '|'), ('సు', '|'), ('ద', '|'), ('తి', '|'), ('మో', 'U'), ('వి', '|'), ('ము', '|'), ('కు', '|'), ('ర', '|'), ('స', 'U'), ('న్ని', '|'), ('భ', '|'), ('ము', '|'), ('లు', '|'), ('శు', '|'), ('క', '|'), ('వా', 'U'), ('ణి', '|'), ('చె', 'U'), ('క్కు', '|'), ('లు', '|'), ('ముం', 'U'), ('గు', 'U'), ('ర్లు', '|'), ('తే', 'U'), ('టు', '|'), ('ల', '|'), ('రం', 'U'), ('గు', '|'), ('దె', '|'), ('గ', '|'), ('డు', '|'), ('క', '|'), ('న', '|'), ('క', '|'), ('క', '|'), ('ల', '|'), ('శ', '|'), ('ము', '|'), ('లు', '|'), ('కా', 'U'), ('మి', '|'), ('ని', '|'), ('పా', 'U'), ('లిం', 'U'), ('డ్లు', '|'), ('న', '|'), ('లి', '|'), ('నా', 'U'), ('క్షి', '|'), ('నా', 'U'), ('భి', '|'), ('పు', 'U'), ('న్నా', 'U'), ('గ', '|'), ('కు', '|'), ('సు', '|'), ('మ', '|')]",0.6145833333333334,-1.0,1.0,0.71875,0.125,-1.0
teytageethi,మతివ యూరు లనంటుల నపహసించు నెలత పదములు తాబేళ్ళ నేలజాలుకాము చేకైదువన నొప్పు కాంత నేలు | మదనగోపాల సత్యభామావిలోల!,vupajaathi,Madanagopala,"[('మ', '|'), ('తి', '|'), ('వ', '|'), ('యూ', 'U'), ('రు', '|'), ('ల', '|'), ('నం', 'U'), ('టు', '|'), ('ల', '|'), ('న', '|'), ('ప', '|'), ('హ', '|'), ('సిం', 'U'), ('చు', '|'), ('నె', '|'), ('ల', '|'), ('త', '|'), ('ప', '|'), ('ద', '|'), ('ము', '|'), ('లు', '|'), ('తా', 'U'), ('బే', 'U'), ('ళ్ళ', '|'), ('నే', 'U'), ('ల', '|'), ('జా', 'U'), ('లు', '|'), ('కా', 'U'), ('ము', '|'), ('చే', 'U'), ('కై', 'U'), ('దు', '|'), ('వ', '|'), ('న', '|'), ('నొ', 'U'), ('ప్పు', '|'), ('కాం', 'U'), ('త', '|'), ('నే', 'U'), ('లు', '|'), ('మ', '|'), ('ద', '|'), ('న', '|'), ('గో', 'U'), ('పా', 'U'), ('ల', '|'), ('స', 'U'), ('త్య', '|'), ('భా', 'U'), ('మా', 'U'), ('వి', '|'), ('లో', 'U'), ('ల', '|')]",0.9166666666666666,-1.0,1.0,1.0,0.75,-1.0
seesamu,పలుమారు నే వచ్చి ప్రార్థించి పిలిచిన పలుకవదేమిరా పంకజాక్షయలివేణి మీయింతి యాడిన మాటలు మరుతునా యిక నేను మందయానఇంతుల మాటల కెగ్గులెంతురె దయాపరుడవై ఇటు బల్క బాడియగునెవలపెఱుంగక విభుని వాదుకు దీసుట రమణికి దగునే యో రామ చెపుమ,vupajaathi,Madanagopala,"[('ప', '|'), ('లు', '|'), ('మా', 'U'), ('రు', '|'), ('నే', 'U'), ('వ', 'U'), ('చ్చి', '|'), ('ప్రా', 'U'), ('ర్థిం', 'U'), ('చి', '|'), ('పి', '|'), ('లి', '|'), ('చి', '|'), ('న', '|'), ('ప', '|'), ('లు', '|'), ('క', '|'), ('వ', '|'), ('దే', 'U'), ('మి', '|'), ('రా', 'U'), ('పం', 'U'), ('క', '|'), ('జా', 'U'), ('క్ష', '|'), ('య', '|'), ('లి', '|'), ('వే', 'U'), ('ణి', '|'), ('మీ', 'U'), ('యిం', 'U'), ('తి', '|'), ('యా', 'U'), ('డి', '|'), ('న', '|'), ('మా', 'U'), ('ట', '|'), ('లు', '|'), ('మ', '|'), ('రు', '|'), ('తు', '|'), ('నా', 'U'), ('యి', '|'), ('క', '|'), ('నే', 'U'), ('ను', '|'), ('మం', 'U'), ('ద', '|'), ('యా', 'U'), ('న', '|'), ('ఇం', 'U'), ('తు', '|'), ('ల', '|'), ('మా', 'U'), ('ట', '|'), ('ల', '|'), ('కె', 'U'), ('గ్గు', '|'), ('లెం', 'U'), ('తు', '|'), ('రె', '|'), ('ద', '|'), ('యా', 'U'), ('ప', '|'), ('రు', '|'), ('డ', '|'), ('వై', 'U'), ('ఇ', '|'), ('టు', '|'), ('బ', 'U'), ('ల్క', '|'), ('బా', 'U'), ('డి', '|'), ('య', '|'), ('గు', '|'), ('నె', '|'), ('వ', '|'), ('ల', '|'), ('పె', '|'), ('ఱుం', 'U'), ('గ', '|'), ('క', '|'), ('వి', '|'), ('భు', '|'), ('ని', '|'), ('వా', 'U'), ('దు', '|'), ('కు', '|'), ('దీ', 'U'), ('సు', '|'), ('ట', '|'), ('ర', '|'), ('మ', '|'), ('ణి', '|'), ('కి', '|'), ('ద', '|'), ('గు', '|'), ('నే', 'U'), ('యో', 'U'), ('రా', 'U'), ('మ', '|'), ('చె', '|'), ('పు', '|'), ('మ', '|')]",0.8958333333333334,-1.0,1.0,0.9375,0.75,-1.0
teytageethi,యైన నేమాయె నిను గోరి యంబుజాక్షి | పిలువనంపెను రావయ్య ప్రేమగల్గివెలది సాష్టాంగమొనరించి వేడుకొనియె | మదనగోపాల సత్యభామావిలోల!,vupajaathi,Madanagopala,"[('యై', 'U'), ('న', '|'), ('నే', 'U'), ('మా', 'U'), ('యె', '|'), ('ని', '|'), ('ను', '|'), ('గో', 'U'), ('రి', '|'), ('యం', 'U'), ('బు', '|'), ('జా', 'U'), ('క్షి', '|'), ('పి', '|'), ('లు', '|'), ('వ', '|'), ('నం', 'U'), ('పె', '|'), ('ను', '|'), ('రా', 'U'), ('వ', 'U'), ('య్య', '|'), ('ప్రే', 'U'), ('మ', '|'), ('గ', 'U'), ('ల్గి', '|'), ('వె', '|'), ('ల', '|'), ('ది', '|'), ('సా', 'U'), ('ష్టాం', 'U'), ('గ', '|'), ('మొ', '|'), ('న', '|'), ('రిం', 'U'), ('చి', '|'), ('వే', 'U'), ('డు', '|'), ('కొ', '|'), ('ని', '|'), ('యె', '|'), ('మ', '|'), ('ద', '|'), ('న', '|'), ('గో', 'U'), ('పా', 'U'), ('ల', '|'), ('స', 'U'), ('త్య', '|'), ('భా', 'U'), ('మా', 'U'), ('వి', '|'), ('లో', 'U'), ('ల', '|')]",1.0,-1.0,1.0,1.0,1.0,-1.0
seesamu,చెలియరో పో పొమ్ము క్షేమంబులగు నీకు దలపున మీ ఇంతి దలప నేనుదలపకుండగ నీకు దప్పేమి చేసెను వివరింపవలెనది వేదవేద్యవివరింపగానేల వెలది నే గోరిన కోర్కె దీర్చక పాయె కువలయాక్షికోర్కెలీడేర్చను కోమలి నీ పొందు గోరియున్నది రార కోమలాంగ,vupajaathi,Madanagopala,"[('చె', '|'), ('లి', '|'), ('య', '|'), ('రో', 'U'), ('పో', 'U'), ('పొ', 'U'), ('మ్ము', 'U'), ('క్షే', 'U'), ('మం', 'U'), ('బు', '|'), ('ల', '|'), ('గు', '|'), ('నీ', 'U'), ('కు', '|'), ('ద', '|'), ('ల', '|'), ('పు', '|'), ('న', '|'), ('మీ', 'U'), ('ఇం', 'U'), ('తి', '|'), ('ద', '|'), ('ల', '|'), ('ప', '|'), ('నే', 'U'), ('ను', '|'), ('ద', '|'), ('ల', '|'), ('ప', '|'), ('కుం', 'U'), ('డ', '|'), ('గ', '|'), ('నీ', 'U'), ('కు', '|'), ('ద', 'U'), ('ప్పే', 'U'), ('మి', '|'), ('చే', 'U'), ('సె', '|'), ('ను', '|'), ('వి', '|'), ('వ', '|'), ('రిం', 'U'), ('ప', '|'), ('వ', '|'), ('లె', '|'), ('న', '|'), ('ది', '|'), ('వే', 'U'), ('ద', '|'), ('వే', 'U'), ('ద్య', '|'), ('వి', '|'), ('వ', '|'), ('రిం', 'U'), ('ప', '|'), ('గా', 'U'), ('నే', 'U'), ('ల', '|'), ('వె', '|'), ('ల', '|'), ('ది', '|'), ('నే', 'U'), ('గో', 'U'), ('రి', '|'), ('న', '|'), ('కో', 'U'), ('ర్కె', '|'), ('దీ', 'U'), ('ర్చ', '|'), ('క', '|'), ('పా', 'U'), ('యె', '|'), ('కు', '|'), ('వ', '|'), ('ల', '|'), ('యా', 'U'), ('క్షి', '|'), ('కో', 'U'), ('ర్కె', '|'), ('లీ', 'U'), ('డే', 'U'), ('ర్చ', '|'), ('ను', '|'), ('కో', 'U'), ('మ', '|'), ('లి', '|'), ('నీ', 'U'), ('పొం', 'U'), ('దు', '|'), ('గో', 'U'), ('రి', '|'), ('యు', 'U'), ('న్న', '|'), ('ది', '|'), ('రా', 'U'), ('ర', '|'), ('కో', 'U'), ('మ', '|'), ('లాం', 'U'), ('గ', '|')]",0.6145833333333334,-1.0,1.0,0.59375,0.25,-1.0
teytageethi,నయము నెరుగని స్త్రీలను నమ్మదగునె | వినయములు పెక్కు వల్కెద వెలది నీవునమ్మదగునయ్య నా మాట నలిననాభ | మదనగోపాల సత్యభామావిలోల!,vupajaathi,Madanagopala,"[('న', '|'), ('య', '|'), ('ము', '|'), ('నె', '|'), ('రు', '|'), ('గ', '|'), ('ని', 'U'), ('స్త్రీ', 'U'), ('ల', '|'), ('ను', '|'), ('న', 'U'), ('మ్మ', '|'), ('ద', '|'), ('గు', '|'), ('నె', '|'), ('వి', '|'), ('న', '|'), ('య', '|'), ('ము', '|'), ('లు', '|'), ('పె', 'U'), ('క్కు', '|'), ('వ', 'U'), ('ల్కె', '|'), ('ద', '|'), ('వె', '|'), ('ల', '|'), ('ది', '|'), ('నీ', 'U'), ('వు', '|'), ('న', 'U'), ('మ్మ', '|'), ('ద', '|'), ('గు', '|'), ('న', 'U'), ('య్య', '|'), ('నా', 'U'), ('మా', 'U'), ('ట', '|'), ('న', '|'), ('లి', '|'), ('న', '|'), ('నా', 'U'), ('భ', '|'), ('మ', '|'), ('ద', '|'), ('న', '|'), ('గో', 'U'), ('పా', 'U'), ('ల', '|'), ('స', 'U'), ('త్య', '|'), ('భా', 'U'), ('మా', 'U'), ('వి', '|'), ('లో', 'U'), ('ల', '|')]",1.0,-1.0,1.0,1.0,1.0,-1.0
seesamu,బంధూక సహకార పాటల కురువక ఫలపూర జంబీర పనస తరులుచందన ఖర్జూర చంపక బదరిక మాలూర మన్మథ మహిరుహములుభల్లాతకామ్లాత భద్ర కేతకి నింబ పారిజాతాశోక పాదపములుమాతులుంగ లవంగ మందారములు గల్గి జాతిప్రముఖ లతాసముదయముల,vupajaathi,Madanagopala,"[('బం', 'U'), ('ధూ', 'U'), ('క', '|'), ('స', '|'), ('హ', '|'), ('కా', 'U'), ('ర', '|'), ('పా', 'U'), ('ట', '|'), ('ల', '|'), ('కు', '|'), ('రు', '|'), ('వ', '|'), ('క', '|'), ('ఫ', '|'), ('ల', '|'), ('పూ', 'U'), ('ర', '|'), ('జం', 'U'), ('బీ', 'U'), ('ర', '|'), ('ప', '|'), ('న', '|'), ('స', '|'), ('త', '|'), ('రు', '|'), ('లు', '|'), ('చం', 'U'), ('ద', '|'), ('న', '|'), ('ఖ', 'U'), ('ర్జూ', 'U'), ('ర', '|'), ('చం', 'U'), ('ప', '|'), ('క', '|'), ('బ', '|'), ('ద', '|'), ('రి', '|'), ('క', '|'), ('మా', 'U'), ('లూ', 'U'), ('ర', '|'), ('మ', 'U'), ('న్మ', '|'), ('థ', '|'), ('మ', '|'), ('హి', '|'), ('రు', '|'), ('హ', '|'), ('ము', '|'), ('లు', '|'), ('భ', 'U'), ('ల్లా', 'U'), ('త', '|'), ('కా', 'U'), ('మ్లా', 'U'), ('త', '|'), ('భ', '|'), ('ద్ర', '|'), ('కే', 'U'), ('త', '|'), ('కి', '|'), ('నిం', 'U'), ('బ', '|'), ('పా', 'U'), ('రి', '|'), ('జా', 'U'), ('తా', 'U'), ('శో', 'U'), ('క', '|'), ('పా', 'U'), ('ద', '|'), ('ప', '|'), ('ము', '|'), ('లు', '|'), ('మా', 'U'), ('తు', '|'), ('లుం', 'U'), ('గ', '|'), ('ల', '|'), ('వం', 'U'), ('గ', '|'), ('మం', 'U'), ('దా', 'U'), ('ర', '|'), ('ము', '|'), ('లు', '|'), ('గ', 'U'), ('ల్గి', '|'), ('జా', 'U'), ('తి', '|'), ('ప్ర', '|'), ('ము', '|'), ('ఖ', '|'), ('ల', '|'), ('తా', 'U'), ('స', '|'), ('ము', '|'), ('ద', '|'), ('య', '|'), ('ము', '|'), ('ల', '|')]",0.7708333333333334,-1.0,1.0,0.6875,0.625,-1.0
teytageethi,వెలయు నారామమున జేరి వెలది మదన | తాపమున నిన్ను దలచుచు దాళలేకయున్నదిక వేగ రావయ్య యూరడింప | మదనగోపాల సత్యభామావిలోల!,vupajaathi,Madanagopala,"[('వె', '|'), ('ల', '|'), ('యు', '|'), ('నా', 'U'), ('రా', 'U'), ('మ', '|'), ('ము', '|'), ('న', '|'), ('జే', 'U'), ('రి', '|'), ('వె', '|'), ('ల', '|'), ('ది', '|'), ('మ', '|'), ('ద', '|'), ('న', '|'), ('తా', 'U'), ('ప', '|'), ('ము', '|'), ('న', '|'), ('ని', 'U'), ('న్ను', '|'), ('ద', '|'), ('ల', '|'), ('చు', '|'), ('చు', '|'), ('దా', 'U'), ('ళ', '|'), ('లే', 'U'), ('క', '|'), ('యు', 'U'), ('న్న', '|'), ('ది', '|'), ('క', '|'), ('వే', 'U'), ('గ', '|'), ('రా', 'U'), ('వ', 'U'), ('య్య', '|'), ('యూ', 'U'), ('ర', '|'), ('డిం', 'U'), ('ప', '|'), ('మ', '|'), ('ద', '|'), ('న', '|'), ('గో', 'U'), ('పా', 'U'), ('ల', '|'), ('స', 'U'), ('త్య', '|'), ('భా', 'U'), ('మా', 'U'), ('వి', '|'), ('లో', 'U'), ('ల', '|')]",1.0,-1.0,1.0,1.0,1.0,-1.0
seesamu,కనకాంగి విరహాగ్ని గ్రాగుచు నొకపొన్నమ్రాని పొంతను జేరి మగువ నిన్నుదలచి దా నతిమోహతాపంబు నొందిన చెలులెల్ల శైత్యోపచార మొదవ-జేయగా మిన్నంది జలజారి యతివపై పండువెన్నెలచిచ్చు బరుప వేడిసైచక నను జూచి జలజాక్షి నిను వేగ దోడి తెమ్మనె రమ్ము తోయజాక్ష,vupajaathi,Madanagopala,"[('క', '|'), ('న', '|'), ('కాం', 'U'), ('గి', '|'), ('వి', '|'), ('ర', '|'), ('హా', 'U'), ('గ్ని', '|'), ('గ్రా', 'U'), ('గు', '|'), ('చు', '|'), ('నొ', '|'), ('క', '|'), ('పొ', 'U'), ('న్న', '|'), ('మ్రా', 'U'), ('ని', '|'), ('పొం', 'U'), ('త', '|'), ('ను', '|'), ('జే', 'U'), ('రి', '|'), ('మ', '|'), ('గు', '|'), ('వ', '|'), ('ని', 'U'), ('న్ను', '|'), ('ద', '|'), ('ల', '|'), ('చి', '|'), ('దా', 'U'), ('న', '|'), ('తి', '|'), ('మో', 'U'), ('హ', '|'), ('తా', 'U'), ('పం', 'U'), ('బు', '|'), ('నొం', 'U'), ('ది', '|'), ('న', '|'), ('చె', '|'), ('లు', '|'), ('లె', 'U'), ('ల్ల', '|'), ('శై', 'U'), ('త్యో', 'U'), ('ప', '|'), ('చా', 'U'), ('ర', '|'), ('మొ', '|'), ('ద', '|'), ('వ', '|'), ('జే', 'U'), ('య', '|'), ('గా', 'U'), ('మి', 'U'), ('న్నం', 'U'), ('ది', '|'), ('జ', '|'), ('ల', '|'), ('జా', 'U'), ('రి', '|'), ('య', '|'), ('తి', '|'), ('వ', '|'), ('పై', 'U'), ('పం', 'U'), ('డు', '|'), ('వె', 'U'), ('న్నె', '|'), ('ల', '|'), ('చి', 'U'), ('చ్చు', '|'), ('బ', '|'), ('రు', '|'), ('ప', '|'), ('వే', 'U'), ('డి', '|'), ('సై', 'U'), ('చ', '|'), ('క', '|'), ('న', '|'), ('ను', '|'), ('జూ', 'U'), ('చి', '|'), ('జ', '|'), ('ల', '|'), ('జా', 'U'), ('క్షి', '|'), ('ని', '|'), ('ను', '|'), ('వే', 'U'), ('గ', '|'), ('దో', 'U'), ('డి', '|'), ('తె', 'U'), ('మ్మ', '|'), ('నె', '|'), ('ర', 'U'), ('మ్ము', '|'), ('తో', 'U'), ('య', '|'), ('జా', 'U'), ('క్ష', '|')]",0.9166666666666666,-1.0,1.0,1.0,0.75,-1.0
teytageethi,జాగు చేసిన నా ఇంతి తాళదికను చాల నిను నమ్మియున్న యా చానతోడమోడి సేయుట దగునయ్య మోహనాంగ | మదనగోపాల సత్యభామావిలోల!,vupajaathi,Madanagopala,"[('జా', 'U'), ('గు', '|'), ('చే', 'U'), ('సి', '|'), ('న', '|'), ('నా', 'U'), ('ఇం', 'U'), ('తి', '|'), ('తా', 'U'), ('ళ', '|'), ('ది', '|'), ('క', '|'), ('ను', '|'), ('చా', 'U'), ('ల', '|'), ('ని', '|'), ('ను', '|'), ('న', 'U'), ('మ్మి', '|'), ('యు', 'U'), ('న్న', '|'), ('యా', 'U'), ('చా', 'U'), ('న', '|'), ('తో', 'U'), ('డ', '|'), ('మో', 'U'), ('డి', '|'), ('సే', 'U'), ('యు', '|'), ('ట', '|'), ('ద', '|'), ('గు', '|'), ('న', 'U'), ('య్య', '|'), ('మో', 'U'), ('హ', '|'), ('నాం', 'U'), ('గ', '|'), ('మ', '|'), ('ద', '|'), ('న', '|'), ('గో', 'U'), ('పా', 'U'), ('ల', '|'), ('స', 'U'), ('త్య', '|'), ('భా', 'U'), ('మా', 'U'), ('వి', '|'), ('లో', 'U'), ('ల', '|')]",0.9166666666666666,-1.0,1.0,1.0,0.75,-1.0
seesamu,వలరాజుమామ జక్కులరేనిచెలికానితలపువ్వు కలువల చెలిమికాడుఱిక్కలగమికాడు జక్కులపగవాడు వారధిపట్టి భావజునిమామతిమిరబృందంబుల దెగటార్చు మగవాడు వలమురిదాల్పుముద్దులమరందిగగనేభ మెక్కి వేగ చరించు రేరాజు విరహులపాలిటి వెడదచిచ్చు,vupajaathi,Madanagopala,"[('వ', '|'), ('ల', '|'), ('రా', 'U'), ('జు', '|'), ('మా', 'U'), ('మ', '|'), ('జ', 'U'), ('క్కు', '|'), ('ల', '|'), ('రే', 'U'), ('ని', '|'), ('చె', '|'), ('లి', '|'), ('కా', 'U'), ('ని', '|'), ('త', '|'), ('ల', '|'), ('పు', 'U'), ('వ్వు', '|'), ('క', '|'), ('లు', '|'), ('వ', '|'), ('ల', '|'), ('చె', '|'), ('లి', '|'), ('మి', '|'), ('కా', 'U'), ('డు', '|'), ('ఱి', 'U'), ('క్క', '|'), ('ల', '|'), ('గ', '|'), ('మి', '|'), ('కా', 'U'), ('డు', '|'), ('జ', 'U'), ('క్కు', '|'), ('ల', '|'), ('ప', '|'), ('గ', '|'), ('వా', 'U'), ('డు', '|'), ('వా', 'U'), ('ర', '|'), ('ధి', '|'), ('ప', 'U'), ('ట్టి', '|'), ('భా', 'U'), ('వ', '|'), ('జు', '|'), ('ని', '|'), ('మా', 'U'), ('మ', '|'), ('తి', '|'), ('మి', '|'), ('ర', '|'), ('బృం', 'U'), ('దం', 'U'), ('బు', '|'), ('ల', '|'), ('దె', '|'), ('గ', '|'), ('టా', 'U'), ('ర్చు', '|'), ('మ', '|'), ('గ', '|'), ('వా', 'U'), ('డు', '|'), ('వ', '|'), ('ల', '|'), ('ము', '|'), ('రి', '|'), ('దా', 'U'), ('ల్పు', '|'), ('ము', 'U'), ('ద్దు', '|'), ('ల', '|'), ('మ', '|'), ('రం', 'U'), ('ది', '|'), ('గ', '|'), ('గ', '|'), ('నే', 'U'), ('భ', '|'), ('మె', 'U'), ('క్కి', '|'), ('వే', 'U'), ('గ', '|'), ('చ', '|'), ('రిం', 'U'), ('చు', '|'), ('రే', 'U'), ('రా', 'U'), ('జు', '|'), ('వి', '|'), ('ర', '|'), ('హు', '|'), ('ల', '|'), ('పా', 'U'), ('లి', '|'), ('టి', '|'), ('వె', '|'), ('డ', '|'), ('ద', '|'), ('చి', 'U'), ('చ్చు', '|')]",1.0,-1.0,1.0,1.0,1.0,-1.0
teytageethi,చందురుడు వేగ మిన్నంది చెలియ నేఁచ | దలచినంతనె విరహంబు తాళ వశమెగాన రావయ్య నీవిక కరుణగల్గి | మదనగోపాల సత్యభామావిలోల!,vupajaathi,Madanagopala,"[('చం', 'U'), ('దు', '|'), ('రు', '|'), ('డు', '|'), ('వే', 'U'), ('గ', '|'), ('మి', 'U'), ('న్నం', 'U'), ('ది', '|'), ('చె', '|'), ('లి', '|'), ('య', '|'), ('నే', 'U'), ('చ', '|'), ('ద', '|'), ('ల', '|'), ('చి', '|'), ('నం', 'U'), ('త', '|'), ('నె', '|'), ('వి', '|'), ('ర', '|'), ('హం', 'U'), ('బు', '|'), ('తా', 'U'), ('ళ', '|'), ('వ', '|'), ('శ', '|'), ('మె', '|'), ('గా', 'U'), ('న', '|'), ('రా', 'U'), ('వ', 'U'), ('య్య', '|'), ('నీ', 'U'), ('వి', '|'), ('క', '|'), ('క', '|'), ('రు', '|'), ('ణ', '|'), ('గ', 'U'), ('ల్గి', '|'), ('మ', '|'), ('ద', '|'), ('న', '|'), ('గో', 'U'), ('పా', 'U'), ('ల', '|'), ('స', 'U'), ('త్య', '|'), ('భా', 'U'), ('మా', 'U'), ('వి', '|'), ('లో', 'U'), ('ల', '|')]",0.9166666666666666,-1.0,1.0,1.0,0.75,-1.0
seesamu,జాబిల్లివేడికి సైరింపజాలునా కరుణించి మా చెలి గావకున్నకోవెలరొదలకు గుండెలు దాళునా యలివేణి యెద చేతనంటకున్నచలువతెమ్మెర వీవ సారెకు వణకదా చెలిని నీ కౌఁగిట జేర్పకున్నతేటిఝంకృతులకు దెరవ దిగులొందదా యేకాంతమున దాని నేలకున్న,vupajaathi,Madanagopala,"[('జా', 'U'), ('బి', 'U'), ('ల్లి', '|'), ('వే', 'U'), ('డి', '|'), ('కి', '|'), ('సై', 'U'), ('రిం', 'U'), ('ప', '|'), ('జా', 'U'), ('లు', '|'), ('నా', 'U'), ('క', '|'), ('రు', '|'), ('ణిం', 'U'), ('చి', '|'), ('మా', 'U'), ('చె', '|'), ('లి', '|'), ('గా', 'U'), ('వ', '|'), ('కు', 'U'), ('న్న', '|'), ('కో', 'U'), ('వె', '|'), ('ల', '|'), ('రొ', '|'), ('ద', '|'), ('ల', '|'), ('కు', '|'), ('గుం', 'U'), ('డె', '|'), ('లు', '|'), ('దా', 'U'), ('ళు', '|'), ('నా', 'U'), ('య', '|'), ('లి', '|'), ('వే', 'U'), ('ణి', '|'), ('యె', '|'), ('ద', '|'), ('చే', 'U'), ('త', '|'), ('నం', 'U'), ('ట', '|'), ('కు', 'U'), ('న్న', '|'), ('చ', '|'), ('లు', '|'), ('వ', '|'), ('తె', 'U'), ('మ్మె', '|'), ('ర', '|'), ('వీ', 'U'), ('వ', '|'), ('సా', 'U'), ('రె', '|'), ('కు', '|'), ('వ', '|'), ('ణ', '|'), ('క', '|'), ('దా', 'U'), ('చె', '|'), ('లి', '|'), ('ని', '|'), ('నీ', 'U'), ('కౌ', 'U'), ('గి', '|'), ('ట', '|'), ('జే', 'U'), ('ర్ప', '|'), ('కు', 'U'), ('న్న', '|'), ('తే', 'U'), ('టి', '|'), ('ఝం', 'U'), ('కృ', '|'), ('తు', '|'), ('ల', '|'), ('కు', '|'), ('దె', '|'), ('ర', '|'), ('వ', '|'), ('ది', '|'), ('గు', '|'), ('లొం', 'U'), ('ద', '|'), ('దా', 'U'), ('యే', 'U'), ('కాం', 'U'), ('త', '|'), ('ము', '|'), ('న', '|'), ('దా', 'U'), ('ని', '|'), ('నే', 'U'), ('ల', '|'), ('కు', 'U'), ('న్న', '|')]",0.90625,-1.0,1.0,0.96875,0.75,-1.0
teytageethi,తరుణి నిప్పుడు రతిగూడి తనుపకున్న | మదనతాపంబు మానునా మదనజనకజాగుసేయక రావయ్య చానకడకు | మదనగోపాల సత్యభామావిలోల!,vupajaathi,Madanagopala,"[('త', '|'), ('రు', '|'), ('ణి', '|'), ('ని', 'U'), ('ప్పు', '|'), ('డు', '|'), ('ర', '|'), ('తి', '|'), ('గూ', 'U'), ('డి', '|'), ('త', '|'), ('ను', '|'), ('ప', '|'), ('కు', 'U'), ('న్న', '|'), ('మ', '|'), ('ద', '|'), ('న', '|'), ('తా', 'U'), ('పం', 'U'), ('బు', '|'), ('మా', 'U'), ('ను', '|'), ('నా', 'U'), ('మ', '|'), ('ద', '|'), ('న', '|'), ('జ', '|'), ('న', '|'), ('క', '|'), ('జా', 'U'), ('గు', '|'), ('సే', 'U'), ('య', '|'), ('క', '|'), ('రా', 'U'), ('వ', 'U'), ('య్య', '|'), ('చా', 'U'), ('న', '|'), ('క', '|'), ('డ', '|'), ('కు', '|'), ('మ', '|'), ('ద', '|'), ('న', '|'), ('గో', 'U'), ('పా', 'U'), ('ల', '|'), ('స', 'U'), ('త్య', '|'), ('భా', 'U'), ('మా', 'U'), ('వి', '|'), ('లో', 'U'), ('ల', '|')]",1.0,-1.0,1.0,1.0,1.0,-1.0
seesamu,శుకతురంగము పౌజు యొక లక్ష చనుదేర తేటికాల్బల మొక్క కోటి గొల్వగోర్వంక బలములు గొల్చి కైవారంబు సేయ నెమ్ములును హెచ్చరికె దెల్పతెమ్మెరరథమెక్కి కమ్మవిల్తుడు చెరుకువింటను సంధించి విరుల సరముతరుణిపై వడిదాక గురుకుచంబుల సందు గురుతుగా నేసిన కొమ్మ యెటుల,vupajaathi,Madanagopala,"[('శు', '|'), ('క', '|'), ('తు', '|'), ('రం', 'U'), ('గ', '|'), ('ము', '|'), ('పౌ', 'U'), ('జు', '|'), ('యొ', '|'), ('క', '|'), ('ల', 'U'), ('క్ష', '|'), ('చ', '|'), ('ను', '|'), ('దే', 'U'), ('ర', '|'), ('తే', 'U'), ('టి', '|'), ('కా', 'U'), ('ల్బ', '|'), ('ల', '|'), ('మొ', 'U'), ('క్క', '|'), ('కో', 'U'), ('టి', '|'), ('గొ', 'U'), ('ల్వ', '|'), ('గో', 'U'), ('ర్వం', 'U'), ('క', '|'), ('బ', '|'), ('ల', '|'), ('ము', '|'), ('లు', '|'), ('గొ', 'U'), ('ల్చి', '|'), ('కై', 'U'), ('వా', 'U'), ('రం', 'U'), ('బు', '|'), ('సే', 'U'), ('య', '|'), ('నె', 'U'), ('మ్ము', '|'), ('లు', '|'), ('ను', '|'), ('హె', 'U'), ('చ్చ', '|'), ('రి', '|'), ('కె', '|'), ('దె', 'U'), ('ల్ప', '|'), ('తె', 'U'), ('మ్మె', '|'), ('ర', '|'), ('ర', '|'), ('థ', '|'), ('మె', 'U'), ('క్కి', '|'), ('క', 'U'), ('మ్మ', '|'), ('వి', 'U'), ('ల్తు', '|'), ('డు', '|'), ('చె', '|'), ('రు', '|'), ('కు', '|'), ('విం', 'U'), ('ట', '|'), ('ను', '|'), ('సం', 'U'), ('ధిం', 'U'), ('చి', '|'), ('వి', '|'), ('రు', '|'), ('ల', '|'), ('స', '|'), ('ర', '|'), ('ము', '|'), ('త', '|'), ('రు', '|'), ('ణి', '|'), ('పై', 'U'), ('వ', '|'), ('డి', '|'), ('దా', 'U'), ('క', '|'), ('గు', '|'), ('రు', '|'), ('కు', '|'), ('చం', 'U'), ('బు', '|'), ('ల', '|'), ('సం', 'U'), ('దు', '|'), ('గు', '|'), ('రు', '|'), ('తు', '|'), ('గా', 'U'), ('నే', 'U'), ('సి', '|'), ('న', '|'), ('కొ', 'U'), ('మ్మ', '|'), ('యె', '|'), ('టు', '|'), ('ల', '|')]",0.90625,-1.0,1.0,0.96875,0.75,-1.0
teytageethi,సైచు విరిబోడి దా నోర్వజాల దికను | గాన వేగమె రావయ్య కరుణగల్గిసుదతి నేలుట తగునయ్య సుందరాంగ | మదనగోపాల సత్యభామావిలోల!,vupajaathi,Madanagopala,"[('సై', 'U'), ('చు', '|'), ('వి', '|'), ('రి', '|'), ('బో', 'U'), ('డి', '|'), ('దా', 'U'), ('నో', 'U'), ('ర్వ', '|'), ('జా', 'U'), ('ల', '|'), ('ది', '|'), ('క', '|'), ('ను', '|'), ('గా', 'U'), ('న', '|'), ('వే', 'U'), ('గ', '|'), ('మె', '|'), ('రా', 'U'), ('వ', 'U'), ('య్య', '|'), ('క', '|'), ('రు', '|'), ('ణ', '|'), ('గ', 'U'), ('ల్గి', '|'), ('సు', '|'), ('ద', '|'), ('తి', '|'), ('నే', 'U'), ('లు', '|'), ('ట', '|'), ('త', '|'), ('గు', '|'), ('న', 'U'), ('య్య', '|'), ('సుం', 'U'), ('ద', '|'), ('రాం', 'U'), ('గ', '|'), ('మ', '|'), ('ద', '|'), ('న', '|'), ('గో', 'U'), ('పా', 'U'), ('ల', '|'), ('స', 'U'), ('త్య', '|'), ('భా', 'U'), ('మా', 'U'), ('వి', '|'), ('లో', 'U'), ('ల', '|')]",1.0,-1.0,1.0,1.0,1.0,-1.0
seesamu,అతనుడు చలపట్టి యతివపై దండెత్తి యనిలరథంబెక్కి యళులగములుచేరి కొల్వగ మేటిచిలుకగుర్రపుపౌజు తఱుచుగా వెనువెంట దగిలి నడువగోర్వంక లిరుగడ కొల్చి భటావళి కైవారములు సేయగాను మందుతమ్మిఫిరంగుల దమ్మున పుప్పొడిమందు వెట్టుడు బొండుమల్లెగుండ్లు,vupajaathi,Madanagopala,"[('అ', '|'), ('త', '|'), ('ను', '|'), ('డు', '|'), ('చ', '|'), ('ల', '|'), ('ప', 'U'), ('ట్టి', '|'), ('య', '|'), ('తి', '|'), ('వ', '|'), ('పై', 'U'), ('దం', 'U'), ('డె', 'U'), ('త్తి', '|'), ('య', '|'), ('ని', '|'), ('ల', '|'), ('ర', '|'), ('థం', 'U'), ('బె', 'U'), ('క్కి', '|'), ('య', '|'), ('ళు', '|'), ('ల', '|'), ('గ', '|'), ('ము', '|'), ('లు', '|'), ('చే', 'U'), ('రి', '|'), ('కొ', 'U'), ('ల్వ', '|'), ('గ', '|'), ('మే', 'U'), ('టి', '|'), ('చి', '|'), ('లు', '|'), ('క', '|'), ('గు', '|'), ('ర్ర', '|'), ('పు', '|'), ('పౌ', 'U'), ('జు', '|'), ('త', '|'), ('ఱు', '|'), ('చు', '|'), ('గా', 'U'), ('వె', '|'), ('ను', '|'), ('వెం', 'U'), ('ట', '|'), ('ద', '|'), ('గి', '|'), ('లి', '|'), ('న', '|'), ('డు', '|'), ('వ', '|'), ('గో', 'U'), ('ర్వం', 'U'), ('క', '|'), ('లి', '|'), ('రు', '|'), ('గ', '|'), ('డ', '|'), ('కొ', 'U'), ('ల్చి', '|'), ('భ', '|'), ('టా', 'U'), ('వ', '|'), ('ళి', '|'), ('కై', 'U'), ('వా', 'U'), ('ర', '|'), ('ము', '|'), ('లు', '|'), ('సే', 'U'), ('య', '|'), ('గా', 'U'), ('ను', '|'), ('మం', 'U'), ('దు', '|'), ('త', 'U'), ('మ్మి', '|'), ('ఫి', '|'), ('రం', 'U'), ('గు', '|'), ('ల', '|'), ('ద', 'U'), ('మ్ము', '|'), ('న', '|'), ('పు', 'U'), ('ప్పొ', '|'), ('డి', '|'), ('మం', 'U'), ('దు', '|'), ('వె', 'U'), ('ట్టు', '|'), ('డు', '|'), ('బొం', 'U'), ('డు', '|'), ('మ', 'U'), ('ల్లె', '|'), ('గుం', 'U'), ('డ్లు', '|')]",1.0,-1.0,1.0,1.0,1.0,-1.0
teytageethi,గలిగి యా ఇంతిపై దాడి కదల మరుడు | చూచి వచ్చితినిక నెట్లు సుందరాంగగాన వేగమే రావయ్య కనకచేల | మదనగోపాల సత్యభామావిలోల!,vupajaathi,Madanagopala,"[('గ', '|'), ('లి', '|'), ('గి', '|'), ('యా', 'U'), ('ఇం', 'U'), ('తి', '|'), ('పై', 'U'), ('దా', 'U'), ('డి', '|'), ('క', '|'), ('ద', '|'), ('ల', '|'), ('మ', '|'), ('రు', '|'), ('డు', '|'), ('చూ', 'U'), ('చి', '|'), ('వ', 'U'), ('చ్చి', '|'), ('తి', '|'), ('ని', '|'), ('క', '|'), ('నె', 'U'), ('ట్లు', '|'), ('సుం', 'U'), ('ద', '|'), ('రాం', 'U'), ('గ', '|'), ('గా', 'U'), ('న', '|'), ('వే', 'U'), ('గ', '|'), ('మే', 'U'), ('రా', 'U'), ('వ', 'U'), ('య్య', '|'), ('క', '|'), ('న', '|'), ('క', '|'), ('చే', 'U'), ('ల', '|'), ('మ', '|'), ('ద', '|'), ('న', '|'), ('గో', 'U'), ('పా', 'U'), ('ల', '|'), ('స', 'U'), ('త్య', '|'), ('భా', 'U'), ('మా', 'U'), ('వి', '|'), ('లో', 'U'), ('ల', '|')]",1.0,-1.0,1.0,1.0,1.0,-1.0
seesamu,పండువెన్నెలచిచ్చు పయినిండ బర్విన నిముసమైనను తాళ నేర్చునటరయళులు ఝుమ్మని మ్రోయ జిలుకలు రొదసేయ సతి కింపుగా వినగ నౌనటరముమ్మరమ్మై చల్వతెమ్మెర వీచిన నతివ నెమ్మెయి సారె కళుకదటరమరుడు కోపించి చిగురుపువ్వుటమ్ముల బదరి వ్రేసిన కొమ్మ బ్రతుకునటర,vupajaathi,Madanagopala,"[('పం', 'U'), ('డు', '|'), ('వె', 'U'), ('న్నె', '|'), ('ల', '|'), ('చి', 'U'), ('చ్చు', '|'), ('ప', '|'), ('యి', '|'), ('నిం', 'U'), ('డ', '|'), ('బ', 'U'), ('ర్వి', '|'), ('న', '|'), ('ని', '|'), ('ము', '|'), ('స', '|'), ('మై', 'U'), ('న', '|'), ('ను', '|'), ('తా', 'U'), ('ళ', '|'), ('నే', 'U'), ('ర్చు', '|'), ('న', '|'), ('ట', '|'), ('ర', '|'), ('య', '|'), ('ళు', '|'), ('లు', '|'), ('ఝు', 'U'), ('మ్మ', '|'), ('ని', '|'), ('మ్రో', 'U'), ('య', '|'), ('జి', '|'), ('లు', '|'), ('క', '|'), ('లు', '|'), ('రొ', '|'), ('ద', '|'), ('సే', 'U'), ('య', '|'), ('స', '|'), ('తి', '|'), ('కిం', 'U'), ('పు', '|'), ('గా', 'U'), ('వి', '|'), ('న', '|'), ('గ', '|'), ('నౌ', 'U'), ('న', '|'), ('ట', '|'), ('ర', '|'), ('ము', 'U'), ('మ్మ', '|'), ('ర', 'U'), ('మ్మై', 'U'), ('చ', 'U'), ('ల్వ', '|'), ('తె', 'U'), ('మ్మె', '|'), ('ర', '|'), ('వీ', 'U'), ('చి', '|'), ('న', '|'), ('న', '|'), ('తి', '|'), ('వ', '|'), ('నె', 'U'), ('మ్మె', '|'), ('యి', '|'), ('సా', 'U'), ('రె', '|'), ('క', '|'), ('ళు', '|'), ('క', '|'), ('ద', '|'), ('ట', '|'), ('ర', '|'), ('మ', '|'), ('రు', '|'), ('డు', '|'), ('కో', 'U'), ('పిం', 'U'), ('చి', '|'), ('చి', '|'), ('గు', '|'), ('రు', '|'), ('పు', 'U'), ('వ్వు', '|'), ('ట', 'U'), ('మ్ము', '|'), ('ల', '|'), ('బ', '|'), ('ద', '|'), ('రి', '|'), ('వ్రే', 'U'), ('సి', '|'), ('న', '|'), ('కొ', 'U'), ('మ్మ', '|'), ('బ్ర', '|'), ('తు', '|'), ('కు', '|'), ('న', '|'), ('ట', '|'), ('ర', '|')]",0.6770833333333334,-1.0,1.0,0.78125,0.25,-1.0
teytageethi,గాన నా సుందరాంగిని గారవమున | ... ... ... ... నదగు నీకైన యింతి నిపుడుచలముడిగి వేగ రావయ్య సారసాక్ష | మదనగోపాల సత్యభామావిలోల!,vupajaathi,Madanagopala,"[('గా', 'U'), ('న', '|'), ('నా', 'U'), ('సుం', 'U'), ('ద', '|'), ('రాం', 'U'), ('గి', '|'), ('ని', '|'), ('గా', 'U'), ('ర', '|'), ('వ', '|'), ('ము', '|'), ('న', '|'), ('న', '|'), ('ద', '|'), ('గు', '|'), ('నీ', 'U'), ('కై', 'U'), ('న', '|'), ('యిం', 'U'), ('తి', '|'), ('ని', '|'), ('పు', '|'), ('డు', '|'), ('చ', '|'), ('ల', '|'), ('ము', '|'), ('డి', '|'), ('గి', '|'), ('వే', 'U'), ('గ', '|'), ('రా', 'U'), ('వ', 'U'), ('య్య', '|'), ('సా', 'U'), ('ర', '|'), ('సా', 'U'), ('క్ష', '|'), ('మ', '|'), ('ద', '|'), ('న', '|'), ('గో', 'U'), ('పా', 'U'), ('ల', '|'), ('స', 'U'), ('త్య', '|'), ('భా', 'U'), ('మా', 'U'), ('వి', '|'), ('లో', 'U'), ('ల', '|')]",0.65,-1.0,1.0,0.7,0.25,-1.0
seesamu,నిముషంబు నొకకడ నిల్వనోపదు మారుతాపంబుచేతను తాళలేకనించుకేనియు నన్నమింపుగాకను మోహపరవశయై యుండు బాళిమీరక్షణమైన నిదురింపజాలదు వలపున చిత్తంబులో గడుచింతనొందగడియకు బలుమారు కడువడి భ్రమజెంది నిను దలంచుచునుండు నీరజాక్ష,vupajaathi,Madanagopala,"[('ని', '|'), ('ము', '|'), ('షం', 'U'), ('బు', '|'), ('నొ', '|'), ('క', '|'), ('క', '|'), ('డ', '|'), ('ని', 'U'), ('ల్వ', '|'), ('నో', 'U'), ('ప', '|'), ('దు', '|'), ('మా', 'U'), ('రు', '|'), ('తా', 'U'), ('పం', 'U'), ('బు', '|'), ('చే', 'U'), ('త', '|'), ('ను', '|'), ('తా', 'U'), ('ళ', '|'), ('లే', 'U'), ('క', '|'), ('నిం', 'U'), ('చు', '|'), ('కే', 'U'), ('ని', '|'), ('యు', '|'), ('న', 'U'), ('న్న', '|'), ('మిం', 'U'), ('పు', '|'), ('గా', 'U'), ('క', '|'), ('ను', '|'), ('మో', 'U'), ('హ', '|'), ('ప', '|'), ('ర', '|'), ('వ', '|'), ('శ', '|'), ('యై', 'U'), ('యుం', 'U'), ('డు', '|'), ('బా', 'U'), ('ళి', '|'), ('మీ', 'U'), ('ర', 'U'), ('క్ష', '|'), ('ణ', '|'), ('మై', 'U'), ('న', '|'), ('ని', '|'), ('దు', '|'), ('రిం', 'U'), ('ప', '|'), ('జా', 'U'), ('ల', '|'), ('దు', '|'), ('వ', '|'), ('ల', '|'), ('పు', '|'), ('న', '|'), ('చి', 'U'), ('త్తం', 'U'), ('బు', '|'), ('లో', 'U'), ('గ', '|'), ('డు', '|'), ('చిం', 'U'), ('త', '|'), ('నొం', 'U'), ('ద', '|'), ('గ', '|'), ('డి', '|'), ('య', '|'), ('కు', '|'), ('బ', '|'), ('లు', '|'), ('మా', 'U'), ('రు', '|'), ('క', '|'), ('డు', '|'), ('వ', '|'), ('డి', '|'), ('భ్ర', '|'), ('మ', '|'), ('జెం', 'U'), ('ది', '|'), ('ని', '|'), ('ను', '|'), ('ద', '|'), ('లం', 'U'), ('చు', '|'), ('చు', '|'), ('నుం', 'U'), ('డు', '|'), ('నీ', 'U'), ('ర', '|'), ('జా', 'U'), ('క్ష', '|')]",0.6770833333333334,-1.0,1.0,0.65625,0.375,-1.0
teytageethi,గాననిక జాగు సేయక కరుణగల్గి | యింతికడ కేగుదెమ్ము నీ వింపుమీరతామసించిన మరు బాళి తాళదింక | మదనగోపాల సత్యభామావిలోల!,vupajaathi,Madanagopala,"[('గా', 'U'), ('న', '|'), ('ని', '|'), ('క', '|'), ('జా', 'U'), ('గు', '|'), ('సే', 'U'), ('య', '|'), ('క', '|'), ('క', '|'), ('రు', '|'), ('ణ', '|'), ('గ', 'U'), ('ల్గి', '|'), ('యిం', 'U'), ('తి', '|'), ('క', '|'), ('డ', '|'), ('కే', 'U'), ('గు', '|'), ('దె', 'U'), ('మ్ము', '|'), ('నీ', 'U'), ('విం', 'U'), ('పు', '|'), ('మీ', 'U'), ('ర', '|'), ('తా', 'U'), ('మ', '|'), ('సిం', 'U'), ('చి', '|'), ('న', '|'), ('మ', '|'), ('రు', '|'), ('బా', 'U'), ('ళి', '|'), ('తా', 'U'), ('ళ', '|'), ('దిం', 'U'), ('క', '|'), ('మ', '|'), ('ద', '|'), ('న', '|'), ('గో', 'U'), ('పా', 'U'), ('ల', '|'), ('స', 'U'), ('త్య', '|'), ('భా', 'U'), ('మా', 'U'), ('వి', '|'), ('లో', 'U'), ('ల', '|')]",0.9166666666666666,-1.0,1.0,1.0,0.75,-1.0
seesamu,చౌసీతిబంధముల్ సరిబొంద బెనగెడి కొమరు ప్రాయపు ముద్దుగుమ్మ గదరసదమదంబున విభు నెదనంట గుబ్బలనదిమి కౌఁగిట జేర్చు నతివ గదరఅసియాడు గౌనున నెసగు ఘంటల మ్రోత నెడపక గావించు నింతి గదరబాళిచే గెమ్మోవి గ్రోలించి కడుమంచిమాటలచే ...ంచు మగువ గదర,vupajaathi,Madanagopala,"[('చౌ', 'U'), ('సీ', 'U'), ('తి', '|'), ('బం', 'U'), ('ధ', '|'), ('ము', 'U'), ('ల్స', '|'), ('రి', '|'), ('బొం', 'U'), ('ద', '|'), ('బె', '|'), ('న', '|'), ('గె', '|'), ('డి', '|'), ('కొ', '|'), ('మ', '|'), ('రు', '|'), ('ప్రా', 'U'), ('య', '|'), ('పు', '|'), ('ము', 'U'), ('ద్దు', '|'), ('గు', 'U'), ('మ్మ', '|'), ('గ', '|'), ('ద', '|'), ('ర', '|'), ('స', '|'), ('ద', '|'), ('మ', '|'), ('దం', 'U'), ('బు', '|'), ('న', '|'), ('వి', '|'), ('భు', '|'), ('నె', '|'), ('ద', '|'), ('నం', 'U'), ('ట', '|'), ('గు', 'U'), ('బ్బ', '|'), ('ల', '|'), ('న', '|'), ('ది', '|'), ('మి', '|'), ('కౌ', 'U'), ('గి', '|'), ('ట', '|'), ('జే', 'U'), ('ర్చు', '|'), ('న', '|'), ('తి', '|'), ('వ', '|'), ('గ', '|'), ('ద', '|'), ('ర', '|'), ('అ', '|'), ('సి', '|'), ('యా', 'U'), ('డు', '|'), ('గౌ', 'U'), ('ను', '|'), ('న', '|'), ('నె', '|'), ('స', '|'), ('గు', '|'), ('ఘం', 'U'), ('ట', '|'), ('ల', '|'), ('మ్రో', 'U'), ('త', '|'), ('నె', '|'), ('డ', '|'), ('ప', '|'), ('క', '|'), ('గా', 'U'), ('విం', 'U'), ('చు', '|'), ('నిం', 'U'), ('తి', '|'), ('గ', '|'), ('ద', '|'), ('ర', '|'), ('బా', 'U'), ('ళి', '|'), ('చే', 'U'), ('గె', 'U'), ('మ్మో', 'U'), ('వి', '|'), ('గ్రో', 'U'), ('లిం', 'U'), ('చి', '|'), ('క', '|'), ('డు', '|'), ('మం', 'U'), ('చి', '|'), ('మా', 'U'), ('ట', '|'), ('ల', '|'), ('చే', 'U'), ('.ం', 'U'), ('చు', '|'), ('మ', '|'), ('గు', '|'), ('వ', '|'), ('గ', '|'), ('ద', '|'), ('ర', '|')]",0.9583333333333334,-1.0,1.0,1.0,0.875,-1.0
teytageethi,దాని సొగసెంత వగలెంత దలప వశమె | యెన్నదగినట్టి వెలదులమిన్న యగురనన్నె మదిగోరి యున్నది నీరజాక్ష | మదనగోపాల సత్యభామావిలోల!,vupajaathi,Madanagopala,"[('దా', 'U'), ('ని', '|'), ('సొ', '|'), ('గ', '|'), ('సెం', 'U'), ('త', '|'), ('వ', '|'), ('గ', '|'), ('లెం', 'U'), ('త', '|'), ('ద', '|'), ('ల', '|'), ('ప', '|'), ('వ', '|'), ('శ', '|'), ('మె', '|'), ('యె', 'U'), ('న్న', '|'), ('ద', '|'), ('గి', '|'), ('న', 'U'), ('ట్టి', '|'), ('వె', '|'), ('ల', '|'), ('దు', '|'), ('ల', '|'), ('మి', 'U'), ('న్న', '|'), ('య', '|'), ('గు', '|'), ('ర', '|'), ('న', 'U'), ('న్నె', '|'), ('మ', '|'), ('ది', '|'), ('గో', 'U'), ('రి', '|'), ('యు', 'U'), ('న్న', '|'), ('ది', '|'), ('నీ', 'U'), ('ర', '|'), ('జా', 'U'), ('క్ష', '|'), ('మ', '|'), ('ద', '|'), ('న', '|'), ('గో', 'U'), ('పా', 'U'), ('ల', '|'), ('స', 'U'), ('త్య', '|'), ('భా', 'U'), ('మా', 'U'), ('వి', '|'), ('లో', 'U'), ('ల', '|')]",0.9166666666666666,-1.0,1.0,1.0,0.75,-1.0
seesamu,ఏణాక్షి నీకేమి యెగ్గు జేసిన గాని తప్పు మన్నించరా దానవారిపతితోడ కలహించు భామినితో పొందు చేయంగవచ్చునే జలజపాణిచిరుత ప్రాయమునాటి చెలిమిని యా యింతి వాదించె గాబోలు వనజనాభపతిభక్తి గలిగిన పడతి తా విభునితోడ నెదిరింపదగునే యెమ్మెలాడి,vupajaathi,Madanagopala,"[('ఏ', 'U'), ('ణా', 'U'), ('క్షి', '|'), ('నీ', 'U'), ('కే', 'U'), ('మి', '|'), ('యె', 'U'), ('గ్గు', '|'), ('జే', 'U'), ('సి', '|'), ('న', '|'), ('గా', 'U'), ('ని', '|'), ('త', 'U'), ('ప్పు', '|'), ('మ', 'U'), ('న్నిం', 'U'), ('చ', '|'), ('రా', 'U'), ('దా', 'U'), ('న', '|'), ('వా', 'U'), ('రి', '|'), ('ప', '|'), ('తి', '|'), ('తో', 'U'), ('డ', '|'), ('క', '|'), ('ల', '|'), ('హిం', 'U'), ('చు', '|'), ('భా', 'U'), ('మి', '|'), ('ని', '|'), ('తో', 'U'), ('పొం', 'U'), ('దు', '|'), ('చే', 'U'), ('యం', 'U'), ('గ', '|'), ('వ', 'U'), ('చ్చు', '|'), ('నే', 'U'), ('జ', '|'), ('ల', '|'), ('జ', '|'), ('పా', 'U'), ('ణి', '|'), ('చి', '|'), ('రు', '|'), ('త', '|'), ('ప్రా', 'U'), ('య', '|'), ('ము', '|'), ('నా', 'U'), ('టి', '|'), ('చె', '|'), ('లి', '|'), ('మి', '|'), ('ని', '|'), ('యా', 'U'), ('యిం', 'U'), ('తి', '|'), ('వా', 'U'), ('దిం', 'U'), ('చె', '|'), ('గా', 'U'), ('బో', 'U'), ('లు', '|'), ('వ', '|'), ('న', '|'), ('జ', '|'), ('నా', 'U'), ('భ', '|'), ('ప', '|'), ('తి', '|'), ('భ', 'U'), ('క్తి', '|'), ('గ', '|'), ('లి', '|'), ('గి', '|'), ('న', '|'), ('ప', '|'), ('డ', '|'), ('తి', '|'), ('తా', 'U'), ('వి', '|'), ('భు', '|'), ('ని', '|'), ('తో', 'U'), ('డ', '|'), ('నె', '|'), ('ది', '|'), ('రిం', 'U'), ('ప', '|'), ('ద', '|'), ('గు', '|'), ('నే', 'U'), ('యె', 'U'), ('మ్మె', '|'), ('లా', 'U'), ('డి', '|')]",0.875,-1.0,1.0,1.0,0.625,-1.0
teytageethi,యైన నీ తప్పు సైరించి యతివ కడకు | రమ్ము పదివేల జోతలు రమణ నీకుజేయ మది గోరియున్నది జాలమేల | మదనగోపాల సత్యభామావిలోల!,vupajaathi,Madanagopala,"[('యై', 'U'), ('న', '|'), ('నీ', 'U'), ('త', 'U'), ('ప్పు', '|'), ('సై', 'U'), ('రిం', 'U'), ('చి', '|'), ('య', '|'), ('తి', '|'), ('వ', '|'), ('క', '|'), ('డ', '|'), ('కు', '|'), ('ర', 'U'), ('మ్ము', '|'), ('ప', '|'), ('ది', '|'), ('వే', 'U'), ('ల', '|'), ('జో', 'U'), ('త', '|'), ('లు', '|'), ('ర', '|'), ('మ', '|'), ('ణ', '|'), ('నీ', 'U'), ('కు', '|'), ('జే', 'U'), ('య', '|'), ('మ', '|'), ('ది', '|'), ('గో', 'U'), ('రి', '|'), ('యు', 'U'), ('న్న', '|'), ('ది', '|'), ('జా', 'U'), ('ల', '|'), ('మే', 'U'), ('ల', '|'), ('మ', '|'), ('ద', '|'), ('న', '|'), ('గో', 'U'), ('పా', 'U'), ('ల', '|'), ('స', 'U'), ('త్య', '|'), ('భా', 'U'), ('మా', 'U'), ('వి', '|'), ('లో', 'U'), ('ల', '|')]",0.9166666666666666,-1.0,1.0,1.0,0.75,-1.0
seesamu,చెలియ సాష్టాంగంబు చేసి వేడితివని నెనరుంతు నీపైని నెలత పోవెనెనరుంచి మా యింతి నెమ్మది నేలుటకిది తరుణంబన్న నేచదగునెతగువుల పుట్నిల్లు తరుణి మీ సతిమాట లెఱుగమా పో పోవె యింతి నీవుపరసతితోడను భాషింపరాదని తగవొనరించె మా తరుణి మొన్న,vupajaathi,Madanagopala,"[('చె', '|'), ('లి', '|'), ('య', '|'), ('సా', 'U'), ('ష్టాం', 'U'), ('గం', 'U'), ('బు', '|'), ('చే', 'U'), ('సి', '|'), ('వే', 'U'), ('డి', '|'), ('తి', '|'), ('వ', '|'), ('ని', '|'), ('నె', '|'), ('న', '|'), ('రుం', 'U'), ('తు', '|'), ('నీ', 'U'), ('పై', 'U'), ('ని', '|'), ('నె', '|'), ('ల', '|'), ('త', '|'), ('పో', 'U'), ('వె', '|'), ('నె', '|'), ('న', '|'), ('రుం', 'U'), ('చి', '|'), ('మా', 'U'), ('యిం', 'U'), ('తి', '|'), ('నె', 'U'), ('మ్మ', '|'), ('ది', '|'), ('నే', 'U'), ('లు', '|'), ('ట', '|'), ('కి', '|'), ('ది', '|'), ('త', '|'), ('రు', '|'), ('ణం', 'U'), ('బ', 'U'), ('న్న', '|'), ('నే', 'U'), ('చ', '|'), ('ద', '|'), ('గు', '|'), ('నె', '|'), ('త', '|'), ('గు', '|'), ('వు', '|'), ('ల', '|'), ('పు', 'U'), ('ట్ని', 'U'), ('ల్లు', '|'), ('త', '|'), ('రు', '|'), ('ణి', '|'), ('మీ', 'U'), ('స', '|'), ('తి', '|'), ('మా', 'U'), ('ట', '|'), ('లె', '|'), ('ఱు', '|'), ('గ', '|'), ('మా', 'U'), ('పో', 'U'), ('పో', 'U'), ('వె', '|'), ('యిం', 'U'), ('తి', '|'), ('నీ', 'U'), ('వు', '|'), ('ప', '|'), ('ర', '|'), ('స', '|'), ('తి', '|'), ('తో', 'U'), ('డ', '|'), ('ను', '|'), ('భా', 'U'), ('షిం', 'U'), ('ప', '|'), ('రా', 'U'), ('ద', '|'), ('ని', '|'), ('త', '|'), ('గ', '|'), ('వొ', '|'), ('న', '|'), ('రిం', 'U'), ('చె', '|'), ('మా', 'U'), ('త', '|'), ('రు', '|'), ('ణి', '|'), ('మొ', 'U'), ('న్న', '|')]",0.9166666666666666,-1.0,1.0,1.0,0.75,-1.0
teytageethi,నెన్ని నేర్చినదానవే యింతి నీవు | వనిత వెనువెంట నిదిగొ నే వత్తు బోవెరమ్ము వేవేగ నిక నింత రవ్వలేల | మదనగోపాల సత్యభామావిలోల!,vupajaathi,Madanagopala,"[('నె', 'U'), ('న్ని', '|'), ('నే', 'U'), ('ర్చి', '|'), ('న', '|'), ('దా', 'U'), ('న', '|'), ('వే', 'U'), ('యిం', 'U'), ('తి', '|'), ('నీ', 'U'), ('వు', '|'), ('వ', '|'), ('ని', '|'), ('త', '|'), ('వె', '|'), ('ను', '|'), ('వెం', 'U'), ('ట', '|'), ('ని', '|'), ('ది', '|'), ('గొ', '|'), ('నే', 'U'), ('వ', 'U'), ('త్తు', '|'), ('బో', 'U'), ('వె', '|'), ('ర', 'U'), ('మ్ము', '|'), ('వే', 'U'), ('వే', 'U'), ('గ', '|'), ('ని', '|'), ('క', '|'), ('నిం', 'U'), ('త', '|'), ('ర', 'U'), ('వ్వ', '|'), ('లే', 'U'), ('ల', '|'), ('మ', '|'), ('ద', '|'), ('న', '|'), ('గో', 'U'), ('పా', 'U'), ('ల', '|'), ('స', 'U'), ('త్య', '|'), ('భా', 'U'), ('మా', 'U'), ('వి', '|'), ('లో', 'U'), ('ల', '|')]",0.9166666666666666,-1.0,1.0,1.0,0.75,-1.0
seesamu,పదవె భామిని కడకు బయినమై వచ్చెదనని లేచి శ్రీకృష్ణు డతిముదమునమహనియ్యమగు దివ్యమణికిరీటము దాల్చి వరరత్నభూషణావళులు మెఱయకర్ణశోభితమగు కనకకుండలములు పాదనూపురములు ప్రబలి మ్రోయపసిడిబంగారుదుప్పటివల్లెవాటుతో వెడలిన హరి జూచి వేగ జెలియ,vupajaathi,Madanagopala,"[('ప', '|'), ('ద', '|'), ('వె', '|'), ('భా', 'U'), ('మి', '|'), ('ని', '|'), ('క', '|'), ('డ', '|'), ('కు', '|'), ('బ', '|'), ('యి', '|'), ('న', '|'), ('మై', 'U'), ('వ', 'U'), ('చ్చె', '|'), ('ద', '|'), ('న', '|'), ('ని', '|'), ('లే', 'U'), ('చి', '|'), ('శ్రీ', 'U'), ('కృ', 'U'), ('ష్ణు', '|'), ('డ', '|'), ('తి', '|'), ('ము', '|'), ('ద', '|'), ('ము', '|'), ('న', '|'), ('మ', '|'), ('హ', '|'), ('ని', 'U'), ('య్య', '|'), ('మ', '|'), ('గు', '|'), ('ది', 'U'), ('వ్య', '|'), ('మ', '|'), ('ణి', '|'), ('కి', '|'), ('రీ', 'U'), ('ట', '|'), ('ము', '|'), ('దా', 'U'), ('ల్చి', '|'), ('వ', '|'), ('ర', '|'), ('ర', 'U'), ('త్న', '|'), ('భూ', 'U'), ('ష', '|'), ('ణా', 'U'), ('వ', '|'), ('ళు', '|'), ('లు', '|'), ('మె', '|'), ('ఱ', '|'), ('య', '|'), ('క', 'U'), ('ర్ణ', '|'), ('శో', 'U'), ('భి', '|'), ('త', '|'), ('మ', '|'), ('గు', '|'), ('క', '|'), ('న', '|'), ('క', '|'), ('కుం', 'U'), ('డ', '|'), ('ల', '|'), ('ము', '|'), ('లు', '|'), ('పా', 'U'), ('ద', '|'), ('నూ', 'U'), ('పు', '|'), ('ర', '|'), ('ము', '|'), ('లు', '|'), ('ప్ర', '|'), ('బ', '|'), ('లి', '|'), ('మ్రో', 'U'), ('య', '|'), ('ప', '|'), ('సి', '|'), ('డి', '|'), ('బం', 'U'), ('గా', 'U'), ('రు', '|'), ('దు', 'U'), ('ప్ప', '|'), ('టి', '|'), ('వ', 'U'), ('ల్లె', '|'), ('వా', 'U'), ('టు', '|'), ('తో', 'U'), ('వె', '|'), ('డ', '|'), ('లి', '|'), ('న', '|'), ('హ', '|'), ('రి', '|'), ('జూ', 'U'), ('చి', '|'), ('వే', 'U'), ('గ', '|'), ('జె', '|'), ('లి', '|'), ('య', '|')]",0.9479166666666666,-1.0,1.0,0.96875,0.875,-1.0
teytageethi,స్వామి మీ దయ నేడు మా సఖియకోర్కె | దీరగా గల్గె నీ శుభదినమునందుభవ్యగుణజాల శుభలీల భక్తపాల | మదనగోపాల సత్యభామావిలోలా!,vupajaathi,Madanagopala,"[('స్వా', 'U'), ('మి', '|'), ('మీ', 'U'), ('ద', '|'), ('య', '|'), ('నే', 'U'), ('డు', '|'), ('మా', 'U'), ('స', '|'), ('ఖి', '|'), ('య', '|'), ('కో', 'U'), ('ర్కె', '|'), ('దీ', 'U'), ('ర', '|'), ('గా', 'U'), ('గ', 'U'), ('ల్గె', '|'), ('నీ', 'U'), ('శు', '|'), ('భ', '|'), ('ది', '|'), ('న', '|'), ('ము', '|'), ('నం', 'U'), ('దు', '|'), ('భ', 'U'), ('వ్య', '|'), ('గు', '|'), ('ణ', '|'), ('జా', 'U'), ('ల', '|'), ('శు', '|'), ('భ', '|'), ('లీ', 'U'), ('ల', '|'), ('భ', 'U'), ('క్త', '|'), ('పా', 'U'), ('ల', '|'), ('మ', '|'), ('ద', '|'), ('న', '|'), ('గో', 'U'), ('పా', 'U'), ('ల', '|'), ('స', 'U'), ('త్య', '|'), ('భా', 'U'), ('మా', 'U'), ('వి', '|'), ('లో', 'U'), ('లా', 'U')]",0.9833333333333334,-1.0,1.0,0.95,1.0,-1.0
seesamu,సరసిజాక్షుడు ప్రాణసఖిమందిరము జేరవచ్చిన నెదురేగి వనిత విభునినర్ఘ్యపాద్యాదుల నతివేగ నర్చించి దండప్రణామంబు దగ నొనర్చికనకాంగి ప్రాణేశు గౌఁగిట దగ జేర్చి పరగెడి తన కేళిభవనమునకువేగ దోడ్కొనిపోయి వెలది పచ్చలగద్దెపయి నునిచి యా సతి బాగుమీర,vupajaathi,Madanagopala,"[('స', '|'), ('ర', '|'), ('సి', '|'), ('జా', 'U'), ('క్షు', '|'), ('డు', '|'), ('ప్రా', 'U'), ('ణ', '|'), ('స', '|'), ('ఖి', '|'), ('మం', 'U'), ('ది', '|'), ('ర', '|'), ('ము', '|'), ('జే', 'U'), ('ర', '|'), ('వ', 'U'), ('చ్చి', '|'), ('న', '|'), ('నె', '|'), ('దు', '|'), ('రే', 'U'), ('గి', '|'), ('వ', '|'), ('ని', '|'), ('త', '|'), ('వి', '|'), ('భు', '|'), ('ని', '|'), ('న', 'U'), ('ర్ఘ్య', '|'), ('పా', 'U'), ('ద్యా', 'U'), ('దు', '|'), ('ల', '|'), ('న', '|'), ('తి', '|'), ('వే', 'U'), ('గ', '|'), ('న', 'U'), ('ర్చిం', 'U'), ('చి', '|'), ('దం', 'U'), ('డ', '|'), ('ప్ర', '|'), ('ణా', 'U'), ('మం', 'U'), ('బు', '|'), ('ద', '|'), ('గ', '|'), ('నొ', '|'), ('న', 'U'), ('ర్చి', '|'), ('క', '|'), ('న', '|'), ('కాం', 'U'), ('గి', '|'), ('ప్రా', 'U'), ('ణే', 'U'), ('శు', '|'), ('గౌ', 'U'), ('గి', '|'), ('ట', '|'), ('ద', '|'), ('గ', '|'), ('జే', 'U'), ('ర్చి', '|'), ('ప', '|'), ('ర', '|'), ('గె', '|'), ('డి', '|'), ('త', '|'), ('న', '|'), ('కే', 'U'), ('ళి', '|'), ('భ', '|'), ('వ', '|'), ('న', '|'), ('ము', '|'), ('న', '|'), ('కు', '|'), ('వే', 'U'), ('గ', '|'), ('దో', 'U'), ('డ్కొ', '|'), ('ని', '|'), ('పో', 'U'), ('యి', '|'), ('వె', '|'), ('ల', '|'), ('ది', '|'), ('ప', 'U'), ('చ్చ', '|'), ('ల', '|'), ('గ', 'U'), ('ద్దె', '|'), ('ప', '|'), ('యి', '|'), ('ను', '|'), ('ని', '|'), ('చి', '|'), ('యా', 'U'), ('స', '|'), ('తి', '|'), ('బా', 'U'), ('గు', '|'), ('మీ', 'U'), ('ర', '|')]",0.9895833333333334,-1.0,1.0,0.96875,1.0,-1.0
teytageethi,విభుని సన్నిధిలోనుండి వెలది బలికె | నన్ను నెడబాసి యిట్లుండ న్యాయమటరమరుని బారికి నెటులోర్తు మగువ నేను | మదనగోపాల సత్యభామావిలోల!,vupajaathi,Madanagopala,"[('వి', '|'), ('భు', '|'), ('ని', '|'), ('స', 'U'), ('న్ని', '|'), ('ధి', '|'), ('లో', 'U'), ('నుం', 'U'), ('డి', '|'), ('వె', '|'), ('ల', '|'), ('ది', '|'), ('బ', '|'), ('లి', '|'), ('కె', '|'), ('న', 'U'), ('న్ను', '|'), ('నె', '|'), ('డ', '|'), ('బా', 'U'), ('సి', '|'), ('యి', 'U'), ('ట్లుం', 'U'), ('డ', 'U'), ('న్యా', 'U'), ('య', '|'), ('మ', '|'), ('ట', '|'), ('ర', '|'), ('మ', '|'), ('రు', '|'), ('ని', '|'), ('బా', 'U'), ('రి', '|'), ('కి', '|'), ('నె', '|'), ('టు', '|'), ('లో', 'U'), ('ర్తు', '|'), ('మ', '|'), ('గు', '|'), ('వ', '|'), ('నే', 'U'), ('ను', '|'), ('మ', '|'), ('ద', '|'), ('న', '|'), ('గో', 'U'), ('పా', 'U'), ('ల', '|'), ('స', 'U'), ('త్య', '|'), ('భా', 'U'), ('మా', 'U'), ('వి', '|'), ('లో', 'U'), ('ల', '|')]",0.75,-1.0,1.0,0.75,0.5,-1.0
seesamu,తన ప్రాణవిభునకు దడయక పన్నీట మజ్జనం బొనరించి మగువ కనకపళ్లెరంబున మంచిపస గల యన్నంబు గోఘృతపక్వమౌ కూరలమరనప్పడంబులు కందిపప్పును నొబ్బట్లు పాలుచక్కెర వెన్న పాయసంబుఘమ్మని వాసింపగా చారువడియముల్ పసిడిచెంబుల నీరు బాగుమీర,vupajaathi,Madanagopala,"[('త', '|'), ('న', '|'), ('ప్రా', 'U'), ('ణ', '|'), ('వి', '|'), ('భు', '|'), ('న', '|'), ('కు', '|'), ('ద', '|'), ('డ', '|'), ('య', '|'), ('క', '|'), ('ప', 'U'), ('న్నీ', 'U'), ('ట', '|'), ('మ', 'U'), ('జ్జ', '|'), ('నం', 'U'), ('బొ', '|'), ('న', '|'), ('రిం', 'U'), ('చి', '|'), ('మ', '|'), ('గు', '|'), ('వ', '|'), ('క', '|'), ('న', '|'), ('క', '|'), ('ప', 'U'), ('ళ్లె', '|'), ('రం', 'U'), ('బు', '|'), ('న', '|'), ('మం', 'U'), ('చి', '|'), ('ప', '|'), ('స', '|'), ('గ', '|'), ('ల', '|'), ('య', 'U'), ('న్నం', 'U'), ('బు', '|'), ('గో', 'U'), ('ఘృ', '|'), ('త', '|'), ('ప', 'U'), ('క్వ', '|'), ('మౌ', 'U'), ('కూ', 'U'), ('ర', '|'), ('ల', '|'), ('మ', '|'), ('ర', '|'), ('న', 'U'), ('ప్ప', '|'), ('డం', 'U'), ('బు', '|'), ('లు', '|'), ('కం', 'U'), ('ది', '|'), ('ప', 'U'), ('ప్పు', '|'), ('ను', '|'), ('నొ', 'U'), ('బ్బ', 'U'), ('ట్లు', '|'), ('పా', 'U'), ('లు', '|'), ('చ', 'U'), ('క్కె', '|'), ('ర', '|'), ('వె', 'U'), ('న్న', '|'), ('పా', 'U'), ('య', '|'), ('సం', 'U'), ('బు', '|'), ('ఘ', 'U'), ('మ్మ', '|'), ('ని', '|'), ('వా', 'U'), ('సిం', 'U'), ('ప', '|'), ('గా', 'U'), ('చా', 'U'), ('రు', '|'), ('వ', '|'), ('డి', '|'), ('య', '|'), ('ము', 'U'), ('ల్ప', '|'), ('సి', '|'), ('డి', '|'), ('చెం', 'U'), ('బు', '|'), ('ల', '|'), ('నీ', 'U'), ('రు', '|'), ('బా', 'U'), ('గు', '|'), ('మీ', 'U'), ('ర', '|')]",1.0,-1.0,1.0,1.0,1.0,-1.0
teytageethi,విభుని ముందటనిడి వేగ వెలది విరుల | సురటి వీవంగ భుజియింప సుదతి విభునిజూచి నను బాయకిక నేలు సుందరాంగ | మదనగోపాల సత్యభామావిలోల!,vupajaathi,Madanagopala,"[('వి', '|'), ('భు', '|'), ('ని', '|'), ('ముం', 'U'), ('ద', '|'), ('ట', '|'), ('ని', '|'), ('డి', '|'), ('వే', 'U'), ('గ', '|'), ('వె', '|'), ('ల', '|'), ('ది', '|'), ('వి', '|'), ('రు', '|'), ('ల', '|'), ('సు', '|'), ('ర', '|'), ('టి', '|'), ('వీ', 'U'), ('వం', 'U'), ('గ', '|'), ('భు', '|'), ('జి', '|'), ('యిం', 'U'), ('ప', '|'), ('సు', '|'), ('ద', '|'), ('తి', '|'), ('వి', '|'), ('భు', '|'), ('ని', '|'), ('జూ', 'U'), ('చి', '|'), ('న', '|'), ('ను', '|'), ('బా', 'U'), ('య', '|'), ('కి', '|'), ('క', '|'), ('నే', 'U'), ('లు', '|'), ('సుం', 'U'), ('ద', '|'), ('రాం', 'U'), ('గ', '|'), ('మ', '|'), ('ద', '|'), ('న', '|'), ('గో', 'U'), ('పా', 'U'), ('ల', '|'), ('స', 'U'), ('త్య', '|'), ('భా', 'U'), ('మా', 'U'), ('వి', '|'), ('లో', 'U'), ('ల', '|')]",1.0,-1.0,1.0,1.0,1.0,-1.0
seesamu,నవరత్నకాంతు లున్నతమైన కేళికాభవనంబులో విరిపాన్పు జేరిపరగ గందము మంచిపన్నీరు జవ్వాది బంగారుగిన్నెల బాగుపరచివిరిసరంబులు మంచిమరువంబు కురువేరు నపరంజితట్టల నమరజేర్చిప్రాణనాథుని జేరి పడతుక కడుమంచియాకుమడ్పు లొసంగి యతివ మరుని,vupajaathi,Madanagopala,"[('న', '|'), ('వ', '|'), ('ర', 'U'), ('త్న', '|'), ('కాం', 'U'), ('తు', '|'), ('లు', 'U'), ('న్న', '|'), ('త', '|'), ('మై', 'U'), ('న', '|'), ('కే', 'U'), ('ళి', '|'), ('కా', 'U'), ('భ', '|'), ('వ', '|'), ('నం', 'U'), ('బు', '|'), ('లో', 'U'), ('వి', '|'), ('రి', '|'), ('పా', 'U'), ('న్పు', '|'), ('జే', 'U'), ('రి', '|'), ('ప', '|'), ('ర', '|'), ('గ', '|'), ('గం', 'U'), ('ద', '|'), ('ము', '|'), ('మం', 'U'), ('చి', '|'), ('ప', 'U'), ('న్నీ', 'U'), ('రు', '|'), ('జ', 'U'), ('వ్వా', 'U'), ('ది', '|'), ('బం', 'U'), ('గా', 'U'), ('రు', '|'), ('గి', 'U'), ('న్నె', '|'), ('ల', '|'), ('బా', 'U'), ('గు', '|'), ('ప', '|'), ('ర', '|'), ('చి', '|'), ('వి', '|'), ('రి', '|'), ('స', '|'), ('రం', 'U'), ('బు', '|'), ('లు', '|'), ('మం', 'U'), ('చి', '|'), ('మ', '|'), ('రు', '|'), ('వం', 'U'), ('బు', '|'), ('కు', '|'), ('రు', '|'), ('వే', 'U'), ('రు', '|'), ('న', '|'), ('ప', '|'), ('రం', 'U'), ('జి', '|'), ('త', 'U'), ('ట్ట', '|'), ('ల', '|'), ('న', '|'), ('మ', '|'), ('ర', '|'), ('జే', 'U'), ('ర్చి', '|'), ('ప్రా', 'U'), ('ణ', '|'), ('నా', 'U'), ('థు', '|'), ('ని', '|'), ('జే', 'U'), ('రి', '|'), ('ప', '|'), ('డ', '|'), ('తు', '|'), ('క', '|'), ('క', '|'), ('డు', '|'), ('మం', 'U'), ('చి', '|'), ('యా', 'U'), ('కు', '|'), ('మ', 'U'), ('డ్పు', '|'), ('లొ', '|'), ('సం', 'U'), ('గి', '|'), ('య', '|'), ('తి', '|'), ('వ', '|'), ('మ', '|'), ('రు', '|'), ('ని', '|')]",1.0,-1.0,1.0,1.0,1.0,-1.0
teytageethi,కేళి దేలుచు సుఖియించి కీరవాణి | మమత బాయక విభు చెంత మగువ జేరియవుర నా సామి నను బాయకనుచు బొగడె | మదనగోపాల సత్యభామావిలోల!,vupajaathi,Madanagopala,"[('కే', 'U'), ('ళి', '|'), ('దే', 'U'), ('లు', '|'), ('చు', '|'), ('సు', '|'), ('ఖి', '|'), ('యిం', 'U'), ('చి', '|'), ('కీ', 'U'), ('ర', '|'), ('వా', 'U'), ('ణి', '|'), ('మ', '|'), ('మ', '|'), ('త', '|'), ('బా', 'U'), ('య', '|'), ('క', '|'), ('వి', '|'), ('భు', '|'), ('చెం', 'U'), ('త', '|'), ('మ', '|'), ('గు', '|'), ('వ', '|'), ('జే', 'U'), ('రి', '|'), ('య', '|'), ('వు', '|'), ('ర', '|'), ('నా', 'U'), ('సా', 'U'), ('మి', '|'), ('న', '|'), ('ను', '|'), ('బా', 'U'), ('య', '|'), ('క', '|'), ('ను', '|'), ('చు', '|'), ('బొ', '|'), ('గ', '|'), ('డె', '|'), ('మ', '|'), ('ద', '|'), ('న', '|'), ('గో', 'U'), ('పా', 'U'), ('ల', '|'), ('స', 'U'), ('త్య', '|'), ('భా', 'U'), ('మా', 'U'), ('వి', '|'), ('లో', 'U'), ('ల', '|')]",0.9166666666666666,-1.0,1.0,1.0,0.75,-1.0
seesamu,అంత శ్రీకృష్ణుడా యలివేణితో గూడి మెరయ మిద్దెలయందు మేడలందుకేళివనములందును కృతాద్రులందును పొదరిండ్ల దగు సురపొన్నలందునిసుకదిన్నెలయందు శశికాంతశిలలందు మదనోత్సవములను మగువ గూడిసుఖలీల నెదుకులసోముడై చెన్నొంది పరగ భక్తుల బ్రోవ భవ్యమతిని,vupajaathi,Madanagopala,"[('అం', 'U'), ('త', '|'), ('శ్రీ', 'U'), ('కృ', 'U'), ('ష్ణు', '|'), ('డా', 'U'), ('య', '|'), ('లి', '|'), ('వే', 'U'), ('ణి', '|'), ('తో', 'U'), ('గూ', 'U'), ('డి', '|'), ('మె', '|'), ('ర', '|'), ('య', '|'), ('మి', 'U'), ('ద్దె', '|'), ('ల', '|'), ('యం', 'U'), ('దు', '|'), ('మే', 'U'), ('డ', '|'), ('లం', 'U'), ('దు', '|'), ('కే', 'U'), ('ళి', '|'), ('వ', '|'), ('న', '|'), ('ము', '|'), ('లం', 'U'), ('దు', '|'), ('ను', '|'), ('కృ', '|'), ('తా', 'U'), ('ద్రు', '|'), ('లం', 'U'), ('దు', '|'), ('ను', '|'), ('పొ', '|'), ('ద', '|'), ('రిం', 'U'), ('డ్ల', '|'), ('ద', '|'), ('గు', '|'), ('సు', '|'), ('ర', '|'), ('పొ', 'U'), ('న్న', '|'), ('లం', 'U'), ('దు', '|'), ('ని', '|'), ('సు', '|'), ('క', '|'), ('ది', 'U'), ('న్నె', '|'), ('ల', '|'), ('యం', 'U'), ('దు', '|'), ('శ', '|'), ('శి', '|'), ('కాం', 'U'), ('త', '|'), ('శి', '|'), ('ల', '|'), ('లం', 'U'), ('దు', '|'), ('మ', '|'), ('ద', '|'), ('నో', 'U'), ('త్స', '|'), ('వ', '|'), ('ము', '|'), ('ల', '|'), ('ను', '|'), ('మ', '|'), ('గు', '|'), ('వ', '|'), ('గూ', 'U'), ('డి', '|'), ('సు', '|'), ('ఖ', '|'), ('లీ', 'U'), ('ల', '|'), ('నె', '|'), ('దు', '|'), ('కు', '|'), ('ల', '|'), ('సో', 'U'), ('ము', '|'), ('డై', 'U'), ('చె', 'U'), ('న్నొం', 'U'), ('ది', '|'), ('ప', '|'), ('ర', '|'), ('గ', '|'), ('భ', 'U'), ('క్తు', '|'), ('ల', '|'), ('బ్రో', 'U'), ('వ', '|'), ('భ', 'U'), ('వ్య', '|'), ('మ', '|'), ('తి', '|'), ('ని', '|')]",0.9166666666666666,-1.0,1.0,1.0,0.75,-1.0
teytageethi,నున్న దేవుని ... ... ... ... న్ని పూజ సేయదలచిన వారికి సిరులొసంగికోర్కెలొడగూర్తు గదవయ్య కోవలంక(?) | మదనగోపాల సత్యభామావిలోల!,vupajaathi,Madanagopala,"[('ను', 'U'), ('న్న', '|'), ('దే', 'U'), ('వు', '|'), ('ని', 'U'), ('న్ని', '|'), ('పూ', 'U'), ('జ', '|'), ('సే', 'U'), ('య', '|'), ('ద', '|'), ('ల', '|'), ('చి', '|'), ('న', '|'), ('వా', 'U'), ('రి', '|'), ('కి', '|'), ('సి', '|'), ('రు', '|'), ('లొ', '|'), ('సం', 'U'), ('గి', '|'), ('కో', 'U'), ('ర్కె', '|'), ('లొ', '|'), ('డ', '|'), ('గూ', 'U'), ('ర్తు', '|'), ('గ', '|'), ('ద', '|'), ('వ', 'U'), ('య్య', '|'), ('కో', 'U'), ('వ', '|'), ('లం', 'U'), ('క', '|'), ('మ', '|'), ('ద', '|'), ('న', '|'), ('గో', 'U'), ('పా', 'U'), ('ల', '|'), ('స', 'U'), ('త్య', '|'), ('భా', 'U'), ('మా', 'U'), ('వి', '|'), ('లో', 'U'), ('ల', '|')]",0.4666666666666666,-1.0,1.0,0.4,0.0,-1.0
seesamu,వసుధ విజయనగవంశాబ్ధిచంద్రుడౌ వెలయ వెంకటగిరి విభున కెలమివరపుత్ర ... ... ... రివరమున బహువిధకృతులు గావించి సత్కీర్తి వెలసిరాజిల్లు చెంగల్వరాయాహ్వయంబున దేజమొప్ప నృసింహదేవు పాదకమలముల్ మదినుంచి గరిమ శ్రీహరిపేర నంకితంబుగ కబ్బమమరజెప్పి,vupajaathi,Madanagopala,"[('వ', '|'), ('సు', '|'), ('ధ', '|'), ('వి', '|'), ('జ', '|'), ('య', '|'), ('న', '|'), ('గ', '|'), ('వం', 'U'), ('శా', 'U'), ('బ్ధి', '|'), ('చం', 'U'), ('ద్రు', '|'), ('డౌ', 'U'), ('వె', '|'), ('ల', '|'), ('య', '|'), ('వెం', 'U'), ('క', '|'), ('ట', '|'), ('గి', '|'), ('రి', '|'), ('వి', '|'), ('భు', '|'), ('న', '|'), ('కె', '|'), ('ల', '|'), ('మి', '|'), ('వ', '|'), ('ర', '|'), ('పు', '|'), ('త్ర', '|'), ('రి', '|'), ('వ', '|'), ('ర', '|'), ('ము', '|'), ('న', '|'), ('బ', '|'), ('హు', '|'), ('వి', '|'), ('ధ', '|'), ('కృ', '|'), ('తు', '|'), ('లు', '|'), ('గా', 'U'), ('విం', 'U'), ('చి', '|'), ('స', 'U'), ('త్కీ', 'U'), ('ర్తి', '|'), ('వె', '|'), ('ల', '|'), ('సి', '|'), ('రా', 'U'), ('జి', 'U'), ('ల్లు', '|'), ('చెం', 'U'), ('గ', 'U'), ('ల్వ', '|'), ('రా', 'U'), ('యా', 'U'), ('హ్వ', '|'), ('యం', 'U'), ('బు', '|'), ('న', '|'), ('దే', 'U'), ('జ', '|'), ('మొ', 'U'), ('ప్ప', '|'), ('నృ', '|'), ('సిం', 'U'), ('హ', '|'), ('దే', 'U'), ('వు', '|'), ('పా', 'U'), ('ద', '|'), ('క', '|'), ('మ', '|'), ('ల', '|'), ('ము', 'U'), ('ల్మ', '|'), ('ది', '|'), ('నుం', 'U'), ('చి', '|'), ('గ', '|'), ('రి', '|'), ('మ', '|'), ('శ్రీ', 'U'), ('హ', '|'), ('రి', '|'), ('పే', 'U'), ('ర', '|'), ('నం', 'U'), ('కి', '|'), ('తం', 'U'), ('బు', '|'), ('గ', '|'), ('క', 'U'), ('బ్బ', '|'), ('మ', '|'), ('మ', '|'), ('ర', '|'), ('జె', 'U'), ('ప్పి', '|')]",0.6770833333333334,-1.0,1.0,0.78125,0.25,-1.0
teytageethi,యబ్జనేత్రుని బదముల కర్పణంబు | చేసి విఖ్యాతి మైనుండ జెలగి నాదువాంఛలెల్లను సమకూర్చి వరములొసగు | మదనగోపాల సత్యభామావిలోల!,vupajaathi,Madanagopala,"[('య', 'U'), ('బ్జ', '|'), ('నే', 'U'), ('త్రు', '|'), ('ని', '|'), ('బ', '|'), ('ద', '|'), ('ము', '|'), ('ల', '|'), ('క', 'U'), ('ర్ప', '|'), ('ణం', 'U'), ('బు', '|'), ('చే', 'U'), ('సి', '|'), ('వి', 'U'), ('ఖ్యా', 'U'), ('తి', '|'), ('మై', 'U'), ('నుం', 'U'), ('డ', '|'), ('జె', '|'), ('ల', '|'), ('గి', '|'), ('నా', 'U'), ('దు', '|'), ('వాం', 'U'), ('ఛ', '|'), ('లె', 'U'), ('ల్ల', '|'), ('ను', '|'), ('స', '|'), ('మ', '|'), ('కూ', 'U'), ('ర్చి', '|'), ('వ', '|'), ('ర', '|'), ('ము', '|'), ('లొ', '|'), ('స', '|'), ('గు', '|'), ('మ', '|'), ('ద', '|'), ('న', '|'), ('గో', 'U'), ('పా', 'U'), ('ల', '|'), ('స', 'U'), ('త్య', '|'), ('భా', 'U'), ('మా', 'U'), ('వి', '|'), ('లో', 'U'), ('ల', '|')]",0.9166666666666666,-1.0,1.0,1.0,0.75,-1.0
seesamu,దండంబు యదువంశమండన గోవింద దండంబు నీకు వేదండవరదదండంబు చంద్రమార్తాండ సులోచన దండంబు నీకు బ్రహ్మాండపోషదండంబు పద్మజాఖండలసన్నుత దండంబు కుండలగండయుగళదండంబు భండనోద్దండపరాక్రమ దండంబు సద్గుణకాండ నీకు,vupajaathi,Madanagopala,"[('దం', 'U'), ('డం', 'U'), ('బు', '|'), ('య', '|'), ('దు', '|'), ('వం', 'U'), ('శ', '|'), ('మం', 'U'), ('డ', '|'), ('న', '|'), ('గో', 'U'), ('విం', 'U'), ('ద', '|'), ('దం', 'U'), ('డం', 'U'), ('బు', '|'), ('నీ', 'U'), ('కు', '|'), ('వే', 'U'), ('దం', 'U'), ('డ', '|'), ('వ', '|'), ('ర', '|'), ('ద', '|'), ('దం', 'U'), ('డం', 'U'), ('బు', '|'), ('చం', 'U'), ('ద్ర', '|'), ('మా', 'U'), ('ర్తాం', 'U'), ('డ', '|'), ('సు', '|'), ('లో', 'U'), ('చ', '|'), ('న', '|'), ('దం', 'U'), ('డం', 'U'), ('బు', '|'), ('నీ', 'U'), ('కు', '|'), ('బ్ర', 'U'), ('హ్మాం', 'U'), ('డ', '|'), ('పో', 'U'), ('ష', '|'), ('దం', 'U'), ('డం', 'U'), ('బు', '|'), ('ప', 'U'), ('ద్మ', '|'), ('జా', 'U'), ('ఖం', 'U'), ('డ', '|'), ('ల', '|'), ('స', 'U'), ('న్ను', '|'), ('త', '|'), ('దం', 'U'), ('డం', 'U'), ('బు', '|'), ('కుం', 'U'), ('డ', '|'), ('ల', '|'), ('గం', 'U'), ('డ', '|'), ('యు', '|'), ('గ', '|'), ('ళ', '|'), ('దం', 'U'), ('డం', 'U'), ('బు', '|'), ('భం', 'U'), ('డ', '|'), ('నో', 'U'), ('ద్దం', 'U'), ('డ', '|'), ('ప', '|'), ('రా', 'U'), ('క్ర', '|'), ('మ', '|'), ('దం', 'U'), ('డం', 'U'), ('బు', '|'), ('స', 'U'), ('ద్గు', '|'), ('ణ', '|'), ('కాం', 'U'), ('డ', '|'), ('నీ', 'U'), ('కు', '|')]",1.0,-1.0,1.0,1.0,1.0,-1.0
teytageethi,దండ మహిరాజశయన నీ దండ నమ్మి | యున్నవాడను నన్నేలుకొమ్ము తండ్రిప్రియజనోల్లాసభక్తమనోభిలాష | మదనగోపాల సత్యభామావిలోల!,vupajaathi,Madanagopala,"[('దం', 'U'), ('డ', '|'), ('మ', '|'), ('హి', '|'), ('రా', 'U'), ('జ', '|'), ('శ', '|'), ('య', '|'), ('న', '|'), ('నీ', 'U'), ('దం', 'U'), ('డ', '|'), ('న', 'U'), ('మ్మి', '|'), ('యు', 'U'), ('న్న', '|'), ('వా', 'U'), ('డ', '|'), ('ను', '|'), ('న', 'U'), ('న్నే', 'U'), ('లు', '|'), ('కొ', 'U'), ('మ్ము', '|'), ('తం', 'U'), ('డ్రి', '|'), ('ప్రి', '|'), ('య', '|'), ('జ', '|'), ('నో', 'U'), ('ల్లా', 'U'), ('స', '|'), ('భ', 'U'), ('క్త', '|'), ('మ', '|'), ('నో', 'U'), ('భి', '|'), ('లా', 'U'), ('ష', '|'), ('మ', '|'), ('ద', '|'), ('న', '|'), ('గో', 'U'), ('పా', 'U'), ('ల', '|'), ('స', 'U'), ('త్య', '|'), ('భా', 'U'), ('మా', 'U'), ('వి', '|'), ('లో', 'U'), ('ల', '|')]",0.8333333333333334,-1.0,1.0,1.0,0.5,-1.0
saardulamu,"శ్రీరామామణి పాణిపంకజమృదుశ్రీతజ్ఞ పాదాబ్జ శృం
గారాకారశరీర, చారుకరుణాగంభీర, సద్భక్తమం
దారాంభోరుహపత్రలోచన కళాధారోరుసంపత్సుధా
పారావారవిహార, నా దురితముల్‌ భంజింపు నారాయణా!",vruttamu,Naarayana,"[('శ్రీ', 'U'), ('రా', 'U'), ('మా', 'U'), ('మ', '|'), ('ణి', '|'), ('పా', 'U'), ('ణి', '|'), ('పం', 'U'), ('క', '|'), ('జ', '|'), ('మృ', '|'), ('దు', '|'), ('శ్రీ', 'U'), ('త', 'U'), ('జ్ఞ', '|'), ('పా', 'U'), ('దా', 'U'), ('బ్జ', '|'), ('శృం', 'U'), ('గా', 'U'), ('రా', 'U'), ('కా', 'U'), ('ర', '|'), ('శ', '|'), ('రీ', 'U'), ('ర', '|'), ('చా', 'U'), ('రు', '|'), ('క', '|'), ('రు', '|'), ('ణా', 'U'), ('గం', 'U'), ('భీ', 'U'), ('ర', '|'), ('స', 'U'), ('ద్భ', 'U'), ('క్త', '|'), ('మం', 'U'), ('దా', 'U'), ('రాం', 'U'), ('భో', 'U'), ('రు', '|'), ('హ', '|'), ('ప', '|'), ('త్ర', '|'), ('లో', 'U'), ('చ', '|'), ('న', '|'), ('క', '|'), ('ళా', 'U'), ('ధా', 'U'), ('రో', 'U'), ('రు', '|'), ('సం', 'U'), ('ప', 'U'), ('త్సు', '|'), ('ధా', 'U'), ('పా', 'U'), ('రా', 'U'), ('వా', 'U'), ('ర', '|'), ('వి', '|'), ('హా', 'U'), ('ర', '|'), ('నా', 'U'), ('దు', '|'), ('రి', '|'), ('త', '|'), ('ము', 'U'), ('ల్భం', 'U'), ('జిం', 'U'), ('పు', '|'), ('నా', 'U'), ('రా', 'U'), ('య', '|'), ('ణా', 'U')]",0.9857142857142858,1.0,1.0,0.9285714285714286,1.0,1.0
mattebhamu,"కడకుం బాయక వేయినోళ్ళు గల యా కాకోదరాధీశుఁడున్‌
గడముట్ట న్వినుతింప లేక నిగుడ\న్‌ గ్రాలంగ నొప్పారు మి
మ్మడర\న్‌ సన్నుతి సేయ నాదువశమే! యజ్ఞాని, లోభాత్ముఁడ\న్‌
జడుఁడ, న్నజ్ఞుఁడ, నైకజిహ్వుఁడ, జనస్తబ్ధుండ, నారాయణా!",vruttamu,Naarayana,"[('క', '|'), ('డ', '|'), ('కుం', 'U'), ('బా', 'U'), ('య', '|'), ('క', '|'), ('వే', 'U'), ('యి', '|'), ('నో', 'U'), ('ళ్ళు', '|'), ('గ', '|'), ('ల', '|'), ('యా', 'U'), ('కా', 'U'), ('కో', 'U'), ('ద', '|'), ('రా', 'U'), ('ధీ', 'U'), ('శు', '|'), ('డున్', 'U'), ('గ', '|'), ('డ', '|'), ('ము', 'U'), ('ట్ట', 'U'), ('న్వి', '|'), ('ను', '|'), ('తిం', 'U'), ('ప', '|'), ('లే', 'U'), ('క', '|'), ('ని', '|'), ('గు', '|'), ('డ', 'U'), ('న్గ్రా', 'U'), ('లం', 'U'), ('గ', '|'), ('నొ', 'U'), ('ప్పా', 'U'), ('రు', '|'), ('మి', 'U'), ('మ్మ', '|'), ('డ', '|'), ('ర', 'U'), ('న్స', 'U'), ('న్ను', '|'), ('తి', '|'), ('సే', 'U'), ('య', '|'), ('నా', 'U'), ('దు', '|'), ('వ', '|'), ('శ', '|'), ('మే', 'U'), ('య', 'U'), ('జ్ఞా', 'U'), ('ని', '|'), ('లో', 'U'), ('భా', 'U'), ('త్ము', '|'), ('డన్', 'U'), ('జ', '|'), ('డు', '|'), ('డ', 'U'), ('న్న', 'U'), ('జ్ఞు', '|'), ('డ', '|'), ('నై', 'U'), ('క', '|'), ('జి', 'U'), ('హ్వు', '|'), ('డ', '|'), ('జ', '|'), ('న', 'U'), ('స్త', 'U'), ('బ్ధుం', 'U'), ('డ', '|'), ('నా', 'U'), ('రా', 'U'), ('య', '|'), ('ణా', 'U')]",0.95,1.0,1.0,1.0,0.75,1.0
saardulamu,"నే నీదాసుఁడ నీవు నాపతివి నిన్నే కాని యొండెవ్వరి\న్‌
ధ్యానింపం బ్రణుతింప నట్లగుటకు న్నా నేర్చు చందంబున\న్‌
నీ నామస్తుతు లాచరించు నెడల న్నే తప్పులుం గల్గిన\న్‌
వానిన్‌ లోఁగొనుమయ్య, తండ్రి, విహితవ్యాపార, నారాయణా!",vruttamu,Naarayana,"[('నే', 'U'), ('నీ', 'U'), ('దా', 'U'), ('సు', '|'), ('డ', '|'), ('నీ', 'U'), ('వు', '|'), ('నా', 'U'), ('ప', '|'), ('తి', '|'), ('వి', '|'), ('ని', 'U'), ('న్నే', 'U'), ('కా', 'U'), ('ని', '|'), ('యొం', 'U'), ('డె', 'U'), ('వ్వ', '|'), ('రిన్', 'U'), ('ధ్యా', 'U'), ('నిం', 'U'), ('పం', 'U'), ('బ్ర', '|'), ('ణు', '|'), ('తిం', 'U'), ('ప', '|'), ('న', 'U'), ('ట్ల', '|'), ('గు', '|'), ('ట', '|'), ('కు', 'U'), ('న్నా', 'U'), ('నే', 'U'), ('ర్చు', '|'), ('చం', 'U'), ('దం', 'U'), ('బు', '|'), ('నన్', 'U'), ('నీ', 'U'), ('నా', 'U'), ('మ', 'U'), ('స్తు', '|'), ('తు', '|'), ('లా', 'U'), ('చ', '|'), ('రిం', 'U'), ('చు', '|'), ('నె', '|'), ('డ', '|'), ('ల', 'U'), ('న్నే', 'U'), ('త', 'U'), ('ప్పు', '|'), ('లుం', 'U'), ('గ', 'U'), ('ల్గి', '|'), ('నన్', 'U'), ('వా', 'U'), ('ని', 'U'), ('న్లో', 'U'), ('గొ', '|'), ('ను', '|'), ('మ', 'U'), ('య్య', '|'), ('తం', 'U'), ('డ్రి', '|'), ('వి', '|'), ('హి', '|'), ('త', 'U'), ('వ్యా', 'U'), ('పా', 'U'), ('ర', '|'), ('నా', 'U'), ('రా', 'U'), ('య', '|'), ('ణా', 'U')]",0.95,1.0,1.0,1.0,0.75,1.0
mattebhamu,"నెరయ న్నిర్మల మైన నీ స్తుతికథానీకంబు పద్యంబులో
నొరుగుల్‌ మిక్కిలి గల్గెనేనియుఁ గడు న్యోగంబె చర్చింపఁగాఁ
గుఱుగ ణ్పైనను వంకబోయినఁ గడుం గుజ్జైనఁ బేడెత్తినం
జెఱకుం గోలకు తీపు గాక కలదే, చే దెందు, నారాయణా!",vruttamu,Naarayana,"[('నె', '|'), ('ర', '|'), ('య', 'U'), ('న్ని', 'U'), ('ర్మ', '|'), ('ల', '|'), ('మై', 'U'), ('న', '|'), ('నీ', 'U'), ('స్తు', '|'), ('తి', '|'), ('క', '|'), ('థా', 'U'), ('నీ', 'U'), ('కం', 'U'), ('బు', '|'), ('ప', 'U'), ('ద్యం', 'U'), ('బు', '|'), ('లో', 'U'), ('నొ', '|'), ('రు', '|'), ('గు', 'U'), ('ల్మి', 'U'), ('క్కి', '|'), ('లి', '|'), ('గ', 'U'), ('ల్గె', '|'), ('నే', 'U'), ('ని', '|'), ('యు', '|'), ('గ', '|'), ('డు', 'U'), ('న్యో', 'U'), ('గం', 'U'), ('బె', '|'), ('చ', 'U'), ('ర్చిం', 'U'), ('ప', '|'), ('గా', 'U'), ('గు', '|'), ('ఱు', '|'), ('గ', 'U'), ('ణ్పై', 'U'), ('న', '|'), ('ను', '|'), ('వం', 'U'), ('క', '|'), ('బో', 'U'), ('యి', '|'), ('న', '|'), ('గ', '|'), ('డుం', 'U'), ('గు', 'U'), ('జ్జై', 'U'), ('న', '|'), ('బే', 'U'), ('డె', 'U'), ('త్తి', '|'), ('నం', 'U'), ('జె', '|'), ('ఱ', '|'), ('కుం', 'U'), ('గో', 'U'), ('ల', '|'), ('కు', '|'), ('తీ', 'U'), ('పు', '|'), ('గా', 'U'), ('క', '|'), ('క', '|'), ('ల', '|'), ('దే', 'U'), ('చే', 'U'), ('దెం', 'U'), ('దు', '|'), ('నా', 'U'), ('రా', 'U'), ('య', '|'), ('ణా', 'U')]",0.9,1.0,1.0,1.0,1.0,0.5
mattebhamu,"చదువుల్‌ పెక్కులు సంగ్రహించి పిదపం జాలంగ సుజ్ఞాని యై
మదిలోఁ బాయక నిన్ను నిల్పఁ దగు నామర్మంబు వీక్షింపఁడే
మొదలం గాడిద చారుగంధవితతుల్‌ మోవంగ శక్యంబె కా
కది సౌరభ్యపరీక్ష జూడ కుశలే యవ్యక్త, నారాయణా!",vruttamu,Naarayana,"[('చ', '|'), ('దు', '|'), ('వు', 'U'), ('ల్పె', 'U'), ('క్కు', '|'), ('లు', '|'), ('సం', 'U'), ('గ్ర', '|'), ('హిం', 'U'), ('చి', '|'), ('పి', '|'), ('ద', '|'), ('పం', 'U'), ('జా', 'U'), ('లం', 'U'), ('గ', '|'), ('సు', 'U'), ('జ్ఞా', 'U'), ('ని', '|'), ('యై', 'U'), ('మ', '|'), ('ది', '|'), ('లో', 'U'), ('బా', 'U'), ('య', '|'), ('క', '|'), ('ని', 'U'), ('న్ను', '|'), ('ని', 'U'), ('ల్ప', '|'), ('ద', '|'), ('గు', '|'), ('నా', 'U'), ('మ', 'U'), ('ర్మం', 'U'), ('బు', '|'), ('వీ', 'U'), ('క్షిం', 'U'), ('ప', '|'), ('డే', 'U'), ('మొ', '|'), ('ద', '|'), ('లం', 'U'), ('గా', 'U'), ('డి', '|'), ('ద', '|'), ('చా', 'U'), ('రు', '|'), ('గం', 'U'), ('ధ', '|'), ('వి', '|'), ('త', '|'), ('తు', 'U'), ('ల్మో', 'U'), ('వం', 'U'), ('గ', '|'), ('శ', 'U'), ('క్యం', 'U'), ('బె', '|'), ('కా', 'U'), ('క', '|'), ('ది', '|'), ('సౌ', 'U'), ('ర', 'U'), ('భ్య', '|'), ('ప', '|'), ('రీ', 'U'), ('క్ష', '|'), ('జూ', 'U'), ('డ', '|'), ('కు', '|'), ('శ', '|'), ('లే', 'U'), ('య', 'U'), ('వ్య', 'U'), ('క్త', '|'), ('నా', 'U'), ('రా', 'U'), ('య', '|'), ('ణా', 'U')]",0.95,1.0,1.0,1.0,0.75,1.0
mattebhamu,"లలిఁ గబ్బంబు కరాట మివ్వసుధ నెల్లం న్మించెఁ బో నీకథా
వళి కర్పూరము నించిన న్నితరమౌ వ్యర్ధార్థకామోదముల్‌
పెలుచం బూనిన యక్కరాటము తుదిన్‌ బేతేకరాటంబె పో
చలదిందీవరపత్రలోచన, ఘనశ్యామాంగ, నారాయణా!",vruttamu,Naarayana,"[('ల', '|'), ('లి', '|'), ('గ', 'U'), ('బ్బం', 'U'), ('బు', '|'), ('క', '|'), ('రా', 'U'), ('ట', '|'), ('మి', 'U'), ('వ్వ', '|'), ('సు', '|'), ('ధ', '|'), ('నె', 'U'), ('ల్లం', 'U'), ('న్మిం', 'U'), ('చె', '|'), ('బో', 'U'), ('నీ', 'U'), ('క', '|'), ('థా', 'U'), ('వ', '|'), ('ళి', '|'), ('క', 'U'), ('ర్పూ', 'U'), ('ర', '|'), ('ము', '|'), ('నిం', 'U'), ('చి', '|'), ('న', 'U'), ('న్ని', '|'), ('త', '|'), ('ర', '|'), ('మౌ', 'U'), ('వ్య', 'U'), ('ర్ధా', 'U'), ('ర్థ', '|'), ('కా', 'U'), ('మో', 'U'), ('ద', '|'), ('ముల్', 'U'), ('పె', '|'), ('లు', '|'), ('చం', 'U'), ('బూ', 'U'), ('ని', '|'), ('న', '|'), ('య', 'U'), ('క్క', '|'), ('రా', 'U'), ('ట', '|'), ('ము', '|'), ('తు', '|'), ('ది', 'U'), ('న్బే', 'U'), ('తే', 'U'), ('క', '|'), ('రా', 'U'), ('టం', 'U'), ('బె', '|'), ('పో', 'U'), ('చ', '|'), ('ల', '|'), ('దిం', 'U'), ('దీ', 'U'), ('వ', '|'), ('ర', '|'), ('ప', '|'), ('త్ర', '|'), ('లో', 'U'), ('చ', '|'), ('న', '|'), ('ఘ', '|'), ('న', 'U'), ('శ్యా', 'U'), ('మాం', 'U'), ('గ', '|'), ('నా', 'U'), ('రా', 'U'), ('య', '|'), ('ణా', 'U')]",0.9428571428571428,1.0,1.0,0.9642857142857143,1.0,0.75
mattebhamu,"మన మార న్నచలేంద్రజాధిపతికి న్మస్తాగ్రమాణిక్యమై
మునికోపానలదగ్ధ రాజతతికి న్ముక్తిస్ఫురన్మార్గమై
యెనయ\న్‌ సాయకశాయికిం జననియై యేపారు మిన్నేటికిం
జని మూలంబగు నంఘ్రి నాదు మదిలోఁ జర్చింతు, నారాయణా!",vruttamu,Naarayana,"[('మ', '|'), ('న', '|'), ('మా', 'U'), ('ర', 'U'), ('న్న', '|'), ('చ', '|'), ('లేం', 'U'), ('ద్ర', '|'), ('జా', 'U'), ('ధి', '|'), ('ప', '|'), ('తి', '|'), ('కి', 'U'), ('న్మ', 'U'), ('స్తా', 'U'), ('గ్ర', '|'), ('మా', 'U'), ('ణి', 'U'), ('క్య', '|'), ('మై', 'U'), ('ము', '|'), ('ని', '|'), ('కో', 'U'), ('పా', 'U'), ('న', '|'), ('ల', '|'), ('ద', 'U'), ('గ్ధ', '|'), ('రా', 'U'), ('జ', '|'), ('త', '|'), ('తి', '|'), ('కి', 'U'), ('న్ము', 'U'), ('క్తి', 'U'), ('స్ఫు', '|'), ('ర', 'U'), ('న్మా', 'U'), ('ర్గ', '|'), ('మై', 'U'), ('యె', '|'), ('న', '|'), ('య', 'U'), ('న్సా', 'U'), ('య', '|'), ('క', '|'), ('శా', 'U'), ('యి', '|'), ('కిం', 'U'), ('జ', '|'), ('న', '|'), ('ని', '|'), ('యై', 'U'), ('యే', 'U'), ('పా', 'U'), ('రు', '|'), ('మి', 'U'), ('న్నే', 'U'), ('టి', '|'), ('కిం', 'U'), ('జ', '|'), ('ని', '|'), ('మూ', 'U'), ('లం', 'U'), ('బ', '|'), ('గు', '|'), ('నం', 'U'), ('ఘ్రి', '|'), ('నా', 'U'), ('దు', '|'), ('మ', '|'), ('ది', '|'), ('లో', 'U'), ('జ', 'U'), ('ర్చిం', 'U'), ('తు', '|'), ('నా', 'U'), ('రా', 'U'), ('య', '|'), ('ణా', 'U')]",1.0,1.0,1.0,1.0,1.0,1.0
saardulamu,"నీ పుత్రుండు చరాచరప్రతతుల న్నిర్మించి పెంపారఁగా
నీ పుణ్యాంగన సర్వజీవతతుల న్నిత్యంబు రక్షింపఁగా
నీ పాదోదక మీజగత్త్రయముల న్నిష్పాపులం జేయఁగా
నీ పెంపేమని చెప్పవచ్చు సుగుణా నిత్యాత్మ, నారాయణా!",vruttamu,Naarayana,"[('నీ', 'U'), ('పు', '|'), ('త్రుం', 'U'), ('డు', '|'), ('చ', '|'), ('రా', 'U'), ('చ', '|'), ('ర', '|'), ('ప్ర', '|'), ('త', '|'), ('తు', '|'), ('ల', 'U'), ('న్ని', 'U'), ('ర్మిం', 'U'), ('చి', '|'), ('పెం', 'U'), ('పా', 'U'), ('ర', '|'), ('గా', 'U'), ('నీ', 'U'), ('పు', 'U'), ('ణ్యాం', 'U'), ('గ', '|'), ('న', '|'), ('స', 'U'), ('ర్వ', '|'), ('జీ', 'U'), ('వ', '|'), ('త', '|'), ('తు', '|'), ('ల', 'U'), ('న్ని', 'U'), ('త్యం', 'U'), ('బు', '|'), ('ర', 'U'), ('క్షిం', 'U'), ('ప', '|'), ('గా', 'U'), ('నీ', 'U'), ('పా', 'U'), ('దో', 'U'), ('ద', '|'), ('క', '|'), ('మీ', 'U'), ('జ', '|'), ('గ', 'U'), ('త్త్ర', '|'), ('య', '|'), ('ము', '|'), ('ల', 'U'), ('న్ని', 'U'), ('ష్పా', 'U'), ('పు', '|'), ('లం', 'U'), ('జే', 'U'), ('య', '|'), ('గా', 'U'), ('నీ', 'U'), ('పెం', 'U'), ('పే', 'U'), ('మ', '|'), ('ని', '|'), ('చె', 'U'), ('ప్ప', '|'), ('వ', 'U'), ('చ్చు', '|'), ('సు', '|'), ('గు', '|'), ('ణా', 'U'), ('ని', 'U'), ('త్యా', 'U'), ('త్మ', '|'), ('నా', 'U'), ('రా', 'U'), ('య', '|'), ('ణా', 'U')]",0.9857142857142858,1.0,1.0,0.9285714285714286,1.0,1.0
saardulamu,"బ్రహ్మాండావలిలోన సత్వగుణివై బాహ్యంబునం దాదిమ
బ్రహ్మాఖ్యం బరతత్వబోధములకున్‌ భవ్యాధినాథుండవై
బ్రహ్మేంద్రామరవాయుభుక్పతులకు\న్‌ భావింప రాకున్న నా
జిహ్మవ్యాప్తుల నెన్న నాదు వశమే చిద్రూప, నారాయణా!",vruttamu,Naarayana,"[('బ్ర', 'U'), ('హ్మాం', 'U'), ('డా', 'U'), ('వ', '|'), ('లి', '|'), ('లో', 'U'), ('న', '|'), ('స', 'U'), ('త్వ', '|'), ('గు', '|'), ('ణి', '|'), ('వై', 'U'), ('బా', 'U'), ('హ్యం', 'U'), ('బు', '|'), ('నం', 'U'), ('దా', 'U'), ('ది', '|'), ('మ', '|'), ('బ్ర', 'U'), ('హ్మా', 'U'), ('ఖ్యం', 'U'), ('బ', '|'), ('ర', '|'), ('త', 'U'), ('త్వ', '|'), ('బో', 'U'), ('ధ', '|'), ('ము', '|'), ('ల', '|'), ('కు', 'U'), ('న్భ', 'U'), ('వ్యా', 'U'), ('ధి', '|'), ('నా', 'U'), ('థుం', 'U'), ('డ', '|'), ('వై', 'U'), ('బ్ర', 'U'), ('హ్మేం', 'U'), ('ద్రా', 'U'), ('మ', '|'), ('ర', '|'), ('వా', 'U'), ('యు', '|'), ('భు', 'U'), ('క్ప', '|'), ('తు', '|'), ('ల', '|'), ('కు', 'U'), ('న్భా', 'U'), ('విం', 'U'), ('ప', '|'), ('రా', 'U'), ('కు', 'U'), ('న్న', '|'), ('నా', 'U'), ('జి', 'U'), ('హ్మ', 'U'), ('వ్యా', 'U'), ('ప్తు', '|'), ('ల', '|'), ('నె', 'U'), ('న్న', '|'), ('నా', 'U'), ('దు', '|'), ('వ', '|'), ('శ', '|'), ('మే', 'U'), ('చి', '|'), ('ద్రూ', 'U'), ('ప', '|'), ('నా', 'U'), ('రా', 'U'), ('య', '|'), ('ణా', 'U')]",0.9857142857142858,1.0,1.0,0.9285714285714286,1.0,1.0
mattebhamu,"ధర సింహాసనమై నభంబు గొడుగై తద్దేవతల్‌ భృత్యులై
పరమామ్నాయము లెల్ల వందిగణమై బ్రహ్మాండ మాగారమై
సిరి భార్యామణియై విరించి కొడుకై శ్రీగంగ సత్పుత్రియై
వరుస న్నీ ఘనరాజసంబు నిజమై వర్ధిల్లు, నారాయణా!",vruttamu,Naarayana,"[('ధ', '|'), ('ర', '|'), ('సిం', 'U'), ('హా', 'U'), ('స', '|'), ('న', '|'), ('మై', 'U'), ('న', '|'), ('భం', 'U'), ('బు', '|'), ('గొ', '|'), ('డు', '|'), ('గై', 'U'), ('త', 'U'), ('ద్దే', 'U'), ('వ', '|'), ('త', 'U'), ('ల్భృ', 'U'), ('త్యు', '|'), ('లై', 'U'), ('ప', '|'), ('ర', '|'), ('మా', 'U'), ('మ్నా', 'U'), ('య', '|'), ('ము', '|'), ('లె', 'U'), ('ల్ల', '|'), ('వం', 'U'), ('ది', '|'), ('గ', '|'), ('ణ', '|'), ('మై', 'U'), ('బ్ర', 'U'), ('హ్మాం', 'U'), ('డ', '|'), ('మా', 'U'), ('గా', 'U'), ('ర', '|'), ('మై', 'U'), ('సి', '|'), ('రి', '|'), ('భా', 'U'), ('ర్యా', 'U'), ('మ', '|'), ('ణి', '|'), ('యై', 'U'), ('వి', '|'), ('రిం', 'U'), ('చి', '|'), ('కొ', '|'), ('డు', '|'), ('కై', 'U'), ('శ్రీ', 'U'), ('గం', 'U'), ('గ', '|'), ('స', 'U'), ('త్పు', '|'), ('త్రి', '|'), ('యై', 'U'), ('వ', '|'), ('రు', '|'), ('స', 'U'), ('న్నీ', 'U'), ('ఘ', '|'), ('న', '|'), ('రా', 'U'), ('జ', '|'), ('సం', 'U'), ('బు', '|'), ('ని', '|'), ('జ', '|'), ('మై', 'U'), ('వ', 'U'), ('ర్ధి', 'U'), ('ల్లు', '|'), ('నా', 'U'), ('రా', 'U'), ('య', '|'), ('ణా', 'U')]",0.9928571428571429,1.0,1.0,0.9642857142857143,1.0,1.0
mattebhamu,"మగమీనాకృతి వార్ధిఁ జొచ్చి యసురు న్మర్దించి యవ్వేదముల్‌
మగుడం దెచ్చి విరించి కిచ్చి యతని న్మన్నించి యేపారఁగాఁ
బగ సాధించిన దివ్యమూర్తి వని నే భావింతు నెల్లప్పుడున్‌
ఖగరాజధ్వజ భక్తవత్సల జగత్కారుణ్య, నారాయణా!",vruttamu,Naarayana,"[('మ', '|'), ('గ', '|'), ('మీ', 'U'), ('నా', 'U'), ('కృ', '|'), ('తి', '|'), ('వా', 'U'), ('ర్ధి', '|'), ('జొ', 'U'), ('చ్చి', '|'), ('య', '|'), ('సు', '|'), ('రు', 'U'), ('న్మ', 'U'), ('ర్దిం', 'U'), ('చి', '|'), ('య', 'U'), ('వ్వే', 'U'), ('ద', '|'), ('ముల్', 'U'), ('మ', '|'), ('గు', '|'), ('డం', 'U'), ('దె', 'U'), ('చ్చి', '|'), ('వి', '|'), ('రిం', 'U'), ('చి', '|'), ('కి', 'U'), ('చ్చి', '|'), ('య', '|'), ('త', '|'), ('ని', 'U'), ('న్మ', 'U'), ('న్నిం', 'U'), ('చి', '|'), ('యే', 'U'), ('పా', 'U'), ('ర', '|'), ('గా', 'U'), ('బ', '|'), ('గ', '|'), ('సా', 'U'), ('ధిం', 'U'), ('చి', '|'), ('న', '|'), ('ది', 'U'), ('వ్య', '|'), ('మూ', 'U'), ('ర్తి', '|'), ('వ', '|'), ('ని', '|'), ('నే', 'U'), ('భా', 'U'), ('విం', 'U'), ('తు', '|'), ('నె', 'U'), ('ల్ల', 'U'), ('ప్పు', '|'), ('డున్', 'U'), ('ఖ', '|'), ('గ', '|'), ('రా', 'U'), ('జ', 'U'), ('ధ్వ', '|'), ('జ', '|'), ('భ', 'U'), ('క్త', '|'), ('వ', 'U'), ('త్స', '|'), ('ల', '|'), ('జ', '|'), ('గ', 'U'), ('త్కా', 'U'), ('రు', 'U'), ('ణ్య', '|'), ('నా', 'U'), ('రా', 'U'), ('య', '|'), ('ణా', 'U')]",1.0,1.0,1.0,1.0,1.0,1.0
mattebhamu,"అమరుల్‌ రాక్షసనాయకుల్‌ కడఁకతో నత్యంతసామర్థ్యులై
భ్రమరీదండము మందరాచలముగా బాథోనిధిం ద్రచ్చగా
దమకించె\న్‌ భువనత్రయంబును గిరుల్‌ దంతావళుల్‌ మ్రొగ్గినం
గమఠంబై ధరియించి మించిన జగత్కల్యాణ, నారాయణా!",vruttamu,Naarayana,"[('అ', '|'), ('మ', '|'), ('రు', '|'), ('ల్రా', 'U'), ('క్ష', '|'), ('స', '|'), ('నా', 'U'), ('య', '|'), ('కు', 'U'), ('ల్క', '|'), ('డ', '|'), ('క', '|'), ('తో', 'U'), ('న', 'U'), ('త్యం', 'U'), ('త', '|'), ('సా', 'U'), ('మ', 'U'), ('ర్థ్యు', '|'), ('లై', 'U'), ('భ్ర', '|'), ('మ', '|'), ('రీ', 'U'), ('దం', 'U'), ('డ', '|'), ('ము', '|'), ('మం', 'U'), ('ద', '|'), ('రా', 'U'), ('చ', '|'), ('ల', '|'), ('ము', '|'), ('గా', 'U'), ('బా', 'U'), ('థో', 'U'), ('ని', '|'), ('ధిం', 'U'), ('ద్ర', 'U'), ('చ్చ', '|'), ('గా', 'U'), ('ద', '|'), ('మ', '|'), ('కిం', 'U'), ('చె', 'U'), ('న్భు', '|'), ('వ', '|'), ('న', '|'), ('త్ర', '|'), ('యం', 'U'), ('బు', '|'), ('ను', '|'), ('గి', '|'), ('రు', 'U'), ('ల్దం', 'U'), ('తా', 'U'), ('వ', '|'), ('ళు', 'U'), ('ల్మ్రొ', 'U'), ('గ్గి', '|'), ('నం', 'U'), ('గ', '|'), ('మ', '|'), ('ఠం', 'U'), ('బై', 'U'), ('ధ', '|'), ('రి', '|'), ('యిం', 'U'), ('చి', '|'), ('మిం', 'U'), ('చి', '|'), ('న', '|'), ('జ', '|'), ('గ', 'U'), ('త్క', 'U'), ('ల్యా', 'U'), ('ణ', '|'), ('నా', 'U'), ('రా', 'U'), ('య', '|'), ('ణా', 'U')]",0.9357142857142857,1.0,1.0,0.9285714285714286,0.75,1.0
saardulamu,"భీమాకారవరాహమై భువనముల్‌ భీతిల్లి కంపింప ను
ద్దామోర్విం గొనిపోయి నీరనిధిలో డాఁగున్న గర్వాంధునిన్‌
హేమాక్షాసురు వీఁకఁ దాకిఁ జయలక్ష్మి\న్‌ గారవింపంగ నీ
భూమిం దక్షిణదంష్ట్ర నెత్తిన నినుం బూజింతు నారాయణా!",vruttamu,Naarayana,"[('భీ', 'U'), ('మా', 'U'), ('కా', 'U'), ('ర', '|'), ('వ', '|'), ('రా', 'U'), ('హ', '|'), ('మై', 'U'), ('భు', '|'), ('వ', '|'), ('న', '|'), ('ము', 'U'), ('ల్భీ', 'U'), ('తి', 'U'), ('ల్లి', '|'), ('కం', 'U'), ('పిం', 'U'), ('ప', '|'), ('ను', 'U'), ('ద్దా', 'U'), ('మో', 'U'), ('ర్విం', 'U'), ('గొ', '|'), ('ని', '|'), ('పో', 'U'), ('యి', '|'), ('నీ', 'U'), ('ర', '|'), ('ని', '|'), ('ధి', '|'), ('లో', 'U'), ('డా', 'U'), ('గు', 'U'), ('న్న', '|'), ('గ', 'U'), ('ర్వాం', 'U'), ('ధు', '|'), ('నిన్', 'U'), ('హే', 'U'), ('మా', 'U'), ('క్షా', 'U'), ('సు', '|'), ('రు', '|'), ('వీ', 'U'), ('క', '|'), ('దా', 'U'), ('కి', '|'), ('జ', '|'), ('య', '|'), ('ల', 'U'), ('క్ష్మి', 'U'), ('న్గా', 'U'), ('ర', '|'), ('విం', 'U'), ('పం', 'U'), ('గ', '|'), ('నీ', 'U'), ('భూ', 'U'), ('మిం', 'U'), ('ద', 'U'), ('క్షి', '|'), ('ణ', '|'), ('దం', 'U'), ('ష్ట్ర', '|'), ('నె', 'U'), ('త్తి', '|'), ('న', '|'), ('ని', '|'), ('నుం', 'U'), ('బూ', 'U'), ('జిం', 'U'), ('తు', '|'), ('నా', 'U'), ('రా', 'U'), ('య', '|'), ('ణా', 'U')]",0.95,1.0,1.0,1.0,0.75,1.0
saardulamu,"స్తంభంబందు నృసింహమై వెడలి యచ్చండాట్టహాసధ్వనుల్‌
దంభోళిం గడువంగ హేమకశిపోద్దండాసురాధీశ్వరు\న్‌
శుంభద్గర్భము వ్రచ్చి వాని సుతునిన్‌ శోభిల్ల మన్నించి య
జ్జంభారాతిని బ్రీతిఁ దేల్చిన నినుం జర్చింతు, నారాయణా!",vruttamu,Naarayana,"[('స్తం', 'U'), ('భం', 'U'), ('బం', 'U'), ('దు', '|'), ('నృ', '|'), ('సిం', 'U'), ('హ', '|'), ('మై', 'U'), ('వె', '|'), ('డ', '|'), ('లి', '|'), ('య', 'U'), ('చ్చం', 'U'), ('డా', 'U'), ('ట్ట', '|'), ('హా', 'U'), ('స', 'U'), ('ధ్వ', '|'), ('నుల్', 'U'), ('దం', 'U'), ('భో', 'U'), ('ళిం', 'U'), ('గ', '|'), ('డు', '|'), ('వం', 'U'), ('గ', '|'), ('హే', 'U'), ('మ', '|'), ('క', '|'), ('శి', '|'), ('పో', 'U'), ('ద్దం', 'U'), ('డా', 'U'), ('సు', '|'), ('రా', 'U'), ('ధీ', 'U'), ('శ్వ', '|'), ('రున్', 'U'), ('శుం', 'U'), ('భ', 'U'), ('ద్గ', 'U'), ('ర్భ', '|'), ('ము', '|'), ('వ్ర', 'U'), ('చ్చి', '|'), ('వా', 'U'), ('ని', '|'), ('సు', '|'), ('తు', '|'), ('ని', 'U'), ('న్శో', 'U'), ('భి', 'U'), ('ల్ల', '|'), ('మ', 'U'), ('న్నిం', 'U'), ('చి', '|'), ('య', 'U'), ('జ్జం', 'U'), ('భా', 'U'), ('రా', 'U'), ('తి', '|'), ('ని', '|'), ('బ్రీ', 'U'), ('తి', '|'), ('దే', 'U'), ('ల్చి', '|'), ('న', '|'), ('ని', '|'), ('నుం', 'U'), ('జ', 'U'), ('ర్చిం', 'U'), ('తు', '|'), ('నా', 'U'), ('రా', 'U'), ('య', '|'), ('ణా', 'U')]",1.0,1.0,1.0,1.0,1.0,1.0
mattebhamu,"మహియు న్నాకసముం బదద్వయ పరీమాణంబుగాఁ బెట్టి యా
గ్రహ మొప్పం బలిమస్తకం బొక పదగ్రస్తంబుగా నెమ్మితో
విహరించింద్ర విరించి శంకర మహావిర్భూత దివ్యాకృతిన్‌
సహజంబై వెలసిల్లు వామన లసచ్చారిత్ర, నారాయణా!",vruttamu,Naarayana,"[('మ', '|'), ('హి', '|'), ('యు', 'U'), ('న్నా', 'U'), ('క', '|'), ('స', '|'), ('ముం', 'U'), ('బ', '|'), ('ద', 'U'), ('ద్వ', '|'), ('య', '|'), ('ప', '|'), ('రీ', 'U'), ('మా', 'U'), ('ణం', 'U'), ('బు', '|'), ('గా', 'U'), ('బె', 'U'), ('ట్టి', '|'), ('యా', 'U'), ('గ్ర', '|'), ('హ', '|'), ('మొ', 'U'), ('ప్పం', 'U'), ('బ', '|'), ('లి', '|'), ('మ', 'U'), ('స్త', '|'), ('కం', 'U'), ('బొ', '|'), ('క', '|'), ('ప', '|'), ('ద', '|'), ('గ్ర', 'U'), ('స్తం', 'U'), ('బు', '|'), ('గా', 'U'), ('నె', 'U'), ('మ్మి', '|'), ('తో', 'U'), ('వి', '|'), ('హ', '|'), ('రిం', 'U'), ('చిం', 'U'), ('ద్ర', '|'), ('వి', '|'), ('రిం', 'U'), ('చి', '|'), ('శం', 'U'), ('క', '|'), ('ర', '|'), ('మ', '|'), ('హా', 'U'), ('వి', 'U'), ('ర్భూ', 'U'), ('త', '|'), ('ది', 'U'), ('వ్యా', 'U'), ('కృ', '|'), ('తిన్', 'U'), ('స', '|'), ('హ', '|'), ('జం', 'U'), ('బై', 'U'), ('వె', '|'), ('ల', '|'), ('సి', 'U'), ('ల్లు', '|'), ('వా', 'U'), ('మ', '|'), ('న', '|'), ('ల', '|'), ('స', 'U'), ('చ్చా', 'U'), ('రి', '|'), ('త్ర', '|'), ('నా', 'U'), ('రా', 'U'), ('య', '|'), ('ణా', 'U')]",0.9857142857142858,1.0,1.0,0.9285714285714286,1.0,1.0
mattebhamu,"ధరణిన్‌ రక్తమహాహ్రదంబు లెలమిం ద్రైలోక్య నిర్దిష్టమై
పరగం బైతృక తర్పణంబుకొరకై ప్రఖ్యాతిగాఁ దీవ్రతన్‌
నిరువై యొక్కటిమారు క్షత్రవరుల న్నేపార నిర్జించి త
త్పరశుభ్రాజిత రామనామము కడు\న్‌ ధన్యంబు, నారాయణా!",vruttamu,Naarayana,"[('ధ', '|'), ('ర', '|'), ('ణి', '|'), ('న్ర', 'U'), ('క్త', '|'), ('మ', '|'), ('హా', 'U'), ('హ్ర', '|'), ('దం', 'U'), ('బు', '|'), ('లె', '|'), ('ల', '|'), ('మిం', 'U'), ('ద్రై', 'U'), ('లో', 'U'), ('క్య', '|'), ('ని', 'U'), ('ర్ది', 'U'), ('ష్ట', '|'), ('మై', 'U'), ('ప', '|'), ('ర', '|'), ('గం', 'U'), ('బై', 'U'), ('తృ', '|'), ('క', '|'), ('త', 'U'), ('ర్ప', '|'), ('ణం', 'U'), ('బు', '|'), ('కొ', '|'), ('ర', '|'), ('కై', 'U'), ('ప్ర', 'U'), ('ఖ్యా', 'U'), ('తి', '|'), ('గా', 'U'), ('దీ', 'U'), ('వ్ర', '|'), ('తన్', 'U'), ('ని', '|'), ('రు', '|'), ('వై', 'U'), ('యొ', 'U'), ('క్క', '|'), ('టి', '|'), ('మా', 'U'), ('రు', 'U'), ('క్ష', '|'), ('త్ర', '|'), ('వ', '|'), ('రు', '|'), ('ల', 'U'), ('న్నే', 'U'), ('పా', 'U'), ('ర', '|'), ('ని', 'U'), ('ర్జిం', 'U'), ('చి', '|'), ('త', 'U'), ('త్ప', '|'), ('ర', '|'), ('శు', '|'), ('భ్రా', 'U'), ('జి', '|'), ('త', '|'), ('రా', 'U'), ('మ', '|'), ('నా', 'U'), ('మ', '|'), ('ము', '|'), ('క', '|'), ('డు', 'U'), ('న్ధ', 'U'), ('న్యం', 'U'), ('బు', '|'), ('నా', 'U'), ('రా', 'U'), ('య', '|'), ('ణా', 'U')]",0.9785714285714284,1.0,1.0,0.8928571428571429,1.0,1.0
mattebhamu,"వరుసం దాటకిఁ జంపి కైశికు మఘ స్వాస్థ్యంబు గావించి శం
కరు చాపం బొగిఁ ద్రుంచి జానకిఁ దగం గల్యాణమై తండ్రిపం
పరుదారన్‌ వనభూమి కేఁగి జగదాహ్లాదంబుగా రావణున్‌
ధరణిం గూల్చిన రామనామము కడు\న్‌ ధన్యంబు, నారాయణా!",vruttamu,Naarayana,"[('వ', '|'), ('రు', '|'), ('సం', 'U'), ('దా', 'U'), ('ట', '|'), ('కి', '|'), ('జం', 'U'), ('పి', '|'), ('కై', 'U'), ('శి', '|'), ('కు', '|'), ('మ', '|'), ('ఘ', 'U'), ('స్వా', 'U'), ('స్థ్యం', 'U'), ('బు', '|'), ('గా', 'U'), ('విం', 'U'), ('చి', '|'), ('శం', 'U'), ('క', '|'), ('రు', '|'), ('చా', 'U'), ('పం', 'U'), ('బొ', '|'), ('గి', '|'), ('ద్రుం', 'U'), ('చి', '|'), ('జా', 'U'), ('న', '|'), ('కి', '|'), ('ద', '|'), ('గం', 'U'), ('గ', 'U'), ('ల్యా', 'U'), ('ణ', '|'), ('మై', 'U'), ('తం', 'U'), ('డ్రి', '|'), ('పం', 'U'), ('ప', '|'), ('రు', '|'), ('దా', 'U'), ('ర', 'U'), ('న్వ', '|'), ('న', '|'), ('భూ', 'U'), ('మి', '|'), ('కే', 'U'), ('గి', '|'), ('జ', '|'), ('గ', '|'), ('దా', 'U'), ('హ్లా', 'U'), ('దం', 'U'), ('బు', '|'), ('గా', 'U'), ('రా', 'U'), ('వ', '|'), ('ణున్', 'U'), ('ధ', '|'), ('ర', '|'), ('ణిం', 'U'), ('గూ', 'U'), ('ల్చి', '|'), ('న', '|'), ('రా', 'U'), ('మ', '|'), ('నా', 'U'), ('మ', '|'), ('ము', '|'), ('క', '|'), ('డు', 'U'), ('న్ధ', 'U'), ('న్యం', 'U'), ('బు', '|'), ('నా', 'U'), ('రా', 'U'), ('య', '|'), ('ణా', 'U')]",0.95,1.0,1.0,1.0,0.75,1.0
mattebhamu,"యదువంశంబునఁ గృష్ణు కగ్రజుఁడవై యాభీల శౌర్యోన్నతిన్‌
మదవద్ధేనుక ముష్టికా ద్యసురుల\న్‌ మర్దించి లీలారసా
స్పద కేళీరతి రేవతీవదన కంజాతాంతభృంగం బన\న్‌
విదితంబౌ బలరామమూర్తివని నిన్‌ వీక్షింతు, నారాయణా!",vruttamu,Naarayana,"[('య', '|'), ('దు', '|'), ('వం', 'U'), ('శం', 'U'), ('బు', '|'), ('న', '|'), ('గృ', 'U'), ('ష్ణు', '|'), ('క', '|'), ('గ్ర', '|'), ('జు', '|'), ('డ', '|'), ('వై', 'U'), ('యా', 'U'), ('భీ', 'U'), ('ల', '|'), ('శౌ', 'U'), ('ర్యో', 'U'), ('న్న', '|'), ('తిన్', 'U'), ('మ', '|'), ('ద', '|'), ('వ', 'U'), ('ద్ధే', 'U'), ('ను', '|'), ('క', '|'), ('ము', 'U'), ('ష్టి', '|'), ('కా', 'U'), ('ద్య', '|'), ('సు', '|'), ('రు', '|'), ('ల', 'U'), ('న్మ', 'U'), ('ర్దిం', 'U'), ('చి', '|'), ('లీ', 'U'), ('లా', 'U'), ('ర', '|'), ('సా', 'U'), ('స్ప', '|'), ('ద', '|'), ('కే', 'U'), ('ళీ', 'U'), ('ర', '|'), ('తి', '|'), ('రే', 'U'), ('వ', '|'), ('తీ', 'U'), ('వ', '|'), ('ద', '|'), ('న', '|'), ('కం', 'U'), ('జా', 'U'), ('తాం', 'U'), ('త', '|'), ('భృం', 'U'), ('గం', 'U'), ('బ', '|'), ('నన్', 'U'), ('వి', '|'), ('ది', '|'), ('తం', 'U'), ('బౌ', 'U'), ('బ', '|'), ('ల', '|'), ('రా', 'U'), ('మ', '|'), ('మూ', 'U'), ('ర్తి', '|'), ('వ', '|'), ('ని', '|'), ('ని', 'U'), ('న్వీ', 'U'), ('క్షిం', 'U'), ('తు', '|'), ('నా', 'U'), ('రా', 'U'), ('య', '|'), ('ణా', 'U')]",0.9928571428571429,1.0,1.0,0.9642857142857143,1.0,1.0
mattebhamu,"పురము ల్మూడును మూడులోకములు నేప్రొద్దు న్విదారింపఁ ద
త్పురనారీ మహిమోన్నతుల్‌ సెడుటకై బుద్ధుండవై బుద్ధితో
వరబోధద్రుమ సేవఁ జేయుటకునై వారిం బ్రబోధించి య
ప్పురముల్‌ గెల్చిన నీ యుపాయము జగత్పూజ్యంబు, నారాయణా!",vruttamu,Naarayana,"[('పు', '|'), ('ర', '|'), ('ము', 'U'), ('ల్మూ', 'U'), ('డు', '|'), ('ను', '|'), ('మూ', 'U'), ('డు', '|'), ('లో', 'U'), ('క', '|'), ('ము', '|'), ('లు', '|'), ('నే', 'U'), ('ప్రొ', 'U'), ('ద్దు', 'U'), ('న్వి', '|'), ('దా', 'U'), ('రిం', 'U'), ('ప', '|'), ('ద', 'U'), ('త్పు', '|'), ('ర', '|'), ('నా', 'U'), ('రీ', 'U'), ('మ', '|'), ('హి', '|'), ('మో', 'U'), ('న్న', '|'), ('తు', 'U'), ('ల్సె', '|'), ('డు', '|'), ('ట', '|'), ('కై', 'U'), ('బు', 'U'), ('ద్ధుం', 'U'), ('డ', '|'), ('వై', 'U'), ('బు', 'U'), ('ద్ధి', '|'), ('తో', 'U'), ('వ', '|'), ('ర', '|'), ('బో', 'U'), ('ధ', '|'), ('ద్రు', '|'), ('మ', '|'), ('సే', 'U'), ('వ', '|'), ('జే', 'U'), ('యు', '|'), ('ట', '|'), ('కు', '|'), ('నై', 'U'), ('వా', 'U'), ('రిం', 'U'), ('బ్ర', '|'), ('బో', 'U'), ('ధిం', 'U'), ('చి', '|'), ('య', 'U'), ('ప్పు', '|'), ('ర', '|'), ('ము', 'U'), ('ల్గె', 'U'), ('ల్చి', '|'), ('న', '|'), ('నీ', 'U'), ('యు', '|'), ('పా', 'U'), ('య', '|'), ('ము', '|'), ('జ', '|'), ('గ', 'U'), ('త్పూ', 'U'), ('జ్యం', 'U'), ('బు', '|'), ('నా', 'U'), ('రా', 'U'), ('య', '|'), ('ణా', 'U')]",0.9928571428571429,1.0,1.0,0.9642857142857143,1.0,1.0
mattebhamu,"కలిధర్మంబునఁ బాపసంకలితులై గర్వాంధులై తుచ్ఛులై
కులశీలంబులు మాని హేయగతులం గ్రొవ్వారు దుష్టాత్ములం
బలిగాఁ జేయఁ దలంచి ధర్మ మెలమిం బాలించి నిల్పంగ మీ
వలనం గల్క్యవతార మొందఁగల నిన్‌ వర్ణింతు నారాయణా!",vruttamu,Naarayana,"[('క', '|'), ('లి', '|'), ('ధ', 'U'), ('ర్మం', 'U'), ('బు', '|'), ('న', '|'), ('బా', 'U'), ('ప', '|'), ('సం', 'U'), ('క', '|'), ('లి', '|'), ('తు', '|'), ('లై', 'U'), ('గ', 'U'), ('ర్వాం', 'U'), ('ధు', '|'), ('లై', 'U'), ('తు', 'U'), ('చ్ఛు', '|'), ('లై', 'U'), ('కు', '|'), ('ల', '|'), ('శీ', 'U'), ('లం', 'U'), ('బు', '|'), ('లు', '|'), ('మా', 'U'), ('ని', '|'), ('హే', 'U'), ('య', '|'), ('గ', '|'), ('తు', '|'), ('లం', 'U'), ('గ్రొ', 'U'), ('వ్వా', 'U'), ('రు', '|'), ('దు', 'U'), ('ష్టా', 'U'), ('త్ము', '|'), ('లం', 'U'), ('బ', '|'), ('లి', '|'), ('గా', 'U'), ('జే', 'U'), ('య', '|'), ('ద', '|'), ('లం', 'U'), ('చి', '|'), ('ధ', 'U'), ('ర్మ', '|'), ('మె', '|'), ('ల', '|'), ('మిం', 'U'), ('బా', 'U'), ('లిం', 'U'), ('చి', '|'), ('ని', 'U'), ('ల్పం', 'U'), ('గ', '|'), ('మీ', 'U'), ('వ', '|'), ('ల', '|'), ('నం', 'U'), ('గ', 'U'), ('ల్క్య', '|'), ('వ', '|'), ('తా', 'U'), ('ర', '|'), ('మొం', 'U'), ('ద', '|'), ('గ', '|'), ('ల', '|'), ('ని', 'U'), ('న్వ', 'U'), ('ర్ణిం', 'U'), ('తు', '|'), ('నా', 'U'), ('రా', 'U'), ('య', '|'), ('ణా', 'U')]",1.0,1.0,1.0,1.0,1.0,1.0
mattebhamu,"ఇరవొంద\న్‌ సచరాచరప్రతతుల న్నెన్నంగ శక్యంబు కా
కరయ\న్‌ పద్మభవాండ భాండచయము న్నారంగ మీకుక్షిలో
నరుదార న్నుదయించుఁ బెంచు నడఁగు న్నన్నారికేళోద్భవాం
తర వాఃపూరము చంద మొంది యెపుడున్‌ దైత్యారి నారాయణా!",vruttamu,Naarayana,"[('ఇ', '|'), ('ర', '|'), ('వొం', 'U'), ('ద', 'U'), ('న్స', '|'), ('చ', '|'), ('రా', 'U'), ('చ', '|'), ('ర', '|'), ('ప్ర', '|'), ('త', '|'), ('తు', '|'), ('ల', 'U'), ('న్నె', 'U'), ('న్నం', 'U'), ('గ', '|'), ('శ', 'U'), ('క్యం', 'U'), ('బు', '|'), ('కా', 'U'), ('క', '|'), ('ర', '|'), ('య', 'U'), ('న్ప', 'U'), ('ద్మ', '|'), ('భ', '|'), ('వాం', 'U'), ('డ', '|'), ('భాం', 'U'), ('డ', '|'), ('చ', '|'), ('య', '|'), ('ము', 'U'), ('న్నా', 'U'), ('రం', 'U'), ('గ', '|'), ('మీ', 'U'), ('కు', 'U'), ('క్షి', '|'), ('లో', 'U'), ('న', '|'), ('రు', '|'), ('దా', 'U'), ('ర', 'U'), ('న్ను', '|'), ('ద', '|'), ('యిం', 'U'), ('చు', '|'), ('బెం', 'U'), ('చు', '|'), ('న', '|'), ('డ', '|'), ('గు', 'U'), ('న్న', 'U'), ('న్నా', 'U'), ('రి', '|'), ('కే', 'U'), ('ళో', 'U'), ('ద్భ', '|'), ('వాం', 'U'), ('త', '|'), ('ర', '|'), ('వాః', 'U'), ('పూ', 'U'), ('ర', '|'), ('ము', '|'), ('చం', 'U'), ('ద', '|'), ('మొం', 'U'), ('ది', '|'), ('యె', '|'), ('పు', '|'), ('డు', 'U'), ('న్దై', 'U'), ('త్యా', 'U'), ('రి', '|'), ('నా', 'U'), ('రా', 'U'), ('య', '|'), ('ణా', 'U')]",0.8928571428571429,1.0,1.0,0.9642857142857143,0.5,1.0
mattebhamu,"దళదిందీవర నీలనీరద సముద్యద్భాసితాకార, శ్రీ
లలనా కౌస్తుభచారువక్ష విబుధశ్లాఘోద్భవస్థాన కో
మల నాభీచరణారవిందజనితామ్నాయాద్యగంగా! లస
జ్జలజాతాయతనేత్ర నిన్ను మదిలోఁ జర్చింతు నారాయణా!",vruttamu,Naarayana,"[('ద', '|'), ('ళ', '|'), ('దిం', 'U'), ('దీ', 'U'), ('వ', '|'), ('ర', '|'), ('నీ', 'U'), ('ల', '|'), ('నీ', 'U'), ('ర', '|'), ('ద', '|'), ('స', '|'), ('ము', 'U'), ('ద్య', 'U'), ('ద్భా', 'U'), ('సి', '|'), ('తా', 'U'), ('కా', 'U'), ('ర', '|'), ('శ్రీ', 'U'), ('ల', '|'), ('ల', '|'), ('నా', 'U'), ('కౌ', 'U'), ('స్తు', '|'), ('భ', '|'), ('చా', 'U'), ('రు', '|'), ('వ', 'U'), ('క్ష', '|'), ('వి', '|'), ('బు', '|'), ('ధ', 'U'), ('శ్లా', 'U'), ('ఘో', 'U'), ('ద్భ', '|'), ('వ', 'U'), ('స్థా', 'U'), ('న', '|'), ('కో', 'U'), ('మ', '|'), ('ల', '|'), ('నా', 'U'), ('భీ', 'U'), ('చ', '|'), ('ర', '|'), ('ణా', 'U'), ('ర', '|'), ('విం', 'U'), ('ద', '|'), ('జ', '|'), ('ని', '|'), ('తా', 'U'), ('మ్నా', 'U'), ('యా', 'U'), ('ద్య', '|'), ('గం', 'U'), ('గా', 'U'), ('ల', '|'), ('స', 'U'), ('జ్జ', '|'), ('ల', '|'), ('జా', 'U'), ('తా', 'U'), ('య', '|'), ('త', '|'), ('నే', 'U'), ('త్ర', '|'), ('ని', 'U'), ('న్ను', '|'), ('మ', '|'), ('ది', '|'), ('లో', 'U'), ('జ', 'U'), ('ర్చిం', 'U'), ('తు', '|'), ('నా', 'U'), ('రా', 'U'), ('య', '|'), ('ణా', 'U')]",0.95,1.0,1.0,1.0,1.0,0.75
mattebhamu,"జగదాధారక భక్తవత్సల కృపాజన్మాలయాపాంగ! భూ
గగనార్కేందుజలాత్మపావక మరుత్కాయా! ప్రదీపప్రయో
గి గణస్తుత్య మహాఘనాశన! లసద్గీర్వాణ సంసేవితా!
త్రిగుణాతీత! ముకుంద! నాదు మదిలో దీపింపు, నారాయణా!",vruttamu,Naarayana,"[('జ', '|'), ('గ', '|'), ('దా', 'U'), ('ధా', 'U'), ('ర', '|'), ('క', '|'), ('భ', 'U'), ('క్త', '|'), ('వ', 'U'), ('త్స', '|'), ('ల', '|'), ('కృ', '|'), ('పా', 'U'), ('జ', 'U'), ('న్మా', 'U'), ('ల', '|'), ('యా', 'U'), ('పాం', 'U'), ('గ', '|'), ('భూ', 'U'), ('గ', '|'), ('గ', '|'), ('నా', 'U'), ('ర్కేం', 'U'), ('దు', '|'), ('జ', '|'), ('లా', 'U'), ('త్మ', '|'), ('పా', 'U'), ('వ', '|'), ('క', '|'), ('మ', '|'), ('రు', 'U'), ('త్కా', 'U'), ('యా', 'U'), ('ప్ర', '|'), ('దీ', 'U'), ('ప', '|'), ('ప్ర', '|'), ('యో', 'U'), ('గి', '|'), ('గ', '|'), ('ణ', 'U'), ('స్తు', 'U'), ('త్య', '|'), ('మ', '|'), ('హా', 'U'), ('ఘ', '|'), ('నా', 'U'), ('శ', '|'), ('న', '|'), ('ల', '|'), ('స', 'U'), ('ద్గీ', 'U'), ('ర్వా', 'U'), ('ణ', '|'), ('సం', 'U'), ('సే', 'U'), ('వి', '|'), ('తా', 'U'), ('త్రి', '|'), ('గు', '|'), ('ణా', 'U'), ('తీ', 'U'), ('త', '|'), ('ము', '|'), ('కుం', 'U'), ('ద', '|'), ('నా', 'U'), ('దు', '|'), ('మ', '|'), ('ది', '|'), ('లో', 'U'), ('దీ', 'U'), ('పిం', 'U'), ('పు', '|'), ('నా', 'U'), ('రా', 'U'), ('య', '|'), ('ణా', 'U')]",0.9928571428571429,1.0,1.0,0.9642857142857143,1.0,1.0
saardulamu,"భూతవ్రాతము నంబుజాసనుఁడవై పుట్టింతు విష్ణుండవై
ప్రీతిం బ్రోతు హరుండవై చెఱుతు నిర్భేద్యుండవై త్రైగుణో
పేతంబై పరమాత్మవై నిలుతు నీ పెంపెవ్వరుం గాన ర
బ్జాతోద్భూతసుజాతపూజితపదాబ్జశ్రేష్ఠ, నారాయణా!",vruttamu,Naarayana,"[('భూ', 'U'), ('త', '|'), ('వ్రా', 'U'), ('త', '|'), ('ము', '|'), ('నం', 'U'), ('బు', '|'), ('జా', 'U'), ('స', '|'), ('ను', '|'), ('డ', '|'), ('వై', 'U'), ('పు', 'U'), ('ట్టిం', 'U'), ('తు', '|'), ('వి', 'U'), ('ష్ణుం', 'U'), ('డ', '|'), ('వై', 'U'), ('ప్రీ', 'U'), ('తిం', 'U'), ('బ్రో', 'U'), ('తు', '|'), ('హ', '|'), ('రుం', 'U'), ('డ', '|'), ('వై', 'U'), ('చె', '|'), ('ఱు', '|'), ('తు', '|'), ('ని', 'U'), ('ర్భే', 'U'), ('ద్యుం', 'U'), ('డ', '|'), ('వై', 'U'), ('త్రై', 'U'), ('గు', '|'), ('ణో', 'U'), ('పే', 'U'), ('తం', 'U'), ('బై', 'U'), ('ప', '|'), ('ర', '|'), ('మా', 'U'), ('త్మ', '|'), ('వై', 'U'), ('ని', '|'), ('లు', '|'), ('తు', '|'), ('నీ', 'U'), ('పెం', 'U'), ('పె', 'U'), ('వ్వ', '|'), ('రుం', 'U'), ('గా', 'U'), ('న', '|'), ('ర', 'U'), ('బ్జా', 'U'), ('తో', 'U'), ('ద్భూ', 'U'), ('త', '|'), ('సు', '|'), ('జా', 'U'), ('త', '|'), ('పూ', 'U'), ('జి', '|'), ('త', '|'), ('ప', '|'), ('దా', 'U'), ('బ్జ', '|'), ('శ్రే', 'U'), ('ష్ఠ', '|'), ('నా', 'U'), ('రా', 'U'), ('య', '|'), ('ణా', 'U')]",0.9857142857142858,1.0,1.0,0.9285714285714286,1.0,1.0
mattebhamu,"వరనాభీధవళాంబుజోదరమున\న్‌ వాణీశుఁ గల్పించి య
ప్పురుషశ్రేష్ఠుని ఫాలమందు శివునిం బుట్టించి యామేటికిం
బరమోత్తంసముగా వియత్తలనదిం బాదంబులం గన్న మీ
సరి యెవ్వారలు మీరు దక్కఁగ రమాసాధ్వీశ, నారాయణా!",vruttamu,Naarayana,"[('వ', '|'), ('ర', '|'), ('నా', 'U'), ('భీ', 'U'), ('ధ', '|'), ('వ', '|'), ('ళాం', 'U'), ('బు', '|'), ('జో', 'U'), ('ద', '|'), ('ర', '|'), ('ము', '|'), ('న', 'U'), ('న్వా', 'U'), ('ణీ', 'U'), ('శు', '|'), ('గ', 'U'), ('ల్పిం', 'U'), ('చి', '|'), ('య', 'U'), ('ప్పు', '|'), ('రు', '|'), ('ష', '|'), ('శ్రే', 'U'), ('ష్ఠు', '|'), ('ని', '|'), ('ఫా', 'U'), ('ల', '|'), ('మం', 'U'), ('దు', '|'), ('శి', '|'), ('వు', '|'), ('నిం', 'U'), ('బు', 'U'), ('ట్టిం', 'U'), ('చి', '|'), ('యా', 'U'), ('మే', 'U'), ('టి', '|'), ('కిం', 'U'), ('బ', '|'), ('ర', '|'), ('మో', 'U'), ('త్తం', 'U'), ('స', '|'), ('ము', '|'), ('గా', 'U'), ('వి', '|'), ('య', 'U'), ('త్త', '|'), ('ల', '|'), ('న', '|'), ('దిం', 'U'), ('బా', 'U'), ('దం', 'U'), ('బు', '|'), ('లం', 'U'), ('గ', 'U'), ('న్న', '|'), ('మీ', 'U'), ('స', '|'), ('రి', '|'), ('యె', 'U'), ('వ్వా', 'U'), ('ర', '|'), ('లు', '|'), ('మీ', 'U'), ('రు', '|'), ('ద', 'U'), ('క్క', '|'), ('గ', '|'), ('ర', '|'), ('మా', 'U'), ('సా', 'U'), ('ధ్వీ', 'U'), ('శ', '|'), ('నా', 'U'), ('రా', 'U'), ('య', '|'), ('ణా', 'U')]",0.9928571428571429,1.0,1.0,0.9642857142857143,1.0,1.0
mattebhamu,"ప్రభ మీనాభి జనించినట్టి విలసత్పద్మోరుసద్మంబునం
బ్రభవంబైన విరించి ఫాలజనిత ప్రస్వేదసంభూతుఁడై
యభిధానంబును గోరి కాంచెను భవుం డార్యేశు లూహింపఁగా
నభవాఖ్యుండవు ని న్నెఱుంగవశమే యబ్జాక్ష, నారాయణా!",vruttamu,Naarayana,"[('ప్ర', '|'), ('భ', '|'), ('మీ', 'U'), ('నా', 'U'), ('భి', '|'), ('జ', '|'), ('నిం', 'U'), ('చి', '|'), ('న', 'U'), ('ట్టి', '|'), ('వి', '|'), ('ల', '|'), ('స', 'U'), ('త్ప', 'U'), ('ద్మో', 'U'), ('రు', '|'), ('స', 'U'), ('ద్మం', 'U'), ('బు', '|'), ('నం', 'U'), ('బ్ర', '|'), ('భ', '|'), ('వం', 'U'), ('బై', 'U'), ('న', '|'), ('వి', '|'), ('రిం', 'U'), ('చి', '|'), ('ఫా', 'U'), ('ల', '|'), ('జ', '|'), ('ని', '|'), ('త', '|'), ('ప్ర', 'U'), ('స్వే', 'U'), ('ద', '|'), ('సం', 'U'), ('భూ', 'U'), ('తు', '|'), ('డై', 'U'), ('య', '|'), ('భి', '|'), ('ధా', 'U'), ('నం', 'U'), ('బు', '|'), ('ను', '|'), ('గో', 'U'), ('రి', '|'), ('కాం', 'U'), ('చె', '|'), ('ను', '|'), ('భ', '|'), ('వుం', 'U'), ('డా', 'U'), ('ర్యే', 'U'), ('శు', '|'), ('లూ', 'U'), ('హిం', 'U'), ('ప', '|'), ('గా', 'U'), ('న', '|'), ('భ', '|'), ('వా', 'U'), ('ఖ్యుం', 'U'), ('డ', '|'), ('వు', '|'), ('ని', 'U'), ('న్నె', '|'), ('ఱుం', 'U'), ('గ', '|'), ('వ', '|'), ('శ', '|'), ('మే', 'U'), ('య', 'U'), ('బ్జా', 'U'), ('క్ష', '|'), ('నా', 'U'), ('రా', 'U'), ('య', '|'), ('ణా', 'U')]",0.8928571428571429,1.0,1.0,0.9642857142857143,0.5,1.0
mattebhamu,"పటుగర్భాంతరగోళభాగమున నీ బ్రహ్మాండభాండంబు ప్రా
కట దివ్యాద్భుతలీలఁ దాల్చి మహిమం గల్పాంత మంభోధిపై
వటపత్రాగ్రముఁ జెంది యొప్పిన మిము న్వర్ణింపఁగా శక్యమే
నిటలాక్షాంబురుహాసనాదికులకు న్నిర్వాణ, నారాయణా!",vruttamu,Naarayana,"[('ప', '|'), ('టు', '|'), ('గ', 'U'), ('ర్భాం', 'U'), ('త', '|'), ('ర', '|'), ('గో', 'U'), ('ళ', '|'), ('భా', 'U'), ('గ', '|'), ('ము', '|'), ('న', '|'), ('నీ', 'U'), ('బ్ర', 'U'), ('హ్మాం', 'U'), ('డ', '|'), ('భాం', 'U'), ('డం', 'U'), ('బు', '|'), ('ప్రా', 'U'), ('క', '|'), ('ట', '|'), ('ది', 'U'), ('వ్యా', 'U'), ('ద్భు', '|'), ('త', '|'), ('లీ', 'U'), ('ల', '|'), ('దా', 'U'), ('ల్చి', '|'), ('మ', '|'), ('హి', '|'), ('మం', 'U'), ('గ', 'U'), ('ల్పాం', 'U'), ('త', '|'), ('మం', 'U'), ('భో', 'U'), ('ధి', '|'), ('పై', 'U'), ('వ', '|'), ('ట', '|'), ('ప', '|'), ('త్రా', 'U'), ('గ్ర', '|'), ('ము', '|'), ('జెం', 'U'), ('ది', '|'), ('యొ', 'U'), ('ప్పి', '|'), ('న', '|'), ('మి', '|'), ('ము', 'U'), ('న్వ', 'U'), ('ర్ణిం', 'U'), ('ప', '|'), ('గా', 'U'), ('శ', 'U'), ('క్య', '|'), ('మే', 'U'), ('ని', '|'), ('ట', '|'), ('లా', 'U'), ('క్షాం', 'U'), ('బు', '|'), ('రు', '|'), ('హా', 'U'), ('స', '|'), ('నా', 'U'), ('ది', '|'), ('కు', '|'), ('ల', '|'), ('కు', 'U'), ('న్ని', 'U'), ('ర్వా', 'U'), ('ణ', '|'), ('నా', 'U'), ('రా', 'U'), ('య', '|'), ('ణా', 'U')]",0.9928571428571429,1.0,1.0,0.9642857142857143,1.0,1.0
mattebhamu,"సవిశేషోరు సువర్ణబిందువిలస చ్చక్రాంకలింగాకృతి\న్‌
భవుచే నుద్ధవుచేఁ బయోజభవుచేఁ బద్మారిచే భానుచే
ధ్రువుచే నా దివిజాధినాయకులచే దీప్యన్మునీంద్రాళిచే
నవదివ్యార్చన లందుచుందువు రమానారీశ, నారాయణా!",vruttamu,Naarayana,"[('స', '|'), ('వి', '|'), ('శే', 'U'), ('షో', 'U'), ('రు', '|'), ('సు', '|'), ('వ', 'U'), ('ర్ణ', '|'), ('బిం', 'U'), ('దు', '|'), ('వి', '|'), ('ల', '|'), ('స', 'U'), ('చ్చ', '|'), ('క్రాం', 'U'), ('క', '|'), ('లిం', 'U'), ('గా', 'U'), ('కృ', '|'), ('తిన్', 'U'), ('భ', '|'), ('వు', '|'), ('చే', 'U'), ('ను', 'U'), ('ద్ధ', '|'), ('వు', '|'), ('చే', 'U'), ('బ', '|'), ('యో', 'U'), ('జ', '|'), ('భ', '|'), ('వు', '|'), ('చే', 'U'), ('బ', 'U'), ('ద్మా', 'U'), ('రి', '|'), ('చే', 'U'), ('భా', 'U'), ('ను', '|'), ('చే', 'U'), ('ధ్రు', '|'), ('వు', '|'), ('చే', 'U'), ('నా', 'U'), ('ది', '|'), ('వి', '|'), ('జా', 'U'), ('ధి', '|'), ('నా', 'U'), ('య', '|'), ('కు', '|'), ('ల', '|'), ('చే', 'U'), ('దీ', 'U'), ('ప్య', 'U'), ('న్ము', '|'), ('నీం', 'U'), ('ద్రా', 'U'), ('ళి', '|'), ('చే', 'U'), ('న', '|'), ('వ', '|'), ('ది', 'U'), ('వ్యా', 'U'), ('ర్చ', '|'), ('న', '|'), ('లం', 'U'), ('దు', '|'), ('చుం', 'U'), ('దు', '|'), ('వు', '|'), ('ర', '|'), ('మా', 'U'), ('నా', 'U'), ('రీ', 'U'), ('శ', '|'), ('నా', 'U'), ('రా', 'U'), ('య', '|'), ('ణా', 'U')]",0.9428571428571428,1.0,1.0,0.9642857142857143,0.75,1.0
mattebhamu,"సర్వంబున్‌ వసియించు నీతనువునన్‌ సర్వంబునం దుండగా
సర్వాత్మా! వసియించు దీవని మదిన్‌ సార్థంబుగాఁ జూచి యా
గీర్వాణాదులు వాసుదేవుఁ డనుచున్‌ గీర్తింతు రేప్రొద్దు నా
శీర్వాదంబు భవన్మహామహిమ లక్ష్మీనాథ, నారాయణా!",vruttamu,Naarayana,"[('స', 'U'), ('ర్వం', 'U'), ('బు', 'U'), ('న్వ', '|'), ('సి', '|'), ('యిం', 'U'), ('చు', '|'), ('నీ', 'U'), ('త', '|'), ('ను', '|'), ('వు', '|'), ('న', 'U'), ('న్స', 'U'), ('ర్వం', 'U'), ('బు', '|'), ('నం', 'U'), ('దుం', 'U'), ('డ', '|'), ('గా', 'U'), ('స', 'U'), ('ర్వా', 'U'), ('త్మా', 'U'), ('వ', '|'), ('సి', '|'), ('యిం', 'U'), ('చు', '|'), ('దీ', 'U'), ('వ', '|'), ('ని', '|'), ('మ', '|'), ('ది', 'U'), ('న్సా', 'U'), ('ర్థం', 'U'), ('బు', '|'), ('గా', 'U'), ('జూ', 'U'), ('చి', '|'), ('యా', 'U'), ('గీ', 'U'), ('ర్వా', 'U'), ('ణా', 'U'), ('దు', '|'), ('లు', '|'), ('వా', 'U'), ('సు', '|'), ('దే', 'U'), ('వు', '|'), ('డ', '|'), ('ను', '|'), ('చు', 'U'), ('న్గీ', 'U'), ('ర్తిం', 'U'), ('తు', '|'), ('రే', 'U'), ('ప్రొ', 'U'), ('ద్దు', '|'), ('నా', 'U'), ('శీ', 'U'), ('ర్వా', 'U'), ('దం', 'U'), ('బు', '|'), ('భ', '|'), ('వ', 'U'), ('న్మ', '|'), ('హా', 'U'), ('మ', '|'), ('హి', '|'), ('మ', '|'), ('ల', 'U'), ('క్ష్మీ', 'U'), ('నా', 'U'), ('థ', '|'), ('నా', 'U'), ('రా', 'U'), ('య', '|'), ('ణా', 'U')]",0.4542857142857143,0.95,1.0,0.07142857142857142,0.0,0.25
mattebhamu,"గగనాద్యంచితపంచభూతమయమై కంజాతజాండావలిన్‌
సగుణబ్రహ్మమయాఖ్యతం దనరుచున్‌ సంసారివై చిత్కళా
సుగుణంబై విలసిల్లు దీవు విపులస్థూలంబు సూక్ష్మంబునై
నిగమోత్తంస గుణావతంస సుమహానిత్యాత్మ, నారాయణా!",vruttamu,Naarayana,"[('గ', '|'), ('గ', '|'), ('నా', 'U'), ('ద్యం', 'U'), ('చి', '|'), ('త', '|'), ('పం', 'U'), ('చ', '|'), ('భూ', 'U'), ('త', '|'), ('మ', '|'), ('య', '|'), ('మై', 'U'), ('కం', 'U'), ('జా', 'U'), ('త', '|'), ('జాం', 'U'), ('డా', 'U'), ('వ', '|'), ('లిన్', 'U'), ('స', '|'), ('గు', '|'), ('ణ', '|'), ('బ్ర', 'U'), ('హ్మ', '|'), ('మ', '|'), ('యా', 'U'), ('ఖ్య', '|'), ('తం', 'U'), ('ద', '|'), ('న', '|'), ('రు', '|'), ('చు', 'U'), ('న్సం', 'U'), ('సా', 'U'), ('రి', '|'), ('వై', 'U'), ('చి', 'U'), ('త్క', '|'), ('ళా', 'U'), ('సు', '|'), ('గు', '|'), ('ణం', 'U'), ('బై', 'U'), ('వి', '|'), ('ల', '|'), ('సి', 'U'), ('ల్లు', '|'), ('దీ', 'U'), ('వు', '|'), ('వి', '|'), ('పు', '|'), ('ల', 'U'), ('స్థూ', 'U'), ('లం', 'U'), ('బు', '|'), ('సూ', 'U'), ('క్ష్మం', 'U'), ('బు', '|'), ('నై', 'U'), ('ని', '|'), ('గ', '|'), ('మో', 'U'), ('త్తం', 'U'), ('స', '|'), ('గు', '|'), ('ణా', 'U'), ('వ', '|'), ('తం', 'U'), ('స', '|'), ('సు', '|'), ('మ', '|'), ('హా', 'U'), ('ని', 'U'), ('త్యా', 'U'), ('త్మ', '|'), ('నా', 'U'), ('రా', 'U'), ('య', '|'), ('ణా', 'U')]",0.9928571428571429,1.0,1.0,0.9642857142857143,1.0,1.0
mattebhamu,"ఎల రారన్‌ భవదీయనామకథనం బేమర్త్యుచిత్తంబులోఁ
బొలుపారం దగిలుండునేని యఘముల్‌ పొందంగ నె ట్లోపెడు\న్‌
కలయం బావకుచేతఁ బట్టువడు నక్కాష్ఠంబుపైఁ గీటముల్‌
నిలువ న్నేర్చునే భక్తపోషణ కృపానిత్యాత్మ, నారాయణా!",vruttamu,Naarayana,"[('ఎ', '|'), ('ల', '|'), ('రా', 'U'), ('ర', 'U'), ('న్భ', '|'), ('వ', '|'), ('దీ', 'U'), ('య', '|'), ('నా', 'U'), ('మ', '|'), ('క', '|'), ('థ', '|'), ('నం', 'U'), ('బే', 'U'), ('మ', 'U'), ('ర్త్యు', '|'), ('చి', 'U'), ('త్తం', 'U'), ('బు', '|'), ('లో', 'U'), ('బొ', '|'), ('లు', '|'), ('పా', 'U'), ('రం', 'U'), ('ద', '|'), ('గి', '|'), ('లుం', 'U'), ('డు', '|'), ('నే', 'U'), ('ని', '|'), ('య', '|'), ('ఘ', '|'), ('ము', 'U'), ('ల్పొం', 'U'), ('దం', 'U'), ('గ', '|'), ('నె', 'U'), ('ట్లో', 'U'), ('పె', '|'), ('డున్', 'U'), ('క', '|'), ('ల', '|'), ('యం', 'U'), ('బా', 'U'), ('వ', '|'), ('కు', '|'), ('చే', 'U'), ('త', '|'), ('బ', 'U'), ('ట్టు', '|'), ('వ', '|'), ('డు', '|'), ('న', 'U'), ('క్కా', 'U'), ('ష్ఠం', 'U'), ('బు', '|'), ('పై', 'U'), ('గీ', 'U'), ('ట', '|'), ('ముల్', 'U'), ('ని', '|'), ('లు', '|'), ('వ', 'U'), ('న్నే', 'U'), ('ర్చు', '|'), ('నే', 'U'), ('భ', 'U'), ('క్త', '|'), ('పో', 'U'), ('ష', '|'), ('ణ', '|'), ('కృ', '|'), ('పా', 'U'), ('ని', 'U'), ('త్యా', 'U'), ('త్మ', '|'), ('నా', 'U'), ('రా', 'U'), ('య', '|'), ('ణా', 'U')]",0.9428571428571428,1.0,1.0,0.9642857142857143,0.75,1.0
mattebhamu,"కలయం దిక్కులు నిండి చండతరమై కప్పారు మేఘౌఘముల్‌
వెలయ\న్‌ ఘోరసమీరణస్ఫురణచే వే పాయుచందంబున\న్‌
జలదంభోళి మృగాగ్నితస్కరరుజాశత్రోరగవ్రాతముల్‌
దొలఁగు న్మీ దగు దివ్యమంత్రపఠన\న్‌ దోషఘ్న, నారాయణా!",vruttamu,Naarayana,"[('క', '|'), ('ల', '|'), ('యం', 'U'), ('ది', 'U'), ('క్కు', '|'), ('లు', '|'), ('నిం', 'U'), ('డి', '|'), ('చం', 'U'), ('డ', '|'), ('త', '|'), ('ర', '|'), ('మై', 'U'), ('క', 'U'), ('ప్పా', 'U'), ('రు', '|'), ('మే', 'U'), ('ఘౌ', 'U'), ('ఘ', '|'), ('ముల్', 'U'), ('వె', '|'), ('ల', '|'), ('య', 'U'), ('న్ఘో', 'U'), ('ర', '|'), ('స', '|'), ('మీ', 'U'), ('ర', '|'), ('ణ', 'U'), ('స్ఫు', '|'), ('ర', '|'), ('ణ', '|'), ('చే', 'U'), ('వే', 'U'), ('పా', 'U'), ('యు', '|'), ('చం', 'U'), ('దం', 'U'), ('బు', '|'), ('నన్', 'U'), ('జ', '|'), ('ల', '|'), ('దం', 'U'), ('భో', 'U'), ('ళి', '|'), ('మృ', '|'), ('గా', 'U'), ('గ్ని', '|'), ('త', 'U'), ('స్క', '|'), ('ర', '|'), ('రు', '|'), ('జా', 'U'), ('శ', '|'), ('త్రో', 'U'), ('ర', '|'), ('గ', '|'), ('వ్రా', 'U'), ('త', '|'), ('ముల్', 'U'), ('దొ', '|'), ('ల', '|'), ('గు', 'U'), ('న్మీ', 'U'), ('ద', '|'), ('గు', '|'), ('ది', 'U'), ('వ్య', '|'), ('మం', 'U'), ('త్ర', '|'), ('ప', '|'), ('ఠ', '|'), ('న', 'U'), ('న్దో', 'U'), ('ష', 'U'), ('ఘ్న', '|'), ('నా', 'U'), ('రా', 'U'), ('య', '|'), ('ణా', 'U')]",0.9857142857142858,1.0,1.0,0.9285714285714286,1.0,1.0
mattebhamu,"కలుషాగాథవినాశకారి యగుచుం గైవల్యసంధాయియై
నలి నొప్పారెడు మంత్రరాజమగు నీనామంబు ప్రేమంబుతో
నలర న్నెవ్వని వాక్కునం బొరయదే నన్నీచు ఘోరాత్మయు\న్‌
వెలయన్‌ భూరుహకోటరం బదియ సూ వేదాత్మ, నారాయణా!",vruttamu,Naarayana,"[('క', '|'), ('లు', '|'), ('షా', 'U'), ('గా', 'U'), ('థ', '|'), ('వి', '|'), ('నా', 'U'), ('శ', '|'), ('కా', 'U'), ('రి', '|'), ('య', '|'), ('గు', '|'), ('చుం', 'U'), ('గై', 'U'), ('వ', 'U'), ('ల్య', '|'), ('సం', 'U'), ('ధా', 'U'), ('యి', '|'), ('యై', 'U'), ('న', '|'), ('లి', '|'), ('నొ', 'U'), ('ప్పా', 'U'), ('రె', '|'), ('డు', '|'), ('మం', 'U'), ('త్ర', '|'), ('రా', 'U'), ('జ', '|'), ('మ', '|'), ('గు', '|'), ('నీ', 'U'), ('నా', 'U'), ('మం', 'U'), ('బు', '|'), ('ప్రే', 'U'), ('మం', 'U'), ('బు', '|'), ('తో', 'U'), ('న', '|'), ('ల', '|'), ('ర', 'U'), ('న్నె', 'U'), ('వ్వ', '|'), ('ని', '|'), ('వా', 'U'), ('క్కు', '|'), ('నం', 'U'), ('బొ', '|'), ('ర', '|'), ('య', '|'), ('దే', 'U'), ('న', 'U'), ('న్నీ', 'U'), ('చు', '|'), ('ఘో', 'U'), ('రా', 'U'), ('త్మ', '|'), ('యున్', 'U'), ('వె', '|'), ('ల', '|'), ('య', 'U'), ('న్భూ', 'U'), ('రు', '|'), ('హ', '|'), ('కో', 'U'), ('ట', '|'), ('రం', 'U'), ('బ', '|'), ('ది', '|'), ('య', '|'), ('సూ', 'U'), ('వే', 'U'), ('దా', 'U'), ('త్మ', '|'), ('నా', 'U'), ('రా', 'U'), ('య', '|'), ('ణా', 'U')]",1.0,1.0,1.0,1.0,1.0,1.0
mattebhamu,"పరమంబై పరతత్వమై సకలసంపత్సారమై భవ్యమై
సురసిద్ధోరగయక్ష పక్షిమునిరక్షో హృద్గుహాభ్యంతర
స్థిరసుజ్ఞానసుదీపమై శ్రుతికళాసిద్ధాంతమై సిద్ధమై
సరి లే కెప్పుడు నీదునామ మమరున్‌ సత్యంబు, నారాయణా!",vruttamu,Naarayana,"[('ప', '|'), ('ర', '|'), ('మం', 'U'), ('బై', 'U'), ('ప', '|'), ('ర', '|'), ('త', 'U'), ('త్వ', '|'), ('మై', 'U'), ('స', '|'), ('క', '|'), ('ల', '|'), ('సం', 'U'), ('ప', 'U'), ('త్సా', 'U'), ('ర', '|'), ('మై', 'U'), ('భ', 'U'), ('వ్య', '|'), ('మై', 'U'), ('సు', '|'), ('ర', '|'), ('సి', 'U'), ('ద్ధో', 'U'), ('ర', '|'), ('గ', '|'), ('య', 'U'), ('క్ష', '|'), ('ప', 'U'), ('క్షి', '|'), ('ము', '|'), ('ని', '|'), ('ర', 'U'), ('క్షో', 'U'), ('హృ', 'U'), ('ద్గు', '|'), ('హా', 'U'), ('భ్యం', 'U'), ('త', '|'), ('ర', 'U'), ('స్థి', '|'), ('ర', '|'), ('సు', 'U'), ('జ్ఞా', 'U'), ('న', '|'), ('సు', '|'), ('దీ', 'U'), ('ప', '|'), ('మై', 'U'), ('శ్రు', '|'), ('తి', '|'), ('క', '|'), ('ళా', 'U'), ('సి', 'U'), ('ద్ధాం', 'U'), ('త', '|'), ('మై', 'U'), ('సి', 'U'), ('ద్ధ', '|'), ('మై', 'U'), ('స', '|'), ('రి', '|'), ('లే', 'U'), ('కె', 'U'), ('ప్పు', '|'), ('డు', '|'), ('నీ', 'U'), ('దు', '|'), ('నా', 'U'), ('మ', '|'), ('మ', '|'), ('మ', '|'), ('రు', 'U'), ('న్స', 'U'), ('త్యం', 'U'), ('బు', '|'), ('నా', 'U'), ('రా', 'U'), ('య', '|'), ('ణా', 'U')]",1.0,1.0,1.0,1.0,1.0,1.0
mattebhamu,"అధికాఘౌఘ తమోదివాకరమునై యద్రీంద్రజా జిహ్వకున్‌
సుధయై వేదవినూత్నరత్నములకున్‌ సూత్రాభిధానంబునై
బుధసందోహమనోహరాంకురమునై భూదేవతాకోటికిన్‌
విధులై మీబహునామరాజి వెలయున్‌ వేదాత్మ, నారాయణా!",vruttamu,Naarayana,"[('అ', '|'), ('ధి', '|'), ('కా', 'U'), ('ఘౌ', 'U'), ('ఘ', '|'), ('త', '|'), ('మో', 'U'), ('ది', '|'), ('వా', 'U'), ('క', '|'), ('ర', '|'), ('ము', '|'), ('నై', 'U'), ('య', '|'), ('ద్రీం', 'U'), ('ద్ర', '|'), ('జా', 'U'), ('జి', 'U'), ('హ్వ', '|'), ('కున్', 'U'), ('సు', '|'), ('ధ', '|'), ('యై', 'U'), ('వే', 'U'), ('ద', '|'), ('వి', '|'), ('నూ', 'U'), ('త్న', '|'), ('ర', 'U'), ('త్న', '|'), ('ము', '|'), ('ల', '|'), ('కు', 'U'), ('న్సూ', 'U'), ('త్రా', 'U'), ('భి', '|'), ('ధా', 'U'), ('నం', 'U'), ('బు', '|'), ('నై', 'U'), ('బు', '|'), ('ధ', '|'), ('సం', 'U'), ('దో', 'U'), ('హ', '|'), ('మ', '|'), ('నో', 'U'), ('హ', '|'), ('రాం', 'U'), ('కు', '|'), ('ర', '|'), ('ము', '|'), ('నై', 'U'), ('భూ', 'U'), ('దే', 'U'), ('వ', '|'), ('తా', 'U'), ('కో', 'U'), ('టి', '|'), ('కిన్', 'U'), ('వి', '|'), ('ధు', '|'), ('లై', 'U'), ('మీ', 'U'), ('బ', '|'), ('హు', '|'), ('నా', 'U'), ('మ', '|'), ('రా', 'U'), ('జి', '|'), ('వె', '|'), ('ల', '|'), ('యు', 'U'), ('న్వే', 'U'), ('దా', 'U'), ('త్మ', '|'), ('నా', 'U'), ('రా', 'U'), ('య', '|'), ('ణా', 'U')]",0.9928571428571429,1.0,1.0,0.9642857142857143,1.0,1.0
mattebhamu,"పొనర న్ముక్తికిఁ ద్రోవ వేదములకుం బుట్టిల్లు మోదంబునం
దునికిస్థానము నిష్టభోగములకు న్నుత్పత్తి యేప్రొద్దును\న్‌
ఘనపాపంబుల వైరి షడ్రిపులకు\న్‌ గాలావసానంబు మీ
వినుతాంఘ్రిద్వయపద్మసేవన గదా విశ్వేశ, నారాయణా!",vruttamu,Naarayana,"[('పొ', '|'), ('న', '|'), ('ర', 'U'), ('న్ము', 'U'), ('క్తి', '|'), ('కి', '|'), ('ద్రో', 'U'), ('వ', '|'), ('వే', 'U'), ('ద', '|'), ('ము', '|'), ('ల', '|'), ('కుం', 'U'), ('బు', 'U'), ('ట్టి', 'U'), ('ల్లు', '|'), ('మో', 'U'), ('దం', 'U'), ('బు', '|'), ('నం', 'U'), ('దు', '|'), ('ని', '|'), ('కి', 'U'), ('స్థా', 'U'), ('న', '|'), ('ము', '|'), ('ని', 'U'), ('ష్ట', '|'), ('భో', 'U'), ('గ', '|'), ('ము', '|'), ('ల', '|'), ('కు', 'U'), ('న్ను', 'U'), ('త్ప', 'U'), ('త్తి', '|'), ('యే', 'U'), ('ప్రొ', 'U'), ('ద్దు', '|'), ('నున్', 'U'), ('ఘ', '|'), ('న', '|'), ('పా', 'U'), ('పం', 'U'), ('బు', '|'), ('ల', '|'), ('వై', 'U'), ('రి', '|'), ('ష', '|'), ('డ్రి', '|'), ('పు', '|'), ('ల', '|'), ('కు', 'U'), ('న్గా', 'U'), ('లా', 'U'), ('వ', '|'), ('సా', 'U'), ('నం', 'U'), ('బు', '|'), ('మీ', 'U'), ('వి', '|'), ('ను', '|'), ('తాం', 'U'), ('ఘ్రి', 'U'), ('ద్వ', '|'), ('య', '|'), ('ప', 'U'), ('ద్మ', '|'), ('సే', 'U'), ('వ', '|'), ('న', '|'), ('గ', '|'), ('దా', 'U'), ('వి', 'U'), ('శ్వే', 'U'), ('శ', '|'), ('నా', 'U'), ('రా', 'U'), ('య', '|'), ('ణా', 'U')]",0.9428571428571428,1.0,1.0,0.9642857142857143,0.75,1.0
mattebhamu,"భవరోగంబుల మందు పాతకతమోబాలార్కబింబంబు క
ర్మ విషజ్వాలసుధాంశుగామృత తుషారవ్రాతపాథోధిమూ
ర్తివి కైవల్యపదావలోకన కళాదివ్యాంజనశ్రేష్ఠమై
భువిలో మీదగు మంత్రరాజ మమరున్‌ భూతాత్మ, నారాయణా!",vruttamu,Naarayana,"[('భ', '|'), ('వ', '|'), ('రో', 'U'), ('గం', 'U'), ('బు', '|'), ('ల', '|'), ('మం', 'U'), ('దు', '|'), ('పా', 'U'), ('త', '|'), ('క', '|'), ('త', '|'), ('మో', 'U'), ('బా', 'U'), ('లా', 'U'), ('ర్క', '|'), ('బిం', 'U'), ('బం', 'U'), ('బు', '|'), ('క', 'U'), ('ర్మ', '|'), ('వి', '|'), ('ష', 'U'), ('జ్వా', 'U'), ('ల', '|'), ('సు', '|'), ('ధాం', 'U'), ('శు', '|'), ('గా', 'U'), ('మృ', '|'), ('త', '|'), ('తు', '|'), ('షా', 'U'), ('ర', '|'), ('వ్రా', 'U'), ('త', '|'), ('పా', 'U'), ('థో', 'U'), ('ధి', '|'), ('మూ', 'U'), ('ర్తి', '|'), ('వి', '|'), ('కై', 'U'), ('వ', 'U'), ('ల్య', '|'), ('ప', '|'), ('దా', 'U'), ('వ', '|'), ('లో', 'U'), ('క', '|'), ('న', '|'), ('క', '|'), ('ళా', 'U'), ('ది', 'U'), ('వ్యాం', 'U'), ('జ', '|'), ('న', '|'), ('శ్రే', 'U'), ('ష్ఠ', '|'), ('మై', 'U'), ('భు', '|'), ('వి', '|'), ('లో', 'U'), ('మీ', 'U'), ('ద', '|'), ('గు', '|'), ('మం', 'U'), ('త్ర', '|'), ('రా', 'U'), ('జ', '|'), ('మ', '|'), ('మ', '|'), ('రు', 'U'), ('న్భూ', 'U'), ('తా', 'U'), ('త్మ', '|'), ('నా', 'U'), ('రా', 'U'), ('య', '|'), ('ణా', 'U')]",0.9857142857142858,1.0,1.0,0.9285714285714286,1.0,1.0
mattebhamu,"వరుసన్‌ గర్మపిపీలికాకృత తనూవల్మీకనాళంబులోఁ
బరుషాకారముతో వసించిన మహా పాపోరగశ్రేణికిం
బరమోచ్చాటనమై రహస్యమహిమం బాటింపుచు న్నుండు మీ
తిరుమంత్రం బగు మంత్రరాజ మమరుం దివ్యాత్మ, నారాయణా!",vruttamu,Naarayana,"[('వ', '|'), ('రు', '|'), ('స', 'U'), ('న్గ', 'U'), ('ర్మ', '|'), ('పి', '|'), ('పీ', 'U'), ('లి', '|'), ('కా', 'U'), ('కృ', '|'), ('త', '|'), ('త', '|'), ('నూ', 'U'), ('వ', 'U'), ('ల్మీ', 'U'), ('క', '|'), ('నా', 'U'), ('ళం', 'U'), ('బు', '|'), ('లో', 'U'), ('బ', '|'), ('రు', '|'), ('షా', 'U'), ('కా', 'U'), ('ర', '|'), ('ము', '|'), ('తో', 'U'), ('వ', '|'), ('సిం', 'U'), ('చి', '|'), ('న', '|'), ('మ', '|'), ('హా', 'U'), ('పా', 'U'), ('పో', 'U'), ('ర', '|'), ('గ', '|'), ('శ్రే', 'U'), ('ణి', '|'), ('కిం', 'U'), ('బ', '|'), ('ర', '|'), ('మో', 'U'), ('చ్చా', 'U'), ('ట', '|'), ('న', '|'), ('మై', 'U'), ('ర', '|'), ('హ', 'U'), ('స్య', '|'), ('మ', '|'), ('హి', '|'), ('మం', 'U'), ('బా', 'U'), ('టిం', 'U'), ('పు', '|'), ('చు', 'U'), ('న్నుం', 'U'), ('డు', '|'), ('మీ', 'U'), ('తి', '|'), ('రు', '|'), ('మం', 'U'), ('త్రం', 'U'), ('బ', '|'), ('గు', '|'), ('మం', 'U'), ('త్ర', '|'), ('రా', 'U'), ('జ', '|'), ('మ', '|'), ('మ', '|'), ('రుం', 'U'), ('ది', 'U'), ('వ్యా', 'U'), ('త్మ', '|'), ('నా', 'U'), ('రా', 'U'), ('య', '|'), ('ణా', 'U')]",0.9928571428571429,1.0,1.0,0.9642857142857143,1.0,1.0
mattebhamu,"హరుని న్నద్రిజ నాంజనేయుని గుహు న్నయ్యంబరీషున్‌ ధ్రువుం
గరిఁ బ్రహ్లాదు విభీషణాఖ్యుని బలిన్‌ ఘంటాశ్రవు న్నారదు\న్‌
గర మొప్ప న్విదురున్‌ బరాశరసుతున్‌ గాంగేయుని\న్‌ ద్రౌపదిన్‌
నరు నక్రూరునిఁ బాయకుండును భవన్నామంబు, నారాయణా!",vruttamu,Naarayana,"[('హ', '|'), ('రు', '|'), ('ని', 'U'), ('న్న', '|'), ('ద్రి', '|'), ('జ', '|'), ('నాం', 'U'), ('జ', '|'), ('నే', 'U'), ('యు', '|'), ('ని', '|'), ('గు', '|'), ('హు', 'U'), ('న్న', 'U'), ('య్యం', 'U'), ('బ', '|'), ('రీ', 'U'), ('షు', 'U'), ('న్ధ్రు', '|'), ('వుం', 'U'), ('గ', '|'), ('రి', '|'), ('బ్ర', 'U'), ('హ్లా', 'U'), ('దు', '|'), ('వి', '|'), ('భీ', 'U'), ('ష', '|'), ('ణా', 'U'), ('ఖ్యు', '|'), ('ని', '|'), ('బ', '|'), ('లి', 'U'), ('న్ఘం', 'U'), ('టా', 'U'), ('శ్ర', '|'), ('వు', 'U'), ('న్నా', 'U'), ('ర', '|'), ('దున్', 'U'), ('గ', '|'), ('ర', '|'), ('మొ', 'U'), ('ప్ప', 'U'), ('న్వి', '|'), ('దు', '|'), ('రు', 'U'), ('న్బ', '|'), ('రా', 'U'), ('శ', '|'), ('ర', '|'), ('సు', '|'), ('తు', 'U'), ('న్గాం', 'U'), ('గే', 'U'), ('యు', '|'), ('ని', 'U'), ('న్ద్రౌ', 'U'), ('ప', '|'), ('దిన్', 'U'), ('న', '|'), ('రు', '|'), ('న', '|'), ('క్రూ', 'U'), ('రు', '|'), ('ని', '|'), ('బా', 'U'), ('య', '|'), ('కుం', 'U'), ('డు', '|'), ('ను', '|'), ('భ', '|'), ('వ', 'U'), ('న్నా', 'U'), ('మం', 'U'), ('బు', '|'), ('నా', 'U'), ('రా', 'U'), ('య', '|'), ('ణా', 'U')]",0.9357142857142857,1.0,1.0,0.9285714285714286,0.75,1.0
saardulamu,"శ్రీకిన్మందిరమైన వక్షము, సురజ్యేష్ఠోద్భవస్థాన నా
భీకంజాతము, చంద్రికాంతర సుధాభివ్యక్త నేత్రంబులు\న్‌,
లోకస్తుత్య మరున్నదీజనక మాలోలాంఘ్రియు\న్‌ గల్గు నా
లోకారాధ్యుఁడ వైన నిన్నెపుడు నాలోఁ జూతు, నారాయణా!",vruttamu,Naarayana,"[('శ్రీ', 'U'), ('కి', 'U'), ('న్మం', 'U'), ('ది', '|'), ('ర', '|'), ('మై', 'U'), ('న', '|'), ('వ', 'U'), ('క్ష', '|'), ('ము', '|'), ('సు', '|'), ('ర', 'U'), ('జ్యే', 'U'), ('ష్ఠో', 'U'), ('ద్భ', '|'), ('వ', 'U'), ('స్థా', 'U'), ('న', '|'), ('నా', 'U'), ('భీ', 'U'), ('కం', 'U'), ('జా', 'U'), ('త', '|'), ('ము', '|'), ('చం', 'U'), ('ద్రి', '|'), ('కాం', 'U'), ('త', '|'), ('ర', '|'), ('సు', '|'), ('ధా', 'U'), ('భి', 'U'), ('వ్య', 'U'), ('క్త', '|'), ('నే', 'U'), ('త్రం', 'U'), ('బు', '|'), ('లున్', 'U'), ('లో', 'U'), ('క', 'U'), ('స్తు', 'U'), ('త్య', '|'), ('మ', '|'), ('రు', 'U'), ('న్న', '|'), ('దీ', 'U'), ('జ', '|'), ('న', '|'), ('క', '|'), ('మా', 'U'), ('లో', 'U'), ('లాం', 'U'), ('ఘ్రి', '|'), ('యు', 'U'), ('న్గ', 'U'), ('ల్గు', '|'), ('నా', 'U'), ('లో', 'U'), ('కా', 'U'), ('రా', 'U'), ('ధ్యు', '|'), ('డ', '|'), ('వై', 'U'), ('న', '|'), ('ని', 'U'), ('న్నె', '|'), ('పు', '|'), ('డు', '|'), ('నా', 'U'), ('లో', 'U'), ('జూ', 'U'), ('తు', '|'), ('నా', 'U'), ('రా', 'U'), ('య', '|'), ('ణా', 'U')]",1.0,1.0,1.0,1.0,1.0,1.0
saardulamu,"విందుల్‌ విందు లటంచు గోపరమణుల్‌ వ్రేపల్లెలోఁ బిన్ననాఁ
డందెల్‌ మ్రోయఁగ ముద్దుమోమలర ని న్నాలింగితుం జేయుచో
డెందంబుల్‌ దనివార రాగరసవీటీలీలల\న్‌ దేల్చు మీ
మందస్మేర ముఖేందురోచులు మము న్మన్నించు, నారాయణా!",vruttamu,Naarayana,"[('విం', 'U'), ('దు', 'U'), ('ల్విం', 'U'), ('దు', '|'), ('ల', '|'), ('టం', 'U'), ('చు', '|'), ('గో', 'U'), ('ప', '|'), ('ర', '|'), ('మ', '|'), ('ణు', 'U'), ('ల్వ్రే', 'U'), ('ప', 'U'), ('ల్లె', '|'), ('లో', 'U'), ('బి', 'U'), ('న్న', '|'), ('నా', 'U'), ('డం', 'U'), ('దె', 'U'), ('ల్మ్రో', 'U'), ('య', '|'), ('గ', '|'), ('ము', 'U'), ('ద్దు', '|'), ('మో', 'U'), ('మ', '|'), ('ల', '|'), ('ర', '|'), ('ని', 'U'), ('న్నా', 'U'), ('లిం', 'U'), ('గి', '|'), ('తుం', 'U'), ('జే', 'U'), ('యు', '|'), ('చో', 'U'), ('డెం', 'U'), ('దం', 'U'), ('బు', 'U'), ('ల్ద', '|'), ('ని', '|'), ('వా', 'U'), ('ర', '|'), ('రా', 'U'), ('గ', '|'), ('ర', '|'), ('స', '|'), ('వీ', 'U'), ('టీ', 'U'), ('లీ', 'U'), ('ల', '|'), ('ల', 'U'), ('న్దే', 'U'), ('ల్చు', '|'), ('మీ', 'U'), ('మం', 'U'), ('ద', 'U'), ('స్మే', 'U'), ('ర', '|'), ('ము', '|'), ('ఖేం', 'U'), ('దు', '|'), ('రో', 'U'), ('చు', '|'), ('లు', '|'), ('మ', '|'), ('ము', 'U'), ('న్మ', 'U'), ('న్నిం', 'U'), ('చు', '|'), ('నా', 'U'), ('రా', 'U'), ('య', '|'), ('ణా', 'U')]",0.95,1.0,1.0,1.0,0.75,1.0
saardulamu,"విందు ల్వచ్చిరి మీయశోదకడకు న్వేగంబె పొ మ్మయ్యయో
నందానందన! చందనాంకురమ! కృష్ణా! యింకఁబో వేమి మా
మందం జాతర సేయఁబోద మిదె రమ్మా యంచు మి మ్మెత్తుకో
చందం బబ్బిన నుబ్బకుండుదురె ఘోషస్త్రీలు, నారాయణా!",vruttamu,Naarayana,"[('విం', 'U'), ('దు', 'U'), ('ల్వ', 'U'), ('చ్చి', '|'), ('రి', '|'), ('మీ', 'U'), ('య', '|'), ('శో', 'U'), ('ద', '|'), ('క', '|'), ('డ', '|'), ('కు', 'U'), ('న్వే', 'U'), ('గం', 'U'), ('బె', '|'), ('పొ', 'U'), ('మ్మ', 'U'), ('య్య', '|'), ('యో', 'U'), ('నం', 'U'), ('దా', 'U'), ('నం', 'U'), ('ద', '|'), ('న', '|'), ('చం', 'U'), ('ద', '|'), ('నాం', 'U'), ('కు', '|'), ('ర', '|'), ('మ', '|'), ('కృ', 'U'), ('ష్ణా', 'U'), ('యిం', 'U'), ('క', '|'), ('బో', 'U'), ('వే', 'U'), ('మి', '|'), ('మా', 'U'), ('మం', 'U'), ('దం', 'U'), ('జా', 'U'), ('త', '|'), ('ర', '|'), ('సే', 'U'), ('య', '|'), ('బో', 'U'), ('ద', '|'), ('మి', '|'), ('దె', '|'), ('ర', 'U'), ('మ్మా', 'U'), ('యం', 'U'), ('చు', '|'), ('మి', 'U'), ('మ్మె', 'U'), ('త్తు', '|'), ('కో', 'U'), ('చం', 'U'), ('దం', 'U'), ('బ', 'U'), ('బ్బి', '|'), ('న', '|'), ('ను', 'U'), ('బ్బ', '|'), ('కుం', 'U'), ('డు', '|'), ('దు', '|'), ('రె', '|'), ('ఘో', 'U'), ('ష', 'U'), ('స్త్రీ', 'U'), ('లు', '|'), ('నా', 'U'), ('రా', 'U'), ('య', '|'), ('ణా', 'U')]",1.0,1.0,1.0,1.0,1.0,1.0
saardulamu,"అన్నా కృష్ణమ నేడు వేల్పులకు మీఁదన్నార మీచట్లలో
వెన్నల్‌ ముట్టకు మన్న నాక్షణమున న్విశ్వాకృతిస్ఫూర్తి వై
యున్నన్‌ దిక్కులు చూచుచున్‌ బెగడి నిన్నోలి న్నుతుల్‌ సేయుచున్‌
గన్నుల్‌ మూయ యశోదకున్‌ జిఱుత వై కన్పింతు, నారాయణా!",vruttamu,Naarayana,"[('అ', 'U'), ('న్నా', 'U'), ('కృ', 'U'), ('ష్ణ', '|'), ('మ', '|'), ('నే', 'U'), ('డు', '|'), ('వే', 'U'), ('ల్పు', '|'), ('ల', '|'), ('కు', '|'), ('మీ', 'U'), ('ద', 'U'), ('న్నా', 'U'), ('ర', '|'), ('మీ', 'U'), ('చ', 'U'), ('ట్ల', '|'), ('లో', 'U'), ('వె', 'U'), ('న్న', 'U'), ('ల్ము', 'U'), ('ట్ట', '|'), ('కు', '|'), ('మ', 'U'), ('న్న', '|'), ('నా', 'U'), ('క్ష', '|'), ('ణ', '|'), ('ము', '|'), ('న', 'U'), ('న్వి', 'U'), ('శ్వా', 'U'), ('కృ', '|'), ('తి', 'U'), ('స్ఫూ', 'U'), ('ర్తి', '|'), ('వై', 'U'), ('యు', 'U'), ('న్న', 'U'), ('న్ది', 'U'), ('క్కు', '|'), ('లు', '|'), ('చూ', 'U'), ('చు', '|'), ('చు', 'U'), ('న్బె', '|'), ('గ', '|'), ('డి', '|'), ('ని', 'U'), ('న్నో', 'U'), ('లి', 'U'), ('న్ను', '|'), ('తు', 'U'), ('ల్సే', 'U'), ('యు', '|'), ('చున్', 'U'), ('గ', 'U'), ('న్ను', 'U'), ('ల్మూ', 'U'), ('య', '|'), ('య', '|'), ('శో', 'U'), ('ద', '|'), ('కు', 'U'), ('న్జి', '|'), ('ఱు', '|'), ('త', '|'), ('వై', 'U'), ('క', 'U'), ('న్పిం', 'U'), ('తు', '|'), ('నా', 'U'), ('రా', 'U'), ('య', '|'), ('ణా', 'U')]",0.9,1.0,1.0,1.0,0.5,1.0
saardulamu,"ఉల్లోలంబులుగాఁ గురుల్‌ నుదుటిపై నుప్పొంగ మోమెత్తి ధ
మ్మిల్లం బల్లలనాడ రాగరససమ్మిశ్రంబుగా నీవు వ్రే
పల్లెం దాడుచు గోప గోనివహ గోపస్త్రీల యుల్లంబు మీ
పిల్లంగ్రోవిని జుట్టి రాఁ దిగుచు నీ పెంపొప్పు, నారాయణా!",vruttamu,Naarayana,"[('ఉ', 'U'), ('ల్లో', 'U'), ('లం', 'U'), ('బు', '|'), ('లు', '|'), ('గా', 'U'), ('గు', '|'), ('రు', 'U'), ('ల్ను', '|'), ('దు', '|'), ('టి', '|'), ('పై', 'U'), ('ను', 'U'), ('ప్పొం', 'U'), ('గ', '|'), ('మో', 'U'), ('మె', 'U'), ('త్తి', '|'), ('ధ', 'U'), ('మ్మి', 'U'), ('ల్లం', 'U'), ('బ', 'U'), ('ల్ల', '|'), ('ల', '|'), ('నా', 'U'), ('డ', '|'), ('రా', 'U'), ('గ', '|'), ('ర', '|'), ('స', '|'), ('స', 'U'), ('మ్మి', '|'), ('శ్రం', 'U'), ('బు', '|'), ('గా', 'U'), ('నీ', 'U'), ('వు', '|'), ('వ్రే', 'U'), ('ప', 'U'), ('ల్లెం', 'U'), ('దా', 'U'), ('డు', '|'), ('చు', '|'), ('గో', 'U'), ('ప', '|'), ('గో', 'U'), ('ని', '|'), ('వ', '|'), ('హ', '|'), ('గో', 'U'), ('ప', 'U'), ('స్త్రీ', 'U'), ('ల', '|'), ('యు', 'U'), ('ల్లం', 'U'), ('బు', '|'), ('మీ', 'U'), ('పి', 'U'), ('ల్లం', 'U'), ('గ్రో', 'U'), ('వి', '|'), ('ని', '|'), ('జు', 'U'), ('ట్టి', '|'), ('రా', 'U'), ('ది', '|'), ('గు', '|'), ('చు', '|'), ('నీ', 'U'), ('పెం', 'U'), ('పొ', 'U'), ('ప్పు', '|'), ('నా', 'U'), ('రా', 'U'), ('య', '|'), ('ణా', 'U')]",0.9428571428571428,1.0,1.0,0.9642857142857143,0.75,1.0
mattebhamu,"కసవొప్పన్‌ పసి మేసి ప్రొద్దు గలుగం గాంతారముం బాసి య
ప్పసియు న్నీవును వచ్చుచో నెదురుగాఁ బైకొన్న గోపాంగనా
రసవద్వృత్తపయోధరద్వయ హరిద్రాలేపనామోదముల్‌
పసిఁ గొంచున్‌ బసిఁ గొంచు వచ్చుటలు నే భావింతు, నారాయణా!",vruttamu,Naarayana,"[('క', '|'), ('స', '|'), ('వొ', 'U'), ('ప్ప', 'U'), ('న్ప', '|'), ('సి', '|'), ('మే', 'U'), ('సి', '|'), ('ప్రొ', 'U'), ('ద్దు', '|'), ('గ', '|'), ('లు', '|'), ('గం', 'U'), ('గాం', 'U'), ('తా', 'U'), ('ర', '|'), ('ముం', 'U'), ('బా', 'U'), ('సి', '|'), ('య', 'U'), ('ప్ప', '|'), ('సి', '|'), ('యు', 'U'), ('న్నీ', 'U'), ('వు', '|'), ('ను', '|'), ('వ', 'U'), ('చ్చు', '|'), ('చో', 'U'), ('నె', '|'), ('దు', '|'), ('రు', '|'), ('గా', 'U'), ('బై', 'U'), ('కొ', 'U'), ('న్న', '|'), ('గో', 'U'), ('పాం', 'U'), ('గ', '|'), ('నా', 'U'), ('ర', '|'), ('స', '|'), ('వ', 'U'), ('ద్వృ', 'U'), ('త్త', '|'), ('ప', '|'), ('యో', 'U'), ('ధ', '|'), ('ర', 'U'), ('ద్వ', '|'), ('య', '|'), ('హ', '|'), ('రి', '|'), ('ద్రా', 'U'), ('లే', 'U'), ('ప', '|'), ('నా', 'U'), ('మో', 'U'), ('ద', '|'), ('ముల్', 'U'), ('ప', '|'), ('సి', '|'), ('గొం', 'U'), ('చు', 'U'), ('న్బ', '|'), ('సి', '|'), ('గొం', 'U'), ('చు', '|'), ('వ', 'U'), ('చ్చు', '|'), ('ట', '|'), ('లు', '|'), ('నే', 'U'), ('భా', 'U'), ('విం', 'U'), ('తు', '|'), ('నా', 'U'), ('రా', 'U'), ('య', '|'), ('ణా', 'U')]",0.9928571428571429,1.0,1.0,0.9642857142857143,1.0,1.0
saardulamu,"చన్నుల్‌ మీదిఁకి చౌకళింప నడుముం జవ్వాడ కందర్పసం
పన్నాఖ్యంబు నటించు మాడ్కి కబరీభారంబు లూటాడఁగా
విన్నాణంబు నటింప గోపజన గోబృందంబుతో వచ్చు మీ
వన్నెల్‌ కన్నుల ముంచి గ్రోలుటలు నే వర్ణింతు, నారాయణా!",vruttamu,Naarayana,"[('చ', 'U'), ('న్ను', 'U'), ('ల్మీ', 'U'), ('ది', '|'), ('కి', '|'), ('చౌ', 'U'), ('క', '|'), ('ళిం', 'U'), ('ప', '|'), ('న', '|'), ('డు', '|'), ('ముం', 'U'), ('జ', 'U'), ('వ్వా', 'U'), ('డ', '|'), ('కం', 'U'), ('ద', 'U'), ('ర్ప', '|'), ('సం', 'U'), ('ప', 'U'), ('న్నా', 'U'), ('ఖ్యం', 'U'), ('బు', '|'), ('న', '|'), ('టిం', 'U'), ('చు', '|'), ('మా', 'U'), ('డ్కి', '|'), ('క', '|'), ('బ', '|'), ('రీ', 'U'), ('భా', 'U'), ('రం', 'U'), ('బు', '|'), ('లూ', 'U'), ('టా', 'U'), ('డ', '|'), ('గా', 'U'), ('వి', 'U'), ('న్నా', 'U'), ('ణం', 'U'), ('బు', '|'), ('న', '|'), ('టిం', 'U'), ('ప', '|'), ('గో', 'U'), ('ప', '|'), ('జ', '|'), ('న', '|'), ('గో', 'U'), ('బృం', 'U'), ('దం', 'U'), ('బు', '|'), ('తో', 'U'), ('వ', 'U'), ('చ్చు', '|'), ('మీ', 'U'), ('వ', 'U'), ('న్నె', 'U'), ('ల్క', 'U'), ('న్ను', '|'), ('ల', '|'), ('ముం', 'U'), ('చి', '|'), ('గ్రో', 'U'), ('లు', '|'), ('ట', '|'), ('లు', '|'), ('నే', 'U'), ('వ', 'U'), ('ర్ణిం', 'U'), ('తు', '|'), ('నా', 'U'), ('రా', 'U'), ('య', '|'), ('ణా', 'U')]",0.95,1.0,1.0,1.0,0.75,1.0
mattebhamu,"పెరుగుల్‌ ద్రచ్చుచు నొక్కగోపిక మిముం బ్రేమంబునం జూచి రా
గ రసావేశత రిత్త ద్రచ్చ నిడ నాకవ్వంబు నీవు న్మనో
హరలీలం గనుగొంచు ధేను వని యయ్యాబోతునుం బట్టి తీ
వరవృత్తాంతము లేను పుణ్యకథగా వర్ణింతు, నారాయణా!",vruttamu,Naarayana,"[('పె', '|'), ('రు', '|'), ('గు', 'U'), ('ల్ద్ర', 'U'), ('చ్చు', '|'), ('చు', '|'), ('నొ', 'U'), ('క్క', '|'), ('గో', 'U'), ('పి', '|'), ('క', '|'), ('మి', '|'), ('ముం', 'U'), ('బ్రే', 'U'), ('మం', 'U'), ('బు', '|'), ('నం', 'U'), ('జూ', 'U'), ('చి', '|'), ('రా', 'U'), ('గ', '|'), ('ర', '|'), ('సా', 'U'), ('వే', 'U'), ('శ', '|'), ('త', '|'), ('రి', 'U'), ('త్త', '|'), ('ద్ర', 'U'), ('చ్చ', '|'), ('ని', '|'), ('డ', '|'), ('నా', 'U'), ('క', 'U'), ('వ్వం', 'U'), ('బు', '|'), ('నీ', 'U'), ('వు', 'U'), ('న్మ', '|'), ('నో', 'U'), ('హ', '|'), ('ర', '|'), ('లీ', 'U'), ('లం', 'U'), ('గ', '|'), ('ను', '|'), ('గొం', 'U'), ('చు', '|'), ('ధే', 'U'), ('ను', '|'), ('వ', '|'), ('ని', '|'), ('య', 'U'), ('య్యా', 'U'), ('బో', 'U'), ('తు', '|'), ('నుం', 'U'), ('బ', 'U'), ('ట్టి', '|'), ('తీ', 'U'), ('వ', '|'), ('ర', '|'), ('వృ', 'U'), ('త్తాం', 'U'), ('త', '|'), ('ము', '|'), ('లే', 'U'), ('ను', '|'), ('పు', 'U'), ('ణ్య', '|'), ('క', '|'), ('థ', '|'), ('గా', 'U'), ('వ', 'U'), ('ర్ణిం', 'U'), ('తు', '|'), ('నా', 'U'), ('రా', 'U'), ('య', '|'), ('ణా', 'U')]",1.0,1.0,1.0,1.0,1.0,1.0
saardulamu,"కేల\న్‌ గోలయు గూటిచిక్కము నొగిం గీలించి నెత్తంబునం
బీలీపించముఁ జుట్టి నెన్నడుమునం బింఛావళి\న్‌ గట్టి క
ర్ణాలంకార కదంబగుచ్ఛ మధుమత్తాలీస్వనం బొప్ప నీ
వాలన్‌ గాచినభావ మిట్టి దని నే వర్ణింతు, నారాయణా!",vruttamu,Naarayana,"[('కే', 'U'), ('ల', 'U'), ('న్గో', 'U'), ('ల', '|'), ('యు', '|'), ('గూ', 'U'), ('టి', '|'), ('చి', 'U'), ('క్క', '|'), ('ము', '|'), ('నొ', '|'), ('గిం', 'U'), ('గీ', 'U'), ('లిం', 'U'), ('చి', '|'), ('నె', 'U'), ('త్తం', 'U'), ('బు', '|'), ('నం', 'U'), ('బీ', 'U'), ('లీ', 'U'), ('పిం', 'U'), ('చ', '|'), ('ము', '|'), ('జు', 'U'), ('ట్టి', '|'), ('నె', 'U'), ('న్న', '|'), ('డు', '|'), ('ము', '|'), ('నం', 'U'), ('బిం', 'U'), ('ఛా', 'U'), ('వ', '|'), ('ళి', 'U'), ('న్గ', 'U'), ('ట్టి', '|'), ('క', 'U'), ('ర్ణా', 'U'), ('లం', 'U'), ('కా', 'U'), ('ర', '|'), ('క', '|'), ('దం', 'U'), ('బ', '|'), ('గు', 'U'), ('చ్ఛ', '|'), ('మ', '|'), ('ధు', '|'), ('మ', 'U'), ('త్తా', 'U'), ('లీ', 'U'), ('స్వ', '|'), ('నం', 'U'), ('బొ', 'U'), ('ప్ప', '|'), ('నీ', 'U'), ('వా', 'U'), ('ల', 'U'), ('న్గా', 'U'), ('చి', '|'), ('న', '|'), ('భా', 'U'), ('వ', '|'), ('మి', 'U'), ('ట్టి', '|'), ('ద', '|'), ('ని', '|'), ('నే', 'U'), ('వ', 'U'), ('ర్ణిం', 'U'), ('తు', '|'), ('నా', 'U'), ('రా', 'U'), ('య', '|'), ('ణా', 'U')]",0.95,1.0,1.0,1.0,0.75,1.0
saardulamu,"కాళిందీతటభూమి నాలకదుపుల్‌ కాలూఁది మేయ\న్‌ సము
త్తాలోల తమాలపాదప శిఖాంతస్థుండవై వేణురం
ధ్రాలిన్‌ రాగరసంబు నిండ విలసద్రాగంబు సంధించి గో
పాలవ్రాతము గండుగోయిలలుగా వర్ణింతు, నారాయణా!",vruttamu,Naarayana,"[('కా', 'U'), ('ళిం', 'U'), ('దీ', 'U'), ('త', '|'), ('ట', '|'), ('భూ', 'U'), ('మి', '|'), ('నా', 'U'), ('ల', '|'), ('క', '|'), ('దు', '|'), ('పు', 'U'), ('ల్కా', 'U'), ('లూ', 'U'), ('ది', '|'), ('మే', 'U'), ('య', 'U'), ('న్స', '|'), ('ము', 'U'), ('త్తా', 'U'), ('లో', 'U'), ('ల', '|'), ('త', '|'), ('మా', 'U'), ('ల', '|'), ('పా', 'U'), ('ద', '|'), ('ప', '|'), ('శి', '|'), ('ఖాం', 'U'), ('త', 'U'), ('స్థుం', 'U'), ('డ', '|'), ('వై', 'U'), ('వే', 'U'), ('ణు', '|'), ('రం', 'U'), ('ధ్రా', 'U'), ('లి', '|'), ('న్రా', 'U'), ('గ', '|'), ('ర', '|'), ('సం', 'U'), ('బు', '|'), ('నిం', 'U'), ('డ', '|'), ('వి', '|'), ('ల', '|'), ('స', '|'), ('ద్రా', 'U'), ('గం', 'U'), ('బు', '|'), ('సం', 'U'), ('ధిం', 'U'), ('చి', '|'), ('గో', 'U'), ('పా', 'U'), ('ల', '|'), ('వ్రా', 'U'), ('త', '|'), ('ము', '|'), ('గం', 'U'), ('డు', '|'), ('గో', 'U'), ('యి', '|'), ('ల', '|'), ('లు', '|'), ('గా', 'U'), ('వ', 'U'), ('ర్ణిం', 'U'), ('తు', '|'), ('నా', 'U'), ('రా', 'U'), ('య', '|'), ('ణా', 'U')]",0.5687969924812031,0.9868421052631579,1.0,0.3571428571428572,0.25,0.25
saardulamu,"రాణించెన్‌ గడు నంచు నీసహచరుల్‌ రాగిల్లి సోలంగ మీ
వేణుక్వాణము వీనులం బడి మనోవీథుల్‌ బయల్‌ముట్టఁగా
ఘోణాగ్రంబులు మీదిఁ కెత్తుకొని లాంగూలంబు లల్లార్చి గో
శ్రేణుల్‌ చిందులు ద్రొక్కి యాడుటలు నేఁ జర్చింతు, నారాయణా!",vruttamu,Naarayana,"[('రా', 'U'), ('ణిం', 'U'), ('చె', 'U'), ('న్గ', '|'), ('డు', '|'), ('నం', 'U'), ('చు', '|'), ('నీ', 'U'), ('స', '|'), ('హ', '|'), ('చ', '|'), ('రు', '|'), ('ల్రా', 'U'), ('గి', 'U'), ('ల్లి', '|'), ('సో', 'U'), ('లం', 'U'), ('గ', '|'), ('మీ', 'U'), ('వే', 'U'), ('ణు', 'U'), ('క్వా', 'U'), ('ణ', '|'), ('ము', '|'), ('వీ', 'U'), ('ను', '|'), ('లం', 'U'), ('బ', '|'), ('డి', '|'), ('మ', '|'), ('నో', 'U'), ('వీ', 'U'), ('థు', 'U'), ('ల్బ', '|'), ('య', 'U'), ('ల్ము', 'U'), ('ట్ట', '|'), ('గా', 'U'), ('ఘో', 'U'), ('ణా', 'U'), ('గ్రం', 'U'), ('బు', '|'), ('లు', '|'), ('మీ', 'U'), ('ది', '|'), ('కె', 'U'), ('త్తు', '|'), ('కొ', '|'), ('ని', '|'), ('లాం', 'U'), ('గూ', 'U'), ('లం', 'U'), ('బు', '|'), ('ల', 'U'), ('ల్లా', 'U'), ('ర్చి', '|'), ('గో', 'U'), ('శ్రే', 'U'), ('ణు', 'U'), ('ల్చిం', 'U'), ('దు', '|'), ('లు', '|'), ('ద్రొ', 'U'), ('క్కి', '|'), ('యా', 'U'), ('డు', '|'), ('ట', '|'), ('లు', '|'), ('నే', 'U'), ('జ', 'U'), ('ర్చిం', 'U'), ('తు', '|'), ('నా', 'U'), ('రా', 'U'), ('య', '|'), ('ణా', 'U')]",0.9428571428571428,1.0,1.0,0.9642857142857143,0.75,1.0
mattebhamu,"పసులంగాపరి యే మెఱుంగు మధురప్రాయోల్లసద్వృత్తవా
గ్విసరారావము మోవి దా వెదురుగ్రోవిం బెట్టినాఁ డంచు ని\న్‌
గసటుల్‌ సేయఁగ నాఁడు గోపిక లతద్గానంబులన్‌ మన్మథ
వ్యసనాసక్తులఁ జేయుచందములు నే వర్ణింతు, నారాయణా!",vruttamu,Naarayana,"[('ప', '|'), ('సు', '|'), ('లం', 'U'), ('గా', 'U'), ('ప', '|'), ('రి', '|'), ('యే', 'U'), ('మె', '|'), ('ఱుం', 'U'), ('గు', '|'), ('మ', '|'), ('ధు', '|'), ('ర', '|'), ('ప్రా', 'U'), ('యో', 'U'), ('ల్ల', '|'), ('స', 'U'), ('ద్వృ', 'U'), ('త్త', '|'), ('వా', 'U'), ('గ్వి', '|'), ('స', '|'), ('రా', 'U'), ('రా', 'U'), ('వ', '|'), ('ము', '|'), ('మో', 'U'), ('వి', '|'), ('దా', 'U'), ('వె', '|'), ('దు', '|'), ('రు', '|'), ('గ్రో', 'U'), ('విం', 'U'), ('బె', 'U'), ('ట్టి', '|'), ('నా', 'U'), ('డం', 'U'), ('చు', '|'), ('నిన్', 'U'), ('గ', '|'), ('స', '|'), ('టు', 'U'), ('ల్సే', 'U'), ('య', '|'), ('గ', '|'), ('నా', 'U'), ('డు', '|'), ('గో', 'U'), ('పి', '|'), ('క', '|'), ('ల', '|'), ('త', 'U'), ('ద్గా', 'U'), ('నం', 'U'), ('బు', '|'), ('ల', 'U'), ('న్మ', 'U'), ('న్మ', '|'), ('థ', 'U'), ('వ్య', '|'), ('స', '|'), ('నా', 'U'), ('స', 'U'), ('క్తు', '|'), ('ల', '|'), ('జే', 'U'), ('యు', '|'), ('చం', 'U'), ('ద', '|'), ('ము', '|'), ('లు', '|'), ('నే', 'U'), ('వ', 'U'), ('ర్ణిం', 'U'), ('తు', '|'), ('నా', 'U'), ('రా', 'U'), ('య', '|'), ('ణా', 'U')]",0.9928571428571429,1.0,1.0,0.9642857142857143,1.0,1.0
mattebhamu,"జడ యెంతేఁ దడ వయ్యె జెయ్యి యలసె\న్‌ శైలంబు మాచేతులం
దిడు మన్న\న్‌ జిరునవ్వుతో వదలిన\న్‌ హీనోక్తి గీపెట్ట నె
క్కుడు గోవుల్‌ బ్రియమంద నింద్రుఁ డడలం గోవర్ధనాద్రీంద్రమున్‌
గొడుగై యుండగఁ గేలఁ బూనితి గదా గోవింద, నారాయణా!",vruttamu,Naarayana,"[('జ', '|'), ('డ', '|'), ('యెం', 'U'), ('తే', 'U'), ('ద', '|'), ('డ', '|'), ('వ', 'U'), ('య్యె', '|'), ('జె', 'U'), ('య్యి', '|'), ('య', '|'), ('ల', '|'), ('సె', 'U'), ('న్శై', 'U'), ('లం', 'U'), ('బు', '|'), ('మా', 'U'), ('చే', 'U'), ('తు', '|'), ('లం', 'U'), ('ది', '|'), ('డు', '|'), ('మ', 'U'), ('న్న', 'U'), ('న్జి', '|'), ('రు', '|'), ('న', 'U'), ('వ్వు', '|'), ('తో', 'U'), ('వ', '|'), ('ద', '|'), ('లి', '|'), ('న', 'U'), ('న్హీ', 'U'), ('నో', 'U'), ('క్తి', '|'), ('గీ', 'U'), ('పె', 'U'), ('ట్ట', '|'), ('నె', 'U'), ('క్కు', '|'), ('డు', '|'), ('గో', 'U'), ('వు', 'U'), ('ల్బ్రి', '|'), ('య', '|'), ('మం', 'U'), ('ద', '|'), ('నిం', 'U'), ('ద్రు', '|'), ('డ', '|'), ('డ', '|'), ('లం', 'U'), ('గో', 'U'), ('వ', 'U'), ('ర్ధ', '|'), ('నా', 'U'), ('ద్రీం', 'U'), ('ద్ర', '|'), ('మున్', 'U'), ('గొ', '|'), ('డు', '|'), ('గై', 'U'), ('యుం', 'U'), ('డ', '|'), ('గ', '|'), ('గే', 'U'), ('ల', '|'), ('బూ', 'U'), ('ని', '|'), ('తి', '|'), ('గ', '|'), ('దా', 'U'), ('గో', 'U'), ('విం', 'U'), ('ద', '|'), ('నా', 'U'), ('రా', 'U'), ('య', '|'), ('ణా', 'U')]",0.95,1.0,1.0,1.0,0.75,1.0
mattebhamu,"లలితాకుంచితవేణియం దడవిమొల్లల్‌ జాఱ ఫాలస్థలి\న్‌
దిలకం బొయ్యన జాఱఁ గుండలరుచుల్‌ దీపింప లేఁజెక్కులన్‌
మొలకన్నవ్వుల చూపు లోరగిల మే న్మువ్వంకల\న్‌ బోవఁగా
నలి గైకొందువు గాదె నీవు మురళీనాట్యంబు, నారాయణా!",vruttamu,Naarayana,"[('ల', '|'), ('లి', '|'), ('తా', 'U'), ('కుం', 'U'), ('చి', '|'), ('త', '|'), ('వే', 'U'), ('ణి', '|'), ('యం', 'U'), ('ద', '|'), ('డ', '|'), ('వి', '|'), ('మొ', 'U'), ('ల్ల', 'U'), ('ల్జా', 'U'), ('ఱ', '|'), ('ఫా', 'U'), ('ల', 'U'), ('స్థ', '|'), ('లిన్', 'U'), ('ది', '|'), ('ల', '|'), ('కం', 'U'), ('బొ', 'U'), ('య్య', '|'), ('న', '|'), ('జా', 'U'), ('ఱ', '|'), ('గుం', 'U'), ('డ', '|'), ('ల', '|'), ('రు', '|'), ('చు', 'U'), ('ల్దీ', 'U'), ('పిం', 'U'), ('ప', '|'), ('లే', 'U'), ('జె', 'U'), ('క్కు', '|'), ('లన్', 'U'), ('మొ', '|'), ('ల', '|'), ('క', 'U'), ('న్న', 'U'), ('వ్వు', '|'), ('ల', '|'), ('చూ', 'U'), ('పు', '|'), ('లో', 'U'), ('ర', '|'), ('గి', '|'), ('ల', '|'), ('మే', 'U'), ('న్ము', 'U'), ('వ్వం', 'U'), ('క', '|'), ('ల', 'U'), ('న్బో', 'U'), ('వ', '|'), ('గా', 'U'), ('న', '|'), ('లి', '|'), ('గై', 'U'), ('కొం', 'U'), ('దు', '|'), ('వు', '|'), ('గా', 'U'), ('దె', '|'), ('నీ', 'U'), ('వు', '|'), ('ము', '|'), ('ర', '|'), ('ళీ', 'U'), ('నా', 'U'), ('ట్యం', 'U'), ('బు', '|'), ('నా', 'U'), ('రా', 'U'), ('య', '|'), ('ణా', 'U')]",1.0,1.0,1.0,1.0,1.0,1.0
saardulamu,"మాపాలం గడు గ్రొవ్వి గోపికలతో మత్తిల్లి వర్తింతువే
మాపాలెంబుల వచ్చి యుండుదు వెస న్మాపాలలో నుండు మీ
మాపా లైనసుఖాబ్ధిలో మునుగుచున్‌ మన్నించి తా గొల్లలన్‌
మాపాలం గలవేల్పు వీవె యని కా మన్నింతు, నారాయణా!",vruttamu,Naarayana,"[('మా', 'U'), ('పా', 'U'), ('లం', 'U'), ('గ', '|'), ('డు', '|'), ('గ్రొ', 'U'), ('వ్వి', '|'), ('గో', 'U'), ('పి', '|'), ('క', '|'), ('ల', '|'), ('తో', 'U'), ('మ', 'U'), ('త్తి', 'U'), ('ల్లి', '|'), ('వ', 'U'), ('ర్తిం', 'U'), ('తు', '|'), ('వే', 'U'), ('మా', 'U'), ('పా', 'U'), ('లెం', 'U'), ('బు', '|'), ('ల', '|'), ('వ', 'U'), ('చ్చి', '|'), ('యుం', 'U'), ('డు', '|'), ('దు', '|'), ('వె', '|'), ('స', 'U'), ('న్మా', 'U'), ('పా', 'U'), ('ల', '|'), ('లో', 'U'), ('నుం', 'U'), ('డు', '|'), ('మీ', 'U'), ('మా', 'U'), ('పా', 'U'), ('లై', 'U'), ('న', '|'), ('సు', '|'), ('ఖా', 'U'), ('బ్ధి', '|'), ('లో', 'U'), ('ము', '|'), ('ను', '|'), ('గు', '|'), ('చు', 'U'), ('న్మ', 'U'), ('న్నిం', 'U'), ('చి', '|'), ('తా', 'U'), ('గొ', 'U'), ('ల్ల', '|'), ('లన్', 'U'), ('మా', 'U'), ('పా', 'U'), ('లం', 'U'), ('గ', '|'), ('ల', '|'), ('వే', 'U'), ('ల్పు', '|'), ('వీ', 'U'), ('వె', '|'), ('య', '|'), ('ని', '|'), ('కా', 'U'), ('మ', 'U'), ('న్నిం', 'U'), ('తు', '|'), ('నా', 'U'), ('రా', 'U'), ('య', '|'), ('ణా', 'U')]",1.0,1.0,1.0,1.0,1.0,1.0
mattebhamu,"ఒకకాంతామణి కొక్క డీవు మఱియు న్నొక్కర్తె కొక్కండ వై
సకలస్త్రీలకు సంతతం బలర రాసక్రీడ తన్మధ్య క
ల్పకమూలంబు సవేణునాదరస మొప్పంగా బదార్వేల గో
పికలం జెంది వినోద మొందునెడ నీ పెంపొప్పు నారాయణా!",vruttamu,Naarayana,"[('ఒ', '|'), ('క', '|'), ('కాం', 'U'), ('తా', 'U'), ('మ', '|'), ('ణి', '|'), ('కొ', 'U'), ('క్క', '|'), ('డీ', 'U'), ('వు', '|'), ('మ', '|'), ('ఱి', '|'), ('యు', 'U'), ('న్నొ', 'U'), ('క్క', 'U'), ('ర్తె', '|'), ('కొ', 'U'), ('క్కం', 'U'), ('డ', '|'), ('వై', 'U'), ('స', '|'), ('క', '|'), ('ల', 'U'), ('స్త్రీ', 'U'), ('ల', '|'), ('కు', '|'), ('సం', 'U'), ('త', '|'), ('తం', 'U'), ('బ', '|'), ('ల', '|'), ('ర', '|'), ('రా', 'U'), ('స', '|'), ('క్రీ', 'U'), ('డ', '|'), ('త', 'U'), ('న్మ', 'U'), ('ధ్య', '|'), ('క', 'U'), ('ల్ప', '|'), ('క', '|'), ('మూ', 'U'), ('లం', 'U'), ('బు', '|'), ('స', '|'), ('వే', 'U'), ('ణు', '|'), ('నా', 'U'), ('ద', '|'), ('ర', '|'), ('స', '|'), ('మొ', 'U'), ('ప్పం', 'U'), ('గా', 'U'), ('బ', '|'), ('దా', 'U'), ('ర్వే', 'U'), ('ల', '|'), ('గో', 'U'), ('పి', '|'), ('క', '|'), ('లం', 'U'), ('జెం', 'U'), ('ది', '|'), ('వి', '|'), ('నో', 'U'), ('ద', '|'), ('మొం', 'U'), ('దు', '|'), ('నె', '|'), ('డ', '|'), ('నీ', 'U'), ('పెం', 'U'), ('పొ', 'U'), ('ప్పు', '|'), ('నా', 'U'), ('రా', 'U'), ('య', '|'), ('ణా', 'U')]",0.9428571428571428,1.0,1.0,0.9642857142857143,0.75,1.0
mattebhamu,"లలితం బైన భవత్తనూవిలసనన్‌ లావణ్యదివ్యామృతం
బలుఁగు ల్వారఁగ నీకటాక్షమునఁ దా మందంద గోపాంగనల్‌
తలఁపు ల్పాదులు కట్టి కందళిత నూత్నశ్రీలు వాటింతు రా
నెలతల్‌ తీవెలు చైత్రవిస్ఫురణమౌ నీ యొప్పు నారాయణా!",vruttamu,Naarayana,"[('ల', '|'), ('లి', '|'), ('తం', 'U'), ('బై', 'U'), ('న', '|'), ('భ', '|'), ('వ', 'U'), ('త్త', '|'), ('నూ', 'U'), ('వి', '|'), ('ల', '|'), ('స', '|'), ('న', 'U'), ('న్లా', 'U'), ('వ', 'U'), ('ణ్య', '|'), ('ది', 'U'), ('వ్యా', 'U'), ('మృ', '|'), ('తం', 'U'), ('బ', '|'), ('లు', '|'), ('గు', 'U'), ('ల్వా', 'U'), ('ర', '|'), ('గ', '|'), ('నీ', 'U'), ('క', '|'), ('టా', 'U'), ('క్ష', '|'), ('ము', '|'), ('న', '|'), ('దా', 'U'), ('మం', 'U'), ('దం', 'U'), ('ద', '|'), ('గో', 'U'), ('పాం', 'U'), ('గ', '|'), ('నల్', 'U'), ('త', '|'), ('ల', '|'), ('పు', 'U'), ('ల్పా', 'U'), ('దు', '|'), ('లు', '|'), ('క', 'U'), ('ట్టి', '|'), ('కం', 'U'), ('ద', '|'), ('ళి', '|'), ('త', '|'), ('నూ', 'U'), ('త్న', '|'), ('శ్రీ', 'U'), ('లు', '|'), ('వా', 'U'), ('టిం', 'U'), ('తు', '|'), ('రా', 'U'), ('నె', '|'), ('ల', '|'), ('త', 'U'), ('ల్తీ', 'U'), ('వె', '|'), ('లు', '|'), ('చై', 'U'), ('త్ర', '|'), ('వి', 'U'), ('స్ఫు', '|'), ('ర', '|'), ('ణ', '|'), ('మౌ', 'U'), ('నీ', 'U'), ('యొ', 'U'), ('ప్పు', '|'), ('నా', 'U'), ('రా', 'U'), ('య', '|'), ('ణా', 'U')]",0.9928571428571429,1.0,1.0,0.9642857142857143,1.0,1.0
mattebhamu,"లీలన్‌ పూతనప్రాణవాయువులు పాలిండ్లందు వెళ్ళించి, దు
శ్శీలుండై చను బండిదానవు వెసం జిందై పడం దన్ని యా
రోల న్మద్దులు గూల్చి ధేనుదనుజున్‌ రోఁజంగ నీల్గించి వే
కూలన్‌ కంసునిఁ గొట్టి గోపికలకోర్కుల్‌ దీర్తు, నారాయణా!",vruttamu,Naarayana,"[('లీ', 'U'), ('ల', 'U'), ('న్పూ', 'U'), ('త', '|'), ('న', '|'), ('ప్రా', 'U'), ('ణ', '|'), ('వా', 'U'), ('యు', '|'), ('వు', '|'), ('లు', '|'), ('పా', 'U'), ('లిం', 'U'), ('డ్లం', 'U'), ('దు', '|'), ('వె', 'U'), ('ళ్ళిం', 'U'), ('చి', '|'), ('దు', 'U'), ('శ్శీ', 'U'), ('లుం', 'U'), ('డై', 'U'), ('చ', '|'), ('ను', '|'), ('బం', 'U'), ('డి', '|'), ('దా', 'U'), ('న', '|'), ('వు', '|'), ('వె', '|'), ('సం', 'U'), ('జిం', 'U'), ('దై', 'U'), ('ప', '|'), ('డం', 'U'), ('ద', 'U'), ('న్ని', '|'), ('యా', 'U'), ('రో', 'U'), ('ల', 'U'), ('న్మ', 'U'), ('ద్దు', '|'), ('లు', '|'), ('గూ', 'U'), ('ల్చి', '|'), ('ధే', 'U'), ('ను', '|'), ('ద', '|'), ('ను', '|'), ('జు', '|'), ('న్రో', 'U'), ('జం', 'U'), ('గ', '|'), ('నీ', 'U'), ('ల్గిం', 'U'), ('చి', '|'), ('వే', 'U'), ('కూ', 'U'), ('ల', 'U'), ('న్కం', 'U'), ('సు', '|'), ('ని', '|'), ('గొ', 'U'), ('ట్టి', '|'), ('గో', 'U'), ('పి', '|'), ('క', '|'), ('ల', '|'), ('కో', 'U'), ('ర్కు', 'U'), ('ల్దీ', 'U'), ('ర్తు', '|'), ('నా', 'U'), ('రా', 'U'), ('య', '|'), ('ణా', 'U')]",0.4542857142857143,0.95,1.0,0.07142857142857142,0.0,0.25
mattebhamu,"రసనాగ్రంబున నీదు నామరుచియు\న్‌ రమ్యంబుగాఁ జెవ్లుకు
న్నసలారంగ భవత్కథాభిరతియున్‌ హస్తాబ్జయుగ్మంబులన్‌
వెస నీపాదసుపూజితాదియుగమున్‌ విజ్ఞానమధ్యాత్మకున్‌
వెస నింపొందనివాఁడు దాఁ బశువు సూ వేదాత్మ, నారాయణా!",vruttamu,Naarayana,"[('ర', '|'), ('స', '|'), ('నా', 'U'), ('గ్రం', 'U'), ('బు', '|'), ('న', '|'), ('నీ', 'U'), ('దు', '|'), ('నా', 'U'), ('మ', '|'), ('రు', '|'), ('చి', '|'), ('యు', '|'), ('న్ర', 'U'), ('మ్యం', 'U'), ('బు', '|'), ('గా', 'U'), ('జె', 'U'), ('వ్లు', '|'), ('కు', 'U'), ('న్న', '|'), ('స', '|'), ('లా', 'U'), ('రం', 'U'), ('గ', '|'), ('భ', '|'), ('వ', 'U'), ('త్క', '|'), ('థా', 'U'), ('భి', '|'), ('ర', '|'), ('తి', '|'), ('యు', 'U'), ('న్హ', 'U'), ('స్తా', 'U'), ('బ్జ', '|'), ('యు', 'U'), ('గ్మం', 'U'), ('బు', '|'), ('లన్', 'U'), ('వె', '|'), ('స', '|'), ('నీ', 'U'), ('పా', 'U'), ('ద', '|'), ('సు', '|'), ('పూ', 'U'), ('జి', '|'), ('తా', 'U'), ('ది', '|'), ('యు', '|'), ('గ', '|'), ('ము', 'U'), ('న్వి', 'U'), ('జ్ఞా', 'U'), ('న', '|'), ('మ', 'U'), ('ధ్యా', 'U'), ('త్మ', '|'), ('కున్', 'U'), ('వె', '|'), ('స', '|'), ('నిం', 'U'), ('పొం', 'U'), ('ద', '|'), ('ని', '|'), ('వా', 'U'), ('డు', '|'), ('దా', 'U'), ('బ', '|'), ('శు', '|'), ('వు', '|'), ('సూ', 'U'), ('వే', 'U'), ('దా', 'U'), ('త్మ', '|'), ('నా', 'U'), ('రా', 'U'), ('య', '|'), ('ణా', 'U')]",0.9928571428571429,1.0,1.0,0.9642857142857143,1.0,1.0
mattebhamu,"వరకాళిందితరంగడోలికలలో వైకుంఠధామంబులో
వెర వొప్పార నయోధ్యలో మధురలో వ్రేపల్లెలో ద్వారకా
పురిలో నాడెడుభంగి నాదుమదిలో భూరిప్రసన్నాననాం
బురుహం బొప్ప నటించు టొప్పును సితాంభోజాక్ష, నారాయణా!",vruttamu,Naarayana,"[('వ', '|'), ('ర', '|'), ('కా', 'U'), ('ళిం', 'U'), ('ది', '|'), ('త', '|'), ('రం', 'U'), ('గ', '|'), ('డో', 'U'), ('లి', '|'), ('క', '|'), ('ల', '|'), ('లో', 'U'), ('వై', 'U'), ('కుం', 'U'), ('ఠ', '|'), ('ధా', 'U'), ('మం', 'U'), ('బు', '|'), ('లో', 'U'), ('వె', '|'), ('ర', '|'), ('వొ', 'U'), ('ప్పా', 'U'), ('ర', '|'), ('న', '|'), ('యో', 'U'), ('ధ్య', '|'), ('లో', 'U'), ('మ', '|'), ('ధు', '|'), ('ర', '|'), ('లో', 'U'), ('వ్రే', 'U'), ('ప', 'U'), ('ల్లె', '|'), ('లో', 'U'), ('ద్వా', 'U'), ('ర', '|'), ('కా', 'U'), ('పు', '|'), ('రి', '|'), ('లో', 'U'), ('నా', 'U'), ('డె', '|'), ('డు', '|'), ('భం', 'U'), ('గి', '|'), ('నా', 'U'), ('దు', '|'), ('మ', '|'), ('ది', '|'), ('లో', 'U'), ('భూ', 'U'), ('రి', '|'), ('ప్ర', '|'), ('స', 'U'), ('న్నా', 'U'), ('న', '|'), ('నాం', 'U'), ('బు', '|'), ('రు', '|'), ('హం', 'U'), ('బొ', 'U'), ('ప్ప', '|'), ('న', '|'), ('టిం', 'U'), ('చు', '|'), ('టొ', 'U'), ('ప్పు', '|'), ('ను', '|'), ('సి', '|'), ('తాం', 'U'), ('భో', 'U'), ('జా', 'U'), ('క్ష', '|'), ('నా', 'U'), ('రా', 'U'), ('య', '|'), ('ణా', 'U')]",0.9928571428571429,1.0,1.0,0.9642857142857143,1.0,1.0
saardulamu,"చల్ల ల్వేఱొకయూర నమ్ముకొను నాసం బోవుచోఁ ద్రోవ నీ
వుల్లాసంబున నడ్డ కట్టి మదనోద్యోగానులాపంబుల\న్‌
చల్లన్‌ జల్లనిచూపు జల్లు మని గోపస్త్రీలపైఁ జల్లు మీ
చల్లంబోరుతెఱంగు జిత్తమున నే జర్చింతు నారాయణా!",vruttamu,Naarayana,"[('చ', 'U'), ('ల్ల', 'U'), ('ల్వే', 'U'), ('ఱొ', '|'), ('క', '|'), ('యూ', 'U'), ('ర', '|'), ('న', 'U'), ('మ్ము', '|'), ('కొ', '|'), ('ను', '|'), ('నా', 'U'), ('సం', 'U'), ('బో', 'U'), ('వు', '|'), ('చో', 'U'), ('ద్రో', 'U'), ('వ', '|'), ('నీ', 'U'), ('వు', 'U'), ('ల్లా', 'U'), ('సం', 'U'), ('బు', '|'), ('న', '|'), ('న', 'U'), ('డ్డ', '|'), ('క', 'U'), ('ట్టి', '|'), ('మ', '|'), ('ద', '|'), ('నో', 'U'), ('ద్యో', 'U'), ('గా', 'U'), ('ను', '|'), ('లా', 'U'), ('పం', 'U'), ('బు', '|'), ('లన్', 'U'), ('చ', 'U'), ('ల్ల', 'U'), ('న్జ', 'U'), ('ల్ల', '|'), ('ని', '|'), ('చూ', 'U'), ('పు', '|'), ('జ', 'U'), ('ల్లు', '|'), ('మ', '|'), ('ని', '|'), ('గో', 'U'), ('ప', 'U'), ('స్త్రీ', 'U'), ('ల', '|'), ('పై', 'U'), ('జ', 'U'), ('ల్లు', '|'), ('మీ', 'U'), ('చ', 'U'), ('ల్లం', 'U'), ('బో', 'U'), ('రు', '|'), ('తె', '|'), ('ఱం', 'U'), ('గు', '|'), ('జి', 'U'), ('త్త', '|'), ('ము', '|'), ('న', '|'), ('నే', 'U'), ('జ', 'U'), ('ర్చిం', 'U'), ('తు', '|'), ('నా', 'U'), ('రా', 'U'), ('య', '|'), ('ణా', 'U')]",0.9,1.0,1.0,1.0,0.5,1.0
mattebhamu,"కలయ న్వేదములు\న్‌ బురాణములు బ్రఖ్యాతంబుగా తెల్పి మీ
వలనన్‌ భక్తి విహీనుఁ డైన పిదపన్‌ వ్యర్థప్రయత్నంబె పో
గులకాంతామణి గొడ్డు వోయిన గతిం గ్రొవ్వారుసస్యంబు దా
ఫలకాలంబున నీచపోవు పగిదిన్‌ పద్మాక్ష, నారాయణా!",vruttamu,Naarayana,"[('క', '|'), ('ల', '|'), ('య', 'U'), ('న్వే', 'U'), ('ద', '|'), ('ము', '|'), ('లు', 'U'), ('న్బు', '|'), ('రా', 'U'), ('ణ', '|'), ('ము', '|'), ('లు', '|'), ('బ్ర', 'U'), ('ఖ్యా', 'U'), ('తం', 'U'), ('బు', '|'), ('గా', 'U'), ('తె', 'U'), ('ల్పి', '|'), ('మీ', 'U'), ('వ', '|'), ('ల', '|'), ('న', 'U'), ('న్భ', 'U'), ('క్తి', '|'), ('వి', '|'), ('హీ', 'U'), ('ను', '|'), ('డై', 'U'), ('న', '|'), ('పి', '|'), ('ద', '|'), ('ప', 'U'), ('న్వ్య', 'U'), ('ర్థ', '|'), ('ప్ర', '|'), ('య', 'U'), ('త్నం', 'U'), ('బె', '|'), ('పో', 'U'), ('గు', '|'), ('ల', '|'), ('కాం', 'U'), ('తా', 'U'), ('మ', '|'), ('ణి', '|'), ('గొ', 'U'), ('డ్డు', '|'), ('వో', 'U'), ('యి', '|'), ('న', '|'), ('గ', '|'), ('తిం', 'U'), ('గ్రొ', 'U'), ('వ్వా', 'U'), ('రు', '|'), ('స', 'U'), ('స్యం', 'U'), ('బు', '|'), ('దా', 'U'), ('ఫ', '|'), ('ల', '|'), ('కా', 'U'), ('లం', 'U'), ('బు', '|'), ('న', '|'), ('నీ', 'U'), ('చ', '|'), ('పో', 'U'), ('వు', '|'), ('ప', '|'), ('గి', '|'), ('ది', 'U'), ('న్ప', 'U'), ('ద్మా', 'U'), ('క్ష', '|'), ('నా', 'U'), ('రా', 'U'), ('య', '|'), ('ణా', 'U')]",0.9928571428571429,1.0,1.0,0.9642857142857143,1.0,1.0
saardulamu,"స్నానంబుల్‌ నదులందు జేయుట గజస్నానంబు చందంబగు\న్‌
మౌనం బొప్ప జపించువేద మటవీ మధ్యంబులోనే డ్పగున్‌
నానాహోమము లెల్ల బూడిదలలోన న్వేల్చు నెయ్యై చను
న్నీనామోక్తియు నీపదాబ్జరతియున్‌ లేకున్న నారాయణా!",vruttamu,Naarayana,"[('స్నా', 'U'), ('నం', 'U'), ('బు', 'U'), ('ల్న', '|'), ('దు', '|'), ('లం', 'U'), ('దు', '|'), ('జే', 'U'), ('యు', '|'), ('ట', '|'), ('గ', '|'), ('జ', 'U'), ('స్నా', 'U'), ('నం', 'U'), ('బు', '|'), ('చం', 'U'), ('దం', 'U'), ('బ', '|'), ('గున్', 'U'), ('మౌ', 'U'), ('నం', 'U'), ('బొ', 'U'), ('ప్ప', '|'), ('జ', '|'), ('పిం', 'U'), ('చు', '|'), ('వే', 'U'), ('ద', '|'), ('మ', '|'), ('ట', '|'), ('వీ', 'U'), ('మ', 'U'), ('ధ్యం', 'U'), ('బు', '|'), ('లో', 'U'), ('నే', 'U'), ('డ్ప', '|'), ('గున్', 'U'), ('నా', 'U'), ('నా', 'U'), ('హో', 'U'), ('మ', '|'), ('ము', '|'), ('లె', 'U'), ('ల్ల', '|'), ('బూ', 'U'), ('డి', '|'), ('ద', '|'), ('ల', '|'), ('లో', 'U'), ('న', 'U'), ('న్వే', 'U'), ('ల్చు', '|'), ('నె', 'U'), ('య్యై', 'U'), ('చ', '|'), ('ను', 'U'), ('న్నీ', 'U'), ('నా', 'U'), ('మో', 'U'), ('క్తి', '|'), ('యు', '|'), ('నీ', 'U'), ('ప', '|'), ('దా', 'U'), ('బ్జ', '|'), ('ర', '|'), ('తి', '|'), ('యు', 'U'), ('న్లే', 'U'), ('కు', 'U'), ('న్న', '|'), ('నా', 'U'), ('రా', 'U'), ('య', '|'), ('ణా', 'U')]",1.0,1.0,1.0,1.0,1.0,1.0
mattebhamu,"అల నీటం దగురొంపిపైఁ జిలికిన న్నానీటనే పాయు నా
యిల పాపంబులు దుర్భరత్వము మహాహేయంబునం బొందినం
బలువై జీవుని దొప్పఁదోఁగినవి యీబాహ్యంబునం బాయునే
పొలియుం గాక భవత్సుపాదజలముం బ్రోక్షింప నారాయణా!",vruttamu,Naarayana,"[('అ', '|'), ('ల', '|'), ('నీ', 'U'), ('టం', 'U'), ('ద', '|'), ('గు', '|'), ('రొం', 'U'), ('పి', '|'), ('పై', 'U'), ('జి', '|'), ('లి', '|'), ('కి', '|'), ('న', 'U'), ('న్నా', 'U'), ('నీ', 'U'), ('ట', '|'), ('నే', 'U'), ('పా', 'U'), ('యు', '|'), ('నా', 'U'), ('యి', '|'), ('ల', '|'), ('పా', 'U'), ('పం', 'U'), ('బు', '|'), ('లు', '|'), ('దు', 'U'), ('ర్భ', '|'), ('ర', 'U'), ('త్వ', '|'), ('ము', '|'), ('మ', '|'), ('హా', 'U'), ('హే', 'U'), ('యం', 'U'), ('బు', '|'), ('నం', 'U'), ('బొం', 'U'), ('ది', '|'), ('నం', 'U'), ('బ', '|'), ('లు', '|'), ('వై', 'U'), ('జీ', 'U'), ('వు', '|'), ('ని', '|'), ('దొ', 'U'), ('ప్ప', '|'), ('దో', 'U'), ('గి', '|'), ('న', '|'), ('వి', '|'), ('యీ', 'U'), ('బా', 'U'), ('హ్యం', 'U'), ('బు', '|'), ('నం', 'U'), ('బా', 'U'), ('యు', '|'), ('నే', 'U'), ('పొ', '|'), ('లి', '|'), ('యుం', 'U'), ('గా', 'U'), ('క', '|'), ('భ', '|'), ('వ', 'U'), ('త్సు', '|'), ('పా', 'U'), ('ద', '|'), ('జ', '|'), ('ల', '|'), ('ముం', 'U'), ('బ్రో', 'U'), ('క్షిం', 'U'), ('ప', '|'), ('నా', 'U'), ('రా', 'U'), ('య', '|'), ('ణా', 'U')]",0.95,1.0,1.0,1.0,0.75,1.0
mattebhamu,"తనచిత్తాబ్జము మీపదాబ్జములకుం దాత్పర్యసద్భక్తి తం
తున బంధించిన బంధనంబు కతనం దుష్పాపపుంజంబు లె
ల్లను విచ్ఛిన్నములై యడంగు మహిమోల్లాసాబ్ధి యైనట్టి దా
సున కింపొందును మోక్షవైభవము దా సుశ్లోక నారాయణా!",vruttamu,Naarayana,"[('త', '|'), ('న', '|'), ('చి', 'U'), ('త్తా', 'U'), ('బ్జ', '|'), ('ము', '|'), ('మీ', 'U'), ('ప', '|'), ('దా', 'U'), ('బ్జ', '|'), ('ము', '|'), ('ల', '|'), ('కుం', 'U'), ('దా', 'U'), ('త్ప', 'U'), ('ర్య', '|'), ('స', 'U'), ('ద్భ', 'U'), ('క్తి', '|'), ('తం', 'U'), ('తు', '|'), ('న', '|'), ('బం', 'U'), ('ధిం', 'U'), ('చి', '|'), ('న', '|'), ('బం', 'U'), ('ధ', '|'), ('నం', 'U'), ('బు', '|'), ('క', '|'), ('త', '|'), ('నం', 'U'), ('దు', 'U'), ('ష్పా', 'U'), ('ప', '|'), ('పుం', 'U'), ('జం', 'U'), ('బు', '|'), ('లె', 'U'), ('ల్ల', '|'), ('ను', '|'), ('వి', 'U'), ('చ్ఛి', 'U'), ('న్న', '|'), ('ము', '|'), ('లై', 'U'), ('య', '|'), ('డం', 'U'), ('గు', '|'), ('మ', '|'), ('హి', '|'), ('మో', 'U'), ('ల్లా', 'U'), ('సా', 'U'), ('బ్ధి', '|'), ('యై', 'U'), ('న', 'U'), ('ట్టి', '|'), ('దా', 'U'), ('సు', '|'), ('న', '|'), ('కిం', 'U'), ('పొం', 'U'), ('దు', '|'), ('ను', '|'), ('మో', 'U'), ('క్ష', '|'), ('వై', 'U'), ('భ', '|'), ('వ', '|'), ('ము', '|'), ('దా', 'U'), ('సు', 'U'), ('శ్లో', 'U'), ('క', '|'), ('నా', 'U'), ('రా', 'U'), ('య', '|'), ('ణా', 'U')]",1.0,1.0,1.0,1.0,1.0,1.0
mattebhamu,"తనువుం జీవుఁడు నేక మైనపిదపన్‌ ధర్మక్రియారంభుఁ డై
యనయంబు న్మది దన్నెఱుంగక తుది న్నామాయచే మగ్నుఁ డై
తనుతత్త్వాదివియోగమైన పిదపం దా నేర్చునే నీదు ద
ర్శన మింపారఁగ భక్తివైభవ మహాసంకాశ నారాయణా!",vruttamu,Naarayana,"[('త', '|'), ('ను', '|'), ('వుం', 'U'), ('జీ', 'U'), ('వు', '|'), ('డు', '|'), ('నే', 'U'), ('క', '|'), ('మై', 'U'), ('న', '|'), ('పి', '|'), ('ద', '|'), ('ప', 'U'), ('న్ధ', 'U'), ('ర్మ', '|'), ('క్రి', '|'), ('యా', 'U'), ('రం', 'U'), ('భు', '|'), ('డై', 'U'), ('య', '|'), ('న', '|'), ('యం', 'U'), ('బు', 'U'), ('న్మ', '|'), ('ది', '|'), ('ద', 'U'), ('న్నె', '|'), ('ఱుం', 'U'), ('గ', '|'), ('క', '|'), ('తు', '|'), ('ది', 'U'), ('న్నా', 'U'), ('మా', 'U'), ('య', '|'), ('చే', 'U'), ('మ', 'U'), ('గ్ను', '|'), ('డై', 'U'), ('త', '|'), ('ను', '|'), ('త', 'U'), ('త్త్వా', 'U'), ('ది', '|'), ('వి', '|'), ('యో', 'U'), ('గ', '|'), ('మై', 'U'), ('న', '|'), ('పి', '|'), ('ద', '|'), ('పం', 'U'), ('దా', 'U'), ('నే', 'U'), ('ర్చు', '|'), ('నే', 'U'), ('నీ', 'U'), ('దు', '|'), ('ద', 'U'), ('ర్శ', '|'), ('న', '|'), ('మిం', 'U'), ('పా', 'U'), ('ర', '|'), ('గ', '|'), ('భ', 'U'), ('క్తి', '|'), ('వై', 'U'), ('భ', '|'), ('వ', '|'), ('మ', '|'), ('హా', 'U'), ('సం', 'U'), ('కా', 'U'), ('శ', '|'), ('నా', 'U'), ('రా', 'U'), ('య', '|'), ('ణా', 'U')]",0.9428571428571428,1.0,1.0,0.9642857142857143,0.75,1.0
mattebhamu,"తనకు\న్‌ సాత్వికసంపదాన్విత మహాదాసోహభావంబునన్‌
ననయంబు న్మది నన్యదైవభజనం బారంగ దూలింపుచున్‌
జనితాహ్లాదముతోడ నీచరణముల్‌ సద్భక్తి పూజించి ని\న్‌
గనుగొన్నంతనె కల్మషంబు లడఁగుం గర్మఘ్న నారాయణా!",vruttamu,Naarayana,"[('త', '|'), ('న', '|'), ('కు', 'U'), ('న్సా', 'U'), ('త్వి', '|'), ('క', '|'), ('సం', 'U'), ('ప', '|'), ('దా', 'U'), ('న్వి', '|'), ('త', '|'), ('మ', '|'), ('హా', 'U'), ('దా', 'U'), ('సో', 'U'), ('హ', '|'), ('భా', 'U'), ('వం', 'U'), ('బు', '|'), ('నన్', 'U'), ('న', '|'), ('న', '|'), ('యం', 'U'), ('బు', 'U'), ('న్మ', '|'), ('ది', '|'), ('న', 'U'), ('న్య', '|'), ('దై', 'U'), ('వ', '|'), ('భ', '|'), ('జ', '|'), ('నం', 'U'), ('బా', 'U'), ('రం', 'U'), ('గ', '|'), ('దూ', 'U'), ('లిం', 'U'), ('పు', '|'), ('చున్', 'U'), ('జ', '|'), ('ని', '|'), ('తా', 'U'), ('హ్లా', 'U'), ('ద', '|'), ('ము', '|'), ('తో', 'U'), ('డ', '|'), ('నీ', 'U'), ('చ', '|'), ('ర', '|'), ('ణ', '|'), ('ము', 'U'), ('ల్స', 'U'), ('ద్భ', 'U'), ('క్తి', '|'), ('పూ', 'U'), ('జిం', 'U'), ('చి', '|'), ('నిన్', 'U'), ('గ', '|'), ('ను', '|'), ('గొ', 'U'), ('న్నం', 'U'), ('త', '|'), ('నె', '|'), ('క', 'U'), ('ల్మ', '|'), ('షం', 'U'), ('బు', '|'), ('ల', '|'), ('డ', '|'), ('గుం', 'U'), ('గ', 'U'), ('ర్మ', 'U'), ('ఘ్న', '|'), ('నా', 'U'), ('రా', 'U'), ('య', '|'), ('ణా', 'U')]",0.95,1.0,1.0,1.0,0.75,1.0
mattebhamu,"పరికింపన్‌ హరిభక్తి భేషజునకున్‌ భవ్యంబు గా మీఁద మీ
చరణాంభోరుహదర్శనంబు గలదే సంప్రీతి నెట్లన్నఁ దా
ధరలోఁ జోరుఁడు గన్న దుస్తర పరద్రవ్యంబుపై నాశలం
బొరయ న్నేర్చునె దుర్లభం బగు గృపాంభోజాక్ష నారాయణా!",vruttamu,Naarayana,"[('ప', '|'), ('రి', '|'), ('కిం', 'U'), ('ప', 'U'), ('న్హ', '|'), ('రి', '|'), ('భ', 'U'), ('క్తి', '|'), ('భే', 'U'), ('ష', '|'), ('జు', '|'), ('న', '|'), ('కు', 'U'), ('న్భ', 'U'), ('వ్యం', 'U'), ('బు', '|'), ('గా', 'U'), ('మీ', 'U'), ('ద', '|'), ('మీ', 'U'), ('చ', '|'), ('ర', '|'), ('ణాం', 'U'), ('భో', 'U'), ('రు', '|'), ('హ', '|'), ('ద', 'U'), ('ర్శ', '|'), ('నం', 'U'), ('బు', '|'), ('గ', '|'), ('ల', '|'), ('దే', 'U'), ('సం', 'U'), ('ప్రీ', 'U'), ('తి', '|'), ('నె', 'U'), ('ట్ల', 'U'), ('న్న', '|'), ('దా', 'U'), ('ధ', '|'), ('ర', '|'), ('లో', 'U'), ('జో', 'U'), ('రు', '|'), ('డు', '|'), ('గ', 'U'), ('న్న', '|'), ('దు', 'U'), ('స్త', '|'), ('ర', '|'), ('ప', '|'), ('ర', '|'), ('ద్ర', 'U'), ('వ్యం', 'U'), ('బు', '|'), ('పై', 'U'), ('నా', 'U'), ('శ', '|'), ('లం', 'U'), ('బొ', '|'), ('ర', '|'), ('య', 'U'), ('న్నే', 'U'), ('ర్చు', '|'), ('నె', '|'), ('దు', 'U'), ('ర్ల', '|'), ('భం', 'U'), ('బ', '|'), ('గు', '|'), ('గృ', '|'), ('పాం', 'U'), ('భో', 'U'), ('జా', 'U'), ('క్ష', '|'), ('నా', 'U'), ('రా', 'U'), ('య', '|'), ('ణా', 'U')]",0.9928571428571429,1.0,1.0,0.9642857142857143,1.0,1.0
mattebhamu,"పరమజ్ఞాన వివేక పూరిత మహా భవ్యాంతరాళంబున\న్‌
పరగ న్నీ నిజనామమంత్ర మొనరన్‌ భక్తి న్ననుష్ఠింపుచుం
దురితాన్వేషణ కాలభూతము వెసన్‌ దూలంగ వాకట్టు వాఁ
డరుగున్‌ భవ్యపదంబు నొందుటకు నై యవ్యక్త నారాయణా!",vruttamu,Naarayana,"[('ప', '|'), ('ర', '|'), ('మ', 'U'), ('జ్ఞా', 'U'), ('న', '|'), ('వి', '|'), ('వే', 'U'), ('క', '|'), ('పూ', 'U'), ('రి', '|'), ('త', '|'), ('మ', '|'), ('హా', 'U'), ('భ', 'U'), ('వ్యాం', 'U'), ('త', '|'), ('రా', 'U'), ('ళం', 'U'), ('బు', '|'), ('నన్', 'U'), ('ప', '|'), ('ర', '|'), ('గ', 'U'), ('న్నీ', 'U'), ('ని', '|'), ('జ', '|'), ('నా', 'U'), ('మ', '|'), ('మం', 'U'), ('త్ర', '|'), ('మొ', '|'), ('న', '|'), ('ర', 'U'), ('న్భ', 'U'), ('క్తి', 'U'), ('న్న', '|'), ('ను', 'U'), ('ష్ఠిం', 'U'), ('పు', '|'), ('చుం', 'U'), ('దు', '|'), ('రి', '|'), ('తా', 'U'), ('న్వే', 'U'), ('ష', '|'), ('ణ', '|'), ('కా', 'U'), ('ల', '|'), ('భూ', 'U'), ('త', '|'), ('ము', '|'), ('వె', '|'), ('స', 'U'), ('న్దూ', 'U'), ('లం', 'U'), ('గ', '|'), ('వా', 'U'), ('క', 'U'), ('ట్టు', '|'), ('వా', 'U'), ('డ', '|'), ('రు', '|'), ('గు', 'U'), ('న్భ', 'U'), ('వ్య', '|'), ('ప', '|'), ('దం', 'U'), ('బు', '|'), ('నొం', 'U'), ('దు', '|'), ('ట', '|'), ('కు', '|'), ('నై', 'U'), ('య', 'U'), ('వ్య', 'U'), ('క్త', '|'), ('నా', 'U'), ('రా', 'U'), ('య', '|'), ('ణా', 'U')]",0.95,1.0,1.0,1.0,0.75,1.0
mattebhamu,"సరిఘోరాంధక బోధకారణ విపత్సంసార మాలిన్యము\న్‌
పరమానంద సుబోధకారణ లసద్భస్మంబుపై నూఁది యా
నిరతజ్ఞానసుకాంతిదర్పణమున న్నిస్సంగుఁ డై తన్ను దా
నరయం గాంచినవాఁడు నిన్నుఁగనువాఁ డబ్జాక్ష నారాయణా!",vruttamu,Naarayana,"[('స', '|'), ('రి', '|'), ('ఘో', 'U'), ('రాం', 'U'), ('ధ', '|'), ('క', '|'), ('బో', 'U'), ('ధ', '|'), ('కా', 'U'), ('ర', '|'), ('ణ', '|'), ('వి', '|'), ('ప', 'U'), ('త్సం', 'U'), ('సా', 'U'), ('ర', '|'), ('మా', 'U'), ('లి', 'U'), ('న్య', '|'), ('మున్', 'U'), ('ప', '|'), ('ర', '|'), ('మా', 'U'), ('నం', 'U'), ('ద', '|'), ('సు', '|'), ('బో', 'U'), ('ధ', '|'), ('కా', 'U'), ('ర', '|'), ('ణ', '|'), ('ల', '|'), ('స', 'U'), ('ద్భ', 'U'), ('స్మం', 'U'), ('బు', '|'), ('పై', 'U'), ('నూ', 'U'), ('ది', '|'), ('యా', 'U'), ('ని', '|'), ('ర', '|'), ('త', 'U'), ('జ్ఞా', 'U'), ('న', '|'), ('సు', '|'), ('కాం', 'U'), ('తి', '|'), ('ద', 'U'), ('ర్ప', '|'), ('ణ', '|'), ('ము', '|'), ('న', 'U'), ('న్ని', 'U'), ('స్సం', 'U'), ('గు', '|'), ('డై', 'U'), ('త', 'U'), ('న్ను', '|'), ('దా', 'U'), ('న', '|'), ('ర', '|'), ('యం', 'U'), ('గాం', 'U'), ('చి', '|'), ('న', '|'), ('వా', 'U'), ('డు', '|'), ('ని', 'U'), ('న్ను', '|'), ('గ', '|'), ('ను', '|'), ('వా', 'U'), ('డ', 'U'), ('బ్జా', 'U'), ('క్ష', '|'), ('నా', 'U'), ('రా', 'U'), ('య', '|'), ('ణా', 'U')]",0.95,1.0,1.0,1.0,0.75,1.0
mattebhamu,"పరుషాలాపము లాడ నోడి మది నీపాపార్జనారంభుఁ డై
నిరసిం చేరికిఁ గీడు సేయక మది న్నిర్ముక్తకర్ముండు నై
పరమానందనిషేధముల్‌ సమముగా భావించి వీక్షించు నా
పరమజ్ఞాని భవత్కృపం బొరయు నో పద్మాక్ష నారాయణా!",vruttamu,Naarayana,"[('ప', '|'), ('రు', '|'), ('షా', 'U'), ('లా', 'U'), ('ప', '|'), ('ము', '|'), ('లా', 'U'), ('డ', '|'), ('నో', 'U'), ('డి', '|'), ('మ', '|'), ('ది', '|'), ('నీ', 'U'), ('పా', 'U'), ('పా', 'U'), ('ర్జ', '|'), ('నా', 'U'), ('రం', 'U'), ('భు', '|'), ('డై', 'U'), ('ని', '|'), ('ర', '|'), ('సిం', 'U'), ('చే', 'U'), ('రి', '|'), ('కి', '|'), ('గీ', 'U'), ('డు', '|'), ('సే', 'U'), ('య', '|'), ('క', '|'), ('మ', '|'), ('ది', 'U'), ('న్ని', 'U'), ('ర్ము', 'U'), ('క్త', '|'), ('క', 'U'), ('ర్ముం', 'U'), ('డు', '|'), ('నై', 'U'), ('ప', '|'), ('ర', '|'), ('మా', 'U'), ('నం', 'U'), ('ద', '|'), ('ని', '|'), ('షే', 'U'), ('ధ', '|'), ('ము', 'U'), ('ల్స', '|'), ('మ', '|'), ('ము', '|'), ('గా', 'U'), ('భా', 'U'), ('విం', 'U'), ('చి', '|'), ('వీ', 'U'), ('క్షిం', 'U'), ('చు', '|'), ('నా', 'U'), ('ప', '|'), ('ర', '|'), ('మ', 'U'), ('జ్ఞా', 'U'), ('ని', '|'), ('భ', '|'), ('వ', 'U'), ('త్కృ', '|'), ('పం', 'U'), ('బొ', '|'), ('ర', '|'), ('యు', '|'), ('నో', 'U'), ('ప', 'U'), ('ద్మా', 'U'), ('క్ష', '|'), ('నా', 'U'), ('రా', 'U'), ('య', '|'), ('ణా', 'U')]",1.0,1.0,1.0,1.0,1.0,1.0
mattebhamu,"ఒరులం దన్ను నెఱుంగు నియ్యెఱుకయు న్నొప్పార నేకాంత మం
దరయం బైపడు నన్యభామినులపై నాకాంక్షదూరత్వమున్‌
మరణావస్థను నీదునామములె సన్మానంబునం దోఁచుటల్‌
ధరలోన న్నివి దుర్లభంబులు సుధాధామాక్ష నారాయణా!",vruttamu,Naarayana,"[('ఒ', '|'), ('రు', '|'), ('లం', 'U'), ('ద', 'U'), ('న్ను', '|'), ('నె', '|'), ('ఱుం', 'U'), ('గు', '|'), ('ని', 'U'), ('య్యె', '|'), ('ఱు', '|'), ('క', '|'), ('యు', 'U'), ('న్నొ', 'U'), ('ప్పా', 'U'), ('ర', '|'), ('నే', 'U'), ('కాం', 'U'), ('త', '|'), ('మం', 'U'), ('ద', '|'), ('ర', '|'), ('యం', 'U'), ('బై', 'U'), ('ప', '|'), ('డు', '|'), ('న', 'U'), ('న్య', '|'), ('భా', 'U'), ('మి', '|'), ('ను', '|'), ('ల', '|'), ('పై', 'U'), ('నా', 'U'), ('కాం', 'U'), ('క్ష', '|'), ('దూ', 'U'), ('ర', 'U'), ('త్వ', '|'), ('మున్', 'U'), ('మ', '|'), ('ర', '|'), ('ణా', 'U'), ('వ', 'U'), ('స్థ', '|'), ('ను', '|'), ('నీ', 'U'), ('దు', '|'), ('నా', 'U'), ('మ', '|'), ('ము', '|'), ('లె', '|'), ('స', 'U'), ('న్మా', 'U'), ('నం', 'U'), ('బు', '|'), ('నం', 'U'), ('దో', 'U'), ('చు', '|'), ('టల్', 'U'), ('ధ', '|'), ('ర', '|'), ('లో', 'U'), ('న', 'U'), ('న్ని', '|'), ('వి', '|'), ('దు', 'U'), ('ర్ల', '|'), ('భం', 'U'), ('బు', '|'), ('లు', '|'), ('సు', '|'), ('ధా', 'U'), ('ధా', 'U'), ('మా', 'U'), ('క్ష', '|'), ('నా', 'U'), ('రా', 'U'), ('య', '|'), ('ణా', 'U')]",0.9,1.0,1.0,1.0,0.5,1.0
mattebhamu,"వెర వొప్ప న్బహుశాస్త్రమంత్రము లొగి న్వీక్షించి వే తెల్పి మీ
వరనామామృతపూర మానుచుఁ దగన్‌ వైరాగ్యభావంబున\న్‌
సరి నశ్రాంతముఁ గోరువారు పిదపన్‌ సంసారమాతుఃపయో
ధరదుగ్ధంబులు గ్రోల నేరరు వెస\న్‌ దైత్యారి నారాయణా!",vruttamu,Naarayana,"[('వె', '|'), ('ర', '|'), ('వొ', 'U'), ('ప్ప', 'U'), ('న్బ', '|'), ('హు', '|'), ('శా', 'U'), ('స్త్ర', '|'), ('మం', 'U'), ('త్ర', '|'), ('ము', '|'), ('లొ', '|'), ('గి', 'U'), ('న్వీ', 'U'), ('క్షిం', 'U'), ('చి', '|'), ('వే', 'U'), ('తె', 'U'), ('ల్పి', '|'), ('మీ', 'U'), ('వ', '|'), ('ర', '|'), ('నా', 'U'), ('మా', 'U'), ('మృ', '|'), ('త', '|'), ('పూ', 'U'), ('ర', '|'), ('మా', 'U'), ('ను', '|'), ('చు', '|'), ('ద', '|'), ('గ', 'U'), ('న్వై', 'U'), ('రా', 'U'), ('గ్య', '|'), ('భా', 'U'), ('వం', 'U'), ('బు', '|'), ('నన్', 'U'), ('స', '|'), ('రి', '|'), ('న', '|'), ('శ్రాం', 'U'), ('త', '|'), ('ము', '|'), ('గో', 'U'), ('రు', '|'), ('వా', 'U'), ('రు', '|'), ('పి', '|'), ('ద', '|'), ('ప', 'U'), ('న్సం', 'U'), ('సా', 'U'), ('ర', '|'), ('మా', 'U'), ('తుః', 'U'), ('ప', '|'), ('యో', 'U'), ('ధ', '|'), ('ర', '|'), ('దు', 'U'), ('గ్ధం', 'U'), ('బు', '|'), ('లు', '|'), ('గ్రో', 'U'), ('ల', '|'), ('నే', 'U'), ('ర', '|'), ('రు', '|'), ('వె', '|'), ('స', 'U'), ('న్దై', 'U'), ('త్యా', 'U'), ('రి', '|'), ('నా', 'U'), ('రా', 'U'), ('య', '|'), ('ణా', 'U')]",0.9928571428571429,1.0,1.0,0.9642857142857143,1.0,1.0
saardulamu,"వేదంబందు సునిశ్చయుండగు మహావేల్పెవ్వఁడో యంచు నా
వేదవ్యాస పరాశరుల్‌ వెదకిన న్వేఱొండు లేఁ డంచు మీ
పాదాంభోజము లెల్లప్రొద్దు మదిలో భావింతు రత్యున్నతిన్‌
శ్రీదేవీవదనారవిందమధుపా శ్రీరంగ నారాయణా!",vruttamu,Naarayana,"[('వే', 'U'), ('దం', 'U'), ('బం', 'U'), ('దు', '|'), ('సు', '|'), ('ని', 'U'), ('శ్చ', '|'), ('యుం', 'U'), ('డ', '|'), ('గు', '|'), ('మ', '|'), ('హా', 'U'), ('వే', 'U'), ('ల్పె', 'U'), ('వ్వ', '|'), ('డో', 'U'), ('యం', 'U'), ('చు', '|'), ('నా', 'U'), ('వే', 'U'), ('ద', 'U'), ('వ్యా', 'U'), ('స', '|'), ('ప', '|'), ('రా', 'U'), ('శ', '|'), ('రు', 'U'), ('ల్వె', '|'), ('ద', '|'), ('కి', '|'), ('న', 'U'), ('న్వే', 'U'), ('ఱొం', 'U'), ('డు', '|'), ('లే', 'U'), ('డం', 'U'), ('చు', '|'), ('మీ', 'U'), ('పా', 'U'), ('దాం', 'U'), ('భో', 'U'), ('జ', '|'), ('ము', '|'), ('లె', 'U'), ('ల్ల', '|'), ('ప్రొ', 'U'), ('ద్దు', '|'), ('మ', '|'), ('ది', '|'), ('లో', 'U'), ('భా', 'U'), ('విం', 'U'), ('తు', '|'), ('ర', 'U'), ('త్యు', 'U'), ('న్న', '|'), ('తిన్', 'U'), ('శ్రీ', 'U'), ('దే', 'U'), ('వీ', 'U'), ('వ', '|'), ('ద', '|'), ('నా', 'U'), ('ర', '|'), ('విం', 'U'), ('ద', '|'), ('మ', '|'), ('ధు', '|'), ('పా', 'U'), ('శ్రీ', 'U'), ('రం', 'U'), ('గ', '|'), ('నా', 'U'), ('రా', 'U'), ('య', '|'), ('ణా', 'U')]",1.0,1.0,1.0,1.0,1.0,1.0
mattebhamu,"సుతదారాప్తజనాదివిత్తములపై శూన్యాభిలాషుండు నై
యతనోద్రేకయుతంబులై పొదలునయ్యై యింద్రియవ్రాతముల్‌
మృతిఁ బొందించి దమంబునన్‌ శమమునన్‌ మీఱంగ వర్తించు ని
ర్గతసంసారి భవత్కృపం బొరయు నో కంజాక్ష నారాయణా!",vruttamu,Naarayana,"[('సు', '|'), ('త', '|'), ('దా', 'U'), ('రా', 'U'), ('ప్త', '|'), ('జ', '|'), ('నా', 'U'), ('ది', '|'), ('వి', 'U'), ('త్త', '|'), ('ము', '|'), ('ల', '|'), ('పై', 'U'), ('శూ', 'U'), ('న్యా', 'U'), ('భి', '|'), ('లా', 'U'), ('షుం', 'U'), ('డు', '|'), ('నై', 'U'), ('య', '|'), ('త', '|'), ('నో', 'U'), ('ద్రే', 'U'), ('క', '|'), ('యు', '|'), ('తం', 'U'), ('బు', '|'), ('లై', 'U'), ('పొ', '|'), ('ద', '|'), ('లు', '|'), ('న', 'U'), ('య్యై', 'U'), ('యిం', 'U'), ('ద్రి', '|'), ('య', '|'), ('వ్రా', 'U'), ('త', '|'), ('ముల్', 'U'), ('మృ', '|'), ('తి', '|'), ('బొం', 'U'), ('దిం', 'U'), ('చి', '|'), ('ద', '|'), ('మం', 'U'), ('బు', '|'), ('న', 'U'), ('న్శ', '|'), ('మ', '|'), ('ము', '|'), ('న', 'U'), ('న్మీ', 'U'), ('ఱం', 'U'), ('గ', '|'), ('వ', 'U'), ('ర్తిం', 'U'), ('చు', '|'), ('ని', 'U'), ('ర్గ', '|'), ('త', '|'), ('సం', 'U'), ('సా', 'U'), ('రి', '|'), ('భ', '|'), ('వ', 'U'), ('త్కృ', '|'), ('పం', 'U'), ('బొ', '|'), ('ర', '|'), ('యు', '|'), ('నో', 'U'), ('కం', 'U'), ('జా', 'U'), ('క్ష', '|'), ('నా', 'U'), ('రా', 'U'), ('య', '|'), ('ణా', 'U')]",0.9928571428571429,1.0,1.0,0.9642857142857143,1.0,1.0
mattebhamu,"ప్రమదం బారఁగ పుణ్యకాలగతులన్‌ భక్తి న్ననుష్ఠింపుచున్‌
నమర న్నన్న సువర్ణ గో సలిల కన్యా ధారుణి గ్రామ దా
నము లామ్నాయ విధోక్తి భూసురులకున్‌ సన్మార్గుఁ డై యిచ్చువాఁ
డమరేంద్రార్చిత వైభవోన్నతుఁ డగు న్నామీఁద నారాయణా!",vruttamu,Naarayana,"[('ప్ర', '|'), ('మ', '|'), ('దం', 'U'), ('బా', 'U'), ('ర', '|'), ('గ', '|'), ('పు', 'U'), ('ణ్య', '|'), ('కా', 'U'), ('ల', '|'), ('గ', '|'), ('తు', '|'), ('ల', 'U'), ('న్భ', 'U'), ('క్తి', 'U'), ('న్న', '|'), ('ను', 'U'), ('ష్ఠిం', 'U'), ('పు', '|'), ('చున్', 'U'), ('న', '|'), ('మ', '|'), ('ర', 'U'), ('న్న', 'U'), ('న్న', '|'), ('సు', '|'), ('వ', 'U'), ('ర్ణ', '|'), ('గో', 'U'), ('స', '|'), ('లి', '|'), ('ల', '|'), ('క', 'U'), ('న్యా', 'U'), ('ధా', 'U'), ('రు', '|'), ('ణి', '|'), ('గ్రా', 'U'), ('మ', '|'), ('దా', 'U'), ('న', '|'), ('ము', '|'), ('లా', 'U'), ('మ్నా', 'U'), ('య', '|'), ('వి', '|'), ('ధో', 'U'), ('క్తి', '|'), ('భూ', 'U'), ('సు', '|'), ('రు', '|'), ('ల', '|'), ('కు', 'U'), ('న్స', 'U'), ('న్మా', 'U'), ('ర్గు', '|'), ('డై', 'U'), ('యి', 'U'), ('చ్చు', '|'), ('వా', 'U'), ('డ', '|'), ('మ', '|'), ('రేం', 'U'), ('ద్రా', 'U'), ('ర్చి', '|'), ('త', '|'), ('వై', 'U'), ('భ', '|'), ('వో', 'U'), ('న్న', '|'), ('తు', '|'), ('డ', '|'), ('గు', 'U'), ('న్నా', 'U'), ('మీ', 'U'), ('ద', '|'), ('నా', 'U'), ('రా', 'U'), ('య', '|'), ('ణా', 'U')]",0.9428571428571428,1.0,1.0,0.9642857142857143,0.75,1.0
mattebhamu,"ఇల నెవ్వారి మనంబులో నెఱుక దా నెంతెంత గల్గుండు నా
కొలదిం జెంది వెలుంగుచుందు కలయ న్గోవింద నీరూపుల\న్‌
అలర న్నంబు మితంబు లైసరసిలో నంభోరుహంబుల్‌ దగ\న్‌
నిల నొప్పారెడు చంద మొందె దెపుడు న్నీలాంగ నారాయణా!",vruttamu,Naarayana,"[('ఇ', '|'), ('ల', '|'), ('నె', 'U'), ('వ్వా', 'U'), ('రి', '|'), ('మ', '|'), ('నం', 'U'), ('బు', '|'), ('లో', 'U'), ('నె', '|'), ('ఱు', '|'), ('క', '|'), ('దా', 'U'), ('నెం', 'U'), ('తెం', 'U'), ('త', '|'), ('గ', 'U'), ('ల్గుం', 'U'), ('డు', '|'), ('నా', 'U'), ('కొ', '|'), ('ల', '|'), ('దిం', 'U'), ('జెం', 'U'), ('ది', '|'), ('వె', '|'), ('లుం', 'U'), ('గు', '|'), ('చుం', 'U'), ('దు', '|'), ('క', '|'), ('ల', '|'), ('య', 'U'), ('న్గో', 'U'), ('విం', 'U'), ('ద', '|'), ('నీ', 'U'), ('రూ', 'U'), ('పు', '|'), ('లన్', 'U'), ('అ', '|'), ('ల', '|'), ('ర', 'U'), ('న్నం', 'U'), ('బు', '|'), ('మి', '|'), ('తం', 'U'), ('బు', '|'), ('లై', 'U'), ('స', '|'), ('ర', '|'), ('సి', '|'), ('లో', 'U'), ('నం', 'U'), ('భో', 'U'), ('రు', '|'), ('హం', 'U'), ('బు', 'U'), ('ల్ద', '|'), ('గన్', 'U'), ('ని', '|'), ('ల', '|'), ('నొ', 'U'), ('ప్పా', 'U'), ('రె', '|'), ('డు', '|'), ('చం', 'U'), ('ద', '|'), ('మొం', 'U'), ('దె', '|'), ('దె', '|'), ('పు', '|'), ('డు', 'U'), ('న్నీ', 'U'), ('లాం', 'U'), ('గ', '|'), ('నా', 'U'), ('రా', 'U'), ('య', '|'), ('ణా', 'U')]",0.9,1.0,1.0,1.0,0.5,1.0
mattebhamu,"మదిలో నుత్తమభక్తి పీఠముపయి\న్‌ మానాథ మీపాదముల్‌
గదియం జేర్చిన వాని కే నొడయడన్‌ గా దంచు నత్యున్నతిన్‌
పదిలుం డై సమవర్తి మృత్యువునకు\న్‌ బాఠంబుగాఁ బల్కు మీ
పదపద్మార్చకు లెంత పుణ్యులొ కృపాపారీణ నారాయణా!",vruttamu,Naarayana,"[('మ', '|'), ('ది', '|'), ('లో', 'U'), ('ను', 'U'), ('త్త', '|'), ('మ', '|'), ('భ', 'U'), ('క్తి', '|'), ('పీ', 'U'), ('ఠ', '|'), ('ము', '|'), ('ప', '|'), ('యి', 'U'), ('న్మా', 'U'), ('నా', 'U'), ('థ', '|'), ('మీ', 'U'), ('పా', 'U'), ('ద', '|'), ('ముల్', 'U'), ('గ', '|'), ('ది', '|'), ('యం', 'U'), ('జే', 'U'), ('ర్చి', '|'), ('న', '|'), ('వా', 'U'), ('ని', '|'), ('కే', 'U'), ('నొ', '|'), ('డ', '|'), ('య', '|'), ('డ', 'U'), ('న్గా', 'U'), ('దం', 'U'), ('చు', '|'), ('న', 'U'), ('త్యు', 'U'), ('న్న', '|'), ('తిన్', 'U'), ('ప', '|'), ('ది', '|'), ('లుం', 'U'), ('డై', 'U'), ('స', '|'), ('మ', '|'), ('వ', 'U'), ('ర్తి', '|'), ('మృ', 'U'), ('త్యు', '|'), ('వు', '|'), ('న', '|'), ('కు', 'U'), ('న్బా', 'U'), ('ఠం', 'U'), ('బు', '|'), ('గా', 'U'), ('బ', 'U'), ('ల్కు', '|'), ('మీ', 'U'), ('ప', '|'), ('ద', '|'), ('ప', 'U'), ('ద్మా', 'U'), ('ర్చ', '|'), ('కు', '|'), ('లెం', 'U'), ('త', '|'), ('పు', 'U'), ('ణ్యు', '|'), ('లొ', '|'), ('కృ', '|'), ('పా', 'U'), ('పా', 'U'), ('రీ', 'U'), ('ణ', '|'), ('నా', 'U'), ('రా', 'U'), ('య', '|'), ('ణా', 'U')]",1.0,1.0,1.0,1.0,1.0,1.0
mattebhamu,"కుల మెన్నం గొల దేల యేకులజుఁడుం గోత్రాభిమానాభిలా
షలునజ్ఞానము బాసి జ్ఞానము మదిన్‌ సంధించి శుద్ధాత్ముఁడై
యలరారం బరుసంబు సోఁకు నిను మున్‌ హేమాకృతిస్తోమమై
వెలయు న్నాగతివాఁడు ముక్తి కరుగున్‌ వేదాత్మ నారాయణా!",vruttamu,Naarayana,"[('కు', '|'), ('ల', '|'), ('మె', 'U'), ('న్నం', 'U'), ('గొ', '|'), ('ల', '|'), ('దే', 'U'), ('ల', '|'), ('యే', 'U'), ('కు', '|'), ('ల', '|'), ('జు', '|'), ('డుం', 'U'), ('గో', 'U'), ('త్రా', 'U'), ('భి', '|'), ('మా', 'U'), ('నా', 'U'), ('భి', '|'), ('లా', 'U'), ('ష', '|'), ('లు', '|'), ('న', 'U'), ('జ్ఞా', 'U'), ('న', '|'), ('ము', '|'), ('బా', 'U'), ('సి', 'U'), ('జ్ఞా', 'U'), ('న', '|'), ('ము', '|'), ('మ', '|'), ('ది', 'U'), ('న్సం', 'U'), ('ధిం', 'U'), ('చి', '|'), ('శు', 'U'), ('ద్ధా', 'U'), ('త్ము', '|'), ('డై', 'U'), ('య', '|'), ('ల', '|'), ('రా', 'U'), ('రం', 'U'), ('బ', '|'), ('రు', '|'), ('సం', 'U'), ('బు', '|'), ('సో', 'U'), ('కు', '|'), ('ని', '|'), ('ను', '|'), ('ము', 'U'), ('న్హే', 'U'), ('మా', 'U'), ('కృ', '|'), ('తి', 'U'), ('స్తో', 'U'), ('మ', '|'), ('మై', 'U'), ('వె', '|'), ('ల', '|'), ('యు', 'U'), ('న్నా', 'U'), ('గ', '|'), ('తి', '|'), ('వా', 'U'), ('డు', '|'), ('ము', 'U'), ('క్తి', '|'), ('క', '|'), ('రు', '|'), ('గు', 'U'), ('న్వే', 'U'), ('దా', 'U'), ('త్మ', '|'), ('నా', 'U'), ('రా', 'U'), ('య', '|'), ('ణా', 'U')]",0.9428571428571428,1.0,1.0,0.9642857142857143,0.75,1.0
mattebhamu,"నిరతానందయోగులై నియతులై నిర్భాగ్యులై నీచులై
కరుణాహీనమనస్కులై మలినులై కష్టాత్ములై నష్టులై
పరుషవ్యాధినిబద్ధులై పతితులై భగ్నాంగులై మ్రగ్గువా
రరయ న్ని న్నొగి నాత్మయం దిడనివా రబ్జాక్ష నారాయణా!",vruttamu,Naarayana,"[('ని', '|'), ('ర', '|'), ('తా', 'U'), ('నం', 'U'), ('ద', '|'), ('యో', 'U'), ('గు', '|'), ('లై', 'U'), ('ని', '|'), ('య', '|'), ('తు', '|'), ('లై', 'U'), ('ని', 'U'), ('ర్భా', 'U'), ('గ్యు', '|'), ('లై', 'U'), ('నీ', 'U'), ('చు', '|'), ('లై', 'U'), ('క', '|'), ('రు', '|'), ('ణా', 'U'), ('హీ', 'U'), ('న', '|'), ('మ', '|'), ('న', 'U'), ('స్కు', '|'), ('లై', 'U'), ('మ', '|'), ('లి', '|'), ('ను', '|'), ('లై', 'U'), ('క', 'U'), ('ష్టా', 'U'), ('త్ము', '|'), ('లై', 'U'), ('న', 'U'), ('ష్టు', '|'), ('లై', 'U'), ('ప', '|'), ('రు', '|'), ('ష', 'U'), ('వ్యా', 'U'), ('ధి', '|'), ('ని', '|'), ('బ', 'U'), ('ద్ధు', '|'), ('లై', 'U'), ('ప', '|'), ('తి', '|'), ('తు', '|'), ('లై', 'U'), ('భ', 'U'), ('గ్నాం', 'U'), ('గు', '|'), ('లై', 'U'), ('మ్ర', 'U'), ('గ్గు', '|'), ('వా', 'U'), ('ర', '|'), ('ర', '|'), ('య', 'U'), ('న్ని', 'U'), ('న్నొ', '|'), ('గి', '|'), ('నా', 'U'), ('త్మ', '|'), ('యం', 'U'), ('ది', '|'), ('డ', '|'), ('ని', '|'), ('వా', 'U'), ('ర', 'U'), ('బ్జా', 'U'), ('క్ష', '|'), ('నా', 'U'), ('రా', 'U'), ('య', '|'), ('ణా', 'U')]",0.4546428571428572,0.9875,1.0,0.03571428571428571,0.0,0.25
mattebhamu,"ఘనభోగాస్పదులై గతౌఘమతులై కారుణ్యులై ముక్తులై
ధనకీర్తిప్రదులై దయాభిరతులై ధర్మాత్ములై నిత్యులై
మనుజాధీశ్వరులై మనోజనిభులై మాన్యస్థులై స్వస్థులై
యొనర న్నొప్పెడువారు నీపదరుచి న్నూహించు నారాయణా!",vruttamu,Naarayana,"[('ఘ', '|'), ('న', '|'), ('భో', 'U'), ('గా', 'U'), ('స్ప', '|'), ('దు', '|'), ('లై', 'U'), ('గ', '|'), ('తౌ', 'U'), ('ఘ', '|'), ('మ', '|'), ('తు', '|'), ('లై', 'U'), ('కా', 'U'), ('రు', 'U'), ('ణ్యు', '|'), ('లై', 'U'), ('ము', 'U'), ('క్తు', '|'), ('లై', 'U'), ('ధ', '|'), ('న', '|'), ('కీ', 'U'), ('ర్తి', '|'), ('ప్ర', '|'), ('దు', '|'), ('లై', 'U'), ('ద', '|'), ('యా', 'U'), ('భి', '|'), ('ర', '|'), ('తు', '|'), ('లై', 'U'), ('ధ', 'U'), ('ర్మా', 'U'), ('త్ము', '|'), ('లై', 'U'), ('ని', 'U'), ('త్యు', '|'), ('లై', 'U'), ('మ', '|'), ('ను', '|'), ('జా', 'U'), ('ధీ', 'U'), ('శ్వ', '|'), ('రు', '|'), ('లై', 'U'), ('మ', '|'), ('నో', 'U'), ('జ', '|'), ('ని', '|'), ('భు', '|'), ('లై', 'U'), ('మా', 'U'), ('న్య', 'U'), ('స్థు', '|'), ('లై', 'U'), ('స్వ', 'U'), ('స్థు', '|'), ('లై', 'U'), ('యొ', '|'), ('న', '|'), ('ర', 'U'), ('న్నొ', 'U'), ('ప్పె', '|'), ('డు', '|'), ('వా', 'U'), ('రు', '|'), ('నీ', 'U'), ('ప', '|'), ('ద', '|'), ('రు', '|'), ('చి', 'U'), ('న్నూ', 'U'), ('హిం', 'U'), ('చు', '|'), ('నా', 'U'), ('రా', 'U'), ('య', '|'), ('ణా', 'U')]",0.9428571428571428,1.0,1.0,0.9642857142857143,0.75,1.0
mattebhamu,"విదితామ్నాయ నికాయ భూతములలో విజ్ఞానసంపత్కళా
స్పద యోగీంద్రమనస్సరోజములలో బ్రహ్మేంద్రదిక్పాలక
త్రిదశవ్రాతకిరీటరత్నములలో దీపించుచున్నట్టి మీ
పదపద్మంబులు భావగేహమున నే భావింతు నారాయణా!",vruttamu,Naarayana,"[('వి', '|'), ('ది', '|'), ('తా', 'U'), ('మ్నా', 'U'), ('య', '|'), ('ని', '|'), ('కా', 'U'), ('య', '|'), ('భూ', 'U'), ('త', '|'), ('ము', '|'), ('ల', '|'), ('లో', 'U'), ('వి', 'U'), ('జ్ఞా', 'U'), ('న', '|'), ('సం', 'U'), ('ప', 'U'), ('త్క', '|'), ('ళా', 'U'), ('స్ప', '|'), ('ద', '|'), ('యో', 'U'), ('గీం', 'U'), ('ద్ర', '|'), ('మ', '|'), ('న', 'U'), ('స్స', '|'), ('రో', 'U'), ('జ', '|'), ('ము', '|'), ('ల', '|'), ('లో', 'U'), ('బ్ర', 'U'), ('హ్మేం', 'U'), ('ద్ర', '|'), ('ది', 'U'), ('క్పా', 'U'), ('ల', '|'), ('క', '|'), ('త్రి', '|'), ('ద', '|'), ('శ', '|'), ('వ్రా', 'U'), ('త', '|'), ('కి', '|'), ('రీ', 'U'), ('ట', '|'), ('ర', 'U'), ('త్న', '|'), ('ము', '|'), ('ల', '|'), ('లో', 'U'), ('దీ', 'U'), ('పిం', 'U'), ('చు', '|'), ('చు', 'U'), ('న్న', 'U'), ('ట్టి', '|'), ('మీ', 'U'), ('ప', '|'), ('ద', '|'), ('ప', 'U'), ('ద్మం', 'U'), ('బు', '|'), ('లు', '|'), ('భా', 'U'), ('వ', '|'), ('గే', 'U'), ('హ', '|'), ('ము', '|'), ('న', '|'), ('నే', 'U'), ('భా', 'U'), ('విం', 'U'), ('తు', '|'), ('నా', 'U'), ('రా', 'U'), ('య', '|'), ('ణా', 'U')]",0.9857142857142858,1.0,1.0,0.9285714285714286,1.0,1.0
mattebhamu,"వెలయన్‌ యౌవనకాలమందు మరుఁడున్‌ వృద్ధాప్యకాలంబునన్‌
బలురోగంబులు నంత్య మందు యముఁడుం బాధింప నట్టైన యీ
పలుజన్మంబులు చాల దూలితి ననుం బాలింపవే దేవ మీ
ఫలితానంద దయావలోకనము నాపైఁ జూపు నారాయణా!",vruttamu,Naarayana,"[('వె', '|'), ('ల', '|'), ('య', 'U'), ('న్యౌ', 'U'), ('వ', '|'), ('న', '|'), ('కా', 'U'), ('ల', '|'), ('మం', 'U'), ('దు', '|'), ('మ', '|'), ('రు', '|'), ('డు', 'U'), ('న్వృ', 'U'), ('ద్ధా', 'U'), ('ప్య', '|'), ('కా', 'U'), ('లం', 'U'), ('బు', '|'), ('నన్', 'U'), ('బ', '|'), ('లు', '|'), ('రో', 'U'), ('గం', 'U'), ('బు', '|'), ('లు', '|'), ('నం', 'U'), ('త్య', '|'), ('మం', 'U'), ('దు', '|'), ('య', '|'), ('ము', '|'), ('డుం', 'U'), ('బా', 'U'), ('ధిం', 'U'), ('ప', '|'), ('న', 'U'), ('ట్టై', 'U'), ('న', '|'), ('యీ', 'U'), ('ప', '|'), ('లు', '|'), ('జ', 'U'), ('న్మం', 'U'), ('బు', '|'), ('లు', '|'), ('చా', 'U'), ('ల', '|'), ('దూ', 'U'), ('లి', '|'), ('తి', '|'), ('న', '|'), ('నుం', 'U'), ('బా', 'U'), ('లిం', 'U'), ('ప', '|'), ('వే', 'U'), ('దే', 'U'), ('వ', '|'), ('మీ', 'U'), ('ఫ', '|'), ('లి', '|'), ('తా', 'U'), ('నం', 'U'), ('ద', '|'), ('ద', '|'), ('యా', 'U'), ('వ', '|'), ('లో', 'U'), ('క', '|'), ('న', '|'), ('ము', '|'), ('నా', 'U'), ('పై', 'U'), ('జూ', 'U'), ('పు', '|'), ('నా', 'U'), ('రా', 'U'), ('య', '|'), ('ణా', 'U')]",0.95,1.0,1.0,1.0,0.75,1.0
mattebhamu,"బలుకర్మాయత పాశబంధవితతి\న్‌ బాహాపరిశ్రేణికి\న్‌
జలయంత్రాన్విత బంధయాతనగతిన్‌ సంసారకూపంబులో
నలరం ద్రిమ్మరుచుండు నన్ను నకటా! యార్తుండనై వేఁడెదన్‌
వెలయ న్నీకృపచేతఁ జేకొనవె నన్‌ వేవేగ నారాయణా!",vruttamu,Naarayana,"[('బ', '|'), ('లు', '|'), ('క', 'U'), ('ర్మా', 'U'), ('య', '|'), ('త', '|'), ('పా', 'U'), ('శ', '|'), ('బం', 'U'), ('ధ', '|'), ('వి', '|'), ('త', '|'), ('తి', 'U'), ('న్బా', 'U'), ('హా', 'U'), ('ప', '|'), ('రి', '|'), ('శ్రే', 'U'), ('ణి', '|'), ('కిన్', 'U'), ('జ', '|'), ('ల', '|'), ('యం', 'U'), ('త్రా', 'U'), ('న్వి', '|'), ('త', '|'), ('బం', 'U'), ('ధ', '|'), ('యా', 'U'), ('త', '|'), ('న', '|'), ('గ', '|'), ('తి', 'U'), ('న్సం', 'U'), ('సా', 'U'), ('ర', '|'), ('కూ', 'U'), ('పం', 'U'), ('బు', '|'), ('లో', 'U'), ('న', '|'), ('ల', '|'), ('రం', 'U'), ('ద్రి', 'U'), ('మ్మ', '|'), ('రు', '|'), ('చుం', 'U'), ('డు', '|'), ('న', 'U'), ('న్ను', '|'), ('న', '|'), ('క', '|'), ('టా', 'U'), ('యా', 'U'), ('ర్తుం', 'U'), ('డ', '|'), ('నై', 'U'), ('వే', 'U'), ('డె', '|'), ('దన్', 'U'), ('వె', '|'), ('ల', '|'), ('య', 'U'), ('న్నీ', 'U'), ('కృ', '|'), ('ప', '|'), ('చే', 'U'), ('త', '|'), ('జే', 'U'), ('కొ', '|'), ('న', '|'), ('వె', '|'), ('న', 'U'), ('న్వే', 'U'), ('వే', 'U'), ('గ', '|'), ('నా', 'U'), ('రా', 'U'), ('య', '|'), ('ణా', 'U')]",0.9428571428571428,1.0,1.0,0.9642857142857143,0.75,1.0
mattebhamu,"మమహంకార వికారసన్నిభ మహామత్తాది లోభాంధకా
రముచే ముక్తికి నేఁగుమార్గ మెఱుగ\న్‌ రా దింక నాలోన నీ
విమలాపాంగ దయా దివాకరరుచిన్‌ వెల్గింపు మింపార నో
కమలానంద విహారవక్షలలితా! కంజాక్ష! నారాయణా!",vruttamu,Naarayana,"[('మ', '|'), ('మ', '|'), ('హం', 'U'), ('కా', 'U'), ('ర', '|'), ('వి', '|'), ('కా', 'U'), ('ర', '|'), ('స', 'U'), ('న్ని', '|'), ('భ', '|'), ('మ', '|'), ('హా', 'U'), ('మ', 'U'), ('త్తా', 'U'), ('ది', '|'), ('లో', 'U'), ('భాం', 'U'), ('ధ', '|'), ('కా', 'U'), ('ర', '|'), ('ము', '|'), ('చే', 'U'), ('ము', 'U'), ('క్తి', '|'), ('కి', '|'), ('నే', 'U'), ('గు', '|'), ('మా', 'U'), ('ర్గ', '|'), ('మె', '|'), ('ఱు', '|'), ('గ', '|'), ('న్రా', 'U'), ('దిం', 'U'), ('క', '|'), ('నా', 'U'), ('లో', 'U'), ('న', '|'), ('నీ', 'U'), ('వి', '|'), ('మ', '|'), ('లా', 'U'), ('పాం', 'U'), ('గ', '|'), ('ద', '|'), ('యా', 'U'), ('ది', '|'), ('వా', 'U'), ('క', '|'), ('ర', '|'), ('రు', '|'), ('చి', 'U'), ('న్వె', 'U'), ('ల్గిం', 'U'), ('పు', '|'), ('మిం', 'U'), ('పా', 'U'), ('ర', '|'), ('నో', 'U'), ('క', '|'), ('మ', '|'), ('లా', 'U'), ('నం', 'U'), ('ద', '|'), ('వి', '|'), ('హా', 'U'), ('ర', '|'), ('వ', 'U'), ('క్ష', '|'), ('ల', '|'), ('లి', '|'), ('తా', 'U'), ('కం', 'U'), ('జా', 'U'), ('క్ష', '|'), ('నా', 'U'), ('రా', 'U'), ('య', '|'), ('ణా', 'U')]",0.9928571428571429,1.0,1.0,0.9642857142857143,1.0,1.0
mattebhamu,"పరిపంధిక్రియ నొత్తి వెంటఁ బడునప్పాపంబుఁ దూలించి మీ
చరణాబ్జస్థితి పంజరంబు శరణేచ్ఛం జొచ్చితిం గావుమీ
బిరుదుం జూడుము మీరు సూడఁగ భవద్భృత్యుండు దుఃఖంబులం
బొరయ న్నీ కపకీర్తి గాదె శరదంభోజాక్ష నారాయణా!",vruttamu,Naarayana,"[('ప', '|'), ('రి', '|'), ('పం', 'U'), ('ధి', '|'), ('క్రి', '|'), ('య', '|'), ('నొ', 'U'), ('త్తి', '|'), ('వెం', 'U'), ('ట', '|'), ('బ', '|'), ('డు', '|'), ('న', 'U'), ('ప్పా', 'U'), ('పం', 'U'), ('బు', '|'), ('దూ', 'U'), ('లిం', 'U'), ('చి', '|'), ('మీ', 'U'), ('చ', '|'), ('ర', '|'), ('ణా', 'U'), ('బ్జ', 'U'), ('స్థి', '|'), ('తి', '|'), ('పం', 'U'), ('జ', '|'), ('రం', 'U'), ('బు', '|'), ('శ', '|'), ('ర', '|'), ('ణే', 'U'), ('చ్ఛం', 'U'), ('జొ', 'U'), ('చ్చి', '|'), ('తిం', 'U'), ('గా', 'U'), ('వు', '|'), ('మీ', 'U'), ('బి', '|'), ('రు', '|'), ('దుం', 'U'), ('జూ', 'U'), ('డు', '|'), ('ము', '|'), ('మీ', 'U'), ('రు', '|'), ('సూ', 'U'), ('డ', '|'), ('గ', '|'), ('భ', '|'), ('వ', 'U'), ('ద్భృ', 'U'), ('త్యుం', 'U'), ('డు', '|'), ('దుః', 'U'), ('ఖం', 'U'), ('బు', '|'), ('లం', 'U'), ('బొ', '|'), ('ర', '|'), ('య', 'U'), ('న్నీ', 'U'), ('క', '|'), ('ప', '|'), ('కీ', 'U'), ('ర్తి', '|'), ('గా', 'U'), ('దె', '|'), ('శ', '|'), ('ర', '|'), ('దం', 'U'), ('భో', 'U'), ('జా', 'U'), ('క్ష', '|'), ('నా', 'U'), ('రా', 'U'), ('య', '|'), ('ణా', 'U')]",0.9428571428571428,1.0,1.0,0.9642857142857143,0.75,1.0
mattebhamu,"సతతాచారము సూనృతంబు కృపయున్‌ సత్యంబునున్‌ శీలమున్‌
నతిశాంతత్వము చిత్తశుద్ధికరము న్నధ్యాత్మయు\న్‌ ధ్యానము\న్‌
ధృతియున్‌ ధర్మము సర్వజీవహితముం దూరంబు గాకుండ స
మ్మతికిం జేరువ మీనివాససుఖమున్‌ మానాథ నారాయణా!",vruttamu,Naarayana,"[('స', '|'), ('త', '|'), ('తా', 'U'), ('చా', 'U'), ('ర', '|'), ('ము', '|'), ('సూ', 'U'), ('నృ', '|'), ('తం', 'U'), ('బు', '|'), ('కృ', '|'), ('ప', '|'), ('యు', 'U'), ('న్స', 'U'), ('త్యం', 'U'), ('బు', '|'), ('ను', 'U'), ('న్శీ', 'U'), ('ల', '|'), ('మున్', 'U'), ('న', '|'), ('తి', '|'), ('శాం', 'U'), ('త', 'U'), ('త్వ', '|'), ('ము', '|'), ('చి', 'U'), ('త్త', '|'), ('శు', 'U'), ('ద్ధి', '|'), ('క', '|'), ('ర', '|'), ('ము', 'U'), ('న్న', 'U'), ('ధ్యా', 'U'), ('త్మ', '|'), ('యు', 'U'), ('న్ధ్యా', 'U'), ('న', '|'), ('మున్', 'U'), ('ధృ', '|'), ('తి', '|'), ('యు', 'U'), ('న్ధ', 'U'), ('ర్మ', '|'), ('ము', '|'), ('స', 'U'), ('ర్వ', '|'), ('జీ', 'U'), ('వ', '|'), ('హి', '|'), ('త', '|'), ('ముం', 'U'), ('దూ', 'U'), ('రం', 'U'), ('బు', '|'), ('గా', 'U'), ('కుం', 'U'), ('డ', '|'), ('స', 'U'), ('మ్మ', '|'), ('తి', '|'), ('కిం', 'U'), ('జే', 'U'), ('రు', '|'), ('వ', '|'), ('మీ', 'U'), ('ని', '|'), ('వా', 'U'), ('స', '|'), ('సు', '|'), ('ఖ', '|'), ('ము', 'U'), ('న్మా', 'U'), ('నా', 'U'), ('థ', '|'), ('నా', 'U'), ('రా', 'U'), ('య', '|'), ('ణా', 'U')]",0.95,1.0,1.0,1.0,0.75,1.0
mattebhamu,"భవనాశి\న్‌ గయ తుంగభద్ర యమున\న్‌ భాగీరథిం గృష్ణ వే
త్రవతి న్నర్మద పెన్న గౌతమి పయోరాశి న్వియద్గంగ యం
దవగాహంబున నైన పుణ్యములు బెంపారంగ నేఁ డిచ్చట\న్‌
భవదంఘ్రిస్మరణంబునం గలుగు పో పద్మాక్ష నారాయణా!",vruttamu,Naarayana,"[('భ', '|'), ('వ', '|'), ('నా', 'U'), ('శి', 'U'), ('న్గ', '|'), ('య', '|'), ('తుం', 'U'), ('గ', '|'), ('భ', '|'), ('ద్ర', '|'), ('య', '|'), ('ము', '|'), ('న', 'U'), ('న్భా', 'U'), ('గీ', 'U'), ('ర', '|'), ('థిం', 'U'), ('గృ', 'U'), ('ష్ణ', '|'), ('వే', 'U'), ('త్ర', '|'), ('వ', '|'), ('తి', 'U'), ('న్న', 'U'), ('ర్మ', '|'), ('ద', '|'), ('పె', 'U'), ('న్న', '|'), ('గౌ', 'U'), ('త', '|'), ('మి', '|'), ('ప', '|'), ('యో', 'U'), ('రా', 'U'), ('శి', 'U'), ('న్వి', '|'), ('య', 'U'), ('ద్గం', 'U'), ('గ', '|'), ('యం', 'U'), ('ద', '|'), ('వ', '|'), ('గా', 'U'), ('హం', 'U'), ('బు', '|'), ('న', '|'), ('నై', 'U'), ('న', '|'), ('పు', 'U'), ('ణ్య', '|'), ('ము', '|'), ('లు', '|'), ('బెం', 'U'), ('పా', 'U'), ('రం', 'U'), ('గ', '|'), ('నే', 'U'), ('డి', 'U'), ('చ్చ', '|'), ('టన్', 'U'), ('భ', '|'), ('వ', '|'), ('దం', 'U'), ('ఘ్రి', 'U'), ('స్మ', '|'), ('ర', '|'), ('ణం', 'U'), ('బు', '|'), ('నం', 'U'), ('గ', '|'), ('లు', '|'), ('గు', '|'), ('పో', 'U'), ('ప', 'U'), ('ద్మా', 'U'), ('క్ష', '|'), ('నా', 'U'), ('రా', 'U'), ('య', '|'), ('ణా', 'U')]",0.9428571428571428,1.0,1.0,0.9642857142857143,0.75,1.0
mattebhamu,"ధర గ్రామాధిపు నింటిదాసుఁడు వెసం దా ద్రోహముం జేసినన్‌
పరగం జెల్లుట సూచి తీ భువనసంపాద్యుండ వైనట్టి మీ
వరదాసావలి దాసదాసి నని దుర్వారౌఘముల్‌ జేసితి\న్‌
కరుణం జేకొని కావు మయ్య త్రిజగత్కల్యాణ నారాయణా!",vruttamu,Naarayana,"[('ధ', '|'), ('ర', '|'), ('గ్రా', 'U'), ('మా', 'U'), ('ధి', '|'), ('పు', '|'), ('నిం', 'U'), ('టి', '|'), ('దా', 'U'), ('సు', '|'), ('డు', '|'), ('వె', '|'), ('సం', 'U'), ('దా', 'U'), ('ద్రో', 'U'), ('హ', '|'), ('ముం', 'U'), ('జే', 'U'), ('సి', '|'), ('నన్', 'U'), ('ప', '|'), ('ర', '|'), ('గం', 'U'), ('జె', 'U'), ('ల్లు', '|'), ('ట', '|'), ('సూ', 'U'), ('చి', '|'), ('తీ', 'U'), ('భు', '|'), ('వ', '|'), ('న', '|'), ('సం', 'U'), ('పా', 'U'), ('ద్యుం', 'U'), ('డ', '|'), ('వై', 'U'), ('న', 'U'), ('ట్టి', '|'), ('మీ', 'U'), ('వ', '|'), ('ర', '|'), ('దా', 'U'), ('సా', 'U'), ('వ', '|'), ('లి', '|'), ('దా', 'U'), ('స', '|'), ('దా', 'U'), ('సి', '|'), ('న', '|'), ('ని', '|'), ('దు', 'U'), ('ర్వా', 'U'), ('రౌ', 'U'), ('ఘ', '|'), ('ము', 'U'), ('ల్జే', 'U'), ('సి', '|'), ('తిన్', 'U'), ('క', '|'), ('రు', '|'), ('ణం', 'U'), ('జే', 'U'), ('కొ', '|'), ('ని', '|'), ('కా', 'U'), ('వు', '|'), ('మ', 'U'), ('య్య', '|'), ('త్రి', '|'), ('జ', '|'), ('గ', 'U'), ('త్క', 'U'), ('ల్యా', 'U'), ('ణ', '|'), ('నా', 'U'), ('రా', 'U'), ('య', '|'), ('ణా', 'U')]",1.0,1.0,1.0,1.0,1.0,1.0
mattebhamu,"గణుతింప\న్‌ బహుధర్మశాస్త్రనిగమౌఘం బెప్పుడు న్ని న్నకా
రణబంధుం డని చెప్ప నత్తెఱఁగు దూరం బందకుండంగ నే
బ్రణతుల్‌ జేసెదఁ గొంత యైనఁ గణుతింపం బాడి లేకుండినన్‌
ఋణమా నానుతి నీవు శ్రీపతివి నీ కే లప్పు? నారాయణా!",vruttamu,Naarayana,"[('గ', '|'), ('ణు', '|'), ('తిం', 'U'), ('ప', 'U'), ('న్బ', '|'), ('హు', '|'), ('ధ', 'U'), ('ర్మ', '|'), ('శా', 'U'), ('స్త్ర', '|'), ('ని', '|'), ('గ', '|'), ('మౌ', 'U'), ('ఘం', 'U'), ('బె', 'U'), ('ప్పు', '|'), ('డు', 'U'), ('న్ని', 'U'), ('న్న', '|'), ('కా', 'U'), ('ర', '|'), ('ణ', '|'), ('బం', 'U'), ('ధుం', 'U'), ('డ', '|'), ('ని', '|'), ('చె', 'U'), ('ప్ప', '|'), ('న', 'U'), ('త్తె', '|'), ('ఱ', '|'), ('గు', '|'), ('దూ', 'U'), ('రం', 'U'), ('బం', 'U'), ('ద', '|'), ('కుం', 'U'), ('డం', 'U'), ('గ', '|'), ('నే', 'U'), ('బ్ర', '|'), ('ణ', '|'), ('తు', 'U'), ('ల్జే', 'U'), ('సె', '|'), ('ద', '|'), ('గొం', 'U'), ('త', '|'), ('యై', 'U'), ('న', '|'), ('గ', '|'), ('ణు', '|'), ('తిం', 'U'), ('పం', 'U'), ('బా', 'U'), ('డి', '|'), ('లే', 'U'), ('కుం', 'U'), ('డి', '|'), ('నన్', 'U'), ('ఋ', '|'), ('ణ', '|'), ('మా', 'U'), ('నా', 'U'), ('ను', '|'), ('తి', '|'), ('నీ', 'U'), ('వు', '|'), ('శ్రీ', 'U'), ('ప', '|'), ('తి', '|'), ('వి', '|'), ('నీ', 'U'), ('కే', 'U'), ('ల', 'U'), ('ప్పు', '|'), ('నా', 'U'), ('రా', 'U'), ('య', '|'), ('ణా', 'U')]",0.95,1.0,1.0,1.0,0.75,1.0
mattebhamu,"కరినాథుండు జలగ్రహగ్రహణ దుఃఖాక్రాంతుఁడై యీశ మీ
శరణం బన్నఁ గృశాను భానుశతతేజస్ఫూర్తి యైనట్టి మీ
కరచక్రంబున నక్రకంఠము వెస\న్‌ ఖండించి మించెం దయా
పరసద్భక్త భయానక ప్రకర సత్ప్రాకట్య నారాయణా!",vruttamu,Naarayana,"[('క', '|'), ('రి', '|'), ('నా', 'U'), ('థుం', 'U'), ('డు', '|'), ('జ', '|'), ('ల', '|'), ('గ్ర', '|'), ('హ', '|'), ('గ్ర', '|'), ('హ', '|'), ('ణ', '|'), ('దుః', 'U'), ('ఖా', 'U'), ('క్రాం', 'U'), ('తు', '|'), ('డై', 'U'), ('యీ', 'U'), ('శ', '|'), ('మీ', 'U'), ('శ', '|'), ('ర', '|'), ('ణం', 'U'), ('బ', 'U'), ('న్న', '|'), ('గృ', '|'), ('శా', 'U'), ('ను', '|'), ('భా', 'U'), ('ను', '|'), ('శ', '|'), ('త', '|'), ('తే', 'U'), ('జ', 'U'), ('స్ఫూ', 'U'), ('ర్తి', '|'), ('యై', 'U'), ('న', 'U'), ('ట్టి', '|'), ('మీ', 'U'), ('క', '|'), ('ర', '|'), ('చ', '|'), ('క్రం', 'U'), ('బు', '|'), ('న', '|'), ('న', '|'), ('క్ర', '|'), ('కం', 'U'), ('ఠ', '|'), ('ము', '|'), ('వె', '|'), ('స', 'U'), ('న్ఖం', 'U'), ('డిం', 'U'), ('చి', '|'), ('మిం', 'U'), ('చెం', 'U'), ('ద', '|'), ('యా', 'U'), ('ప', '|'), ('ర', '|'), ('స', 'U'), ('ద్భ', 'U'), ('క్త', '|'), ('భ', '|'), ('యా', 'U'), ('న', '|'), ('క', '|'), ('ప్ర', '|'), ('క', '|'), ('ర', '|'), ('స', 'U'), ('త్ప్రా', 'U'), ('క', 'U'), ('ట్య', '|'), ('నా', 'U'), ('రా', 'U'), ('య', '|'), ('ణా', 'U')]",0.9714285714285715,1.0,1.0,0.8571428571428571,1.0,1.0
saardulamu,"ఏభావంబున ని\న్‌ దలంచె గజయూధేంద్రుండు ఆపన్నుఁడై
యేభావంబున ద్రౌప దయ్యెడ రమాధీశా యనె న్వాయసం
బేభావంబున నీశరణ్య మనెనో యీ నీ కృపాదృష్టిచే
నాభావంబున నీతలంపుఁ గలుగ న్నా కిమ్ము నారాయణా!",vruttamu,Naarayana,"[('ఏ', 'U'), ('భా', 'U'), ('వం', 'U'), ('బు', '|'), ('న', '|'), ('ని', 'U'), ('న్ద', '|'), ('లం', 'U'), ('చె', '|'), ('గ', '|'), ('జ', '|'), ('యూ', 'U'), ('ధేం', 'U'), ('ద్రుం', 'U'), ('డు', '|'), ('ఆ', 'U'), ('ప', 'U'), ('న్ను', '|'), ('డై', 'U'), ('యే', 'U'), ('భా', 'U'), ('వం', 'U'), ('బు', '|'), ('న', '|'), ('ద్రౌ', 'U'), ('ప', '|'), ('ద', 'U'), ('య్యె', '|'), ('డ', '|'), ('ర', '|'), ('మా', 'U'), ('ధీ', 'U'), ('శా', 'U'), ('య', '|'), ('నె', 'U'), ('న్వా', 'U'), ('య', '|'), ('సం', 'U'), ('బే', 'U'), ('భా', 'U'), ('వం', 'U'), ('బు', '|'), ('న', '|'), ('నీ', 'U'), ('శ', '|'), ('ర', 'U'), ('ణ్య', '|'), ('మ', '|'), ('నె', '|'), ('నో', 'U'), ('యీ', 'U'), ('నీ', 'U'), ('కృ', '|'), ('పా', 'U'), ('దృ', 'U'), ('ష్టి', '|'), ('చే', 'U'), ('నా', 'U'), ('భా', 'U'), ('వం', 'U'), ('బు', '|'), ('న', '|'), ('నీ', 'U'), ('త', '|'), ('లం', 'U'), ('పు', '|'), ('గ', '|'), ('లు', '|'), ('గ', 'U'), ('న్నా', 'U'), ('కి', 'U'), ('మ్ము', '|'), ('నా', 'U'), ('రా', 'U'), ('య', '|'), ('ణా', 'U')]",0.85,1.0,1.0,1.0,0.25,1.0
saardulamu,"నీలగ్రీవుఁడు చేతిపున్క విడిచె న్నీయింతి భిక్షంబున\న్‌
నీలగ్రీవుఁడు యీశ్వరాఖ్యఁ దనరె న్నీనామజప్యంబునన్‌
నీలగ్రీవుఁడు మించి త్రుంచెఁ బురముల్‌ నీప్రాపు సేవించినన్‌
నీలగ్రీవ ముఖాబ్జభాస్కర కృపానిత్యాత్మ నారాయణా!",vruttamu,Naarayana,"[('నీ', 'U'), ('ల', '|'), ('గ్రీ', 'U'), ('వు', '|'), ('డు', '|'), ('చే', 'U'), ('తి', '|'), ('పు', 'U'), ('న్క', '|'), ('వి', '|'), ('డి', '|'), ('చె', 'U'), ('న్నీ', 'U'), ('యిం', 'U'), ('తి', '|'), ('భి', 'U'), ('క్షం', 'U'), ('బు', '|'), ('నన్', 'U'), ('నీ', 'U'), ('ల', '|'), ('గ్రీ', 'U'), ('వు', '|'), ('డు', '|'), ('యీ', 'U'), ('శ్వ', '|'), ('రా', 'U'), ('ఖ్య', '|'), ('ద', '|'), ('న', '|'), ('రె', 'U'), ('న్నీ', 'U'), ('నా', 'U'), ('మ', '|'), ('జ', 'U'), ('ప్యం', 'U'), ('బు', '|'), ('నన్', 'U'), ('నీ', 'U'), ('ల', '|'), ('గ్రీ', 'U'), ('వు', '|'), ('డు', '|'), ('మిం', 'U'), ('చి', '|'), ('త్రుం', 'U'), ('చె', '|'), ('బు', '|'), ('ర', '|'), ('ము', 'U'), ('ల్నీ', 'U'), ('ప్రా', 'U'), ('పు', '|'), ('సే', 'U'), ('విం', 'U'), ('చి', '|'), ('నన్', 'U'), ('నీ', 'U'), ('ల', '|'), ('గ్రీ', 'U'), ('వ', '|'), ('ము', '|'), ('ఖా', 'U'), ('బ్జ', '|'), ('భా', 'U'), ('స్క', '|'), ('ర', '|'), ('కృ', '|'), ('పా', 'U'), ('ని', 'U'), ('త్యా', 'U'), ('త్మ', '|'), ('నా', 'U'), ('రా', 'U'), ('య', '|'), ('ణా', 'U')]",0.9714285714285715,1.0,1.0,0.8571428571428571,1.0,1.0
mattebhamu,"నిను వర్ణింపనివాఁడు మూఁగ మదిలో నీనామమున్‌ వీనుల\న్‌
విని మోదింపనివాఁడు చెవ్డు మరి ని\న్‌ వేడ్క\న్‌ మనోవీథిని\న్‌
గని పూజింపనివాఁడు నాశకరుఁడౌ కర్మక్రియారంభుఁడై
తనలోఁ గాననివాఁడు నీచమతి పో తత్వజ్ఞ నారాయణా!",vruttamu,Naarayana,"[('ని', '|'), ('ను', '|'), ('వ', 'U'), ('ర్ణిం', 'U'), ('ప', '|'), ('ని', '|'), ('వా', 'U'), ('డు', '|'), ('మూ', 'U'), ('గ', '|'), ('మ', '|'), ('ది', '|'), ('లో', 'U'), ('నీ', 'U'), ('నా', 'U'), ('మ', '|'), ('ము', 'U'), ('న్వీ', 'U'), ('ను', '|'), ('లన్', 'U'), ('వి', '|'), ('ని', '|'), ('మో', 'U'), ('దిం', 'U'), ('ప', '|'), ('ని', '|'), ('వా', 'U'), ('డు', '|'), ('చె', 'U'), ('వ్డు', '|'), ('మ', '|'), ('రి', '|'), ('ని', 'U'), ('న్వే', 'U'), ('డ్క', 'U'), ('న్మ', '|'), ('నో', 'U'), ('వీ', 'U'), ('థి', '|'), ('నిన్', 'U'), ('గ', '|'), ('ని', '|'), ('పూ', 'U'), ('జిం', 'U'), ('ప', '|'), ('ని', '|'), ('వా', 'U'), ('డు', '|'), ('నా', 'U'), ('శ', '|'), ('క', '|'), ('రు', '|'), ('డౌ', 'U'), ('క', 'U'), ('ర్మ', '|'), ('క్రి', '|'), ('యా', 'U'), ('రం', 'U'), ('భు', '|'), ('డై', 'U'), ('త', '|'), ('న', '|'), ('లో', 'U'), ('గా', 'U'), ('న', '|'), ('ని', '|'), ('వా', 'U'), ('డు', '|'), ('నీ', 'U'), ('చ', '|'), ('మ', '|'), ('తి', '|'), ('పో', 'U'), ('త', 'U'), ('త్వ', 'U'), ('జ్ఞ', '|'), ('నా', 'U'), ('రా', 'U'), ('య', '|'), ('ణా', 'U')]",0.9928571428571429,1.0,1.0,0.9642857142857143,1.0,1.0
mattebhamu,"నిను వర్ణింపని నీచబంధమతి దా నిర్మగ్నమూఢాత్ముఁడై
పెనుదైవంబులఁ గోరి తా మనమునన్‌ సేవించుచందంబు తా
నవలం బారిన భూతియందు వెలయ న్నాజ్యాహుతుల్‌ పూని వే
ల్చిన చందంబున వ్యర్థమై తనరు జూ చిద్రూప నారాయణా!",vruttamu,Naarayana,"[('ని', '|'), ('ను', '|'), ('వ', 'U'), ('ర్ణిం', 'U'), ('ప', '|'), ('ని', '|'), ('నీ', 'U'), ('చ', '|'), ('బం', 'U'), ('ధ', '|'), ('మ', '|'), ('తి', '|'), ('దా', 'U'), ('ని', 'U'), ('ర్మ', 'U'), ('గ్న', '|'), ('మూ', 'U'), ('ఢా', 'U'), ('త్ము', '|'), ('డై', 'U'), ('పె', '|'), ('ను', '|'), ('దై', 'U'), ('వం', 'U'), ('బు', '|'), ('ల', '|'), ('గో', 'U'), ('రి', '|'), ('తా', 'U'), ('మ', '|'), ('న', '|'), ('ము', '|'), ('న', 'U'), ('న్సే', 'U'), ('విం', 'U'), ('చు', '|'), ('చం', 'U'), ('దం', 'U'), ('బు', '|'), ('తా', 'U'), ('న', '|'), ('వ', '|'), ('లం', 'U'), ('బా', 'U'), ('రి', '|'), ('న', '|'), ('భూ', 'U'), ('తి', '|'), ('యం', 'U'), ('దు', '|'), ('వె', '|'), ('ల', '|'), ('య', 'U'), ('న్నా', 'U'), ('జ్యా', 'U'), ('హు', '|'), ('తు', 'U'), ('ల్పూ', 'U'), ('ని', '|'), ('వే', 'U'), ('ల్చి', '|'), ('న', '|'), ('చం', 'U'), ('దం', 'U'), ('బు', '|'), ('న', 'U'), ('వ్య', 'U'), ('ర్థ', '|'), ('మై', 'U'), ('త', '|'), ('న', '|'), ('రు', '|'), ('జూ', 'U'), ('చి', '|'), ('ద్రూ', 'U'), ('ప', '|'), ('నా', 'U'), ('రా', 'U'), ('య', '|'), ('ణా', 'U')]",0.8857142857142858,1.0,1.0,0.9285714285714286,0.75,0.75
mattebhamu,"నిను వర్ణింపని జిహ్వ దాఁ బదటికా? నీలాభ్రదేహాంగకా
నిను నాలింపని చెవ్లు దాఁ బదటికా? నీరేజపత్రేక్షణా
నినుఁ బూజింపని కేలు దాఁ బదటికా? నిర్వాహకక్ష్మాతలా
నినుఁ జింతింపని యాత్మ దాఁ బదటికా? నిర్వాణ నారాయణా!",vruttamu,Naarayana,"[('ని', '|'), ('ను', '|'), ('వ', 'U'), ('ర్ణిం', 'U'), ('ప', '|'), ('ని', '|'), ('జి', 'U'), ('హ్వ', '|'), ('దా', 'U'), ('బ', '|'), ('ద', '|'), ('టి', '|'), ('కా', 'U'), ('నీ', 'U'), ('లా', 'U'), ('భ్ర', '|'), ('దే', 'U'), ('హాం', 'U'), ('గ', '|'), ('కా', 'U'), ('ని', '|'), ('ను', '|'), ('నా', 'U'), ('లిం', 'U'), ('ప', '|'), ('ని', '|'), ('చె', 'U'), ('వ్లు', '|'), ('దా', 'U'), ('బ', '|'), ('ద', '|'), ('టి', '|'), ('కా', 'U'), ('నీ', 'U'), ('రే', 'U'), ('జ', '|'), ('ప', '|'), ('త్రే', 'U'), ('క్ష', '|'), ('ణా', 'U'), ('ని', '|'), ('ను', '|'), ('బూ', 'U'), ('జిం', 'U'), ('ప', '|'), ('ని', '|'), ('కే', 'U'), ('లు', '|'), ('దా', 'U'), ('బ', '|'), ('ద', '|'), ('టి', '|'), ('కా', 'U'), ('ని', 'U'), ('ర్వా', 'U'), ('హ', '|'), ('క', 'U'), ('క్ష్మా', 'U'), ('త', '|'), ('లా', 'U'), ('ని', '|'), ('ను', '|'), ('జిం', 'U'), ('తిం', 'U'), ('ప', '|'), ('ని', '|'), ('యా', 'U'), ('త్మ', '|'), ('దా', 'U'), ('బ', '|'), ('ద', '|'), ('టి', '|'), ('కా', 'U'), ('ని', 'U'), ('ర్వా', 'U'), ('ణ', '|'), ('నా', 'U'), ('రా', 'U'), ('య', '|'), ('ణా', 'U')]",0.9928571428571429,1.0,1.0,0.9642857142857143,1.0,1.0
saardulamu,"నీవే తల్లివి నీవె తండ్రి వరయ న్నీవే జగన్నాథుఁడౌ
నీవే నిశ్చలబాంధవుండ వరయ న్నీవే మునిస్తుత్యుఁడౌ
నీవే శంకరమూలమంత్ర మరయన్‌ నీవే జగత్కర్తవున్‌
నీవే దిక్కనువారి వారలె కడు న్నీవారు నారాయణా!",vruttamu,Naarayana,"[('నీ', 'U'), ('వే', 'U'), ('త', 'U'), ('ల్లి', '|'), ('వి', '|'), ('నీ', 'U'), ('వె', '|'), ('తం', 'U'), ('డ్రి', '|'), ('వ', '|'), ('ర', '|'), ('య', 'U'), ('న్నీ', 'U'), ('వే', 'U'), ('జ', '|'), ('గ', 'U'), ('న్నా', 'U'), ('థు', '|'), ('డౌ', 'U'), ('నీ', 'U'), ('వే', 'U'), ('ని', 'U'), ('శ్చ', '|'), ('ల', '|'), ('బాం', 'U'), ('ధ', '|'), ('వుం', 'U'), ('డ', '|'), ('వ', '|'), ('ర', '|'), ('య', 'U'), ('న్నీ', 'U'), ('వే', 'U'), ('ము', '|'), ('ని', 'U'), ('స్తు', 'U'), ('త్యు', '|'), ('డౌ', 'U'), ('నీ', 'U'), ('వే', 'U'), ('శం', 'U'), ('క', '|'), ('ర', '|'), ('మూ', 'U'), ('ల', '|'), ('మం', 'U'), ('త్ర', '|'), ('మ', '|'), ('ర', '|'), ('య', 'U'), ('న్నీ', 'U'), ('వే', 'U'), ('జ', '|'), ('గ', 'U'), ('త్క', 'U'), ('ర్త', '|'), ('వున్', 'U'), ('నీ', 'U'), ('వే', 'U'), ('ది', 'U'), ('క్క', '|'), ('ను', '|'), ('వా', 'U'), ('రి', '|'), ('వా', 'U'), ('ర', '|'), ('లె', '|'), ('క', '|'), ('డు', 'U'), ('న్నీ', 'U'), ('వా', 'U'), ('రు', '|'), ('నా', 'U'), ('రా', 'U'), ('య', '|'), ('ణా', 'U')]",1.0,1.0,1.0,1.0,1.0,1.0
mattebhamu,"అపరాధంబులు నిన్ను నమ్మి విను మే నాజన్మపర్యంతము\న్‌
విపరీతంబుగఁ జేసినాఁడ నిఁక నీవే దిక్కు నాలోనికి\న్‌
గపటం బింతయు లేక దండధరుకుం గట్టీక రక్షింపు మీ
కృపకుం బాత్రుఁడ నయ్య ధర్మపురి లక్ష్మీనాథ నారాయణా!",vruttamu,Naarayana,"[('అ', '|'), ('ప', '|'), ('రా', 'U'), ('ధం', 'U'), ('బు', '|'), ('లు', '|'), ('ని', 'U'), ('న్ను', '|'), ('న', 'U'), ('మ్మి', '|'), ('వి', '|'), ('ను', '|'), ('మే', 'U'), ('నా', 'U'), ('జ', 'U'), ('న్మ', '|'), ('ప', 'U'), ('ర్యం', 'U'), ('త', '|'), ('మున్', 'U'), ('వి', '|'), ('ప', '|'), ('రీ', 'U'), ('తం', 'U'), ('బు', '|'), ('గ', '|'), ('జే', 'U'), ('సి', '|'), ('నా', 'U'), ('డ', '|'), ('ని', '|'), ('క', '|'), ('నీ', 'U'), ('వే', 'U'), ('ది', 'U'), ('క్కు', '|'), ('నా', 'U'), ('లో', 'U'), ('ని', '|'), ('కిన్', 'U'), ('గ', '|'), ('ప', '|'), ('టం', 'U'), ('బిం', 'U'), ('త', '|'), ('యు', '|'), ('లే', 'U'), ('క', '|'), ('దం', 'U'), ('డ', '|'), ('ధ', '|'), ('రు', '|'), ('కుం', 'U'), ('గ', 'U'), ('ట్టీ', 'U'), ('క', '|'), ('ర', 'U'), ('క్షిం', 'U'), ('పు', '|'), ('మీ', 'U'), ('కృ', '|'), ('ప', '|'), ('కుం', 'U'), ('బా', 'U'), ('త్రు', '|'), ('డ', '|'), ('న', 'U'), ('య్య', '|'), ('ధ', 'U'), ('ర్మ', '|'), ('పు', '|'), ('రి', '|'), ('ల', 'U'), ('క్ష్మీ', 'U'), ('నా', 'U'), ('థ', '|'), ('నా', 'U'), ('రా', 'U'), ('య', '|'), ('ణా', 'U')]",0.95,1.0,1.0,1.0,0.75,1.0
saardulamu,"చెల్లం జేసితి పాతకంబులు మది\న్‌ శ్రీనాథ మీనామముల్‌
పొల్లుల్‌ బోవని నమ్మి పద్యశతమున్‌ బూర్ణంబుగాఁ జెప్పితిన్‌
చెల్లంబో నను నమ్మె వీఁడని దయం జేపట్టి రక్షింపుమీ
తల్లిం దండ్రియు నీవు గాక యొరులే తర్కింప నారాయణా!",vruttamu,Naarayana,"[('చె', 'U'), ('ల్లం', 'U'), ('జే', 'U'), ('సి', '|'), ('తి', '|'), ('పా', 'U'), ('త', '|'), ('కం', 'U'), ('బు', '|'), ('లు', '|'), ('మ', '|'), ('ది', 'U'), ('న్శ్రీ', 'U'), ('నా', 'U'), ('థ', '|'), ('మీ', 'U'), ('నా', 'U'), ('మ', '|'), ('ముల్', 'U'), ('పొ', 'U'), ('ల్లు', 'U'), ('ల్బో', 'U'), ('వ', '|'), ('ని', '|'), ('న', 'U'), ('మ్మి', '|'), ('ప', 'U'), ('ద్య', '|'), ('శ', '|'), ('త', '|'), ('ము', 'U'), ('న్బూ', 'U'), ('ర్ణం', 'U'), ('బు', '|'), ('గా', 'U'), ('జె', 'U'), ('ప్పి', '|'), ('తిన్', 'U'), ('చె', 'U'), ('ల్లం', 'U'), ('బో', 'U'), ('న', '|'), ('ను', '|'), ('న', 'U'), ('మ్మె', '|'), ('వీ', 'U'), ('డ', '|'), ('ని', '|'), ('ద', '|'), ('యం', 'U'), ('జే', 'U'), ('ప', 'U'), ('ట్టి', '|'), ('ర', 'U'), ('క్షిం', 'U'), ('పు', '|'), ('మీ', 'U'), ('త', 'U'), ('ల్లిం', 'U'), ('దం', 'U'), ('డ్రి', '|'), ('యు', '|'), ('నీ', 'U'), ('వు', '|'), ('గా', 'U'), ('క', '|'), ('యొ', '|'), ('రు', '|'), ('లే', 'U'), ('త', 'U'), ('ర్కిం', 'U'), ('ప', '|'), ('నా', 'U'), ('రా', 'U'), ('య', '|'), ('ణా', 'U')]",1.0,1.0,1.0,1.0,1.0,1.0
mattebhamu,"నరసిం హాచ్యుత వాసుదేవ వికసన్నాళీకపత్రాక్ష భూ
ధర గోవింద ముకుంద కేశవ జగత్త్రా తాహితల్పాంబుజో
దర దామోదర తార్క్ష్యవాహన మహాదైత్యారి వైకుంఠమం
దిర పీతాంబర భక్తవత్సల కృపన్‌ దీవింపు నారాయణా!",vruttamu,Naarayana,"[('న', '|'), ('ర', '|'), ('సిం', 'U'), ('హా', 'U'), ('చ్యు', '|'), ('త', '|'), ('వా', 'U'), ('సు', '|'), ('దే', 'U'), ('వ', '|'), ('వి', '|'), ('క', '|'), ('స', 'U'), ('న్నా', 'U'), ('ళీ', 'U'), ('క', '|'), ('ప', '|'), ('త్రా', 'U'), ('క్ష', '|'), ('భూ', 'U'), ('ధ', '|'), ('ర', '|'), ('గో', 'U'), ('విం', 'U'), ('ద', '|'), ('ము', '|'), ('కుం', 'U'), ('ద', '|'), ('కే', 'U'), ('శ', '|'), ('వ', '|'), ('జ', '|'), ('గ', 'U'), ('త్త్రా', 'U'), ('తా', 'U'), ('హి', '|'), ('త', 'U'), ('ల్పాం', 'U'), ('బు', '|'), ('జో', 'U'), ('ద', '|'), ('ర', '|'), ('దా', 'U'), ('మో', 'U'), ('ద', '|'), ('ర', '|'), ('తా', 'U'), ('ర్క్ష్య', '|'), ('వా', 'U'), ('హ', '|'), ('న', '|'), ('మ', '|'), ('హా', 'U'), ('దై', 'U'), ('త్యా', 'U'), ('రి', '|'), ('వై', 'U'), ('కుం', 'U'), ('ఠ', '|'), ('మం', 'U'), ('ది', '|'), ('ర', '|'), ('పీ', 'U'), ('తాం', 'U'), ('బ', '|'), ('ర', '|'), ('భ', 'U'), ('క్త', '|'), ('వ', 'U'), ('త్స', '|'), ('ల', '|'), ('కృ', '|'), ('ప', 'U'), ('న్దీ', 'U'), ('విం', 'U'), ('పు', '|'), ('నా', 'U'), ('రా', 'U'), ('య', '|'), ('ణా', 'U')]",0.9928571428571429,1.0,1.0,0.9642857142857143,1.0,1.0
mattebhamu,"కడకంటం గడలేని సంపద లొగిం గావింపు లక్ష్మీశ పా
ల్కడలిన్‌ బన్నగశాయివై భువనముల్‌ గల్పించు సత్పుత్రుని\న్‌
బొడమ\న్‌ జేసిన నాభిపంకజ జగత్పుణ్యాత్మ భాగీరథీ
పడతిం గన్న పదారవిందముల నే భావింతు నారాయణా!",vruttamu,Naarayana,"[('క', '|'), ('డ', '|'), ('కం', 'U'), ('టం', 'U'), ('గ', '|'), ('డ', '|'), ('లే', 'U'), ('ని', '|'), ('సం', 'U'), ('ప', '|'), ('ద', '|'), ('లొ', '|'), ('గిం', 'U'), ('గా', 'U'), ('విం', 'U'), ('పు', '|'), ('ల', 'U'), ('క్ష్మీ', 'U'), ('శ', '|'), ('పా', 'U'), ('ల్క', '|'), ('డ', '|'), ('లి', 'U'), ('న్బ', 'U'), ('న్న', '|'), ('గ', '|'), ('శా', 'U'), ('యి', '|'), ('వై', 'U'), ('భు', '|'), ('వ', '|'), ('న', '|'), ('ము', 'U'), ('ల్గ', 'U'), ('ల్పిం', 'U'), ('చు', '|'), ('స', 'U'), ('త్పు', '|'), ('త్రు', '|'), ('నిన్', 'U'), ('బొ', '|'), ('డ', '|'), ('మ', 'U'), ('న్జే', 'U'), ('సి', '|'), ('న', '|'), ('నా', 'U'), ('భి', '|'), ('పం', 'U'), ('క', '|'), ('జ', '|'), ('జ', '|'), ('గ', 'U'), ('త్పు', 'U'), ('ణ్యా', 'U'), ('త్మ', '|'), ('భా', 'U'), ('గీ', 'U'), ('ర', '|'), ('థీ', 'U'), ('ప', '|'), ('డ', '|'), ('తిం', 'U'), ('గ', 'U'), ('న్న', '|'), ('ప', '|'), ('దా', 'U'), ('ర', '|'), ('విం', 'U'), ('ద', '|'), ('ము', '|'), ('ల', '|'), ('నే', 'U'), ('భా', 'U'), ('విం', 'U'), ('తు', '|'), ('నా', 'U'), ('రా', 'U'), ('య', '|'), ('ణా', 'U')]",0.9928571428571429,1.0,1.0,0.9642857142857143,1.0,1.0
mattebhamu,"తపముల్‌ మంత్రసమస్తయజ్ఞఫలముల్‌ దానక్రియారంభముల్‌
జపముల్‌ పుణ్యసుతీర్థసేవఫలముల్‌ సద్వేదవిజ్ఞానము\న్‌
ఉపవాసవ్రతశీలకర్మఫలముల్‌ ఒప్పార నిన్నాత్మలో
నుపమింపం గలవారికే గలుగు వేయు న్నేల నారాయణా!",vruttamu,Naarayana,"[('త', '|'), ('ప', '|'), ('ము', 'U'), ('ల్మం', 'U'), ('త్ర', '|'), ('స', '|'), ('మ', 'U'), ('స్త', '|'), ('య', 'U'), ('జ్ఞ', '|'), ('ఫ', '|'), ('ల', '|'), ('ము', 'U'), ('ల్దా', 'U'), ('న', '|'), ('క్రి', '|'), ('యా', 'U'), ('రం', 'U'), ('భ', '|'), ('ముల్', 'U'), ('జ', '|'), ('ప', '|'), ('ము', 'U'), ('ల్పు', 'U'), ('ణ్య', '|'), ('సు', '|'), ('తీ', 'U'), ('ర్థ', '|'), ('సే', 'U'), ('వ', '|'), ('ఫ', '|'), ('ల', '|'), ('ము', 'U'), ('ల్స', 'U'), ('ద్వే', 'U'), ('ద', '|'), ('వి', 'U'), ('జ్ఞా', 'U'), ('న', '|'), ('మున్', 'U'), ('ఉ', '|'), ('ప', '|'), ('వా', 'U'), ('స', '|'), ('వ్ర', '|'), ('త', '|'), ('శీ', 'U'), ('ల', '|'), ('క', 'U'), ('ర్మ', '|'), ('ఫ', '|'), ('ల', '|'), ('ము', 'U'), ('ల్ఒ', 'U'), ('ప్పా', 'U'), ('ర', '|'), ('ని', 'U'), ('న్నా', 'U'), ('త్మ', '|'), ('లో', 'U'), ('ను', '|'), ('ప', '|'), ('మిం', 'U'), ('పం', 'U'), ('గ', '|'), ('ల', '|'), ('వా', 'U'), ('రి', '|'), ('కే', 'U'), ('గ', '|'), ('లు', '|'), ('గు', '|'), ('వే', 'U'), ('యు', 'U'), ('న్నే', 'U'), ('ల', '|'), ('నా', 'U'), ('రా', 'U'), ('య', '|'), ('ణా', 'U')]",0.9357142857142857,1.0,1.0,0.9285714285714286,0.75,1.0
saardulamu,"శ్రీనారాయణ యన్నఁ జాలు దురితశ్రేణి న్నివారింపఁగా
నానందస్థితి గల్గు నంచు నిగమార్థానేక మెల్లప్పుడు\న్‌
నానాభంగులఁ జెప్ప నేను విని శ్రీనారాయణా యంచు ని
న్నే నే నెప్పుడు గొల్తు బ్రోవఁ గదె తండ్రీ నన్ను నారాయణా!",vruttamu,Naarayana,"[('శ్రీ', 'U'), ('నా', 'U'), ('రా', 'U'), ('య', '|'), ('ణ', '|'), ('య', 'U'), ('న్న', '|'), ('జా', 'U'), ('లు', '|'), ('దు', '|'), ('రి', '|'), ('త', '|'), ('శ్రే', 'U'), ('ణి', 'U'), ('న్ని', '|'), ('వా', 'U'), ('రిం', 'U'), ('ప', '|'), ('గా', 'U'), ('నా', 'U'), ('నం', 'U'), ('ద', 'U'), ('స్థి', '|'), ('తి', '|'), ('గ', 'U'), ('ల్గు', '|'), ('నం', 'U'), ('చు', '|'), ('ని', '|'), ('గ', '|'), ('మా', 'U'), ('ర్థా', 'U'), ('నే', 'U'), ('క', '|'), ('మె', 'U'), ('ల్ల', 'U'), ('ప్పు', '|'), ('డున్', 'U'), ('నా', 'U'), ('నా', 'U'), ('భం', 'U'), ('గు', '|'), ('ల', '|'), ('జె', 'U'), ('ప్ప', '|'), ('నే', 'U'), ('ను', '|'), ('వి', '|'), ('ని', '|'), ('శ్రీ', 'U'), ('నా', 'U'), ('రా', 'U'), ('య', '|'), ('ణా', 'U'), ('యం', 'U'), ('చు', '|'), ('ని', 'U'), ('న్నే', 'U'), ('నే', 'U'), ('నె', 'U'), ('ప్పు', '|'), ('డు', '|'), ('గొ', 'U'), ('ల్తు', '|'), ('బ్రో', 'U'), ('వ', '|'), ('గ', '|'), ('దె', '|'), ('తం', 'U'), ('డ్రీ', 'U'), ('న', 'U'), ('న్ను', '|'), ('నా', 'U'), ('రా', 'U'), ('య', '|'), ('ణా', 'U')]",0.8928571428571429,1.0,1.0,0.9642857142857143,0.5,1.0
mattebhamu,"కలితాఘౌఘ వినాశకారి యగుచుం గైవల్యసంధాయియై
నలి నొప్పారెడు మంత్రరాజ మగు నీనామంబు ప్రేమంబున\న్‌
అలర న్నెవ్వని వాక్కునం బొరయదో యన్నీచు దేహంబు దా
వెలయ\న్‌ భూరుహకోటరం బదియ సూ వేదాత్మ నారాయణా!",vruttamu,Naarayana,"[('క', '|'), ('లి', '|'), ('తా', 'U'), ('ఘౌ', 'U'), ('ఘ', '|'), ('వి', '|'), ('నా', 'U'), ('శ', '|'), ('కా', 'U'), ('రి', '|'), ('య', '|'), ('గు', '|'), ('చుం', 'U'), ('గై', 'U'), ('వ', 'U'), ('ల్య', '|'), ('సం', 'U'), ('ధా', 'U'), ('యి', '|'), ('యై', 'U'), ('న', '|'), ('లి', '|'), ('నొ', 'U'), ('ప్పా', 'U'), ('రె', '|'), ('డు', '|'), ('మం', 'U'), ('త్ర', '|'), ('రా', 'U'), ('జ', '|'), ('మ', '|'), ('గు', '|'), ('నీ', 'U'), ('నా', 'U'), ('మం', 'U'), ('బు', '|'), ('ప్రే', 'U'), ('మం', 'U'), ('బు', '|'), ('నన్', 'U'), ('అ', '|'), ('ల', '|'), ('ర', 'U'), ('న్నె', 'U'), ('వ్వ', '|'), ('ని', '|'), ('వా', 'U'), ('క్కు', '|'), ('నం', 'U'), ('బొ', '|'), ('ర', '|'), ('య', '|'), ('దో', 'U'), ('య', 'U'), ('న్నీ', 'U'), ('చు', '|'), ('దే', 'U'), ('హం', 'U'), ('బు', '|'), ('దా', 'U'), ('వె', '|'), ('ల', '|'), ('య', 'U'), ('న్భూ', 'U'), ('రు', '|'), ('హ', '|'), ('కో', 'U'), ('ట', '|'), ('రం', 'U'), ('బ', '|'), ('ది', '|'), ('య', '|'), ('సూ', 'U'), ('వే', 'U'), ('దా', 'U'), ('త్మ', '|'), ('నా', 'U'), ('రా', 'U'), ('య', '|'), ('ణా', 'U')]",1.0,1.0,1.0,1.0,1.0,1.0
mattebhamu,"రమణీయంబుగ నాదిమంబు నవతారంబు\న్‌ భవద్దివ్యరూ
పము నామామృతము\న్‌ దలంప దశకప్రా ప్తయ్యెఁ గృష్ణావతా
రము సుజ్ఞానము మోక్షము\న్‌ ద్వివిధసంప్రాప్తి\న్‌ శతాంధ్రాఖ్య కా
వ్యము నర్పించితి మీపదాబ్జములకు\న్‌ వైకుంఠ నారాయణా!",vruttamu,Naarayana,"[('ర', '|'), ('మ', '|'), ('ణీ', 'U'), ('యం', 'U'), ('బు', '|'), ('గ', '|'), ('నా', 'U'), ('ది', '|'), ('మం', 'U'), ('బు', '|'), ('న', '|'), ('వ', '|'), ('తా', 'U'), ('రం', 'U'), ('బు', 'U'), ('న్భ', '|'), ('వ', 'U'), ('ద్ది', 'U'), ('వ్య', '|'), ('రూ', 'U'), ('ప', '|'), ('ము', '|'), ('నా', 'U'), ('మా', 'U'), ('మృ', '|'), ('త', '|'), ('ము', 'U'), ('న్ద', '|'), ('లం', 'U'), ('ప', '|'), ('ద', '|'), ('శ', '|'), ('క', '|'), ('ప్రా', 'U'), ('ప్త', 'U'), ('య్యె', '|'), ('గృ', 'U'), ('ష్ణా', 'U'), ('వ', '|'), ('తా', 'U'), ('ర', '|'), ('ము', '|'), ('సు', 'U'), ('జ్ఞా', 'U'), ('న', '|'), ('ము', '|'), ('మో', 'U'), ('క్ష', '|'), ('ము', 'U'), ('న్ద్వి', '|'), ('వి', '|'), ('ధ', '|'), ('సం', 'U'), ('ప్రా', 'U'), ('ప్తి', 'U'), ('న్శ', '|'), ('తాం', 'U'), ('ధ్రా', 'U'), ('ఖ్య', '|'), ('కా', 'U'), ('వ్య', '|'), ('ము', '|'), ('న', 'U'), ('ర్పిం', 'U'), ('చి', '|'), ('తి', '|'), ('మీ', 'U'), ('ప', '|'), ('దా', 'U'), ('బ్జ', '|'), ('ము', '|'), ('ల', '|'), ('కు', 'U'), ('న్వై', 'U'), ('కుం', 'U'), ('ఠ', '|'), ('నా', 'U'), ('రా', 'U'), ('య', '|'), ('ణా', 'U')]",0.9928571428571429,1.0,1.0,0.9642857142857143,1.0,1.0
saardulamu,"నీమూర్తుల్‌ గన నీకథల్‌ వినఁ దుది\న్‌ నీ పాద నిర్మాల్యని
ష్ఠామోదంబు నెఱుంగ, నీచరణాతోయం బాడ, నైవేద్యముల్‌
నీమం బొప్ప భజింప నీజపము వర్ణింప\న్‌ గృపం జేయవే
శ్రీ మించ\న్‌ బహుజన్మ జన్మములకు\న్‌ శ్రీయాదినారాయణా!",vruttamu,Naarayana,"[('నీ', 'U'), ('మూ', 'U'), ('ర్తు', 'U'), ('ల్గ', '|'), ('న', '|'), ('నీ', 'U'), ('క', '|'), ('థ', 'U'), ('ల్వి', '|'), ('న', '|'), ('దు', '|'), ('ది', 'U'), ('న్నీ', 'U'), ('పా', 'U'), ('ద', '|'), ('ని', 'U'), ('ర్మా', 'U'), ('ల్య', '|'), ('ని', 'U'), ('ష్ఠా', 'U'), ('మో', 'U'), ('దం', 'U'), ('బు', '|'), ('నె', '|'), ('ఱుం', 'U'), ('గ', '|'), ('నీ', 'U'), ('చ', '|'), ('ర', '|'), ('ణా', 'U'), ('తో', 'U'), ('యం', 'U'), ('బా', 'U'), ('డ', '|'), ('నై', 'U'), ('వే', 'U'), ('ద్య', '|'), ('ముల్', 'U'), ('నీ', 'U'), ('మం', 'U'), ('బొ', 'U'), ('ప్ప', '|'), ('భ', '|'), ('జిం', 'U'), ('ప', '|'), ('నీ', 'U'), ('జ', '|'), ('ప', '|'), ('ము', '|'), ('వ', 'U'), ('ర్ణిం', 'U'), ('ప', 'U'), ('న్గృ', '|'), ('పం', 'U'), ('జే', 'U'), ('య', '|'), ('వే', 'U'), ('శ్రీ', 'U'), ('మిం', 'U'), ('చ', 'U'), ('న్బ', '|'), ('హు', '|'), ('జ', 'U'), ('న్మ', '|'), ('జ', 'U'), ('న్మ', '|'), ('ము', '|'), ('ల', '|'), ('కు', 'U'), ('న్శ్రీ', 'U'), ('యా', 'U'), ('ది', '|'), ('నా', 'U'), ('రా', 'U'), ('య', '|'), ('ణా', 'U')]",0.9428571428571428,1.0,1.0,0.9642857142857143,0.75,1.0
seesamu,"శ్రీ మనోహర! సురార్చిత సింధుగంభీర! - భక్తవత్సల! కోటిభానుతేజ!
కంజనేత్ర! హిరణ్యకశ్యపాంతక! శూర! - సాధురక్షణ! శంఖచక్ర హస్త!
ప్రహ్లాద వరద! పాపధ్వంస! సర్వేశ! - క్షీరసాగరశయన! కృష్ణవర్ణ!
పక్షివాహన! నీలభ్రమరకుంతలజాల! - పల్లవారుణపాదపద్మయుగళ",vupajaathi,Narasimha,"[('శ్రీ', 'U'), ('మ', '|'), ('నో', 'U'), ('హ', '|'), ('ర', '|'), ('సు', '|'), ('రా', 'U'), ('ర్చి', '|'), ('త', '|'), ('సిం', 'U'), ('ధు', '|'), ('గం', 'U'), ('భీ', 'U'), ('ర', '|'), ('భ', 'U'), ('క్త', '|'), ('వ', 'U'), ('త్స', '|'), ('ల', '|'), ('కో', 'U'), ('టి', '|'), ('భా', 'U'), ('ను', '|'), ('తే', 'U'), ('జ', '|'), ('కం', 'U'), ('జ', '|'), ('నే', 'U'), ('త్ర', '|'), ('హి', '|'), ('ర', 'U'), ('ణ్య', '|'), ('క', 'U'), ('శ్య', '|'), ('పాం', 'U'), ('త', '|'), ('క', '|'), ('శూ', 'U'), ('ర', '|'), ('సా', 'U'), ('ధు', '|'), ('ర', 'U'), ('క్ష', '|'), ('ణ', '|'), ('శం', 'U'), ('ఖ', '|'), ('చ', '|'), ('క్ర', '|'), ('హ', 'U'), ('స్త', '|'), ('ప్ర', 'U'), ('హ్లా', 'U'), ('ద', '|'), ('వ', '|'), ('ర', '|'), ('ద', '|'), ('పా', 'U'), ('ప', 'U'), ('ధ్వం', 'U'), ('స', '|'), ('స', 'U'), ('ర్వే', 'U'), ('శ', 'U'), ('క్షీ', 'U'), ('ర', '|'), ('సా', 'U'), ('గ', '|'), ('ర', '|'), ('శ', '|'), ('య', '|'), ('న', '|'), ('కృ', 'U'), ('ష్ణ', '|'), ('వ', 'U'), ('ర్ణ', '|'), ('ప', 'U'), ('క్షి', '|'), ('వా', 'U'), ('హ', '|'), ('న', '|'), ('నీ', 'U'), ('ల', '|'), ('భ్ర', '|'), ('మ', '|'), ('ర', '|'), ('కుం', 'U'), ('త', '|'), ('ల', '|'), ('జా', 'U'), ('ల', '|'), ('ప', 'U'), ('ల్ల', '|'), ('వా', 'U'), ('రు', '|'), ('ణ', '|'), ('పా', 'U'), ('ద', '|'), ('ప', 'U'), ('ద్మ', '|'), ('యు', '|'), ('గ', '|'), ('ళ', '|')]",0.7604166666666666,-1.0,1.0,0.65625,0.625,-1.0
teytageethi,"చారుశ్రీచందనాగరుచర్చితాంగ! - కుందకుట్మలదంత! వైకుంఠధామ!
భూషణవికాస! శ్రీధర్మపురనివాస! - దుష్టసంహార! నరసింహ దురితదూర!",vupajaathi,Narasimha,"[('చా', 'U'), ('రు', '|'), ('శ్రీ', 'U'), ('చం', 'U'), ('ద', '|'), ('నా', 'U'), ('గ', '|'), ('రు', '|'), ('చ', 'U'), ('ర్చి', '|'), ('తాం', 'U'), ('గ', '|'), ('కుం', 'U'), ('ద', '|'), ('కు', 'U'), ('ట్మ', '|'), ('ల', '|'), ('దం', 'U'), ('త', '|'), ('వై', 'U'), ('కుం', 'U'), ('ఠ', '|'), ('ధా', 'U'), ('మ', '|'), ('భూ', 'U'), ('ష', '|'), ('ణ', '|'), ('వి', '|'), ('కా', 'U'), ('స', '|'), ('శ్రీ', 'U'), ('ధ', 'U'), ('ర్మ', '|'), ('పు', '|'), ('ర', '|'), ('ని', '|'), ('వా', 'U'), ('స', '|'), ('దు', 'U'), ('ష్ట', '|'), ('సం', 'U'), ('హా', 'U'), ('ర', '|'), ('న', '|'), ('ర', '|'), ('సిం', 'U'), ('హ', '|'), ('దు', '|'), ('రి', '|'), ('త', '|'), ('దూ', 'U'), ('ర', '|')]",1.0,-1.0,1.0,1.0,1.0,-1.0
seesamu,"పద్మలోచన! సీసపద్యముల్‌ నీమీఁదఁ - జెప్పఁ బూనితినయ్య!చిత్తగింపు
గణ యతి ప్రాస లక్షణముఁ జూడఁగలేదు - పంచకావ్య శ్లోకపఠన లేదు
అమరకాండత్రయంబరసి చూడఁగలేదు - శాస్త్రీయ గ్రంథముల్‌ చదువలేదు
నీ కటాక్షంబుననే రచించెదఁ గాని - ప్రజ్ఞ నాయది గాదు ప్రస్తుతింపఁ",vupajaathi,Narasimha,"[('ప', 'U'), ('ద్మ', '|'), ('లో', 'U'), ('చ', '|'), ('న', '|'), ('సీ', 'U'), ('స', '|'), ('ప', 'U'), ('ద్య', '|'), ('ము', 'U'), ('ల్నీ', 'U'), ('మీ', 'U'), ('ద', '|'), ('జె', 'U'), ('ప్ప', '|'), ('బూ', 'U'), ('ని', '|'), ('తి', '|'), ('న', 'U'), ('య్య', '|'), ('చి', 'U'), ('త్త', '|'), ('గిం', 'U'), ('పు', '|'), ('గ', '|'), ('ణ', '|'), ('య', '|'), ('తి', '|'), ('ప్రా', 'U'), ('స', '|'), ('ల', 'U'), ('క్ష', '|'), ('ణ', '|'), ('ము', '|'), ('జూ', 'U'), ('డ', '|'), ('గ', '|'), ('లే', 'U'), ('దు', '|'), ('పం', 'U'), ('చ', '|'), ('కా', 'U'), ('వ్య', 'U'), ('శ్లో', 'U'), ('క', '|'), ('ప', '|'), ('ఠ', '|'), ('న', '|'), ('లే', 'U'), ('దు', '|'), ('అ', '|'), ('మ', '|'), ('ర', '|'), ('కాం', 'U'), ('డ', '|'), ('త్ర', '|'), ('యం', 'U'), ('బ', '|'), ('ర', '|'), ('సి', '|'), ('చూ', 'U'), ('డ', '|'), ('గ', '|'), ('లే', 'U'), ('దు', '|'), ('శా', 'U'), ('స్త్రీ', 'U'), ('య', '|'), ('గ్రం', 'U'), ('థ', '|'), ('ము', 'U'), ('ల్చ', '|'), ('దు', '|'), ('వ', '|'), ('లే', 'U'), ('దు', '|'), ('నీ', 'U'), ('క', '|'), ('టా', 'U'), ('క్షం', 'U'), ('బు', '|'), ('న', '|'), ('నే', 'U'), ('ర', '|'), ('చిం', 'U'), ('చె', '|'), ('ద', '|'), ('గా', 'U'), ('ని', '|'), ('ప్ర', 'U'), ('జ్ఞ', '|'), ('నా', 'U'), ('య', '|'), ('ది', '|'), ('గా', 'U'), ('దు', '|'), ('ప్ర', 'U'), ('స్తు', '|'), ('తిం', 'U'), ('ప', '|')]",0.7708333333333334,-1.0,1.0,0.8125,0.5,-1.0
teytageethi,"	దప్పుగలిగిన సద్భక్తి తక్కువౌనె - చెఱకునకు వంకపోయిన చెడునె తీపు?
భూషణవికాస! శ్రీధర్మపురనివాస! - దుష్టసంహార! నరసింహ దురితదూర!",vupajaathi,Narasimha,"[('ద', 'U'), ('ప్పు', '|'), ('గ', '|'), ('లి', '|'), ('గి', '|'), ('న', '|'), ('స', 'U'), ('ద్భ', 'U'), ('క్తి', '|'), ('త', 'U'), ('క్కు', '|'), ('వౌ', 'U'), ('నె', '|'), ('చె', '|'), ('ఱ', '|'), ('కు', '|'), ('న', '|'), ('కు', '|'), ('వం', 'U'), ('క', '|'), ('పో', 'U'), ('యి', '|'), ('న', '|'), ('చె', '|'), ('డు', '|'), ('నె', '|'), ('తీ', 'U'), ('పు', '|'), ('భూ', 'U'), ('ష', '|'), ('ణ', '|'), ('వి', '|'), ('కా', 'U'), ('స', '|'), ('శ్రీ', 'U'), ('ధ', 'U'), ('ర్మ', '|'), ('పు', '|'), ('ర', '|'), ('ని', '|'), ('వా', 'U'), ('స', '|'), ('దు', 'U'), ('ష్ట', '|'), ('సం', 'U'), ('హా', 'U'), ('ర', '|'), ('న', '|'), ('ర', '|'), ('సిం', 'U'), ('హ', '|'), ('దు', '|'), ('రి', '|'), ('త', '|'), ('దూ', 'U'), ('ర', '|')]",1.0,-1.0,1.0,1.0,1.0,-1.0
seesamu,"నరసింహ! నీ దివ్యనామమంత్రముచేత - దురితజాలములెల్ల ద్రోలవచ్చు
నరసింహ! నీ దివ్యనామమంత్రముచేత - బలువైన రోగముల్‌ బాపవచ్చు
నరసింహ! నీ దివ్యనామమంత్రముచేత - రిపు సంఘముల సంహరింపవచ్చు
నరసింహ! నీ దివ్యనామమంత్రముచేత - దండహస్తుని బంట్లఁదఱుమవచ్చు",vupajaathi,Narasimha,"[('న', '|'), ('ర', '|'), ('సిం', 'U'), ('హ', '|'), ('నీ', 'U'), ('ది', 'U'), ('వ్య', '|'), ('నా', 'U'), ('మ', '|'), ('మం', 'U'), ('త్ర', '|'), ('ము', '|'), ('చే', 'U'), ('త', '|'), ('దు', '|'), ('రి', '|'), ('త', '|'), ('జా', 'U'), ('ల', '|'), ('ము', '|'), ('లె', 'U'), ('ల్ల', '|'), ('ద్రో', 'U'), ('ల', '|'), ('వ', 'U'), ('చ్చు', '|'), ('న', '|'), ('ర', '|'), ('సిం', 'U'), ('హ', '|'), ('నీ', 'U'), ('ది', 'U'), ('వ్య', '|'), ('నా', 'U'), ('మ', '|'), ('మం', 'U'), ('త్ర', '|'), ('ము', '|'), ('చే', 'U'), ('త', '|'), ('బ', '|'), ('లు', '|'), ('వై', 'U'), ('న', '|'), ('రో', 'U'), ('గ', '|'), ('ము', 'U'), ('ల్బా', 'U'), ('ప', '|'), ('వ', 'U'), ('చ్చు', '|'), ('న', '|'), ('ర', '|'), ('సిం', 'U'), ('హ', '|'), ('నీ', 'U'), ('ది', 'U'), ('వ్య', '|'), ('నా', 'U'), ('మ', '|'), ('మం', 'U'), ('త్ర', '|'), ('ము', '|'), ('చే', 'U'), ('త', '|'), ('రి', '|'), ('పు', '|'), ('సం', 'U'), ('ఘ', '|'), ('ము', '|'), ('ల', '|'), ('సం', 'U'), ('హ', '|'), ('రిం', 'U'), ('ప', '|'), ('వ', 'U'), ('చ్చు', '|'), ('న', '|'), ('ర', '|'), ('సిం', 'U'), ('హ', '|'), ('నీ', 'U'), ('ది', 'U'), ('వ్య', '|'), ('నా', 'U'), ('మ', '|'), ('మం', 'U'), ('త్ర', '|'), ('ము', '|'), ('చే', 'U'), ('త', '|'), ('దం', 'U'), ('డ', '|'), ('హ', 'U'), ('స్తు', '|'), ('ని', '|'), ('బం', 'U'), ('ట్ల', '|'), ('ద', '|'), ('ఱు', '|'), ('మ', '|'), ('వ', 'U'), ('చ్చు', '|')]",1.0,-1.0,1.0,1.0,1.0,-1.0
teytageethi,"భళిర నేనీ మహామంత్రబలముచేత - దివ్యవైకుంఠ పదవి సాధింపవచ్చు
భూషణవికాస! శ్రీధర్మపురనివాస! - దుష్టసంహార! నరసింహ దురితదూర!",vupajaathi,Narasimha,"[('భ', '|'), ('ళి', '|'), ('ర', '|'), ('నే', 'U'), ('నీ', 'U'), ('మ', '|'), ('హా', 'U'), ('మం', 'U'), ('త్ర', '|'), ('బ', '|'), ('ల', '|'), ('ము', '|'), ('చే', 'U'), ('త', '|'), ('ది', 'U'), ('వ్య', '|'), ('వై', 'U'), ('కుం', 'U'), ('ఠ', '|'), ('ప', '|'), ('ద', '|'), ('వి', '|'), ('సా', 'U'), ('ధిం', 'U'), ('ప', '|'), ('వ', 'U'), ('చ్చు', '|'), ('భూ', 'U'), ('ష', '|'), ('ణ', '|'), ('వి', '|'), ('కా', 'U'), ('స', '|'), ('శ్రీ', 'U'), ('ధ', 'U'), ('ర్మ', '|'), ('పు', '|'), ('ర', '|'), ('ని', '|'), ('వా', 'U'), ('స', '|'), ('దు', 'U'), ('ష్ట', '|'), ('సం', 'U'), ('హా', 'U'), ('ర', '|'), ('న', '|'), ('ర', '|'), ('సిం', 'U'), ('హ', '|'), ('దు', '|'), ('రి', '|'), ('త', '|'), ('దూ', 'U'), ('ర', '|')]",1.0,-1.0,1.0,1.0,1.0,-1.0
seesamu,"ఆదినారాయణా! యనుచు నాలుకతోడఁ - బలుక నేర్చినవారి పాదములకు
సాష్టాంగముగ నమస్కార మర్పణఁ జేసి - ప్రస్తుతించెదనయ్య బహువిధముల
ధరణిలో నరులెంత దండివారైనను - నిన్నుఁ గాననివారి నే స్మరింప
మేము శ్రేష్ఠులమంచు మిడుకుచుండెడివారి - చెంతఁ జేరఁగఁబోను శేషశయన!",vupajaathi,Narasimha,"[('ఆ', 'U'), ('ది', '|'), ('నా', 'U'), ('రా', 'U'), ('య', '|'), ('ణా', 'U'), ('య', '|'), ('ను', '|'), ('చు', '|'), ('నా', 'U'), ('లు', '|'), ('క', '|'), ('తో', 'U'), ('డ', '|'), ('బ', '|'), ('లు', '|'), ('క', '|'), ('నే', 'U'), ('ర్చి', '|'), ('న', '|'), ('వా', 'U'), ('రి', '|'), ('పా', 'U'), ('ద', '|'), ('ము', '|'), ('ల', '|'), ('కు', '|'), ('సా', 'U'), ('ష్టాం', 'U'), ('గ', '|'), ('ము', '|'), ('గ', '|'), ('న', '|'), ('మ', 'U'), ('స్కా', 'U'), ('ర', '|'), ('మ', 'U'), ('ర్ప', '|'), ('ణ', '|'), ('జే', 'U'), ('సి', '|'), ('ప్ర', 'U'), ('స్తు', '|'), ('తిం', 'U'), ('చె', '|'), ('ద', '|'), ('న', 'U'), ('య్య', '|'), ('బ', '|'), ('హు', '|'), ('వి', '|'), ('ధ', '|'), ('ము', '|'), ('ల', '|'), ('ధ', '|'), ('ర', '|'), ('ణి', '|'), ('లో', 'U'), ('న', '|'), ('రు', '|'), ('లెం', 'U'), ('త', '|'), ('దం', 'U'), ('డి', '|'), ('వా', 'U'), ('రై', 'U'), ('న', '|'), ('ను', '|'), ('ని', 'U'), ('న్ను', '|'), ('గా', 'U'), ('న', '|'), ('ని', '|'), ('వా', 'U'), ('రి', '|'), ('నే', 'U'), ('స్మ', '|'), ('రిం', 'U'), ('ప', '|'), ('మే', 'U'), ('ము', '|'), ('శ్రే', 'U'), ('ష్ఠు', '|'), ('ల', '|'), ('మం', 'U'), ('చు', '|'), ('మి', '|'), ('డు', '|'), ('కు', '|'), ('చుం', 'U'), ('డె', '|'), ('డి', '|'), ('వా', 'U'), ('రి', '|'), ('చెం', 'U'), ('త', '|'), ('జే', 'U'), ('ర', '|'), ('గ', '|'), ('బో', 'U'), ('ను', '|'), ('శే', 'U'), ('ష', '|'), ('శ', '|'), ('య', '|'), ('న', '|')]",1.0,-1.0,1.0,1.0,1.0,-1.0
teytageethi,"పరమ సాత్త్వికులైన నీ భక్తవరుల - దాసులకు దాసుఁడను జుమీ ధాత్రిలోన
భూషణవికాస! శ్రీధర్మపురనివాస! - దుష్టసంహార! నరసింహ దురితదూర!",vupajaathi,Narasimha,"[('ప', '|'), ('ర', '|'), ('మ', '|'), ('సా', 'U'), ('త్త్వి', '|'), ('కు', '|'), ('లై', 'U'), ('న', '|'), ('నీ', 'U'), ('భ', 'U'), ('క్త', '|'), ('వ', '|'), ('రు', '|'), ('ల', '|'), ('దా', 'U'), ('సు', '|'), ('ల', '|'), ('కు', '|'), ('దా', 'U'), ('సు', '|'), ('డ', '|'), ('ను', '|'), ('జు', '|'), ('మీ', 'U'), ('ధా', 'U'), ('త్రి', '|'), ('లో', 'U'), ('న', '|'), ('భూ', 'U'), ('ష', '|'), ('ణ', '|'), ('వి', '|'), ('కా', 'U'), ('స', '|'), ('శ్రీ', 'U'), ('ధ', 'U'), ('ర్మ', '|'), ('పు', '|'), ('ర', '|'), ('ని', '|'), ('వా', 'U'), ('స', '|'), ('దు', 'U'), ('ష్ట', '|'), ('సం', 'U'), ('హా', 'U'), ('ర', '|'), ('న', '|'), ('ర', '|'), ('సిం', 'U'), ('హ', '|'), ('దు', '|'), ('రి', '|'), ('త', '|'), ('దూ', 'U'), ('ర', '|')]",1.0,-1.0,1.0,1.0,1.0,-1.0
seesamu,"ఐశ్వర్యములకు నిన్ననుసరింపఁగలేదు - ద్రవ్య మిమ్మని వెంటఁ దగులలేదు
కనక మిమ్మని చాలఁ గష్టపెట్టఁగలేదు - పల్ల కిమ్మని నోటఁ బలుకలేదు
సొమ్ము లిమ్మని నిన్నునమ్మి కొల్వఁగలేదు - భూము లిమ్మని పేరు పొగడలేదు
బలము లిమ్మని నిన్ను బ్రతిమాలఁగాలేదు - పసుల నిమ్మని పట్టుపట్టలేదు",vupajaathi,Narasimha,"[('ఐ', 'U'), ('శ్వ', 'U'), ('ర్య', '|'), ('ము', '|'), ('ల', '|'), ('కు', '|'), ('ని', 'U'), ('న్న', '|'), ('ను', '|'), ('స', '|'), ('రిం', 'U'), ('ప', '|'), ('గ', '|'), ('లే', 'U'), ('దు', '|'), ('ద్ర', 'U'), ('వ్య', '|'), ('మి', 'U'), ('మ్మ', '|'), ('ని', '|'), ('వెం', 'U'), ('ట', '|'), ('ద', '|'), ('గు', '|'), ('ల', '|'), ('లే', 'U'), ('దు', '|'), ('క', '|'), ('న', '|'), ('క', '|'), ('మి', 'U'), ('మ్మ', '|'), ('ని', '|'), ('చా', 'U'), ('ల', '|'), ('గ', 'U'), ('ష్ట', '|'), ('పె', 'U'), ('ట్ట', '|'), ('గ', '|'), ('లే', 'U'), ('దు', '|'), ('ప', 'U'), ('ల్ల', '|'), ('కి', 'U'), ('మ్మ', '|'), ('ని', '|'), ('నో', 'U'), ('ట', '|'), ('బ', '|'), ('లు', '|'), ('క', '|'), ('లే', 'U'), ('దు', '|'), ('సొ', 'U'), ('మ్ము', '|'), ('లి', 'U'), ('మ్మ', '|'), ('ని', '|'), ('ని', 'U'), ('న్ను', '|'), ('న', 'U'), ('మ్మి', '|'), ('కొ', 'U'), ('ల్వ', '|'), ('గ', '|'), ('లే', 'U'), ('దు', '|'), ('భూ', 'U'), ('ము', '|'), ('లి', 'U'), ('మ్మ', '|'), ('ని', '|'), ('పే', 'U'), ('రు', '|'), ('పొ', '|'), ('గ', '|'), ('డ', '|'), ('లే', 'U'), ('దు', '|'), ('బ', '|'), ('ల', '|'), ('ము', '|'), ('లి', 'U'), ('మ్మ', '|'), ('ని', '|'), ('ని', 'U'), ('న్ను', '|'), ('బ్ర', '|'), ('తి', '|'), ('మా', 'U'), ('ల', '|'), ('గా', 'U'), ('లే', 'U'), ('దు', '|'), ('ప', '|'), ('సు', '|'), ('ల', '|'), ('ని', 'U'), ('మ్మ', '|'), ('ని', '|'), ('ప', 'U'), ('ట్టు', '|'), ('ప', 'U'), ('ట్ట', '|'), ('లే', 'U'), ('దు', '|')]",0.9583333333333334,-1.0,1.0,1.0,0.875,-1.0
teytageethi,"నేను గోరిన దొక్కటే నీలవర్ణ - చయ్యనను మోక్షమిచ్చినఁ జాలు నాకు
భూషణవికాస! శ్రీధర్మపురనివాస! - దుష్టసంహార! నరసింహ దురితదూర!",vupajaathi,Narasimha,"[('నే', 'U'), ('ను', '|'), ('గో', 'U'), ('రి', '|'), ('న', '|'), ('దొ', 'U'), ('క్క', '|'), ('టే', 'U'), ('నీ', 'U'), ('ల', '|'), ('వ', 'U'), ('ర్ణ', '|'), ('చ', 'U'), ('య్య', '|'), ('న', '|'), ('ను', '|'), ('మో', 'U'), ('క్ష', '|'), ('మి', 'U'), ('చ్చి', '|'), ('న', '|'), ('జా', 'U'), ('లు', '|'), ('నా', 'U'), ('కు', '|'), ('భూ', 'U'), ('ష', '|'), ('ణ', '|'), ('వి', '|'), ('కా', 'U'), ('స', '|'), ('శ్రీ', 'U'), ('ధ', 'U'), ('ర్మ', '|'), ('పు', '|'), ('ర', '|'), ('ని', '|'), ('వా', 'U'), ('స', '|'), ('దు', 'U'), ('ష్ట', '|'), ('సం', 'U'), ('హా', 'U'), ('ర', '|'), ('న', '|'), ('ర', '|'), ('సిం', 'U'), ('హ', '|'), ('దు', '|'), ('రి', '|'), ('త', '|'), ('దూ', 'U'), ('ర', '|')]",1.0,-1.0,1.0,1.0,1.0,-1.0
seesamu,"మందుఁడనని నన్ను నిందఁ జేసిననేమి? - నా దీనతను జూచి నవ్వనేమి?
దూరభావములేక తూలనాడిన నేమి? - ప్రీతిసేయక వంకఁ బెట్టనేమి?
కక్కసంబులు పల్కి వెక్కిరించిన నేమి? - తీవ్రకోపముచేతఁ దిట్టనేమి?
హెచ్చుమాటల చేత నెమ్మెలాడిన నేమి? - చేరి దాపట గేలిచేయనేమి?",vupajaathi,Narasimha,"[('మం', 'U'), ('దు', '|'), ('డ', '|'), ('న', '|'), ('ని', '|'), ('న', 'U'), ('న్ను', '|'), ('నిం', 'U'), ('ద', '|'), ('జే', 'U'), ('సి', '|'), ('న', '|'), ('నే', 'U'), ('మి', '|'), ('నా', 'U'), ('దీ', 'U'), ('న', '|'), ('త', '|'), ('ను', '|'), ('జూ', 'U'), ('చి', '|'), ('న', 'U'), ('వ్వ', '|'), ('నే', 'U'), ('మి', '|'), ('దూ', 'U'), ('ర', '|'), ('భా', 'U'), ('వ', '|'), ('ము', '|'), ('లే', 'U'), ('క', '|'), ('తూ', 'U'), ('ల', '|'), ('నా', 'U'), ('డి', '|'), ('న', '|'), ('నే', 'U'), ('మి', '|'), ('ప్రీ', 'U'), ('తి', '|'), ('సే', 'U'), ('య', '|'), ('క', '|'), ('వం', 'U'), ('క', '|'), ('బె', 'U'), ('ట్ట', '|'), ('నే', 'U'), ('మి', '|'), ('క', 'U'), ('క్క', '|'), ('సం', 'U'), ('బు', '|'), ('లు', '|'), ('ప', 'U'), ('ల్కి', '|'), ('వె', 'U'), ('క్కి', '|'), ('రిం', 'U'), ('చి', '|'), ('న', '|'), ('నే', 'U'), ('మి', '|'), ('తీ', 'U'), ('వ్ర', '|'), ('కో', 'U'), ('ప', '|'), ('ము', '|'), ('చే', 'U'), ('త', '|'), ('ది', 'U'), ('ట్ట', '|'), ('నే', 'U'), ('మి', '|'), ('హె', 'U'), ('చ్చు', '|'), ('మా', 'U'), ('ట', '|'), ('ల', '|'), ('చే', 'U'), ('త', '|'), ('నె', 'U'), ('మ్మె', '|'), ('లా', 'U'), ('డి', '|'), ('న', '|'), ('నే', 'U'), ('మి', '|'), ('చే', 'U'), ('రి', '|'), ('దా', 'U'), ('ప', '|'), ('ట', '|'), ('గే', 'U'), ('లి', '|'), ('చే', 'U'), ('య', '|'), ('నే', 'U'), ('మి', '|')]",0.9583333333333334,-1.0,1.0,1.0,0.875,-1.0
teytageethi,"కల్ప వృక్షమువలె నీవు గల్గనింకఁ - బ్రజల లక్ష్యంబు నాకేల?పద్మనాభ
భూషణవికాస! శ్రీధర్మపురనివాస! - దుష్టసంహార! నరసింహ దురితదూర!",vupajaathi,Narasimha,"[('క', 'U'), ('ల్ప', '|'), ('వృ', 'U'), ('క్ష', '|'), ('ము', '|'), ('వ', '|'), ('లె', '|'), ('నీ', 'U'), ('వు', '|'), ('గ', 'U'), ('ల్గ', '|'), ('నిం', 'U'), ('క', '|'), ('బ్ర', '|'), ('జ', '|'), ('ల', '|'), ('ల', 'U'), ('క్ష్యం', 'U'), ('బు', '|'), ('నా', 'U'), ('కే', 'U'), ('ల', '|'), ('ప', 'U'), ('ద్మ', '|'), ('నా', 'U'), ('భ', '|'), ('భూ', 'U'), ('ష', '|'), ('ణ', '|'), ('వి', '|'), ('కా', 'U'), ('స', '|'), ('శ్రీ', 'U'), ('ధ', 'U'), ('ర్మ', '|'), ('పు', '|'), ('ర', '|'), ('ని', '|'), ('వా', 'U'), ('స', '|'), ('దు', 'U'), ('ష్ట', '|'), ('సం', 'U'), ('హా', 'U'), ('ర', '|'), ('న', '|'), ('ర', '|'), ('సిం', 'U'), ('హ', '|'), ('దు', '|'), ('రి', '|'), ('త', '|'), ('దూ', 'U'), ('ర', '|')]",1.0,-1.0,1.0,1.0,1.0,-1.0
seesamu,"చిత్తశుద్ధిగ నీకుసేవఁజేసెదఁ గాని - పుడమిలో జనుల మెప్పులకుఁ గాదు
జన్మపావనతకై స్మరణఁజేసెదఁ గాని - సరివారిలోఁ బ్రతిష్ఠలకుఁ గాదు
ముక్తికోసము నేనుమ్రొక్కి వేఁడెదఁ గాని - దండి భాగ్యము నిమిత్తంబుఁ గాదు
నిన్నుఁ బొగడఁగ విద్యనేర్చితినే కాని - కుక్షినిండెడి కూటికొఱకుఁ గాదు",vupajaathi,Narasimha,"[('చి', 'U'), ('త్త', '|'), ('శు', 'U'), ('ద్ధి', '|'), ('గ', '|'), ('నీ', 'U'), ('కు', '|'), ('సే', 'U'), ('వ', '|'), ('జే', 'U'), ('సె', '|'), ('ద', '|'), ('గా', 'U'), ('ని', '|'), ('పు', '|'), ('డ', '|'), ('మి', '|'), ('లో', 'U'), ('జ', '|'), ('ను', '|'), ('ల', '|'), ('మె', 'U'), ('ప్పు', '|'), ('ల', '|'), ('కు', '|'), ('గా', 'U'), ('దు', '|'), ('జ', 'U'), ('న్మ', '|'), ('పా', 'U'), ('వ', '|'), ('న', '|'), ('త', '|'), ('కై', 'U'), ('స్మ', '|'), ('ర', '|'), ('ణ', '|'), ('జే', 'U'), ('సె', '|'), ('ద', '|'), ('గా', 'U'), ('ని', '|'), ('స', '|'), ('రి', '|'), ('వా', 'U'), ('రి', '|'), ('లో', 'U'), ('బ్ర', '|'), ('తి', 'U'), ('ష్ఠ', '|'), ('ల', '|'), ('కు', '|'), ('గా', 'U'), ('దు', '|'), ('ము', 'U'), ('క్తి', '|'), ('కో', 'U'), ('స', '|'), ('ము', '|'), ('నే', 'U'), ('ను', '|'), ('మ్రొ', 'U'), ('క్కి', '|'), ('వే', 'U'), ('డె', '|'), ('ద', '|'), ('గా', 'U'), ('ని', '|'), ('దం', 'U'), ('డి', '|'), ('భా', 'U'), ('గ్య', '|'), ('ము', '|'), ('ని', '|'), ('మి', 'U'), ('త్తం', 'U'), ('బు', '|'), ('గా', 'U'), ('దు', '|'), ('ని', 'U'), ('న్ను', '|'), ('బొ', '|'), ('గ', '|'), ('డ', '|'), ('గ', '|'), ('వి', 'U'), ('ద్య', '|'), ('నే', 'U'), ('ర్చి', '|'), ('తి', '|'), ('నే', 'U'), ('కా', 'U'), ('ని', '|'), ('కు', 'U'), ('క్షి', '|'), ('నిం', 'U'), ('డె', '|'), ('డి', '|'), ('కూ', 'U'), ('టి', '|'), ('కొ', '|'), ('ఱ', '|'), ('కు', '|'), ('గా', 'U'), ('దు', '|')]",0.9479166666666666,-1.0,1.0,0.96875,0.875,-1.0
teytageethi,"పారమార్థికమునకు నేఁ బాటుపడితిఁ - గీర్తికి నపేక్షపడలేదు కృష్ణవర్ణ!
భూషణవికాస! శ్రీధర్మపురనివాస! - దుష్టసంహార! నరసింహ దురితదూర!",vupajaathi,Narasimha,"[('పా', 'U'), ('ర', '|'), ('మా', 'U'), ('ర్థి', '|'), ('క', '|'), ('ము', '|'), ('న', '|'), ('కు', '|'), ('నే', 'U'), ('బా', 'U'), ('టు', '|'), ('ప', '|'), ('డి', '|'), ('తి', '|'), ('గీ', 'U'), ('ర్తి', '|'), ('కి', '|'), ('న', '|'), ('పే', 'U'), ('క్ష', '|'), ('ప', '|'), ('డ', '|'), ('లే', 'U'), ('దు', '|'), ('కృ', 'U'), ('ష్ణ', '|'), ('వ', 'U'), ('ర్ణ', '|'), ('భూ', 'U'), ('ష', '|'), ('ణ', '|'), ('వి', '|'), ('కా', 'U'), ('స', '|'), ('శ్రీ', 'U'), ('ధ', 'U'), ('ర్మ', '|'), ('పు', '|'), ('ర', '|'), ('ని', '|'), ('వా', 'U'), ('స', '|'), ('దు', 'U'), ('ష్ట', '|'), ('సం', 'U'), ('హా', 'U'), ('ర', '|'), ('న', '|'), ('ర', '|'), ('సిం', 'U'), ('హ', '|'), ('దు', '|'), ('రి', '|'), ('త', '|'), ('దూ', 'U'), ('ర', '|')]",0.9166666666666666,-1.0,1.0,1.0,0.75,-1.0
seesamu,"శ్రవణ రంధ్రముల నీసత్కథల్‌ పొగడంగ - లేశ మానందంబు లేనివాఁడు
పుణ్యవంతులు నిన్నుఁబూజసేయఁగఁ జూచి - భావమం దుత్సాహపడనివాఁడు
భక్తవర్యులు నీ ప్రభావముల్‌ పొగడంగఁ - దత్పరత్వములేక తలఁగువాఁడు
తనచిత్తమందు నీ ధ్యానమెన్నఁడు లేక - కాలమంతయు వృథాగడుపువాఁడు",vupajaathi,Narasimha,"[('శ్ర', '|'), ('వ', '|'), ('ణ', '|'), ('రం', 'U'), ('ధ్ర', '|'), ('ము', '|'), ('ల', '|'), ('నీ', 'U'), ('స', 'U'), ('త్క', '|'), ('థ', 'U'), ('ల్పొ', '|'), ('గ', '|'), ('డం', 'U'), ('గ', '|'), ('లే', 'U'), ('శ', '|'), ('మా', 'U'), ('నం', 'U'), ('దం', 'U'), ('బు', '|'), ('లే', 'U'), ('ని', '|'), ('వా', 'U'), ('డు', '|'), ('పు', 'U'), ('ణ్య', '|'), ('వం', 'U'), ('తు', '|'), ('లు', '|'), ('ని', 'U'), ('న్ను', '|'), ('బూ', 'U'), ('జ', '|'), ('సే', 'U'), ('య', '|'), ('గ', '|'), ('జూ', 'U'), ('చి', '|'), ('భా', 'U'), ('వ', '|'), ('మం', 'U'), ('దు', 'U'), ('త్సా', 'U'), ('హ', '|'), ('ప', '|'), ('డ', '|'), ('ని', '|'), ('వా', 'U'), ('డు', '|'), ('భ', 'U'), ('క్త', '|'), ('వ', 'U'), ('ర్యు', '|'), ('లు', '|'), ('నీ', 'U'), ('ప్ర', '|'), ('భా', 'U'), ('వ', '|'), ('ము', 'U'), ('ల్పొ', '|'), ('గ', '|'), ('డం', 'U'), ('గ', '|'), ('ద', 'U'), ('త్ప', '|'), ('ర', 'U'), ('త్వ', '|'), ('ము', '|'), ('లే', 'U'), ('క', '|'), ('త', '|'), ('ల', '|'), ('గు', '|'), ('వా', 'U'), ('డు', '|'), ('త', '|'), ('న', '|'), ('చి', 'U'), ('త్త', '|'), ('మం', 'U'), ('దు', '|'), ('నీ', 'U'), ('ధ్యా', 'U'), ('న', '|'), ('మె', 'U'), ('న్న', '|'), ('డు', '|'), ('లే', 'U'), ('క', '|'), ('కా', 'U'), ('ల', '|'), ('మం', 'U'), ('త', '|'), ('యు', '|'), ('వృ', '|'), ('థా', 'U'), ('గ', '|'), ('డు', '|'), ('పు', '|'), ('వా', 'U'), ('డు', '|')]",1.0,-1.0,1.0,1.0,1.0,-1.0
teytageethi,"వసుధలోనెల్ల వ్యర్థుండువాఁడె యగును - మఱియుఁ జెడుఁగాక యెప్పుడు మమతనొంది
భూషణవికాస! శ్రీధర్మపురనివాస! - దుష్టసంహార! నరసింహ దురితదూర!",vupajaathi,Narasimha,"[('వ', '|'), ('సు', '|'), ('ధ', '|'), ('లో', 'U'), ('నె', 'U'), ('ల్ల', 'U'), ('వ్య', 'U'), ('ర్థుం', 'U'), ('డు', '|'), ('వా', 'U'), ('డె', '|'), ('య', '|'), ('గు', '|'), ('ను', '|'), ('మ', '|'), ('ఱి', '|'), ('యు', '|'), ('జె', '|'), ('డు', '|'), ('గా', 'U'), ('క', '|'), ('యె', 'U'), ('ప్పు', '|'), ('డు', '|'), ('మ', '|'), ('మ', '|'), ('త', '|'), ('నొం', 'U'), ('ది', '|'), ('భూ', 'U'), ('ష', '|'), ('ణ', '|'), ('వి', '|'), ('కా', 'U'), ('స', '|'), ('శ్రీ', 'U'), ('ధ', 'U'), ('ర్మ', '|'), ('పు', '|'), ('ర', '|'), ('ని', '|'), ('వా', 'U'), ('స', '|'), ('దు', 'U'), ('ష్ట', '|'), ('సం', 'U'), ('హా', 'U'), ('ర', '|'), ('న', '|'), ('ర', '|'), ('సిం', 'U'), ('హ', '|'), ('దు', '|'), ('రి', '|'), ('త', '|'), ('దూ', 'U'), ('ర', '|')]",0.5,-1.0,1.0,0.5,0.0,-1.0
seesamu,"గౌతమీస్నానానఁ గడతేఱుద మఁటన్న - మొనసి చన్నీళ్లలో మునుఁగలేను
తీర్థయాత్రలచేఁ గృతార్థుఁ డౌద మఁటన్న - బడలి నేమంబు లే నడుపలేను
దాన ధర్మముల సద్గతిని జెందుదమన్న - ఘనముగా నా యొద్ద ధనము లేదు
తపమాచరించి సార్థకత నొందుదమన్న - నిమిషమైన మనస్సు నిలుపలేను",vupajaathi,Narasimha,"[('గౌ', 'U'), ('త', '|'), ('మీ', 'U'), ('స్నా', 'U'), ('నా', 'U'), ('న', '|'), ('గ', '|'), ('డ', '|'), ('తే', 'U'), ('ఱు', '|'), ('ద', '|'), ('మ', '|'), ('ట', 'U'), ('న్న', '|'), ('మొ', '|'), ('న', '|'), ('సి', '|'), ('చ', 'U'), ('న్నీ', 'U'), ('ళ్ల', '|'), ('లో', 'U'), ('ము', '|'), ('ను', '|'), ('గ', '|'), ('లే', 'U'), ('ను', '|'), ('తీ', 'U'), ('ర్థ', '|'), ('యా', 'U'), ('త్ర', '|'), ('ల', '|'), ('చే', 'U'), ('గృ', '|'), ('తా', 'U'), ('ర్థు', '|'), ('డౌ', 'U'), ('ద', '|'), ('మ', '|'), ('ట', 'U'), ('న్న', '|'), ('బ', '|'), ('డ', '|'), ('లి', '|'), ('నే', 'U'), ('మం', 'U'), ('బు', '|'), ('లే', 'U'), ('న', '|'), ('డు', '|'), ('ప', '|'), ('లే', 'U'), ('ను', '|'), ('దా', 'U'), ('న', '|'), ('ధ', 'U'), ('ర్మ', '|'), ('ము', '|'), ('ల', '|'), ('స', 'U'), ('ద్గ', '|'), ('తి', '|'), ('ని', '|'), ('జెం', 'U'), ('దు', '|'), ('ద', '|'), ('మ', 'U'), ('న్న', '|'), ('ఘ', '|'), ('న', '|'), ('ము', '|'), ('గా', 'U'), ('నా', 'U'), ('యొ', 'U'), ('ద్ద', '|'), ('ధ', '|'), ('న', '|'), ('ము', '|'), ('లే', 'U'), ('దు', '|'), ('త', '|'), ('ప', '|'), ('మా', 'U'), ('చ', '|'), ('రిం', 'U'), ('చి', '|'), ('సా', 'U'), ('ర్థ', '|'), ('క', '|'), ('త', '|'), ('నొం', 'U'), ('దు', '|'), ('ద', '|'), ('మ', 'U'), ('న్న', '|'), ('ని', '|'), ('మి', '|'), ('ష', '|'), ('మై', 'U'), ('న', '|'), ('మ', '|'), ('న', 'U'), ('స్సు', '|'), ('ని', '|'), ('లు', '|'), ('ప', '|'), ('లే', 'U'), ('ను', '|')]",1.0,-1.0,1.0,1.0,1.0,-1.0
teytageethi,"కష్టములకోర్వ నాచేతఁగాదు నిన్ను - స్మరణ చేసెద నా యథాశక్తి కొలఁది
భూషణవికాస! శ్రీధర్మపురనివాస! - దుష్టసంహార! నరసింహ దురితదూర!",vupajaathi,Narasimha,"[('క', 'U'), ('ష్ట', '|'), ('ము', '|'), ('ల', '|'), ('కో', 'U'), ('ర్వ', '|'), ('నా', 'U'), ('చే', 'U'), ('త', '|'), ('గా', 'U'), ('దు', '|'), ('ని', 'U'), ('న్ను', 'U'), ('స్మ', '|'), ('ర', '|'), ('ణ', '|'), ('చే', 'U'), ('సె', '|'), ('ద', '|'), ('నా', 'U'), ('య', '|'), ('థా', 'U'), ('శ', 'U'), ('క్తి', '|'), ('కొ', '|'), ('ల', '|'), ('ది', '|'), ('భూ', 'U'), ('ష', '|'), ('ణ', '|'), ('వి', '|'), ('కా', 'U'), ('స', '|'), ('శ్రీ', 'U'), ('ధ', 'U'), ('ర్మ', '|'), ('పు', '|'), ('ర', '|'), ('ని', '|'), ('వా', 'U'), ('స', '|'), ('దు', 'U'), ('ష్ట', '|'), ('సం', 'U'), ('హా', 'U'), ('ర', '|'), ('న', '|'), ('ర', '|'), ('సిం', 'U'), ('హ', '|'), ('దు', '|'), ('రి', '|'), ('త', '|'), ('దూ', 'U'), ('ర', '|')]",0.5833333333333334,-1.0,1.0,0.5,0.25,-1.0
seesamu,"అర్థివాండ్రకునీక హానిఁ జేయుటకంటెఁ - దెంపుతో వసనాభిఁ దినుట మేలు
ఆఁడుబిడ్డల సొమ్ములపహరించుటకంటె - బండఁ గట్టుక నూతఁ బడుట మేలు
పరులకాంతలఁ బట్టి బల్మిఁ గూడుటకంటె - బడబాగ్ని కీలలఁ బడుట మేలు
బ్రతుకఁ జాలక దొంగపనులు చేయుటకంటెఁ - గొంగుతో ముష్టెత్తుకొనుట మేలు",vupajaathi,Narasimha,"[('అ', 'U'), ('ర్థి', '|'), ('వాం', 'U'), ('డ్ర', '|'), ('కు', '|'), ('నీ', 'U'), ('క', '|'), ('హా', 'U'), ('ని', '|'), ('జే', 'U'), ('యు', '|'), ('ట', '|'), ('కం', 'U'), ('టె', '|'), ('దెం', 'U'), ('పు', '|'), ('తో', 'U'), ('వ', '|'), ('స', '|'), ('నా', 'U'), ('భి', '|'), ('ది', '|'), ('ను', '|'), ('ట', '|'), ('మే', 'U'), ('లు', '|'), ('ఆ', 'U'), ('డు', '|'), ('బి', 'U'), ('డ్డ', '|'), ('ల', '|'), ('సొ', 'U'), ('మ్ము', '|'), ('ల', '|'), ('ప', '|'), ('హ', '|'), ('రిం', 'U'), ('చు', '|'), ('ట', '|'), ('కం', 'U'), ('టె', '|'), ('బం', 'U'), ('డ', '|'), ('గ', 'U'), ('ట్టు', '|'), ('క', '|'), ('నూ', 'U'), ('త', '|'), ('బ', '|'), ('డు', '|'), ('ట', '|'), ('మే', 'U'), ('లు', '|'), ('ప', '|'), ('రు', '|'), ('ల', '|'), ('కాం', 'U'), ('త', '|'), ('ల', '|'), ('బ', 'U'), ('ట్టి', '|'), ('బ', 'U'), ('ల్మి', '|'), ('గూ', 'U'), ('డు', '|'), ('ట', '|'), ('కం', 'U'), ('టె', '|'), ('బ', '|'), ('డ', '|'), ('బా', 'U'), ('గ్ని', '|'), ('కీ', 'U'), ('ల', '|'), ('ల', '|'), ('బ', '|'), ('డు', '|'), ('ట', '|'), ('మే', 'U'), ('లు', '|'), ('బ్ర', '|'), ('తు', '|'), ('క', '|'), ('జా', 'U'), ('ల', '|'), ('క', '|'), ('దొం', 'U'), ('గ', '|'), ('ప', '|'), ('ను', '|'), ('లు', '|'), ('చే', 'U'), ('యు', '|'), ('ట', '|'), ('కం', 'U'), ('టె', '|'), ('గొం', 'U'), ('గు', '|'), ('తో', 'U'), ('ము', 'U'), ('ష్టె', 'U'), ('త్తు', '|'), ('కొ', '|'), ('ను', '|'), ('ట', '|'), ('మే', 'U'), ('లు', '|')]",0.9583333333333334,-1.0,1.0,1.0,0.875,-1.0
teytageethi,"జలజదళనేత్ర నీ భక్తజనులతోడి - జగడమాడెడు పనికంటెఁ జావు మేలు
భూషణవికాస! శ్రీధర్మపురనివాస! - దుష్టసంహార! నరసింహ దురితదూర!",vupajaathi,Narasimha,"[('జ', '|'), ('ల', '|'), ('జ', '|'), ('ద', '|'), ('ళ', '|'), ('నే', 'U'), ('త్ర', '|'), ('నీ', 'U'), ('భ', 'U'), ('క్త', '|'), ('జ', '|'), ('ను', '|'), ('ల', '|'), ('తో', 'U'), ('డి', '|'), ('జ', '|'), ('గ', '|'), ('డ', '|'), ('మా', 'U'), ('డె', '|'), ('డు', '|'), ('ప', '|'), ('ని', '|'), ('కం', 'U'), ('టె', '|'), ('జా', 'U'), ('వు', '|'), ('మే', 'U'), ('లు', '|'), ('భూ', 'U'), ('ష', '|'), ('ణ', '|'), ('వి', '|'), ('కా', 'U'), ('స', '|'), ('శ్రీ', 'U'), ('ధ', 'U'), ('ర్మ', '|'), ('పు', '|'), ('ర', '|'), ('ని', '|'), ('వా', 'U'), ('స', '|'), ('దు', 'U'), ('ష్ట', '|'), ('సం', 'U'), ('హా', 'U'), ('ర', '|'), ('న', '|'), ('ర', '|'), ('సిం', 'U'), ('హ', '|'), ('దు', '|'), ('రి', '|'), ('త', '|'), ('దూ', 'U'), ('ర', '|')]",1.0,-1.0,1.0,1.0,1.0,-1.0
seesamu,"గార్దభంబునకేల కస్తూరి తిలకంబు? - మర్కటంబునకేల మలయజంబు?
శార్దూలమునకేల శర్కరాపూపంబు? - సూకరంబునకేల చూతఫలము?
మార్జాలమునకేల మల్లెపువ్వులబంతి? - గుడ్లగూబకునేల కుండలములు?
మహిషానికేల నిర్మలమైన వస్త్రముల్‌? - బకసంతతికినేల పంజరంబు?",vupajaathi,Narasimha,"[('గా', 'U'), ('ర్ద', '|'), ('భం', 'U'), ('బు', '|'), ('న', '|'), ('కే', 'U'), ('ల', '|'), ('క', 'U'), ('స్తూ', 'U'), ('రి', '|'), ('తి', '|'), ('ల', '|'), ('కం', 'U'), ('బు', '|'), ('మ', 'U'), ('ర్క', '|'), ('టం', 'U'), ('బు', '|'), ('న', '|'), ('కే', 'U'), ('ల', '|'), ('మ', '|'), ('ల', '|'), ('య', '|'), ('జం', 'U'), ('బు', '|'), ('శా', 'U'), ('ర్దూ', 'U'), ('ల', '|'), ('ము', '|'), ('న', '|'), ('కే', 'U'), ('ల', '|'), ('శ', 'U'), ('ర్క', '|'), ('రా', 'U'), ('పూ', 'U'), ('పం', 'U'), ('బు', '|'), ('సూ', 'U'), ('క', '|'), ('రం', 'U'), ('బు', '|'), ('న', '|'), ('కే', 'U'), ('ల', '|'), ('చూ', 'U'), ('త', '|'), ('ఫ', '|'), ('ల', '|'), ('ము', '|'), ('మా', 'U'), ('ర్జా', 'U'), ('ల', '|'), ('ము', '|'), ('న', '|'), ('కే', 'U'), ('ల', '|'), ('మ', 'U'), ('ల్లె', '|'), ('పు', 'U'), ('వ్వు', '|'), ('ల', '|'), ('బం', 'U'), ('తి', '|'), ('గు', 'U'), ('డ్ల', '|'), ('గూ', 'U'), ('బ', '|'), ('కు', '|'), ('నే', 'U'), ('ల', '|'), ('కుం', 'U'), ('డ', '|'), ('ల', '|'), ('ము', '|'), ('లు', '|'), ('మ', '|'), ('హి', '|'), ('షా', 'U'), ('ని', '|'), ('కే', 'U'), ('ల', '|'), ('ని', 'U'), ('ర్మ', '|'), ('ల', '|'), ('మై', 'U'), ('న', '|'), ('వ', 'U'), ('స్త్ర', '|'), ('ము', 'U'), ('ల్బ', '|'), ('క', '|'), ('సం', 'U'), ('త', '|'), ('తి', '|'), ('కి', '|'), ('నే', 'U'), ('ల', '|'), ('పం', 'U'), ('జ', '|'), ('రం', 'U'), ('బు', '|')]",1.0,-1.0,1.0,1.0,1.0,-1.0
teytageethi,"ద్రోహచింతనఁ జేసెడు దుర్జనులకు - మధురమైన నీ నామమంత్రమేల?
భూషణవికాస! శ్రీధర్మపురనివాస! - దుష్టసంహార! నరసింహ దురితదూర!",vupajaathi,Narasimha,"[('ద్రో', 'U'), ('హ', '|'), ('చిం', 'U'), ('త', '|'), ('న', '|'), ('జే', 'U'), ('సె', '|'), ('డు', '|'), ('దు', 'U'), ('ర్జ', '|'), ('ను', '|'), ('ల', '|'), ('కు', '|'), ('మ', '|'), ('ధు', '|'), ('ర', '|'), ('మై', 'U'), ('న', '|'), ('నీ', 'U'), ('నా', 'U'), ('మ', '|'), ('మం', 'U'), ('త్ర', '|'), ('మే', 'U'), ('ల', '|'), ('భూ', 'U'), ('ష', '|'), ('ణ', '|'), ('వి', '|'), ('కా', 'U'), ('స', '|'), ('శ్రీ', 'U'), ('ధ', 'U'), ('ర్మ', '|'), ('పు', '|'), ('ర', '|'), ('ని', '|'), ('వా', 'U'), ('స', '|'), ('దు', 'U'), ('ష్ట', '|'), ('సం', 'U'), ('హా', 'U'), ('ర', '|'), ('న', '|'), ('ర', '|'), ('సిం', 'U'), ('హ', '|'), ('దు', '|'), ('రి', '|'), ('త', '|'), ('దూ', 'U'), ('ర', '|')]",0.6,-1.0,1.0,0.55,0.25,-1.0
seesamu,"పసరంబు పంజైనఁ బసులకాపరి తప్పు - ప్రజలు దుర్జనులైన ప్రభుని తప్పు
భార్య గయ్యాళైనఁ బ్రాణనాథుని తప్పు - తనయుఁడు దుష్టైన తండ్రి తప్పు
సైన్యంబు చెదరిన సైన్యనాథుని తప్పు - కూఁతురు చెడుగైన మాత తప్పు
అశ్వంబు చెడుగైన నారోహకుని తప్పు - దంతి దుష్టైన మామంతు తప్పు",vupajaathi,Narasimha,"[('ప', '|'), ('స', '|'), ('రం', 'U'), ('బు', '|'), ('పం', 'U'), ('జై', 'U'), ('న', '|'), ('బ', '|'), ('సు', '|'), ('ల', '|'), ('కా', 'U'), ('ప', '|'), ('రి', '|'), ('త', 'U'), ('ప్పు', '|'), ('ప్ర', '|'), ('జ', '|'), ('లు', '|'), ('దు', 'U'), ('ర్జ', '|'), ('ను', '|'), ('లై', 'U'), ('న', '|'), ('ప్ర', '|'), ('భు', '|'), ('ని', '|'), ('త', 'U'), ('ప్పు', '|'), ('భా', 'U'), ('ర్య', '|'), ('గ', 'U'), ('య్యా', 'U'), ('ళై', 'U'), ('న', '|'), ('బ్రా', 'U'), ('ణ', '|'), ('నా', 'U'), ('థు', '|'), ('ని', '|'), ('త', 'U'), ('ప్పు', '|'), ('త', '|'), ('న', '|'), ('యు', '|'), ('డు', '|'), ('దు', 'U'), ('ష్టై', 'U'), ('న', '|'), ('తం', 'U'), ('డ్రి', '|'), ('త', 'U'), ('ప్పు', '|'), ('సై', 'U'), ('న్యం', 'U'), ('బు', '|'), ('చె', '|'), ('ద', '|'), ('రి', '|'), ('న', '|'), ('సై', 'U'), ('న్య', '|'), ('నా', 'U'), ('థు', '|'), ('ని', '|'), ('త', 'U'), ('ప్పు', '|'), ('కూ', 'U'), ('తు', '|'), ('రు', '|'), ('చె', '|'), ('డు', '|'), ('గై', 'U'), ('న', '|'), ('మా', 'U'), ('త', '|'), ('త', 'U'), ('ప్పు', '|'), ('అ', 'U'), ('శ్వం', 'U'), ('బు', '|'), ('చె', '|'), ('డు', '|'), ('గై', 'U'), ('న', '|'), ('నా', 'U'), ('రో', 'U'), ('హ', '|'), ('కు', '|'), ('ని', '|'), ('త', 'U'), ('ప్పు', '|'), ('దం', 'U'), ('తి', '|'), ('దు', 'U'), ('ష్టై', 'U'), ('న', '|'), ('మా', 'U'), ('మం', 'U'), ('తు', '|'), ('త', 'U'), ('ప్పు', '|')]",0.9583333333333334,-1.0,1.0,1.0,0.875,-1.0
teytageethi,"ఇట్టి తప్పు లెరుంగక యిచ్చవచ్చి - నటుల మెలఁగుదు రిప్పుడీ యవని జనులు
భూషణవికాస! శ్రీధర్మపురనివాస! - దుష్టసంహార! నరసింహ దురితదూర!",vupajaathi,Narasimha,"[('ఇ', 'U'), ('ట్టి', '|'), ('త', 'U'), ('ప్పు', '|'), ('లె', '|'), ('రుం', 'U'), ('గ', '|'), ('క', '|'), ('యి', 'U'), ('చ్చ', '|'), ('వ', 'U'), ('చ్చి', '|'), ('న', '|'), ('టు', '|'), ('ల', '|'), ('మె', '|'), ('ల', '|'), ('గు', '|'), ('దు', '|'), ('రి', 'U'), ('ప్పు', '|'), ('డీ', 'U'), ('య', '|'), ('వ', '|'), ('ని', '|'), ('జ', '|'), ('ను', '|'), ('లు', '|'), ('భూ', 'U'), ('ష', '|'), ('ణ', '|'), ('వి', '|'), ('కా', 'U'), ('స', '|'), ('శ్రీ', 'U'), ('ధ', 'U'), ('ర్మ', '|'), ('పు', '|'), ('ర', '|'), ('ని', '|'), ('వా', 'U'), ('స', '|'), ('దు', 'U'), ('ష్ట', '|'), ('సం', 'U'), ('హా', 'U'), ('ర', '|'), ('న', '|'), ('ర', '|'), ('సిం', 'U'), ('హ', '|'), ('దు', '|'), ('రి', '|'), ('త', '|'), ('దూ', 'U'), ('ర', '|')]",0.8333333333333334,-1.0,1.0,1.0,0.5,-1.0
seesamu,"కోతికి జలతారుకుళ్లాయి యేటికి? - విరజాజి పూదండ విధవ కేల?
ముక్కిడితొత్తుకు ముత్తెంపు నత్తేల? - నద్ద మేమిటికి జాత్యంధునకును?
మాచకమ్మకు నేల మౌక్తికహారముల్‌? - క్రూరచిత్తునకు సద్గోష్ఠు లేల?
ఱంకుఁబోతుకు నేల బింకంపు నిష్ఠలు? - వావి యేటికి దుష్టవర్తనునకు?",vupajaathi,Narasimha,"[('కో', 'U'), ('తి', '|'), ('కి', '|'), ('జ', '|'), ('ల', '|'), ('తా', 'U'), ('రు', '|'), ('కు', 'U'), ('ళ్లా', 'U'), ('యి', '|'), ('యే', 'U'), ('టి', '|'), ('కి', '|'), ('వి', '|'), ('ర', '|'), ('జా', 'U'), ('జి', '|'), ('పూ', 'U'), ('దం', 'U'), ('డ', '|'), ('వి', '|'), ('ధ', '|'), ('వ', '|'), ('కే', 'U'), ('ల', '|'), ('ము', 'U'), ('క్కి', '|'), ('డి', '|'), ('తొ', 'U'), ('త్తు', '|'), ('కు', '|'), ('ము', 'U'), ('త్తెం', 'U'), ('పు', '|'), ('న', 'U'), ('త్తే', 'U'), ('ల', '|'), ('న', 'U'), ('ద్ద', '|'), ('మే', 'U'), ('మి', '|'), ('టి', '|'), ('కి', '|'), ('జా', 'U'), ('త్యం', 'U'), ('ధు', '|'), ('న', '|'), ('కు', '|'), ('ను', '|'), ('మా', 'U'), ('చ', '|'), ('క', 'U'), ('మ్మ', '|'), ('కు', '|'), ('నే', 'U'), ('ల', '|'), ('మౌ', 'U'), ('క్తి', '|'), ('క', '|'), ('హా', 'U'), ('ర', '|'), ('ము', 'U'), ('ల్క్రూ', 'U'), ('ర', '|'), ('చి', 'U'), ('త్తు', '|'), ('న', '|'), ('కు', '|'), ('స', 'U'), ('ద్గో', 'U'), ('ష్ఠు', '|'), ('లే', 'U'), ('ల', '|'), ('ఱం', 'U'), ('కు', '|'), ('బో', 'U'), ('తు', '|'), ('కు', '|'), ('నే', 'U'), ('ల', '|'), ('బిం', 'U'), ('కం', 'U'), ('పు', '|'), ('ని', 'U'), ('ష్ఠ', '|'), ('లు', '|'), ('వా', 'U'), ('వి', '|'), ('యే', 'U'), ('టి', '|'), ('కి', '|'), ('దు', 'U'), ('ష్ట', '|'), ('వ', 'U'), ('ర్త', '|'), ('ను', '|'), ('న', '|'), ('కు', '|')]",0.9583333333333334,-1.0,1.0,1.0,0.875,-1.0
teytageethi,"మాట నిలుకడ సుంకరిమోటు కేల? - చెవిటివానికి సత్కథాశ్రవణ మేల?
భూషణవికాస! శ్రీధర్మపురనివాస! - దుష్టసంహార! నరసింహ దురితదూర!",vupajaathi,Narasimha,"[('మా', 'U'), ('ట', '|'), ('ని', '|'), ('లు', '|'), ('క', '|'), ('డ', '|'), ('సుం', 'U'), ('క', '|'), ('రి', '|'), ('మో', 'U'), ('టు', '|'), ('కే', 'U'), ('ల', '|'), ('చె', '|'), ('వి', '|'), ('టి', '|'), ('వా', 'U'), ('ని', '|'), ('కి', '|'), ('స', 'U'), ('త్క', '|'), ('థా', 'U'), ('శ్ర', '|'), ('వ', '|'), ('ణ', '|'), ('మే', 'U'), ('ల', '|'), ('భూ', 'U'), ('ష', '|'), ('ణ', '|'), ('వి', '|'), ('కా', 'U'), ('స', '|'), ('శ్రీ', 'U'), ('ధ', 'U'), ('ర్మ', '|'), ('పు', '|'), ('ర', '|'), ('ని', '|'), ('వా', 'U'), ('స', '|'), ('దు', 'U'), ('ష్ట', '|'), ('సం', 'U'), ('హా', 'U'), ('ర', '|'), ('న', '|'), ('ర', '|'), ('సిం', 'U'), ('హ', '|'), ('దు', '|'), ('రి', '|'), ('త', '|'), ('దూ', 'U'), ('ర', '|')]",1.0,-1.0,1.0,1.0,1.0,-1.0
seesamu,"మాన్యంబులీయ సమర్థుఁ డొక్కఁడు లేఁడు - మాన్యముల్‌ చెఱుప సమర్థులంత
యెండిన యూళ్ల గోఁడెఱిఁగింపఁ డెవ్వఁడుఁ - బండిన యూళ్లకుఁ బ్రభువులంత
యితఁడు పేద యటంచు నెఱిఁగింపఁ డెవ్వఁడు - కలవారి సిరు లెన్నఁగలరు చాలఁ
దనయాలి చేష్టల తప్పెన్నఁ డెవ్వఁడు - బెఱకాంత ఱంకెన్నఁ బెద్దలంత",vupajaathi,Narasimha,"[('మా', 'U'), ('న్యం', 'U'), ('బు', '|'), ('లీ', 'U'), ('య', '|'), ('స', '|'), ('మ', 'U'), ('ర్థు', '|'), ('డొ', 'U'), ('క్క', '|'), ('డు', '|'), ('లే', 'U'), ('డు', '|'), ('మా', 'U'), ('న్య', '|'), ('ము', 'U'), ('ల్చె', '|'), ('ఱు', '|'), ('ప', '|'), ('స', '|'), ('మ', 'U'), ('ర్థు', '|'), ('లం', 'U'), ('త', '|'), ('యెం', 'U'), ('డి', '|'), ('న', '|'), ('యూ', 'U'), ('ళ్ల', '|'), ('గో', 'U'), ('డె', '|'), ('ఱి', '|'), ('గిం', 'U'), ('ప', '|'), ('డె', 'U'), ('వ్వ', '|'), ('డు', '|'), ('బం', 'U'), ('డి', '|'), ('న', '|'), ('యూ', 'U'), ('ళ్ల', '|'), ('కు', '|'), ('బ్ర', '|'), ('భు', '|'), ('వు', '|'), ('లం', 'U'), ('త', '|'), ('యి', '|'), ('త', '|'), ('డు', '|'), ('పే', 'U'), ('ద', '|'), ('య', '|'), ('టం', 'U'), ('చు', '|'), ('నె', '|'), ('ఱి', '|'), ('గిం', 'U'), ('ప', '|'), ('డె', 'U'), ('వ్వ', '|'), ('డు', '|'), ('క', '|'), ('ల', '|'), ('వా', 'U'), ('రి', '|'), ('సి', '|'), ('రు', '|'), ('లె', 'U'), ('న్న', '|'), ('గ', '|'), ('ల', '|'), ('రు', '|'), ('చా', 'U'), ('ల', '|'), ('ద', '|'), ('న', '|'), ('యా', 'U'), ('లి', '|'), ('చే', 'U'), ('ష్ట', '|'), ('ల', '|'), ('త', 'U'), ('ప్పె', 'U'), ('న్న', '|'), ('డె', 'U'), ('వ్వ', '|'), ('డు', '|'), ('బె', '|'), ('ఱ', '|'), ('కాం', 'U'), ('త', '|'), ('ఱం', 'U'), ('కె', 'U'), ('న్న', '|'), ('బె', 'U'), ('ద్ద', '|'), ('లం', 'U'), ('త', '|')]",0.9166666666666666,-1.0,1.0,1.0,0.75,-1.0
teytageethi,"యిట్టి దుష్టుల కధికారమిచ్చినట్టి - ప్రభువు తప్పులటంచును బలుకవలెను
భూషణవికాస! శ్రీధర్మపురనివాస! - దుష్టసంహార! నరసింహ దురితదూర!",vupajaathi,Narasimha,"[('యి', 'U'), ('ట్టి', '|'), ('దు', 'U'), ('ష్టు', '|'), ('ల', '|'), ('క', '|'), ('ధి', '|'), ('కా', 'U'), ('ర', '|'), ('మి', 'U'), ('చ్చి', '|'), ('న', 'U'), ('ట్టి', '|'), ('ప్ర', '|'), ('భు', '|'), ('వు', '|'), ('త', 'U'), ('ప్పు', '|'), ('ల', '|'), ('టం', 'U'), ('చు', '|'), ('ను', '|'), ('బ', '|'), ('లు', '|'), ('క', '|'), ('వ', '|'), ('లె', '|'), ('ను', '|'), ('భూ', 'U'), ('ష', '|'), ('ణ', '|'), ('వి', '|'), ('కా', 'U'), ('స', '|'), ('శ్రీ', 'U'), ('ధ', 'U'), ('ర్మ', '|'), ('పు', '|'), ('ర', '|'), ('ని', '|'), ('వా', 'U'), ('స', '|'), ('దు', 'U'), ('ష్ట', '|'), ('సం', 'U'), ('హా', 'U'), ('ర', '|'), ('న', '|'), ('ర', '|'), ('సిం', 'U'), ('హ', '|'), ('దు', '|'), ('రి', '|'), ('త', '|'), ('దూ', 'U'), ('ర', '|')]",0.9166666666666666,-1.0,1.0,1.0,0.75,-1.0
seesamu,"తల్లిగర్భము నుండి ధనము తేఁ డెవ్వఁడు - వెళ్లిపోయెడినాఁడు వెంటరాదు
లక్షాధికారైన లవణ మన్నమె కాని - మెఱుఁగు బంగారంబు మ్రింగఁబోఁడు
విత్త మార్జనఁ జేసి విఱ్ఱవీఁగుటె కాని - కూడఁబెట్టిన సొమ్ము తోడరాదు
పొందుగా మఱుఁగైన భూమిలోపలఁ బెట్టి - దానధర్మము లేక దాఁచి దాఁచి",vupajaathi,Narasimha,"[('త', 'U'), ('ల్లి', '|'), ('గ', 'U'), ('ర్భ', '|'), ('ము', '|'), ('నుం', 'U'), ('డి', '|'), ('ధ', '|'), ('న', '|'), ('ము', '|'), ('తే', 'U'), ('డె', 'U'), ('వ్వ', '|'), ('డు', '|'), ('వె', 'U'), ('ళ్లి', '|'), ('పో', 'U'), ('యె', '|'), ('డి', '|'), ('నా', 'U'), ('డు', '|'), ('వెం', 'U'), ('ట', '|'), ('రా', 'U'), ('దు', '|'), ('ల', 'U'), ('క్షా', 'U'), ('ధి', '|'), ('కా', 'U'), ('రై', 'U'), ('న', '|'), ('ల', '|'), ('వ', '|'), ('ణ', '|'), ('మ', 'U'), ('న్న', '|'), ('మె', '|'), ('కా', 'U'), ('ని', '|'), ('మె', '|'), ('ఱు', '|'), ('గు', '|'), ('బం', 'U'), ('గా', 'U'), ('రం', 'U'), ('బు', '|'), ('మ్రిం', 'U'), ('గ', '|'), ('బో', 'U'), ('డు', '|'), ('వి', 'U'), ('త్త', '|'), ('మా', 'U'), ('ర్జ', '|'), ('న', '|'), ('జే', 'U'), ('సి', '|'), ('వి', 'U'), ('ఱ్ఱ', '|'), ('వీ', 'U'), ('గు', '|'), ('టె', '|'), ('కా', 'U'), ('ని', '|'), ('కూ', 'U'), ('డ', '|'), ('బె', 'U'), ('ట్టి', '|'), ('న', '|'), ('సొ', 'U'), ('మ్ము', '|'), ('తో', 'U'), ('డ', '|'), ('రా', 'U'), ('దు', '|'), ('పొం', 'U'), ('దు', '|'), ('గా', 'U'), ('మ', '|'), ('ఱు', '|'), ('గై', 'U'), ('న', '|'), ('భూ', 'U'), ('మి', '|'), ('లో', 'U'), ('ప', '|'), ('ల', '|'), ('బె', 'U'), ('ట్టి', '|'), ('దా', 'U'), ('న', '|'), ('ధ', 'U'), ('ర్మ', '|'), ('ము', '|'), ('లే', 'U'), ('క', '|'), ('దా', 'U'), ('చి', '|'), ('దా', 'U'), ('చి', '|')]",1.0,-1.0,1.0,1.0,1.0,-1.0
teytageethi,"తుదకు దొంగల కిత్తురో దొరల కవునో - తేనె జుంటీఁగ లియ్యవా తెరువరులకు?
భూషణవికాస! శ్రీధర్మపురనివాస! - దుష్టసంహార! నరసింహ దురితదూర!",vupajaathi,Narasimha,"[('తు', '|'), ('ద', '|'), ('కు', '|'), ('దొం', 'U'), ('గ', '|'), ('ల', '|'), ('కి', 'U'), ('త్తు', '|'), ('రో', 'U'), ('దొ', '|'), ('ర', '|'), ('ల', '|'), ('క', '|'), ('వు', '|'), ('నో', 'U'), ('తే', 'U'), ('నె', '|'), ('జుం', 'U'), ('టీ', 'U'), ('గ', '|'), ('లి', 'U'), ('య్య', '|'), ('వా', 'U'), ('తె', '|'), ('రు', '|'), ('వ', '|'), ('రు', '|'), ('ల', '|'), ('కు', '|'), ('భూ', 'U'), ('ష', '|'), ('ణ', '|'), ('వి', '|'), ('కా', 'U'), ('స', '|'), ('శ్రీ', 'U'), ('ధ', 'U'), ('ర్మ', '|'), ('పు', '|'), ('ర', '|'), ('ని', '|'), ('వా', 'U'), ('స', '|'), ('దు', 'U'), ('ష్ట', '|'), ('సం', 'U'), ('హా', 'U'), ('ర', '|'), ('న', '|'), ('ర', '|'), ('సిం', 'U'), ('హ', '|'), ('దు', '|'), ('రి', '|'), ('త', '|'), ('దూ', 'U'), ('ర', '|')]",0.9833333333333334,-1.0,1.0,0.95,1.0,-1.0
seesamu,"లోకమం దెవఁడైన లోభి మానవుఁ డున్న - భిక్ష మర్థికిఁ జేతఁ బెట్టలేఁడు
తాను బెట్టకయున్న తగవు పుట్టదుగాని - యొరులు పెట్టఁగఁ జూచి యోర్వలేఁడు
దాత దగ్గఱఁ జేరి తన ముల్లె చెడినట్లు - జిహ్వతోఁ జాడీలు చెప్పుచుండు
ఫలము విఘ్నంబైన బలు సంతసమునందు - మేలు కల్గినఁ జాల మిడుకుచుండు",vupajaathi,Narasimha,"[('లో', 'U'), ('క', '|'), ('మం', 'U'), ('దె', '|'), ('వ', '|'), ('డై', 'U'), ('న', '|'), ('లో', 'U'), ('భి', '|'), ('మా', 'U'), ('న', '|'), ('వు', '|'), ('డు', 'U'), ('న్న', '|'), ('భి', 'U'), ('క్ష', '|'), ('మ', 'U'), ('ర్థి', '|'), ('కి', '|'), ('జే', 'U'), ('త', '|'), ('బె', 'U'), ('ట్ట', '|'), ('లే', 'U'), ('డు', '|'), ('తా', 'U'), ('ను', '|'), ('బె', 'U'), ('ట్ట', '|'), ('క', '|'), ('యు', 'U'), ('న్న', '|'), ('త', '|'), ('గ', '|'), ('వు', '|'), ('పు', 'U'), ('ట్ట', '|'), ('దు', '|'), ('గా', 'U'), ('ని', '|'), ('యొ', '|'), ('రు', '|'), ('లు', '|'), ('పె', 'U'), ('ట్ట', '|'), ('గ', '|'), ('జూ', 'U'), ('చి', '|'), ('యో', 'U'), ('ర్వ', '|'), ('లే', 'U'), ('డు', '|'), ('దా', 'U'), ('త', '|'), ('ద', 'U'), ('గ్గ', '|'), ('ఱ', '|'), ('జే', 'U'), ('రి', '|'), ('త', '|'), ('న', '|'), ('ము', 'U'), ('ల్లె', '|'), ('చె', '|'), ('డి', '|'), ('న', 'U'), ('ట్లు', '|'), ('జి', 'U'), ('హ్వ', '|'), ('తో', 'U'), ('జా', 'U'), ('డీ', 'U'), ('లు', '|'), ('చె', 'U'), ('ప్పు', '|'), ('చుం', 'U'), ('డు', '|'), ('ఫ', '|'), ('ల', '|'), ('ము', '|'), ('వి', 'U'), ('ఘ్నం', 'U'), ('బై', 'U'), ('న', '|'), ('బ', '|'), ('లు', '|'), ('సం', 'U'), ('త', '|'), ('స', '|'), ('ము', '|'), ('నం', 'U'), ('దు', '|'), ('మే', 'U'), ('లు', '|'), ('క', 'U'), ('ల్గి', '|'), ('న', '|'), ('జా', 'U'), ('ల', '|'), ('మి', '|'), ('డు', '|'), ('కు', '|'), ('చుం', 'U'), ('డు', '|')]",1.0,-1.0,1.0,1.0,1.0,-1.0
teytageethi,"శ్రీరమానాథ! యిటువంటిక్రూరునకును - భిక్షకుల శత్రువని పేరు పెట్టవచ్చు
భూషణవికాస! శ్రీధర్మపురనివాస! - దుష్టసంహార! నరసింహ దురితదూర!",vupajaathi,Narasimha,"[('శ్రీ', 'U'), ('ర', '|'), ('మా', 'U'), ('నా', 'U'), ('థ', '|'), ('యి', '|'), ('టు', '|'), ('వం', 'U'), ('టి', '|'), ('క్రూ', 'U'), ('రు', '|'), ('న', '|'), ('కు', '|'), ('ను', '|'), ('భి', 'U'), ('క్ష', '|'), ('కు', '|'), ('ల', '|'), ('శ', '|'), ('త్రు', '|'), ('వ', '|'), ('ని', '|'), ('పే', 'U'), ('రు', '|'), ('పె', 'U'), ('ట్ట', '|'), ('వ', 'U'), ('చ్చు', '|'), ('భూ', 'U'), ('ష', '|'), ('ణ', '|'), ('వి', '|'), ('కా', 'U'), ('స', '|'), ('శ్రీ', 'U'), ('ధ', 'U'), ('ర్మ', '|'), ('పు', '|'), ('ర', '|'), ('ని', '|'), ('వా', 'U'), ('స', '|'), ('దు', 'U'), ('ష్ట', '|'), ('సం', 'U'), ('హా', 'U'), ('ర', '|'), ('న', '|'), ('ర', '|'), ('సిం', 'U'), ('హ', '|'), ('దు', '|'), ('రి', '|'), ('త', '|'), ('దూ', 'U'), ('ర', '|')]",1.0,-1.0,1.0,1.0,1.0,-1.0
seesamu,"తనువులోఁ బ్రాణముల్‌ తర్లిపొయ్యెడి వేళ - నీ స్వరూపమును ధ్యానించునతఁడు
నిమిషమాత్రములోన నిన్నుఁ జేరును గాని - యమునిచేతికిఁ జిక్కి శ్రమలఁ బడఁడు
పరమసంతోషాన భజనఁ జేసెడివారి - పుణ్య మేమనవచ్చు భోగిశయన
మోక్షము నీ దాసముఖ్యుల కగుఁ గాని - నరక మెక్కడిదయ్య నళిననేత్ర",vupajaathi,Narasimha,"[('త', '|'), ('ను', '|'), ('వు', '|'), ('లో', 'U'), ('బ్రా', 'U'), ('ణ', '|'), ('ము', 'U'), ('ల్త', 'U'), ('ర్లి', '|'), ('పొ', 'U'), ('య్యె', '|'), ('డి', '|'), ('వే', 'U'), ('ళ', '|'), ('నీ', 'U'), ('స్వ', '|'), ('రూ', 'U'), ('ప', '|'), ('ము', '|'), ('ను', 'U'), ('ధ్యా', 'U'), ('నిం', 'U'), ('చు', '|'), ('న', '|'), ('త', '|'), ('డు', '|'), ('ని', '|'), ('మి', '|'), ('ష', '|'), ('మా', 'U'), ('త్ర', '|'), ('ము', '|'), ('లో', 'U'), ('న', '|'), ('ని', 'U'), ('న్ను', '|'), ('జే', 'U'), ('రు', '|'), ('ను', '|'), ('గా', 'U'), ('ని', '|'), ('య', '|'), ('ము', '|'), ('ని', '|'), ('చే', 'U'), ('తి', '|'), ('కి', '|'), ('జి', 'U'), ('క్కి', '|'), ('శ్ర', '|'), ('మ', '|'), ('ల', '|'), ('బ', '|'), ('డ', '|'), ('డు', '|'), ('ప', '|'), ('ర', '|'), ('మ', '|'), ('సం', 'U'), ('తో', 'U'), ('షా', 'U'), ('న', '|'), ('భ', '|'), ('జ', '|'), ('న', '|'), ('జే', 'U'), ('సె', '|'), ('డి', '|'), ('వా', 'U'), ('రి', '|'), ('పు', 'U'), ('ణ్య', '|'), ('మే', 'U'), ('మ', '|'), ('న', '|'), ('వ', 'U'), ('చ్చు', '|'), ('భో', 'U'), ('గి', '|'), ('శ', '|'), ('య', '|'), ('న', '|'), ('మో', 'U'), ('క్ష', '|'), ('ము', '|'), ('నీ', 'U'), ('దా', 'U'), ('స', '|'), ('ము', 'U'), ('ఖ్యు', '|'), ('ల', '|'), ('క', '|'), ('గు', '|'), ('గా', 'U'), ('ని', '|'), ('న', '|'), ('ర', '|'), ('క', '|'), ('మె', 'U'), ('క్క', '|'), ('డి', '|'), ('ద', 'U'), ('య్య', '|'), ('న', '|'), ('ళి', '|'), ('న', '|'), ('నే', 'U'), ('త్ర', '|')]",0.9895833333333334,-1.0,1.0,0.96875,1.0,-1.0
teytageethi,"కమలనాభ నీ మహిమలు గానలేని - తుచ్ఛులకు ముక్తి దొరకుట దుర్లభంబు
భూషణవికాస! శ్రీధర్మపురనివాస! - దుష్టసంహార! నరసింహ దురితదూర!",vupajaathi,Narasimha,"[('క', '|'), ('మ', '|'), ('ల', '|'), ('నా', 'U'), ('భ', '|'), ('నీ', 'U'), ('మ', '|'), ('హి', '|'), ('మ', '|'), ('లు', '|'), ('గా', 'U'), ('న', '|'), ('లే', 'U'), ('ని', '|'), ('తు', 'U'), ('చ్ఛు', '|'), ('ల', '|'), ('కు', '|'), ('ము', 'U'), ('క్తి', '|'), ('దొ', '|'), ('ర', '|'), ('కు', '|'), ('ట', '|'), ('దు', 'U'), ('ర్ల', '|'), ('భం', 'U'), ('బు', '|'), ('భూ', 'U'), ('ష', '|'), ('ణ', '|'), ('వి', '|'), ('కా', 'U'), ('స', '|'), ('శ్రీ', 'U'), ('ధ', 'U'), ('ర్మ', '|'), ('పు', '|'), ('ర', '|'), ('ని', '|'), ('వా', 'U'), ('స', '|'), ('దు', 'U'), ('ష్ట', '|'), ('సం', 'U'), ('హా', 'U'), ('ర', '|'), ('న', '|'), ('ర', '|'), ('సిం', 'U'), ('హ', '|'), ('దు', '|'), ('రి', '|'), ('త', '|'), ('దూ', 'U'), ('ర', '|')]",1.0,-1.0,1.0,1.0,1.0,-1.0
seesamu,"నీలమేఘశ్యామ! నీవె తండ్రివి మాకు - కమలవాసిని మమ్ముఁగన్న తల్లి
నీ భక్త వరులంత నిజమైన బాంధవుల్‌ - నీ కటాక్షము మా కనేక ధనము
నీ కీర్తనలు మాకు లోక ప్రపంచంబు - నీ సహాయము మాకు నిత్యసుఖము
నీ మంత్రమే మాకు నిష్కళంకపు విద్య - నీ పద ధ్యానంబు నిత్యజపము",vupajaathi,Narasimha,"[('నీ', 'U'), ('ల', '|'), ('మే', 'U'), ('ఘ', 'U'), ('శ్యా', 'U'), ('మ', '|'), ('నీ', 'U'), ('వె', '|'), ('తం', 'U'), ('డ్రి', '|'), ('వి', '|'), ('మా', 'U'), ('కు', '|'), ('క', '|'), ('మ', '|'), ('ల', '|'), ('వా', 'U'), ('సి', '|'), ('ని', '|'), ('మ', 'U'), ('మ్ము', '|'), ('గ', 'U'), ('న్న', '|'), ('త', 'U'), ('ల్లి', '|'), ('నీ', 'U'), ('భ', 'U'), ('క్త', '|'), ('వ', '|'), ('రు', '|'), ('లం', 'U'), ('త', '|'), ('ని', '|'), ('జ', '|'), ('మై', 'U'), ('న', '|'), ('బాం', 'U'), ('ధ', '|'), ('వు', 'U'), ('ల్నీ', 'U'), ('క', '|'), ('టా', 'U'), ('క్ష', '|'), ('ము', '|'), ('మా', 'U'), ('క', '|'), ('నే', 'U'), ('క', '|'), ('ధ', '|'), ('న', '|'), ('ము', '|'), ('నీ', 'U'), ('కీ', 'U'), ('ర్త', '|'), ('న', '|'), ('లు', '|'), ('మా', 'U'), ('కు', '|'), ('లో', 'U'), ('క', '|'), ('ప్ర', '|'), ('పం', 'U'), ('చం', 'U'), ('బు', '|'), ('నీ', 'U'), ('స', '|'), ('హా', 'U'), ('య', '|'), ('ము', '|'), ('మా', 'U'), ('కు', '|'), ('ని', 'U'), ('త్య', '|'), ('సు', '|'), ('ఖ', '|'), ('ము', '|'), ('నీ', 'U'), ('మం', 'U'), ('త్ర', '|'), ('మే', 'U'), ('మా', 'U'), ('కు', '|'), ('ని', 'U'), ('ష్క', '|'), ('ళం', 'U'), ('క', '|'), ('పు', '|'), ('వి', 'U'), ('ద్య', '|'), ('నీ', 'U'), ('ప', '|'), ('ద', 'U'), ('ధ్యా', 'U'), ('నం', 'U'), ('బు', '|'), ('ని', 'U'), ('త్య', '|'), ('జ', '|'), ('ప', '|'), ('ము', '|')]",1.0,-1.0,1.0,1.0,1.0,-1.0
teytageethi,"తోయజాతాక్ష! నీ పాదతులసిదళము - రోగముల కౌషధము బ్రహ్మరుద్ర వినుత
భూషణవికాస! శ్రీధర్మపురనివాస! - దుష్టసంహార! నరసింహ దురితదూర!",vupajaathi,Narasimha,"[('తో', 'U'), ('య', '|'), ('జా', 'U'), ('తా', 'U'), ('క్ష', '|'), ('నీ', 'U'), ('పా', 'U'), ('ద', '|'), ('తు', '|'), ('ల', '|'), ('సి', '|'), ('ద', '|'), ('ళ', '|'), ('ము', '|'), ('రో', 'U'), ('గ', '|'), ('ము', '|'), ('ల', '|'), ('కౌ', 'U'), ('ష', '|'), ('ధ', '|'), ('ము', '|'), ('బ్ర', 'U'), ('హ్మ', '|'), ('రు', '|'), ('ద్ర', '|'), ('వి', '|'), ('ను', '|'), ('త', '|'), ('భూ', 'U'), ('ష', '|'), ('ణ', '|'), ('వి', '|'), ('కా', 'U'), ('స', '|'), ('శ్రీ', 'U'), ('ధ', 'U'), ('ర్మ', '|'), ('పు', '|'), ('ర', '|'), ('ని', '|'), ('వా', 'U'), ('స', '|'), ('దు', 'U'), ('ష్ట', '|'), ('సం', 'U'), ('హా', 'U'), ('ర', '|'), ('న', '|'), ('ర', '|'), ('సిం', 'U'), ('హ', '|'), ('దు', '|'), ('రి', '|'), ('త', '|'), ('దూ', 'U'), ('ర', '|')]",0.7333333333333334,-1.0,1.0,0.7,0.5,-1.0
seesamu,"బ్రతికినన్నాళ్లు నీభజన తప్పను గాని - మరణకాలమునందు మఱతునేమొ
యావేళ యమదూతలాగ్రహంబున వచ్చి - ప్రాణముల్‌ పెకలించి పట్టునపుడు
కఫ వాత పైత్యముల్‌ గప్పఁగా భ్రమచేతఁ - గంప ముద్భవమంది కష్టపడుచు
నా జిహ్వతో నిన్ను నారాయణా యంచుఁ - బిలుతునో శ్రమచేతఁ బిలువలేనో",vupajaathi,Narasimha,"[('బ్ర', '|'), ('తి', '|'), ('కి', '|'), ('న', 'U'), ('న్నా', 'U'), ('ళ్లు', '|'), ('నీ', 'U'), ('భ', '|'), ('జ', '|'), ('న', '|'), ('త', 'U'), ('ప్ప', '|'), ('ను', '|'), ('గా', 'U'), ('ని', '|'), ('మ', '|'), ('ర', '|'), ('ణ', '|'), ('కా', 'U'), ('ల', '|'), ('ము', '|'), ('నం', 'U'), ('దు', '|'), ('మ', '|'), ('ఱ', '|'), ('తు', '|'), ('నే', 'U'), ('మొ', '|'), ('యా', 'U'), ('వే', 'U'), ('ళ', '|'), ('య', '|'), ('మ', '|'), ('దూ', 'U'), ('త', '|'), ('లా', 'U'), ('గ్ర', '|'), ('హం', 'U'), ('బు', '|'), ('న', '|'), ('వ', 'U'), ('చ్చి', '|'), ('ప్రా', 'U'), ('ణ', '|'), ('ము', 'U'), ('ల్పె', '|'), ('క', '|'), ('లిం', 'U'), ('చి', '|'), ('ప', 'U'), ('ట్టు', '|'), ('న', '|'), ('పు', '|'), ('డు', '|'), ('క', '|'), ('ఫ', '|'), ('వా', 'U'), ('త', '|'), ('పై', 'U'), ('త్య', '|'), ('ము', 'U'), ('ల్గ', 'U'), ('ప్ప', '|'), ('గా', 'U'), ('భ్ర', '|'), ('మ', '|'), ('చే', 'U'), ('త', '|'), ('గం', 'U'), ('ప', '|'), ('ము', 'U'), ('ద్భ', '|'), ('వ', '|'), ('మం', 'U'), ('ది', '|'), ('క', 'U'), ('ష్ట', '|'), ('ప', '|'), ('డు', '|'), ('చు', '|'), ('నా', 'U'), ('జి', 'U'), ('హ్వ', '|'), ('తో', 'U'), ('ని', 'U'), ('న్ను', '|'), ('నా', 'U'), ('రా', 'U'), ('య', '|'), ('ణా', 'U'), ('యం', 'U'), ('చు', '|'), ('బి', '|'), ('లు', '|'), ('తు', '|'), ('నో', 'U'), ('శ్ర', '|'), ('మ', '|'), ('చే', 'U'), ('త', '|'), ('బి', '|'), ('లు', '|'), ('వ', '|'), ('లే', 'U'), ('నో', 'U')]",0.9479166666666666,-1.0,1.0,0.96875,0.875,-1.0
teytageethi,"నాఁటి కిప్పుడె చేతు నీనామ భజన - తలఁచెదను జెవి నిడవయ్య! ధైర్యముగను
భూషణవికాస! శ్రీధర్మపురనివాస! - దుష్టసంహార! నరసింహ దురితదూర!",vupajaathi,Narasimha,"[('నా', 'U'), ('టి', '|'), ('కి', 'U'), ('ప్పు', '|'), ('డె', '|'), ('చే', 'U'), ('తు', '|'), ('నీ', 'U'), ('నా', 'U'), ('మ', '|'), ('భ', '|'), ('జ', '|'), ('న', '|'), ('త', '|'), ('ల', '|'), ('చె', '|'), ('ద', '|'), ('ను', '|'), ('జె', '|'), ('వి', '|'), ('ని', '|'), ('డ', '|'), ('వ', 'U'), ('య్య', '|'), ('ధై', 'U'), ('ర్య', '|'), ('ము', '|'), ('గ', '|'), ('ను', '|'), ('భూ', 'U'), ('ష', '|'), ('ణ', '|'), ('వి', '|'), ('కా', 'U'), ('స', '|'), ('శ్రీ', 'U'), ('ధ', 'U'), ('ర్మ', '|'), ('పు', '|'), ('ర', '|'), ('ని', '|'), ('వా', 'U'), ('స', '|'), ('దు', 'U'), ('ష్ట', '|'), ('సం', 'U'), ('హా', 'U'), ('ర', '|'), ('న', '|'), ('ర', '|'), ('సిం', 'U'), ('హ', '|'), ('దు', '|'), ('రి', '|'), ('త', '|'), ('దూ', 'U'), ('ర', '|')]",1.0,-1.0,1.0,1.0,1.0,-1.0
seesamu,"పాంచభౌతికము దుర్బలమైన కాయం బి - దెప్పుడో విడుచుట యెఱుకలేదు
శతవర్షములదాఁక మితముఁ జెప్పిరి గాని - నమ్మరాదా మాట నెమ్మనమున
బాల్యమందో మంచిప్రాయమందో లేక - ముదిమియందో లేక ముసలియందో
యూరనో యడవినో యుదకమధ్యముననో - యెప్పుడో విడుచుట యే క్షణంబొ",vupajaathi,Narasimha,"[('పాం', 'U'), ('చ', '|'), ('భౌ', 'U'), ('తి', '|'), ('క', '|'), ('ము', '|'), ('దు', 'U'), ('ర్బ', '|'), ('ల', '|'), ('మై', 'U'), ('న', '|'), ('కా', 'U'), ('యం', 'U'), ('బి', '|'), ('దె', 'U'), ('ప్పు', '|'), ('డో', 'U'), ('వి', '|'), ('డు', '|'), ('చు', '|'), ('ట', '|'), ('యె', '|'), ('ఱు', '|'), ('క', '|'), ('లే', 'U'), ('దు', '|'), ('శ', '|'), ('త', '|'), ('వ', 'U'), ('ర్ష', '|'), ('ము', '|'), ('ల', '|'), ('దా', 'U'), ('క', '|'), ('మి', '|'), ('త', '|'), ('ము', '|'), ('జె', 'U'), ('ప్పి', '|'), ('రి', '|'), ('గా', 'U'), ('ని', '|'), ('న', 'U'), ('మ్మ', '|'), ('రా', 'U'), ('దా', 'U'), ('మా', 'U'), ('ట', '|'), ('నె', 'U'), ('మ్మ', '|'), ('న', '|'), ('ము', '|'), ('న', '|'), ('బా', 'U'), ('ల్య', '|'), ('మం', 'U'), ('దో', 'U'), ('మం', 'U'), ('చి', '|'), ('ప్రా', 'U'), ('య', '|'), ('మం', 'U'), ('దో', 'U'), ('లే', 'U'), ('క', '|'), ('ము', '|'), ('ది', '|'), ('మి', '|'), ('యం', 'U'), ('దో', 'U'), ('లే', 'U'), ('క', '|'), ('ము', '|'), ('స', '|'), ('లి', '|'), ('యం', 'U'), ('దో', 'U'), ('యూ', 'U'), ('ర', '|'), ('నో', 'U'), ('య', '|'), ('డ', '|'), ('వి', '|'), ('నో', 'U'), ('యు', '|'), ('ద', '|'), ('క', '|'), ('మ', 'U'), ('ధ్య', '|'), ('ము', '|'), ('న', '|'), ('నో', 'U'), ('యె', 'U'), ('ప్పు', '|'), ('డో', 'U'), ('వి', '|'), ('డు', '|'), ('చు', '|'), ('ట', '|'), ('యే', 'U'), ('క్ష', '|'), ('ణం', 'U'), ('బొ', '|')]",0.8125,-1.0,1.0,0.8125,0.625,-1.0
teytageethi,"మరణమే నిశ్చయము బుద్ధిమంతుఁడైన - దేహమున్నంతలో మిమ్ముఁదెలియవలయు
భూషణవికాస! శ్రీధర్మపురనివాస! - దుష్టసంహార! నరసింహ దురితదూర!",vupajaathi,Narasimha,"[('మ', '|'), ('ర', '|'), ('ణ', '|'), ('మే', 'U'), ('ని', 'U'), ('శ్చ', '|'), ('య', '|'), ('ము', '|'), ('బు', 'U'), ('ద్ధి', '|'), ('మం', 'U'), ('తు', '|'), ('డై', 'U'), ('న', '|'), ('దే', 'U'), ('హ', '|'), ('ము', 'U'), ('న్నం', 'U'), ('త', '|'), ('లో', 'U'), ('మి', 'U'), ('మ్ము', '|'), ('దె', '|'), ('లి', '|'), ('య', '|'), ('వ', '|'), ('ల', '|'), ('యు', '|'), ('భూ', 'U'), ('ష', '|'), ('ణ', '|'), ('వి', '|'), ('కా', 'U'), ('స', '|'), ('శ్రీ', 'U'), ('ధ', 'U'), ('ర్మ', '|'), ('పు', '|'), ('ర', '|'), ('ని', '|'), ('వా', 'U'), ('స', '|'), ('దు', 'U'), ('ష్ట', '|'), ('సం', 'U'), ('హా', 'U'), ('ర', '|'), ('న', '|'), ('ర', '|'), ('సిం', 'U'), ('హ', '|'), ('దు', '|'), ('రి', '|'), ('త', '|'), ('దూ', 'U'), ('ర', '|')]",1.0,-1.0,1.0,1.0,1.0,-1.0
seesamu,"తల్లిదండ్రులు భార్య తనయు లాప్తులు బావ - మఱఁదు లన్నలు మేనమామ గారు
ఘనముగా బంధువుల్‌ గల్గినప్పటికైనఁ - దాను దర్లఁగ వెంటఁదగిలి రారు
యముని దూతలు ప్రాణమపహరించుక పోఁగ - మమతతోఁ బోరాడి మాన్పలేరు
బలగ మందఱు దుఃఖపడుట మాత్రమె కాని - యించుక యాయుష్యమియ్యలేరు",vupajaathi,Narasimha,"[('త', 'U'), ('ల్లి', '|'), ('దం', 'U'), ('డ్రు', '|'), ('లు', '|'), ('భా', 'U'), ('ర్య', '|'), ('త', '|'), ('న', '|'), ('యు', '|'), ('లా', 'U'), ('ప్తు', '|'), ('లు', '|'), ('బా', 'U'), ('వ', '|'), ('మ', '|'), ('ఱ', '|'), ('దు', '|'), ('ల', 'U'), ('న్న', '|'), ('లు', '|'), ('మే', 'U'), ('న', '|'), ('మా', 'U'), ('మ', '|'), ('గా', 'U'), ('రు', '|'), ('ఘ', '|'), ('న', '|'), ('ము', '|'), ('గా', 'U'), ('బం', 'U'), ('ధు', '|'), ('వు', 'U'), ('ల్గ', 'U'), ('ల్గి', '|'), ('న', 'U'), ('ప్ప', '|'), ('టి', '|'), ('కై', 'U'), ('న', '|'), ('దా', 'U'), ('ను', '|'), ('ద', 'U'), ('ర్ల', '|'), ('గ', '|'), ('వెం', 'U'), ('ట', '|'), ('ద', '|'), ('గి', '|'), ('లి', '|'), ('రా', 'U'), ('రు', '|'), ('య', '|'), ('ము', '|'), ('ని', '|'), ('దూ', 'U'), ('త', '|'), ('లు', '|'), ('ప్రా', 'U'), ('ణ', '|'), ('మ', '|'), ('ప', '|'), ('హ', '|'), ('రిం', 'U'), ('చు', '|'), ('క', '|'), ('పో', 'U'), ('గ', '|'), ('మ', '|'), ('మ', '|'), ('త', '|'), ('తో', 'U'), ('బో', 'U'), ('రా', 'U'), ('డి', '|'), ('మా', 'U'), ('న్ప', '|'), ('లే', 'U'), ('రు', '|'), ('బ', '|'), ('ల', '|'), ('గ', '|'), ('మం', 'U'), ('ద', '|'), ('ఱు', '|'), ('దుః', 'U'), ('ఖ', '|'), ('ప', '|'), ('డు', '|'), ('ట', '|'), ('మా', 'U'), ('త్ర', '|'), ('మె', '|'), ('కా', 'U'), ('ని', '|'), ('యిం', 'U'), ('చు', '|'), ('క', '|'), ('యా', 'U'), ('యు', 'U'), ('ష్య', '|'), ('మి', 'U'), ('య్య', '|'), ('లే', 'U'), ('రు', '|')]",0.9166666666666666,-1.0,1.0,1.0,0.75,-1.0
teytageethi,"చుట్టముల మీఁది భ్రమదీసి చూరఁ జెక్కి - సంతతము మిమ్ము నమ్ముట సార్థకంబు
భూషణవికాస! శ్రీధర్మపురనివాస! - దుష్టసంహార! నరసింహ దురితదూర!",vupajaathi,Narasimha,"[('చు', 'U'), ('ట్ట', '|'), ('ము', '|'), ('ల', '|'), ('మీ', 'U'), ('ది', '|'), ('భ్ర', '|'), ('మ', '|'), ('దీ', 'U'), ('సి', '|'), ('చూ', 'U'), ('ర', '|'), ('జె', 'U'), ('క్కి', '|'), ('సం', 'U'), ('త', '|'), ('త', '|'), ('ము', '|'), ('మి', 'U'), ('మ్ము', '|'), ('న', 'U'), ('మ్ము', '|'), ('ట', '|'), ('సా', 'U'), ('ర్థ', '|'), ('కం', 'U'), ('బు', '|'), ('భూ', 'U'), ('ష', '|'), ('ణ', '|'), ('వి', '|'), ('కా', 'U'), ('స', '|'), ('శ్రీ', 'U'), ('ధ', 'U'), ('ర్మ', '|'), ('పు', '|'), ('ర', '|'), ('ని', '|'), ('వా', 'U'), ('స', '|'), ('దు', 'U'), ('ష్ట', '|'), ('సం', 'U'), ('హా', 'U'), ('ర', '|'), ('న', '|'), ('ర', '|'), ('సిం', 'U'), ('హ', '|'), ('దు', '|'), ('రి', '|'), ('త', '|'), ('దూ', 'U'), ('ర', '|')]",1.0,-1.0,1.0,1.0,1.0,-1.0
seesamu,"ఇభరాజవరద! నిన్నెంతఁ బిల్చినఁగాని - మాఱు పల్కవదేమి మౌనితనమొ?
మునిజనార్చిత! నిన్నుమ్రొక్కి వేఁడినఁగాని - కనులఁ బడవదేమి గడుసుఁదనమొ?
చాల దైన్యమునొంది చాటు జొచ్చినఁగాని - భాగ్య మియ్యవదేమి ప్రౌఢతనమొ?
స్థిరముగా నీ పాదసేవఁ జేసెద నన్న - దొరకఁ జాలవదేమి ధూర్తతనమొ?",vupajaathi,Narasimha,"[('ఇ', '|'), ('భ', '|'), ('రా', 'U'), ('జ', '|'), ('వ', '|'), ('ర', '|'), ('ద', '|'), ('ని', 'U'), ('న్నెం', 'U'), ('త', '|'), ('బి', 'U'), ('ల్చి', '|'), ('న', '|'), ('గా', 'U'), ('ని', '|'), ('మా', 'U'), ('ఱు', '|'), ('ప', 'U'), ('ల్క', '|'), ('వ', '|'), ('దే', 'U'), ('మి', '|'), ('మౌ', 'U'), ('ని', '|'), ('త', '|'), ('న', '|'), ('మొ', '|'), ('ము', '|'), ('ని', '|'), ('జ', '|'), ('నా', 'U'), ('ర్చి', '|'), ('త', '|'), ('ని', 'U'), ('న్ను', '|'), ('మ్రొ', 'U'), ('క్కి', '|'), ('వే', 'U'), ('డి', '|'), ('న', '|'), ('గా', 'U'), ('ని', '|'), ('క', '|'), ('ను', '|'), ('ల', '|'), ('బ', '|'), ('డ', '|'), ('వ', '|'), ('దే', 'U'), ('మి', '|'), ('గ', '|'), ('డు', '|'), ('సు', '|'), ('ద', '|'), ('న', '|'), ('మొ', '|'), ('చా', 'U'), ('ల', '|'), ('దై', 'U'), ('న్య', '|'), ('ము', '|'), ('నొం', 'U'), ('ది', '|'), ('చా', 'U'), ('టు', '|'), ('జొ', 'U'), ('చ్చి', '|'), ('న', '|'), ('గా', 'U'), ('ని', '|'), ('భా', 'U'), ('గ్య', '|'), ('మి', 'U'), ('య్య', '|'), ('వ', '|'), ('దే', 'U'), ('మి', '|'), ('ప్రౌ', 'U'), ('ఢ', '|'), ('త', '|'), ('న', '|'), ('మొ', 'U'), ('స్థి', '|'), ('ర', '|'), ('ము', '|'), ('గా', 'U'), ('నీ', 'U'), ('పా', 'U'), ('ద', '|'), ('సే', 'U'), ('వ', '|'), ('జే', 'U'), ('సె', '|'), ('ద', '|'), ('న', 'U'), ('న్న', '|'), ('దొ', '|'), ('ర', '|'), ('క', '|'), ('జా', 'U'), ('ల', '|'), ('వ', '|'), ('దే', 'U'), ('మి', '|'), ('ధూ', 'U'), ('ర్త', '|'), ('త', '|'), ('న', '|'), ('మొ', '|')]",0.9479166666666666,-1.0,1.0,0.96875,0.875,-1.0
teytageethi,"మోక్షదాయక! యిటువంటి మూర్ఖజనుని - కష్టపెట్టిన నీకేమి కడుపునిండు
భూషణవికాస! శ్రీధర్మపురనివాస! - దుష్టసంహార! నరసింహ దురితదూర!",vupajaathi,Narasimha,"[('మో', 'U'), ('క్ష', '|'), ('దా', 'U'), ('య', '|'), ('క', '|'), ('యి', '|'), ('టు', '|'), ('వం', 'U'), ('టి', '|'), ('మూ', 'U'), ('ర్ఖ', '|'), ('జ', '|'), ('ను', '|'), ('ని', '|'), ('క', 'U'), ('ష్ట', '|'), ('పె', 'U'), ('ట్టి', '|'), ('న', '|'), ('నీ', 'U'), ('కే', 'U'), ('మి', '|'), ('క', '|'), ('డు', '|'), ('పు', '|'), ('నిం', 'U'), ('డు', '|'), ('భూ', 'U'), ('ష', '|'), ('ణ', '|'), ('వి', '|'), ('కా', 'U'), ('స', '|'), ('శ్రీ', 'U'), ('ధ', 'U'), ('ర్మ', '|'), ('పు', '|'), ('ర', '|'), ('ని', '|'), ('వా', 'U'), ('స', '|'), ('దు', 'U'), ('ష్ట', '|'), ('సం', 'U'), ('హా', 'U'), ('ర', '|'), ('న', '|'), ('ర', '|'), ('సిం', 'U'), ('హ', '|'), ('దు', '|'), ('రి', '|'), ('త', '|'), ('దూ', 'U'), ('ర', '|')]",1.0,-1.0,1.0,1.0,1.0,-1.0
seesamu,"నీమీఁది కీర్తనల్‌ నిత్యగానముఁ జేసి - రమ్యమొందింప నారదుఁడఁగాను
సావధానముగ నీచరణ పంకజ సేవ - సలిపి మెప్పింపంగ శబరిఁగాను
బాల్యమప్పటి నుండి భక్తి నీయందునఁ - గలుగను బ్రహ్లాదఘనుఁడఁగాను
ఘనముగా నీమీఁద గ్రంథముల్‌ గల్పించి - వినుతిసేయను వ్యాసమునినిగాను",vupajaathi,Narasimha,"[('నీ', 'U'), ('మీ', 'U'), ('ది', '|'), ('కీ', 'U'), ('ర్త', '|'), ('న', 'U'), ('ల్ని', 'U'), ('త్య', '|'), ('గా', 'U'), ('న', '|'), ('ము', '|'), ('జే', 'U'), ('సి', '|'), ('ర', 'U'), ('మ్య', '|'), ('మొం', 'U'), ('దిం', 'U'), ('ప', '|'), ('నా', 'U'), ('ర', '|'), ('దు', '|'), ('డ', '|'), ('గా', 'U'), ('ను', '|'), ('సా', 'U'), ('వ', '|'), ('ధా', 'U'), ('న', '|'), ('ము', '|'), ('గ', '|'), ('నీ', 'U'), ('చ', '|'), ('ర', '|'), ('ణ', '|'), ('పం', 'U'), ('క', '|'), ('జ', '|'), ('సే', 'U'), ('వ', '|'), ('స', '|'), ('లి', '|'), ('పి', '|'), ('మె', 'U'), ('ప్పిం', 'U'), ('పం', 'U'), ('గ', '|'), ('శ', '|'), ('బ', '|'), ('రి', '|'), ('గా', 'U'), ('ను', '|'), ('బా', 'U'), ('ల్య', '|'), ('మ', 'U'), ('ప్ప', '|'), ('టి', '|'), ('నుం', 'U'), ('డి', '|'), ('భ', 'U'), ('క్తి', '|'), ('నీ', 'U'), ('యం', 'U'), ('దు', '|'), ('న', '|'), ('గ', '|'), ('లు', '|'), ('గ', '|'), ('ను', '|'), ('బ్ర', 'U'), ('హ్లా', 'U'), ('ద', '|'), ('ఘ', '|'), ('ను', '|'), ('డ', '|'), ('గా', 'U'), ('ను', '|'), ('ఘ', '|'), ('న', '|'), ('ము', '|'), ('గా', 'U'), ('నీ', 'U'), ('మీ', 'U'), ('ద', '|'), ('గ్రం', 'U'), ('థ', '|'), ('ము', 'U'), ('ల్గ', 'U'), ('ల్పిం', 'U'), ('చి', '|'), ('వి', '|'), ('ను', '|'), ('తి', '|'), ('సే', 'U'), ('య', '|'), ('ను', 'U'), ('వ్యా', 'U'), ('స', '|'), ('ము', '|'), ('ని', '|'), ('ని', '|'), ('గా', 'U'), ('ను', '|')]",0.9895833333333334,-1.0,1.0,0.96875,1.0,-1.0
teytageethi,"సాధుఁడను మూర్ఖమతి మనుష్యాధముఁడను - హీనుఁడను జుమ్మి నీవు నన్నేలుకొనుము
భూషణవికాస! శ్రీధర్మపురనివాస! - దుష్టసంహార! నరసింహ దురితదూర!",vupajaathi,Narasimha,"[('సా', 'U'), ('ధు', '|'), ('డ', '|'), ('ను', '|'), ('మూ', 'U'), ('ర్ఖ', '|'), ('మ', '|'), ('తి', '|'), ('మ', '|'), ('ను', 'U'), ('ష్యా', 'U'), ('ధ', '|'), ('ము', '|'), ('డ', '|'), ('ను', '|'), ('హీ', 'U'), ('ను', '|'), ('డ', '|'), ('ను', '|'), ('జు', 'U'), ('మ్మి', '|'), ('నీ', 'U'), ('వు', '|'), ('న', 'U'), ('న్నే', 'U'), ('లు', '|'), ('కొ', '|'), ('ను', '|'), ('ము', '|'), ('భూ', 'U'), ('ష', '|'), ('ణ', '|'), ('వి', '|'), ('కా', 'U'), ('స', '|'), ('శ్రీ', 'U'), ('ధ', 'U'), ('ర్మ', '|'), ('పు', '|'), ('ర', '|'), ('ని', '|'), ('వా', 'U'), ('స', '|'), ('దు', 'U'), ('ష్ట', '|'), ('సం', 'U'), ('హా', 'U'), ('ర', '|'), ('న', '|'), ('ర', '|'), ('సిం', 'U'), ('హ', '|'), ('దు', '|'), ('రి', '|'), ('త', '|'), ('దూ', 'U'), ('ర', '|')]",0.9166666666666666,-1.0,1.0,1.0,0.75,-1.0
seesamu,"అతిశయంబుగఁ గల్లలాడనేర్చితిఁగాని - పాటిగా సత్యముల్‌ పలుకనేర
సత్కార్య విఘ్నముల్‌ సలుప నేర్చితిఁగాని - యిష్ట మొందఁగ నిర్వహింపనేర
నొకరి సొమ్ముకు దోసిలొగ్గ నేర్చితిఁగాని - చెలువుగా ధర్మంబు సేయనేర
ధనము లియ్యంగ వద్దనఁగ నేర్చితిఁ గాని - శీఘ్ర మిచ్చెడునట్లు చెప్పనేరఁ",vupajaathi,Narasimha,"[('అ', '|'), ('తి', '|'), ('శ', '|'), ('యం', 'U'), ('బు', '|'), ('గ', '|'), ('గ', 'U'), ('ల్ల', '|'), ('లా', 'U'), ('డ', '|'), ('నే', 'U'), ('ర్చి', '|'), ('తి', '|'), ('గా', 'U'), ('ని', '|'), ('పా', 'U'), ('టి', '|'), ('గా', 'U'), ('స', 'U'), ('త్య', '|'), ('ము', 'U'), ('ల్ప', '|'), ('లు', '|'), ('క', '|'), ('నే', 'U'), ('ర', '|'), ('స', 'U'), ('త్కా', 'U'), ('ర్య', '|'), ('వి', 'U'), ('ఘ్న', '|'), ('ము', 'U'), ('ల్స', '|'), ('లు', '|'), ('ప', '|'), ('నే', 'U'), ('ర్చి', '|'), ('తి', '|'), ('గా', 'U'), ('ని', '|'), ('యి', 'U'), ('ష్ట', '|'), ('మొం', 'U'), ('ద', '|'), ('గ', '|'), ('ని', 'U'), ('ర్వ', '|'), ('హిం', 'U'), ('ప', '|'), ('నే', 'U'), ('ర', '|'), ('నొ', '|'), ('క', '|'), ('రి', '|'), ('సొ', 'U'), ('మ్ము', '|'), ('కు', '|'), ('దో', 'U'), ('సి', '|'), ('లొ', 'U'), ('గ్గ', '|'), ('నే', 'U'), ('ర్చి', '|'), ('తి', '|'), ('గా', 'U'), ('ని', '|'), ('చె', '|'), ('లు', '|'), ('వు', '|'), ('గా', 'U'), ('ధ', 'U'), ('ర్మం', 'U'), ('బు', '|'), ('సే', 'U'), ('య', '|'), ('నే', 'U'), ('ర', '|'), ('ధ', '|'), ('న', '|'), ('ము', '|'), ('లి', 'U'), ('య్యం', 'U'), ('గ', '|'), ('వ', 'U'), ('ద్ద', '|'), ('న', '|'), ('గ', '|'), ('నే', 'U'), ('ర్చి', '|'), ('తి', '|'), ('గా', 'U'), ('ని', '|'), ('శీ', 'U'), ('ఘ్ర', '|'), ('మి', 'U'), ('చ్చె', '|'), ('డు', '|'), ('న', 'U'), ('ట్లు', '|'), ('చె', 'U'), ('ప్ప', '|'), ('నే', 'U'), ('ర', '|')]",0.9166666666666666,-1.0,1.0,1.0,0.75,-1.0
teytageethi,"బంకజాతాక్ష! నే నతిపాతకుఁడను - దప్పులన్నియు క్షమియింపఁ దండ్రి వీవె!
భూషణవికాస! శ్రీధర్మపురనివాస! - దుష్టసంహార! నరసింహ దురితదూర!",vupajaathi,Narasimha,"[('బం', 'U'), ('క', '|'), ('జా', 'U'), ('తా', 'U'), ('క్ష', '|'), ('నే', 'U'), ('న', '|'), ('తి', '|'), ('పా', 'U'), ('త', '|'), ('కు', '|'), ('డ', '|'), ('ను', '|'), ('ద', 'U'), ('ప్పు', '|'), ('ల', 'U'), ('న్ని', '|'), ('యు', 'U'), ('క్ష', '|'), ('మి', '|'), ('యిం', 'U'), ('ప', '|'), ('దం', 'U'), ('డ్రి', '|'), ('వీ', 'U'), ('వె', '|'), ('భూ', 'U'), ('ష', '|'), ('ణ', '|'), ('వి', '|'), ('కా', 'U'), ('స', '|'), ('శ్రీ', 'U'), ('ధ', 'U'), ('ర్మ', '|'), ('పు', '|'), ('ర', '|'), ('ని', '|'), ('వా', 'U'), ('స', '|'), ('దు', 'U'), ('ష్ట', '|'), ('సం', 'U'), ('హా', 'U'), ('ర', '|'), ('న', '|'), ('ర', '|'), ('సిం', 'U'), ('హ', '|'), ('దు', '|'), ('రి', '|'), ('త', '|'), ('దూ', 'U'), ('ర', '|')]",1.0,-1.0,1.0,1.0,1.0,-1.0
seesamu,"ఉర్విలో నాయుష్యమున్న పర్యంతంబు - మాయ సంసారంబు మఱగి నరుఁడు
సకల పాపములైన సంగ్రహించును గాని - నిన్నుఁ జేరెడి యుక్తినేర్వలేఁడు
తుదకుఁ గాలునియొద్ద దూత లిద్దఱు వచ్చి - గుంజుక చనివారు గ్రుద్దుచుండ
హింస కోర్వఁగలేక యేడ్చి గంతులువేసి - దిక్కు లేదని నాల్గుదిశలు చూడఁ",vupajaathi,Narasimha,"[('ఉ', 'U'), ('ర్వి', '|'), ('లో', 'U'), ('నా', 'U'), ('యు', 'U'), ('ష్య', '|'), ('ము', 'U'), ('న్న', '|'), ('ప', 'U'), ('ర్యం', 'U'), ('తం', 'U'), ('బు', '|'), ('మా', 'U'), ('య', '|'), ('సం', 'U'), ('సా', 'U'), ('రం', 'U'), ('బు', '|'), ('మ', '|'), ('ఱ', '|'), ('గి', '|'), ('న', '|'), ('రు', '|'), ('డు', '|'), ('స', '|'), ('క', '|'), ('ల', '|'), ('పా', 'U'), ('ప', '|'), ('ము', '|'), ('లై', 'U'), ('న', '|'), ('సం', 'U'), ('గ్ర', '|'), ('హిం', 'U'), ('చు', '|'), ('ను', '|'), ('గా', 'U'), ('ని', '|'), ('ని', 'U'), ('న్ను', '|'), ('జే', 'U'), ('రె', '|'), ('డి', '|'), ('యు', 'U'), ('క్తి', '|'), ('నే', 'U'), ('ర్వ', '|'), ('లే', 'U'), ('డు', '|'), ('తు', '|'), ('ద', '|'), ('కు', '|'), ('గా', 'U'), ('లు', '|'), ('ని', '|'), ('యొ', 'U'), ('ద్ద', '|'), ('దూ', 'U'), ('త', '|'), ('లి', 'U'), ('ద్ద', '|'), ('ఱు', '|'), ('వ', 'U'), ('చ్చి', '|'), ('గుం', 'U'), ('జు', '|'), ('క', '|'), ('చ', '|'), ('ని', '|'), ('వా', 'U'), ('రు', '|'), ('గ్రు', 'U'), ('ద్దు', '|'), ('చుం', 'U'), ('డ', '|'), ('హిం', 'U'), ('స', '|'), ('కో', 'U'), ('ర్వ', '|'), ('గ', '|'), ('లే', 'U'), ('క', '|'), ('యే', 'U'), ('డ్చి', '|'), ('గం', 'U'), ('తు', '|'), ('లు', '|'), ('వే', 'U'), ('సి', '|'), ('ది', 'U'), ('క్కు', '|'), ('లే', 'U'), ('ద', '|'), ('ని', '|'), ('నా', 'U'), ('ల్గు', '|'), ('ది', '|'), ('శ', '|'), ('లు', '|'), ('చూ', 'U'), ('డ', '|')]",0.9583333333333334,-1.0,1.0,1.0,0.875,-1.0
teytageethi,"దన్ను విడిపింప వచ్చెడి ధన్యుఁడేడి - ముందు నీ దాసుఁడైయున్న ముక్తి గలుగు
భూషణవికాస! శ్రీధర్మపురనివాస! - దుష్టసంహార! నరసింహ దురితదూర!",vupajaathi,Narasimha,"[('ద', 'U'), ('న్ను', '|'), ('వి', '|'), ('డి', '|'), ('పిం', 'U'), ('ప', '|'), ('వ', 'U'), ('చ్చె', '|'), ('డి', '|'), ('ధ', 'U'), ('న్యు', '|'), ('డే', 'U'), ('డి', '|'), ('ముం', 'U'), ('దు', '|'), ('నీ', 'U'), ('దా', 'U'), ('సు', '|'), ('డై', 'U'), ('యు', 'U'), ('న్న', '|'), ('ము', 'U'), ('క్తి', '|'), ('గ', '|'), ('లు', '|'), ('గు', '|'), ('భూ', 'U'), ('ష', '|'), ('ణ', '|'), ('వి', '|'), ('కా', 'U'), ('స', '|'), ('శ్రీ', 'U'), ('ధ', 'U'), ('ర్మ', '|'), ('పు', '|'), ('ర', '|'), ('ని', '|'), ('వా', 'U'), ('స', '|'), ('దు', 'U'), ('ష్ట', '|'), ('సం', 'U'), ('హా', 'U'), ('ర', '|'), ('న', '|'), ('ర', '|'), ('సిం', 'U'), ('హ', '|'), ('దు', '|'), ('రి', '|'), ('త', '|'), ('దూ', 'U'), ('ర', '|')]",1.0,-1.0,1.0,1.0,1.0,-1.0
seesamu,"అధిక విద్యావంతులప్రయోజకులైరి - పూర్ణశుంఠలు సభాపూజ్యులైరి
సత్యవంతులమాట జనవిరోధంబాయె - వదరుఁబోతులమాట వాసికెక్కె
ధర్మవాదనపరుల్‌ దారిద్ర్యమొందిరి - పరమలోభులు ధనప్రాప్తులైరి
పుణ్యవంతులు రోగభూత పీడితులైరి - దుష్టమానవులు వర్ధిష్ణులైరి",vupajaathi,Narasimha,"[('అ', '|'), ('ధి', '|'), ('క', '|'), ('వి', 'U'), ('ద్యా', 'U'), ('వం', 'U'), ('తు', '|'), ('ల', '|'), ('ప్ర', '|'), ('యో', 'U'), ('జ', '|'), ('కు', '|'), ('లై', 'U'), ('రి', '|'), ('పూ', 'U'), ('ర్ణ', '|'), ('శుం', 'U'), ('ఠ', '|'), ('లు', '|'), ('స', '|'), ('భా', 'U'), ('పూ', 'U'), ('జ్యు', '|'), ('లై', 'U'), ('రి', '|'), ('స', 'U'), ('త్య', '|'), ('వం', 'U'), ('తు', '|'), ('ల', '|'), ('మా', 'U'), ('ట', '|'), ('జ', '|'), ('న', '|'), ('వి', '|'), ('రో', 'U'), ('ధం', 'U'), ('బా', 'U'), ('యె', '|'), ('వ', '|'), ('ద', '|'), ('రు', '|'), ('బో', 'U'), ('తు', '|'), ('ల', '|'), ('మా', 'U'), ('ట', '|'), ('వా', 'U'), ('సి', '|'), ('కె', 'U'), ('క్కె', '|'), ('ధ', 'U'), ('ర్మ', '|'), ('వా', 'U'), ('ద', '|'), ('న', '|'), ('ప', '|'), ('రు', 'U'), ('ల్దా', 'U'), ('రి', 'U'), ('ద్ర్య', '|'), ('మొం', 'U'), ('ది', '|'), ('రి', '|'), ('ప', '|'), ('ర', '|'), ('మ', '|'), ('లో', 'U'), ('భు', '|'), ('లు', '|'), ('ధ', '|'), ('న', '|'), ('ప్రా', 'U'), ('ప్తు', '|'), ('లై', 'U'), ('రి', '|'), ('పు', 'U'), ('ణ్య', '|'), ('వం', 'U'), ('తు', '|'), ('లు', '|'), ('రో', 'U'), ('గ', '|'), ('భూ', 'U'), ('త', '|'), ('పీ', 'U'), ('డి', '|'), ('తు', '|'), ('లై', 'U'), ('రి', '|'), ('దు', 'U'), ('ష్ట', '|'), ('మా', 'U'), ('న', '|'), ('వు', '|'), ('లు', '|'), ('వ', 'U'), ('ర్ధి', 'U'), ('ష్ణు', '|'), ('లై', 'U'), ('రి', '|')]",0.5,-1.0,1.0,0.5,0.0,-1.0
teytageethi,"పక్షివాహన! మావంటిభిక్షుకులకు - శక్తిలేదాయె నిఁక నీవెచాటు మాకు
భూషణవికాస! శ్రీధర్మపురనివాస! - దుష్టసంహార! నరసింహ దురితదూర!",vupajaathi,Narasimha,"[('ప', 'U'), ('క్షి', '|'), ('వా', 'U'), ('హ', '|'), ('న', '|'), ('మా', 'U'), ('వం', 'U'), ('టి', '|'), ('భి', 'U'), ('క్షు', '|'), ('కు', '|'), ('ల', '|'), ('కు', '|'), ('శ', 'U'), ('క్తి', '|'), ('లే', 'U'), ('దా', 'U'), ('యె', '|'), ('ని', '|'), ('క', '|'), ('నీ', 'U'), ('వె', '|'), ('చా', 'U'), ('టు', '|'), ('మా', 'U'), ('కు', '|'), ('భూ', 'U'), ('ష', '|'), ('ణ', '|'), ('వి', '|'), ('కా', 'U'), ('స', '|'), ('శ్రీ', 'U'), ('ధ', 'U'), ('ర్మ', '|'), ('పు', '|'), ('ర', '|'), ('ని', '|'), ('వా', 'U'), ('స', '|'), ('దు', 'U'), ('ష్ట', '|'), ('సం', 'U'), ('హా', 'U'), ('ర', '|'), ('న', '|'), ('ర', '|'), ('సిం', 'U'), ('హ', '|'), ('దు', '|'), ('రి', '|'), ('త', '|'), ('దూ', 'U'), ('ర', '|')]",1.0,-1.0,1.0,1.0,1.0,-1.0
seesamu,"భుజబలంబునఁ బెద్దపులులఁ జంపఁగవచ్చు - పాము కంఠముఁ చేతఁబట్టవచ్చు
బ్రహ్మరాక్షసకోట్ల బాఱఁద్రోలఁగవచ్చు - మనుజుల రోగముల్‌ మాన్పవచ్చు
జిహ్వ కిష్టముగాని చేఁదు మ్రింగఁగవచ్చు - పదును ఖడ్గముచేత నదుమవచ్చుఁ
గష్టమొందుచు ముండ్లకంపలోఁ జొరవచ్చుఁ - దిట్టుఁబోతుల నోళ్లు కట్టవచ్చుఁ",vupajaathi,Narasimha,"[('భు', '|'), ('జ', '|'), ('బ', '|'), ('లం', 'U'), ('బు', '|'), ('న', '|'), ('బె', 'U'), ('ద్ద', '|'), ('పు', '|'), ('లు', '|'), ('ల', '|'), ('జం', 'U'), ('ప', '|'), ('గ', '|'), ('వ', 'U'), ('చ్చు', '|'), ('పా', 'U'), ('ము', '|'), ('కం', 'U'), ('ఠ', '|'), ('ము', '|'), ('చే', 'U'), ('త', '|'), ('బ', 'U'), ('ట్ట', '|'), ('వ', 'U'), ('చ్చు', '|'), ('బ్ర', 'U'), ('హ్మ', '|'), ('రా', 'U'), ('క్ష', '|'), ('స', '|'), ('కో', 'U'), ('ట్ల', '|'), ('బా', 'U'), ('ఱ', '|'), ('ద్రో', 'U'), ('ల', '|'), ('గ', '|'), ('వ', 'U'), ('చ్చు', '|'), ('మ', '|'), ('ను', '|'), ('జు', '|'), ('ల', '|'), ('రో', 'U'), ('గ', '|'), ('ము', 'U'), ('ల్మా', 'U'), ('న్ప', '|'), ('వ', 'U'), ('చ్చు', '|'), ('జి', 'U'), ('హ్వ', '|'), ('కి', 'U'), ('ష్ట', '|'), ('ము', '|'), ('గా', 'U'), ('ని', '|'), ('చే', 'U'), ('దు', '|'), ('మ్రిం', 'U'), ('గ', '|'), ('గ', '|'), ('వ', 'U'), ('చ్చు', '|'), ('ప', '|'), ('దు', '|'), ('ను', '|'), ('ఖ', 'U'), ('డ్గ', '|'), ('ము', '|'), ('చే', 'U'), ('త', '|'), ('న', '|'), ('దు', '|'), ('మ', '|'), ('వ', 'U'), ('చ్చు', '|'), ('గ', 'U'), ('ష్ట', '|'), ('మొం', 'U'), ('దు', '|'), ('చు', '|'), ('ముం', 'U'), ('డ్ల', '|'), ('కం', 'U'), ('ప', '|'), ('లో', 'U'), ('జొ', '|'), ('ర', '|'), ('వ', 'U'), ('చ్చు', '|'), ('ది', 'U'), ('ట్టు', '|'), ('బో', 'U'), ('తు', '|'), ('ల', '|'), ('నో', 'U'), ('ళ్లు', '|'), ('క', 'U'), ('ట్ట', '|'), ('వ', 'U'), ('చ్చు', '|')]",1.0,-1.0,1.0,1.0,1.0,-1.0
teytageethi,"బుడమిలో దుష్టులకు జ్ఞానబోధ తెలిపి - సజ్జనులఁ జేయలేఁడెంత చతురుఁడైన
భూషణవికాస! శ్రీధర్మపురనివాస! - దుష్టసంహార! నరసింహ దురితదూర!",vupajaathi,Narasimha,"[('బు', '|'), ('డ', '|'), ('మి', '|'), ('లో', 'U'), ('దు', 'U'), ('ష్టు', '|'), ('ల', '|'), ('కు', 'U'), ('జ్ఞా', 'U'), ('న', '|'), ('బో', 'U'), ('ధ', '|'), ('తె', '|'), ('లి', '|'), ('పి', '|'), ('స', 'U'), ('జ్జ', '|'), ('ను', '|'), ('ల', '|'), ('జే', 'U'), ('య', '|'), ('లే', 'U'), ('డెం', 'U'), ('త', '|'), ('చ', '|'), ('తు', '|'), ('రు', '|'), ('డై', 'U'), ('న', '|'), ('భూ', 'U'), ('ష', '|'), ('ణ', '|'), ('వి', '|'), ('కా', 'U'), ('స', '|'), ('శ్రీ', 'U'), ('ధ', 'U'), ('ర్మ', '|'), ('పు', '|'), ('ర', '|'), ('ని', '|'), ('వా', 'U'), ('స', '|'), ('దు', 'U'), ('ష్ట', '|'), ('సం', 'U'), ('హా', 'U'), ('ర', '|'), ('న', '|'), ('ర', '|'), ('సిం', 'U'), ('హ', '|'), ('దు', '|'), ('రి', '|'), ('త', '|'), ('దూ', 'U'), ('ర', '|')]",0.9833333333333334,-1.0,1.0,0.95,1.0,-1.0
seesamu,"అవనిలోఁ గల యాత్రలన్ని చేయఁగవచ్చు - ముఖ్యుఁడై నదులందు మునుఁగవచ్చు
ముక్కుపట్టుక సంధ్యమొనసి వార్వఁగవచ్చు - దిన్నఁగా జపమాలఁ ద్రిప్పవచ్చుఁ
వేదాల కర్థంబువిఱిచి చెప్పఁగవచ్చు - శ్రేష్ఠ క్రతువులెల్లఁ జేయవచ్చు
ధనము లక్షలు కోట్లు దానమియ్యఁగవచ్చు - నైష్ఠికాచారముల్‌ నడుపవచ్చు",vupajaathi,Narasimha,"[('అ', '|'), ('వ', '|'), ('ని', '|'), ('లో', 'U'), ('గ', '|'), ('ల', '|'), ('యా', 'U'), ('త్ర', '|'), ('ల', 'U'), ('న్ని', '|'), ('చే', 'U'), ('య', '|'), ('గ', '|'), ('వ', 'U'), ('చ్చు', '|'), ('ము', 'U'), ('ఖ్యు', '|'), ('డై', 'U'), ('న', '|'), ('దు', '|'), ('లం', 'U'), ('దు', '|'), ('ము', '|'), ('ను', '|'), ('గ', '|'), ('వ', 'U'), ('చ్చు', '|'), ('ము', 'U'), ('క్కు', '|'), ('ప', 'U'), ('ట్టు', '|'), ('క', '|'), ('సం', 'U'), ('ధ్య', '|'), ('మొ', '|'), ('న', '|'), ('సి', '|'), ('వా', 'U'), ('ర్వ', '|'), ('గ', '|'), ('వ', 'U'), ('చ్చు', '|'), ('ది', 'U'), ('న్న', '|'), ('గా', 'U'), ('జ', '|'), ('ప', '|'), ('మా', 'U'), ('ల', '|'), ('ద్రి', 'U'), ('ప్ప', '|'), ('వ', 'U'), ('చ్చు', '|'), ('వే', 'U'), ('దా', 'U'), ('ల', '|'), ('క', 'U'), ('ర్థం', 'U'), ('బు', '|'), ('వి', '|'), ('ఱి', '|'), ('చి', '|'), ('చె', 'U'), ('ప్ప', '|'), ('గ', '|'), ('వ', 'U'), ('చ్చు', '|'), ('శ్రే', 'U'), ('ష్ఠ', '|'), ('క్ర', '|'), ('తు', '|'), ('వు', '|'), ('లె', 'U'), ('ల్ల', '|'), ('జే', 'U'), ('య', '|'), ('వ', 'U'), ('చ్చు', '|'), ('ధ', '|'), ('న', '|'), ('ము', '|'), ('ల', 'U'), ('క్ష', '|'), ('లు', '|'), ('కో', 'U'), ('ట్లు', '|'), ('దా', 'U'), ('న', '|'), ('మి', 'U'), ('య్య', '|'), ('గ', '|'), ('వ', 'U'), ('చ్చు', '|'), ('నై', 'U'), ('ష్ఠి', '|'), ('కా', 'U'), ('చా', 'U'), ('ర', '|'), ('ము', 'U'), ('ల్న', '|'), ('డు', '|'), ('ప', '|'), ('వ', 'U'), ('చ్చు', '|')]",0.9583333333333334,-1.0,1.0,1.0,0.875,-1.0
teytageethi,"జిత్త మన్యస్థలంబునఁ జేరకుండ - నీ పదాంభోజములయందు నిలుపరాదు
భూషణవికాస! శ్రీధర్మపురనివాస! - దుష్టసంహార! నరసింహ దురితదూర!",vupajaathi,Narasimha,"[('జి', 'U'), ('త్త', '|'), ('మ', 'U'), ('న్య', 'U'), ('స్థ', '|'), ('లం', 'U'), ('బు', '|'), ('న', '|'), ('జే', 'U'), ('ర', '|'), ('కుం', 'U'), ('డ', '|'), ('నీ', 'U'), ('ప', '|'), ('దాం', 'U'), ('భో', 'U'), ('జ', '|'), ('ము', '|'), ('ల', '|'), ('యం', 'U'), ('దు', '|'), ('ని', '|'), ('లు', '|'), ('ప', '|'), ('రా', 'U'), ('దు', '|'), ('భూ', 'U'), ('ష', '|'), ('ణ', '|'), ('వి', '|'), ('కా', 'U'), ('స', '|'), ('శ్రీ', 'U'), ('ధ', 'U'), ('ర్మ', '|'), ('పు', '|'), ('ర', '|'), ('ని', '|'), ('వా', 'U'), ('స', '|'), ('దు', 'U'), ('ష్ట', '|'), ('సం', 'U'), ('హా', 'U'), ('ర', '|'), ('న', '|'), ('ర', '|'), ('సిం', 'U'), ('హ', '|'), ('దు', '|'), ('రి', '|'), ('త', '|'), ('దూ', 'U'), ('ర', '|')]",1.0,-1.0,1.0,1.0,1.0,-1.0
seesamu,"కర్ణయుగ్మమున నీకథలు సోఁకినఁజాలు - పెద్ద పోగుల జోళ్లుపెట్టినట్లు
చేతు లెత్తుచుఁ బూజసేయఁగల్గినఁజాలు - తోరంపు కడియాలు దొడిగినట్లు
మొనసి మస్తకముతోమ్రొక్కఁ గల్గినఁ జాలు - చెలువమైన తురాయిచెక్కినట్లు
గళము నొవ్వఁగ నిన్నుఁబలుకఁ గల్గినఁ జాలు - వింతగాఁ గంఠీలువేసినట్లు",vupajaathi,Narasimha,"[('క', 'U'), ('ర్ణ', '|'), ('యు', 'U'), ('గ్మ', '|'), ('ము', '|'), ('న', '|'), ('నీ', 'U'), ('క', '|'), ('థ', '|'), ('లు', '|'), ('సో', 'U'), ('కి', '|'), ('న', '|'), ('జా', 'U'), ('లు', '|'), ('పె', 'U'), ('ద్ద', '|'), ('పో', 'U'), ('గు', '|'), ('ల', '|'), ('జో', 'U'), ('ళ్లు', '|'), ('పె', 'U'), ('ట్టి', '|'), ('న', 'U'), ('ట్లు', '|'), ('చే', 'U'), ('తు', '|'), ('లె', 'U'), ('త్తు', '|'), ('చు', '|'), ('బూ', 'U'), ('జ', '|'), ('సే', 'U'), ('య', '|'), ('గ', 'U'), ('ల్గి', '|'), ('న', '|'), ('జా', 'U'), ('లు', '|'), ('తో', 'U'), ('రం', 'U'), ('పు', '|'), ('క', '|'), ('డి', '|'), ('యా', 'U'), ('లు', '|'), ('దొ', '|'), ('డి', '|'), ('గి', '|'), ('న', 'U'), ('ట్లు', '|'), ('మొ', '|'), ('న', '|'), ('సి', '|'), ('మ', 'U'), ('స్త', '|'), ('క', '|'), ('ము', '|'), ('తో', 'U'), ('మ్రొ', 'U'), ('క్క', '|'), ('గ', 'U'), ('ల్గి', '|'), ('న', '|'), ('జా', 'U'), ('లు', '|'), ('చె', '|'), ('లు', '|'), ('వ', '|'), ('మై', 'U'), ('న', '|'), ('తు', '|'), ('రా', 'U'), ('యి', '|'), ('చె', 'U'), ('క్కి', '|'), ('న', 'U'), ('ట్లు', '|'), ('గ', '|'), ('ళ', '|'), ('ము', '|'), ('నొ', 'U'), ('వ్వ', '|'), ('గ', '|'), ('ని', 'U'), ('న్ను', '|'), ('బ', '|'), ('లు', '|'), ('క', '|'), ('గ', 'U'), ('ల్గి', '|'), ('న', '|'), ('జా', 'U'), ('లు', '|'), ('విం', 'U'), ('త', '|'), ('గా', 'U'), ('గం', 'U'), ('ఠీ', 'U'), ('లు', '|'), ('వే', 'U'), ('సి', '|'), ('న', 'U'), ('ట్లు', '|')]",0.9583333333333334,-1.0,1.0,1.0,0.875,-1.0
teytageethi,"పూని నిన్నుఁ గొల్చుటే సర్వభూషణంబు - లితర భూషణముల నిచ్చగింపనేల?
భూషణవికాస! శ్రీధర్మపురనివాస! - దుష్టసంహార! నరసింహ దురితదూర!",vupajaathi,Narasimha,"[('పూ', 'U'), ('ని', '|'), ('ని', 'U'), ('న్ను', '|'), ('గొ', 'U'), ('ల్చు', '|'), ('టే', 'U'), ('స', 'U'), ('ర్వ', '|'), ('భూ', 'U'), ('ష', '|'), ('ణం', 'U'), ('బు', '|'), ('లి', '|'), ('త', '|'), ('ర', '|'), ('భూ', 'U'), ('ష', '|'), ('ణ', '|'), ('ము', '|'), ('ల', '|'), ('ని', 'U'), ('చ్చ', '|'), ('గిం', 'U'), ('ప', '|'), ('నే', 'U'), ('ల', '|'), ('భూ', 'U'), ('ష', '|'), ('ణ', '|'), ('వి', '|'), ('కా', 'U'), ('స', '|'), ('శ్రీ', 'U'), ('ధ', 'U'), ('ర్మ', '|'), ('పు', '|'), ('ర', '|'), ('ని', '|'), ('వా', 'U'), ('స', '|'), ('దు', 'U'), ('ష్ట', '|'), ('సం', 'U'), ('హా', 'U'), ('ర', '|'), ('న', '|'), ('ర', '|'), ('సిం', 'U'), ('హ', '|'), ('దు', '|'), ('రి', '|'), ('త', '|'), ('దూ', 'U'), ('ర', '|')]",0.9,-1.0,1.0,0.95,0.75,-1.0
seesamu,"భువనరక్షక! నిన్నుఁబొగడనేరని నోరు - ప్రజకు గోచరమైన పాడుబొంద
సురవరార్చిత! నిన్నుఁజూడఁగోరని కనుల్‌ - జలము లోపల నెల్లిసరపుగుండ్లు
శ్రీరమాధిప! నీకుసేవఁజేయని మేను - కూలి కమ్ముడువోని కొలిమితిత్తి
వేడ్కతో నీ కథల్‌వినని కర్ణములైనఁ - గఠినశిలాదులఁగలుగు తొలలు",vupajaathi,Narasimha,"[('భు', '|'), ('వ', '|'), ('న', '|'), ('ర', 'U'), ('క్ష', '|'), ('క', '|'), ('ని', 'U'), ('న్ను', '|'), ('బొ', '|'), ('గ', '|'), ('డ', '|'), ('నే', 'U'), ('ర', '|'), ('ని', '|'), ('నో', 'U'), ('రు', '|'), ('ప్ర', '|'), ('జ', '|'), ('కు', '|'), ('గో', 'U'), ('చ', '|'), ('ర', '|'), ('మై', 'U'), ('న', '|'), ('పా', 'U'), ('డు', '|'), ('బొం', 'U'), ('ద', '|'), ('సు', '|'), ('ర', '|'), ('వ', '|'), ('రా', 'U'), ('ర్చి', '|'), ('త', '|'), ('ని', 'U'), ('న్ను', '|'), ('జూ', 'U'), ('డ', '|'), ('గో', 'U'), ('ర', '|'), ('ని', '|'), ('క', '|'), ('ను', 'U'), ('ల్జ', '|'), ('ల', '|'), ('ము', '|'), ('లో', 'U'), ('ప', '|'), ('ల', '|'), ('నె', 'U'), ('ల్లి', '|'), ('స', '|'), ('ర', '|'), ('పు', '|'), ('గుం', 'U'), ('డ్లు', '|'), ('శ్రీ', 'U'), ('ర', '|'), ('మా', 'U'), ('ధి', '|'), ('ప', '|'), ('నీ', 'U'), ('కు', '|'), ('సే', 'U'), ('వ', '|'), ('జే', 'U'), ('య', '|'), ('ని', '|'), ('మే', 'U'), ('ను', '|'), ('కూ', 'U'), ('లి', '|'), ('క', 'U'), ('మ్ము', '|'), ('డు', '|'), ('వో', 'U'), ('ని', '|'), ('కొ', '|'), ('లి', '|'), ('మి', '|'), ('తి', 'U'), ('త్తి', '|'), ('వే', 'U'), ('డ్క', '|'), ('తో', 'U'), ('నీ', 'U'), ('క', '|'), ('థ', 'U'), ('ల్వి', '|'), ('న', '|'), ('ని', '|'), ('క', 'U'), ('ర్ణ', '|'), ('ము', '|'), ('లై', 'U'), ('న', '|'), ('గ', '|'), ('ఠి', '|'), ('న', '|'), ('శి', '|'), ('లా', 'U'), ('దు', '|'), ('ల', '|'), ('గ', '|'), ('లు', '|'), ('గు', '|'), ('తొ', '|'), ('ల', '|'), ('లు', '|')]",1.0,-1.0,1.0,1.0,1.0,-1.0
teytageethi,"పద్మలోచన! నీ మీఁద భక్తిలేని - మానవుఁడు రెండుపాదాల మహిషమయ్య
భూషణవికాస! శ్రీధర్మపురనివాస! - దుష్టసంహార! నరసింహ దురితదూర!",vupajaathi,Narasimha,"[('ప', 'U'), ('ద్మ', '|'), ('లో', 'U'), ('చ', '|'), ('న', '|'), ('నీ', 'U'), ('మీ', 'U'), ('ద', '|'), ('భ', 'U'), ('క్తి', '|'), ('లే', 'U'), ('ని', '|'), ('మా', 'U'), ('న', '|'), ('వు', '|'), ('డు', '|'), ('రెం', 'U'), ('డు', '|'), ('పా', 'U'), ('దా', 'U'), ('ల', '|'), ('మ', '|'), ('హి', '|'), ('ష', '|'), ('మ', 'U'), ('య్య', '|'), ('భూ', 'U'), ('ష', '|'), ('ణ', '|'), ('వి', '|'), ('కా', 'U'), ('స', '|'), ('శ్రీ', 'U'), ('ధ', 'U'), ('ర్మ', '|'), ('పు', '|'), ('ర', '|'), ('ని', '|'), ('వా', 'U'), ('స', '|'), ('దు', 'U'), ('ష్ట', '|'), ('సం', 'U'), ('హా', 'U'), ('ర', '|'), ('న', '|'), ('ర', '|'), ('సిం', 'U'), ('హ', '|'), ('దు', '|'), ('రి', '|'), ('త', '|'), ('దూ', 'U'), ('ర', '|')]",1.0,-1.0,1.0,1.0,1.0,-1.0
seesamu,"అతివిద్యనేర్చుట యన్నవస్త్రములకే - పసుల నార్జించుట పాలకొఱకె
సతిని బెండ్లాడుట సంసారసుఖముకే - సుతులఁ బోషించుట గతులకొఱకె
సైన్యముల్‌ గూర్చుట శత్రుభయమునకే - సాము నేర్చుటలెల్ల చావుకొఱకె
దానమిచ్చుటయు ముందటి సంచితమునకే - ఘనముగాఁ జదువుట కడుపుకొఱకె",vupajaathi,Narasimha,"[('అ', '|'), ('తి', '|'), ('వి', 'U'), ('ద్య', '|'), ('నే', 'U'), ('ర్చు', '|'), ('ట', '|'), ('య', 'U'), ('న్న', '|'), ('వ', 'U'), ('స్త్ర', '|'), ('ము', '|'), ('ల', '|'), ('కే', 'U'), ('ప', '|'), ('సు', '|'), ('ల', '|'), ('నా', 'U'), ('ర్జిం', 'U'), ('చు', '|'), ('ట', '|'), ('పా', 'U'), ('ల', '|'), ('కొ', '|'), ('ఱ', '|'), ('కె', '|'), ('స', '|'), ('తి', '|'), ('ని', '|'), ('బెం', 'U'), ('డ్లా', 'U'), ('డు', '|'), ('ట', '|'), ('సం', 'U'), ('సా', 'U'), ('ర', '|'), ('సు', '|'), ('ఖ', '|'), ('ము', '|'), ('కే', 'U'), ('సు', '|'), ('తు', '|'), ('ల', '|'), ('బో', 'U'), ('షిం', 'U'), ('చు', '|'), ('ట', '|'), ('గ', '|'), ('తు', '|'), ('ల', '|'), ('కొ', '|'), ('ఱ', '|'), ('కె', '|'), ('సై', 'U'), ('న్య', '|'), ('ము', 'U'), ('ల్గూ', 'U'), ('ర్చు', '|'), ('ట', '|'), ('శ', '|'), ('త్రు', '|'), ('భ', '|'), ('య', '|'), ('ము', '|'), ('న', '|'), ('కే', 'U'), ('సా', 'U'), ('ము', '|'), ('నే', 'U'), ('ర్చు', '|'), ('ట', '|'), ('లె', 'U'), ('ల్ల', '|'), ('చా', 'U'), ('వు', '|'), ('కొ', '|'), ('ఱ', '|'), ('కె', '|'), ('దా', 'U'), ('న', '|'), ('మి', 'U'), ('చ్చు', '|'), ('ట', '|'), ('యు', '|'), ('ముం', 'U'), ('ద', '|'), ('టి', '|'), ('సం', 'U'), ('చి', '|'), ('త', '|'), ('ము', '|'), ('న', '|'), ('కే', 'U'), ('ఘ', '|'), ('న', '|'), ('ము', '|'), ('గా', 'U'), ('జ', '|'), ('దు', '|'), ('వు', '|'), ('ట', '|'), ('క', '|'), ('డు', '|'), ('పు', '|'), ('కొ', '|'), ('ఱ', '|'), ('కె', '|')]",0.8229166666666666,-1.0,1.0,0.84375,0.625,-1.0
teytageethi,"యితర కామంబుఁ గోరక సతతముగను - భక్తి నీయందు నిలుపుట ముక్తికొఱకె
భూషణవికాస! శ్రీధర్మపురనివాస! - దుష్టసంహార! నరసింహ దురితదూర!",vupajaathi,Narasimha,"[('యి', '|'), ('త', '|'), ('ర', '|'), ('కా', 'U'), ('మం', 'U'), ('బు', '|'), ('గో', 'U'), ('ర', '|'), ('క', '|'), ('స', '|'), ('త', '|'), ('త', '|'), ('ము', '|'), ('గ', '|'), ('ను', '|'), ('భ', 'U'), ('క్తి', '|'), ('నీ', 'U'), ('యం', 'U'), ('దు', '|'), ('ని', '|'), ('లు', '|'), ('పు', '|'), ('ట', '|'), ('ము', 'U'), ('క్తి', '|'), ('కొ', '|'), ('ఱ', '|'), ('కె', '|'), ('భూ', 'U'), ('ష', '|'), ('ణ', '|'), ('వి', '|'), ('కా', 'U'), ('స', '|'), ('శ్రీ', 'U'), ('ధ', 'U'), ('ర్మ', '|'), ('పు', '|'), ('ర', '|'), ('ని', '|'), ('వా', 'U'), ('స', '|'), ('దు', 'U'), ('ష్ట', '|'), ('సం', 'U'), ('హా', 'U'), ('ర', '|'), ('న', '|'), ('ర', '|'), ('సిం', 'U'), ('హ', '|'), ('దు', '|'), ('రి', '|'), ('త', '|'), ('దూ', 'U'), ('ర', '|')]",1.0,-1.0,1.0,1.0,1.0,-1.0
seesamu,"ధరణిలో వేయేండ్లు తనువు నిల్వఁగబోదు - ధన మెప్పటికి శాశ్వతంబు గాదు
దారసుతాదులు తనవెంట రాలేరు - భృత్యులు మృతినిఁ దప్పించలేరు
బంధుజాలము తన్ను బ్రతికించుకోలేదు - బలపరాక్రమ మేమి పనికిరాదు
ఘనమైన సకల భాగ్యం బెంతఁ గల్గిన - గోచిమాత్రంబైనఁ గొనుచుఁబోఁడు",vupajaathi,Narasimha,"[('ధ', '|'), ('ర', '|'), ('ణి', '|'), ('లో', 'U'), ('వే', 'U'), ('యేం', 'U'), ('డ్లు', '|'), ('త', '|'), ('ను', '|'), ('వు', '|'), ('ని', 'U'), ('ల్వ', '|'), ('గ', '|'), ('బో', 'U'), ('దు', '|'), ('ధ', '|'), ('న', '|'), ('మె', 'U'), ('ప్ప', '|'), ('టి', '|'), ('కి', '|'), ('శా', 'U'), ('శ్వ', '|'), ('తం', 'U'), ('బు', '|'), ('గా', 'U'), ('దు', '|'), ('దా', 'U'), ('ర', '|'), ('సు', '|'), ('తా', 'U'), ('దు', '|'), ('లు', '|'), ('త', '|'), ('న', '|'), ('వెం', 'U'), ('ట', '|'), ('రా', 'U'), ('లే', 'U'), ('రు', '|'), ('భృ', 'U'), ('త్యు', '|'), ('లు', '|'), ('మృ', '|'), ('తి', '|'), ('ని', '|'), ('ద', 'U'), ('ప్పిం', 'U'), ('చ', '|'), ('లే', 'U'), ('రు', '|'), ('బం', 'U'), ('ధు', '|'), ('జా', 'U'), ('ల', '|'), ('ము', '|'), ('త', 'U'), ('న్ను', '|'), ('బ్ర', '|'), ('తి', '|'), ('కిం', 'U'), ('చు', '|'), ('కో', 'U'), ('లే', 'U'), ('దు', '|'), ('బ', '|'), ('ల', '|'), ('ప', '|'), ('రా', 'U'), ('క్ర', '|'), ('మ', '|'), ('మే', 'U'), ('మి', '|'), ('ప', '|'), ('ని', '|'), ('కి', '|'), ('రా', 'U'), ('దు', '|'), ('ఘ', '|'), ('న', '|'), ('మై', 'U'), ('న', '|'), ('స', '|'), ('క', '|'), ('ల', '|'), ('భా', 'U'), ('గ్యం', 'U'), ('బెం', 'U'), ('త', '|'), ('గ', 'U'), ('ల్గి', '|'), ('న', '|'), ('గో', 'U'), ('చి', '|'), ('మా', 'U'), ('త్రం', 'U'), ('బై', 'U'), ('న', '|'), ('గొ', '|'), ('ను', '|'), ('చు', '|'), ('బో', 'U'), ('డు', '|')]",1.0,-1.0,1.0,1.0,1.0,-1.0
teytageethi,"వెఱ్ఱికుక్కల భ్రమలన్ని విడిచి నిన్ను - భజనఁ జేసెడివారికిఁ బరమసుఖము
భూషణవికాస! శ్రీధర్మపురనివాస! - దుష్టసంహార! నరసింహ దురితదూర!",vupajaathi,Narasimha,"[('వె', 'U'), ('ఱ్ఱి', '|'), ('కు', 'U'), ('క్క', '|'), ('ల', '|'), ('భ్ర', '|'), ('మ', '|'), ('ల', 'U'), ('న్ని', '|'), ('వి', '|'), ('డి', '|'), ('చి', '|'), ('ని', 'U'), ('న్ను', '|'), ('భ', '|'), ('జ', '|'), ('న', '|'), ('జే', 'U'), ('సె', '|'), ('డి', '|'), ('వా', 'U'), ('రి', '|'), ('కి', '|'), ('బ', '|'), ('ర', '|'), ('మ', '|'), ('సు', '|'), ('ఖ', '|'), ('ము', '|'), ('భూ', 'U'), ('ష', '|'), ('ణ', '|'), ('వి', '|'), ('కా', 'U'), ('స', '|'), ('శ్రీ', 'U'), ('ధ', 'U'), ('ర్మ', '|'), ('పు', '|'), ('ర', '|'), ('ని', '|'), ('వా', 'U'), ('స', '|'), ('దు', 'U'), ('ష్ట', '|'), ('సం', 'U'), ('హా', 'U'), ('ర', '|'), ('న', '|'), ('ర', '|'), ('సిం', 'U'), ('హ', '|'), ('దు', '|'), ('రి', '|'), ('త', '|'), ('దూ', 'U'), ('ర', '|')]",1.0,-1.0,1.0,1.0,1.0,-1.0
seesamu,"నరసింహ! నాకు దుర్ణయములే మెండాయె - సుగుణ మొక్కటి లేదు చూఁడ జనిన
నన్యకాంతల మీఁద యాశ మానఁగలేను - నొరుల క్షేమము చూచియోర్వలేను
ఇటువంటి దుర్బుద్ధులిన్ని నాకున్నవి - నేను జేసెడివన్ని నీచకృతులు
నావంటి పాపిష్ఠినరుని భూలోకాన - బుట్టఁ జేసితివేల భోగిశయన!",vupajaathi,Narasimha,"[('న', '|'), ('ర', '|'), ('సిం', 'U'), ('హ', '|'), ('నా', 'U'), ('కు', '|'), ('దు', 'U'), ('ర్ణ', '|'), ('య', '|'), ('ము', '|'), ('లే', 'U'), ('మెం', 'U'), ('డా', 'U'), ('యె', '|'), ('సు', '|'), ('గు', '|'), ('ణ', '|'), ('మొ', 'U'), ('క్క', '|'), ('టి', '|'), ('లే', 'U'), ('దు', '|'), ('చూ', 'U'), ('డ', '|'), ('జ', '|'), ('ని', '|'), ('న', '|'), ('న', 'U'), ('న్య', '|'), ('కాం', 'U'), ('త', '|'), ('ల', '|'), ('మీ', 'U'), ('ద', '|'), ('యా', 'U'), ('శ', '|'), ('మా', 'U'), ('న', '|'), ('గ', '|'), ('లే', 'U'), ('ను', '|'), ('నొ', '|'), ('రు', '|'), ('ల', 'U'), ('క్షే', 'U'), ('మ', '|'), ('ము', '|'), ('చూ', 'U'), ('చి', '|'), ('యో', 'U'), ('ర్వ', '|'), ('లే', 'U'), ('ను', '|'), ('ఇ', '|'), ('టు', '|'), ('వం', 'U'), ('టి', '|'), ('దు', 'U'), ('ర్బు', 'U'), ('ద్ధు', '|'), ('లి', 'U'), ('న్ని', '|'), ('నా', 'U'), ('కు', 'U'), ('న్న', '|'), ('వి', '|'), ('నే', 'U'), ('ను', '|'), ('జే', 'U'), ('సె', '|'), ('డి', '|'), ('వ', 'U'), ('న్ని', '|'), ('నీ', 'U'), ('చ', '|'), ('కృ', '|'), ('తు', '|'), ('లు', '|'), ('నా', 'U'), ('వం', 'U'), ('టి', '|'), ('పా', 'U'), ('పి', 'U'), ('ష్ఠి', '|'), ('న', '|'), ('రు', '|'), ('ని', '|'), ('భూ', 'U'), ('లో', 'U'), ('కా', 'U'), ('న', '|'), ('బు', 'U'), ('ట్ట', '|'), ('జే', 'U'), ('సి', '|'), ('తి', '|'), ('వే', 'U'), ('ల', '|'), ('భో', 'U'), ('గి', '|'), ('శ', '|'), ('య', '|'), ('న', '|')]",0.8645833333333334,-1.0,1.0,0.96875,0.625,-1.0
teytageethi,"అబ్జదళనేత్ర! నాతండ్రివైన ఫలము - నేరములు గాచి రక్షింపు నీవె దిక్కు
భూషణవికాస! శ్రీధర్మపురనివాస! - దుష్టసంహార! నరసింహ దురితదూర!",vupajaathi,Narasimha,"[('అ', 'U'), ('బ్జ', '|'), ('ద', '|'), ('ళ', '|'), ('నే', 'U'), ('త్ర', '|'), ('నా', 'U'), ('తం', 'U'), ('డ్రి', '|'), ('వై', 'U'), ('న', '|'), ('ఫ', '|'), ('ల', '|'), ('ము', '|'), ('నే', 'U'), ('ర', '|'), ('ము', '|'), ('లు', '|'), ('గా', 'U'), ('చి', '|'), ('ర', 'U'), ('క్షిం', 'U'), ('పు', '|'), ('నీ', 'U'), ('వె', '|'), ('ది', 'U'), ('క్కు', '|'), ('భూ', 'U'), ('ష', '|'), ('ణ', '|'), ('వి', '|'), ('కా', 'U'), ('స', '|'), ('శ్రీ', 'U'), ('ధ', 'U'), ('ర్మ', '|'), ('పు', '|'), ('ర', '|'), ('ని', '|'), ('వా', 'U'), ('స', '|'), ('దు', 'U'), ('ష్ట', '|'), ('సం', 'U'), ('హా', 'U'), ('ర', '|'), ('న', '|'), ('ర', '|'), ('సిం', 'U'), ('హ', '|'), ('దు', '|'), ('రి', '|'), ('త', '|'), ('దూ', 'U'), ('ర', '|')]",0.9166666666666666,-1.0,1.0,1.0,0.75,-1.0
seesamu,"ధీరతఁ బరుల నిందింప నేర్చితి గాని - తిన్నఁగా నినుఁ బ్రస్తుతింపనైతిఁ
బొరుగు కామినులందు బుద్ధి నిల్పితిఁ గాని - నిన్ను సంతతము ధ్యానింపనైతిఁ
బెరికి ముచ్చటలైన మురిసి వింటిని గాని - యెంచి నీ కథ లాలకించనైతిఁ
గౌతుకంబునఁ బాతకము గడించితిఁ గాని - హెచ్చు పుణ్యము సంగ్రహింపనైతి",vupajaathi,Narasimha,"[('ధీ', 'U'), ('ర', '|'), ('త', '|'), ('బ', '|'), ('రు', '|'), ('ల', '|'), ('నిం', 'U'), ('దిం', 'U'), ('ప', '|'), ('నే', 'U'), ('ర్చి', '|'), ('తి', '|'), ('గా', 'U'), ('ని', '|'), ('తి', 'U'), ('న్న', '|'), ('గా', 'U'), ('ని', '|'), ('ను', '|'), ('బ్ర', 'U'), ('స్తు', '|'), ('తిం', 'U'), ('ప', '|'), ('నై', 'U'), ('తి', '|'), ('బొ', '|'), ('రు', '|'), ('గు', '|'), ('కా', 'U'), ('మి', '|'), ('ను', '|'), ('లం', 'U'), ('దు', '|'), ('బు', 'U'), ('ద్ధి', '|'), ('ని', 'U'), ('ల్పి', '|'), ('తి', '|'), ('గా', 'U'), ('ని', '|'), ('ని', 'U'), ('న్ను', '|'), ('సం', 'U'), ('త', '|'), ('త', '|'), ('ము', 'U'), ('ధ్యా', 'U'), ('నిం', 'U'), ('ప', '|'), ('నై', 'U'), ('తి', '|'), ('బె', '|'), ('రి', '|'), ('కి', '|'), ('ము', 'U'), ('చ్చ', '|'), ('ట', '|'), ('లై', 'U'), ('న', '|'), ('ము', '|'), ('రి', '|'), ('సి', '|'), ('విం', 'U'), ('టి', '|'), ('ని', '|'), ('గా', 'U'), ('ని', '|'), ('యెం', 'U'), ('చి', '|'), ('నీ', 'U'), ('క', '|'), ('థ', '|'), ('లా', 'U'), ('ల', '|'), ('కిం', 'U'), ('చ', '|'), ('నై', 'U'), ('తి', '|'), ('గౌ', 'U'), ('తు', '|'), ('కం', 'U'), ('బు', '|'), ('న', '|'), ('బా', 'U'), ('త', '|'), ('క', '|'), ('ము', '|'), ('గ', '|'), ('డిం', 'U'), ('చి', '|'), ('తి', '|'), ('గా', 'U'), ('ని', '|'), ('హె', 'U'), ('చ్చు', '|'), ('పు', 'U'), ('ణ్య', '|'), ('ము', '|'), ('సం', 'U'), ('గ్ర', '|'), ('హిం', 'U'), ('ప', '|'), ('నై', 'U'), ('తి', '|')]",0.9895833333333334,-1.0,1.0,0.96875,1.0,-1.0
teytageethi,"నవనిలో నేను జన్మించినందుకేమి - సార్థకము గానరాదాయె స్వల్పమైన
భూషణవికాస! శ్రీధర్మపురనివాస! - దుష్టసంహార! నరసింహ దురితదూర!",vupajaathi,Narasimha,"[('న', '|'), ('వ', '|'), ('ని', '|'), ('లో', 'U'), ('నే', 'U'), ('ను', '|'), ('జ', 'U'), ('న్మిం', 'U'), ('చి', '|'), ('నం', 'U'), ('దు', '|'), ('కే', 'U'), ('మి', '|'), ('సా', 'U'), ('ర్థ', '|'), ('క', '|'), ('ము', '|'), ('గా', 'U'), ('న', '|'), ('రా', 'U'), ('దా', 'U'), ('యె', 'U'), ('స్వ', 'U'), ('ల్ప', '|'), ('మై', 'U'), ('న', '|'), ('భూ', 'U'), ('ష', '|'), ('ణ', '|'), ('వి', '|'), ('కా', 'U'), ('స', '|'), ('శ్రీ', 'U'), ('ధ', 'U'), ('ర్మ', '|'), ('పు', '|'), ('ర', '|'), ('ని', '|'), ('వా', 'U'), ('స', '|'), ('దు', 'U'), ('ష్ట', '|'), ('సం', 'U'), ('హా', 'U'), ('ర', '|'), ('న', '|'), ('ర', '|'), ('సిం', 'U'), ('హ', '|'), ('దు', '|'), ('రి', '|'), ('త', '|'), ('దూ', 'U'), ('ర', '|')]",0.5833333333333334,-1.0,1.0,0.5,0.25,-1.0
seesamu,"అంత్యకాలమునందు నాయాసమున నిన్నుఁ - దలఁతునో తలఁపనో తలఁతు నిపుడె
నరసింహ! నరసింహ! నరసింహ! లక్ష్మీశ! - దానవాంతక! కోటిభానుతేజ!
గోవింద! గోవింద! గోవింద! సర్వేశ! - పన్నగాధిపశాయి! పద్మనాభ!
మధువైరి! మధువైరి! మధువైరి! లోకేశ! - నీలమేఘశరీర! నిగమవినుత!",vupajaathi,Narasimha,"[('అం', 'U'), ('త్య', '|'), ('కా', 'U'), ('ల', '|'), ('ము', '|'), ('నం', 'U'), ('దు', '|'), ('నా', 'U'), ('యా', 'U'), ('స', '|'), ('ము', '|'), ('న', '|'), ('ని', 'U'), ('న్ను', '|'), ('ద', '|'), ('ల', '|'), ('తు', '|'), ('నో', 'U'), ('త', '|'), ('ల', '|'), ('ప', '|'), ('నో', 'U'), ('త', '|'), ('ల', '|'), ('తు', '|'), ('ని', '|'), ('పు', '|'), ('డె', '|'), ('న', '|'), ('ర', '|'), ('సిం', 'U'), ('హ', '|'), ('న', '|'), ('ర', '|'), ('సిం', 'U'), ('హ', '|'), ('న', '|'), ('ర', '|'), ('సిం', 'U'), ('హ', '|'), ('ల', 'U'), ('క్ష్మీ', 'U'), ('శ', '|'), ('దా', 'U'), ('న', '|'), ('వాం', 'U'), ('త', '|'), ('క', '|'), ('కో', 'U'), ('టి', '|'), ('భా', 'U'), ('ను', '|'), ('తే', 'U'), ('జ', '|'), ('గో', 'U'), ('విం', 'U'), ('ద', '|'), ('గో', 'U'), ('విం', 'U'), ('ద', '|'), ('గో', 'U'), ('విం', 'U'), ('ద', '|'), ('స', 'U'), ('ర్వే', 'U'), ('శ', '|'), ('ప', 'U'), ('న్న', '|'), ('గా', 'U'), ('ధి', '|'), ('ప', '|'), ('శా', 'U'), ('యి', '|'), ('ప', 'U'), ('ద్మ', '|'), ('నా', 'U'), ('భ', '|'), ('మ', '|'), ('ధు', '|'), ('వై', 'U'), ('రి', '|'), ('మ', '|'), ('ధు', '|'), ('వై', 'U'), ('రి', '|'), ('మ', '|'), ('ధు', '|'), ('వై', 'U'), ('రి', '|'), ('లో', 'U'), ('కే', 'U'), ('శ', '|'), ('నీ', 'U'), ('ల', '|'), ('మే', 'U'), ('ఘ', '|'), ('శ', '|'), ('రీ', 'U'), ('ర', '|'), ('ని', '|'), ('గ', '|'), ('మ', '|'), ('వి', '|'), ('ను', '|'), ('త', '|')]",0.9583333333333334,-1.0,1.0,1.0,0.875,-1.0
teytageethi,"ఈ విధంబున నీనామమిష్టముగను - భజన సేయుచు నుందు నా భావమందు
భూషణవికాస! శ్రీధర్మపురనివాస! - దుష్టసంహార! నరసింహ దురితదూర!",vupajaathi,Narasimha,"[('ఈ', 'U'), ('వి', '|'), ('ధం', 'U'), ('బు', '|'), ('న', '|'), ('నీ', 'U'), ('నా', 'U'), ('మ', '|'), ('మి', 'U'), ('ష్ట', '|'), ('ము', '|'), ('గ', '|'), ('ను', '|'), ('భ', '|'), ('జ', '|'), ('న', '|'), ('సే', 'U'), ('యు', '|'), ('చు', '|'), ('నుం', 'U'), ('దు', '|'), ('నా', 'U'), ('భా', 'U'), ('వ', '|'), ('మం', 'U'), ('దు', '|'), ('భూ', 'U'), ('ష', '|'), ('ణ', '|'), ('వి', '|'), ('కా', 'U'), ('స', '|'), ('శ్రీ', 'U'), ('ధ', 'U'), ('ర్మ', '|'), ('పు', '|'), ('ర', '|'), ('ని', '|'), ('వా', 'U'), ('స', '|'), ('దు', 'U'), ('ష్ట', '|'), ('సం', 'U'), ('హా', 'U'), ('ర', '|'), ('న', '|'), ('ర', '|'), ('సిం', 'U'), ('హ', '|'), ('దు', '|'), ('రి', '|'), ('త', '|'), ('దూ', 'U'), ('ర', '|')]",0.9166666666666666,-1.0,1.0,1.0,0.75,-1.0
seesamu,"ఆయురారోగ్య పుత్రార్థ సంపదలన్ని - కలుగఁజేసెడి భారకర్త వీవె
చదువు లెస్సఁగనేర్పి సభలో గరిష్ఠాధి - కార మొందించెడి ఘనుఁడ వీవె
నడక మంచిది పెట్టి నరులు మెచ్చెడునట్టి - పేరు రప్పించెడి పెద్ద వీవె
బలువైన వైరాగ్యభక్తిజ్ఞానములిచ్చి - ముక్తిఁ బొందించెడు మూర్తి వీవె",vupajaathi,Narasimha,"[('ఆ', 'U'), ('యు', '|'), ('రా', 'U'), ('రో', 'U'), ('గ్య', '|'), ('పు', '|'), ('త్రా', 'U'), ('ర్థ', '|'), ('సం', 'U'), ('ప', '|'), ('ద', '|'), ('ల', 'U'), ('న్ని', '|'), ('క', '|'), ('లు', '|'), ('గ', '|'), ('జే', 'U'), ('సె', '|'), ('డి', '|'), ('భా', 'U'), ('ర', '|'), ('క', 'U'), ('ర్త', '|'), ('వీ', 'U'), ('వె', '|'), ('చ', '|'), ('దు', '|'), ('వు', '|'), ('లె', 'U'), ('స్స', '|'), ('గ', '|'), ('నే', 'U'), ('ర్పి', '|'), ('స', '|'), ('భ', '|'), ('లో', 'U'), ('గ', '|'), ('రి', 'U'), ('ష్ఠా', 'U'), ('ధి', '|'), ('కా', 'U'), ('ర', '|'), ('మొం', 'U'), ('దిం', 'U'), ('చె', '|'), ('డి', '|'), ('ఘ', '|'), ('ను', '|'), ('డ', '|'), ('వీ', 'U'), ('వె', '|'), ('న', '|'), ('డ', '|'), ('క', '|'), ('మం', 'U'), ('చి', '|'), ('ది', '|'), ('పె', 'U'), ('ట్టి', '|'), ('న', '|'), ('రు', '|'), ('లు', '|'), ('మె', 'U'), ('చ్చె', '|'), ('డు', '|'), ('న', 'U'), ('ట్టి', '|'), ('పే', 'U'), ('రు', '|'), ('ర', 'U'), ('ప్పిం', 'U'), ('చె', '|'), ('డి', '|'), ('పె', 'U'), ('ద్ద', '|'), ('వీ', 'U'), ('వె', '|'), ('బ', '|'), ('లు', '|'), ('వై', 'U'), ('న', '|'), ('వై', 'U'), ('రా', 'U'), ('గ్య', '|'), ('భ', 'U'), ('క్తి', 'U'), ('జ్ఞా', 'U'), ('న', '|'), ('ము', '|'), ('లి', 'U'), ('చ్చి', '|'), ('ము', 'U'), ('క్తి', '|'), ('బొం', 'U'), ('దిం', 'U'), ('చె', '|'), ('డు', '|'), ('మూ', 'U'), ('ర్తి', '|'), ('వీ', 'U'), ('వె', '|')]",0.8541666666666666,-1.0,1.0,0.8125,0.75,-1.0
teytageethi,"అవనిలో మానవుల కన్నియాసలిచ్చి - వ్యర్థులను జేసి తెలిపెడివాఁడ వీవె
భూషణవికాస! శ్రీధర్మపురనివాస! - దుష్టసంహార! నరసింహ దురితదూర!",vupajaathi,Narasimha,"[('అ', '|'), ('వ', '|'), ('ని', '|'), ('లో', 'U'), ('మా', 'U'), ('న', '|'), ('వు', '|'), ('ల', '|'), ('క', 'U'), ('న్ని', '|'), ('యా', 'U'), ('స', '|'), ('లి', 'U'), ('చ్చి', 'U'), ('వ్య', 'U'), ('ర్థు', '|'), ('ల', '|'), ('ను', '|'), ('జే', 'U'), ('సి', '|'), ('తె', '|'), ('లి', '|'), ('పె', '|'), ('డి', '|'), ('వా', 'U'), ('డ', '|'), ('వీ', 'U'), ('వె', '|'), ('భూ', 'U'), ('ష', '|'), ('ణ', '|'), ('వి', '|'), ('కా', 'U'), ('స', '|'), ('శ్రీ', 'U'), ('ధ', 'U'), ('ర్మ', '|'), ('పు', '|'), ('ర', '|'), ('ని', '|'), ('వా', 'U'), ('స', '|'), ('దు', 'U'), ('ష్ట', '|'), ('సం', 'U'), ('హా', 'U'), ('ర', '|'), ('న', '|'), ('ర', '|'), ('సిం', 'U'), ('హ', '|'), ('దు', '|'), ('రి', '|'), ('త', '|'), ('దూ', 'U'), ('ర', '|')]",0.5833333333333334,-1.0,1.0,0.5,0.25,-1.0
seesamu,"కాయ మెంత భయానఁ గాపాడిననుగాని - ధాత్రిలో నది చూడ దక్కఁబోదు
ఏవేళ నేరోగమేమరించునొ? సత్త్వ - మొందఁగఁ జేయునే చందమునను
ఔషధంబులు మంచివనుభవించినఁ గాని - కర్మక్షీణంబైనఁ గాని విడదు
కోటివైద్యులు గుంపుగూడివచ్చినఁ గాని - మరణ మయ్యెడు వ్యాధిమాన్పలేరు",vupajaathi,Narasimha,"[('కా', 'U'), ('య', '|'), ('మెం', 'U'), ('త', '|'), ('భ', '|'), ('యా', 'U'), ('న', '|'), ('గా', 'U'), ('పా', 'U'), ('డి', '|'), ('న', '|'), ('ను', '|'), ('గా', 'U'), ('ని', '|'), ('ధా', 'U'), ('త్రి', '|'), ('లో', 'U'), ('న', '|'), ('ది', '|'), ('చూ', 'U'), ('డ', '|'), ('ద', 'U'), ('క్క', '|'), ('బో', 'U'), ('దు', '|'), ('ఏ', 'U'), ('వే', 'U'), ('ళ', '|'), ('నే', 'U'), ('రో', 'U'), ('గ', '|'), ('మే', 'U'), ('మ', '|'), ('రిం', 'U'), ('చు', '|'), ('నొ', '|'), ('స', 'U'), ('త్త్వ', '|'), ('మొం', 'U'), ('ద', '|'), ('గ', '|'), ('జే', 'U'), ('యు', '|'), ('నే', 'U'), ('చం', 'U'), ('ద', '|'), ('ము', '|'), ('న', '|'), ('ను', '|'), ('ఔ', 'U'), ('ష', '|'), ('ధం', 'U'), ('బు', '|'), ('లు', '|'), ('మం', 'U'), ('చి', '|'), ('వ', '|'), ('ను', '|'), ('భ', '|'), ('విం', 'U'), ('చి', '|'), ('న', '|'), ('గా', 'U'), ('ని', '|'), ('క', 'U'), ('ర్మ', 'U'), ('క్షీ', 'U'), ('ణం', 'U'), ('బై', 'U'), ('న', '|'), ('గా', 'U'), ('ని', '|'), ('వి', '|'), ('డ', '|'), ('దు', '|'), ('కో', 'U'), ('టి', '|'), ('వై', 'U'), ('ద్యు', '|'), ('లు', '|'), ('గుం', 'U'), ('పు', '|'), ('గూ', 'U'), ('డి', '|'), ('వ', 'U'), ('చ్చి', '|'), ('న', '|'), ('గా', 'U'), ('ని', '|'), ('మ', '|'), ('ర', '|'), ('ణ', '|'), ('మ', 'U'), ('య్యె', '|'), ('డు', 'U'), ('వ్యా', 'U'), ('ధి', '|'), ('మా', 'U'), ('న్ప', '|'), ('లే', 'U'), ('రు', '|')]",0.7604166666666666,-1.0,1.0,0.90625,0.375,-1.0
teytageethi,"జీవుని ప్రయాణకాలంబు సిద్ధమైన - నిలుచునా దేహ మిందొక్క నిమిషమైన?
భూషణవికాస! శ్రీధర్మపురనివాస! - దుష్టసంహార! నరసింహ దురితదూర!",vupajaathi,Narasimha,"[('జీ', 'U'), ('వు', '|'), ('ని', '|'), ('ప్ర', '|'), ('యా', 'U'), ('ణ', '|'), ('కా', 'U'), ('లం', 'U'), ('బు', '|'), ('సి', 'U'), ('ద్ధ', '|'), ('మై', 'U'), ('న', '|'), ('ని', '|'), ('లు', '|'), ('చు', '|'), ('నా', 'U'), ('దే', 'U'), ('హ', '|'), ('మిం', 'U'), ('దొ', 'U'), ('క్క', '|'), ('ని', '|'), ('మి', '|'), ('ష', '|'), ('మై', 'U'), ('న', '|'), ('భూ', 'U'), ('ష', '|'), ('ణ', '|'), ('వి', '|'), ('కా', 'U'), ('స', '|'), ('శ్రీ', 'U'), ('ధ', 'U'), ('ర్మ', '|'), ('పు', '|'), ('ర', '|'), ('ని', '|'), ('వా', 'U'), ('స', '|'), ('దు', 'U'), ('ష్ట', '|'), ('సం', 'U'), ('హా', 'U'), ('ర', '|'), ('న', '|'), ('ర', '|'), ('సిం', 'U'), ('హ', '|'), ('దు', '|'), ('రి', '|'), ('త', '|'), ('దూ', 'U'), ('ర', '|')]",1.0,-1.0,1.0,1.0,1.0,-1.0
seesamu,"జందెమింపుగ వేసి సంధ్య వార్చిన నేమి - బ్రహ్మ మందక కాఁడు బ్రాహ్మణుండు
తిరుమణి శ్రీచూర్ణగురురేఖ లిడినను - విష్ణు నొందక కాఁడు వైష్ణవుండు
బూదిని నుదుటను బూసికొనిన నేమి - శంభు నొందక కాఁడు శైవజనుఁడు
కాషాయ వస్త్రాలుగట్టి కప్పిన నేమి - యాశ పోవక కాఁడు యతివరుండు",vupajaathi,Narasimha,"[('జం', 'U'), ('దె', '|'), ('మిం', 'U'), ('పు', '|'), ('గ', '|'), ('వే', 'U'), ('సి', '|'), ('సం', 'U'), ('ధ్య', '|'), ('వా', 'U'), ('ర్చి', '|'), ('న', '|'), ('నే', 'U'), ('మి', '|'), ('బ్ర', 'U'), ('హ్మ', '|'), ('మం', 'U'), ('ద', '|'), ('క', '|'), ('కా', 'U'), ('డు', '|'), ('బ్రా', 'U'), ('హ్మ', '|'), ('ణుం', 'U'), ('డు', '|'), ('తి', '|'), ('రు', '|'), ('మ', '|'), ('ణి', '|'), ('శ్రీ', 'U'), ('చూ', 'U'), ('ర్ణ', '|'), ('గు', '|'), ('రు', '|'), ('రే', 'U'), ('ఖ', '|'), ('లి', '|'), ('డి', '|'), ('న', '|'), ('ను', '|'), ('వి', 'U'), ('ష్ణు', '|'), ('నొం', 'U'), ('ద', '|'), ('క', '|'), ('కా', 'U'), ('డు', '|'), ('వై', 'U'), ('ష్ణ', '|'), ('వుం', 'U'), ('డు', '|'), ('బూ', 'U'), ('ది', '|'), ('ని', '|'), ('ను', '|'), ('దు', '|'), ('ట', '|'), ('ను', '|'), ('బూ', 'U'), ('సి', '|'), ('కొ', '|'), ('ని', '|'), ('న', '|'), ('నే', 'U'), ('మి', '|'), ('శం', 'U'), ('భు', '|'), ('నొం', 'U'), ('ద', '|'), ('క', '|'), ('కా', 'U'), ('డు', '|'), ('శై', 'U'), ('వ', '|'), ('జ', '|'), ('ను', '|'), ('డు', '|'), ('కా', 'U'), ('షా', 'U'), ('య', '|'), ('వ', 'U'), ('స్త్రా', 'U'), ('లు', '|'), ('గ', 'U'), ('ట్టి', '|'), ('క', 'U'), ('ప్పి', '|'), ('న', '|'), ('నే', 'U'), ('మి', '|'), ('యా', 'U'), ('శ', '|'), ('పో', 'U'), ('వ', '|'), ('క', '|'), ('కా', 'U'), ('డు', '|'), ('య', '|'), ('తి', '|'), ('వ', '|'), ('రుం', 'U'), ('డు', '|')]",0.9583333333333334,-1.0,1.0,1.0,0.875,-1.0
teytageethi,"ఎట్టి లౌకికవేషాలు గట్టుకొనిన - గురునిఁ జెందక సన్ముక్తి దొరకఁబోదు
భూషణవికాస! శ్రీధర్మపురనివాస! - దుష్టసంహార! నరసింహ దురితదూర!",vupajaathi,Narasimha,"[('ఎ', 'U'), ('ట్టి', '|'), ('లౌ', 'U'), ('కి', '|'), ('క', '|'), ('వే', 'U'), ('షా', 'U'), ('లు', '|'), ('గ', 'U'), ('ట్టు', '|'), ('కొ', '|'), ('ని', '|'), ('న', '|'), ('గు', '|'), ('రు', '|'), ('ని', '|'), ('జెం', 'U'), ('ద', '|'), ('క', '|'), ('స', 'U'), ('న్ము', 'U'), ('క్తి', '|'), ('దొ', '|'), ('ర', '|'), ('క', '|'), ('బో', 'U'), ('దు', '|'), ('భూ', 'U'), ('ష', '|'), ('ణ', '|'), ('వి', '|'), ('కా', 'U'), ('స', '|'), ('శ్రీ', 'U'), ('ధ', 'U'), ('ర్మ', '|'), ('పు', '|'), ('ర', '|'), ('ని', '|'), ('వా', 'U'), ('స', '|'), ('దు', 'U'), ('ష్ట', '|'), ('సం', 'U'), ('హా', 'U'), ('ర', '|'), ('న', '|'), ('ర', '|'), ('సిం', 'U'), ('హ', '|'), ('దు', '|'), ('రి', '|'), ('త', '|'), ('దూ', 'U'), ('ర', '|')]",1.0,-1.0,1.0,1.0,1.0,-1.0
seesamu,"నరసింహ! నే నిన్ను నమ్మినందుకుఁ జాల - నెనరు నాయందుంచు నెమ్మనమున
నన్ని వస్తువులు నిన్నడిగి వేసటపుట్టె - నింకనైనఁ గటాక్షమియ్యవయ్య
సంతసంబున నన్ను స్వర్గమందే యుంచు - భూమియందే యుంచు భోగిశయన!
నయముగా వైకుంఠనగరమందే యుంచు - నరకమందే యుంచు నళిననాభ!",vupajaathi,Narasimha,"[('న', '|'), ('ర', '|'), ('సిం', 'U'), ('హ', '|'), ('నే', 'U'), ('ని', 'U'), ('న్ను', '|'), ('న', 'U'), ('మ్మి', '|'), ('నం', 'U'), ('దు', '|'), ('కు', '|'), ('జా', 'U'), ('ల', '|'), ('నె', '|'), ('న', '|'), ('రు', '|'), ('నా', 'U'), ('యం', 'U'), ('దుం', 'U'), ('చు', '|'), ('నె', 'U'), ('మ్మ', '|'), ('న', '|'), ('ము', '|'), ('న', '|'), ('న', 'U'), ('న్ని', '|'), ('వ', 'U'), ('స్తు', '|'), ('వు', '|'), ('లు', '|'), ('ని', 'U'), ('న్న', '|'), ('డి', '|'), ('గి', '|'), ('వే', 'U'), ('స', '|'), ('ట', '|'), ('పు', 'U'), ('ట్టె', '|'), ('నిం', 'U'), ('క', '|'), ('నై', 'U'), ('న', '|'), ('గ', '|'), ('టా', 'U'), ('క్ష', '|'), ('మి', 'U'), ('య్య', '|'), ('వ', 'U'), ('య్య', '|'), ('సం', 'U'), ('త', '|'), ('సం', 'U'), ('బు', '|'), ('న', '|'), ('న', 'U'), ('న్ను', 'U'), ('స్వ', 'U'), ('ర్గ', '|'), ('మం', 'U'), ('దే', 'U'), ('యుం', 'U'), ('చు', '|'), ('భూ', 'U'), ('మి', '|'), ('యం', 'U'), ('దే', 'U'), ('యుం', 'U'), ('చు', '|'), ('భో', 'U'), ('గి', '|'), ('శ', '|'), ('య', '|'), ('న', '|'), ('న', '|'), ('య', '|'), ('ము', '|'), ('గా', 'U'), ('వై', 'U'), ('కుం', 'U'), ('ఠ', '|'), ('న', '|'), ('గ', '|'), ('ర', '|'), ('మం', 'U'), ('దే', 'U'), ('యుం', 'U'), ('చు', '|'), ('న', '|'), ('ర', '|'), ('క', '|'), ('మం', 'U'), ('దే', 'U'), ('యుం', 'U'), ('చు', '|'), ('న', '|'), ('ళి', '|'), ('న', '|'), ('నా', 'U'), ('భ', '|')]",0.9479166666666666,-1.0,1.0,0.96875,0.875,-1.0
teytageethi,"ఎచట నన్నుంచిననుగాని యెపుడు నిన్ను - మఱచి పోకుండ నీ నామస్మరణనొసఁగు
భూషణవికాస! శ్రీధర్మపురనివాస! - దుష్టసంహార! నరసింహ దురితదూర!",vupajaathi,Narasimha,"[('ఎ', '|'), ('చ', '|'), ('ట', '|'), ('న', 'U'), ('న్నుం', 'U'), ('చి', '|'), ('న', '|'), ('ను', '|'), ('గా', 'U'), ('ని', '|'), ('యె', '|'), ('పు', '|'), ('డు', '|'), ('ని', 'U'), ('న్ను', '|'), ('మ', '|'), ('ఱ', '|'), ('చి', '|'), ('పో', 'U'), ('కుం', 'U'), ('డ', '|'), ('నీ', 'U'), ('నా', 'U'), ('మ', 'U'), ('స్మ', '|'), ('ర', '|'), ('ణ', '|'), ('నొ', '|'), ('స', '|'), ('గు', '|'), ('భూ', 'U'), ('ష', '|'), ('ణ', '|'), ('వి', '|'), ('కా', 'U'), ('స', '|'), ('శ్రీ', 'U'), ('ధ', 'U'), ('ర్మ', '|'), ('పు', '|'), ('ర', '|'), ('ని', '|'), ('వా', 'U'), ('స', '|'), ('దు', 'U'), ('ష్ట', '|'), ('సం', 'U'), ('హా', 'U'), ('ర', '|'), ('న', '|'), ('ర', '|'), ('సిం', 'U'), ('హ', '|'), ('దు', '|'), ('రి', '|'), ('త', '|'), ('దూ', 'U'), ('ర', '|')]",0.5499999999999999,-1.0,1.0,0.65,0.0,-1.0
seesamu,"దేహ మున్నవఱకు మోహసాగరమందు - మునుఁగుచుందురు శుద్ధమూఢజనులు
సలలితైశ్వర్యముల్‌ శాశ్వతం బనుకొని - షడ్భ్రమలను మానఁజాల రెవరు
సర్వకాలము మాయసంసార బద్ధులై - గురుని కారుణ్యంబుఁ గోరుకొనరు
జ్ఞాన భక్తి విరక్తులైన పెద్దలఁ జూచి - నిందఁ జేయక తాము నిలువలేరు",vupajaathi,Narasimha,"[('దే', 'U'), ('హ', '|'), ('ము', 'U'), ('న్న', '|'), ('వ', '|'), ('ఱ', '|'), ('కు', '|'), ('మో', 'U'), ('హ', '|'), ('సా', 'U'), ('గ', '|'), ('ర', '|'), ('మం', 'U'), ('దు', '|'), ('ము', '|'), ('ను', '|'), ('గు', '|'), ('చుం', 'U'), ('దు', '|'), ('రు', '|'), ('శు', 'U'), ('ద్ధ', '|'), ('మూ', 'U'), ('ఢ', '|'), ('జ', '|'), ('ను', '|'), ('లు', '|'), ('స', '|'), ('ల', '|'), ('లి', '|'), ('తై', 'U'), ('శ్వ', 'U'), ('ర్య', '|'), ('ము', 'U'), ('ల్శా', 'U'), ('శ్వ', '|'), ('తం', 'U'), ('బ', '|'), ('ను', '|'), ('కొ', '|'), ('ని', '|'), ('ష', 'U'), ('డ్భ్ర', '|'), ('మ', '|'), ('ల', '|'), ('ను', '|'), ('మా', 'U'), ('న', '|'), ('జా', 'U'), ('ల', '|'), ('రె', '|'), ('వ', '|'), ('రు', '|'), ('స', 'U'), ('ర్వ', '|'), ('కా', 'U'), ('ల', '|'), ('ము', '|'), ('మా', 'U'), ('య', '|'), ('సం', 'U'), ('సా', 'U'), ('ర', '|'), ('బ', 'U'), ('ద్ధు', '|'), ('లై', 'U'), ('గు', '|'), ('రు', '|'), ('ని', '|'), ('కా', 'U'), ('రు', 'U'), ('ణ్యం', 'U'), ('బు', '|'), ('గో', 'U'), ('రు', '|'), ('కొ', '|'), ('న', '|'), ('రు', 'U'), ('జ్ఞా', 'U'), ('న', '|'), ('భ', 'U'), ('క్తి', '|'), ('వి', '|'), ('ర', 'U'), ('క్తు', '|'), ('లై', 'U'), ('న', '|'), ('పె', 'U'), ('ద్ద', '|'), ('ల', '|'), ('జూ', 'U'), ('చి', '|'), ('నిం', 'U'), ('ద', '|'), ('జే', 'U'), ('య', '|'), ('క', '|'), ('తా', 'U'), ('ము', '|'), ('ని', '|'), ('లు', '|'), ('వ', '|'), ('లే', 'U'), ('రు', '|')]",0.9895833333333334,-1.0,1.0,0.96875,1.0,-1.0
teytageethi,"మత్తులైనట్టి దుర్జాతిమనుజులెల్ల - నిన్నుఁ గనలేరు మొదటికే నీరజాక్ష!
భూషణవికాస! శ్రీధర్మపురనివాస! - దుష్టసంహార! నరసింహ దురితదూర!",vupajaathi,Narasimha,"[('మ', 'U'), ('త్తు', '|'), ('లై', 'U'), ('న', 'U'), ('ట్టి', '|'), ('దు', 'U'), ('ర్జా', 'U'), ('తి', '|'), ('మ', '|'), ('ను', '|'), ('జు', '|'), ('లె', 'U'), ('ల్ల', '|'), ('ని', 'U'), ('న్ను', '|'), ('గ', '|'), ('న', '|'), ('లే', 'U'), ('రు', '|'), ('మొ', '|'), ('ద', '|'), ('టి', '|'), ('కే', 'U'), ('నీ', 'U'), ('ర', '|'), ('జా', 'U'), ('క్ష', '|'), ('భూ', 'U'), ('ష', '|'), ('ణ', '|'), ('వి', '|'), ('కా', 'U'), ('స', '|'), ('శ్రీ', 'U'), ('ధ', 'U'), ('ర్మ', '|'), ('పు', '|'), ('ర', '|'), ('ని', '|'), ('వా', 'U'), ('స', '|'), ('దు', 'U'), ('ష్ట', '|'), ('సం', 'U'), ('హా', 'U'), ('ర', '|'), ('న', '|'), ('ర', '|'), ('సిం', 'U'), ('హ', '|'), ('దు', '|'), ('రి', '|'), ('త', '|'), ('దూ', 'U'), ('ర', '|')]",1.0,-1.0,1.0,1.0,1.0,-1.0
seesamu,"ఇలలోన నే జన్మమెత్తినప్పటినుండి - బహు గడించితినయ్య పాతకములు
తెలిసి చేసితిఁ గొన్ని తెలియఁజాలక చేసి - బాధ నొందితినయ్య పద్మనాభ!
అనుభవించెడు నప్పుడతి ప్రయాసంబంచుఁ - బ్రజలు చెప్పఁగఁ జాల భయము గలిగె
నెగిరి పోవుటకునై యే యుపాయంబైనఁ - జేసి చూతమఁటన్నఁ జేతఁగాదు",vupajaathi,Narasimha,"[('ఇ', '|'), ('ల', '|'), ('లో', 'U'), ('న', '|'), ('నే', 'U'), ('జ', 'U'), ('న్మ', '|'), ('మె', 'U'), ('త్తి', '|'), ('న', 'U'), ('ప్ప', '|'), ('టి', '|'), ('నుం', 'U'), ('డి', '|'), ('బ', '|'), ('హు', '|'), ('గ', '|'), ('డిం', 'U'), ('చి', '|'), ('తి', '|'), ('న', 'U'), ('య్య', '|'), ('పా', 'U'), ('త', '|'), ('క', '|'), ('ము', '|'), ('లు', '|'), ('తె', '|'), ('లి', '|'), ('సి', '|'), ('చే', 'U'), ('సి', '|'), ('తి', '|'), ('గొ', 'U'), ('న్ని', '|'), ('తె', '|'), ('లి', '|'), ('య', '|'), ('జా', 'U'), ('ల', '|'), ('క', '|'), ('చే', 'U'), ('సి', '|'), ('బా', 'U'), ('ధ', '|'), ('నొం', 'U'), ('ది', '|'), ('తి', '|'), ('న', 'U'), ('య్య', '|'), ('ప', 'U'), ('ద్మ', '|'), ('నా', 'U'), ('భ', '|'), ('అ', '|'), ('ను', '|'), ('భ', '|'), ('విం', 'U'), ('చె', '|'), ('డు', '|'), ('న', 'U'), ('ప్పు', '|'), ('డ', '|'), ('తి', '|'), ('ప్ర', '|'), ('యా', 'U'), ('సం', 'U'), ('బం', 'U'), ('చు', '|'), ('బ్ర', '|'), ('జ', '|'), ('లు', '|'), ('చె', 'U'), ('ప్ప', '|'), ('గ', '|'), ('జా', 'U'), ('ల', '|'), ('భ', '|'), ('య', '|'), ('ము', '|'), ('గ', '|'), ('లి', '|'), ('గె', '|'), ('నె', '|'), ('గి', '|'), ('రి', '|'), ('పో', 'U'), ('వు', '|'), ('ట', '|'), ('కు', '|'), ('నై', 'U'), ('యే', 'U'), ('యు', '|'), ('పా', 'U'), ('యం', 'U'), ('బై', 'U'), ('న', '|'), ('జే', 'U'), ('సి', '|'), ('చూ', 'U'), ('త', '|'), ('మ', '|'), ('ట', 'U'), ('న్న', '|'), ('జే', 'U'), ('త', '|'), ('గా', 'U'), ('దు', '|')]",0.875,-1.0,1.0,1.0,0.625,-1.0
teytageethi,"సూర్యశశినేత్ర! నీ చాటుఁజొచ్చి నాను - కలుషములు ద్రుంచి నన్నేలు కష్టమనక
భూషణవికాస! శ్రీధర్మపురనివాస! - దుష్టసంహార! నరసింహ దురితదూర!",vupajaathi,Narasimha,"[('సూ', 'U'), ('ర్య', '|'), ('శ', '|'), ('శి', '|'), ('నే', 'U'), ('త్ర', '|'), ('నీ', 'U'), ('చా', 'U'), ('టు', '|'), ('జొ', 'U'), ('చ్చి', '|'), ('నా', 'U'), ('ను', '|'), ('క', '|'), ('లు', '|'), ('ష', '|'), ('ము', '|'), ('లు', '|'), ('ద్రుం', 'U'), ('చి', '|'), ('న', 'U'), ('న్నే', 'U'), ('లు', '|'), ('క', 'U'), ('ష్ట', '|'), ('మ', '|'), ('న', '|'), ('క', '|'), ('భూ', 'U'), ('ష', '|'), ('ణ', '|'), ('వి', '|'), ('కా', 'U'), ('స', '|'), ('శ్రీ', 'U'), ('ధ', 'U'), ('ర్మ', '|'), ('పు', '|'), ('ర', '|'), ('ని', '|'), ('వా', 'U'), ('స', '|'), ('దు', 'U'), ('ష్ట', '|'), ('సం', 'U'), ('హా', 'U'), ('ర', '|'), ('న', '|'), ('ర', '|'), ('సిం', 'U'), ('హ', '|'), ('దు', '|'), ('రి', '|'), ('త', '|'), ('దూ', 'U'), ('ర', '|')]",1.0,-1.0,1.0,1.0,1.0,-1.0
seesamu,"తాపసార్చిత! నేను పాపకర్ముఁడనంచు - నాకు వంకలఁ బెట్టఁబోకు సుమ్మి
నాఁటికి శిక్షలు నన్ను చేయుటకంటె - నేఁడు సేయుము నీవు నేస్తమనక
అతిభయంకరులైన యమదూతలకు నన్ను - నొప్పగింపకు మయ్య యురగశయన!
నీ దాసులను బట్టి నీవు దండింపంగ - వద్దు వద్దనరెంత పెద్దలైనఁ",vupajaathi,Narasimha,"[('తా', 'U'), ('ప', '|'), ('సా', 'U'), ('ర్చి', '|'), ('త', '|'), ('నే', 'U'), ('ను', '|'), ('పా', 'U'), ('ప', '|'), ('క', 'U'), ('ర్ము', '|'), ('డ', '|'), ('నం', 'U'), ('చు', '|'), ('నా', 'U'), ('కు', '|'), ('వం', 'U'), ('క', '|'), ('ల', '|'), ('బె', 'U'), ('ట్ట', '|'), ('బో', 'U'), ('కు', '|'), ('సు', 'U'), ('మ్మి', '|'), ('నా', 'U'), ('టి', '|'), ('కి', '|'), ('శి', 'U'), ('క్ష', '|'), ('లు', '|'), ('న', 'U'), ('న్ను', '|'), ('చే', 'U'), ('యు', '|'), ('ట', '|'), ('కం', 'U'), ('టె', '|'), ('నే', 'U'), ('డు', '|'), ('సే', 'U'), ('యు', '|'), ('ము', '|'), ('నీ', 'U'), ('వు', '|'), ('నే', 'U'), ('స్త', '|'), ('మ', '|'), ('న', '|'), ('క', '|'), ('అ', '|'), ('తి', '|'), ('భ', '|'), ('యం', 'U'), ('క', '|'), ('రు', '|'), ('లై', 'U'), ('న', '|'), ('య', '|'), ('మ', '|'), ('దూ', 'U'), ('త', '|'), ('ల', '|'), ('కు', '|'), ('న', 'U'), ('న్ను', '|'), ('నొ', 'U'), ('ప్ప', '|'), ('గిం', 'U'), ('ప', '|'), ('కు', '|'), ('మ', 'U'), ('య్య', '|'), ('యు', '|'), ('ర', '|'), ('గ', '|'), ('శ', '|'), ('య', '|'), ('న', '|'), ('నీ', 'U'), ('దా', 'U'), ('సు', '|'), ('ల', '|'), ('ను', '|'), ('బ', 'U'), ('ట్టి', '|'), ('నీ', 'U'), ('వు', '|'), ('దం', 'U'), ('డిం', 'U'), ('పం', 'U'), ('గ', '|'), ('వ', 'U'), ('ద్దు', '|'), ('వ', 'U'), ('ద్ద', '|'), ('న', '|'), ('రెం', 'U'), ('త', '|'), ('పె', 'U'), ('ద్ద', '|'), ('లై', 'U'), ('న', '|')]",0.9583333333333334,-1.0,1.0,1.0,0.875,-1.0
teytageethi,"దండ్రివై నీవు పరపీడ దగులఁజేయ - వాసిగల పేరు కపకీర్తి వచ్చునయ్య
భూషణవికాస! శ్రీధర్మపురనివాస! - దుష్టసంహార! నరసింహ దురితదూర!",vupajaathi,Narasimha,"[('దం', 'U'), ('డ్రి', '|'), ('వై', 'U'), ('నీ', 'U'), ('వు', '|'), ('ప', '|'), ('ర', '|'), ('పీ', 'U'), ('డ', '|'), ('ద', '|'), ('గు', '|'), ('ల', '|'), ('జే', 'U'), ('య', '|'), ('వా', 'U'), ('సి', '|'), ('గ', '|'), ('ల', '|'), ('పే', 'U'), ('రు', '|'), ('క', '|'), ('ప', '|'), ('కీ', 'U'), ('ర్తి', '|'), ('వ', 'U'), ('చ్చు', '|'), ('న', 'U'), ('య్య', '|'), ('భూ', 'U'), ('ష', '|'), ('ణ', '|'), ('వి', '|'), ('కా', 'U'), ('స', '|'), ('శ్రీ', 'U'), ('ధ', 'U'), ('ర్మ', '|'), ('పు', '|'), ('ర', '|'), ('ని', '|'), ('వా', 'U'), ('స', '|'), ('దు', 'U'), ('ష్ట', '|'), ('సం', 'U'), ('హా', 'U'), ('ర', '|'), ('న', '|'), ('ర', '|'), ('సిం', 'U'), ('హ', '|'), ('దు', '|'), ('రి', '|'), ('త', '|'), ('దూ', 'U'), ('ర', '|')]",1.0,-1.0,1.0,1.0,1.0,-1.0
seesamu,"ధరణిలోపల నేను తల్లి గర్భమునందుఁ - బుట్టినప్పటినుండి పుణ్య మెఱుఁగ
నేకాదశీ వ్రతంబెన్నఁ డుండఁగ లేదు - తీర్థయాత్రలకైనఁ దిరుగలేదు
పారమార్థికమైన పనులు చేయఁగలేదు - భిక్ష మొక్కనికైనఁ బెట్టలేదు
జ్ఞానవంతులకైనఁ బూని మ్రొక్కఁగ లేదు - ఇతర దానములైన నియ్యలేదు",vupajaathi,Narasimha,"[('ధ', '|'), ('ర', '|'), ('ణి', '|'), ('లో', 'U'), ('ప', '|'), ('ల', '|'), ('నే', 'U'), ('ను', '|'), ('త', 'U'), ('ల్లి', '|'), ('గ', 'U'), ('ర్భ', '|'), ('ము', '|'), ('నం', 'U'), ('దు', '|'), ('బు', 'U'), ('ట్టి', '|'), ('న', 'U'), ('ప్ప', '|'), ('టి', '|'), ('నుం', 'U'), ('డి', '|'), ('పు', 'U'), ('ణ్య', '|'), ('మె', '|'), ('ఱు', '|'), ('గ', '|'), ('నే', 'U'), ('కా', 'U'), ('ద', '|'), ('శీ', 'U'), ('వ్ర', '|'), ('తం', 'U'), ('బె', 'U'), ('న్న', '|'), ('డుం', 'U'), ('డ', '|'), ('గ', '|'), ('లే', 'U'), ('దు', '|'), ('తీ', 'U'), ('ర్థ', '|'), ('యా', 'U'), ('త్ర', '|'), ('ల', '|'), ('కై', 'U'), ('న', '|'), ('ది', '|'), ('రు', '|'), ('గ', '|'), ('లే', 'U'), ('దు', '|'), ('పా', 'U'), ('ర', '|'), ('మా', 'U'), ('ర్థి', '|'), ('క', '|'), ('మై', 'U'), ('న', '|'), ('ప', '|'), ('ను', '|'), ('లు', '|'), ('చే', 'U'), ('య', '|'), ('గ', '|'), ('లే', 'U'), ('దు', '|'), ('భి', 'U'), ('క్ష', '|'), ('మొ', 'U'), ('క్క', '|'), ('ని', '|'), ('కై', 'U'), ('న', '|'), ('బె', 'U'), ('ట్ట', '|'), ('లే', 'U'), ('దు', 'U'), ('జ్ఞా', 'U'), ('న', '|'), ('వం', 'U'), ('తు', '|'), ('ల', '|'), ('కై', 'U'), ('న', '|'), ('బూ', 'U'), ('ని', '|'), ('మ్రొ', 'U'), ('క్క', '|'), ('గ', '|'), ('లే', 'U'), ('దు', '|'), ('ఇ', '|'), ('త', '|'), ('ర', '|'), ('దా', 'U'), ('న', '|'), ('ము', '|'), ('లై', 'U'), ('న', '|'), ('ని', 'U'), ('య్య', '|'), ('లే', 'U'), ('దు', '|')]",0.8125,-1.0,1.0,0.8125,0.625,-1.0
teytageethi,"నళినదళనేత్ర! నిన్ను నే నమ్మినాను - జేరి రక్షింపవే నన్ను శీఘ్రముగను
భూషణవికాస! శ్రీధర్మపురనివాస! - దుష్టసంహార! నరసింహ దురితదూర!",vupajaathi,Narasimha,"[('న', '|'), ('ళి', '|'), ('న', '|'), ('ద', '|'), ('ళ', '|'), ('నే', 'U'), ('త్ర', '|'), ('ని', 'U'), ('న్ను', '|'), ('నే', 'U'), ('న', 'U'), ('మ్మి', '|'), ('నా', 'U'), ('ను', '|'), ('జే', 'U'), ('రి', '|'), ('ర', 'U'), ('క్షిం', 'U'), ('ప', '|'), ('వే', 'U'), ('న', 'U'), ('న్ను', '|'), ('శీ', 'U'), ('ఘ్ర', '|'), ('ము', '|'), ('గ', '|'), ('ను', '|'), ('భూ', 'U'), ('ష', '|'), ('ణ', '|'), ('వి', '|'), ('కా', 'U'), ('స', '|'), ('శ్రీ', 'U'), ('ధ', 'U'), ('ర్మ', '|'), ('పు', '|'), ('ర', '|'), ('ని', '|'), ('వా', 'U'), ('స', '|'), ('దు', 'U'), ('ష్ట', '|'), ('సం', 'U'), ('హా', 'U'), ('ర', '|'), ('న', '|'), ('ర', '|'), ('సిం', 'U'), ('హ', '|'), ('దు', '|'), ('రి', '|'), ('త', '|'), ('దూ', 'U'), ('ర', '|')]",1.0,-1.0,1.0,1.0,1.0,-1.0
seesamu,"అడవిపక్షుల కెవ్వఁడాహార మిచ్చెను - మృగజాతి కెవ్వఁడు మేఁతఁబెట్టె
వనచరాదులకు భోజన మెవ్వఁ డిప్పించెఁ - జెట్లకెవ్వఁడు నీళ్లు చేదిపోసె
స్త్రీల గర్భంబున శిశువు నెవ్వఁడు పెంచె - ఫణుల కెవ్వఁడు పోసెఁ బరగఁ బాలు
మధుపాళి కెవ్వఁడు మకరంద మొనరించె - బసుల కెవ్వఁ డొసంగెఁ బచ్చిపూరి",vupajaathi,Narasimha,"[('అ', '|'), ('డ', '|'), ('వి', '|'), ('ప', 'U'), ('క్షు', '|'), ('ల', '|'), ('కె', 'U'), ('వ్వ', '|'), ('డా', 'U'), ('హా', 'U'), ('ర', '|'), ('మి', 'U'), ('చ్చె', '|'), ('ను', '|'), ('మృ', '|'), ('గ', '|'), ('జా', 'U'), ('తి', '|'), ('కె', 'U'), ('వ్వ', '|'), ('డు', '|'), ('మే', 'U'), ('త', '|'), ('బె', 'U'), ('ట్టె', '|'), ('వ', '|'), ('న', '|'), ('చ', '|'), ('రా', 'U'), ('దు', '|'), ('ల', '|'), ('కు', '|'), ('భో', 'U'), ('జ', '|'), ('న', '|'), ('మె', 'U'), ('వ్వ', '|'), ('డి', 'U'), ('ప్పిం', 'U'), ('చె', '|'), ('జె', 'U'), ('ట్ల', '|'), ('కె', 'U'), ('వ్వ', '|'), ('డు', '|'), ('నీ', 'U'), ('ళ్లు', '|'), ('చే', 'U'), ('ది', '|'), ('పో', 'U'), ('సె', 'U'), ('స్త్రీ', 'U'), ('ల', '|'), ('గ', 'U'), ('ర్భం', 'U'), ('బు', '|'), ('న', '|'), ('శి', '|'), ('శు', '|'), ('వు', '|'), ('నె', 'U'), ('వ్వ', '|'), ('డు', '|'), ('పెం', 'U'), ('చె', '|'), ('ఫ', '|'), ('ణు', '|'), ('ల', '|'), ('కె', 'U'), ('వ్వ', '|'), ('డు', '|'), ('పో', 'U'), ('సె', '|'), ('బ', '|'), ('ర', '|'), ('గ', '|'), ('బా', 'U'), ('లు', '|'), ('మ', '|'), ('ధు', '|'), ('పా', 'U'), ('ళి', '|'), ('కె', 'U'), ('వ్వ', '|'), ('డు', '|'), ('మ', '|'), ('క', '|'), ('రం', 'U'), ('ద', '|'), ('మొ', '|'), ('న', '|'), ('రిం', 'U'), ('చె', '|'), ('బ', '|'), ('సు', '|'), ('ల', '|'), ('కె', 'U'), ('వ్వ', '|'), ('డొ', '|'), ('సం', 'U'), ('గె', '|'), ('బ', 'U'), ('చ్చి', '|'), ('పూ', 'U'), ('రి', '|')]",0.7083333333333334,-1.0,1.0,0.75,0.375,-1.0
teytageethi,"జీవకోట్లను బోషింప నీవెకాని - వేఱె యొక దాత లేఁడయ్య వెదకిచూడ
భూషణవికాస! శ్రీధర్మపురనివాస! - దుష్టసంహార! నరసింహ దురితదూర!",vupajaathi,Narasimha,"[('జీ', 'U'), ('వ', '|'), ('కో', 'U'), ('ట్ల', '|'), ('ను', '|'), ('బో', 'U'), ('షిం', 'U'), ('ప', '|'), ('నీ', 'U'), ('వె', '|'), ('కా', 'U'), ('ని', '|'), ('వే', 'U'), ('ఱె', '|'), ('యొ', '|'), ('క', '|'), ('దా', 'U'), ('త', '|'), ('లే', 'U'), ('డ', 'U'), ('య్య', '|'), ('వె', '|'), ('ద', '|'), ('కి', '|'), ('చూ', 'U'), ('డ', '|'), ('భూ', 'U'), ('ష', '|'), ('ణ', '|'), ('వి', '|'), ('కా', 'U'), ('స', '|'), ('శ్రీ', 'U'), ('ధ', 'U'), ('ర్మ', '|'), ('పు', '|'), ('ర', '|'), ('ని', '|'), ('వా', 'U'), ('స', '|'), ('దు', 'U'), ('ష్ట', '|'), ('సం', 'U'), ('హా', 'U'), ('ర', '|'), ('న', '|'), ('ర', '|'), ('సిం', 'U'), ('హ', '|'), ('దు', '|'), ('రి', '|'), ('త', '|'), ('దూ', 'U'), ('ర', '|')]",1.0,-1.0,1.0,1.0,1.0,-1.0
seesamu,"దనుజారి! నావంటి దాసజాలము నీకు - కోటి సంఖ్య గలరు కొదువ లేదు
బంట్లసందడివల్ల బహుపరాకై నన్ను - మఱచి పోకుము భాగ్యమహిమచేత
దండిగా భృత్యులు దగిలి నీకుండంగ - బక్క బంటే పాటి పనికి వచ్చు?
నీవు మెచ్చెడి పనుల్‌ నేను జేయఁగలేక - యింత వృథా జన్మమెత్తినాను",vupajaathi,Narasimha,"[('ద', '|'), ('ను', '|'), ('జా', 'U'), ('రి', '|'), ('నా', 'U'), ('వం', 'U'), ('టి', '|'), ('దా', 'U'), ('స', '|'), ('జా', 'U'), ('ల', '|'), ('ము', '|'), ('నీ', 'U'), ('కు', '|'), ('కో', 'U'), ('టి', '|'), ('సం', 'U'), ('ఖ్య', '|'), ('గ', '|'), ('ల', '|'), ('రు', '|'), ('కొ', '|'), ('దు', '|'), ('వ', '|'), ('లే', 'U'), ('దు', '|'), ('బం', 'U'), ('ట్ల', '|'), ('సం', 'U'), ('ద', '|'), ('డి', '|'), ('వ', 'U'), ('ల్ల', '|'), ('బ', '|'), ('హు', '|'), ('ప', '|'), ('రా', 'U'), ('కై', 'U'), ('న', 'U'), ('న్ను', '|'), ('మ', '|'), ('ఱ', '|'), ('చి', '|'), ('పో', 'U'), ('కు', '|'), ('ము', '|'), ('భా', 'U'), ('గ్య', '|'), ('మ', '|'), ('హి', '|'), ('మ', '|'), ('చే', 'U'), ('త', '|'), ('దం', 'U'), ('డి', '|'), ('గా', 'U'), ('భృ', 'U'), ('త్యు', '|'), ('లు', '|'), ('ద', '|'), ('గి', '|'), ('లి', '|'), ('నీ', 'U'), ('కుం', 'U'), ('డం', 'U'), ('గ', '|'), ('బ', 'U'), ('క్క', '|'), ('బం', 'U'), ('టే', 'U'), ('పా', 'U'), ('టి', '|'), ('ప', '|'), ('ని', '|'), ('కి', '|'), ('వ', 'U'), ('చ్చు', '|'), ('నీ', 'U'), ('వు', '|'), ('మె', 'U'), ('చ్చె', '|'), ('డి', '|'), ('ప', '|'), ('ను', 'U'), ('ల్నే', 'U'), ('ను', '|'), ('జే', 'U'), ('య', '|'), ('గ', '|'), ('లే', 'U'), ('క', '|'), ('యిం', 'U'), ('త', '|'), ('వృ', '|'), ('థా', 'U'), ('జ', 'U'), ('న్మ', '|'), ('మె', 'U'), ('త్తి', '|'), ('నా', 'U'), ('ను', '|')]",0.9583333333333334,-1.0,1.0,1.0,0.875,-1.0
teytageethi,"భూజనులలోన నే నప్రయోజకుఁడను - గనుక నీ సత్కటాక్షంబు గలుగఁజేయు
భూషణవికాస! శ్రీధర్మపురనివాస! - దుష్టసంహార! నరసింహ దురితదూర!",vupajaathi,Narasimha,"[('భూ', 'U'), ('జ', '|'), ('ను', '|'), ('ల', '|'), ('లో', 'U'), ('న', '|'), ('నే', 'U'), ('న', '|'), ('ప్ర', '|'), ('యో', 'U'), ('జ', '|'), ('కు', '|'), ('డ', '|'), ('ను', '|'), ('గ', '|'), ('ను', '|'), ('క', '|'), ('నీ', 'U'), ('స', 'U'), ('త్క', '|'), ('టా', 'U'), ('క్షం', 'U'), ('బు', '|'), ('గ', '|'), ('లు', '|'), ('గ', '|'), ('జే', 'U'), ('యు', '|'), ('భూ', 'U'), ('ష', '|'), ('ణ', '|'), ('వి', '|'), ('కా', 'U'), ('స', '|'), ('శ్రీ', 'U'), ('ధ', 'U'), ('ర్మ', '|'), ('పు', '|'), ('ర', '|'), ('ని', '|'), ('వా', 'U'), ('స', '|'), ('దు', 'U'), ('ష్ట', '|'), ('సం', 'U'), ('హా', 'U'), ('ర', '|'), ('న', '|'), ('ర', '|'), ('సిం', 'U'), ('హ', '|'), ('దు', '|'), ('రి', '|'), ('త', '|'), ('దూ', 'U'), ('ర', '|')]",1.0,-1.0,1.0,1.0,1.0,-1.0
seesamu,"కమలలోచన! నన్నుఁ గన్నతండ్రివి గాన - నిన్ను నేమఱకుంటి నేను విడక
యుదరపోషణకునై యొకరి నే నాశింప - నేర నా కన్నంబు నీవు నడుపు
పెట్టలేనంటివా పిన్న పెద్దలలోనఁ - దగవు కిప్పుడు దీయఁ దలఁచినాను
ధనము భారంబైనఁ దల కిరీటము నమ్ము - కుండలంబులు పైఁడిగొలుసు లమ్ము",vupajaathi,Narasimha,"[('క', '|'), ('మ', '|'), ('ల', '|'), ('లో', 'U'), ('చ', '|'), ('న', '|'), ('న', 'U'), ('న్ను', '|'), ('గ', 'U'), ('న్న', '|'), ('తం', 'U'), ('డ్రి', '|'), ('వి', '|'), ('గా', 'U'), ('న', '|'), ('ని', 'U'), ('న్ను', '|'), ('నే', 'U'), ('మ', '|'), ('ఱ', '|'), ('కుం', 'U'), ('టి', '|'), ('నే', 'U'), ('ను', '|'), ('వి', '|'), ('డ', '|'), ('క', '|'), ('యు', '|'), ('ద', '|'), ('ర', '|'), ('పో', 'U'), ('ష', '|'), ('ణ', '|'), ('కు', '|'), ('నై', 'U'), ('యొ', '|'), ('క', '|'), ('రి', '|'), ('నే', 'U'), ('నా', 'U'), ('శిం', 'U'), ('ప', '|'), ('నే', 'U'), ('ర', '|'), ('నా', 'U'), ('క', 'U'), ('న్నం', 'U'), ('బు', '|'), ('నీ', 'U'), ('వు', '|'), ('న', '|'), ('డు', '|'), ('పు', '|'), ('పె', 'U'), ('ట్ట', '|'), ('లే', 'U'), ('నం', 'U'), ('టి', '|'), ('వా', 'U'), ('పి', 'U'), ('న్న', '|'), ('పె', 'U'), ('ద్ద', '|'), ('ల', '|'), ('లో', 'U'), ('న', '|'), ('ద', '|'), ('గ', '|'), ('వు', '|'), ('కి', 'U'), ('ప్పు', '|'), ('డు', '|'), ('దీ', 'U'), ('య', '|'), ('ద', '|'), ('ల', '|'), ('చి', '|'), ('నా', 'U'), ('ను', '|'), ('ధ', '|'), ('న', '|'), ('ము', '|'), ('భా', 'U'), ('రం', 'U'), ('బై', 'U'), ('న', '|'), ('ద', '|'), ('ల', '|'), ('కి', '|'), ('రీ', 'U'), ('ట', '|'), ('ము', '|'), ('న', 'U'), ('మ్ము', '|'), ('కుం', 'U'), ('డ', '|'), ('లం', 'U'), ('బు', '|'), ('లు', '|'), ('పై', 'U'), ('డి', '|'), ('గొ', '|'), ('లు', '|'), ('సు', '|'), ('ల', 'U'), ('మ్ము', '|')]",1.0,-1.0,1.0,1.0,1.0,-1.0
teytageethi,"కొసకు నీ శంఖచక్రముల్‌ కుదువఁబెట్టి - గ్రాసము నొసంగి పోషించు కపటముడిగి
భూషణవికాస! శ్రీధర్మపురనివాస! - దుష్టసంహార! నరసింహ దురితదూర!",vupajaathi,Narasimha,"[('కొ', '|'), ('స', '|'), ('కు', '|'), ('నీ', 'U'), ('శం', 'U'), ('ఖ', '|'), ('చ', '|'), ('క్ర', '|'), ('ము', 'U'), ('ల్కు', '|'), ('దు', '|'), ('వ', '|'), ('బె', 'U'), ('ట్టి', '|'), ('గ్రా', 'U'), ('స', '|'), ('ము', '|'), ('నొ', '|'), ('సం', 'U'), ('గి', '|'), ('పో', 'U'), ('షిం', 'U'), ('చు', '|'), ('క', '|'), ('ప', '|'), ('ట', '|'), ('ము', '|'), ('డి', '|'), ('గి', '|'), ('భూ', 'U'), ('ష', '|'), ('ణ', '|'), ('వి', '|'), ('కా', 'U'), ('స', '|'), ('శ్రీ', 'U'), ('ధ', 'U'), ('ర్మ', '|'), ('పు', '|'), ('ర', '|'), ('ని', '|'), ('వా', 'U'), ('స', '|'), ('దు', 'U'), ('ష్ట', '|'), ('సం', 'U'), ('హా', 'U'), ('ర', '|'), ('న', '|'), ('ర', '|'), ('సిం', 'U'), ('హ', '|'), ('దు', '|'), ('రి', '|'), ('త', '|'), ('దూ', 'U'), ('ర', '|')]",0.4833333333333333,-1.0,1.0,0.45,0.0,-1.0
seesamu,"కువలయశ్యామ! నీకొలువు చేసిన నాకు - జీత మెందుకు ముట్టఁజెప్పవైతి
మంచిమాటలచేతఁ గొంచెమియ్యఁగలేవు - కలహమౌ నిఁకఁ జుమ్మి ఖండితముగ
నీవు సాధువు గాననింత పర్యంతంబు - చనవుచే నిన్నాళ్ళు జరుపవలసె
నిఁక నేసహింప నీవిపుడు నన్నేమైన - శిక్ష చేసినఁ జేయు సిద్ధమైతి",vupajaathi,Narasimha,"[('కు', '|'), ('వ', '|'), ('ల', '|'), ('య', 'U'), ('శ్యా', 'U'), ('మ', '|'), ('నీ', 'U'), ('కొ', '|'), ('లు', '|'), ('వు', '|'), ('చే', 'U'), ('సి', '|'), ('న', '|'), ('నా', 'U'), ('కు', '|'), ('జీ', 'U'), ('త', '|'), ('మెం', 'U'), ('దు', '|'), ('కు', '|'), ('ము', 'U'), ('ట్ట', '|'), ('జె', 'U'), ('ప్ప', '|'), ('వై', 'U'), ('తి', '|'), ('మం', 'U'), ('చి', '|'), ('మా', 'U'), ('ట', '|'), ('ల', '|'), ('చే', 'U'), ('త', '|'), ('గొం', 'U'), ('చె', '|'), ('మి', 'U'), ('య్య', '|'), ('గ', '|'), ('లే', 'U'), ('వు', '|'), ('క', '|'), ('ల', '|'), ('హ', '|'), ('మౌ', 'U'), ('ని', '|'), ('క', '|'), ('జు', 'U'), ('మ్మి', '|'), ('ఖం', 'U'), ('డి', '|'), ('త', '|'), ('ము', '|'), ('గ', '|'), ('నీ', 'U'), ('వు', '|'), ('సా', 'U'), ('ధు', '|'), ('వు', '|'), ('గా', 'U'), ('న', '|'), ('నిం', 'U'), ('త', '|'), ('ప', 'U'), ('ర్యం', 'U'), ('తం', 'U'), ('బు', '|'), ('చ', '|'), ('న', '|'), ('వు', '|'), ('చే', 'U'), ('ని', 'U'), ('న్నా', 'U'), ('ళ్ళు', '|'), ('జ', '|'), ('రు', '|'), ('ప', '|'), ('వ', '|'), ('ల', '|'), ('సె', '|'), ('ని', '|'), ('క', '|'), ('నే', 'U'), ('స', '|'), ('హిం', 'U'), ('ప', '|'), ('నీ', 'U'), ('వి', '|'), ('పు', '|'), ('డు', '|'), ('న', 'U'), ('న్నే', 'U'), ('మై', 'U'), ('న', '|'), ('శి', 'U'), ('క్ష', '|'), ('చే', 'U'), ('సి', '|'), ('న', '|'), ('జే', 'U'), ('యు', '|'), ('సి', 'U'), ('ద్ధ', '|'), ('మై', 'U'), ('తి', '|')]",0.9583333333333334,-1.0,1.0,1.0,0.875,-1.0
teytageethi,"నేఁడు కరుణింపకుంటివా నిశ్చయముగఁ - దెగఁబడితి చూడు నీ తోడ జగడమునకు
భూషణవికాస! శ్రీధర్మపురనివాస! - దుష్టసంహార! నరసింహ దురితదూర!",vupajaathi,Narasimha,"[('నే', 'U'), ('డు', '|'), ('క', '|'), ('రు', '|'), ('ణిం', 'U'), ('ప', '|'), ('కుం', 'U'), ('టి', '|'), ('వా', 'U'), ('ని', 'U'), ('శ్చ', '|'), ('య', '|'), ('ము', '|'), ('గ', '|'), ('దె', '|'), ('గ', '|'), ('బ', '|'), ('డి', '|'), ('తి', '|'), ('చూ', 'U'), ('డు', '|'), ('నీ', 'U'), ('తో', 'U'), ('డ', '|'), ('జ', '|'), ('గ', '|'), ('డ', '|'), ('ము', '|'), ('న', '|'), ('కు', '|'), ('భూ', 'U'), ('ష', '|'), ('ణ', '|'), ('వి', '|'), ('కా', 'U'), ('స', '|'), ('శ్రీ', 'U'), ('ధ', 'U'), ('ర్మ', '|'), ('పు', '|'), ('ర', '|'), ('ని', '|'), ('వా', 'U'), ('స', '|'), ('దు', 'U'), ('ష్ట', '|'), ('సం', 'U'), ('హా', 'U'), ('ర', '|'), ('న', '|'), ('ర', '|'), ('సిం', 'U'), ('హ', '|'), ('దు', '|'), ('రి', '|'), ('త', '|'), ('దూ', 'U'), ('ర', '|')]",1.0,-1.0,1.0,1.0,1.0,-1.0
seesamu,"హరి! నీకుఁ బర్యంకమైన శేషుడు చాలఁ - బవనము భక్షించి బ్రతుకుచుండు
ననువుగా నీకు వాహనమైన ఖగరాజు - గొప్పపామును నోటఁ గొఱుకుచుండు
యదిగాక నీ భార్యయైన లక్ష్మీదేవి - దినము పేరంటంబు దిరుగుచుండు
నిన్ను భక్తులు పిల్చి నిత్యపూజలు చేసి - ప్రేమఁ బక్వాన్నముల్‌ పెట్టుచుండ్రు",vupajaathi,Narasimha,"[('హ', '|'), ('రి', '|'), ('నీ', 'U'), ('కు', '|'), ('బ', 'U'), ('ర్యం', 'U'), ('క', '|'), ('మై', 'U'), ('న', '|'), ('శే', 'U'), ('షు', '|'), ('డు', '|'), ('చా', 'U'), ('ల', '|'), ('బ', '|'), ('వ', '|'), ('న', '|'), ('ము', '|'), ('భ', 'U'), ('క్షిం', 'U'), ('చి', '|'), ('బ్ర', '|'), ('తు', '|'), ('కు', '|'), ('చుం', 'U'), ('డు', '|'), ('న', '|'), ('ను', '|'), ('వు', '|'), ('గా', 'U'), ('నీ', 'U'), ('కు', '|'), ('వా', 'U'), ('హ', '|'), ('న', '|'), ('మై', 'U'), ('న', '|'), ('ఖ', '|'), ('గ', '|'), ('రా', 'U'), ('జు', '|'), ('గొ', 'U'), ('ప్ప', '|'), ('పా', 'U'), ('ము', '|'), ('ను', '|'), ('నో', 'U'), ('ట', '|'), ('గొ', '|'), ('ఱు', '|'), ('కు', '|'), ('చుం', 'U'), ('డు', '|'), ('య', '|'), ('ది', '|'), ('గా', 'U'), ('క', '|'), ('నీ', 'U'), ('భా', 'U'), ('ర్య', '|'), ('యై', 'U'), ('న', '|'), ('ల', 'U'), ('క్ష్మీ', 'U'), ('దే', 'U'), ('వి', '|'), ('ది', '|'), ('న', '|'), ('ము', '|'), ('పే', 'U'), ('రం', 'U'), ('టం', 'U'), ('బు', '|'), ('ది', '|'), ('రు', '|'), ('గు', '|'), ('చుం', 'U'), ('డు', '|'), ('ని', 'U'), ('న్ను', '|'), ('భ', 'U'), ('క్తు', '|'), ('లు', '|'), ('పి', 'U'), ('ల్చి', '|'), ('ని', 'U'), ('త్య', '|'), ('పూ', 'U'), ('జ', '|'), ('లు', '|'), ('చే', 'U'), ('సి', '|'), ('ప్రే', 'U'), ('మ', '|'), ('బ', 'U'), ('క్వా', 'U'), ('న్న', '|'), ('ము', 'U'), ('ల్పె', 'U'), ('ట్టు', '|'), ('చుం', 'U'), ('డ్రు', '|')]",0.9583333333333334,-1.0,1.0,1.0,0.875,-1.0
teytageethi,"స్వస్థముగ నీకు గ్రాసము జరుగుచుండఁ - గాసు నీ చేతి దొకటైనఁ గాదు వ్యయము
భూషణవికాస! శ్రీధర్మపురనివాస! - దుష్టసంహార! నరసింహ దురితదూర!",vupajaathi,Narasimha,"[('స్వ', 'U'), ('స్థ', '|'), ('ము', '|'), ('గ', '|'), ('నీ', 'U'), ('కు', '|'), ('గ్రా', 'U'), ('స', '|'), ('ము', '|'), ('జ', '|'), ('రు', '|'), ('గు', '|'), ('చుం', 'U'), ('డ', '|'), ('గా', 'U'), ('సు', '|'), ('నీ', 'U'), ('చే', 'U'), ('తి', '|'), ('దొ', '|'), ('క', '|'), ('టై', 'U'), ('న', '|'), ('గా', 'U'), ('దు', 'U'), ('వ్య', '|'), ('య', '|'), ('ము', '|'), ('భూ', 'U'), ('ష', '|'), ('ణ', '|'), ('వి', '|'), ('కా', 'U'), ('స', '|'), ('శ్రీ', 'U'), ('ధ', 'U'), ('ర్మ', '|'), ('పు', '|'), ('ర', '|'), ('ని', '|'), ('వా', 'U'), ('స', '|'), ('దు', 'U'), ('ష్ట', '|'), ('సం', 'U'), ('హా', 'U'), ('ర', '|'), ('న', '|'), ('ర', '|'), ('సిం', 'U'), ('హ', '|'), ('దు', '|'), ('రి', '|'), ('త', '|'), ('దూ', 'U'), ('ర', '|')]",0.7166666666666667,-1.0,1.0,0.65,0.5,-1.0
seesamu,"పుండరీకాక్ష! నారెండు కన్నుల నిండ - నిన్నుఁ జూచెడి భాగ్యమెన్నఁడయ్య
వాసిగా నా మనోవాంఛ దీరెడునట్లు - సొగసుగా నీ రూపు చూపవయ్య
పాపకర్ముని కంటఁ బడకబోవుదమంచుఁ - బరుషమైన ప్రతిజ్ఞఁ బట్టినావె?
వసుధలోఁ బతిత పావనుఁడ వీ వంచు నేఁ - బుణ్యవంతుల నోటఁ బొగడ వింటి",vupajaathi,Narasimha,"[('పుం', 'U'), ('డ', '|'), ('రీ', 'U'), ('కా', 'U'), ('క్ష', '|'), ('నా', 'U'), ('రెం', 'U'), ('డు', '|'), ('క', 'U'), ('న్ను', '|'), ('ల', '|'), ('నిం', 'U'), ('డ', '|'), ('ని', 'U'), ('న్ను', '|'), ('జూ', 'U'), ('చె', '|'), ('డి', '|'), ('భా', 'U'), ('గ్య', '|'), ('మె', 'U'), ('న్న', '|'), ('డ', 'U'), ('య్య', '|'), ('వా', 'U'), ('సి', '|'), ('గా', 'U'), ('నా', 'U'), ('మ', '|'), ('నో', 'U'), ('వాం', 'U'), ('ఛ', '|'), ('దీ', 'U'), ('రె', '|'), ('డు', '|'), ('న', 'U'), ('ట్లు', '|'), ('సొ', '|'), ('గ', '|'), ('సు', '|'), ('గా', 'U'), ('నీ', 'U'), ('రూ', 'U'), ('పు', '|'), ('చూ', 'U'), ('ప', '|'), ('వ', 'U'), ('య్య', '|'), ('పా', 'U'), ('ప', '|'), ('క', 'U'), ('ర్ము', '|'), ('ని', '|'), ('కం', 'U'), ('ట', '|'), ('బ', '|'), ('డ', '|'), ('క', '|'), ('బో', 'U'), ('వు', '|'), ('ద', '|'), ('మం', 'U'), ('చు', '|'), ('బ', '|'), ('రు', '|'), ('ష', '|'), ('మై', 'U'), ('న', '|'), ('ప్ర', '|'), ('తి', 'U'), ('జ్ఞ', '|'), ('బ', 'U'), ('ట్టి', '|'), ('నా', 'U'), ('వె', '|'), ('వ', '|'), ('సు', '|'), ('ధ', '|'), ('లో', 'U'), ('బ', '|'), ('తి', '|'), ('త', '|'), ('పా', 'U'), ('వ', '|'), ('ను', '|'), ('డ', '|'), ('వీ', 'U'), ('వం', 'U'), ('చు', '|'), ('నే', 'U'), ('బు', 'U'), ('ణ్య', '|'), ('వం', 'U'), ('తు', '|'), ('ల', '|'), ('నో', 'U'), ('ట', '|'), ('బొ', '|'), ('గ', '|'), ('డ', '|'), ('విం', 'U'), ('టి', '|')]",1.0,-1.0,1.0,1.0,1.0,-1.0
teytageethi,"నేమిటికి విస్తరించె నీకింత కీర్తి - ద్రోహినైనను నా కీవు దొరకరాదె?
భూషణవికాస! శ్రీధర్మపురనివాస! - దుష్టసంహార! నరసింహ దురితదూర!",vupajaathi,Narasimha,"[('నే', 'U'), ('మి', '|'), ('టి', '|'), ('కి', '|'), ('వి', 'U'), ('స్త', '|'), ('రిం', 'U'), ('చె', '|'), ('నీ', 'U'), ('కిం', 'U'), ('త', '|'), ('కీ', 'U'), ('ర్తి', '|'), ('ద్రో', 'U'), ('హి', '|'), ('నై', 'U'), ('న', '|'), ('ను', '|'), ('నా', 'U'), ('కీ', 'U'), ('వు', '|'), ('దొ', '|'), ('ర', '|'), ('క', '|'), ('రా', 'U'), ('దె', '|'), ('భూ', 'U'), ('ష', '|'), ('ణ', '|'), ('వి', '|'), ('కా', 'U'), ('స', '|'), ('శ్రీ', 'U'), ('ధ', 'U'), ('ర్మ', '|'), ('పు', '|'), ('ర', '|'), ('ని', '|'), ('వా', 'U'), ('స', '|'), ('దు', 'U'), ('ష్ట', '|'), ('సం', 'U'), ('హా', 'U'), ('ర', '|'), ('న', '|'), ('ర', '|'), ('సిం', 'U'), ('హ', '|'), ('దు', '|'), ('రి', '|'), ('త', '|'), ('దూ', 'U'), ('ర', '|')]",0.9166666666666666,-1.0,1.0,1.0,0.75,-1.0
seesamu,"పచ్చి చర్మపుఁదిత్తి పసలేదు దేహంబు - లోపల నంతట రోయ రోఁత
నరములు శల్యముల్‌ నవరంధ్రములు రక్త - మాంసంబు కండలు మైల తిత్తి
బలువైన యెండ వానల కోర్వ దింతైనఁ - దాళలే దాఁకలి దాహములకు
సకల రోగములకు సంస్థానమై యుండు - నిలువ దస్థిరమైన నీటి బుగ్గ",vupajaathi,Narasimha,"[('ప', 'U'), ('చ్చి', '|'), ('చ', 'U'), ('ర్మ', '|'), ('పు', '|'), ('ది', 'U'), ('త్తి', '|'), ('ప', '|'), ('స', '|'), ('లే', 'U'), ('దు', '|'), ('దే', 'U'), ('హం', 'U'), ('బు', '|'), ('లో', 'U'), ('ప', '|'), ('ల', '|'), ('నం', 'U'), ('త', '|'), ('ట', '|'), ('రో', 'U'), ('య', '|'), ('రో', 'U'), ('త', '|'), ('న', '|'), ('ర', '|'), ('ము', '|'), ('లు', '|'), ('శ', 'U'), ('ల్య', '|'), ('ము', 'U'), ('ల్న', '|'), ('వ', '|'), ('రం', 'U'), ('ధ్ర', '|'), ('ము', '|'), ('లు', '|'), ('ర', 'U'), ('క్త', '|'), ('మాం', 'U'), ('సం', 'U'), ('బు', '|'), ('కం', 'U'), ('డ', '|'), ('లు', '|'), ('మై', 'U'), ('ల', '|'), ('తి', 'U'), ('త్తి', '|'), ('బ', '|'), ('లు', '|'), ('వై', 'U'), ('న', '|'), ('యెం', 'U'), ('డ', '|'), ('వా', 'U'), ('న', '|'), ('ల', '|'), ('కో', 'U'), ('ర్వ', '|'), ('దిం', 'U'), ('తై', 'U'), ('న', '|'), ('దా', 'U'), ('ళ', '|'), ('లే', 'U'), ('దా', 'U'), ('క', '|'), ('లి', '|'), ('దా', 'U'), ('హ', '|'), ('ము', '|'), ('ల', '|'), ('కు', '|'), ('స', '|'), ('క', '|'), ('ల', '|'), ('రో', 'U'), ('గ', '|'), ('ము', '|'), ('ల', '|'), ('కు', '|'), ('సం', 'U'), ('స్థా', 'U'), ('న', '|'), ('మై', 'U'), ('యుం', 'U'), ('డు', '|'), ('ని', '|'), ('లు', '|'), ('వ', '|'), ('ద', 'U'), ('స్థి', '|'), ('ర', '|'), ('మై', 'U'), ('న', '|'), ('నీ', 'U'), ('టి', '|'), ('బు', 'U'), ('గ్గ', '|')]",0.9583333333333334,-1.0,1.0,1.0,0.875,-1.0
teytageethi,"బొందిలో నుండు ప్రాణముల్‌ పోయినంతఁ - గాటికే గాని కొఱగాదు గవ్వకైన
భూషణవికాస! శ్రీధర్మపురనివాస! - దుష్టసంహార! నరసింహ దురితదూర!",vupajaathi,Narasimha,"[('బొం', 'U'), ('ది', '|'), ('లో', 'U'), ('నుం', 'U'), ('డు', '|'), ('ప్రా', 'U'), ('ణ', '|'), ('ము', 'U'), ('ల్పో', 'U'), ('యి', '|'), ('నం', 'U'), ('త', '|'), ('గా', 'U'), ('టి', '|'), ('కే', 'U'), ('గా', 'U'), ('ని', '|'), ('కొ', '|'), ('ఱ', '|'), ('గా', 'U'), ('దు', '|'), ('గ', 'U'), ('వ్వ', '|'), ('కై', 'U'), ('న', '|'), ('భూ', 'U'), ('ష', '|'), ('ణ', '|'), ('వి', '|'), ('కా', 'U'), ('స', '|'), ('శ్రీ', 'U'), ('ధ', 'U'), ('ర్మ', '|'), ('పు', '|'), ('ర', '|'), ('ని', '|'), ('వా', 'U'), ('స', '|'), ('దు', 'U'), ('ష్ట', '|'), ('సం', 'U'), ('హా', 'U'), ('ర', '|'), ('న', '|'), ('ర', '|'), ('సిం', 'U'), ('హ', '|'), ('దు', '|'), ('రి', '|'), ('త', '|'), ('దూ', 'U'), ('ర', '|')]",1.0,-1.0,1.0,1.0,1.0,-1.0
seesamu,"పలురోగములకు నీపాదతీర్థమె కాని - వలపు మందులు నాకు వలదు వలదు
చెలిమిసేయుచు నీకు సేవఁ జేసెదఁ గాన - నీ దాసకోటిలో నిలుపవయ్య
గ్రహభయంబునకుఁ జక్రముఁ దలంచెదఁ గాని - ఘోరరక్షలు గట్టఁగోరనయ్య
పాముకాటుకు నిన్నుఁభజనఁ జేసెదఁ గాని - దాని మంత్రము నేను తలఁపనయ్య",vupajaathi,Narasimha,"[('ప', '|'), ('లు', '|'), ('రో', 'U'), ('గ', '|'), ('ము', '|'), ('ల', '|'), ('కు', '|'), ('నీ', 'U'), ('పా', 'U'), ('ద', '|'), ('తీ', 'U'), ('ర్థ', '|'), ('మె', '|'), ('కా', 'U'), ('ని', '|'), ('వ', '|'), ('ల', '|'), ('పు', '|'), ('మం', 'U'), ('దు', '|'), ('లు', '|'), ('నా', 'U'), ('కు', '|'), ('వ', '|'), ('ల', '|'), ('దు', '|'), ('వ', '|'), ('ల', '|'), ('దు', '|'), ('చె', '|'), ('లి', '|'), ('మి', '|'), ('సే', 'U'), ('యు', '|'), ('చు', '|'), ('నీ', 'U'), ('కు', '|'), ('సే', 'U'), ('వ', '|'), ('జే', 'U'), ('సె', '|'), ('ద', '|'), ('గా', 'U'), ('న', '|'), ('నీ', 'U'), ('దా', 'U'), ('స', '|'), ('కో', 'U'), ('టి', '|'), ('లో', 'U'), ('ని', '|'), ('లు', '|'), ('ప', '|'), ('వ', 'U'), ('య్య', '|'), ('గ్ర', '|'), ('హ', '|'), ('భ', '|'), ('యం', 'U'), ('బు', '|'), ('న', '|'), ('కు', '|'), ('జ', '|'), ('క్ర', '|'), ('ము', '|'), ('ద', '|'), ('లం', 'U'), ('చె', '|'), ('ద', '|'), ('గా', 'U'), ('ని', '|'), ('ఘో', 'U'), ('ర', '|'), ('ర', 'U'), ('క్ష', '|'), ('లు', '|'), ('గ', 'U'), ('ట్ట', '|'), ('గో', 'U'), ('ర', '|'), ('న', 'U'), ('య్య', '|'), ('పా', 'U'), ('ము', '|'), ('కా', 'U'), ('టు', '|'), ('కు', '|'), ('ని', 'U'), ('న్ను', '|'), ('భ', '|'), ('జ', '|'), ('న', '|'), ('జే', 'U'), ('సె', '|'), ('ద', '|'), ('గా', 'U'), ('ని', '|'), ('దా', 'U'), ('ని', '|'), ('మం', 'U'), ('త్ర', '|'), ('ము', '|'), ('నే', 'U'), ('ను', '|'), ('త', '|'), ('ల', '|'), ('ప', '|'), ('న', 'U'), ('య్య', '|')]",1.0,-1.0,1.0,1.0,1.0,-1.0
teytageethi,"దొరికితివి నాకు దండి వైద్యుఁడవు నీవు - వేయికష్టాలు వచ్చిన వెఱవనయ్య
భూషణవికాస! శ్రీధర్మపురనివాస! - దుష్టసంహార! నరసింహ దురితదూర!",vupajaathi,Narasimha,"[('దొ', '|'), ('రి', '|'), ('కి', '|'), ('తి', '|'), ('వి', '|'), ('నా', 'U'), ('కు', '|'), ('దం', 'U'), ('డి', '|'), ('వై', 'U'), ('ద్యు', '|'), ('డ', '|'), ('వు', '|'), ('నీ', 'U'), ('వు', '|'), ('వే', 'U'), ('యి', '|'), ('క', 'U'), ('ష్టా', 'U'), ('లు', '|'), ('వ', 'U'), ('చ్చి', '|'), ('న', '|'), ('వె', '|'), ('ఱ', '|'), ('వ', '|'), ('న', 'U'), ('య్య', '|'), ('భూ', 'U'), ('ష', '|'), ('ణ', '|'), ('వి', '|'), ('కా', 'U'), ('స', '|'), ('శ్రీ', 'U'), ('ధ', 'U'), ('ర్మ', '|'), ('పు', '|'), ('ర', '|'), ('ని', '|'), ('వా', 'U'), ('స', '|'), ('దు', 'U'), ('ష్ట', '|'), ('సం', 'U'), ('హా', 'U'), ('ర', '|'), ('న', '|'), ('ర', '|'), ('సిం', 'U'), ('హ', '|'), ('దు', '|'), ('రి', '|'), ('త', '|'), ('దూ', 'U'), ('ర', '|')]",1.0,-1.0,1.0,1.0,1.0,-1.0
seesamu,"కూటికోసము నేఁ గొఱగాని జనులచేఁ - బలు గద్దరింపులు పడఁగ వలసె
దార సుత భ్రమ దగిలి యుండఁగఁ గదా - దేశ దేశము లెల్లఁ దిరుగవలసెఁ?
బెను దరిద్రత పైని బెనఁగి యుండఁగఁ గదా - చేరి నీచుల సేవ చేయవలసె?
నభిమానములు మదినంటి యుండఁగఁ గదా - పరులఁ జూచిన భీతి పడఁగవలసె?",vupajaathi,Narasimha,"[('కూ', 'U'), ('టి', '|'), ('కో', 'U'), ('స', '|'), ('ము', '|'), ('నే', 'U'), ('గొ', '|'), ('ఱ', '|'), ('గా', 'U'), ('ని', '|'), ('జ', '|'), ('ను', '|'), ('ల', '|'), ('చే', 'U'), ('బ', '|'), ('లు', '|'), ('గ', 'U'), ('ద్ద', '|'), ('రిం', 'U'), ('పు', '|'), ('లు', '|'), ('ప', '|'), ('డ', '|'), ('గ', '|'), ('వ', '|'), ('ల', '|'), ('సె', '|'), ('దా', 'U'), ('ర', '|'), ('సు', '|'), ('త', '|'), ('భ్ర', '|'), ('మ', '|'), ('ద', '|'), ('గి', '|'), ('లి', '|'), ('యుం', 'U'), ('డ', '|'), ('గ', '|'), ('గ', '|'), ('దా', 'U'), ('దే', 'U'), ('శ', '|'), ('దే', 'U'), ('శ', '|'), ('ము', '|'), ('లె', 'U'), ('ల్ల', '|'), ('ది', '|'), ('రు', '|'), ('గ', '|'), ('వ', '|'), ('ల', '|'), ('సె', '|'), ('బె', '|'), ('ను', '|'), ('ద', '|'), ('రి', '|'), ('ద్ర', '|'), ('త', '|'), ('పై', 'U'), ('ని', '|'), ('బె', '|'), ('న', '|'), ('గి', '|'), ('యుం', 'U'), ('డ', '|'), ('గ', '|'), ('గ', '|'), ('దా', 'U'), ('చే', 'U'), ('రి', '|'), ('నీ', 'U'), ('చు', '|'), ('ల', '|'), ('సే', 'U'), ('వ', '|'), ('చే', 'U'), ('య', '|'), ('వ', '|'), ('ల', '|'), ('సె', '|'), ('న', '|'), ('భి', '|'), ('మా', 'U'), ('న', '|'), ('ము', '|'), ('లు', '|'), ('మ', '|'), ('ది', '|'), ('నం', 'U'), ('టి', '|'), ('యుం', 'U'), ('డ', '|'), ('గ', '|'), ('గ', '|'), ('దా', 'U'), ('ప', '|'), ('రు', '|'), ('ల', '|'), ('జూ', 'U'), ('చి', '|'), ('న', '|'), ('భీ', 'U'), ('తి', '|'), ('ప', '|'), ('డ', '|'), ('గ', '|'), ('వ', '|'), ('ల', '|'), ('సె', '|')]",0.6458333333333334,-1.0,1.0,0.8125,0.125,-1.0
teytageethi,"నిటుల సంసారవారధి నీఁదలేక - వేయి విధముల నిన్ను నే వేఁడుకొంటి
భూషణవికాస! శ్రీధర్మపురనివాస! - దుష్టసంహార! నరసింహ దురితదూర!",vupajaathi,Narasimha,"[('ని', '|'), ('టు', '|'), ('ల', '|'), ('సం', 'U'), ('సా', 'U'), ('ర', '|'), ('వా', 'U'), ('ర', '|'), ('ధి', '|'), ('నీ', 'U'), ('ద', '|'), ('లే', 'U'), ('క', '|'), ('వే', 'U'), ('యి', '|'), ('వి', '|'), ('ధ', '|'), ('ము', '|'), ('ల', '|'), ('ని', 'U'), ('న్ను', '|'), ('నే', 'U'), ('వే', 'U'), ('డు', '|'), ('కొం', 'U'), ('టి', '|'), ('భూ', 'U'), ('ష', '|'), ('ణ', '|'), ('వి', '|'), ('కా', 'U'), ('స', '|'), ('శ్రీ', 'U'), ('ధ', 'U'), ('ర్మ', '|'), ('పు', '|'), ('ర', '|'), ('ని', '|'), ('వా', 'U'), ('స', '|'), ('దు', 'U'), ('ష్ట', '|'), ('సం', 'U'), ('హా', 'U'), ('ర', '|'), ('న', '|'), ('ర', '|'), ('సిం', 'U'), ('హ', '|'), ('దు', '|'), ('రి', '|'), ('త', '|'), ('దూ', 'U'), ('ర', '|')]",1.0,-1.0,1.0,1.0,1.0,-1.0
seesamu,"సాధు సజ్జనులతో జగడమాడినఁ గీడు - కవులతో వైరంబుఁ గాంచఁ గీడు
పరమ దీనులఁ జిక్కఁబట్టి కొట్టినఁ గీడు - భిక్షగాండ్రను దుఃఖపెట్టఁ గీడు
నిరుపేదలను జూచి నిందఁ జేసినఁ గీడు - పుణ్యవంతులఁ దిట్ట బొసఁగుఁ గీడు
సద్భక్తులను దిరస్కారమాడినఁ గీడు - గురుని ద్రవ్యము దోఁచుకొనినఁ గీడు",vupajaathi,Narasimha,"[('సా', 'U'), ('ధు', '|'), ('స', 'U'), ('జ్జ', '|'), ('ను', '|'), ('ల', '|'), ('తో', 'U'), ('జ', '|'), ('గ', '|'), ('డ', '|'), ('మా', 'U'), ('డి', '|'), ('న', '|'), ('గీ', 'U'), ('డు', '|'), ('క', '|'), ('వు', '|'), ('ల', '|'), ('తో', 'U'), ('వై', 'U'), ('రం', 'U'), ('బు', '|'), ('గాం', 'U'), ('చ', '|'), ('గీ', 'U'), ('డు', '|'), ('ప', '|'), ('ర', '|'), ('మ', '|'), ('దీ', 'U'), ('ను', '|'), ('ల', '|'), ('జి', 'U'), ('క్క', '|'), ('బ', 'U'), ('ట్టి', '|'), ('కొ', 'U'), ('ట్టి', '|'), ('న', '|'), ('గీ', 'U'), ('డు', '|'), ('భి', 'U'), ('క్ష', '|'), ('గాం', 'U'), ('డ్ర', '|'), ('ను', '|'), ('దుః', 'U'), ('ఖ', '|'), ('పె', 'U'), ('ట్ట', '|'), ('గీ', 'U'), ('డు', '|'), ('ని', '|'), ('రు', '|'), ('పే', 'U'), ('ద', '|'), ('ల', '|'), ('ను', '|'), ('జూ', 'U'), ('చి', '|'), ('నిం', 'U'), ('ద', '|'), ('జే', 'U'), ('సి', '|'), ('న', '|'), ('గీ', 'U'), ('డు', '|'), ('పు', 'U'), ('ణ్య', '|'), ('వం', 'U'), ('తు', '|'), ('ల', '|'), ('ది', 'U'), ('ట్ట', '|'), ('బొ', '|'), ('స', '|'), ('గు', '|'), ('గీ', 'U'), ('డు', '|'), ('స', 'U'), ('ద్భ', 'U'), ('క్తు', '|'), ('ల', '|'), ('ను', '|'), ('ది', '|'), ('ర', 'U'), ('స్కా', 'U'), ('ర', '|'), ('మా', 'U'), ('డి', '|'), ('న', '|'), ('గీ', 'U'), ('డు', '|'), ('గు', '|'), ('రు', '|'), ('ని', '|'), ('ద్ర', 'U'), ('వ్య', '|'), ('ము', '|'), ('దో', 'U'), ('చు', '|'), ('కొ', '|'), ('ని', '|'), ('న', '|'), ('గీ', 'U'), ('డు', '|')]",1.0,-1.0,1.0,1.0,1.0,-1.0
teytageethi,"దుష్టకార్యము లొనరించు దుర్జనులకు - ఘనతరంబైన నరకంబు గట్టిముల్లె
భూషణవికాస! శ్రీధర్మపురనివాస! - దుష్టసంహార! నరసింహ దురితదూర!",vupajaathi,Narasimha,"[('దు', 'U'), ('ష్ట', '|'), ('కా', 'U'), ('ర్య', '|'), ('ము', '|'), ('లొ', '|'), ('న', '|'), ('రిం', 'U'), ('చు', '|'), ('దు', 'U'), ('ర్జ', '|'), ('ను', '|'), ('ల', '|'), ('కు', '|'), ('ఘ', '|'), ('న', '|'), ('త', '|'), ('రం', 'U'), ('బై', 'U'), ('న', '|'), ('న', '|'), ('ర', '|'), ('కం', 'U'), ('బు', '|'), ('గ', 'U'), ('ట్టి', '|'), ('ము', 'U'), ('ల్లె', '|'), ('భూ', 'U'), ('ష', '|'), ('ణ', '|'), ('వి', '|'), ('కా', 'U'), ('స', '|'), ('శ్రీ', 'U'), ('ధ', 'U'), ('ర్మ', '|'), ('పు', '|'), ('ర', '|'), ('ని', '|'), ('వా', 'U'), ('స', '|'), ('దు', 'U'), ('ష్ట', '|'), ('సం', 'U'), ('హా', 'U'), ('ర', '|'), ('న', '|'), ('ర', '|'), ('సిం', 'U'), ('హ', '|'), ('దు', '|'), ('రి', '|'), ('త', '|'), ('దూ', 'U'), ('ర', '|')]",1.0,-1.0,1.0,1.0,1.0,-1.0
seesamu,"పరులద్రవ్యము మీఁద భ్రాంతి నొందినవాఁడు - పరకాంతల కపేక్ష పడెడువాఁడు
అర్థుల విత్తంబు లపహరించెడువాఁడు - దాన మియ్యంగ వద్దనెడివాఁడు
సభలలోపల నిల్చి చాడి చెప్పెడివాఁడు - పక్షపు సాక్ష్యంబు పలుకువాఁడు
విష్ణుదాసులఁ జూచి వెక్కిరించెడివాఁడు - ధర్మసాధులఁ దిట్టఁ దలఁచువాఁడు",vupajaathi,Narasimha,"[('ప', '|'), ('రు', '|'), ('ల', '|'), ('ద్ర', 'U'), ('వ్య', '|'), ('ము', '|'), ('మీ', 'U'), ('ద', '|'), ('భ్రాం', 'U'), ('తి', '|'), ('నొం', 'U'), ('ది', '|'), ('న', '|'), ('వా', 'U'), ('డు', '|'), ('ప', '|'), ('ర', '|'), ('కాం', 'U'), ('త', '|'), ('ల', '|'), ('క', '|'), ('పే', 'U'), ('క్ష', '|'), ('ప', '|'), ('డె', '|'), ('డు', '|'), ('వా', 'U'), ('డు', '|'), ('అ', 'U'), ('ర్థు', '|'), ('ల', '|'), ('వి', 'U'), ('త్తం', 'U'), ('బు', '|'), ('ల', '|'), ('ప', '|'), ('హ', '|'), ('రిం', 'U'), ('చె', '|'), ('డు', '|'), ('వా', 'U'), ('డు', '|'), ('దా', 'U'), ('న', '|'), ('మి', 'U'), ('య్యం', 'U'), ('గ', '|'), ('వ', 'U'), ('ద్ద', '|'), ('నె', '|'), ('డి', '|'), ('వా', 'U'), ('డు', '|'), ('స', '|'), ('భ', '|'), ('ల', '|'), ('లో', 'U'), ('ప', '|'), ('ల', '|'), ('ని', 'U'), ('ల్చి', '|'), ('చా', 'U'), ('డి', '|'), ('చె', 'U'), ('ప్పె', '|'), ('డి', '|'), ('వా', 'U'), ('డు', '|'), ('ప', 'U'), ('క్ష', '|'), ('పు', '|'), ('సా', 'U'), ('క్ష్యం', 'U'), ('బు', '|'), ('ప', '|'), ('లు', '|'), ('కు', '|'), ('వా', 'U'), ('డు', '|'), ('వి', 'U'), ('ష్ణు', '|'), ('దా', 'U'), ('సు', '|'), ('ల', '|'), ('జూ', 'U'), ('చి', '|'), ('వె', 'U'), ('క్కి', '|'), ('రిం', 'U'), ('చె', '|'), ('డి', '|'), ('వా', 'U'), ('డు', '|'), ('ధ', 'U'), ('ర్మ', '|'), ('సా', 'U'), ('ధు', '|'), ('ల', '|'), ('ది', 'U'), ('ట్ట', '|'), ('ద', '|'), ('ల', '|'), ('చు', '|'), ('వా', 'U'), ('డు', '|')]",0.9583333333333334,-1.0,1.0,1.0,0.875,-1.0
teytageethi,"ప్రజల జంతుల హింసించు పాతకుండు - కాలకింకర గదలచేఁ గష్టమొందు
భూషణవికాస! శ్రీధర్మపురనివాస! - దుష్టసంహార! నరసింహ దురితదూర!",vupajaathi,Narasimha,"[('ప్ర', '|'), ('జ', '|'), ('ల', '|'), ('జం', 'U'), ('తు', '|'), ('ల', '|'), ('హిం', 'U'), ('సిం', 'U'), ('చు', '|'), ('పా', 'U'), ('త', '|'), ('కుం', 'U'), ('డు', '|'), ('కా', 'U'), ('ల', '|'), ('కిం', 'U'), ('క', '|'), ('ర', '|'), ('గ', '|'), ('ద', '|'), ('ల', '|'), ('చే', 'U'), ('గ', 'U'), ('ష్ట', '|'), ('మొం', 'U'), ('దు', '|'), ('భూ', 'U'), ('ష', '|'), ('ణ', '|'), ('వి', '|'), ('కా', 'U'), ('స', '|'), ('శ్రీ', 'U'), ('ధ', 'U'), ('ర్మ', '|'), ('పు', '|'), ('ర', '|'), ('ని', '|'), ('వా', 'U'), ('స', '|'), ('దు', 'U'), ('ష్ట', '|'), ('సం', 'U'), ('హా', 'U'), ('ర', '|'), ('న', '|'), ('ర', '|'), ('సిం', 'U'), ('హ', '|'), ('దు', '|'), ('రి', '|'), ('త', '|'), ('దూ', 'U'), ('ర', '|')]",1.0,-1.0,1.0,1.0,1.0,-1.0
seesamu,"నరసింహ! నా తండ్రి నన్నేలు నన్నేలు - కామితార్థము లిచ్చి కావు కావు
దైత్యసంహార! చాల దయయుంచు దయయుంచు - దీనపోషక! నీవె దిక్కు దిక్కు
రత్నభూషితవక్ష! రక్షించు రక్షించు - భువనరక్షక! నన్నుఁ బ్రోవు బ్రోవు
మారకోటిస్వరూప! మన్నించు మన్నించు - పద్మలోచన! చేయి పట్టు పట్టు",vupajaathi,Narasimha,"[('న', '|'), ('ర', '|'), ('సిం', 'U'), ('హ', '|'), ('నా', 'U'), ('తం', 'U'), ('డ్రి', '|'), ('న', 'U'), ('న్నే', 'U'), ('లు', '|'), ('న', 'U'), ('న్నే', 'U'), ('లు', '|'), ('కా', 'U'), ('మి', '|'), ('తా', 'U'), ('ర్థ', '|'), ('ము', '|'), ('లి', 'U'), ('చ్చి', '|'), ('కా', 'U'), ('వు', '|'), ('కా', 'U'), ('వు', '|'), ('దై', 'U'), ('త్య', '|'), ('సం', 'U'), ('హా', 'U'), ('ర', '|'), ('చా', 'U'), ('ల', '|'), ('ద', '|'), ('య', '|'), ('యుం', 'U'), ('చు', '|'), ('ద', '|'), ('య', '|'), ('యుం', 'U'), ('చు', '|'), ('దీ', 'U'), ('న', '|'), ('పో', 'U'), ('ష', '|'), ('క', '|'), ('నీ', 'U'), ('వె', '|'), ('ది', 'U'), ('క్కు', '|'), ('ది', 'U'), ('క్కు', '|'), ('ర', 'U'), ('త్న', '|'), ('భూ', 'U'), ('షి', '|'), ('త', '|'), ('వ', 'U'), ('క్ష', '|'), ('ర', 'U'), ('క్షిం', 'U'), ('చు', '|'), ('ర', 'U'), ('క్షిం', 'U'), ('చు', '|'), ('భు', '|'), ('వ', '|'), ('న', '|'), ('ర', 'U'), ('క్ష', '|'), ('క', '|'), ('న', 'U'), ('న్ను', '|'), ('బ్రో', 'U'), ('వు', '|'), ('బ్రో', 'U'), ('వు', '|'), ('మా', 'U'), ('ర', '|'), ('కో', 'U'), ('టి', 'U'), ('స్వ', '|'), ('రూ', 'U'), ('ప', '|'), ('మ', 'U'), ('న్నిం', 'U'), ('చు', '|'), ('మ', 'U'), ('న్నిం', 'U'), ('చు', '|'), ('ప', 'U'), ('ద్మ', '|'), ('లో', 'U'), ('చ', '|'), ('న', '|'), ('చే', 'U'), ('యి', '|'), ('ప', 'U'), ('ట్టు', '|'), ('ప', 'U'), ('ట్టు', '|')]",0.8958333333333334,-1.0,1.0,0.9375,0.75,-1.0
teytageethi,"సురవినుత! నేను నీచాటుఁ జొచ్చినాను - నా మొఱాలించి కడతేర్చు నాగశయన!
భూషణవికాస! శ్రీధర్మపురనివాస! - దుష్టసంహార! నరసింహ దురితదూర!",vupajaathi,Narasimha,"[('సు', '|'), ('ర', '|'), ('వి', '|'), ('ను', '|'), ('త', '|'), ('నే', 'U'), ('ను', '|'), ('నీ', 'U'), ('చా', 'U'), ('టు', '|'), ('జొ', 'U'), ('చ్చి', '|'), ('నా', 'U'), ('ను', '|'), ('నా', 'U'), ('మొ', '|'), ('ఱా', 'U'), ('లిం', 'U'), ('చి', '|'), ('క', '|'), ('డ', '|'), ('తే', 'U'), ('ర్చు', '|'), ('నా', 'U'), ('గ', '|'), ('శ', '|'), ('య', '|'), ('న', '|'), ('భూ', 'U'), ('ష', '|'), ('ణ', '|'), ('వి', '|'), ('కా', 'U'), ('స', '|'), ('శ్రీ', 'U'), ('ధ', 'U'), ('ర్మ', '|'), ('పు', '|'), ('ర', '|'), ('ని', '|'), ('వా', 'U'), ('స', '|'), ('దు', 'U'), ('ష్ట', '|'), ('సం', 'U'), ('హా', 'U'), ('ర', '|'), ('న', '|'), ('ర', '|'), ('సిం', 'U'), ('హ', '|'), ('దు', '|'), ('రి', '|'), ('త', '|'), ('దూ', 'U'), ('ర', '|')]",1.0,-1.0,1.0,1.0,1.0,-1.0
seesamu,"నీ భక్తులను గనుల్‌ నిండఁ జూచియు రెండు - చేతుల జోహారు సేయువాఁడు
నేర్పుతో నెవరైన నీకథల్‌ చెప్పంగ - వినయమందుచుఁ జాల వినెడువాఁడు
తన గృహంబునకు నీదాసులు రాఁ జూచి -  పీటపైఁ గూర్చుండఁ బెట్టువాఁడు
నీ సేవకుల జాతినీతు లెన్నక చాల - దాసోహ మని చేరఁ దలఁచువాఁడు",vupajaathi,Narasimha,"[('నీ', 'U'), ('భ', 'U'), ('క్తు', '|'), ('ల', '|'), ('ను', '|'), ('గ', '|'), ('ను', 'U'), ('ల్నిం', 'U'), ('డ', '|'), ('జూ', 'U'), ('చి', '|'), ('యు', '|'), ('రెం', 'U'), ('డు', '|'), ('చే', 'U'), ('తు', '|'), ('ల', '|'), ('జో', 'U'), ('హా', 'U'), ('రు', '|'), ('సే', 'U'), ('యు', '|'), ('వా', 'U'), ('డు', '|'), ('నే', 'U'), ('ర్పు', '|'), ('తో', 'U'), ('నె', '|'), ('వ', '|'), ('రై', 'U'), ('న', '|'), ('నీ', 'U'), ('క', '|'), ('థ', 'U'), ('ల్చె', 'U'), ('ప్పం', 'U'), ('గ', '|'), ('వి', '|'), ('న', '|'), ('య', '|'), ('మం', 'U'), ('దు', '|'), ('చు', '|'), ('జా', 'U'), ('ల', '|'), ('వి', '|'), ('నె', '|'), ('డు', '|'), ('వా', 'U'), ('డు', '|'), ('త', '|'), ('న', '|'), ('గృ', '|'), ('హం', 'U'), ('బు', '|'), ('న', '|'), ('కు', '|'), ('నీ', 'U'), ('దా', 'U'), ('సు', '|'), ('లు', '|'), ('రా', 'U'), ('జూ', 'U'), ('చి', '|'), ('పీ', 'U'), ('ట', '|'), ('పై', 'U'), ('గూ', 'U'), ('ర్చుం', 'U'), ('డ', '|'), ('బె', 'U'), ('ట్టు', '|'), ('వా', 'U'), ('డు', '|'), ('నీ', 'U'), ('సే', 'U'), ('వ', '|'), ('కు', '|'), ('ల', '|'), ('జా', 'U'), ('తి', '|'), ('నీ', 'U'), ('తు', '|'), ('లె', 'U'), ('న్న', '|'), ('క', '|'), ('చా', 'U'), ('ల', '|'), ('దా', 'U'), ('సో', 'U'), ('హ', '|'), ('మ', '|'), ('ని', '|'), ('చే', 'U'), ('ర', '|'), ('ద', '|'), ('ల', '|'), ('చు', '|'), ('వా', 'U'), ('డు', '|')]",1.0,-1.0,1.0,1.0,1.0,-1.0
teytageethi,"పరమభక్తుండు ధన్యుండు భానుతేజ! - వానిఁ గనుఁగొన్నఁ బుణ్యంబు వసుధలోన
భూషణవికాస! శ్రీధర్మపురనివాస! - దుష్టసంహార! నరసింహ దురితదూర!",vupajaathi,Narasimha,"[('ప', '|'), ('ర', '|'), ('మ', '|'), ('భ', 'U'), ('క్తుం', 'U'), ('డు', '|'), ('ధ', 'U'), ('న్యుం', 'U'), ('డు', '|'), ('భా', 'U'), ('ను', '|'), ('తే', 'U'), ('జ', '|'), ('వా', 'U'), ('ని', '|'), ('గ', '|'), ('ను', '|'), ('గొ', 'U'), ('న్న', '|'), ('బు', 'U'), ('ణ్యం', 'U'), ('బు', '|'), ('వ', '|'), ('సు', '|'), ('ధ', '|'), ('లో', 'U'), ('న', '|'), ('భూ', 'U'), ('ష', '|'), ('ణ', '|'), ('వి', '|'), ('కా', 'U'), ('స', '|'), ('శ్రీ', 'U'), ('ధ', 'U'), ('ర్మ', '|'), ('పు', '|'), ('ర', '|'), ('ని', '|'), ('వా', 'U'), ('స', '|'), ('దు', 'U'), ('ష్ట', '|'), ('సం', 'U'), ('హా', 'U'), ('ర', '|'), ('న', '|'), ('ర', '|'), ('సిం', 'U'), ('హ', '|'), ('దు', '|'), ('రి', '|'), ('త', '|'), ('దూ', 'U'), ('ర', '|')]",1.0,-1.0,1.0,1.0,1.0,-1.0
seesamu,"పక్షివాహన! నేనుబ్రతికినన్ని దినాలు - కొండెగాండ్రను గూడి కుమతినైతి
నన్నవస్త్రము లిచ్చి యాదరింపుము నన్నుఁ - గన్నతండ్రివి నీవె కమలనాభ!
మరణ మయ్యెడినాఁడు మమతతో నీ యొద్ద - బంట్లఁ తోలుము ముందు బ్రహ్మజనక!
ఇనజభటావళి యీడిచి కొనిపోక - కరుణతో నా యొద్దఁ గావలుంచు",vupajaathi,Narasimha,"[('ప', 'U'), ('క్షి', '|'), ('వా', 'U'), ('హ', '|'), ('న', '|'), ('నే', 'U'), ('ను', '|'), ('బ్ర', '|'), ('తి', '|'), ('కి', '|'), ('న', 'U'), ('న్ని', '|'), ('ది', '|'), ('నా', 'U'), ('లు', '|'), ('కొం', 'U'), ('డె', '|'), ('గాం', 'U'), ('డ్ర', '|'), ('ను', '|'), ('గూ', 'U'), ('డి', '|'), ('కు', '|'), ('మ', '|'), ('తి', '|'), ('నై', 'U'), ('తి', '|'), ('న', 'U'), ('న్న', '|'), ('వ', 'U'), ('స్త్ర', '|'), ('ము', '|'), ('లి', 'U'), ('చ్చి', '|'), ('యా', 'U'), ('ద', '|'), ('రిం', 'U'), ('పు', '|'), ('ము', '|'), ('న', 'U'), ('న్ను', '|'), ('గ', 'U'), ('న్న', '|'), ('తం', 'U'), ('డ్రి', '|'), ('వి', '|'), ('నీ', 'U'), ('వె', '|'), ('క', '|'), ('మ', '|'), ('ల', '|'), ('నా', 'U'), ('భ', '|'), ('మ', '|'), ('ర', '|'), ('ణ', '|'), ('మ', 'U'), ('య్యె', '|'), ('డి', '|'), ('నా', 'U'), ('డు', '|'), ('మ', '|'), ('మ', '|'), ('త', '|'), ('తో', 'U'), ('నీ', 'U'), ('యొ', 'U'), ('ద్ద', '|'), ('బం', 'U'), ('ట్ల', '|'), ('తో', 'U'), ('లు', '|'), ('ము', '|'), ('ముం', 'U'), ('దు', '|'), ('బ్ర', 'U'), ('హ్మ', '|'), ('జ', '|'), ('న', '|'), ('క', '|'), ('ఇ', '|'), ('న', '|'), ('జ', '|'), ('భ', '|'), ('టా', 'U'), ('వ', '|'), ('ళి', '|'), ('యీ', 'U'), ('డి', '|'), ('చి', '|'), ('కొ', '|'), ('ని', '|'), ('పో', 'U'), ('క', '|'), ('క', '|'), ('రు', '|'), ('ణ', '|'), ('తో', 'U'), ('నా', 'U'), ('యొ', 'U'), ('ద్ద', '|'), ('గా', 'U'), ('వ', '|'), ('లుం', 'U'), ('చు', '|')]",0.9166666666666666,-1.0,1.0,1.0,0.75,-1.0
teytageethi,"కొసకు నీ సన్నిధికిఁ బిల్చుకొనియు నీకు - సేవకునిఁ జేసికొనవయ్య శేషశయన!
భూషణవికాస! శ్రీధర్మపురనివాస! - దుష్టసంహార! నరసింహ దురితదూర!",vupajaathi,Narasimha,"[('కొ', '|'), ('స', '|'), ('కు', '|'), ('నీ', 'U'), ('స', 'U'), ('న్ని', '|'), ('ధి', '|'), ('కి', '|'), ('బి', 'U'), ('ల్చు', '|'), ('కొ', '|'), ('ని', '|'), ('యు', '|'), ('నీ', 'U'), ('కు', '|'), ('సే', 'U'), ('వ', '|'), ('కు', '|'), ('ని', '|'), ('జే', 'U'), ('సి', '|'), ('కొ', '|'), ('న', '|'), ('వ', 'U'), ('య్య', '|'), ('శే', 'U'), ('ష', '|'), ('శ', '|'), ('య', '|'), ('న', '|'), ('భూ', 'U'), ('ష', '|'), ('ణ', '|'), ('వి', '|'), ('కా', 'U'), ('స', '|'), ('శ్రీ', 'U'), ('ధ', 'U'), ('ర్మ', '|'), ('పు', '|'), ('ర', '|'), ('ని', '|'), ('వా', 'U'), ('స', '|'), ('దు', 'U'), ('ష్ట', '|'), ('సం', 'U'), ('హా', 'U'), ('ర', '|'), ('న', '|'), ('ర', '|'), ('సిం', 'U'), ('హ', '|'), ('దు', '|'), ('రి', '|'), ('త', '|'), ('దూ', 'U'), ('ర', '|')]",1.0,-1.0,1.0,1.0,1.0,-1.0
seesamu,"నిగమాదిశాస్త్రముల్‌ నేర్చిన ద్విజుఁడైన - యజ్ఞకర్తగు సోమయాజియైన
ధరణిలోపలఁ బ్రభాత స్నానపరుడైన - నిత్య సత్కర్మాది నిరతుఁడైన
నుపవాస నియమంబులొందు సజ్జనుఁడైనఁ - గావివస్త్రము గట్టు ఘనుఁడునైనఁ
దండిషోడశ మహాదానపరుండైన - సకల యాత్రలు సల్పు సరసుఁడైన",vupajaathi,Narasimha,"[('ని', '|'), ('గ', '|'), ('మా', 'U'), ('ది', '|'), ('శా', 'U'), ('స్త్ర', '|'), ('ము', 'U'), ('ల్నే', 'U'), ('ర్చి', '|'), ('న', 'U'), ('ద్వి', '|'), ('జు', '|'), ('డై', 'U'), ('న', '|'), ('య', 'U'), ('జ్ఞ', '|'), ('క', 'U'), ('ర్త', '|'), ('గు', '|'), ('సో', 'U'), ('మ', '|'), ('యా', 'U'), ('జి', '|'), ('యై', 'U'), ('న', '|'), ('ధ', '|'), ('ర', '|'), ('ణి', '|'), ('లో', 'U'), ('ప', '|'), ('ల', '|'), ('బ్ర', '|'), ('భా', 'U'), ('త', 'U'), ('స్నా', 'U'), ('న', '|'), ('ప', '|'), ('రు', '|'), ('డై', 'U'), ('న', '|'), ('ని', 'U'), ('త్య', '|'), ('స', 'U'), ('త్క', 'U'), ('ర్మా', 'U'), ('ది', '|'), ('ని', '|'), ('ర', '|'), ('తు', '|'), ('డై', 'U'), ('న', '|'), ('ను', '|'), ('ప', '|'), ('వా', 'U'), ('స', '|'), ('ని', '|'), ('య', '|'), ('మం', 'U'), ('బు', '|'), ('లొం', 'U'), ('దు', '|'), ('స', 'U'), ('జ్జ', '|'), ('ను', '|'), ('డై', 'U'), ('న', '|'), ('గా', 'U'), ('వి', '|'), ('వ', 'U'), ('స్త్ర', '|'), ('ము', '|'), ('గ', 'U'), ('ట్టు', '|'), ('ఘ', '|'), ('ను', '|'), ('డు', '|'), ('నై', 'U'), ('న', '|'), ('దం', 'U'), ('డి', '|'), ('షో', 'U'), ('డ', '|'), ('శ', '|'), ('మ', '|'), ('హా', 'U'), ('దా', 'U'), ('న', '|'), ('ప', '|'), ('రుం', 'U'), ('డై', 'U'), ('న', '|'), ('స', '|'), ('క', '|'), ('ల', '|'), ('యా', 'U'), ('త్ర', '|'), ('లు', '|'), ('స', 'U'), ('ల్పు', '|'), ('స', '|'), ('ర', '|'), ('సు', '|'), ('డై', 'U'), ('న', '|')]",0.9583333333333334,-1.0,1.0,1.0,0.875,-1.0
teytageethi,"గర్వమునఁ గష్టపడి నిన్నుఁ గానకున్న - మోక్షసామ్రాజ్య మొందఁడు మోహనాంగ!
భూషణవికాస! శ్రీధర్మపురనివాస! - దుష్టసంహార! నరసింహ దురితదూర!",vupajaathi,Narasimha,"[('గ', 'U'), ('ర్వ', '|'), ('ము', '|'), ('న', '|'), ('గ', 'U'), ('ష్ట', '|'), ('ప', '|'), ('డి', '|'), ('ని', 'U'), ('న్ను', '|'), ('గా', 'U'), ('న', '|'), ('కు', 'U'), ('న్న', '|'), ('మో', 'U'), ('క్ష', '|'), ('సా', 'U'), ('మ్రా', 'U'), ('జ్య', '|'), ('మొం', 'U'), ('ద', '|'), ('డు', '|'), ('మో', 'U'), ('హ', '|'), ('నాం', 'U'), ('గ', '|'), ('భూ', 'U'), ('ష', '|'), ('ణ', '|'), ('వి', '|'), ('కా', 'U'), ('స', '|'), ('శ్రీ', 'U'), ('ధ', 'U'), ('ర్మ', '|'), ('పు', '|'), ('ర', '|'), ('ని', '|'), ('వా', 'U'), ('స', '|'), ('దు', 'U'), ('ష్ట', '|'), ('సం', 'U'), ('హా', 'U'), ('ర', '|'), ('న', '|'), ('ర', '|'), ('సిం', 'U'), ('హ', '|'), ('దు', '|'), ('రి', '|'), ('త', '|'), ('దూ', 'U'), ('ర', '|')]",1.0,-1.0,1.0,1.0,1.0,-1.0
seesamu,"పంజరంబునఁ గాకిఁ బట్టి యుంచిన లెస్స - పలుకునే వింతైన చిలుక వలెను?
గార్దభంబును దెచ్చి కళ్లెమింపుగ వేయఁ - దిరుగునే గుఱ్ఱంబు తీరుగాను?
ఎనుపపోతును మావటీఁడు శిక్షించిన - నడచునే మదవారణంబు వలెను?
పెద్దపిట్టను మేఁతఁబెట్టి పెంచినఁ గ్రొవ్వి - సాగునే వేఁటాడు డేఁగ వలెను?",vupajaathi,Narasimha,"[('పం', 'U'), ('జ', '|'), ('రం', 'U'), ('బు', '|'), ('న', '|'), ('గా', 'U'), ('కి', '|'), ('బ', 'U'), ('ట్టి', '|'), ('యుం', 'U'), ('చి', '|'), ('న', '|'), ('లె', 'U'), ('స్స', '|'), ('ప', '|'), ('లు', '|'), ('కు', '|'), ('నే', 'U'), ('విం', 'U'), ('తై', 'U'), ('న', '|'), ('చి', '|'), ('లు', '|'), ('క', '|'), ('వ', '|'), ('లె', '|'), ('ను', '|'), ('గా', 'U'), ('ర్ద', '|'), ('భం', 'U'), ('బు', '|'), ('ను', '|'), ('దె', 'U'), ('చ్చి', '|'), ('క', 'U'), ('ళ్లె', '|'), ('మిం', 'U'), ('పు', '|'), ('గ', '|'), ('వే', 'U'), ('య', '|'), ('ది', '|'), ('రు', '|'), ('గు', '|'), ('నే', 'U'), ('గు', 'U'), ('ఱ్ఱం', 'U'), ('బు', '|'), ('తీ', 'U'), ('రు', '|'), ('గా', 'U'), ('ను', '|'), ('ఎ', '|'), ('ను', '|'), ('ప', '|'), ('పో', 'U'), ('తు', '|'), ('ను', '|'), ('మా', 'U'), ('వ', '|'), ('టీ', 'U'), ('డు', '|'), ('శి', 'U'), ('క్షిం', 'U'), ('చి', '|'), ('న', '|'), ('న', '|'), ('డ', '|'), ('చు', '|'), ('నే', 'U'), ('మ', '|'), ('ద', '|'), ('వా', 'U'), ('ర', '|'), ('ణం', 'U'), ('బు', '|'), ('వ', '|'), ('లె', '|'), ('ను', '|'), ('పె', 'U'), ('ద్ద', '|'), ('పి', 'U'), ('ట్ట', '|'), ('ను', '|'), ('మే', 'U'), ('త', '|'), ('బె', 'U'), ('ట్టి', '|'), ('పెం', 'U'), ('చి', '|'), ('న', '|'), ('గ్రొ', 'U'), ('వ్వి', '|'), ('సా', 'U'), ('గు', '|'), ('నే', 'U'), ('వే', 'U'), ('టా', 'U'), ('డు', '|'), ('డే', 'U'), ('గ', '|'), ('వ', '|'), ('లె', '|'), ('ను', '|')]",0.9583333333333334,-1.0,1.0,1.0,0.875,-1.0
teytageethi,"కుజనులను దెచ్చి నీ సేవ కొరకుఁ బెట్ట - వాంఛతోఁ జేతురే భక్తవరుల వలెను?
భూషణవికాస! శ్రీధర్మపురనివాస! - దుష్టసంహార! నరసింహ దురితదూర!",vupajaathi,Narasimha,"[('కు', '|'), ('జ', '|'), ('ను', '|'), ('ల', '|'), ('ను', '|'), ('దె', 'U'), ('చ్చి', '|'), ('నీ', 'U'), ('సే', 'U'), ('వ', '|'), ('కొ', '|'), ('ర', '|'), ('కు', '|'), ('బె', 'U'), ('ట్ట', '|'), ('వాం', 'U'), ('ఛ', '|'), ('తో', 'U'), ('జే', 'U'), ('తు', '|'), ('రే', 'U'), ('భ', 'U'), ('క్త', '|'), ('వ', '|'), ('రు', '|'), ('ల', '|'), ('వ', '|'), ('లె', '|'), ('ను', '|'), ('భూ', 'U'), ('ష', '|'), ('ణ', '|'), ('వి', '|'), ('కా', 'U'), ('స', '|'), ('శ్రీ', 'U'), ('ధ', 'U'), ('ర్మ', '|'), ('పు', '|'), ('ర', '|'), ('ని', '|'), ('వా', 'U'), ('స', '|'), ('దు', 'U'), ('ష్ట', '|'), ('సం', 'U'), ('హా', 'U'), ('ర', '|'), ('న', '|'), ('ర', '|'), ('సిం', 'U'), ('హ', '|'), ('దు', '|'), ('రి', '|'), ('త', '|'), ('దూ', 'U'), ('ర', '|')]",1.0,-1.0,1.0,1.0,1.0,-1.0
seesamu,"నీకు దాసుఁడ నంటి నిన్ను నమ్ముకయుంటిఁ - గాన నాపై నేఁడు కరుణఁజూడు
దోసిలొగ్గితి నీకు ద్రోహ మెన్నఁగఁబోకు - పద్మలోచన! నేను పరుఁడగాను
భక్తి నీపై నుంచి భజనఁ జేసెదఁ గాని - పరుల వేఁడను జుమ్మి వరము లిమ్ము
దండిదాతవు నీవు తడవు సేయక కావు - ఘోరపాతకరాశిఁ గొట్టివైచి",vupajaathi,Narasimha,"[('నీ', 'U'), ('కు', '|'), ('దా', 'U'), ('సు', '|'), ('డ', '|'), ('నం', 'U'), ('టి', '|'), ('ని', 'U'), ('న్ను', '|'), ('న', 'U'), ('మ్ము', '|'), ('క', '|'), ('యుం', 'U'), ('టి', '|'), ('గా', 'U'), ('న', '|'), ('నా', 'U'), ('పై', 'U'), ('నే', 'U'), ('డు', '|'), ('క', '|'), ('రు', '|'), ('ణ', '|'), ('జూ', 'U'), ('డు', '|'), ('దో', 'U'), ('సి', '|'), ('లొ', 'U'), ('గ్గి', '|'), ('తి', '|'), ('నీ', 'U'), ('కు', '|'), ('ద్రో', 'U'), ('హ', '|'), ('మె', 'U'), ('న్న', '|'), ('గ', '|'), ('బో', 'U'), ('కు', '|'), ('ప', 'U'), ('ద్మ', '|'), ('లో', 'U'), ('చ', '|'), ('న', '|'), ('నే', 'U'), ('ను', '|'), ('ప', '|'), ('రు', '|'), ('డ', '|'), ('గా', 'U'), ('ను', '|'), ('భ', 'U'), ('క్తి', '|'), ('నీ', 'U'), ('పై', 'U'), ('నుం', 'U'), ('చి', '|'), ('భ', '|'), ('జ', '|'), ('న', '|'), ('జే', 'U'), ('సె', '|'), ('ద', '|'), ('గా', 'U'), ('ని', '|'), ('ప', '|'), ('రు', '|'), ('ల', '|'), ('వే', 'U'), ('డ', '|'), ('ను', '|'), ('జు', 'U'), ('మ్మి', '|'), ('వ', '|'), ('ర', '|'), ('ము', '|'), ('లి', 'U'), ('మ్ము', '|'), ('దం', 'U'), ('డి', '|'), ('దా', 'U'), ('త', '|'), ('వు', '|'), ('నీ', 'U'), ('వు', '|'), ('త', '|'), ('డ', '|'), ('వు', '|'), ('సే', 'U'), ('య', '|'), ('క', '|'), ('కా', 'U'), ('వు', '|'), ('ఘో', 'U'), ('ర', '|'), ('పా', 'U'), ('త', '|'), ('క', '|'), ('రా', 'U'), ('శి', '|'), ('గొ', 'U'), ('ట్టి', '|'), ('వై', 'U'), ('చి', '|')]",1.0,-1.0,1.0,1.0,1.0,-1.0
teytageethi,"శీఘ్రముగఁ గోర్కె లీడేర్చి చింత దీర్చు - నిరతముగ నన్ను బోషించు నెనరు నుంచు
భూషణవికాస! శ్రీధర్మపురనివాస! - దుష్టసంహార! నరసింహ దురితదూర!",vupajaathi,Narasimha,"[('శీ', 'U'), ('ఘ్ర', '|'), ('ము', '|'), ('గ', '|'), ('గో', 'U'), ('ర్కె', '|'), ('లీ', 'U'), ('డే', 'U'), ('ర్చి', '|'), ('చిం', 'U'), ('త', '|'), ('దీ', 'U'), ('ర్చు', '|'), ('ని', '|'), ('ర', '|'), ('త', '|'), ('ము', '|'), ('గ', '|'), ('న', 'U'), ('న్ను', '|'), ('బో', 'U'), ('షిం', 'U'), ('చు', '|'), ('నె', '|'), ('న', '|'), ('రు', '|'), ('నుం', 'U'), ('చు', '|'), ('భూ', 'U'), ('ష', '|'), ('ణ', '|'), ('వి', '|'), ('కా', 'U'), ('స', '|'), ('శ్రీ', 'U'), ('ధ', 'U'), ('ర్మ', '|'), ('పు', '|'), ('ర', '|'), ('ని', '|'), ('వా', 'U'), ('స', '|'), ('దు', 'U'), ('ష్ట', '|'), ('సం', 'U'), ('హా', 'U'), ('ర', '|'), ('న', '|'), ('ర', '|'), ('సిం', 'U'), ('హ', '|'), ('దు', '|'), ('రి', '|'), ('త', '|'), ('దూ', 'U'), ('ర', '|')]",1.0,-1.0,1.0,1.0,1.0,-1.0
seesamu,"విద్య నేర్చితి నంచు విఱ్ఱవీఁగఁగ లేదు - భాగ్యవంతుఁడ నంచు బలుక లేదు
ద్రవ్యవంతుఁడ నంచు దఱుచు నిక్కఁగ లేదు - నిరత దానములైన నెఱప లేదు
పుత్రవంతుఁడ నంచు బొగడించుకొన లేదు - భృత్యవంతుఁడ నంచు బొంగలేదు
శౌర్యవంతుఁడ నంచు సంతసించగ లేదు - కార్యవంతుఁడ నంచు గడపలేదు",vupajaathi,Narasimha,"[('వి', 'U'), ('ద్య', '|'), ('నే', 'U'), ('ర్చి', '|'), ('తి', '|'), ('నం', 'U'), ('చు', '|'), ('వి', 'U'), ('ఱ్ఱ', '|'), ('వీ', 'U'), ('గ', '|'), ('గ', '|'), ('లే', 'U'), ('దు', '|'), ('భా', 'U'), ('గ్య', '|'), ('వం', 'U'), ('తు', '|'), ('డ', '|'), ('నం', 'U'), ('చు', '|'), ('బ', '|'), ('లు', '|'), ('క', '|'), ('లే', 'U'), ('దు', '|'), ('ద్ర', 'U'), ('వ్య', '|'), ('వం', 'U'), ('తు', '|'), ('డ', '|'), ('నం', 'U'), ('చు', '|'), ('ద', '|'), ('ఱు', '|'), ('చు', '|'), ('ని', 'U'), ('క్క', '|'), ('గ', '|'), ('లే', 'U'), ('దు', '|'), ('ని', '|'), ('ర', '|'), ('త', '|'), ('దా', 'U'), ('న', '|'), ('ము', '|'), ('లై', 'U'), ('న', '|'), ('నె', '|'), ('ఱ', '|'), ('ప', '|'), ('లే', 'U'), ('దు', '|'), ('పు', '|'), ('త్ర', '|'), ('వం', 'U'), ('తు', '|'), ('డ', '|'), ('నం', 'U'), ('చు', '|'), ('బొ', '|'), ('గ', '|'), ('డిం', 'U'), ('చు', '|'), ('కొ', '|'), ('న', '|'), ('లే', 'U'), ('దు', '|'), ('భృ', 'U'), ('త్య', '|'), ('వం', 'U'), ('తు', '|'), ('డ', '|'), ('నం', 'U'), ('చు', '|'), ('బొం', 'U'), ('గ', '|'), ('లే', 'U'), ('దు', '|'), ('శౌ', 'U'), ('ర్య', '|'), ('వం', 'U'), ('తు', '|'), ('డ', '|'), ('నం', 'U'), ('చు', '|'), ('సం', 'U'), ('త', '|'), ('సిం', 'U'), ('చ', '|'), ('గ', '|'), ('లే', 'U'), ('దు', '|'), ('కా', 'U'), ('ర్య', '|'), ('వం', 'U'), ('తు', '|'), ('డ', '|'), ('నం', 'U'), ('చు', '|'), ('గ', '|'), ('డ', '|'), ('ప', '|'), ('లే', 'U'), ('దు', '|')]",0.7395833333333334,-1.0,1.0,0.71875,0.5,-1.0
teytageethi,"నలుగురికి మెప్పుగానైన నడువ లేదు - నళినదళనేత్ర! నిన్ను నే నమ్మినాను
భూషణవికాస! శ్రీధర్మపురనివాస! - దుష్టసంహార! నరసింహ దురితదూర!",vupajaathi,Narasimha,"[('న', '|'), ('లు', '|'), ('గు', '|'), ('రి', '|'), ('కి', '|'), ('మె', 'U'), ('ప్పు', '|'), ('గా', 'U'), ('నై', 'U'), ('న', '|'), ('న', '|'), ('డు', '|'), ('వ', '|'), ('లే', 'U'), ('దు', '|'), ('న', '|'), ('ళి', '|'), ('న', '|'), ('ద', '|'), ('ళ', '|'), ('నే', 'U'), ('త్ర', '|'), ('ని', 'U'), ('న్ను', '|'), ('నే', 'U'), ('న', 'U'), ('మ్మి', '|'), ('నా', 'U'), ('ను', '|'), ('భూ', 'U'), ('ష', '|'), ('ణ', '|'), ('వి', '|'), ('కా', 'U'), ('స', '|'), ('శ్రీ', 'U'), ('ధ', 'U'), ('ర్మ', '|'), ('పు', '|'), ('ర', '|'), ('ని', '|'), ('వా', 'U'), ('స', '|'), ('దు', 'U'), ('ష్ట', '|'), ('సం', 'U'), ('హా', 'U'), ('ర', '|'), ('న', '|'), ('ర', '|'), ('సిం', 'U'), ('హ', '|'), ('దు', '|'), ('రి', '|'), ('త', '|'), ('దూ', 'U'), ('ర', '|')]",1.0,-1.0,1.0,1.0,1.0,-1.0
seesamu,"అతి లోభులను భిక్షమడుగ బోవుట రోఁత - తన ద్రవ్య మొకరింట దాఁచ రోఁత
గుణహీనుఁడగు వాని కొలువుఁ గొల్చుట రోఁత - యొరుల పంచల క్రిందనుండ రోఁత
భాగ్యవంతులతోఁడ బంతమాడుట రోఁత - గుఱిలేని బంధులఁ గూడ రోఁత
ఆదాయములు లేక యప్పుదీయుట రోఁత - జార చోరులఁ గూడ చనుట రోఁత",vupajaathi,Narasimha,"[('అ', '|'), ('తి', '|'), ('లో', 'U'), ('భు', '|'), ('ల', '|'), ('ను', '|'), ('భి', 'U'), ('క్ష', '|'), ('మ', '|'), ('డు', '|'), ('గ', '|'), ('బో', 'U'), ('వు', '|'), ('ట', '|'), ('రో', 'U'), ('త', '|'), ('త', '|'), ('న', '|'), ('ద్ర', 'U'), ('వ్య', '|'), ('మొ', '|'), ('క', '|'), ('రిం', 'U'), ('ట', '|'), ('దా', 'U'), ('చ', '|'), ('రో', 'U'), ('త', '|'), ('గు', '|'), ('ణ', '|'), ('హీ', 'U'), ('ను', '|'), ('డ', '|'), ('గు', '|'), ('వా', 'U'), ('ని', '|'), ('కొ', '|'), ('లు', '|'), ('వు', '|'), ('గొ', 'U'), ('ల్చు', '|'), ('ట', '|'), ('రో', 'U'), ('త', '|'), ('యొ', '|'), ('రు', '|'), ('ల', '|'), ('పం', 'U'), ('చ', '|'), ('ల', '|'), ('క్రిం', 'U'), ('ద', '|'), ('నుం', 'U'), ('డ', '|'), ('రో', 'U'), ('త', '|'), ('భా', 'U'), ('గ్య', '|'), ('వం', 'U'), ('తు', '|'), ('ల', '|'), ('తో', 'U'), ('డ', '|'), ('బం', 'U'), ('త', '|'), ('మా', 'U'), ('డు', '|'), ('ట', '|'), ('రో', 'U'), ('త', '|'), ('గు', '|'), ('ఱి', '|'), ('లే', 'U'), ('ని', '|'), ('బం', 'U'), ('ధు', '|'), ('ల', '|'), ('గూ', 'U'), ('డ', '|'), ('రో', 'U'), ('త', '|'), ('ఆ', 'U'), ('దా', 'U'), ('య', '|'), ('ము', '|'), ('లు', '|'), ('లే', 'U'), ('క', '|'), ('య', 'U'), ('ప్పు', '|'), ('దీ', 'U'), ('యు', '|'), ('ట', '|'), ('రో', 'U'), ('త', '|'), ('జా', 'U'), ('ర', '|'), ('చో', 'U'), ('రు', '|'), ('ల', '|'), ('గూ', 'U'), ('డ', '|'), ('చ', '|'), ('ను', '|'), ('ట', '|'), ('రో', 'U'), ('త', '|')]",0.9166666666666666,-1.0,1.0,1.0,0.75,-1.0
teytageethi,"ఆదిలక్ష్మీశ! నీ బంటు నయితినయ్య - యింక నెడబాపు జన్మంబులెత్త రోఁత
భూషణవికాస! శ్రీధర్మపురనివాస! - దుష్టసంహార! నరసింహ దురితదూర!",vupajaathi,Narasimha,"[('ఆ', 'U'), ('ది', '|'), ('ల', 'U'), ('క్ష్మీ', 'U'), ('శ', '|'), ('నీ', 'U'), ('బం', 'U'), ('టు', '|'), ('న', '|'), ('యి', '|'), ('తి', '|'), ('న', 'U'), ('య్య', '|'), ('యిం', 'U'), ('క', '|'), ('నె', '|'), ('డ', '|'), ('బా', 'U'), ('పు', '|'), ('జ', 'U'), ('న్మం', 'U'), ('బు', '|'), ('లె', 'U'), ('త్త', '|'), ('రో', 'U'), ('త', '|'), ('భూ', 'U'), ('ష', '|'), ('ణ', '|'), ('వి', '|'), ('కా', 'U'), ('స', '|'), ('శ్రీ', 'U'), ('ధ', 'U'), ('ర్మ', '|'), ('పు', '|'), ('ర', '|'), ('ని', '|'), ('వా', 'U'), ('స', '|'), ('దు', 'U'), ('ష్ట', '|'), ('సం', 'U'), ('హా', 'U'), ('ర', '|'), ('న', '|'), ('ర', '|'), ('సిం', 'U'), ('హ', '|'), ('దు', '|'), ('రి', '|'), ('త', '|'), ('దూ', 'U'), ('ర', '|')]",0.8333333333333334,-1.0,1.0,1.0,0.5,-1.0
seesamu,"వెఱ్ఱివానికి నేల వేదాక్షరంబులు? - మోటువానికి మంచిపాట లేల?
పసులకాఁపరి కేల పరతత్త్వబోధలు? విటకాని కేటికో విష్ణుకథలు?
వదరు శుంఠల కేల వ్రాఁత పుస్తకములు? - తిరుఁగు ద్రిమ్మరి కేల దేవపూజ?
ద్రవ్యలోభికి నేల దాతృత్వ గుణములు? - దొంగబంటుకు మంచిసంగ తేల?",vupajaathi,Narasimha,"[('వె', 'U'), ('ఱ్ఱి', '|'), ('వా', 'U'), ('ని', '|'), ('కి', '|'), ('నే', 'U'), ('ల', '|'), ('వే', 'U'), ('దా', 'U'), ('క్ష', '|'), ('రం', 'U'), ('బు', '|'), ('లు', '|'), ('మో', 'U'), ('టు', '|'), ('వా', 'U'), ('ని', '|'), ('కి', '|'), ('మం', 'U'), ('చి', '|'), ('పా', 'U'), ('ట', '|'), ('లే', 'U'), ('ల', '|'), ('ప', '|'), ('సు', '|'), ('ల', '|'), ('కా', 'U'), ('ప', '|'), ('రి', '|'), ('కే', 'U'), ('ల', '|'), ('ప', '|'), ('ర', '|'), ('త', 'U'), ('త్త్వ', '|'), ('బో', 'U'), ('ధ', '|'), ('లు', '|'), ('వి', '|'), ('ట', '|'), ('కా', 'U'), ('ని', '|'), ('కే', 'U'), ('టి', '|'), ('కో', 'U'), ('వి', 'U'), ('ష్ణు', '|'), ('క', '|'), ('థ', '|'), ('లు', '|'), ('వ', '|'), ('ద', '|'), ('రు', '|'), ('శుం', 'U'), ('ఠ', '|'), ('ల', '|'), ('కే', 'U'), ('ల', '|'), ('వ్రా', 'U'), ('త', '|'), ('పు', 'U'), ('స్త', '|'), ('క', '|'), ('ము', '|'), ('లు', '|'), ('తి', '|'), ('రు', '|'), ('గు', '|'), ('ద్రి', 'U'), ('మ్మ', '|'), ('రి', '|'), ('కే', 'U'), ('ల', '|'), ('దే', 'U'), ('వ', '|'), ('పూ', 'U'), ('జ', '|'), ('ద్ర', 'U'), ('వ్య', '|'), ('లో', 'U'), ('భి', '|'), ('కి', '|'), ('నే', 'U'), ('ల', '|'), ('దా', 'U'), ('తృ', 'U'), ('త్వ', '|'), ('గు', '|'), ('ణ', '|'), ('ము', '|'), ('లు', '|'), ('దొం', 'U'), ('గ', '|'), ('బం', 'U'), ('టు', '|'), ('కు', '|'), ('మం', 'U'), ('చి', '|'), ('సం', 'U'), ('గ', '|'), ('తే', 'U'), ('ల', '|')]",1.0,-1.0,1.0,1.0,1.0,-1.0
teytageethi,"క్రూరజనులకు నీమీఁద గోరి కేల? - ద్రోహి పాపాత్మునకు దయాదుఃఖ మేల?
భూషణవికాస! శ్రీధర్మపురనివాస! - దుష్టసంహార! నరసింహ దురితదూర!",vupajaathi,Narasimha,"[('క్రూ', 'U'), ('ర', '|'), ('జ', '|'), ('ను', '|'), ('ల', '|'), ('కు', '|'), ('నీ', 'U'), ('మీ', 'U'), ('ద', '|'), ('గో', 'U'), ('రి', '|'), ('కే', 'U'), ('ల', '|'), ('ద్రో', 'U'), ('హి', '|'), ('పా', 'U'), ('పా', 'U'), ('త్ము', '|'), ('న', '|'), ('కు', '|'), ('ద', '|'), ('యా', 'U'), ('దుః', 'U'), ('ఖ', '|'), ('మే', 'U'), ('ల', '|'), ('భూ', 'U'), ('ష', '|'), ('ణ', '|'), ('వి', '|'), ('కా', 'U'), ('స', '|'), ('శ్రీ', 'U'), ('ధ', 'U'), ('ర్మ', '|'), ('పు', '|'), ('ర', '|'), ('ని', '|'), ('వా', 'U'), ('స', '|'), ('దు', 'U'), ('ష్ట', '|'), ('సం', 'U'), ('హా', 'U'), ('ర', '|'), ('న', '|'), ('ర', '|'), ('సిం', 'U'), ('హ', '|'), ('దు', '|'), ('రి', '|'), ('త', '|'), ('దూ', 'U'), ('ర', '|')]",1.0,-1.0,1.0,1.0,1.0,-1.0
seesamu,"నాతండ్రి! నాదాత! నాయిష్టదైవమా! - నన్ను మన్నన సేయు నారసింహ!
దయయుంచు నామీఁద దప్పులన్ని క్షమించు - నిగమగోచర! నాకు నీవె దిక్కు
నే దురాత్ముఁడ నంచు నీ మనంబునఁ గోప - గింపఁ బోకుము స్వామి! యెంతకైన
ముక్తిదాయక నీకు మ్రొక్కినందుకు నన్నుఁ - గరుణించి రక్షించు కమలనాభ!",vupajaathi,Narasimha,"[('నా', 'U'), ('తం', 'U'), ('డ్రి', '|'), ('నా', 'U'), ('దా', 'U'), ('త', '|'), ('నా', 'U'), ('యి', 'U'), ('ష్ట', '|'), ('దై', 'U'), ('వ', '|'), ('మా', 'U'), ('న', 'U'), ('న్ను', '|'), ('మ', 'U'), ('న్న', '|'), ('న', '|'), ('సే', 'U'), ('యు', '|'), ('నా', 'U'), ('ర', '|'), ('సిం', 'U'), ('హ', '|'), ('ద', '|'), ('య', '|'), ('యుం', 'U'), ('చు', '|'), ('నా', 'U'), ('మీ', 'U'), ('ద', '|'), ('ద', 'U'), ('ప్పు', '|'), ('ల', 'U'), ('న్ని', 'U'), ('క్ష', '|'), ('మిం', 'U'), ('చు', '|'), ('ని', '|'), ('గ', '|'), ('మ', '|'), ('గో', 'U'), ('చ', '|'), ('ర', '|'), ('నా', 'U'), ('కు', '|'), ('నీ', 'U'), ('వె', '|'), ('ది', 'U'), ('క్కు', '|'), ('నే', 'U'), ('దు', '|'), ('రా', 'U'), ('త్ము', '|'), ('డ', '|'), ('నం', 'U'), ('చు', '|'), ('నీ', 'U'), ('మ', '|'), ('నం', 'U'), ('బు', '|'), ('న', '|'), ('గో', 'U'), ('ప', '|'), ('గిం', 'U'), ('ప', '|'), ('బో', 'U'), ('కు', '|'), ('ము', 'U'), ('స్వా', 'U'), ('మి', '|'), ('యెం', 'U'), ('త', '|'), ('కై', 'U'), ('న', '|'), ('ము', 'U'), ('క్తి', '|'), ('దా', 'U'), ('య', '|'), ('క', '|'), ('నీ', 'U'), ('కు', '|'), ('మ్రొ', 'U'), ('క్కి', '|'), ('నం', 'U'), ('దు', '|'), ('కు', '|'), ('న', 'U'), ('న్ను', '|'), ('గ', '|'), ('రు', '|'), ('ణిం', 'U'), ('చి', '|'), ('ర', 'U'), ('క్షిం', 'U'), ('చు', '|'), ('క', '|'), ('మ', '|'), ('ల', '|'), ('నా', 'U'), ('భ', '|')]",0.7291666666666666,-1.0,1.0,0.8125,0.375,-1.0
teytageethi,"దండిదొర వంచు నీ వెంటఁ దగిలినాను - నేఁడు ప్రత్యక్షమై నన్ను నిర్వహింపు
భూషణవికాస! శ్రీధర్మపురనివాస! - దుష్టసంహార! నరసింహ దురితదూర!",vupajaathi,Narasimha,"[('దం', 'U'), ('డి', '|'), ('దొ', '|'), ('ర', '|'), ('వం', 'U'), ('చు', '|'), ('నీ', 'U'), ('వెం', 'U'), ('ట', '|'), ('ద', '|'), ('గి', '|'), ('లి', '|'), ('నా', 'U'), ('ను', '|'), ('నే', 'U'), ('డు', '|'), ('ప్ర', 'U'), ('త్య', 'U'), ('క్ష', '|'), ('మై', 'U'), ('న', 'U'), ('న్ను', '|'), ('ని', 'U'), ('ర్వ', '|'), ('హిం', 'U'), ('పు', '|'), ('భూ', 'U'), ('ష', '|'), ('ణ', '|'), ('వి', '|'), ('కా', 'U'), ('స', '|'), ('శ్రీ', 'U'), ('ధ', 'U'), ('ర్మ', '|'), ('పు', '|'), ('ర', '|'), ('ని', '|'), ('వా', 'U'), ('స', '|'), ('దు', 'U'), ('ష్ట', '|'), ('సం', 'U'), ('హా', 'U'), ('ర', '|'), ('న', '|'), ('ర', '|'), ('సిం', 'U'), ('హ', '|'), ('దు', '|'), ('రి', '|'), ('త', '|'), ('దూ', 'U'), ('ర', '|')]",1.0,-1.0,1.0,1.0,1.0,-1.0
seesamu,"వేమాఱు నీకథల్‌ వినుచు నుండెడివాఁడు - పరుల ముచ్చటమీఁద భ్రాంతిపడఁడు
అగణితంబుగ నిన్నుఁ బొగడ నేర్చినవాఁడు - చెడ్డమాటలు నోటఁ జెప్పఁబోఁడు
ఆసక్తిచేత నిన్ననుసరించెడివాఁడు - ధనమదాంధుల వెంటఁ దగులఁబోఁడు
సంతసంబున నిన్ను స్మరణఁ జేసెడివాఁడు - చెలఁగి నీచులపేరుఁ దలఁపఁబోఁడు",vupajaathi,Narasimha,"[('వే', 'U'), ('మా', 'U'), ('ఱు', '|'), ('నీ', 'U'), ('క', '|'), ('థ', 'U'), ('ల్వి', '|'), ('ను', '|'), ('చు', '|'), ('నుం', 'U'), ('డె', '|'), ('డి', '|'), ('వా', 'U'), ('డు', '|'), ('ప', '|'), ('రు', '|'), ('ల', '|'), ('ము', 'U'), ('చ్చ', '|'), ('ట', '|'), ('మీ', 'U'), ('ద', '|'), ('భ్రాం', 'U'), ('తి', '|'), ('ప', '|'), ('డ', '|'), ('డు', '|'), ('అ', '|'), ('గ', '|'), ('ణి', '|'), ('తం', 'U'), ('బు', '|'), ('గ', '|'), ('ని', 'U'), ('న్ను', '|'), ('బొ', '|'), ('గ', '|'), ('డ', '|'), ('నే', 'U'), ('ర్చి', '|'), ('న', '|'), ('వా', 'U'), ('డు', '|'), ('చె', 'U'), ('డ్డ', '|'), ('మా', 'U'), ('ట', '|'), ('లు', '|'), ('నో', 'U'), ('ట', '|'), ('జె', 'U'), ('ప్ప', '|'), ('బో', 'U'), ('డు', '|'), ('ఆ', 'U'), ('స', 'U'), ('క్తి', '|'), ('చే', 'U'), ('త', '|'), ('ని', 'U'), ('న్న', '|'), ('ను', '|'), ('స', '|'), ('రిం', 'U'), ('చె', '|'), ('డి', '|'), ('వా', 'U'), ('డు', '|'), ('ధ', '|'), ('న', '|'), ('మ', '|'), ('దాం', 'U'), ('ధు', '|'), ('ల', '|'), ('వెం', 'U'), ('ట', '|'), ('ద', '|'), ('గు', '|'), ('ల', '|'), ('బో', 'U'), ('డు', '|'), ('సం', 'U'), ('త', '|'), ('సం', 'U'), ('బు', '|'), ('న', '|'), ('ని', 'U'), ('న్ను', 'U'), ('స్మ', '|'), ('ర', '|'), ('ణ', '|'), ('జే', 'U'), ('సె', '|'), ('డి', '|'), ('వా', 'U'), ('డు', '|'), ('చె', '|'), ('ల', '|'), ('గి', '|'), ('నీ', 'U'), ('చు', '|'), ('ల', '|'), ('పే', 'U'), ('రు', '|'), ('ద', '|'), ('ల', '|'), ('ప', '|'), ('బో', 'U'), ('డు', '|')]",0.9479166666666666,-1.0,1.0,0.96875,0.875,-1.0
teytageethi,"నిన్ను నమ్మిన భక్తుండు నిశ్చయముగఁ - గోరి చిల్లరవేల్పులఁ గొల్వఁబోఁఁడు
భూషణవికాస! శ్రీధర్మపురనివాస! - దుష్టసంహార! నరసింహ దురితదూర!",vupajaathi,Narasimha,"[('ని', 'U'), ('న్ను', '|'), ('న', 'U'), ('మ్మి', '|'), ('న', '|'), ('భ', 'U'), ('క్తుం', 'U'), ('డు', '|'), ('ని', 'U'), ('శ్చ', '|'), ('య', '|'), ('ము', '|'), ('గ', '|'), ('గో', 'U'), ('రి', '|'), ('చి', 'U'), ('ల్ల', '|'), ('ర', '|'), ('వే', 'U'), ('ల్పు', '|'), ('ల', '|'), ('గొ', 'U'), ('ల్వ', '|'), ('బో', 'U'), ('డు', '|'), ('భూ', 'U'), ('ష', '|'), ('ణ', '|'), ('వి', '|'), ('కా', 'U'), ('స', '|'), ('శ్రీ', 'U'), ('ధ', 'U'), ('ర్మ', '|'), ('పు', '|'), ('ర', '|'), ('ని', '|'), ('వా', 'U'), ('స', '|'), ('దు', 'U'), ('ష్ట', '|'), ('సం', 'U'), ('హా', 'U'), ('ర', '|'), ('న', '|'), ('ర', '|'), ('సిం', 'U'), ('హ', '|'), ('దు', '|'), ('రి', '|'), ('త', '|'), ('దూ', 'U'), ('ర', '|')]",1.0,-1.0,1.0,1.0,1.0,-1.0
seesamu,"నే నెంత వేఁడిన నీకేల దయరాదు? - పలుమాఱు పిలిచినఁ బలుక వేమి?
పలికిన నీ కున్న పద వేమి బోవు? నీ - మోమైనఁ బొడచూపవేమి నాకు?
శరణుఁ జొచ్చినవాని సవరింపవలెఁ గాక - పరిహరించుట నీకు బిరుదు గాదు
నీ దాసులను నీవు నిర్వహింపక యున్నఁ - బరు లెవ్వ రగుదురు పంకజాక్ష!",vupajaathi,Narasimha,"[('నే', 'U'), ('నెం', 'U'), ('త', '|'), ('వే', 'U'), ('డి', '|'), ('న', '|'), ('నీ', 'U'), ('కే', 'U'), ('ల', '|'), ('ద', '|'), ('య', '|'), ('రా', 'U'), ('దు', '|'), ('ప', '|'), ('లు', '|'), ('మా', 'U'), ('ఱు', '|'), ('పి', '|'), ('లి', '|'), ('చి', '|'), ('న', '|'), ('బ', '|'), ('లు', '|'), ('క', '|'), ('వే', 'U'), ('మి', '|'), ('ప', '|'), ('లి', '|'), ('కి', '|'), ('న', '|'), ('నీ', 'U'), ('కు', 'U'), ('న్న', '|'), ('ప', '|'), ('ద', '|'), ('వే', 'U'), ('మి', '|'), ('బో', 'U'), ('వు', '|'), ('నీ', 'U'), ('మో', 'U'), ('మై', 'U'), ('న', '|'), ('బొ', '|'), ('డ', '|'), ('చూ', 'U'), ('ప', '|'), ('వే', 'U'), ('మి', '|'), ('నా', 'U'), ('కు', '|'), ('శ', '|'), ('ర', '|'), ('ణు', '|'), ('జొ', 'U'), ('చ్చి', '|'), ('న', '|'), ('వా', 'U'), ('ని', '|'), ('స', '|'), ('వ', '|'), ('రిం', 'U'), ('ప', '|'), ('వ', '|'), ('లె', '|'), ('గా', 'U'), ('క', '|'), ('ప', '|'), ('రి', '|'), ('హ', '|'), ('రిం', 'U'), ('చు', '|'), ('ట', '|'), ('నీ', 'U'), ('కు', '|'), ('బి', '|'), ('రు', '|'), ('దు', '|'), ('గా', 'U'), ('దు', '|'), ('నీ', 'U'), ('దా', 'U'), ('సు', '|'), ('ల', '|'), ('ను', '|'), ('నీ', 'U'), ('వు', '|'), ('ని', 'U'), ('ర్వ', '|'), ('హిం', 'U'), ('ప', '|'), ('క', '|'), ('యు', 'U'), ('న్న', '|'), ('బ', '|'), ('రు', '|'), ('లె', 'U'), ('వ్వ', '|'), ('ర', '|'), ('గు', '|'), ('దు', '|'), ('రు', '|'), ('పం', 'U'), ('క', '|'), ('జా', 'U'), ('క్ష', '|')]",1.0,-1.0,1.0,1.0,1.0,-1.0
teytageethi,"దాత దైవంబు తల్లియుఁ దండ్రి వీవె - నమ్మియున్నాను నీ పాదనళినములను
భూషణవికాస! శ్రీధర్మపురనివాస! - దుష్టసంహార! నరసింహ దురితదూర!",vupajaathi,Narasimha,"[('దా', 'U'), ('త', '|'), ('దై', 'U'), ('వం', 'U'), ('బు', '|'), ('త', 'U'), ('ల్లి', '|'), ('యు', '|'), ('దం', 'U'), ('డ్రి', '|'), ('వీ', 'U'), ('వె', '|'), ('న', 'U'), ('మ్మి', '|'), ('యు', 'U'), ('న్నా', 'U'), ('ను', '|'), ('నీ', 'U'), ('పా', 'U'), ('ద', '|'), ('న', '|'), ('ళి', '|'), ('న', '|'), ('ము', '|'), ('ల', '|'), ('ను', '|'), ('భూ', 'U'), ('ష', '|'), ('ణ', '|'), ('వి', '|'), ('కా', 'U'), ('స', '|'), ('శ్రీ', 'U'), ('ధ', 'U'), ('ర్మ', '|'), ('పు', '|'), ('ర', '|'), ('ని', '|'), ('వా', 'U'), ('స', '|'), ('దు', 'U'), ('ష్ట', '|'), ('సం', 'U'), ('హా', 'U'), ('ర', '|'), ('న', '|'), ('ర', '|'), ('సిం', 'U'), ('హ', '|'), ('దు', '|'), ('రి', '|'), ('త', '|'), ('దూ', 'U'), ('ర', '|')]",1.0,-1.0,1.0,1.0,1.0,-1.0
seesamu,"వేదముల్‌ చదివెడు విప్రవర్యుండైన - రణము సాధించెడు రాజులైన
వర్తక కృషికుఁడౌ వైశ్యముఖ్యుండైనఁ - బరిచరించెడు శూద్రవర్యుఁడైన
మెచ్చుఖడ్గముఁ బట్టిమెఱయు మ్లేచ్ఛుండైనఁ - బ్రజల కక్కఱపడు రజకుడైన
చర్మ మమ్మెడు హీన చండాలనరుఁడైన - నీ మహీతలమందు నెవ్వఁడైన",vupajaathi,Narasimha,"[('వే', 'U'), ('ద', '|'), ('ము', 'U'), ('ల్చ', '|'), ('ది', '|'), ('వె', '|'), ('డు', '|'), ('వి', '|'), ('ప్ర', '|'), ('వ', 'U'), ('ర్యుం', 'U'), ('డై', 'U'), ('న', '|'), ('ర', '|'), ('ణ', '|'), ('ము', '|'), ('సా', 'U'), ('ధిం', 'U'), ('చె', '|'), ('డు', '|'), ('రా', 'U'), ('జు', '|'), ('లై', 'U'), ('న', '|'), ('వ', 'U'), ('ర్త', '|'), ('క', '|'), ('కృ', '|'), ('షి', '|'), ('కు', '|'), ('డౌ', 'U'), ('వై', 'U'), ('శ్య', '|'), ('ము', 'U'), ('ఖ్యుం', 'U'), ('డై', 'U'), ('న', '|'), ('బ', '|'), ('రి', '|'), ('చ', '|'), ('రిం', 'U'), ('చె', '|'), ('డు', '|'), ('శూ', 'U'), ('ద్ర', '|'), ('వ', 'U'), ('ర్యు', '|'), ('డై', 'U'), ('న', '|'), ('మె', 'U'), ('చ్చు', '|'), ('ఖ', 'U'), ('డ్గ', '|'), ('ము', '|'), ('బ', 'U'), ('ట్టి', '|'), ('మె', '|'), ('ఱ', '|'), ('యు', 'U'), ('మ్లే', 'U'), ('చ్ఛుం', 'U'), ('డై', 'U'), ('న', '|'), ('బ్ర', '|'), ('జ', '|'), ('ల', '|'), ('క', 'U'), ('క్క', '|'), ('ఱ', '|'), ('ప', '|'), ('డు', '|'), ('ర', '|'), ('జ', '|'), ('కు', '|'), ('డై', 'U'), ('న', '|'), ('చ', 'U'), ('ర్మ', '|'), ('మ', 'U'), ('మ్మె', '|'), ('డు', '|'), ('హీ', 'U'), ('న', '|'), ('చం', 'U'), ('డా', 'U'), ('ల', '|'), ('న', '|'), ('రు', '|'), ('డై', 'U'), ('న', '|'), ('నీ', 'U'), ('మ', '|'), ('హీ', 'U'), ('త', '|'), ('ల', '|'), ('మం', 'U'), ('దు', '|'), ('నె', 'U'), ('వ్వ', '|'), ('డై', 'U'), ('న', '|')]",0.5833333333333334,-1.0,1.0,0.625,0.125,-1.0
teytageethi,"నిన్నుఁ గొనియాడుచుండెనా నిశ్చయముగ - వాఁడు మోక్షాధికారి యీ వసుధలోన
భూషణవికాస! శ్రీధర్మపురనివాస! - దుష్టసంహార! నరసింహ దురితదూర!",vupajaathi,Narasimha,"[('ని', 'U'), ('న్ను', '|'), ('గొ', '|'), ('ని', '|'), ('యా', 'U'), ('డు', '|'), ('చుం', 'U'), ('డె', '|'), ('నా', 'U'), ('ని', 'U'), ('శ్చ', '|'), ('య', '|'), ('ము', '|'), ('గ', '|'), ('వా', 'U'), ('డు', '|'), ('మో', 'U'), ('క్షా', 'U'), ('ధి', '|'), ('కా', 'U'), ('రి', '|'), ('యీ', 'U'), ('వ', '|'), ('సు', '|'), ('ధ', '|'), ('లో', 'U'), ('న', '|'), ('భూ', 'U'), ('ష', '|'), ('ణ', '|'), ('వి', '|'), ('కా', 'U'), ('స', '|'), ('శ్రీ', 'U'), ('ధ', 'U'), ('ర్మ', '|'), ('పు', '|'), ('ర', '|'), ('ని', '|'), ('వా', 'U'), ('స', '|'), ('దు', 'U'), ('ష్ట', '|'), ('సం', 'U'), ('హా', 'U'), ('ర', '|'), ('న', '|'), ('ర', '|'), ('సిం', 'U'), ('హ', '|'), ('దు', '|'), ('రి', '|'), ('త', '|'), ('దూ', 'U'), ('ర', '|')]",1.0,-1.0,1.0,1.0,1.0,-1.0
seesamu,"సకలవిద్యలు నేర్చి సభ జయింపఁగవచ్చుఁ - శూరుఁడై రణమందుఁ బోరవచ్చు
రాజరాజై పుట్టి రాజ్య మేలఁగవచ్చు - హేమ గోదానంబు లియ్యగవచ్చు
గగనమం దున్న చుక్కల నెంచఁగావచ్చు - జీవరాశుల పేళ్లు చెప్పవచ్చు
నష్టాంగయోగము లభ్యసింపఁగవచ్చు - మేఁక రీతిగ నాకు మెసవవచ్చు",vupajaathi,Narasimha,"[('స', '|'), ('క', '|'), ('ల', '|'), ('వి', 'U'), ('ద్య', '|'), ('లు', '|'), ('నే', 'U'), ('ర్చి', '|'), ('స', '|'), ('భ', '|'), ('జ', '|'), ('యిం', 'U'), ('ప', '|'), ('గ', '|'), ('వ', 'U'), ('చ్చు', '|'), ('శూ', 'U'), ('రు', '|'), ('డై', 'U'), ('ర', '|'), ('ణ', '|'), ('మం', 'U'), ('దు', '|'), ('బో', 'U'), ('ర', '|'), ('వ', 'U'), ('చ్చు', '|'), ('రా', 'U'), ('జ', '|'), ('రా', 'U'), ('జై', 'U'), ('పు', 'U'), ('ట్టి', '|'), ('రా', 'U'), ('జ్య', '|'), ('మే', 'U'), ('ల', '|'), ('గ', '|'), ('వ', 'U'), ('చ్చు', '|'), ('హే', 'U'), ('మ', '|'), ('గో', 'U'), ('దా', 'U'), ('నం', 'U'), ('బు', '|'), ('లి', 'U'), ('య్య', '|'), ('గ', '|'), ('వ', 'U'), ('చ్చు', '|'), ('గ', '|'), ('గ', '|'), ('న', '|'), ('మం', 'U'), ('దు', 'U'), ('న్న', '|'), ('చు', 'U'), ('క్క', '|'), ('ల', '|'), ('నెం', 'U'), ('చ', '|'), ('గా', 'U'), ('వ', 'U'), ('చ్చు', '|'), ('జీ', 'U'), ('వ', '|'), ('రా', 'U'), ('శు', '|'), ('ల', '|'), ('పే', 'U'), ('ళ్లు', '|'), ('చె', 'U'), ('ప్ప', '|'), ('వ', 'U'), ('చ్చు', '|'), ('న', 'U'), ('ష్టాం', 'U'), ('గ', '|'), ('యో', 'U'), ('గ', '|'), ('ము', '|'), ('ల', 'U'), ('భ్య', '|'), ('సిం', 'U'), ('ప', '|'), ('గ', '|'), ('వ', 'U'), ('చ్చు', '|'), ('మే', 'U'), ('క', '|'), ('రీ', 'U'), ('తి', '|'), ('గ', '|'), ('నా', 'U'), ('కు', '|'), ('మె', '|'), ('స', '|'), ('వ', '|'), ('వ', 'U'), ('చ్చు', '|')]",0.90625,-1.0,1.0,0.96875,0.75,-1.0
teytageethi,"తామరస గర్భ! హర పురందరులకైన - నిన్ను వర్ణింపఁ దరమౌనె నీరజాక్ష!
భూషణవికాస! శ్రీధర్మపురనివాస! - దుష్టసంహార! నరసింహ దురితదూర!",vupajaathi,Narasimha,"[('తా', 'U'), ('మ', '|'), ('ర', '|'), ('స', '|'), ('గ', 'U'), ('ర్భ', '|'), ('హ', '|'), ('ర', '|'), ('పు', '|'), ('రం', 'U'), ('ద', '|'), ('రు', '|'), ('ల', '|'), ('కై', 'U'), ('న', '|'), ('ని', 'U'), ('న్ను', '|'), ('వ', 'U'), ('ర్ణిం', 'U'), ('ప', '|'), ('ద', '|'), ('ర', '|'), ('మౌ', 'U'), ('నె', '|'), ('నీ', 'U'), ('ర', '|'), ('జా', 'U'), ('క్ష', '|'), ('భూ', 'U'), ('ష', '|'), ('ణ', '|'), ('వి', '|'), ('కా', 'U'), ('స', '|'), ('శ్రీ', 'U'), ('ధ', 'U'), ('ర్మ', '|'), ('పు', '|'), ('ర', '|'), ('ని', '|'), ('వా', 'U'), ('స', '|'), ('దు', 'U'), ('ష్ట', '|'), ('సం', 'U'), ('హా', 'U'), ('ర', '|'), ('న', '|'), ('ర', '|'), ('సిం', 'U'), ('హ', '|'), ('దు', '|'), ('రి', '|'), ('త', '|'), ('దూ', 'U'), ('ర', '|')]",1.0,-1.0,1.0,1.0,1.0,-1.0
seesamu,"నరసింహ! నీవంటిదొరను సంపాదించి - సుమతి మానవుల నేఁ గొల్వఁజాల
నెక్కు వైశ్వర్యంబు లియ్యలేకున్నను - బొట్టకు మాత్రము పోయరాదె?
ఘనము గాదిది నీకు కరవునఁ బోషింపఁ - గష్ట మెంతటి స్వల్పకార్యమయ్య?
పెట్టఁ జాలక యేల భిక్షమెత్తించెదవు - నన్ను బీదను జేసినా వదేమి?",vupajaathi,Narasimha,"[('న', '|'), ('ర', '|'), ('సిం', 'U'), ('హ', '|'), ('నీ', 'U'), ('వం', 'U'), ('టి', '|'), ('దొ', '|'), ('ర', '|'), ('ను', '|'), ('సం', 'U'), ('పా', 'U'), ('దిం', 'U'), ('చి', '|'), ('సు', '|'), ('మ', '|'), ('తి', '|'), ('మా', 'U'), ('న', '|'), ('వు', '|'), ('ల', '|'), ('నే', 'U'), ('గొ', 'U'), ('ల్వ', '|'), ('జా', 'U'), ('ల', '|'), ('నె', 'U'), ('క్కు', '|'), ('వై', 'U'), ('శ్వ', 'U'), ('ర్యం', 'U'), ('బు', '|'), ('లి', 'U'), ('య్య', '|'), ('లే', 'U'), ('కు', 'U'), ('న్న', '|'), ('ను', '|'), ('బొ', 'U'), ('ట్ట', '|'), ('కు', '|'), ('మా', 'U'), ('త్ర', '|'), ('ము', '|'), ('పో', 'U'), ('య', '|'), ('రా', 'U'), ('దె', '|'), ('ఘ', '|'), ('న', '|'), ('ము', '|'), ('గా', 'U'), ('ది', '|'), ('ది', '|'), ('నీ', 'U'), ('కు', '|'), ('క', '|'), ('ర', '|'), ('వు', '|'), ('న', '|'), ('బో', 'U'), ('షిం', 'U'), ('ప', '|'), ('గ', 'U'), ('ష్ట', '|'), ('మెం', 'U'), ('త', '|'), ('టి', 'U'), ('స్వ', 'U'), ('ల్ప', '|'), ('కా', 'U'), ('ర్య', '|'), ('మ', 'U'), ('య్య', '|'), ('పె', 'U'), ('ట్ట', '|'), ('జా', 'U'), ('ల', '|'), ('క', '|'), ('యే', 'U'), ('ల', '|'), ('భి', 'U'), ('క్ష', '|'), ('మె', 'U'), ('త్తిం', 'U'), ('చె', '|'), ('ద', '|'), ('వు', '|'), ('న', 'U'), ('న్ను', '|'), ('బీ', 'U'), ('ద', '|'), ('ను', '|'), ('జే', 'U'), ('సి', '|'), ('నా', 'U'), ('వ', '|'), ('దే', 'U'), ('మి', '|')]",0.8541666666666666,-1.0,1.0,0.9375,0.625,-1.0
teytageethi,"అమల! కమలాక్ష! నేనిట్లు శ్రమపడంగఁ - గన్నులకుఁ బండువై నీకుఁ గానఁబడునె?
భూషణవికాస! శ్రీధర్మపురనివాస! - దుష్టసంహార! నరసింహ దురితదూర!",vupajaathi,Narasimha,"[('అ', '|'), ('మ', '|'), ('ల', '|'), ('క', '|'), ('మ', '|'), ('లా', 'U'), ('క్ష', '|'), ('నే', 'U'), ('ని', 'U'), ('ట్లు', '|'), ('శ్ర', '|'), ('మ', '|'), ('ప', '|'), ('డం', 'U'), ('గ', '|'), ('గ', 'U'), ('న్ను', '|'), ('ల', '|'), ('కు', '|'), ('బం', 'U'), ('డు', '|'), ('వై', 'U'), ('నీ', 'U'), ('కు', '|'), ('గా', 'U'), ('న', '|'), ('బ', '|'), ('డు', '|'), ('నె', '|'), ('భూ', 'U'), ('ష', '|'), ('ణ', '|'), ('వి', '|'), ('కా', 'U'), ('స', '|'), ('శ్రీ', 'U'), ('ధ', 'U'), ('ర్మ', '|'), ('పు', '|'), ('ర', '|'), ('ని', '|'), ('వా', 'U'), ('స', '|'), ('దు', 'U'), ('ష్ట', '|'), ('సం', 'U'), ('హా', 'U'), ('ర', '|'), ('న', '|'), ('ర', '|'), ('సిం', 'U'), ('హ', '|'), ('దు', '|'), ('రి', '|'), ('త', '|'), ('దూ', 'U'), ('ర', '|')]",1.0,-1.0,1.0,1.0,1.0,-1.0
seesamu,"వనరుహనాభ! నీవంకఁ జేరితి నేను - గట్టిగా ననుఁ గావు కావు మనుచు
వచ్చినందుకు వేగ వరము లియ్యకకాని - లేవఁబోయిన నిన్ను లేవనియ్యఁ
గూర్చుండఁబెట్టి నీకొంగు గట్టిగఁ బట్టి - పుచ్చుకొందును జూడు భోగిశయన!
యీవేళ నీ కడ్డమెవరు వచ్చినఁ గాని - వారికైనను లొంగి వడఁకఁబోను",vupajaathi,Narasimha,"[('వ', '|'), ('న', '|'), ('రు', '|'), ('హ', '|'), ('నా', 'U'), ('భ', '|'), ('నీ', 'U'), ('వం', 'U'), ('క', '|'), ('జే', 'U'), ('రి', '|'), ('తి', '|'), ('నే', 'U'), ('ను', '|'), ('గ', 'U'), ('ట్టి', '|'), ('గా', 'U'), ('న', '|'), ('ను', '|'), ('గా', 'U'), ('వు', '|'), ('కా', 'U'), ('వు', '|'), ('మ', '|'), ('ను', '|'), ('చు', '|'), ('వ', 'U'), ('చ్చి', '|'), ('నం', 'U'), ('దు', '|'), ('కు', '|'), ('వే', 'U'), ('గ', '|'), ('వ', '|'), ('ర', '|'), ('ము', '|'), ('లి', 'U'), ('య్య', '|'), ('క', '|'), ('కా', 'U'), ('ని', '|'), ('లే', 'U'), ('వ', '|'), ('బో', 'U'), ('యి', '|'), ('న', '|'), ('ని', 'U'), ('న్ను', '|'), ('లే', 'U'), ('వ', '|'), ('ని', 'U'), ('య్య', '|'), ('గూ', 'U'), ('ర్చుం', 'U'), ('డ', '|'), ('బె', 'U'), ('ట్టి', '|'), ('నీ', 'U'), ('కొం', 'U'), ('గు', '|'), ('గ', 'U'), ('ట్టి', '|'), ('గ', '|'), ('బ', 'U'), ('ట్టి', '|'), ('పు', 'U'), ('చ్చు', '|'), ('కొం', 'U'), ('దు', '|'), ('ను', '|'), ('జూ', 'U'), ('డు', '|'), ('భో', 'U'), ('గి', '|'), ('శ', '|'), ('య', '|'), ('న', '|'), ('యీ', 'U'), ('వే', 'U'), ('ళ', '|'), ('నీ', 'U'), ('క', 'U'), ('డ్డ', '|'), ('మె', '|'), ('వ', '|'), ('రు', '|'), ('వ', 'U'), ('చ్చి', '|'), ('న', '|'), ('గా', 'U'), ('ని', '|'), ('వా', 'U'), ('రి', '|'), ('కై', 'U'), ('న', '|'), ('ను', '|'), ('లొం', 'U'), ('గి', '|'), ('వ', '|'), ('డ', '|'), ('క', '|'), ('బో', 'U'), ('ను', '|')]",0.9583333333333334,-1.0,1.0,1.0,0.875,-1.0
teytageethi,"గోపగాఁడను నీవు నా గుణము తెలిసి - యిప్పుడే నన్ను రక్షించి యేలుకొమ్ము
భూషణవికాస! శ్రీధర్మపురనివాస! - దుష్టసంహార! నరసింహ దురితదూర!",vupajaathi,Narasimha,"[('గో', 'U'), ('ప', '|'), ('గా', 'U'), ('డ', '|'), ('ను', '|'), ('నీ', 'U'), ('వు', '|'), ('నా', 'U'), ('గు', '|'), ('ణ', '|'), ('ము', '|'), ('తె', '|'), ('లి', '|'), ('సి', '|'), ('యి', 'U'), ('ప్పు', '|'), ('డే', 'U'), ('న', 'U'), ('న్ను', '|'), ('ర', 'U'), ('క్షిం', 'U'), ('చి', '|'), ('యే', 'U'), ('లు', '|'), ('కొ', 'U'), ('మ్ము', '|'), ('భూ', 'U'), ('ష', '|'), ('ణ', '|'), ('వి', '|'), ('కా', 'U'), ('స', '|'), ('శ్రీ', 'U'), ('ధ', 'U'), ('ర్మ', '|'), ('పు', '|'), ('ర', '|'), ('ని', '|'), ('వా', 'U'), ('స', '|'), ('దు', 'U'), ('ష్ట', '|'), ('సం', 'U'), ('హా', 'U'), ('ర', '|'), ('న', '|'), ('ర', '|'), ('సిం', 'U'), ('హ', '|'), ('దు', '|'), ('రి', '|'), ('త', '|'), ('దూ', 'U'), ('ర', '|')]",1.0,-1.0,1.0,1.0,1.0,-1.0
seesamu,"ప్రహ్లాదుఁ డేపాటి పైఁడి కానుక లిచ్చె? - మదగజం బెన్నిచ్చె మౌక్తికములు?
నారదుం డెన్నిచ్చె నగలు రత్నంబు? ల - హల్య నీకే యగ్రహారమిచ్చె?
ఉడుత నీ కేపాటి యూడిగంబులు చేసె? - ఘనవిభీషణుఁ డేమి కట్నమిచ్చె?
పంచపాండవు లేమి లంచ మిచ్చిరి నీకు? - ద్రౌపతి నీ కెంత ద్రవ్యమిచ్చె?",vupajaathi,Narasimha,"[('ప్ర', 'U'), ('హ్లా', 'U'), ('దు', '|'), ('డే', 'U'), ('పా', 'U'), ('టి', '|'), ('పై', 'U'), ('డి', '|'), ('కా', 'U'), ('ను', '|'), ('క', '|'), ('లి', 'U'), ('చ్చె', '|'), ('మ', '|'), ('ద', '|'), ('గ', '|'), ('జం', 'U'), ('బె', 'U'), ('న్ని', 'U'), ('చ్చె', '|'), ('మౌ', 'U'), ('క్తి', '|'), ('క', '|'), ('ము', '|'), ('లు', '|'), ('నా', 'U'), ('ర', '|'), ('దుం', 'U'), ('డె', 'U'), ('న్ని', 'U'), ('చ్చె', '|'), ('న', '|'), ('గ', '|'), ('లు', '|'), ('ర', 'U'), ('త్నం', 'U'), ('బు', '|'), ('ల', '|'), ('హ', 'U'), ('ల్య', '|'), ('నీ', 'U'), ('కే', 'U'), ('య', '|'), ('గ్ర', '|'), ('హా', 'U'), ('ర', '|'), ('మి', 'U'), ('చ్చె', '|'), ('ఉ', '|'), ('డు', '|'), ('త', '|'), ('నీ', 'U'), ('కే', 'U'), ('పా', 'U'), ('టి', '|'), ('యూ', 'U'), ('డి', '|'), ('గం', 'U'), ('బు', '|'), ('లు', '|'), ('చే', 'U'), ('సె', '|'), ('ఘ', '|'), ('న', '|'), ('వి', '|'), ('భీ', 'U'), ('ష', '|'), ('ణు', '|'), ('డే', 'U'), ('మి', '|'), ('క', 'U'), ('ట్న', '|'), ('మి', 'U'), ('చ్చె', '|'), ('పం', 'U'), ('చ', '|'), ('పాం', 'U'), ('డ', '|'), ('వు', '|'), ('లే', 'U'), ('మి', '|'), ('లం', 'U'), ('చ', '|'), ('మి', 'U'), ('చ్చి', '|'), ('రి', '|'), ('నీ', 'U'), ('కు', '|'), ('ద్రౌ', 'U'), ('ప', '|'), ('తి', '|'), ('నీ', 'U'), ('కెం', 'U'), ('త', '|'), ('ద్ర', 'U'), ('వ్య', '|'), ('మి', 'U'), ('చ్చె', '|')]",0.9583333333333334,-1.0,1.0,1.0,0.875,-1.0
teytageethi,"నీకు వీరంద ఱయినట్లు నేను గాన? - యెందుకని నన్ను రక్షింప విందువదన?
భూషణవికాస! శ్రీధర్మపురనివాస! - దుష్టసంహార! నరసింహ దురితదూర!",vupajaathi,Narasimha,"[('నీ', 'U'), ('కు', '|'), ('వీ', 'U'), ('రం', 'U'), ('ద', '|'), ('ఱ', '|'), ('యి', '|'), ('న', 'U'), ('ట్లు', '|'), ('నే', 'U'), ('ను', '|'), ('గా', 'U'), ('న', '|'), ('యెం', 'U'), ('దు', '|'), ('క', '|'), ('ని', '|'), ('న', 'U'), ('న్ను', '|'), ('ర', 'U'), ('క్షిం', 'U'), ('ప', '|'), ('విం', 'U'), ('దు', '|'), ('వ', '|'), ('ద', '|'), ('న', '|'), ('భూ', 'U'), ('ష', '|'), ('ణ', '|'), ('వి', '|'), ('కా', 'U'), ('స', '|'), ('శ్రీ', 'U'), ('ధ', 'U'), ('ర్మ', '|'), ('పు', '|'), ('ర', '|'), ('ని', '|'), ('వా', 'U'), ('స', '|'), ('దు', 'U'), ('ష్ట', '|'), ('సం', 'U'), ('హా', 'U'), ('ర', '|'), ('న', '|'), ('ర', '|'), ('సిం', 'U'), ('హ', '|'), ('దు', '|'), ('రి', '|'), ('త', '|'), ('దూ', 'U'), ('ర', '|')]",1.0,-1.0,1.0,1.0,1.0,-1.0
seesamu,"వాంఛతో బలిచక్రవర్తి దగ్గర జేరి - భిక్షమెత్తితి వేల, బిడియపడక?
యడవిలో శబరి దియ్యని ఫలా లందియ్యఁ - జేతులొగ్గితి వేల, సిగ్గుపడక?
వేడ్కతో వేవేగ విదురునింటికి నేఁగి - విందుఁగొంటి వదేమి, వెలితిపడక?
నటుకు లల్పము కుచేలుఁడు గడించుక తేర - బొక్కసాగితి వేల, లెక్కగొనక?",vupajaathi,Narasimha,"[('వాం', 'U'), ('ఛ', '|'), ('తో', 'U'), ('బ', '|'), ('లి', '|'), ('చ', '|'), ('క్ర', '|'), ('వ', 'U'), ('ర్తి', '|'), ('ద', 'U'), ('గ్గ', '|'), ('ర', '|'), ('జే', 'U'), ('రి', '|'), ('భి', 'U'), ('క్ష', '|'), ('మె', 'U'), ('త్తి', '|'), ('తి', '|'), ('వే', 'U'), ('ల', '|'), ('బి', '|'), ('డి', '|'), ('య', '|'), ('ప', '|'), ('డ', '|'), ('క', '|'), ('య', '|'), ('డ', '|'), ('వి', '|'), ('లో', 'U'), ('శ', '|'), ('బ', '|'), ('రి', '|'), ('ది', 'U'), ('య్య', '|'), ('ని', '|'), ('ఫ', '|'), ('లా', 'U'), ('లం', 'U'), ('ది', 'U'), ('య్య', '|'), ('జే', 'U'), ('తు', '|'), ('లొ', 'U'), ('గ్గి', '|'), ('తి', '|'), ('వే', 'U'), ('ల', '|'), ('సి', 'U'), ('గ్గు', '|'), ('ప', '|'), ('డ', '|'), ('క', '|'), ('వే', 'U'), ('డ్క', '|'), ('తో', 'U'), ('వే', 'U'), ('వే', 'U'), ('గ', '|'), ('వి', '|'), ('దు', '|'), ('రు', '|'), ('నిం', 'U'), ('టి', '|'), ('కి', '|'), ('నే', 'U'), ('గి', '|'), ('విం', 'U'), ('దు', '|'), ('గొం', 'U'), ('టి', '|'), ('వ', '|'), ('దే', 'U'), ('మి', '|'), ('వె', '|'), ('లి', '|'), ('తి', '|'), ('ప', '|'), ('డ', '|'), ('క', '|'), ('న', '|'), ('టు', '|'), ('కు', '|'), ('ల', 'U'), ('ల్ప', '|'), ('ము', '|'), ('కు', '|'), ('చే', 'U'), ('లు', '|'), ('డు', '|'), ('గ', '|'), ('డిం', 'U'), ('చు', '|'), ('క', '|'), ('తే', 'U'), ('ర', '|'), ('బొ', 'U'), ('క్క', '|'), ('సా', 'U'), ('గి', '|'), ('తి', '|'), ('వే', 'U'), ('ల', '|'), ('లె', 'U'), ('క్క', '|'), ('గొ', '|'), ('న', '|'), ('క', '|')]",0.9583333333333334,-1.0,1.0,1.0,0.875,-1.0
teytageethi,"భక్తులకు నీవు పెట్టుట భాగ్యమౌను - వారి కాశించితివి తిండివాఁడ వగుచు
భూషణవికాస! శ్రీధర్మపురనివాస! - దుష్టసంహార! నరసింహ దురితదూర!",vupajaathi,Narasimha,"[('భ', 'U'), ('క్తు', '|'), ('ల', '|'), ('కు', '|'), ('నీ', 'U'), ('వు', '|'), ('పె', 'U'), ('ట్టు', '|'), ('ట', '|'), ('భా', 'U'), ('గ్య', '|'), ('మౌ', 'U'), ('ను', '|'), ('వా', 'U'), ('రి', '|'), ('కా', 'U'), ('శిం', 'U'), ('చి', '|'), ('తి', '|'), ('వి', '|'), ('తిం', 'U'), ('డి', '|'), ('వా', 'U'), ('డ', '|'), ('వ', '|'), ('గు', '|'), ('చు', '|'), ('భూ', 'U'), ('ష', '|'), ('ణ', '|'), ('వి', '|'), ('కా', 'U'), ('స', '|'), ('శ్రీ', 'U'), ('ధ', 'U'), ('ర్మ', '|'), ('పు', '|'), ('ర', '|'), ('ని', '|'), ('వా', 'U'), ('స', '|'), ('దు', 'U'), ('ష్ట', '|'), ('సం', 'U'), ('హా', 'U'), ('ర', '|'), ('న', '|'), ('ర', '|'), ('సిం', 'U'), ('హ', '|'), ('దు', '|'), ('రి', '|'), ('త', '|'), ('దూ', 'U'), ('ర', '|')]",1.0,-1.0,1.0,1.0,1.0,-1.0
seesamu,"స్తంభమం దుదయించి దానవేంద్రునిఁ ద్రుంచి - కరుణతోఁ బ్రహ్లాదుఁ గాచినావు
మకరిచేఁ జిక్కి సామజము దుఃఖించంగఁ - గృపయుంచి వేగ రక్షించినావు
శరణంచు నా విభీషణుఁడు నీ చాటున - వచ్చినప్పుడె లంక నిచ్చినావు
ఆ కుచేలుఁడు చేరెఁడటుకు లర్పించిన - బహుసంపదల నిచ్చి పంపినావు",vupajaathi,Narasimha,"[('స్తం', 'U'), ('భ', '|'), ('మం', 'U'), ('దు', '|'), ('ద', '|'), ('యిం', 'U'), ('చి', '|'), ('దా', 'U'), ('న', '|'), ('వేం', 'U'), ('ద్రు', '|'), ('ని', '|'), ('ద్రుం', 'U'), ('చి', '|'), ('క', '|'), ('రు', '|'), ('ణ', '|'), ('తో', 'U'), ('బ్ర', 'U'), ('హ్లా', 'U'), ('దు', '|'), ('గా', 'U'), ('చి', '|'), ('నా', 'U'), ('వు', '|'), ('మ', '|'), ('క', '|'), ('రి', '|'), ('చే', 'U'), ('జి', 'U'), ('క్కి', '|'), ('సా', 'U'), ('మ', '|'), ('జ', '|'), ('ము', '|'), ('దుః', 'U'), ('ఖిం', 'U'), ('చం', 'U'), ('గ', '|'), ('గృ', '|'), ('ప', '|'), ('యుం', 'U'), ('చి', '|'), ('వే', 'U'), ('గ', '|'), ('ర', 'U'), ('క్షిం', 'U'), ('చి', '|'), ('నా', 'U'), ('వు', '|'), ('శ', '|'), ('ర', '|'), ('ణం', 'U'), ('చు', '|'), ('నా', 'U'), ('వి', '|'), ('భీ', 'U'), ('ష', '|'), ('ణు', '|'), ('డు', '|'), ('నీ', 'U'), ('చా', 'U'), ('టు', '|'), ('న', '|'), ('వ', 'U'), ('చ్చి', '|'), ('న', 'U'), ('ప్పు', '|'), ('డె', '|'), ('లం', 'U'), ('క', '|'), ('ని', 'U'), ('చ్చి', '|'), ('నా', 'U'), ('వు', '|'), ('ఆ', 'U'), ('కు', '|'), ('చే', 'U'), ('లు', '|'), ('డు', '|'), ('చే', 'U'), ('రె', '|'), ('డ', '|'), ('టు', '|'), ('కు', '|'), ('ల', 'U'), ('ర్పిం', 'U'), ('చి', '|'), ('న', '|'), ('బ', '|'), ('హు', '|'), ('సం', 'U'), ('ప', '|'), ('ద', '|'), ('ల', '|'), ('ని', 'U'), ('చ్చి', '|'), ('పం', 'U'), ('పి', '|'), ('నా', 'U'), ('వు', '|')]",0.9583333333333334,-1.0,1.0,1.0,0.875,-1.0
teytageethi,"వారివలె నన్నుఁ బోషింప వశముగాదె? - యింత వలపక్ష మేల శ్రీకాంత! నీకు?
భూషణవికాస! శ్రీధర్మపురనివాస! - దుష్టసంహార! నరసింహ దురితదూర!",vupajaathi,Narasimha,"[('వా', 'U'), ('రి', '|'), ('వ', '|'), ('లె', '|'), ('న', 'U'), ('న్ను', '|'), ('బో', 'U'), ('షిం', 'U'), ('ప', '|'), ('వ', '|'), ('శ', '|'), ('ము', '|'), ('గా', 'U'), ('దె', '|'), ('యిం', 'U'), ('త', '|'), ('వ', '|'), ('ల', '|'), ('ప', 'U'), ('క్ష', '|'), ('మే', 'U'), ('ల', '|'), ('శ్రీ', 'U'), ('కాం', 'U'), ('త', '|'), ('నీ', 'U'), ('కు', '|'), ('భూ', 'U'), ('ష', '|'), ('ణ', '|'), ('వి', '|'), ('కా', 'U'), ('స', '|'), ('శ్రీ', 'U'), ('ధ', 'U'), ('ర్మ', '|'), ('పు', '|'), ('ర', '|'), ('ని', '|'), ('వా', 'U'), ('స', '|'), ('దు', 'U'), ('ష్ట', '|'), ('సం', 'U'), ('హా', 'U'), ('ర', '|'), ('న', '|'), ('ర', '|'), ('సిం', 'U'), ('హ', '|'), ('దు', '|'), ('రి', '|'), ('త', '|'), ('దూ', 'U'), ('ర', '|')]",1.0,-1.0,1.0,1.0,1.0,-1.0
seesamu,"వ్యాసుఁడే కులమందు వాసిగా జన్మించె? - విదురుఁడే కులమందు వృద్ధిఁ బొందెఁ?
గర్ణుఁడే కులమందు ఘనముగా వర్ధిల్లె? - నా వసిష్ఠుం డెందు నవతరించె?
నింపుగా వాల్మీకి యే కులంబునఁ బుట్టె? - గుహుఁ డను పుణ్యుఁడే కులమువాఁడు?
శ్రీశుకుఁ డెచ్చటఁ జెలఁగి జన్మించెను? - శబరి యే కులమందు జన్మమొందె?",vupajaathi,Narasimha,"[('వ్యా', 'U'), ('సు', '|'), ('డే', 'U'), ('కు', '|'), ('ల', '|'), ('మం', 'U'), ('దు', '|'), ('వా', 'U'), ('సి', '|'), ('గా', 'U'), ('జ', 'U'), ('న్మిం', 'U'), ('చె', '|'), ('వి', '|'), ('దు', '|'), ('రు', '|'), ('డే', 'U'), ('కు', '|'), ('ల', '|'), ('మం', 'U'), ('దు', '|'), ('వృ', 'U'), ('ద్ధి', '|'), ('బొం', 'U'), ('దె', '|'), ('గ', 'U'), ('ర్ణు', '|'), ('డే', 'U'), ('కు', '|'), ('ల', '|'), ('మం', 'U'), ('దు', '|'), ('ఘ', '|'), ('న', '|'), ('ము', '|'), ('గా', 'U'), ('వ', 'U'), ('ర్ధి', 'U'), ('ల్లె', '|'), ('నా', 'U'), ('వ', '|'), ('సి', 'U'), ('ష్ఠుం', 'U'), ('డెం', 'U'), ('దు', '|'), ('న', '|'), ('వ', '|'), ('త', '|'), ('రిం', 'U'), ('చె', '|'), ('నిం', 'U'), ('పు', '|'), ('గా', 'U'), ('వా', 'U'), ('ల్మీ', 'U'), ('కి', '|'), ('యే', 'U'), ('కు', '|'), ('లం', 'U'), ('బు', '|'), ('న', '|'), ('బు', 'U'), ('ట్టె', '|'), ('గు', '|'), ('హు', '|'), ('డ', '|'), ('ను', '|'), ('పు', 'U'), ('ణ్యు', '|'), ('డే', 'U'), ('కు', '|'), ('ల', '|'), ('ము', '|'), ('వా', 'U'), ('డు', '|'), ('శ్రీ', 'U'), ('శు', '|'), ('కు', '|'), ('డె', 'U'), ('చ్చ', '|'), ('ట', '|'), ('జె', '|'), ('ల', '|'), ('గి', '|'), ('జ', 'U'), ('న్మిం', 'U'), ('చె', '|'), ('ను', '|'), ('శ', '|'), ('బ', '|'), ('రి', '|'), ('యే', 'U'), ('కు', '|'), ('ల', '|'), ('మం', 'U'), ('దు', '|'), ('జ', 'U'), ('న్మ', '|'), ('మొం', 'U'), ('దె', '|')]",0.9166666666666666,-1.0,1.0,1.0,0.75,-1.0
teytageethi,"నే కులంబున వీరంద ఱెచ్చినారు? - నీ కృపాపాత్రులకు జాతినీతు లేల?
భూషణవికాస! శ్రీధర్మపురనివాస! - దుష్టసంహార! నరసింహ దురితదూర!",vupajaathi,Narasimha,"[('నే', 'U'), ('కు', '|'), ('లం', 'U'), ('బు', '|'), ('న', '|'), ('వీ', 'U'), ('రం', 'U'), ('ద', '|'), ('ఱె', 'U'), ('చ్చి', '|'), ('నా', 'U'), ('రు', '|'), ('నీ', 'U'), ('కృ', '|'), ('పా', 'U'), ('పా', 'U'), ('త్రు', '|'), ('ల', '|'), ('కు', '|'), ('జా', 'U'), ('తి', '|'), ('నీ', 'U'), ('తు', '|'), ('లే', 'U'), ('ల', '|'), ('భూ', 'U'), ('ష', '|'), ('ణ', '|'), ('వి', '|'), ('కా', 'U'), ('స', '|'), ('శ్రీ', 'U'), ('ధ', 'U'), ('ర్మ', '|'), ('పు', '|'), ('ర', '|'), ('ని', '|'), ('వా', 'U'), ('స', '|'), ('దు', 'U'), ('ష్ట', '|'), ('సం', 'U'), ('హా', 'U'), ('ర', '|'), ('న', '|'), ('ర', '|'), ('సిం', 'U'), ('హ', '|'), ('దు', '|'), ('రి', '|'), ('త', '|'), ('దూ', 'U'), ('ర', '|')]",0.9166666666666666,-1.0,1.0,1.0,0.75,-1.0
seesamu,"వసుధాస్థలంబున వర్ణహీనుఁడు గాని - బహుళ దురాచారపరుఁడు గాని
తడసి కాసియ్యని ధర్మశూన్యుఁడు గాని - చదువనేరని మూఢజనుఁడు గాని
సకలమానవులు మెచ్చని కృతఘ్నుఁడు గాని - చూడ సొంపును లేని శుంఠ గాని
అప్రతిష్ఠలకు లోనైన దీనుఁడు గాని - మొదటికే మెఱుఁగని మోటుగాని",vupajaathi,Narasimha,"[('వ', '|'), ('సు', '|'), ('ధా', 'U'), ('స్థ', '|'), ('లం', 'U'), ('బు', '|'), ('న', '|'), ('వ', 'U'), ('ర్ణ', '|'), ('హీ', 'U'), ('ను', '|'), ('డు', '|'), ('గా', 'U'), ('ని', '|'), ('బ', '|'), ('హు', '|'), ('ళ', '|'), ('దు', '|'), ('రా', 'U'), ('చా', 'U'), ('ర', '|'), ('ప', '|'), ('రు', '|'), ('డు', '|'), ('గా', 'U'), ('ని', '|'), ('త', '|'), ('డ', '|'), ('సి', '|'), ('కా', 'U'), ('సి', 'U'), ('య్య', '|'), ('ని', '|'), ('ధ', 'U'), ('ర్మ', '|'), ('శూ', 'U'), ('న్యు', '|'), ('డు', '|'), ('గా', 'U'), ('ని', '|'), ('చ', '|'), ('దు', '|'), ('వ', '|'), ('నే', 'U'), ('ర', '|'), ('ని', '|'), ('మూ', 'U'), ('ఢ', '|'), ('జ', '|'), ('ను', '|'), ('డు', '|'), ('గా', 'U'), ('ని', '|'), ('స', '|'), ('క', '|'), ('ల', '|'), ('మా', 'U'), ('న', '|'), ('వు', '|'), ('లు', '|'), ('మె', 'U'), ('చ్చ', '|'), ('ని', '|'), ('కృ', '|'), ('త', 'U'), ('ఘ్ను', '|'), ('డు', '|'), ('గా', 'U'), ('ని', '|'), ('చూ', 'U'), ('డ', '|'), ('సొం', 'U'), ('పు', '|'), ('ను', '|'), ('లే', 'U'), ('ని', '|'), ('శుం', 'U'), ('ఠ', '|'), ('గా', 'U'), ('ని', '|'), ('అ', '|'), ('ప్ర', '|'), ('తి', 'U'), ('ష్ఠ', '|'), ('ల', '|'), ('కు', '|'), ('లో', 'U'), ('నై', 'U'), ('న', '|'), ('దీ', 'U'), ('ను', '|'), ('డు', '|'), ('గా', 'U'), ('ని', '|'), ('మొ', '|'), ('ద', '|'), ('టి', '|'), ('కే', 'U'), ('మె', '|'), ('ఱు', '|'), ('గ', '|'), ('ని', '|'), ('మో', 'U'), ('టు', '|'), ('గా', 'U'), ('ని', '|')]",0.875,-1.0,1.0,0.875,0.75,-1.0
teytageethi,"ప్రతిదినము నీదు భజనచేఁ బరఁగునట్టి - వానికే వంక లేదయ్య వచ్చు ముక్తి
భూషణవికాస! శ్రీధర్మపురనివాస! - దుష్టసంహార! నరసింహ దురితదూర!",vupajaathi,Narasimha,"[('ప్ర', '|'), ('తి', '|'), ('ది', '|'), ('న', '|'), ('ము', '|'), ('నీ', 'U'), ('దు', '|'), ('భ', '|'), ('జ', '|'), ('న', '|'), ('చే', 'U'), ('బ', '|'), ('ర', '|'), ('గు', '|'), ('న', 'U'), ('ట్టి', '|'), ('వా', 'U'), ('ని', '|'), ('కే', 'U'), ('వం', 'U'), ('క', '|'), ('లే', 'U'), ('ద', 'U'), ('య్య', '|'), ('వ', 'U'), ('చ్చు', '|'), ('ము', 'U'), ('క్తి', '|'), ('భూ', 'U'), ('ష', '|'), ('ణ', '|'), ('వి', '|'), ('కా', 'U'), ('స', '|'), ('శ్రీ', 'U'), ('ధ', 'U'), ('ర్మ', '|'), ('పు', '|'), ('ర', '|'), ('ని', '|'), ('వా', 'U'), ('స', '|'), ('దు', 'U'), ('ష్ట', '|'), ('సం', 'U'), ('హా', 'U'), ('ర', '|'), ('న', '|'), ('ర', '|'), ('సిం', 'U'), ('హ', '|'), ('దు', '|'), ('రి', '|'), ('త', '|'), ('దూ', 'U'), ('ర', '|')]",1.0,-1.0,1.0,1.0,1.0,-1.0
seesamu,"ఇభకుంభములమీఁది కెగిరెడి సింగంబు - ముట్టునే కుఱచైన మూషికమును?
నవచూతపత్రముల్‌ నమలుచున్న పికంబు - గొఱుకునే జిల్లేడుకొనలు నోట?
అరవిందమకరంద మనుభవించెడి తేఁటి - పోవునే పల్లేరుపూల కడకు?
లలితమైన రసాలఫలముఁ గోరెడి చిల్క - మెసవునే భ్రమత నుమ్మెత్తకాయ?",vupajaathi,Narasimha,"[('ఇ', '|'), ('భ', '|'), ('కుం', 'U'), ('భ', '|'), ('ము', '|'), ('ల', '|'), ('మీ', 'U'), ('ది', '|'), ('కె', '|'), ('గి', '|'), ('రె', '|'), ('డి', '|'), ('సిం', 'U'), ('గం', 'U'), ('బు', '|'), ('ము', 'U'), ('ట్టు', '|'), ('నే', 'U'), ('కు', '|'), ('ఱ', '|'), ('చై', 'U'), ('న', '|'), ('మూ', 'U'), ('షి', '|'), ('క', '|'), ('ము', '|'), ('ను', '|'), ('న', '|'), ('వ', '|'), ('చూ', 'U'), ('త', '|'), ('ప', '|'), ('త్ర', '|'), ('ము', 'U'), ('ల్న', '|'), ('మ', '|'), ('లు', '|'), ('చు', 'U'), ('న్న', '|'), ('పి', '|'), ('కం', 'U'), ('బు', '|'), ('గొ', '|'), ('ఱు', '|'), ('కు', '|'), ('నే', 'U'), ('జి', 'U'), ('ల్లే', 'U'), ('డు', '|'), ('కొ', '|'), ('న', '|'), ('లు', '|'), ('నో', 'U'), ('ట', '|'), ('అ', '|'), ('ర', '|'), ('విం', 'U'), ('ద', '|'), ('మ', '|'), ('క', '|'), ('రం', 'U'), ('ద', '|'), ('మ', '|'), ('ను', '|'), ('భ', '|'), ('విం', 'U'), ('చె', '|'), ('డి', '|'), ('తే', 'U'), ('టి', '|'), ('పో', 'U'), ('వు', '|'), ('నే', 'U'), ('ప', 'U'), ('ల్లే', 'U'), ('రు', '|'), ('పూ', 'U'), ('ల', '|'), ('క', '|'), ('డ', '|'), ('కు', '|'), ('ల', '|'), ('లి', '|'), ('త', '|'), ('మై', 'U'), ('న', '|'), ('ర', '|'), ('సా', 'U'), ('ల', '|'), ('ఫ', '|'), ('ల', '|'), ('ము', '|'), ('గో', 'U'), ('రె', '|'), ('డి', '|'), ('చి', 'U'), ('ల్క', '|'), ('మె', '|'), ('స', '|'), ('వు', '|'), ('నే', 'U'), ('భ్ర', '|'), ('మ', '|'), ('త', '|'), ('ను', 'U'), ('మ్మె', 'U'), ('త్త', '|'), ('కా', 'U'), ('య', '|')]",0.6041666666666666,-1.0,1.0,0.6875,0.125,-1.0
teytageethi,"నిలను నీకీర్తనలు పాడనేర్చినతఁడు - పరులకీర్తనఁ బాడునే యరసి చూడ?
భూషణవికాస! శ్రీధర్మపురనివాస! - దుష్టసంహార! నరసింహ దురితదూర!",vupajaathi,Narasimha,"[('ని', '|'), ('ల', '|'), ('ను', '|'), ('నీ', 'U'), ('కీ', 'U'), ('ర్త', '|'), ('న', '|'), ('లు', '|'), ('పా', 'U'), ('డ', '|'), ('నే', 'U'), ('ర్చి', '|'), ('న', '|'), ('త', '|'), ('డు', '|'), ('ప', '|'), ('రు', '|'), ('ల', '|'), ('కీ', 'U'), ('ర్త', '|'), ('న', '|'), ('బా', 'U'), ('డు', '|'), ('నే', 'U'), ('య', '|'), ('ర', '|'), ('సి', '|'), ('చూ', 'U'), ('డ', '|'), ('భూ', 'U'), ('ష', '|'), ('ణ', '|'), ('వి', '|'), ('కా', 'U'), ('స', '|'), ('శ్రీ', 'U'), ('ధ', 'U'), ('ర్మ', '|'), ('పు', '|'), ('ర', '|'), ('ని', '|'), ('వా', 'U'), ('స', '|'), ('దు', 'U'), ('ష్ట', '|'), ('సం', 'U'), ('హా', 'U'), ('ర', '|'), ('న', '|'), ('ర', '|'), ('సిం', 'U'), ('హ', '|'), ('దు', '|'), ('రి', '|'), ('త', '|'), ('దూ', 'U'), ('ర', '|')]",1.0,-1.0,1.0,1.0,1.0,-1.0
seesamu,"సర్వేశ! నీపాదసరసిజ ద్వయమందుఁ - జిత్త ముంపఁగలేను జెదరకుండ
నీవైన దయయుంచి నిలిచి యుండెడునట్లు - చేరి నన్నిపుడేలు సేవకుఁడను
వనజలోచన! నేనువట్టి మూర్ఖుఁడఁ జుమ్మి - నీ స్వరూపముఁ జూడ నేర్పు వేగ
తన కుమారుల కుగ్గు తల్లి వోసినయట్లు - భక్తిమార్గంబను పాలు పోసి",vupajaathi,Narasimha,"[('స', 'U'), ('ర్వే', 'U'), ('శ', '|'), ('నీ', 'U'), ('పా', 'U'), ('ద', '|'), ('స', '|'), ('ర', '|'), ('సి', '|'), ('జ', 'U'), ('ద్వ', '|'), ('య', '|'), ('మం', 'U'), ('దు', '|'), ('జి', 'U'), ('త్త', '|'), ('ముం', 'U'), ('ప', '|'), ('గ', '|'), ('లే', 'U'), ('ను', '|'), ('జె', '|'), ('ద', '|'), ('ర', '|'), ('కుం', 'U'), ('డ', '|'), ('నీ', 'U'), ('వై', 'U'), ('న', '|'), ('ద', '|'), ('య', '|'), ('యుం', 'U'), ('చి', '|'), ('ని', '|'), ('లి', '|'), ('చి', '|'), ('యుం', 'U'), ('డె', '|'), ('డు', '|'), ('న', 'U'), ('ట్లు', '|'), ('చే', 'U'), ('రి', '|'), ('న', 'U'), ('న్ని', '|'), ('పు', '|'), ('డే', 'U'), ('లు', '|'), ('సే', 'U'), ('వ', '|'), ('కు', '|'), ('డ', '|'), ('ను', '|'), ('వ', '|'), ('న', '|'), ('జ', '|'), ('లో', 'U'), ('చ', '|'), ('న', '|'), ('నే', 'U'), ('ను', '|'), ('వ', 'U'), ('ట్టి', '|'), ('మూ', 'U'), ('ర్ఖు', '|'), ('డ', '|'), ('జు', 'U'), ('మ్మి', '|'), ('నీ', 'U'), ('స్వ', '|'), ('రూ', 'U'), ('ప', '|'), ('ము', '|'), ('జూ', 'U'), ('డ', '|'), ('నే', 'U'), ('ర్పు', '|'), ('వే', 'U'), ('గ', '|'), ('త', '|'), ('న', '|'), ('కు', '|'), ('మా', 'U'), ('రు', '|'), ('ల', '|'), ('కు', 'U'), ('గ్గు', '|'), ('త', 'U'), ('ల్లి', '|'), ('వో', 'U'), ('సి', '|'), ('న', '|'), ('య', 'U'), ('ట్లు', '|'), ('భ', 'U'), ('క్తి', '|'), ('మా', 'U'), ('ర్గం', 'U'), ('బ', '|'), ('ను', '|'), ('పా', 'U'), ('లు', '|'), ('పో', 'U'), ('సి', '|')]",1.0,-1.0,1.0,1.0,1.0,-1.0
teytageethi,"ప్రేమతో నన్నుఁ బోషించి పెంచుకొనుము - ఘనత కెక్కించు నీ దాసగుణములోన
భూషణవికాస! శ్రీధర్మపురనివాస! - దుష్టసంహార! నరసింహ దురితదూర!",vupajaathi,Narasimha,"[('ప్రే', 'U'), ('మ', '|'), ('తో', 'U'), ('న', 'U'), ('న్ను', '|'), ('బో', 'U'), ('షిం', 'U'), ('చి', '|'), ('పెం', 'U'), ('చు', '|'), ('కొ', '|'), ('ను', '|'), ('ము', '|'), ('ఘ', '|'), ('న', '|'), ('త', '|'), ('కె', 'U'), ('క్కిం', 'U'), ('చు', '|'), ('నీ', 'U'), ('దా', 'U'), ('స', '|'), ('గు', '|'), ('ణ', '|'), ('ము', '|'), ('లో', 'U'), ('న', '|'), ('భూ', 'U'), ('ష', '|'), ('ణ', '|'), ('వి', '|'), ('కా', 'U'), ('స', '|'), ('శ్రీ', 'U'), ('ధ', 'U'), ('ర్మ', '|'), ('పు', '|'), ('ర', '|'), ('ని', '|'), ('వా', 'U'), ('స', '|'), ('దు', 'U'), ('ష్ట', '|'), ('సం', 'U'), ('హా', 'U'), ('ర', '|'), ('న', '|'), ('ర', '|'), ('సిం', 'U'), ('హ', '|'), ('దు', '|'), ('రి', '|'), ('త', '|'), ('దూ', 'U'), ('ర', '|')]",0.9166666666666666,-1.0,1.0,1.0,0.75,-1.0
seesamu,"జీమూతవర్ణ! నీ మోముతో సరిరాక - కమలారి యతికళంకమునుఁ బడసె
సొగసైన నీ నేత్రయుగముతో సరిరాక - నళినబృందము నీళ్లనడుమఁ జేరెఁ
గరిరాజవరద! నీగళముతో సరిరాక - పెద్దశంఖము బొబ్బపెట్టఁ దొడఁగె
శ్రీపతి! నీ దివ్యరూపుతో సరి రాక - పుష్పబాణుఁడు నీకుఁ బుత్రుఁ డయ్యె",vupajaathi,Narasimha,"[('జీ', 'U'), ('మూ', 'U'), ('త', '|'), ('వ', 'U'), ('ర్ణ', '|'), ('నీ', 'U'), ('మో', 'U'), ('ము', '|'), ('తో', 'U'), ('స', '|'), ('రి', '|'), ('రా', 'U'), ('క', '|'), ('క', '|'), ('మ', '|'), ('లా', 'U'), ('రి', '|'), ('య', '|'), ('తి', '|'), ('క', '|'), ('ళం', 'U'), ('క', '|'), ('ము', '|'), ('ను', '|'), ('బ', '|'), ('డ', '|'), ('సె', '|'), ('సొ', '|'), ('గ', '|'), ('సై', 'U'), ('న', '|'), ('నీ', 'U'), ('నే', 'U'), ('త్ర', '|'), ('యు', '|'), ('గ', '|'), ('ము', '|'), ('తో', 'U'), ('స', '|'), ('రి', '|'), ('రా', 'U'), ('క', '|'), ('న', '|'), ('ళి', '|'), ('న', '|'), ('బృం', 'U'), ('ద', '|'), ('ము', '|'), ('నీ', 'U'), ('ళ్ల', '|'), ('న', '|'), ('డు', '|'), ('మ', '|'), ('జే', 'U'), ('రె', '|'), ('గ', '|'), ('రి', '|'), ('రా', 'U'), ('జ', '|'), ('వ', '|'), ('ర', '|'), ('ద', '|'), ('నీ', 'U'), ('గ', '|'), ('ళ', '|'), ('ము', '|'), ('తో', 'U'), ('స', '|'), ('రి', '|'), ('రా', 'U'), ('క', '|'), ('పె', 'U'), ('ద్ద', '|'), ('శం', 'U'), ('ఖ', '|'), ('ము', '|'), ('బొ', 'U'), ('బ్బ', '|'), ('పె', 'U'), ('ట్ట', '|'), ('దొ', '|'), ('డ', '|'), ('గె', '|'), ('శ్రీ', 'U'), ('ప', '|'), ('తి', '|'), ('నీ', 'U'), ('ది', 'U'), ('వ్య', '|'), ('రూ', 'U'), ('పు', '|'), ('తో', 'U'), ('స', '|'), ('రి', '|'), ('రా', 'U'), ('క', '|'), ('పు', 'U'), ('ష్ప', '|'), ('బా', 'U'), ('ణు', '|'), ('డు', '|'), ('నీ', 'U'), ('కు', '|'), ('బు', '|'), ('త్రు', '|'), ('డ', 'U'), ('య్యె', '|')]",0.9791666666666666,-1.0,1.0,0.9375,1.0,-1.0
teytageethi,"నిందిరాదేవి నిన్ను మోహించి విడక - నీకుఁ బట్టమహిషి యయ్యె నిశ్చయముగ
భూషణవికాస! శ్రీధర్మపురనివాస! - దుష్టసంహార! నరసింహ దురితదూర!",vupajaathi,Narasimha,"[('నిం', 'U'), ('ది', '|'), ('రా', 'U'), ('దే', 'U'), ('వి', '|'), ('ని', 'U'), ('న్ను', '|'), ('మో', 'U'), ('హిం', 'U'), ('చి', '|'), ('వి', '|'), ('డ', '|'), ('క', '|'), ('నీ', 'U'), ('కు', '|'), ('బ', 'U'), ('ట్ట', '|'), ('మ', '|'), ('హి', '|'), ('షి', '|'), ('య', 'U'), ('య్యె', '|'), ('ని', 'U'), ('శ్చ', '|'), ('య', '|'), ('ము', '|'), ('గ', '|'), ('భూ', 'U'), ('ష', '|'), ('ణ', '|'), ('వి', '|'), ('కా', 'U'), ('స', '|'), ('శ్రీ', 'U'), ('ధ', 'U'), ('ర్మ', '|'), ('పు', '|'), ('ర', '|'), ('ని', '|'), ('వా', 'U'), ('స', '|'), ('దు', 'U'), ('ష్ట', '|'), ('సం', 'U'), ('హా', 'U'), ('ర', '|'), ('న', '|'), ('ర', '|'), ('సిం', 'U'), ('హ', '|'), ('దు', '|'), ('రి', '|'), ('త', '|'), ('దూ', 'U'), ('ర', '|')]",0.9166666666666666,-1.0,1.0,1.0,0.75,-1.0
seesamu,"హరిదాసులను నిందలాడకుండినఁ జాలు - సకలగ్రంథంబులు చదివినట్లు
భిక్ష మియ్యంగఁ దప్పింపకుండినఁ జాలుఁ - జేముట్టి దానంబు చేసినట్లు
మించి సజ్జనుల వంచించకుండినఁ జాలు - నింపుగా బహుమానమిచ్చినట్లు
దేవాగ్రహారముల్‌ దీయకుండినఁ జాలు - గనకకంబపు గుళ్లుగట్టినట్లు",vupajaathi,Narasimha,"[('హ', '|'), ('రి', '|'), ('దా', 'U'), ('సు', '|'), ('ల', '|'), ('ను', '|'), ('నిం', 'U'), ('ద', '|'), ('లా', 'U'), ('డ', '|'), ('కుం', 'U'), ('డి', '|'), ('న', '|'), ('జా', 'U'), ('లు', '|'), ('స', '|'), ('క', '|'), ('ల', '|'), ('గ్రం', 'U'), ('థం', 'U'), ('బు', '|'), ('లు', '|'), ('చ', '|'), ('ది', '|'), ('వి', '|'), ('న', 'U'), ('ట్లు', '|'), ('భి', 'U'), ('క్ష', '|'), ('మి', 'U'), ('య్యం', 'U'), ('గ', '|'), ('ద', 'U'), ('ప్పిం', 'U'), ('ప', '|'), ('కుం', 'U'), ('డి', '|'), ('న', '|'), ('జా', 'U'), ('లు', '|'), ('జే', 'U'), ('ము', 'U'), ('ట్టి', '|'), ('దా', 'U'), ('నం', 'U'), ('బు', '|'), ('చే', 'U'), ('సి', '|'), ('న', 'U'), ('ట్లు', '|'), ('మిం', 'U'), ('చి', '|'), ('స', 'U'), ('జ్జ', '|'), ('ను', '|'), ('ల', '|'), ('వం', 'U'), ('చిం', 'U'), ('చ', '|'), ('కుం', 'U'), ('డి', '|'), ('న', '|'), ('జా', 'U'), ('లు', '|'), ('నిం', 'U'), ('పు', '|'), ('గా', 'U'), ('బ', '|'), ('హు', '|'), ('మా', 'U'), ('న', '|'), ('మి', 'U'), ('చ్చి', '|'), ('న', 'U'), ('ట్లు', '|'), ('దే', 'U'), ('వా', 'U'), ('గ్ర', '|'), ('హా', 'U'), ('ర', '|'), ('ము', 'U'), ('ల్దీ', 'U'), ('య', '|'), ('కుం', 'U'), ('డి', '|'), ('న', '|'), ('జా', 'U'), ('లు', '|'), ('గ', '|'), ('న', '|'), ('క', '|'), ('కం', 'U'), ('బ', '|'), ('పు', '|'), ('గు', 'U'), ('ళ్లు', '|'), ('గ', 'U'), ('ట్టి', '|'), ('న', 'U'), ('ట్లు', '|')]",0.9166666666666666,-1.0,1.0,1.0,0.75,-1.0
teytageethi,"ఒకరి వర్షాశనము ముంచకున్నఁ జాలుఁ - బేరుకీర్తిగ సత్రముల్‌ పెట్టినట్లు
భూషణవికాస! శ్రీధర్మపురనివాస! - దుష్టసంహార! నరసింహ దురితదూర!",vupajaathi,Narasimha,"[('ఒ', '|'), ('క', '|'), ('రి', '|'), ('వ', 'U'), ('ర్షా', 'U'), ('శ', '|'), ('న', '|'), ('ము', '|'), ('ముం', 'U'), ('చ', '|'), ('కు', 'U'), ('న్న', '|'), ('జా', 'U'), ('లు', '|'), ('బే', 'U'), ('రు', '|'), ('కీ', 'U'), ('ర్తి', '|'), ('గ', '|'), ('స', '|'), ('త్ర', '|'), ('ము', 'U'), ('ల్పె', 'U'), ('ట్టి', '|'), ('న', 'U'), ('ట్లు', '|'), ('భూ', 'U'), ('ష', '|'), ('ణ', '|'), ('వి', '|'), ('కా', 'U'), ('స', '|'), ('శ్రీ', 'U'), ('ధ', 'U'), ('ర్మ', '|'), ('పు', '|'), ('ర', '|'), ('ని', '|'), ('వా', 'U'), ('స', '|'), ('దు', 'U'), ('ష్ట', '|'), ('సం', 'U'), ('హా', 'U'), ('ర', '|'), ('న', '|'), ('ర', '|'), ('సిం', 'U'), ('హ', '|'), ('దు', '|'), ('రి', '|'), ('త', '|'), ('దూ', 'U'), ('ర', '|')]",0.5,-1.0,1.0,0.5,0.0,-1.0
seesamu,"ఇహలోకసౌఖ్యము లిచ్చగించెద మన్న - దేహ మెప్పటికిఁ దా స్థిరత నొంద
దాయుష్యమున్న పర్యంతంబు పటుతయు - నొక్కతీరున నుండ దుర్విలోన
బాల్య యువత్వ దుర్బల వార్ధకము లను - మూఁటిలో మునిఁగెడి ముఱికికొంప
భ్రాంతితో దీనిఁ గాపాడుద మనుకొన్నఁ - గాల మృత్యువు చేతఁ గోలుపోవు",vupajaathi,Narasimha,"[('ఇ', '|'), ('హ', '|'), ('లో', 'U'), ('క', '|'), ('సౌ', 'U'), ('ఖ్య', '|'), ('ము', '|'), ('లి', 'U'), ('చ్చ', '|'), ('గిం', 'U'), ('చె', '|'), ('ద', '|'), ('మ', 'U'), ('న్న', '|'), ('దే', 'U'), ('హ', '|'), ('మె', 'U'), ('ప్ప', '|'), ('టి', '|'), ('కి', '|'), ('దా', 'U'), ('స్థి', '|'), ('ర', '|'), ('త', '|'), ('నొం', 'U'), ('ద', '|'), ('దా', 'U'), ('యు', 'U'), ('ష్య', '|'), ('ము', 'U'), ('న్న', '|'), ('ప', 'U'), ('ర్యం', 'U'), ('తం', 'U'), ('బు', '|'), ('ప', '|'), ('టు', '|'), ('త', '|'), ('యు', '|'), ('నొ', 'U'), ('క్క', '|'), ('తీ', 'U'), ('రు', '|'), ('న', '|'), ('నుం', 'U'), ('డ', '|'), ('దు', 'U'), ('ర్వి', '|'), ('లో', 'U'), ('న', '|'), ('బా', 'U'), ('ల్య', '|'), ('యు', '|'), ('వ', 'U'), ('త్వ', '|'), ('దు', 'U'), ('ర్బ', '|'), ('ల', '|'), ('వా', 'U'), ('ర్ధ', '|'), ('క', '|'), ('ము', '|'), ('ల', '|'), ('ను', '|'), ('మూ', 'U'), ('టి', '|'), ('లో', 'U'), ('ము', '|'), ('ని', '|'), ('గె', '|'), ('డి', '|'), ('ము', '|'), ('ఱి', '|'), ('కి', '|'), ('కొం', 'U'), ('ప', '|'), ('భ్రాం', 'U'), ('తి', '|'), ('తో', 'U'), ('దీ', 'U'), ('ని', '|'), ('గా', 'U'), ('పా', 'U'), ('డు', '|'), ('ద', '|'), ('మ', '|'), ('ను', '|'), ('కొ', 'U'), ('న్న', '|'), ('గా', 'U'), ('ల', '|'), ('మృ', 'U'), ('త్యు', '|'), ('వు', '|'), ('చే', 'U'), ('త', '|'), ('గో', 'U'), ('లు', '|'), ('పో', 'U'), ('వు', '|')]",0.875,-1.0,1.0,1.0,0.625,-1.0
teytageethi,"నమ్మరాదయ్య! యిది మాయనాటకంబు - జన్మమిఁక నొల్ల నన్నేలు జలజనాభ!
భూషణవికాస! శ్రీధర్మపురనివాస! - దుష్టసంహార! నరసింహ దురితదూర!",vupajaathi,Narasimha,"[('న', 'U'), ('మ్మ', '|'), ('రా', 'U'), ('ద', 'U'), ('య్య', '|'), ('యి', '|'), ('ది', '|'), ('మా', 'U'), ('య', '|'), ('నా', 'U'), ('ట', '|'), ('కం', 'U'), ('బు', '|'), ('జ', 'U'), ('న్మ', '|'), ('మి', '|'), ('క', '|'), ('నొ', 'U'), ('ల్ల', '|'), ('న', 'U'), ('న్నే', 'U'), ('లు', '|'), ('జ', '|'), ('ల', '|'), ('జ', '|'), ('నా', 'U'), ('భ', '|'), ('భూ', 'U'), ('ష', '|'), ('ణ', '|'), ('వి', '|'), ('కా', 'U'), ('స', '|'), ('శ్రీ', 'U'), ('ధ', 'U'), ('ర్మ', '|'), ('పు', '|'), ('ర', '|'), ('ని', '|'), ('వా', 'U'), ('స', '|'), ('దు', 'U'), ('ష్ట', '|'), ('సం', 'U'), ('హా', 'U'), ('ర', '|'), ('న', '|'), ('ర', '|'), ('సిం', 'U'), ('హ', '|'), ('దు', '|'), ('రి', '|'), ('త', '|'), ('దూ', 'U'), ('ర', '|')]",1.0,-1.0,1.0,1.0,1.0,-1.0
seesamu,"వదనంబు నీనామభజన గోరుచునుండు - జిహ్వ నీ కీర్తనల్‌ సేయఁ గోరు
హస్తయుగ్మంబు నిన్నర్చింపఁ గోరును - గర్ణముల్‌ నీ మీఁద కథలు గోరుఁ
దనువు నీ సేవయే ఘనముగాఁ గోరును - నయనముల్‌ నీ దర్శనంబుఁ గోరు
మూర్ధమ్ము నీ పదమ్ముల మ్రొక్కఁగాఁ గోరుఁ - నాత్మ నీదై యుండు నరసి చూడ",vupajaathi,Narasimha,"[('వ', '|'), ('ద', '|'), ('నం', 'U'), ('బు', '|'), ('నీ', 'U'), ('నా', 'U'), ('మ', '|'), ('భ', '|'), ('జ', '|'), ('న', '|'), ('గో', 'U'), ('రు', '|'), ('చు', '|'), ('నుం', 'U'), ('డు', '|'), ('జి', 'U'), ('హ్వ', '|'), ('నీ', 'U'), ('కీ', 'U'), ('ర్త', '|'), ('న', 'U'), ('ల్సే', 'U'), ('య', '|'), ('గో', 'U'), ('రు', '|'), ('హ', 'U'), ('స్త', '|'), ('యు', 'U'), ('గ్మం', 'U'), ('బు', '|'), ('ని', 'U'), ('న్న', 'U'), ('ర్చిం', 'U'), ('ప', '|'), ('గో', 'U'), ('రు', '|'), ('ను', '|'), ('గ', 'U'), ('ర్ణ', '|'), ('ము', 'U'), ('ల్నీ', 'U'), ('మీ', 'U'), ('ద', '|'), ('క', '|'), ('థ', '|'), ('లు', '|'), ('గో', 'U'), ('రు', '|'), ('ద', '|'), ('ను', '|'), ('వు', '|'), ('నీ', 'U'), ('సే', 'U'), ('వ', '|'), ('యే', 'U'), ('ఘ', '|'), ('న', '|'), ('ము', '|'), ('గా', 'U'), ('గో', 'U'), ('రు', '|'), ('ను', '|'), ('న', '|'), ('య', '|'), ('న', '|'), ('ము', 'U'), ('ల్నీ', 'U'), ('ద', 'U'), ('ర్శ', '|'), ('నం', 'U'), ('బు', '|'), ('గో', 'U'), ('రు', '|'), ('మూ', 'U'), ('ర్ధ', 'U'), ('మ్ము', '|'), ('నీ', 'U'), ('ప', '|'), ('ద', 'U'), ('మ్ము', '|'), ('ల', '|'), ('మ్రొ', 'U'), ('క్క', '|'), ('గా', 'U'), ('గో', 'U'), ('రు', '|'), ('నా', 'U'), ('త్మ', '|'), ('నీ', 'U'), ('దై', 'U'), ('యుం', 'U'), ('డు', '|'), ('న', '|'), ('ర', '|'), ('సి', '|'), ('చూ', 'U'), ('డ', '|')]",0.9166666666666666,-1.0,1.0,1.0,0.75,-1.0
teytageethi,"స్వప్నమున నైన నేవేళ సంతతమును - బుద్ధి నీ పాదములయందుఁ బూనియుండు
భూషణవికాస! శ్రీధర్మపురనివాస! - దుష్టసంహార! నరసింహ దురితదూర!",vupajaathi,Narasimha,"[('స్వ', 'U'), ('ప్న', '|'), ('ము', '|'), ('న', '|'), ('నై', 'U'), ('న', '|'), ('నే', 'U'), ('వే', 'U'), ('ళ', '|'), ('సం', 'U'), ('త', '|'), ('త', '|'), ('ము', '|'), ('ను', '|'), ('బు', 'U'), ('ద్ధి', '|'), ('నీ', 'U'), ('పా', 'U'), ('ద', '|'), ('ము', '|'), ('ల', '|'), ('యం', 'U'), ('దు', '|'), ('బూ', 'U'), ('ని', '|'), ('యుం', 'U'), ('డు', '|'), ('భూ', 'U'), ('ష', '|'), ('ణ', '|'), ('వి', '|'), ('కా', 'U'), ('స', '|'), ('శ్రీ', 'U'), ('ధ', 'U'), ('ర్మ', '|'), ('పు', '|'), ('ర', '|'), ('ని', '|'), ('వా', 'U'), ('స', '|'), ('దు', 'U'), ('ష్ట', '|'), ('సం', 'U'), ('హా', 'U'), ('ర', '|'), ('న', '|'), ('ర', '|'), ('సిం', 'U'), ('హ', '|'), ('దు', '|'), ('రి', '|'), ('త', '|'), ('దూ', 'U'), ('ర', '|')]",1.0,-1.0,1.0,1.0,1.0,-1.0
seesamu,"పద్మాక్ష! మమతచేఁ బరము నందెద మంచు - విఱ్ఱవీఁగుదుమయ్య వెఱ్ఱిపట్టి
మాస్వతంత్రంబైన మదము గండ్లకుఁ గప్పి - మొగము పట్టదు కామమోహమునను
బ్రహ్మదేవుండైనఁ బైడిదేహము గల్గఁ - జేసివేయక మమ్ముఁ జెఱిచె నతఁడు
తుచ్ఛమైనటువంటి తోలెమ్ముకల తోడి - ముఱికి చెత్తలు చేర్చి మూట కట్టె",vupajaathi,Narasimha,"[('ప', 'U'), ('ద్మా', 'U'), ('క్ష', '|'), ('మ', '|'), ('మ', '|'), ('త', '|'), ('చే', 'U'), ('బ', '|'), ('ర', '|'), ('ము', '|'), ('నం', 'U'), ('దె', '|'), ('ద', '|'), ('మం', 'U'), ('చు', '|'), ('వి', 'U'), ('ఱ్ఱ', '|'), ('వీ', 'U'), ('గు', '|'), ('దు', '|'), ('మ', 'U'), ('య్య', '|'), ('వె', 'U'), ('ఱ్ఱి', '|'), ('ప', 'U'), ('ట్టి', '|'), ('మా', 'U'), ('స్వ', '|'), ('తం', 'U'), ('త్రం', 'U'), ('బై', 'U'), ('న', '|'), ('మ', '|'), ('ద', '|'), ('ము', '|'), ('గం', 'U'), ('డ్ల', '|'), ('కు', '|'), ('గ', 'U'), ('ప్పి', '|'), ('మొ', '|'), ('గ', '|'), ('ము', '|'), ('ప', 'U'), ('ట్ట', '|'), ('దు', '|'), ('కా', 'U'), ('మ', '|'), ('మో', 'U'), ('హ', '|'), ('ము', '|'), ('న', '|'), ('ను', '|'), ('బ్ర', 'U'), ('హ్మ', '|'), ('దే', 'U'), ('వుం', 'U'), ('డై', 'U'), ('న', '|'), ('బై', 'U'), ('డి', '|'), ('దే', 'U'), ('హ', '|'), ('ము', '|'), ('గ', 'U'), ('ల్గ', '|'), ('జే', 'U'), ('సి', '|'), ('వే', 'U'), ('య', '|'), ('క', '|'), ('మ', 'U'), ('మ్ము', '|'), ('జె', '|'), ('ఱి', '|'), ('చె', '|'), ('న', '|'), ('త', '|'), ('డు', '|'), ('తు', 'U'), ('చ్ఛ', '|'), ('మై', 'U'), ('న', '|'), ('టు', '|'), ('వం', 'U'), ('టి', '|'), ('తో', 'U'), ('లె', 'U'), ('మ్ము', '|'), ('క', '|'), ('ల', '|'), ('తో', 'U'), ('డి', '|'), ('ము', '|'), ('ఱి', '|'), ('కి', '|'), ('చె', 'U'), ('త్త', '|'), ('లు', '|'), ('చే', 'U'), ('ర్చి', '|'), ('మూ', 'U'), ('ట', '|'), ('క', 'U'), ('ట్టె', '|')]",1.0,-1.0,1.0,1.0,1.0,-1.0
teytageethi,"నీ శరీరాలు పడిపోవుటెఱుఁగ కేము - కాముకుల మైతిమిఁక మిమ్ముఁగానలేము
భూషణవికాస! శ్రీధర్మపురనివాస! - దుష్టసంహార! నరసింహ దురితదూర!",vupajaathi,Narasimha,"[('నీ', 'U'), ('శ', '|'), ('రీ', 'U'), ('రా', 'U'), ('లు', '|'), ('ప', '|'), ('డి', '|'), ('పో', 'U'), ('వు', '|'), ('టె', '|'), ('ఱు', '|'), ('గ', '|'), ('కే', 'U'), ('ము', '|'), ('కా', 'U'), ('ము', '|'), ('కు', '|'), ('ల', '|'), ('మై', 'U'), ('తి', '|'), ('మి', '|'), ('క', '|'), ('మి', 'U'), ('మ్ము', '|'), ('గా', 'U'), ('న', '|'), ('లే', 'U'), ('ము', '|'), ('భూ', 'U'), ('ష', '|'), ('ణ', '|'), ('వి', '|'), ('కా', 'U'), ('స', '|'), ('శ్రీ', 'U'), ('ధ', 'U'), ('ర్మ', '|'), ('పు', '|'), ('ర', '|'), ('ని', '|'), ('వా', 'U'), ('స', '|'), ('దు', 'U'), ('ష్ట', '|'), ('సం', 'U'), ('హా', 'U'), ('ర', '|'), ('న', '|'), ('ర', '|'), ('సిం', 'U'), ('హ', '|'), ('దు', '|'), ('రి', '|'), ('త', '|'), ('దూ', 'U'), ('ర', '|')]",0.9166666666666666,-1.0,1.0,1.0,0.75,-1.0
seesamu,"గరుడవాహన! దివ్యకౌస్తుభాలంకార! - రవికోటితేజ! సారంగవదన!
మణిగణాన్విత! హేమమకుటాభరణ! చారు - మకరకుండల! లసన్మందహాస!
కాంచనాంబర! రత్నకాంచీవిభూషిత! - సురవరార్చిత! చంద్రసూర్యనయన!
కమలనాభ! ముకుంద! గంగాధరస్తుత! - రాక్షసాంతక! నాగరాజశయన!",vupajaathi,Narasimha,"[('గ', '|'), ('రు', '|'), ('డ', '|'), ('వా', 'U'), ('హ', '|'), ('న', '|'), ('ది', 'U'), ('వ్య', '|'), ('కౌ', 'U'), ('స్తు', '|'), ('భా', 'U'), ('లం', 'U'), ('కా', 'U'), ('ర', '|'), ('ర', '|'), ('వి', '|'), ('కో', 'U'), ('టి', '|'), ('తే', 'U'), ('జ', '|'), ('సా', 'U'), ('రం', 'U'), ('గ', '|'), ('వ', '|'), ('ద', '|'), ('న', '|'), ('మ', '|'), ('ణి', '|'), ('గ', '|'), ('ణా', 'U'), ('న్వి', '|'), ('త', '|'), ('హే', 'U'), ('మ', '|'), ('మ', '|'), ('కు', '|'), ('టా', 'U'), ('భ', '|'), ('ర', '|'), ('ణ', '|'), ('చా', 'U'), ('రు', '|'), ('మ', '|'), ('క', '|'), ('ర', '|'), ('కుం', 'U'), ('డ', '|'), ('ల', '|'), ('ల', '|'), ('స', 'U'), ('న్మం', 'U'), ('ద', '|'), ('హా', 'U'), ('స', '|'), ('కాం', 'U'), ('చ', '|'), ('నాం', 'U'), ('బ', '|'), ('ర', '|'), ('ర', 'U'), ('త్న', '|'), ('కాం', 'U'), ('చీ', 'U'), ('వి', '|'), ('భూ', 'U'), ('షి', '|'), ('త', '|'), ('సు', '|'), ('ర', '|'), ('వ', '|'), ('రా', 'U'), ('ర్చి', '|'), ('త', '|'), ('చం', 'U'), ('ద్ర', '|'), ('సూ', 'U'), ('ర్య', '|'), ('న', '|'), ('య', '|'), ('న', '|'), ('క', '|'), ('మ', '|'), ('ల', '|'), ('నా', 'U'), ('భ', '|'), ('ము', '|'), ('కుం', 'U'), ('ద', '|'), ('గం', 'U'), ('గా', 'U'), ('ధ', '|'), ('ర', 'U'), ('స్తు', '|'), ('త', '|'), ('రా', 'U'), ('క్ష', '|'), ('సాం', 'U'), ('త', '|'), ('క', '|'), ('నా', 'U'), ('గ', '|'), ('రా', 'U'), ('జ', '|'), ('శ', '|'), ('య', '|'), ('న', '|')]",1.0,-1.0,1.0,1.0,1.0,-1.0
teytageethi,"పతితపావన! లక్ష్మీశ! బ్రహ్మజనక! - భక్తవత్సల! సర్వేశ! పరమపురుష!
భూషణవికాస! శ్రీధర్మపురనివాస! - దుష్టసంహార! నరసింహ దురితదూర!",vupajaathi,Narasimha,"[('ప', '|'), ('తి', '|'), ('త', '|'), ('పా', 'U'), ('వ', '|'), ('న', '|'), ('ల', 'U'), ('క్ష్మీ', 'U'), ('శ', '|'), ('బ్ర', 'U'), ('హ్మ', '|'), ('జ', '|'), ('న', '|'), ('క', '|'), ('భ', 'U'), ('క్త', '|'), ('వ', 'U'), ('త్స', '|'), ('ల', '|'), ('స', 'U'), ('ర్వే', 'U'), ('శ', '|'), ('ప', '|'), ('ర', '|'), ('మ', '|'), ('పు', '|'), ('రు', '|'), ('ష', '|'), ('భూ', 'U'), ('ష', '|'), ('ణ', '|'), ('వి', '|'), ('కా', 'U'), ('స', '|'), ('శ్రీ', 'U'), ('ధ', 'U'), ('ర్మ', '|'), ('పు', '|'), ('ర', '|'), ('ని', '|'), ('వా', 'U'), ('స', '|'), ('దు', 'U'), ('ష్ట', '|'), ('సం', 'U'), ('హా', 'U'), ('ర', '|'), ('న', '|'), ('ర', '|'), ('సిం', 'U'), ('హ', '|'), ('దు', '|'), ('రి', '|'), ('త', '|'), ('దూ', 'U'), ('ర', '|')]",1.0,-1.0,1.0,1.0,1.0,-1.0
seesamu,"పలుమాఱు దశ రూపములు ధరించితి వేల? - యేకరూపముఁ బొందవేల నీవు?
నయమున క్షీరాబ్ధి నడుమఁ జేరితి వేల? - రత్నకాంచన మందిరములు లేవె?
పన్నగేంద్రునిమీఁదఁ బవ్వళించితి వేల? - జలతారు పట్టెమంచములు లేరె?
ఱెక్కలు గల పక్షినెక్కసాగితి వేల? - గజతురంగాందోళికములు లేవె?",vupajaathi,Narasimha,"[('ప', '|'), ('లు', '|'), ('మా', 'U'), ('ఱు', '|'), ('ద', '|'), ('శ', '|'), ('రూ', 'U'), ('ప', '|'), ('ము', '|'), ('లు', '|'), ('ధ', '|'), ('రిం', 'U'), ('చి', '|'), ('తి', '|'), ('వే', 'U'), ('ల', '|'), ('యే', 'U'), ('క', '|'), ('రూ', 'U'), ('ప', '|'), ('ము', '|'), ('బొం', 'U'), ('ద', '|'), ('వే', 'U'), ('ల', '|'), ('నీ', 'U'), ('వు', '|'), ('న', '|'), ('య', '|'), ('ము', '|'), ('న', 'U'), ('క్షీ', 'U'), ('రా', 'U'), ('బ్ధి', '|'), ('న', '|'), ('డు', '|'), ('మ', '|'), ('జే', 'U'), ('రి', '|'), ('తి', '|'), ('వే', 'U'), ('ల', '|'), ('ర', 'U'), ('త్న', '|'), ('కాం', 'U'), ('చ', '|'), ('న', '|'), ('మం', 'U'), ('ది', '|'), ('ర', '|'), ('ము', '|'), ('లు', '|'), ('లే', 'U'), ('వె', '|'), ('ప', 'U'), ('న్న', '|'), ('గేం', 'U'), ('ద్రు', '|'), ('ని', '|'), ('మీ', 'U'), ('ద', '|'), ('బ', 'U'), ('వ్వ', '|'), ('ళిం', 'U'), ('చి', '|'), ('తి', '|'), ('వే', 'U'), ('ల', '|'), ('జ', '|'), ('ల', '|'), ('తా', 'U'), ('రు', '|'), ('ప', 'U'), ('ట్టె', '|'), ('మం', 'U'), ('చ', '|'), ('ము', '|'), ('లు', '|'), ('లే', 'U'), ('రె', '|'), ('ఱె', 'U'), ('క్క', '|'), ('లు', '|'), ('గ', '|'), ('ల', '|'), ('ప', 'U'), ('క్షి', '|'), ('నె', 'U'), ('క్క', '|'), ('సా', 'U'), ('గి', '|'), ('తి', '|'), ('వే', 'U'), ('ల', '|'), ('గ', '|'), ('జ', '|'), ('తు', '|'), ('రం', 'U'), ('గాం', 'U'), ('దో', 'U'), ('ళి', '|'), ('క', '|'), ('ము', '|'), ('లు', '|'), ('లే', 'U'), ('వె', '|')]",0.9583333333333334,-1.0,1.0,1.0,0.875,-1.0
teytageethi,"వనజలోచన! యిటువంటివైభవములు - సొగసుగా నీకుఁ దోఁచెనో సుందరాంగ?
భూషణవికాస! శ్రీధర్మపురనివాస! - దుష్టసంహార! నరసింహ దురితదూర!",vupajaathi,Narasimha,"[('వ', '|'), ('న', '|'), ('జ', '|'), ('లో', 'U'), ('చ', '|'), ('న', '|'), ('యి', '|'), ('టు', '|'), ('వం', 'U'), ('టి', '|'), ('వై', 'U'), ('భ', '|'), ('వ', '|'), ('ము', '|'), ('లు', '|'), ('సొ', '|'), ('గ', '|'), ('సు', '|'), ('గా', 'U'), ('నీ', 'U'), ('కు', '|'), ('దో', 'U'), ('చె', '|'), ('నో', 'U'), ('సుం', 'U'), ('ద', '|'), ('రాం', 'U'), ('గ', '|'), ('భూ', 'U'), ('ష', '|'), ('ణ', '|'), ('వి', '|'), ('కా', 'U'), ('స', '|'), ('శ్రీ', 'U'), ('ధ', 'U'), ('ర్మ', '|'), ('పు', '|'), ('ర', '|'), ('ని', '|'), ('వా', 'U'), ('స', '|'), ('దు', 'U'), ('ష్ట', '|'), ('సం', 'U'), ('హా', 'U'), ('ర', '|'), ('న', '|'), ('ర', '|'), ('సిం', 'U'), ('హ', '|'), ('దు', '|'), ('రి', '|'), ('త', '|'), ('దూ', 'U'), ('ర', '|')]",1.0,-1.0,1.0,1.0,1.0,-1.0
seesamu,"తిరుపతి స్థలమందుఁ దిన్నఁగా నే నున్న - వేంకటేశుఁడు మేఁతవేయలేఁడొ?
పురుషోత్తమమునకుఁ బోయినఁజాలు జ - గన్నాథుఁ డన్నంబుఁ గడపలేఁడొ?
శ్రీరంగమునకు నేఁ జేరఁబోయినఁ జాలు - స్వామి గ్రాసముఁ బెట్టి సాఁకలేఁడొ?
కాంచీపురములోనఁ గదిసి నేఁ గొలువున్నఁ - గరివరదుఁడు పొట్టఁ గడపలేఁడొ?",vupajaathi,Narasimha,"[('తి', '|'), ('రు', '|'), ('ప', '|'), ('తి', 'U'), ('స్థ', '|'), ('ల', '|'), ('మం', 'U'), ('దు', '|'), ('ది', 'U'), ('న్న', '|'), ('గా', 'U'), ('నే', 'U'), ('ను', 'U'), ('న్న', '|'), ('వేం', 'U'), ('క', '|'), ('టే', 'U'), ('శు', '|'), ('డు', '|'), ('మే', 'U'), ('త', '|'), ('వే', 'U'), ('య', '|'), ('లే', 'U'), ('డొ', '|'), ('పు', '|'), ('రు', '|'), ('షో', 'U'), ('త్త', '|'), ('మ', '|'), ('ము', '|'), ('న', '|'), ('కు', '|'), ('బో', 'U'), ('యి', '|'), ('న', '|'), ('జా', 'U'), ('లు', '|'), ('జ', '|'), ('గ', 'U'), ('న్నా', 'U'), ('థు', '|'), ('డ', 'U'), ('న్నం', 'U'), ('బు', '|'), ('గ', '|'), ('డ', '|'), ('ప', '|'), ('లే', 'U'), ('డొ', '|'), ('శ్రీ', 'U'), ('రం', 'U'), ('గ', '|'), ('ము', '|'), ('న', '|'), ('కు', '|'), ('నే', 'U'), ('జే', 'U'), ('ర', '|'), ('బో', 'U'), ('యి', '|'), ('న', '|'), ('జా', 'U'), ('లు', 'U'), ('స్వా', 'U'), ('మి', '|'), ('గ్రా', 'U'), ('స', '|'), ('ము', '|'), ('బె', 'U'), ('ట్టి', '|'), ('సా', 'U'), ('క', '|'), ('లే', 'U'), ('డొ', '|'), ('కాం', 'U'), ('చీ', 'U'), ('పు', '|'), ('ర', '|'), ('ము', '|'), ('లో', 'U'), ('న', '|'), ('గ', '|'), ('ది', '|'), ('సి', '|'), ('నే', 'U'), ('గొ', '|'), ('లు', '|'), ('వు', 'U'), ('న్న', '|'), ('గ', '|'), ('రి', '|'), ('వ', '|'), ('ర', '|'), ('దు', '|'), ('డు', '|'), ('పొ', 'U'), ('ట్ట', '|'), ('గ', '|'), ('డ', '|'), ('ప', '|'), ('లే', 'U'), ('డొ', '|')]",0.9895833333333334,-1.0,1.0,0.96875,1.0,-1.0
teytageethi,"యెందుఁ బోవక నేను నీ మందిరమున - నిలిచితిని నీకు నామీఁద నెనరు లేదు
భూషణవికాస! శ్రీధర్మపురనివాస! - దుష్టసంహార! నరసింహ దురితదూర!",vupajaathi,Narasimha,"[('యెం', 'U'), ('దు', '|'), ('బో', 'U'), ('వ', '|'), ('క', '|'), ('నే', 'U'), ('ను', '|'), ('నీ', 'U'), ('మం', 'U'), ('ది', '|'), ('ర', '|'), ('ము', '|'), ('న', '|'), ('ని', '|'), ('లి', '|'), ('చి', '|'), ('తి', '|'), ('ని', '|'), ('నీ', 'U'), ('కు', '|'), ('నా', 'U'), ('మీ', 'U'), ('ద', '|'), ('నె', '|'), ('న', '|'), ('రు', '|'), ('లే', 'U'), ('దు', '|'), ('భూ', 'U'), ('ష', '|'), ('ణ', '|'), ('వి', '|'), ('కా', 'U'), ('స', '|'), ('శ్రీ', 'U'), ('ధ', 'U'), ('ర్మ', '|'), ('పు', '|'), ('ర', '|'), ('ని', '|'), ('వా', 'U'), ('స', '|'), ('దు', 'U'), ('ష్ట', '|'), ('సం', 'U'), ('హా', 'U'), ('ర', '|'), ('న', '|'), ('ర', '|'), ('సిం', 'U'), ('హ', '|'), ('దు', '|'), ('రి', '|'), ('త', '|'), ('దూ', 'U'), ('ర', '|')]",1.0,-1.0,1.0,1.0,1.0,-1.0
seesamu,"తార్క్ష్యవాహన! నీవు దండిదాత వటంచుఁ - గోరి వేడుక నిన్నుఁ గొల్వవచ్చి
యర్థిమార్గమును నేననుసరించితినయ్య - లావైనఁ బదునాల్గులక్ష లైన
వేషముల్‌ వేసి నావిద్యాప్రగల్భతఁ - జూపసాగితి నీకు సుందరాంగ!
యానందమైన నేనడుగ వచ్చిన దెచ్చి - వాంఛఁ దీర్పుము నీలవర్ణ! వేగ",vupajaathi,Narasimha,"[('తా', 'U'), ('ర్క్ష్య', '|'), ('వా', 'U'), ('హ', '|'), ('న', '|'), ('నీ', 'U'), ('వు', '|'), ('దం', 'U'), ('డి', '|'), ('దా', 'U'), ('త', '|'), ('వ', '|'), ('టం', 'U'), ('చు', '|'), ('గో', 'U'), ('రి', '|'), ('వే', 'U'), ('డు', '|'), ('క', '|'), ('ని', 'U'), ('న్ను', '|'), ('గొ', 'U'), ('ల్వ', '|'), ('వ', 'U'), ('చ్చి', '|'), ('య', 'U'), ('ర్థి', '|'), ('మా', 'U'), ('ర్గ', '|'), ('ము', '|'), ('ను', '|'), ('నే', 'U'), ('న', '|'), ('ను', '|'), ('స', '|'), ('రిం', 'U'), ('చి', '|'), ('తి', '|'), ('న', 'U'), ('య్య', '|'), ('లా', 'U'), ('వై', 'U'), ('న', '|'), ('బ', '|'), ('దు', '|'), ('నా', 'U'), ('ల్గు', '|'), ('ల', 'U'), ('క్ష', '|'), ('లై', 'U'), ('న', '|'), ('వే', 'U'), ('ష', '|'), ('ము', 'U'), ('ల్వే', 'U'), ('సి', '|'), ('నా', 'U'), ('వి', 'U'), ('ద్యా', 'U'), ('ప్ర', '|'), ('గ', 'U'), ('ల్భ', '|'), ('త', '|'), ('జూ', 'U'), ('ప', '|'), ('సా', 'U'), ('గి', '|'), ('తి', '|'), ('నీ', 'U'), ('కు', '|'), ('సుం', 'U'), ('ద', '|'), ('రాం', 'U'), ('గ', '|'), ('యా', 'U'), ('నం', 'U'), ('ద', '|'), ('మై', 'U'), ('న', '|'), ('నే', 'U'), ('న', '|'), ('డు', '|'), ('గ', '|'), ('వ', 'U'), ('చ్చి', '|'), ('న', '|'), ('దె', 'U'), ('చ్చి', '|'), ('వాం', 'U'), ('ఛ', '|'), ('దీ', 'U'), ('ర్పు', '|'), ('ము', '|'), ('నీ', 'U'), ('ల', '|'), ('వ', 'U'), ('ర్ణ', '|'), ('వే', 'U'), ('గ', '|')]",0.9166666666666666,-1.0,1.0,1.0,0.75,-1.0
teytageethi,"నీకు నావిద్య హర్షంబుగాక యున్న - తేపతేపకు వేషముల్‌ దేను సుమ్మి
భూషణవికాస! శ్రీధర్మపురనివాస! - దుష్టసంహార! నరసింహ దురితదూర!",vupajaathi,Narasimha,"[('నీ', 'U'), ('కు', '|'), ('నా', 'U'), ('వి', 'U'), ('ద్య', '|'), ('హ', 'U'), ('ర్షం', 'U'), ('బు', '|'), ('గా', 'U'), ('క', '|'), ('యు', 'U'), ('న్న', '|'), ('తే', 'U'), ('ప', '|'), ('తే', 'U'), ('ప', '|'), ('కు', '|'), ('వే', 'U'), ('ష', '|'), ('ము', 'U'), ('ల్దే', 'U'), ('ను', '|'), ('సు', 'U'), ('మ్మి', '|'), ('భూ', 'U'), ('ష', '|'), ('ణ', '|'), ('వి', '|'), ('కా', 'U'), ('స', '|'), ('శ్రీ', 'U'), ('ధ', 'U'), ('ర్మ', '|'), ('పు', '|'), ('ర', '|'), ('ని', '|'), ('వా', 'U'), ('స', '|'), ('దు', 'U'), ('ష్ట', '|'), ('సం', 'U'), ('హా', 'U'), ('ర', '|'), ('న', '|'), ('ర', '|'), ('సిం', 'U'), ('హ', '|'), ('దు', '|'), ('రి', '|'), ('త', '|'), ('దూ', 'U'), ('ర', '|')]",1.0,-1.0,1.0,1.0,1.0,-1.0
seesamu,"అమరేంద్రవినుత! నేనతి దురాత్ముఁడ నంచుఁ - గలలోన నైనను గనులఁ బడవు
నీవు ప్రత్యక్షమై నిలువకుండిన మానె - దొడ్డగా నొక యుక్తి దొరకెనయ్య!
గట్టికొయ్యను దెచ్చి ఘనముగా ఖండించి - నీ స్వరూపము చేసి నిలుపుకొందు
ధూప దీపము లిచ్చి తులసితోఁ బూజించి - నిత్యనైవేద్యముల్‌ నేమముగను",vupajaathi,Narasimha,"[('అ', '|'), ('మ', '|'), ('రేం', 'U'), ('ద్ర', '|'), ('వి', '|'), ('ను', '|'), ('త', '|'), ('నే', 'U'), ('న', '|'), ('తి', '|'), ('దు', '|'), ('రా', 'U'), ('త్ము', '|'), ('డ', '|'), ('నం', 'U'), ('చు', '|'), ('గ', '|'), ('ల', '|'), ('లో', 'U'), ('న', '|'), ('నై', 'U'), ('న', '|'), ('ను', '|'), ('గ', '|'), ('ను', '|'), ('ల', '|'), ('బ', '|'), ('డ', '|'), ('వు', '|'), ('నీ', 'U'), ('వు', '|'), ('ప్ర', 'U'), ('త్య', 'U'), ('క్ష', '|'), ('మై', 'U'), ('ని', '|'), ('లు', '|'), ('వ', '|'), ('కుం', 'U'), ('డి', '|'), ('న', '|'), ('మా', 'U'), ('నె', '|'), ('దొ', 'U'), ('డ్డ', '|'), ('గా', 'U'), ('నొ', '|'), ('క', '|'), ('యు', 'U'), ('క్తి', '|'), ('దొ', '|'), ('ర', '|'), ('కె', '|'), ('న', 'U'), ('య్య', '|'), ('గ', 'U'), ('ట్టి', '|'), ('కొ', 'U'), ('య్య', '|'), ('ను', '|'), ('దె', 'U'), ('చ్చి', '|'), ('ఘ', '|'), ('న', '|'), ('ము', '|'), ('గా', 'U'), ('ఖం', 'U'), ('డిం', 'U'), ('చి', '|'), ('నీ', 'U'), ('స్వ', '|'), ('రూ', 'U'), ('ప', '|'), ('ము', '|'), ('చే', 'U'), ('సి', '|'), ('ని', '|'), ('లు', '|'), ('పు', '|'), ('కొం', 'U'), ('దు', '|'), ('ధూ', 'U'), ('ప', '|'), ('దీ', 'U'), ('ప', '|'), ('ము', '|'), ('లి', 'U'), ('చ్చి', '|'), ('తు', '|'), ('ల', '|'), ('సి', '|'), ('తో', 'U'), ('బూ', 'U'), ('జిం', 'U'), ('చి', '|'), ('ని', 'U'), ('త్య', '|'), ('నై', 'U'), ('వే', 'U'), ('ద్య', '|'), ('ము', 'U'), ('ల్నే', 'U'), ('మ', '|'), ('ము', '|'), ('గ', '|'), ('ను', '|')]",0.9583333333333334,-1.0,1.0,1.0,0.875,-1.0
teytageethi,"నడుపుచును నిన్నుఁ గొలిచెదనమ్మి బుద్ధి - నీ ప్రపంచంబు గలుగు నాకింతె చాలు
భూషణవికాస! శ్రీధర్మపురనివాస! - దుష్టసంహార! నరసింహ దురితదూర!",vupajaathi,Narasimha,"[('న', '|'), ('డు', '|'), ('పు', '|'), ('చు', '|'), ('ను', '|'), ('ని', 'U'), ('న్ను', '|'), ('గొ', '|'), ('లి', '|'), ('చె', '|'), ('ద', '|'), ('న', 'U'), ('మ్మి', '|'), ('బు', 'U'), ('ద్ధి', '|'), ('నీ', 'U'), ('ప్ర', '|'), ('పం', 'U'), ('చం', 'U'), ('బు', '|'), ('గ', '|'), ('లు', '|'), ('గు', '|'), ('నా', 'U'), ('కిం', 'U'), ('తె', '|'), ('చా', 'U'), ('లు', '|'), ('భూ', 'U'), ('ష', '|'), ('ణ', '|'), ('వి', '|'), ('కా', 'U'), ('స', '|'), ('శ్రీ', 'U'), ('ధ', 'U'), ('ర్మ', '|'), ('పు', '|'), ('ర', '|'), ('ని', '|'), ('వా', 'U'), ('స', '|'), ('దు', 'U'), ('ష్ట', '|'), ('సం', 'U'), ('హా', 'U'), ('ర', '|'), ('న', '|'), ('ర', '|'), ('సిం', 'U'), ('హ', '|'), ('దు', '|'), ('రి', '|'), ('త', '|'), ('దూ', 'U'), ('ర', '|')]",0.9166666666666666,-1.0,1.0,1.0,0.75,-1.0
seesamu,"భువనేశ! గోవింద! రవికోటిసంకాశ! - పక్షివాహన! భక్తపారిజాత!
యంభోజభవరుద్ర జంభారిసన్నుత! - సామగానవిలోల! సారసాక్ష!
వనధిగంభీర! శ్రీవత్స కౌస్తుభవక్ష! - శంఖచక్ర గదాసి శార్ఙ్గహస్త!
దీనరక్షక! వాసుదేవ! దైత్యవినాశ! - నారదార్చిత! దివ్యనాగశయన!",vupajaathi,Narasimha,"[('భు', '|'), ('వ', '|'), ('నే', 'U'), ('శ', '|'), ('గో', 'U'), ('విం', 'U'), ('ద', '|'), ('ర', '|'), ('వి', '|'), ('కో', 'U'), ('టి', '|'), ('సం', 'U'), ('కా', 'U'), ('శ', '|'), ('ప', 'U'), ('క్షి', '|'), ('వా', 'U'), ('హ', '|'), ('న', '|'), ('భ', 'U'), ('క్త', '|'), ('పా', 'U'), ('రి', '|'), ('జా', 'U'), ('త', '|'), ('యం', 'U'), ('భో', 'U'), ('జ', '|'), ('భ', '|'), ('వ', '|'), ('రు', '|'), ('ద్ర', '|'), ('జం', 'U'), ('భా', 'U'), ('రి', '|'), ('స', 'U'), ('న్ను', '|'), ('త', '|'), ('సా', 'U'), ('మ', '|'), ('గా', 'U'), ('న', '|'), ('వి', '|'), ('లో', 'U'), ('ల', '|'), ('సా', 'U'), ('ర', '|'), ('సా', 'U'), ('క్ష', '|'), ('వ', '|'), ('న', '|'), ('ధి', '|'), ('గం', 'U'), ('భీ', 'U'), ('ర', '|'), ('శ్రీ', 'U'), ('వ', 'U'), ('త్స', '|'), ('కౌ', 'U'), ('స్తు', '|'), ('భ', '|'), ('వ', 'U'), ('క్ష', '|'), ('శం', 'U'), ('ఖ', '|'), ('చ', '|'), ('క్ర', '|'), ('గ', '|'), ('దా', 'U'), ('సి', '|'), ('శా', 'U'), ('ర్ఙ్గ', '|'), ('హ', 'U'), ('స్త', '|'), ('దీ', 'U'), ('న', '|'), ('ర', 'U'), ('క్ష', '|'), ('క', '|'), ('వా', 'U'), ('సు', '|'), ('దే', 'U'), ('వ', '|'), ('దై', 'U'), ('త్య', '|'), ('వి', '|'), ('నా', 'U'), ('శ', '|'), ('నా', 'U'), ('ర', '|'), ('దా', 'U'), ('ర్చి', '|'), ('త', '|'), ('ది', 'U'), ('వ్య', '|'), ('నా', 'U'), ('గ', '|'), ('శ', '|'), ('య', '|'), ('న', '|')]",1.0,-1.0,1.0,1.0,1.0,-1.0
teytageethi,"చారు నవరత్నకుండల శ్రవణయుగళ! - విబుధవందిత పాదాబ్జ! విశ్వరూప!
భూషణవికాస! శ్రీధర్మపురనివాస! - దుష్టసంహార! నరసింహ దురితదూర!",vupajaathi,Narasimha,"[('చా', 'U'), ('రు', '|'), ('న', '|'), ('వ', '|'), ('ర', 'U'), ('త్న', '|'), ('కుం', 'U'), ('డ', '|'), ('ల', '|'), ('శ్ర', '|'), ('వ', '|'), ('ణ', '|'), ('యు', '|'), ('గ', '|'), ('ళ', '|'), ('వి', '|'), ('బు', '|'), ('ధ', '|'), ('వం', 'U'), ('ది', '|'), ('త', '|'), ('పా', 'U'), ('దా', 'U'), ('బ్జ', '|'), ('వి', 'U'), ('శ్వ', '|'), ('రూ', 'U'), ('ప', '|'), ('భూ', 'U'), ('ష', '|'), ('ణ', '|'), ('వి', '|'), ('కా', 'U'), ('స', '|'), ('శ్రీ', 'U'), ('ధ', 'U'), ('ర్మ', '|'), ('పు', '|'), ('ర', '|'), ('ని', '|'), ('వా', 'U'), ('స', '|'), ('దు', 'U'), ('ష్ట', '|'), ('సం', 'U'), ('హా', 'U'), ('ర', '|'), ('న', '|'), ('ర', '|'), ('సిం', 'U'), ('హ', '|'), ('దు', '|'), ('రి', '|'), ('త', '|'), ('దూ', 'U'), ('ర', '|')]",1.0,-1.0,1.0,1.0,1.0,-1.0
seesamu,"నాగేంద్రశయన! నీనామమాధుర్యంబు - మూఁడుకన్నుల సాంబమూర్తి కెఱుక
పంకజాతాక్ష! నీ బలపరాక్రమ మెల్ల - భారతీపతి యైన బ్రహ్మ కెఱుక
మధుకైటభారి! నీ మాయాసమర్థత - వసుధలో బలిచక్రవర్తి కెఱుక
పరమాత్మ! నీదగు పక్షపాతిత్వంబు - దశశతాక్షుల పురందరుని కెఱుక",vupajaathi,Narasimha,"[('నా', 'U'), ('గేం', 'U'), ('ద్ర', '|'), ('శ', '|'), ('య', '|'), ('న', '|'), ('నీ', 'U'), ('నా', 'U'), ('మ', '|'), ('మా', 'U'), ('ధు', 'U'), ('ర్యం', 'U'), ('బు', '|'), ('మూ', 'U'), ('డు', '|'), ('క', 'U'), ('న్ను', '|'), ('ల', '|'), ('సాం', 'U'), ('బ', '|'), ('మూ', 'U'), ('ర్తి', '|'), ('కె', '|'), ('ఱు', '|'), ('క', '|'), ('పం', 'U'), ('క', '|'), ('జా', 'U'), ('తా', 'U'), ('క్ష', '|'), ('నీ', 'U'), ('బ', '|'), ('ల', '|'), ('ప', '|'), ('రా', 'U'), ('క్ర', '|'), ('మ', '|'), ('మె', 'U'), ('ల్ల', '|'), ('భా', 'U'), ('ర', '|'), ('తీ', 'U'), ('ప', '|'), ('తి', '|'), ('యై', 'U'), ('న', '|'), ('బ్ర', 'U'), ('హ్మ', '|'), ('కె', '|'), ('ఱు', '|'), ('క', '|'), ('మ', '|'), ('ధు', '|'), ('కై', 'U'), ('ట', '|'), ('భా', 'U'), ('రి', '|'), ('నీ', 'U'), ('మా', 'U'), ('యా', 'U'), ('స', '|'), ('మ', 'U'), ('ర్థ', '|'), ('త', '|'), ('వ', '|'), ('సు', '|'), ('ధ', '|'), ('లో', 'U'), ('బ', '|'), ('లి', '|'), ('చ', '|'), ('క్ర', '|'), ('వ', 'U'), ('ర్తి', '|'), ('కె', '|'), ('ఱు', '|'), ('క', '|'), ('ప', '|'), ('ర', '|'), ('మా', 'U'), ('త్మ', '|'), ('నీ', 'U'), ('ద', '|'), ('గు', '|'), ('ప', 'U'), ('క్ష', '|'), ('పా', 'U'), ('తి', 'U'), ('త్వం', 'U'), ('బు', '|'), ('ద', '|'), ('శ', '|'), ('శ', '|'), ('తా', 'U'), ('క్షు', '|'), ('ల', '|'), ('పు', '|'), ('రం', 'U'), ('ద', '|'), ('రు', '|'), ('ని', '|'), ('కె', '|'), ('ఱు', '|'), ('క', '|')]",1.0,-1.0,1.0,1.0,1.0,-1.0
teytageethi,"వీరి కెఱుకగు నీకథల్‌ వింత లెల్ల - నరుల కెఱుకన్న నెవరైన నవ్విపోరె?
భూషణవికాస! శ్రీధర్మపురనివాస! - దుష్టసంహార! నరసింహ దురితదూర!",vupajaathi,Narasimha,"[('వీ', 'U'), ('రి', '|'), ('కె', '|'), ('ఱు', '|'), ('క', '|'), ('గు', '|'), ('నీ', 'U'), ('క', '|'), ('థ', 'U'), ('ల్విం', 'U'), ('త', '|'), ('లె', 'U'), ('ల్ల', '|'), ('న', '|'), ('రు', '|'), ('ల', '|'), ('కె', '|'), ('ఱు', '|'), ('క', 'U'), ('న్న', '|'), ('నె', '|'), ('వ', '|'), ('రై', 'U'), ('న', '|'), ('న', 'U'), ('వ్వి', '|'), ('పో', 'U'), ('రె', '|'), ('భూ', 'U'), ('ష', '|'), ('ణ', '|'), ('వి', '|'), ('కా', 'U'), ('స', '|'), ('శ్రీ', 'U'), ('ధ', 'U'), ('ర్మ', '|'), ('పు', '|'), ('ర', '|'), ('ని', '|'), ('వా', 'U'), ('స', '|'), ('దు', 'U'), ('ష్ట', '|'), ('సం', 'U'), ('హా', 'U'), ('ర', '|'), ('న', '|'), ('ర', '|'), ('సిం', 'U'), ('హ', '|'), ('దు', '|'), ('రి', '|'), ('త', '|'), ('దూ', 'U'), ('ర', '|')]",1.0,-1.0,1.0,1.0,1.0,-1.0
seesamu,"అర్థులేమైన నిన్నడుగ వచ్చెద రంచు - క్షీరసాగరమందుఁ జేరినావు
నీచుట్టు సేవకుల్‌ నిలువకుండుటకునై - భయద సర్పముమీఁదఁ బండినావు
భక్తబృందము వెంటఁబడి చరించెద రంచు - నెగసి పోయెడి పక్షినెక్కినావు
దాసులు నీ ద్వారమాసింపకుంటకు - మంచి యోధుల కావలుంచినావు",vupajaathi,Narasimha,"[('అ', 'U'), ('ర్థు', '|'), ('లే', 'U'), ('మై', 'U'), ('న', '|'), ('ని', 'U'), ('న్న', '|'), ('డు', '|'), ('గ', '|'), ('వ', 'U'), ('చ్చె', '|'), ('ద', '|'), ('రం', 'U'), ('చు', 'U'), ('క్షీ', 'U'), ('ర', '|'), ('సా', 'U'), ('గ', '|'), ('ర', '|'), ('మం', 'U'), ('దు', '|'), ('జే', 'U'), ('రి', '|'), ('నా', 'U'), ('వు', '|'), ('నీ', 'U'), ('చు', 'U'), ('ట్టు', '|'), ('సే', 'U'), ('వ', '|'), ('కు', 'U'), ('ల్ని', '|'), ('లు', '|'), ('వ', '|'), ('కుం', 'U'), ('డు', '|'), ('ట', '|'), ('కు', '|'), ('నై', 'U'), ('భ', '|'), ('య', '|'), ('ద', '|'), ('స', 'U'), ('ర్ప', '|'), ('ము', '|'), ('మీ', 'U'), ('ద', '|'), ('బం', 'U'), ('డి', '|'), ('నా', 'U'), ('వు', '|'), ('భ', 'U'), ('క్త', '|'), ('బృం', 'U'), ('ద', '|'), ('ము', '|'), ('వెం', 'U'), ('ట', '|'), ('బ', '|'), ('డి', '|'), ('చ', '|'), ('రిం', 'U'), ('చె', '|'), ('ద', '|'), ('రం', 'U'), ('చు', '|'), ('నె', '|'), ('గ', '|'), ('సి', '|'), ('పో', 'U'), ('యె', '|'), ('డి', '|'), ('ప', 'U'), ('క్షి', '|'), ('నె', 'U'), ('క్కి', '|'), ('నా', 'U'), ('వు', '|'), ('దా', 'U'), ('సు', '|'), ('లు', '|'), ('నీ', 'U'), ('ద్వా', 'U'), ('ర', '|'), ('మా', 'U'), ('సిం', 'U'), ('ప', '|'), ('కుం', 'U'), ('ట', '|'), ('కు', '|'), ('మం', 'U'), ('చి', '|'), ('యో', 'U'), ('ధు', '|'), ('ల', '|'), ('కా', 'U'), ('వ', '|'), ('లుం', 'U'), ('చి', '|'), ('నా', 'U'), ('వు', '|')]",0.9479166666666666,-1.0,1.0,0.96875,0.875,-1.0
teytageethi,"లావు గలవాఁడ వైతి వేలాగు నేను - నిన్నుఁ జూతును నా తండ్రి నీరజాక్ష!
భూషణవికాస! శ్రీధర్మపురనివాస! - దుష్టసంహార! నరసింహ దురితదూర!",vupajaathi,Narasimha,"[('లా', 'U'), ('వు', '|'), ('గ', '|'), ('ల', '|'), ('వా', 'U'), ('డ', '|'), ('వై', 'U'), ('తి', '|'), ('వే', 'U'), ('లా', 'U'), ('గు', '|'), ('నే', 'U'), ('ను', '|'), ('ని', 'U'), ('న్ను', '|'), ('జూ', 'U'), ('తు', '|'), ('ను', '|'), ('నా', 'U'), ('తం', 'U'), ('డ్రి', '|'), ('నీ', 'U'), ('ర', '|'), ('జా', 'U'), ('క్ష', '|'), ('భూ', 'U'), ('ష', '|'), ('ణ', '|'), ('వి', '|'), ('కా', 'U'), ('స', '|'), ('శ్రీ', 'U'), ('ధ', 'U'), ('ర్మ', '|'), ('పు', '|'), ('ర', '|'), ('ని', '|'), ('వా', 'U'), ('స', '|'), ('దు', 'U'), ('ష్ట', '|'), ('సం', 'U'), ('హా', 'U'), ('ర', '|'), ('న', '|'), ('ర', '|'), ('సిం', 'U'), ('హ', '|'), ('దు', '|'), ('రి', '|'), ('త', '|'), ('దూ', 'U'), ('ర', '|')]",1.0,-1.0,1.0,1.0,1.0,-1.0
seesamu,"నీకథల్‌ చెవులలో సోఁకుట మొదలుగాఁ - బులకాంకురము మేనఁ బుట్టువాఁడు
నయమైన నీ దివ్యనామకీర్తనలోన - మగ్నుఁడై దేహంబు మఱచువాఁడు
ఫాలంబుతో నీదు పాదయుగ్మమునకుఁ - బ్రేమతోఁ దండ మర్పించువాఁడు
హా పుండరీకాక్ష! హా రామ! హరి! యంచు - వేడ్కతోఁ గేకలు వేయువాఁడు",vupajaathi,Narasimha,"[('నీ', 'U'), ('క', '|'), ('థ', 'U'), ('ల్చె', '|'), ('వు', '|'), ('ల', '|'), ('లో', 'U'), ('సో', 'U'), ('కు', '|'), ('ట', '|'), ('మొ', '|'), ('ద', '|'), ('లు', '|'), ('గా', 'U'), ('బు', '|'), ('ల', '|'), ('కాం', 'U'), ('కు', '|'), ('ర', '|'), ('ము', '|'), ('మే', 'U'), ('న', '|'), ('బు', 'U'), ('ట్టు', '|'), ('వా', 'U'), ('డు', '|'), ('న', '|'), ('య', '|'), ('మై', 'U'), ('న', '|'), ('నీ', 'U'), ('ది', 'U'), ('వ్య', '|'), ('నా', 'U'), ('మ', '|'), ('కీ', 'U'), ('ర్త', '|'), ('న', '|'), ('లో', 'U'), ('న', '|'), ('మ', 'U'), ('గ్ను', '|'), ('డై', 'U'), ('దే', 'U'), ('హం', 'U'), ('బు', '|'), ('మ', '|'), ('ఱ', '|'), ('చు', '|'), ('వా', 'U'), ('డు', '|'), ('ఫా', 'U'), ('లం', 'U'), ('బు', '|'), ('తో', 'U'), ('నీ', 'U'), ('దు', '|'), ('పా', 'U'), ('ద', '|'), ('యు', 'U'), ('గ్మ', '|'), ('ము', '|'), ('న', '|'), ('కు', '|'), ('బ్రే', 'U'), ('మ', '|'), ('తో', 'U'), ('దం', 'U'), ('డ', '|'), ('మ', 'U'), ('ర్పిం', 'U'), ('చు', '|'), ('వా', 'U'), ('డు', '|'), ('హా', 'U'), ('పుం', 'U'), ('డ', '|'), ('రీ', 'U'), ('కా', 'U'), ('క్ష', '|'), ('హా', 'U'), ('రా', 'U'), ('మ', '|'), ('హ', '|'), ('రి', '|'), ('యం', 'U'), ('చు', '|'), ('వే', 'U'), ('డ్క', '|'), ('తో', 'U'), ('గే', 'U'), ('క', '|'), ('లు', '|'), ('వే', 'U'), ('యు', '|'), ('వా', 'U'), ('డు', '|')]",1.0,-1.0,1.0,1.0,1.0,-1.0
teytageethi,"చిత్తకమలంబునను నిన్నుఁ జేర్చువాఁడు - నీదు లోకంబు నందుండు నీరజాక్ష!
భూషణవికాస! శ్రీధర్మపురనివాస! - దుష్టసంహార! నరసింహ దురితదూర!",vupajaathi,Narasimha,"[('చి', 'U'), ('త్త', '|'), ('క', '|'), ('మ', '|'), ('లం', 'U'), ('బు', '|'), ('న', '|'), ('ను', '|'), ('ని', 'U'), ('న్ను', '|'), ('జే', 'U'), ('ర్చు', '|'), ('వా', 'U'), ('డు', '|'), ('నీ', 'U'), ('దు', '|'), ('లో', 'U'), ('కం', 'U'), ('బు', '|'), ('నం', 'U'), ('దుం', 'U'), ('డు', '|'), ('నీ', 'U'), ('ర', '|'), ('జా', 'U'), ('క్ష', '|'), ('భూ', 'U'), ('ష', '|'), ('ణ', '|'), ('వి', '|'), ('కా', 'U'), ('స', '|'), ('శ్రీ', 'U'), ('ధ', 'U'), ('ర్మ', '|'), ('పు', '|'), ('ర', '|'), ('ని', '|'), ('వా', 'U'), ('స', '|'), ('దు', 'U'), ('ష్ట', '|'), ('సం', 'U'), ('హా', 'U'), ('ర', '|'), ('న', '|'), ('ర', '|'), ('సిం', 'U'), ('హ', '|'), ('దు', '|'), ('రి', '|'), ('త', '|'), ('దూ', 'U'), ('ర', '|')]",1.0,-1.0,1.0,1.0,1.0,-1.0
seesamu,"నిగమగోచర! నేను నీకు మెప్పగునట్లు - లెస్సగాఁ బూజింపలేను సుమ్మి
నాకుఁ దోఁచిన భూషణములు పెట్టెదనన్నఁ - గౌస్తుభమణి నీకుఁ గలదు ముందె
భక్ష్యభోజ్యముల నర్పణముఁ జేసెద నన్న - నీవు పెట్టితి సుధ నిర్జరులకుఁ
గలిమికొలదిగఁ గానుకల నొసంగెద నన్న - భార్గవీదేవి నీ భార్యయయ్యె",vupajaathi,Narasimha,"[('ని', '|'), ('గ', '|'), ('మ', '|'), ('గో', 'U'), ('చ', '|'), ('ర', '|'), ('నే', 'U'), ('ను', '|'), ('నీ', 'U'), ('కు', '|'), ('మె', 'U'), ('ప్ప', '|'), ('గు', '|'), ('న', 'U'), ('ట్లు', '|'), ('లె', 'U'), ('స్స', '|'), ('గా', 'U'), ('బూ', 'U'), ('జిం', 'U'), ('ప', '|'), ('లే', 'U'), ('ను', '|'), ('సు', 'U'), ('మ్మి', '|'), ('నా', 'U'), ('కు', '|'), ('దో', 'U'), ('చి', '|'), ('న', '|'), ('భూ', 'U'), ('ష', '|'), ('ణ', '|'), ('ము', '|'), ('లు', '|'), ('పె', 'U'), ('ట్టె', '|'), ('ద', '|'), ('న', 'U'), ('న్న', '|'), ('గౌ', 'U'), ('స్తు', '|'), ('భ', '|'), ('మ', '|'), ('ణి', '|'), ('నీ', 'U'), ('కు', '|'), ('గ', '|'), ('ల', '|'), ('దు', '|'), ('ముం', 'U'), ('దె', '|'), ('భ', 'U'), ('క్ష్య', '|'), ('భో', 'U'), ('జ్య', '|'), ('ము', '|'), ('ల', '|'), ('న', 'U'), ('ర్ప', '|'), ('ణ', '|'), ('ము', '|'), ('జే', 'U'), ('సె', '|'), ('ద', '|'), ('న', 'U'), ('న్న', '|'), ('నీ', 'U'), ('వు', '|'), ('పె', 'U'), ('ట్టి', '|'), ('తి', '|'), ('సు', '|'), ('ధ', '|'), ('ని', 'U'), ('ర్జ', '|'), ('రు', '|'), ('ల', '|'), ('కు', '|'), ('గ', '|'), ('లి', '|'), ('మి', '|'), ('కొ', '|'), ('ల', '|'), ('ది', '|'), ('గ', '|'), ('గా', 'U'), ('ను', '|'), ('క', '|'), ('ల', '|'), ('నొ', '|'), ('సం', 'U'), ('గె', '|'), ('ద', '|'), ('న', 'U'), ('న్న', '|'), ('భా', 'U'), ('ర్గ', '|'), ('వీ', 'U'), ('దే', 'U'), ('వి', '|'), ('నీ', 'U'), ('భా', 'U'), ('ర్య', '|'), ('య', 'U'), ('య్యె', '|')]",0.8958333333333334,-1.0,1.0,0.9375,0.75,-1.0
teytageethi,"నన్ని గలవాఁడ వఖిల లోకాధిపతివి! - నీకు సొమ్ములు పెట్ట నేనెంతవాఁడ!
భూషణవికాస! శ్రీధర్మపురనివాస! - దుష్టసంహార! నరసింహ దురితదూర!",vupajaathi,Narasimha,"[('న', 'U'), ('న్ని', '|'), ('గ', '|'), ('ల', '|'), ('వా', 'U'), ('డ', '|'), ('వ', '|'), ('ఖి', '|'), ('ల', '|'), ('లో', 'U'), ('కా', 'U'), ('ధి', '|'), ('ప', '|'), ('తి', '|'), ('వి', '|'), ('నీ', 'U'), ('కు', '|'), ('సొ', 'U'), ('మ్ము', '|'), ('లు', '|'), ('పె', 'U'), ('ట్ట', '|'), ('నే', 'U'), ('నెం', 'U'), ('త', '|'), ('వా', 'U'), ('డ', '|'), ('భూ', 'U'), ('ష', '|'), ('ణ', '|'), ('వి', '|'), ('కా', 'U'), ('స', '|'), ('శ్రీ', 'U'), ('ధ', 'U'), ('ర్మ', '|'), ('పు', '|'), ('ర', '|'), ('ని', '|'), ('వా', 'U'), ('స', '|'), ('దు', 'U'), ('ష్ట', '|'), ('సం', 'U'), ('హా', 'U'), ('ర', '|'), ('న', '|'), ('ర', '|'), ('సిం', 'U'), ('హ', '|'), ('దు', '|'), ('రి', '|'), ('త', '|'), ('దూ', 'U'), ('ర', '|')]",0.9166666666666666,-1.0,1.0,1.0,0.75,-1.0
seesamu,"నవ సరోజదళాక్ష! నన్నుఁ బోషించెడు - దాతవు నీవంచు ధైర్యపడితి
నా మనంబున నిన్ను నమ్మినందుకుఁ దండ్రి! - మేలు నా కొనరింపు నీలదేహ!
భళిభళీ! నీ యంత ప్రభువు నెక్కడఁ జూడఁ - బుడమిలో నీ పేరు పొగడవచ్చు
ముందుఁ జేసిన పాపమును నశింపఁగఁ జేసి - నిర్వహింపుము నన్ను నేర్పుతోడఁ",vupajaathi,Narasimha,"[('న', '|'), ('వ', '|'), ('స', '|'), ('రో', 'U'), ('జ', '|'), ('ద', '|'), ('ళా', 'U'), ('క్ష', '|'), ('న', 'U'), ('న్ను', '|'), ('బో', 'U'), ('షిం', 'U'), ('చె', '|'), ('డు', '|'), ('దా', 'U'), ('త', '|'), ('వు', '|'), ('నీ', 'U'), ('వం', 'U'), ('చు', '|'), ('ధై', 'U'), ('ర్య', '|'), ('ప', '|'), ('డి', '|'), ('తి', '|'), ('నా', 'U'), ('మ', '|'), ('నం', 'U'), ('బు', '|'), ('న', '|'), ('ని', 'U'), ('న్ను', '|'), ('న', 'U'), ('మ్మి', '|'), ('నం', 'U'), ('దు', '|'), ('కు', '|'), ('దం', 'U'), ('డ్రి', '|'), ('మే', 'U'), ('లు', '|'), ('నా', 'U'), ('కొ', '|'), ('న', '|'), ('రిం', 'U'), ('పు', '|'), ('నీ', 'U'), ('ల', '|'), ('దే', 'U'), ('హ', '|'), ('భ', '|'), ('ళి', '|'), ('భ', '|'), ('ళీ', 'U'), ('నీ', 'U'), ('యం', 'U'), ('త', '|'), ('ప్ర', '|'), ('భు', '|'), ('వు', '|'), ('నె', 'U'), ('క్క', '|'), ('డ', '|'), ('జూ', 'U'), ('డ', '|'), ('బు', '|'), ('డ', '|'), ('మి', '|'), ('లో', 'U'), ('నీ', 'U'), ('పే', 'U'), ('రు', '|'), ('పొ', '|'), ('గ', '|'), ('డ', '|'), ('వ', 'U'), ('చ్చు', '|'), ('ముం', 'U'), ('దు', '|'), ('జే', 'U'), ('సి', '|'), ('న', '|'), ('పా', 'U'), ('ప', '|'), ('ము', '|'), ('ను', '|'), ('న', '|'), ('శిం', 'U'), ('ప', '|'), ('గ', '|'), ('జే', 'U'), ('సి', '|'), ('ని', 'U'), ('ర్వ', '|'), ('హిం', 'U'), ('పు', '|'), ('ము', '|'), ('న', 'U'), ('న్ను', '|'), ('నే', 'U'), ('ర్పు', '|'), ('తో', 'U'), ('డ', '|')]",1.0,-1.0,1.0,1.0,1.0,-1.0
teytageethi,"బరమ సంతోషమాయె నా ప్రాణములకు - నీ ఋణము దీర్చుకొననేర నీరజాక్ష!
భూషణవికాస! శ్రీధర్మపురనివాస! - దుష్టసంహార! నరసింహ దురితదూర!",vupajaathi,Narasimha,"[('బ', '|'), ('ర', '|'), ('మ', '|'), ('సం', 'U'), ('తో', 'U'), ('ష', '|'), ('మా', 'U'), ('యె', '|'), ('నా', 'U'), ('ప్రా', 'U'), ('ణ', '|'), ('ము', '|'), ('ల', '|'), ('కు', '|'), ('నీ', 'U'), ('ఋ', '|'), ('ణ', '|'), ('ము', '|'), ('దీ', 'U'), ('ర్చు', '|'), ('కొ', '|'), ('న', '|'), ('నే', 'U'), ('ర', '|'), ('నీ', 'U'), ('ర', '|'), ('జా', 'U'), ('క్ష', '|'), ('భూ', 'U'), ('ష', '|'), ('ణ', '|'), ('వి', '|'), ('కా', 'U'), ('స', '|'), ('శ్రీ', 'U'), ('ధ', 'U'), ('ర్మ', '|'), ('పు', '|'), ('ర', '|'), ('ని', '|'), ('వా', 'U'), ('స', '|'), ('దు', 'U'), ('ష్ట', '|'), ('సం', 'U'), ('హా', 'U'), ('ర', '|'), ('న', '|'), ('ర', '|'), ('సిం', 'U'), ('హ', '|'), ('దు', '|'), ('రి', '|'), ('త', '|'), ('దూ', 'U'), ('ర', '|')]",1.0,-1.0,1.0,1.0,1.0,-1.0
seesamu,"ఫణుల పుట్టల మీఁదఁ బవ్వళించిన యట్లు - పులుల గుంపునఁ జేరఁబోయిన యట్లు
మకరి వర్గంబున్న మడుఁగుఁ జొచ్చినయట్లు - గంగ దాపున నిండ్లు గట్టినట్లు
చెదల భూమిని చెరగు చాఁప బఱచినయట్లు - ఓటిబిందెలఁ బాల నునిచినట్లు
వెఱ్ఱివానికిఁ బహువిత్త మిచ్చినయట్లు - కమ్మగుడిసె మందుఁ గాల్చినట్లు",vupajaathi,Narasimha,"[('ఫ', '|'), ('ణు', '|'), ('ల', '|'), ('పు', 'U'), ('ట్ట', '|'), ('ల', '|'), ('మీ', 'U'), ('ద', '|'), ('బ', 'U'), ('వ్వ', '|'), ('ళిం', 'U'), ('చి', '|'), ('న', '|'), ('య', 'U'), ('ట్లు', '|'), ('పు', '|'), ('లు', '|'), ('ల', '|'), ('గుం', 'U'), ('పు', '|'), ('న', '|'), ('జే', 'U'), ('ర', '|'), ('బో', 'U'), ('యి', '|'), ('న', '|'), ('య', 'U'), ('ట్లు', '|'), ('మ', '|'), ('క', '|'), ('రి', '|'), ('వ', 'U'), ('ర్గం', 'U'), ('బు', 'U'), ('న్న', '|'), ('మ', '|'), ('డు', '|'), ('గు', '|'), ('జొ', 'U'), ('చ్చి', '|'), ('న', '|'), ('య', 'U'), ('ట్లు', '|'), ('గం', 'U'), ('గ', '|'), ('దా', 'U'), ('పు', '|'), ('న', '|'), ('నిం', 'U'), ('డ్లు', '|'), ('గ', 'U'), ('ట్టి', '|'), ('న', 'U'), ('ట్లు', '|'), ('చె', '|'), ('ద', '|'), ('ల', '|'), ('భూ', 'U'), ('మి', '|'), ('ని', '|'), ('చె', '|'), ('ర', '|'), ('గు', '|'), ('చా', 'U'), ('ప', '|'), ('బ', '|'), ('ఱ', '|'), ('చి', '|'), ('న', '|'), ('య', 'U'), ('ట్లు', '|'), ('ఓ', 'U'), ('టి', '|'), ('బిం', 'U'), ('దె', '|'), ('ల', '|'), ('బా', 'U'), ('ల', '|'), ('ను', '|'), ('ని', '|'), ('చి', '|'), ('న', 'U'), ('ట్లు', '|'), ('వె', 'U'), ('ఱ్ఱి', '|'), ('వా', 'U'), ('ని', '|'), ('కి', '|'), ('బ', '|'), ('హు', '|'), ('వి', 'U'), ('త్త', '|'), ('మి', 'U'), ('చ్చి', '|'), ('న', '|'), ('య', 'U'), ('ట్లు', '|'), ('క', 'U'), ('మ్మ', '|'), ('గు', '|'), ('డి', '|'), ('సె', '|'), ('మం', 'U'), ('దు', '|'), ('గా', 'U'), ('ల్చి', '|'), ('న', 'U'), ('ట్లు', '|')]",0.8854166666666666,-1.0,1.0,0.90625,0.75,-1.0
teytageethi,"స్వామి నీ భక్తవరులు దుర్జనులతోడఁ - జెలిమిఁ జేసిన యట్లైనఁ జేటు వచ్చు
భూషణవికాస! శ్రీధర్మపురనివాస! - దుష్టసంహార! నరసింహ దురితదూర!",vupajaathi,Narasimha,"[('స్వా', 'U'), ('మి', '|'), ('నీ', 'U'), ('భ', 'U'), ('క్త', '|'), ('వ', '|'), ('రు', '|'), ('లు', '|'), ('దు', 'U'), ('ర్జ', '|'), ('ను', '|'), ('ల', '|'), ('తో', 'U'), ('డ', '|'), ('జె', '|'), ('లి', '|'), ('మి', '|'), ('జే', 'U'), ('సి', '|'), ('న', '|'), ('య', 'U'), ('ట్లై', 'U'), ('న', '|'), ('జే', 'U'), ('టు', '|'), ('వ', 'U'), ('చ్చు', '|'), ('భూ', 'U'), ('ష', '|'), ('ణ', '|'), ('వి', '|'), ('కా', 'U'), ('స', '|'), ('శ్రీ', 'U'), ('ధ', 'U'), ('ర్మ', '|'), ('పు', '|'), ('ర', '|'), ('ని', '|'), ('వా', 'U'), ('స', '|'), ('దు', 'U'), ('ష్ట', '|'), ('సం', 'U'), ('హా', 'U'), ('ర', '|'), ('న', '|'), ('ర', '|'), ('సిం', 'U'), ('హ', '|'), ('దు', '|'), ('రి', '|'), ('త', '|'), ('దూ', 'U'), ('ర', '|')]",1.0,-1.0,1.0,1.0,1.0,-1.0
seesamu,"దనుజసంహార! చక్రధర! నీకు దండంబు - లిందిరాధిప! నీకు వందనంబు
పతితపావన! నీకు బహునమస్కారముల్‌ - నీరజాతదళాక్ష! నీకు శరణు
వాసవార్చిత! మేఘవర్ణ! నీకు శుభంబు - మందరధర! నీకు మంగళంబు
కంబుకంధర! శార్ఙ్గకర! నీకు భద్రంబు - దీనరక్షక! నీకు దిగ్విజయము",vupajaathi,Narasimha,"[('ద', '|'), ('ను', '|'), ('జ', '|'), ('సం', 'U'), ('హా', 'U'), ('ర', '|'), ('చ', '|'), ('క్ర', '|'), ('ధ', '|'), ('ర', '|'), ('నీ', 'U'), ('కు', '|'), ('దం', 'U'), ('డం', 'U'), ('బు', '|'), ('లిం', 'U'), ('ది', '|'), ('రా', 'U'), ('ధి', '|'), ('ప', '|'), ('నీ', 'U'), ('కు', '|'), ('వం', 'U'), ('ద', '|'), ('నం', 'U'), ('బు', '|'), ('ప', '|'), ('తి', '|'), ('త', '|'), ('పా', 'U'), ('వ', '|'), ('న', '|'), ('నీ', 'U'), ('కు', '|'), ('బ', '|'), ('హు', '|'), ('న', '|'), ('మ', 'U'), ('స్కా', 'U'), ('ర', '|'), ('ము', 'U'), ('ల్నీ', 'U'), ('ర', '|'), ('జా', 'U'), ('త', '|'), ('ద', '|'), ('ళా', 'U'), ('క్ష', '|'), ('నీ', 'U'), ('కు', '|'), ('శ', '|'), ('ర', '|'), ('ణు', '|'), ('వా', 'U'), ('స', '|'), ('వా', 'U'), ('ర్చి', '|'), ('త', '|'), ('మే', 'U'), ('ఘ', '|'), ('వ', 'U'), ('ర్ణ', '|'), ('నీ', 'U'), ('కు', '|'), ('శు', '|'), ('భం', 'U'), ('బు', '|'), ('మం', 'U'), ('ద', '|'), ('ర', '|'), ('ధ', '|'), ('ర', '|'), ('నీ', 'U'), ('కు', '|'), ('మం', 'U'), ('గ', '|'), ('ళం', 'U'), ('బు', '|'), ('కం', 'U'), ('బు', '|'), ('కం', 'U'), ('ధ', '|'), ('ర', '|'), ('శా', 'U'), ('ర్ఙ్గ', '|'), ('క', '|'), ('ర', '|'), ('నీ', 'U'), ('కు', '|'), ('భ', '|'), ('ద్రం', 'U'), ('బు', '|'), ('దీ', 'U'), ('న', '|'), ('ర', 'U'), ('క్ష', '|'), ('క', '|'), ('నీ', 'U'), ('కు', '|'), ('ది', 'U'), ('గ్వి', '|'), ('జ', '|'), ('య', '|'), ('ము', '|')]",0.875,-1.0,1.0,0.875,0.75,-1.0
teytageethi,"సకలవైభవములు నీకు సార్వభౌమ! - నిత్యకల్యాణములు నగు నీకు నెపుడు
భూషణవికాస! శ్రీధర్మపురనివాస! - దుష్టసంహార! నరసింహ దురితదూర!",vupajaathi,Narasimha,"[('స', '|'), ('క', '|'), ('ల', '|'), ('వై', 'U'), ('భ', '|'), ('వ', '|'), ('ము', '|'), ('లు', '|'), ('నీ', 'U'), ('కు', '|'), ('సా', 'U'), ('ర్వ', '|'), ('భౌ', 'U'), ('మ', '|'), ('ని', 'U'), ('త్య', '|'), ('క', 'U'), ('ల్యా', 'U'), ('ణ', '|'), ('ము', '|'), ('లు', '|'), ('న', '|'), ('గు', '|'), ('నీ', 'U'), ('కు', '|'), ('నె', '|'), ('పు', '|'), ('డు', '|'), ('భూ', 'U'), ('ష', '|'), ('ణ', '|'), ('వి', '|'), ('కా', 'U'), ('స', '|'), ('శ్రీ', 'U'), ('ధ', 'U'), ('ర్మ', '|'), ('పు', '|'), ('ర', '|'), ('ని', '|'), ('వా', 'U'), ('స', '|'), ('దు', 'U'), ('ష్ట', '|'), ('సం', 'U'), ('హా', 'U'), ('ర', '|'), ('న', '|'), ('ర', '|'), ('సిం', 'U'), ('హ', '|'), ('దు', '|'), ('రి', '|'), ('త', '|'), ('దూ', 'U'), ('ర', '|')]",1.0,-1.0,1.0,1.0,1.0,-1.0
seesamu,"మత్స్యావతారమై మడుఁగులోపలఁ జొచ్చి - సోమకాసురుఁ ద్రుంచి చోద్యముగను
దెచ్చి వేదములెల్ల మెచ్చ దేవతలెల్ల - బ్రహ్మకిచ్చితి వీవు భళి! యనంగ
నా వేదముల నియ్య నాచారనిష్ఠల - ననుభవించుచు నుందు రవనిసురులు
సకలపాపంబులు సమసిపోవు నటంచు - మనుజులందఱు నీదు మహిమఁ దెలిసి",vupajaathi,Narasimha,"[('మ', 'U'), ('త్స్యా', 'U'), ('వ', '|'), ('తా', 'U'), ('ర', '|'), ('మై', 'U'), ('మ', '|'), ('డు', '|'), ('గు', '|'), ('లో', 'U'), ('ప', '|'), ('ల', '|'), ('జొ', 'U'), ('చ్చి', '|'), ('సో', 'U'), ('మ', '|'), ('కా', 'U'), ('సు', '|'), ('రు', '|'), ('ద్రుం', 'U'), ('చి', '|'), ('చో', 'U'), ('ద్య', '|'), ('ము', '|'), ('గ', '|'), ('ను', '|'), ('దె', 'U'), ('చ్చి', '|'), ('వే', 'U'), ('ద', '|'), ('ము', '|'), ('లె', 'U'), ('ల్ల', '|'), ('మె', 'U'), ('చ్చ', '|'), ('దే', 'U'), ('వ', '|'), ('త', '|'), ('లె', 'U'), ('ల్ల', '|'), ('బ్ర', 'U'), ('హ్మ', '|'), ('కి', 'U'), ('చ్చి', '|'), ('తి', '|'), ('వీ', 'U'), ('వు', '|'), ('భ', '|'), ('ళి', '|'), ('య', '|'), ('నం', 'U'), ('గ', '|'), ('నా', 'U'), ('వే', 'U'), ('ద', '|'), ('ము', '|'), ('ల', '|'), ('ని', 'U'), ('య్య', '|'), ('నా', 'U'), ('చా', 'U'), ('ర', '|'), ('ని', 'U'), ('ష్ఠ', '|'), ('ల', '|'), ('న', '|'), ('ను', '|'), ('భ', '|'), ('విం', 'U'), ('చు', '|'), ('చు', '|'), ('నుం', 'U'), ('దు', '|'), ('ర', '|'), ('వ', '|'), ('ని', '|'), ('సు', '|'), ('రు', '|'), ('లు', '|'), ('స', '|'), ('క', '|'), ('ల', '|'), ('పా', 'U'), ('పం', 'U'), ('బు', '|'), ('లు', '|'), ('స', '|'), ('మ', '|'), ('సి', '|'), ('పో', 'U'), ('వు', '|'), ('న', '|'), ('టం', 'U'), ('చు', '|'), ('మ', '|'), ('ను', '|'), ('జు', '|'), ('లం', 'U'), ('ద', '|'), ('ఱు', '|'), ('నీ', 'U'), ('దు', '|'), ('మ', '|'), ('హి', '|'), ('మ', '|'), ('దె', '|'), ('లి', '|'), ('సి', '|')]",0.9583333333333334,-1.0,1.0,1.0,0.875,-1.0
teytageethi,"యుందు రరవిందనయన! నీయునికిఁ దెలియు - వారలకు వేగ మోక్షంబు వచ్చు ననఘ!
భూషణవికాస! శ్రీధర్మపురనివాస! - దుష్టసంహార! నరసింహ దురితదూర!",vupajaathi,Narasimha,"[('యుం', 'U'), ('దు', '|'), ('ర', '|'), ('ర', '|'), ('విం', 'U'), ('ద', '|'), ('న', '|'), ('య', '|'), ('న', '|'), ('నీ', 'U'), ('యు', '|'), ('ని', '|'), ('కి', '|'), ('దె', '|'), ('లి', '|'), ('యు', '|'), ('వా', 'U'), ('ర', '|'), ('ల', '|'), ('కు', '|'), ('వే', 'U'), ('గ', '|'), ('మో', 'U'), ('క్షం', 'U'), ('బు', '|'), ('వ', 'U'), ('చ్చు', '|'), ('న', '|'), ('న', '|'), ('ఘ', '|'), ('భూ', 'U'), ('ష', '|'), ('ణ', '|'), ('వి', '|'), ('కా', 'U'), ('స', '|'), ('శ్రీ', 'U'), ('ధ', 'U'), ('ర్మ', '|'), ('పు', '|'), ('ర', '|'), ('ని', '|'), ('వా', 'U'), ('స', '|'), ('దు', 'U'), ('ష్ట', '|'), ('సం', 'U'), ('హా', 'U'), ('ర', '|'), ('న', '|'), ('ర', '|'), ('సిం', 'U'), ('హ', '|'), ('దు', '|'), ('రి', '|'), ('త', '|'), ('దూ', 'U'), ('ర', '|')]",1.0,-1.0,1.0,1.0,1.0,-1.0
seesamu,"కూర్మావతారమై కుధరంబు క్రిందను - గోర్కెతో నుండవా కొమరు మిగుల?
వరాహావతారమై వనభూములను జొచ్చి - శిక్షింపవా హిరణ్యాక్షు నపుడు?
నరసింహమూర్తివై నరభోజను హిరణ్య - కశిపునిఁ ద్రుంపవా కాంతి మీఱ?
వామనరూపమై వసుధలో బలిచక్ర - వర్తి నణంపవా వైర ముడిగి?",vupajaathi,Narasimha,"[('కూ', 'U'), ('ర్మా', 'U'), ('వ', '|'), ('తా', 'U'), ('ర', '|'), ('మై', 'U'), ('కు', '|'), ('ధ', '|'), ('రం', 'U'), ('బు', '|'), ('క్రిం', 'U'), ('ద', '|'), ('ను', '|'), ('గో', 'U'), ('ర్కె', '|'), ('తో', 'U'), ('నుం', 'U'), ('డ', '|'), ('వా', 'U'), ('కొ', '|'), ('మ', '|'), ('రు', '|'), ('మి', '|'), ('గు', '|'), ('ల', '|'), ('వ', '|'), ('రా', 'U'), ('హా', 'U'), ('వ', '|'), ('తా', 'U'), ('ర', '|'), ('మై', 'U'), ('వ', '|'), ('న', '|'), ('భూ', 'U'), ('ము', '|'), ('ల', '|'), ('ను', '|'), ('జొ', 'U'), ('చ్చి', '|'), ('శి', 'U'), ('క్షిం', 'U'), ('ప', '|'), ('వా', 'U'), ('హి', '|'), ('ర', 'U'), ('ణ్యా', 'U'), ('క్షు', '|'), ('న', '|'), ('పు', '|'), ('డు', '|'), ('న', '|'), ('ర', '|'), ('సిం', 'U'), ('హ', '|'), ('మూ', 'U'), ('ర్తి', '|'), ('వై', 'U'), ('న', '|'), ('ర', '|'), ('భో', 'U'), ('జ', '|'), ('ను', '|'), ('హి', '|'), ('ర', 'U'), ('ణ్య', '|'), ('క', '|'), ('శి', '|'), ('పు', '|'), ('ని', '|'), ('ద్రుం', 'U'), ('ప', '|'), ('వా', 'U'), ('కాం', 'U'), ('తి', '|'), ('మీ', 'U'), ('ఱ', '|'), ('వా', 'U'), ('మ', '|'), ('న', '|'), ('రూ', 'U'), ('ప', '|'), ('మై', 'U'), ('వ', '|'), ('సు', '|'), ('ధ', '|'), ('లో', 'U'), ('బ', '|'), ('లి', '|'), ('చ', '|'), ('క్ర', '|'), ('వ', 'U'), ('ర్తి', '|'), ('న', '|'), ('ణం', 'U'), ('ప', '|'), ('వా', 'U'), ('వై', 'U'), ('ర', '|'), ('ము', '|'), ('డి', '|'), ('గి', '|')]",0.9479166666666666,-1.0,1.0,0.96875,0.875,-1.0
teytageethi,"యిట్టి పనులెల్లఁ జేయఁగా నెవరికేని - తగునె నరసింహ! నీ కిది దగును గాక!
భూషణవికాస! శ్రీధర్మపురనివాస! - దుష్టసంహార! నరసింహ దురితదూర!",vupajaathi,Narasimha,"[('యి', 'U'), ('ట్టి', '|'), ('ప', '|'), ('ను', '|'), ('లె', 'U'), ('ల్ల', '|'), ('జే', 'U'), ('య', '|'), ('గా', 'U'), ('నె', '|'), ('వ', '|'), ('రి', '|'), ('కే', 'U'), ('ని', '|'), ('త', '|'), ('గు', '|'), ('నె', '|'), ('న', '|'), ('ర', '|'), ('సిం', 'U'), ('హ', '|'), ('నీ', 'U'), ('కి', '|'), ('ది', '|'), ('ద', '|'), ('గు', '|'), ('ను', '|'), ('గా', 'U'), ('క', '|'), ('భూ', 'U'), ('ష', '|'), ('ణ', '|'), ('వి', '|'), ('కా', 'U'), ('స', '|'), ('శ్రీ', 'U'), ('ధ', 'U'), ('ర్మ', '|'), ('పు', '|'), ('ర', '|'), ('ని', '|'), ('వా', 'U'), ('స', '|'), ('దు', 'U'), ('ష్ట', '|'), ('సం', 'U'), ('హా', 'U'), ('ర', '|'), ('న', '|'), ('ర', '|'), ('సిం', 'U'), ('హ', '|'), ('దు', '|'), ('రి', '|'), ('త', '|'), ('దూ', 'U'), ('ర', '|')]",0.9166666666666666,-1.0,1.0,1.0,0.75,-1.0
seesamu,"లక్ష్మీశ! నీ దివ్యలక్షణ గుణముల - వినఁజాల కెప్పుడు వెఱ్ఱినైతి
నావెఱ్ఱిగుణములు నయముగా ఖండించి - నన్ను రక్షింపుమో నళిననేత్ర!
నిన్ను నే నమ్మితి నితరదైవముల నే - నమ్మలేదెప్పుడు నాగశయన!
కాపాడినను నీవె కష్టపెట్టిన నీవె - నీ పాదకమలముల్‌ నిరత మేను",vupajaathi,Narasimha,"[('ల', 'U'), ('క్ష్మీ', 'U'), ('శ', '|'), ('నీ', 'U'), ('ది', 'U'), ('వ్య', '|'), ('ల', 'U'), ('క్ష', '|'), ('ణ', '|'), ('గు', '|'), ('ణ', '|'), ('ము', '|'), ('ల', '|'), ('వి', '|'), ('న', '|'), ('జా', 'U'), ('ల', '|'), ('కె', 'U'), ('ప్పు', '|'), ('డు', '|'), ('వె', 'U'), ('ఱ్ఱి', '|'), ('నై', 'U'), ('తి', '|'), ('నా', 'U'), ('వె', 'U'), ('ఱ్ఱి', '|'), ('గు', '|'), ('ణ', '|'), ('ము', '|'), ('లు', '|'), ('న', '|'), ('య', '|'), ('ము', '|'), ('గా', 'U'), ('ఖం', 'U'), ('డిం', 'U'), ('చి', '|'), ('న', 'U'), ('న్ను', '|'), ('ర', 'U'), ('క్షిం', 'U'), ('పు', '|'), ('మో', 'U'), ('న', '|'), ('ళి', '|'), ('న', '|'), ('నే', 'U'), ('త్ర', '|'), ('ని', 'U'), ('న్ను', '|'), ('నే', 'U'), ('న', 'U'), ('మ్మి', '|'), ('తి', '|'), ('ని', '|'), ('త', '|'), ('ర', '|'), ('దై', 'U'), ('వ', '|'), ('ము', '|'), ('ల', '|'), ('నే', 'U'), ('న', 'U'), ('మ్మ', '|'), ('లే', 'U'), ('దె', 'U'), ('ప్పు', '|'), ('డు', '|'), ('నా', 'U'), ('గ', '|'), ('శ', '|'), ('య', '|'), ('న', '|'), ('కా', 'U'), ('పా', 'U'), ('డి', '|'), ('న', '|'), ('ను', '|'), ('నీ', 'U'), ('వె', '|'), ('క', 'U'), ('ష్ట', '|'), ('పె', 'U'), ('ట్టి', '|'), ('న', '|'), ('నీ', 'U'), ('వె', '|'), ('నీ', 'U'), ('పా', 'U'), ('ద', '|'), ('క', '|'), ('మ', '|'), ('ల', '|'), ('ము', 'U'), ('ల్ని', '|'), ('ర', '|'), ('త', '|'), ('మే', 'U'), ('ను', '|')]",1.0,-1.0,1.0,1.0,1.0,-1.0
teytageethi,"నమ్మియున్నాను నీ పాదనళినభక్తి - వేగ దయచేసి రక్షింపు వేదవిద్య!
భూషణవికాస! శ్రీధర్మపురనివాస! - దుష్టసంహార! నరసింహ దురితదూర!",vupajaathi,Narasimha,"[('న', 'U'), ('మ్మి', '|'), ('యు', 'U'), ('న్నా', 'U'), ('ను', '|'), ('నీ', 'U'), ('పా', 'U'), ('ద', '|'), ('న', '|'), ('ళి', '|'), ('న', '|'), ('భ', 'U'), ('క్తి', '|'), ('వే', 'U'), ('గ', '|'), ('ద', '|'), ('య', '|'), ('చే', 'U'), ('సి', '|'), ('ర', 'U'), ('క్షిం', 'U'), ('పు', '|'), ('వే', 'U'), ('ద', '|'), ('వి', 'U'), ('ద్య', '|'), ('భూ', 'U'), ('ష', '|'), ('ణ', '|'), ('వి', '|'), ('కా', 'U'), ('స', '|'), ('శ్రీ', 'U'), ('ధ', 'U'), ('ర్మ', '|'), ('పు', '|'), ('ర', '|'), ('ని', '|'), ('వా', 'U'), ('స', '|'), ('దు', 'U'), ('ష్ట', '|'), ('సం', 'U'), ('హా', 'U'), ('ర', '|'), ('న', '|'), ('ర', '|'), ('సిం', 'U'), ('హ', '|'), ('దు', '|'), ('రి', '|'), ('త', '|'), ('దూ', 'U'), ('ర', '|')]",1.0,-1.0,1.0,1.0,1.0,-1.0
seesamu,"అమరేంద్రవినుత! నిన్ననుసరించినవారు - ముక్తిఁ బొందిరి వేగ ముదముతోడ
నీ పాదపద్మముల్‌ నెఱ నమ్మియున్నాను - నాకు మోక్షంబిమ్ము నళిననేత్ర!
కాచి రక్షించు నన్‌ గడతేర్చు వేగమే - నీ సేవకునిఁ జేయు నిశ్చయముగఁ
గాపాడినను నీకుఁ గైంకర్యపరుఁడనై - చెలఁగి నీ పనులను జేయువాఁడ",vupajaathi,Narasimha,"[('అ', '|'), ('మ', '|'), ('రేం', 'U'), ('ద్ర', '|'), ('వి', '|'), ('ను', '|'), ('త', '|'), ('ని', 'U'), ('న్న', '|'), ('ను', '|'), ('స', '|'), ('రిం', 'U'), ('చి', '|'), ('న', '|'), ('వా', 'U'), ('రు', '|'), ('ము', 'U'), ('క్తి', '|'), ('బొం', 'U'), ('ది', '|'), ('రి', '|'), ('వే', 'U'), ('గ', '|'), ('ము', '|'), ('ద', '|'), ('ము', '|'), ('తో', 'U'), ('డ', '|'), ('నీ', 'U'), ('పా', 'U'), ('ద', '|'), ('ప', 'U'), ('ద్మ', '|'), ('ము', 'U'), ('ల్నె', '|'), ('ఱ', '|'), ('న', 'U'), ('మ్మి', '|'), ('యు', 'U'), ('న్నా', 'U'), ('ను', '|'), ('నా', 'U'), ('కు', '|'), ('మో', 'U'), ('క్షం', 'U'), ('బి', 'U'), ('మ్ము', '|'), ('న', '|'), ('ళి', '|'), ('న', '|'), ('నే', 'U'), ('త్ర', '|'), ('కా', 'U'), ('చి', '|'), ('ర', 'U'), ('క్షిం', 'U'), ('చు', '|'), ('న', 'U'), ('న్గ', '|'), ('డ', '|'), ('తే', 'U'), ('ర్చు', '|'), ('వే', 'U'), ('గ', '|'), ('మే', 'U'), ('నీ', 'U'), ('సే', 'U'), ('వ', '|'), ('కు', '|'), ('ని', '|'), ('జే', 'U'), ('యు', '|'), ('ని', 'U'), ('శ్చ', '|'), ('య', '|'), ('ము', '|'), ('గ', '|'), ('గా', 'U'), ('పా', 'U'), ('డి', '|'), ('న', '|'), ('ను', '|'), ('నీ', 'U'), ('కు', '|'), ('గైం', 'U'), ('క', 'U'), ('ర్య', '|'), ('ప', '|'), ('రు', '|'), ('డ', '|'), ('నై', 'U'), ('చె', '|'), ('ల', '|'), ('గి', '|'), ('నీ', 'U'), ('ప', '|'), ('ను', '|'), ('ల', '|'), ('ను', '|'), ('జే', 'U'), ('యు', '|'), ('వా', 'U'), ('డ', '|')]",0.9583333333333334,-1.0,1.0,1.0,0.875,-1.0
teytageethi,"ననుచుఁ బలుమాఱు వేఁడెద నబ్జనాభ! - నాకుఁ బ్రత్యక్ష మగుము నిన్‌ నమ్మినాను
భూషణవికాస! శ్రీధర్మపురనివాస! - దుష్టసంహార! నరసింహ దురితదూర!",vupajaathi,Narasimha,"[('న', '|'), ('ను', '|'), ('చు', '|'), ('బ', '|'), ('లు', '|'), ('మా', 'U'), ('ఱు', '|'), ('వే', 'U'), ('డె', '|'), ('ద', '|'), ('న', 'U'), ('బ్జ', '|'), ('నా', 'U'), ('భ', '|'), ('నా', 'U'), ('కు', '|'), ('బ్ర', 'U'), ('త్య', 'U'), ('క్ష', '|'), ('మ', '|'), ('గు', '|'), ('ము', '|'), ('ని', 'U'), ('న్న', 'U'), ('మ్మి', '|'), ('నా', 'U'), ('ను', '|'), ('భూ', 'U'), ('ష', '|'), ('ణ', '|'), ('వి', '|'), ('కా', 'U'), ('స', '|'), ('శ్రీ', 'U'), ('ధ', 'U'), ('ర్మ', '|'), ('పు', '|'), ('ర', '|'), ('ని', '|'), ('వా', 'U'), ('స', '|'), ('దు', 'U'), ('ష్ట', '|'), ('సం', 'U'), ('హా', 'U'), ('ర', '|'), ('న', '|'), ('ర', '|'), ('సిం', 'U'), ('హ', '|'), ('దు', '|'), ('రి', '|'), ('త', '|'), ('దూ', 'U'), ('ర', '|')]",1.0,-1.0,1.0,1.0,1.0,-1.0
seesamu,"శేషప్ప యను కవిచెప్పిన పద్యముల్‌ - చెవుల కానందమై చెలఁగుచుండు
నే మనుజుండైన నెలమి నీ శతకంబు - భక్తితో విన్న సత్ఫలము గలుగుఁ
జెలఁగి యీ పద్యముల్‌ చేర్చి వ్రాసినవారు - కమలాక్షు కరుణను గాంతురెపుడు
నింపుగాఁ బుస్తకంబెపుడుఁ బూజించిన - దురితజాలంబులు దొలఁగిపోవు",vupajaathi,Narasimha,"[('శే', 'U'), ('ష', 'U'), ('ప్ప', '|'), ('య', '|'), ('ను', '|'), ('క', '|'), ('వి', '|'), ('చె', 'U'), ('ప్పి', '|'), ('న', '|'), ('ప', 'U'), ('ద్య', '|'), ('ము', 'U'), ('ల్చె', '|'), ('వు', '|'), ('ల', '|'), ('కా', 'U'), ('నం', 'U'), ('ద', '|'), ('మై', 'U'), ('చె', '|'), ('ల', '|'), ('గు', '|'), ('చుం', 'U'), ('డు', '|'), ('నే', 'U'), ('మ', '|'), ('ను', '|'), ('జుం', 'U'), ('డై', 'U'), ('న', '|'), ('నె', '|'), ('ల', '|'), ('మి', '|'), ('నీ', 'U'), ('శ', '|'), ('త', '|'), ('కం', 'U'), ('బు', '|'), ('భ', 'U'), ('క్తి', '|'), ('తో', 'U'), ('వి', 'U'), ('న్న', '|'), ('స', 'U'), ('త్ఫ', '|'), ('ల', '|'), ('ము', '|'), ('గ', '|'), ('లు', '|'), ('గు', '|'), ('జె', '|'), ('ల', '|'), ('గి', '|'), ('యీ', 'U'), ('ప', 'U'), ('ద్య', '|'), ('ము', 'U'), ('ల్చే', 'U'), ('ర్చి', '|'), ('వ్రా', 'U'), ('సి', '|'), ('న', '|'), ('వా', 'U'), ('రు', '|'), ('క', '|'), ('మ', '|'), ('లా', 'U'), ('క్షు', '|'), ('క', '|'), ('రు', '|'), ('ణ', '|'), ('ను', '|'), ('గాం', 'U'), ('తు', '|'), ('రె', '|'), ('పు', '|'), ('డు', '|'), ('నిం', 'U'), ('పు', '|'), ('గా', 'U'), ('బు', 'U'), ('స్త', '|'), ('కం', 'U'), ('బె', '|'), ('పు', '|'), ('డు', '|'), ('బూ', 'U'), ('జిం', 'U'), ('చి', '|'), ('న', '|'), ('దు', '|'), ('రి', '|'), ('త', '|'), ('జా', 'U'), ('లం', 'U'), ('బు', '|'), ('లు', '|'), ('దొ', '|'), ('ల', '|'), ('గి', '|'), ('పో', 'U'), ('వు', '|')]",0.9583333333333334,-1.0,1.0,1.0,0.875,-1.0
teytageethi,"నిద్ది పుణ్యాకరం బనియెపుడు జనులు - గష్టమెన్నక పఠియింపఁ గలుగు ముక్తి
భూషణవికాస! శ్రీధర్మపురనివాస! - దుష్టసంహార! నరసింహ దురితదూర!",vupajaathi,Narasimha,"[('ని', 'U'), ('ద్ది', '|'), ('పు', 'U'), ('ణ్యా', 'U'), ('క', '|'), ('రం', 'U'), ('బ', '|'), ('ని', '|'), ('యె', '|'), ('పు', '|'), ('డు', '|'), ('జ', '|'), ('ను', '|'), ('లు', '|'), ('గ', 'U'), ('ష్ట', '|'), ('మె', 'U'), ('న్న', '|'), ('క', '|'), ('ప', '|'), ('ఠి', '|'), ('యిం', 'U'), ('ప', '|'), ('గ', '|'), ('లు', '|'), ('గు', '|'), ('ము', 'U'), ('క్తి', '|'), ('భూ', 'U'), ('ష', '|'), ('ణ', '|'), ('వి', '|'), ('కా', 'U'), ('స', '|'), ('శ్రీ', 'U'), ('ధ', 'U'), ('ర్మ', '|'), ('పు', '|'), ('ర', '|'), ('ని', '|'), ('వా', 'U'), ('స', '|'), ('దు', 'U'), ('ష్ట', '|'), ('సం', 'U'), ('హా', 'U'), ('ర', '|'), ('న', '|'), ('ర', '|'), ('సిం', 'U'), ('హ', '|'), ('దు', '|'), ('రి', '|'), ('త', '|'), ('దూ', 'U'), ('ర', '|')]",0.9166666666666666,-1.0,1.0,1.0,0.75,-1.0
saardulamu,"శ్రీకల్యాణగుణాభిరామ! విబుధశ్రేణీ కిరీటద్యుతి
వ్యాకీర్ణాంఘ్రి సరోరుహద్వయ! సహస్రాక్షస్తుతా! యచ్యుతా!
నాకుం బ్రాపును దాపు నీవె యగుచున్ నన్నేలుమీ రామభ
ద్రా! కారుణ్యసముద్ర! ధీర! రఘువీరా! జానకీనాయకా!",vruttamu,Ontimittaraguveera,"[('శ్రీ', 'U'), ('క', 'U'), ('ల్యా', 'U'), ('ణ', '|'), ('గు', '|'), ('ణా', 'U'), ('భి', '|'), ('రా', 'U'), ('మ', '|'), ('వి', '|'), ('బు', '|'), ('ధ', '|'), ('శ్రే', 'U'), ('ణీ', 'U'), ('కి', '|'), ('రీ', 'U'), ('ట', 'U'), ('ద్యు', '|'), ('తి', 'U'), ('వ్యా', 'U'), ('కీ', 'U'), ('ర్ణాం', 'U'), ('ఘ్రి', '|'), ('స', '|'), ('రో', 'U'), ('రు', '|'), ('హ', 'U'), ('ద్వ', '|'), ('య', '|'), ('స', '|'), ('హ', '|'), ('స్రా', 'U'), ('క్ష', 'U'), ('స్తు', '|'), ('తా', 'U'), ('య', 'U'), ('చ్యు', '|'), ('తా', 'U'), ('నా', 'U'), ('కుం', 'U'), ('బ్రా', 'U'), ('పు', '|'), ('ను', '|'), ('దా', 'U'), ('పు', '|'), ('నీ', 'U'), ('వె', '|'), ('య', '|'), ('గు', '|'), ('చు', 'U'), ('న్న', 'U'), ('న్నే', 'U'), ('లు', '|'), ('మీ', 'U'), ('రా', 'U'), ('మ', '|'), ('భ', '|'), ('ద్రా', 'U'), ('కా', 'U'), ('రు', 'U'), ('ణ్య', '|'), ('స', '|'), ('ము', '|'), ('ద్ర', '|'), ('ధీ', 'U'), ('ర', '|'), ('ర', '|'), ('ఘు', '|'), ('వీ', 'U'), ('రా', 'U'), ('జా', 'U'), ('న', '|'), ('కీ', 'U'), ('నా', 'U'), ('య', '|'), ('కా', 'U')]",0.9214285714285715,1.0,1.0,0.8571428571428571,0.75,1.0
saardulamu,"తారుణ్యోదయ! యొంటిమిట్టరఘునాథా! నీకు నేఁ బద్యముల్
నూఱుం జెప్పెద నూరుఁబేరు వెలయన్ నూత్నంబుగా; నంత నా
నోరుం బావన మౌను, నీ కరుణఁ గాంతున్, భక్తి నన్నందఱున్
రారమ్మందురు గారవించి రఘువీరా! జానకీనాయకా!",vruttamu,Ontimittaraguveera,"[('తా', 'U'), ('రు', 'U'), ('ణ్యో', 'U'), ('ద', '|'), ('య', '|'), ('యొం', 'U'), ('టి', '|'), ('మి', 'U'), ('ట్ట', '|'), ('ర', '|'), ('ఘు', '|'), ('నా', 'U'), ('థా', 'U'), ('నీ', 'U'), ('కు', '|'), ('నే', 'U'), ('బ', 'U'), ('ద్య', '|'), ('ముల్', 'U'), ('నూ', 'U'), ('ఱుం', 'U'), ('జె', 'U'), ('ప్పె', '|'), ('ద', '|'), ('నూ', 'U'), ('రు', '|'), ('బే', 'U'), ('రు', '|'), ('వె', '|'), ('ల', '|'), ('య', 'U'), ('న్నూ', 'U'), ('త్నం', 'U'), ('బు', '|'), ('గా', 'U'), ('నం', 'U'), ('త', '|'), ('నా', 'U'), ('నో', 'U'), ('రుం', 'U'), ('బా', 'U'), ('వ', '|'), ('న', '|'), ('మౌ', 'U'), ('ను', '|'), ('నీ', 'U'), ('క', '|'), ('రు', '|'), ('ణ', '|'), ('గాం', 'U'), ('తు', 'U'), ('న్భ', 'U'), ('క్తి', '|'), ('న', 'U'), ('న్నం', 'U'), ('ద', '|'), ('ఱున్', 'U'), ('రా', 'U'), ('ర', 'U'), ('మ్మం', 'U'), ('దు', '|'), ('రు', '|'), ('గా', 'U'), ('ర', '|'), ('విం', 'U'), ('చి', '|'), ('ర', '|'), ('ఘు', '|'), ('వీ', 'U'), ('రా', 'U'), ('జా', 'U'), ('న', '|'), ('కీ', 'U'), ('నా', 'U'), ('య', '|'), ('కా', 'U')]",0.9,1.0,1.0,1.0,0.75,0.75
saardulamu,"ఆ కర్ణాటకమండలాధిపతిచే నాస్థానమధ్యంబులో
నా కావ్యంబులు మెచ్చఁజేసితివి నానారాజులుం జూడఁగా
నీకుం బద్యము లిచ్చుచో నిపుడు వాణీదేవి నా జిహ్వకున్
రాకుంటెట్లు? వసించుఁగాక రఘువీరా! జానకీ నాయకా!",vruttamu,Ontimittaraguveera,"[('ఆ', 'U'), ('క', 'U'), ('ర్ణా', 'U'), ('ట', '|'), ('క', '|'), ('మం', 'U'), ('డ', '|'), ('లా', 'U'), ('ధి', '|'), ('ప', '|'), ('తి', '|'), ('చే', 'U'), ('నా', 'U'), ('స్థా', 'U'), ('న', '|'), ('మ', 'U'), ('ధ్యం', 'U'), ('బు', '|'), ('లో', 'U'), ('నా', 'U'), ('కా', 'U'), ('వ్యం', 'U'), ('బు', '|'), ('లు', '|'), ('మె', 'U'), ('చ్చ', '|'), ('జే', 'U'), ('సి', '|'), ('తి', '|'), ('వి', '|'), ('నా', 'U'), ('నా', 'U'), ('రా', 'U'), ('జు', '|'), ('లుం', 'U'), ('జూ', 'U'), ('డ', '|'), ('గా', 'U'), ('నీ', 'U'), ('కుం', 'U'), ('బ', 'U'), ('ద్య', '|'), ('ము', '|'), ('లి', 'U'), ('చ్చు', '|'), ('చో', 'U'), ('ని', '|'), ('పు', '|'), ('డు', '|'), ('వా', 'U'), ('ణీ', 'U'), ('దే', 'U'), ('వి', '|'), ('నా', 'U'), ('జి', 'U'), ('హ్వ', '|'), ('కున్', 'U'), ('రా', 'U'), ('కుం', 'U'), ('టె', 'U'), ('ట్లు', '|'), ('వ', '|'), ('సిం', 'U'), ('చు', '|'), ('గా', 'U'), ('క', '|'), ('ర', '|'), ('ఘు', '|'), ('వీ', 'U'), ('రా', 'U'), ('జా', 'U'), ('న', '|'), ('కీ', 'U'), ('నా', 'U'), ('య', '|'), ('కా', 'U')]",0.95,1.0,1.0,1.0,0.75,1.0
saardulamu,"నీ కేలన్ దృణ మంది వైవ నదియున్ నిర్ఘాతపాతక్రియన్
గాకాకారనికారదానవుని లోకాలోకపర్యంత మీ
లోకంబుల్ పదునాల్గు త్రిప్పినది కాలున్మోపఁగానీక యౌ
రా! కాకుత్స్థ కులాగ్రగణ్య! రఘువీరా! జానకీనాయకా!",vruttamu,Ontimittaraguveera,"[('నీ', 'U'), ('కే', 'U'), ('ల', 'U'), ('న్దృ', '|'), ('ణ', '|'), ('మం', 'U'), ('ది', '|'), ('వై', 'U'), ('వ', '|'), ('న', '|'), ('ది', '|'), ('యు', 'U'), ('న్ని', 'U'), ('ర్ఘా', 'U'), ('త', '|'), ('పా', 'U'), ('త', '|'), ('క్రి', '|'), ('యన్', 'U'), ('గా', 'U'), ('కా', 'U'), ('కా', 'U'), ('ర', '|'), ('ని', '|'), ('కా', 'U'), ('ర', '|'), ('దా', 'U'), ('న', '|'), ('వు', '|'), ('ని', '|'), ('లో', 'U'), ('కా', 'U'), ('లో', 'U'), ('క', '|'), ('ప', 'U'), ('ర్యం', 'U'), ('త', '|'), ('మీ', 'U'), ('లో', 'U'), ('కం', 'U'), ('బు', 'U'), ('ల్ప', '|'), ('దు', '|'), ('నా', 'U'), ('ల్గు', '|'), ('త్రి', 'U'), ('ప్పి', '|'), ('న', '|'), ('ది', '|'), ('కా', 'U'), ('లు', 'U'), ('న్మో', 'U'), ('ప', '|'), ('గా', 'U'), ('నీ', 'U'), ('క', '|'), ('యౌ', 'U'), ('రా', 'U'), ('కా', 'U'), ('కు', 'U'), ('త్స్థ', '|'), ('కు', '|'), ('లా', 'U'), ('గ్ర', '|'), ('గ', 'U'), ('ణ్య', '|'), ('ర', '|'), ('ఘు', '|'), ('వీ', 'U'), ('రా', 'U'), ('జా', 'U'), ('న', '|'), ('కీ', 'U'), ('నా', 'U'), ('య', '|'), ('కా', 'U')]",0.9928571428571429,1.0,1.0,0.9642857142857143,1.0,1.0
mattebhamu,"సకలామ్నాయములం బఠించు ఫల మబ్జాతాక్షు నామంబులం
దొక టేదైనఁ బఠింపఁ గల్గు నటువం టుత్కృష్ట పుణ్యప్రవ
ర్తకనామంబులు చక్రపాణికి సహస్రంబుండుఁ దత్తుల్య మ
ర్కకులా! నీ శుభనామ మౌర! రఘువీరా! జానకీనాయకా!",vruttamu,Ontimittaraguveera,"[('స', '|'), ('క', '|'), ('లా', 'U'), ('మ్నా', 'U'), ('య', '|'), ('ము', '|'), ('లం', 'U'), ('బ', '|'), ('ఠిం', 'U'), ('చు', '|'), ('ఫ', '|'), ('ల', '|'), ('మ', 'U'), ('బ్జా', 'U'), ('తా', 'U'), ('క్షు', '|'), ('నా', 'U'), ('మం', 'U'), ('బు', '|'), ('లం', 'U'), ('దొ', '|'), ('క', '|'), ('టే', 'U'), ('దై', 'U'), ('న', '|'), ('బ', '|'), ('ఠిం', 'U'), ('ప', '|'), ('గ', 'U'), ('ల్గు', '|'), ('న', '|'), ('టు', '|'), ('వం', 'U'), ('టు', 'U'), ('త్కృ', 'U'), ('ష్ట', '|'), ('పు', 'U'), ('ణ్య', '|'), ('ప్ర', '|'), ('వ', 'U'), ('ర్త', '|'), ('క', '|'), ('నా', 'U'), ('మం', 'U'), ('బు', '|'), ('లు', '|'), ('చ', '|'), ('క్ర', '|'), ('పా', 'U'), ('ణి', '|'), ('కి', '|'), ('స', '|'), ('హ', '|'), ('స్రం', 'U'), ('బుం', 'U'), ('డు', '|'), ('ద', 'U'), ('త్తు', 'U'), ('ల్య', '|'), ('మ', 'U'), ('ర్క', '|'), ('కు', '|'), ('లా', 'U'), ('నీ', 'U'), ('శు', '|'), ('భ', '|'), ('నా', 'U'), ('మ', '|'), ('మౌ', 'U'), ('ర', '|'), ('ర', '|'), ('ఘు', '|'), ('వీ', 'U'), ('రా', 'U'), ('జా', 'U'), ('న', '|'), ('కీ', 'U'), ('నా', 'U'), ('య', '|'), ('కా', 'U')]",0.9285714285714285,1.0,1.0,0.8928571428571429,0.75,1.0
saardulamu,"కొంకం గారణ మేమి ధర్మములు పెక్కుల్ చేసి మర్త్యుండు నీ
వంకం జిత్తము నిల్పలేక పెరత్రోవల్ త్రొక్కినన్ సర్వముం
బొంకై పోవుఁ; గురంగనేత్ర తగునోముల్ వేయునున్ నోచి తా
ఱంకాడంగఁ దొడంగినట్లు రఘువీరా! జానకీనాయకా!",vruttamu,Ontimittaraguveera,"[('కొం', 'U'), ('కం', 'U'), ('గా', 'U'), ('ర', '|'), ('ణ', '|'), ('మే', 'U'), ('మి', '|'), ('ధ', 'U'), ('ర్మ', '|'), ('ము', '|'), ('లు', '|'), ('పె', 'U'), ('క్కు', 'U'), ('ల్చే', 'U'), ('సి', '|'), ('మ', 'U'), ('ర్త్యుం', 'U'), ('డు', '|'), ('నీ', 'U'), ('వం', 'U'), ('కం', 'U'), ('జి', 'U'), ('త్త', '|'), ('ము', '|'), ('ని', 'U'), ('ల్ప', '|'), ('లే', 'U'), ('క', '|'), ('పె', '|'), ('ర', '|'), ('త్రో', 'U'), ('వ', 'U'), ('ల్త్రొ', 'U'), ('క్కి', '|'), ('న', 'U'), ('న్స', 'U'), ('ర్వ', '|'), ('ముం', 'U'), ('బొం', 'U'), ('కై', 'U'), ('పో', 'U'), ('వు', '|'), ('గు', '|'), ('రం', 'U'), ('గ', '|'), ('నే', 'U'), ('త్ర', '|'), ('త', '|'), ('గు', '|'), ('నో', 'U'), ('ము', 'U'), ('ల్వే', 'U'), ('యు', '|'), ('ను', 'U'), ('న్నో', 'U'), ('చి', '|'), ('తా', 'U'), ('ఱం', 'U'), ('కా', 'U'), ('డం', 'U'), ('గ', '|'), ('దొ', '|'), ('డం', 'U'), ('గి', '|'), ('న', 'U'), ('ట్లు', '|'), ('ర', '|'), ('ఘు', '|'), ('వీ', 'U'), ('రా', 'U'), ('జా', 'U'), ('న', '|'), ('కీ', 'U'), ('నా', 'U'), ('య', '|'), ('కా', 'U')]",1.0,1.0,1.0,1.0,1.0,1.0
saardulamu,"ఆ గౌరీశ్వరకీర్తనీయుఁ డగు ని న్నర్చింపఁగా లేనివా
రోగు ల్గారొకొ చాల యోగ్యులయినన్ యోగానుసంధాను లీ
మాగుల్గాన యథార్థమాడితిని నీమంత్రంబె మంత్రంబురా!
రాగద్వేషవిదూర! ధీర! రఘువీరా! జానకీనాయకా!",vruttamu,Ontimittaraguveera,"[('ఆ', 'U'), ('గౌ', 'U'), ('రీ', 'U'), ('శ్వ', '|'), ('ర', '|'), ('కీ', 'U'), ('ర్త', '|'), ('నీ', 'U'), ('యు', '|'), ('డ', '|'), ('గు', '|'), ('ని', 'U'), ('న్న', 'U'), ('ర్చిం', 'U'), ('ప', '|'), ('గా', 'U'), ('లే', 'U'), ('ని', '|'), ('వా', 'U'), ('రో', 'U'), ('గు', 'U'), ('ల్గా', 'U'), ('రొ', '|'), ('కొ', '|'), ('చా', 'U'), ('ల', '|'), ('యో', 'U'), ('గ్యు', '|'), ('ల', '|'), ('యి', '|'), ('న', 'U'), ('న్యో', 'U'), ('గా', 'U'), ('ను', '|'), ('సం', 'U'), ('ధా', 'U'), ('ను', '|'), ('లీ', 'U'), ('మా', 'U'), ('గు', 'U'), ('ల్గా', 'U'), ('న', '|'), ('య', '|'), ('థా', 'U'), ('ర్థ', '|'), ('మా', 'U'), ('డి', '|'), ('తి', '|'), ('ని', '|'), ('నీ', 'U'), ('మం', 'U'), ('త్రం', 'U'), ('బె', '|'), ('మం', 'U'), ('త్రం', 'U'), ('బు', '|'), ('రా', 'U'), ('రా', 'U'), ('గ', 'U'), ('ద్వే', 'U'), ('ష', '|'), ('వి', '|'), ('దూ', 'U'), ('ర', '|'), ('ధీ', 'U'), ('ర', '|'), ('ర', '|'), ('ఘు', '|'), ('వీ', 'U'), ('రా', 'U'), ('జా', 'U'), ('న', '|'), ('కీ', 'U'), ('నా', 'U'), ('య', '|'), ('కా', 'U')]",0.9,1.0,1.0,1.0,0.5,1.0
mattebhamu,"జగముల్ మూఁడు సృజింపఁబ్రోవఁ బిదపన్ సంహారముం జేయఁగాఁ
ద్రిగుణాకారముఁ దాల్చినట్టి వరమూర్తీ! వాసుదేవా! హరీ!
నిగమస్తుత్యపవిత్రగాత్ర! నృహరీ! నీలాభ్రవర్ణా! మహో
రగతల్పా! జనకల్పభూజ! రఘువీరా! జానకీనాయకా!",vruttamu,Ontimittaraguveera,"[('జ', '|'), ('గ', '|'), ('ము', 'U'), ('ల్మూ', 'U'), ('డు', '|'), ('సృ', '|'), ('జిం', 'U'), ('ప', '|'), ('బ్రో', 'U'), ('వ', '|'), ('బి', '|'), ('ద', '|'), ('ప', 'U'), ('న్సం', 'U'), ('హా', 'U'), ('ర', '|'), ('ముం', 'U'), ('జే', 'U'), ('య', '|'), ('గా', 'U'), ('ద్రి', '|'), ('గు', '|'), ('ణా', 'U'), ('కా', 'U'), ('ర', '|'), ('ము', '|'), ('దా', 'U'), ('ల్చి', '|'), ('న', 'U'), ('ట్టి', '|'), ('వ', '|'), ('ర', '|'), ('మూ', 'U'), ('ర్తీ', 'U'), ('వా', 'U'), ('సు', '|'), ('దే', 'U'), ('వా', 'U'), ('హ', '|'), ('రీ', 'U'), ('ని', '|'), ('గ', '|'), ('మ', 'U'), ('స్తు', 'U'), ('త్య', '|'), ('ప', '|'), ('వి', '|'), ('త్ర', '|'), ('గా', 'U'), ('త్ర', '|'), ('నృ', '|'), ('హ', '|'), ('రీ', 'U'), ('నీ', 'U'), ('లా', 'U'), ('భ్ర', '|'), ('వ', 'U'), ('ర్ణా', 'U'), ('మ', '|'), ('హో', 'U'), ('ర', '|'), ('గ', '|'), ('త', 'U'), ('ల్పా', 'U'), ('జ', '|'), ('న', '|'), ('క', 'U'), ('ల్ప', '|'), ('భూ', 'U'), ('జ', '|'), ('ర', '|'), ('ఘు', '|'), ('వీ', 'U'), ('రా', 'U'), ('జా', 'U'), ('న', '|'), ('కీ', 'U'), ('నా', 'U'), ('య', '|'), ('కా', 'U')]",0.9928571428571429,1.0,1.0,0.9642857142857143,1.0,1.0
saardulamu,"నీ చారిత్రముఁ జెప్ప నద్భుతమగున్, నీ నామసంకీర్తనం
బాచండాలునకైన మోక్ష మొసఁగున్, హత్యాదిదోషంబులన్
వే చించున్ విదళించుఁ ద్రుంచుఁ దునుమున్ వేఁటాడు నంటంబడున్
రాచుం ద్రోచు నడంచు నొంచు రఘువీరా! జానకీనాయకా!",vruttamu,Ontimittaraguveera,"[('నీ', 'U'), ('చా', 'U'), ('రి', '|'), ('త్ర', '|'), ('ము', '|'), ('జె', 'U'), ('ప్ప', '|'), ('న', 'U'), ('ద్భు', '|'), ('త', '|'), ('మ', '|'), ('గు', 'U'), ('న్నీ', 'U'), ('నా', 'U'), ('మ', '|'), ('సం', 'U'), ('కీ', 'U'), ('ర్త', '|'), ('నం', 'U'), ('బా', 'U'), ('చం', 'U'), ('డా', 'U'), ('లు', '|'), ('న', '|'), ('కై', 'U'), ('న', '|'), ('మో', 'U'), ('క్ష', '|'), ('మొ', '|'), ('స', '|'), ('గు', 'U'), ('న్హ', 'U'), ('త్యా', 'U'), ('ది', '|'), ('దో', 'U'), ('షం', 'U'), ('బు', '|'), ('లన్', 'U'), ('వే', 'U'), ('చిం', 'U'), ('చు', 'U'), ('న్వి', '|'), ('ద', '|'), ('ళిం', 'U'), ('చు', '|'), ('ద్రుం', 'U'), ('చు', '|'), ('దు', '|'), ('ను', '|'), ('ము', 'U'), ('న్వే', 'U'), ('టా', 'U'), ('డు', '|'), ('నం', 'U'), ('టం', 'U'), ('బ', '|'), ('డున్', 'U'), ('రా', 'U'), ('చుం', 'U'), ('ద్రో', 'U'), ('చు', '|'), ('న', '|'), ('డం', 'U'), ('చు', '|'), ('నొం', 'U'), ('చు', '|'), ('ర', '|'), ('ఘు', '|'), ('వీ', 'U'), ('రా', 'U'), ('జా', 'U'), ('న', '|'), ('కీ', 'U'), ('నా', 'U'), ('య', '|'), ('కా', 'U')]",0.9428571428571428,1.0,1.0,0.9642857142857143,0.75,1.0
saardulamu,"తేజం బొప్పఁగ నీవె కావె మొదలం ద్రేతాయుగాంతంబునన్
రాజై పుట్టితి వింక నీకలియుగాంత్యం బందునన్ రౌతవై
వాజిం దోలి విరోధులం దునుమ దేవా! నీవ యొండెవ్వఁ డా
రాజున్ రౌతును నీవె కావె రఘువీరా! జానకీనాయకా!",vruttamu,Ontimittaraguveera,"[('తే', 'U'), ('జం', 'U'), ('బొ', 'U'), ('ప్ప', '|'), ('గ', '|'), ('నీ', 'U'), ('వె', '|'), ('కా', 'U'), ('వె', '|'), ('మొ', '|'), ('ద', '|'), ('లం', 'U'), ('ద్రే', 'U'), ('తా', 'U'), ('యు', '|'), ('గాం', 'U'), ('తం', 'U'), ('బు', '|'), ('నన్', 'U'), ('రా', 'U'), ('జై', 'U'), ('పు', 'U'), ('ట్టి', '|'), ('తి', '|'), ('విం', 'U'), ('క', '|'), ('నీ', 'U'), ('క', '|'), ('లి', '|'), ('యు', '|'), ('గాం', 'U'), ('త్యం', 'U'), ('బం', 'U'), ('దు', '|'), ('న', '|'), ('న్రౌ', 'U'), ('త', '|'), ('వై', 'U'), ('వా', 'U'), ('జిం', 'U'), ('దో', 'U'), ('లి', '|'), ('వి', '|'), ('రో', 'U'), ('ధు', '|'), ('లం', 'U'), ('దు', '|'), ('ను', '|'), ('మ', '|'), ('దే', 'U'), ('వా', 'U'), ('నీ', 'U'), ('వ', '|'), ('యొం', 'U'), ('డె', 'U'), ('వ్వ', '|'), ('డా', 'U'), ('రా', 'U'), ('జు', '|'), ('న్రౌ', 'U'), ('తు', '|'), ('ను', '|'), ('నీ', 'U'), ('వె', '|'), ('కా', 'U'), ('వె', '|'), ('ర', '|'), ('ఘు', '|'), ('వీ', 'U'), ('రా', 'U'), ('జా', 'U'), ('న', '|'), ('కీ', 'U'), ('నా', 'U'), ('య', '|'), ('కా', 'U')]",0.9357142857142857,1.0,1.0,0.9285714285714286,0.75,1.0
saardulamu,"గాజుం బూస సురేంద్రనీలమణిగాఁ గల్పించు చందంబునన్
బాజుం జర్మము మీఁది బేగడపొరల్ బంగార మౌ రీతిగన్
నా జన్మంబు పవిత్రభాజనముగా నన్నేల రావేలరా
రాజీవాక్ష! కృపాకటాక్ష! రఘువీరా! జానకీనాయకా!",vruttamu,Ontimittaraguveera,"[('గా', 'U'), ('జుం', 'U'), ('బూ', 'U'), ('స', '|'), ('సు', '|'), ('రేం', 'U'), ('ద్ర', '|'), ('నీ', 'U'), ('ల', '|'), ('మ', '|'), ('ణి', '|'), ('గా', 'U'), ('గ', 'U'), ('ల్పిం', 'U'), ('చు', '|'), ('చం', 'U'), ('దం', 'U'), ('బు', '|'), ('నన్', 'U'), ('బా', 'U'), ('జుం', 'U'), ('జ', 'U'), ('ర్మ', '|'), ('ము', '|'), ('మీ', 'U'), ('ది', '|'), ('బే', 'U'), ('గ', '|'), ('డ', '|'), ('పొ', '|'), ('ర', 'U'), ('ల్బం', 'U'), ('గా', 'U'), ('ర', '|'), ('మౌ', 'U'), ('రీ', 'U'), ('తి', '|'), ('గన్', 'U'), ('నా', 'U'), ('జ', 'U'), ('న్మం', 'U'), ('బు', '|'), ('ప', '|'), ('వి', '|'), ('త్ర', '|'), ('భా', 'U'), ('జ', '|'), ('న', '|'), ('ము', '|'), ('గా', 'U'), ('న', 'U'), ('న్నే', 'U'), ('ల', '|'), ('రా', 'U'), ('వే', 'U'), ('ల', '|'), ('రా', 'U'), ('రా', 'U'), ('జీ', 'U'), ('వా', 'U'), ('క్ష', '|'), ('కృ', '|'), ('పా', 'U'), ('క', '|'), ('టా', 'U'), ('క్ష', '|'), ('ర', '|'), ('ఘు', '|'), ('వీ', 'U'), ('రా', 'U'), ('జా', 'U'), ('న', '|'), ('కీ', 'U'), ('నా', 'U'), ('య', '|'), ('కా', 'U')]",0.9928571428571429,1.0,1.0,0.9642857142857143,1.0,1.0
saardulamu,"నా జన్మాంతర వాసనావశమునన్ నాపాలి భాగ్యంబునన్
నా జాడ్యంబులు పోవుకాలముతఱిన్ నా పుణ్యపాకంబునం
దీజన్మంబున నిన్నుఁ గొల్వఁ గలిగెన్, హీనుండఁ గా నింక, నే
రాజన్, నాకెదు రెవ్వ రుర్వి? రఘువీరా! జానకీనాయకా!",vruttamu,Ontimittaraguveera,"[('నా', 'U'), ('జ', 'U'), ('న్మాం', 'U'), ('త', '|'), ('ర', '|'), ('వా', 'U'), ('స', '|'), ('నా', 'U'), ('వ', '|'), ('శ', '|'), ('ము', '|'), ('న', 'U'), ('న్నా', 'U'), ('పా', 'U'), ('లి', '|'), ('భా', 'U'), ('గ్యం', 'U'), ('బు', '|'), ('నన్', 'U'), ('నా', 'U'), ('జా', 'U'), ('డ్యం', 'U'), ('బు', '|'), ('లు', '|'), ('పో', 'U'), ('వు', '|'), ('కా', 'U'), ('ల', '|'), ('ము', '|'), ('త', '|'), ('ఱి', 'U'), ('న్నా', 'U'), ('పు', 'U'), ('ణ్య', '|'), ('పా', 'U'), ('కం', 'U'), ('బు', '|'), ('నం', 'U'), ('దీ', 'U'), ('జ', 'U'), ('న్మం', 'U'), ('బు', '|'), ('న', '|'), ('ని', 'U'), ('న్ను', '|'), ('గొ', 'U'), ('ల్వ', '|'), ('గ', '|'), ('లి', '|'), ('గె', 'U'), ('న్హీ', 'U'), ('నుం', 'U'), ('డ', '|'), ('గా', 'U'), ('నిం', 'U'), ('క', '|'), ('నే', 'U'), ('రా', 'U'), ('జ', 'U'), ('న్నా', 'U'), ('కె', '|'), ('దు', '|'), ('రె', 'U'), ('వ్వ', '|'), ('రు', 'U'), ('ర్వి', '|'), ('ర', '|'), ('ఘు', '|'), ('వీ', 'U'), ('రా', 'U'), ('జా', 'U'), ('న', '|'), ('కీ', 'U'), ('నా', 'U'), ('య', '|'), ('కా', 'U')]",0.95,1.0,1.0,1.0,0.75,1.0
saardulamu,"నేఁటం దీఱె ననేకజన్మములనుండి న్నన్ను వెంటాడుచున్
వాటంబై చనుదెంచు పాపములు; శ్రీవత్సాంక! యీవంక నీ
పాటల్ పాఠము సేయువారికి మఱిం బాపంబులం బాపుఁ గ
ర్ణాటాధీశ్వర! యొంటిమిట్ట రఘువీరా! జానకీనాయకా!",vruttamu,Ontimittaraguveera,"[('నే', 'U'), ('టం', 'U'), ('దీ', 'U'), ('ఱె', '|'), ('న', '|'), ('నే', 'U'), ('క', '|'), ('జ', 'U'), ('న్మ', '|'), ('ము', '|'), ('ల', '|'), ('నుం', 'U'), ('డి', 'U'), ('న్న', 'U'), ('న్ను', '|'), ('వెం', 'U'), ('టా', 'U'), ('డు', '|'), ('చున్', 'U'), ('వా', 'U'), ('టం', 'U'), ('బై', 'U'), ('చ', '|'), ('ను', '|'), ('దెం', 'U'), ('చు', '|'), ('పా', 'U'), ('ప', '|'), ('ము', '|'), ('లు', '|'), ('శ్రీ', 'U'), ('వ', 'U'), ('త్సాం', 'U'), ('క', '|'), ('యీ', 'U'), ('వం', 'U'), ('క', '|'), ('నీ', 'U'), ('పా', 'U'), ('ట', 'U'), ('ల్పా', 'U'), ('ఠ', '|'), ('ము', '|'), ('సే', 'U'), ('యు', '|'), ('వా', 'U'), ('రి', '|'), ('కి', '|'), ('మ', '|'), ('ఱిం', 'U'), ('బా', 'U'), ('పం', 'U'), ('బు', '|'), ('లం', 'U'), ('బా', 'U'), ('పు', '|'), ('గ', 'U'), ('ర్ణా', 'U'), ('టా', 'U'), ('ధీ', 'U'), ('శ్వ', '|'), ('ర', '|'), ('యొం', 'U'), ('టి', '|'), ('మి', 'U'), ('ట్ట', '|'), ('ర', '|'), ('ఘు', '|'), ('వీ', 'U'), ('రా', 'U'), ('జా', 'U'), ('న', '|'), ('కీ', 'U'), ('నా', 'U'), ('య', '|'), ('కా', 'U')]",0.95,1.0,1.0,1.0,0.75,1.0
mattebhamu,"పటునిర్ఘాత కఠోరనాదము ఘనబ్రహ్మాండ భాండంబుఁ బి
క్కటిలం జేయుచు వచ్చునప్పు డితరుల్ గాండీవినామంబు లె
న్నుట మేలందురు; వైష్ణవుల్ తలఁప రన్యుం గోరి యెంతెంత దు
ర్ఘటముల్ వచ్చిన నిన్నెగాక రఘువీరా! జానకీనాయకా!",vruttamu,Ontimittaraguveera,"[('ప', '|'), ('టు', '|'), ('ని', 'U'), ('ర్ఘా', 'U'), ('త', '|'), ('క', '|'), ('ఠో', 'U'), ('ర', '|'), ('నా', 'U'), ('ద', '|'), ('ము', '|'), ('ఘ', '|'), ('న', '|'), ('బ్ర', 'U'), ('హ్మాం', 'U'), ('డ', '|'), ('భాం', 'U'), ('డం', 'U'), ('బు', '|'), ('బి', 'U'), ('క్క', '|'), ('టి', '|'), ('లం', 'U'), ('జే', 'U'), ('యు', '|'), ('చు', '|'), ('వ', 'U'), ('చ్చు', '|'), ('న', 'U'), ('ప్పు', '|'), ('డి', '|'), ('త', '|'), ('రు', 'U'), ('ల్గాం', 'U'), ('డీ', 'U'), ('వి', '|'), ('నా', 'U'), ('మం', 'U'), ('బు', '|'), ('లె', 'U'), ('న్ను', '|'), ('ట', '|'), ('మే', 'U'), ('లం', 'U'), ('దు', '|'), ('రు', '|'), ('వై', 'U'), ('ష్ణ', '|'), ('వు', 'U'), ('ల్త', '|'), ('ల', '|'), ('ప', '|'), ('ర', 'U'), ('న్యుం', 'U'), ('గో', 'U'), ('రి', '|'), ('యెం', 'U'), ('తెం', 'U'), ('త', '|'), ('దు', 'U'), ('ర్ఘ', '|'), ('ట', '|'), ('ము', 'U'), ('ల్వ', 'U'), ('చ్చి', '|'), ('న', '|'), ('ని', 'U'), ('న్నె', '|'), ('గా', 'U'), ('క', '|'), ('ర', '|'), ('ఘు', '|'), ('వీ', 'U'), ('రా', 'U'), ('జా', 'U'), ('న', '|'), ('కీ', 'U'), ('నా', 'U'), ('య', '|'), ('కా', 'U')]",0.9928571428571429,1.0,1.0,0.9642857142857143,1.0,1.0
mattebhamu,"కొడుకు ల్బ్రహ్మలు, కూఁతు రీశ్వరశిరఃకూటంబుపైఁ గాఁపురం,
బుడురాజుం దినరాజుఁ గన్ను, లహిరా జుయ్యాలమంచంబు, నీ
పడఁతుల్ శ్రీయు ధరిత్రియున్, సవతు చెప్పన్ లేరు నీకన్యు, లా
ఱడి మర్త్యు ల్గనలేరుగాక రఘువీరా! జానకీనాయకా!",vruttamu,Ontimittaraguveera,"[('కొ', '|'), ('డు', '|'), ('కు', 'U'), ('ల్బ్ర', 'U'), ('హ్మ', '|'), ('లు', '|'), ('కూ', 'U'), ('తు', '|'), ('రీ', 'U'), ('శ్వ', '|'), ('ర', '|'), ('శి', '|'), ('రః', 'U'), ('కూ', 'U'), ('టం', 'U'), ('బు', '|'), ('పై', 'U'), ('గా', 'U'), ('పు', '|'), ('రం', 'U'), ('బు', '|'), ('డు', '|'), ('రా', 'U'), ('జుం', 'U'), ('ది', '|'), ('న', '|'), ('రా', 'U'), ('జు', '|'), ('గ', 'U'), ('న్ను', '|'), ('ల', '|'), ('హి', '|'), ('రా', 'U'), ('జు', 'U'), ('య్యా', 'U'), ('ల', '|'), ('మం', 'U'), ('చం', 'U'), ('బు', '|'), ('నీ', 'U'), ('ప', '|'), ('డ', '|'), ('తు', 'U'), ('ల్శ్రీ', 'U'), ('యు', '|'), ('ధ', '|'), ('రి', '|'), ('త్రి', '|'), ('యు', 'U'), ('న్స', '|'), ('వ', '|'), ('తు', '|'), ('చె', 'U'), ('ప్ప', 'U'), ('న్లే', 'U'), ('రు', '|'), ('నీ', 'U'), ('క', 'U'), ('న్యు', '|'), ('లా', 'U'), ('ఱ', '|'), ('డి', '|'), ('మ', 'U'), ('ర్త్యు', 'U'), ('ల్గ', '|'), ('న', '|'), ('లే', 'U'), ('రు', '|'), ('గా', 'U'), ('క', '|'), ('ర', '|'), ('ఘు', '|'), ('వీ', 'U'), ('రా', 'U'), ('జా', 'U'), ('న', '|'), ('కీ', 'U'), ('నా', 'U'), ('య', '|'), ('కా', 'U')]",0.9428571428571428,1.0,1.0,0.9642857142857143,0.75,1.0
mattebhamu,"వడి మీఱంగ నమోఘమై నిగుడు నీ వాలమ్ము వాలమ్ముఁ దాఁ
కెడు నంచున్ మెడ యొడ్డినన్ జమరిపైఁ గీల్కొన్న కారుణ్య మే
ర్పడ మున్నేసిన యమ్ము వేఱె యొక నారాచమ్మునం ద్రుంచి పే
ర్పడి తౌరా విలుకాండ్రలోన రఘువీరా! జానకీనాయకా!",vruttamu,Ontimittaraguveera,"[('వ', '|'), ('డి', '|'), ('మీ', 'U'), ('ఱం', 'U'), ('గ', '|'), ('న', '|'), ('మో', 'U'), ('ఘ', '|'), ('మై', 'U'), ('ని', '|'), ('గు', '|'), ('డు', '|'), ('నీ', 'U'), ('వా', 'U'), ('ల', 'U'), ('మ్ము', '|'), ('వా', 'U'), ('ల', 'U'), ('మ్ము', '|'), ('దా', 'U'), ('కె', '|'), ('డు', '|'), ('నం', 'U'), ('చు', 'U'), ('న్మె', '|'), ('డ', '|'), ('యొ', 'U'), ('డ్డి', '|'), ('న', 'U'), ('న్జ', '|'), ('మ', '|'), ('రి', '|'), ('పై', 'U'), ('గీ', 'U'), ('ల్కొ', 'U'), ('న్న', '|'), ('కా', 'U'), ('రు', 'U'), ('ణ్య', '|'), ('మే', 'U'), ('ర్ప', '|'), ('డ', '|'), ('ము', 'U'), ('న్నే', 'U'), ('సి', '|'), ('న', '|'), ('య', 'U'), ('మ్ము', '|'), ('వే', 'U'), ('ఱె', '|'), ('యొ', '|'), ('క', '|'), ('నా', 'U'), ('రా', 'U'), ('చ', 'U'), ('మ్ము', '|'), ('నం', 'U'), ('ద్రుం', 'U'), ('చి', '|'), ('పే', 'U'), ('ర్ప', '|'), ('డి', '|'), ('తౌ', 'U'), ('రా', 'U'), ('వి', '|'), ('లు', '|'), ('కాం', 'U'), ('డ్ర', '|'), ('లో', 'U'), ('న', '|'), ('ర', '|'), ('ఘు', '|'), ('వీ', 'U'), ('రా', 'U'), ('జా', 'U'), ('న', '|'), ('కీ', 'U'), ('నా', 'U'), ('య', '|'), ('కా', 'U')]",1.0,1.0,1.0,1.0,1.0,1.0
mattebhamu,"చెడుగన్, గష్టుఁడ, దుష్టచిత్తుఁడఁ, బరస్త్రీలోలుఁడన్, బాలుఁడన్
జడుఁడన్, మూఢుఁడఁ, గొండెకాఁడను, దురాచారి, న్నిషిద్ధాత్ముఁడన్
గడుసంగాకరిఁ గల్ల గుల్లఁ గపటిన్ గర్విన్ ననుం గావు మూ
ఱడి యున్నాఁడను నీవె దిక్కు రఘువీరా! జానకీనాయకా!",vruttamu,Ontimittaraguveera,"[('చె', '|'), ('డు', '|'), ('గ', 'U'), ('న్గ', 'U'), ('ష్టు', '|'), ('డ', '|'), ('దు', 'U'), ('ష్ట', '|'), ('చి', 'U'), ('త్తు', '|'), ('డ', '|'), ('బ', '|'), ('ర', 'U'), ('స్త్రీ', 'U'), ('లో', 'U'), ('లు', '|'), ('డ', 'U'), ('న్బా', 'U'), ('లు', '|'), ('డన్', 'U'), ('జ', '|'), ('డు', '|'), ('డ', 'U'), ('న్మూ', 'U'), ('ఢు', '|'), ('డ', '|'), ('గొం', 'U'), ('డె', '|'), ('కా', 'U'), ('డ', '|'), ('ను', '|'), ('దు', '|'), ('రా', 'U'), ('చా', 'U'), ('రి', 'U'), ('న్ని', '|'), ('షి', 'U'), ('ద్ధా', 'U'), ('త్ము', '|'), ('డన్', 'U'), ('గ', '|'), ('డు', '|'), ('సం', 'U'), ('గా', 'U'), ('క', '|'), ('రి', '|'), ('గ', 'U'), ('ల్ల', '|'), ('గు', 'U'), ('ల్ల', '|'), ('గ', '|'), ('ప', '|'), ('టి', 'U'), ('న్గ', 'U'), ('ర్వి', 'U'), ('న్న', '|'), ('నుం', 'U'), ('గా', 'U'), ('వు', '|'), ('మూ', 'U'), ('ఱ', '|'), ('డి', '|'), ('యు', 'U'), ('న్నా', 'U'), ('డ', '|'), ('ను', '|'), ('నీ', 'U'), ('వె', '|'), ('ది', 'U'), ('క్కు', '|'), ('ర', '|'), ('ఘు', '|'), ('వీ', 'U'), ('రా', 'U'), ('జా', 'U'), ('న', '|'), ('కీ', 'U'), ('నా', 'U'), ('య', '|'), ('కా', 'U')]",1.0,1.0,1.0,1.0,1.0,1.0
mattebhamu,"అడుగున్విద్యకు లోనుజేసితివి న న్నావంత నావంతలే
కడియాసల్ గొనుచున్ దురాత్మకుల నే నర్థించుచున్నాఁడ; నె
న్నఁడు రక్షించెదు, నీవు నన్ను బలె నెన్నం బేదవా? యేల యా
ఱడిఁ బెట్టంగ? రమావిహార! రఘువీరా! జానకీనాయకా!",vruttamu,Ontimittaraguveera,"[('అ', '|'), ('డు', '|'), ('గు', 'U'), ('న్వి', 'U'), ('ద్య', '|'), ('కు', '|'), ('లో', 'U'), ('ను', '|'), ('జే', 'U'), ('సి', '|'), ('తి', '|'), ('వి', '|'), ('న', 'U'), ('న్నా', 'U'), ('వం', 'U'), ('త', '|'), ('నా', 'U'), ('వం', 'U'), ('త', '|'), ('లే', 'U'), ('క', '|'), ('డి', '|'), ('యా', 'U'), ('స', 'U'), ('ల్గొ', '|'), ('ను', '|'), ('చు', 'U'), ('న్దు', '|'), ('రా', 'U'), ('త్మ', '|'), ('కు', '|'), ('ల', '|'), ('నే', 'U'), ('న', 'U'), ('ర్థిం', 'U'), ('చు', '|'), ('చు', 'U'), ('న్నా', 'U'), ('డ', '|'), ('నె', 'U'), ('న్న', '|'), ('డు', '|'), ('ర', 'U'), ('క్షిం', 'U'), ('చె', '|'), ('దు', '|'), ('నీ', 'U'), ('వు', '|'), ('న', 'U'), ('న్ను', '|'), ('బ', '|'), ('లె', '|'), ('నె', 'U'), ('న్నం', 'U'), ('బే', 'U'), ('ద', '|'), ('వా', 'U'), ('యే', 'U'), ('ల', '|'), ('యా', 'U'), ('ఱ', '|'), ('డి', '|'), ('బె', 'U'), ('ట్టం', 'U'), ('గ', '|'), ('ర', '|'), ('మా', 'U'), ('వి', '|'), ('హా', 'U'), ('ర', '|'), ('ర', '|'), ('ఘు', '|'), ('వీ', 'U'), ('రా', 'U'), ('జా', 'U'), ('న', '|'), ('కీ', 'U'), ('నా', 'U'), ('య', '|'), ('కా', 'U')]",0.9,1.0,1.0,1.0,0.5,1.0
mattebhamu,"ప్రణుతింపన్ మృతదేహుఁ జూచి బ్రదికింపన్ బ్రహ్మరుద్రుల్ మరు
ద్గణనాథాదులు నోప, రద్భుతము గాఁగన్ నీదు భృత్యుండు ల
క్ష్మణు ప్రాణంబులు దెచ్చెఁ జచ్చినతఱిన్ సంజీవనీప్రక్రియన్
రణభూభాగములోనఁ దానె రఘువీరా! జానకీనాయకా!",vruttamu,Ontimittaraguveera,"[('ప్ర', '|'), ('ణు', '|'), ('తిం', 'U'), ('ప', 'U'), ('న్మృ', '|'), ('త', '|'), ('దే', 'U'), ('హు', '|'), ('జూ', 'U'), ('చి', '|'), ('బ్ర', '|'), ('ది', '|'), ('కిం', 'U'), ('ప', 'U'), ('న్బ్ర', 'U'), ('హ్మ', '|'), ('రు', '|'), ('ద్రు', 'U'), ('ల్మ', '|'), ('రు', 'U'), ('ద్గ', '|'), ('ణ', '|'), ('నా', 'U'), ('థా', 'U'), ('దు', '|'), ('లు', '|'), ('నో', 'U'), ('ప', '|'), ('ర', 'U'), ('ద్భు', '|'), ('త', '|'), ('ము', '|'), ('గా', 'U'), ('గ', 'U'), ('న్నీ', 'U'), ('దు', '|'), ('భృ', 'U'), ('త్యుం', 'U'), ('డు', '|'), ('ల', 'U'), ('క్ష్మ', '|'), ('ణు', '|'), ('ప్రా', 'U'), ('ణం', 'U'), ('బు', '|'), ('లు', '|'), ('దె', 'U'), ('చ్చె', '|'), ('జ', 'U'), ('చ్చి', '|'), ('న', '|'), ('త', '|'), ('ఱి', 'U'), ('న్సం', 'U'), ('జీ', 'U'), ('వ', '|'), ('నీ', 'U'), ('ప్ర', '|'), ('క్రి', '|'), ('యన్', 'U'), ('ర', '|'), ('ణ', '|'), ('భూ', 'U'), ('భా', 'U'), ('గ', '|'), ('ము', '|'), ('లో', 'U'), ('న', '|'), ('దా', 'U'), ('నె', '|'), ('ర', '|'), ('ఘు', '|'), ('వీ', 'U'), ('రా', 'U'), ('జా', 'U'), ('న', '|'), ('కీ', 'U'), ('నా', 'U'), ('య', '|'), ('కా', 'U')]",0.9857142857142858,1.0,1.0,0.9285714285714286,1.0,1.0
saardulamu,"ఏ తాత్పర్యము గల్గి కొల్చెదవురా? యే నేల నిన్మెత్తురా?
నీతో నాకుఁ బనేమిరా? యనక మన్నింపం దగున్; మున్ను నీ
చేతన్ మోక్షముఁ గన్నవారి వినమా చిత్రంబుగా నిర్జరా
రాతిన్ నాతిని రాతిఁ దొల్లి రఘువీరా! జానకీనాయకా!",vruttamu,Ontimittaraguveera,"[('ఏ', 'U'), ('తా', 'U'), ('త్ప', 'U'), ('ర్య', '|'), ('ము', '|'), ('గ', 'U'), ('ల్గి', '|'), ('కొ', 'U'), ('ల్చె', '|'), ('ద', '|'), ('వు', '|'), ('రా', 'U'), ('యే', 'U'), ('నే', 'U'), ('ల', '|'), ('ని', 'U'), ('న్మె', 'U'), ('త్తు', '|'), ('రా', 'U'), ('నీ', 'U'), ('తో', 'U'), ('నా', 'U'), ('కు', '|'), ('బ', '|'), ('నే', 'U'), ('మి', '|'), ('రా', 'U'), ('య', '|'), ('న', '|'), ('క', '|'), ('మ', 'U'), ('న్నిం', 'U'), ('పం', 'U'), ('ద', '|'), ('గు', 'U'), ('న్ము', 'U'), ('న్ను', '|'), ('నీ', 'U'), ('చే', 'U'), ('త', 'U'), ('న్మో', 'U'), ('క్ష', '|'), ('ము', '|'), ('గ', 'U'), ('న్న', '|'), ('వా', 'U'), ('రి', '|'), ('వి', '|'), ('న', '|'), ('మా', 'U'), ('చి', '|'), ('త్రం', 'U'), ('బు', '|'), ('గా', 'U'), ('ని', 'U'), ('ర్జ', '|'), ('రా', 'U'), ('రా', 'U'), ('తి', 'U'), ('న్నా', 'U'), ('తి', '|'), ('ని', '|'), ('రా', 'U'), ('తి', '|'), ('దొ', 'U'), ('ల్లి', '|'), ('ర', '|'), ('ఘు', '|'), ('వీ', 'U'), ('రా', 'U'), ('జా', 'U'), ('న', '|'), ('కీ', 'U'), ('నా', 'U'), ('య', '|'), ('కా', 'U')]",0.9428571428571428,1.0,1.0,0.9642857142857143,0.75,1.0
saardulamu,"దాతల్ ద్రాతలు తల్లిదండ్రులు మఱిన్ దైవంబు లాప్తుల్ చెలుల్
భ్రాత ల్దక్కినవారు చుట్టములు మీపాదాలపై నాన నా
దాత ల్ద్రాతలు తల్లిదండ్రులు మఱిన్ దైవంబు లాప్తుల్ చెలుల్
భ్రాతల్ సర్వము నీవె కావె రఘువీరా! జానకీనాయకా!",vruttamu,Ontimittaraguveera,"[('దా', 'U'), ('త', 'U'), ('ల్ద్రా', 'U'), ('త', '|'), ('లు', '|'), ('త', 'U'), ('ల్లి', '|'), ('దం', 'U'), ('డ్రు', '|'), ('లు', '|'), ('మ', '|'), ('ఱి', 'U'), ('న్దై', 'U'), ('వం', 'U'), ('బు', '|'), ('లా', 'U'), ('ప్తు', 'U'), ('ల్చె', '|'), ('లుల్', 'U'), ('భ్రా', 'U'), ('త', 'U'), ('ల్ద', 'U'), ('క్కి', '|'), ('న', '|'), ('వా', 'U'), ('రు', '|'), ('చు', 'U'), ('ట్ట', '|'), ('ము', '|'), ('లు', '|'), ('మీ', 'U'), ('పా', 'U'), ('దా', 'U'), ('ల', '|'), ('పై', 'U'), ('నా', 'U'), ('న', '|'), ('నా', 'U'), ('దా', 'U'), ('త', 'U'), ('ల్ద్రా', 'U'), ('త', '|'), ('లు', '|'), ('త', 'U'), ('ల్లి', '|'), ('దం', 'U'), ('డ్రు', '|'), ('లు', '|'), ('మ', '|'), ('ఱి', 'U'), ('న్దై', 'U'), ('వం', 'U'), ('బు', '|'), ('లా', 'U'), ('ప్తు', 'U'), ('ల్చె', '|'), ('లుల్', 'U'), ('భ్రా', 'U'), ('త', 'U'), ('ల్స', 'U'), ('ర్వ', '|'), ('ము', '|'), ('నీ', 'U'), ('వె', '|'), ('కా', 'U'), ('వె', '|'), ('ర', '|'), ('ఘు', '|'), ('వీ', 'U'), ('రా', 'U'), ('జా', 'U'), ('న', '|'), ('కీ', 'U'), ('నా', 'U'), ('య', '|'), ('కా', 'U')]",1.0,1.0,1.0,1.0,1.0,1.0
mattebhamu,"శ్రుతిపాథోధి మథించి శాస్త్రమహిమ ల్శోధించి యష్టాదశ
స్మృతు లాలించి మహేతిహాసకథలుం జింతించి తా రొక్క స
మ్మతమై సన్మును లాచరించిన మహామార్గంబు నీసేవ; దు
ర్మతు లీమార్గముఁ గానలేరు రఘువీరా! జానకీనాయకా!",vruttamu,Ontimittaraguveera,"[('శ్రు', '|'), ('తి', '|'), ('పా', 'U'), ('థో', 'U'), ('ధి', '|'), ('మ', '|'), ('థిం', 'U'), ('చి', '|'), ('శా', 'U'), ('స్త్ర', '|'), ('మ', '|'), ('హి', '|'), ('మ', 'U'), ('ల్శో', 'U'), ('ధిం', 'U'), ('చి', '|'), ('య', 'U'), ('ష్టా', 'U'), ('ద', '|'), ('శ', 'U'), ('స్మృ', '|'), ('తు', '|'), ('లా', 'U'), ('లిం', 'U'), ('చి', '|'), ('మ', '|'), ('హే', 'U'), ('తి', '|'), ('హా', 'U'), ('స', '|'), ('క', '|'), ('థ', '|'), ('లుం', 'U'), ('జిం', 'U'), ('తిం', 'U'), ('చి', '|'), ('తా', 'U'), ('రొ', 'U'), ('క్క', '|'), ('స', 'U'), ('మ్మ', '|'), ('త', '|'), ('మై', 'U'), ('స', 'U'), ('న్ము', '|'), ('ను', '|'), ('లా', 'U'), ('చ', '|'), ('రిం', 'U'), ('చి', '|'), ('న', '|'), ('మ', '|'), ('హా', 'U'), ('మా', 'U'), ('ర్గం', 'U'), ('బు', '|'), ('నీ', 'U'), ('సే', 'U'), ('వ', '|'), ('దు', 'U'), ('ర్మ', '|'), ('తు', '|'), ('లీ', 'U'), ('మా', 'U'), ('ర్గ', '|'), ('ము', '|'), ('గా', 'U'), ('న', '|'), ('లే', 'U'), ('రు', '|'), ('ర', '|'), ('ఘు', '|'), ('వీ', 'U'), ('రా', 'U'), ('జా', 'U'), ('న', '|'), ('కీ', 'U'), ('నా', 'U'), ('య', '|'), ('కా', 'U')]",1.0,1.0,1.0,1.0,1.0,1.0
mattebhamu,"మతి నూహింపరు కొంద ఱీసుకృత మేమార్గంబునం దున్న ను
గ్రతపోధ్యానము సామగానమును దీర్థస్నానమున్ దానమున్
గ్రతుసంధానము లేల? నేలఁ దులసిం గర్వయ్యెనో? యూర నీ
ప్రతిమ ల్లేవొ నమస్కరింప? రఘువీరా! జానకీనాయకా!",vruttamu,Ontimittaraguveera,"[('మ', '|'), ('తి', '|'), ('నూ', 'U'), ('హిం', 'U'), ('ప', '|'), ('రు', '|'), ('కొం', 'U'), ('ద', '|'), ('ఱీ', 'U'), ('సు', '|'), ('కృ', '|'), ('త', '|'), ('మే', 'U'), ('మా', 'U'), ('ర్గం', 'U'), ('బు', '|'), ('నం', 'U'), ('దు', 'U'), ('న్న', '|'), ('ను', '|'), ('గ్ర', '|'), ('త', '|'), ('పో', 'U'), ('ధ్యా', 'U'), ('న', '|'), ('ము', '|'), ('సా', 'U'), ('మ', '|'), ('గా', 'U'), ('న', '|'), ('ము', '|'), ('ను', '|'), ('దీ', 'U'), ('ర్థ', 'U'), ('స్నా', 'U'), ('న', '|'), ('ము', 'U'), ('న్దా', 'U'), ('న', '|'), ('మున్', 'U'), ('గ్ర', '|'), ('తు', '|'), ('సం', 'U'), ('ధా', 'U'), ('న', '|'), ('ము', '|'), ('లే', 'U'), ('ల', '|'), ('నే', 'U'), ('ల', '|'), ('దు', '|'), ('ల', '|'), ('సిం', 'U'), ('గ', 'U'), ('ర్వ', 'U'), ('య్యె', '|'), ('నో', 'U'), ('యూ', 'U'), ('ర', '|'), ('నీ', 'U'), ('ప్ర', '|'), ('తి', '|'), ('మ', 'U'), ('ల్లే', 'U'), ('వొ', '|'), ('న', '|'), ('మ', 'U'), ('స్క', '|'), ('రిం', 'U'), ('ప', '|'), ('ర', '|'), ('ఘు', '|'), ('వీ', 'U'), ('రా', 'U'), ('జా', 'U'), ('న', '|'), ('కీ', 'U'), ('నా', 'U'), ('య', '|'), ('కా', 'U')]",0.9928571428571429,1.0,1.0,0.9642857142857143,1.0,1.0
mattebhamu,"సుతు లంచున్ హితు లంచు బంధుజను లంచుం దల్లులుం దండ్రులున్
సతులుం బౌత్రులు నంచు నెంచుకొనుచున్ సంసారమోహాబ్ధిలో
గతజన్మంబులఁ దేలుచున్ మునుఁగుచున్ గర్వించి యే ని న్ననా
రతముం గొల్వని మోస గల్గె రఘువీరా! జానకీనాయకా!",vruttamu,Ontimittaraguveera,"[('సు', '|'), ('తు', '|'), ('లం', 'U'), ('చు', 'U'), ('న్హి', '|'), ('తు', '|'), ('లం', 'U'), ('చు', '|'), ('బం', 'U'), ('ధు', '|'), ('జ', '|'), ('ను', '|'), ('లం', 'U'), ('చుం', 'U'), ('ద', 'U'), ('ల్లు', '|'), ('లుం', 'U'), ('దం', 'U'), ('డ్రు', '|'), ('లున్', 'U'), ('స', '|'), ('తు', '|'), ('లుం', 'U'), ('బౌ', 'U'), ('త్రు', '|'), ('లు', '|'), ('నం', 'U'), ('చు', '|'), ('నెం', 'U'), ('చు', '|'), ('కొ', '|'), ('ను', '|'), ('చు', 'U'), ('న్సం', 'U'), ('సా', 'U'), ('ర', '|'), ('మో', 'U'), ('హా', 'U'), ('బ్ధి', '|'), ('లో', 'U'), ('గ', '|'), ('త', '|'), ('జ', 'U'), ('న్మం', 'U'), ('బు', '|'), ('ల', '|'), ('దే', 'U'), ('లు', '|'), ('చు', 'U'), ('న్ము', '|'), ('ను', '|'), ('గు', '|'), ('చు', 'U'), ('న్గ', 'U'), ('ర్విం', 'U'), ('చి', '|'), ('యే', 'U'), ('ని', 'U'), ('న్న', '|'), ('నా', 'U'), ('ర', '|'), ('త', '|'), ('ముం', 'U'), ('గొ', 'U'), ('ల్వ', '|'), ('ని', '|'), ('మో', 'U'), ('స', '|'), ('గ', 'U'), ('ల్గె', '|'), ('ర', '|'), ('ఘు', '|'), ('వీ', 'U'), ('రా', 'U'), ('జా', 'U'), ('న', '|'), ('కీ', 'U'), ('నా', 'U'), ('య', '|'), ('కా', 'U')]",1.0,1.0,1.0,1.0,1.0,1.0
mattebhamu,"క్షితిలోఁ దామును బ్రహ్మసృష్టికిఁ బునస్సృష్టిన్ వినిర్మించియున్
గ్రతువిఘ్నం బొనరించు దానవుల వీఁకం దోలఁగా లేక నాఁ
డతిబాలున్ నినుఁ దోడు తోడుకొనిపోఁడా గాధిసూనుండు నీ
ప్రతివీరాగ్రణి యెవ్వఁ డింక? రఘువీరా! జానకీనాయకా!",vruttamu,Ontimittaraguveera,"[('క్షి', '|'), ('తి', '|'), ('లో', 'U'), ('దా', 'U'), ('ము', '|'), ('ను', '|'), ('బ్ర', 'U'), ('హ్మ', '|'), ('సృ', 'U'), ('ష్టి', '|'), ('కి', '|'), ('బు', '|'), ('న', 'U'), ('స్సృ', 'U'), ('ష్టి', 'U'), ('న్వి', '|'), ('ని', 'U'), ('ర్మిం', 'U'), ('చి', '|'), ('యున్', 'U'), ('గ్ర', '|'), ('తు', '|'), ('వి', 'U'), ('ఘ్నం', 'U'), ('బొ', '|'), ('న', '|'), ('రిం', 'U'), ('చు', '|'), ('దా', 'U'), ('న', '|'), ('వు', '|'), ('ల', '|'), ('వీ', 'U'), ('కం', 'U'), ('దో', 'U'), ('ల', '|'), ('గా', 'U'), ('లే', 'U'), ('క', '|'), ('నా', 'U'), ('డ', '|'), ('తి', '|'), ('బా', 'U'), ('లు', 'U'), ('న్ని', '|'), ('ను', '|'), ('దో', 'U'), ('డు', '|'), ('తో', 'U'), ('డు', '|'), ('కొ', '|'), ('ని', '|'), ('పో', 'U'), ('డా', 'U'), ('గా', 'U'), ('ధి', '|'), ('సూ', 'U'), ('నుం', 'U'), ('డు', '|'), ('నీ', 'U'), ('ప్ర', '|'), ('తి', '|'), ('వీ', 'U'), ('రా', 'U'), ('గ్ర', '|'), ('ణి', '|'), ('యె', 'U'), ('వ్వ', '|'), ('డిం', 'U'), ('క', '|'), ('ర', '|'), ('ఘు', '|'), ('వీ', 'U'), ('రా', 'U'), ('జా', 'U'), ('న', '|'), ('కీ', 'U'), ('నా', 'U'), ('య', '|'), ('కా', 'U')]",0.95,1.0,1.0,1.0,0.75,1.0
mattebhamu,"క్షితిలో నల్పులమీఁదఁ జెప్పిన కృతుల్ ఛీఛీ నిరర్థంబులౌ
నుతిపాత్రమ్ములు గావు మేఁక మెడ చన్నుల్ నేతిబీఱల్సుమా
వితత ప్రౌఢిమ నీకుఁ జెప్పిన కృతుల్ వేదాలు శాస్త్రాలు భా
రత రామాయణముల్ దలంప రఘువీరా! జానకీనాయకా!",vruttamu,Ontimittaraguveera,"[('క్షి', '|'), ('తి', '|'), ('లో', 'U'), ('న', 'U'), ('ల్పు', '|'), ('ల', '|'), ('మీ', 'U'), ('ద', '|'), ('జె', 'U'), ('ప్పి', '|'), ('న', '|'), ('కృ', '|'), ('తు', 'U'), ('ల్ఛీ', 'U'), ('ఛీ', 'U'), ('ని', '|'), ('ర', 'U'), ('ర్థం', 'U'), ('బు', '|'), ('లౌ', 'U'), ('ను', '|'), ('తి', '|'), ('పా', 'U'), ('త్ర', 'U'), ('మ్ము', '|'), ('లు', '|'), ('గా', 'U'), ('వు', '|'), ('మే', 'U'), ('క', '|'), ('మె', '|'), ('డ', '|'), ('చ', 'U'), ('న్ను', 'U'), ('ల్నే', 'U'), ('తి', '|'), ('బీ', 'U'), ('ఱ', 'U'), ('ల్సు', '|'), ('మా', 'U'), ('వి', '|'), ('త', '|'), ('త', '|'), ('ప్రౌ', 'U'), ('ఢి', '|'), ('మ', '|'), ('నీ', 'U'), ('కు', '|'), ('జె', 'U'), ('ప్పి', '|'), ('న', '|'), ('కృ', '|'), ('తు', 'U'), ('ల్వే', 'U'), ('దా', 'U'), ('లు', '|'), ('శా', 'U'), ('స్త్రా', 'U'), ('లు', '|'), ('భా', 'U'), ('ర', '|'), ('త', '|'), ('రా', 'U'), ('మా', 'U'), ('య', '|'), ('ణ', '|'), ('ము', 'U'), ('ల్ద', '|'), ('లం', 'U'), ('ప', '|'), ('ర', '|'), ('ఘు', '|'), ('వీ', 'U'), ('రా', 'U'), ('జా', 'U'), ('న', '|'), ('కీ', 'U'), ('నా', 'U'), ('య', '|'), ('కా', 'U')]",0.9928571428571429,1.0,1.0,0.9642857142857143,1.0,1.0
saardulamu,"సంతానంబును బారిజాతకమహీజాతంబు మందారమున్
జింతారత్నముఁ గామధేనువు సుధాసింధూత్తమంబున్ మదిన్
జింతింపన్ సరిగావు నీకు విజయశ్రీధామ! యో రామ! య
శ్రాంతత్యాగ వివేకపాక! రఘువీరా! జానకీనాయకా!",vruttamu,Ontimittaraguveera,"[('సం', 'U'), ('తా', 'U'), ('నం', 'U'), ('బు', '|'), ('ను', '|'), ('బా', 'U'), ('రి', '|'), ('జా', 'U'), ('త', '|'), ('క', '|'), ('మ', '|'), ('హీ', 'U'), ('జా', 'U'), ('తం', 'U'), ('బు', '|'), ('మం', 'U'), ('దా', 'U'), ('ర', '|'), ('మున్', 'U'), ('జిం', 'U'), ('తా', 'U'), ('ర', 'U'), ('త్న', '|'), ('ము', '|'), ('గా', 'U'), ('మ', '|'), ('ధే', 'U'), ('ను', '|'), ('వు', '|'), ('సు', '|'), ('ధా', 'U'), ('సిం', 'U'), ('ధూ', 'U'), ('త్త', '|'), ('మం', 'U'), ('బు', 'U'), ('న్మ', '|'), ('దిన్', 'U'), ('జిం', 'U'), ('తిం', 'U'), ('ప', 'U'), ('న్స', '|'), ('రి', '|'), ('గా', 'U'), ('వు', '|'), ('నీ', 'U'), ('కు', '|'), ('వి', '|'), ('జ', '|'), ('య', '|'), ('శ్రీ', 'U'), ('ధా', 'U'), ('మ', '|'), ('యో', 'U'), ('రా', 'U'), ('మ', '|'), ('య', '|'), ('శ్రాం', 'U'), ('త', 'U'), ('త్యా', 'U'), ('గ', '|'), ('వి', '|'), ('వే', 'U'), ('క', '|'), ('పా', 'U'), ('క', '|'), ('ర', '|'), ('ఘు', '|'), ('వీ', 'U'), ('రా', 'U'), ('జా', 'U'), ('న', '|'), ('కీ', 'U'), ('నా', 'U'), ('య', '|'), ('కా', 'U')]",0.9857142857142858,1.0,1.0,0.9285714285714286,1.0,1.0
saardulamu,"ఏ దైవాల వరాలకంటె సులభం బెవ్వారికైనన్ మదిన్
నీ దాతృత్వము చెప్పనేల శరణంటేన్ గాతు వింతేల నీ
పాదాంభోజరజంబు రాతికయినన్ బ్రాణంబు లీఁజాలు నౌ
రా! దిక్పూరితకీర్తిపూర! రఘువీరా! జానకీనాయకా!",vruttamu,Ontimittaraguveera,"[('ఏ', 'U'), ('దై', 'U'), ('వా', 'U'), ('ల', '|'), ('వ', '|'), ('రా', 'U'), ('ల', '|'), ('కం', 'U'), ('టె', '|'), ('సు', '|'), ('ల', '|'), ('భం', 'U'), ('బె', 'U'), ('వ్వా', 'U'), ('రి', '|'), ('కై', 'U'), ('న', 'U'), ('న్మ', '|'), ('దిన్', 'U'), ('నీ', 'U'), ('దా', 'U'), ('తృ', 'U'), ('త్వ', '|'), ('ము', '|'), ('చె', 'U'), ('ప్ప', '|'), ('నే', 'U'), ('ల', '|'), ('శ', '|'), ('ర', '|'), ('ణం', 'U'), ('టే', 'U'), ('న్గా', 'U'), ('తు', '|'), ('విం', 'U'), ('తే', 'U'), ('ల', '|'), ('నీ', 'U'), ('పా', 'U'), ('దాం', 'U'), ('భో', 'U'), ('జ', '|'), ('ర', '|'), ('జం', 'U'), ('బు', '|'), ('రా', 'U'), ('తి', '|'), ('క', '|'), ('యి', '|'), ('న', 'U'), ('న్బ్రా', 'U'), ('ణం', 'U'), ('బు', '|'), ('లీ', 'U'), ('జా', 'U'), ('లు', '|'), ('నౌ', 'U'), ('రా', 'U'), ('ది', 'U'), ('క్పూ', 'U'), ('రి', '|'), ('త', '|'), ('కీ', 'U'), ('ర్తి', '|'), ('పూ', 'U'), ('ర', '|'), ('ర', '|'), ('ఘు', '|'), ('వీ', 'U'), ('రా', 'U'), ('జా', 'U'), ('న', '|'), ('కీ', 'U'), ('నా', 'U'), ('య', '|'), ('కా', 'U')]",0.9,1.0,1.0,1.0,0.5,1.0
saardulamu,"విందున్ వేదపురాణశాస్త్రముల గోవిందున్ ముకుందున్ హరిన్
విందున్ వేల్పులలోన భక్తసులభున్ విశ్వంభరున్ సచ్చిదా
నందున్ నందుఁడు కన్న చిన్నశిశువున్ నాపాలి పాపాళిఁ బా
ఱం దోలంగ నృసింహు నిన్ను రఘువీరా! జానకీనాయకా!",vruttamu,Ontimittaraguveera,"[('విం', 'U'), ('దు', 'U'), ('న్వే', 'U'), ('ద', '|'), ('పు', '|'), ('రా', 'U'), ('ణ', '|'), ('శా', 'U'), ('స్త్ర', '|'), ('ము', '|'), ('ల', '|'), ('గో', 'U'), ('విం', 'U'), ('దు', 'U'), ('న్ము', '|'), ('కుం', 'U'), ('దు', 'U'), ('న్హ', '|'), ('రిన్', 'U'), ('విం', 'U'), ('దు', 'U'), ('న్వే', 'U'), ('ల్పు', '|'), ('ల', '|'), ('లో', 'U'), ('న', '|'), ('భ', 'U'), ('క్త', '|'), ('సు', '|'), ('ల', '|'), ('భు', 'U'), ('న్వి', 'U'), ('శ్వం', 'U'), ('భ', '|'), ('రు', 'U'), ('న్స', 'U'), ('చ్చి', '|'), ('దా', 'U'), ('నం', 'U'), ('దు', 'U'), ('న్నం', 'U'), ('దు', '|'), ('డు', '|'), ('క', 'U'), ('న్న', '|'), ('చి', 'U'), ('న్న', '|'), ('శి', '|'), ('శు', '|'), ('వు', 'U'), ('న్నా', 'U'), ('పా', 'U'), ('లి', '|'), ('పా', 'U'), ('పా', 'U'), ('ళి', '|'), ('బా', 'U'), ('ఱం', 'U'), ('దో', 'U'), ('లం', 'U'), ('గ', '|'), ('నృ', '|'), ('సిం', 'U'), ('హు', '|'), ('ని', 'U'), ('న్ను', '|'), ('ర', '|'), ('ఘు', '|'), ('వీ', 'U'), ('రా', 'U'), ('జా', 'U'), ('న', '|'), ('కీ', 'U'), ('నా', 'U'), ('య', '|'), ('కా', 'U')]",1.0,1.0,1.0,1.0,1.0,1.0
saardulamu,"సందిం బూసలలోన నీ కవచరక్షామంత్రరాజంబుఁ బెం
పొందన్ వ్రాసి ధరించినాతఁడు రిపువ్యూహంబులో నైన నే
కందుం బొందక వజ్రపంజరములోఁ గాఁపున్న చందానఁ బా
ఱం దోలుం బగవారి నౌర రఘువీరా! జానకీనాయకా!",vruttamu,Ontimittaraguveera,"[('సం', 'U'), ('దిం', 'U'), ('బూ', 'U'), ('స', '|'), ('ల', '|'), ('లో', 'U'), ('న', '|'), ('నీ', 'U'), ('క', '|'), ('వ', '|'), ('చ', '|'), ('ర', 'U'), ('క్షా', 'U'), ('మం', 'U'), ('త్ర', '|'), ('రా', 'U'), ('జం', 'U'), ('బు', '|'), ('బెం', 'U'), ('పొం', 'U'), ('ద', 'U'), ('న్వ్రా', 'U'), ('సి', '|'), ('ధ', '|'), ('రిం', 'U'), ('చి', '|'), ('నా', 'U'), ('త', '|'), ('డు', '|'), ('రి', '|'), ('పు', 'U'), ('వ్యూ', 'U'), ('హం', 'U'), ('బు', '|'), ('లో', 'U'), ('నై', 'U'), ('న', '|'), ('నే', 'U'), ('కం', 'U'), ('దుం', 'U'), ('బొం', 'U'), ('ద', '|'), ('క', '|'), ('వ', '|'), ('జ్ర', '|'), ('పం', 'U'), ('జ', '|'), ('ర', '|'), ('ము', '|'), ('లో', 'U'), ('గా', 'U'), ('పు', 'U'), ('న్న', '|'), ('చం', 'U'), ('దా', 'U'), ('న', '|'), ('బా', 'U'), ('ఱం', 'U'), ('దో', 'U'), ('లుం', 'U'), ('బ', '|'), ('గ', '|'), ('వా', 'U'), ('రి', '|'), ('నౌ', 'U'), ('ర', '|'), ('ర', '|'), ('ఘు', '|'), ('వీ', 'U'), ('రా', 'U'), ('జా', 'U'), ('న', '|'), ('కీ', 'U'), ('నా', 'U'), ('య', '|'), ('కా', 'U')]",0.9428571428571428,1.0,1.0,0.9642857142857143,0.75,1.0
mattebhamu,"వృథగా దెవ్వఁడు నిన్నుఁ గొల్చినఁ గృపన్ వీక్షించి వాఁ డేమనో
రథముల్ వేఁడిన నట్లె సేయుదువుగా రక్షావిధేయుండవై
కథగాదీ వచనంబు నిక్క మటులే కాదేని మున్నేల సా
రథివై తర్జునుతేరిఁ దోల రఘువీరా! జానకీనాయకా!",vruttamu,Ontimittaraguveera,"[('వృ', '|'), ('థ', '|'), ('గా', 'U'), ('దె', 'U'), ('వ్వ', '|'), ('డు', '|'), ('ని', 'U'), ('న్ను', '|'), ('గొ', 'U'), ('ల్చి', '|'), ('న', '|'), ('గృ', '|'), ('ప', 'U'), ('న్వీ', 'U'), ('క్షిం', 'U'), ('చి', '|'), ('వా', 'U'), ('డే', 'U'), ('మ', '|'), ('నో', 'U'), ('ర', '|'), ('థ', '|'), ('ము', 'U'), ('ల్వే', 'U'), ('డి', '|'), ('న', '|'), ('న', 'U'), ('ట్లె', '|'), ('సే', 'U'), ('యు', '|'), ('దు', '|'), ('వు', '|'), ('గా', 'U'), ('ర', 'U'), ('క్షా', 'U'), ('వి', '|'), ('ధే', 'U'), ('యుం', 'U'), ('డ', '|'), ('వై', 'U'), ('క', '|'), ('థ', '|'), ('గా', 'U'), ('దీ', 'U'), ('వ', '|'), ('చ', '|'), ('నం', 'U'), ('బు', '|'), ('ని', 'U'), ('క్క', '|'), ('మ', '|'), ('టు', '|'), ('లే', 'U'), ('కా', 'U'), ('దే', 'U'), ('ని', '|'), ('ము', 'U'), ('న్నే', 'U'), ('ల', '|'), ('సా', 'U'), ('ర', '|'), ('థి', '|'), ('వై', 'U'), ('త', 'U'), ('ర్జు', '|'), ('ను', '|'), ('తే', 'U'), ('రి', '|'), ('దో', 'U'), ('ల', '|'), ('ర', '|'), ('ఘు', '|'), ('వీ', 'U'), ('రా', 'U'), ('జా', 'U'), ('న', '|'), ('కీ', 'U'), ('నా', 'U'), ('య', '|'), ('కా', 'U')]",1.0,1.0,1.0,1.0,1.0,1.0
mattebhamu,"ఘనసారంబును లోనికిం గొనిన శ్రీగంధంబుఁ బైఁ బూసినన్
దినమున్ మర్దనఁ జేసినం గడిగినన్ దిష్టంబులోనం దొలం
గని దుర్గంధము నైజ మీముఱికి డొక్కల్ నమ్మి ని న్గొల్వనే
రని మూఢాత్ముల నేమి చెప్ప రఘువీరా! జానకీనాయకా!",vruttamu,Ontimittaraguveera,"[('ఘ', '|'), ('న', '|'), ('సా', 'U'), ('రం', 'U'), ('బు', '|'), ('ను', '|'), ('లో', 'U'), ('ని', '|'), ('కిం', 'U'), ('గొ', '|'), ('ని', '|'), ('న', '|'), ('శ్రీ', 'U'), ('గం', 'U'), ('ధం', 'U'), ('బు', '|'), ('బై', 'U'), ('బూ', 'U'), ('సి', '|'), ('నన్', 'U'), ('ది', '|'), ('న', '|'), ('ము', 'U'), ('న్మ', 'U'), ('ర్ద', '|'), ('న', '|'), ('జే', 'U'), ('సి', '|'), ('నం', 'U'), ('గ', '|'), ('డి', '|'), ('గి', '|'), ('న', 'U'), ('న్ది', 'U'), ('ష్టం', 'U'), ('బు', '|'), ('లో', 'U'), ('నం', 'U'), ('దొ', '|'), ('లం', 'U'), ('గ', '|'), ('ని', '|'), ('దు', 'U'), ('ర్గం', 'U'), ('ధ', '|'), ('ము', '|'), ('నై', 'U'), ('జ', '|'), ('మీ', 'U'), ('ము', '|'), ('ఱి', '|'), ('కి', '|'), ('డొ', 'U'), ('క్క', 'U'), ('ల్న', 'U'), ('మ్మి', '|'), ('ని', 'U'), ('న్గొ', 'U'), ('ల్వ', '|'), ('నే', 'U'), ('ర', '|'), ('ని', '|'), ('మూ', 'U'), ('ఢా', 'U'), ('త్ము', '|'), ('ల', '|'), ('నే', 'U'), ('మి', '|'), ('చె', 'U'), ('ప్ప', '|'), ('ర', '|'), ('ఘు', '|'), ('వీ', 'U'), ('రా', 'U'), ('జా', 'U'), ('న', '|'), ('కీ', 'U'), ('నా', 'U'), ('య', '|'), ('కా', 'U')]",1.0,1.0,1.0,1.0,1.0,1.0
mattebhamu,"ఇనుమా రాశ్రితు నిల్ప; వాడ వినుమా రేమాటయున్; సాయకం
బినుమా రాహవభూమిఁ బూన; విదిగా కింకొండు మేలంచు నీ
వినుమా రీ దురితాంధకారపటలం బేరీతి వీక్షింతు? వు
గ్రనిశాటాంతక! రామభద్ర! రఘువీరా! జానకీనాయకా!",vruttamu,Ontimittaraguveera,"[('ఇ', '|'), ('ను', '|'), ('మా', 'U'), ('రా', 'U'), ('శ్రి', '|'), ('తు', '|'), ('ని', 'U'), ('ల్ప', '|'), ('వా', 'U'), ('డ', '|'), ('వి', '|'), ('ను', '|'), ('మా', 'U'), ('రే', 'U'), ('మా', 'U'), ('ట', '|'), ('యు', 'U'), ('న్సా', 'U'), ('య', '|'), ('కం', 'U'), ('బి', '|'), ('ను', '|'), ('మా', 'U'), ('రా', 'U'), ('హ', '|'), ('వ', '|'), ('భూ', 'U'), ('మి', '|'), ('బూ', 'U'), ('న', '|'), ('వి', '|'), ('ది', '|'), ('గా', 'U'), ('కిం', 'U'), ('కొం', 'U'), ('డు', '|'), ('మే', 'U'), ('లం', 'U'), ('చు', '|'), ('నీ', 'U'), ('వి', '|'), ('ను', '|'), ('మా', 'U'), ('రీ', 'U'), ('దు', '|'), ('రి', '|'), ('తాం', 'U'), ('ధ', '|'), ('కా', 'U'), ('ర', '|'), ('ప', '|'), ('ట', '|'), ('లం', 'U'), ('బే', 'U'), ('రీ', 'U'), ('తి', '|'), ('వీ', 'U'), ('క్షిం', 'U'), ('తు', '|'), ('వు', '|'), ('గ్ర', '|'), ('ని', '|'), ('శా', 'U'), ('టాం', 'U'), ('త', '|'), ('క', '|'), ('రా', 'U'), ('మ', '|'), ('భ', '|'), ('ద్ర', '|'), ('ర', '|'), ('ఘు', '|'), ('వీ', 'U'), ('రా', 'U'), ('జా', 'U'), ('న', '|'), ('కీ', 'U'), ('నా', 'U'), ('య', '|'), ('కా', 'U')]",0.8357142857142857,1.0,1.0,0.9285714285714286,0.25,1.0
mattebhamu,"మును నే నెన్నఁడు వేదశాస్త్రపఠనంబుల్ రిత్తతీర్థాటనం
బును దానంబును జేయఁ బోను సతతంబున్ నిన్ను సేవించి కీ
ర్తనఁ జేయన్ మతిలేదు దానమున కర్థం బల్ప మింకెట్లు బో
రన నా దుష్కృతముల్ దొలంగు? రఘువీరా! జానకీనాయకా!",vruttamu,Ontimittaraguveera,"[('ము', '|'), ('ను', '|'), ('నే', 'U'), ('నె', 'U'), ('న్న', '|'), ('డు', '|'), ('వే', 'U'), ('ద', '|'), ('శా', 'U'), ('స్త్ర', '|'), ('ప', '|'), ('ఠ', '|'), ('నం', 'U'), ('బు', '|'), ('ల్రి', 'U'), ('త్త', '|'), ('తీ', 'U'), ('ర్థా', 'U'), ('ట', '|'), ('నం', 'U'), ('బు', '|'), ('ను', '|'), ('దా', 'U'), ('నం', 'U'), ('బు', '|'), ('ను', '|'), ('జే', 'U'), ('య', '|'), ('బో', 'U'), ('ను', '|'), ('స', '|'), ('త', '|'), ('తం', 'U'), ('బు', 'U'), ('న్ని', 'U'), ('న్ను', '|'), ('సే', 'U'), ('విం', 'U'), ('చి', '|'), ('కీ', 'U'), ('ర్త', '|'), ('న', '|'), ('జే', 'U'), ('య', 'U'), ('న్మ', '|'), ('తి', '|'), ('లే', 'U'), ('దు', '|'), ('దా', 'U'), ('న', '|'), ('ము', '|'), ('న', '|'), ('క', 'U'), ('ర్థం', 'U'), ('బ', 'U'), ('ల్ప', '|'), ('మిం', 'U'), ('కె', 'U'), ('ట్లు', '|'), ('బో', 'U'), ('ర', '|'), ('న', '|'), ('నా', 'U'), ('దు', 'U'), ('ష్కృ', '|'), ('త', '|'), ('ము', 'U'), ('ల్దొ', '|'), ('లం', 'U'), ('గు', '|'), ('ర', '|'), ('ఘు', '|'), ('వీ', 'U'), ('రా', 'U'), ('జా', 'U'), ('న', '|'), ('కీ', 'U'), ('నా', 'U'), ('య', '|'), ('కా', 'U')]",0.9928571428571429,1.0,1.0,0.9642857142857143,1.0,1.0
mattebhamu,"విను నా కెన్నియొ దోసముల్ గలవు నొప్పిం బొందఁగా మ్రంద ర
మ్మని రౌద్రంబుగఁ గాలుబంటు లన నే రాఁపేరు? నా పేరుఁ బె
ట్టినవానిన్ బరలోకదూరుఁడని యండ్రే పొండు పొండంచు బో
రన సాయమ్మయి యడ్డగింపు రఘువీరా! జానకీనాయకా!",vruttamu,Ontimittaraguveera,"[('వి', '|'), ('ను', '|'), ('నా', 'U'), ('కె', 'U'), ('న్ని', '|'), ('యొ', '|'), ('దో', 'U'), ('స', '|'), ('ము', 'U'), ('ల్గ', '|'), ('ల', '|'), ('వు', '|'), ('నొ', 'U'), ('ప్పిం', 'U'), ('బొం', 'U'), ('ద', '|'), ('గా', 'U'), ('మ్రం', 'U'), ('ద', '|'), ('ర', 'U'), ('మ్మ', '|'), ('ని', '|'), ('రౌ', 'U'), ('ద్రం', 'U'), ('బు', '|'), ('గ', '|'), ('గా', 'U'), ('లు', '|'), ('బం', 'U'), ('టు', '|'), ('ల', '|'), ('న', '|'), ('నే', 'U'), ('రా', 'U'), ('పే', 'U'), ('రు', '|'), ('నా', 'U'), ('పే', 'U'), ('రు', '|'), ('బె', 'U'), ('ట్టి', '|'), ('న', '|'), ('వా', 'U'), ('ని', 'U'), ('న్బ', '|'), ('ర', '|'), ('లో', 'U'), ('క', '|'), ('దూ', 'U'), ('రు', '|'), ('డ', '|'), ('ని', '|'), ('యం', 'U'), ('డ్రే', 'U'), ('పొం', 'U'), ('డు', '|'), ('పొం', 'U'), ('డం', 'U'), ('చు', '|'), ('బో', 'U'), ('ర', '|'), ('న', '|'), ('సా', 'U'), ('య', 'U'), ('మ్మ', '|'), ('యి', '|'), ('య', 'U'), ('డ్డ', '|'), ('గిం', 'U'), ('పు', '|'), ('ర', '|'), ('ఘు', '|'), ('వీ', 'U'), ('రా', 'U'), ('జా', 'U'), ('న', '|'), ('కీ', 'U'), ('నా', 'U'), ('య', '|'), ('కా', 'U')]",0.9,1.0,1.0,1.0,0.5,1.0
mattebhamu,"అనఘంబైన దశాశ్వమేధకృత పుణ్యస్ఫూర్తి నీకొక్క మా
టు నమస్కారము సేయఁ గల్గునని విందున్; యాగధర్మంబులున్
గొనసాగున్; జననంబు లుక్కడఁగు నీకున్ మ్రొక్కెనేనిన్ బున
ర్జననంబేది దలంచి చూడ రఘువీరా! జానకీనాయకా!",vruttamu,Ontimittaraguveera,"[('అ', '|'), ('న', '|'), ('ఘం', 'U'), ('బై', 'U'), ('న', '|'), ('ద', '|'), ('శా', 'U'), ('శ్వ', '|'), ('మే', 'U'), ('ధ', '|'), ('కృ', '|'), ('త', '|'), ('పు', 'U'), ('ణ్య', 'U'), ('స్ఫూ', 'U'), ('ర్తి', '|'), ('నీ', 'U'), ('కొ', 'U'), ('క్క', '|'), ('మా', 'U'), ('టు', '|'), ('న', '|'), ('మ', 'U'), ('స్కా', 'U'), ('ర', '|'), ('ము', '|'), ('సే', 'U'), ('య', '|'), ('గ', 'U'), ('ల్గు', '|'), ('న', '|'), ('ని', '|'), ('విం', 'U'), ('దు', 'U'), ('న్యా', 'U'), ('గ', '|'), ('ధ', 'U'), ('ర్మం', 'U'), ('బు', '|'), ('లున్', 'U'), ('గొ', '|'), ('న', '|'), ('సా', 'U'), ('గు', 'U'), ('న్జ', '|'), ('న', '|'), ('నం', 'U'), ('బు', '|'), ('లు', 'U'), ('క్క', '|'), ('డ', '|'), ('గు', '|'), ('నీ', 'U'), ('కు', 'U'), ('న్మ్రొ', 'U'), ('క్కె', '|'), ('నే', 'U'), ('ని', 'U'), ('న్బు', '|'), ('న', 'U'), ('ర్జ', '|'), ('న', '|'), ('నం', 'U'), ('బే', 'U'), ('ది', '|'), ('ద', '|'), ('లం', 'U'), ('చి', '|'), ('చూ', 'U'), ('డ', '|'), ('ర', '|'), ('ఘు', '|'), ('వీ', 'U'), ('రా', 'U'), ('జా', 'U'), ('న', '|'), ('కీ', 'U'), ('నా', 'U'), ('య', '|'), ('కా', 'U')]",0.95,1.0,1.0,1.0,0.75,1.0
mattebhamu,"దనుజారి జ్వలనాంతకాసుర సముద్రస్వామి వాయు త్రిలో
చనమిత్రాభవ సూర్యసోమధరణీజాతాంబుజాత ద్విష
జ్జననాంగీరస శుక్రభానుతనయ స్వర్భానుకేతు ప్రవ
ర్తనముల్ నీ విభవంబులౌర రఘువీరా! జానకీనాయకా!",vruttamu,Ontimittaraguveera,"[('ద', '|'), ('ను', '|'), ('జా', 'U'), ('రి', 'U'), ('జ్వ', '|'), ('ల', '|'), ('నాం', 'U'), ('త', '|'), ('కా', 'U'), ('సు', '|'), ('ర', '|'), ('స', '|'), ('ము', '|'), ('ద్ర', 'U'), ('స్వా', 'U'), ('మి', '|'), ('వా', 'U'), ('యు', '|'), ('త్రి', '|'), ('లో', 'U'), ('చ', '|'), ('న', '|'), ('మి', '|'), ('త్రా', 'U'), ('భ', '|'), ('వ', '|'), ('సూ', 'U'), ('ర్య', '|'), ('సో', 'U'), ('మ', '|'), ('ధ', '|'), ('ర', '|'), ('ణీ', 'U'), ('జా', 'U'), ('తాం', 'U'), ('బు', '|'), ('జా', 'U'), ('త', 'U'), ('ద్వి', '|'), ('ష', 'U'), ('జ్జ', '|'), ('న', '|'), ('నాం', 'U'), ('గీ', 'U'), ('ర', '|'), ('స', '|'), ('శు', '|'), ('క్ర', '|'), ('భా', 'U'), ('ను', '|'), ('త', '|'), ('న', '|'), ('య', 'U'), ('స్వ', 'U'), ('ర్భా', 'U'), ('ను', '|'), ('కే', 'U'), ('తు', '|'), ('ప్ర', '|'), ('వ', 'U'), ('ర్త', '|'), ('న', '|'), ('ము', 'U'), ('ల్నీ', 'U'), ('వి', '|'), ('భ', '|'), ('వం', 'U'), ('బు', '|'), ('లౌ', 'U'), ('ర', '|'), ('ర', '|'), ('ఘు', '|'), ('వీ', 'U'), ('రా', 'U'), ('జా', 'U'), ('న', '|'), ('కీ', 'U'), ('నా', 'U'), ('య', '|'), ('కా', 'U')]",0.9642857142857142,1.0,1.0,0.8214285714285714,1.0,1.0
mattebhamu,"కనుఁగొన్నప్పుడె గుప్పఁడే కుజనులం గాలుండు కాలుండు పొం
డనుచున్ రౌరవనారకాగ్నులఁ బడన్ హత్తించి, యయ్యగ్నుల
న్మునుఁగం జాలఁ బరేతరాజునకు న న్నొప్పింపఁగాఁ బోవ కు
గ్రనిశాటాంతక! రామభద్ర! రఘువీరా! జానకీనాయకా!",vruttamu,Ontimittaraguveera,"[('క', '|'), ('ను', '|'), ('గొ', 'U'), ('న్న', 'U'), ('ప్పు', '|'), ('డె', '|'), ('గు', 'U'), ('ప్ప', '|'), ('డే', 'U'), ('కు', '|'), ('జ', '|'), ('ను', '|'), ('లం', 'U'), ('గా', 'U'), ('లుం', 'U'), ('డు', '|'), ('కా', 'U'), ('లుం', 'U'), ('డు', '|'), ('పొం', 'U'), ('డ', '|'), ('ను', '|'), ('చు', '|'), ('న్రౌ', 'U'), ('ర', '|'), ('వ', '|'), ('నా', 'U'), ('ర', '|'), ('కా', 'U'), ('గ్ను', '|'), ('ల', '|'), ('బ', '|'), ('డ', 'U'), ('న్హ', 'U'), ('త్తిం', 'U'), ('చి', '|'), ('య', 'U'), ('య్య', 'U'), ('గ్ను', '|'), ('ల', 'U'), ('న్ము', '|'), ('ను', '|'), ('గం', 'U'), ('జా', 'U'), ('ల', '|'), ('బ', '|'), ('రే', 'U'), ('త', '|'), ('రా', 'U'), ('జు', '|'), ('న', '|'), ('కు', '|'), ('న', 'U'), ('న్నొ', 'U'), ('ప్పిం', 'U'), ('ప', '|'), ('గా', 'U'), ('బో', 'U'), ('వ', '|'), ('కు', '|'), ('గ్ర', '|'), ('ని', '|'), ('శా', 'U'), ('టాం', 'U'), ('త', '|'), ('క', '|'), ('రా', 'U'), ('మ', '|'), ('భ', '|'), ('ద్ర', '|'), ('ర', '|'), ('ఘు', '|'), ('వీ', 'U'), ('రా', 'U'), ('జా', 'U'), ('న', '|'), ('కీ', 'U'), ('నా', 'U'), ('య', '|'), ('కా', 'U')]",0.9285714285714285,1.0,1.0,0.8928571428571429,0.75,1.0
mattebhamu,"నిను సేవించెద నంచుఁ గోరుకొనియున్నేన్ వానికిం బూర్వక
ర్మనిమిత్తంబులు కష్టముల్ గలుఁగఁగా మన్నించి నీవడ్డ మౌ
దని చెప్పంబడు, ద్రౌపదిం గరినిఁ బ్రహ్లాదున్ ధ్రువున్ మున్ను బో
రన రక్షించుట కల్దొ లేదొ రఘువీరా! జానకీనాయకా!",vruttamu,Ontimittaraguveera,"[('ని', '|'), ('ను', '|'), ('సే', 'U'), ('విం', 'U'), ('చె', '|'), ('ద', '|'), ('నం', 'U'), ('చు', '|'), ('గో', 'U'), ('రు', '|'), ('కొ', '|'), ('ని', '|'), ('యు', 'U'), ('న్నే', 'U'), ('న్వా', 'U'), ('ని', '|'), ('కిం', 'U'), ('బూ', 'U'), ('ర్వ', '|'), ('క', 'U'), ('ర్మ', '|'), ('ని', '|'), ('మి', 'U'), ('త్తం', 'U'), ('బు', '|'), ('లు', '|'), ('క', 'U'), ('ష్ట', '|'), ('ము', 'U'), ('ల్గ', '|'), ('లు', '|'), ('గ', '|'), ('గా', 'U'), ('మ', 'U'), ('న్నిం', 'U'), ('చి', '|'), ('నీ', 'U'), ('వ', 'U'), ('డ్డ', '|'), ('మౌ', 'U'), ('ద', '|'), ('ని', '|'), ('చె', 'U'), ('ప్పం', 'U'), ('బ', '|'), ('డు', '|'), ('ద్రౌ', 'U'), ('ప', '|'), ('దిం', 'U'), ('గ', '|'), ('రి', '|'), ('ని', '|'), ('బ్ర', 'U'), ('హ్లా', 'U'), ('దు', 'U'), ('న్ధ్రు', '|'), ('వు', 'U'), ('న్ము', 'U'), ('న్ను', '|'), ('బో', 'U'), ('ర', '|'), ('న', '|'), ('ర', 'U'), ('క్షిం', 'U'), ('చు', '|'), ('ట', '|'), ('క', 'U'), ('ల్దొ', '|'), ('లే', 'U'), ('దొ', '|'), ('ర', '|'), ('ఘు', '|'), ('వీ', 'U'), ('రా', 'U'), ('జా', 'U'), ('న', '|'), ('కీ', 'U'), ('నా', 'U'), ('య', '|'), ('కా', 'U')]",0.95,1.0,1.0,1.0,0.75,1.0
mattebhamu,"అనిశంబున్ నినుఁ గొల్చు మానవులు ప్రాణాంతంబునన్ రోగబా
ధ నిమిత్తంబున రామరామ యనుచున్ దల్పంగ లేకుండినన్
జననాథాగ్రణి! నీవు వారి రసనాస్థానంబున న్నిల్చి బో
రన రామా! యనిపింతు వౌర! రఘువీరా! జానకీనాయకా!",vruttamu,Ontimittaraguveera,"[('అ', '|'), ('ని', '|'), ('శం', 'U'), ('బు', 'U'), ('న్ని', '|'), ('ను', '|'), ('గొ', 'U'), ('ల్చు', '|'), ('మా', 'U'), ('న', '|'), ('వు', '|'), ('లు', '|'), ('ప్రా', 'U'), ('ణాం', 'U'), ('తం', 'U'), ('బు', '|'), ('న', '|'), ('న్రో', 'U'), ('గ', '|'), ('బా', 'U'), ('ధ', '|'), ('ని', '|'), ('మి', 'U'), ('త్తం', 'U'), ('బు', '|'), ('న', '|'), ('రా', 'U'), ('మ', '|'), ('రా', 'U'), ('మ', '|'), ('య', '|'), ('ను', '|'), ('చు', 'U'), ('న్ద', 'U'), ('ల్పం', 'U'), ('గ', '|'), ('లే', 'U'), ('కుం', 'U'), ('డి', '|'), ('నన్', 'U'), ('జ', '|'), ('న', '|'), ('నా', 'U'), ('థా', 'U'), ('గ్ర', '|'), ('ణి', '|'), ('నీ', 'U'), ('వు', '|'), ('వా', 'U'), ('రి', '|'), ('ర', '|'), ('స', '|'), ('నా', 'U'), ('స్థా', 'U'), ('నం', 'U'), ('బు', '|'), ('న', 'U'), ('న్ని', 'U'), ('ల్చి', '|'), ('బో', 'U'), ('ర', '|'), ('న', '|'), ('రా', 'U'), ('మా', 'U'), ('య', '|'), ('ని', '|'), ('పిం', 'U'), ('తు', '|'), ('వౌ', 'U'), ('ర', '|'), ('ర', '|'), ('ఘు', '|'), ('వీ', 'U'), ('రా', 'U'), ('జా', 'U'), ('న', '|'), ('కీ', 'U'), ('నా', 'U'), ('య', '|'), ('కా', 'U')]",0.9428571428571428,1.0,1.0,0.9642857142857143,0.75,1.0
mattebhamu,"ఇనవంశోత్తమ! వేదశాస్త్రములలో నే వింటి నేవింటి వాఁ
డును నీకుం బ్రతిగాఁడు, నీకుఁ గల బంటు, న్నన్ను రక్షింపు; కా
లుని బంట్లన్ విదళింపఁగా వలయు, నాలో నుండుమీ గండుమీ
ఱ నమోఘాస్త్రము విల్లుఁ బూని రఘువీరా! జానకీనాయకా!",vruttamu,Ontimittaraguveera,"[('ఇ', '|'), ('న', '|'), ('వం', 'U'), ('శో', 'U'), ('త్త', '|'), ('మ', '|'), ('వే', 'U'), ('ద', '|'), ('శా', 'U'), ('స్త్ర', '|'), ('ము', '|'), ('ల', '|'), ('లో', 'U'), ('నే', 'U'), ('విం', 'U'), ('టి', '|'), ('నే', 'U'), ('విం', 'U'), ('టి', '|'), ('వా', 'U'), ('డు', '|'), ('ను', '|'), ('నీ', 'U'), ('కుం', 'U'), ('బ్ర', '|'), ('తి', '|'), ('గా', 'U'), ('డు', '|'), ('నీ', 'U'), ('కు', '|'), ('గ', '|'), ('ల', '|'), ('బం', 'U'), ('టు', 'U'), ('న్న', 'U'), ('న్ను', '|'), ('ర', 'U'), ('క్షిం', 'U'), ('పు', '|'), ('కా', 'U'), ('లు', '|'), ('ని', '|'), ('బం', 'U'), ('ట్ల', 'U'), ('న్వి', '|'), ('ద', '|'), ('ళిం', 'U'), ('ప', '|'), ('గా', 'U'), ('వ', '|'), ('ల', '|'), ('యు', '|'), ('నా', 'U'), ('లో', 'U'), ('నుం', 'U'), ('డు', '|'), ('మీ', 'U'), ('గం', 'U'), ('డు', '|'), ('మీ', 'U'), ('ఱ', '|'), ('న', '|'), ('మో', 'U'), ('ఘా', 'U'), ('స్త్ర', '|'), ('ము', '|'), ('వి', 'U'), ('ల్లు', '|'), ('బూ', 'U'), ('ని', '|'), ('ర', '|'), ('ఘు', '|'), ('వీ', 'U'), ('రా', 'U'), ('జా', 'U'), ('న', '|'), ('కీ', 'U'), ('నా', 'U'), ('య', '|'), ('కా', 'U')]",0.95,1.0,1.0,1.0,0.75,1.0
mattebhamu,"జననాథాగ్రణి! నిన్నుఁ గొల్చునతఁ డాచండాలుఁడైనం బున
ర్జననం బొందక ముక్తిఁ గాంచు నొనరన్ సద్భక్తుఁడైనం దుదిన్,
జనుఁ జండాలకులంబులోన నుదయించం గోరి నీ నామకీ
ర్తన సేయ న్నిరసించెనేని రఘువీరా! జానకీనాయకా!",vruttamu,Ontimittaraguveera,"[('జ', '|'), ('న', '|'), ('నా', 'U'), ('థా', 'U'), ('గ్ర', '|'), ('ణి', '|'), ('ని', 'U'), ('న్ను', '|'), ('గొ', 'U'), ('ల్చు', '|'), ('న', '|'), ('త', '|'), ('డా', 'U'), ('చం', 'U'), ('డా', 'U'), ('లు', '|'), ('డై', 'U'), ('నం', 'U'), ('బు', '|'), ('న', 'U'), ('ర్జ', '|'), ('న', '|'), ('నం', 'U'), ('బొం', 'U'), ('ద', '|'), ('క', '|'), ('ము', 'U'), ('క్తి', '|'), ('గాం', 'U'), ('చు', '|'), ('నొ', '|'), ('న', '|'), ('ర', 'U'), ('న్స', 'U'), ('ద్భ', 'U'), ('క్తు', '|'), ('డై', 'U'), ('నం', 'U'), ('దు', '|'), ('దిన్', 'U'), ('జ', '|'), ('ను', '|'), ('జం', 'U'), ('డా', 'U'), ('ల', '|'), ('కు', '|'), ('లం', 'U'), ('బు', '|'), ('లో', 'U'), ('న', '|'), ('ను', '|'), ('ద', '|'), ('యిం', 'U'), ('చం', 'U'), ('గో', 'U'), ('రి', '|'), ('నీ', 'U'), ('నా', 'U'), ('మ', '|'), ('కీ', 'U'), ('ర్త', '|'), ('న', '|'), ('సే', 'U'), ('య', 'U'), ('న్ని', '|'), ('ర', '|'), ('సిం', 'U'), ('చె', '|'), ('నే', 'U'), ('ని', '|'), ('ర', '|'), ('ఘు', '|'), ('వీ', 'U'), ('రా', 'U'), ('జా', 'U'), ('న', '|'), ('కీ', 'U'), ('నా', 'U'), ('య', '|'), ('కా', 'U')]",1.0,1.0,1.0,1.0,1.0,1.0
mattebhamu,"జనకుం డెవ్వఁడు నీకు? నీ కడుపులో సర్వంబు నుండంగ నీ
యునికి స్థానము దుగ్ధవార్ధి నడుమన్ యోగీంద్రహృద్గేహ! యే
మని వర్ణింపుదు నీ మహత్త్వములు సర్వాశ్చర్యముల్ పుణ్య వ
ర్తన రాజన్యయశోవిహార రఘువీరా! జానకీనాయకా!",vruttamu,Ontimittaraguveera,"[('జ', '|'), ('న', '|'), ('కుం', 'U'), ('డె', 'U'), ('వ్వ', '|'), ('డు', '|'), ('నీ', 'U'), ('కు', '|'), ('నీ', 'U'), ('క', '|'), ('డు', '|'), ('పు', '|'), ('లో', 'U'), ('స', 'U'), ('ర్వం', 'U'), ('బు', '|'), ('నుం', 'U'), ('డం', 'U'), ('గ', '|'), ('నీ', 'U'), ('యు', '|'), ('ని', '|'), ('కి', 'U'), ('స్థా', 'U'), ('న', '|'), ('ము', '|'), ('దు', 'U'), ('గ్ధ', '|'), ('వా', 'U'), ('ర్ధి', '|'), ('న', '|'), ('డు', '|'), ('మ', 'U'), ('న్యో', 'U'), ('గీం', 'U'), ('ద్ర', '|'), ('హృ', 'U'), ('ద్గే', 'U'), ('హ', '|'), ('యే', 'U'), ('మ', '|'), ('ని', '|'), ('వ', 'U'), ('ర్ణిం', 'U'), ('పు', '|'), ('దు', '|'), ('నీ', 'U'), ('మ', '|'), ('హ', 'U'), ('త్త్వ', '|'), ('ము', '|'), ('లు', '|'), ('స', 'U'), ('ర్వా', 'U'), ('శ్చ', 'U'), ('ర్య', '|'), ('ము', 'U'), ('ల్పు', 'U'), ('ణ్య', '|'), ('వ', 'U'), ('ర్త', '|'), ('న', '|'), ('రా', 'U'), ('జ', 'U'), ('న్య', '|'), ('య', '|'), ('శో', 'U'), ('వి', '|'), ('హా', 'U'), ('ర', '|'), ('ర', '|'), ('ఘు', '|'), ('వీ', 'U'), ('రా', 'U'), ('జా', 'U'), ('న', '|'), ('కీ', 'U'), ('నా', 'U'), ('య', '|'), ('కా', 'U')]",0.95,1.0,1.0,1.0,0.75,1.0
mattebhamu,"జనకుండా జనకుండు నీ సతికిఁ, గౌసల్యా యహల్యాఘమో
చన!నిన్ గాంచిన తల్లి, పంక్తిరథుఁడా సర్వేశ! మీ తండ్రి, యే
మి నిమిత్తంబున నుద్భవించితివొ నెమ్మి న్నిట్టు లీపుట్టు వు
గ్రనిశాటాంతక! రామభద్ర! రఘువీరా! జానకీనాయకా!",vruttamu,Ontimittaraguveera,"[('జ', '|'), ('న', '|'), ('కుం', 'U'), ('డా', 'U'), ('జ', '|'), ('న', '|'), ('కుం', 'U'), ('డు', '|'), ('నీ', 'U'), ('స', '|'), ('తి', '|'), ('కి', '|'), ('గౌ', 'U'), ('స', 'U'), ('ల్యా', 'U'), ('య', '|'), ('హ', 'U'), ('ల్యా', 'U'), ('ఘ', '|'), ('మో', 'U'), ('చ', '|'), ('న', '|'), ('ని', 'U'), ('న్గాం', 'U'), ('చి', '|'), ('న', '|'), ('త', 'U'), ('ల్లి', '|'), ('పం', 'U'), ('క్తి', '|'), ('ర', '|'), ('థు', '|'), ('డా', 'U'), ('స', 'U'), ('ర్వే', 'U'), ('శ', '|'), ('మీ', 'U'), ('తం', 'U'), ('డ్రి', '|'), ('యే', 'U'), ('మి', '|'), ('ని', '|'), ('మి', 'U'), ('త్తం', 'U'), ('బు', '|'), ('న', '|'), ('ను', 'U'), ('ద్భ', '|'), ('విం', 'U'), ('చి', '|'), ('తి', '|'), ('వొ', '|'), ('నె', 'U'), ('మ్మి', 'U'), ('న్ని', 'U'), ('ట్టు', '|'), ('లీ', 'U'), ('పు', 'U'), ('ట్టు', '|'), ('వు', '|'), ('గ్ర', '|'), ('ని', '|'), ('శా', 'U'), ('టాం', 'U'), ('త', '|'), ('క', '|'), ('రా', 'U'), ('మ', '|'), ('భ', '|'), ('ద్ర', '|'), ('ర', '|'), ('ఘు', '|'), ('వీ', 'U'), ('రా', 'U'), ('జా', 'U'), ('న', '|'), ('కీ', 'U'), ('నా', 'U'), ('య', '|'), ('కా', 'U')]",0.9857142857142858,1.0,1.0,0.9285714285714286,1.0,1.0
mattebhamu,"హనుమంతుం డొక యబ్ధి దాఁటె నని యేలా ప్రస్తుతుల్ సేయఁగా
దనుజారాతి! భవత్పదాబ్జములు హృత్పద్మంబున న్నిల్పు నా
ఘనపుణ్యుండు భవాంబురాశులు తృణీకారంబుగా దాఁటు బో
రన నెన్నైనను గొంకులేక రఘువీరా! జానకీనాయకా!",vruttamu,Ontimittaraguveera,"[('హ', '|'), ('ను', '|'), ('మం', 'U'), ('తుం', 'U'), ('డొ', '|'), ('క', '|'), ('య', 'U'), ('బ్ధి', '|'), ('దా', 'U'), ('టె', '|'), ('న', '|'), ('ని', '|'), ('యే', 'U'), ('లా', 'U'), ('ప్ర', 'U'), ('స్తు', '|'), ('తు', 'U'), ('ల్సే', 'U'), ('య', '|'), ('గా', 'U'), ('ద', '|'), ('ను', '|'), ('జా', 'U'), ('రా', 'U'), ('తి', '|'), ('భ', '|'), ('వ', 'U'), ('త్ప', '|'), ('దా', 'U'), ('బ్జ', '|'), ('ము', '|'), ('లు', '|'), ('హృ', 'U'), ('త్ప', 'U'), ('ద్మం', 'U'), ('బు', '|'), ('న', 'U'), ('న్ని', 'U'), ('ల్పు', '|'), ('నా', 'U'), ('ఘ', '|'), ('న', '|'), ('పు', 'U'), ('ణ్యుం', 'U'), ('డు', '|'), ('భ', '|'), ('వాం', 'U'), ('బు', '|'), ('రా', 'U'), ('శు', '|'), ('లు', '|'), ('తృ', '|'), ('ణీ', 'U'), ('కా', 'U'), ('రం', 'U'), ('బు', '|'), ('గా', 'U'), ('దా', 'U'), ('టు', '|'), ('బో', 'U'), ('ర', '|'), ('న', '|'), ('నె', 'U'), ('న్నై', 'U'), ('న', '|'), ('ను', '|'), ('గొం', 'U'), ('కు', '|'), ('లే', 'U'), ('క', '|'), ('ర', '|'), ('ఘు', '|'), ('వీ', 'U'), ('రా', 'U'), ('జా', 'U'), ('న', '|'), ('కీ', 'U'), ('నా', 'U'), ('య', '|'), ('కా', 'U')]",0.95,1.0,1.0,1.0,0.75,1.0
saardulamu,"నీ పాదోదక మక్షులం దదుముకొంటిం, గొంటి నాలోనికిన్,
నీ పళ్లెంబు ప్రసాదముం గుడిచితిన్, నీ పేరునుం బెట్టితిన్,
నీ పెన్ముద్రలు దాల్చితిన్ భుజములన్, నీవింక నన్నేగతిన్
బ్రాపై ప్రోచెదొ కాని పూని రఘువీరా! జానకీనాయకా!",vruttamu,Ontimittaraguveera,"[('నీ', 'U'), ('పా', 'U'), ('దో', 'U'), ('ద', '|'), ('క', '|'), ('మ', 'U'), ('క్షు', '|'), ('లం', 'U'), ('ద', '|'), ('దు', '|'), ('ము', '|'), ('కొం', 'U'), ('టిం', 'U'), ('గొం', 'U'), ('టి', '|'), ('నా', 'U'), ('లో', 'U'), ('ని', '|'), ('కిన్', 'U'), ('నీ', 'U'), ('ప', 'U'), ('ళ్లెం', 'U'), ('బు', '|'), ('ప్ర', '|'), ('సా', 'U'), ('ద', '|'), ('ముం', 'U'), ('గు', '|'), ('డి', '|'), ('చి', '|'), ('తి', 'U'), ('న్నీ', 'U'), ('పే', 'U'), ('రు', '|'), ('నుం', 'U'), ('బె', 'U'), ('ట్టి', '|'), ('తిన్', 'U'), ('నీ', 'U'), ('పె', 'U'), ('న్ము', '|'), ('ద్ర', '|'), ('లు', '|'), ('దా', 'U'), ('ల్చి', '|'), ('తి', 'U'), ('న్భు', '|'), ('జ', '|'), ('ము', '|'), ('ల', 'U'), ('న్నీ', 'U'), ('విం', 'U'), ('క', '|'), ('న', 'U'), ('న్నే', 'U'), ('గ', '|'), ('తిన్', 'U'), ('బ్రా', 'U'), ('పై', 'U'), ('ప్రో', 'U'), ('చె', '|'), ('దొ', '|'), ('కా', 'U'), ('ని', '|'), ('పూ', 'U'), ('ని', '|'), ('ర', '|'), ('ఘు', '|'), ('వీ', 'U'), ('రా', 'U'), ('జా', 'U'), ('న', '|'), ('కీ', 'U'), ('నా', 'U'), ('య', '|'), ('కా', 'U')]",0.9428571428571428,1.0,1.0,0.9642857142857143,0.75,1.0
mattebhamu,"తపముల్ చేసినఁ బోనిపాపములు మంత్రంబుల్ సమర్థంబుగా
జపముల్ చేసినఁ బోని దోషము నదీస్నానంబునం బోని ఘో
రపుఁ గర్మంబులు వాయు నొక్కమఱి శ్రీరామా యనే మాట క
ర్ణపుటం బించుక సోఁకెనేని రఘువీరా! జానకీనాయకా!",vruttamu,Ontimittaraguveera,"[('త', '|'), ('ప', '|'), ('ము', 'U'), ('ల్చే', 'U'), ('సి', '|'), ('న', '|'), ('బో', 'U'), ('ని', '|'), ('పా', 'U'), ('ప', '|'), ('ము', '|'), ('లు', '|'), ('మం', 'U'), ('త్రం', 'U'), ('బు', 'U'), ('ల్స', '|'), ('మ', 'U'), ('ర్థం', 'U'), ('బు', '|'), ('గా', 'U'), ('జ', '|'), ('ప', '|'), ('ము', 'U'), ('ల్చే', 'U'), ('సి', '|'), ('న', '|'), ('బో', 'U'), ('ని', '|'), ('దో', 'U'), ('ష', '|'), ('ము', '|'), ('న', '|'), ('దీ', 'U'), ('స్నా', 'U'), ('నం', 'U'), ('బు', '|'), ('నం', 'U'), ('బో', 'U'), ('ని', '|'), ('ఘో', 'U'), ('ర', '|'), ('పు', '|'), ('గ', 'U'), ('ర్మం', 'U'), ('బు', '|'), ('లు', '|'), ('వా', 'U'), ('యు', '|'), ('నొ', 'U'), ('క్క', '|'), ('మ', '|'), ('ఱి', '|'), ('శ్రీ', 'U'), ('రా', 'U'), ('మా', 'U'), ('య', '|'), ('నే', 'U'), ('మా', 'U'), ('ట', '|'), ('క', 'U'), ('ర్ణ', '|'), ('పు', '|'), ('టం', 'U'), ('బిం', 'U'), ('చు', '|'), ('క', '|'), ('సో', 'U'), ('కె', '|'), ('నే', 'U'), ('ని', '|'), ('ర', '|'), ('ఘు', '|'), ('వీ', 'U'), ('రా', 'U'), ('జా', 'U'), ('న', '|'), ('కీ', 'U'), ('నా', 'U'), ('య', '|'), ('కా', 'U')]",1.0,1.0,1.0,1.0,1.0,1.0
mattebhamu,"కంపింతున్ మును దండధారికిని మత్కాయంబు వీక్షించి శం
కింపం గారణ మేమి నాకిఁక నినున్ గీర్తించుచున్నాఁడ; బల్
దుంపల్ గట్టిన ఘోరపాపముల సంధు ల్గోసివేయంగ బల్
ఱంపంబైనది నీ చరిత్ర రఘువీరా! జానకీనాయకా!",vruttamu,Ontimittaraguveera,"[('కం', 'U'), ('పిం', 'U'), ('తు', 'U'), ('న్ము', '|'), ('ను', '|'), ('దం', 'U'), ('డ', '|'), ('ధా', 'U'), ('రి', '|'), ('కి', '|'), ('ని', '|'), ('మ', 'U'), ('త్కా', 'U'), ('యం', 'U'), ('బు', '|'), ('వీ', 'U'), ('క్షిం', 'U'), ('చి', '|'), ('శం', 'U'), ('కిం', 'U'), ('పం', 'U'), ('గా', 'U'), ('ర', '|'), ('ణ', '|'), ('మే', 'U'), ('మి', '|'), ('నా', 'U'), ('కి', '|'), ('క', '|'), ('ని', '|'), ('ను', 'U'), ('న్గీ', 'U'), ('ర్తిం', 'U'), ('చు', '|'), ('చు', 'U'), ('న్నా', 'U'), ('డ', '|'), ('బల్', 'U'), ('దుం', 'U'), ('ప', 'U'), ('ల్గ', 'U'), ('ట్టి', '|'), ('న', '|'), ('ఘో', 'U'), ('ర', '|'), ('పా', 'U'), ('ప', '|'), ('ము', '|'), ('ల', '|'), ('సం', 'U'), ('ధు', 'U'), ('ల్గో', 'U'), ('సి', '|'), ('వే', 'U'), ('యం', 'U'), ('గ', '|'), ('బల్', 'U'), ('ఱం', 'U'), ('పం', 'U'), ('బై', 'U'), ('న', '|'), ('ది', '|'), ('నీ', 'U'), ('చ', '|'), ('రి', '|'), ('త్ర', '|'), ('ర', '|'), ('ఘు', '|'), ('వీ', 'U'), ('రా', 'U'), ('జా', 'U'), ('న', '|'), ('కీ', 'U'), ('నా', 'U'), ('య', '|'), ('కా', 'U')]",0.5042857142857142,0.95,1.0,0.07142857142857142,0.25,0.25
saardulamu,"నీ మంత్రంబు సదా సదాశివుఁడు పత్నీయుక్తుఁడై కాశిలో
నేమం బొప్ప జపించె నంచు శ్రుతులన్ని న్నిన్నె వర్ణింపఁగా
నేమా నిన్ను నుతించువార మయినన్ నిన్నెంతు నోరారఁగా
రామా! రాఘవ! రామభద్ర! రఘువీరా! జానకీనాయకా!",vruttamu,Ontimittaraguveera,"[('నీ', 'U'), ('మం', 'U'), ('త్రం', 'U'), ('బు', '|'), ('స', '|'), ('దా', 'U'), ('స', '|'), ('దా', 'U'), ('శి', '|'), ('వు', '|'), ('డు', '|'), ('ప', 'U'), ('త్నీ', 'U'), ('యు', 'U'), ('క్తు', '|'), ('డై', 'U'), ('కా', 'U'), ('శి', '|'), ('లో', 'U'), ('నే', 'U'), ('మం', 'U'), ('బొ', 'U'), ('ప్ప', '|'), ('జ', '|'), ('పిం', 'U'), ('చె', '|'), ('నం', 'U'), ('చు', '|'), ('శ్రు', '|'), ('తు', '|'), ('ల', 'U'), ('న్ని', 'U'), ('న్ని', 'U'), ('న్నె', '|'), ('వ', 'U'), ('ర్ణిం', 'U'), ('ప', '|'), ('గా', 'U'), ('నే', 'U'), ('మా', 'U'), ('ని', 'U'), ('న్ను', '|'), ('ను', '|'), ('తిం', 'U'), ('చు', '|'), ('వా', 'U'), ('ర', '|'), ('మ', '|'), ('యి', '|'), ('న', 'U'), ('న్ని', 'U'), ('న్నెం', 'U'), ('తు', '|'), ('నో', 'U'), ('రా', 'U'), ('ర', '|'), ('గా', 'U'), ('రా', 'U'), ('మా', 'U'), ('రా', 'U'), ('ఘ', '|'), ('వ', '|'), ('రా', 'U'), ('మ', '|'), ('భ', '|'), ('ద్ర', '|'), ('ర', '|'), ('ఘు', '|'), ('వీ', 'U'), ('రా', 'U'), ('జా', 'U'), ('న', '|'), ('కీ', 'U'), ('నా', 'U'), ('య', '|'), ('కా', 'U')]",0.9928571428571429,1.0,1.0,0.9642857142857143,1.0,1.0
saardulamu,"నీ మంత్రంబు జపించు మానవులకున్ నిశ్శ్రేయ మౌ నర్థముల్
హేమంబు ల్గొడుగుల్ తురంగములు మత్తేభంబు లాందోళికల్
గ్రామంబుల్ నగరంబులున్ విభవముల్ రాజ్యంబులున్ రత్నముల్
రామారత్నము లేమిలెక్క రఘువీరా! జానకీనాయకా!",vruttamu,Ontimittaraguveera,"[('నీ', 'U'), ('మం', 'U'), ('త్రం', 'U'), ('బు', '|'), ('జ', '|'), ('పిం', 'U'), ('చు', '|'), ('మా', 'U'), ('న', '|'), ('వు', '|'), ('ల', '|'), ('కు', 'U'), ('న్ని', 'U'), ('శ్శ్రే', 'U'), ('య', '|'), ('మౌ', 'U'), ('న', 'U'), ('ర్థ', '|'), ('ముల్', 'U'), ('హే', 'U'), ('మం', 'U'), ('బు', 'U'), ('ల్గొ', '|'), ('డు', '|'), ('గు', 'U'), ('ల్తు', '|'), ('రం', 'U'), ('గ', '|'), ('ము', '|'), ('లు', '|'), ('మ', 'U'), ('త్తే', 'U'), ('భం', 'U'), ('బు', '|'), ('లాం', 'U'), ('దో', 'U'), ('ళి', '|'), ('కల్', 'U'), ('గ్రా', 'U'), ('మం', 'U'), ('బు', 'U'), ('ల్న', '|'), ('గ', '|'), ('రం', 'U'), ('బు', '|'), ('లు', 'U'), ('న్వి', '|'), ('భ', '|'), ('వ', '|'), ('ము', '|'), ('ల్రా', 'U'), ('జ్యం', 'U'), ('బు', '|'), ('లు', '|'), ('న్ర', 'U'), ('త్న', '|'), ('ముల్', 'U'), ('రా', 'U'), ('మా', 'U'), ('ర', 'U'), ('త్న', '|'), ('ము', '|'), ('లే', 'U'), ('మి', '|'), ('లె', 'U'), ('క్క', '|'), ('ర', '|'), ('ఘు', '|'), ('వీ', 'U'), ('రా', 'U'), ('జా', 'U'), ('న', '|'), ('కీ', 'U'), ('నా', 'U'), ('య', '|'), ('కా', 'U')]",0.9357142857142857,1.0,1.0,0.9285714285714286,0.75,1.0
saardulamu,"గోమేధాధ్వర వాజిమేధశతముల్ గోదాన భూదానముల్
హేమాద్రుల్ తిలపర్వతంబులు సువర్ణేభాశ్వదానంబులున్
నీ మంత్రంబగు నక్షరద్వయముతో నే పుణ్యముల్ పోల వో
రామా! రాఘవ! రామభద్ర! రఘువీరా! జానకీనాయకా!",vruttamu,Ontimittaraguveera,"[('గో', 'U'), ('మే', 'U'), ('ధా', 'U'), ('ధ్వ', '|'), ('ర', '|'), ('వా', 'U'), ('జి', '|'), ('మే', 'U'), ('ధ', '|'), ('శ', '|'), ('త', '|'), ('ము', 'U'), ('ల్గో', 'U'), ('దా', 'U'), ('న', '|'), ('భూ', 'U'), ('దా', 'U'), ('న', '|'), ('ముల్', 'U'), ('హే', 'U'), ('మా', 'U'), ('ద్రు', 'U'), ('ల్తి', '|'), ('ల', '|'), ('ప', 'U'), ('ర్వ', '|'), ('తం', 'U'), ('బు', '|'), ('లు', '|'), ('సు', '|'), ('వ', 'U'), ('ర్ణే', 'U'), ('భా', 'U'), ('శ్వ', '|'), ('దా', 'U'), ('నం', 'U'), ('బు', '|'), ('లున్', 'U'), ('నీ', 'U'), ('మం', 'U'), ('త్రం', 'U'), ('బ', '|'), ('గు', '|'), ('న', 'U'), ('క్ష', '|'), ('ర', 'U'), ('ద్వ', '|'), ('య', '|'), ('ము', '|'), ('తో', 'U'), ('నే', 'U'), ('పు', 'U'), ('ణ్య', '|'), ('ము', 'U'), ('ల్పో', 'U'), ('ల', '|'), ('వో', 'U'), ('రా', 'U'), ('మా', 'U'), ('రా', 'U'), ('ఘ', '|'), ('వ', '|'), ('రా', 'U'), ('మ', '|'), ('భ', '|'), ('ద్ర', '|'), ('ర', '|'), ('ఘు', '|'), ('వీ', 'U'), ('రా', 'U'), ('జా', 'U'), ('న', '|'), ('కీ', 'U'), ('నా', 'U'), ('య', '|'), ('కా', 'U')]",0.9428571428571428,1.0,1.0,0.9642857142857143,0.75,1.0
saardulamu,"గోమాంసాశని, మద్యపాని, నగరిన్ గొండీఁడుఁ, చండాలుఁడున్
హేమస్తేయుఁడు, సోదరీరతుఁడు, గూ డేకాదశిన్ భుక్తిగొ
న్నామూఢాత్ముఁడు లోనుగాఁ గలుగు దుష్టాచారుఁడైనం దుదిన్
రామా! యన్నను ముక్తిఁ గాంచు రఘువీరా! జానకీనాయకా!",vruttamu,Ontimittaraguveera,"[('గో', 'U'), ('మాం', 'U'), ('సా', 'U'), ('శ', '|'), ('ని', '|'), ('మ', 'U'), ('ద్య', '|'), ('పా', 'U'), ('ని', '|'), ('న', '|'), ('గ', '|'), ('రి', 'U'), ('న్గొం', 'U'), ('డీ', 'U'), ('డు', '|'), ('చం', 'U'), ('డా', 'U'), ('లు', '|'), ('డున్', 'U'), ('హే', 'U'), ('మ', 'U'), ('స్తే', 'U'), ('యు', '|'), ('డు', '|'), ('సో', 'U'), ('ద', '|'), ('రీ', 'U'), ('ర', '|'), ('తు', '|'), ('డు', '|'), ('గూ', 'U'), ('డే', 'U'), ('కా', 'U'), ('ద', '|'), ('శి', 'U'), ('న్భు', 'U'), ('క్తి', '|'), ('గొ', 'U'), ('న్నా', 'U'), ('మూ', 'U'), ('ఢా', 'U'), ('త్ము', '|'), ('డు', '|'), ('లో', 'U'), ('ను', '|'), ('గా', 'U'), ('గ', '|'), ('లు', '|'), ('గు', '|'), ('దు', 'U'), ('ష్టా', 'U'), ('చా', 'U'), ('రు', '|'), ('డై', 'U'), ('నం', 'U'), ('దు', '|'), ('దిన్', 'U'), ('రా', 'U'), ('మా', 'U'), ('య', 'U'), ('న్న', '|'), ('ను', '|'), ('ము', 'U'), ('క్తి', '|'), ('గాం', 'U'), ('చు', '|'), ('ర', '|'), ('ఘు', '|'), ('వీ', 'U'), ('రా', 'U'), ('జా', 'U'), ('న', '|'), ('కీ', 'U'), ('నా', 'U'), ('య', '|'), ('కా', 'U')]",0.9,1.0,1.0,1.0,0.5,1.0
saardulamu,"ఏమీ పాతకులార! మా పురికి రా రీపట్టునం దున్నత
శ్రీమైఁ బోయెద రెందుకన్న జమునిం గ్రేగన్నులం జూచుచున్
రామయ్యా! యిఁక నంచుఁ బల్కి యపవర్గస్థానమున్ జొత్తురో
రామయ్యా! నినుఁ గొల్చువారు రఘువీరా! జానకీనాయకా!",vruttamu,Ontimittaraguveera,"[('ఏ', 'U'), ('మీ', 'U'), ('పా', 'U'), ('త', '|'), ('కు', '|'), ('లా', 'U'), ('ర', '|'), ('మా', 'U'), ('పు', '|'), ('రి', '|'), ('కి', '|'), ('రా', 'U'), ('రీ', 'U'), ('ప', 'U'), ('ట్టు', '|'), ('నం', 'U'), ('దు', 'U'), ('న్న', '|'), ('త', '|'), ('శ్రీ', 'U'), ('మై', 'U'), ('బో', 'U'), ('యె', '|'), ('ద', '|'), ('రెం', 'U'), ('దు', '|'), ('క', 'U'), ('న్న', '|'), ('జ', '|'), ('ము', '|'), ('నిం', 'U'), ('గ్రే', 'U'), ('గ', 'U'), ('న్ను', '|'), ('లం', 'U'), ('జూ', 'U'), ('చు', '|'), ('చున్', 'U'), ('రా', 'U'), ('మ', 'U'), ('య్యా', 'U'), ('యి', '|'), ('క', '|'), ('నం', 'U'), ('చు', '|'), ('బ', 'U'), ('ల్కి', '|'), ('య', '|'), ('ప', '|'), ('వ', 'U'), ('ర్గ', 'U'), ('స్థా', 'U'), ('న', '|'), ('ము', 'U'), ('న్జొ', 'U'), ('త్తు', '|'), ('రో', 'U'), ('రా', 'U'), ('మ', 'U'), ('య్యా', 'U'), ('ని', '|'), ('ను', '|'), ('గొ', 'U'), ('ల్చు', '|'), ('వా', 'U'), ('రు', '|'), ('ర', '|'), ('ఘు', '|'), ('వీ', 'U'), ('రా', 'U'), ('జా', 'U'), ('న', '|'), ('కీ', 'U'), ('నా', 'U'), ('య', '|'), ('కా', 'U')]",0.9428571428571428,1.0,1.0,0.9642857142857143,0.75,1.0
saardulamu,"స్వామిద్రోహికిఁ దమ్ముఁడెట్లు? ఘనరాజ్యంబేల నీవిచ్చుటె?
ట్లామాటల్ విని కాదె నిన్నడుగ నత్యాసక్తి నాకున్న దొ
డ్డేమిన్ పల్మఱు వేసరింపఁ గవి నే నీరాదె నీ సీమలో
గ్రామం బొక్కటి చాలు నాకు రఘువీరా! జానకీనాయకా!",vruttamu,Ontimittaraguveera,"[('స్వా', 'U'), ('మి', '|'), ('ద్రో', 'U'), ('హి', '|'), ('కి', '|'), ('ద', 'U'), ('మ్ము', '|'), ('డె', 'U'), ('ట్లు', '|'), ('ఘ', '|'), ('న', '|'), ('రా', 'U'), ('జ్యం', 'U'), ('బే', 'U'), ('ల', '|'), ('నీ', 'U'), ('వి', 'U'), ('చ్చు', '|'), ('టె', 'U'), ('ట్లా', 'U'), ('మా', 'U'), ('ట', 'U'), ('ల్వి', '|'), ('ని', '|'), ('కా', 'U'), ('దె', '|'), ('ని', 'U'), ('న్న', '|'), ('డు', '|'), ('గ', '|'), ('న', 'U'), ('త్యా', 'U'), ('స', 'U'), ('క్తి', '|'), ('నా', 'U'), ('కు', 'U'), ('న్న', '|'), ('దొ', 'U'), ('డ్డే', 'U'), ('మి', 'U'), ('న్ప', 'U'), ('ల్మ', '|'), ('ఱు', '|'), ('వే', 'U'), ('స', '|'), ('రిం', 'U'), ('ప', '|'), ('గ', '|'), ('వి', '|'), ('నే', 'U'), ('నీ', 'U'), ('రా', 'U'), ('దె', '|'), ('నీ', 'U'), ('సీ', 'U'), ('మ', '|'), ('లో', 'U'), ('గ్రా', 'U'), ('మం', 'U'), ('బొ', 'U'), ('క్క', '|'), ('టి', '|'), ('చా', 'U'), ('లు', '|'), ('నా', 'U'), ('కు', '|'), ('ర', '|'), ('ఘు', '|'), ('వీ', 'U'), ('రా', 'U'), ('జా', 'U'), ('న', '|'), ('కీ', 'U'), ('నా', 'U'), ('య', '|'), ('కా', 'U')]",0.8928571428571429,1.0,1.0,0.9642857142857143,0.5,1.0
saardulamu,"మామా యంచును మామ యంచు నెపుడే మా యల్లుఁ డుద్యద్గతిన్
హేమాద్రిప్రతిమానమైన యొక విల్లేపార మో పెట్టఁగా
సామర్థ్యంబున మేటి యీతఁడని నీ సత్త్వంబె వర్ణింతు నో
రామా! రాఘవ! రామభద్ర! రఘువీరా! జానకీనాయకా!",vruttamu,Ontimittaraguveera,"[('మా', 'U'), ('మా', 'U'), ('యం', 'U'), ('చు', '|'), ('ను', '|'), ('మా', 'U'), ('మ', '|'), ('యం', 'U'), ('చు', '|'), ('నె', '|'), ('పు', '|'), ('డే', 'U'), ('మా', 'U'), ('య', 'U'), ('ల్లు', '|'), ('డు', 'U'), ('ద్య', 'U'), ('ద్గ', '|'), ('తిన్', 'U'), ('హే', 'U'), ('మా', 'U'), ('ద్రి', '|'), ('ప్ర', '|'), ('తి', '|'), ('మా', 'U'), ('న', '|'), ('మై', 'U'), ('న', '|'), ('యొ', '|'), ('క', '|'), ('వి', 'U'), ('ల్లే', 'U'), ('పా', 'U'), ('ర', '|'), ('మో', 'U'), ('పె', 'U'), ('ట్ట', '|'), ('గా', 'U'), ('సా', 'U'), ('మ', 'U'), ('ర్థ్యం', 'U'), ('బు', '|'), ('న', '|'), ('మే', 'U'), ('టి', '|'), ('యీ', 'U'), ('త', '|'), ('డ', '|'), ('ని', '|'), ('నీ', 'U'), ('స', 'U'), ('త్త్వం', 'U'), ('బె', '|'), ('వ', 'U'), ('ర్ణిం', 'U'), ('తు', '|'), ('నో', 'U'), ('రా', 'U'), ('మా', 'U'), ('రా', 'U'), ('ఘ', '|'), ('వ', '|'), ('రా', 'U'), ('మ', '|'), ('భ', '|'), ('ద్ర', '|'), ('ర', '|'), ('ఘు', '|'), ('వీ', 'U'), ('రా', 'U'), ('జా', 'U'), ('న', '|'), ('కీ', 'U'), ('నా', 'U'), ('య', '|'), ('కా', 'U')]",0.9357142857142857,1.0,1.0,0.9285714285714286,0.75,1.0
mattebhamu,"కమురం గ్రాఁగిన లోభివాని తల పున్కం, గుక్కమాంసంబు మ
ద్యముతో వండుచుఁ దిన్న మాలఁడయినం, దత్పాపకర్మంబులన్
యమకూపంబుల లోపలం బడఁడు జిహ్వాగ్రంబునన్ రామమం
త్రముఁ బేర్కొన్నను నొంటిమిట్ట రఘువీరా! జానకీనాయకా!",vruttamu,Ontimittaraguveera,"[('క', '|'), ('ము', '|'), ('రం', 'U'), ('గ్రా', 'U'), ('గి', '|'), ('న', '|'), ('లో', 'U'), ('భి', '|'), ('వా', 'U'), ('ని', '|'), ('త', '|'), ('ల', '|'), ('పు', 'U'), ('న్కం', 'U'), ('గు', 'U'), ('క్క', '|'), ('మాం', 'U'), ('సం', 'U'), ('బు', '|'), ('మ', 'U'), ('ద్య', '|'), ('ము', '|'), ('తో', 'U'), ('వం', 'U'), ('డు', '|'), ('చు', '|'), ('ది', 'U'), ('న్న', '|'), ('మా', 'U'), ('ల', '|'), ('డ', '|'), ('యి', '|'), ('నం', 'U'), ('ద', 'U'), ('త్పా', 'U'), ('ప', '|'), ('క', 'U'), ('ర్మం', 'U'), ('బు', '|'), ('లన్', 'U'), ('య', '|'), ('మ', '|'), ('కూ', 'U'), ('పం', 'U'), ('బు', '|'), ('ల', '|'), ('లో', 'U'), ('ప', '|'), ('లం', 'U'), ('బ', '|'), ('డ', '|'), ('డు', '|'), ('జి', 'U'), ('హ్వా', 'U'), ('గ్రం', 'U'), ('బు', '|'), ('న', '|'), ('న్రా', 'U'), ('మ', '|'), ('మం', 'U'), ('త్ర', '|'), ('ము', '|'), ('బే', 'U'), ('ర్కొ', 'U'), ('న్న', '|'), ('ను', '|'), ('నొం', 'U'), ('టి', '|'), ('మి', 'U'), ('ట్ట', '|'), ('ర', '|'), ('ఘు', '|'), ('వీ', 'U'), ('రా', 'U'), ('జా', 'U'), ('న', '|'), ('కీ', 'U'), ('నా', 'U'), ('య', '|'), ('కా', 'U')]",0.9928571428571429,1.0,1.0,0.9642857142857143,1.0,1.0
mattebhamu,"యమకూపంబుల లోపలం బడి మహాహైన్యంబునుం బొందకుం
డ ముదంబారఁగ నన్నుఁ బ్రోచి కరుణన్ సాయుజ్యమిమ్మీ తుదిన్
గ్రిమిరూపుం దన రూపుగాఁ బెనిచి రక్షింపన్ విచారించునా
భ్రమరంబుం బలెఁ బాపదూర! రఘువీరా! జానకీనాయకా!",vruttamu,Ontimittaraguveera,"[('య', '|'), ('మ', '|'), ('కూ', 'U'), ('పం', 'U'), ('బు', '|'), ('ల', '|'), ('లో', 'U'), ('ప', '|'), ('లం', 'U'), ('బ', '|'), ('డి', '|'), ('మ', '|'), ('హా', 'U'), ('హై', 'U'), ('న్యం', 'U'), ('బు', '|'), ('నుం', 'U'), ('బొం', 'U'), ('ద', '|'), ('కుం', 'U'), ('డ', '|'), ('ము', '|'), ('దం', 'U'), ('బా', 'U'), ('ర', '|'), ('గ', '|'), ('న', 'U'), ('న్ను', '|'), ('బ్రో', 'U'), ('చి', '|'), ('క', '|'), ('రు', '|'), ('ణ', 'U'), ('న్సా', 'U'), ('యు', 'U'), ('జ్య', '|'), ('మి', 'U'), ('మ్మీ', 'U'), ('తు', '|'), ('దిన్', 'U'), ('గ్రి', '|'), ('మి', '|'), ('రూ', 'U'), ('పుం', 'U'), ('ద', '|'), ('న', '|'), ('రూ', 'U'), ('పు', '|'), ('గా', 'U'), ('బె', '|'), ('ని', '|'), ('చి', '|'), ('ర', 'U'), ('క్షిం', 'U'), ('ప', 'U'), ('న్వి', '|'), ('చా', 'U'), ('రిం', 'U'), ('చు', '|'), ('నా', 'U'), ('భ్ర', '|'), ('మ', '|'), ('రం', 'U'), ('బుం', 'U'), ('బ', '|'), ('లె', '|'), ('బా', 'U'), ('ప', '|'), ('దూ', 'U'), ('ర', '|'), ('ర', '|'), ('ఘు', '|'), ('వీ', 'U'), ('రా', 'U'), ('జా', 'U'), ('న', '|'), ('కీ', 'U'), ('నా', 'U'), ('య', '|'), ('కా', 'U')]",0.95,1.0,1.0,1.0,0.75,1.0
mattebhamu,"మమకారంబున సర్వకాలమును నీ మంత్రంబు వాక్రుచ్చు డెం
దము నాకుం గలుగంగని మ్మటులయైనన్ మృత్యువక్త్రమ్ము దూ
ఱము; నిన్నున్ మతి దూఱ మంత నపవర్గస్వర్గమార్గంబు దూ
రము గాకుండును మాకుఁ జేర రఘువీరా! జానకీనాయకా!",vruttamu,Ontimittaraguveera,"[('మ', '|'), ('మ', '|'), ('కా', 'U'), ('రం', 'U'), ('బు', '|'), ('న', '|'), ('స', 'U'), ('ర్వ', '|'), ('కా', 'U'), ('ల', '|'), ('ము', '|'), ('ను', '|'), ('నీ', 'U'), ('మం', 'U'), ('త్రం', 'U'), ('బు', '|'), ('వా', 'U'), ('క్రు', 'U'), ('చ్చు', '|'), ('డెం', 'U'), ('ద', '|'), ('ము', '|'), ('నా', 'U'), ('కుం', 'U'), ('గ', '|'), ('లు', '|'), ('గం', 'U'), ('గ', '|'), ('ని', 'U'), ('మ్మ', '|'), ('టు', '|'), ('ల', '|'), ('యై', 'U'), ('న', 'U'), ('న్మృ', 'U'), ('త్యు', '|'), ('వ', 'U'), ('క్త్ర', 'U'), ('మ్ము', '|'), ('దూ', 'U'), ('ఱ', '|'), ('ము', '|'), ('ని', 'U'), ('న్ను', 'U'), ('న్మ', '|'), ('తి', '|'), ('దూ', 'U'), ('ఱ', '|'), ('మం', 'U'), ('త', '|'), ('న', '|'), ('ప', '|'), ('వ', 'U'), ('ర్గ', 'U'), ('స్వ', 'U'), ('ర్గ', '|'), ('మా', 'U'), ('ర్గం', 'U'), ('బు', '|'), ('దూ', 'U'), ('ర', '|'), ('ము', '|'), ('గా', 'U'), ('కుం', 'U'), ('డు', '|'), ('ను', '|'), ('మా', 'U'), ('కు', '|'), ('జే', 'U'), ('ర', '|'), ('ర', '|'), ('ఘు', '|'), ('వీ', 'U'), ('రా', 'U'), ('జా', 'U'), ('న', '|'), ('కీ', 'U'), ('నా', 'U'), ('య', '|'), ('కా', 'U')]",0.95,1.0,1.0,1.0,0.75,1.0
mattebhamu,"తమ గర్వంబునఁ దారు పొంగిపడుచున్ దైవంబు మంత్రంబుఁ దం
త్రములన్ వీడఁగ నాడుచున్ దిరుగు నిర్భాగ్యుల్ మహారాజులై
మము నూరింపఁగ నేము నిన్నెఱిఁగి నీ మంత్రం బెఱింగిన్ దరి
ద్రమతిన్ వేడఁగఁ బోవుటెట్లు రఘువీరా! జానకీనాయకా!",vruttamu,Ontimittaraguveera,"[('త', '|'), ('మ', '|'), ('గ', 'U'), ('ర్వం', 'U'), ('బు', '|'), ('న', '|'), ('దా', 'U'), ('రు', '|'), ('పొం', 'U'), ('గి', '|'), ('ప', '|'), ('డు', '|'), ('చు', 'U'), ('న్దై', 'U'), ('వం', 'U'), ('బు', '|'), ('మం', 'U'), ('త్రం', 'U'), ('బు', '|'), ('దం', 'U'), ('త్ర', '|'), ('ము', '|'), ('ల', 'U'), ('న్వీ', 'U'), ('డ', '|'), ('గ', '|'), ('నా', 'U'), ('డు', '|'), ('చు', 'U'), ('న్ది', '|'), ('రు', '|'), ('గు', '|'), ('ని', 'U'), ('ర్భా', 'U'), ('గ్యు', 'U'), ('ల్మ', '|'), ('హా', 'U'), ('రా', 'U'), ('జు', '|'), ('లై', 'U'), ('మ', '|'), ('ము', '|'), ('నూ', 'U'), ('రిం', 'U'), ('ప', '|'), ('గ', '|'), ('నే', 'U'), ('ము', '|'), ('ని', 'U'), ('న్నె', '|'), ('ఱి', '|'), ('గి', '|'), ('నీ', 'U'), ('మం', 'U'), ('త్రం', 'U'), ('బె', '|'), ('ఱిం', 'U'), ('గి', 'U'), ('న్ద', '|'), ('రి', '|'), ('ద్ర', '|'), ('మ', '|'), ('తి', 'U'), ('న్వే', 'U'), ('డ', '|'), ('గ', '|'), ('బో', 'U'), ('వు', '|'), ('టె', 'U'), ('ట్లు', '|'), ('ర', '|'), ('ఘు', '|'), ('వీ', 'U'), ('రా', 'U'), ('జా', 'U'), ('న', '|'), ('కీ', 'U'), ('నా', 'U'), ('య', '|'), ('కా', 'U')]",0.9928571428571429,1.0,1.0,0.9642857142857143,1.0,1.0
mattebhamu,"హిమధామ ప్రతిమాన కాంతియుతులై యింద్రాది దిక్పాలకుల్
తములన్ స్తోత్రముచేయ నుండుదురు నీ దాసానుదాసుల్ సుర
ప్రమదాపల్లవపాటలాధర సుధాపానాది కేలీవిహా
రములన్ మీఱుచు మీరు చూడ రఘువీరా! జానకీనాయకా!",vruttamu,Ontimittaraguveera,"[('హి', '|'), ('మ', '|'), ('ధా', 'U'), ('మ', '|'), ('ప్ర', '|'), ('తి', '|'), ('మా', 'U'), ('న', '|'), ('కాం', 'U'), ('తి', '|'), ('యు', '|'), ('తు', '|'), ('లై', 'U'), ('యిం', 'U'), ('ద్రా', 'U'), ('ది', '|'), ('ది', 'U'), ('క్పా', 'U'), ('ల', '|'), ('కుల్', 'U'), ('త', '|'), ('ము', '|'), ('ల', 'U'), ('న్స్తో', 'U'), ('త్ర', '|'), ('ము', '|'), ('చే', 'U'), ('య', '|'), ('నుం', 'U'), ('డు', '|'), ('దు', '|'), ('రు', '|'), ('నీ', 'U'), ('దా', 'U'), ('సా', 'U'), ('ను', '|'), ('దా', 'U'), ('సు', 'U'), ('ల్సు', '|'), ('ర', '|'), ('ప్ర', '|'), ('మ', '|'), ('దా', 'U'), ('ప', 'U'), ('ల్ల', '|'), ('వ', '|'), ('పా', 'U'), ('ట', '|'), ('లా', 'U'), ('ధ', '|'), ('ర', '|'), ('సు', '|'), ('ధా', 'U'), ('పా', 'U'), ('నా', 'U'), ('ది', '|'), ('కే', 'U'), ('లీ', 'U'), ('వి', '|'), ('హా', 'U'), ('ర', '|'), ('ము', '|'), ('ల', 'U'), ('న్మీ', 'U'), ('ఱు', '|'), ('చు', '|'), ('మీ', 'U'), ('రు', '|'), ('చూ', 'U'), ('డ', '|'), ('ర', '|'), ('ఘు', '|'), ('వీ', 'U'), ('రా', 'U'), ('జా', 'U'), ('న', '|'), ('కీ', 'U'), ('నా', 'U'), ('య', '|'), ('కా', 'U')]",0.9857142857142858,1.0,1.0,0.9285714285714286,1.0,1.0
saardulamu,"మిమ్ముం గొల్చి తలంచి పాపముల నెమ్మిన్ సోఁక రానీక నే
నెమ్మిన్ సౌఖ్యముఁ బొందువాఁడ ననుచున్ నీ మూర్తి భావించెదన్
రమ్మా వీని తలంపు మేలని కృపన్ రక్షింప నాలోనికిన్
రమ్మా నన్నుఁ గృతార్థుఁ జేయ రఘువీరా! జానకీనాయకా!",vruttamu,Ontimittaraguveera,"[('మి', 'U'), ('మ్ముం', 'U'), ('గొ', 'U'), ('ల్చి', '|'), ('త', '|'), ('లం', 'U'), ('చి', '|'), ('పా', 'U'), ('ప', '|'), ('ము', '|'), ('ల', '|'), ('నె', 'U'), ('మ్మి', 'U'), ('న్సో', 'U'), ('క', '|'), ('రా', 'U'), ('నీ', 'U'), ('క', '|'), ('నే', 'U'), ('నె', 'U'), ('మ్మి', 'U'), ('న్సౌ', 'U'), ('ఖ్య', '|'), ('ము', '|'), ('బొం', 'U'), ('దు', '|'), ('వా', 'U'), ('డ', '|'), ('న', '|'), ('ను', '|'), ('చు', 'U'), ('న్నీ', 'U'), ('మూ', 'U'), ('ర్తి', '|'), ('భా', 'U'), ('విం', 'U'), ('చె', '|'), ('దన్', 'U'), ('ర', 'U'), ('మ్మా', 'U'), ('వీ', 'U'), ('ని', '|'), ('త', '|'), ('లం', 'U'), ('పు', '|'), ('మే', 'U'), ('ల', '|'), ('ని', '|'), ('కృ', '|'), ('ప', '|'), ('న్ర', 'U'), ('క్షిం', 'U'), ('ప', '|'), ('నా', 'U'), ('లో', 'U'), ('ని', '|'), ('కిన్', 'U'), ('ర', 'U'), ('మ్మా', 'U'), ('న', 'U'), ('న్ను', '|'), ('గృ', '|'), ('తా', 'U'), ('ర్థు', '|'), ('జే', 'U'), ('య', '|'), ('ర', '|'), ('ఘు', '|'), ('వీ', 'U'), ('రా', 'U'), ('జా', 'U'), ('న', '|'), ('కీ', 'U'), ('నా', 'U'), ('య', '|'), ('కా', 'U')]",0.9928571428571429,1.0,1.0,0.9642857142857143,1.0,1.0
mattebhamu,"ప్రమదారత్న మహల్య గౌతముని శాపప్రాప్తి పాషాణరూ
పముతోఁ బెక్కుయుగంబులుండఁగ హరబ్రహ్మాదులుం బాపలే
ని మహాపాపము పాపనోపినదిగా నీ పాదరేణుప్రకా
రము నేనేమని సన్నుతింతు రఘువీరా! జానకీనాయకా!",vruttamu,Ontimittaraguveera,"[('ప్ర', '|'), ('మ', '|'), ('దా', 'U'), ('ర', 'U'), ('త్న', '|'), ('మ', '|'), ('హ', 'U'), ('ల్య', '|'), ('గౌ', 'U'), ('త', '|'), ('ము', '|'), ('ని', '|'), ('శా', 'U'), ('ప', '|'), ('ప్రా', 'U'), ('ప్తి', '|'), ('పా', 'U'), ('షా', 'U'), ('ణ', '|'), ('రూ', 'U'), ('ప', '|'), ('ము', '|'), ('తో', 'U'), ('బె', 'U'), ('క్కు', '|'), ('యు', '|'), ('గం', 'U'), ('బు', '|'), ('లుం', 'U'), ('డ', '|'), ('గ', '|'), ('హ', '|'), ('ర', '|'), ('బ్ర', 'U'), ('హ్మా', 'U'), ('దు', '|'), ('లుం', 'U'), ('బా', 'U'), ('ప', '|'), ('లే', 'U'), ('ని', '|'), ('మ', '|'), ('హా', 'U'), ('పా', 'U'), ('ప', '|'), ('ము', '|'), ('పా', 'U'), ('ప', '|'), ('నో', 'U'), ('పి', '|'), ('న', '|'), ('ది', '|'), ('గా', 'U'), ('నీ', 'U'), ('పా', 'U'), ('ద', '|'), ('రే', 'U'), ('ణు', '|'), ('ప్ర', '|'), ('కా', 'U'), ('ర', '|'), ('ము', '|'), ('నే', 'U'), ('నే', 'U'), ('మ', '|'), ('ని', '|'), ('స', 'U'), ('న్ను', '|'), ('తిం', 'U'), ('తు', '|'), ('ర', '|'), ('ఘు', '|'), ('వీ', 'U'), ('రా', 'U'), ('జా', 'U'), ('న', '|'), ('కీ', 'U'), ('నా', 'U'), ('య', '|'), ('కా', 'U')]",0.9785714285714284,1.0,1.0,0.8928571428571429,1.0,1.0
saardulamu,"నా యజ్ఞానముఁ బాపుమంచు మదిలో నానాప్రకారంబులన్
గూయం గూయ నదేమిరా యనవు నీకున్ మ్రొక్కనా? కుక్కనా?
చీ యంచేటికి రోఁతగించెదవు? నీచిత్తంబు రాకుండినన్
బ్రాయశ్చిత్తము నాకునెద్ది? రఘువీరా! జానకీనాయకా!",vruttamu,Ontimittaraguveera,"[('నా', 'U'), ('య', 'U'), ('జ్ఞా', 'U'), ('న', '|'), ('ము', '|'), ('బా', 'U'), ('పు', '|'), ('మం', 'U'), ('చు', '|'), ('మ', '|'), ('ది', '|'), ('లో', 'U'), ('నా', 'U'), ('నా', 'U'), ('ప్ర', '|'), ('కా', 'U'), ('రం', 'U'), ('బు', '|'), ('లన్', 'U'), ('గూ', 'U'), ('యం', 'U'), ('గూ', 'U'), ('య', '|'), ('న', '|'), ('దే', 'U'), ('మి', '|'), ('రా', 'U'), ('య', '|'), ('న', '|'), ('వు', '|'), ('నీ', 'U'), ('కు', 'U'), ('న్మ్రొ', 'U'), ('క్క', '|'), ('నా', 'U'), ('కు', 'U'), ('క్క', '|'), ('నా', 'U'), ('చీ', 'U'), ('యం', 'U'), ('చే', 'U'), ('టి', '|'), ('కి', '|'), ('రో', 'U'), ('త', '|'), ('గిం', 'U'), ('చె', '|'), ('ద', '|'), ('వు', '|'), ('నీ', 'U'), ('చి', 'U'), ('త్తం', 'U'), ('బు', '|'), ('రా', 'U'), ('కుం', 'U'), ('డి', '|'), ('నన్', 'U'), ('బ్రా', 'U'), ('య', 'U'), ('శ్చి', 'U'), ('త్త', '|'), ('ము', '|'), ('నా', 'U'), ('కు', '|'), ('నె', 'U'), ('ద్ది', '|'), ('ర', '|'), ('ఘు', '|'), ('వీ', 'U'), ('రా', 'U'), ('జా', 'U'), ('న', '|'), ('కీ', 'U'), ('నా', 'U'), ('య', '|'), ('కా', 'U')]",1.0,1.0,1.0,1.0,1.0,1.0
mattebhamu,"నియమంబొప్ప ననేకజన్మములనుండిన్ దాఁచుకొన్నట్టి సం
చయదోషంబుల మాటమాత్రమున దోఁచంబోవు చోరత్వ మె
న్ని యుపాయంబుల నభ్యసించినవియో నీ నామముల్ వేయు నా
రయ నిన్ను న్వివరించుటెట్లు రఘువీరా! జానకీనాయకా!",vruttamu,Ontimittaraguveera,"[('ని', '|'), ('య', '|'), ('మం', 'U'), ('బొ', 'U'), ('ప్ప', '|'), ('న', '|'), ('నే', 'U'), ('క', '|'), ('జ', 'U'), ('న్మ', '|'), ('ము', '|'), ('ల', '|'), ('నుం', 'U'), ('డి', 'U'), ('న్దా', 'U'), ('చు', '|'), ('కొ', 'U'), ('న్న', 'U'), ('ట్టి', '|'), ('సం', 'U'), ('చ', '|'), ('య', '|'), ('దో', 'U'), ('షం', 'U'), ('బు', '|'), ('ల', '|'), ('మా', 'U'), ('ట', '|'), ('మా', 'U'), ('త్ర', '|'), ('ము', '|'), ('న', '|'), ('దో', 'U'), ('చం', 'U'), ('బో', 'U'), ('వు', '|'), ('చో', 'U'), ('ర', 'U'), ('త్వ', '|'), ('మె', 'U'), ('న్ని', '|'), ('యు', '|'), ('పా', 'U'), ('యం', 'U'), ('బు', '|'), ('ల', '|'), ('న', 'U'), ('భ్య', '|'), ('సిం', 'U'), ('చి', '|'), ('న', '|'), ('వి', '|'), ('యో', 'U'), ('నీ', 'U'), ('నా', 'U'), ('మ', '|'), ('ము', 'U'), ('ల్వే', 'U'), ('యు', '|'), ('నా', 'U'), ('ర', '|'), ('య', '|'), ('ని', 'U'), ('న్ను', 'U'), ('న్వి', '|'), ('వ', '|'), ('రిం', 'U'), ('చు', '|'), ('టె', 'U'), ('ట్లు', '|'), ('ర', '|'), ('ఘు', '|'), ('వీ', 'U'), ('రా', 'U'), ('జా', 'U'), ('న', '|'), ('కీ', 'U'), ('నా', 'U'), ('య', '|'), ('కా', 'U')]",0.95,1.0,1.0,1.0,0.75,1.0
mattebhamu,"సకృపాలోకన! నందగోపుని తనూజాతుండవై గొల్లవై
సకలక్షోణుల నేలినాఁడవఁట, మించం గశ్యపబ్రహ్మ గ
న్న కుమారుండన మిన్నుముట్టి కుఱుచై నాఁడేల నాడేల నే
రక దానంబుగ వేఁడుకొంటి రఘువీరా! జానకీనాయకా!",vruttamu,Ontimittaraguveera,"[('స', '|'), ('కృ', '|'), ('పా', 'U'), ('లో', 'U'), ('క', '|'), ('న', '|'), ('నం', 'U'), ('ద', '|'), ('గో', 'U'), ('పు', '|'), ('ని', '|'), ('త', '|'), ('నూ', 'U'), ('జా', 'U'), ('తుం', 'U'), ('డ', '|'), ('వై', 'U'), ('గొ', 'U'), ('ల్ల', '|'), ('వై', 'U'), ('స', '|'), ('క', '|'), ('ల', 'U'), ('క్షో', 'U'), ('ణు', '|'), ('ల', '|'), ('నే', 'U'), ('లి', '|'), ('నా', 'U'), ('డ', '|'), ('వ', '|'), ('ట', '|'), ('మిం', 'U'), ('చం', 'U'), ('గ', 'U'), ('శ్య', '|'), ('ప', '|'), ('బ్ర', 'U'), ('హ్మ', '|'), ('గ', 'U'), ('న్న', '|'), ('కు', '|'), ('మా', 'U'), ('రుం', 'U'), ('డ', '|'), ('న', '|'), ('మి', 'U'), ('న్ను', '|'), ('ము', 'U'), ('ట్టి', '|'), ('కు', '|'), ('ఱు', '|'), ('చై', 'U'), ('నా', 'U'), ('డే', 'U'), ('ల', '|'), ('నా', 'U'), ('డే', 'U'), ('ల', '|'), ('నే', 'U'), ('ర', '|'), ('క', '|'), ('దా', 'U'), ('నం', 'U'), ('బు', '|'), ('గ', '|'), ('వే', 'U'), ('డు', '|'), ('కొం', 'U'), ('టి', '|'), ('ర', '|'), ('ఘు', '|'), ('వీ', 'U'), ('రా', 'U'), ('జా', 'U'), ('న', '|'), ('కీ', 'U'), ('నా', 'U'), ('య', '|'), ('కా', 'U')]",0.9928571428571429,1.0,1.0,0.9642857142857143,1.0,1.0
saardulamu,"చీరల్ దీయకు చన్నుగుబ్బల పయిం జీకాకుగాఁ గాకుగాఁ
జీరల్ దీయకు మందబోయఁడిదె వచ్చే బ్రొద్దు రావల్దు నా
జారా! మేలను జారలం గవయు కృష్ణా! యేకపత్నీవ్రత
ప్రారంభం బిపుడేల నీకు రఘువీరా! జానకీనాయకా!",vruttamu,Ontimittaraguveera,"[('చీ', 'U'), ('ర', 'U'), ('ల్దీ', 'U'), ('య', '|'), ('కు', '|'), ('చ', 'U'), ('న్ను', '|'), ('గు', 'U'), ('బ్బ', '|'), ('ల', '|'), ('ప', '|'), ('యిం', 'U'), ('జీ', 'U'), ('కా', 'U'), ('కు', '|'), ('గా', 'U'), ('గా', 'U'), ('కు', '|'), ('గా', 'U'), ('జీ', 'U'), ('ర', 'U'), ('ల్దీ', 'U'), ('య', '|'), ('కు', '|'), ('మం', 'U'), ('ద', '|'), ('బో', 'U'), ('య', '|'), ('డి', '|'), ('దె', '|'), ('వ', 'U'), ('చ్చే', 'U'), ('బ్రొ', 'U'), ('ద్దు', '|'), ('రా', 'U'), ('వ', 'U'), ('ల్దు', '|'), ('నా', 'U'), ('జా', 'U'), ('రా', 'U'), ('మే', 'U'), ('ల', '|'), ('ను', '|'), ('జా', 'U'), ('ర', '|'), ('లం', 'U'), ('గ', '|'), ('వ', '|'), ('యు', '|'), ('కృ', 'U'), ('ష్ణా', 'U'), ('యే', 'U'), ('క', '|'), ('ప', 'U'), ('త్నీ', 'U'), ('వ్ర', '|'), ('త', '|'), ('ప్రా', 'U'), ('రం', 'U'), ('భం', 'U'), ('బి', '|'), ('పు', '|'), ('డే', 'U'), ('ల', '|'), ('నీ', 'U'), ('కు', '|'), ('ర', '|'), ('ఘు', '|'), ('వీ', 'U'), ('రా', 'U'), ('జా', 'U'), ('న', '|'), ('కీ', 'U'), ('నా', 'U'), ('య', '|'), ('కా', 'U')]",0.9928571428571429,1.0,1.0,0.9642857142857143,1.0,1.0
mattebhamu,"తిరునామంబు ధరింపఁడేని నొసలన్ దిక్పూరితంబైన నీ
వరనామంబుఁ దలంపఁడేని మదిలో వాంఛించి నీ పాదపం
కరుహ శ్రీతులసీదళోదకముఁ ద్రాగండేని వాఁడేటి నే
ర్పరి వైకుంఠపురంబుఁ జేర రఘువీరా! జానకీనాయకా!",vruttamu,Ontimittaraguveera,"[('తి', '|'), ('రు', '|'), ('నా', 'U'), ('మం', 'U'), ('బు', '|'), ('ధ', '|'), ('రిం', 'U'), ('ప', '|'), ('డే', 'U'), ('ని', '|'), ('నొ', '|'), ('స', '|'), ('ల', 'U'), ('న్ది', 'U'), ('క్పూ', 'U'), ('రి', '|'), ('తం', 'U'), ('బై', 'U'), ('న', '|'), ('నీ', 'U'), ('వ', '|'), ('ర', '|'), ('నా', 'U'), ('మం', 'U'), ('బు', '|'), ('ద', '|'), ('లం', 'U'), ('ప', '|'), ('డే', 'U'), ('ని', '|'), ('మ', '|'), ('ది', '|'), ('లో', 'U'), ('వాం', 'U'), ('ఛిం', 'U'), ('చి', '|'), ('నీ', 'U'), ('పా', 'U'), ('ద', '|'), ('పం', 'U'), ('క', '|'), ('రు', '|'), ('హ', '|'), ('శ్రీ', 'U'), ('తు', '|'), ('ల', '|'), ('సీ', 'U'), ('ద', '|'), ('ళో', 'U'), ('ద', '|'), ('క', '|'), ('ము', '|'), ('ద్రా', 'U'), ('గం', 'U'), ('డే', 'U'), ('ని', '|'), ('వా', 'U'), ('డే', 'U'), ('టి', '|'), ('నే', 'U'), ('ర్ప', '|'), ('రి', '|'), ('వై', 'U'), ('కుం', 'U'), ('ఠ', '|'), ('పు', '|'), ('రం', 'U'), ('బు', '|'), ('జే', 'U'), ('ర', '|'), ('ర', '|'), ('ఘు', '|'), ('వీ', 'U'), ('రా', 'U'), ('జా', 'U'), ('న', '|'), ('కీ', 'U'), ('నా', 'U'), ('య', '|'), ('కా', 'U')]",0.9928571428571429,1.0,1.0,0.9642857142857143,1.0,1.0
mattebhamu,"శరణంబన్నను మాటమాత్రమున విశ్వద్రోహి తోఁబుట్టుకున్
గరుణాపూర్ణవిలోకనం బొదవ లంకారాజ్యసింహాసన
స్థిరపట్టం బొనరించినాఁడ వఁట యేదేవుండు నీసాటి యు
ర్వరలోనన్ భవరోగదూర! రఘువీరా! జానకీనాయకా!",vruttamu,Ontimittaraguveera,"[('శ', '|'), ('ర', '|'), ('ణం', 'U'), ('బ', 'U'), ('న్న', '|'), ('ను', '|'), ('మా', 'U'), ('ట', '|'), ('మా', 'U'), ('త్ర', '|'), ('ము', '|'), ('న', '|'), ('వి', 'U'), ('శ్వ', '|'), ('ద్రో', 'U'), ('హి', '|'), ('తో', 'U'), ('బు', 'U'), ('ట్టు', '|'), ('కున్', 'U'), ('గ', '|'), ('రు', '|'), ('ణా', 'U'), ('పూ', 'U'), ('ర్ణ', '|'), ('వి', '|'), ('లో', 'U'), ('క', '|'), ('నం', 'U'), ('బొ', '|'), ('ద', '|'), ('వ', '|'), ('లం', 'U'), ('కా', 'U'), ('రా', 'U'), ('జ్య', '|'), ('సిం', 'U'), ('హా', 'U'), ('స', '|'), ('న', 'U'), ('స్థి', '|'), ('ర', '|'), ('ప', 'U'), ('ట్టం', 'U'), ('బొ', '|'), ('న', '|'), ('రిం', 'U'), ('చి', '|'), ('నా', 'U'), ('డ', '|'), ('వ', '|'), ('ట', '|'), ('యే', 'U'), ('దే', 'U'), ('వుం', 'U'), ('డు', '|'), ('నీ', 'U'), ('సా', 'U'), ('టి', '|'), ('యు', 'U'), ('ర్వ', '|'), ('ర', '|'), ('లో', 'U'), ('న', 'U'), ('న్భ', '|'), ('వ', '|'), ('రో', 'U'), ('గ', '|'), ('దూ', 'U'), ('ర', '|'), ('ర', '|'), ('ఘు', '|'), ('వీ', 'U'), ('రా', 'U'), ('జా', 'U'), ('న', '|'), ('కీ', 'U'), ('నా', 'U'), ('య', '|'), ('కా', 'U')]",0.9928571428571429,1.0,1.0,0.9642857142857143,1.0,1.0
mattebhamu,"పరనారీ కుచకుంభపాలికలపైఁ బాదాబ్జయుగ్మంబుపైఁ
గరమూలంబులపైఁ గపోలతటిపైఁ గంఠంబుపైఁ గొప్పుపైఁ
బరువుల్ వాఱెడు నా తలంపులు మిమున్ భావింపఁగాఁ జేసి స
ర్వరసాధీశ్వర! నన్నుఁ బ్రోవు రఘువీరా! జానకీనాయకా!",vruttamu,Ontimittaraguveera,"[('ప', '|'), ('ర', '|'), ('నా', 'U'), ('రీ', 'U'), ('కు', '|'), ('చ', '|'), ('కుం', 'U'), ('భ', '|'), ('పా', 'U'), ('లి', '|'), ('క', '|'), ('ల', '|'), ('పై', 'U'), ('బా', 'U'), ('దా', 'U'), ('బ్జ', '|'), ('యు', 'U'), ('గ్మం', 'U'), ('బు', '|'), ('పై', 'U'), ('గ', '|'), ('ర', '|'), ('మూ', 'U'), ('లం', 'U'), ('బు', '|'), ('ల', '|'), ('పై', 'U'), ('గ', '|'), ('పో', 'U'), ('ల', '|'), ('త', '|'), ('టి', '|'), ('పై', 'U'), ('గం', 'U'), ('ఠం', 'U'), ('బు', '|'), ('పై', 'U'), ('గొ', 'U'), ('ప్పు', '|'), ('పై', 'U'), ('బ', '|'), ('రు', '|'), ('వు', 'U'), ('ల్వా', 'U'), ('ఱె', '|'), ('డు', '|'), ('నా', 'U'), ('త', '|'), ('లం', 'U'), ('పు', '|'), ('లు', '|'), ('మి', '|'), ('ము', 'U'), ('న్భా', 'U'), ('విం', 'U'), ('ప', '|'), ('గా', 'U'), ('జే', 'U'), ('సి', '|'), ('స', 'U'), ('ర్వ', '|'), ('ర', '|'), ('సా', 'U'), ('ధీ', 'U'), ('శ్వ', '|'), ('ర', '|'), ('న', 'U'), ('న్ను', '|'), ('బ్రో', 'U'), ('వు', '|'), ('ర', '|'), ('ఘు', '|'), ('వీ', 'U'), ('రా', 'U'), ('జా', 'U'), ('న', '|'), ('కీ', 'U'), ('నా', 'U'), ('య', '|'), ('కా', 'U')]",1.0,1.0,1.0,1.0,1.0,1.0
mattebhamu,"నరకుల్ క్రాఁగిన యిన్పకంబముల నంటంగట్టఁగాఁ గొట్టఁగాఁ
బొరలం బొర్లఁగఁ గక్కరాలఁ గొని వీఁపు ల్గోయఁగా వ్రేయఁగా
నరకావాసులలోన నుండుదురు నీ నామంబు వర్జించి దు
ర్మరణంబు ల్గని చన్నవారు రఘువీరా! జానకీనాయకా!",vruttamu,Ontimittaraguveera,"[('న', '|'), ('ర', '|'), ('కు', 'U'), ('ల్క్రా', 'U'), ('గి', '|'), ('న', '|'), ('యి', 'U'), ('న్ప', '|'), ('కం', 'U'), ('బ', '|'), ('ము', '|'), ('ల', '|'), ('నం', 'U'), ('టం', 'U'), ('గ', 'U'), ('ట్ట', '|'), ('గా', 'U'), ('గొ', 'U'), ('ట్ట', '|'), ('గా', 'U'), ('బొ', '|'), ('ర', '|'), ('లం', 'U'), ('బొ', 'U'), ('ర్ల', '|'), ('గ', '|'), ('గ', 'U'), ('క్క', '|'), ('రా', 'U'), ('ల', '|'), ('గొ', '|'), ('ని', '|'), ('వీ', 'U'), ('పు', 'U'), ('ల్గో', 'U'), ('య', '|'), ('గా', 'U'), ('వ్రే', 'U'), ('య', '|'), ('గా', 'U'), ('న', '|'), ('ర', '|'), ('కా', 'U'), ('వా', 'U'), ('సు', '|'), ('ల', '|'), ('లో', 'U'), ('న', '|'), ('నుం', 'U'), ('డు', '|'), ('దు', '|'), ('రు', '|'), ('నీ', 'U'), ('నా', 'U'), ('మం', 'U'), ('బు', '|'), ('వ', 'U'), ('ర్జిం', 'U'), ('చి', '|'), ('దు', 'U'), ('ర్మ', '|'), ('ర', '|'), ('ణం', 'U'), ('బు', 'U'), ('ల్గ', '|'), ('ని', '|'), ('చ', 'U'), ('న్న', '|'), ('వా', 'U'), ('రు', '|'), ('ర', '|'), ('ఘు', '|'), ('వీ', 'U'), ('రా', 'U'), ('జా', 'U'), ('న', '|'), ('కీ', 'U'), ('నా', 'U'), ('య', '|'), ('కా', 'U')]",0.95,1.0,1.0,1.0,0.75,1.0
mattebhamu,"పురసంహారుని చాపమున్ జివుకువంబున్ ద్రుంచి పోఁజూచినన్
బరశూదగ్రభుజుండు పోవిడుచునే భంజించుఁగాకంచు ని
ష్ఠురముల్ పల్కిన భార్గవున్ భుజబలాటోపంబు వారించి ని
ర్భరశాంతంబునఁ గాచితౌర రఘువీరా! జానకీనాయకా!",vruttamu,Ontimittaraguveera,"[('పు', '|'), ('ర', '|'), ('సం', 'U'), ('హా', 'U'), ('రు', '|'), ('ని', '|'), ('చా', 'U'), ('ప', '|'), ('ము', 'U'), ('న్జి', '|'), ('వు', '|'), ('కు', '|'), ('వం', 'U'), ('బు', 'U'), ('న్ద్రుం', 'U'), ('చి', '|'), ('పో', 'U'), ('జూ', 'U'), ('చి', '|'), ('నన్', 'U'), ('బ', '|'), ('ర', '|'), ('శూ', 'U'), ('ద', '|'), ('గ్ర', '|'), ('భు', '|'), ('జుం', 'U'), ('డు', '|'), ('పో', 'U'), ('వి', '|'), ('డు', '|'), ('చు', '|'), ('నే', 'U'), ('భం', 'U'), ('జిం', 'U'), ('చు', '|'), ('గా', 'U'), ('కం', 'U'), ('చు', '|'), ('ని', 'U'), ('ష్ఠు', '|'), ('ర', '|'), ('ము', 'U'), ('ల్ప', 'U'), ('ల్కి', '|'), ('న', '|'), ('భా', 'U'), ('ర్గ', '|'), ('వు', 'U'), ('న్భు', '|'), ('జ', '|'), ('బ', '|'), ('లా', 'U'), ('టో', 'U'), ('పం', 'U'), ('బు', '|'), ('వా', 'U'), ('రిం', 'U'), ('చి', '|'), ('ని', 'U'), ('ర్భ', '|'), ('ర', '|'), ('శాం', 'U'), ('తం', 'U'), ('బు', '|'), ('న', '|'), ('గా', 'U'), ('చి', '|'), ('తౌ', 'U'), ('ర', '|'), ('ర', '|'), ('ఘు', '|'), ('వీ', 'U'), ('రా', 'U'), ('జా', 'U'), ('న', '|'), ('కీ', 'U'), ('నా', 'U'), ('య', '|'), ('కా', 'U')]",0.9928571428571429,1.0,1.0,0.9642857142857143,1.0,1.0
mattebhamu,"స్మరసంహారుఁడు కోరి పొత్తున భుజింపన్ బిల్వ నే రాను, శ్రీ
హరినామంబులు  వేయునెన్నవలె నిత్యంబైన నోమన్న నో
యరవిందానన! వేయునేటికిని రామా యన్నఁ జాలన్న మం
త్రరహస్యంబుఁ దలంతు నేను రఘువీరా! జానకీనాయకా!",vruttamu,Ontimittaraguveera,"[('స్మ', '|'), ('ర', '|'), ('సం', 'U'), ('హా', 'U'), ('రు', '|'), ('డు', '|'), ('కో', 'U'), ('రి', '|'), ('పొ', 'U'), ('త్తు', '|'), ('న', '|'), ('భు', '|'), ('జిం', 'U'), ('ప', 'U'), ('న్బి', 'U'), ('ల్వ', '|'), ('నే', 'U'), ('రా', 'U'), ('ను', '|'), ('శ్రీ', 'U'), ('హ', '|'), ('రి', '|'), ('నా', 'U'), ('మం', 'U'), ('బు', '|'), ('లు', '|'), ('వే', 'U'), ('యు', '|'), ('నె', 'U'), ('న్న', '|'), ('వ', '|'), ('లె', '|'), ('ని', 'U'), ('త్యం', 'U'), ('బై', 'U'), ('న', '|'), ('నో', 'U'), ('మ', 'U'), ('న్న', '|'), ('నో', 'U'), ('య', '|'), ('ర', '|'), ('విం', 'U'), ('దా', 'U'), ('న', '|'), ('న', '|'), ('వే', 'U'), ('యు', '|'), ('నే', 'U'), ('టి', '|'), ('కి', '|'), ('ని', '|'), ('రా', 'U'), ('మా', 'U'), ('య', 'U'), ('న్న', '|'), ('జా', 'U'), ('ల', 'U'), ('న్న', '|'), ('మం', 'U'), ('త్ర', '|'), ('ర', '|'), ('హ', 'U'), ('స్యం', 'U'), ('బు', '|'), ('ద', '|'), ('లం', 'U'), ('తు', '|'), ('నే', 'U'), ('ను', '|'), ('ర', '|'), ('ఘు', '|'), ('వీ', 'U'), ('రా', 'U'), ('జా', 'U'), ('న', '|'), ('కీ', 'U'), ('నా', 'U'), ('య', '|'), ('కా', 'U')]",0.95,1.0,1.0,1.0,0.75,1.0
saardulamu,"బాలత్వంబునఁ గొంతకాలము వృథా పాపంపు దుర్బుద్ధినై
చాలన్ జవ్వనమందు గర్వమతినై సంసారినై దుష్క్రియా
జాలభ్రాంతిఁ జరింతుఁగాని నినుఁ గాంక్షం గొల్వలేదయ్య హే
రాళంబైనది చింత వంత రఘువీరా! జానకీనాయకా!",vruttamu,Ontimittaraguveera,"[('బా', 'U'), ('ల', 'U'), ('త్వం', 'U'), ('బు', '|'), ('న', '|'), ('గొం', 'U'), ('త', '|'), ('కా', 'U'), ('ల', '|'), ('ము', '|'), ('వృ', '|'), ('థా', 'U'), ('పా', 'U'), ('పం', 'U'), ('పు', '|'), ('దు', 'U'), ('ర్బు', 'U'), ('ద్ధి', '|'), ('నై', 'U'), ('చా', 'U'), ('ల', 'U'), ('న్జ', 'U'), ('వ్వ', '|'), ('న', '|'), ('మం', 'U'), ('దు', '|'), ('గ', 'U'), ('ర్వ', '|'), ('మ', '|'), ('తి', '|'), ('నై', 'U'), ('సం', 'U'), ('సా', 'U'), ('రి', '|'), ('నై', 'U'), ('దు', 'U'), ('ష్క్రి', '|'), ('యా', 'U'), ('జా', 'U'), ('ల', '|'), ('భ్రాం', 'U'), ('తి', '|'), ('జ', '|'), ('రిం', 'U'), ('తు', '|'), ('గా', 'U'), ('ని', '|'), ('ని', '|'), ('ను', '|'), ('గాం', 'U'), ('క్షం', 'U'), ('గొ', 'U'), ('ల్వ', '|'), ('లే', 'U'), ('ద', 'U'), ('య్య', '|'), ('హే', 'U'), ('రా', 'U'), ('ళం', 'U'), ('బై', 'U'), ('న', '|'), ('ది', '|'), ('చిం', 'U'), ('త', '|'), ('వం', 'U'), ('త', '|'), ('ర', '|'), ('ఘు', '|'), ('వీ', 'U'), ('రా', 'U'), ('జా', 'U'), ('న', '|'), ('కీ', 'U'), ('నా', 'U'), ('య', '|'), ('కా', 'U')]",0.9428571428571428,1.0,1.0,0.9642857142857143,1.0,0.75
saardulamu,"సాలగ్రామ శిలాశిలోచ్చయ గయాస్నాన ప్రయాగస్థలుల్
పోలం జూచెద నంచుఁ బోవఁదలఁతున్ బోలేను మీదాసులన్
బోలం గానఁగ బుద్ధిపుట్ట దిఁక నేఁ బుణ్యాత్ముఁ డౌటెట్లు? హే
రాళంబైనది చింత వంత రఘువీరా! జానకీనాయకా!",vruttamu,Ontimittaraguveera,"[('సా', 'U'), ('ల', '|'), ('గ్రా', 'U'), ('మ', '|'), ('శి', '|'), ('లా', 'U'), ('శి', '|'), ('లో', 'U'), ('చ్చ', '|'), ('య', '|'), ('గ', '|'), ('యా', 'U'), ('స్నా', 'U'), ('న', '|'), ('ప్ర', '|'), ('యా', 'U'), ('గ', 'U'), ('స్థ', '|'), ('లుల్', 'U'), ('పో', 'U'), ('లం', 'U'), ('జూ', 'U'), ('చె', '|'), ('ద', '|'), ('నం', 'U'), ('చు', '|'), ('బో', 'U'), ('వ', '|'), ('ద', '|'), ('ల', '|'), ('తు', 'U'), ('న్బో', 'U'), ('లే', 'U'), ('ను', '|'), ('మీ', 'U'), ('దా', 'U'), ('సు', '|'), ('లన్', 'U'), ('బో', 'U'), ('లం', 'U'), ('గా', 'U'), ('న', '|'), ('గ', '|'), ('బు', 'U'), ('ద్ధి', '|'), ('పు', 'U'), ('ట్ట', '|'), ('ది', '|'), ('క', '|'), ('నే', 'U'), ('బు', 'U'), ('ణ్యా', 'U'), ('త్ము', '|'), ('డౌ', 'U'), ('టె', 'U'), ('ట్లు', '|'), ('హే', 'U'), ('రా', 'U'), ('ళం', 'U'), ('బై', 'U'), ('న', '|'), ('ది', '|'), ('చిం', 'U'), ('త', '|'), ('వం', 'U'), ('త', '|'), ('ర', '|'), ('ఘు', '|'), ('వీ', 'U'), ('రా', 'U'), ('జా', 'U'), ('న', '|'), ('కీ', 'U'), ('నా', 'U'), ('య', '|'), ('కా', 'U')]",0.9357142857142857,1.0,1.0,0.9285714285714286,1.0,0.75
mattebhamu,"కొలువం జాలక మాన, నీ నుతులు పెక్కుల్ సేయుటన్ మాన, నిన్
దలఁపం జాలక మాన, నేఁ గలసి నీ దాసానువర్గంబుతో
నిలువం జాలక మానఁబో! కడపటన్ నీనామముల్ విన్నవా
రలకుం గల్గును మోక్షలక్ష్మి రఘువీరా! జానకీనాయకా!",vruttamu,Ontimittaraguveera,"[('కొ', '|'), ('లు', '|'), ('వం', 'U'), ('జా', 'U'), ('ల', '|'), ('క', '|'), ('మా', 'U'), ('న', '|'), ('నీ', 'U'), ('ను', '|'), ('తు', '|'), ('లు', '|'), ('పె', 'U'), ('క్కు', 'U'), ('ల్సే', 'U'), ('యు', '|'), ('ట', 'U'), ('న్మా', 'U'), ('న', '|'), ('నిన్', 'U'), ('ద', '|'), ('ల', '|'), ('పం', 'U'), ('జా', 'U'), ('ల', '|'), ('క', '|'), ('మా', 'U'), ('న', '|'), ('నే', 'U'), ('గ', '|'), ('ల', '|'), ('సి', '|'), ('నీ', 'U'), ('దా', 'U'), ('సా', 'U'), ('ను', '|'), ('వ', 'U'), ('ర్గం', 'U'), ('బు', '|'), ('తో', 'U'), ('ని', '|'), ('లు', '|'), ('వం', 'U'), ('జా', 'U'), ('ల', '|'), ('క', '|'), ('మా', 'U'), ('న', '|'), ('బో', 'U'), ('క', '|'), ('డ', '|'), ('ప', '|'), ('ట', 'U'), ('న్నీ', 'U'), ('నా', 'U'), ('మ', '|'), ('ము', 'U'), ('ల్వి', 'U'), ('న్న', '|'), ('వా', 'U'), ('ర', '|'), ('ల', '|'), ('కుం', 'U'), ('గ', 'U'), ('ల్గు', '|'), ('ను', '|'), ('మో', 'U'), ('క్ష', '|'), ('ల', 'U'), ('క్ష్మి', '|'), ('ర', '|'), ('ఘు', '|'), ('వీ', 'U'), ('రా', 'U'), ('జా', 'U'), ('న', '|'), ('కీ', 'U'), ('నా', 'U'), ('య', '|'), ('కా', 'U')]",1.0,1.0,1.0,1.0,1.0,1.0
mattebhamu,"తలఁపం జిత్రము మీ మహత్త్వములు మీ దాసుల్ మహాభాగ్యవం
తులు త్రైలోక్యమునన్ బదస్థుఁడు ధ్రువుం డుండున్ నభోమండలిన్,
బలి పాతాళమునన్, విభీషణుఁడు భూభాగంబునం, బద్మజ
ప్రలయంబైనను బోవరౌర! రఘువీరా! జానకీనాయకా!",vruttamu,Ontimittaraguveera,"[('త', '|'), ('ల', '|'), ('పం', 'U'), ('జి', '|'), ('త్ర', '|'), ('ము', '|'), ('మీ', 'U'), ('మ', '|'), ('హ', 'U'), ('త్త్వ', '|'), ('ము', '|'), ('లు', '|'), ('మీ', 'U'), ('దా', 'U'), ('సు', 'U'), ('ల్మ', '|'), ('హా', 'U'), ('భా', 'U'), ('గ్య', '|'), ('వం', 'U'), ('తు', '|'), ('లు', '|'), ('త్రై', 'U'), ('లో', 'U'), ('క్య', '|'), ('ము', '|'), ('న', 'U'), ('న్బ', '|'), ('ద', 'U'), ('స్థు', '|'), ('డు', '|'), ('ధ్రు', '|'), ('వుం', 'U'), ('డుం', 'U'), ('డు', 'U'), ('న్న', '|'), ('భో', 'U'), ('మం', 'U'), ('డ', '|'), ('లిన్', 'U'), ('బ', '|'), ('లి', '|'), ('పా', 'U'), ('తా', 'U'), ('ళ', '|'), ('ము', '|'), ('న', 'U'), ('న్వి', '|'), ('భీ', 'U'), ('ష', '|'), ('ణు', '|'), ('డు', '|'), ('భూ', 'U'), ('భా', 'U'), ('గం', 'U'), ('బు', '|'), ('నం', 'U'), ('బ', 'U'), ('ద్మ', '|'), ('జ', '|'), ('ప్ర', '|'), ('ల', '|'), ('యం', 'U'), ('బై', 'U'), ('న', '|'), ('ను', '|'), ('బో', 'U'), ('వ', '|'), ('రౌ', 'U'), ('ర', '|'), ('ర', '|'), ('ఘు', '|'), ('వీ', 'U'), ('రా', 'U'), ('జా', 'U'), ('న', '|'), ('కీ', 'U'), ('నా', 'U'), ('య', '|'), ('కా', 'U')]",0.9357142857142857,1.0,1.0,0.9285714285714286,0.75,1.0
mattebhamu,"చెలఁగన్ మర్త్యులు వేగి లేచి తమిచేఁ జేయంగఁ బాపంబు లీ
కలుషంబుల్ పెడఁబాయ నేదిగతి? యింకన్ ద్రోవ యొండెద్ది? పు
ర్వులగుంటం బడనీని పోకడయు నేర్పున్ బుద్ధియుం గల్గువా
రలు నీ సేవకు లౌట లెస్స రఘువీరా! జానకీనాయకా!",vruttamu,Ontimittaraguveera,"[('చె', '|'), ('ల', '|'), ('గ', 'U'), ('న్మ', 'U'), ('ర్త్యు', '|'), ('లు', '|'), ('వే', 'U'), ('గి', '|'), ('లే', 'U'), ('చి', '|'), ('త', '|'), ('మి', '|'), ('చే', 'U'), ('జే', 'U'), ('యం', 'U'), ('గ', '|'), ('బా', 'U'), ('పం', 'U'), ('బు', '|'), ('లీ', 'U'), ('క', '|'), ('లు', '|'), ('షం', 'U'), ('బు', 'U'), ('ల్పె', '|'), ('డ', '|'), ('బా', 'U'), ('య', '|'), ('నే', 'U'), ('ది', '|'), ('గ', '|'), ('తి', '|'), ('యిం', 'U'), ('క', 'U'), ('న్ద్రో', 'U'), ('వ', '|'), ('యొం', 'U'), ('డె', 'U'), ('ద్ది', '|'), ('పు', 'U'), ('ర్వు', '|'), ('ల', '|'), ('గుం', 'U'), ('టం', 'U'), ('బ', '|'), ('డ', '|'), ('నీ', 'U'), ('ని', '|'), ('పో', 'U'), ('క', '|'), ('డ', '|'), ('యు', '|'), ('నే', 'U'), ('ర్పు', 'U'), ('న్బు', 'U'), ('ద్ధి', '|'), ('యుం', 'U'), ('గ', 'U'), ('ల్గు', '|'), ('వా', 'U'), ('ర', '|'), ('లు', '|'), ('నీ', 'U'), ('సే', 'U'), ('వ', '|'), ('కు', '|'), ('లౌ', 'U'), ('ట', '|'), ('లె', 'U'), ('స్స', '|'), ('ర', '|'), ('ఘు', '|'), ('వీ', 'U'), ('రా', 'U'), ('జా', 'U'), ('న', '|'), ('కీ', 'U'), ('నా', 'U'), ('య', '|'), ('కా', 'U')]",1.0,1.0,1.0,1.0,1.0,1.0
mattebhamu,"కలకాలంబు వ్రతంబులుం దపములుం గావించి యన్యు ల్తుదిన్
గలకాలంబును బోలె నిర్జరపురీకాంతాకుచాలింగనం
బులఁ గొన్నాళ్లు సుఖించి క్రమ్మఱ నిలం బుట్టంగ నే మెచ్చ ని
ర్మలముక్తిన్ నినుఁ గొల్చి కాంతు రఘువీరా! జానకీనాయకా!",vruttamu,Ontimittaraguveera,"[('క', '|'), ('ల', '|'), ('కా', 'U'), ('లం', 'U'), ('బు', '|'), ('వ్ర', '|'), ('తం', 'U'), ('బు', '|'), ('లుం', 'U'), ('ద', '|'), ('ప', '|'), ('ము', '|'), ('లుం', 'U'), ('గా', 'U'), ('విం', 'U'), ('చి', '|'), ('య', 'U'), ('న్యు', 'U'), ('ల్తు', '|'), ('దిన్', 'U'), ('గ', '|'), ('ల', '|'), ('కా', 'U'), ('లం', 'U'), ('బు', '|'), ('ను', '|'), ('బో', 'U'), ('లె', '|'), ('ని', 'U'), ('ర్జ', '|'), ('ర', '|'), ('పు', '|'), ('రీ', 'U'), ('కాం', 'U'), ('తా', 'U'), ('కు', '|'), ('చా', 'U'), ('లిం', 'U'), ('గ', '|'), ('నం', 'U'), ('బు', '|'), ('ల', '|'), ('గొ', 'U'), ('న్నా', 'U'), ('ళ్లు', '|'), ('సు', '|'), ('ఖిం', 'U'), ('చి', '|'), ('క్ర', 'U'), ('మ్మ', '|'), ('ఱ', '|'), ('ని', '|'), ('లం', 'U'), ('బు', 'U'), ('ట్టం', 'U'), ('గ', '|'), ('నే', 'U'), ('మె', 'U'), ('చ్చ', '|'), ('ని', 'U'), ('ర్మ', '|'), ('ల', '|'), ('ము', 'U'), ('క్తి', 'U'), ('న్ని', '|'), ('ను', '|'), ('గొ', 'U'), ('ల్చి', '|'), ('కాం', 'U'), ('తు', '|'), ('ర', '|'), ('ఘు', '|'), ('వీ', 'U'), ('రా', 'U'), ('జా', 'U'), ('న', '|'), ('కీ', 'U'), ('నా', 'U'), ('య', '|'), ('కా', 'U')]",1.0,1.0,1.0,1.0,1.0,1.0
mattebhamu,"నిలువెల్లం బులకాంకురంబు లొదవన్ నీపాదతీర్థంబుతోఁ
దులసీపర్ణ మొకించుకంత గొనినన్ దోషాలు ఖండించుఁ గా!
పొలపాకుల్ దినఁ గాననంబుల బడిన్ బోనేల మోక్షంబు కూ
రలను న్నారల నేల గల్గు? రఘువీరా! జానకీనాయకా!",vruttamu,Ontimittaraguveera,"[('ని', '|'), ('లు', '|'), ('వె', 'U'), ('ల్లం', 'U'), ('బు', '|'), ('ల', '|'), ('కాం', 'U'), ('కు', '|'), ('రం', 'U'), ('బు', '|'), ('లొ', '|'), ('ద', '|'), ('వ', 'U'), ('న్నీ', 'U'), ('పా', 'U'), ('ద', '|'), ('తీ', 'U'), ('ర్థం', 'U'), ('బు', '|'), ('తో', 'U'), ('దు', '|'), ('ల', '|'), ('సీ', 'U'), ('ప', 'U'), ('ర్ణ', '|'), ('మొ', '|'), ('కిం', 'U'), ('చు', '|'), ('కం', 'U'), ('త', '|'), ('గొ', '|'), ('ని', '|'), ('న', 'U'), ('న్దో', 'U'), ('షా', 'U'), ('లు', '|'), ('ఖం', 'U'), ('డిం', 'U'), ('చు', '|'), ('గా', 'U'), ('పొ', '|'), ('ల', '|'), ('పా', 'U'), ('కు', 'U'), ('ల్ది', '|'), ('న', '|'), ('గా', 'U'), ('న', '|'), ('నం', 'U'), ('బు', '|'), ('ల', '|'), ('బ', '|'), ('డి', 'U'), ('న్బో', 'U'), ('నే', 'U'), ('ల', '|'), ('మో', 'U'), ('క్షం', 'U'), ('బు', '|'), ('కూ', 'U'), ('ర', '|'), ('ల', '|'), ('ను', 'U'), ('న్నా', 'U'), ('ర', '|'), ('ల', '|'), ('నే', 'U'), ('ల', '|'), ('గ', 'U'), ('ల్గు', '|'), ('ర', '|'), ('ఘు', '|'), ('వీ', 'U'), ('రా', 'U'), ('జా', 'U'), ('న', '|'), ('కీ', 'U'), ('నా', 'U'), ('య', '|'), ('కా', 'U')]",1.0,1.0,1.0,1.0,1.0,1.0
mattebhamu,"చెలువంబొప్ప సువర్ణముద్ర లితరుల్ చెల్లించుటే క్రొత్త, కా
కల నీ ముద్రలు చూడఁ జెల్లుబడి చక్రాలంచు వేయించుమం
డలనాథాగ్రణి క్రొత్త, నీ బలిమి నానావర్ణపుం దోలుము
ద్రలు చెల్లించితి విందు నందు రఘువీరా! జానకీనాయకా!",vruttamu,Ontimittaraguveera,"[('చె', '|'), ('లు', '|'), ('వం', 'U'), ('బొ', 'U'), ('ప్ప', '|'), ('సు', '|'), ('వ', 'U'), ('ర్ణ', '|'), ('ము', '|'), ('ద్ర', '|'), ('లి', '|'), ('త', '|'), ('రు', 'U'), ('ల్చె', 'U'), ('ల్లిం', 'U'), ('చు', '|'), ('టే', 'U'), ('క్రొ', 'U'), ('త్త', '|'), ('కా', 'U'), ('క', '|'), ('ల', '|'), ('నీ', 'U'), ('ము', '|'), ('ద్ర', '|'), ('లు', '|'), ('చూ', 'U'), ('డ', '|'), ('జె', 'U'), ('ల్లు', '|'), ('బ', '|'), ('డి', '|'), ('చ', '|'), ('క్రా', 'U'), ('లం', 'U'), ('చు', '|'), ('వే', 'U'), ('యిం', 'U'), ('చు', '|'), ('మం', 'U'), ('డ', '|'), ('ల', '|'), ('నా', 'U'), ('థా', 'U'), ('గ్ర', '|'), ('ణి', '|'), ('క్రొ', 'U'), ('త్త', '|'), ('నీ', 'U'), ('బ', '|'), ('లి', '|'), ('మి', '|'), ('నా', 'U'), ('నా', 'U'), ('వ', 'U'), ('ర్ణ', '|'), ('పుం', 'U'), ('దో', 'U'), ('లు', '|'), ('ము', '|'), ('ద్ర', '|'), ('లు', '|'), ('చె', 'U'), ('ల్లిం', 'U'), ('చి', '|'), ('తి', '|'), ('విం', 'U'), ('దు', '|'), ('నం', 'U'), ('దు', '|'), ('ర', '|'), ('ఘు', '|'), ('వీ', 'U'), ('రా', 'U'), ('జా', 'U'), ('న', '|'), ('కీ', 'U'), ('నా', 'U'), ('య', '|'), ('కా', 'U')]",0.9214285714285715,1.0,1.0,0.8571428571428571,0.75,1.0
mattebhamu,"ప్రళయాపాదిత కాలమృత్యువగు నీ రాకాసి రాకాశివా
దులు వారింపఁగ నేర రింక నెటఁ జొత్తుం జత్తుఁ గాకన్న సం
చలితుం గౌశికుఁ గాచి తాటక మహాస్త్రజ్వాలచేఁ ద్రుంచి దో
ర్బలశక్తిన్ విలసిల్లితౌర! రఘువీరా! జానకీనాయకా!",vruttamu,Ontimittaraguveera,"[('ప్ర', '|'), ('ళ', '|'), ('యా', 'U'), ('పా', 'U'), ('ది', '|'), ('త', '|'), ('కా', 'U'), ('ల', '|'), ('మృ', 'U'), ('త్యు', '|'), ('వ', '|'), ('గు', '|'), ('నీ', 'U'), ('రా', 'U'), ('కా', 'U'), ('సి', '|'), ('రా', 'U'), ('కా', 'U'), ('శి', '|'), ('వా', 'U'), ('దు', '|'), ('లు', '|'), ('వా', 'U'), ('రిం', 'U'), ('ప', '|'), ('గ', '|'), ('నే', 'U'), ('ర', '|'), ('రిం', 'U'), ('క', '|'), ('నె', '|'), ('ట', '|'), ('జొ', 'U'), ('త్తుం', 'U'), ('జ', 'U'), ('త్తు', '|'), ('గా', 'U'), ('క', 'U'), ('న్న', '|'), ('సం', 'U'), ('చ', '|'), ('లి', '|'), ('తుం', 'U'), ('గౌ', 'U'), ('శి', '|'), ('కు', '|'), ('గా', 'U'), ('చి', '|'), ('తా', 'U'), ('ట', '|'), ('క', '|'), ('మ', '|'), ('హా', 'U'), ('స్త్ర', 'U'), ('జ్వా', 'U'), ('ల', '|'), ('చే', 'U'), ('ద్రుం', 'U'), ('చి', '|'), ('దో', 'U'), ('ర్బ', '|'), ('ల', '|'), ('శ', 'U'), ('క్తి', 'U'), ('న్వి', '|'), ('ల', '|'), ('సి', 'U'), ('ల్లి', '|'), ('తౌ', 'U'), ('ర', '|'), ('ర', '|'), ('ఘు', '|'), ('వీ', 'U'), ('రా', 'U'), ('జా', 'U'), ('న', '|'), ('కీ', 'U'), ('నా', 'U'), ('య', '|'), ('కా', 'U')]",0.95,1.0,1.0,1.0,1.0,0.75
mattebhamu,"చిలుకన్ ముద్దులు చిల్క బిల్చుతఱి రాజీవాక్షి యొక్కర్తు ని
చ్చలు రామా రఘురామ రావె యనినన్ సాలోక్యసాయుజ్యమున్
కొలఁదు ల్మీఱఁగ నిచ్చినాఁడవఁట నిన్నున్ బిడ్డపే రిడ్డవా
రల పుణ్యంబున కెద్దిమేర రఘువీరా! జానకీనాయకా!",vruttamu,Ontimittaraguveera,"[('చి', '|'), ('లు', '|'), ('క', 'U'), ('న్ము', 'U'), ('ద్దు', '|'), ('లు', '|'), ('చి', 'U'), ('ల్క', '|'), ('బి', 'U'), ('ల్చు', '|'), ('త', '|'), ('ఱి', '|'), ('రా', 'U'), ('జీ', 'U'), ('వా', 'U'), ('క్షి', '|'), ('యొ', 'U'), ('క్క', 'U'), ('ర్తు', '|'), ('ని', 'U'), ('చ్చ', '|'), ('లు', '|'), ('రా', 'U'), ('మా', 'U'), ('ర', '|'), ('ఘు', '|'), ('రా', 'U'), ('మ', '|'), ('రా', 'U'), ('వె', '|'), ('య', '|'), ('ని', '|'), ('న', 'U'), ('న్సా', 'U'), ('లో', 'U'), ('క్య', '|'), ('సా', 'U'), ('యు', 'U'), ('జ్య', '|'), ('మున్', 'U'), ('కొ', '|'), ('ల', '|'), ('దు', 'U'), ('ల్మీ', 'U'), ('ఱ', '|'), ('గ', '|'), ('ని', 'U'), ('చ్చి', '|'), ('నా', 'U'), ('డ', '|'), ('వ', '|'), ('ట', '|'), ('ని', 'U'), ('న్ను', 'U'), ('న్బి', 'U'), ('డ్డ', '|'), ('పే', 'U'), ('రి', 'U'), ('డ్డ', '|'), ('వా', 'U'), ('ర', '|'), ('ల', '|'), ('పు', 'U'), ('ణ్యం', 'U'), ('బు', '|'), ('న', '|'), ('కె', 'U'), ('ద్ది', '|'), ('మే', 'U'), ('ర', '|'), ('ర', '|'), ('ఘు', '|'), ('వీ', 'U'), ('రా', 'U'), ('జా', 'U'), ('న', '|'), ('కీ', 'U'), ('నా', 'U'), ('య', '|'), ('కా', 'U')]",0.95,1.0,1.0,1.0,0.75,1.0
mattebhamu,"ఇల నిన్నుం దొలుబామునం దలఁప నే నీజన్మమందైన నా
తలఁపు ల్మీపదపంకజంబులపయిన్ దాపింతు నే నింక బు
ట్టలలోఁ జెట్టులలోన నంబువులఁ బుట్టం బుట్టఁగా నోపఁ గ
ర్మలతాబంధము మాపవయ్య! రఘువీరా! జానకీనాయకా!",vruttamu,Ontimittaraguveera,"[('ఇ', '|'), ('ల', '|'), ('ని', 'U'), ('న్నుం', 'U'), ('దొ', '|'), ('లు', '|'), ('బా', 'U'), ('ము', '|'), ('నం', 'U'), ('ద', '|'), ('ల', '|'), ('ప', '|'), ('నే', 'U'), ('నీ', 'U'), ('జ', 'U'), ('న్మ', '|'), ('మం', 'U'), ('దై', 'U'), ('న', '|'), ('నా', 'U'), ('త', '|'), ('ల', '|'), ('పు', 'U'), ('ల్మీ', 'U'), ('ప', '|'), ('ద', '|'), ('పం', 'U'), ('క', '|'), ('జం', 'U'), ('బు', '|'), ('ల', '|'), ('ప', '|'), ('యి', 'U'), ('న్దా', 'U'), ('పిం', 'U'), ('తు', '|'), ('నే', 'U'), ('నిం', 'U'), ('క', '|'), ('బు', 'U'), ('ట్ట', '|'), ('ల', '|'), ('లో', 'U'), ('జె', 'U'), ('ట్టు', '|'), ('ల', '|'), ('లో', 'U'), ('న', '|'), ('నం', 'U'), ('బు', '|'), ('వు', '|'), ('ల', '|'), ('బు', 'U'), ('ట్టం', 'U'), ('బు', 'U'), ('ట్ట', '|'), ('గా', 'U'), ('నో', 'U'), ('ప', '|'), ('గ', 'U'), ('ర్మ', '|'), ('ల', '|'), ('తా', 'U'), ('బం', 'U'), ('ధ', '|'), ('ము', '|'), ('మా', 'U'), ('ప', '|'), ('వ', 'U'), ('య్య', '|'), ('ర', '|'), ('ఘు', '|'), ('వీ', 'U'), ('రా', 'U'), ('జా', 'U'), ('న', '|'), ('కీ', 'U'), ('నా', 'U'), ('య', '|'), ('కా', 'U')]",0.95,1.0,1.0,1.0,0.75,1.0
mattebhamu,"ఇల నీ మీఁదను జాలభక్తిగలవాఁ డేచెట్టవాఁడైన నే
ఖలుఁడైనం దుది నుత్తమోత్తముఁడగున్ గాదన్నఁ గొంగీడ్చెదన్
దెలుప న్నిల్చిన నాడుకొన్న పరవాదిన్ గెల్చెదన్ వేదశా
స్త్ర లసద్వాక్యనుత ప్రతాప! రఘువీరా! జానకీనాయకా!",vruttamu,Ontimittaraguveera,"[('ఇ', '|'), ('ల', '|'), ('నీ', 'U'), ('మీ', 'U'), ('ద', '|'), ('ను', '|'), ('జా', 'U'), ('ల', '|'), ('భ', 'U'), ('క్తి', '|'), ('గ', '|'), ('ల', '|'), ('వా', 'U'), ('డే', 'U'), ('చె', 'U'), ('ట్ట', '|'), ('వా', 'U'), ('డై', 'U'), ('న', '|'), ('నే', 'U'), ('ఖ', '|'), ('లు', '|'), ('డై', 'U'), ('నం', 'U'), ('దు', '|'), ('ది', '|'), ('ను', 'U'), ('త్త', '|'), ('మో', 'U'), ('త్త', '|'), ('ము', '|'), ('డ', '|'), ('గు', 'U'), ('న్గా', 'U'), ('ద', 'U'), ('న్న', '|'), ('గొం', 'U'), ('గీ', 'U'), ('డ్చె', '|'), ('దన్', 'U'), ('దె', '|'), ('లు', '|'), ('ప', 'U'), ('న్ని', 'U'), ('ల్చి', '|'), ('న', '|'), ('నా', 'U'), ('డు', '|'), ('కొ', 'U'), ('న్న', '|'), ('ప', '|'), ('ర', '|'), ('వా', 'U'), ('ది', 'U'), ('న్గె', 'U'), ('ల్చె', '|'), ('ద', 'U'), ('న్వే', 'U'), ('ద', '|'), ('శా', 'U'), ('స్త్ర', '|'), ('ల', '|'), ('స', 'U'), ('ద్వా', 'U'), ('క్య', '|'), ('ను', '|'), ('త', '|'), ('ప్ర', '|'), ('తా', 'U'), ('ప', '|'), ('ర', '|'), ('ఘు', '|'), ('వీ', 'U'), ('రా', 'U'), ('జా', 'U'), ('న', '|'), ('కీ', 'U'), ('నా', 'U'), ('య', '|'), ('కా', 'U')]",0.9428571428571428,1.0,1.0,0.9642857142857143,0.75,1.0
saardulamu,"దేవా! నాదొక విన్నపంబు గల దేదీ యంటివా వింటివా
త్రోవం దండధరుండు దుర్గతులకై త్రోవన్ విచారించునో
యేవిఘ్నం బొనరించునో యెఱుఁగరా దే ముక్తికిం బోవుచో
రావే వెంబడి నింతనంత రఘువీరా! జానకీనాయకా!",vruttamu,Ontimittaraguveera,"[('దే', 'U'), ('వా', 'U'), ('నా', 'U'), ('దొ', '|'), ('క', '|'), ('వి', 'U'), ('న్న', '|'), ('పం', 'U'), ('బు', '|'), ('గ', '|'), ('ల', '|'), ('దే', 'U'), ('దీ', 'U'), ('యం', 'U'), ('టి', '|'), ('వా', 'U'), ('విం', 'U'), ('టి', '|'), ('వా', 'U'), ('త్రో', 'U'), ('వం', 'U'), ('దం', 'U'), ('డ', '|'), ('ధ', '|'), ('రుం', 'U'), ('డు', '|'), ('దు', 'U'), ('ర్గ', '|'), ('తు', '|'), ('ల', '|'), ('కై', 'U'), ('త్రో', 'U'), ('వ', 'U'), ('న్వి', '|'), ('చా', 'U'), ('రిం', 'U'), ('చు', '|'), ('నో', 'U'), ('యే', 'U'), ('వి', 'U'), ('ఘ్నం', 'U'), ('బొ', '|'), ('న', '|'), ('రిం', 'U'), ('చు', '|'), ('నో', 'U'), ('యె', '|'), ('ఱు', '|'), ('గ', '|'), ('రా', 'U'), ('దే', 'U'), ('ము', 'U'), ('క్తి', '|'), ('కిం', 'U'), ('బో', 'U'), ('వు', '|'), ('చో', 'U'), ('రా', 'U'), ('వే', 'U'), ('వెం', 'U'), ('బ', '|'), ('డి', '|'), ('నిం', 'U'), ('త', '|'), ('నం', 'U'), ('త', '|'), ('ర', '|'), ('ఘు', '|'), ('వీ', 'U'), ('రా', 'U'), ('జా', 'U'), ('న', '|'), ('కీ', 'U'), ('నా', 'U'), ('య', '|'), ('కా', 'U')]",0.95,1.0,1.0,1.0,0.75,1.0
saardulamu,"గోవం దొల్తటి జన్మకాలముల నీకుం బంటఁ గానైతి నం
చీవక్రంబులె కాక నాకు నివి లక్షింపంగ జన్మంబులా
చావుం బుట్టువు మాన్పుకోవలయు నీ జన్మాన నీవాఁడనై
రావా నా మది కింకనైన రఘువీరా! జానకీనాయకా!",vruttamu,Ontimittaraguveera,"[('గో', 'U'), ('వం', 'U'), ('దొ', 'U'), ('ల్త', '|'), ('టి', '|'), ('జ', 'U'), ('న్మ', '|'), ('కా', 'U'), ('ల', '|'), ('ము', '|'), ('ల', '|'), ('నీ', 'U'), ('కుం', 'U'), ('బం', 'U'), ('ట', '|'), ('గా', 'U'), ('నై', 'U'), ('తి', '|'), ('నం', 'U'), ('చీ', 'U'), ('వ', '|'), ('క్రం', 'U'), ('బు', '|'), ('లె', '|'), ('కా', 'U'), ('క', '|'), ('నా', 'U'), ('కు', '|'), ('ని', '|'), ('వి', '|'), ('ల', 'U'), ('క్షిం', 'U'), ('పం', 'U'), ('గ', '|'), ('జ', 'U'), ('న్మం', 'U'), ('బు', '|'), ('లా', 'U'), ('చా', 'U'), ('వుం', 'U'), ('బు', 'U'), ('ట్టు', '|'), ('వు', '|'), ('మా', 'U'), ('న్పు', '|'), ('కో', 'U'), ('వ', '|'), ('ల', '|'), ('యు', '|'), ('నీ', 'U'), ('జ', 'U'), ('న్మా', 'U'), ('న', '|'), ('నీ', 'U'), ('వా', 'U'), ('డ', '|'), ('నై', 'U'), ('రా', 'U'), ('వా', 'U'), ('నా', 'U'), ('మ', '|'), ('ది', '|'), ('కిం', 'U'), ('క', '|'), ('నై', 'U'), ('న', '|'), ('ర', '|'), ('ఘు', '|'), ('వీ', 'U'), ('రా', 'U'), ('జా', 'U'), ('న', '|'), ('కీ', 'U'), ('నా', 'U'), ('య', '|'), ('కా', 'U')]",0.9928571428571429,1.0,1.0,0.9642857142857143,1.0,1.0
saardulamu,"చావు ల్మర్త్యులకెల్లఁ గల్గుటలు నిస్సందేహముల్ దేహముల్
చేవ ల్గల్గిననాఁడె శ్రీగిరి గయా శ్రీవేంకటాహోబిల
గ్రావప్రాంతములందుఁ జేరవలెఁ; జేరంబోవ కేలబ్బు నా
ర్యావాణీస్తుత మోక్షలక్ష్మి? రఘువీరా! జానకీనాయకా!",vruttamu,Ontimittaraguveera,"[('చా', 'U'), ('వు', 'U'), ('ల్మ', 'U'), ('ర్త్యు', '|'), ('ల', '|'), ('కె', 'U'), ('ల్ల', '|'), ('గ', 'U'), ('ల్గు', '|'), ('ట', '|'), ('లు', '|'), ('ని', 'U'), ('స్సం', 'U'), ('దే', 'U'), ('హ', '|'), ('ము', 'U'), ('ల్దే', 'U'), ('హ', '|'), ('ముల్', 'U'), ('చే', 'U'), ('వ', 'U'), ('ల్గ', 'U'), ('ల్గి', '|'), ('న', '|'), ('నా', 'U'), ('డె', '|'), ('శ్రీ', 'U'), ('గి', '|'), ('రి', '|'), ('గ', '|'), ('యా', 'U'), ('శ్రీ', 'U'), ('వేం', 'U'), ('క', '|'), ('టా', 'U'), ('హో', 'U'), ('బి', '|'), ('ల', '|'), ('గ్రా', 'U'), ('వ', '|'), ('ప్రాం', 'U'), ('త', '|'), ('ము', '|'), ('లం', 'U'), ('దు', '|'), ('జే', 'U'), ('ర', '|'), ('వ', '|'), ('లె', '|'), ('జే', 'U'), ('రం', 'U'), ('బో', 'U'), ('వ', '|'), ('కే', 'U'), ('ల', 'U'), ('బ్బు', '|'), ('నా', 'U'), ('ర్యా', 'U'), ('వా', 'U'), ('ణీ', 'U'), ('స్తు', '|'), ('త', '|'), ('మో', 'U'), ('క్ష', '|'), ('ల', 'U'), ('క్ష్మి', '|'), ('ర', '|'), ('ఘు', '|'), ('వీ', 'U'), ('రా', 'U'), ('జా', 'U'), ('న', '|'), ('కీ', 'U'), ('నా', 'U'), ('య', '|'), ('కా', 'U')]",0.9857142857142858,1.0,1.0,0.9285714285714286,1.0,1.0
saardulamu,"త్రోవన్ మానవుఁ డొంటిఁబోవుతఱి నీస్తోత్రంబు వాక్రుచ్చినన్
నీవుం దమ్ముఁడుఁ దోడువత్తురటె నీ నెయ్యంబు తియ్యంబుగా
నీవంటాప్తుఁడు నిన్నుఁ బోలు హితుఁడున్ నీవంటి భక్తప్రియ
ప్రావీణ్యుండును లేఁడు చూడ రఘువీరా! జానకీనాయకా!",vruttamu,Ontimittaraguveera,"[('త్రో', 'U'), ('వ', 'U'), ('న్మా', 'U'), ('న', '|'), ('వు', '|'), ('డొం', 'U'), ('టి', '|'), ('బో', 'U'), ('వు', '|'), ('త', '|'), ('ఱి', '|'), ('నీ', 'U'), ('స్తో', 'U'), ('త్రం', 'U'), ('బు', '|'), ('వా', 'U'), ('క్రు', 'U'), ('చ్చి', '|'), ('నన్', 'U'), ('నీ', 'U'), ('వుం', 'U'), ('ద', 'U'), ('మ్ము', '|'), ('డు', '|'), ('దో', 'U'), ('డు', '|'), ('వ', 'U'), ('త్తు', '|'), ('ర', '|'), ('టె', '|'), ('నీ', 'U'), ('నె', 'U'), ('య్యం', 'U'), ('బు', '|'), ('తి', 'U'), ('య్యం', 'U'), ('బు', '|'), ('గా', 'U'), ('నీ', 'U'), ('వం', 'U'), ('టా', 'U'), ('ప్తు', '|'), ('డు', '|'), ('ని', 'U'), ('న్ను', '|'), ('బో', 'U'), ('లు', '|'), ('హి', '|'), ('తు', '|'), ('డు', 'U'), ('న్నీ', 'U'), ('వం', 'U'), ('టి', '|'), ('భ', 'U'), ('క్త', '|'), ('ప్రి', '|'), ('య', '|'), ('ప్రా', 'U'), ('వీ', 'U'), ('ణ్యుం', 'U'), ('డు', '|'), ('ను', '|'), ('లే', 'U'), ('డు', '|'), ('చూ', 'U'), ('డ', '|'), ('ర', '|'), ('ఘు', '|'), ('వీ', 'U'), ('రా', 'U'), ('జా', 'U'), ('న', '|'), ('కీ', 'U'), ('నా', 'U'), ('య', '|'), ('కా', 'U')]",0.9857142857142858,1.0,1.0,0.9285714285714286,1.0,1.0
mattebhamu,"నవనీతంబుల కేల పాఱెదవురా నాయన్న! రా! యెన్నరా
యివి దూష్యంబులు గాఁగ గోపికలు? నీయింటం బదార్థంబు లె
య్యవి లే? వంచు వచించు నమ్మకడ కొయ్యంజేరు కైశోర చో
రవినోదంబులు నేఁ దలంతు రఘువీరా! జానకీనాయకా!",vruttamu,Ontimittaraguveera,"[('న', '|'), ('వ', '|'), ('నీ', 'U'), ('తం', 'U'), ('బు', '|'), ('ల', '|'), ('కే', 'U'), ('ల', '|'), ('పా', 'U'), ('ఱె', '|'), ('ద', '|'), ('వు', '|'), ('రా', 'U'), ('నా', 'U'), ('య', 'U'), ('న్న', '|'), ('రా', 'U'), ('యె', 'U'), ('న్న', '|'), ('రా', 'U'), ('యి', '|'), ('వి', '|'), ('దూ', 'U'), ('ష్యం', 'U'), ('బు', '|'), ('లు', '|'), ('గా', 'U'), ('గ', '|'), ('గో', 'U'), ('పి', '|'), ('క', '|'), ('లు', '|'), ('నీ', 'U'), ('యిం', 'U'), ('టం', 'U'), ('బ', '|'), ('దా', 'U'), ('ర్థం', 'U'), ('బు', '|'), ('లె', 'U'), ('య్య', '|'), ('వి', '|'), ('లే', 'U'), ('వం', 'U'), ('చు', '|'), ('వ', '|'), ('చిం', 'U'), ('చు', '|'), ('న', 'U'), ('మ్మ', '|'), ('క', '|'), ('డ', '|'), ('కొ', 'U'), ('య్యం', 'U'), ('జే', 'U'), ('రు', '|'), ('కై', 'U'), ('శో', 'U'), ('ర', '|'), ('చో', 'U'), ('ర', '|'), ('వి', '|'), ('నో', 'U'), ('దం', 'U'), ('బు', '|'), ('లు', '|'), ('నే', 'U'), ('ద', '|'), ('లం', 'U'), ('తు', '|'), ('ర', '|'), ('ఘు', '|'), ('వీ', 'U'), ('రా', 'U'), ('జా', 'U'), ('న', '|'), ('కీ', 'U'), ('నా', 'U'), ('య', '|'), ('కా', 'U')]",1.0,1.0,1.0,1.0,1.0,1.0
mattebhamu,"వివిధబ్రహ్మల యంత్యకాలముల నేవే నిల్వ వావేళలన్
ధ్రువుఁడో యొండె విభీషణుండు బలి యుందుర్ వారు నీ దాసులై
న విశేషంబునఁ గాక తక్కొరుల కుండంబోలునే యింద్రరు
ద్రవిరించిస్తుత శౌర్యసార! రఘువీరా! జానకీనాయకా!",vruttamu,Ontimittaraguveera,"[('వి', '|'), ('వి', '|'), ('ధ', '|'), ('బ్ర', 'U'), ('హ్మ', '|'), ('ల', '|'), ('యం', 'U'), ('త్య', '|'), ('కా', 'U'), ('ల', '|'), ('ము', '|'), ('ల', '|'), ('నే', 'U'), ('వే', 'U'), ('ని', 'U'), ('ల్వ', '|'), ('వా', 'U'), ('వే', 'U'), ('ళ', '|'), ('లన్', 'U'), ('ధ్రు', '|'), ('వు', '|'), ('డో', 'U'), ('యొం', 'U'), ('డె', '|'), ('వి', '|'), ('భీ', 'U'), ('ష', '|'), ('ణుం', 'U'), ('డు', '|'), ('బ', '|'), ('లి', '|'), ('యుం', 'U'), ('దు', 'U'), ('ర్వా', 'U'), ('రు', '|'), ('నీ', 'U'), ('దా', 'U'), ('సు', '|'), ('లై', 'U'), ('న', '|'), ('వి', '|'), ('శే', 'U'), ('షం', 'U'), ('బు', '|'), ('న', '|'), ('గా', 'U'), ('క', '|'), ('త', 'U'), ('క్కొ', '|'), ('రు', '|'), ('ల', '|'), ('కుం', 'U'), ('డం', 'U'), ('బో', 'U'), ('లు', '|'), ('నే', 'U'), ('యిం', 'U'), ('ద్ర', '|'), ('రు', '|'), ('ద్ర', '|'), ('వి', '|'), ('రిం', 'U'), ('చి', 'U'), ('స్తు', '|'), ('త', '|'), ('శౌ', 'U'), ('ర్య', '|'), ('సా', 'U'), ('ర', '|'), ('ర', '|'), ('ఘు', '|'), ('వీ', 'U'), ('రా', 'U'), ('జా', 'U'), ('న', '|'), ('కీ', 'U'), ('నా', 'U'), ('య', '|'), ('కా', 'U')]",0.9357142857142857,1.0,1.0,0.9285714285714286,0.75,1.0
mattebhamu,"చెవి నీనామము విందునో యని కడున్ సెంకించి కర్ణంబులన్
రవము ల్మీఱఁగ ఘంట లంటనిడి ఘంటాకర్ణుఁ డేతేరఁగా
నవి చూచిన్ వరమిచ్చినాఁడవఁట నీయంఘ్రిద్వయీసేవక
ప్రవరుం గాచుట యేమిలెక్క? రఘువీరా! జానకీనాయకా!",vruttamu,Ontimittaraguveera,"[('చె', '|'), ('వి', '|'), ('నీ', 'U'), ('నా', 'U'), ('మ', '|'), ('ము', '|'), ('విం', 'U'), ('దు', '|'), ('నో', 'U'), ('య', '|'), ('ని', '|'), ('క', '|'), ('డు', 'U'), ('న్సెం', 'U'), ('కిం', 'U'), ('చి', '|'), ('క', 'U'), ('ర్ణం', 'U'), ('బు', '|'), ('లన్', 'U'), ('ర', '|'), ('వ', '|'), ('ము', 'U'), ('ల్మీ', 'U'), ('ఱ', '|'), ('గ', '|'), ('ఘం', 'U'), ('ట', '|'), ('లం', 'U'), ('ట', '|'), ('ని', '|'), ('డి', '|'), ('ఘం', 'U'), ('టా', 'U'), ('క', 'U'), ('ర్ణు', '|'), ('డే', 'U'), ('తే', 'U'), ('ర', '|'), ('గా', 'U'), ('న', '|'), ('వి', '|'), ('చూ', 'U'), ('చి', 'U'), ('న్వ', '|'), ('ర', '|'), ('మి', 'U'), ('చ్చి', '|'), ('నా', 'U'), ('డ', '|'), ('వ', '|'), ('ట', '|'), ('నీ', 'U'), ('యం', 'U'), ('ఘ్రి', 'U'), ('ద్వ', '|'), ('యీ', 'U'), ('సే', 'U'), ('వ', '|'), ('క', '|'), ('ప్ర', '|'), ('వ', '|'), ('రుం', 'U'), ('గా', 'U'), ('చు', '|'), ('ట', '|'), ('యే', 'U'), ('మి', '|'), ('లె', 'U'), ('క్క', '|'), ('ర', '|'), ('ఘు', '|'), ('వీ', 'U'), ('రా', 'U'), ('జా', 'U'), ('న', '|'), ('కీ', 'U'), ('నా', 'U'), ('య', '|'), ('కా', 'U')]",0.8928571428571429,1.0,1.0,0.9642857142857143,0.5,1.0
mattebhamu,"రవిసూనుం బరిమార్చి యింద్రసుతునిన్ రక్షించినావందునో
రవిసూనుం గృపనేలి యింద్రసుతుఁ బోరం ద్రుంచినావందునో
యివి నీయందును రెండునుం గలవు; నీ కేదిష్ట మౌనో కదా
రవివంశాగ్రణి! తెల్పవయ్య రఘువీరా! జానకీనాయకా!",vruttamu,Ontimittaraguveera,"[('ర', '|'), ('వి', '|'), ('సూ', 'U'), ('నుం', 'U'), ('బ', '|'), ('రి', '|'), ('మా', 'U'), ('ర్చి', '|'), ('యిం', 'U'), ('ద్ర', '|'), ('సు', '|'), ('తు', '|'), ('ని', '|'), ('న్ర', 'U'), ('క్షిం', 'U'), ('చి', '|'), ('నా', 'U'), ('వం', 'U'), ('దు', '|'), ('నో', 'U'), ('ర', '|'), ('వి', '|'), ('సూ', 'U'), ('నుం', 'U'), ('గృ', '|'), ('ప', '|'), ('నే', 'U'), ('లి', '|'), ('యిం', 'U'), ('ద్ర', '|'), ('సు', '|'), ('తు', '|'), ('బో', 'U'), ('రం', 'U'), ('ద్రుం', 'U'), ('చి', '|'), ('నా', 'U'), ('వం', 'U'), ('దు', '|'), ('నో', 'U'), ('యి', '|'), ('వి', '|'), ('నీ', 'U'), ('యం', 'U'), ('దు', '|'), ('ను', '|'), ('రెం', 'U'), ('డు', '|'), ('నుం', 'U'), ('గ', '|'), ('ల', '|'), ('వు', '|'), ('నీ', 'U'), ('కే', 'U'), ('ది', 'U'), ('ష్ట', '|'), ('మౌ', 'U'), ('నో', 'U'), ('క', '|'), ('దా', 'U'), ('ర', '|'), ('వి', '|'), ('వం', 'U'), ('శా', 'U'), ('గ్ర', '|'), ('ణి', '|'), ('తె', 'U'), ('ల్ప', '|'), ('వ', 'U'), ('య్య', '|'), ('ర', '|'), ('ఘు', '|'), ('వీ', 'U'), ('రా', 'U'), ('జా', 'U'), ('న', '|'), ('కీ', 'U'), ('నా', 'U'), ('య', '|'), ('కా', 'U')]",0.9428571428571428,1.0,1.0,0.9642857142857143,0.75,1.0
saardulamu,"దోసంబు ల్కులపర్వతంబుల కొలందుల్ గల్గినం గల్గనీ
మీ సంకీర్తన శబ్దమాత్రమున భస్మీభూతమైపోవవా
త్రాసు ల్కోటిసహస్రముల్ గలిగి యెత్తన్ రాని కార్పాసపున్
రాసు ల్సోఁకిన నిప్పువోలె రఘువీరా! జానకీనాయకా!",vruttamu,Ontimittaraguveera,"[('దో', 'U'), ('సం', 'U'), ('బు', 'U'), ('ల్కు', '|'), ('ల', '|'), ('ప', 'U'), ('ర్వ', '|'), ('తం', 'U'), ('బు', '|'), ('ల', '|'), ('కొ', '|'), ('లం', 'U'), ('దు', 'U'), ('ల్గ', 'U'), ('ల్గి', '|'), ('నం', 'U'), ('గ', 'U'), ('ల్గ', '|'), ('నీ', 'U'), ('మీ', 'U'), ('సం', 'U'), ('కీ', 'U'), ('ర్త', '|'), ('న', '|'), ('శ', 'U'), ('బ్ద', '|'), ('మా', 'U'), ('త్ర', '|'), ('ము', '|'), ('న', '|'), ('భ', 'U'), ('స్మీ', 'U'), ('భూ', 'U'), ('త', '|'), ('మై', 'U'), ('పో', 'U'), ('వ', '|'), ('వా', 'U'), ('త్రా', 'U'), ('సు', 'U'), ('ల్కో', 'U'), ('టి', '|'), ('స', '|'), ('హ', '|'), ('స్ర', '|'), ('ము', 'U'), ('ల్గ', '|'), ('లి', '|'), ('గి', '|'), ('యె', 'U'), ('త్త', '|'), ('న్రా', 'U'), ('ని', '|'), ('కా', 'U'), ('ర్పా', 'U'), ('స', '|'), ('పున్', 'U'), ('రా', 'U'), ('సు', 'U'), ('ల్సో', 'U'), ('కి', '|'), ('న', '|'), ('ని', 'U'), ('ప్పు', '|'), ('వో', 'U'), ('లె', '|'), ('ర', '|'), ('ఘు', '|'), ('వీ', 'U'), ('రా', 'U'), ('జా', 'U'), ('న', '|'), ('కీ', 'U'), ('నా', 'U'), ('య', '|'), ('కా', 'U')]",0.9857142857142858,1.0,1.0,0.9285714285714286,1.0,1.0
mattebhamu,"కసుమాలంబగు దేహిపుట్టువుల నీ కష్టంబులం బాపి ది
వ్యసుకాయం బొనరింతు వెవ్వఁడు నినున్ వాక్రుచ్చినన్ యోగిమా
నస గేహంబులనుండి; లోహము సువర్ణచ్ఛాయగాఁ జేయఁగా
రసవాదంబులు నేర్చితౌర రఘువీరా! జానకీనాయకా!",vruttamu,Ontimittaraguveera,"[('క', '|'), ('సు', '|'), ('మా', 'U'), ('లం', 'U'), ('బ', '|'), ('గు', '|'), ('దే', 'U'), ('హి', '|'), ('పు', 'U'), ('ట్టు', '|'), ('వు', '|'), ('ల', '|'), ('నీ', 'U'), ('క', 'U'), ('ష్టం', 'U'), ('బు', '|'), ('లం', 'U'), ('బా', 'U'), ('పి', '|'), ('ది', 'U'), ('వ్య', '|'), ('సు', '|'), ('కా', 'U'), ('యం', 'U'), ('బొ', '|'), ('న', '|'), ('రిం', 'U'), ('తు', '|'), ('వె', 'U'), ('వ్వ', '|'), ('డు', '|'), ('ని', '|'), ('ను', 'U'), ('న్వా', 'U'), ('క్రు', 'U'), ('చ్చి', '|'), ('న', 'U'), ('న్యో', 'U'), ('గి', '|'), ('మా', 'U'), ('న', '|'), ('స', '|'), ('గే', 'U'), ('హం', 'U'), ('బు', '|'), ('ల', '|'), ('నుం', 'U'), ('డి', '|'), ('లో', 'U'), ('హ', '|'), ('ము', '|'), ('సు', '|'), ('వ', 'U'), ('ర్ణ', 'U'), ('చ్ఛా', 'U'), ('య', '|'), ('గా', 'U'), ('జే', 'U'), ('య', '|'), ('గా', 'U'), ('ర', '|'), ('స', '|'), ('వా', 'U'), ('దం', 'U'), ('బు', '|'), ('లు', '|'), ('నే', 'U'), ('ర్చి', '|'), ('తౌ', 'U'), ('ర', '|'), ('ర', '|'), ('ఘు', '|'), ('వీ', 'U'), ('రా', 'U'), ('జా', 'U'), ('న', '|'), ('కీ', 'U'), ('నా', 'U'), ('య', '|'), ('కా', 'U')]",1.0,1.0,1.0,1.0,1.0,1.0
mattebhamu,"పసులన్ గాచిన గొల్లవాఁడవనుచున్ భావింతు నిన్నున్ దుదిన్
ముసలిభ్రాత వటంచు నెంతు మదిలో మూర్తిత్రయాకార! నే
వసుధాధారుని నిన్ను నిక్క మెఱుఁగన్ వాంఛింతు నో సత్కృపా
రసపాథోనిధి! కావవయ్య రఘువీరా! జానకీనాయకా!",vruttamu,Ontimittaraguveera,"[('ప', '|'), ('సు', '|'), ('ల', 'U'), ('న్గా', 'U'), ('చి', '|'), ('న', '|'), ('గొ', 'U'), ('ల్ల', '|'), ('వా', 'U'), ('డ', '|'), ('వ', '|'), ('ను', '|'), ('చు', 'U'), ('న్భా', 'U'), ('విం', 'U'), ('తు', '|'), ('ని', 'U'), ('న్ను', 'U'), ('న్దు', '|'), ('దిన్', 'U'), ('ము', '|'), ('స', '|'), ('లి', '|'), ('భ్రా', 'U'), ('త', '|'), ('వ', '|'), ('టం', 'U'), ('చు', '|'), ('నెం', 'U'), ('తు', '|'), ('మ', '|'), ('ది', '|'), ('లో', 'U'), ('మూ', 'U'), ('ర్తి', '|'), ('త్ర', '|'), ('యా', 'U'), ('కా', 'U'), ('ర', '|'), ('నే', 'U'), ('వ', '|'), ('సు', '|'), ('ధా', 'U'), ('ధా', 'U'), ('రు', '|'), ('ని', '|'), ('ని', 'U'), ('న్ను', '|'), ('ని', 'U'), ('క్క', '|'), ('మె', '|'), ('ఱు', '|'), ('గ', 'U'), ('న్వాం', 'U'), ('ఛిం', 'U'), ('తు', '|'), ('నో', 'U'), ('స', 'U'), ('త్కృ', '|'), ('పా', 'U'), ('ర', '|'), ('స', '|'), ('పా', 'U'), ('థో', 'U'), ('ని', '|'), ('ధి', '|'), ('కా', 'U'), ('వ', '|'), ('వ', 'U'), ('య్య', '|'), ('ర', '|'), ('ఘు', '|'), ('వీ', 'U'), ('రా', 'U'), ('జా', 'U'), ('న', '|'), ('కీ', 'U'), ('నా', 'U'), ('య', '|'), ('కా', 'U')]",0.9857142857142858,1.0,1.0,0.9285714285714286,1.0,1.0
mattebhamu,"పిసినిం జూచి మహాప్రదాతయనుచున్ బీభత్సకుత్సాంగునిన్
బ్రసవాస్త్ర ప్రతిమానరూపుఁడనుచున్ బందం బ్రియంబంద శ
త్రుసమూహాంతకుఁ డంచు నెప్పుడు నరస్తోత్రంబు గావించు నీ
రసుఁడన్ నిన్ను నుతింపనేర రఘువీరా! జానకీనాయకా!",vruttamu,Ontimittaraguveera,"[('పి', '|'), ('సి', '|'), ('నిం', 'U'), ('జూ', 'U'), ('చి', '|'), ('మ', '|'), ('హా', 'U'), ('ప్ర', '|'), ('దా', 'U'), ('త', '|'), ('య', '|'), ('ను', '|'), ('చు', 'U'), ('న్బీ', 'U'), ('భ', 'U'), ('త్స', '|'), ('కు', 'U'), ('త్సాం', 'U'), ('గు', '|'), ('నిన్', 'U'), ('బ్ర', '|'), ('స', '|'), ('వా', 'U'), ('స్త్ర', '|'), ('ప్ర', '|'), ('తి', '|'), ('మా', 'U'), ('న', '|'), ('రూ', 'U'), ('పు', '|'), ('డ', '|'), ('ను', '|'), ('చు', 'U'), ('న్బం', 'U'), ('దం', 'U'), ('బ్రి', '|'), ('యం', 'U'), ('బం', 'U'), ('ద', '|'), ('శ', '|'), ('త్రు', '|'), ('స', '|'), ('మూ', 'U'), ('హాం', 'U'), ('త', '|'), ('కు', '|'), ('డం', 'U'), ('చు', '|'), ('నె', 'U'), ('ప్పు', '|'), ('డు', '|'), ('న', '|'), ('ర', 'U'), ('స్తో', 'U'), ('త్రం', 'U'), ('బు', '|'), ('గా', 'U'), ('విం', 'U'), ('చు', '|'), ('నీ', 'U'), ('ర', '|'), ('సు', '|'), ('డ', 'U'), ('న్ని', 'U'), ('న్ను', '|'), ('ను', '|'), ('తిం', 'U'), ('ప', '|'), ('నే', 'U'), ('ర', '|'), ('ర', '|'), ('ఘు', '|'), ('వీ', 'U'), ('రా', 'U'), ('జా', 'U'), ('న', '|'), ('కీ', 'U'), ('నా', 'U'), ('య', '|'), ('కా', 'U')]",0.9857142857142858,1.0,1.0,0.9285714285714286,1.0,1.0
mattebhamu,"బహురూపాలు ధరించుకొంచును గ్రియాభాషాంగము ల్ముట్టఁగా
బహుకాలంబులనుండి యాడితి నిఁకం బ్రాల్మాలినట్లయ్యెడిన్
దహలంబెట్టక చాల్పురేయనుము నీత్యాగంబు నేనొల్ల సా
గ్రహ దైతేయ మదాపహార! రఘువీరా! జానకీనాయకా!",vruttamu,Ontimittaraguveera,"[('బ', '|'), ('హు', '|'), ('రూ', 'U'), ('పా', 'U'), ('లు', '|'), ('ధ', '|'), ('రిం', 'U'), ('చు', '|'), ('కొం', 'U'), ('చు', '|'), ('ను', '|'), ('గ్రి', '|'), ('యా', 'U'), ('భా', 'U'), ('షాం', 'U'), ('గ', '|'), ('ము', 'U'), ('ల్ము', 'U'), ('ట్ట', '|'), ('గా', 'U'), ('బ', '|'), ('హు', '|'), ('కా', 'U'), ('లం', 'U'), ('బు', '|'), ('ల', '|'), ('నుం', 'U'), ('డి', '|'), ('యా', 'U'), ('డి', '|'), ('తి', '|'), ('ని', '|'), ('కం', 'U'), ('బ్రా', 'U'), ('ల్మా', 'U'), ('లి', '|'), ('న', 'U'), ('ట్ల', 'U'), ('య్యె', '|'), ('డిన్', 'U'), ('ద', '|'), ('హ', '|'), ('లం', 'U'), ('బె', 'U'), ('ట్ట', '|'), ('క', '|'), ('చా', 'U'), ('ల్పు', '|'), ('రే', 'U'), ('య', '|'), ('ను', '|'), ('ము', '|'), ('నీ', 'U'), ('త్యా', 'U'), ('గం', 'U'), ('బు', '|'), ('నే', 'U'), ('నొ', 'U'), ('ల్ల', '|'), ('సా', 'U'), ('గ్ర', '|'), ('హ', '|'), ('దై', 'U'), ('తే', 'U'), ('య', '|'), ('మ', '|'), ('దా', 'U'), ('ప', '|'), ('హా', 'U'), ('ర', '|'), ('ర', '|'), ('ఘు', '|'), ('వీ', 'U'), ('రా', 'U'), ('జా', 'U'), ('న', '|'), ('కీ', 'U'), ('నా', 'U'), ('య', '|'), ('కా', 'U')]",1.0,1.0,1.0,1.0,1.0,1.0
saardulamu,"మోక్షాపేక్ష జనించె నాకు నిదియేమో కాని యీజన్మమం
దక్షీణోదయ!ముక్తి కెవ్వఁ డొడయం డాపుణ్యునిం జెప్పెదో
దక్షారిస్తుత! నీవె కర్తవయినన్ దక్కేల నీవే ననున్
రక్షింతో యెఱుగంగఁ జెప్పు రఘువీరా! జానకీనాయకా!",vruttamu,Ontimittaraguveera,"[('మో', 'U'), ('క్షా', 'U'), ('పే', 'U'), ('క్ష', '|'), ('జ', '|'), ('నిం', 'U'), ('చె', '|'), ('నా', 'U'), ('కు', '|'), ('ని', '|'), ('ది', '|'), ('యే', 'U'), ('మో', 'U'), ('కా', 'U'), ('ని', '|'), ('యీ', 'U'), ('జ', 'U'), ('న్మ', '|'), ('మం', 'U'), ('ద', 'U'), ('క్షీ', 'U'), ('ణో', 'U'), ('ద', '|'), ('య', '|'), ('ము', 'U'), ('క్తి', '|'), ('కె', 'U'), ('వ్వ', '|'), ('డొ', '|'), ('డ', '|'), ('యం', 'U'), ('డా', 'U'), ('పు', 'U'), ('ణ్యు', '|'), ('నిం', 'U'), ('జె', 'U'), ('ప్పె', '|'), ('దో', 'U'), ('ద', 'U'), ('క్షా', 'U'), ('రి', 'U'), ('స్తు', '|'), ('త', '|'), ('నీ', 'U'), ('వె', '|'), ('క', 'U'), ('ర్త', '|'), ('వ', '|'), ('యి', '|'), ('న', 'U'), ('న్ద', 'U'), ('క్కే', 'U'), ('ల', '|'), ('నీ', 'U'), ('వే', 'U'), ('న', '|'), ('నున్', 'U'), ('ర', 'U'), ('క్షిం', 'U'), ('తో', 'U'), ('యె', '|'), ('ఱు', '|'), ('గం', 'U'), ('గ', '|'), ('జె', 'U'), ('ప్పు', '|'), ('ర', '|'), ('ఘు', '|'), ('వీ', 'U'), ('రా', 'U'), ('జా', 'U'), ('న', '|'), ('కీ', 'U'), ('నా', 'U'), ('య', '|'), ('కా', 'U')]",1.0,1.0,1.0,1.0,1.0,1.0
mattebhamu,"అక్షీణాప్రతిమానదానవిభవాహంకారపారీణ! యో
రక్షోదైత్యమదాపహార విబుధా! త్రైలోక్యసంరక్షకా!
దక్షధ్వంసివధూటికావినుత! నీ దాసానుదాసుండ నన్
రక్షింపం గదవయ్య! రామ! రఘువీరా! జానకీనాయకా!",vruttamu,Ontimittaraguveera,"[('అ', 'U'), ('క్షీ', 'U'), ('ణా', 'U'), ('ప్ర', '|'), ('తి', '|'), ('మా', 'U'), ('న', '|'), ('దా', 'U'), ('న', '|'), ('వి', '|'), ('భ', '|'), ('వా', 'U'), ('హం', 'U'), ('కా', 'U'), ('ర', '|'), ('పా', 'U'), ('రీ', 'U'), ('ణ', '|'), ('యో', 'U'), ('ర', 'U'), ('క్షో', 'U'), ('దై', 'U'), ('త్య', '|'), ('మ', '|'), ('దా', 'U'), ('ప', '|'), ('హా', 'U'), ('ర', '|'), ('వి', '|'), ('బు', '|'), ('ధా', 'U'), ('త్రై', 'U'), ('లో', 'U'), ('క్య', '|'), ('సం', 'U'), ('ర', 'U'), ('క్ష', '|'), ('కా', 'U'), ('ద', 'U'), ('క్ష', 'U'), ('ధ్వం', 'U'), ('సి', '|'), ('వ', '|'), ('ధూ', 'U'), ('టి', '|'), ('కా', 'U'), ('వి', '|'), ('ను', '|'), ('త', '|'), ('నీ', 'U'), ('దా', 'U'), ('సా', 'U'), ('ను', '|'), ('దా', 'U'), ('సుం', 'U'), ('డ', '|'), ('నన్', 'U'), ('ర', 'U'), ('క్షిం', 'U'), ('పం', 'U'), ('గ', '|'), ('ద', '|'), ('వ', 'U'), ('య్య', '|'), ('రా', 'U'), ('మ', '|'), ('ర', '|'), ('ఘు', '|'), ('వీ', 'U'), ('రా', 'U'), ('జా', 'U'), ('న', '|'), ('కీ', 'U'), ('నా', 'U'), ('య', '|'), ('కా', 'U')]",0.5542857142857143,0.95,1.0,0.07142857142857142,0.25,0.5
mattebhamu,"చదువు ల్దొంగిలి సోమకాసురుఁడు భాషాభర్త కూపెట్టఁగా
నుదధుల్ సొచ్చినఁ బాఱిపట్టుటకు నుద్యోగించి మత్స్యంబవై
యదరంటన్ రిపుఁ ద్రుంచి వేదములు దేవా దేవ! శాండిల్యనా
రదకౌండిన్యనుత ప్రతాప! రఘువీరా! జానకీనాయకా!",vruttamu,Ontimittaraguveera,"[('చ', '|'), ('దు', '|'), ('వు', 'U'), ('ల్దొం', 'U'), ('గి', '|'), ('లి', '|'), ('సో', 'U'), ('మ', '|'), ('కా', 'U'), ('సు', '|'), ('రు', '|'), ('డు', '|'), ('భా', 'U'), ('షా', 'U'), ('భ', 'U'), ('ర్త', '|'), ('కూ', 'U'), ('పె', 'U'), ('ట్ట', '|'), ('గా', 'U'), ('ను', '|'), ('ద', '|'), ('ధు', 'U'), ('ల్సొ', 'U'), ('చ్చి', '|'), ('న', '|'), ('బా', 'U'), ('ఱి', '|'), ('ప', 'U'), ('ట్టు', '|'), ('ట', '|'), ('కు', '|'), ('ను', 'U'), ('ద్యో', 'U'), ('గిం', 'U'), ('చి', '|'), ('మ', 'U'), ('త్స్యం', 'U'), ('బ', '|'), ('వై', 'U'), ('య', '|'), ('ద', '|'), ('రం', 'U'), ('ట', '|'), ('న్రి', '|'), ('పు', '|'), ('ద్రుం', 'U'), ('చి', '|'), ('వే', 'U'), ('ద', '|'), ('ము', '|'), ('లు', '|'), ('దే', 'U'), ('వా', 'U'), ('దే', 'U'), ('వ', '|'), ('శాం', 'U'), ('డి', 'U'), ('ల్య', '|'), ('నా', 'U'), ('ర', '|'), ('ద', '|'), ('కౌం', 'U'), ('డి', 'U'), ('న్య', '|'), ('ను', '|'), ('త', '|'), ('ప్ర', '|'), ('తా', 'U'), ('ప', '|'), ('ర', '|'), ('ఘు', '|'), ('వీ', 'U'), ('రా', 'U'), ('జా', 'U'), ('న', '|'), ('కీ', 'U'), ('నా', 'U'), ('య', '|'), ('కా', 'U')]",0.8857142857142858,1.0,1.0,0.9285714285714286,0.5,1.0
mattebhamu,"అమరుల్ రాక్షసనాయకుల్ కడఁకతో నత్యంతగర్వంబునన్
దమ సత్త్వంబుల మందరాచలముచేఁ దర్వంగ నంభోధిలో
రమణం దద్గిరి మోచి కాచిన జగత్త్రాణుండ! కూర్మావతా
ర మనంగా మఱి నీవెకావె రఘువీరా! జానకీనాయకా!",vruttamu,Ontimittaraguveera,"[('అ', '|'), ('మ', '|'), ('రు', '|'), ('ల్రా', 'U'), ('క్ష', '|'), ('స', '|'), ('నా', 'U'), ('య', '|'), ('కు', 'U'), ('ల్క', '|'), ('డ', '|'), ('క', '|'), ('తో', 'U'), ('న', 'U'), ('త్యం', 'U'), ('త', '|'), ('గ', 'U'), ('ర్వం', 'U'), ('బు', '|'), ('నన్', 'U'), ('ద', '|'), ('మ', '|'), ('స', 'U'), ('త్త్వం', 'U'), ('బు', '|'), ('ల', '|'), ('మం', 'U'), ('ద', '|'), ('రా', 'U'), ('చ', '|'), ('ల', '|'), ('ము', '|'), ('చే', 'U'), ('ద', 'U'), ('ర్వం', 'U'), ('గ', '|'), ('నం', 'U'), ('భో', 'U'), ('ధి', '|'), ('లో', 'U'), ('ర', '|'), ('మ', '|'), ('ణం', 'U'), ('ద', 'U'), ('ద్గి', '|'), ('రి', '|'), ('మో', 'U'), ('చి', '|'), ('కా', 'U'), ('చి', '|'), ('న', '|'), ('జ', '|'), ('గ', 'U'), ('త్త్రా', 'U'), ('ణుం', 'U'), ('డ', '|'), ('కూ', 'U'), ('ర్మా', 'U'), ('వ', '|'), ('తా', 'U'), ('ర', '|'), ('మ', '|'), ('నం', 'U'), ('గా', 'U'), ('మ', '|'), ('ఱి', '|'), ('నీ', 'U'), ('వె', '|'), ('కా', 'U'), ('వె', '|'), ('ర', '|'), ('ఘు', '|'), ('వీ', 'U'), ('రా', 'U'), ('జా', 'U'), ('న', '|'), ('కీ', 'U'), ('నా', 'U'), ('య', '|'), ('కా', 'U')]",0.9428571428571428,1.0,1.0,0.9642857142857143,0.75,1.0
mattebhamu,"దనుజాధీశులు నిర్జరాధిపతులున్ దామందఱున్ మందరున్
ఘనసత్త్వంబున నెత్తి వార్థి నహిపుం గవ్వంబుగాఁ ద్రచ్చుచో
మునుఁగం బాఱకయుండఁ గచ్ఛపమవై మున్నీటిలోనుండు వ
ర్తన మే నాత్మఁ దలంచుచుందు రఘువీరా! జానకీనాయకా!",vruttamu,Ontimittaraguveera,"[('ద', '|'), ('ను', '|'), ('జా', 'U'), ('ధీ', 'U'), ('శు', '|'), ('లు', '|'), ('ని', 'U'), ('ర్జ', '|'), ('రా', 'U'), ('ధి', '|'), ('ప', '|'), ('తు', '|'), ('లు', 'U'), ('న్దా', 'U'), ('మం', 'U'), ('ద', '|'), ('ఱు', 'U'), ('న్మం', 'U'), ('ద', '|'), ('రున్', 'U'), ('ఘ', '|'), ('న', '|'), ('స', 'U'), ('త్త్వం', 'U'), ('బు', '|'), ('న', '|'), ('నె', 'U'), ('త్తి', '|'), ('వా', 'U'), ('ర్థి', '|'), ('న', '|'), ('హి', '|'), ('పుం', 'U'), ('గ', 'U'), ('వ్వం', 'U'), ('బు', '|'), ('గా', 'U'), ('ద్ర', 'U'), ('చ్చు', '|'), ('చో', 'U'), ('ము', '|'), ('ను', '|'), ('గం', 'U'), ('బా', 'U'), ('ఱ', '|'), ('క', '|'), ('యుం', 'U'), ('డ', '|'), ('గ', 'U'), ('చ్ఛ', '|'), ('ప', '|'), ('మ', '|'), ('వై', 'U'), ('ము', 'U'), ('న్నీ', 'U'), ('టి', '|'), ('లో', 'U'), ('నుం', 'U'), ('డు', '|'), ('వ', 'U'), ('ర్త', '|'), ('న', '|'), ('మే', 'U'), ('నా', 'U'), ('త్మ', '|'), ('ద', '|'), ('లం', 'U'), ('చు', '|'), ('చుం', 'U'), ('దు', '|'), ('ర', '|'), ('ఘు', '|'), ('వీ', 'U'), ('రా', 'U'), ('జా', 'U'), ('న', '|'), ('కీ', 'U'), ('నా', 'U'), ('య', '|'), ('కా', 'U')]",1.0,1.0,1.0,1.0,1.0,1.0
mattebhamu,"ధర కల్పాంతమునం గరంగఁబడి పాతాళంబులోనంటినన్
దొరయం దొల్లిటియట్ల కా నిలుప నుద్యోగించి క్రోడంబవై
పొరి నబ్భూతలమెత్తినట్టి ఘనదర్పున్ నిన్ను భావింతు ని
ర్భరకారుణ్య నిరూఢచిత్త! రఘువీరా! జానకీనాయకా!",vruttamu,Ontimittaraguveera,"[('ధ', '|'), ('ర', '|'), ('క', 'U'), ('ల్పాం', 'U'), ('త', '|'), ('ము', '|'), ('నం', 'U'), ('గ', '|'), ('రం', 'U'), ('గ', '|'), ('బ', '|'), ('డి', '|'), ('పా', 'U'), ('తా', 'U'), ('ళం', 'U'), ('బు', '|'), ('లో', 'U'), ('నం', 'U'), ('టి', '|'), ('నన్', 'U'), ('దొ', '|'), ('ర', '|'), ('యం', 'U'), ('దొ', 'U'), ('ల్లి', '|'), ('టి', '|'), ('య', 'U'), ('ట్ల', '|'), ('కా', 'U'), ('ని', '|'), ('లు', '|'), ('ప', '|'), ('ను', 'U'), ('ద్యో', 'U'), ('గిం', 'U'), ('చి', '|'), ('క్రో', 'U'), ('డం', 'U'), ('బ', '|'), ('వై', 'U'), ('పొ', '|'), ('రి', '|'), ('న', 'U'), ('బ్భూ', 'U'), ('త', '|'), ('ల', '|'), ('మె', 'U'), ('త్తి', '|'), ('న', 'U'), ('ట్టి', '|'), ('ఘ', '|'), ('న', '|'), ('ద', 'U'), ('ర్పు', 'U'), ('న్ని', 'U'), ('న్ను', '|'), ('భా', 'U'), ('విం', 'U'), ('తు', '|'), ('ని', 'U'), ('ర్భ', '|'), ('ర', '|'), ('కా', 'U'), ('రు', 'U'), ('ణ్య', '|'), ('ని', '|'), ('రూ', 'U'), ('ఢ', '|'), ('చి', 'U'), ('త్త', '|'), ('ర', '|'), ('ఘు', '|'), ('వీ', 'U'), ('రా', 'U'), ('జా', 'U'), ('న', '|'), ('కీ', 'U'), ('నా', 'U'), ('య', '|'), ('కా', 'U')]",1.0,1.0,1.0,1.0,1.0,1.0
mattebhamu,"వడుగా! నీవడుగంగనేర విట నల్పంబైన దానంబు న
న్నడుగన్ వచ్చితి వన్నఁ గన్గొని బలీంద్రా! నాకు నీవిచ్చు మూఁ
డడుగు ల్మూఁడు జగంబులంచుఁ గొనవా యాద్యంతముల్ మాటమా
ర్పడ నాడన్ నుడికాఁడవౌర! రఘువీరా! జానకీనాయకా!",vruttamu,Ontimittaraguveera,"[('వ', '|'), ('డు', '|'), ('గా', 'U'), ('నీ', 'U'), ('వ', '|'), ('డు', '|'), ('గం', 'U'), ('గ', '|'), ('నే', 'U'), ('ర', '|'), ('వి', '|'), ('ట', '|'), ('న', 'U'), ('ల్పం', 'U'), ('బై', 'U'), ('న', '|'), ('దా', 'U'), ('నం', 'U'), ('బు', '|'), ('న', 'U'), ('న్న', '|'), ('డు', '|'), ('గ', 'U'), ('న్వ', 'U'), ('చ్చి', '|'), ('తి', '|'), ('వ', 'U'), ('న్న', '|'), ('గ', 'U'), ('న్గొ', '|'), ('ని', '|'), ('బ', '|'), ('లీం', 'U'), ('ద్రా', 'U'), ('నా', 'U'), ('కు', '|'), ('నీ', 'U'), ('వి', 'U'), ('చ్చు', '|'), ('మూ', 'U'), ('డ', '|'), ('డు', '|'), ('గు', 'U'), ('ల్మూ', 'U'), ('డు', '|'), ('జ', '|'), ('గం', 'U'), ('బు', '|'), ('లం', 'U'), ('చు', '|'), ('గొ', '|'), ('న', '|'), ('వా', 'U'), ('యా', 'U'), ('ద్యం', 'U'), ('త', '|'), ('ము', 'U'), ('ల్మా', 'U'), ('ట', '|'), ('మా', 'U'), ('ర్ప', '|'), ('డ', '|'), ('నా', 'U'), ('డ', 'U'), ('న్ను', '|'), ('డి', '|'), ('కా', 'U'), ('డ', '|'), ('వౌ', 'U'), ('ర', '|'), ('ర', '|'), ('ఘు', '|'), ('వీ', 'U'), ('రా', 'U'), ('జా', 'U'), ('న', '|'), ('కీ', 'U'), ('నా', 'U'), ('య', '|'), ('కా', 'U')]",0.85,1.0,1.0,1.0,0.25,1.0
saardulamu,"ఏతుల్ గాక మురాంతకుండు గలఁడా యెందైన నిందైన నీ
నీతు ల్మాను మటంచుఁ దండ్రి సుతునిన్ నిట్రాతిలోఁ జూపరా
చూతున్ నాఁగ నృసింహరూపమున నచ్చో నుండవా చెండవా
రాతిం బోలిన దైత్యు మేను రఘువీరా! జానకీనాయకా!",vruttamu,Ontimittaraguveera,"[('ఏ', 'U'), ('తు', 'U'), ('ల్గా', 'U'), ('క', '|'), ('ము', '|'), ('రాం', 'U'), ('త', '|'), ('కుం', 'U'), ('డు', '|'), ('గ', '|'), ('ల', '|'), ('డా', 'U'), ('యెం', 'U'), ('దై', 'U'), ('న', '|'), ('నిం', 'U'), ('దై', 'U'), ('న', '|'), ('నీ', 'U'), ('నీ', 'U'), ('తు', 'U'), ('ల్మా', 'U'), ('ను', '|'), ('మ', '|'), ('టం', 'U'), ('చు', '|'), ('దం', 'U'), ('డ్రి', '|'), ('సు', '|'), ('తు', '|'), ('ని', 'U'), ('న్ని', '|'), ('ట్రా', 'U'), ('తి', '|'), ('లో', 'U'), ('జూ', 'U'), ('ప', '|'), ('రా', 'U'), ('చూ', 'U'), ('తు', 'U'), ('న్నా', 'U'), ('గ', '|'), ('నృ', '|'), ('సిం', 'U'), ('హ', '|'), ('రూ', 'U'), ('ప', '|'), ('ము', '|'), ('న', '|'), ('న', 'U'), ('చ్చో', 'U'), ('నుం', 'U'), ('డ', '|'), ('వా', 'U'), ('చెం', 'U'), ('డ', '|'), ('వా', 'U'), ('రా', 'U'), ('తిం', 'U'), ('బో', 'U'), ('లి', '|'), ('న', '|'), ('దై', 'U'), ('త్యు', '|'), ('మే', 'U'), ('ను', '|'), ('ర', '|'), ('ఘు', '|'), ('వీ', 'U'), ('రా', 'U'), ('జా', 'U'), ('న', '|'), ('కీ', 'U'), ('నా', 'U'), ('య', '|'), ('కా', 'U')]",0.9428571428571428,1.0,1.0,0.9642857142857143,0.75,1.0
mattebhamu,"సమరక్షోణులఁ బాఱఁ బాఱఁగ జరాసంధాదులం ద్రుంచి చం
డమదాభీలుని ధేనుకాసురుని చట్ట ల్చీరి ముష్టిప్రహా
రములన్ ముష్టికు నా ప్రలంబదనుజున్ మ్రందించి తౌ రేవతీ
రమణాకారముఁ దాల్చి యౌర! రఘువీరా! జానకీనాయకా!",vruttamu,Ontimittaraguveera,"[('స', '|'), ('మ', '|'), ('ర', 'U'), ('క్షో', 'U'), ('ణు', '|'), ('ల', '|'), ('బా', 'U'), ('ఱ', '|'), ('బా', 'U'), ('ఱ', '|'), ('గ', '|'), ('జ', '|'), ('రా', 'U'), ('సం', 'U'), ('ధా', 'U'), ('దు', '|'), ('లం', 'U'), ('ద్రుం', 'U'), ('చి', '|'), ('చం', 'U'), ('డ', '|'), ('మ', '|'), ('దా', 'U'), ('భీ', 'U'), ('లు', '|'), ('ని', '|'), ('ధే', 'U'), ('ను', '|'), ('కా', 'U'), ('సు', '|'), ('రు', '|'), ('ని', '|'), ('చ', 'U'), ('ట్ట', 'U'), ('ల్చీ', 'U'), ('రి', '|'), ('ము', 'U'), ('ష్టి', '|'), ('ప్ర', '|'), ('హా', 'U'), ('ర', '|'), ('ము', '|'), ('ల', 'U'), ('న్ము', 'U'), ('ష్టి', '|'), ('కు', '|'), ('నా', 'U'), ('ప్ర', '|'), ('లం', 'U'), ('బ', '|'), ('ద', '|'), ('ను', '|'), ('జు', 'U'), ('న్మ్రం', 'U'), ('దిం', 'U'), ('చి', '|'), ('తౌ', 'U'), ('రే', 'U'), ('వ', '|'), ('తీ', 'U'), ('ర', '|'), ('మ', '|'), ('ణా', 'U'), ('కా', 'U'), ('ర', '|'), ('ము', '|'), ('దా', 'U'), ('ల్చి', '|'), ('యౌ', 'U'), ('ర', '|'), ('ర', '|'), ('ఘు', '|'), ('వీ', 'U'), ('రా', 'U'), ('జా', 'U'), ('న', '|'), ('కీ', 'U'), ('నా', 'U'), ('య', '|'), ('కా', 'U')]",0.9928571428571429,1.0,1.0,0.9642857142857143,1.0,1.0
mattebhamu,"నిను నారాయణమూర్తిగాఁ దలఁచుచున్ నీ దండ నా దండకా
వన వాచంయము లెల్లఁ జేరి కొలువన్ వారిం గృపం జూచుటల్
వనధిం గట్టుట రావణుం దునుముటల్ వర్ణింతు రామావతా
ర నిరూఢాకృతి నిన్ను నౌర! రఘువీరా! జానకీనాయకా!",vruttamu,Ontimittaraguveera,"[('ని', '|'), ('ను', '|'), ('నా', 'U'), ('రా', 'U'), ('య', '|'), ('ణ', '|'), ('మూ', 'U'), ('ర్తి', '|'), ('గా', 'U'), ('ద', '|'), ('ల', '|'), ('చు', '|'), ('చు', 'U'), ('న్నీ', 'U'), ('దం', 'U'), ('డ', '|'), ('నా', 'U'), ('దం', 'U'), ('డ', '|'), ('కా', 'U'), ('వ', '|'), ('న', '|'), ('వా', 'U'), ('చం', 'U'), ('య', '|'), ('ము', '|'), ('లె', 'U'), ('ల్ల', '|'), ('జే', 'U'), ('రి', '|'), ('కొ', '|'), ('లు', '|'), ('వ', 'U'), ('న్వా', 'U'), ('రిం', 'U'), ('గృ', '|'), ('పం', 'U'), ('జూ', 'U'), ('చు', '|'), ('టల్', 'U'), ('వ', '|'), ('న', '|'), ('ధిం', 'U'), ('గ', 'U'), ('ట్టు', '|'), ('ట', '|'), ('రా', 'U'), ('వ', '|'), ('ణుం', 'U'), ('దు', '|'), ('ను', '|'), ('ము', '|'), ('ట', 'U'), ('ల్వ', 'U'), ('ర్ణిం', 'U'), ('తు', '|'), ('రా', 'U'), ('మా', 'U'), ('వ', '|'), ('తా', 'U'), ('ర', '|'), ('ని', '|'), ('రూ', 'U'), ('ఢా', 'U'), ('కృ', '|'), ('తి', '|'), ('ని', 'U'), ('న్ను', '|'), ('నౌ', 'U'), ('ర', '|'), ('ర', '|'), ('ఘు', '|'), ('వీ', 'U'), ('రా', 'U'), ('జా', 'U'), ('న', '|'), ('కీ', 'U'), ('నా', 'U'), ('య', '|'), ('కా', 'U')]",1.0,1.0,1.0,1.0,1.0,1.0
mattebhamu,"అమరారాతివధూటికామణులచే నశ్వత్థనారాయణ
ద్రుమముం గౌఁగిటఁ జేర్పఁ జేసి వ్రతము ల్దూలించి బుద్ధావతా
రమునన్ రుద్రసహాయమై త్రిపురముల్ మ్రగ్గించి తౌరౌర! ధీ
ర! మునిస్తుత్య యశోవిహార! రఘువీరా! జానకీనాయకా!",vruttamu,Ontimittaraguveera,"[('అ', '|'), ('మ', '|'), ('రా', 'U'), ('రా', 'U'), ('తి', '|'), ('వ', '|'), ('ధూ', 'U'), ('టి', '|'), ('కా', 'U'), ('మ', '|'), ('ణు', '|'), ('ల', '|'), ('చే', 'U'), ('న', 'U'), ('శ్వ', 'U'), ('త్థ', '|'), ('నా', 'U'), ('రా', 'U'), ('య', '|'), ('ణ', '|'), ('ద్రు', '|'), ('మ', '|'), ('ముం', 'U'), ('గౌ', 'U'), ('గి', '|'), ('ట', '|'), ('జే', 'U'), ('ర్ప', '|'), ('జే', 'U'), ('సి', '|'), ('వ్ర', '|'), ('త', '|'), ('ము', 'U'), ('ల్దూ', 'U'), ('లిం', 'U'), ('చి', '|'), ('బు', 'U'), ('ద్ధా', 'U'), ('వ', '|'), ('తా', 'U'), ('ర', '|'), ('ము', '|'), ('న', '|'), ('న్రు', '|'), ('ద్ర', '|'), ('స', '|'), ('హా', 'U'), ('య', '|'), ('మై', 'U'), ('త్రి', '|'), ('పు', '|'), ('ర', '|'), ('ము', 'U'), ('ల్మ్ర', 'U'), ('గ్గిం', 'U'), ('చి', '|'), ('తౌ', 'U'), ('రౌ', 'U'), ('ర', '|'), ('ధీ', 'U'), ('ర', '|'), ('ము', '|'), ('ని', 'U'), ('స్తు', 'U'), ('త్య', '|'), ('య', '|'), ('శో', 'U'), ('వి', '|'), ('హా', 'U'), ('ర', '|'), ('ర', '|'), ('ఘు', '|'), ('వీ', 'U'), ('రా', 'U'), ('జా', 'U'), ('న', '|'), ('కీ', 'U'), ('నా', 'U'), ('య', '|'), ('కా', 'U')]",0.9285714285714285,1.0,1.0,0.8928571428571429,0.75,1.0
mattebhamu,"కలికాలాంతమునన్ గిరాతజనముల్ గర్వించినం దత్కిరా
తుల నెల్లన్ విదళించుచున్ గృతయుగోద్భూతంబుఁ గావింప నిం
పలరం గల్కివి గాఁగ నున్న హరి నిన్నశ్రాంతముం గొల్చువా
రలు పుణ్యాత్ము లగణ్యశూర! రఘువీరా! జానకీనాయకా!",vruttamu,Ontimittaraguveera,"[('క', '|'), ('లి', '|'), ('కా', 'U'), ('లాం', 'U'), ('త', '|'), ('ము', '|'), ('న', 'U'), ('న్గి', '|'), ('రా', 'U'), ('త', '|'), ('జ', '|'), ('న', '|'), ('ము', 'U'), ('ల్గ', 'U'), ('ర్విం', 'U'), ('చి', '|'), ('నం', 'U'), ('ద', 'U'), ('త్కి', '|'), ('రా', 'U'), ('తు', '|'), ('ల', '|'), ('నె', 'U'), ('ల్ల', 'U'), ('న్వి', '|'), ('ద', '|'), ('ళిం', 'U'), ('చు', '|'), ('చు', 'U'), ('న్గృ', '|'), ('త', '|'), ('యు', '|'), ('గో', 'U'), ('ద్భూ', 'U'), ('తం', 'U'), ('బు', '|'), ('గా', 'U'), ('విం', 'U'), ('ప', '|'), ('నిం', 'U'), ('ప', '|'), ('ల', '|'), ('రం', 'U'), ('గ', 'U'), ('ల్కి', '|'), ('వి', '|'), ('గా', 'U'), ('గ', '|'), ('ను', 'U'), ('న్న', '|'), ('హ', '|'), ('రి', '|'), ('ని', 'U'), ('న్న', '|'), ('శ్రాం', 'U'), ('త', '|'), ('ముం', 'U'), ('గొ', 'U'), ('ల్చు', '|'), ('వా', 'U'), ('ర', '|'), ('లు', '|'), ('పు', 'U'), ('ణ్యా', 'U'), ('త్ము', '|'), ('ల', '|'), ('గ', 'U'), ('ణ్య', '|'), ('శూ', 'U'), ('ర', '|'), ('ర', '|'), ('ఘు', '|'), ('వీ', 'U'), ('రా', 'U'), ('జా', 'U'), ('న', '|'), ('కీ', 'U'), ('నా', 'U'), ('య', '|'), ('కా', 'U')]",0.9428571428571428,1.0,1.0,0.9642857142857143,0.75,1.0
saardulamu,"త్రేతా ద్వాపరసంధి నుద్ధతమదాంధీభూత ధాత్రీధవ
వ్రాతంబున్ జననీ ప్రతిజ్ఞకొఱ కిర్వైయొక్కమారుల్ బహు
ప్రీతిం ద్రుంచితి గాదె నీవు విలసద్వీర్యంబుమై ఘోరని
ర్ఘాతక్రూరకుఠారధార రఘువీరా! జానకీనాయకా!",vruttamu,Ontimittaraguveera,"[('త్రే', 'U'), ('తా', 'U'), ('ద్వా', 'U'), ('ప', '|'), ('ర', '|'), ('సం', 'U'), ('ధి', '|'), ('ను', 'U'), ('ద్ధ', '|'), ('త', '|'), ('మ', '|'), ('దాం', 'U'), ('ధీ', 'U'), ('భూ', 'U'), ('త', '|'), ('ధా', 'U'), ('త్రీ', 'U'), ('ధ', '|'), ('వ', '|'), ('వ్రా', 'U'), ('తం', 'U'), ('బు', 'U'), ('న్జ', '|'), ('న', '|'), ('నీ', 'U'), ('ప్ర', '|'), ('తి', 'U'), ('జ్ఞ', '|'), ('కొ', '|'), ('ఱ', '|'), ('కి', 'U'), ('ర్వై', 'U'), ('యొ', 'U'), ('క్క', '|'), ('మా', 'U'), ('రు', 'U'), ('ల్బ', '|'), ('హు', '|'), ('ప్రీ', 'U'), ('తిం', 'U'), ('ద్రుం', 'U'), ('చి', '|'), ('తి', '|'), ('గా', 'U'), ('దె', '|'), ('నీ', 'U'), ('వు', '|'), ('వి', '|'), ('ల', '|'), ('స', 'U'), ('ద్వీ', 'U'), ('ర్యం', 'U'), ('బు', '|'), ('మై', 'U'), ('ఘో', 'U'), ('ర', '|'), ('ని', 'U'), ('ర్ఘా', 'U'), ('త', '|'), ('క్రూ', 'U'), ('ర', '|'), ('కు', '|'), ('ఠా', 'U'), ('ర', '|'), ('ధా', 'U'), ('ర', '|'), ('ర', '|'), ('ఘు', '|'), ('వీ', 'U'), ('రా', 'U'), ('జా', 'U'), ('న', '|'), ('కీ', 'U'), ('నా', 'U'), ('య', '|'), ('కా', 'U')]",0.9285714285714285,1.0,1.0,0.8928571428571429,0.75,1.0
saardulamu,"కావం దొల్లిటి కాలజన్మముల నీకా బంటుఁ గానైతి నీ
సేవాకార్యములేమొ నాకు నవి లక్షింపంగ లేవయ్యె నీ
చావుం బుట్టువు మాన్పుకోవలయు నీ జన్మాన నీవాఁడనై
రావా నా మదిఁ గోర్కెఁ దీర్ప! రఘువీరా! జానకీనాయకా!",vruttamu,Ontimittaraguveera,"[('కా', 'U'), ('వం', 'U'), ('దొ', 'U'), ('ల్లి', '|'), ('టి', '|'), ('కా', 'U'), ('ల', '|'), ('జ', 'U'), ('న్మ', '|'), ('ము', '|'), ('ల', '|'), ('నీ', 'U'), ('కా', 'U'), ('బం', 'U'), ('టు', '|'), ('గా', 'U'), ('నై', 'U'), ('తి', '|'), ('నీ', 'U'), ('సే', 'U'), ('వా', 'U'), ('కా', 'U'), ('ర్య', '|'), ('ము', '|'), ('లే', 'U'), ('మొ', '|'), ('నా', 'U'), ('కు', '|'), ('న', '|'), ('వి', '|'), ('ల', 'U'), ('క్షిం', 'U'), ('పం', 'U'), ('గ', '|'), ('లే', 'U'), ('వ', 'U'), ('య్యె', '|'), ('నీ', 'U'), ('చా', 'U'), ('వుం', 'U'), ('బు', 'U'), ('ట్టు', '|'), ('వు', '|'), ('మా', 'U'), ('న్పు', '|'), ('కో', 'U'), ('వ', '|'), ('ల', '|'), ('యు', '|'), ('నీ', 'U'), ('జ', 'U'), ('న్మా', 'U'), ('న', '|'), ('నీ', 'U'), ('వా', 'U'), ('డ', '|'), ('నై', 'U'), ('రా', 'U'), ('వా', 'U'), ('నా', 'U'), ('మ', '|'), ('ది', '|'), ('గో', 'U'), ('ర్కె', '|'), ('దీ', 'U'), ('ర్ప', '|'), ('ర', '|'), ('ఘు', '|'), ('వీ', 'U'), ('రా', 'U'), ('జా', 'U'), ('న', '|'), ('కీ', 'U'), ('నా', 'U'), ('య', '|'), ('కా', 'U')]",1.0,1.0,1.0,1.0,1.0,1.0
saardulamu,"ఉండందెక్కడ నీవు లేక వెలియై యుండేది యెచ్చోటు బ్ర
హ్మాండంబుల్ లయమందు నీవు కనుమూయన్ లోకపర్వంబుగా
నండంబున్ బ్రభవించు నీకును వినోదార్థంబు నీ మాయ మా
ర్కండేయాదు లెఱుంగలేరు రఘువీరా! జానకీనాయకా!",vruttamu,Ontimittaraguveera,"[('ఉం', 'U'), ('డం', 'U'), ('దె', 'U'), ('క్క', '|'), ('డ', '|'), ('నీ', 'U'), ('వు', '|'), ('లే', 'U'), ('క', '|'), ('వె', '|'), ('లి', '|'), ('యై', 'U'), ('యుం', 'U'), ('డే', 'U'), ('ది', '|'), ('యె', 'U'), ('చ్చో', 'U'), ('టు', '|'), ('బ్ర', 'U'), ('హ్మాం', 'U'), ('డం', 'U'), ('బు', 'U'), ('ల్ల', '|'), ('య', '|'), ('మం', 'U'), ('దు', '|'), ('నీ', 'U'), ('వు', '|'), ('క', '|'), ('ను', '|'), ('మూ', 'U'), ('య', 'U'), ('న్లో', 'U'), ('క', '|'), ('ప', 'U'), ('ర్వం', 'U'), ('బు', '|'), ('గా', 'U'), ('నం', 'U'), ('డం', 'U'), ('బు', 'U'), ('న్బ్ర', '|'), ('భ', '|'), ('విం', 'U'), ('చు', '|'), ('నీ', 'U'), ('కు', '|'), ('ను', '|'), ('వి', '|'), ('నో', 'U'), ('దా', 'U'), ('ర్థం', 'U'), ('బు', '|'), ('నీ', 'U'), ('మా', 'U'), ('య', '|'), ('మా', 'U'), ('ర్కం', 'U'), ('డే', 'U'), ('యా', 'U'), ('దు', '|'), ('లె', '|'), ('ఱుం', 'U'), ('గ', '|'), ('లే', 'U'), ('రు', '|'), ('ర', '|'), ('ఘు', '|'), ('వీ', 'U'), ('రా', 'U'), ('జా', 'U'), ('న', '|'), ('కీ', 'U'), ('నా', 'U'), ('య', '|'), ('కా', 'U')]",0.9,1.0,1.0,1.0,0.5,1.0
mattebhamu,"జననీగర్భములందు నన్నిటు బడన్ జన్మిచ్చి బాల్యంబులన్
జనుబా లెందఱివైనఁ ద్రాపి యటు వేల్ సంబంధముల్గా పురా
తనకాలంబుననుండి యెంతగను యత్నంబున్న నిందాకఁ దీ
రని కర్మంబులు దీఱు టెట్లు? రఘువీరా! జానకీనాయకా!",vruttamu,Ontimittaraguveera,"[('జ', '|'), ('న', '|'), ('నీ', 'U'), ('గ', 'U'), ('ర్భ', '|'), ('ము', '|'), ('లం', 'U'), ('దు', '|'), ('న', 'U'), ('న్ని', '|'), ('టు', '|'), ('బ', '|'), ('డ', 'U'), ('న్జ', 'U'), ('న్మి', 'U'), ('చ్చి', '|'), ('బా', 'U'), ('ల్యం', 'U'), ('బు', '|'), ('లన్', 'U'), ('జ', '|'), ('ను', '|'), ('బా', 'U'), ('లెం', 'U'), ('ద', '|'), ('ఱి', '|'), ('వై', 'U'), ('న', '|'), ('ద్రా', 'U'), ('పి', '|'), ('య', '|'), ('టు', '|'), ('వే', 'U'), ('ల్సం', 'U'), ('బం', 'U'), ('ధ', '|'), ('ము', 'U'), ('ల్గా', 'U'), ('పు', '|'), ('రా', 'U'), ('త', '|'), ('న', '|'), ('కా', 'U'), ('లం', 'U'), ('బు', '|'), ('న', '|'), ('నుం', 'U'), ('డి', '|'), ('యెం', 'U'), ('త', '|'), ('గ', '|'), ('ను', '|'), ('య', 'U'), ('త్నం', 'U'), ('బు', 'U'), ('న్న', '|'), ('నిం', 'U'), ('దా', 'U'), ('క', '|'), ('దీ', 'U'), ('ర', '|'), ('ని', '|'), ('క', 'U'), ('ర్మం', 'U'), ('బు', '|'), ('లు', '|'), ('దీ', 'U'), ('ఱు', '|'), ('టె', 'U'), ('ట్లు', '|'), ('ర', '|'), ('ఘు', '|'), ('వీ', 'U'), ('రా', 'U'), ('జా', 'U'), ('న', '|'), ('కీ', 'U'), ('నా', 'U'), ('య', '|'), ('కా', 'U')]",1.0,1.0,1.0,1.0,1.0,1.0
mattebhamu,"వెనుకం జేసిన దోషముల్గలుగ నుర్విన్ ముక్తికిం బోదురే
చనఁ బొయ్యే వని కాలుబంట్లె నుడువన్, సాక్షాత్తు నా బంటు వీ
నిని బట్టన్ గమకించు టొప్ప దనియున్ నీవే నివారించవా
ప్రణతాశేష శరణ్యచిత్త! రఘువీరా! జానకీనాయకా!",vruttamu,Ontimittaraguveera,"[('వె', '|'), ('ను', '|'), ('కం', 'U'), ('జే', 'U'), ('సి', '|'), ('న', '|'), ('దో', 'U'), ('ష', '|'), ('ము', 'U'), ('ల్గ', '|'), ('లు', '|'), ('గ', '|'), ('ను', 'U'), ('ర్వి', 'U'), ('న్ము', 'U'), ('క్తి', '|'), ('కిం', 'U'), ('బో', 'U'), ('దు', '|'), ('రే', 'U'), ('చ', '|'), ('న', '|'), ('బొ', 'U'), ('య్యే', 'U'), ('వ', '|'), ('ని', '|'), ('కా', 'U'), ('లు', '|'), ('బం', 'U'), ('ట్లె', '|'), ('ను', '|'), ('డు', '|'), ('వ', 'U'), ('న్సా', 'U'), ('క్షా', 'U'), ('త్తు', '|'), ('నా', 'U'), ('బం', 'U'), ('టు', '|'), ('వీ', 'U'), ('ని', '|'), ('ని', '|'), ('బ', 'U'), ('ట్ట', 'U'), ('న్గ', '|'), ('మ', '|'), ('కిం', 'U'), ('చు', '|'), ('టొ', 'U'), ('ప్ప', '|'), ('ద', '|'), ('ని', '|'), ('యు', 'U'), ('న్నీ', 'U'), ('వే', 'U'), ('ని', '|'), ('వా', 'U'), ('రిం', 'U'), ('చ', '|'), ('వా', 'U'), ('ప్ర', '|'), ('ణ', '|'), ('తా', 'U'), ('శే', 'U'), ('ష', '|'), ('శ', '|'), ('ర', 'U'), ('ణ్య', '|'), ('చి', 'U'), ('త్త', '|'), ('ర', '|'), ('ఘు', '|'), ('వీ', 'U'), ('రా', 'U'), ('జా', 'U'), ('న', '|'), ('కీ', 'U'), ('నా', 'U'), ('య', '|'), ('కా', 'U')]",0.95,1.0,1.0,1.0,1.0,0.75
saardulamu,"నానాజీవమనోనివాస! త్రిజగన్నాథా! మురారీశ! గౌ
రీనాథస్తుత! కైటభాసురవిదారీ! చక్రి! నారాయణా!
యో నాళీకదళాయతాక్ష! కలుషవ్యూహాద్రి వజ్రాయుధా!
ప్రాణాపానసమానరూప! రఘువీరా! జానకీనాయకా!",vruttamu,Ontimittaraguveera,"[('నా', 'U'), ('నా', 'U'), ('జీ', 'U'), ('వ', '|'), ('మ', '|'), ('నో', 'U'), ('ని', '|'), ('వా', 'U'), ('స', '|'), ('త్రి', '|'), ('జ', '|'), ('గ', 'U'), ('న్నా', 'U'), ('థా', 'U'), ('ము', '|'), ('రా', 'U'), ('రీ', 'U'), ('శ', '|'), ('గౌ', 'U'), ('రీ', 'U'), ('నా', 'U'), ('థ', 'U'), ('స్తు', '|'), ('త', '|'), ('కై', 'U'), ('ట', '|'), ('భా', 'U'), ('సు', '|'), ('ర', '|'), ('వి', '|'), ('దా', 'U'), ('రీ', 'U'), ('చ', '|'), ('క్రి', '|'), ('నా', 'U'), ('రా', 'U'), ('య', '|'), ('ణా', 'U'), ('యో', 'U'), ('నా', 'U'), ('ళీ', 'U'), ('క', '|'), ('ద', '|'), ('ళా', 'U'), ('య', '|'), ('తా', 'U'), ('క్ష', '|'), ('క', '|'), ('లు', '|'), ('ష', 'U'), ('వ్యూ', 'U'), ('హా', 'U'), ('ద్రి', '|'), ('వ', '|'), ('జ్రా', 'U'), ('యు', '|'), ('ధా', 'U'), ('ప్రా', 'U'), ('ణా', 'U'), ('పా', 'U'), ('న', '|'), ('స', '|'), ('మా', 'U'), ('న', '|'), ('రూ', 'U'), ('ప', '|'), ('ర', '|'), ('ఘు', '|'), ('వీ', 'U'), ('రా', 'U'), ('జా', 'U'), ('న', '|'), ('కీ', 'U'), ('నా', 'U'), ('య', '|'), ('కా', 'U')]",0.9357142857142857,1.0,1.0,0.9285714285714286,1.0,0.75
mattebhamu,"నను నన్యుల్ గొనియాడ మే లనకయుండన్, నాకు నేనే మహా
ఘనుఁడన్ విద్యకు నేనె బ్రహ్మ ననుచున్ గర్వించి దుర్వాక్యముల్
విని మీ చిత్తమునందు రోయకుము నా వేసాలు గ్రాసాలకే
యని మన్నింతువుగాని నన్ను రఘువీరా! జానకీనాయకా!",vruttamu,Ontimittaraguveera,"[('న', '|'), ('ను', '|'), ('న', 'U'), ('న్యు', 'U'), ('ల్గొ', '|'), ('ని', '|'), ('యా', 'U'), ('డ', '|'), ('మే', 'U'), ('ల', '|'), ('న', '|'), ('క', '|'), ('యుం', 'U'), ('డ', 'U'), ('న్నా', 'U'), ('కు', '|'), ('నే', 'U'), ('నే', 'U'), ('మ', '|'), ('హా', 'U'), ('ఘ', '|'), ('ను', '|'), ('డ', 'U'), ('న్వి', 'U'), ('ద్య', '|'), ('కు', '|'), ('నే', 'U'), ('నె', '|'), ('బ్ర', 'U'), ('హ్మ', '|'), ('న', '|'), ('ను', '|'), ('చు', 'U'), ('న్గ', 'U'), ('ర్విం', 'U'), ('చి', '|'), ('దు', 'U'), ('ర్వా', 'U'), ('క్య', '|'), ('ముల్', 'U'), ('వి', '|'), ('ని', '|'), ('మీ', 'U'), ('చి', 'U'), ('త్త', '|'), ('ము', '|'), ('నం', 'U'), ('దు', '|'), ('రో', 'U'), ('య', '|'), ('కు', '|'), ('ము', '|'), ('నా', 'U'), ('వే', 'U'), ('సా', 'U'), ('లు', '|'), ('గ్రా', 'U'), ('సా', 'U'), ('ల', '|'), ('కే', 'U'), ('య', '|'), ('ని', '|'), ('మ', 'U'), ('న్నిం', 'U'), ('తు', '|'), ('వు', '|'), ('గా', 'U'), ('ని', '|'), ('న', 'U'), ('న్ను', '|'), ('ర', '|'), ('ఘు', '|'), ('వీ', 'U'), ('రా', 'U'), ('జా', 'U'), ('న', '|'), ('కీ', 'U'), ('నా', 'U'), ('య', '|'), ('కా', 'U')]",0.9,1.0,1.0,1.0,0.5,1.0
mattebhamu,"వినుమా యాశ్రితు నిల్పువాఁడ ననుమా వేయేల నీ భక్తునిం
గనుమా యాశ్రితరక్షణంబు ఘనమా కారుణ్యవారాశి య
య్యు నతార్తావనుఁడైన నీకు జగతీవ్యోమస్ఫురత్కీర్తి కొ
య్యన లక్ష్మీకమనీయవక్ష! రఘువీరా! జానకీనాయకా!",vruttamu,Ontimittaraguveera,"[('వి', '|'), ('ను', '|'), ('మా', 'U'), ('యా', 'U'), ('శ్రి', '|'), ('తు', '|'), ('ని', 'U'), ('ల్పు', '|'), ('వా', 'U'), ('డ', '|'), ('న', '|'), ('ను', '|'), ('మా', 'U'), ('వే', 'U'), ('యే', 'U'), ('ల', '|'), ('నీ', 'U'), ('భ', 'U'), ('క్తు', '|'), ('నిం', 'U'), ('గ', '|'), ('ను', '|'), ('మా', 'U'), ('యా', 'U'), ('శ్రి', '|'), ('త', '|'), ('ర', 'U'), ('క్ష', '|'), ('ణం', 'U'), ('బు', '|'), ('ఘ', '|'), ('న', '|'), ('మా', 'U'), ('కా', 'U'), ('రు', 'U'), ('ణ్య', '|'), ('వా', 'U'), ('రా', 'U'), ('శి', '|'), ('య', 'U'), ('య్యు', '|'), ('న', '|'), ('తా', 'U'), ('ర్తా', 'U'), ('వ', '|'), ('ను', '|'), ('డై', 'U'), ('న', '|'), ('నీ', 'U'), ('కు', '|'), ('జ', '|'), ('గ', '|'), ('తీ', 'U'), ('వ్యో', 'U'), ('మ', 'U'), ('స్ఫు', '|'), ('ర', 'U'), ('త్కీ', 'U'), ('ర్తి', '|'), ('కొ', 'U'), ('య్య', '|'), ('న', '|'), ('ల', 'U'), ('క్ష్మీ', 'U'), ('క', '|'), ('మ', '|'), ('నీ', 'U'), ('య', '|'), ('వ', 'U'), ('క్ష', '|'), ('ర', '|'), ('ఘు', '|'), ('వీ', 'U'), ('రా', 'U'), ('జా', 'U'), ('న', '|'), ('కీ', 'U'), ('నా', 'U'), ('య', '|'), ('కా', 'U')]",0.95,1.0,1.0,1.0,0.75,1.0
mattebhamu,"కొమరౌ నాండ్రు పదాఱువేలు గొలువన్ గోపాలకృష్ణావతా
రమునన్ జాలక చొచ్చి గోపికల చీరల్ దీసి రాఁదీసి నె
య్యమునం బొందిన కొయ్యదేవరవు గావా నీవు కృష్ణావతా
రమునన్ లోకమనోభిరామ! రఘువీరా! జానకీనాయకా!",vruttamu,Ontimittaraguveera,"[('కొ', '|'), ('మ', '|'), ('రౌ', 'U'), ('నాం', 'U'), ('డ్రు', '|'), ('ప', '|'), ('దా', 'U'), ('ఱు', '|'), ('వే', 'U'), ('లు', '|'), ('గొ', '|'), ('లు', '|'), ('వ', 'U'), ('న్గో', 'U'), ('పా', 'U'), ('ల', '|'), ('కృ', 'U'), ('ష్ణా', 'U'), ('వ', '|'), ('తా', 'U'), ('ర', '|'), ('ము', '|'), ('న', 'U'), ('న్జా', 'U'), ('ల', '|'), ('క', '|'), ('చొ', 'U'), ('చ్చి', '|'), ('గో', 'U'), ('పి', '|'), ('క', '|'), ('ల', '|'), ('చీ', 'U'), ('ర', 'U'), ('ల్దీ', 'U'), ('సి', '|'), ('రా', 'U'), ('దీ', 'U'), ('సి', '|'), ('నె', 'U'), ('య్య', '|'), ('ము', '|'), ('నం', 'U'), ('బొం', 'U'), ('ది', '|'), ('న', '|'), ('కొ', 'U'), ('య్య', '|'), ('దే', 'U'), ('వ', '|'), ('ర', '|'), ('వు', '|'), ('గా', 'U'), ('వా', 'U'), ('నీ', 'U'), ('వు', '|'), ('కృ', 'U'), ('ష్ణా', 'U'), ('వ', '|'), ('తా', 'U'), ('ర', '|'), ('ము', '|'), ('న', 'U'), ('న్లో', 'U'), ('క', '|'), ('మ', '|'), ('నో', 'U'), ('భి', '|'), ('రా', 'U'), ('మ', '|'), ('ర', '|'), ('ఘు', '|'), ('వీ', 'U'), ('రా', 'U'), ('జా', 'U'), ('న', '|'), ('కీ', 'U'), ('నా', 'U'), ('య', '|'), ('కా', 'U')]",0.95,1.0,1.0,1.0,0.75,1.0
mattebhamu,"కరుణానీరధి! నిన్ను వేడుకొనినన్ గాండీవికిం బోరిలో
నరదం బొప్పఁగ గొప్ప సారథివి గావా కావ నోదేవ! నీ
సరి యెవ్వారును లేరు శిష్టజనరక్షాదక్ష దీక్షామణీ!
ధరణీనాయకమౌళిరత్న! రఘువీరా! జానకీనాయకా!",vruttamu,Ontimittaraguveera,"[('క', '|'), ('రు', '|'), ('ణా', 'U'), ('నీ', 'U'), ('ర', '|'), ('ధి', '|'), ('ని', 'U'), ('న్ను', '|'), ('వే', 'U'), ('డు', '|'), ('కొ', '|'), ('ని', '|'), ('న', 'U'), ('న్గాం', 'U'), ('డీ', 'U'), ('వి', '|'), ('కిం', 'U'), ('బో', 'U'), ('రి', '|'), ('లో', 'U'), ('న', '|'), ('ర', '|'), ('దం', 'U'), ('బొ', 'U'), ('ప్ప', '|'), ('గ', '|'), ('గొ', 'U'), ('ప్ప', '|'), ('సా', 'U'), ('ర', '|'), ('థి', '|'), ('వి', '|'), ('గా', 'U'), ('వా', 'U'), ('కా', 'U'), ('వ', '|'), ('నో', 'U'), ('దే', 'U'), ('వ', '|'), ('నీ', 'U'), ('స', '|'), ('రి', '|'), ('యె', 'U'), ('వ్వా', 'U'), ('రు', '|'), ('ను', '|'), ('లే', 'U'), ('రు', '|'), ('శి', 'U'), ('ష్ట', '|'), ('జ', '|'), ('న', '|'), ('ర', 'U'), ('క్షా', 'U'), ('ద', 'U'), ('క్ష', '|'), ('దీ', 'U'), ('క్షా', 'U'), ('మ', '|'), ('ణీ', 'U'), ('ధ', '|'), ('ర', '|'), ('ణీ', 'U'), ('నా', 'U'), ('య', '|'), ('క', '|'), ('మౌ', 'U'), ('ళి', '|'), ('ర', 'U'), ('త్న', '|'), ('ర', '|'), ('ఘు', '|'), ('వీ', 'U'), ('రా', 'U'), ('జా', 'U'), ('న', '|'), ('కీ', 'U'), ('నా', 'U'), ('య', '|'), ('కా', 'U')]",0.9,1.0,1.0,1.0,0.5,1.0
mattebhamu,"అతులప్రౌఢిమ మీఱ రాయకవి యయ్యల్‌రాజు సత్పుత్రుఁ డ
చ్యుతభక్తిం ద్రిపురాంతకుం డొనరిచెన్ శుద్ధంబుగా నాంధ్ర సం
గత పద్యంబుల నూటి నివ్వి వెలయుం గాతన్ రవీందుప్రచా
రత యెందాకనొ యంత దాక రఘువీరా! జానకీనాయకా!",vruttamu,Ontimittaraguveera,"[('అ', '|'), ('తు', '|'), ('ల', '|'), ('ప్రౌ', 'U'), ('ఢి', '|'), ('మ', '|'), ('మీ', 'U'), ('ఱ', '|'), ('రా', 'U'), ('య', '|'), ('క', '|'), ('వి', '|'), ('య', 'U'), ('య్య', '|'), ('ల్రా', 'U'), ('జు', '|'), ('స', 'U'), ('త్పు', '|'), ('త్రు', '|'), ('డ', 'U'), ('చ్యు', '|'), ('త', '|'), ('భ', 'U'), ('క్తిం', 'U'), ('ద్రి', '|'), ('పు', '|'), ('రాం', 'U'), ('త', '|'), ('కుం', 'U'), ('డొ', '|'), ('న', '|'), ('రి', '|'), ('చె', 'U'), ('న్శు', 'U'), ('ద్ధం', 'U'), ('బు', '|'), ('గా', 'U'), ('నాం', 'U'), ('ధ్ర', '|'), ('సం', 'U'), ('గ', '|'), ('త', '|'), ('ప', 'U'), ('ద్యం', 'U'), ('బు', '|'), ('ల', '|'), ('నూ', 'U'), ('టి', '|'), ('ని', 'U'), ('వ్వి', '|'), ('వె', '|'), ('ల', '|'), ('యుం', 'U'), ('గా', 'U'), ('త', '|'), ('న్ర', '|'), ('వీం', 'U'), ('దు', '|'), ('ప్ర', '|'), ('చా', 'U'), ('ర', '|'), ('త', '|'), ('యెం', 'U'), ('దా', 'U'), ('క', '|'), ('నొ', '|'), ('యం', 'U'), ('త', '|'), ('దా', 'U'), ('క', '|'), ('ర', '|'), ('ఘు', '|'), ('వీ', 'U'), ('రా', 'U'), ('జా', 'U'), ('న', '|'), ('కీ', 'U'), ('నా', 'U'), ('య', '|'), ('కా', 'U')]",0.9642857142857142,1.0,1.0,0.8214285714285714,1.0,1.0
kandamu,"శ్రీమానినీమనోహర! 
సోమార్కవిశాలనేత్ర! సురనుతగాత్రా!
దామోదర నీలమణీ 
శ్యామా! ననుఁ బ్రోవు మన్న సంపఁగిమన్నా!",jaathi,Sampangimanna,"[('శ్రీ', 'U'), ('మా', 'U'), ('ని', '|'), ('నీ', 'U'), ('మ', '|'), ('నో', 'U'), ('హ', '|'), ('ర', '|'), ('సో', 'U'), ('మా', 'U'), ('ర్క', '|'), ('వి', '|'), ('శా', 'U'), ('ల', '|'), ('నే', 'U'), ('త్ర', '|'), ('సు', '|'), ('ర', '|'), ('ను', '|'), ('త', '|'), ('గా', 'U'), ('త్రా', 'U'), ('దా', 'U'), ('మో', 'U'), ('ద', '|'), ('ర', '|'), ('నీ', 'U'), ('ల', '|'), ('మ', '|'), ('ణీ', 'U'), ('శ్యా', 'U'), ('మా', 'U'), ('న', '|'), ('ను', '|'), ('బ్రో', 'U'), ('వు', '|'), ('మ', 'U'), ('న్న', '|'), ('సం', 'U'), ('ప', '|'), ('గి', '|'), ('మ', 'U'), ('న్నా', 'U')]",1.0,-1.0,1.0,1.0,1.0,1.0
kandamu,"పరమానందయతీంద్రుఁడఁ 
బరిపూర్ణుఁడ వైననీదుభక్తుఁడ నెలమిన్‌
విరచించెద నొకశతకము 
శరణాగతసుప్రసన్న! సంపఁగిమన్నా!",jaathi,Sampangimanna,"[('ప', '|'), ('ర', '|'), ('మా', 'U'), ('నం', 'U'), ('ద', '|'), ('య', '|'), ('తీం', 'U'), ('ద్రు', '|'), ('డ', '|'), ('బ', '|'), ('రి', '|'), ('పూ', 'U'), ('ర్ణు', '|'), ('డ', '|'), ('వై', 'U'), ('న', '|'), ('నీ', 'U'), ('దు', '|'), ('భ', 'U'), ('క్తు', '|'), ('డ', '|'), ('నె', '|'), ('ల', '|'), ('మిన్', 'U'), ('వి', '|'), ('ర', '|'), ('చిం', 'U'), ('చె', '|'), ('ద', '|'), ('నొ', '|'), ('క', '|'), ('శ', '|'), ('త', '|'), ('క', '|'), ('ము', '|'), ('శ', '|'), ('ర', '|'), ('ణా', 'U'), ('గ', '|'), ('త', '|'), ('సు', '|'), ('ప్ర', '|'), ('స', 'U'), ('న్న', '|'), ('సం', 'U'), ('ప', '|'), ('గి', '|'), ('మ', 'U'), ('న్నా', 'U')]",0.828125,-1.0,1.0,0.8125,0.5,1.0
kandamu,"నినుఁజెప్పనేర నైనను 
ఘన మగునుతి గనుక కూరగాయకవిత్వం
బనక కృపామతిఁ గైకొను 
సనకాదిమునిప్రసన్న! సంపఁగిమన్నా!",jaathi,Sampangimanna,"[('ని', '|'), ('ను', '|'), ('జె', 'U'), ('ప్ప', '|'), ('నే', 'U'), ('ర', '|'), ('నై', 'U'), ('న', '|'), ('ను', '|'), ('ఘ', '|'), ('న', '|'), ('మ', '|'), ('గు', '|'), ('ను', '|'), ('తి', '|'), ('గ', '|'), ('ను', '|'), ('క', '|'), ('కూ', 'U'), ('ర', '|'), ('గా', 'U'), ('య', '|'), ('క', '|'), ('వి', 'U'), ('త్వం', 'U'), ('బ', '|'), ('న', '|'), ('క', '|'), ('కృ', '|'), ('పా', 'U'), ('మ', '|'), ('తి', '|'), ('గై', 'U'), ('కొ', '|'), ('ను', '|'), ('స', '|'), ('న', '|'), ('కా', 'U'), ('ది', '|'), ('ము', '|'), ('ని', '|'), ('ప్ర', '|'), ('స', 'U'), ('న్న', '|'), ('సం', 'U'), ('ప', '|'), ('గి', '|'), ('మ', 'U'), ('న్నా', 'U')]",0.828125,-1.0,1.0,0.8125,0.5,1.0
kandamu,"జిలిబిలిమాటలఁ బలికెడి 
యలశిశువును దండ్రి ముద్దులాడెడుపగిదిన్‌
బలికెద నను మన్నింపుము 
సలలితకాంతిప్రసన్న! సంపఁగిమన్నా!",jaathi,Sampangimanna,"[('జి', '|'), ('లి', '|'), ('బి', '|'), ('లి', '|'), ('మా', 'U'), ('ట', '|'), ('ల', '|'), ('బ', '|'), ('లి', '|'), ('కె', '|'), ('డి', '|'), ('య', '|'), ('ల', '|'), ('శి', '|'), ('శు', '|'), ('వు', '|'), ('ను', '|'), ('దం', 'U'), ('డ్రి', '|'), ('ము', 'U'), ('ద్దు', '|'), ('లా', 'U'), ('డె', '|'), ('డు', '|'), ('ప', '|'), ('గి', '|'), ('దిన్', 'U'), ('బ', '|'), ('లి', '|'), ('కె', '|'), ('ద', '|'), ('న', '|'), ('ను', '|'), ('మ', 'U'), ('న్నిం', 'U'), ('పు', '|'), ('ము', '|'), ('స', '|'), ('ల', '|'), ('లి', '|'), ('త', '|'), ('కాం', 'U'), ('తి', '|'), ('ప్ర', '|'), ('స', 'U'), ('న్న', '|'), ('సం', 'U'), ('ప', '|'), ('గి', '|'), ('మ', 'U'), ('న్నా', 'U')]",0.703125,-1.0,1.0,0.8125,0.0,1.0
kandamu,"తత్త్వజ్ఞానానంద మ
హత్త్వము రచియింతు నీదయన్‌భువిఁ గృతకృ
త్యత్త్వము నిత్యత్వముగా
సాత్త్వికపరయోగు లెన్న సంపఁగిమన్నా!",jaathi,Sampangimanna,"[('త', 'U'), ('త్త్వ', 'U'), ('జ్ఞా', 'U'), ('నా', 'U'), ('నం', 'U'), ('ద', '|'), ('మ', '|'), ('హ', 'U'), ('త్త్వ', '|'), ('ము', '|'), ('ర', '|'), ('చి', '|'), ('యిం', 'U'), ('తు', '|'), ('నీ', 'U'), ('ద', '|'), ('య', 'U'), ('న్భు', '|'), ('వి', '|'), ('గృ', '|'), ('త', '|'), ('కృ', 'U'), ('త్య', 'U'), ('త్త్వ', '|'), ('ము', '|'), ('ని', 'U'), ('త్య', 'U'), ('త్వ', '|'), ('ము', '|'), ('గా', 'U'), ('సా', 'U'), ('త్త్వి', '|'), ('క', '|'), ('ప', '|'), ('ర', '|'), ('యో', 'U'), ('గు', '|'), ('లె', 'U'), ('న్న', '|'), ('సం', 'U'), ('ప', '|'), ('గి', '|'), ('మ', 'U'), ('న్నా', 'U')]",1.0,-1.0,1.0,1.0,1.0,1.0
kandamu,"తత్త్వము దా రెఱుఁగక బ్ర 
హ్మత్వ ముపచరించువారిమాటలు ధృతకో
శత్వములను నిలిచియు ని
స్సత్త్వము లగుఁ గన్న విన్న సంపఁగిమన్నా!",jaathi,Sampangimanna,"[('త', 'U'), ('త్త్వ', '|'), ('ము', '|'), ('దా', 'U'), ('రె', '|'), ('ఱు', '|'), ('గ', '|'), ('క', '|'), ('బ్ర', 'U'), ('హ్మ', 'U'), ('త్వ', '|'), ('ము', '|'), ('ప', '|'), ('చ', '|'), ('రిం', 'U'), ('చు', '|'), ('వా', 'U'), ('రి', '|'), ('మా', 'U'), ('ట', '|'), ('లు', '|'), ('ధృ', '|'), ('త', '|'), ('కో', 'U'), ('శ', 'U'), ('త్వ', '|'), ('ము', '|'), ('ల', '|'), ('ను', '|'), ('ని', '|'), ('లి', '|'), ('చి', '|'), ('యు', '|'), ('ని', 'U'), ('స్స', 'U'), ('త్త్వ', '|'), ('ము', '|'), ('ల', '|'), ('గు', '|'), ('గ', 'U'), ('న్న', '|'), ('వి', 'U'), ('న్న', '|'), ('సం', 'U'), ('ప', '|'), ('గి', '|'), ('మ', 'U'), ('న్నా', 'U')]",0.875,-1.0,1.0,1.0,1.0,0.5
kandamu,"వినవలె సద్గురువులచేఁ 
గనవలె నరచేతియుసిరికాయయుఁబలెఁ దా
మనవలె బ్రహ్మము దానై 
సనకాదిమునిప్రసన్న! సంపఁగిమన్నా!",jaathi,Sampangimanna,"[('వి', '|'), ('న', '|'), ('వ', '|'), ('లె', '|'), ('స', 'U'), ('ద్గు', '|'), ('రు', '|'), ('వు', '|'), ('ల', '|'), ('చే', 'U'), ('గ', '|'), ('న', '|'), ('వ', '|'), ('లె', '|'), ('న', '|'), ('ర', '|'), ('చే', 'U'), ('తి', '|'), ('యు', '|'), ('సి', '|'), ('రి', '|'), ('కా', 'U'), ('య', '|'), ('యు', '|'), ('బ', '|'), ('లె', '|'), ('దా', 'U'), ('మ', '|'), ('న', '|'), ('వ', '|'), ('లె', '|'), ('బ్ర', 'U'), ('హ్మ', '|'), ('ము', '|'), ('దా', 'U'), ('నై', 'U'), ('స', '|'), ('న', '|'), ('కా', 'U'), ('ది', '|'), ('ము', '|'), ('ని', '|'), ('ప్ర', '|'), ('స', 'U'), ('న్న', '|'), ('సం', 'U'), ('ప', '|'), ('గి', '|'), ('మ', 'U'), ('న్నా', 'U')]",0.828125,-1.0,1.0,0.8125,0.5,1.0
kandamu,"తాటాకులలో వ్రాసిన 
మాటలనా ముక్తి పాడిమర్మముఁ దెలియున్‌?
సూటి యగురాజమార్గము 
సాటి యగునె యెచట నున్న! సంపఁగిమన్నా!",jaathi,Sampangimanna,"[('తా', 'U'), ('టా', 'U'), ('కు', '|'), ('ల', '|'), ('లో', 'U'), ('వ్రా', 'U'), ('సి', '|'), ('న', '|'), ('మా', 'U'), ('ట', '|'), ('ల', '|'), ('నా', 'U'), ('ము', 'U'), ('క్తి', '|'), ('పా', 'U'), ('డి', '|'), ('మ', 'U'), ('ర్మ', '|'), ('ము', '|'), ('దె', '|'), ('లి', '|'), ('యున్', 'U'), ('సూ', 'U'), ('టి', '|'), ('య', '|'), ('గు', '|'), ('రా', 'U'), ('జ', '|'), ('మా', 'U'), ('ర్గ', '|'), ('ము', '|'), ('సా', 'U'), ('టి', '|'), ('య', '|'), ('గు', '|'), ('నె', '|'), ('యె', '|'), ('చ', '|'), ('ట', '|'), ('ను', 'U'), ('న్న', '|'), ('సం', 'U'), ('ప', '|'), ('గి', '|'), ('మ', 'U'), ('న్నా', 'U')]",1.0,-1.0,1.0,1.0,1.0,1.0
kandamu,"సన్న్యాసుల మని శాస్త్రో 
పన్యాసముసేయ నందు ఫలమేమి? మన
స్సన్న్యాసము దొరకని 
యాసన్న్యాసము కూటికన్న సంపఁగిమన్నా!",jaathi,Sampangimanna,"[('స', 'U'), ('న్న్యా', 'U'), ('సు', '|'), ('ల', '|'), ('మ', '|'), ('ని', '|'), ('శా', 'U'), ('స్త్రో', 'U'), ('ప', 'U'), ('న్యా', 'U'), ('స', '|'), ('ము', '|'), ('సే', 'U'), ('య', '|'), ('నం', 'U'), ('దు', '|'), ('ఫ', '|'), ('ల', '|'), ('మే', 'U'), ('మి', '|'), ('మ', '|'), ('న', 'U'), ('స్స', 'U'), ('న్న్యా', 'U'), ('స', '|'), ('ము', '|'), ('దొ', '|'), ('ర', '|'), ('క', '|'), ('ని', '|'), ('యా', 'U'), ('స', 'U'), ('న్న్యా', 'U'), ('స', '|'), ('ము', '|'), ('కూ', 'U'), ('టి', '|'), ('క', 'U'), ('న్న', '|'), ('సం', 'U'), ('ప', '|'), ('గి', '|'), ('మ', 'U'), ('న్నా', 'U')]",0.9375,-1.0,1.0,1.0,1.0,0.75
kandamu,"గామువలె సంచరించినఁ 
బామువలెన్‌ గుహల నున్న బంధము తెగునా?
దీ మెఱిఁగి పరునిఁ గలసెడి 
సామర్థ్యము గూడకున్న సంపఁగిమన్నా!",jaathi,Sampangimanna,"[('గా', 'U'), ('ము', '|'), ('వ', '|'), ('లె', '|'), ('సం', 'U'), ('చ', '|'), ('రిం', 'U'), ('చి', '|'), ('న', '|'), ('బా', 'U'), ('ము', '|'), ('వ', '|'), ('లె', 'U'), ('న్గు', '|'), ('హ', '|'), ('ల', '|'), ('ను', 'U'), ('న్న', '|'), ('బం', 'U'), ('ధ', '|'), ('ము', '|'), ('తె', '|'), ('గు', '|'), ('నా', 'U'), ('దీ', 'U'), ('మె', '|'), ('ఱి', '|'), ('గి', '|'), ('ప', '|'), ('రు', '|'), ('ని', '|'), ('గ', '|'), ('ల', '|'), ('సె', '|'), ('డి', '|'), ('సా', 'U'), ('మ', 'U'), ('ర్థ్య', '|'), ('ము', '|'), ('గూ', 'U'), ('డ', '|'), ('కు', 'U'), ('న్న', '|'), ('సం', 'U'), ('ప', '|'), ('గి', '|'), ('మ', 'U'), ('న్నా', 'U')]",1.0,-1.0,1.0,1.0,1.0,1.0
kandamu,"వాటమగురీతి ముక్తిక
వాటము భేదింప నెట్లు వశపడుఁ దనలో
నాటుకొనుమాయఁ దగ ను
చ్చాటన మొగిఁ జేయకున్న సంపఁగిమన్నా!",jaathi,Sampangimanna,"[('వా', 'U'), ('ట', '|'), ('మ', '|'), ('గు', '|'), ('రీ', 'U'), ('తి', '|'), ('ము', 'U'), ('క్తి', '|'), ('క', '|'), ('వా', 'U'), ('ట', '|'), ('ము', '|'), ('భే', 'U'), ('దిం', 'U'), ('ప', '|'), ('నె', 'U'), ('ట్లు', '|'), ('వ', '|'), ('శ', '|'), ('ప', '|'), ('డు', '|'), ('ద', '|'), ('న', '|'), ('లో', 'U'), ('నా', 'U'), ('టు', '|'), ('కొ', '|'), ('ను', '|'), ('మా', 'U'), ('య', '|'), ('ద', '|'), ('గ', '|'), ('ను', 'U'), ('చ్చా', 'U'), ('ట', '|'), ('న', '|'), ('మొ', '|'), ('గి', '|'), ('జే', 'U'), ('య', '|'), ('కు', 'U'), ('న్న', '|'), ('సం', 'U'), ('ప', '|'), ('గి', '|'), ('మ', 'U'), ('న్నా', 'U')]",1.0,-1.0,1.0,1.0,1.0,1.0
kandamu,"ఎక్కటిచదువులు బోధలు 
మక్కువ ననుభవములేనిమాటలు వినఁగాఁ
బుక్కిటిపురాణములకై 
జక్కులసంతోష మెన్న సంపఁగిమన్నా!",jaathi,Sampangimanna,"[('ఎ', 'U'), ('క్క', '|'), ('టి', '|'), ('చ', '|'), ('దు', '|'), ('వు', '|'), ('లు', '|'), ('బో', 'U'), ('ధ', '|'), ('లు', '|'), ('మ', 'U'), ('క్కు', '|'), ('వ', '|'), ('న', '|'), ('ను', '|'), ('భ', '|'), ('వ', '|'), ('ము', '|'), ('లే', 'U'), ('ని', '|'), ('మా', 'U'), ('ట', '|'), ('లు', '|'), ('వి', '|'), ('న', '|'), ('గా', 'U'), ('బు', 'U'), ('క్కి', '|'), ('టి', '|'), ('పు', '|'), ('రా', 'U'), ('ణ', '|'), ('ము', '|'), ('ల', '|'), ('కై', 'U'), ('జ', 'U'), ('క్కు', '|'), ('ల', '|'), ('సం', 'U'), ('తో', 'U'), ('ష', '|'), ('మె', 'U'), ('న్న', '|'), ('సం', 'U'), ('ప', '|'), ('గి', '|'), ('మ', 'U'), ('న్నా', 'U')]",1.0,-1.0,1.0,1.0,1.0,1.0
kandamu,"వాలాయము గురుకృపచే 
శ్రీలీలల రాజయోగ సిద్ధుఁడు గాఁగా
నేలా సంసారమునకు 
జాలింబడ సుప్రసన్న! సంపఁగిమన్నా!",jaathi,Sampangimanna,"[('వా', 'U'), ('లా', 'U'), ('య', '|'), ('ము', '|'), ('గు', '|'), ('రు', '|'), ('కృ', '|'), ('ప', '|'), ('చే', 'U'), ('శ్రీ', 'U'), ('లీ', 'U'), ('ల', '|'), ('ల', '|'), ('రా', 'U'), ('జ', '|'), ('యో', 'U'), ('గ', '|'), ('సి', 'U'), ('ద్ధు', '|'), ('డు', '|'), ('గా', 'U'), ('గా', 'U'), ('నే', 'U'), ('లా', 'U'), ('సం', 'U'), ('సా', 'U'), ('ర', '|'), ('ము', '|'), ('న', '|'), ('కు', '|'), ('జా', 'U'), ('లిం', 'U'), ('బ', '|'), ('డ', '|'), ('సు', '|'), ('ప్ర', '|'), ('స', 'U'), ('న్న', '|'), ('సం', 'U'), ('ప', '|'), ('గి', '|'), ('మ', 'U'), ('న్నా', 'U')]",0.828125,-1.0,1.0,0.8125,0.5,1.0
kandamu,"శ్రీరాజయోగవిద్యా 
పారీణున కబ్బుఁ గాక పరమసుఖం బీ
ధారణి హఠలయమంత్రవి
చారుల కది దొరక దన్న! సంపఁగిమన్నా!",jaathi,Sampangimanna,"[('శ్రీ', 'U'), ('రా', 'U'), ('జ', '|'), ('యో', 'U'), ('గ', '|'), ('వి', 'U'), ('ద్యా', 'U'), ('పా', 'U'), ('రీ', 'U'), ('ణు', '|'), ('న', '|'), ('క', 'U'), ('బ్బు', '|'), ('గా', 'U'), ('క', '|'), ('ప', '|'), ('ర', '|'), ('మ', '|'), ('సు', '|'), ('ఖం', 'U'), ('బీ', 'U'), ('ధా', 'U'), ('ర', '|'), ('ణి', '|'), ('హ', '|'), ('ఠ', '|'), ('ల', '|'), ('య', '|'), ('మం', 'U'), ('త్ర', '|'), ('వి', '|'), ('చా', 'U'), ('రు', '|'), ('ల', '|'), ('క', '|'), ('ది', '|'), ('దొ', '|'), ('ర', '|'), ('క', '|'), ('ద', 'U'), ('న్న', '|'), ('సం', 'U'), ('ప', '|'), ('గి', '|'), ('మ', 'U'), ('న్నా', 'U')]",1.0,-1.0,1.0,1.0,1.0,1.0
kandamu,"మాయాయోగతపంబుల 
నాయాసముతోడఁ జేయ నబ్బును దత్త్వం
బాయెన్ని కేలపెట్టన్‌ 
జాయలనా సుప్రసన్న! సంపఁగిమన్నా!",jaathi,Sampangimanna,"[('మా', 'U'), ('యా', 'U'), ('యో', 'U'), ('గ', '|'), ('త', '|'), ('పం', 'U'), ('బు', '|'), ('ల', '|'), ('నా', 'U'), ('యా', 'U'), ('స', '|'), ('ము', '|'), ('తో', 'U'), ('డ', '|'), ('జే', 'U'), ('య', '|'), ('న', 'U'), ('బ్బు', '|'), ('ను', '|'), ('ద', 'U'), ('త్త్వం', 'U'), ('బా', 'U'), ('యె', 'U'), ('న్ని', '|'), ('కే', 'U'), ('ల', '|'), ('పె', 'U'), ('ట్టన్', 'U'), ('జా', 'U'), ('య', '|'), ('ల', '|'), ('నా', 'U'), ('సు', '|'), ('ప్ర', '|'), ('స', 'U'), ('న్న', '|'), ('సం', 'U'), ('ప', '|'), ('గి', '|'), ('మ', 'U'), ('న్నా', 'U')]",0.828125,-1.0,1.0,0.8125,0.5,1.0
kandamu,"ఒండొరులఁ గూడి గొణఁగుచు 
దండము లిడికొనుచు బోడితలలుం దామున్‌
నిండిరి మహి తత్త్వము నహి 
చండితనం బధిక మన్న సంపఁగిమన్నా!",jaathi,Sampangimanna,"[('ఒం', 'U'), ('డొ', '|'), ('రు', '|'), ('ల', '|'), ('గూ', 'U'), ('డి', '|'), ('గొ', '|'), ('ణ', '|'), ('గు', '|'), ('చు', '|'), ('దం', 'U'), ('డ', '|'), ('ము', '|'), ('లి', '|'), ('డి', '|'), ('కొ', '|'), ('ను', '|'), ('చు', '|'), ('బో', 'U'), ('డి', '|'), ('త', '|'), ('ల', '|'), ('లుం', 'U'), ('దా', 'U'), ('మున్', 'U'), ('నిం', 'U'), ('డి', '|'), ('రి', '|'), ('మ', '|'), ('హి', '|'), ('త', 'U'), ('త్త్వ', '|'), ('ము', '|'), ('న', '|'), ('హి', '|'), ('చం', 'U'), ('డి', '|'), ('త', '|'), ('నం', 'U'), ('బ', '|'), ('ధి', '|'), ('క', '|'), ('మ', 'U'), ('న్న', '|'), ('సం', 'U'), ('ప', '|'), ('గి', '|'), ('మ', 'U'), ('న్నా', 'U')]",1.0,-1.0,1.0,1.0,1.0,1.0
kandamu,"వానలు పస పైరుల కభి 
మానము పస వనితలకును మఱి యోగులకున్‌
ధ్యానము పస యామీఁదట 
జ్ఞానము పస సుప్రసన్న సంపఁగిమన్నా!",jaathi,Sampangimanna,"[('వా', 'U'), ('న', '|'), ('లు', '|'), ('ప', '|'), ('స', '|'), ('పై', 'U'), ('రు', '|'), ('ల', '|'), ('క', '|'), ('భి', '|'), ('మా', 'U'), ('న', '|'), ('ము', '|'), ('ప', '|'), ('స', '|'), ('వ', '|'), ('ని', '|'), ('త', '|'), ('ల', '|'), ('కు', '|'), ('ను', '|'), ('మ', '|'), ('ఱి', '|'), ('యో', 'U'), ('గు', '|'), ('ల', '|'), ('కున్', 'U'), ('ధ్యా', 'U'), ('న', '|'), ('ము', '|'), ('ప', '|'), ('స', '|'), ('యా', 'U'), ('మీ', 'U'), ('ద', '|'), ('ట', 'U'), ('జ్ఞా', 'U'), ('న', '|'), ('ము', '|'), ('ప', '|'), ('స', '|'), ('సు', '|'), ('ప్ర', '|'), ('స', 'U'), ('న్న', '|'), ('సం', 'U'), ('ప', '|'), ('గి', '|'), ('మ', 'U'), ('న్నా', 'U')]",0.765625,-1.0,1.0,0.8125,0.5,0.75
kandamu,"మాయ యనఁగ వే ఱై యొక 
తోయము లే దయ్య తన్నుఁ దోఁపనిచోటే
మాయ! తా రోసినను జూ 
చాయం జెడిపోవు నన్న! సంపఁగిమన్నా!",jaathi,Sampangimanna,"[('మా', 'U'), ('య', '|'), ('య', '|'), ('న', '|'), ('గ', '|'), ('వే', 'U'), ('ఱై', 'U'), ('యొ', '|'), ('క', '|'), ('తో', 'U'), ('య', '|'), ('ము', '|'), ('లే', 'U'), ('ద', 'U'), ('య్య', '|'), ('త', 'U'), ('న్ను', '|'), ('దో', 'U'), ('ప', '|'), ('ని', '|'), ('చో', 'U'), ('టే', 'U'), ('మా', 'U'), ('య', '|'), ('తా', 'U'), ('రో', 'U'), ('సి', '|'), ('న', '|'), ('ను', '|'), ('జూ', 'U'), ('చా', 'U'), ('యం', 'U'), ('జె', '|'), ('డి', '|'), ('పో', 'U'), ('వు', '|'), ('న', 'U'), ('న్న', '|'), ('సం', 'U'), ('ప', '|'), ('గి', '|'), ('మ', 'U'), ('న్నా', 'U')]",0.71875,-1.0,1.0,0.625,0.5,0.75
kandamu,"తామరసాక్షున కైనన్‌ 
శ్రీమించినసురల కైన సిద్ధుల కైన\న్‌
నీమాయఁ దెలియవశమా 
సామాన్యమె! కఠిన మెన్న సంపఁగిమన్నా!",jaathi,Sampangimanna,"[('తా', 'U'), ('మ', '|'), ('ర', '|'), ('సా', 'U'), ('క్షు', '|'), ('న', '|'), ('కై', 'U'), ('నన్', 'U'), ('శ్రీ', 'U'), ('మిం', 'U'), ('చి', '|'), ('న', '|'), ('సు', '|'), ('ర', '|'), ('ల', '|'), ('కై', 'U'), ('న', '|'), ('సి', 'U'), ('ద్ధు', '|'), ('ల', '|'), ('కై', 'U'), ('నన్', 'U'), ('నీ', 'U'), ('మా', 'U'), ('య', '|'), ('దె', '|'), ('లి', '|'), ('య', '|'), ('వ', '|'), ('శ', '|'), ('మా', 'U'), ('సా', 'U'), ('మా', 'U'), ('న్య', '|'), ('మె', '|'), ('క', '|'), ('ఠి', '|'), ('న', '|'), ('మె', 'U'), ('న్న', '|'), ('సం', 'U'), ('ప', '|'), ('గి', '|'), ('మ', 'U'), ('న్నా', 'U')]",1.0,-1.0,1.0,1.0,1.0,1.0
kandamu,"నిండికొను నిట్టిమాయ ప్ర 
చండగతిం గప్పుకొన్న సజ్జనుల బుధుల్‌
ఖండింప నేల మదపా 
షండులవాక్యములు విన్న సంపఁగిమన్నా!",jaathi,Sampangimanna,"[('నిం', 'U'), ('డి', '|'), ('కొ', '|'), ('ను', '|'), ('ని', 'U'), ('ట్టి', '|'), ('మా', 'U'), ('య', '|'), ('ప్ర', '|'), ('చం', 'U'), ('డ', '|'), ('గ', '|'), ('తిం', 'U'), ('గ', 'U'), ('ప్పు', '|'), ('కొ', 'U'), ('న్న', '|'), ('స', 'U'), ('జ్జ', '|'), ('ను', '|'), ('ల', '|'), ('బు', '|'), ('ధుల్', 'U'), ('ఖం', 'U'), ('డిం', 'U'), ('ప', '|'), ('నే', 'U'), ('ల', '|'), ('మ', '|'), ('ద', '|'), ('పా', 'U'), ('షం', 'U'), ('డు', '|'), ('ల', '|'), ('వా', 'U'), ('క్య', '|'), ('ము', '|'), ('లు', '|'), ('వి', 'U'), ('న్న', '|'), ('సం', 'U'), ('ప', '|'), ('గి', '|'), ('మ', 'U'), ('న్నా', 'U')]",1.0,-1.0,1.0,1.0,1.0,1.0
kandamu,"మండితపూర్ణసుధాకర 
మండలశతకోటికాంతిమహనీయుండై
నిండి తనలోన యోగి ప్ర
చండగతి న్వెలుఁగు నన్న సంపఁగిమన్నా!",jaathi,Sampangimanna,"[('మం', 'U'), ('డి', '|'), ('త', '|'), ('పూ', 'U'), ('ర్ణ', '|'), ('సు', '|'), ('ధా', 'U'), ('క', '|'), ('ర', '|'), ('మం', 'U'), ('డ', '|'), ('ల', '|'), ('శ', '|'), ('త', '|'), ('కో', 'U'), ('టి', '|'), ('కాం', 'U'), ('తి', '|'), ('మ', '|'), ('హ', '|'), ('నీ', 'U'), ('యుం', 'U'), ('డై', 'U'), ('నిం', 'U'), ('డి', '|'), ('త', '|'), ('న', '|'), ('లో', 'U'), ('న', '|'), ('యో', 'U'), ('గి', '|'), ('ప్ర', '|'), ('చం', 'U'), ('డ', '|'), ('గ', '|'), ('తి', 'U'), ('న్వె', '|'), ('లు', '|'), ('గు', '|'), ('న', 'U'), ('న్న', '|'), ('సం', 'U'), ('ప', '|'), ('గి', '|'), ('మ', 'U'), ('న్నా', 'U')]",1.0,-1.0,1.0,1.0,1.0,1.0
kandamu,"పేరుకొనుమంత్రవాదము 
భారం బది కుక్కనోటిపాఁతై రోఁతై
పోరై యారై దూఱై 
జాఱఁగవలె సుప్రసన్న! సంపఁగిమన్నా!",jaathi,Sampangimanna,"[('పే', 'U'), ('రు', '|'), ('కొ', '|'), ('ను', '|'), ('మం', 'U'), ('త్ర', '|'), ('వా', 'U'), ('ద', '|'), ('ము', '|'), ('భా', 'U'), ('రం', 'U'), ('బ', '|'), ('ది', '|'), ('కు', 'U'), ('క్క', '|'), ('నో', 'U'), ('టి', '|'), ('పా', 'U'), ('తై', 'U'), ('రో', 'U'), ('తై', 'U'), ('పో', 'U'), ('రై', 'U'), ('యా', 'U'), ('రై', 'U'), ('దూ', 'U'), ('ఱై', 'U'), ('జా', 'U'), ('ఱ', '|'), ('గ', '|'), ('వ', '|'), ('లె', '|'), ('సు', '|'), ('ప్ర', '|'), ('స', 'U'), ('న్న', '|'), ('సం', 'U'), ('ప', '|'), ('గి', '|'), ('మ', 'U'), ('న్నా', 'U')]",0.765625,-1.0,1.0,0.8125,0.5,0.75
kandamu,"బూటకములు వేషంబులు 
నాటకములు మంత్రతంత్రనటనలు మిథ్యా
పేటిక లవి యోగికి జం 
జాటము లివి యేటి కన్న! సంపఁగిమన్నా!",jaathi,Sampangimanna,"[('బూ', 'U'), ('ట', '|'), ('క', '|'), ('ము', '|'), ('లు', '|'), ('వే', 'U'), ('షం', 'U'), ('బు', '|'), ('లు', '|'), ('నా', 'U'), ('ట', '|'), ('క', '|'), ('ము', '|'), ('లు', '|'), ('మం', 'U'), ('త్ర', '|'), ('తం', 'U'), ('త్ర', '|'), ('న', '|'), ('ట', '|'), ('న', '|'), ('లు', '|'), ('మి', 'U'), ('థ్యా', 'U'), ('పే', 'U'), ('టి', '|'), ('క', '|'), ('ల', '|'), ('వి', '|'), ('యో', 'U'), ('గి', '|'), ('కి', '|'), ('జం', 'U'), ('జా', 'U'), ('ట', '|'), ('ము', '|'), ('లి', '|'), ('వి', '|'), ('యే', 'U'), ('టి', '|'), ('క', 'U'), ('న్న', '|'), ('సం', 'U'), ('ప', '|'), ('గి', '|'), ('మ', 'U'), ('న్నా', 'U')]",1.0,-1.0,1.0,1.0,1.0,1.0
kandamu,"చలపట్టియు హఠయోగముఁ 
దలపెట్టిన వట్టిగొడ్డుతాఁకట్టింతే
యలసిద్ధి దొరక దడియా 
సలుగా కిందేమియున్నె! సంపఁగిమన్నా!",jaathi,Sampangimanna,"[('చ', '|'), ('ల', '|'), ('ప', 'U'), ('ట్టి', '|'), ('యు', '|'), ('హ', '|'), ('ఠ', '|'), ('యో', 'U'), ('గ', '|'), ('ము', '|'), ('ద', '|'), ('ల', '|'), ('పె', 'U'), ('ట్టి', '|'), ('న', '|'), ('వ', 'U'), ('ట్టి', '|'), ('గొ', 'U'), ('డ్డు', '|'), ('తా', 'U'), ('క', 'U'), ('ట్టిం', 'U'), ('తే', 'U'), ('య', '|'), ('ల', '|'), ('సి', 'U'), ('ద్ధి', '|'), ('దొ', '|'), ('ర', '|'), ('క', '|'), ('ద', '|'), ('డి', '|'), ('యా', 'U'), ('స', '|'), ('లు', '|'), ('గా', 'U'), ('కిం', 'U'), ('దే', 'U'), ('మి', '|'), ('యు', 'U'), ('న్నె', '|'), ('సం', 'U'), ('ప', '|'), ('గి', '|'), ('మ', 'U'), ('న్నా', 'U')]",1.0,-1.0,1.0,1.0,1.0,1.0
kandamu,"సంతతయోగానందా 
నంతసుఖాంభోధి నలరు నాతనిభాగ్యం
బింతింతనఁ దరమా ఘన 
సంతోషము జగతి నెన్న సంపఁగిమన్నా!",jaathi,Sampangimanna,"[('సం', 'U'), ('త', '|'), ('త', '|'), ('యో', 'U'), ('గా', 'U'), ('నం', 'U'), ('దా', 'U'), ('నం', 'U'), ('త', '|'), ('సు', '|'), ('ఖాం', 'U'), ('భో', 'U'), ('ధి', '|'), ('న', '|'), ('ల', '|'), ('రు', '|'), ('నా', 'U'), ('త', '|'), ('ని', '|'), ('భా', 'U'), ('గ్యం', 'U'), ('బిం', 'U'), ('తిం', 'U'), ('త', '|'), ('న', '|'), ('ద', '|'), ('ర', '|'), ('మా', 'U'), ('ఘ', '|'), ('న', '|'), ('సం', 'U'), ('తో', 'U'), ('ష', '|'), ('ము', '|'), ('జ', '|'), ('గ', '|'), ('తి', '|'), ('నె', 'U'), ('న్న', '|'), ('సం', 'U'), ('ప', '|'), ('గి', '|'), ('మ', 'U'), ('న్నా', 'U')]",1.0,-1.0,1.0,1.0,1.0,1.0
kandamu,"నావయగు\న్‌ భవజలధికిఁ 
ద్రోవయగు\న్‌ ముక్తికాంతతోఁ గూడుటకు\న్‌
కేవలనిజదేశిక ర
క్షావహ మగుయోగ మెన్న సంపఁగిమన్నా!",jaathi,Sampangimanna,"[('నా', 'U'), ('వ', '|'), ('య', '|'), ('గు', 'U'), ('న్భ', '|'), ('వ', '|'), ('జ', '|'), ('ల', '|'), ('ధి', '|'), ('కి', '|'), ('ద్రో', 'U'), ('వ', '|'), ('య', '|'), ('గు', 'U'), ('న్ము', 'U'), ('క్తి', '|'), ('కాం', 'U'), ('త', '|'), ('తో', 'U'), ('గూ', 'U'), ('డు', '|'), ('ట', '|'), ('కున్', 'U'), ('కే', 'U'), ('వ', '|'), ('ల', '|'), ('ని', '|'), ('జ', '|'), ('దే', 'U'), ('శి', '|'), ('క', '|'), ('ర', 'U'), ('క్షా', 'U'), ('వ', '|'), ('హ', '|'), ('మ', '|'), ('గు', '|'), ('యో', 'U'), ('గ', '|'), ('మె', 'U'), ('న్న', '|'), ('సం', 'U'), ('ప', '|'), ('గి', '|'), ('మ', 'U'), ('న్నా', 'U')]",1.0,-1.0,1.0,1.0,1.0,1.0
kandamu,"అభ్యుదయంబుగ నీయో
గాభ్యాసము సేయవలయు నతులితలీలన్‌
లభ్యుఁ డగుం బరమాత్ముఁడు 
సభ్యుల కది మార్గ మన్న! సంపఁగిమన్నా!",jaathi,Sampangimanna,"[('అ', 'U'), ('భ్యు', '|'), ('ద', '|'), ('యం', 'U'), ('బు', '|'), ('గ', '|'), ('నీ', 'U'), ('యో', 'U'), ('గా', 'U'), ('భ్యా', 'U'), ('స', '|'), ('ము', '|'), ('సే', 'U'), ('య', '|'), ('వ', '|'), ('ల', '|'), ('యు', '|'), ('న', '|'), ('తు', '|'), ('లి', '|'), ('త', '|'), ('లీ', 'U'), ('లన్', 'U'), ('ల', 'U'), ('భ్యు', '|'), ('డ', '|'), ('గుం', 'U'), ('బ', '|'), ('ర', '|'), ('మా', 'U'), ('త్ము', '|'), ('డు', '|'), ('స', 'U'), ('భ్యు', '|'), ('ల', '|'), ('క', '|'), ('ది', '|'), ('మా', 'U'), ('ర్గ', '|'), ('మ', 'U'), ('న్న', '|'), ('సం', 'U'), ('ప', '|'), ('గి', '|'), ('మ', 'U'), ('న్నా', 'U')]",0.875,-1.0,1.0,1.0,0.5,1.0
kandamu,"వ్యక్తావ్యక్తపదం బఁట 
ముక్తఁట గురుసేవ తనకు మును లేదఁట యే
యుక్తిని గనుఁగొనవచ్చు న 
శక్తులకును సుప్రసన్న! సంపఁగిమన్నా!",jaathi,Sampangimanna,"[('వ్య', 'U'), ('క్తా', 'U'), ('వ్య', 'U'), ('క్త', '|'), ('ప', '|'), ('దం', 'U'), ('బ', '|'), ('ట', '|'), ('ము', 'U'), ('క్త', '|'), ('ట', '|'), ('గు', '|'), ('రు', '|'), ('సే', 'U'), ('వ', '|'), ('త', '|'), ('న', '|'), ('కు', '|'), ('ము', '|'), ('ను', '|'), ('లే', 'U'), ('ద', '|'), ('ట', '|'), ('యే', 'U'), ('యు', 'U'), ('క్తి', '|'), ('ని', '|'), ('గ', '|'), ('ను', '|'), ('గొ', '|'), ('న', '|'), ('వ', 'U'), ('చ్చు', '|'), ('న', '|'), ('శ', 'U'), ('క్తు', '|'), ('ల', '|'), ('కు', '|'), ('ను', '|'), ('సు', '|'), ('ప్ర', '|'), ('స', 'U'), ('న్న', '|'), ('సం', 'U'), ('ప', '|'), ('గి', '|'), ('మ', 'U'), ('న్నా', 'U')]",0.828125,-1.0,1.0,0.8125,0.5,1.0
kandamu,"భావమునం గననేరని 
జీవుల కిది బీరకాయ చి క్కగుఁ దెలియం
గావశమే సద్గురు దీ 
క్షావిధి యొనఁగూడకున్న సంపఁగిమన్నా!",jaathi,Sampangimanna,"[('భా', 'U'), ('వ', '|'), ('ము', '|'), ('నం', 'U'), ('గ', '|'), ('న', '|'), ('నే', 'U'), ('ర', '|'), ('ని', '|'), ('జీ', 'U'), ('వు', '|'), ('ల', '|'), ('కి', '|'), ('ది', '|'), ('బీ', 'U'), ('ర', '|'), ('కా', 'U'), ('య', '|'), ('చి', 'U'), ('క్క', '|'), ('గు', '|'), ('దె', '|'), ('లి', '|'), ('యం', 'U'), ('గా', 'U'), ('వ', '|'), ('శ', '|'), ('మే', 'U'), ('స', 'U'), ('ద్గు', '|'), ('రు', '|'), ('దీ', 'U'), ('క్షా', 'U'), ('వి', '|'), ('ధి', '|'), ('యొ', '|'), ('న', '|'), ('గూ', 'U'), ('డ', '|'), ('కు', 'U'), ('న్న', '|'), ('సం', 'U'), ('ప', '|'), ('గి', '|'), ('మ', 'U'), ('న్నా', 'U')]",1.0,-1.0,1.0,1.0,1.0,1.0
kandamu,"బోధింపఁదగినగురువుల 
శోధించి తదంఘ్రిఁ జేరి సుస్థిరమతి యై
యాధేయము నాధారము 
సాధించిన ముక్తుఁడౌను సంపఁగిమన్నా!",jaathi,Sampangimanna,"[('బో', 'U'), ('ధిం', 'U'), ('ప', '|'), ('ద', '|'), ('గి', '|'), ('న', '|'), ('గు', '|'), ('రు', '|'), ('వు', '|'), ('ల', '|'), ('శో', 'U'), ('ధిం', 'U'), ('చి', '|'), ('త', '|'), ('దం', 'U'), ('ఘ్రి', '|'), ('జే', 'U'), ('రి', '|'), ('సు', 'U'), ('స్థి', '|'), ('ర', '|'), ('మ', '|'), ('తి', '|'), ('యై', 'U'), ('యా', 'U'), ('ధే', 'U'), ('య', '|'), ('ము', '|'), ('నా', 'U'), ('ధా', 'U'), ('ర', '|'), ('ము', '|'), ('సా', 'U'), ('ధిం', 'U'), ('చి', '|'), ('న', '|'), ('ము', 'U'), ('క్తు', '|'), ('డౌ', 'U'), ('ను', '|'), ('సం', 'U'), ('ప', '|'), ('గి', '|'), ('మ', 'U'), ('న్నా', 'U')]",1.0,-1.0,1.0,1.0,1.0,1.0
kandamu,"సాధింపఁగ నిరతులకున్‌ 
బోధింపఁగ నేర్పు గల్గుపుణ్యాత్ముల యా
యీధరఁ గల రొకకొందఱు 
సాధారణవిబుధు లెన్న సంపఁగిమన్నా!",jaathi,Sampangimanna,"[('సా', 'U'), ('ధిం', 'U'), ('ప', '|'), ('గ', '|'), ('ని', '|'), ('ర', '|'), ('తు', '|'), ('ల', '|'), ('కున్', 'U'), ('బో', 'U'), ('ధిం', 'U'), ('ప', '|'), ('గ', '|'), ('నే', 'U'), ('ర్పు', '|'), ('గ', 'U'), ('ల్గు', '|'), ('పు', 'U'), ('ణ్యా', 'U'), ('త్ము', '|'), ('ల', '|'), ('యా', 'U'), ('యీ', 'U'), ('ధ', '|'), ('ర', '|'), ('గ', '|'), ('ల', '|'), ('రొ', '|'), ('క', '|'), ('కొం', 'U'), ('ద', '|'), ('ఱు', '|'), ('సా', 'U'), ('ధా', 'U'), ('ర', '|'), ('ణ', '|'), ('వి', '|'), ('బు', '|'), ('ధు', '|'), ('లె', 'U'), ('న్న', '|'), ('సం', 'U'), ('ప', '|'), ('గి', '|'), ('మ', 'U'), ('న్నా', 'U')]",1.0,-1.0,1.0,1.0,1.0,1.0
kandamu,"అనుభవము లేనిగురుచే 
వినునతనికి సంశయంబు వీడునె చిత్రా
ర్కునివలనఁ దమము వాయునె 
సనకాదిమునిప్రసన్న! సంపఁగిమన్నా!",jaathi,Sampangimanna,"[('అ', '|'), ('ను', '|'), ('భ', '|'), ('వ', '|'), ('ము', '|'), ('లే', 'U'), ('ని', '|'), ('గు', '|'), ('రు', '|'), ('చే', 'U'), ('వి', '|'), ('ను', '|'), ('న', '|'), ('త', '|'), ('ని', '|'), ('కి', '|'), ('సం', 'U'), ('శ', '|'), ('యం', 'U'), ('బు', '|'), ('వీ', 'U'), ('డు', '|'), ('నె', '|'), ('చి', '|'), ('త్రా', 'U'), ('ర్కు', '|'), ('ని', '|'), ('వ', '|'), ('ల', '|'), ('న', '|'), ('ద', '|'), ('మ', '|'), ('ము', '|'), ('వా', 'U'), ('యు', '|'), ('నె', '|'), ('స', '|'), ('న', '|'), ('కా', 'U'), ('ది', '|'), ('ము', '|'), ('ని', '|'), ('ప్ర', '|'), ('స', 'U'), ('న్న', '|'), ('సం', 'U'), ('ప', '|'), ('గి', '|'), ('మ', 'U'), ('న్నా', 'U')]",0.6875,-1.0,1.0,0.75,0.5,0.5
kandamu,"బరువఁట యెవరికి గురువో 
హరిహరి తనుఁ దెలియలేనియాతఁడు గురువా?
గురువనఁగా సిగ్గుగదే 
శరణాగతసుప్రసన్న! సంపఁగిమన్నా!",jaathi,Sampangimanna,"[('బ', '|'), ('రు', '|'), ('వ', '|'), ('ట', '|'), ('యె', '|'), ('వ', '|'), ('రి', '|'), ('కి', '|'), ('గు', '|'), ('రు', '|'), ('వో', 'U'), ('హ', '|'), ('రి', '|'), ('హ', '|'), ('రి', '|'), ('త', '|'), ('ను', '|'), ('దె', '|'), ('లి', '|'), ('య', '|'), ('లే', 'U'), ('ని', '|'), ('యా', 'U'), ('త', '|'), ('డు', '|'), ('గు', '|'), ('రు', '|'), ('వా', 'U'), ('గు', '|'), ('రు', '|'), ('వ', '|'), ('న', '|'), ('గా', 'U'), ('సి', 'U'), ('గ్గు', '|'), ('గ', '|'), ('దే', 'U'), ('శ', '|'), ('ర', '|'), ('ణా', 'U'), ('గ', '|'), ('త', '|'), ('సు', '|'), ('ప్ర', '|'), ('స', 'U'), ('న్న', '|'), ('సం', 'U'), ('ప', '|'), ('గి', '|'), ('మ', 'U'), ('న్నా', 'U')]",0.828125,-1.0,1.0,0.8125,0.5,1.0
kandamu,"నేరనిగురుబోధలు సం 
సారము లై కూనలమ్మసంకీర్తన లై
దూరము లై ముక్తికి ని 
స్సారములై పోవు నన్న! సంపఁగిమన్నా!",jaathi,Sampangimanna,"[('నే', 'U'), ('ర', '|'), ('ని', '|'), ('గు', '|'), ('రు', '|'), ('బో', 'U'), ('ధ', '|'), ('లు', '|'), ('సం', 'U'), ('సా', 'U'), ('ర', '|'), ('ము', '|'), ('లై', 'U'), ('కూ', 'U'), ('న', '|'), ('ల', 'U'), ('మ్మ', '|'), ('సం', 'U'), ('కీ', 'U'), ('ర్త', '|'), ('న', '|'), ('లై', 'U'), ('దూ', 'U'), ('ర', '|'), ('ము', '|'), ('లై', 'U'), ('ము', 'U'), ('క్తి', '|'), ('కి', '|'), ('ని', 'U'), ('స్సా', 'U'), ('ర', '|'), ('ము', '|'), ('లై', 'U'), ('పో', 'U'), ('వు', '|'), ('న', 'U'), ('న్న', '|'), ('సం', 'U'), ('ప', '|'), ('గి', '|'), ('మ', 'U'), ('న్నా', 'U')]",1.0,-1.0,1.0,1.0,1.0,1.0
kandamu,"బూటకపుయోగి నెఱుఁగక 
పాటింతురు డబ్బుఁ జూచి పస లేకున్న\న్‌
దాటో టని జగ మెల్లను 
జాటింతురు లోకు లెన్న సంపఁగిమన్నా!",jaathi,Sampangimanna,"[('బూ', 'U'), ('ట', '|'), ('క', '|'), ('పు', '|'), ('యో', 'U'), ('గి', '|'), ('నె', '|'), ('ఱు', '|'), ('గ', '|'), ('క', '|'), ('పా', 'U'), ('టిం', 'U'), ('తు', '|'), ('రు', '|'), ('డ', 'U'), ('బ్బు', '|'), ('జూ', 'U'), ('చి', '|'), ('ప', '|'), ('స', '|'), ('లే', 'U'), ('కు', 'U'), ('న్నన్', 'U'), ('దా', 'U'), ('టో', 'U'), ('ట', '|'), ('ని', '|'), ('జ', '|'), ('గ', '|'), ('మె', 'U'), ('ల్ల', '|'), ('ను', '|'), ('జా', 'U'), ('టిం', 'U'), ('తు', '|'), ('రు', '|'), ('లో', 'U'), ('కు', '|'), ('లె', 'U'), ('న్న', '|'), ('సం', 'U'), ('ప', '|'), ('గి', '|'), ('మ', 'U'), ('న్నా', 'U')]",1.0,-1.0,1.0,1.0,1.0,1.0
kandamu,"కల్ల యగుజ్ఞాన మేలా 
చెల్లనికా సెచట నైనఁ జెల్లనికాసే
తెల్లమిగఁ దెలుపునాతఁడు 
సల్లలితజ్ఞాని యెన్న సంపఁగిమన్నా!",jaathi,Sampangimanna,"[('క', 'U'), ('ల్ల', '|'), ('య', '|'), ('గు', 'U'), ('జ్ఞా', 'U'), ('న', '|'), ('మే', 'U'), ('లా', 'U'), ('చె', 'U'), ('ల్ల', '|'), ('ని', '|'), ('కా', 'U'), ('సె', '|'), ('చ', '|'), ('ట', '|'), ('నై', 'U'), ('న', '|'), ('జె', 'U'), ('ల్ల', '|'), ('ని', '|'), ('కా', 'U'), ('సే', 'U'), ('తె', 'U'), ('ల్ల', '|'), ('మి', '|'), ('గ', '|'), ('దె', '|'), ('లు', '|'), ('పు', '|'), ('నా', 'U'), ('త', '|'), ('డు', '|'), ('స', 'U'), ('ల్ల', '|'), ('లి', '|'), ('త', 'U'), ('జ్ఞా', 'U'), ('ని', '|'), ('యె', 'U'), ('న్న', '|'), ('సం', 'U'), ('ప', '|'), ('గి', '|'), ('మ', 'U'), ('న్నా', 'U')]",0.484375,-1.0,1.0,0.4375,0.0,0.5
kandamu,"గాడిదవలె బూడిదఁ బొ 
ర్లాడుచుఁ గొక్కెరయుఁ బోలె ధ్యానము సే సే
బేడిదపుఁ గపటయోగుల 
జాడలు ఘను లెంచరన్న సంపఁగిమన్నా!",jaathi,Sampangimanna,"[('గా', 'U'), ('డి', '|'), ('ద', '|'), ('వ', '|'), ('లె', '|'), ('బూ', 'U'), ('డి', '|'), ('ద', '|'), ('బొ', 'U'), ('ర్లా', 'U'), ('డు', '|'), ('చు', '|'), ('గొ', 'U'), ('క్కె', '|'), ('ర', '|'), ('యు', '|'), ('బో', 'U'), ('లె', 'U'), ('ధ్యా', 'U'), ('న', '|'), ('ము', '|'), ('సే', 'U'), ('సే', 'U'), ('బే', 'U'), ('డి', '|'), ('ద', '|'), ('పు', '|'), ('గ', '|'), ('ప', '|'), ('ట', '|'), ('యో', 'U'), ('గు', '|'), ('ల', '|'), ('జా', 'U'), ('డ', '|'), ('లు', '|'), ('ఘ', '|'), ('ను', '|'), ('లెం', 'U'), ('చ', '|'), ('ర', 'U'), ('న్న', '|'), ('సం', 'U'), ('ప', '|'), ('గి', '|'), ('మ', 'U'), ('న్నా', 'U')]",0.546875,-1.0,1.0,0.6875,0.0,0.5
kandamu,"కీడొసఁగెడు గురు డేలా 
గాడిదవాలంబుఁ బట్టి ఘననదు లీఁద\న్‌
గూడునె గుండెలు పగులఁగ 
జాడింపదె ఱొమ్ముఁ దన్ని సంపఁగిమన్నా!",jaathi,Sampangimanna,"[('కీ', 'U'), ('డొ', '|'), ('స', '|'), ('గె', '|'), ('డు', '|'), ('గు', '|'), ('రు', '|'), ('డే', 'U'), ('లా', 'U'), ('గా', 'U'), ('డి', '|'), ('ద', '|'), ('వా', 'U'), ('లం', 'U'), ('బు', '|'), ('బ', 'U'), ('ట్టి', '|'), ('ఘ', '|'), ('న', '|'), ('న', '|'), ('దు', '|'), ('లీ', 'U'), ('దన్', 'U'), ('గూ', 'U'), ('డు', '|'), ('నె', '|'), ('గుం', 'U'), ('డె', '|'), ('లు', '|'), ('ప', '|'), ('గు', '|'), ('ల', '|'), ('గ', '|'), ('జా', 'U'), ('డిం', 'U'), ('ప', '|'), ('దె', '|'), ('ఱొ', 'U'), ('మ్ము', '|'), ('ద', 'U'), ('న్ని', '|'), ('సం', 'U'), ('ప', '|'), ('గి', '|'), ('మ', 'U'), ('న్నా', 'U')]",1.0,-1.0,1.0,1.0,1.0,1.0
kandamu,"అంగం బెఱుఁగరు ముక్తి తె
ఱంగెఱుఁగరు కపటధూర్తరావణవేషుల్‌
దొంగలగురువులవారల 
సంగతి దుర్బోధ లెన్న సంపఁగిమన్నా!",jaathi,Sampangimanna,"[('అం', 'U'), ('గం', 'U'), ('బె', '|'), ('ఱు', '|'), ('గ', '|'), ('రు', '|'), ('ము', 'U'), ('క్తి', '|'), ('తె', '|'), ('ఱం', 'U'), ('గె', '|'), ('ఱు', '|'), ('గ', '|'), ('రు', '|'), ('క', '|'), ('ప', '|'), ('ట', '|'), ('ధూ', 'U'), ('ర్త', '|'), ('రా', 'U'), ('వ', '|'), ('ణ', '|'), ('వే', 'U'), ('షుల్', 'U'), ('దొం', 'U'), ('గ', '|'), ('ల', '|'), ('గు', '|'), ('రు', '|'), ('వు', '|'), ('ల', '|'), ('వా', 'U'), ('ర', '|'), ('ల', '|'), ('సం', 'U'), ('గ', '|'), ('తి', '|'), ('దు', 'U'), ('ర్బో', 'U'), ('ధ', '|'), ('లె', 'U'), ('న్న', '|'), ('సం', 'U'), ('ప', '|'), ('గి', '|'), ('మ', 'U'), ('న్నా', 'U')]",1.0,-1.0,1.0,1.0,1.0,1.0
kandamu,"చేతోగతిఁ దము నెఱిఁగిన 
యాతద్‌జ్ఞులు భువిని జనుల నందఱ సరిగాఁ
జూతురు సమరసభావనఁ 
జాతుర్యధురీణు లెన్న సంపఁగిమన్నా!",jaathi,Sampangimanna,"[('చే', 'U'), ('తో', 'U'), ('గ', '|'), ('తి', '|'), ('ద', '|'), ('ము', '|'), ('నె', '|'), ('ఱి', '|'), ('గి', '|'), ('న', '|'), ('యా', 'U'), ('త', 'U'), ('ద్జ్ఞు', '|'), ('లు', '|'), ('భు', '|'), ('వి', '|'), ('ని', '|'), ('జ', '|'), ('ను', '|'), ('ల', '|'), ('నం', 'U'), ('ద', '|'), ('ఱ', '|'), ('స', '|'), ('రి', '|'), ('గా', 'U'), ('జూ', 'U'), ('తు', '|'), ('రు', '|'), ('స', '|'), ('మ', '|'), ('ర', '|'), ('స', '|'), ('భా', 'U'), ('వ', '|'), ('న', '|'), ('జా', 'U'), ('తు', 'U'), ('ర్య', '|'), ('ధు', '|'), ('రీ', 'U'), ('ణు', '|'), ('లె', 'U'), ('న్న', '|'), ('సం', 'U'), ('ప', '|'), ('గి', '|'), ('మ', 'U'), ('న్నా', 'U')]",0.875,-1.0,1.0,1.0,0.5,1.0
kandamu,"వచ్చినవాసనవెంబడి 
విచ్చలవిడి యోగివరుఁడు విహరించినవాఁ
డెచ్చట నేక్రియఁ జేసిన 
సచ్చిన్మయు నంట దన్న సంపఁగిమన్నా!",jaathi,Sampangimanna,"[('వ', 'U'), ('చ్చి', '|'), ('న', '|'), ('వా', 'U'), ('స', '|'), ('న', '|'), ('వెం', 'U'), ('బ', '|'), ('డి', '|'), ('వి', 'U'), ('చ్చ', '|'), ('ల', '|'), ('వి', '|'), ('డి', '|'), ('యో', 'U'), ('గి', '|'), ('వ', '|'), ('రు', '|'), ('డు', '|'), ('వి', '|'), ('హ', '|'), ('రిం', 'U'), ('చి', '|'), ('న', '|'), ('వా', 'U'), ('డె', 'U'), ('చ్చ', '|'), ('ట', '|'), ('నే', 'U'), ('క్రి', '|'), ('య', '|'), ('జే', 'U'), ('సి', '|'), ('న', '|'), ('స', 'U'), ('చ్చి', 'U'), ('న్మ', '|'), ('యు', '|'), ('నం', 'U'), ('ట', '|'), ('ద', 'U'), ('న్న', '|'), ('సం', 'U'), ('ప', '|'), ('గి', '|'), ('మ', 'U'), ('న్నా', 'U')]",1.0,-1.0,1.0,1.0,1.0,1.0
kandamu,"విత్తమదమత్తు లాయత 
చిత్తభ్రమ లెఱుఁగలేరు చిత్పురుషుని దా
నుత్తముఁడితఁడని సన్ముని 
సత్తముఁడై యెఱుఁగు నన్న! సంపఁగిమన్నా!",jaathi,Sampangimanna,"[('వి', 'U'), ('త్త', '|'), ('మ', '|'), ('ద', '|'), ('మ', 'U'), ('త్తు', '|'), ('లా', 'U'), ('య', '|'), ('త', '|'), ('చి', 'U'), ('త్త', '|'), ('భ్ర', '|'), ('మ', '|'), ('లె', '|'), ('ఱు', '|'), ('గ', '|'), ('లే', 'U'), ('రు', '|'), ('చి', 'U'), ('త్పు', '|'), ('రు', '|'), ('షు', '|'), ('ని', '|'), ('దా', 'U'), ('ను', 'U'), ('త్త', '|'), ('ము', '|'), ('డి', '|'), ('త', '|'), ('డ', '|'), ('ని', '|'), ('స', 'U'), ('న్ము', '|'), ('ని', '|'), ('స', 'U'), ('త్త', '|'), ('ము', '|'), ('డై', 'U'), ('యె', '|'), ('ఱు', '|'), ('గు', '|'), ('న', 'U'), ('న్న', '|'), ('సం', 'U'), ('ప', '|'), ('గి', '|'), ('మ', 'U'), ('న్నా', 'U')]",0.515625,-1.0,1.0,0.5625,0.0,0.5
kandamu,"తనవాసనయెట్లుండిన 
ఘనయోగికి బంధవృత్తి గానేరదు వాఁ
డనుభవముకతన నిర్వా 
సనుఁ డై మరి పుట్టఁ డన్న సంపఁగిమన్నా!",jaathi,Sampangimanna,"[('త', '|'), ('న', '|'), ('వా', 'U'), ('స', '|'), ('న', '|'), ('యె', 'U'), ('ట్లుం', 'U'), ('డి', '|'), ('న', '|'), ('ఘ', '|'), ('న', '|'), ('యో', 'U'), ('గి', '|'), ('కి', '|'), ('బం', 'U'), ('ధ', '|'), ('వృ', 'U'), ('త్తి', '|'), ('గా', 'U'), ('నే', 'U'), ('ర', '|'), ('దు', '|'), ('వా', 'U'), ('డ', '|'), ('ను', '|'), ('భ', '|'), ('వ', '|'), ('ము', '|'), ('క', '|'), ('త', '|'), ('న', '|'), ('ని', 'U'), ('ర్వా', 'U'), ('స', '|'), ('ను', '|'), ('డై', 'U'), ('మ', '|'), ('రి', '|'), ('పు', 'U'), ('ట్ట', '|'), ('డ', 'U'), ('న్న', '|'), ('సం', 'U'), ('ప', '|'), ('గి', '|'), ('మ', 'U'), ('న్నా', 'U')]",1.0,-1.0,1.0,1.0,1.0,1.0
kandamu,"క్రమమున సుఖదుఃఖంబులు 
కమలిన నుతినింద లాదిగాఁ గలయవియా
యమివర్యుఁ డన్నిక్రియలం 
సముఁడై వర్తించు నన్న సంపఁగిమన్నా!",jaathi,Sampangimanna,"[('క్ర', '|'), ('మ', '|'), ('ము', '|'), ('న', '|'), ('సు', '|'), ('ఖ', '|'), ('దుః', 'U'), ('ఖం', 'U'), ('బు', '|'), ('లు', '|'), ('క', '|'), ('మ', '|'), ('లి', '|'), ('న', '|'), ('ను', '|'), ('తి', '|'), ('నిం', 'U'), ('ద', '|'), ('లా', 'U'), ('ది', '|'), ('గా', 'U'), ('గ', '|'), ('ల', '|'), ('య', '|'), ('వి', '|'), ('యా', 'U'), ('య', '|'), ('మి', '|'), ('వ', 'U'), ('ర్యు', '|'), ('డ', 'U'), ('న్ని', '|'), ('క్రి', '|'), ('య', '|'), ('లం', 'U'), ('స', '|'), ('ము', '|'), ('డై', 'U'), ('వ', 'U'), ('ర్తిం', 'U'), ('చు', '|'), ('న', 'U'), ('న్న', '|'), ('సం', 'U'), ('ప', '|'), ('గి', '|'), ('మ', 'U'), ('న్నా', 'U')]",1.0,-1.0,1.0,1.0,1.0,1.0
kandamu,"తలకొని దుఃఖము రానీ 
వలనొప్పఁగ నిత్యసుఖము వచ్చిన రానీ
నలఁకువను బడనిమనుజుఁడు 
చలియింపఁడు బోధ గన్న సంపఁగిమన్నా!",jaathi,Sampangimanna,"[('త', '|'), ('ల', '|'), ('కొ', '|'), ('ని', '|'), ('దుః', 'U'), ('ఖ', '|'), ('ము', '|'), ('రా', 'U'), ('నీ', 'U'), ('వ', '|'), ('ల', '|'), ('నొ', 'U'), ('ప్ప', '|'), ('గ', '|'), ('ని', 'U'), ('త్య', '|'), ('సు', '|'), ('ఖ', '|'), ('ము', '|'), ('వ', 'U'), ('చ్చి', '|'), ('న', '|'), ('రా', 'U'), ('నీ', 'U'), ('న', '|'), ('ల', '|'), ('కు', '|'), ('వ', '|'), ('ను', '|'), ('బ', '|'), ('డ', '|'), ('ని', '|'), ('మ', '|'), ('ను', '|'), ('జు', '|'), ('డు', '|'), ('చ', '|'), ('లి', '|'), ('యిం', 'U'), ('ప', '|'), ('డు', '|'), ('బో', 'U'), ('ధ', '|'), ('గ', 'U'), ('న్న', '|'), ('సం', 'U'), ('ప', '|'), ('గి', '|'), ('మ', 'U'), ('న్నా', 'U')]",1.0,-1.0,1.0,1.0,1.0,1.0
kandamu,"చాలా లోకులు నగనీ 
వాలాయము కీడు మేలు వచ్చిన రానీ
యేలా గైనను బురుషుఁడు 
జాలిం బడఁ డాత్మఁ గన్న సంపఁగిమన్నా!",jaathi,Sampangimanna,"[('చా', 'U'), ('లా', 'U'), ('లో', 'U'), ('కు', '|'), ('లు', '|'), ('న', '|'), ('గ', '|'), ('నీ', 'U'), ('వా', 'U'), ('లా', 'U'), ('య', '|'), ('ము', '|'), ('కీ', 'U'), ('డు', '|'), ('మే', 'U'), ('లు', '|'), ('వ', 'U'), ('చ్చి', '|'), ('న', '|'), ('రా', 'U'), ('నీ', 'U'), ('యే', 'U'), ('లా', 'U'), ('గై', 'U'), ('న', '|'), ('ను', '|'), ('బు', '|'), ('రు', '|'), ('షు', '|'), ('డు', '|'), ('జా', 'U'), ('లిం', 'U'), ('బ', '|'), ('డ', '|'), ('డా', 'U'), ('త్మ', '|'), ('గ', 'U'), ('న్న', '|'), ('సం', 'U'), ('ప', '|'), ('గి', '|'), ('మ', 'U'), ('న్నా', 'U')]",1.0,-1.0,1.0,1.0,1.0,1.0
kandamu,"బాలుఁడుగానీ భోగ 
స్త్రీలోలుఁడుగాని విషయశీలుఁడు గానీ
మేలైనబోధ గలిగినఁ 
జాలదె ముక్తిని గనంగ సంపఁగిమన్నా!",jaathi,Sampangimanna,"[('బా', 'U'), ('లు', '|'), ('డు', '|'), ('గా', 'U'), ('నీ', 'U'), ('భో', 'U'), ('గ', 'U'), ('స్త్రీ', 'U'), ('లో', 'U'), ('లు', '|'), ('డు', '|'), ('గా', 'U'), ('ని', '|'), ('వి', '|'), ('ష', '|'), ('య', '|'), ('శీ', 'U'), ('లు', '|'), ('డు', '|'), ('గా', 'U'), ('నీ', 'U'), ('మే', 'U'), ('లై', 'U'), ('న', '|'), ('బో', 'U'), ('ధ', '|'), ('గ', '|'), ('లి', '|'), ('గి', '|'), ('న', '|'), ('జా', 'U'), ('ల', '|'), ('దె', '|'), ('ము', 'U'), ('క్తి', '|'), ('ని', '|'), ('గ', '|'), ('నం', 'U'), ('గ', '|'), ('సం', 'U'), ('ప', '|'), ('గి', '|'), ('మ', 'U'), ('న్నా', 'U')]",1.0,-1.0,1.0,1.0,1.0,1.0
kandamu,"విత్తపరాయణుఁ డయినన్‌ 
మత్తచకోరాక్షులందు మగ్నుండైన\న్‌
సూత్తమపురుషుఁడె గాదా 
సత్తామాత్రంబు గనును సంపఁగిమన్నా!",jaathi,Sampangimanna,"[('వి', 'U'), ('త్త', '|'), ('ప', '|'), ('రా', 'U'), ('య', '|'), ('ణు', '|'), ('డ', '|'), ('యి', '|'), ('నన్', 'U'), ('మ', 'U'), ('త్త', '|'), ('చ', '|'), ('కో', 'U'), ('రా', 'U'), ('క్షు', '|'), ('లం', 'U'), ('దు', '|'), ('మ', 'U'), ('గ్నుం', 'U'), ('డై', 'U'), ('నన్', 'U'), ('సూ', 'U'), ('త్త', '|'), ('మ', '|'), ('పు', '|'), ('రు', '|'), ('షు', '|'), ('డె', '|'), ('గా', 'U'), ('దా', 'U'), ('స', 'U'), ('త్తా', 'U'), ('మా', 'U'), ('త్రం', 'U'), ('బు', '|'), ('గ', '|'), ('ను', '|'), ('ను', '|'), ('సం', 'U'), ('ప', '|'), ('గి', '|'), ('మ', 'U'), ('న్నా', 'U')]",1.0,-1.0,1.0,1.0,1.0,1.0
kandamu,"పంచావస్థలఁ దగిలియుఁ 
బంచావస్థలను గడచు ప్రాజ్ఞుండు జగ
ద్వంచకుఁ డై లోకులవలె 
సంచారము సేయు నన్న సంపఁగిమన్నా!",jaathi,Sampangimanna,"[('పం', 'U'), ('చా', 'U'), ('వ', 'U'), ('స్థ', '|'), ('ల', '|'), ('ద', '|'), ('గి', '|'), ('లి', '|'), ('యు', '|'), ('బం', 'U'), ('చా', 'U'), ('వ', 'U'), ('స్థ', '|'), ('ల', '|'), ('ను', '|'), ('గ', '|'), ('డ', '|'), ('చు', '|'), ('ప్రా', 'U'), ('జ్ఞుం', 'U'), ('డు', '|'), ('జ', '|'), ('గ', 'U'), ('ద్వం', 'U'), ('చ', '|'), ('కు', '|'), ('డై', 'U'), ('లో', 'U'), ('కు', '|'), ('ల', '|'), ('వ', '|'), ('లె', '|'), ('సం', 'U'), ('చా', 'U'), ('ర', '|'), ('ము', '|'), ('సే', 'U'), ('యు', '|'), ('న', 'U'), ('న్న', '|'), ('సం', 'U'), ('ప', '|'), ('గి', '|'), ('మ', 'U'), ('న్నా', 'U')]",1.0,-1.0,1.0,1.0,1.0,1.0
kandamu,"పిప్పలర నాత్మసుఖముల 
తెప్పం దేలేటియోగిఁ దెలియక తమలో
నప్పురుషుం గని కర్ములు 
చప్పనఁగాఁ జూతు రన్న సంపఁగిమన్నా!",jaathi,Sampangimanna,"[('పి', 'U'), ('ప్ప', '|'), ('ల', '|'), ('ర', '|'), ('నా', 'U'), ('త్మ', '|'), ('సు', '|'), ('ఖ', '|'), ('ము', '|'), ('ల', '|'), ('తె', 'U'), ('ప్పం', 'U'), ('దే', 'U'), ('లే', 'U'), ('టి', '|'), ('యో', 'U'), ('గి', '|'), ('దె', '|'), ('లి', '|'), ('య', '|'), ('క', '|'), ('త', '|'), ('మ', '|'), ('లో', 'U'), ('న', 'U'), ('ప్పు', '|'), ('రు', '|'), ('షుం', 'U'), ('గ', '|'), ('ని', '|'), ('క', 'U'), ('ర్ము', '|'), ('లు', '|'), ('చ', 'U'), ('ప్ప', '|'), ('న', '|'), ('గా', 'U'), ('జూ', 'U'), ('తు', '|'), ('ర', 'U'), ('న్న', '|'), ('సం', 'U'), ('ప', '|'), ('గి', '|'), ('మ', 'U'), ('న్నా', 'U')]",1.0,-1.0,1.0,1.0,1.0,1.0
kandamu,"నిత్యానిత్యము లెఱుఁగక 
నిత్యముఁ జేపట్టుబుధుల నిందించిన నా
మృత్యువుపా లౌ మర్తుఁడు 
సత్యం బిది వినగదన్న సంపఁగిమన్నా!",jaathi,Sampangimanna,"[('ని', 'U'), ('త్యా', 'U'), ('ని', 'U'), ('త్య', '|'), ('ము', '|'), ('లె', '|'), ('ఱు', '|'), ('గ', '|'), ('క', '|'), ('ని', 'U'), ('త్య', '|'), ('ము', '|'), ('జే', 'U'), ('ప', 'U'), ('ట్టు', '|'), ('బు', '|'), ('ధు', '|'), ('ల', '|'), ('నిం', 'U'), ('దిం', 'U'), ('చి', '|'), ('న', '|'), ('నా', 'U'), ('మృ', 'U'), ('త్యు', '|'), ('వు', '|'), ('పా', 'U'), ('లౌ', 'U'), ('మ', 'U'), ('ర్తు', '|'), ('డు', '|'), ('స', 'U'), ('త్యం', 'U'), ('బి', '|'), ('ది', '|'), ('వి', '|'), ('న', '|'), ('గ', '|'), ('ద', 'U'), ('న్న', '|'), ('సం', 'U'), ('ప', '|'), ('గి', '|'), ('మ', 'U'), ('న్నా', 'U')]",1.0,-1.0,1.0,1.0,1.0,1.0
kandamu,"వేసాలెల్లయు భువిలో 
గ్రాసాలకెకాక ముక్తికాంక్షకు నేలా
వాసిగలుగుయోగి యథే
చ్ఛాసంచారుఁడుగదన్న ఘనసంపన్నా!",jaathi,Sampangimanna,"[('వే', 'U'), ('సా', 'U'), ('లె', 'U'), ('ల్ల', '|'), ('యు', '|'), ('భు', '|'), ('వి', '|'), ('లో', 'U'), ('గ్రా', 'U'), ('సా', 'U'), ('ల', '|'), ('కె', '|'), ('కా', 'U'), ('క', '|'), ('ము', 'U'), ('క్తి', '|'), ('కాం', 'U'), ('క్ష', '|'), ('కు', '|'), ('నే', 'U'), ('లా', 'U'), ('వా', 'U'), ('సి', '|'), ('గ', '|'), ('లు', '|'), ('గు', '|'), ('యో', 'U'), ('గి', '|'), ('య', '|'), ('థే', 'U'), ('చ్ఛా', 'U'), ('సం', 'U'), ('చా', 'U'), ('రు', '|'), ('డు', '|'), ('గ', '|'), ('ద', 'U'), ('న్న', '|'), ('ఘ', '|'), ('న', '|'), ('సం', 'U'), ('ప', 'U'), ('న్నా', 'U')]",0.875,-1.0,1.0,1.0,0.5,1.0
kandamu,"ఊరెఱిఁగిన బాపనికి 
వారక జన్నిదముఁ జూపవలెనా తద్‌జ్ఞుం
డేరీతి నున్న నిస్సం
సారిని ఘను లెంతు రన్న సంపఁగిమన్నా!",jaathi,Sampangimanna,"[('ఊ', 'U'), ('రె', '|'), ('ఱి', '|'), ('గి', '|'), ('న', '|'), ('బా', 'U'), ('ప', '|'), ('ని', '|'), ('కి', '|'), ('వా', 'U'), ('ర', '|'), ('క', '|'), ('జ', 'U'), ('న్ని', '|'), ('ద', '|'), ('ము', '|'), ('జూ', 'U'), ('ప', '|'), ('వ', '|'), ('లె', '|'), ('నా', 'U'), ('త', 'U'), ('ద్జ్ఞుం', 'U'), ('డే', 'U'), ('రీ', 'U'), ('తి', '|'), ('ను', 'U'), ('న్న', '|'), ('ని', 'U'), ('స్సం', 'U'), ('సా', 'U'), ('రి', '|'), ('ని', '|'), ('ఘ', '|'), ('ను', '|'), ('లెం', 'U'), ('తు', '|'), ('ర', 'U'), ('న్న', '|'), ('సం', 'U'), ('ప', '|'), ('గి', '|'), ('మ', 'U'), ('న్నా', 'U')]",0.4375,-1.0,1.0,0.5,0.0,0.25
kandamu,"అద్వైతభావ మెఱుఁగక 
విద్వాంసుల మనుచు నాత్మవేత్తలవలెనే
యద్వాతత్వము లాడుచు 
సద్వర్తన మెంచరన్న సంపఁగిమన్నా!",jaathi,Sampangimanna,"[('అ', 'U'), ('ద్వై', 'U'), ('త', '|'), ('భా', 'U'), ('వ', '|'), ('మె', '|'), ('ఱు', '|'), ('గ', '|'), ('క', '|'), ('వి', 'U'), ('ద్వాం', 'U'), ('సు', '|'), ('ల', '|'), ('మ', '|'), ('ను', '|'), ('చు', '|'), ('నా', 'U'), ('త్మ', '|'), ('వే', 'U'), ('త్త', '|'), ('ల', '|'), ('వ', '|'), ('లె', '|'), ('నే', 'U'), ('య', 'U'), ('ద్వా', 'U'), ('త', 'U'), ('త్వ', '|'), ('ము', '|'), ('లా', 'U'), ('డు', '|'), ('చు', '|'), ('స', 'U'), ('ద్వ', 'U'), ('ర్త', '|'), ('న', '|'), ('మెం', 'U'), ('చ', '|'), ('ర', 'U'), ('న్న', '|'), ('సం', 'U'), ('ప', '|'), ('గి', '|'), ('మ', 'U'), ('న్నా', 'U')]",1.0,-1.0,1.0,1.0,1.0,1.0
kandamu,"వదలరు విషయము లెచటను 
మెదలరు సజ్జనులకడను మిధ్యాజ్ఞానుల్‌
చదివితి మని యజ్ఞులతోఁ 
జదువులుపచరింతు రన్న సంపఁగిమన్నా!",jaathi,Sampangimanna,"[('వ', '|'), ('ద', '|'), ('ల', '|'), ('రు', '|'), ('వి', '|'), ('ష', '|'), ('య', '|'), ('ము', '|'), ('లె', '|'), ('చ', '|'), ('ట', '|'), ('ను', '|'), ('మె', '|'), ('ద', '|'), ('ల', '|'), ('రు', '|'), ('స', 'U'), ('జ్జ', '|'), ('ను', '|'), ('ల', '|'), ('క', '|'), ('డ', '|'), ('ను', '|'), ('మి', 'U'), ('ధ్యా', 'U'), ('జ్ఞా', 'U'), ('నుల్', 'U'), ('చ', '|'), ('ది', '|'), ('వి', '|'), ('తి', '|'), ('మ', '|'), ('ని', '|'), ('య', 'U'), ('జ్ఞు', '|'), ('ల', '|'), ('తో', 'U'), ('జ', '|'), ('దు', '|'), ('వు', '|'), ('లు', '|'), ('ప', '|'), ('చ', '|'), ('రిం', 'U'), ('తు', '|'), ('ర', 'U'), ('న్న', '|'), ('సం', 'U'), ('ప', '|'), ('గి', '|'), ('మ', 'U'), ('న్నా', 'U')]",1.0,-1.0,1.0,1.0,1.0,1.0
kandamu,"జడివాన కురిసినట్టులు 
విడువక వాదింతు రాత్మవేత్తల మనుచున్‌
గుడియెడ మెఱుఁగనిమాటల 
జడమతు లిలఁ గొంద ఱన్న సంపఁగిమన్నా!",jaathi,Sampangimanna,"[('జ', '|'), ('డి', '|'), ('వా', 'U'), ('న', '|'), ('కు', '|'), ('రి', '|'), ('సి', '|'), ('న', 'U'), ('ట్టు', '|'), ('లు', '|'), ('వి', '|'), ('డు', '|'), ('వ', '|'), ('క', '|'), ('వా', 'U'), ('దిం', 'U'), ('తు', '|'), ('రా', 'U'), ('త్మ', '|'), ('వే', 'U'), ('త్త', '|'), ('ల', '|'), ('మ', '|'), ('ను', '|'), ('చున్', 'U'), ('గు', '|'), ('డి', '|'), ('యె', '|'), ('డ', '|'), ('మె', '|'), ('ఱు', '|'), ('గ', '|'), ('ని', '|'), ('మా', 'U'), ('ట', '|'), ('ల', '|'), ('జ', '|'), ('డ', '|'), ('మ', '|'), ('తు', '|'), ('లి', '|'), ('ల', '|'), ('గొం', 'U'), ('ద', '|'), ('ఱ', 'U'), ('న్న', '|'), ('సం', 'U'), ('ప', '|'), ('గి', '|'), ('మ', 'U'), ('న్నా', 'U')]",1.0,-1.0,1.0,1.0,1.0,1.0
kandamu,"మన సనఁగా నెఱుఁగక దా 
మనసునకును సాక్షి యనఁగ మఱి బేలనఁగా
ఘనతర శూన్యం బనఁగా 
జనులకు నిది వాద మన్న! సంపఁగిమన్నా!",jaathi,Sampangimanna,"[('మ', '|'), ('న', '|'), ('స', '|'), ('న', '|'), ('గా', 'U'), ('నె', '|'), ('ఱు', '|'), ('గ', '|'), ('క', '|'), ('దా', 'U'), ('మ', '|'), ('న', '|'), ('సు', '|'), ('న', '|'), ('కు', '|'), ('ను', '|'), ('సా', 'U'), ('క్షి', '|'), ('య', '|'), ('న', '|'), ('గ', '|'), ('మ', '|'), ('ఱి', '|'), ('బే', 'U'), ('ల', '|'), ('న', '|'), ('గా', 'U'), ('ఘ', '|'), ('న', '|'), ('త', '|'), ('ర', '|'), ('శూ', 'U'), ('న్యం', 'U'), ('బ', '|'), ('న', '|'), ('గా', 'U'), ('జ', '|'), ('ను', '|'), ('ల', '|'), ('కు', '|'), ('ని', '|'), ('ది', '|'), ('వా', 'U'), ('ద', '|'), ('మ', 'U'), ('న్న', '|'), ('సం', 'U'), ('ప', '|'), ('గి', '|'), ('మ', 'U'), ('న్నా', 'U')]",1.0,-1.0,1.0,1.0,1.0,1.0
kandamu,"కొందఱు యోగం బనఁగాఁ 
గొందఱు జ్ఞానం బనంగఁ గొంద ఱఖండా
నందం బనంగ నందలి 
సందేహము లెట్లు తీరు సంపఁగిమన్నా!",jaathi,Sampangimanna,"[('కొం', 'U'), ('ద', '|'), ('ఱు', '|'), ('యో', 'U'), ('గం', 'U'), ('బ', '|'), ('న', '|'), ('గా', 'U'), ('గొం', 'U'), ('ద', '|'), ('ఱు', 'U'), ('జ్ఞా', 'U'), ('నం', 'U'), ('బ', '|'), ('నం', 'U'), ('గ', '|'), ('గొం', 'U'), ('ద', '|'), ('ఱ', '|'), ('ఖం', 'U'), ('డా', 'U'), ('నం', 'U'), ('దం', 'U'), ('బ', '|'), ('నం', 'U'), ('గ', '|'), ('నం', 'U'), ('ద', '|'), ('లి', '|'), ('సం', 'U'), ('దే', 'U'), ('హ', '|'), ('ము', '|'), ('లె', 'U'), ('ట్లు', '|'), ('తీ', 'U'), ('రు', '|'), ('సం', 'U'), ('ప', '|'), ('గి', '|'), ('మ', 'U'), ('న్నా', 'U')]",0.5,-1.0,1.0,0.5,0.0,0.5
kandamu,"తుద మొద లెఱుగక బ్రహ్మం 
బిది యని యెఱుఁగంగ లేక యేర్పడ సభలన్‌
వదఱుచుఁ దిరిగెడియయ్యల 
చదువులపస లెన్న సున్న సంపఁగిమన్నా!",jaathi,Sampangimanna,"[('తు', '|'), ('ద', '|'), ('మొ', '|'), ('ద', '|'), ('లె', '|'), ('ఱు', '|'), ('గ', '|'), ('క', '|'), ('బ్ర', 'U'), ('హ్మం', 'U'), ('బి', '|'), ('ది', '|'), ('య', '|'), ('ని', '|'), ('యె', '|'), ('ఱు', '|'), ('గం', 'U'), ('గ', '|'), ('లే', 'U'), ('క', '|'), ('యే', 'U'), ('ర్ప', '|'), ('డ', '|'), ('స', '|'), ('భ', '|'), ('లన్', 'U'), ('వ', '|'), ('ద', '|'), ('ఱు', '|'), ('చు', '|'), ('ది', '|'), ('రి', '|'), ('గె', '|'), ('డి', '|'), ('య', 'U'), ('య్య', '|'), ('ల', '|'), ('చ', '|'), ('దు', '|'), ('వు', '|'), ('ల', '|'), ('ప', '|'), ('స', '|'), ('లె', 'U'), ('న్న', '|'), ('సు', 'U'), ('న్న', '|'), ('సం', 'U'), ('ప', '|'), ('గి', '|'), ('మ', 'U'), ('న్నా', 'U')]",0.875,-1.0,1.0,1.0,0.5,1.0
kandamu,"చేతావాతాగొట్టెడి 
ఘాతుకు లవివేకు లనుచుఁ గని వారలతోఁ
నీతిపరు లడ్డ మాడరు 
చాతుర్యధురీణు లెన్న సంపఁగిమన్నా!",jaathi,Sampangimanna,"[('చే', 'U'), ('తా', 'U'), ('వా', 'U'), ('తా', 'U'), ('గొ', 'U'), ('ట్టె', '|'), ('డి', '|'), ('ఘా', 'U'), ('తు', '|'), ('కు', '|'), ('ల', '|'), ('వి', '|'), ('వే', 'U'), ('కు', '|'), ('ల', '|'), ('ను', '|'), ('చు', '|'), ('గ', '|'), ('ని', '|'), ('వా', 'U'), ('ర', '|'), ('ల', '|'), ('తో', 'U'), ('నీ', 'U'), ('తి', '|'), ('ప', '|'), ('రు', '|'), ('ల', 'U'), ('డ్డ', '|'), ('మా', 'U'), ('డ', '|'), ('రు', '|'), ('చా', 'U'), ('తు', 'U'), ('ర్య', '|'), ('ధు', '|'), ('రీ', 'U'), ('ణు', '|'), ('లె', 'U'), ('న్న', '|'), ('సం', 'U'), ('ప', '|'), ('గి', '|'), ('మ', 'U'), ('న్నా', 'U')]",1.0,-1.0,1.0,1.0,1.0,1.0
kandamu,"తనలో నెప్పుడు నుండెడు 
తనుఁ దెలియఁగలేడు నిన్ను దరమా తెలియం
దనుఁ దెలియుట నినుఁ దెలియుటె 
సనకాదిమునిప్రసన్న! సంపఁగిమన్నా!",jaathi,Sampangimanna,"[('త', '|'), ('న', '|'), ('లో', 'U'), ('నె', 'U'), ('ప్పు', '|'), ('డు', '|'), ('నుం', 'U'), ('డె', '|'), ('డు', '|'), ('త', '|'), ('ను', '|'), ('దె', '|'), ('లి', '|'), ('య', '|'), ('గ', '|'), ('లే', 'U'), ('డు', '|'), ('ని', 'U'), ('న్ను', '|'), ('ద', '|'), ('ర', '|'), ('మా', 'U'), ('తె', '|'), ('లి', '|'), ('యం', 'U'), ('ద', '|'), ('ను', '|'), ('దె', '|'), ('లి', '|'), ('యు', '|'), ('ట', '|'), ('ని', '|'), ('ను', '|'), ('దె', '|'), ('లి', '|'), ('యు', '|'), ('టె', '|'), ('స', '|'), ('న', '|'), ('కా', 'U'), ('ది', '|'), ('ము', '|'), ('ని', '|'), ('ప్ర', '|'), ('స', 'U'), ('న్న', '|'), ('సం', 'U'), ('ప', '|'), ('గి', '|'), ('మ', 'U'), ('న్నా', 'U')]",0.828125,-1.0,1.0,0.8125,0.5,1.0
kandamu,"దేహమె తా నై యున్నెడ 
దేహముతోఁగూడఁ గాలితేనే నిజమౌ
దేహాత్మవాదిమాటలు 
సాహసములు బొంకులన్న సంపఁగిమన్నా!",jaathi,Sampangimanna,"[('దే', 'U'), ('హ', '|'), ('మె', '|'), ('తా', 'U'), ('నై', 'U'), ('యు', 'U'), ('న్నె', '|'), ('డ', '|'), ('దే', 'U'), ('హ', '|'), ('ము', '|'), ('తో', 'U'), ('గూ', 'U'), ('డ', '|'), ('గా', 'U'), ('లి', '|'), ('తే', 'U'), ('నే', 'U'), ('ని', '|'), ('జ', '|'), ('మౌ', 'U'), ('దే', 'U'), ('హా', 'U'), ('త్మ', '|'), ('వా', 'U'), ('ది', '|'), ('మా', 'U'), ('ట', '|'), ('లు', '|'), ('సా', 'U'), ('హ', '|'), ('స', '|'), ('ము', '|'), ('లు', '|'), ('బొం', 'U'), ('కు', '|'), ('ల', 'U'), ('న్న', '|'), ('సం', 'U'), ('ప', '|'), ('గి', '|'), ('మ', 'U'), ('న్నా', 'U')]",1.0,-1.0,1.0,1.0,1.0,1.0
kandamu,"దండకమండలులు శిరో
ముండనము ధరించి నంత మోక్షముగలదా?
మెండుకొనులోనిపగతుర 
చండిమఁ దెగటార్పకున్న సంపఁగిమన్నా!",jaathi,Sampangimanna,"[('దం', 'U'), ('డ', '|'), ('క', '|'), ('మం', 'U'), ('డ', '|'), ('లు', '|'), ('లు', '|'), ('శి', '|'), ('రో', 'U'), ('ముం', 'U'), ('డ', '|'), ('న', '|'), ('ము', '|'), ('ధ', '|'), ('రిం', 'U'), ('చి', '|'), ('నం', 'U'), ('త', '|'), ('మో', 'U'), ('క్ష', '|'), ('ము', '|'), ('గ', '|'), ('ల', '|'), ('దా', 'U'), ('మెం', 'U'), ('డు', '|'), ('కొ', '|'), ('ను', '|'), ('లో', 'U'), ('ని', '|'), ('ప', '|'), ('గ', '|'), ('తు', '|'), ('ర', '|'), ('చం', 'U'), ('డి', '|'), ('మ', '|'), ('దె', '|'), ('గ', '|'), ('టా', 'U'), ('ర్ప', '|'), ('కు', 'U'), ('న్న', '|'), ('సం', 'U'), ('ప', '|'), ('గి', '|'), ('మ', 'U'), ('న్నా', 'U')]",1.0,-1.0,1.0,1.0,1.0,1.0
kandamu,"సన్న్యాసుల మని శాస్త్రో
పన్యాసముచేయు టెంతపాపము కాదా
యన్యోన్యాశ్రయ ముండిన 
సన్న్యాసము కూడదన్న సంపఁగిమన్నా!",jaathi,Sampangimanna,"[('స', 'U'), ('న్న్యా', 'U'), ('సు', '|'), ('ల', '|'), ('మ', '|'), ('ని', '|'), ('శా', 'U'), ('స్త్రో', 'U'), ('ప', 'U'), ('న్యా', 'U'), ('స', '|'), ('ము', '|'), ('చే', 'U'), ('యు', '|'), ('టెం', 'U'), ('త', '|'), ('పా', 'U'), ('ప', '|'), ('ము', '|'), ('కా', 'U'), ('దా', 'U'), ('య', 'U'), ('న్యో', 'U'), ('న్యా', 'U'), ('శ్ర', '|'), ('య', '|'), ('ముం', 'U'), ('డి', '|'), ('న', '|'), ('స', 'U'), ('న్న్యా', 'U'), ('స', '|'), ('ము', '|'), ('కూ', 'U'), ('డ', '|'), ('ద', 'U'), ('న్న', '|'), ('సం', 'U'), ('ప', '|'), ('గి', '|'), ('మ', 'U'), ('న్నా', 'U')]",0.875,-1.0,1.0,1.0,1.0,0.5
kandamu,"వాదుల నడఁచెడిపెద్దలఁ 
గాదనఁ గా నేల వట్టికలహం బింతే
ఖేదం బని చాలించిన 
సాదరమతి జాణఁ డన్న! సంపఁగిమన్నా!",jaathi,Sampangimanna,"[('వా', 'U'), ('దు', '|'), ('ల', '|'), ('న', '|'), ('డ', '|'), ('చె', '|'), ('డి', '|'), ('పె', 'U'), ('ద్ద', '|'), ('ల', '|'), ('గా', 'U'), ('ద', '|'), ('న', '|'), ('గా', 'U'), ('నే', 'U'), ('ల', '|'), ('వ', 'U'), ('ట్టి', '|'), ('క', '|'), ('ల', '|'), ('హం', 'U'), ('బిం', 'U'), ('తే', 'U'), ('ఖే', 'U'), ('దం', 'U'), ('బ', '|'), ('ని', '|'), ('చా', 'U'), ('లిం', 'U'), ('చి', '|'), ('న', '|'), ('సా', 'U'), ('ద', '|'), ('ర', '|'), ('మ', '|'), ('తి', '|'), ('జా', 'U'), ('ణ', '|'), ('డ', 'U'), ('న్న', '|'), ('సం', 'U'), ('ప', '|'), ('గి', '|'), ('మ', 'U'), ('న్నా', 'U')]",1.0,-1.0,1.0,1.0,1.0,1.0
kandamu,"వాదము ఖేదముకొఱకౌ 
మేదినిఁ గలవిద్య లెల్ల మెతుకులకొఱకౌఁ
గా దది ముక్తిపథం బని 
సాదరమతిఁ దెలియ రన్న! సంపఁగిమన్నా!",jaathi,Sampangimanna,"[('వా', 'U'), ('ద', '|'), ('ము', '|'), ('ఖే', 'U'), ('ద', '|'), ('ము', '|'), ('కొ', '|'), ('ఱ', '|'), ('కౌ', 'U'), ('మే', 'U'), ('ది', '|'), ('ని', '|'), ('గ', '|'), ('ల', '|'), ('వి', 'U'), ('ద్య', '|'), ('లె', 'U'), ('ల్ల', '|'), ('మె', '|'), ('తు', '|'), ('కు', '|'), ('ల', '|'), ('కొ', '|'), ('ఱ', '|'), ('కౌ', 'U'), ('గా', 'U'), ('ద', '|'), ('ది', '|'), ('ము', 'U'), ('క్తి', '|'), ('ప', '|'), ('థం', 'U'), ('బ', '|'), ('ని', '|'), ('సా', 'U'), ('ద', '|'), ('ర', '|'), ('మ', '|'), ('తి', '|'), ('దె', '|'), ('లి', '|'), ('య', '|'), ('ర', 'U'), ('న్న', '|'), ('సం', 'U'), ('ప', '|'), ('గి', '|'), ('మ', 'U'), ('న్నా', 'U')]",1.0,-1.0,1.0,1.0,1.0,1.0
kandamu,"వాదము లనఁగా దాతృవి
వాదము మఱి యంత్రతంత్రవాదములును నీ
జూదము మేదిని మెత్తురె? 
సాదరమతు లెన్నరన్న! సంపఁగిమన్నా!",jaathi,Sampangimanna,"[('వా', 'U'), ('ద', '|'), ('ము', '|'), ('ల', '|'), ('న', '|'), ('గా', 'U'), ('దా', 'U'), ('తృ', '|'), ('వి', '|'), ('వా', 'U'), ('ద', '|'), ('ము', '|'), ('మ', '|'), ('ఱి', '|'), ('యం', 'U'), ('త్ర', '|'), ('తం', 'U'), ('త్ర', '|'), ('వా', 'U'), ('ద', '|'), ('ము', '|'), ('లు', '|'), ('ను', '|'), ('నీ', 'U'), ('జూ', 'U'), ('ద', '|'), ('ము', '|'), ('మే', 'U'), ('ది', '|'), ('ని', '|'), ('మె', 'U'), ('త్తు', '|'), ('రె', '|'), ('సా', 'U'), ('ద', '|'), ('ర', '|'), ('మ', '|'), ('తు', '|'), ('లె', 'U'), ('న్న', '|'), ('ర', 'U'), ('న్న', '|'), ('సం', 'U'), ('ప', '|'), ('గి', '|'), ('మ', 'U'), ('న్నా', 'U')]",1.0,-1.0,1.0,1.0,1.0,1.0
kandamu,"ప్రేమమున నాత్మసుఖమం 
దేమియుఁ బస లేక తత్త్వ మెఱుఁగుదు మనుచున్‌
నేమములు విడిచి తిరిగెడి 
సాముల నేమందు మన్న! సంపఁగిమన్నా!",jaathi,Sampangimanna,"[('ప్రే', 'U'), ('మ', '|'), ('ము', '|'), ('న', '|'), ('నా', 'U'), ('త్మ', '|'), ('సు', '|'), ('ఖ', '|'), ('మం', 'U'), ('దే', 'U'), ('మి', '|'), ('యు', '|'), ('బ', '|'), ('స', '|'), ('లే', 'U'), ('క', '|'), ('త', 'U'), ('త్త్వ', '|'), ('మె', '|'), ('ఱు', '|'), ('గు', '|'), ('దు', '|'), ('మ', '|'), ('ను', '|'), ('చున్', 'U'), ('నే', 'U'), ('మ', '|'), ('ము', '|'), ('లు', '|'), ('వి', '|'), ('డి', '|'), ('చి', '|'), ('తి', '|'), ('రి', '|'), ('గె', '|'), ('డి', '|'), ('సా', 'U'), ('ము', '|'), ('ల', '|'), ('నే', 'U'), ('మం', 'U'), ('దు', '|'), ('మ', 'U'), ('న్న', '|'), ('సం', 'U'), ('ప', '|'), ('గి', '|'), ('మ', 'U'), ('న్నా', 'U')]",0.875,-1.0,1.0,1.0,0.5,1.0
kandamu,"చేతోగతినెఱిఁగినవా 
రేతీరున విధినిషేధ మెఱుఁగక యున్నన్‌
జూతురు సమరసభావనఁ 
జాతుర్యధురీణు లెన్న సంపఁగిమన్నా!",jaathi,Sampangimanna,"[('చే', 'U'), ('తో', 'U'), ('గ', '|'), ('తి', '|'), ('నె', '|'), ('ఱి', '|'), ('గి', '|'), ('న', '|'), ('వా', 'U'), ('రే', 'U'), ('తీ', 'U'), ('రు', '|'), ('న', '|'), ('వి', '|'), ('ధి', '|'), ('ని', '|'), ('షే', 'U'), ('ధ', '|'), ('మె', '|'), ('ఱు', '|'), ('గ', '|'), ('క', '|'), ('యు', 'U'), ('న్నన్', 'U'), ('జూ', 'U'), ('తు', '|'), ('రు', '|'), ('స', '|'), ('మ', '|'), ('ర', '|'), ('స', '|'), ('భా', 'U'), ('వ', '|'), ('న', '|'), ('జా', 'U'), ('తు', 'U'), ('ర్య', '|'), ('ధు', '|'), ('రీ', 'U'), ('ణు', '|'), ('లె', 'U'), ('న్న', '|'), ('సం', 'U'), ('ప', '|'), ('గి', '|'), ('మ', 'U'), ('న్నా', 'U')]",0.875,-1.0,1.0,1.0,0.5,1.0
kandamu,"ఎప్పుడు కర్మముఁ జేసెడి 
యప్పురుషుఁడు తన్నుఁ గన్న నది చాలించున్‌
చప్పిడిగాదా నోటికిఁ 
జప్పనియాపిప్పిఁ దిన్న సంపఁగిమన్నా!",jaathi,Sampangimanna,"[('ఎ', 'U'), ('ప్పు', '|'), ('డు', '|'), ('క', 'U'), ('ర్మ', '|'), ('ము', '|'), ('జే', 'U'), ('సె', '|'), ('డి', '|'), ('య', 'U'), ('ప్పు', '|'), ('రు', '|'), ('షు', '|'), ('డు', '|'), ('త', 'U'), ('న్ను', '|'), ('గ', 'U'), ('న్న', '|'), ('న', '|'), ('ది', '|'), ('చా', 'U'), ('లిం', 'U'), ('చున్', 'U'), ('చ', 'U'), ('ప్పి', '|'), ('డి', '|'), ('గా', 'U'), ('దా', 'U'), ('నో', 'U'), ('టి', '|'), ('కి', '|'), ('జ', 'U'), ('ప్ప', '|'), ('ని', '|'), ('యా', 'U'), ('పి', 'U'), ('ప్పి', '|'), ('ది', 'U'), ('న్న', '|'), ('సం', 'U'), ('ప', '|'), ('గి', '|'), ('మ', 'U'), ('న్నా', 'U')]",0.875,-1.0,1.0,1.0,0.5,1.0
kandamu,"మునిఁగితి మందురు 
మునుఁగుట మనసో పంచేంద్రియములో మఱి జీవుండో
మునుఁగుట యెవరో తెలియదు 
సనకాదిమునిప్రసన్న! సంపఁగిమన్నా!",jaathi,Sampangimanna,"[('ము', '|'), ('ని', '|'), ('గి', '|'), ('తి', '|'), ('మం', 'U'), ('దు', '|'), ('రు', '|'), ('ము', '|'), ('ను', '|'), ('గు', '|'), ('ట', '|'), ('మ', '|'), ('న', '|'), ('సో', 'U'), ('పం', 'U'), ('చేం', 'U'), ('ద్రి', '|'), ('య', '|'), ('ము', '|'), ('లో', 'U'), ('మ', '|'), ('ఱి', '|'), ('జీ', 'U'), ('వుం', 'U'), ('డో', 'U'), ('ము', '|'), ('ను', '|'), ('గు', '|'), ('ట', '|'), ('యె', '|'), ('వ', '|'), ('రో', 'U'), ('తె', '|'), ('లి', '|'), ('య', '|'), ('దు', '|'), ('స', '|'), ('న', '|'), ('కా', 'U'), ('ది', '|'), ('ము', '|'), ('ని', '|'), ('ప్ర', '|'), ('స', 'U'), ('న్న', '|'), ('సం', 'U'), ('ప', '|'), ('గి', '|'), ('మ', 'U'), ('న్నా', 'U')]",0.8125,-1.0,1.0,0.75,0.5,1.0
kandamu,"తానైనం బరిశుద్ధుఁడు 
మేనైన న్మట్టి బొంకి మేనో తానో
పూనికఁ జేసెడితీర్థ
స్నానం బిఁక నెవరి కన్న సంపఁగిమన్నా!",jaathi,Sampangimanna,"[('తా', 'U'), ('నై', 'U'), ('నం', 'U'), ('బ', '|'), ('రి', '|'), ('శు', 'U'), ('ద్ధు', '|'), ('డు', '|'), ('మే', 'U'), ('నై', 'U'), ('న', 'U'), ('న్మ', 'U'), ('ట్టి', '|'), ('బొం', 'U'), ('కి', '|'), ('మే', 'U'), ('నో', 'U'), ('తా', 'U'), ('నో', 'U'), ('పూ', 'U'), ('ని', '|'), ('క', '|'), ('జే', 'U'), ('సె', '|'), ('డి', '|'), ('తీ', 'U'), ('ర్థ', 'U'), ('స్నా', 'U'), ('నం', 'U'), ('బి', '|'), ('క', '|'), ('నె', '|'), ('వ', '|'), ('రి', '|'), ('క', 'U'), ('న్న', '|'), ('సం', 'U'), ('ప', '|'), ('గి', '|'), ('మ', 'U'), ('న్నా', 'U')]",1.0,-1.0,1.0,1.0,1.0,1.0
kandamu,"సూతకము వచ్చె ననుచును 
నాతలఁ బదినాళ్లు జరపినంతనె తెగునా?
సూతకమే కాదా తన 
జాతకము నెఱింగికొన్న సంపఁగిమన్నా!",jaathi,Sampangimanna,"[('సూ', 'U'), ('త', '|'), ('క', '|'), ('ము', '|'), ('వ', 'U'), ('చ్చె', '|'), ('న', '|'), ('ను', '|'), ('చు', '|'), ('ను', '|'), ('నా', 'U'), ('త', '|'), ('ల', '|'), ('బ', '|'), ('ది', '|'), ('నా', 'U'), ('ళ్లు', '|'), ('జ', '|'), ('ర', '|'), ('పి', '|'), ('నం', 'U'), ('త', '|'), ('నె', '|'), ('తె', '|'), ('గు', '|'), ('నా', 'U'), ('సూ', 'U'), ('త', '|'), ('క', '|'), ('మే', 'U'), ('కా', 'U'), ('దా', 'U'), ('త', '|'), ('న', '|'), ('జా', 'U'), ('త', '|'), ('క', '|'), ('ము', '|'), ('నె', '|'), ('ఱిం', 'U'), ('గి', '|'), ('కొ', 'U'), ('న్న', '|'), ('సం', 'U'), ('ప', '|'), ('గి', '|'), ('మ', 'U'), ('న్నా', 'U')]",1.0,-1.0,1.0,1.0,1.0,1.0
kandamu,"ముట్టున దొలఁగుదురేమో 
ముట్టుననే తనువుగాఁక మునుఁగుదు రేమో
ముట్టుకు వెలియైతే యొక 
చట్టా మఱిదేహ మెల్ల సంపఁగిమన్నా!",jaathi,Sampangimanna,"[('ము', 'U'), ('ట్టు', '|'), ('న', '|'), ('దొ', '|'), ('ల', '|'), ('గు', '|'), ('దు', '|'), ('రే', 'U'), ('మో', 'U'), ('ము', 'U'), ('ట్టు', '|'), ('న', '|'), ('నే', 'U'), ('త', '|'), ('ను', '|'), ('వు', '|'), ('గా', 'U'), ('క', '|'), ('ము', '|'), ('ను', '|'), ('గు', '|'), ('దు', '|'), ('రే', 'U'), ('మో', 'U'), ('ము', 'U'), ('ట్టు', '|'), ('కు', '|'), ('వె', '|'), ('లి', '|'), ('యై', 'U'), ('తే', 'U'), ('యొ', '|'), ('క', '|'), ('చ', 'U'), ('ట్టా', 'U'), ('మ', '|'), ('ఱి', '|'), ('దే', 'U'), ('హ', '|'), ('మె', 'U'), ('ల్ల', '|'), ('సం', 'U'), ('ప', '|'), ('గి', '|'), ('మ', 'U'), ('న్నా', 'U')]",1.0,-1.0,1.0,1.0,1.0,1.0
kandamu,"కలలో నొక్కఁడు పులిఁ గని 
పులిచే నణఁగుటను దాను పులియుటబొంకా
కలవలెను జగమెల్లను 
సలలితభక్తిప్రసన్న! సంపఁగిమన్నా!",jaathi,Sampangimanna,"[('క', '|'), ('ల', '|'), ('లో', 'U'), ('నొ', 'U'), ('క్క', '|'), ('డు', '|'), ('పు', '|'), ('లి', '|'), ('గ', '|'), ('ని', '|'), ('పు', '|'), ('లి', '|'), ('చే', 'U'), ('న', '|'), ('ణ', '|'), ('గు', '|'), ('ట', '|'), ('ను', '|'), ('దా', 'U'), ('ను', '|'), ('పు', '|'), ('లి', '|'), ('యు', '|'), ('ట', '|'), ('బొం', 'U'), ('కా', 'U'), ('క', '|'), ('ల', '|'), ('వ', '|'), ('లె', '|'), ('ను', '|'), ('జ', '|'), ('గ', '|'), ('మె', 'U'), ('ల్ల', '|'), ('ను', '|'), ('స', '|'), ('ల', '|'), ('లి', '|'), ('త', '|'), ('భ', 'U'), ('క్తి', '|'), ('ప్ర', '|'), ('స', 'U'), ('న్న', '|'), ('సం', 'U'), ('ప', '|'), ('గి', '|'), ('మ', 'U'), ('న్నా', 'U')]",0.765625,-1.0,1.0,0.8125,0.5,0.75
kandamu,"భ్రమదృశ్యజాల మెల్లను 
భ్రమ లోకములెల్ల మిగుల భ్రమ కర్మంబున్‌
భ్రమమూలమె యీసర్వము 
సమరసమౌ దత్త్వ మెన్న సంపఁగిమన్నా!",jaathi,Sampangimanna,"[('భ్ర', '|'), ('మ', '|'), ('దృ', 'U'), ('శ్య', '|'), ('జా', 'U'), ('ల', '|'), ('మె', 'U'), ('ల్ల', '|'), ('ను', '|'), ('భ్ర', '|'), ('మ', '|'), ('లో', 'U'), ('క', '|'), ('ము', '|'), ('లె', 'U'), ('ల్ల', '|'), ('మి', '|'), ('గు', '|'), ('ల', '|'), ('భ్ర', '|'), ('మ', '|'), ('క', 'U'), ('ర్మం', 'U'), ('బున్', 'U'), ('భ్ర', '|'), ('మ', '|'), ('మూ', 'U'), ('ల', '|'), ('మె', '|'), ('యీ', 'U'), ('స', 'U'), ('ర్వ', '|'), ('ము', '|'), ('స', '|'), ('మ', '|'), ('ర', '|'), ('స', '|'), ('మౌ', 'U'), ('ద', 'U'), ('త్త్వ', '|'), ('మె', 'U'), ('న్న', '|'), ('సం', 'U'), ('ప', '|'), ('గి', '|'), ('మ', 'U'), ('న్నా', 'U')]",1.0,-1.0,1.0,1.0,1.0,1.0
kandamu,"వంశము తన కెక్కడిది చి
దంశము లౌఁ గాకయున్నఁ గద జీవులకున్‌
సంశుద్ధి దొరకనేరదు 
సంశయములు విడువకున్న సంపఁగిమన్నా!",jaathi,Sampangimanna,"[('వం', 'U'), ('శ', '|'), ('ము', '|'), ('త', '|'), ('న', '|'), ('కె', 'U'), ('క్క', '|'), ('డి', '|'), ('ది', '|'), ('చి', '|'), ('దం', 'U'), ('శ', '|'), ('ము', '|'), ('లౌ', 'U'), ('గా', 'U'), ('క', '|'), ('యు', 'U'), ('న్న', '|'), ('గ', '|'), ('ద', '|'), ('జీ', 'U'), ('వు', '|'), ('ల', '|'), ('కున్', 'U'), ('సం', 'U'), ('శు', 'U'), ('ద్ధి', '|'), ('దొ', '|'), ('ర', '|'), ('క', '|'), ('నే', 'U'), ('ర', '|'), ('దు', '|'), ('సం', 'U'), ('శ', '|'), ('య', '|'), ('ము', '|'), ('లు', '|'), ('వి', '|'), ('డు', '|'), ('వ', '|'), ('కు', 'U'), ('న్న', '|'), ('సం', 'U'), ('ప', '|'), ('గి', '|'), ('మ', 'U'), ('న్నా', 'U')]",0.875,-1.0,1.0,1.0,0.5,1.0
kandamu,"తనమనసే తా నాయెను 
తనమనసే తన్నుఁ దెలియ దత్త్వం బయ్యెన్‌
మనసునకు సాక్షి మనసే 
సనకాదిమునిప్రసన్న! సంపఁగిమన్నా!",jaathi,Sampangimanna,"[('త', '|'), ('న', '|'), ('మ', '|'), ('న', '|'), ('సే', 'U'), ('తా', 'U'), ('నా', 'U'), ('యె', '|'), ('ను', '|'), ('త', '|'), ('న', '|'), ('మ', '|'), ('న', '|'), ('సే', 'U'), ('త', 'U'), ('న్ను', '|'), ('దె', '|'), ('లి', '|'), ('య', '|'), ('ద', 'U'), ('త్త్వం', 'U'), ('బ', 'U'), ('య్యెన్', 'U'), ('మ', '|'), ('న', '|'), ('సు', '|'), ('న', '|'), ('కు', '|'), ('సా', 'U'), ('క్షి', '|'), ('మ', '|'), ('న', '|'), ('సే', 'U'), ('స', '|'), ('న', '|'), ('కా', 'U'), ('ది', '|'), ('ము', '|'), ('ని', '|'), ('ప్ర', '|'), ('స', 'U'), ('న్న', '|'), ('సం', 'U'), ('ప', '|'), ('గి', '|'), ('మ', 'U'), ('న్నా', 'U')]",0.828125,-1.0,1.0,0.8125,0.5,1.0
kandamu,"మనసే జీవుం డనగను 
మనసే తనచేష్ట లుడిగి మఱితత్త్వమగున్‌
మనసుగలవాఁడె ముక్తుఁడు 
సనకాదిమునిప్రసన్న! సంపఁగిమన్నా!",jaathi,Sampangimanna,"[('మ', '|'), ('న', '|'), ('సే', 'U'), ('జీ', 'U'), ('వుం', 'U'), ('డ', '|'), ('న', '|'), ('గ', '|'), ('ను', '|'), ('మ', '|'), ('న', '|'), ('సే', 'U'), ('త', '|'), ('న', '|'), ('చే', 'U'), ('ష్ట', '|'), ('లు', '|'), ('డి', '|'), ('గి', '|'), ('మ', '|'), ('ఱి', '|'), ('త', 'U'), ('త్త్వ', '|'), ('మ', '|'), ('గున్', 'U'), ('మ', '|'), ('న', '|'), ('సు', '|'), ('గ', '|'), ('ల', '|'), ('వా', 'U'), ('డె', '|'), ('ము', 'U'), ('క్తు', '|'), ('డు', '|'), ('స', '|'), ('న', '|'), ('కా', 'U'), ('ది', '|'), ('ము', '|'), ('ని', '|'), ('ప్ర', '|'), ('స', 'U'), ('న్న', '|'), ('సం', 'U'), ('ప', '|'), ('గి', '|'), ('మ', 'U'), ('న్నా', 'U')]",0.828125,-1.0,1.0,0.8125,0.5,1.0
kandamu,"పురుషునకుఁ బ్రకృతి వేఱా 
సరిసమ మని తెలిసియుంట సహజము గాదా
పురుషవివర్తమె ప్రకృతియు 
శరణాగతసుప్రసన్న! సంపఁగిమన్నా!",jaathi,Sampangimanna,"[('పు', '|'), ('రు', '|'), ('షు', '|'), ('న', '|'), ('కు', '|'), ('బ్ర', '|'), ('కృ', '|'), ('తి', '|'), ('వే', 'U'), ('ఱా', 'U'), ('స', '|'), ('రి', '|'), ('స', '|'), ('మ', '|'), ('మ', '|'), ('ని', '|'), ('తె', '|'), ('లి', '|'), ('సి', '|'), ('యుం', 'U'), ('ట', '|'), ('స', '|'), ('హ', '|'), ('జ', '|'), ('ము', '|'), ('గా', 'U'), ('దా', 'U'), ('పు', '|'), ('రు', '|'), ('ష', '|'), ('వి', '|'), ('వ', 'U'), ('ర్త', '|'), ('మె', '|'), ('ప్ర', '|'), ('కృ', '|'), ('తి', '|'), ('యు', '|'), ('శ', '|'), ('ర', '|'), ('ణా', 'U'), ('గ', '|'), ('త', '|'), ('సు', '|'), ('ప్ర', '|'), ('స', 'U'), ('న్న', '|'), ('సం', 'U'), ('ప', '|'), ('గి', '|'), ('మ', 'U'), ('న్నా', 'U')]",0.828125,-1.0,1.0,0.8125,0.5,1.0
kandamu,"సత్తనఁ బరఁగును బురుషుఁడు 
సత్తనఁగాఁ బ్రకృతి తోఁచి సమసెడు కతనన్‌
సత్తునకే నిత్యత్వ మ
సత్తున కదిగూడ దన్న సంపఁగిమన్నా!",jaathi,Sampangimanna,"[('స', 'U'), ('త్త', '|'), ('న', '|'), ('బ', '|'), ('ర', '|'), ('గు', '|'), ('ను', '|'), ('బు', '|'), ('రు', '|'), ('షు', '|'), ('డు', '|'), ('స', 'U'), ('త్త', '|'), ('న', '|'), ('గా', 'U'), ('బ్ర', '|'), ('కృ', '|'), ('తి', '|'), ('తో', 'U'), ('చి', '|'), ('స', '|'), ('మ', '|'), ('సె', '|'), ('డు', '|'), ('క', '|'), ('త', '|'), ('నన్', 'U'), ('స', 'U'), ('త్తు', '|'), ('న', '|'), ('కే', 'U'), ('ని', 'U'), ('త్య', 'U'), ('త్వ', '|'), ('మ', '|'), ('స', 'U'), ('త్తు', '|'), ('న', '|'), ('క', '|'), ('ది', '|'), ('గూ', 'U'), ('డ', '|'), ('ద', 'U'), ('న్న', '|'), ('సం', 'U'), ('ప', '|'), ('గి', '|'), ('మ', 'U'), ('న్నా', 'U')]",1.0,-1.0,1.0,1.0,1.0,1.0
kandamu,"సత్తును నెఱుఁగ దస త్తా
సత్తును నెఱుఁగంగలే దసత్తును నిఁక నీ
సత్తాసత్తలఁ దగ సద
సత్తైకను జీవుఁ డన్న సంపఁగిమన్నా!",jaathi,Sampangimanna,"[('స', 'U'), ('త్తు', '|'), ('ను', '|'), ('నె', '|'), ('ఱు', '|'), ('గ', '|'), ('ద', '|'), ('స', 'U'), ('త్తా', 'U'), ('స', 'U'), ('త్తు', '|'), ('ను', '|'), ('నె', '|'), ('ఱు', '|'), ('గం', 'U'), ('గ', '|'), ('లే', 'U'), ('ద', '|'), ('స', 'U'), ('త్తు', '|'), ('ను', '|'), ('ని', '|'), ('క', '|'), ('నీ', 'U'), ('స', 'U'), ('త్తా', 'U'), ('స', 'U'), ('త్త', '|'), ('ల', '|'), ('ద', '|'), ('గ', '|'), ('స', '|'), ('ద', '|'), ('స', 'U'), ('త్తై', 'U'), ('క', '|'), ('ను', '|'), ('జీ', 'U'), ('వు', '|'), ('డ', 'U'), ('న్న', '|'), ('సం', 'U'), ('ప', '|'), ('గి', '|'), ('మ', 'U'), ('న్నా', 'U')]",1.0,-1.0,1.0,1.0,1.0,1.0
kandamu,"కనరా దన్నను శూన్యము 
కనవచ్చు నటన్న జడము గా దది వెలిగా
ననుభవవేద్యము బ్రహ్మము 
సనకాదిమునిప్రసన్న! సంపఁగిమన్నా!",jaathi,Sampangimanna,"[('క', '|'), ('న', '|'), ('రా', 'U'), ('ద', 'U'), ('న్న', '|'), ('ను', '|'), ('శూ', 'U'), ('న్య', '|'), ('ము', '|'), ('క', '|'), ('న', '|'), ('వ', 'U'), ('చ్చు', '|'), ('న', '|'), ('ట', 'U'), ('న్న', '|'), ('జ', '|'), ('డ', '|'), ('ము', '|'), ('గా', 'U'), ('ద', '|'), ('ది', '|'), ('వె', '|'), ('లి', '|'), ('గా', 'U'), ('న', '|'), ('ను', '|'), ('భ', '|'), ('వ', '|'), ('వే', 'U'), ('ద్య', '|'), ('ము', '|'), ('బ్ర', 'U'), ('హ్మ', '|'), ('ము', '|'), ('స', '|'), ('న', '|'), ('కా', 'U'), ('ది', '|'), ('ము', '|'), ('ని', '|'), ('ప్ర', '|'), ('స', 'U'), ('న్న', '|'), ('సం', 'U'), ('ప', '|'), ('గి', '|'), ('మ', 'U'), ('న్నా', 'U')]",0.828125,-1.0,1.0,0.8125,0.5,1.0
kandamu,"లక్షణ మెఱుఁగనియోగవ 
లక్షణ మను మతనిమాట లవి ప్రల్లదముల్‌
దక్షత నంతదృష్టి వి
చక్షణుఁడా కాఁడు సున్న సంపఁగిమన్నా!",jaathi,Sampangimanna,"[('ల', 'U'), ('క్ష', '|'), ('ణ', '|'), ('మె', '|'), ('ఱు', '|'), ('గ', '|'), ('ని', '|'), ('యో', 'U'), ('గ', '|'), ('వ', '|'), ('ల', 'U'), ('క్ష', '|'), ('ణ', '|'), ('మ', '|'), ('ను', '|'), ('మ', '|'), ('త', '|'), ('ని', '|'), ('మా', 'U'), ('ట', '|'), ('ల', '|'), ('వి', '|'), ('ప్ర', 'U'), ('ల్ల', '|'), ('ద', '|'), ('ముల్', 'U'), ('ద', 'U'), ('క్ష', '|'), ('త', '|'), ('నం', 'U'), ('త', '|'), ('దృ', 'U'), ('ష్టి', '|'), ('వి', '|'), ('చ', 'U'), ('క్ష', '|'), ('ణు', '|'), ('డా', 'U'), ('కా', 'U'), ('డు', '|'), ('సు', 'U'), ('న్న', '|'), ('సం', 'U'), ('ప', '|'), ('గి', '|'), ('మ', 'U'), ('న్నా', 'U')]",0.71875,-1.0,1.0,0.625,0.5,0.75
kandamu,"నష్టపదార్థం బగునీ 
సృష్టిని నుపసంహరించి చిన్మయ నంత
ర్దృష్టిని గనవలె జనులకు 
స్రష్టతనం బేటి కన్న సంపఁగిమన్నా!",jaathi,Sampangimanna,"[('న', 'U'), ('ష్ట', '|'), ('ప', '|'), ('దా', 'U'), ('ర్థం', 'U'), ('బ', '|'), ('గు', '|'), ('నీ', 'U'), ('సృ', 'U'), ('ష్టి', '|'), ('ని', '|'), ('ను', '|'), ('ప', '|'), ('సం', 'U'), ('హ', '|'), ('రిం', 'U'), ('చి', '|'), ('చి', 'U'), ('న్మ', '|'), ('య', '|'), ('నం', 'U'), ('త', 'U'), ('ర్దృ', 'U'), ('ష్టి', '|'), ('ని', '|'), ('గ', '|'), ('న', '|'), ('వ', '|'), ('లె', '|'), ('జ', '|'), ('ను', '|'), ('ల', '|'), ('కు', '|'), ('స్ర', 'U'), ('ష్ట', '|'), ('త', '|'), ('నం', 'U'), ('బే', 'U'), ('టి', '|'), ('క', 'U'), ('న్న', '|'), ('సం', 'U'), ('ప', '|'), ('గి', '|'), ('మ', 'U'), ('న్నా', 'U')]",1.0,-1.0,1.0,1.0,1.0,1.0
kandamu,"తోరంబై యోగీంద్రవిహా
రంబై విమలచిన్మయాకారం బై
ధీరంబై చిద్రూపము 
సారంబై వెలుఁగు నన్న సంపఁగిమన్నా!",jaathi,Sampangimanna,"[('తో', 'U'), ('రం', 'U'), ('బై', 'U'), ('యో', 'U'), ('గీం', 'U'), ('ద్ర', '|'), ('వి', '|'), ('హా', 'U'), ('రం', 'U'), ('బై', 'U'), ('వి', '|'), ('మ', '|'), ('ల', '|'), ('చి', 'U'), ('న్మ', '|'), ('యా', 'U'), ('కా', 'U'), ('రం', 'U'), ('బై', 'U'), ('ధీ', 'U'), ('రం', 'U'), ('బై', 'U'), ('చి', '|'), ('ద్రూ', 'U'), ('ప', '|'), ('ము', '|'), ('సా', 'U'), ('రం', 'U'), ('బై', 'U'), ('వె', '|'), ('లు', '|'), ('గు', '|'), ('న', 'U'), ('న్న', '|'), ('సం', 'U'), ('ప', '|'), ('గి', '|'), ('మ', 'U'), ('న్నా', 'U')]",0.703125,-1.0,1.0,0.5625,0.5,0.75
kandamu,"చింతించి యోగి మోక్షా
నంతసుఖం బొదువఁ జక్షురగ్రంబునఁ దా
నంతర్దృష్టిని గనవలె 
సంతతమును నాత్మఁ గన్న సంపఁగిమన్నా!",jaathi,Sampangimanna,"[('చిం', 'U'), ('తిం', 'U'), ('చి', '|'), ('యో', 'U'), ('గి', '|'), ('మో', 'U'), ('క్షా', 'U'), ('నం', 'U'), ('త', '|'), ('సు', '|'), ('ఖం', 'U'), ('బొ', '|'), ('దు', '|'), ('వ', '|'), ('జ', 'U'), ('క్షు', '|'), ('ర', '|'), ('గ్రం', 'U'), ('బు', '|'), ('న', '|'), ('దా', 'U'), ('నం', 'U'), ('త', 'U'), ('ర్దృ', 'U'), ('ష్టి', '|'), ('ని', '|'), ('గ', '|'), ('న', '|'), ('వ', '|'), ('లె', '|'), ('సం', 'U'), ('త', '|'), ('త', '|'), ('ము', '|'), ('ను', '|'), ('నా', 'U'), ('త్మ', '|'), ('గ', 'U'), ('న్న', '|'), ('సం', 'U'), ('ప', '|'), ('గి', '|'), ('మ', 'U'), ('న్నా', 'U')]",0.609375,-1.0,1.0,0.6875,0.0,0.75
kandamu,"తన కనుభవంబు చదువుల 
వినుకులనే కలుగు ననెడివెఱ్ఱియుఁ గలఁడే
యనుభవవేద్యము బ్రహ్మము 
సనకాదిమునిప్రసన్న! సంపఁగిమన్నా!",jaathi,Sampangimanna,"[('త', '|'), ('న', '|'), ('క', '|'), ('ను', '|'), ('భ', '|'), ('వం', 'U'), ('బు', '|'), ('చ', '|'), ('దు', '|'), ('వు', '|'), ('ల', '|'), ('వి', '|'), ('ను', '|'), ('కు', '|'), ('ల', '|'), ('నే', 'U'), ('క', '|'), ('లు', '|'), ('గు', '|'), ('న', '|'), ('నె', '|'), ('డి', '|'), ('వె', 'U'), ('ఱ్ఱి', '|'), ('యు', '|'), ('గ', '|'), ('ల', '|'), ('డే', 'U'), ('య', '|'), ('ను', '|'), ('భ', '|'), ('వ', '|'), ('వే', 'U'), ('ద్య', '|'), ('ము', '|'), ('బ్ర', 'U'), ('హ్మ', '|'), ('ము', '|'), ('స', '|'), ('న', '|'), ('కా', 'U'), ('ది', '|'), ('ము', '|'), ('ని', '|'), ('ప్ర', '|'), ('స', 'U'), ('న్న', '|'), ('సం', 'U'), ('ప', '|'), ('గి', '|'), ('మ', 'U'), ('న్నా', 'U')]",0.828125,-1.0,1.0,0.8125,0.5,1.0
kandamu,"కడుధీరుం డై యోగము 
తొడిబడ, ద న్నెవ్వరైన దూషించినఁ దా
నొడలికి నేపో టొదవిన 
జడియక సాధించు నన్న సంపఁగిమన్నా!",jaathi,Sampangimanna,"[('క', '|'), ('డు', '|'), ('ధీ', 'U'), ('రుం', 'U'), ('డై', 'U'), ('యో', 'U'), ('గ', '|'), ('ము', '|'), ('తొ', '|'), ('డి', '|'), ('బ', '|'), ('డ', '|'), ('ద', 'U'), ('న్నె', 'U'), ('వ్వ', '|'), ('రై', 'U'), ('న', '|'), ('దూ', 'U'), ('షిం', 'U'), ('చి', '|'), ('న', '|'), ('దా', 'U'), ('నొ', '|'), ('డ', '|'), ('లి', '|'), ('కి', '|'), ('నే', 'U'), ('పో', 'U'), ('టొ', '|'), ('ద', '|'), ('వి', '|'), ('న', '|'), ('జ', '|'), ('డి', '|'), ('య', '|'), ('క', '|'), ('సా', 'U'), ('ధిం', 'U'), ('చు', '|'), ('న', 'U'), ('న్న', '|'), ('సం', 'U'), ('ప', '|'), ('గి', '|'), ('మ', 'U'), ('న్నా', 'U')]",1.0,-1.0,1.0,1.0,1.0,1.0
kandamu,"తెఱచియుఁ దెఱవనికన్నులు 
మఱచియు మఱువనితలంపు మ్రాన్పడుమేనున్‌
పరమచిదాకాశస్థితిఁ 
చరితార్థుఁడు నిలుతునన్న! సంపఁగిమన్నా!",jaathi,Sampangimanna,"[('తె', '|'), ('ఱ', '|'), ('చి', '|'), ('యు', '|'), ('దె', '|'), ('ఱ', '|'), ('వ', '|'), ('ని', '|'), ('క', 'U'), ('న్ను', '|'), ('లు', '|'), ('మ', '|'), ('ఱ', '|'), ('చి', '|'), ('యు', '|'), ('మ', '|'), ('ఱు', '|'), ('వ', '|'), ('ని', '|'), ('త', '|'), ('లం', 'U'), ('పు', '|'), ('మ్రా', 'U'), ('న్ప', '|'), ('డు', '|'), ('మే', 'U'), ('నున్', 'U'), ('ప', '|'), ('ర', '|'), ('మ', '|'), ('చి', '|'), ('దా', 'U'), ('కా', 'U'), ('శ', 'U'), ('స్థి', '|'), ('తి', '|'), ('చ', '|'), ('రి', '|'), ('తా', 'U'), ('ర్థు', '|'), ('డు', '|'), ('ని', '|'), ('లు', '|'), ('తు', '|'), ('న', 'U'), ('న్న', '|'), ('సం', 'U'), ('ప', '|'), ('గి', '|'), ('మ', 'U'), ('న్నా', 'U')]",0.875,-1.0,1.0,1.0,1.0,0.5
kandamu,"నలుగురు నడచెడుత్రోవను 
బలిమిని లోకంబు నడచుఁ బ్రాజ్ఞుం డైనన్‌
నలువు రెఱుంగనిత్రోవలఁ 
జలియింపక నడచు నన్న! సంపఁగిమన్నా!",jaathi,Sampangimanna,"[('న', '|'), ('లు', '|'), ('గు', '|'), ('రు', '|'), ('న', '|'), ('డ', '|'), ('చె', '|'), ('డు', '|'), ('త్రో', 'U'), ('వ', '|'), ('ను', '|'), ('బ', '|'), ('లి', '|'), ('మి', '|'), ('ని', '|'), ('లో', 'U'), ('కం', 'U'), ('బు', '|'), ('న', '|'), ('డ', '|'), ('చు', '|'), ('బ్రా', 'U'), ('జ్ఞుం', 'U'), ('డై', 'U'), ('నన్', 'U'), ('న', '|'), ('లు', '|'), ('వు', '|'), ('రె', '|'), ('ఱుం', 'U'), ('గ', '|'), ('ని', '|'), ('త్రో', 'U'), ('వ', '|'), ('ల', '|'), ('జ', '|'), ('లి', '|'), ('యిం', 'U'), ('ప', '|'), ('క', '|'), ('న', '|'), ('డ', '|'), ('చు', '|'), ('న', 'U'), ('న్న', '|'), ('సం', 'U'), ('ప', '|'), ('గి', '|'), ('మ', 'U'), ('న్నా', 'U')]",1.0,-1.0,1.0,1.0,1.0,1.0
kandamu,"మనసెక్కడ మాయెక్కడ? 
తనువెక్కడ? ముప్పదాఱుతత్త్వము లెచటన్‌
ఘనరాజయోగ మెఱిఁగిన 
జనునకు దాసప్రసన్న! సంపఁగిమన్నా!",jaathi,Sampangimanna,"[('మ', '|'), ('న', '|'), ('సె', 'U'), ('క్క', '|'), ('డ', '|'), ('మా', 'U'), ('యె', 'U'), ('క్క', '|'), ('డ', '|'), ('త', '|'), ('ను', '|'), ('వె', 'U'), ('క్క', '|'), ('డ', '|'), ('ము', 'U'), ('ప్ప', '|'), ('దా', 'U'), ('ఱు', '|'), ('త', 'U'), ('త్త్వ', '|'), ('ము', '|'), ('లె', '|'), ('చ', '|'), ('టన్', 'U'), ('ఘ', '|'), ('న', '|'), ('రా', 'U'), ('జ', '|'), ('యో', 'U'), ('గ', '|'), ('మె', '|'), ('ఱి', '|'), ('గి', '|'), ('న', '|'), ('జ', '|'), ('ను', '|'), ('న', '|'), ('కు', '|'), ('దా', 'U'), ('స', '|'), ('ప్ర', '|'), ('స', 'U'), ('న్న', '|'), ('సం', 'U'), ('ప', '|'), ('గి', '|'), ('మ', 'U'), ('న్నా', 'U')]",0.828125,-1.0,1.0,0.8125,0.5,1.0
kandamu,"వెలిచూపును లోచూపును 
వెలిగాఁ దన్మధ్యమునను వెలిఁగెడితత్త్వం
బలవడఁ జూచినయతఁడే 
సలలితుఁ డగుముక్తుఁ డన్న! సంపఁగిమన్నా!",jaathi,Sampangimanna,"[('వె', '|'), ('లి', '|'), ('చూ', 'U'), ('పు', '|'), ('ను', '|'), ('లో', 'U'), ('చూ', 'U'), ('పు', '|'), ('ను', '|'), ('వె', '|'), ('లి', '|'), ('గా', 'U'), ('ద', 'U'), ('న్మ', 'U'), ('ధ్య', '|'), ('ము', '|'), ('న', '|'), ('ను', '|'), ('వె', '|'), ('లి', '|'), ('గె', '|'), ('డి', '|'), ('త', 'U'), ('త్త్వం', 'U'), ('బ', '|'), ('ల', '|'), ('వ', '|'), ('డ', '|'), ('జూ', 'U'), ('చి', '|'), ('న', '|'), ('య', '|'), ('త', '|'), ('డే', 'U'), ('స', '|'), ('ల', '|'), ('లి', '|'), ('తు', '|'), ('డ', '|'), ('గు', '|'), ('ము', 'U'), ('క్తు', '|'), ('డ', 'U'), ('న్న', '|'), ('సం', 'U'), ('ప', '|'), ('గి', '|'), ('మ', 'U'), ('న్నా', 'U')]",1.0,-1.0,1.0,1.0,1.0,1.0
kandamu,"ఇద్దఱు నొకటైనను గడ 
మిద్దఱుఁ దా మేకమగుచు నేకాంతముగా
నిద్దఱు నిద్దఱు నొకటై 
సద్దేమియు సేయ రన్న! సంపఁగిమన్నా!",jaathi,Sampangimanna,"[('ఇ', 'U'), ('ద్ద', '|'), ('ఱు', '|'), ('నొ', '|'), ('క', '|'), ('టై', 'U'), ('న', '|'), ('ను', '|'), ('గ', '|'), ('డ', '|'), ('మి', 'U'), ('ద్ద', '|'), ('ఱు', '|'), ('దా', 'U'), ('మే', 'U'), ('క', '|'), ('మ', '|'), ('గు', '|'), ('చు', '|'), ('నే', 'U'), ('కాం', 'U'), ('త', '|'), ('ము', '|'), ('గా', 'U'), ('ని', 'U'), ('ద్ద', '|'), ('ఱు', '|'), ('ని', 'U'), ('ద్ద', '|'), ('ఱు', '|'), ('నొ', '|'), ('క', '|'), ('టై', 'U'), ('స', 'U'), ('ద్దే', 'U'), ('మి', '|'), ('యు', '|'), ('సే', 'U'), ('య', '|'), ('ర', 'U'), ('న్న', '|'), ('సం', 'U'), ('ప', '|'), ('గి', '|'), ('మ', 'U'), ('న్నా', 'U')]",0.875,-1.0,1.0,1.0,0.5,1.0
kandamu,"మిక్కిలి సంసారయినను 
నెక్కడియోగము రుచించు నెక్కుడుశైత్యం
బెక్కిననోటికిఁ జేఁదగు 
జక్కెరపొడిఁ దిన్న నెన్న సంపఁగిమన్నా!",jaathi,Sampangimanna,"[('మి', 'U'), ('క్కి', '|'), ('లి', '|'), ('సం', 'U'), ('సా', 'U'), ('ర', '|'), ('యి', '|'), ('న', '|'), ('ను', '|'), ('నె', 'U'), ('క్క', '|'), ('డి', '|'), ('యో', 'U'), ('గ', '|'), ('ము', '|'), ('రు', '|'), ('చిం', 'U'), ('చు', '|'), ('నె', 'U'), ('క్కు', '|'), ('డు', '|'), ('శై', 'U'), ('త్యం', 'U'), ('బె', 'U'), ('క్కి', '|'), ('న', '|'), ('నో', 'U'), ('టి', '|'), ('కి', '|'), ('జే', 'U'), ('ద', '|'), ('గు', '|'), ('జ', 'U'), ('క్కె', '|'), ('ర', '|'), ('పొ', '|'), ('డి', '|'), ('ది', 'U'), ('న్న', '|'), ('నె', 'U'), ('న్న', '|'), ('సం', 'U'), ('ప', '|'), ('గి', '|'), ('మ', 'U'), ('న్నా', 'U')]",1.0,-1.0,1.0,1.0,1.0,1.0
kandamu,"నాలుగుత్రోవలనడుమను 
శ్రీలీలను వ్రేలుచున్న చిహ్నంబులఁ దా
నాలోచించినబుద్ధివి
శాలుండౌ ముక్తుఁడన్న! సంపఁగిమన్నా!",jaathi,Sampangimanna,"[('నా', 'U'), ('లు', '|'), ('గు', '|'), ('త్రో', 'U'), ('వ', '|'), ('ల', '|'), ('న', '|'), ('డు', '|'), ('మ', '|'), ('ను', '|'), ('శ్రీ', 'U'), ('లీ', 'U'), ('ల', '|'), ('ను', '|'), ('వ్రే', 'U'), ('లు', '|'), ('చు', 'U'), ('న్న', '|'), ('చి', 'U'), ('హ్నం', 'U'), ('బు', '|'), ('ల', '|'), ('దా', 'U'), ('నా', 'U'), ('లో', 'U'), ('చిం', 'U'), ('చి', '|'), ('న', '|'), ('బు', 'U'), ('ద్ధి', '|'), ('వి', '|'), ('శా', 'U'), ('లుం', 'U'), ('డౌ', 'U'), ('ము', 'U'), ('క్తు', '|'), ('డ', 'U'), ('న్న', '|'), ('సం', 'U'), ('ప', '|'), ('గి', '|'), ('మ', 'U'), ('న్నా', 'U')]",1.0,-1.0,1.0,1.0,1.0,1.0
kandamu,"పందలగుచెనటిమనుజుల 
కందంబుగ రాజయోగ మలవడు నేలా
పందలకును గాడిదలకుఁ 
జందనగుణ మేటికన్న! సంపఁగిమన్నా!",jaathi,Sampangimanna,"[('పం', 'U'), ('ద', '|'), ('ల', '|'), ('గు', '|'), ('చె', '|'), ('న', '|'), ('టి', '|'), ('మ', '|'), ('ను', '|'), ('జు', '|'), ('ల', '|'), ('కం', 'U'), ('దం', 'U'), ('బు', '|'), ('గ', '|'), ('రా', 'U'), ('జ', '|'), ('యో', 'U'), ('గ', '|'), ('మ', '|'), ('ల', '|'), ('వ', '|'), ('డు', '|'), ('నే', 'U'), ('లా', 'U'), ('పం', 'U'), ('ద', '|'), ('ల', '|'), ('కు', '|'), ('ను', '|'), ('గా', 'U'), ('డి', '|'), ('ద', '|'), ('ల', '|'), ('కు', '|'), ('జం', 'U'), ('ద', '|'), ('న', '|'), ('గు', '|'), ('ణ', '|'), ('మే', 'U'), ('టి', '|'), ('క', 'U'), ('న్న', '|'), ('సం', 'U'), ('ప', '|'), ('గి', '|'), ('మ', 'U'), ('న్నా', 'U')]",0.875,-1.0,1.0,1.0,0.5,1.0
kandamu,"ఇప్పదవు లందనేరని 
మొప్పెలకుం దెలుప వశమె ముందఱగానే
తప్పులు పట్టుచు మఱి చేఁ 
జప్ప ట్లిడి నగుదురన్న! సంపఁగిమన్నా!",jaathi,Sampangimanna,"[('ఇ', 'U'), ('ప్ప', '|'), ('ద', '|'), ('వు', '|'), ('లం', 'U'), ('ద', '|'), ('నే', 'U'), ('ర', '|'), ('ని', '|'), ('మొ', 'U'), ('ప్పె', '|'), ('ల', '|'), ('కుం', 'U'), ('దె', '|'), ('లు', '|'), ('ప', '|'), ('వ', '|'), ('శ', '|'), ('మె', '|'), ('ముం', 'U'), ('ద', '|'), ('ఱ', '|'), ('గా', 'U'), ('నే', 'U'), ('త', 'U'), ('ప్పు', '|'), ('లు', '|'), ('ప', 'U'), ('ట్టు', '|'), ('చు', '|'), ('మ', '|'), ('ఱి', '|'), ('చే', 'U'), ('జ', 'U'), ('ప్ప', 'U'), ('ట్లి', '|'), ('డి', '|'), ('న', '|'), ('గు', '|'), ('దు', '|'), ('ర', 'U'), ('న్న', '|'), ('సం', 'U'), ('ప', '|'), ('గి', '|'), ('మ', 'U'), ('న్నా', 'U')]",1.0,-1.0,1.0,1.0,1.0,1.0
kandamu,"కను జెదర మనసుఁ జెదరం
గను జెదరు న్సుఖము చెదరుఁ గాలియుఁ జెదరున్‌
గనుఁ జెదరక తనుఁ 
గనవలె సనకాదిమునిప్రసన్న! సంపఁగిమన్నా!",jaathi,Sampangimanna,"[('క', '|'), ('ను', '|'), ('జె', '|'), ('ద', '|'), ('ర', '|'), ('మ', '|'), ('న', '|'), ('సు', '|'), ('జె', '|'), ('ద', '|'), ('రం', 'U'), ('గ', '|'), ('ను', '|'), ('జె', '|'), ('ద', '|'), ('రు', 'U'), ('న్సు', '|'), ('ఖ', '|'), ('ము', '|'), ('చె', '|'), ('ద', '|'), ('రు', '|'), ('గా', 'U'), ('లి', '|'), ('యు', '|'), ('జె', '|'), ('ద', '|'), ('రున్', 'U'), ('గ', '|'), ('ను', '|'), ('జె', '|'), ('ద', '|'), ('ర', '|'), ('క', '|'), ('త', '|'), ('ను', '|'), ('గ', '|'), ('న', '|'), ('వ', '|'), ('లె', '|'), ('స', '|'), ('న', '|'), ('కా', 'U'), ('ది', '|'), ('ము', '|'), ('ని', '|'), ('ప్ర', '|'), ('స', 'U'), ('న్న', '|'), ('సం', 'U'), ('ప', '|'), ('గి', '|'), ('మ', 'U'), ('న్నా', 'U')]",0.828125,-1.0,1.0,0.8125,0.5,1.0
kandamu,"పాళ్ళును బంపును దొడవులు 
నూళ్ళును మును చన్నవారు నూర్జితులై రా
యో ళ్ళరిగి రోళ్ళ వెంటనె 
సాళ్ళని ఘను లెన్న రన్న! సంపఁగిమన్నా!",jaathi,Sampangimanna,"[('పా', 'U'), ('ళ్ళు', '|'), ('ను', '|'), ('బం', 'U'), ('పు', '|'), ('ను', '|'), ('దొ', '|'), ('డ', '|'), ('వు', '|'), ('లు', '|'), ('నూ', 'U'), ('ళ్ళు', '|'), ('ను', '|'), ('ము', '|'), ('ను', '|'), ('చ', 'U'), ('న్న', '|'), ('వా', 'U'), ('రు', '|'), ('నూ', 'U'), ('ర్జి', '|'), ('తు', '|'), ('లై', 'U'), ('రా', 'U'), ('యో', 'U'), ('ళ్ళ', '|'), ('రి', '|'), ('గి', '|'), ('రో', 'U'), ('ళ్ళ', '|'), ('వెం', 'U'), ('ట', '|'), ('నె', '|'), ('సా', 'U'), ('ళ్ళ', '|'), ('ని', '|'), ('ఘ', '|'), ('ను', '|'), ('లె', 'U'), ('న్న', '|'), ('ర', 'U'), ('న్న', '|'), ('సం', 'U'), ('ప', '|'), ('గి', '|'), ('మ', 'U'), ('న్నా', 'U')]",1.0,-1.0,1.0,1.0,1.0,1.0
kandamu,"ముందు వెనుకెఱుఁగ కాటల 
సందడిఁ బడి మోక్షసుఖము సాధింపనియా
పందలవ్రతుకులు నిఁక నే 
చందంబో యెఱుఁగ మన్న! సంపఁగిమన్నా!",jaathi,Sampangimanna,"[('ముం', 'U'), ('దు', '|'), ('వె', '|'), ('ను', '|'), ('కె', '|'), ('ఱు', '|'), ('గ', '|'), ('కా', 'U'), ('ట', '|'), ('ల', '|'), ('సం', 'U'), ('ద', '|'), ('డి', '|'), ('బ', '|'), ('డి', '|'), ('మో', 'U'), ('క్ష', '|'), ('సు', '|'), ('ఖ', '|'), ('ము', '|'), ('సా', 'U'), ('ధిం', 'U'), ('ప', '|'), ('ని', '|'), ('యా', 'U'), ('పం', 'U'), ('ద', '|'), ('ల', '|'), ('వ్ర', '|'), ('తు', '|'), ('కు', '|'), ('లు', '|'), ('ని', '|'), ('క', '|'), ('నే', 'U'), ('చం', 'U'), ('దం', 'U'), ('బో', 'U'), ('యె', '|'), ('ఱు', '|'), ('గ', '|'), ('మ', 'U'), ('న్న', '|'), ('సం', 'U'), ('ప', '|'), ('గి', '|'), ('మ', 'U'), ('న్నా', 'U')]",1.0,-1.0,1.0,1.0,1.0,1.0
kandamu,"వెలిచూపును లోచూపును 
గలయంగా నొక్కచూపుఁగా జూచిన యా
నిలుకడ గలయోగీంద్రుఁడె 
సలలితసుజ్ఞాని యన్న!సంపఁగిమన్నా!",jaathi,Sampangimanna,"[('వె', '|'), ('లి', '|'), ('చూ', 'U'), ('పు', '|'), ('ను', '|'), ('లో', 'U'), ('చూ', 'U'), ('పు', '|'), ('ను', '|'), ('గ', '|'), ('ల', '|'), ('యం', 'U'), ('గా', 'U'), ('నొ', 'U'), ('క్క', '|'), ('చూ', 'U'), ('పు', '|'), ('గా', 'U'), ('జూ', 'U'), ('చి', '|'), ('న', '|'), ('యా', 'U'), ('ని', '|'), ('లు', '|'), ('క', '|'), ('డ', '|'), ('గ', '|'), ('ల', '|'), ('యో', 'U'), ('గీం', 'U'), ('ద్రు', '|'), ('డె', '|'), ('స', '|'), ('ల', '|'), ('లి', '|'), ('త', '|'), ('సు', 'U'), ('జ్ఞా', 'U'), ('ని', '|'), ('య', 'U'), ('న్న', '|'), ('సం', 'U'), ('ప', '|'), ('గి', '|'), ('మ', 'U'), ('న్నా', 'U')]",1.0,-1.0,1.0,1.0,1.0,1.0
kandamu,"చిత్తమునం దమ్మెఱుఁగక 
తెత్తురు తమచేటు నత్త తిత్తు న్మత్తున్‌
మొత్తముగ నూడిపోయిన 
సత్తులవా? సుప్రసన్న!సంపఁగిమన్నా!",jaathi,Sampangimanna,"[('చి', 'U'), ('త్త', '|'), ('ము', '|'), ('నం', 'U'), ('ద', 'U'), ('మ్మె', '|'), ('ఱు', '|'), ('గ', '|'), ('క', '|'), ('తె', 'U'), ('త్తు', '|'), ('రు', '|'), ('త', '|'), ('మ', '|'), ('చే', 'U'), ('టు', '|'), ('న', 'U'), ('త్త', '|'), ('తి', 'U'), ('త్తు', 'U'), ('న్మ', 'U'), ('త్తున్', 'U'), ('మొ', 'U'), ('త్త', '|'), ('ము', '|'), ('గ', '|'), ('నూ', 'U'), ('డి', '|'), ('పో', 'U'), ('యి', '|'), ('న', '|'), ('స', 'U'), ('త్తు', '|'), ('ల', '|'), ('వా', 'U'), ('సు', '|'), ('ప్ర', '|'), ('స', 'U'), ('న్న', '|'), ('సం', 'U'), ('ప', '|'), ('గి', '|'), ('మ', 'U'), ('న్నా', 'U')]",0.828125,-1.0,1.0,0.8125,0.5,1.0
kandamu,"సంపద లెఱుఁగక తామే 
సంపదగలవార మనుచు జడు లిలఁ దమలో
సంపదఁ గననేరక వెలి
సంపదలే చూతు రన్న! సంపఁగిమన్నా!",jaathi,Sampangimanna,"[('సం', 'U'), ('ప', '|'), ('ద', '|'), ('లె', '|'), ('ఱు', '|'), ('గ', '|'), ('క', '|'), ('తా', 'U'), ('మే', 'U'), ('సం', 'U'), ('ప', '|'), ('ద', '|'), ('గ', '|'), ('ల', '|'), ('వా', 'U'), ('ర', '|'), ('మ', '|'), ('ను', '|'), ('చు', '|'), ('జ', '|'), ('డు', '|'), ('లి', '|'), ('ల', '|'), ('ద', '|'), ('మ', '|'), ('లో', 'U'), ('సం', 'U'), ('ప', '|'), ('ద', '|'), ('గ', '|'), ('న', '|'), ('నే', 'U'), ('ర', '|'), ('క', '|'), ('వె', '|'), ('లి', '|'), ('సం', 'U'), ('ప', '|'), ('ద', '|'), ('లే', 'U'), ('చూ', 'U'), ('తు', '|'), ('ర', 'U'), ('న్న', '|'), ('సం', 'U'), ('ప', '|'), ('గి', '|'), ('మ', 'U'), ('న్నా', 'U')]",1.0,-1.0,1.0,1.0,1.0,1.0
kandamu,"నేరనిజనులను బట్టుక 
పోరాడఁగ నేల పల్కపోతారాటం
బేరీతిఁ దెల్ప గతికి వి
చారము మదిఁ బుట్టదన్న! సంపఁగిమన్నా!",jaathi,Sampangimanna,"[('నే', 'U'), ('ర', '|'), ('ని', '|'), ('జ', '|'), ('ను', '|'), ('ల', '|'), ('ను', '|'), ('బ', 'U'), ('ట్టు', '|'), ('క', '|'), ('పో', 'U'), ('రా', 'U'), ('డ', '|'), ('గ', '|'), ('నే', 'U'), ('ల', '|'), ('ప', 'U'), ('ల్క', '|'), ('పో', 'U'), ('తా', 'U'), ('రా', 'U'), ('టం', 'U'), ('బే', 'U'), ('రీ', 'U'), ('తి', '|'), ('దె', 'U'), ('ల్ప', '|'), ('గ', '|'), ('తి', '|'), ('కి', '|'), ('వి', '|'), ('చా', 'U'), ('ర', '|'), ('ము', '|'), ('మ', '|'), ('ది', '|'), ('బు', 'U'), ('ట్ట', '|'), ('ద', 'U'), ('న్న', '|'), ('సం', 'U'), ('ప', '|'), ('గి', '|'), ('మ', 'U'), ('న్నా', 'U')]",1.0,-1.0,1.0,1.0,1.0,1.0
kandamu,"శోధింపరు తత్త్వజ్ఞులు 
నీధరఁ దమతోడిసరికి నీదుర్మనుజుల్‌
మేధావంతులు పెద్దలు 
సాధువు లని యెంతు రన్న! సంపఁగిమన్నా!",jaathi,Sampangimanna,"[('శో', 'U'), ('ధిం', 'U'), ('ప', '|'), ('రు', '|'), ('త', 'U'), ('త్త్వ', 'U'), ('జ్ఞు', '|'), ('లు', '|'), ('నీ', 'U'), ('ధ', '|'), ('ర', '|'), ('ద', '|'), ('మ', '|'), ('తో', 'U'), ('డి', '|'), ('స', '|'), ('రి', '|'), ('కి', '|'), ('నీ', 'U'), ('దు', 'U'), ('ర్మ', '|'), ('ను', '|'), ('జుల్', 'U'), ('మే', 'U'), ('ధా', 'U'), ('వం', 'U'), ('తు', '|'), ('లు', '|'), ('పె', 'U'), ('ద్ద', '|'), ('లు', '|'), ('సా', 'U'), ('ధు', '|'), ('వు', '|'), ('ల', '|'), ('ని', '|'), ('యెం', 'U'), ('తు', '|'), ('ర', 'U'), ('న్న', '|'), ('సం', 'U'), ('ప', '|'), ('గి', '|'), ('మ', 'U'), ('న్నా', 'U')]",1.0,-1.0,1.0,1.0,1.0,1.0
kandamu,"పుత్రులు మిత్రులు బంధుక
ళత్రములనువారు ముక్తిలలనకు నరునిన్‌
బాత్రుని గానీయరు హిత
శత్రులుగా వార లెన్న! సంపఁగిమన్నా!",jaathi,Sampangimanna,"[('పు', '|'), ('త్రు', '|'), ('లు', '|'), ('మి', '|'), ('త్రు', '|'), ('లు', '|'), ('బం', 'U'), ('ధు', '|'), ('క', '|'), ('ళ', '|'), ('త్ర', '|'), ('ము', '|'), ('ల', '|'), ('ను', '|'), ('వా', 'U'), ('రు', '|'), ('ము', 'U'), ('క్తి', '|'), ('ల', '|'), ('ల', '|'), ('న', '|'), ('కు', '|'), ('న', '|'), ('రు', '|'), ('నిన్', 'U'), ('బా', 'U'), ('త్రు', '|'), ('ని', '|'), ('గా', 'U'), ('నీ', 'U'), ('య', '|'), ('రు', '|'), ('హి', '|'), ('త', '|'), ('శ', '|'), ('త్రు', '|'), ('లు', '|'), ('గా', 'U'), ('వా', 'U'), ('ర', '|'), ('లె', 'U'), ('న్న', '|'), ('సం', 'U'), ('ప', '|'), ('గి', '|'), ('మ', 'U'), ('న్నా', 'U')]",0.421875,-1.0,1.0,0.4375,0.0,0.25
kandamu,"సంకల్ప ముడిఁగి తా ని
స్సంకల్పుం డైనఁ జాలు సద్గతి తడవా
సంకల్పమె బంధము ని
స్సంకల్పమె మోక్ష మెన్న సంపఁగిమన్నా!",jaathi,Sampangimanna,"[('సం', 'U'), ('క', 'U'), ('ల్ప', '|'), ('ము', '|'), ('డి', '|'), ('గి', '|'), ('తా', 'U'), ('ని', 'U'), ('స్సం', 'U'), ('క', 'U'), ('ల్పుం', 'U'), ('డై', 'U'), ('న', '|'), ('జా', 'U'), ('లు', '|'), ('స', 'U'), ('ద్గ', '|'), ('తి', '|'), ('త', '|'), ('డ', '|'), ('వా', 'U'), ('సం', 'U'), ('క', 'U'), ('ల్ప', '|'), ('మె', '|'), ('బం', 'U'), ('ధ', '|'), ('ము', '|'), ('ని', 'U'), ('స్సం', 'U'), ('క', 'U'), ('ల్ప', '|'), ('మె', '|'), ('మో', 'U'), ('క్ష', '|'), ('మె', 'U'), ('న్న', '|'), ('సం', 'U'), ('ప', '|'), ('గి', '|'), ('మ', 'U'), ('న్నా', 'U')]",1.0,-1.0,1.0,1.0,1.0,1.0
kandamu,"జనుఁడుం జిదమృతరసవార్‌
థిని చెట్టునఁ గ్రీడ సల్పి తెప్పలఁ దేలున్‌
విను తుచ్ఛసుఖము లేలా 
సనకాది మునిప్రసన్న! సంపఁగిమన్నా!",jaathi,Sampangimanna,"[('జ', '|'), ('ను', '|'), ('డుం', 'U'), ('జి', '|'), ('ద', '|'), ('మృ', '|'), ('త', '|'), ('ర', '|'), ('స', '|'), ('వార్', 'U'), ('థి', '|'), ('ని', '|'), ('చె', 'U'), ('ట్టు', '|'), ('న', '|'), ('గ్రీ', 'U'), ('డ', '|'), ('స', 'U'), ('ల్పి', '|'), ('తె', 'U'), ('ప్ప', '|'), ('ల', '|'), ('దే', 'U'), ('లున్', 'U'), ('వి', '|'), ('ను', '|'), ('తు', 'U'), ('చ్ఛ', '|'), ('సు', '|'), ('ఖ', '|'), ('ము', '|'), ('లే', 'U'), ('లా', 'U'), ('స', '|'), ('న', '|'), ('కా', 'U'), ('ది', '|'), ('ము', '|'), ('ని', '|'), ('ప్ర', '|'), ('స', 'U'), ('న్న', '|'), ('సం', 'U'), ('ప', '|'), ('గి', '|'), ('మ', 'U'), ('న్నా', 'U')]",0.828125,-1.0,1.0,0.8125,0.5,1.0
kandamu,"కీలెఱిఁగి జీవపదముల 
నోలిన్‌ సమరసము చేసి యోగానందుల్‌
బాలోన్మత్తపిశాచుల 
చాలుగ వర్తింతు రన్న! సంపఁగిమన్నా!",jaathi,Sampangimanna,"[('కీ', 'U'), ('లె', '|'), ('ఱి', '|'), ('గి', '|'), ('జీ', 'U'), ('వ', '|'), ('ప', '|'), ('ద', '|'), ('ము', '|'), ('ల', '|'), ('నో', 'U'), ('లి', 'U'), ('న్స', '|'), ('మ', '|'), ('ర', '|'), ('స', '|'), ('ము', '|'), ('చే', 'U'), ('సి', '|'), ('యో', 'U'), ('గా', 'U'), ('నం', 'U'), ('దుల్', 'U'), ('బా', 'U'), ('లో', 'U'), ('న్మ', 'U'), ('త్త', '|'), ('పి', '|'), ('శా', 'U'), ('చు', '|'), ('ల', '|'), ('చా', 'U'), ('లు', '|'), ('గ', '|'), ('వ', 'U'), ('ర్తిం', 'U'), ('తు', '|'), ('ర', 'U'), ('న్న', '|'), ('సం', 'U'), ('ప', '|'), ('గి', '|'), ('మ', 'U'), ('న్నా', 'U')]",0.875,-1.0,1.0,1.0,0.5,1.0
kandamu,"సర్వావస్థల నడఁచియు 
సర్వావస్థల నెఱింగి సర్వసముం డై
సర్వముఁ దా నని తెలిసిన 
సర్వోత్తముఁ డాతఁ డన్న సంపఁగిమన్నా!",jaathi,Sampangimanna,"[('స', 'U'), ('ర్వా', 'U'), ('వ', 'U'), ('స్థ', '|'), ('ల', '|'), ('న', '|'), ('డ', '|'), ('చి', '|'), ('యు', '|'), ('స', 'U'), ('ర్వా', 'U'), ('వ', 'U'), ('స్థ', '|'), ('ల', '|'), ('నె', '|'), ('ఱిం', 'U'), ('గి', '|'), ('స', 'U'), ('ర్వ', '|'), ('స', '|'), ('ముం', 'U'), ('డై', 'U'), ('స', 'U'), ('ర్వ', '|'), ('ము', '|'), ('దా', 'U'), ('న', '|'), ('ని', '|'), ('తె', '|'), ('లి', '|'), ('సి', '|'), ('న', '|'), ('స', 'U'), ('ర్వో', 'U'), ('త్త', '|'), ('ము', '|'), ('డా', 'U'), ('త', '|'), ('డ', 'U'), ('న్న', '|'), ('సం', 'U'), ('ప', '|'), ('గి', '|'), ('మ', 'U'), ('న్నా', 'U')]",1.0,-1.0,1.0,1.0,1.0,1.0
kandamu,"తనవారి నెదుటివారిని 
దనవారిఁగఁ జూడనేర్చుధన్యులు చాలన్‌
ఘనకీర్తులచే మింతురు 
సనకాదిమునిప్రసన్న! సంపఁగిమన్నా!",jaathi,Sampangimanna,"[('త', '|'), ('న', '|'), ('వా', 'U'), ('రి', '|'), ('నె', '|'), ('దు', '|'), ('టి', '|'), ('వా', 'U'), ('రి', '|'), ('ని', '|'), ('ద', '|'), ('న', '|'), ('వా', 'U'), ('రి', '|'), ('గ', '|'), ('జూ', 'U'), ('డ', '|'), ('నే', 'U'), ('ర్చు', '|'), ('ధ', 'U'), ('న్యు', '|'), ('లు', '|'), ('చా', 'U'), ('లన్', 'U'), ('ఘ', '|'), ('న', '|'), ('కీ', 'U'), ('ర్తు', '|'), ('ల', '|'), ('చే', 'U'), ('మిం', 'U'), ('తు', '|'), ('రు', '|'), ('స', '|'), ('న', '|'), ('కా', 'U'), ('ది', '|'), ('ము', '|'), ('ని', '|'), ('ప్ర', '|'), ('స', 'U'), ('న్న', '|'), ('సం', 'U'), ('ప', '|'), ('గి', '|'), ('మ', 'U'), ('న్నా', 'U')]",0.828125,-1.0,1.0,0.8125,0.5,1.0
kandamu,"నిత్యానిత్యవివేకము 
సత్యనుపమశీలుఁ డెఱుఁగు నాతఁడు సుజన
స్తుత్యుఁడు జీవన్ముక్తుఁడు 
సత్యం బిది వినఁగదన్న? సంపఁగిమన్నా!",jaathi,Sampangimanna,"[('ని', 'U'), ('త్యా', 'U'), ('ని', 'U'), ('త్య', '|'), ('వి', '|'), ('వే', 'U'), ('క', '|'), ('ము', '|'), ('స', 'U'), ('త్య', '|'), ('ను', '|'), ('ప', '|'), ('మ', '|'), ('శీ', 'U'), ('లు', '|'), ('డె', '|'), ('ఱు', '|'), ('గు', '|'), ('నా', 'U'), ('త', '|'), ('డు', '|'), ('సు', '|'), ('జ', '|'), ('న', 'U'), ('స్తు', 'U'), ('త్యు', '|'), ('డు', '|'), ('జీ', 'U'), ('వ', 'U'), ('న్ము', 'U'), ('క్తు', '|'), ('డు', '|'), ('స', 'U'), ('త్యం', 'U'), ('బి', '|'), ('ది', '|'), ('వి', '|'), ('న', '|'), ('గ', '|'), ('ద', 'U'), ('న్న', '|'), ('సం', 'U'), ('ప', '|'), ('గి', '|'), ('మ', 'U'), ('న్నా', 'U')]",0.875,-1.0,1.0,1.0,0.5,1.0
kandamu,"కూడదు గతి సంసారికి 
బూడిదలో గచ్చకాయ పొరలినభంగి\న్‌
వాఁడును వీఁడును దానై 
జాడ యెఱిఁగి నడువ రన్న! సంపఁగిమన్నా!",jaathi,Sampangimanna,"[('కూ', 'U'), ('డ', '|'), ('దు', '|'), ('గ', '|'), ('తి', '|'), ('సం', 'U'), ('సా', 'U'), ('రి', '|'), ('కి', '|'), ('బూ', 'U'), ('డి', '|'), ('ద', '|'), ('లో', 'U'), ('గ', 'U'), ('చ్చ', '|'), ('కా', 'U'), ('య', '|'), ('పొ', '|'), ('ర', '|'), ('లి', '|'), ('న', '|'), ('భం', 'U'), ('గిన్', 'U'), ('వా', 'U'), ('డు', '|'), ('ను', '|'), ('వీ', 'U'), ('డు', '|'), ('ను', '|'), ('దా', 'U'), ('నై', 'U'), ('జా', 'U'), ('డ', '|'), ('యె', '|'), ('ఱి', '|'), ('గి', '|'), ('న', '|'), ('డు', '|'), ('వ', '|'), ('ర', 'U'), ('న్న', '|'), ('సం', 'U'), ('ప', '|'), ('గి', '|'), ('మ', 'U'), ('న్నా', 'U')]",1.0,-1.0,1.0,1.0,1.0,1.0
kandamu,"పాపపువాసనవిషయము 
కాపాడుచురాగ నరుఁడు గడఁవగఁగలఁడా?
యేపట్టున గుహ్యోదర 
చాపల్యము మానకున్న సంపఁగిమన్నా!",jaathi,Sampangimanna,"[('పా', 'U'), ('ప', '|'), ('పు', '|'), ('వా', 'U'), ('స', '|'), ('న', '|'), ('వి', '|'), ('ష', '|'), ('య', '|'), ('ము', '|'), ('కా', 'U'), ('పా', 'U'), ('డు', '|'), ('చు', '|'), ('రా', 'U'), ('గ', '|'), ('న', '|'), ('రు', '|'), ('డు', '|'), ('గ', '|'), ('డ', '|'), ('వ', '|'), ('గ', '|'), ('గ', '|'), ('ల', '|'), ('డా', 'U'), ('యే', 'U'), ('ప', 'U'), ('ట్టు', '|'), ('న', '|'), ('గు', 'U'), ('హ్యో', 'U'), ('ద', '|'), ('ర', '|'), ('చా', 'U'), ('ప', 'U'), ('ల్య', '|'), ('ము', '|'), ('మా', 'U'), ('న', '|'), ('కు', 'U'), ('న్న', '|'), ('సం', 'U'), ('ప', '|'), ('గి', '|'), ('మ', 'U'), ('న్నా', 'U')]",1.0,-1.0,1.0,1.0,1.0,1.0
kandamu,"సాధనచతుష్టయంబున 
సాధారణలీలఁ దనరి సర్వేంద్రియముల్‌
శోధించి నిజసమాధిని 
సాధించినముక్తుఁ డన్న సంపఁగిమన్నా!",jaathi,Sampangimanna,"[('సా', 'U'), ('ధ', '|'), ('న', '|'), ('చ', '|'), ('తు', 'U'), ('ష్ట', '|'), ('యం', 'U'), ('బు', '|'), ('న', '|'), ('సా', 'U'), ('ధా', 'U'), ('ర', '|'), ('ణ', '|'), ('లీ', 'U'), ('ల', '|'), ('ద', '|'), ('న', '|'), ('రి', '|'), ('స', 'U'), ('ర్వేం', 'U'), ('ద్రి', '|'), ('య', '|'), ('ముల్', 'U'), ('శో', 'U'), ('ధిం', 'U'), ('చి', '|'), ('ని', '|'), ('జ', '|'), ('స', '|'), ('మా', 'U'), ('ధి', '|'), ('ని', '|'), ('సా', 'U'), ('ధిం', 'U'), ('చి', '|'), ('న', '|'), ('ము', 'U'), ('క్తు', '|'), ('డ', 'U'), ('న్న', '|'), ('సం', 'U'), ('ప', '|'), ('గి', '|'), ('మ', 'U'), ('న్నా', 'U')]",1.0,-1.0,1.0,1.0,1.0,1.0
kandamu,"ఉద్యోగంబునఁ బురుషుఁడు 
సద్యోగముఁ జలుపవలయు సవిశేషముగా
విద్యానిధి యగునతఁడే 
సద్యోముక్తుఁడు గదన్న సంపఁగిమన్నా!",jaathi,Sampangimanna,"[('ఉ', 'U'), ('ద్యో', 'U'), ('గం', 'U'), ('బు', '|'), ('న', '|'), ('బు', '|'), ('రు', '|'), ('షు', '|'), ('డు', '|'), ('స', 'U'), ('ద్యో', 'U'), ('గ', '|'), ('ము', '|'), ('జ', '|'), ('లు', '|'), ('ప', '|'), ('వ', '|'), ('ల', '|'), ('యు', '|'), ('స', '|'), ('వి', '|'), ('శే', 'U'), ('ష', '|'), ('ము', '|'), ('గా', 'U'), ('వి', 'U'), ('ద్యా', 'U'), ('ని', '|'), ('ధి', '|'), ('య', '|'), ('గు', '|'), ('న', '|'), ('త', '|'), ('డే', 'U'), ('స', 'U'), ('ద్యో', 'U'), ('ము', 'U'), ('క్తు', '|'), ('డు', '|'), ('గ', '|'), ('ద', 'U'), ('న్న', '|'), ('సం', 'U'), ('ప', '|'), ('గి', '|'), ('మ', 'U'), ('న్నా', 'U')]",1.0,-1.0,1.0,1.0,1.0,1.0
kandamu,"బోధించినగురువులచే 
సాధింపను నేర్పు గలిగి సన్నుతు లగుచున్‌
శ్రీధరుఁ గలియుదు రపుడే 
సాధకమున బుధులు సుమ్ము సంపఁగిమన్నా!",jaathi,Sampangimanna,"[('బో', 'U'), ('ధిం', 'U'), ('చి', '|'), ('న', '|'), ('గు', '|'), ('రు', '|'), ('వు', '|'), ('ల', '|'), ('చే', 'U'), ('సా', 'U'), ('ధిం', 'U'), ('ప', '|'), ('ను', '|'), ('నే', 'U'), ('ర్పు', '|'), ('గ', '|'), ('లి', '|'), ('గి', '|'), ('స', 'U'), ('న్ను', '|'), ('తు', '|'), ('ల', '|'), ('గు', '|'), ('చున్', 'U'), ('శ్రీ', 'U'), ('ధ', '|'), ('రు', '|'), ('గ', '|'), ('లి', '|'), ('యు', '|'), ('దు', '|'), ('ర', '|'), ('పు', '|'), ('డే', 'U'), ('సా', 'U'), ('ధ', '|'), ('క', '|'), ('ము', '|'), ('న', '|'), ('బు', '|'), ('ధు', '|'), ('లు', '|'), ('సు', 'U'), ('మ్ము', '|'), ('సం', 'U'), ('ప', '|'), ('గి', '|'), ('మ', 'U'), ('న్నా', 'U')]",1.0,-1.0,1.0,1.0,1.0,1.0
kandamu,"ఆతురుఁ డై తను నడిగిన 
యాతనికిం దెలుపవలయు నన్యులు వింటే
నా తలవంపులును సుహృ
జ్జాతులకే యోగ మెన్న సంపఁగిమన్నా!",jaathi,Sampangimanna,"[('ఆ', 'U'), ('తు', '|'), ('రు', '|'), ('డై', 'U'), ('త', '|'), ('ను', '|'), ('న', '|'), ('డి', '|'), ('గి', '|'), ('న', '|'), ('యా', 'U'), ('త', '|'), ('ని', '|'), ('కిం', 'U'), ('దె', '|'), ('లు', '|'), ('ప', '|'), ('వ', '|'), ('ల', '|'), ('యు', '|'), ('న', 'U'), ('న్యు', '|'), ('లు', '|'), ('విం', 'U'), ('టే', 'U'), ('నా', 'U'), ('త', '|'), ('ల', '|'), ('వం', 'U'), ('పు', '|'), ('లు', '|'), ('ను', '|'), ('సు', '|'), ('హృ', 'U'), ('జ్జా', 'U'), ('తు', '|'), ('ల', '|'), ('కే', 'U'), ('యో', 'U'), ('గ', '|'), ('మె', 'U'), ('న్న', '|'), ('సం', 'U'), ('ప', '|'), ('గి', '|'), ('మ', 'U'), ('న్నా', 'U')]",0.875,-1.0,1.0,1.0,0.5,1.0
kandamu,"మందేహామందౌషధ 
మెందు న్సరిలేని దైవ మిలలో సత్యా
నందంబు జయమునందు త
మందఱము సుఖంబు లంది యలరుద మెలమిన్‌.",jaathi,Sampangimanna,"[('మం', 'U'), ('దే', 'U'), ('హా', 'U'), ('మం', 'U'), ('దౌ', 'U'), ('ష', '|'), ('ధ', '|'), ('మెం', 'U'), ('దు', 'U'), ('న్స', '|'), ('రి', '|'), ('లే', 'U'), ('ని', '|'), ('దై', 'U'), ('వ', '|'), ('మి', '|'), ('ల', '|'), ('లో', 'U'), ('స', 'U'), ('త్యా', 'U'), ('నం', 'U'), ('దం', 'U'), ('బు', '|'), ('జ', '|'), ('య', '|'), ('ము', '|'), ('నం', 'U'), ('దు', '|'), ('త', '|'), ('మం', 'U'), ('ద', '|'), ('ఱ', '|'), ('ము', '|'), ('సు', '|'), ('ఖం', 'U'), ('బు', '|'), ('లం', 'U'), ('ది', '|'), ('య', '|'), ('ల', '|'), ('రు', '|'), ('ద', '|'), ('మె', '|'), ('ల', '|'), ('మిన్', 'U')]",0.875,-1.0,1.0,1.0,0.5,1.0
saardulamu,"శ్రీకంఠుం బరమేశు నవ్యయు నిజశ్రీపాదదివ్యప్రభా-
నీకోత్సారితదేవతానిటలదుర్నీత్యక్షరధ్వాంతుఁ జి-
త్ప్రాకామ్యాంగు నపాంగమాత్రరచితబ్రహ్మాండసంఘాతు జం-
ద్రాకల్పుం బ్రణుతింతు నిన్ను మది నాహ్లాదింతు సర్వేశ్వరా!",vruttamu,Sarveswara,"[('శ్రీ', 'U'), ('కం', 'U'), ('ఠుం', 'U'), ('బ', '|'), ('ర', '|'), ('మే', 'U'), ('శు', '|'), ('న', 'U'), ('వ్య', '|'), ('యు', '|'), ('ని', '|'), ('జ', '|'), ('శ్రీ', 'U'), ('పా', 'U'), ('ద', '|'), ('ది', 'U'), ('వ్య', '|'), ('ప్ర', '|'), ('భా', 'U'), ('నీ', 'U'), ('కో', 'U'), ('త్సా', 'U'), ('రి', '|'), ('త', '|'), ('దే', 'U'), ('వ', '|'), ('తా', 'U'), ('ని', '|'), ('ట', '|'), ('ల', '|'), ('దు', 'U'), ('ర్నీ', 'U'), ('త్య', 'U'), ('క్ష', '|'), ('ర', 'U'), ('ధ్వాం', 'U'), ('తు', '|'), ('జి', 'U'), ('త్ప్రా', 'U'), ('కా', 'U'), ('మ్యాం', 'U'), ('గు', '|'), ('న', '|'), ('పాం', 'U'), ('గ', '|'), ('మా', 'U'), ('త్ర', '|'), ('ర', '|'), ('చి', '|'), ('త', '|'), ('బ్ర', 'U'), ('హ్మాం', 'U'), ('డ', '|'), ('సం', 'U'), ('ఘా', 'U'), ('తు', '|'), ('జం', 'U'), ('ద్రా', 'U'), ('క', 'U'), ('ల్పుం', 'U'), ('బ్ర', '|'), ('ణు', '|'), ('తిం', 'U'), ('తు', '|'), ('ని', 'U'), ('న్ను', '|'), ('మ', '|'), ('ది', '|'), ('నా', 'U'), ('హ్లా', 'U'), ('దిం', 'U'), ('తు', '|'), ('స', 'U'), ('ర్వే', 'U'), ('శ్వ', '|'), ('రా', 'U')]",0.9285714285714285,1.0,1.0,0.8928571428571429,0.75,1.0
mattebhamu,"ఒకమా టీసకలంబు నీ మయముగా నూహించుచు న్వెండి యొ-
క్కొకమాటింతయు నీవు గావనుచు నేయుక్తిం బ్రశంసింపనే-
రక వేదంబులు చిక్కుపడ్డవనినం బ్రవ్యక్తమై యుండు భా-
వకుఁడై నీ నిజరూప మిట్టిదన నెవ్వండోపు సర్వేశ్వరా!",vruttamu,Sarveswara,"[('ఒ', '|'), ('క', '|'), ('మా', 'U'), ('టీ', 'U'), ('స', '|'), ('క', '|'), ('లం', 'U'), ('బు', '|'), ('నీ', 'U'), ('మ', '|'), ('య', '|'), ('ము', '|'), ('గా', 'U'), ('నూ', 'U'), ('హిం', 'U'), ('చు', '|'), ('చు', 'U'), ('న్వెం', 'U'), ('డి', '|'), ('యొ', 'U'), ('క్కొ', '|'), ('క', '|'), ('మా', 'U'), ('టిం', 'U'), ('త', '|'), ('యు', '|'), ('నీ', 'U'), ('వు', '|'), ('గా', 'U'), ('వ', '|'), ('ను', '|'), ('చు', '|'), ('నే', 'U'), ('యు', 'U'), ('క్తిం', 'U'), ('బ్ర', '|'), ('శం', 'U'), ('సిం', 'U'), ('ప', '|'), ('నే', 'U'), ('ర', '|'), ('క', '|'), ('వే', 'U'), ('దం', 'U'), ('బు', '|'), ('లు', '|'), ('చి', 'U'), ('క్కు', '|'), ('ప', 'U'), ('డ్డ', '|'), ('వ', '|'), ('ని', '|'), ('నం', 'U'), ('బ్ర', 'U'), ('వ్య', 'U'), ('క్త', '|'), ('మై', 'U'), ('యుం', 'U'), ('డు', '|'), ('భా', 'U'), ('వ', '|'), ('కు', '|'), ('డై', 'U'), ('నీ', 'U'), ('ని', '|'), ('జ', '|'), ('రూ', 'U'), ('ప', '|'), ('మి', 'U'), ('ట్టి', '|'), ('ద', '|'), ('న', '|'), ('నె', 'U'), ('వ్వం', 'U'), ('డో', 'U'), ('పు', '|'), ('స', 'U'), ('ర్వే', 'U'), ('శ్వ', '|'), ('రా', 'U')]",0.9,1.0,1.0,1.0,0.5,1.0
saardulamu,"జ్ఞానాతీతుఁడవైన నీ మహిమఁ బ్రజ్ఞం బూని తర్కించు ట-
జ్ఞానాంగంబగు నైననుం దమ యథాశక్తిం బ్రశంసించి ది-
వ్యానందస్థితిఁ బొందువారిఁ గని భక్త్యావృత్తి నిన్నెట్టివాఁ-
డైనం బ్రస్తుతి సేయుచుండుఁ దనచే నైనంత సర్వేశ్వరా!",vruttamu,Sarveswara,"[('జ్ఞా', 'U'), ('నా', 'U'), ('తీ', 'U'), ('తు', '|'), ('డ', '|'), ('వై', 'U'), ('న', '|'), ('నీ', 'U'), ('మ', '|'), ('హి', '|'), ('మ', '|'), ('బ్ర', 'U'), ('జ్ఞం', 'U'), ('బూ', 'U'), ('ని', '|'), ('త', 'U'), ('ర్కిం', 'U'), ('చు', '|'), ('ట', 'U'), ('జ్ఞా', 'U'), ('నాం', 'U'), ('గం', 'U'), ('బ', '|'), ('గు', '|'), ('నై', 'U'), ('న', '|'), ('నుం', 'U'), ('ద', '|'), ('మ', '|'), ('య', '|'), ('థా', 'U'), ('శ', 'U'), ('క్తిం', 'U'), ('బ్ర', '|'), ('శం', 'U'), ('సిం', 'U'), ('చి', '|'), ('ది', 'U'), ('వ్యా', 'U'), ('నం', 'U'), ('ద', 'U'), ('స్థి', '|'), ('తి', '|'), ('బొం', 'U'), ('దు', '|'), ('వా', 'U'), ('రి', '|'), ('గ', '|'), ('ని', '|'), ('భ', 'U'), ('క్త్యా', 'U'), ('వృ', 'U'), ('త్తి', '|'), ('ని', 'U'), ('న్నె', 'U'), ('ట్టి', '|'), ('వా', 'U'), ('డై', 'U'), ('నం', 'U'), ('బ్ర', 'U'), ('స్తు', '|'), ('తి', '|'), ('సే', 'U'), ('యు', '|'), ('చుం', 'U'), ('డు', '|'), ('ద', '|'), ('న', '|'), ('చే', 'U'), ('నై', 'U'), ('నం', 'U'), ('త', '|'), ('స', 'U'), ('ర్వే', 'U'), ('శ్వ', '|'), ('రా', 'U')]",0.95,1.0,1.0,1.0,0.75,1.0
mattebhamu,"అమితాంభోజభవాండభాండనిలయంబైయుండు నీ యంతరం-
గము పట్టెంతయొ దానికింక బహిరంగం బెట్టిదో సూక్ష్మత-
త్త్వము దానంతకుమీఁద నేమివిధమో తానిట్టి నీ పెంపుమా-
ర్గము నీకైన నచింత్య మెట్లొరుఁ డెఱుంగం జాలు సర్వేశ్వరా!",vruttamu,Sarveswara,"[('అ', '|'), ('మి', '|'), ('తాం', 'U'), ('భో', 'U'), ('జ', '|'), ('భ', '|'), ('వాం', 'U'), ('డ', '|'), ('భాం', 'U'), ('డ', '|'), ('ని', '|'), ('ల', '|'), ('యం', 'U'), ('బై', 'U'), ('యుం', 'U'), ('డు', '|'), ('నీ', 'U'), ('యం', 'U'), ('త', '|'), ('రం', 'U'), ('గ', '|'), ('ము', '|'), ('ప', 'U'), ('ట్టెం', 'U'), ('త', '|'), ('యొ', '|'), ('దా', 'U'), ('ని', '|'), ('కిం', 'U'), ('క', '|'), ('బ', '|'), ('హి', '|'), ('రం', 'U'), ('గం', 'U'), ('బె', 'U'), ('ట్టి', '|'), ('దో', 'U'), ('సూ', 'U'), ('క్ష్మ', '|'), ('త', 'U'), ('త్త్వ', '|'), ('ము', '|'), ('దా', 'U'), ('నం', 'U'), ('త', '|'), ('కు', '|'), ('మీ', 'U'), ('ద', '|'), ('నే', 'U'), ('మి', '|'), ('వి', '|'), ('ధ', '|'), ('మో', 'U'), ('తా', 'U'), ('ని', 'U'), ('ట్టి', '|'), ('నీ', 'U'), ('పెం', 'U'), ('పు', '|'), ('మా', 'U'), ('ర్గ', '|'), ('ము', '|'), ('నీ', 'U'), ('కై', 'U'), ('న', '|'), ('న', '|'), ('చిం', 'U'), ('త్య', '|'), ('మె', 'U'), ('ట్లొ', '|'), ('రు', '|'), ('డె', '|'), ('ఱుం', 'U'), ('గం', 'U'), ('జా', 'U'), ('లు', '|'), ('స', 'U'), ('ర్వే', 'U'), ('శ్వ', '|'), ('రా', 'U')]",0.95,1.0,1.0,1.0,0.75,1.0
mattebhamu,"ఇన విఘ్నేశ్వర మాతృకాద్రుహిణ బ్రాహ్మీ స్కంద దుర్గా రమా
వనితాధీశ్వర భైరవుల్ బలిసి భాస్వద్భక్తిసంయుక్తి నీ-
కనిశంబుం బరివారభృత్యనికరంబైరన్న నిన్నింకం గొ-
ల్వనివారెవ్వ రజాండభాండములలో వర్ణింప సర్వేశ్వరా!",vruttamu,Sarveswara,"[('ఇ', '|'), ('న', '|'), ('వి', 'U'), ('ఘ్నే', 'U'), ('శ్వ', '|'), ('ర', '|'), ('మా', 'U'), ('తృ', '|'), ('కా', 'U'), ('ద్రు', '|'), ('హి', '|'), ('ణ', '|'), ('బ్రా', 'U'), ('హ్మీ', 'U'), ('స్కం', 'U'), ('ద', '|'), ('దు', 'U'), ('ర్గా', 'U'), ('ర', '|'), ('మా', 'U'), ('వ', '|'), ('ని', '|'), ('తా', 'U'), ('ధీ', 'U'), ('శ్వ', '|'), ('ర', '|'), ('భై', 'U'), ('ర', '|'), ('వు', 'U'), ('ల్బ', '|'), ('లి', '|'), ('సి', '|'), ('భా', 'U'), ('స్వ', 'U'), ('ద్భ', 'U'), ('క్తి', '|'), ('సం', 'U'), ('యు', 'U'), ('క్తి', '|'), ('నీ', 'U'), ('క', '|'), ('ని', '|'), ('శం', 'U'), ('బుం', 'U'), ('బ', '|'), ('రి', '|'), ('వా', 'U'), ('ర', '|'), ('భృ', 'U'), ('త్య', '|'), ('ని', '|'), ('క', '|'), ('రం', 'U'), ('బై', 'U'), ('ర', 'U'), ('న్న', '|'), ('ని', 'U'), ('న్నిం', 'U'), ('కం', 'U'), ('గొ', 'U'), ('ల్వ', '|'), ('ని', '|'), ('వా', 'U'), ('రె', 'U'), ('వ్వ', '|'), ('ర', '|'), ('జాం', 'U'), ('డ', '|'), ('భాం', 'U'), ('డ', '|'), ('ము', '|'), ('ల', '|'), ('లో', 'U'), ('వ', 'U'), ('ర్ణిం', 'U'), ('ప', '|'), ('స', 'U'), ('ర్వే', 'U'), ('శ్వ', '|'), ('రా', 'U')]",0.8928571428571429,1.0,1.0,0.9642857142857143,0.5,1.0
saardulamu,"ఏపారంగ నజాండభాండనికరం బేరూపులో బుట్టి యు-
ద్దీపించు న్మఱి రూపులెల్ల సమసుప్తిం బొంది యేరూపులో
లోపించుం గలయంగ నంతటికిఁ దా లోనై విజృంభించి యే
రూపం బవ్యయమై వెలుంగు నది నీ రూపంబు సర్వేశ్వరా!",vruttamu,Sarveswara,"[('ఏ', 'U'), ('పా', 'U'), ('రం', 'U'), ('గ', '|'), ('న', '|'), ('జాం', 'U'), ('డ', '|'), ('భాం', 'U'), ('డ', '|'), ('ని', '|'), ('క', '|'), ('రం', 'U'), ('బే', 'U'), ('రూ', 'U'), ('పు', '|'), ('లో', 'U'), ('బు', 'U'), ('ట్టి', '|'), ('యు', 'U'), ('ద్దీ', 'U'), ('పిం', 'U'), ('చు', 'U'), ('న్మ', '|'), ('ఱి', '|'), ('రూ', 'U'), ('పు', '|'), ('లె', 'U'), ('ల్ల', '|'), ('స', '|'), ('మ', '|'), ('సు', 'U'), ('ప్తిం', 'U'), ('బొం', 'U'), ('ది', '|'), ('యే', 'U'), ('రూ', 'U'), ('పు', '|'), ('లో', 'U'), ('లో', 'U'), ('పిం', 'U'), ('చుం', 'U'), ('గ', '|'), ('ల', '|'), ('యం', 'U'), ('గ', '|'), ('నం', 'U'), ('త', '|'), ('టి', '|'), ('కి', '|'), ('దా', 'U'), ('లో', 'U'), ('నై', 'U'), ('వి', '|'), ('జృం', 'U'), ('భిం', 'U'), ('చి', '|'), ('యే', 'U'), ('రూ', 'U'), ('పం', 'U'), ('బ', 'U'), ('వ్య', '|'), ('య', '|'), ('మై', 'U'), ('వె', '|'), ('లుం', 'U'), ('గు', '|'), ('న', '|'), ('ది', '|'), ('నీ', 'U'), ('రూ', 'U'), ('పం', 'U'), ('బు', '|'), ('స', 'U'), ('ర్వే', 'U'), ('శ్వ', '|'), ('రా', 'U')]",0.95,1.0,1.0,1.0,0.75,1.0
mattebhamu,"జలజాతప్రభవాండబుద్బుదము లశ్రాంతంబునుం బుట్టుచుం
గలయం గ్రాఁగుచునుండు నీ పృథులలింగస్ఫారగర్భాబ్ధిలో-
పలఁ దద్బుద్బుదగర్భవాసులు హరిబ్రహ్మాది దేవాళియుం
గలదే వారికి నీ మహత్త్వ మెఱుఁగంగా శక్తి సర్వేశ్వరా!",vruttamu,Sarveswara,"[('జ', '|'), ('ల', '|'), ('జా', 'U'), ('త', '|'), ('ప్ర', '|'), ('భ', '|'), ('వాం', 'U'), ('డ', '|'), ('బు', 'U'), ('ద్బు', '|'), ('ద', '|'), ('ము', '|'), ('ల', '|'), ('శ్రాం', 'U'), ('తం', 'U'), ('బు', '|'), ('నుం', 'U'), ('బు', 'U'), ('ట్టు', '|'), ('చుం', 'U'), ('గ', '|'), ('ల', '|'), ('యం', 'U'), ('గ్రా', 'U'), ('గు', '|'), ('చు', '|'), ('నుం', 'U'), ('డు', '|'), ('నీ', 'U'), ('పృ', '|'), ('థు', '|'), ('ల', '|'), ('లిం', 'U'), ('గ', 'U'), ('స్ఫా', 'U'), ('ర', '|'), ('గ', 'U'), ('ర్భా', 'U'), ('బ్ధి', '|'), ('లో', 'U'), ('ప', '|'), ('ల', '|'), ('ద', 'U'), ('ద్బు', 'U'), ('ద్బు', '|'), ('ద', '|'), ('గ', 'U'), ('ర్భ', '|'), ('వా', 'U'), ('సు', '|'), ('లు', '|'), ('హ', '|'), ('రి', '|'), ('బ్ర', 'U'), ('హ్మా', 'U'), ('ది', '|'), ('దే', 'U'), ('వా', 'U'), ('ళి', '|'), ('యుం', 'U'), ('గ', '|'), ('ల', '|'), ('దే', 'U'), ('వా', 'U'), ('రి', '|'), ('కి', '|'), ('నీ', 'U'), ('మ', '|'), ('హ', 'U'), ('త్త్వ', '|'), ('మె', '|'), ('ఱు', '|'), ('గం', 'U'), ('గా', 'U'), ('శ', 'U'), ('క్తి', '|'), ('స', 'U'), ('ర్వే', 'U'), ('శ్వ', '|'), ('రా', 'U')]",0.9785714285714284,1.0,1.0,0.8928571428571429,1.0,1.0
mattebhamu,"భవదున్మేషవిజృంభణంబు పరికింపంగా సరోజాతసం-
భవు జన్మంబు భవన్నిమేష మమితబ్రహ్మాండకల్పాంత భై-
రవసంక్షోభిత మన్నఁ దక్కిన భవత్ప్రారంభభూరిక్రియా-
నివహం బెవ్వరు నేర్తు రిట్టిదని వర్ణింపంగ సర్వేశ్వరా!",vruttamu,Sarveswara,"[('భ', '|'), ('వ', '|'), ('దు', 'U'), ('న్మే', 'U'), ('ష', '|'), ('వి', '|'), ('జృం', 'U'), ('భ', '|'), ('ణం', 'U'), ('బు', '|'), ('ప', '|'), ('రి', '|'), ('కిం', 'U'), ('పం', 'U'), ('గా', 'U'), ('స', '|'), ('రో', 'U'), ('జా', 'U'), ('త', '|'), ('సం', 'U'), ('భ', '|'), ('వు', '|'), ('జ', 'U'), ('న్మం', 'U'), ('బు', '|'), ('భ', '|'), ('వ', 'U'), ('న్ని', '|'), ('మే', 'U'), ('ష', '|'), ('మ', '|'), ('మి', '|'), ('త', '|'), ('బ్ర', 'U'), ('హ్మాం', 'U'), ('డ', '|'), ('క', 'U'), ('ల్పాం', 'U'), ('త', '|'), ('భై', 'U'), ('ర', '|'), ('వ', '|'), ('సం', 'U'), ('క్షో', 'U'), ('భి', '|'), ('త', '|'), ('మ', 'U'), ('న్న', '|'), ('ద', 'U'), ('క్కి', '|'), ('న', '|'), ('భ', '|'), ('వ', 'U'), ('త్ప్రా', 'U'), ('రం', 'U'), ('భ', '|'), ('భూ', 'U'), ('రి', '|'), ('క్రి', '|'), ('యా', 'U'), ('ని', '|'), ('వ', '|'), ('హం', 'U'), ('బె', 'U'), ('వ్వ', '|'), ('రు', '|'), ('నే', 'U'), ('ర్తు', '|'), ('రి', 'U'), ('ట్టి', '|'), ('ద', '|'), ('ని', '|'), ('వ', 'U'), ('ర్ణిం', 'U'), ('పం', 'U'), ('గ', '|'), ('స', 'U'), ('ర్వే', 'U'), ('శ్వ', '|'), ('రా', 'U')]",0.9857142857142858,1.0,1.0,0.9285714285714286,1.0,1.0
mattebhamu,"పవనుండై హిమధాముఁడై యనలుఁడై పానీయమై యాత్మయై
రవియై యంబరమై మహీవలయమై రమ్యాష్టమూర్తిక్రియన్
భువనాండంబులు లక్షణాంగములుగాఁ బుట్టించు నత్యద్భుతో-
త్సవలీలావిభవంబుతోడ భవదాజ్ఞాశక్తి సర్వేశ్వరా!",vruttamu,Sarveswara,"[('ప', '|'), ('వ', '|'), ('నుం', 'U'), ('డై', 'U'), ('హి', '|'), ('మ', '|'), ('ధా', 'U'), ('ము', '|'), ('డై', 'U'), ('య', '|'), ('న', '|'), ('లు', '|'), ('డై', 'U'), ('పా', 'U'), ('నీ', 'U'), ('య', '|'), ('మై', 'U'), ('యా', 'U'), ('త్మ', '|'), ('యై', 'U'), ('ర', '|'), ('వి', '|'), ('యై', 'U'), ('యం', 'U'), ('బ', '|'), ('ర', '|'), ('మై', 'U'), ('మ', '|'), ('హీ', 'U'), ('వ', '|'), ('ల', '|'), ('య', '|'), ('మై', 'U'), ('ర', 'U'), ('మ్యా', 'U'), ('ష్ట', '|'), ('మూ', 'U'), ('ర్తి', '|'), ('క్రి', '|'), ('యన్', 'U'), ('భు', '|'), ('వ', '|'), ('నాం', 'U'), ('డం', 'U'), ('బు', '|'), ('లు', '|'), ('ల', 'U'), ('క్ష', '|'), ('ణాం', 'U'), ('గ', '|'), ('ము', '|'), ('లు', '|'), ('గా', 'U'), ('బు', 'U'), ('ట్టిం', 'U'), ('చు', '|'), ('న', 'U'), ('త్య', 'U'), ('ద్భు', '|'), ('తో', 'U'), ('త్స', '|'), ('వ', '|'), ('లీ', 'U'), ('లా', 'U'), ('వి', '|'), ('భ', '|'), ('వం', 'U'), ('బు', '|'), ('తో', 'U'), ('డ', '|'), ('భ', '|'), ('వ', '|'), ('దా', 'U'), ('జ్ఞా', 'U'), ('శ', 'U'), ('క్తి', '|'), ('స', 'U'), ('ర్వే', 'U'), ('శ్వ', '|'), ('రా', 'U')]",0.9928571428571429,1.0,1.0,0.9642857142857143,1.0,1.0
mattebhamu,"జలజాతప్రభవాండభాండములు దుశ్చారిత్రులం బాత్రులం
జెలువై యుండ యథాప్రమాణములుగా శిక్షింప రక్షింప ని-
శ్చలలీలం బ్రభవించు రాజు భవదాజ్ఞాశక్తిఁ గాకింత వ-
ట్టెలమిం జేకొని నిర్వహింప మఱి రాజెవ్వండు సర్వేశ్వరా!",vruttamu,Sarveswara,"[('జ', '|'), ('ల', '|'), ('జా', 'U'), ('త', '|'), ('ప్ర', '|'), ('భ', '|'), ('వాం', 'U'), ('డ', '|'), ('భాం', 'U'), ('డ', '|'), ('ము', '|'), ('లు', '|'), ('దు', 'U'), ('శ్చా', 'U'), ('రి', '|'), ('త్రు', '|'), ('లం', 'U'), ('బా', 'U'), ('త్రు', '|'), ('లం', 'U'), ('జె', '|'), ('లు', '|'), ('వై', 'U'), ('యుం', 'U'), ('డ', '|'), ('య', '|'), ('థా', 'U'), ('ప్ర', '|'), ('మా', 'U'), ('ణ', '|'), ('ము', '|'), ('లు', '|'), ('గా', 'U'), ('శి', 'U'), ('క్షిం', 'U'), ('ప', '|'), ('ర', 'U'), ('క్షిం', 'U'), ('ప', '|'), ('ని', 'U'), ('శ్చ', '|'), ('ల', '|'), ('లీ', 'U'), ('లం', 'U'), ('బ్ర', '|'), ('భ', '|'), ('విం', 'U'), ('చు', '|'), ('రా', 'U'), ('జు', '|'), ('భ', '|'), ('వ', '|'), ('దా', 'U'), ('జ్ఞా', 'U'), ('శ', 'U'), ('క్తి', '|'), ('గా', 'U'), ('కిం', 'U'), ('త', '|'), ('వ', 'U'), ('ట్టె', '|'), ('ల', '|'), ('మిం', 'U'), ('జే', 'U'), ('కొ', '|'), ('ని', '|'), ('ని', 'U'), ('ర్వ', '|'), ('హిం', 'U'), ('ప', '|'), ('మ', '|'), ('ఱి', '|'), ('రా', 'U'), ('జె', 'U'), ('వ్వం', 'U'), ('డు', '|'), ('స', 'U'), ('ర్వే', 'U'), ('శ్వ', '|'), ('రా', 'U')]",0.9357142857142857,1.0,1.0,0.9285714285714286,0.75,1.0
saardulamu,"జ్ఞానజ్యోతి విజృంభమాణముగ నోజన్ విష్ణువిధ్యాది దే-
వానీకాత్మదశావళిం దవిలి నీవారంగ వారిం గళా-
జ్ఞానప్రౌఢులఁ జేయుటన్ వెలయఁగా సర్వజ్ఞశబ్దంబు దా
నీ నామాంకముగా విధించు నిగమానీకంబు సర్వేశ్వరా!",vruttamu,Sarveswara,"[('జ్ఞా', 'U'), ('న', 'U'), ('జ్యో', 'U'), ('తి', '|'), ('వి', '|'), ('జృం', 'U'), ('భ', '|'), ('మా', 'U'), ('ణ', '|'), ('ము', '|'), ('గ', '|'), ('నో', 'U'), ('జ', 'U'), ('న్వి', 'U'), ('ష్ణు', '|'), ('వి', 'U'), ('ధ్యా', 'U'), ('ది', '|'), ('దే', 'U'), ('వా', 'U'), ('నీ', 'U'), ('కా', 'U'), ('త్మ', '|'), ('ద', '|'), ('శా', 'U'), ('వ', '|'), ('ళిం', 'U'), ('ద', '|'), ('వి', '|'), ('లి', '|'), ('నీ', 'U'), ('వా', 'U'), ('రం', 'U'), ('గ', '|'), ('వా', 'U'), ('రిం', 'U'), ('గ', '|'), ('ళా', 'U'), ('జ్ఞా', 'U'), ('న', '|'), ('ప్రౌ', 'U'), ('ఢు', '|'), ('ల', '|'), ('జే', 'U'), ('యు', '|'), ('ట', 'U'), ('న్వె', '|'), ('ల', '|'), ('య', '|'), ('గా', 'U'), ('స', 'U'), ('ర్వ', 'U'), ('జ్ఞ', '|'), ('శ', 'U'), ('బ్దం', 'U'), ('బు', '|'), ('దా', 'U'), ('నీ', 'U'), ('నా', 'U'), ('మాం', 'U'), ('క', '|'), ('ము', '|'), ('గా', 'U'), ('వి', '|'), ('ధిం', 'U'), ('చు', '|'), ('ని', '|'), ('గ', '|'), ('మా', 'U'), ('నీ', 'U'), ('కం', 'U'), ('బు', '|'), ('స', 'U'), ('ర్వే', 'U'), ('శ్వ', '|'), ('రా', 'U')]",0.9928571428571429,1.0,1.0,0.9642857142857143,1.0,1.0
mattebhamu,"సురల న్మర్త్యసమూహిగా మనుజులన్ శోభిల్లు బృందారకో-
త్కరముంగా ఘను నల్పు నల్పుని ఘనుంగాఁ బుణ్యపాపాలిచేఁ
దిరుగ న్వైచుచు నీ మహామహిమ ప్రీతిం బద్మజుండంబునం
దరయన్ జీవుల నింద్రజాలములుగా నాడించు సర్వేశ్వరా!",vruttamu,Sarveswara,"[('సు', '|'), ('ర', '|'), ('ల', 'U'), ('న్మ', 'U'), ('ర్త్య', '|'), ('స', '|'), ('మూ', 'U'), ('హి', '|'), ('గా', 'U'), ('మ', '|'), ('ను', '|'), ('జు', '|'), ('ల', 'U'), ('న్శో', 'U'), ('భి', 'U'), ('ల్లు', '|'), ('బృం', 'U'), ('దా', 'U'), ('ర', '|'), ('కో', 'U'), ('త్క', '|'), ('ర', '|'), ('ముం', 'U'), ('గా', 'U'), ('ఘ', '|'), ('ను', '|'), ('న', 'U'), ('ల్పు', '|'), ('న', 'U'), ('ల్పు', '|'), ('ని', '|'), ('ఘ', '|'), ('నుం', 'U'), ('గా', 'U'), ('బు', 'U'), ('ణ్య', '|'), ('పా', 'U'), ('పా', 'U'), ('లి', '|'), ('చే', 'U'), ('ది', '|'), ('రు', '|'), ('గ', 'U'), ('న్వై', 'U'), ('చు', '|'), ('చు', '|'), ('నీ', 'U'), ('మ', '|'), ('హా', 'U'), ('మ', '|'), ('హి', '|'), ('మ', '|'), ('ప్రీ', 'U'), ('తిం', 'U'), ('బ', 'U'), ('ద్మ', '|'), ('జుం', 'U'), ('డం', 'U'), ('బు', '|'), ('నం', 'U'), ('ద', '|'), ('ర', '|'), ('య', 'U'), ('న్జీ', 'U'), ('వు', '|'), ('ల', '|'), ('నిం', 'U'), ('ద్ర', '|'), ('జా', 'U'), ('ల', '|'), ('ము', '|'), ('లు', '|'), ('గా', 'U'), ('నా', 'U'), ('డిం', 'U'), ('చు', '|'), ('స', 'U'), ('ర్వే', 'U'), ('శ్వ', '|'), ('రా', 'U')]",0.95,1.0,1.0,1.0,0.75,1.0
mattebhamu,"ఘనుఁడై యేచి దశాననుండు బలిమిం గైలాసశైలేంద్ర మె-
త్తినఁ దద్దానవనాథుఁ ద్రొక్క నతఁ డర్థి న్మ్రొక్కినం గాచి ప్రా-
క్తనశౌర్యాధికుఁ జేసె దుష్టు నణఁపంగా శిష్టు రక్షింప రం-
జనతో నెప్పుడు వేచియుండు భవదాజ్ఞాశక్తి సర్వేశ్వరా!",vruttamu,Sarveswara,"[('ఘ', '|'), ('ను', '|'), ('డై', 'U'), ('యే', 'U'), ('చి', '|'), ('ద', '|'), ('శా', 'U'), ('న', '|'), ('నుం', 'U'), ('డు', '|'), ('బ', '|'), ('లి', '|'), ('మిం', 'U'), ('గై', 'U'), ('లా', 'U'), ('స', '|'), ('శై', 'U'), ('లేం', 'U'), ('ద్ర', '|'), ('మె', 'U'), ('త్తి', '|'), ('న', '|'), ('ద', 'U'), ('ద్దా', 'U'), ('న', '|'), ('వ', '|'), ('నా', 'U'), ('థు', '|'), ('ద్రొ', 'U'), ('క్క', '|'), ('న', '|'), ('త', '|'), ('డ', 'U'), ('ర్థి', 'U'), ('న్మ్రొ', 'U'), ('క్కి', '|'), ('నం', 'U'), ('గా', 'U'), ('చి', '|'), ('ప్రా', 'U'), ('క్త', '|'), ('న', '|'), ('శౌ', 'U'), ('ర్యా', 'U'), ('ధి', '|'), ('కు', '|'), ('జే', 'U'), ('సె', '|'), ('దు', 'U'), ('ష్టు', '|'), ('న', '|'), ('ణ', '|'), ('పం', 'U'), ('గా', 'U'), ('శి', 'U'), ('ష్టు', '|'), ('ర', 'U'), ('క్షిం', 'U'), ('ప', '|'), ('రం', 'U'), ('జ', '|'), ('న', '|'), ('తో', 'U'), ('నె', 'U'), ('ప్పు', '|'), ('డు', '|'), ('వే', 'U'), ('చి', '|'), ('యుం', 'U'), ('డు', '|'), ('భ', '|'), ('వ', '|'), ('దా', 'U'), ('జ్ఞా', 'U'), ('శ', 'U'), ('క్తి', '|'), ('స', 'U'), ('ర్వే', 'U'), ('శ్వ', '|'), ('రా', 'U')]",1.0,1.0,1.0,1.0,1.0,1.0
mattebhamu,"తమకం బెత్తిన నాత్మజం గడు మదాంధవ్యాప్తి నేకాంతప-
క్షమునం దెవ్వరుఁ గానకుండఁ గవయంగాఁ బోయి నీ బాణఘా-
తమునం బద్మభవుండు ద్రెళ్లెననినం దాఁ దప్ప వర్తించి లో-
కమునం దెవ్వరికింక నిన్ను నెఱుఁగంగా వచ్చు సర్వేశ్వరా!",vruttamu,Sarveswara,"[('త', '|'), ('మ', '|'), ('కం', 'U'), ('బె', 'U'), ('త్తి', '|'), ('న', '|'), ('నా', 'U'), ('త్మ', '|'), ('జం', 'U'), ('గ', '|'), ('డు', '|'), ('మ', '|'), ('దాం', 'U'), ('ధ', 'U'), ('వ్యా', 'U'), ('ప్తి', '|'), ('నే', 'U'), ('కాం', 'U'), ('త', '|'), ('ప', 'U'), ('క్ష', '|'), ('ము', '|'), ('నం', 'U'), ('దె', 'U'), ('వ్వ', '|'), ('రు', '|'), ('గా', 'U'), ('న', '|'), ('కుం', 'U'), ('డ', '|'), ('గ', '|'), ('వ', '|'), ('యం', 'U'), ('గా', 'U'), ('బో', 'U'), ('యి', '|'), ('నీ', 'U'), ('బా', 'U'), ('ణ', '|'), ('ఘా', 'U'), ('త', '|'), ('ము', '|'), ('నం', 'U'), ('బ', 'U'), ('ద్మ', '|'), ('భ', '|'), ('వుం', 'U'), ('డు', '|'), ('ద్రె', 'U'), ('ళ్లె', '|'), ('న', '|'), ('ని', '|'), ('నం', 'U'), ('దా', 'U'), ('ద', 'U'), ('ప్ప', '|'), ('వ', 'U'), ('ర్తిం', 'U'), ('చి', '|'), ('లో', 'U'), ('క', '|'), ('ము', '|'), ('నం', 'U'), ('దె', 'U'), ('వ్వ', '|'), ('రి', '|'), ('కిం', 'U'), ('క', '|'), ('ని', 'U'), ('న్ను', '|'), ('నె', '|'), ('ఱు', '|'), ('గం', 'U'), ('గా', 'U'), ('వ', 'U'), ('చ్చు', '|'), ('స', 'U'), ('ర్వే', 'U'), ('శ్వ', '|'), ('రా', 'U')]",1.0,1.0,1.0,1.0,1.0,1.0
mattebhamu,"పలుజన్మంబులఁ గూడఁబడ్డ భవశుంభద్ఘోరదుష్కర్మరా-
సులు పైఁ గూలి సమస్తజీవులు వెసన్ శోషించుచు న్బెద్దదు-
ర్బలురై చిక్కిన దద్భవాపహరణార్థం బొప్పఁ బద్మోద్భవ-
ప్రళయం బొక్కొకమాటు సేయుదు తుదిన్ భావింప సర్వేశ్వరా!",vruttamu,Sarveswara,"[('ప', '|'), ('లు', '|'), ('జ', 'U'), ('న్మం', 'U'), ('బు', '|'), ('ల', '|'), ('గూ', 'U'), ('డ', '|'), ('బ', 'U'), ('డ్డ', '|'), ('భ', '|'), ('వ', '|'), ('శుం', 'U'), ('భ', 'U'), ('ద్ఘో', 'U'), ('ర', '|'), ('దు', 'U'), ('ష్క', 'U'), ('ర్మ', '|'), ('రా', 'U'), ('సు', '|'), ('లు', '|'), ('పై', 'U'), ('గూ', 'U'), ('లి', '|'), ('స', '|'), ('మ', 'U'), ('స్త', '|'), ('జీ', 'U'), ('వు', '|'), ('లు', '|'), ('వె', '|'), ('స', 'U'), ('న్శో', 'U'), ('షిం', 'U'), ('చు', '|'), ('చు', 'U'), ('న్బె', 'U'), ('ద్ద', '|'), ('దు', 'U'), ('ర్బ', '|'), ('లు', '|'), ('రై', 'U'), ('చి', 'U'), ('క్కి', '|'), ('న', '|'), ('ద', 'U'), ('ద్భ', '|'), ('వా', 'U'), ('ప', '|'), ('హ', '|'), ('ర', '|'), ('ణా', 'U'), ('ర్థం', 'U'), ('బొ', 'U'), ('ప్ప', '|'), ('బ', 'U'), ('ద్మో', 'U'), ('ద్భ', '|'), ('వ', '|'), ('ప్ర', '|'), ('ళ', '|'), ('యం', 'U'), ('బొ', 'U'), ('క్కొ', '|'), ('క', '|'), ('మా', 'U'), ('టు', '|'), ('సే', 'U'), ('యు', '|'), ('దు', '|'), ('తు', '|'), ('ది', 'U'), ('న్భా', 'U'), ('విం', 'U'), ('ప', '|'), ('స', 'U'), ('ర్వే', 'U'), ('శ్వ', '|'), ('రా', 'U')]",0.9428571428571428,1.0,1.0,0.9642857142857143,1.0,0.75
mattebhamu,"సుమహత్పద్మభవాండపంక్తుల లయక్షోభప్రతాపంబుతో
నిమిషార్థంబునఁ గ్రాఁచి పెంపెసఁగు నీ నేత్రానలజ్యోతి య-
య్యమమీనాంకజలంధరత్రిపురదైత్యాలి న్విజృంభించి భ-
స్మముగాఁ జేయుట నిశ్చయింప నిది దా శౌర్యంబె సర్వేశ్వరా!",vruttamu,Sarveswara,"[('సు', '|'), ('మ', '|'), ('హ', 'U'), ('త్ప', 'U'), ('ద్మ', '|'), ('భ', '|'), ('వాం', 'U'), ('డ', '|'), ('పం', 'U'), ('క్తు', '|'), ('ల', '|'), ('ల', '|'), ('య', 'U'), ('క్షో', 'U'), ('భ', '|'), ('ప్ర', '|'), ('తా', 'U'), ('పం', 'U'), ('బు', '|'), ('తో', 'U'), ('ని', '|'), ('మి', '|'), ('షా', 'U'), ('ర్థం', 'U'), ('బు', '|'), ('న', '|'), ('గ్రా', 'U'), ('చి', '|'), ('పెం', 'U'), ('పె', '|'), ('స', '|'), ('గు', '|'), ('నీ', 'U'), ('నే', 'U'), ('త్రా', 'U'), ('న', '|'), ('ల', 'U'), ('జ్యో', 'U'), ('తి', '|'), ('య', 'U'), ('య్య', '|'), ('మ', '|'), ('మీ', 'U'), ('నాం', 'U'), ('క', '|'), ('జ', '|'), ('లం', 'U'), ('ధ', '|'), ('ర', '|'), ('త్రి', '|'), ('పు', '|'), ('ర', '|'), ('దై', 'U'), ('త్యా', 'U'), ('లి', 'U'), ('న్వి', '|'), ('జృం', 'U'), ('భిం', 'U'), ('చి', '|'), ('భ', 'U'), ('స్మ', '|'), ('ము', '|'), ('గా', 'U'), ('జే', 'U'), ('యు', '|'), ('ట', '|'), ('ని', 'U'), ('శ్చ', '|'), ('యిం', 'U'), ('ప', '|'), ('ని', '|'), ('ది', '|'), ('దా', 'U'), ('శౌ', 'U'), ('ర్యం', 'U'), ('బె', '|'), ('స', 'U'), ('ర్వే', 'U'), ('శ్వ', '|'), ('రా', 'U')]",0.9857142857142858,1.0,1.0,0.9285714285714286,1.0,1.0
mattebhamu,"అతిదక్షుండగు దక్షుఁ డీజగములో యాగంబు సల్లక్షణ-
స్థితిగాఁ జేయుచునుండి మిము మది నుద్దేశింపమిం జేసి తా
హతుఁడయ్యెం దుది నట్టికార్యములుఁ బొందై యుండునే కర్తస-
మ్మతితో జేయని దుర్మదుండు మనునే భావింప సర్వేశ్వరా!",vruttamu,Sarveswara,"[('అ', '|'), ('తి', '|'), ('ద', 'U'), ('క్షుం', 'U'), ('డ', '|'), ('గు', '|'), ('ద', 'U'), ('క్షు', '|'), ('డీ', 'U'), ('జ', '|'), ('గ', '|'), ('ము', '|'), ('లో', 'U'), ('యా', 'U'), ('గం', 'U'), ('బు', '|'), ('స', 'U'), ('ల్ల', 'U'), ('క్ష', '|'), ('ణ', 'U'), ('స్థి', '|'), ('తి', '|'), ('గా', 'U'), ('జే', 'U'), ('యు', '|'), ('చు', '|'), ('నుం', 'U'), ('డి', '|'), ('మి', '|'), ('ము', '|'), ('మ', '|'), ('ది', '|'), ('ను', 'U'), ('ద్దే', 'U'), ('శిం', 'U'), ('ప', '|'), ('మిం', 'U'), ('జే', 'U'), ('సి', '|'), ('తా', 'U'), ('హ', '|'), ('తు', '|'), ('డ', 'U'), ('య్యెం', 'U'), ('దు', '|'), ('ది', '|'), ('న', 'U'), ('ట్టి', '|'), ('కా', 'U'), ('ర్య', '|'), ('ము', '|'), ('లు', '|'), ('బొం', 'U'), ('దై', 'U'), ('యుం', 'U'), ('డు', '|'), ('నే', 'U'), ('క', 'U'), ('ర్త', '|'), ('స', 'U'), ('మ్మ', '|'), ('తి', '|'), ('తో', 'U'), ('జే', 'U'), ('య', '|'), ('ని', '|'), ('దు', 'U'), ('ర్మ', '|'), ('దుం', 'U'), ('డు', '|'), ('మ', '|'), ('ను', '|'), ('నే', 'U'), ('భా', 'U'), ('విం', 'U'), ('ప', '|'), ('స', 'U'), ('ర్వే', 'U'), ('శ్వ', '|'), ('రా', 'U')]",0.9428571428571428,1.0,1.0,0.9642857142857143,0.75,1.0
mattebhamu,"జగతీచక్రము పాదఘట్టనసదృశ్యంబై ప్రవర్తింపఁగా
గగనంబంతయు బాహుమండలసమగ్రవ్యాప్తులం దద్భుతం-
బుగ ఘూర్ణిల్ల నజాంత్యవేళల సముద్భూతాంగహారావళుల్
నిగుడం బొంగి నటింతు తాండవమహానృత్యంబు సర్వేశ్వరా!",vruttamu,Sarveswara,"[('జ', '|'), ('గ', '|'), ('తీ', 'U'), ('చ', '|'), ('క్ర', '|'), ('ము', '|'), ('పా', 'U'), ('ద', '|'), ('ఘ', 'U'), ('ట్ట', '|'), ('న', '|'), ('స', '|'), ('దృ', 'U'), ('శ్యం', 'U'), ('బై', 'U'), ('ప్ర', '|'), ('వ', 'U'), ('ర్తిం', 'U'), ('ప', '|'), ('గా', 'U'), ('గ', '|'), ('గ', '|'), ('నం', 'U'), ('బం', 'U'), ('త', '|'), ('యు', '|'), ('బా', 'U'), ('హు', '|'), ('మం', 'U'), ('డ', '|'), ('ల', '|'), ('స', '|'), ('మ', '|'), ('గ్ర', 'U'), ('వ్యా', 'U'), ('ప్తు', '|'), ('లం', 'U'), ('ద', 'U'), ('ద్భు', '|'), ('తం', 'U'), ('బు', '|'), ('గ', '|'), ('ఘూ', 'U'), ('ర్ణి', 'U'), ('ల్ల', '|'), ('న', '|'), ('జాం', 'U'), ('త్య', '|'), ('వే', 'U'), ('ళ', '|'), ('ల', '|'), ('స', '|'), ('ము', 'U'), ('ద్భూ', 'U'), ('తాం', 'U'), ('గ', '|'), ('హా', 'U'), ('రా', 'U'), ('వ', '|'), ('ళుల్', 'U'), ('ని', '|'), ('గు', '|'), ('డం', 'U'), ('బొం', 'U'), ('గి', '|'), ('న', '|'), ('టిం', 'U'), ('తు', '|'), ('తాం', 'U'), ('డ', '|'), ('వ', '|'), ('మ', '|'), ('హా', 'U'), ('నృ', 'U'), ('త్యం', 'U'), ('బు', '|'), ('స', 'U'), ('ర్వే', 'U'), ('శ్వ', '|'), ('రా', 'U')]",0.9357142857142857,1.0,1.0,0.9285714285714286,0.75,1.0
mattebhamu,"అమరేంద్రాబ్జభవాళి కెన్నఁ దుది నీ వాదిం బ్రసాదింప న-
ర్థము సిద్ధించుచునుండుఁగాని సురమాత్రుం గోరిన న్వీరి కా-
ర్యము సిద్ధింప దనేకమార్గములఁ బ్రారంభించిరే నిశ్చయా-
ర్థముగా నీవ సమస్తకర్త వగుటం దర్కింప సర్వేశ్వరా!",vruttamu,Sarveswara,"[('అ', '|'), ('మ', '|'), ('రేం', 'U'), ('ద్రా', 'U'), ('బ్జ', '|'), ('భ', '|'), ('వా', 'U'), ('ళి', '|'), ('కె', 'U'), ('న్న', '|'), ('దు', '|'), ('ది', '|'), ('నీ', 'U'), ('వా', 'U'), ('దిం', 'U'), ('బ్ర', '|'), ('సా', 'U'), ('దిం', 'U'), ('ప', '|'), ('న', 'U'), ('ర్థ', '|'), ('ము', '|'), ('సి', 'U'), ('ద్ధిం', 'U'), ('చు', '|'), ('చు', '|'), ('నుం', 'U'), ('డు', '|'), ('గా', 'U'), ('ని', '|'), ('సు', '|'), ('ర', '|'), ('మా', 'U'), ('త్రుం', 'U'), ('గో', 'U'), ('రి', '|'), ('న', 'U'), ('న్వీ', 'U'), ('రి', '|'), ('కా', 'U'), ('ర్య', '|'), ('ము', '|'), ('సి', 'U'), ('ద్ధిం', 'U'), ('ప', '|'), ('ద', '|'), ('నే', 'U'), ('క', '|'), ('మా', 'U'), ('ర్గ', '|'), ('ము', '|'), ('ల', '|'), ('బ్రా', 'U'), ('రం', 'U'), ('భిం', 'U'), ('చి', '|'), ('రే', 'U'), ('ని', 'U'), ('శ్చ', '|'), ('యా', 'U'), ('ర్థ', '|'), ('ము', '|'), ('గా', 'U'), ('నీ', 'U'), ('వ', '|'), ('స', '|'), ('మ', 'U'), ('స్త', '|'), ('క', 'U'), ('ర్త', '|'), ('వ', '|'), ('గు', '|'), ('టం', 'U'), ('ద', 'U'), ('ర్కిం', 'U'), ('ప', '|'), ('స', 'U'), ('ర్వే', 'U'), ('శ్వ', '|'), ('రా', 'U')]",0.9,1.0,1.0,1.0,0.5,1.0
mattebhamu,"అమరంగా స్ఫుటభక్తినాటకము భాషాంగక్రియాంగాభిర-
మ్యముగాఁ జూపిన మెచ్చి మీరిల బలే యన్నంతకున్ యోనిగే-
హములన్ రూపులు వన్నుకొంచును నటుండై వచ్చి సంసారరం-
గములోనం బహురూపమాడు వెలయంగా జీవి సర్వేశ్వరా!",vruttamu,Sarveswara,"[('అ', '|'), ('మ', '|'), ('రం', 'U'), ('గా', 'U'), ('స్ఫు', '|'), ('ట', '|'), ('భ', 'U'), ('క్తి', '|'), ('నా', 'U'), ('ట', '|'), ('క', '|'), ('ము', '|'), ('భా', 'U'), ('షాం', 'U'), ('గ', '|'), ('క్రి', '|'), ('యాం', 'U'), ('గా', 'U'), ('భి', '|'), ('ర', 'U'), ('మ్య', '|'), ('ము', '|'), ('గా', 'U'), ('జూ', 'U'), ('పి', '|'), ('న', '|'), ('మె', 'U'), ('చ్చి', '|'), ('మీ', 'U'), ('రి', '|'), ('ల', '|'), ('బ', '|'), ('లే', 'U'), ('య', 'U'), ('న్నం', 'U'), ('త', '|'), ('కు', 'U'), ('న్యో', 'U'), ('ని', '|'), ('గే', 'U'), ('హ', '|'), ('ము', '|'), ('ల', '|'), ('న్రూ', 'U'), ('పు', '|'), ('లు', '|'), ('వ', 'U'), ('న్ను', '|'), ('కొం', 'U'), ('చు', '|'), ('ను', '|'), ('న', '|'), ('టుం', 'U'), ('డై', 'U'), ('వ', 'U'), ('చ్చి', '|'), ('సం', 'U'), ('సా', 'U'), ('ర', '|'), ('రం', 'U'), ('గ', '|'), ('ము', '|'), ('లో', 'U'), ('నం', 'U'), ('బ', '|'), ('హు', '|'), ('రూ', 'U'), ('ప', '|'), ('మా', 'U'), ('డు', '|'), ('వె', '|'), ('ల', '|'), ('యం', 'U'), ('గా', 'U'), ('జీ', 'U'), ('వి', '|'), ('స', 'U'), ('ర్వే', 'U'), ('శ్వ', '|'), ('రా', 'U')]",0.8857142857142858,1.0,1.0,0.9285714285714286,0.5,1.0
saardulamu,"శ్రీవత్సాంకు రమావిశేషతయు వాక్ఛ్రీనాథు చాతుర్యమున్
దేవాధీశ్వరు వైభవోన్నతియు నా తిగ్మాంశు తేజంబు శ్రీ-
దేవీనందను రూపవిభ్రమము చింతింపంగ నీ భక్తిస-
ద్భావాత్ముండగు పుణ్యమూర్తికి దృణప్రాయంబు సర్వేశ్వరా!",vruttamu,Sarveswara,"[('శ్రీ', 'U'), ('వ', 'U'), ('త్సాం', 'U'), ('కు', '|'), ('ర', '|'), ('మా', 'U'), ('వి', '|'), ('శే', 'U'), ('ష', '|'), ('త', '|'), ('యు', '|'), ('వా', 'U'), ('క్ఛ్రీ', 'U'), ('నా', 'U'), ('థు', '|'), ('చా', 'U'), ('తు', 'U'), ('ర్య', '|'), ('మున్', 'U'), ('దే', 'U'), ('వా', 'U'), ('ధీ', 'U'), ('శ్వ', '|'), ('రు', '|'), ('వై', 'U'), ('భ', '|'), ('వో', 'U'), ('న్న', '|'), ('తి', '|'), ('యు', '|'), ('నా', 'U'), ('తి', 'U'), ('గ్మాం', 'U'), ('శు', '|'), ('తే', 'U'), ('జం', 'U'), ('బు', '|'), ('శ్రీ', 'U'), ('దే', 'U'), ('వీ', 'U'), ('నం', 'U'), ('ద', '|'), ('ను', '|'), ('రూ', 'U'), ('ప', '|'), ('వి', '|'), ('భ్ర', '|'), ('మ', '|'), ('ము', '|'), ('చిం', 'U'), ('తిం', 'U'), ('పం', 'U'), ('గ', '|'), ('నీ', 'U'), ('భ', 'U'), ('క్తి', '|'), ('స', 'U'), ('ద్భా', 'U'), ('వా', 'U'), ('త్ముం', 'U'), ('డ', '|'), ('గు', '|'), ('పు', 'U'), ('ణ్య', '|'), ('మూ', 'U'), ('ర్తి', '|'), ('కి', '|'), ('దృ', '|'), ('ణ', '|'), ('ప్రా', 'U'), ('యం', 'U'), ('బు', '|'), ('స', 'U'), ('ర్వే', 'U'), ('శ్వ', '|'), ('రా', 'U')]",0.9857142857142858,1.0,1.0,0.9285714285714286,1.0,1.0
mattebhamu,"ఇల సద్భక్తుల పాదధూళిపటలం బేమర్త్యుఫాలంబునం
జిలుకు న్వాఁ డపవర్గనాథుఁ డనినన్ సిద్ధంబుగా వారి ని-
ర్మలహస్తార్పితభూతిఁ బ్రీతి నొసలారం బూయు విశ్వాసికిన్
ఫలమూహించి విధించి యెవ్వరికిఁ జెప్పన్వచ్చు సర్వేశ్వరా!",vruttamu,Sarveswara,"[('ఇ', '|'), ('ల', '|'), ('స', 'U'), ('ద్భ', 'U'), ('క్తు', '|'), ('ల', '|'), ('పా', 'U'), ('ద', '|'), ('ధూ', 'U'), ('ళి', '|'), ('ప', '|'), ('ట', '|'), ('లం', 'U'), ('బే', 'U'), ('మ', 'U'), ('ర్త్యు', '|'), ('ఫా', 'U'), ('లం', 'U'), ('బు', '|'), ('నం', 'U'), ('జి', '|'), ('లు', '|'), ('కు', 'U'), ('న్వా', 'U'), ('డ', '|'), ('ప', '|'), ('వ', 'U'), ('ర్గ', '|'), ('నా', 'U'), ('థు', '|'), ('డ', '|'), ('ని', '|'), ('న', 'U'), ('న్సి', 'U'), ('ద్ధం', 'U'), ('బు', '|'), ('గా', 'U'), ('వా', 'U'), ('రి', '|'), ('ని', 'U'), ('ర్మ', '|'), ('ల', '|'), ('హ', 'U'), ('స్తా', 'U'), ('ర్పి', '|'), ('త', '|'), ('భూ', 'U'), ('తి', '|'), ('బ్రీ', 'U'), ('తి', '|'), ('నొ', '|'), ('స', '|'), ('లా', 'U'), ('రం', 'U'), ('బూ', 'U'), ('యు', '|'), ('వి', 'U'), ('శ్వా', 'U'), ('సి', '|'), ('కిన్', 'U'), ('ఫ', '|'), ('ల', '|'), ('మూ', 'U'), ('హిం', 'U'), ('చి', '|'), ('వి', '|'), ('ధిం', 'U'), ('చి', '|'), ('యె', 'U'), ('వ్వ', '|'), ('రి', '|'), ('కి', '|'), ('జె', 'U'), ('ప్ప', 'U'), ('న్వ', 'U'), ('చ్చు', '|'), ('స', 'U'), ('ర్వే', 'U'), ('శ్వ', '|'), ('రా', 'U')]",0.95,1.0,1.0,1.0,0.75,1.0
mattebhamu,"పలుతీర్థంబులఁ గ్రుంకుకంటె మహిలో భక్తాంఘ్రిపానీయముల్
తలమీఁదం జిలికించుకొన్న శుచితీర్థం బాడ భారంబు త-
త్ఫల మత్యల్పము భక్తపాదయుగళాంభఃస్పర్శ నిర్భారమై
యలరున్ శాశ్వతభుక్తిముక్తిఫలదంబై యుండు సర్వేశ్వరా!",vruttamu,Sarveswara,"[('ప', '|'), ('లు', '|'), ('తీ', 'U'), ('ర్థం', 'U'), ('బు', '|'), ('ల', '|'), ('గ్రుం', 'U'), ('కు', '|'), ('కం', 'U'), ('టె', '|'), ('మ', '|'), ('హి', '|'), ('లో', 'U'), ('భ', 'U'), ('క్తాం', 'U'), ('ఘ్రి', '|'), ('పా', 'U'), ('నీ', 'U'), ('య', '|'), ('ముల్', 'U'), ('త', '|'), ('ల', '|'), ('మీ', 'U'), ('దం', 'U'), ('జి', '|'), ('లి', '|'), ('కిం', 'U'), ('చు', '|'), ('కొ', 'U'), ('న్న', '|'), ('శు', '|'), ('చి', '|'), ('తీ', 'U'), ('ర్థం', 'U'), ('బా', 'U'), ('డ', '|'), ('భా', 'U'), ('రం', 'U'), ('బు', '|'), ('త', 'U'), ('త్ఫ', '|'), ('ల', '|'), ('మ', 'U'), ('త్య', 'U'), ('ల్ప', '|'), ('ము', '|'), ('భ', 'U'), ('క్త', '|'), ('పా', 'U'), ('ద', '|'), ('యు', '|'), ('గ', '|'), ('ళాం', 'U'), ('భః', 'U'), ('స్ప', 'U'), ('ర్శ', '|'), ('ని', 'U'), ('ర్భా', 'U'), ('ర', '|'), ('మై', 'U'), ('య', '|'), ('ల', '|'), ('రు', 'U'), ('న్శా', 'U'), ('శ్వ', '|'), ('త', '|'), ('భు', 'U'), ('క్తి', '|'), ('ము', 'U'), ('క్తి', '|'), ('ఫ', '|'), ('ల', '|'), ('దం', 'U'), ('బై', 'U'), ('యుం', 'U'), ('డు', '|'), ('స', 'U'), ('ర్వే', 'U'), ('శ్వ', '|'), ('రా', 'U')]",0.95,1.0,1.0,1.0,0.75,1.0
mattebhamu,"రమణన్ భక్తసమగ్రదర్శనము తీర్థశ్రేణి తద్గోష్ఠి తీ-
ర్థము తద్దివ్యదయావలోకనము తీర్థంబెన్నఁగా నిట్టి జం-
గమతీర్థాంబుధి నోలలాడక వివేకభ్రష్టులై పోయి లో-
కములోఁ దీర్థములంచు నేఱులు సొజంగానేల సర్వేశ్వరా!",vruttamu,Sarveswara,"[('ర', '|'), ('మ', '|'), ('ణ', 'U'), ('న్భ', 'U'), ('క్త', '|'), ('స', '|'), ('మ', '|'), ('గ్ర', '|'), ('ద', 'U'), ('ర్శ', '|'), ('న', '|'), ('ము', '|'), ('తీ', 'U'), ('ర్థ', '|'), ('శ్రే', 'U'), ('ణి', '|'), ('త', 'U'), ('ద్గో', 'U'), ('ష్ఠి', '|'), ('తీ', 'U'), ('ర్థ', '|'), ('ము', '|'), ('త', 'U'), ('ద్ది', 'U'), ('వ్య', '|'), ('ద', '|'), ('యా', 'U'), ('వ', '|'), ('లో', 'U'), ('క', '|'), ('న', '|'), ('ము', '|'), ('తీ', 'U'), ('ర్థం', 'U'), ('బె', 'U'), ('న్న', '|'), ('గా', 'U'), ('ని', 'U'), ('ట్టి', '|'), ('జం', 'U'), ('గ', '|'), ('మ', '|'), ('తీ', 'U'), ('ర్థాం', 'U'), ('బు', '|'), ('ధి', '|'), ('నో', 'U'), ('ల', '|'), ('లా', 'U'), ('డ', '|'), ('క', '|'), ('వి', '|'), ('వే', 'U'), ('క', '|'), ('భ్ర', 'U'), ('ష్టు', '|'), ('లై', 'U'), ('పో', 'U'), ('యి', '|'), ('లో', 'U'), ('క', '|'), ('ము', '|'), ('లో', 'U'), ('దీ', 'U'), ('ర్థ', '|'), ('ము', '|'), ('లం', 'U'), ('చు', '|'), ('నే', 'U'), ('ఱు', '|'), ('లు', '|'), ('సొ', '|'), ('జం', 'U'), ('గా', 'U'), ('నే', 'U'), ('ల', '|'), ('స', 'U'), ('ర్వే', 'U'), ('శ్వ', '|'), ('రా', 'U')]",0.9785714285714284,1.0,1.0,0.8928571428571429,1.0,1.0
mattebhamu,"కమనీయంబగు సర్వతీర్థములు లింగంబున్నచో మూర్తిమం-
తములై యొప్పుచునుండు లింగమును దాత్పర్యంబుతో భక్తగా-
త్రములం దెప్పుడు నుండుఁ గాన మహిలోఁ దత్త్వార్థ మూహింపఁ దీ-
ర్థములందెల్లను దివ్యతీర్థము భవద్భక్తుండు సర్వేశ్వరా!",vruttamu,Sarveswara,"[('క', '|'), ('మ', '|'), ('నీ', 'U'), ('యం', 'U'), ('బ', '|'), ('గు', '|'), ('స', 'U'), ('ర్వ', '|'), ('తీ', 'U'), ('ర్థ', '|'), ('ము', '|'), ('లు', '|'), ('లిం', 'U'), ('గం', 'U'), ('బు', 'U'), ('న్న', '|'), ('చో', 'U'), ('మూ', 'U'), ('ర్తి', '|'), ('మం', 'U'), ('త', '|'), ('ము', '|'), ('లై', 'U'), ('యొ', 'U'), ('ప్పు', '|'), ('చు', '|'), ('నుం', 'U'), ('డు', '|'), ('లిం', 'U'), ('గ', '|'), ('ము', '|'), ('ను', '|'), ('దా', 'U'), ('త్ప', 'U'), ('ర్యం', 'U'), ('బు', '|'), ('తో', 'U'), ('భ', 'U'), ('క్త', '|'), ('గా', 'U'), ('త్ర', '|'), ('ము', '|'), ('లం', 'U'), ('దె', 'U'), ('ప్పు', '|'), ('డు', '|'), ('నుం', 'U'), ('డు', '|'), ('గా', 'U'), ('న', '|'), ('మ', '|'), ('హి', '|'), ('లో', 'U'), ('ద', 'U'), ('త్త్వా', 'U'), ('ర్థ', '|'), ('మూ', 'U'), ('హిం', 'U'), ('ప', '|'), ('దీ', 'U'), ('ర్థ', '|'), ('ము', '|'), ('లం', 'U'), ('దె', 'U'), ('ల్ల', '|'), ('ను', '|'), ('ది', 'U'), ('వ్య', '|'), ('తీ', 'U'), ('ర్థ', '|'), ('ము', '|'), ('భ', '|'), ('వ', 'U'), ('ద్భ', 'U'), ('క్తుం', 'U'), ('డు', '|'), ('స', 'U'), ('ర్వే', 'U'), ('శ్వ', '|'), ('రా', 'U')]",1.0,1.0,1.0,1.0,1.0,1.0
mattebhamu,"ధరణిం దీర్థములాడుకంటె నతిమోదం బొప్ప యజ్ఞంబులం
బరగం జేయుటకంటె సువ్రతములొప్ప వేదశాస్త్రార్థత-
త్పరుఁడై యాదటఁ జల్పుకంటె మది నుత్సాహించి నీ భక్తిమ-
త్పురుషశ్రేష్ఠులఁ బూజసేయుట మహాపుణ్యంబు సర్వేశ్వరా!",vruttamu,Sarveswara,"[('ధ', '|'), ('ర', '|'), ('ణిం', 'U'), ('దీ', 'U'), ('ర్థ', '|'), ('ము', '|'), ('లా', 'U'), ('డు', '|'), ('కం', 'U'), ('టె', '|'), ('న', '|'), ('తి', '|'), ('మో', 'U'), ('దం', 'U'), ('బొ', 'U'), ('ప్ప', '|'), ('య', 'U'), ('జ్ఞం', 'U'), ('బు', '|'), ('లం', 'U'), ('బ', '|'), ('ర', '|'), ('గం', 'U'), ('జే', 'U'), ('యు', '|'), ('ట', '|'), ('కం', 'U'), ('టె', '|'), ('సు', '|'), ('వ్ర', '|'), ('త', '|'), ('ము', '|'), ('లొ', 'U'), ('ప్ప', '|'), ('వే', 'U'), ('ద', '|'), ('శా', 'U'), ('స్త్రా', 'U'), ('ర్థ', '|'), ('త', 'U'), ('త్ప', '|'), ('రు', '|'), ('డై', 'U'), ('యా', 'U'), ('ద', '|'), ('ట', '|'), ('జ', 'U'), ('ల్పు', '|'), ('కం', 'U'), ('టె', '|'), ('మ', '|'), ('ది', '|'), ('ను', 'U'), ('త్సా', 'U'), ('హిం', 'U'), ('చి', '|'), ('నీ', 'U'), ('భ', 'U'), ('క్తి', '|'), ('మ', 'U'), ('త్పు', '|'), ('రు', '|'), ('ష', '|'), ('శ్రే', 'U'), ('ష్ఠు', '|'), ('ల', '|'), ('బూ', 'U'), ('జ', '|'), ('సే', 'U'), ('యు', '|'), ('ట', '|'), ('మ', '|'), ('హా', 'U'), ('పు', 'U'), ('ణ్యం', 'U'), ('బు', '|'), ('స', 'U'), ('ర్వే', 'U'), ('శ్వ', '|'), ('రా', 'U')]",0.9785714285714284,1.0,1.0,0.8928571428571429,1.0,1.0
mattebhamu,"భవదీయామలతత్త్వనిర్ణయకళాప్రఖ్యాతసద్భక్తపుం-
గవగోష్ఠీసుఖవార్ధిలోనఁ గడువేడ్కం దేలినం గాక యీ
భువిలోఁ దీర్థజలంబులం గడగినం బోనేర్చునే ఘోరదు-
ర్భవసంఘాకలితాత్మతామసమహాపంకంబు సర్వేశ్వరా!",vruttamu,Sarveswara,"[('భ', '|'), ('వ', '|'), ('దీ', 'U'), ('యా', 'U'), ('మ', '|'), ('ల', '|'), ('త', 'U'), ('త్త్వ', '|'), ('ని', 'U'), ('ర్ణ', '|'), ('య', '|'), ('క', '|'), ('ళా', 'U'), ('ప్ర', 'U'), ('ఖ్యా', 'U'), ('త', '|'), ('స', 'U'), ('ద్భ', 'U'), ('క్త', '|'), ('పుం', 'U'), ('గ', '|'), ('వ', '|'), ('గో', 'U'), ('ష్ఠీ', 'U'), ('సు', '|'), ('ఖ', '|'), ('వా', 'U'), ('ర్ధి', '|'), ('లో', 'U'), ('న', '|'), ('గ', '|'), ('డు', '|'), ('వే', 'U'), ('డ్కం', 'U'), ('దే', 'U'), ('లి', '|'), ('నం', 'U'), ('గా', 'U'), ('క', '|'), ('యీ', 'U'), ('భు', '|'), ('వి', '|'), ('లో', 'U'), ('దీ', 'U'), ('ర్థ', '|'), ('జ', '|'), ('లం', 'U'), ('బు', '|'), ('లం', 'U'), ('గ', '|'), ('డ', '|'), ('గి', '|'), ('నం', 'U'), ('బో', 'U'), ('నే', 'U'), ('ర్చు', '|'), ('నే', 'U'), ('ఘో', 'U'), ('ర', '|'), ('దు', 'U'), ('ర్భ', '|'), ('వ', '|'), ('సం', 'U'), ('ఘా', 'U'), ('క', '|'), ('లి', '|'), ('తా', 'U'), ('త్మ', '|'), ('తా', 'U'), ('మ', '|'), ('స', '|'), ('మ', '|'), ('హా', 'U'), ('పం', 'U'), ('కం', 'U'), ('బు', '|'), ('స', 'U'), ('ర్వే', 'U'), ('శ్వ', '|'), ('రా', 'U')]",1.0,1.0,1.0,1.0,1.0,1.0
mattebhamu,"ధరణిం బ్రాక్తనభక్తనిర్మితమహాస్థానంబులై యొప్పు శ్రీ-
గిరిముఖ్యంబగు దివ్యతీర్థములు భక్తిం జూచిరే వారి దు-
స్తరదోషంబులు వాయునన్న మఱి సాక్షాద్భక్తులం జూచినం
బరమార్థంబుగఁ బాయదే నరుల పాపంబెల్ల సర్వేశ్వరా!",vruttamu,Sarveswara,"[('ధ', '|'), ('ర', '|'), ('ణిం', 'U'), ('బ్రా', 'U'), ('క్త', '|'), ('న', '|'), ('భ', 'U'), ('క్త', '|'), ('ని', 'U'), ('ర్మి', '|'), ('త', '|'), ('మ', '|'), ('హా', 'U'), ('స్థా', 'U'), ('నం', 'U'), ('బు', '|'), ('లై', 'U'), ('యొ', 'U'), ('ప్పు', '|'), ('శ్రీ', 'U'), ('గి', '|'), ('రి', '|'), ('ము', 'U'), ('ఖ్యం', 'U'), ('బ', '|'), ('గు', '|'), ('ది', 'U'), ('వ్య', '|'), ('తీ', 'U'), ('ర్థ', '|'), ('ము', '|'), ('లు', '|'), ('భ', 'U'), ('క్తిం', 'U'), ('జూ', 'U'), ('చి', '|'), ('రే', 'U'), ('వా', 'U'), ('రి', '|'), ('దు', 'U'), ('స్త', '|'), ('ర', '|'), ('దో', 'U'), ('షం', 'U'), ('బు', '|'), ('లు', '|'), ('వా', 'U'), ('యు', '|'), ('న', 'U'), ('న్న', '|'), ('మ', '|'), ('ఱి', '|'), ('సా', 'U'), ('క్షా', 'U'), ('ద్భ', 'U'), ('క్తు', '|'), ('లం', 'U'), ('జూ', 'U'), ('చి', '|'), ('నం', 'U'), ('బ', '|'), ('ర', '|'), ('మా', 'U'), ('ర్థం', 'U'), ('బు', '|'), ('గ', '|'), ('బా', 'U'), ('య', '|'), ('దే', 'U'), ('న', '|'), ('రు', '|'), ('ల', '|'), ('పా', 'U'), ('పం', 'U'), ('బె', 'U'), ('ల్ల', '|'), ('స', 'U'), ('ర్వే', 'U'), ('శ్వ', '|'), ('రా', 'U')]",1.0,1.0,1.0,1.0,1.0,1.0
mattebhamu,"కని సద్భక్తుల కంత నంతఁ గడువేడ్కన్ హృత్ప్రణామంబు సే-
సినమాత్రం జెడు సర్వదోషములు తచ్ఛ్రీపాదము ల్ముట్టి మ్రొ-
క్కిన సర్వాంగసమగ్రశుద్ధియగు భక్తిన్ వారికిం బ్రీతిచే-
సినఁ ద్వద్దివ్యదయావలోకనఘనశ్రీ లొందు సర్వేశ్వరా!",vruttamu,Sarveswara,"[('క', '|'), ('ని', '|'), ('స', 'U'), ('ద్భ', 'U'), ('క్తు', '|'), ('ల', '|'), ('కం', 'U'), ('త', '|'), ('నం', 'U'), ('త', '|'), ('గ', '|'), ('డు', '|'), ('వే', 'U'), ('డ్క', 'U'), ('న్హృ', 'U'), ('త్ప్ర', '|'), ('ణా', 'U'), ('మం', 'U'), ('బు', '|'), ('సే', 'U'), ('సి', '|'), ('న', '|'), ('మా', 'U'), ('త్రం', 'U'), ('జె', '|'), ('డు', '|'), ('స', 'U'), ('ర్వ', '|'), ('దో', 'U'), ('ష', '|'), ('ము', '|'), ('లు', '|'), ('త', 'U'), ('చ్ఛ్రీ', 'U'), ('పా', 'U'), ('ద', '|'), ('ము', 'U'), ('ల్ము', 'U'), ('ట్టి', '|'), ('మ్రొ', 'U'), ('క్కి', '|'), ('న', '|'), ('స', 'U'), ('ర్వాం', 'U'), ('గ', '|'), ('స', '|'), ('మ', '|'), ('గ్ర', '|'), ('శు', 'U'), ('ద్ధి', '|'), ('య', '|'), ('గు', '|'), ('భ', 'U'), ('క్తి', 'U'), ('న్వా', 'U'), ('రి', '|'), ('కిం', 'U'), ('బ్రీ', 'U'), ('తి', '|'), ('చే', 'U'), ('సి', '|'), ('న', 'U'), ('ద్వ', 'U'), ('ద్ది', 'U'), ('వ్య', '|'), ('ద', '|'), ('యా', 'U'), ('వ', '|'), ('లో', 'U'), ('క', '|'), ('న', '|'), ('ఘ', '|'), ('న', '|'), ('శ్రీ', 'U'), ('లొం', 'U'), ('దు', '|'), ('స', 'U'), ('ర్వే', 'U'), ('శ్వ', '|'), ('రా', 'U')]",0.9785714285714284,1.0,1.0,0.8928571428571429,1.0,1.0
mattebhamu,"జలజాతప్రభవాచ్యుతాదులు మదిం జర్చించి చర్చించి నీ
కల రూపారయలేక చిక్కులఁ బడంగా నిన్ను హస్తార్పితా-
మలకవ్యాప్తికిఁ దెచ్చి యేర్పఱచి సంబంధించి చేకొన్న భ-
క్తుల శౌర్యం బుపమింప నెవ్వఁడు సమర్థుం డింక సర్వేశ్వరా!",vruttamu,Sarveswara,"[('జ', '|'), ('ల', '|'), ('జా', 'U'), ('త', '|'), ('ప్ర', '|'), ('భ', '|'), ('వా', 'U'), ('చ్యు', '|'), ('తా', 'U'), ('దు', '|'), ('లు', '|'), ('మ', '|'), ('దిం', 'U'), ('జ', 'U'), ('ర్చిం', 'U'), ('చి', '|'), ('చ', 'U'), ('ర్చిం', 'U'), ('చి', '|'), ('నీ', 'U'), ('క', '|'), ('ల', '|'), ('రూ', 'U'), ('పా', 'U'), ('ర', '|'), ('య', '|'), ('లే', 'U'), ('క', '|'), ('చి', 'U'), ('క్కు', '|'), ('ల', '|'), ('బ', '|'), ('డం', 'U'), ('గా', 'U'), ('ని', 'U'), ('న్ను', '|'), ('హ', 'U'), ('స్తా', 'U'), ('ర్పి', '|'), ('తా', 'U'), ('మ', '|'), ('ల', '|'), ('క', 'U'), ('వ్యా', 'U'), ('ప్తి', '|'), ('కి', '|'), ('దె', 'U'), ('చ్చి', '|'), ('యే', 'U'), ('ర్ప', '|'), ('ఱ', '|'), ('చి', '|'), ('సం', 'U'), ('బం', 'U'), ('ధిం', 'U'), ('చి', '|'), ('చే', 'U'), ('కొ', 'U'), ('న్న', '|'), ('భ', 'U'), ('క్తు', '|'), ('ల', '|'), ('శౌ', 'U'), ('ర్యం', 'U'), ('బు', '|'), ('ప', '|'), ('మిం', 'U'), ('ప', '|'), ('నె', 'U'), ('వ్వ', '|'), ('డు', '|'), ('స', '|'), ('మ', 'U'), ('ర్థుం', 'U'), ('డిం', 'U'), ('క', '|'), ('స', 'U'), ('ర్వే', 'U'), ('శ్వ', '|'), ('రా', 'U')]",0.9928571428571429,1.0,1.0,0.9642857142857143,1.0,1.0
mattebhamu,"అమరన్ భక్తగణాత్మమధ్యమము లింగావాస మీ లింగ మ-
ధ్యమముం బద్మభవాండభాండనిలయంబై యుండుట భక్తతృ-
ప్తిమహాలింగము తృప్తియై మహిమ నుద్దీపించుఁ దల్లింగతృ-
ప్తిమహత్త్వంబున నీ సమస్తమును దృప్తిం బొందు సర్వేశ్వరా!",vruttamu,Sarveswara,"[('అ', '|'), ('మ', '|'), ('ర', 'U'), ('న్భ', 'U'), ('క్త', '|'), ('గ', '|'), ('ణా', 'U'), ('త్మ', '|'), ('మ', 'U'), ('ధ్య', '|'), ('మ', '|'), ('ము', '|'), ('లిం', 'U'), ('గా', 'U'), ('వా', 'U'), ('స', '|'), ('మీ', 'U'), ('లిం', 'U'), ('గ', '|'), ('మ', 'U'), ('ధ్య', '|'), ('మ', '|'), ('ముం', 'U'), ('బ', 'U'), ('ద్మ', '|'), ('భ', '|'), ('వాం', 'U'), ('డ', '|'), ('భాం', 'U'), ('డ', '|'), ('ని', '|'), ('ల', '|'), ('యం', 'U'), ('బై', 'U'), ('యుం', 'U'), ('డు', '|'), ('ట', '|'), ('భ', 'U'), ('క్త', '|'), ('తృ', 'U'), ('ప్తి', '|'), ('మ', '|'), ('హా', 'U'), ('లిం', 'U'), ('గ', '|'), ('ము', '|'), ('తృ', 'U'), ('ప్తి', '|'), ('యై', 'U'), ('మ', '|'), ('హి', '|'), ('మ', '|'), ('ను', 'U'), ('ద్దీ', 'U'), ('పిం', 'U'), ('చు', '|'), ('ద', 'U'), ('ల్లిం', 'U'), ('గ', '|'), ('తృ', 'U'), ('ప్తి', '|'), ('మ', '|'), ('హ', 'U'), ('త్త్వం', 'U'), ('బు', '|'), ('న', '|'), ('నీ', 'U'), ('స', '|'), ('మ', 'U'), ('స్త', '|'), ('ము', '|'), ('ను', '|'), ('దృ', 'U'), ('ప్తిం', 'U'), ('బొం', 'U'), ('దు', '|'), ('స', 'U'), ('ర్వే', 'U'), ('శ్వ', '|'), ('రా', 'U')]",0.8928571428571429,1.0,1.0,0.9642857142857143,0.5,1.0
mattebhamu,"అనురాగంబున నిన్నుఁ జూచుఁ దలపోయన్ జొక్కుఁ గాంక్షించు వ-
ర్ణన సేయం దమకించు సిగ్గు విరియన్ బ్రార్థించు శోషించు నం-
త నెదన్ ధ్యానము దాల్చుఁ దన్ను మఱచుం దానీ దశావస్థలం
దనరంగా మది నిన్ను డక్కఁ గొను సద్భక్తుండు సర్వేశ్వరా!",vruttamu,Sarveswara,"[('అ', '|'), ('ను', '|'), ('రా', 'U'), ('గం', 'U'), ('బు', '|'), ('న', '|'), ('ని', 'U'), ('న్ను', '|'), ('జూ', 'U'), ('చు', '|'), ('ద', '|'), ('ల', '|'), ('పో', 'U'), ('య', 'U'), ('న్జొ', 'U'), ('క్కు', '|'), ('గాం', 'U'), ('క్షిం', 'U'), ('చు', '|'), ('వ', 'U'), ('ర్ణ', '|'), ('న', '|'), ('సే', 'U'), ('యం', 'U'), ('ద', '|'), ('మ', '|'), ('కిం', 'U'), ('చు', '|'), ('సి', 'U'), ('గ్గు', '|'), ('వి', '|'), ('రి', '|'), ('య', 'U'), ('న్బ్రా', 'U'), ('ర్థిం', 'U'), ('చు', '|'), ('శో', 'U'), ('షిం', 'U'), ('చు', '|'), ('నం', 'U'), ('త', '|'), ('నె', '|'), ('ద', 'U'), ('న్ధ్యా', 'U'), ('న', '|'), ('ము', '|'), ('దా', 'U'), ('ల్చు', '|'), ('ద', 'U'), ('న్ను', '|'), ('మ', '|'), ('ఱ', '|'), ('చుం', 'U'), ('దా', 'U'), ('నీ', 'U'), ('ద', '|'), ('శా', 'U'), ('వ', 'U'), ('స్థ', '|'), ('లం', 'U'), ('ద', '|'), ('న', '|'), ('రం', 'U'), ('గా', 'U'), ('మ', '|'), ('ది', '|'), ('ని', 'U'), ('న్ను', '|'), ('డ', 'U'), ('క్క', '|'), ('గొ', '|'), ('ను', '|'), ('స', 'U'), ('ద్భ', 'U'), ('క్తుం', 'U'), ('డు', '|'), ('స', 'U'), ('ర్వే', 'U'), ('శ్వ', '|'), ('రా', 'U')]",1.0,1.0,1.0,1.0,1.0,1.0
mattebhamu,"ఎలమిన్ భక్తుఁడు వక్రుఁడై నడిచెనే నేపారఁగా దానికిం
గలుషింపం గలహింపఁ గింకిరిపడం గాదెట్టిచోనైన ని-
ర్మలగంగాపృథులప్రవాహ మరయం బ్రస్ఫూర్తిఁ దానెన్ని వం-
కలుగాఁ బాఱిన దాని నొండు వలుకంగాఁ జన్నె సర్వేశ్వరా!",vruttamu,Sarveswara,"[('ఎ', '|'), ('ల', '|'), ('మి', 'U'), ('న్భ', 'U'), ('క్తు', '|'), ('డు', '|'), ('వ', '|'), ('క్రు', '|'), ('డై', 'U'), ('న', '|'), ('డి', '|'), ('చె', '|'), ('నే', 'U'), ('నే', 'U'), ('పా', 'U'), ('ర', '|'), ('గా', 'U'), ('దా', 'U'), ('ని', '|'), ('కిం', 'U'), ('గ', '|'), ('లు', '|'), ('షిం', 'U'), ('పం', 'U'), ('గ', '|'), ('ల', '|'), ('హిం', 'U'), ('ప', '|'), ('గిం', 'U'), ('కి', '|'), ('రి', '|'), ('ప', '|'), ('డం', 'U'), ('గా', 'U'), ('దె', 'U'), ('ట్టి', '|'), ('చో', 'U'), ('నై', 'U'), ('న', '|'), ('ని', 'U'), ('ర్మ', '|'), ('ల', '|'), ('గం', 'U'), ('గా', 'U'), ('పృ', '|'), ('థు', '|'), ('ల', '|'), ('ప్ర', '|'), ('వా', 'U'), ('హ', '|'), ('మ', '|'), ('ర', '|'), ('యం', 'U'), ('బ్ర', 'U'), ('స్ఫూ', 'U'), ('ర్తి', '|'), ('దా', 'U'), ('నె', 'U'), ('న్ని', '|'), ('వం', 'U'), ('క', '|'), ('లు', '|'), ('గా', 'U'), ('బా', 'U'), ('ఱి', '|'), ('న', '|'), ('దా', 'U'), ('ని', '|'), ('నొం', 'U'), ('డు', '|'), ('వ', '|'), ('లు', '|'), ('కం', 'U'), ('గా', 'U'), ('జ', 'U'), ('న్నె', '|'), ('స', 'U'), ('ర్వే', 'U'), ('శ్వ', '|'), ('రా', 'U')]",0.9357142857142857,1.0,1.0,0.9285714285714286,0.75,1.0
mattebhamu,"సికతాధామము నీకుఁ జేసి మదిలోఁ జెన్నొంది క్రీడించు బా-
లకు లింద్రాధికులన్న నీ గుడు లతిశ్లాఘ్యేష్టకాష్ఠాదులన్
సుకుమారంబుగ నెత్తి భూతలములో శోభిల్లు వంశప్రదీ-
పకు సౌభాగ్యము మాన మెవ్వరికిఁ జెప్పన్వచ్చు సర్వేశ్వరా!",vruttamu,Sarveswara,"[('సి', '|'), ('క', '|'), ('తా', 'U'), ('ధా', 'U'), ('మ', '|'), ('ము', '|'), ('నీ', 'U'), ('కు', '|'), ('జే', 'U'), ('సి', '|'), ('మ', '|'), ('ది', '|'), ('లో', 'U'), ('జె', 'U'), ('న్నొం', 'U'), ('ది', '|'), ('క్రీ', 'U'), ('డిం', 'U'), ('చు', '|'), ('బా', 'U'), ('ల', '|'), ('కు', '|'), ('లిం', 'U'), ('ద్రా', 'U'), ('ధి', '|'), ('కు', '|'), ('ల', 'U'), ('న్న', '|'), ('నీ', 'U'), ('గు', '|'), ('డు', '|'), ('ల', '|'), ('తి', 'U'), ('శ్లా', 'U'), ('ఘ్యే', 'U'), ('ష్ట', '|'), ('కా', 'U'), ('ష్ఠా', 'U'), ('దు', '|'), ('లన్', 'U'), ('సు', '|'), ('కు', '|'), ('మా', 'U'), ('రం', 'U'), ('బు', '|'), ('గ', '|'), ('నె', 'U'), ('త్తి', '|'), ('భూ', 'U'), ('త', '|'), ('ల', '|'), ('ము', '|'), ('లో', 'U'), ('శో', 'U'), ('భి', 'U'), ('ల్లు', '|'), ('వం', 'U'), ('శ', '|'), ('ప్ర', '|'), ('దీ', 'U'), ('ప', '|'), ('కు', '|'), ('సౌ', 'U'), ('భా', 'U'), ('గ్య', '|'), ('ము', '|'), ('మా', 'U'), ('న', '|'), ('మె', 'U'), ('వ్వ', '|'), ('రి', '|'), ('కి', '|'), ('జె', 'U'), ('ప్ప', 'U'), ('న్వ', 'U'), ('చ్చు', '|'), ('స', 'U'), ('ర్వే', 'U'), ('శ్వ', '|'), ('రా', 'U')]",0.9928571428571429,1.0,1.0,0.9642857142857143,1.0,1.0
mattebhamu,"భవదభ్యర్చనవేళలన్ భవుల సంపద్భ్రాంతులన్ దీనమా-
నవులన్ విద్విషులన్ భవాతురుల సన్మానించుటల్ సౌఖ్యము-
ఖ్యవిహారేచ్ఛలు నీ మహత్త్వములు నిత్యానంద మూహించుచో
భువి నీ భక్తుల కాత్మలో విరసము ల్వుట్టించు సర్వేశ్వరా!",vruttamu,Sarveswara,"[('భ', '|'), ('వ', '|'), ('ద', 'U'), ('భ్య', 'U'), ('ర్చ', '|'), ('న', '|'), ('వే', 'U'), ('ళ', '|'), ('ల', 'U'), ('న్భ', '|'), ('వు', '|'), ('ల', '|'), ('సం', 'U'), ('ప', 'U'), ('ద్భ్రాం', 'U'), ('తు', '|'), ('ల', 'U'), ('న్దీ', 'U'), ('న', '|'), ('మా', 'U'), ('న', '|'), ('వు', '|'), ('ల', 'U'), ('న్వి', 'U'), ('ద్వి', '|'), ('షు', '|'), ('ల', 'U'), ('న్భ', '|'), ('వా', 'U'), ('తు', '|'), ('రు', '|'), ('ల', '|'), ('స', 'U'), ('న్మా', 'U'), ('నిం', 'U'), ('చు', '|'), ('ట', 'U'), ('ల్సౌ', 'U'), ('ఖ్య', '|'), ('ము', 'U'), ('ఖ్య', '|'), ('వి', '|'), ('హా', 'U'), ('రే', 'U'), ('చ్ఛ', '|'), ('లు', '|'), ('నీ', 'U'), ('మ', '|'), ('హ', 'U'), ('త్త్వ', '|'), ('ము', '|'), ('లు', '|'), ('ని', 'U'), ('త్యా', 'U'), ('నం', 'U'), ('ద', '|'), ('మూ', 'U'), ('హిం', 'U'), ('చు', '|'), ('చో', 'U'), ('భు', '|'), ('వి', '|'), ('నీ', 'U'), ('భ', 'U'), ('క్తు', '|'), ('ల', '|'), ('కా', 'U'), ('త్మ', '|'), ('లో', 'U'), ('వి', '|'), ('ర', '|'), ('స', '|'), ('ము', 'U'), ('ల్వు', 'U'), ('ట్టిం', 'U'), ('చు', '|'), ('స', 'U'), ('ర్వే', 'U'), ('శ్వ', '|'), ('రా', 'U')]",0.95,1.0,1.0,1.0,0.75,1.0
mattebhamu,"కరుణం జేకొనిరేని రౌరవపదగ్రస్తాత్తు దేవేంద్రుఁగాఁ
బరగం జేయుదు రాత్మలో నలిగిరేఁ బర్జన్యు నా రౌరవో-
త్కరపంకప్రవిలీనకీటకముఁగాఁ గల్పింతు రన్నట్టిచో
నరయన్ భక్తుల శక్తి యెట్లు గుఱిసేయ న్వచ్చు సర్వేశ్వరా!",vruttamu,Sarveswara,"[('క', '|'), ('రు', '|'), ('ణం', 'U'), ('జే', 'U'), ('కొ', '|'), ('ని', '|'), ('రే', 'U'), ('ని', '|'), ('రౌ', 'U'), ('ర', '|'), ('వ', '|'), ('ప', '|'), ('ద', '|'), ('గ్ర', 'U'), ('స్తా', 'U'), ('త్తు', '|'), ('దే', 'U'), ('వేం', 'U'), ('ద్రు', '|'), ('గా', 'U'), ('బ', '|'), ('ర', '|'), ('గం', 'U'), ('జే', 'U'), ('యు', '|'), ('దు', '|'), ('రా', 'U'), ('త్మ', '|'), ('లో', 'U'), ('న', '|'), ('లి', '|'), ('గి', '|'), ('రే', 'U'), ('బ', 'U'), ('ర్జ', 'U'), ('న్యు', '|'), ('నా', 'U'), ('రౌ', 'U'), ('ర', '|'), ('వో', 'U'), ('త్క', '|'), ('ర', '|'), ('పం', 'U'), ('క', '|'), ('ప్ర', '|'), ('వి', '|'), ('లీ', 'U'), ('న', '|'), ('కీ', 'U'), ('ట', '|'), ('క', '|'), ('ము', '|'), ('గా', 'U'), ('గ', 'U'), ('ల్పిం', 'U'), ('తు', '|'), ('ర', 'U'), ('న్న', 'U'), ('ట్టి', '|'), ('చో', 'U'), ('న', '|'), ('ర', '|'), ('య', 'U'), ('న్భ', 'U'), ('క్తు', '|'), ('ల', '|'), ('శ', 'U'), ('క్తి', '|'), ('యె', 'U'), ('ట్లు', '|'), ('గు', '|'), ('ఱి', '|'), ('సే', 'U'), ('య', 'U'), ('న్వ', 'U'), ('చ్చు', '|'), ('స', 'U'), ('ర్వే', 'U'), ('శ్వ', '|'), ('రా', 'U')]",0.9357142857142857,1.0,1.0,0.9285714285714286,0.75,1.0
mattebhamu,"రమణీయక్షితిపాలుఁ డింద్రుని చతుర్మాసక్రమాయుష్యుఁ డా
యమరేంద్రుం డజునాడికాద్వయమువాఁ డా బ్రహ్మ యుష్మన్నిమే-
షమువాఁ డంచును వీరినెల్ల నగు నీ సాలోక్యసామీప్యస-
త్తమరాజ్యస్థితిపట్టభద్రుఁ డగు సద్భక్తుండు సర్వేశ్వరా!",vruttamu,Sarveswara,"[('ర', '|'), ('మ', '|'), ('ణీ', 'U'), ('య', 'U'), ('క్షి', '|'), ('తి', '|'), ('పా', 'U'), ('లు', '|'), ('డిం', 'U'), ('ద్రు', '|'), ('ని', '|'), ('చ', '|'), ('తు', 'U'), ('ర్మా', 'U'), ('స', '|'), ('క్ర', '|'), ('మా', 'U'), ('యు', 'U'), ('ష్యు', '|'), ('డా', 'U'), ('య', '|'), ('మ', '|'), ('రేం', 'U'), ('ద్రుం', 'U'), ('డ', '|'), ('జు', '|'), ('నా', 'U'), ('డి', '|'), ('కా', 'U'), ('ద్వ', '|'), ('య', '|'), ('ము', '|'), ('వా', 'U'), ('డా', 'U'), ('బ్ర', 'U'), ('హ్మ', '|'), ('యు', 'U'), ('ష్మ', 'U'), ('న్ని', '|'), ('మే', 'U'), ('ష', '|'), ('ము', '|'), ('వా', 'U'), ('డం', 'U'), ('చు', '|'), ('ను', '|'), ('వీ', 'U'), ('రి', '|'), ('నె', 'U'), ('ల్ల', '|'), ('న', '|'), ('గు', '|'), ('నీ', 'U'), ('సా', 'U'), ('లో', 'U'), ('క్య', '|'), ('సా', 'U'), ('మీ', 'U'), ('ప్య', '|'), ('స', 'U'), ('త్త', '|'), ('మ', '|'), ('రా', 'U'), ('జ్య', 'U'), ('స్థి', '|'), ('తి', '|'), ('ప', 'U'), ('ట్ట', '|'), ('భ', '|'), ('ద్రు', '|'), ('డ', '|'), ('గు', '|'), ('స', 'U'), ('ద్భ', 'U'), ('క్తుం', 'U'), ('డు', '|'), ('స', 'U'), ('ర్వే', 'U'), ('శ్వ', '|'), ('రా', 'U')]",0.9357142857142857,1.0,1.0,0.9285714285714286,0.75,1.0
mattebhamu,"ప్రకటింపంగ సమస్తపాతకములం బాపంగ నీ పూజయం-
దొక పుష్పాంశము చాలునన్న మహిలో నూహింపఁగా నీ పదా-
ర్చకు లేమార్గమునందు శుద్ధులు మదిం జర్చింపఁ దద్దుర్గుణ-
ప్రకరం బెన్నెడివాఁడు లోకములలోఁ బాపిష్ఠి సర్వేశ్వరా!",vruttamu,Sarveswara,"[('ప్ర', '|'), ('క', '|'), ('టిం', 'U'), ('పం', 'U'), ('గ', '|'), ('స', '|'), ('మ', 'U'), ('స్త', '|'), ('పా', 'U'), ('త', '|'), ('క', '|'), ('ము', '|'), ('లం', 'U'), ('బా', 'U'), ('పం', 'U'), ('గ', '|'), ('నీ', 'U'), ('పూ', 'U'), ('జ', '|'), ('యం', 'U'), ('దొ', '|'), ('క', '|'), ('పు', 'U'), ('ష్పాం', 'U'), ('శ', '|'), ('ము', '|'), ('చా', 'U'), ('లు', '|'), ('న', 'U'), ('న్న', '|'), ('మ', '|'), ('హి', '|'), ('లో', 'U'), ('నూ', 'U'), ('హిం', 'U'), ('ప', '|'), ('గా', 'U'), ('నీ', 'U'), ('ప', '|'), ('దా', 'U'), ('ర్చ', '|'), ('కు', '|'), ('లే', 'U'), ('మా', 'U'), ('ర్గ', '|'), ('ము', '|'), ('నం', 'U'), ('దు', '|'), ('శు', 'U'), ('ద్ధు', '|'), ('లు', '|'), ('మ', '|'), ('దిం', 'U'), ('జ', 'U'), ('ర్చిం', 'U'), ('ప', '|'), ('ద', 'U'), ('ద్దు', 'U'), ('ర్గు', '|'), ('ణ', '|'), ('ప్ర', '|'), ('క', '|'), ('రం', 'U'), ('బె', 'U'), ('న్నె', '|'), ('డి', '|'), ('వా', 'U'), ('డు', '|'), ('లో', 'U'), ('క', '|'), ('ము', '|'), ('ల', '|'), ('లో', 'U'), ('బా', 'U'), ('పి', 'U'), ('ష్ఠి', '|'), ('స', 'U'), ('ర్వే', 'U'), ('శ్వ', '|'), ('రా', 'U')]",0.9428571428571428,1.0,1.0,0.9642857142857143,0.75,1.0
mattebhamu,"తమ తేజంబుఁ దృణీకరించుచు సముద్యత్తేజులై మీఁదిలో-
కములందున్ జరియించు నీ యచలభక్తశ్రేష్ఠులం జూచి నె-
య్యమునం దారును దద్విధంబునను నిన్నర్చింప నూహించి మ-
ర్త్యమునం బుట్టఁగ వాంఛసేయుదు రమర్త్యశ్రేణి సర్వేశ్వరా!",vruttamu,Sarveswara,"[('త', '|'), ('మ', '|'), ('తే', 'U'), ('జం', 'U'), ('బు', '|'), ('దృ', '|'), ('ణీ', 'U'), ('క', '|'), ('రిం', 'U'), ('చు', '|'), ('చు', '|'), ('స', '|'), ('ము', 'U'), ('ద్య', 'U'), ('త్తే', 'U'), ('జు', '|'), ('లై', 'U'), ('మీ', 'U'), ('ది', '|'), ('లో', 'U'), ('క', '|'), ('ము', '|'), ('లం', 'U'), ('దు', 'U'), ('న్జ', '|'), ('రి', '|'), ('యిం', 'U'), ('చు', '|'), ('నీ', 'U'), ('య', '|'), ('చ', '|'), ('ల', '|'), ('భ', 'U'), ('క్త', '|'), ('శ్రే', 'U'), ('ష్ఠు', '|'), ('లం', 'U'), ('జూ', 'U'), ('చి', '|'), ('నె', 'U'), ('య్య', '|'), ('ము', '|'), ('నం', 'U'), ('దా', 'U'), ('రు', '|'), ('ను', '|'), ('ద', 'U'), ('ద్వి', '|'), ('ధం', 'U'), ('బు', '|'), ('న', '|'), ('ను', '|'), ('ని', 'U'), ('న్న', 'U'), ('ర్చిం', 'U'), ('ప', '|'), ('నూ', 'U'), ('హిం', 'U'), ('చి', '|'), ('మ', 'U'), ('ర్త్య', '|'), ('ము', '|'), ('నం', 'U'), ('బు', 'U'), ('ట్ట', '|'), ('గ', '|'), ('వాం', 'U'), ('ఛ', '|'), ('సే', 'U'), ('యు', '|'), ('దు', '|'), ('ర', '|'), ('మ', 'U'), ('ర్త్య', '|'), ('శ్రే', 'U'), ('ణి', '|'), ('స', 'U'), ('ర్వే', 'U'), ('శ్వ', '|'), ('రా', 'U')]",0.9357142857142857,1.0,1.0,0.9285714285714286,0.75,1.0
mattebhamu,"అమరన్ భక్తులకెల్ల నీవ హృదయంబై యుండుట న్వారి సౌ-
ఖ్యము నీ సౌఖ్యము వారి కూర్మియు సమగ్రంబైన నీ కూర్మిత-
త్త్వము భావింపఁగ వారి కోపము భవత్ప్రఖ్యాతరౌద్రప్రభా-
వము దా వారల వాక్యనిర్ణయము నీ వాక్యంబు సర్వేశ్వరా!",vruttamu,Sarveswara,"[('అ', '|'), ('మ', '|'), ('ర', 'U'), ('న్భ', 'U'), ('క్తు', '|'), ('ల', '|'), ('కె', 'U'), ('ల్ల', '|'), ('నీ', 'U'), ('వ', '|'), ('హృ', '|'), ('ద', '|'), ('యం', 'U'), ('బై', 'U'), ('యుం', 'U'), ('డు', '|'), ('ట', 'U'), ('న్వా', 'U'), ('రి', '|'), ('సౌ', 'U'), ('ఖ్య', '|'), ('ము', '|'), ('నీ', 'U'), ('సౌ', 'U'), ('ఖ్య', '|'), ('ము', '|'), ('వా', 'U'), ('రి', '|'), ('కూ', 'U'), ('ర్మి', '|'), ('యు', '|'), ('స', '|'), ('మ', '|'), ('గ్రం', 'U'), ('బై', 'U'), ('న', '|'), ('నీ', 'U'), ('కూ', 'U'), ('ర్మి', '|'), ('త', 'U'), ('త్త్వ', '|'), ('ము', '|'), ('భా', 'U'), ('విం', 'U'), ('ప', '|'), ('గ', '|'), ('వా', 'U'), ('రి', '|'), ('కో', 'U'), ('ప', '|'), ('ము', '|'), ('భ', '|'), ('వ', 'U'), ('త్ప్ర', 'U'), ('ఖ్యా', 'U'), ('త', '|'), ('రౌ', 'U'), ('ద్ర', '|'), ('ప్ర', '|'), ('భా', 'U'), ('వ', '|'), ('ము', '|'), ('దా', 'U'), ('వా', 'U'), ('ర', '|'), ('ల', '|'), ('వా', 'U'), ('క్య', '|'), ('ని', 'U'), ('ర్ణ', '|'), ('య', '|'), ('ము', '|'), ('నీ', 'U'), ('వా', 'U'), ('క్యం', 'U'), ('బు', '|'), ('స', 'U'), ('ర్వే', 'U'), ('శ్వ', '|'), ('రా', 'U')]",0.9357142857142857,1.0,1.0,0.9285714285714286,0.75,1.0
mattebhamu,"అవనిం బెన్నిధి భాగ్యహీనునకుఁ బ్రత్యక్షంబు గాకప్పు డొం-
డవ భాండాకృతిఁ దాల్చి మాఁటువడి మాయావృత్తి నున్నట్లు దా
భవదీయప్రతిబింబమూర్తియగు సద్భక్తుండు సంసారదు-
ర్వ్యవయసాయాత్ముల కెల్లఁ గేవలనరుండై తోఁచు సర్వేశ్వరా!",vruttamu,Sarveswara,"[('అ', '|'), ('వ', '|'), ('నిం', 'U'), ('బె', 'U'), ('న్ని', '|'), ('ధి', '|'), ('భా', 'U'), ('గ్య', '|'), ('హీ', 'U'), ('ను', '|'), ('న', '|'), ('కు', '|'), ('బ్ర', 'U'), ('త్య', 'U'), ('క్షం', 'U'), ('బు', '|'), ('గా', 'U'), ('క', 'U'), ('ప్పు', '|'), ('డొం', 'U'), ('డ', '|'), ('వ', '|'), ('భాం', 'U'), ('డా', 'U'), ('కృ', '|'), ('తి', '|'), ('దా', 'U'), ('ల్చి', '|'), ('మా', 'U'), ('టు', '|'), ('వ', '|'), ('డి', '|'), ('మా', 'U'), ('యా', 'U'), ('వృ', 'U'), ('త్తి', '|'), ('ను', 'U'), ('న్న', 'U'), ('ట్లు', '|'), ('దా', 'U'), ('భ', '|'), ('వ', '|'), ('దీ', 'U'), ('య', '|'), ('ప్ర', '|'), ('తి', '|'), ('బిం', 'U'), ('బ', '|'), ('మూ', 'U'), ('ర్తి', '|'), ('య', '|'), ('గు', '|'), ('స', 'U'), ('ద్భ', 'U'), ('క్తుం', 'U'), ('డు', '|'), ('సం', 'U'), ('సా', 'U'), ('ర', '|'), ('దు', 'U'), ('ర్వ్య', '|'), ('వ', '|'), ('య', '|'), ('సా', 'U'), ('యా', 'U'), ('త్ము', '|'), ('ల', '|'), ('కె', 'U'), ('ల్ల', '|'), ('గే', 'U'), ('వ', '|'), ('ల', '|'), ('న', '|'), ('రుం', 'U'), ('డై', 'U'), ('తో', 'U'), ('చు', '|'), ('స', 'U'), ('ర్వే', 'U'), ('శ్వ', '|'), ('రా', 'U')]",0.8403571428571428,0.9875,1.0,0.7142857142857143,0.5,1.0
mattebhamu,"క్షితిపై శ్వేతమునీంద్రుఁ జంప నలుకం గీనాశుఁ డేతెంచి నీ
యతికోపోజ్జ్వలనాహుతి న్మడిసెఁ దథ్యం బేకనిష్ఠాసమ-
న్వితులం జేకొని భక్తవత్సలుఁడవై నీవెప్పుడు న్గావఁగాఁ
బ్రతిపక్షావలి కెట్లు వారి దెసఁ జేరన్వచ్చు సర్వేశ్వరా!",vruttamu,Sarveswara,"[('క్షి', '|'), ('తి', '|'), ('పై', 'U'), ('శ్వే', 'U'), ('త', '|'), ('ము', '|'), ('నీం', 'U'), ('ద్రు', '|'), ('జం', 'U'), ('ప', '|'), ('న', '|'), ('లు', '|'), ('కం', 'U'), ('గీ', 'U'), ('నా', 'U'), ('శు', '|'), ('డే', 'U'), ('తెం', 'U'), ('చి', '|'), ('నీ', 'U'), ('య', '|'), ('తి', '|'), ('కో', 'U'), ('పో', 'U'), ('జ్జ్వ', '|'), ('ల', '|'), ('నా', 'U'), ('హు', '|'), ('తి', 'U'), ('న్మ', '|'), ('డి', '|'), ('సె', '|'), ('ద', 'U'), ('థ్యం', 'U'), ('బే', 'U'), ('క', '|'), ('ని', 'U'), ('ష్ఠా', 'U'), ('స', '|'), ('మ', 'U'), ('న్వి', '|'), ('తు', '|'), ('లం', 'U'), ('జే', 'U'), ('కొ', '|'), ('ని', '|'), ('భ', 'U'), ('క్త', '|'), ('వ', 'U'), ('త్స', '|'), ('లు', '|'), ('డ', '|'), ('వై', 'U'), ('నీ', 'U'), ('వె', 'U'), ('ప్పు', '|'), ('డు', 'U'), ('న్గా', 'U'), ('వ', '|'), ('గా', 'U'), ('బ్ర', '|'), ('తి', '|'), ('ప', 'U'), ('క్షా', 'U'), ('వ', '|'), ('లి', '|'), ('కె', 'U'), ('ట్లు', '|'), ('వా', 'U'), ('రి', '|'), ('దె', '|'), ('స', '|'), ('జే', 'U'), ('ర', 'U'), ('న్వ', 'U'), ('చ్చు', '|'), ('స', 'U'), ('ర్వే', 'U'), ('శ్వ', '|'), ('రా', 'U')]",1.0,1.0,1.0,1.0,1.0,1.0
saardulamu,"కింకం దన్ను నదల్చి చక్రమునఁ దాఁ గృష్ణుండని న్వైచినం
బొంకంబొప్పఁగ దానిఁ దుత్తుఱుముగాఁ బోఁదట్టి యుప్పొంగె ని-
శ్శంకాత్ముండు దధీచి శాశ్వతులు నీ సద్భక్తు లూహింపఁగా
సంకల్పప్రభవప్రతాపవనభాస్వద్దావ సర్వేశ్వరా!",vruttamu,Sarveswara,"[('కిం', 'U'), ('కం', 'U'), ('ద', 'U'), ('న్ను', '|'), ('న', '|'), ('ద', 'U'), ('ల్చి', '|'), ('చ', '|'), ('క్ర', '|'), ('ము', '|'), ('న', '|'), ('దా', 'U'), ('గృ', 'U'), ('ష్ణుం', 'U'), ('డ', '|'), ('ని', 'U'), ('న్వై', 'U'), ('చి', '|'), ('నం', 'U'), ('బొం', 'U'), ('కం', 'U'), ('బొ', 'U'), ('ప్ప', '|'), ('గ', '|'), ('దా', 'U'), ('ని', '|'), ('దు', 'U'), ('త్తు', '|'), ('ఱు', '|'), ('ము', '|'), ('గా', 'U'), ('బో', 'U'), ('ద', 'U'), ('ట్టి', '|'), ('యు', 'U'), ('ప్పొం', 'U'), ('గె', '|'), ('ని', 'U'), ('శ్శం', 'U'), ('కా', 'U'), ('త్ముం', 'U'), ('డు', '|'), ('ద', '|'), ('ధీ', 'U'), ('చి', '|'), ('శా', 'U'), ('శ్వ', '|'), ('తు', '|'), ('లు', '|'), ('నీ', 'U'), ('స', 'U'), ('ద్భ', 'U'), ('క్తు', '|'), ('లూ', 'U'), ('హిం', 'U'), ('ప', '|'), ('గా', 'U'), ('సం', 'U'), ('క', 'U'), ('ల్ప', '|'), ('ప్ర', '|'), ('భ', '|'), ('వ', '|'), ('ప్ర', '|'), ('తా', 'U'), ('ప', '|'), ('వ', '|'), ('న', '|'), ('భా', 'U'), ('స్వ', 'U'), ('ద్దా', 'U'), ('వ', '|'), ('స', 'U'), ('ర్వే', 'U'), ('శ్వ', '|'), ('రా', 'U')]",0.9285714285714285,1.0,1.0,0.8928571428571429,0.75,1.0
mattebhamu,"ఘటదుగ్ధంబులు పేరుఁగాక వెలయంగా నెంత తోడంటి న-
న్నట దుర్గాంబుధి పేరునే జగములో నల్పుండు దుస్సంగతిం
జటులాత్ముండగుఁ గాక యెయ్యెడల నీ సద్భక్తుఁ డేకార్య ము-
త్కటమై తాఁకిన నన్యచిత్తుఁడగునే తర్కింప సర్వేశ్వరా!",vruttamu,Sarveswara,"[('ఘ', '|'), ('ట', '|'), ('దు', 'U'), ('గ్ధం', 'U'), ('బు', '|'), ('లు', '|'), ('పే', 'U'), ('రు', '|'), ('గా', 'U'), ('క', '|'), ('వె', '|'), ('ల', '|'), ('యం', 'U'), ('గా', 'U'), ('నెం', 'U'), ('త', '|'), ('తో', 'U'), ('డం', 'U'), ('టి', '|'), ('న', 'U'), ('న్న', '|'), ('ట', '|'), ('దు', 'U'), ('ర్గాం', 'U'), ('బు', '|'), ('ధి', '|'), ('పే', 'U'), ('రు', '|'), ('నే', 'U'), ('జ', '|'), ('గ', '|'), ('ము', '|'), ('లో', 'U'), ('న', 'U'), ('ల్పుం', 'U'), ('డు', '|'), ('దు', 'U'), ('స్సం', 'U'), ('గ', '|'), ('తిం', 'U'), ('జ', '|'), ('టు', '|'), ('లా', 'U'), ('త్ముం', 'U'), ('డ', '|'), ('గు', '|'), ('గా', 'U'), ('క', '|'), ('యె', 'U'), ('య్యె', '|'), ('డ', '|'), ('ల', '|'), ('నీ', 'U'), ('స', 'U'), ('ద్భ', 'U'), ('క్తు', '|'), ('డే', 'U'), ('కా', 'U'), ('ర్య', '|'), ('ము', 'U'), ('త్క', '|'), ('ట', '|'), ('మై', 'U'), ('తా', 'U'), ('కి', '|'), ('న', '|'), ('న', 'U'), ('న్య', '|'), ('చి', 'U'), ('త్తు', '|'), ('డ', '|'), ('గు', '|'), ('నే', 'U'), ('త', 'U'), ('ర్కిం', 'U'), ('ప', '|'), ('స', 'U'), ('ర్వే', 'U'), ('శ్వ', '|'), ('రా', 'U')]",1.0,1.0,1.0,1.0,1.0,1.0
mattebhamu,"సతి వేడ్కం దన ప్రాణవల్లభునితో సంయోగ మర్థించుఁ గా-
కతనిం బ్రార్థనసేసి సొమ్ముగొనిపో నఱ్ఱాడునే భక్తుఁ డీ-
క్షితి నీ భక్తియ వేఁడుఁ గాక మఱి నీ శ్రీపాదము ల్గొల్చి కు-
త్సితకామ్యార్థము లొండు వేఁడుకొనునే చింతింప సర్వేశ్వరా!",vruttamu,Sarveswara,"[('స', '|'), ('తి', '|'), ('వే', 'U'), ('డ్కం', 'U'), ('ద', '|'), ('న', '|'), ('ప్రా', 'U'), ('ణ', '|'), ('వ', 'U'), ('ల్ల', '|'), ('భు', '|'), ('ని', '|'), ('తో', 'U'), ('సం', 'U'), ('యో', 'U'), ('గ', '|'), ('మ', 'U'), ('ర్థిం', 'U'), ('చు', '|'), ('గా', 'U'), ('క', '|'), ('త', '|'), ('నిం', 'U'), ('బ్రా', 'U'), ('ర్థ', '|'), ('న', '|'), ('సే', 'U'), ('సి', '|'), ('సొ', 'U'), ('మ్ము', '|'), ('గొ', '|'), ('ని', '|'), ('పో', 'U'), ('న', 'U'), ('ఱ్ఱా', 'U'), ('డు', '|'), ('నే', 'U'), ('భ', 'U'), ('క్తు', '|'), ('డీ', 'U'), ('క్షి', '|'), ('తి', '|'), ('నీ', 'U'), ('భ', 'U'), ('క్తి', '|'), ('య', '|'), ('వే', 'U'), ('డు', '|'), ('గా', 'U'), ('క', '|'), ('మ', '|'), ('ఱి', '|'), ('నీ', 'U'), ('శ్రీ', 'U'), ('పా', 'U'), ('ద', '|'), ('ము', 'U'), ('ల్గొ', 'U'), ('ల్చి', '|'), ('కు', 'U'), ('త్సి', '|'), ('త', '|'), ('కా', 'U'), ('మ్యా', 'U'), ('ర్థ', '|'), ('ము', '|'), ('లొం', 'U'), ('డు', '|'), ('వే', 'U'), ('డు', '|'), ('కొ', '|'), ('ను', '|'), ('నే', 'U'), ('చిం', 'U'), ('తిం', 'U'), ('ప', '|'), ('స', 'U'), ('ర్వే', 'U'), ('శ్వ', '|'), ('రా', 'U')]",0.95,1.0,1.0,1.0,0.75,1.0
mattebhamu,"భ్రమరధ్యానము దాల్చి కీటకము సద్భావాదిసంయుక్తిఁ దా
భ్రమరంబై ఖగవీథి నాడునని నన్బాటించి నిన్నాత్మ నె-
య్యముతో ధ్యానము సేయు మర్త్యుఁడును నీయట్లే పరవ్యో-
మతత్త్వమునం దవ్యయలీల నుండు టరుదే భావింప సర్వేశ్వరా!",vruttamu,Sarveswara,"[('భ్ర', '|'), ('మ', '|'), ('ర', 'U'), ('ధ్యా', 'U'), ('న', '|'), ('ము', '|'), ('దా', 'U'), ('ల్చి', '|'), ('కీ', 'U'), ('ట', '|'), ('క', '|'), ('ము', '|'), ('స', 'U'), ('ద్భా', 'U'), ('వా', 'U'), ('ది', '|'), ('సం', 'U'), ('యు', 'U'), ('క్తి', '|'), ('దా', 'U'), ('భ్ర', '|'), ('మ', '|'), ('రం', 'U'), ('బై', 'U'), ('ఖ', '|'), ('గ', '|'), ('వీ', 'U'), ('థి', '|'), ('నా', 'U'), ('డు', '|'), ('న', '|'), ('ని', '|'), ('న', 'U'), ('న్బా', 'U'), ('టిం', 'U'), ('చి', '|'), ('ని', 'U'), ('న్నా', 'U'), ('త్మ', '|'), ('నె', 'U'), ('య్య', '|'), ('ము', '|'), ('తో', 'U'), ('ధ్యా', 'U'), ('న', '|'), ('ము', '|'), ('సే', 'U'), ('యు', '|'), ('మ', 'U'), ('ర్త్యు', '|'), ('డు', '|'), ('ను', '|'), ('నీ', 'U'), ('య', 'U'), ('ట్లే', 'U'), ('ప', '|'), ('ర', 'U'), ('వ్యో', 'U'), ('మ', '|'), ('త', 'U'), ('త్త్వ', '|'), ('ము', '|'), ('నం', 'U'), ('ద', 'U'), ('వ్య', '|'), ('య', '|'), ('లీ', 'U'), ('ల', '|'), ('నుం', 'U'), ('డు', '|'), ('ట', '|'), ('రు', '|'), ('దే', 'U'), ('భా', 'U'), ('విం', 'U'), ('ప', '|'), ('స', 'U'), ('ర్వే', 'U'), ('శ్వ', '|'), ('రా', 'U')]",0.95,1.0,1.0,1.0,0.75,1.0
mattebhamu,"అమరశ్రేణులకు న్సుధామయకళౌఘాత్మీయసారంబు ర-
గ్యముగాఁ గ్రోలఁగ నిచ్చి తానొక కళామాత్రాంగుఁడై యున్న చం-
ద్రమునిం జూచి జగమ్ము మ్రొక్కుగతినారన్ భక్తపూజానిధి-
క్రమభారాకృశుఁ జూచి మ్రొక్కుదురు లోకంబెల్ల సర్వేశ్వరా!",vruttamu,Sarveswara,"[('అ', '|'), ('మ', '|'), ('ర', '|'), ('శ్రే', 'U'), ('ణు', '|'), ('ల', '|'), ('కు', 'U'), ('న్సు', '|'), ('ధా', 'U'), ('మ', '|'), ('య', '|'), ('క', '|'), ('ళౌ', 'U'), ('ఘా', 'U'), ('త్మీ', 'U'), ('య', '|'), ('సా', 'U'), ('రం', 'U'), ('బు', '|'), ('ర', 'U'), ('గ్య', '|'), ('ము', '|'), ('గా', 'U'), ('గ్రో', 'U'), ('ల', '|'), ('గ', '|'), ('ని', 'U'), ('చ్చి', '|'), ('తా', 'U'), ('నొ', '|'), ('క', '|'), ('క', '|'), ('ళా', 'U'), ('మా', 'U'), ('త్రాం', 'U'), ('గు', '|'), ('డై', 'U'), ('యు', 'U'), ('న్న', '|'), ('చం', 'U'), ('ద్ర', '|'), ('ము', '|'), ('నిం', 'U'), ('జూ', 'U'), ('చి', '|'), ('జ', '|'), ('గ', 'U'), ('మ్ము', '|'), ('మ్రొ', 'U'), ('క్కు', '|'), ('గ', '|'), ('తి', '|'), ('నా', 'U'), ('ర', 'U'), ('న్భ', 'U'), ('క్త', '|'), ('పూ', 'U'), ('జా', 'U'), ('ని', '|'), ('ధి', '|'), ('క్ర', '|'), ('మ', '|'), ('భా', 'U'), ('రా', 'U'), ('కృ', '|'), ('శు', '|'), ('జూ', 'U'), ('చి', '|'), ('మ్రొ', 'U'), ('క్కు', '|'), ('దు', '|'), ('రు', '|'), ('లో', 'U'), ('కం', 'U'), ('బె', 'U'), ('ల్ల', '|'), ('స', 'U'), ('ర్వే', 'U'), ('శ్వ', '|'), ('రా', 'U')]",0.8857142857142858,1.0,1.0,0.9285714285714286,0.5,1.0
mattebhamu,"చెదరం బాఱు దశప్రభంజనములన్ శిక్షన్ సుషుమ్నంబునం
గుదియం బట్టి చలింపకుండ శశినర్కుం గట్టి భాస్వన్మన-
స్సదనస్థానమునందు నిన్నెలమి సంస్థాప్యంబుగాఁ జేసి తా
హృదయానందరసాబ్ధిఁ దేలు శివయోగీంద్రుండు సర్వేశ్వరా!",vruttamu,Sarveswara,"[('చె', '|'), ('ద', '|'), ('రం', 'U'), ('బా', 'U'), ('ఱు', '|'), ('ద', '|'), ('శ', '|'), ('ప్ర', '|'), ('భం', 'U'), ('జ', '|'), ('న', '|'), ('ము', '|'), ('ల', 'U'), ('న్శి', 'U'), ('క్ష', 'U'), ('న్సు', '|'), ('షు', 'U'), ('మ్నం', 'U'), ('బు', '|'), ('నం', 'U'), ('గు', '|'), ('ది', '|'), ('యం', 'U'), ('బ', 'U'), ('ట్టి', '|'), ('చ', '|'), ('లిం', 'U'), ('ప', '|'), ('కుం', 'U'), ('డ', '|'), ('శ', '|'), ('శి', '|'), ('న', 'U'), ('ర్కుం', 'U'), ('గ', 'U'), ('ట్టి', '|'), ('భా', 'U'), ('స్వ', 'U'), ('న్మ', '|'), ('న', 'U'), ('స్స', '|'), ('ద', '|'), ('న', 'U'), ('స్థా', 'U'), ('న', '|'), ('ము', '|'), ('నం', 'U'), ('దు', '|'), ('ని', 'U'), ('న్నె', '|'), ('ల', '|'), ('మి', '|'), ('సం', 'U'), ('స్థా', 'U'), ('ప్యం', 'U'), ('బు', '|'), ('గా', 'U'), ('జే', 'U'), ('సి', '|'), ('తా', 'U'), ('హృ', '|'), ('ద', '|'), ('యా', 'U'), ('నం', 'U'), ('ద', '|'), ('ర', '|'), ('సా', 'U'), ('బ్ధి', '|'), ('దే', 'U'), ('లు', '|'), ('శి', '|'), ('వ', '|'), ('యో', 'U'), ('గీం', 'U'), ('ద్రుం', 'U'), ('డు', '|'), ('స', 'U'), ('ర్వే', 'U'), ('శ్వ', '|'), ('రా', 'U')]",0.9428571428571428,1.0,1.0,0.9642857142857143,0.75,1.0
mattebhamu,"వెలి వీక్షించిన నీ స్వరూపమె మహావిస్పష్టమై యాత్మలో-
పల భావించిన నీ స్వరూపమె మహాప్రవ్యక్తమై దృష్టులం
దలఁపం జేకొని యున్న నీ యచలితధ్యానంబునం జేసి తాఁ
గలనైన న్శివయోగి తన్ను జగముం గానండు సర్వేశ్వరా!",vruttamu,Sarveswara,"[('వె', '|'), ('లి', '|'), ('వీ', 'U'), ('క్షిం', 'U'), ('చి', '|'), ('న', '|'), ('నీ', 'U'), ('స్వ', '|'), ('రూ', 'U'), ('ప', '|'), ('మె', '|'), ('మ', '|'), ('హా', 'U'), ('వి', 'U'), ('స్ప', 'U'), ('ష్ట', '|'), ('మై', 'U'), ('యా', 'U'), ('త్మ', '|'), ('లో', 'U'), ('ప', '|'), ('ల', '|'), ('భా', 'U'), ('విం', 'U'), ('చి', '|'), ('న', '|'), ('నీ', 'U'), ('స్వ', '|'), ('రూ', 'U'), ('ప', '|'), ('మె', '|'), ('మ', '|'), ('హా', 'U'), ('ప్ర', 'U'), ('వ్య', 'U'), ('క్త', '|'), ('మై', 'U'), ('దృ', 'U'), ('ష్టు', '|'), ('లం', 'U'), ('ద', '|'), ('ల', '|'), ('పం', 'U'), ('జే', 'U'), ('కొ', '|'), ('ని', '|'), ('యు', 'U'), ('న్న', '|'), ('నీ', 'U'), ('య', '|'), ('చ', '|'), ('లి', '|'), ('త', 'U'), ('ధ్యా', 'U'), ('నం', 'U'), ('బు', '|'), ('నం', 'U'), ('జే', 'U'), ('సి', '|'), ('తా', 'U'), ('గ', '|'), ('ల', '|'), ('నై', 'U'), ('న', 'U'), ('న్శి', '|'), ('వ', '|'), ('యో', 'U'), ('గి', '|'), ('త', 'U'), ('న్ను', '|'), ('జ', '|'), ('గ', '|'), ('ముం', 'U'), ('గా', 'U'), ('నం', 'U'), ('డు', '|'), ('స', 'U'), ('ర్వే', 'U'), ('శ్వ', '|'), ('రా', 'U')]",1.0,1.0,1.0,1.0,1.0,1.0
mattebhamu,"భవదాకారమె కాంచు నీ స్తవకదంబశ్రేష్ఠసద్వాక్యముల్
చెవులార న్విను నిన్నె చెప్పు మది దుశ్శీలేంద్రియాటోపదు-
ర్వ్యవసాయాత్ములఁ గాంచుచో వినెడిచో వర్ణించుచోఁ జీఁకునుం
జెవిటి న్మూగయునై చరించు మహి నీ శీలుండు సర్వేశ్వరా!",vruttamu,Sarveswara,"[('భ', '|'), ('వ', '|'), ('దా', 'U'), ('కా', 'U'), ('ర', '|'), ('మె', '|'), ('కాం', 'U'), ('చు', '|'), ('నీ', 'U'), ('స్త', '|'), ('వ', '|'), ('క', '|'), ('దం', 'U'), ('బ', '|'), ('శ్రే', 'U'), ('ష్ఠ', '|'), ('స', 'U'), ('ద్వా', 'U'), ('క్య', '|'), ('ముల్', 'U'), ('చె', '|'), ('వు', '|'), ('లా', 'U'), ('ర', 'U'), ('న్వి', '|'), ('ను', '|'), ('ని', 'U'), ('న్నె', '|'), ('చె', 'U'), ('ప్పు', '|'), ('మ', '|'), ('ది', '|'), ('దు', 'U'), ('శ్శీ', 'U'), ('లేం', 'U'), ('ద్రి', '|'), ('యా', 'U'), ('టో', 'U'), ('ప', '|'), ('దు', 'U'), ('ర్వ్య', '|'), ('వ', '|'), ('సా', 'U'), ('యా', 'U'), ('త్ము', '|'), ('ల', '|'), ('గాం', 'U'), ('చు', '|'), ('చో', 'U'), ('వి', '|'), ('నె', '|'), ('డి', '|'), ('చో', 'U'), ('వ', 'U'), ('ర్ణిం', 'U'), ('చు', '|'), ('చో', 'U'), ('జీ', 'U'), ('కు', '|'), ('నుం', 'U'), ('జె', '|'), ('వి', '|'), ('టి', 'U'), ('న్మూ', 'U'), ('గ', '|'), ('యు', '|'), ('నై', 'U'), ('చ', '|'), ('రిం', 'U'), ('చు', '|'), ('మ', '|'), ('హి', '|'), ('నీ', 'U'), ('శీ', 'U'), ('లుం', 'U'), ('డు', '|'), ('స', 'U'), ('ర్వే', 'U'), ('శ్వ', '|'), ('రా', 'U')]",0.9928571428571429,1.0,1.0,0.9642857142857143,1.0,1.0
mattebhamu,"అతిలాలిత్యముగా నహర్నిశము నిన్నర్చింపగా వచ్చు సు-
వ్రతుఁడై యుండఁగవచ్చు నెల్లకళలం బ్రౌఢుఁడు గావచ్చు వా-
క్పతి గానైనను వచ్చుఁ గాని మఱి నీ భక్తుండు గారాదు సు-
స్థితిగా నీ దయ లేని మానవునకుం జింతింప సర్వేశ్వరా!",vruttamu,Sarveswara,"[('అ', '|'), ('తి', '|'), ('లా', 'U'), ('లి', 'U'), ('త్య', '|'), ('ము', '|'), ('గా', 'U'), ('న', '|'), ('హ', 'U'), ('ర్ని', '|'), ('శ', '|'), ('ము', '|'), ('ని', 'U'), ('న్న', 'U'), ('ర్చిం', 'U'), ('ప', '|'), ('గా', 'U'), ('వ', 'U'), ('చ్చు', '|'), ('సు', '|'), ('వ్ర', '|'), ('తు', '|'), ('డై', 'U'), ('యుం', 'U'), ('డ', '|'), ('గ', '|'), ('వ', 'U'), ('చ్చు', '|'), ('నె', 'U'), ('ల్ల', '|'), ('క', '|'), ('ళ', '|'), ('లం', 'U'), ('బ్రౌ', 'U'), ('ఢు', '|'), ('డు', '|'), ('గా', 'U'), ('వ', 'U'), ('చ్చు', '|'), ('వా', 'U'), ('క్ప', '|'), ('తి', '|'), ('గా', 'U'), ('నై', 'U'), ('న', '|'), ('ను', '|'), ('వ', 'U'), ('చ్చు', '|'), ('గా', 'U'), ('ని', '|'), ('మ', '|'), ('ఱి', '|'), ('నీ', 'U'), ('భ', 'U'), ('క్తుం', 'U'), ('డు', '|'), ('గా', 'U'), ('రా', 'U'), ('దు', '|'), ('సు', 'U'), ('స్థి', '|'), ('తి', '|'), ('గా', 'U'), ('నీ', 'U'), ('ద', '|'), ('య', '|'), ('లే', 'U'), ('ని', '|'), ('మా', 'U'), ('న', '|'), ('వు', '|'), ('న', '|'), ('కుం', 'U'), ('జిం', 'U'), ('తిం', 'U'), ('ప', '|'), ('స', 'U'), ('ర్వే', 'U'), ('శ్వ', '|'), ('రా', 'U')]",0.9357142857142857,1.0,1.0,0.9285714285714286,0.75,1.0
mattebhamu,"భవికిన్ భక్తి మహత్త్వ మంకురితమై పాటిల్ల భక్తుండు బాం-
ధవమాత్రుండగు భక్తి పుష్పితముగాఁ దద్భక్తుఁ డాత్మేశుఁడై
సవిశేషస్థితిఁ దోఁచు భక్తి సఫలోత్సాహంబునుం బొందఁగా
నవికల్పస్థితి నంత భక్తుఁడును నీవై యుండు సర్వేశ్వరా!",vruttamu,Sarveswara,"[('భ', '|'), ('వి', '|'), ('కి', 'U'), ('న్భ', 'U'), ('క్తి', '|'), ('మ', '|'), ('హ', 'U'), ('త్త్వ', '|'), ('మం', 'U'), ('కు', '|'), ('రి', '|'), ('త', '|'), ('మై', 'U'), ('పా', 'U'), ('టి', 'U'), ('ల్ల', '|'), ('భ', 'U'), ('క్తుం', 'U'), ('డు', '|'), ('బాం', 'U'), ('ధ', '|'), ('వ', '|'), ('మా', 'U'), ('త్రుం', 'U'), ('డ', '|'), ('గు', '|'), ('భ', 'U'), ('క్తి', '|'), ('పు', 'U'), ('ష్పి', '|'), ('త', '|'), ('ము', '|'), ('గా', 'U'), ('ద', 'U'), ('ద్భ', 'U'), ('క్తు', '|'), ('డా', 'U'), ('త్మే', 'U'), ('శు', '|'), ('డై', 'U'), ('స', '|'), ('వి', '|'), ('శే', 'U'), ('ష', 'U'), ('స్థి', '|'), ('తి', '|'), ('దో', 'U'), ('చు', '|'), ('భ', 'U'), ('క్తి', '|'), ('స', '|'), ('ఫ', '|'), ('లో', 'U'), ('త్సా', 'U'), ('హం', 'U'), ('బు', '|'), ('నుం', 'U'), ('బొం', 'U'), ('ద', '|'), ('గా', 'U'), ('న', '|'), ('వి', '|'), ('క', 'U'), ('ల్ప', 'U'), ('స్థి', '|'), ('తి', '|'), ('నం', 'U'), ('త', '|'), ('భ', 'U'), ('క్తు', '|'), ('డు', '|'), ('ను', '|'), ('నీ', 'U'), ('వై', 'U'), ('యుం', 'U'), ('డు', '|'), ('స', 'U'), ('ర్వే', 'U'), ('శ్వ', '|'), ('రా', 'U')]",0.95,1.0,1.0,1.0,0.75,1.0
mattebhamu,"సుముఖుండై శివయోగి మోదము మదిన్ శోభిల్లఁ జేకొన్న భి-
క్షము విప్రోత్తమకోటిభోజనసదృక్షంబన్న సౌభాగ్యయో-
గమునం దారయ నమ్మహామహుఁడు వేడ్కం గోరి యారోగిణం-
బమరం జేసిన పుణ్యమెట్లు గుఱిసేయ న్వచ్చు సర్వేశ్వరా!",vruttamu,Sarveswara,"[('సు', '|'), ('ము', '|'), ('ఖుం', 'U'), ('డై', 'U'), ('శి', '|'), ('వ', '|'), ('యో', 'U'), ('గి', '|'), ('మో', 'U'), ('ద', '|'), ('ము', '|'), ('మ', '|'), ('ది', 'U'), ('న్శో', 'U'), ('భి', 'U'), ('ల్ల', '|'), ('జే', 'U'), ('కొ', 'U'), ('న్న', '|'), ('భి', 'U'), ('క్ష', '|'), ('ము', '|'), ('వి', '|'), ('ప్రో', 'U'), ('త్త', '|'), ('మ', '|'), ('కో', 'U'), ('టి', '|'), ('భో', 'U'), ('జ', '|'), ('న', '|'), ('స', '|'), ('దృ', 'U'), ('క్షం', 'U'), ('బ', 'U'), ('న్న', '|'), ('సౌ', 'U'), ('భా', 'U'), ('గ్య', '|'), ('యో', 'U'), ('గ', '|'), ('ము', '|'), ('నం', 'U'), ('దా', 'U'), ('ర', '|'), ('య', '|'), ('న', 'U'), ('మ్మ', '|'), ('హా', 'U'), ('మ', '|'), ('హు', '|'), ('డు', '|'), ('వే', 'U'), ('డ్కం', 'U'), ('గో', 'U'), ('రి', '|'), ('యా', 'U'), ('రో', 'U'), ('గి', '|'), ('ణం', 'U'), ('బ', '|'), ('మ', '|'), ('రం', 'U'), ('జే', 'U'), ('సి', '|'), ('న', '|'), ('పు', 'U'), ('ణ్య', '|'), ('మె', 'U'), ('ట్లు', '|'), ('గు', '|'), ('ఱి', '|'), ('సే', 'U'), ('య', 'U'), ('న్వ', 'U'), ('చ్చు', '|'), ('స', 'U'), ('ర్వే', 'U'), ('శ్వ', '|'), ('రా', 'U')]",0.9428571428571428,1.0,1.0,0.9642857142857143,0.75,1.0
saardulamu,"ఎచ్చో నీ పదభక్తుఁ డుండు మది నింపెక్కం బ్రయత్నంబుతో
నచ్చో నీ వనిశంబు నుండుదు త్వదీయధ్యానచిన్మూర్తులై
యచ్చో సన్మునులెల్ల నుండుదురు మంత్రాంగాక్షరాయుక్తులై
యచ్చోఁ దీర్థములెల్ల నుండు నిది వేదార్థంబు సర్వేశ్వరా!",vruttamu,Sarveswara,"[('ఎ', 'U'), ('చ్చో', 'U'), ('నీ', 'U'), ('ప', '|'), ('ద', '|'), ('భ', 'U'), ('క్తు', '|'), ('డుం', 'U'), ('డు', '|'), ('మ', '|'), ('ది', '|'), ('నిం', 'U'), ('పె', 'U'), ('క్కం', 'U'), ('బ్ర', '|'), ('య', 'U'), ('త్నం', 'U'), ('బు', '|'), ('తో', 'U'), ('న', 'U'), ('చ్చో', 'U'), ('నీ', 'U'), ('వ', '|'), ('ని', '|'), ('శం', 'U'), ('బు', '|'), ('నుం', 'U'), ('డు', '|'), ('దు', 'U'), ('త్వ', '|'), ('దీ', 'U'), ('య', 'U'), ('ధ్యా', 'U'), ('న', '|'), ('చి', 'U'), ('న్మూ', 'U'), ('ర్తు', '|'), ('లై', 'U'), ('య', 'U'), ('చ్చో', 'U'), ('స', 'U'), ('న్ము', '|'), ('ను', '|'), ('లె', 'U'), ('ల్ల', '|'), ('నుం', 'U'), ('డు', '|'), ('దు', '|'), ('రు', '|'), ('మం', 'U'), ('త్రాం', 'U'), ('గా', 'U'), ('క్ష', '|'), ('రా', 'U'), ('యు', 'U'), ('క్తు', '|'), ('లై', 'U'), ('య', 'U'), ('చ్చో', 'U'), ('దీ', 'U'), ('ర్థ', '|'), ('ము', '|'), ('లె', 'U'), ('ల్ల', '|'), ('నుం', 'U'), ('డు', '|'), ('ని', '|'), ('ది', '|'), ('వే', 'U'), ('దా', 'U'), ('ర్థం', 'U'), ('బు', '|'), ('స', 'U'), ('ర్వే', 'U'), ('శ్వ', '|'), ('రా', 'U')]",0.7928571428571429,1.0,1.0,0.9642857142857143,0.0,1.0
saardulamu,"సత్యం బెప్పుడుఁ దప్పఁడేనియు దురాచారుండు గాఁడేని యౌ-
చిత్యం బేమఱఁడేని దుర్జనుల గోష్ఠిం బొందఁడే భక్తసాం-
గత్యం బాదటఁ బాయఁడేని మదనగ్రస్తుండు గాఁడేని నీ
భృత్యుం డాతఁడు మూఁడులోకములలోఁ బెంపొందు సర్వేశ్వరా!",vruttamu,Sarveswara,"[('స', 'U'), ('త్యం', 'U'), ('బె', 'U'), ('ప్పు', '|'), ('డు', '|'), ('ద', 'U'), ('ప్ప', '|'), ('డే', 'U'), ('ని', '|'), ('యు', '|'), ('దు', '|'), ('రా', 'U'), ('చా', 'U'), ('రుం', 'U'), ('డు', '|'), ('గా', 'U'), ('డే', 'U'), ('ని', '|'), ('యౌ', 'U'), ('చి', 'U'), ('త్యం', 'U'), ('బే', 'U'), ('మ', '|'), ('ఱ', '|'), ('డే', 'U'), ('ని', '|'), ('దు', 'U'), ('ర్జ', '|'), ('ను', '|'), ('ల', '|'), ('గో', 'U'), ('ష్ఠిం', 'U'), ('బొం', 'U'), ('ద', '|'), ('డే', 'U'), ('భ', 'U'), ('క్త', '|'), ('సాం', 'U'), ('గ', 'U'), ('త్యం', 'U'), ('బా', 'U'), ('ద', '|'), ('ట', '|'), ('బా', 'U'), ('య', '|'), ('డే', 'U'), ('ని', '|'), ('మ', '|'), ('ద', '|'), ('న', '|'), ('గ్ర', 'U'), ('స్తుం', 'U'), ('డు', '|'), ('గా', 'U'), ('డే', 'U'), ('ని', '|'), ('నీ', 'U'), ('భృ', 'U'), ('త్యుం', 'U'), ('డా', 'U'), ('త', '|'), ('డు', '|'), ('మూ', 'U'), ('డు', '|'), ('లో', 'U'), ('క', '|'), ('ము', '|'), ('ల', '|'), ('లో', 'U'), ('బెం', 'U'), ('పొం', 'U'), ('దు', '|'), ('స', 'U'), ('ర్వే', 'U'), ('శ్వ', '|'), ('రా', 'U')]",0.9928571428571429,1.0,1.0,0.9642857142857143,1.0,1.0
saardulamu,"పెంపన్ దల్లి యగున్ రుజాపటలదుష్పీడావిధి క్షోభ వా-
రింపన్ వైద్యుఁ డగుం గుమార్గవిధులం గ్రీడింపఁబోకుండ శి-
క్షింపన్ బల్లిదుఁడైన తండ్రి యగుచున్ శ్రీమంతుఁగా నెంతయున్
సంపద్వృద్ధి యొనర్ప దాతయగు నీ సద్భక్తి సర్వేశ్వరా!",vruttamu,Sarveswara,"[('పెం', 'U'), ('ప', 'U'), ('న్ద', 'U'), ('ల్లి', '|'), ('య', '|'), ('గు', '|'), ('న్రు', '|'), ('జా', 'U'), ('ప', '|'), ('ట', '|'), ('ల', '|'), ('దు', 'U'), ('ష్పీ', 'U'), ('డా', 'U'), ('వి', '|'), ('ధి', 'U'), ('క్షో', 'U'), ('భ', '|'), ('వా', 'U'), ('రిం', 'U'), ('ప', 'U'), ('న్వై', 'U'), ('ద్యు', '|'), ('డ', '|'), ('గుం', 'U'), ('గు', '|'), ('మా', 'U'), ('ర్గ', '|'), ('వి', '|'), ('ధు', '|'), ('లం', 'U'), ('గ్రీ', 'U'), ('డిం', 'U'), ('ప', '|'), ('బో', 'U'), ('కుం', 'U'), ('డ', '|'), ('శి', 'U'), ('క్షిం', 'U'), ('ప', 'U'), ('న్బ', 'U'), ('ల్లి', '|'), ('దు', '|'), ('డై', 'U'), ('న', '|'), ('తం', 'U'), ('డ్రి', '|'), ('య', '|'), ('గు', '|'), ('చు', 'U'), ('న్శ్రీ', 'U'), ('మం', 'U'), ('తు', '|'), ('గా', 'U'), ('నెం', 'U'), ('త', '|'), ('యున్', 'U'), ('సం', 'U'), ('ప', 'U'), ('ద్వృ', 'U'), ('ద్ధి', '|'), ('యొ', '|'), ('న', 'U'), ('ర్ప', '|'), ('దా', 'U'), ('త', '|'), ('య', '|'), ('గు', '|'), ('నీ', 'U'), ('స', 'U'), ('ద్భ', 'U'), ('క్తి', '|'), ('స', 'U'), ('ర్వే', 'U'), ('శ్వ', '|'), ('రా', 'U')]",0.9928571428571429,1.0,1.0,0.9642857142857143,1.0,1.0
mattebhamu,"ఉరుసంసారగజేంద్రదర్పదళన వ్యూఢప్రతాపోగ్రకే-
సరి దుష్ప్రాపశరీధబంధవిపులక్ష్మాజవ్రజచ్ఛేదవి-
స్ఫురితక్రూర కుఠారధార దురితప్రోద్భూతజీమూతదు-
స్తరసంఘాతవిఘాత మారుతము నీ సద్భక్తి సర్వేశ్వరా!",vruttamu,Sarveswara,"[('ఉ', '|'), ('రు', '|'), ('సం', 'U'), ('సా', 'U'), ('ర', '|'), ('గ', '|'), ('జేం', 'U'), ('ద్ర', '|'), ('ద', 'U'), ('ర్ప', '|'), ('ద', '|'), ('ళ', '|'), ('న', 'U'), ('వ్యూ', 'U'), ('ఢ', '|'), ('ప్ర', '|'), ('తా', 'U'), ('పో', 'U'), ('గ్ర', '|'), ('కే', 'U'), ('స', '|'), ('రి', '|'), ('దు', 'U'), ('ష్ప్రా', 'U'), ('ప', '|'), ('శ', '|'), ('రీ', 'U'), ('ధ', '|'), ('బం', 'U'), ('ధ', '|'), ('వి', '|'), ('పు', '|'), ('ల', 'U'), ('క్ష్మా', 'U'), ('జ', '|'), ('వ్ర', '|'), ('జ', 'U'), ('చ్ఛే', 'U'), ('ద', '|'), ('వి', 'U'), ('స్ఫు', '|'), ('రి', '|'), ('త', '|'), ('క్రూ', 'U'), ('ర', '|'), ('కు', '|'), ('ఠా', 'U'), ('ర', '|'), ('ధా', 'U'), ('ర', '|'), ('దు', '|'), ('రి', '|'), ('త', '|'), ('ప్రో', 'U'), ('ద్భూ', 'U'), ('త', '|'), ('జీ', 'U'), ('మూ', 'U'), ('త', '|'), ('దు', 'U'), ('స్త', '|'), ('ర', '|'), ('సం', 'U'), ('ఘా', 'U'), ('త', '|'), ('వి', '|'), ('ఘా', 'U'), ('త', '|'), ('మా', 'U'), ('రు', '|'), ('త', '|'), ('ము', '|'), ('నీ', 'U'), ('స', 'U'), ('ద్భ', 'U'), ('క్తి', '|'), ('స', 'U'), ('ర్వే', 'U'), ('శ్వ', '|'), ('రా', 'U')]",0.9214285714285715,1.0,1.0,0.8571428571428571,0.75,1.0
mattebhamu,"అరివీరప్రకరంబు భీకరతరంబై తాఁకుచో సింహసిం-
ధురశార్దూలమృగోరగాది భయము ల్దోతెంచుచో ఘోరదు-
స్తరసంసారవికారవేదనలు మీఁదం బర్వుచో వజ్రపం-
జరమై చేకొని తన్ను నెత్తుకొను నీ సద్భక్తి సర్వేశ్వరా!",vruttamu,Sarveswara,"[('అ', '|'), ('రి', '|'), ('వీ', 'U'), ('ర', '|'), ('ప్ర', '|'), ('క', '|'), ('రం', 'U'), ('బు', '|'), ('భీ', 'U'), ('క', '|'), ('ర', '|'), ('త', '|'), ('రం', 'U'), ('బై', 'U'), ('తా', 'U'), ('కు', '|'), ('చో', 'U'), ('సిం', 'U'), ('హ', '|'), ('సిం', 'U'), ('ధు', '|'), ('ర', '|'), ('శా', 'U'), ('ర్దూ', 'U'), ('ల', '|'), ('మృ', '|'), ('గో', 'U'), ('ర', '|'), ('గా', 'U'), ('ది', '|'), ('భ', '|'), ('య', '|'), ('ము', 'U'), ('ల్దో', 'U'), ('తెం', 'U'), ('చు', '|'), ('చో', 'U'), ('ఘో', 'U'), ('ర', '|'), ('దు', 'U'), ('స్త', '|'), ('ర', '|'), ('సం', 'U'), ('సా', 'U'), ('ర', '|'), ('వి', '|'), ('కా', 'U'), ('ర', '|'), ('వే', 'U'), ('ద', '|'), ('న', '|'), ('లు', '|'), ('మీ', 'U'), ('దం', 'U'), ('బ', 'U'), ('ర్వు', '|'), ('చో', 'U'), ('వ', '|'), ('జ్ర', '|'), ('పం', 'U'), ('జ', '|'), ('ర', '|'), ('మై', 'U'), ('చే', 'U'), ('కొ', '|'), ('ని', '|'), ('త', 'U'), ('న్ను', '|'), ('నె', 'U'), ('త్తు', '|'), ('కొ', '|'), ('ను', '|'), ('నీ', 'U'), ('స', 'U'), ('ద్భ', 'U'), ('క్తి', '|'), ('స', 'U'), ('ర్వే', 'U'), ('శ్వ', '|'), ('రా', 'U')]",0.9357142857142857,1.0,1.0,0.9285714285714286,0.75,1.0
mattebhamu,"కమలాప్తుం డుదయింపఁగా ననలనక్షత్రక్షపాధీశతే-
జములెల్లం బెడఁబాసిపోవు గతి నీ సద్భక్తిభావంబు చి-
త్తములోనం బ్రభవింపఁగా నితరమంత్రధ్యాన తద్దేవతా-
క్రమమాయాపటలంబు లన్నియును వీఁకం గ్రాఁగు సర్వేశ్వరా!",vruttamu,Sarveswara,"[('క', '|'), ('మ', '|'), ('లా', 'U'), ('ప్తుం', 'U'), ('డు', '|'), ('ద', '|'), ('యిం', 'U'), ('ప', '|'), ('గా', 'U'), ('న', '|'), ('న', '|'), ('ల', '|'), ('న', 'U'), ('క్ష', '|'), ('త్ర', 'U'), ('క్ష', '|'), ('పా', 'U'), ('ధీ', 'U'), ('శ', '|'), ('తే', 'U'), ('జ', '|'), ('ము', '|'), ('లె', 'U'), ('ల్లం', 'U'), ('బె', '|'), ('డ', '|'), ('బా', 'U'), ('సి', '|'), ('పో', 'U'), ('వు', '|'), ('గ', '|'), ('తి', '|'), ('నీ', 'U'), ('స', 'U'), ('ద్భ', 'U'), ('క్తి', '|'), ('భా', 'U'), ('వం', 'U'), ('బు', '|'), ('చి', 'U'), ('త్త', '|'), ('ము', '|'), ('లో', 'U'), ('నం', 'U'), ('బ్ర', '|'), ('భ', '|'), ('విం', 'U'), ('ప', '|'), ('గా', 'U'), ('ని', '|'), ('త', '|'), ('ర', '|'), ('మం', 'U'), ('త్ర', 'U'), ('ధ్యా', 'U'), ('న', '|'), ('త', 'U'), ('ద్దే', 'U'), ('వ', '|'), ('తా', 'U'), ('క్ర', '|'), ('మ', '|'), ('మా', 'U'), ('యా', 'U'), ('ప', '|'), ('ట', '|'), ('లం', 'U'), ('బు', '|'), ('ల', 'U'), ('న్ని', '|'), ('యు', '|'), ('ను', '|'), ('వీ', 'U'), ('కం', 'U'), ('గ్రా', 'U'), ('గు', '|'), ('స', 'U'), ('ర్వే', 'U'), ('శ్వ', '|'), ('రా', 'U')]",0.9928571428571429,1.0,1.0,0.9642857142857143,1.0,1.0
mattebhamu,"చటులప్రాయగుణేంద్రియాత్ములకు వాంఛావృత్తి నీ భక్తి సం-
స్ఫుటమై యుండదు భక్తితత్పరులకుం బొల్పొందఁగాఁ జిత్త ము-
త్కటదుష్టేంద్రియవర్గతామసపరిగ్రస్తంబు గాదెట్లు చీ-
కటికిం దిగ్మమరీచికిం గలదె సాంగత్యంబు సర్వేశ్వరా!",vruttamu,Sarveswara,"[('చ', '|'), ('టు', '|'), ('ల', '|'), ('ప్రా', 'U'), ('య', '|'), ('గు', '|'), ('ణేం', 'U'), ('ద్రి', '|'), ('యా', 'U'), ('త్ము', '|'), ('ల', '|'), ('కు', '|'), ('వాం', 'U'), ('ఛా', 'U'), ('వృ', 'U'), ('త్తి', '|'), ('నీ', 'U'), ('భ', 'U'), ('క్తి', '|'), ('సం', 'U'), ('స్ఫు', '|'), ('ట', '|'), ('మై', 'U'), ('యుం', 'U'), ('డ', '|'), ('దు', '|'), ('భ', 'U'), ('క్తి', '|'), ('త', 'U'), ('త్ప', '|'), ('రు', '|'), ('ల', '|'), ('కుం', 'U'), ('బొ', 'U'), ('ల్పొం', 'U'), ('ద', '|'), ('గా', 'U'), ('జి', 'U'), ('త్త', '|'), ('ము', 'U'), ('త్క', '|'), ('ట', '|'), ('దు', 'U'), ('ష్టేం', 'U'), ('ద్రి', '|'), ('య', '|'), ('వ', 'U'), ('ర్గ', '|'), ('తా', 'U'), ('మ', '|'), ('స', '|'), ('ప', '|'), ('రి', '|'), ('గ్ర', 'U'), ('స్తం', 'U'), ('బు', '|'), ('గా', 'U'), ('దె', 'U'), ('ట్లు', '|'), ('చీ', 'U'), ('క', '|'), ('టి', '|'), ('కిం', 'U'), ('ది', 'U'), ('గ్మ', '|'), ('మ', '|'), ('రీ', 'U'), ('చి', '|'), ('కిం', 'U'), ('గ', '|'), ('ల', '|'), ('దె', '|'), ('సాం', 'U'), ('గ', 'U'), ('త్యం', 'U'), ('బు', '|'), ('స', 'U'), ('ర్వే', 'U'), ('శ్వ', '|'), ('రా', 'U')]",0.9857142857142858,1.0,1.0,0.9285714285714286,1.0,1.0
mattebhamu,"బలవంతుండును దుర్బలుండును మహాప్రౌఢుండు మూఢుండునుం
గులజుండుం గులహీనజాతుఁడు ఘనక్రూరుండు శాంతాతిని-
శ్చలచిత్తుండును నొక్కరూప మది నీ సద్భక్తి చిత్తంబులో-
పల వర్ధిల్లిన మీఁద నేవిధమునన్ భావింప సర్వేశ్వరా!",vruttamu,Sarveswara,"[('బ', '|'), ('ల', '|'), ('వం', 'U'), ('తుం', 'U'), ('డు', '|'), ('ను', '|'), ('దు', 'U'), ('ర్బ', '|'), ('లుం', 'U'), ('డు', '|'), ('ను', '|'), ('మ', '|'), ('హా', 'U'), ('ప్రౌ', 'U'), ('ఢుం', 'U'), ('డు', '|'), ('మూ', 'U'), ('ఢుం', 'U'), ('డు', '|'), ('నుం', 'U'), ('గు', '|'), ('ల', '|'), ('జుం', 'U'), ('డుం', 'U'), ('గు', '|'), ('ల', '|'), ('హీ', 'U'), ('న', '|'), ('జా', 'U'), ('తు', '|'), ('డు', '|'), ('ఘ', '|'), ('న', '|'), ('క్రూ', 'U'), ('రుం', 'U'), ('డు', '|'), ('శాం', 'U'), ('తా', 'U'), ('తి', '|'), ('ని', 'U'), ('శ్చ', '|'), ('ల', '|'), ('చి', 'U'), ('త్తుం', 'U'), ('డు', '|'), ('ను', '|'), ('నొ', 'U'), ('క్క', '|'), ('రూ', 'U'), ('ప', '|'), ('మ', '|'), ('ది', '|'), ('నీ', 'U'), ('స', 'U'), ('ద్భ', 'U'), ('క్తి', '|'), ('చి', 'U'), ('త్తం', 'U'), ('బు', '|'), ('లో', 'U'), ('ప', '|'), ('ల', '|'), ('వ', 'U'), ('ర్ధి', 'U'), ('ల్లి', '|'), ('న', '|'), ('మీ', 'U'), ('ద', '|'), ('నే', 'U'), ('వి', '|'), ('ధ', '|'), ('ము', '|'), ('న', 'U'), ('న్భా', 'U'), ('విం', 'U'), ('ప', '|'), ('స', 'U'), ('ర్వే', 'U'), ('శ్వ', '|'), ('రా', 'U')]",0.9928571428571429,1.0,1.0,0.9642857142857143,1.0,1.0
saardulamu,"కామోద్రేకవిజృంభణంబును సమగ్రక్రోధమున్ లోభమున్
వ్యామోహంబు మదంబు మచ్చరము దీవ్రంబైన పంచేంద్రియో-
ద్దామాటోపము గ్రాఁచి పెంపెసఁగు తత్త్వజ్ఞానికిం గాక తా
సామాన్యాత్ముల కేల నూలుకొను నీ సద్భక్తి సర్వేశ్వరా!",vruttamu,Sarveswara,"[('కా', 'U'), ('మో', 'U'), ('ద్రే', 'U'), ('క', '|'), ('వి', '|'), ('జృం', 'U'), ('భ', '|'), ('ణం', 'U'), ('బు', '|'), ('ను', '|'), ('స', '|'), ('మ', '|'), ('గ్ర', '|'), ('క్రో', 'U'), ('ధ', '|'), ('ము', 'U'), ('న్లో', 'U'), ('భ', '|'), ('మున్', 'U'), ('వ్యా', 'U'), ('మో', 'U'), ('హం', 'U'), ('బు', '|'), ('మ', '|'), ('దం', 'U'), ('బు', '|'), ('మ', 'U'), ('చ్చ', '|'), ('ర', '|'), ('ము', '|'), ('దీ', 'U'), ('వ్రం', 'U'), ('బై', 'U'), ('న', '|'), ('పం', 'U'), ('చేం', 'U'), ('ద్రి', '|'), ('యో', 'U'), ('ద్దా', 'U'), ('మా', 'U'), ('టో', 'U'), ('ప', '|'), ('ము', '|'), ('గ్రా', 'U'), ('చి', '|'), ('పెం', 'U'), ('పె', '|'), ('స', '|'), ('గు', '|'), ('త', 'U'), ('త్త్వ', 'U'), ('జ్ఞా', 'U'), ('ని', '|'), ('కిం', 'U'), ('గా', 'U'), ('క', '|'), ('తా', 'U'), ('సా', 'U'), ('మా', 'U'), ('న్యా', 'U'), ('త్ము', '|'), ('ల', '|'), ('కే', 'U'), ('ల', '|'), ('నూ', 'U'), ('లు', '|'), ('కొ', '|'), ('ను', '|'), ('నీ', 'U'), ('స', 'U'), ('ద్భ', 'U'), ('క్తి', '|'), ('స', 'U'), ('ర్వే', 'U'), ('శ్వ', '|'), ('రా', 'U')]",0.9857142857142858,1.0,1.0,0.9285714285714286,1.0,1.0
mattebhamu,"ఉరుపక్షంబులు వచ్చునంతకు నిరుద్యోగంబున న్వృక్షకో-
టరమధ్యంబుననుండు పక్షిగతి నిష్ఠం గోరి నీ భక్తి వి-
స్తర మాత్మం బ్రభవించు నంతకును నీ సంసారకారాగృహాం-
తరగేహంబున నుండి జీవుఁ డతివంతన్ బొందు సర్వేశ్వరా!",vruttamu,Sarveswara,"[('ఉ', '|'), ('రు', '|'), ('ప', 'U'), ('క్షం', 'U'), ('బు', '|'), ('లు', '|'), ('వ', 'U'), ('చ్చు', '|'), ('నం', 'U'), ('త', '|'), ('కు', '|'), ('ని', '|'), ('రు', 'U'), ('ద్యో', 'U'), ('గం', 'U'), ('బు', '|'), ('న', 'U'), ('న్వృ', 'U'), ('క్ష', '|'), ('కో', 'U'), ('ట', '|'), ('ర', '|'), ('మ', 'U'), ('ధ్యం', 'U'), ('బు', '|'), ('న', '|'), ('నుం', 'U'), ('డు', '|'), ('ప', 'U'), ('క్షి', '|'), ('గ', '|'), ('తి', '|'), ('ని', 'U'), ('ష్ఠం', 'U'), ('గో', 'U'), ('రి', '|'), ('నీ', 'U'), ('భ', 'U'), ('క్తి', '|'), ('వి', 'U'), ('స్త', '|'), ('ర', '|'), ('మా', 'U'), ('త్మం', 'U'), ('బ్ర', '|'), ('భ', '|'), ('విం', 'U'), ('చు', '|'), ('నం', 'U'), ('త', '|'), ('కు', '|'), ('ను', '|'), ('నీ', 'U'), ('సం', 'U'), ('సా', 'U'), ('ర', '|'), ('కా', 'U'), ('రా', 'U'), ('గృ', '|'), ('హాం', 'U'), ('త', '|'), ('ర', '|'), ('గే', 'U'), ('హం', 'U'), ('బు', '|'), ('న', '|'), ('నుం', 'U'), ('డి', '|'), ('జీ', 'U'), ('వు', '|'), ('డ', '|'), ('తి', '|'), ('వం', 'U'), ('త', 'U'), ('న్బొం', 'U'), ('దు', '|'), ('స', 'U'), ('ర్వే', 'U'), ('శ్వ', '|'), ('రా', 'U')]",0.95,1.0,1.0,1.0,0.75,1.0
saardulamu,"లింగారాధన జంగమార్చనము లోలిన్ భక్తి కంగంబు ప్రా-
ణాంగవ్యాప్తియునై స్ఫురించు నిది తత్త్వార్థంబగుం గాన నా
యంగాభ్యర్చన జంగమాహితకరుండై చేసినం దా శవ-
శృంగారంబగు వాని భక్తి మదిఁ జర్చింపంగ సర్వేశ్వరా!",vruttamu,Sarveswara,"[('లిం', 'U'), ('గా', 'U'), ('రా', 'U'), ('ధ', '|'), ('న', '|'), ('జం', 'U'), ('గ', '|'), ('మా', 'U'), ('ర్చ', '|'), ('న', '|'), ('ము', '|'), ('లో', 'U'), ('లి', 'U'), ('న్భ', 'U'), ('క్తి', '|'), ('కం', 'U'), ('గం', 'U'), ('బు', '|'), ('ప్రా', 'U'), ('ణాం', 'U'), ('గ', 'U'), ('వ్యా', 'U'), ('ప్తి', '|'), ('యు', '|'), ('నై', 'U'), ('స్ఫు', '|'), ('రిం', 'U'), ('చు', '|'), ('ని', '|'), ('ది', '|'), ('త', 'U'), ('త్త్వా', 'U'), ('ర్థం', 'U'), ('బ', '|'), ('గుం', 'U'), ('గా', 'U'), ('న', '|'), ('నా', 'U'), ('యం', 'U'), ('గా', 'U'), ('భ్య', 'U'), ('ర్చ', '|'), ('న', '|'), ('జం', 'U'), ('గ', '|'), ('మా', 'U'), ('హి', '|'), ('త', '|'), ('క', '|'), ('రుం', 'U'), ('డై', 'U'), ('చే', 'U'), ('సి', '|'), ('నం', 'U'), ('దా', 'U'), ('శ', '|'), ('వ', '|'), ('శృం', 'U'), ('గా', 'U'), ('రం', 'U'), ('బ', '|'), ('గు', '|'), ('వా', 'U'), ('ని', '|'), ('భ', 'U'), ('క్తి', '|'), ('మ', '|'), ('ది', '|'), ('జ', 'U'), ('ర్చిం', 'U'), ('పం', 'U'), ('గ', '|'), ('స', 'U'), ('ర్వే', 'U'), ('శ్వ', '|'), ('రా', 'U')]",0.8928571428571429,1.0,1.0,0.9642857142857143,0.5,1.0
mattebhamu,"అరయన్ గర్మవిధావధానవిధివద్ధ్యానోత్తమజ్ఞానముల్
వరుసన్ బేర్కొన నాల్గుయోగములు తత్త్వంబెందు నీ భక్తి వి-
స్తరబాహ్యక్రియలెల్లఁ బొల్లులగుటం దద్భక్తియోగంబు తాఁ
బరగం దక్కిన మూఁడుయోగములకుం బ్రాణంబు సర్వేశ్వరా!",vruttamu,Sarveswara,"[('అ', '|'), ('ర', '|'), ('య', 'U'), ('న్గ', 'U'), ('ర్మ', '|'), ('వి', '|'), ('ధా', 'U'), ('వ', '|'), ('ధా', 'U'), ('న', '|'), ('వి', '|'), ('ధి', '|'), ('వ', 'U'), ('ద్ధ్యా', 'U'), ('నో', 'U'), ('త్త', '|'), ('మ', 'U'), ('జ్ఞా', 'U'), ('న', '|'), ('ముల్', 'U'), ('వ', '|'), ('రు', '|'), ('స', 'U'), ('న్బే', 'U'), ('ర్కొ', '|'), ('న', '|'), ('నా', 'U'), ('ల్గు', '|'), ('యో', 'U'), ('గ', '|'), ('ము', '|'), ('లు', '|'), ('త', 'U'), ('త్త్వం', 'U'), ('బెం', 'U'), ('దు', '|'), ('నీ', 'U'), ('భ', 'U'), ('క్తి', '|'), ('వి', 'U'), ('స్త', '|'), ('ర', '|'), ('బా', 'U'), ('హ్య', '|'), ('క్రి', '|'), ('య', '|'), ('లె', 'U'), ('ల్ల', '|'), ('బొ', 'U'), ('ల్లు', '|'), ('ల', '|'), ('గు', '|'), ('టం', 'U'), ('ద', 'U'), ('ద్భ', 'U'), ('క్తి', '|'), ('యో', 'U'), ('గం', 'U'), ('బు', '|'), ('తా', 'U'), ('బ', '|'), ('ర', '|'), ('గం', 'U'), ('ద', 'U'), ('క్కి', '|'), ('న', '|'), ('మూ', 'U'), ('డు', '|'), ('యో', 'U'), ('గ', '|'), ('ము', '|'), ('ల', '|'), ('కుం', 'U'), ('బ్రా', 'U'), ('ణం', 'U'), ('బు', '|'), ('స', 'U'), ('ర్వే', 'U'), ('శ్వ', '|'), ('రా', 'U')]",0.9928571428571429,1.0,1.0,0.9642857142857143,1.0,1.0
mattebhamu,"అమరంగా ధనమిచ్చి కాతురు మహీయఃప్రీతిఁ బ్రాణంబుఁ బ్రా-
ణము నర్థంబును నిచ్చి కాతు రభిమానంబు న్విశేషించి మా-
నము బ్రాణంబు ధనంబునిచ్చి కడుసన్మానంబుగా నుత్తమో-
త్తమచారిత్రులు భక్తిఁ గాతురు ప్రమోదంబంది సర్వేశ్వరా!",vruttamu,Sarveswara,"[('అ', '|'), ('మ', '|'), ('రం', 'U'), ('గా', 'U'), ('ధ', '|'), ('న', '|'), ('మి', 'U'), ('చ్చి', '|'), ('కా', 'U'), ('తు', '|'), ('రు', '|'), ('మ', '|'), ('హీ', 'U'), ('యః', 'U'), ('ప్రీ', 'U'), ('తి', '|'), ('బ్రా', 'U'), ('ణం', 'U'), ('బు', '|'), ('బ్రా', 'U'), ('ణ', '|'), ('ము', '|'), ('న', 'U'), ('ర్థం', 'U'), ('బు', '|'), ('ను', '|'), ('ని', 'U'), ('చ్చి', '|'), ('కా', 'U'), ('తు', '|'), ('ర', '|'), ('భి', '|'), ('మా', 'U'), ('నం', 'U'), ('బు', 'U'), ('న్వి', '|'), ('శే', 'U'), ('షిం', 'U'), ('చి', '|'), ('మా', 'U'), ('న', '|'), ('ము', '|'), ('బ్రా', 'U'), ('ణం', 'U'), ('బు', '|'), ('ధ', '|'), ('నం', 'U'), ('బు', '|'), ('ని', 'U'), ('చ్చి', '|'), ('క', '|'), ('డు', '|'), ('స', 'U'), ('న్మా', 'U'), ('నం', 'U'), ('బు', '|'), ('గా', 'U'), ('ను', 'U'), ('త్త', '|'), ('మో', 'U'), ('త్త', '|'), ('మ', '|'), ('చా', 'U'), ('రి', '|'), ('త్రు', '|'), ('లు', '|'), ('భ', 'U'), ('క్తి', '|'), ('గా', 'U'), ('తు', '|'), ('రు', '|'), ('ప్ర', '|'), ('మో', 'U'), ('దం', 'U'), ('బం', 'U'), ('ది', '|'), ('స', 'U'), ('ర్వే', 'U'), ('శ్వ', '|'), ('రా', 'U')]",0.9928571428571429,1.0,1.0,0.9642857142857143,1.0,1.0
mattebhamu,"అనుబంధేంద్రియభూతవర్గము యమాద్యష్టాంగమంత్రోరుసా-
ధన నుచ్చాటన సేసి పాపి గురుసద్వాక్యప్రకాశోత్తమాం-
జనదృష్టిం బరికించి యేర్పఱిచి వాంఛం గోరి సాధించి చే-
కొను చిన్మూర్తికి గాని భక్తివిధి గీల్కోదెందు సర్వేశ్వరా!",vruttamu,Sarveswara,"[('అ', '|'), ('ను', '|'), ('బం', 'U'), ('ధేం', 'U'), ('ద్రి', '|'), ('య', '|'), ('భూ', 'U'), ('త', '|'), ('వ', 'U'), ('ర్గ', '|'), ('ము', '|'), ('య', '|'), ('మా', 'U'), ('ద్య', 'U'), ('ష్టాం', 'U'), ('గ', '|'), ('మం', 'U'), ('త్రో', 'U'), ('రు', '|'), ('సా', 'U'), ('ధ', '|'), ('న', '|'), ('ను', 'U'), ('చ్చా', 'U'), ('ట', '|'), ('న', '|'), ('సే', 'U'), ('సి', '|'), ('పా', 'U'), ('పి', '|'), ('గు', '|'), ('రు', '|'), ('స', 'U'), ('ద్వా', 'U'), ('క్య', '|'), ('ప్ర', '|'), ('కా', 'U'), ('శో', 'U'), ('త్త', '|'), ('మాం', 'U'), ('జ', '|'), ('న', '|'), ('దృ', 'U'), ('ష్టిం', 'U'), ('బ', '|'), ('రి', '|'), ('కిం', 'U'), ('చి', '|'), ('యే', 'U'), ('ర్ప', '|'), ('ఱి', '|'), ('చి', '|'), ('వాం', 'U'), ('ఛం', 'U'), ('గో', 'U'), ('రి', '|'), ('సా', 'U'), ('ధిం', 'U'), ('చి', '|'), ('చే', 'U'), ('కొ', '|'), ('ను', '|'), ('చి', 'U'), ('న్మూ', 'U'), ('ర్తి', '|'), ('కి', '|'), ('గా', 'U'), ('ని', '|'), ('భ', 'U'), ('క్తి', '|'), ('వి', '|'), ('ధి', '|'), ('గీ', 'U'), ('ల్కో', 'U'), ('దెం', 'U'), ('దు', '|'), ('స', 'U'), ('ర్వే', 'U'), ('శ్వ', '|'), ('రా', 'U')]",0.9928571428571429,1.0,1.0,0.9642857142857143,1.0,1.0
mattebhamu,"కనకంబందు ఘనీభవించిన కళంకంబెల్ల సువ్యక్తిగా
ననలాస్యంబునఁ దెఁగిపోవు గతి జీవాత్మం బ్రవేశించి చే-
కొని వర్తించిన దుర్మలత్రయపరిక్షోభంబు నీ భక్తిచే-
తను బాపంబడుఁ గాని యొండొకటి చేతం బోదు సర్వేశ్వరా!",vruttamu,Sarveswara,"[('క', '|'), ('న', '|'), ('కం', 'U'), ('బం', 'U'), ('దు', '|'), ('ఘ', '|'), ('నీ', 'U'), ('భ', '|'), ('విం', 'U'), ('చి', '|'), ('న', '|'), ('క', '|'), ('ళం', 'U'), ('కం', 'U'), ('బె', 'U'), ('ల్ల', '|'), ('సు', 'U'), ('వ్య', 'U'), ('క్తి', '|'), ('గా', 'U'), ('న', '|'), ('న', '|'), ('లా', 'U'), ('స్యం', 'U'), ('బు', '|'), ('న', '|'), ('దె', '|'), ('గి', '|'), ('పో', 'U'), ('వు', '|'), ('గ', '|'), ('తి', '|'), ('జీ', 'U'), ('వా', 'U'), ('త్మం', 'U'), ('బ్ర', '|'), ('వే', 'U'), ('శిం', 'U'), ('చి', '|'), ('చే', 'U'), ('కొ', '|'), ('ని', '|'), ('వ', 'U'), ('ర్తిం', 'U'), ('చి', '|'), ('న', '|'), ('దు', 'U'), ('ర్మ', '|'), ('ల', '|'), ('త్ర', '|'), ('య', '|'), ('ప', '|'), ('రి', 'U'), ('క్షో', 'U'), ('భం', 'U'), ('బు', '|'), ('నీ', 'U'), ('భ', 'U'), ('క్తి', '|'), ('చే', 'U'), ('త', '|'), ('ను', '|'), ('బా', 'U'), ('పం', 'U'), ('బ', '|'), ('డు', '|'), ('గా', 'U'), ('ని', '|'), ('యొం', 'U'), ('డొ', '|'), ('క', '|'), ('టి', '|'), ('చే', 'U'), ('తం', 'U'), ('బో', 'U'), ('దు', '|'), ('స', 'U'), ('ర్వే', 'U'), ('శ్వ', '|'), ('రా', 'U')]",0.9357142857142857,1.0,1.0,0.9285714285714286,0.75,1.0
mattebhamu,"అమరంగా గురుమంత్రకార్ముకమునం దాత్మాస్త్రమష్టాంగయో-
గమహాముష్టి వివేకి యేయుటయుఁ దత్కాండం బజాండాది త-
త్త్వములెల్ల న్వడి నుచ్చిపాఱి భవదుద్యత్సూక్ష్మకైవల్యల-
క్ష్యమునం దద్భుతశక్తితోడఁ గమియంగా నాఁటు సర్వేశ్వరా!",vruttamu,Sarveswara,"[('అ', '|'), ('మ', '|'), ('రం', 'U'), ('గా', 'U'), ('గు', '|'), ('రు', '|'), ('మం', 'U'), ('త్ర', '|'), ('కా', 'U'), ('ర్ము', '|'), ('క', '|'), ('ము', '|'), ('నం', 'U'), ('దా', 'U'), ('త్మా', 'U'), ('స్త్ర', '|'), ('మ', 'U'), ('ష్టాం', 'U'), ('గ', '|'), ('యో', 'U'), ('గ', '|'), ('మ', '|'), ('హా', 'U'), ('ము', 'U'), ('ష్టి', '|'), ('వి', '|'), ('వే', 'U'), ('కి', '|'), ('యే', 'U'), ('యు', '|'), ('ట', '|'), ('యు', '|'), ('ద', 'U'), ('త్కాం', 'U'), ('డం', 'U'), ('బ', '|'), ('జాం', 'U'), ('డా', 'U'), ('ది', '|'), ('త', 'U'), ('త్త్వ', '|'), ('ము', '|'), ('లె', 'U'), ('ల్ల', 'U'), ('న్వ', '|'), ('డి', '|'), ('ను', 'U'), ('చ్చి', '|'), ('పా', 'U'), ('ఱి', '|'), ('భ', '|'), ('వ', '|'), ('దు', 'U'), ('ద్య', 'U'), ('త్సూ', 'U'), ('క్ష్మ', '|'), ('కై', 'U'), ('వ', 'U'), ('ల్య', '|'), ('ల', 'U'), ('క్ష్య', '|'), ('ము', '|'), ('నం', 'U'), ('ద', 'U'), ('ద్భు', '|'), ('త', '|'), ('శ', 'U'), ('క్తి', '|'), ('తో', 'U'), ('డ', '|'), ('గ', '|'), ('మి', '|'), ('యం', 'U'), ('గా', 'U'), ('నా', 'U'), ('టు', '|'), ('స', 'U'), ('ర్వే', 'U'), ('శ్వ', '|'), ('రా', 'U')]",0.95,1.0,1.0,1.0,0.75,1.0
mattebhamu,"తనరం గాయవహిత్రమందు హృదయస్తంభాభిసంస్థానమై
చను నీ ధ్యానపటంబు నూల్కొలిపి భాస్వద్భక్తివాతాహతి-
న్వినుతజ్ఞానపథంబు చేకొని సముద్వేగంబుమై జీవుఁ డీ
ఘనసంసారమహార్ణవంబుఁ గడుపంగాఁ బాఱు సర్వేశ్వరా!",vruttamu,Sarveswara,"[('త', '|'), ('న', '|'), ('రం', 'U'), ('గా', 'U'), ('య', '|'), ('వ', '|'), ('హి', '|'), ('త్ర', '|'), ('మం', 'U'), ('దు', '|'), ('హృ', '|'), ('ద', '|'), ('య', 'U'), ('స్తం', 'U'), ('భా', 'U'), ('భి', '|'), ('సం', 'U'), ('స్థా', 'U'), ('న', '|'), ('మై', 'U'), ('చ', '|'), ('ను', '|'), ('నీ', 'U'), ('ధ్యా', 'U'), ('న', '|'), ('ప', '|'), ('టం', 'U'), ('బు', '|'), ('నూ', 'U'), ('ల్కొ', '|'), ('లి', '|'), ('పి', '|'), ('భా', 'U'), ('స్వ', 'U'), ('ద్భ', 'U'), ('క్తి', '|'), ('వా', 'U'), ('తా', 'U'), ('హ', '|'), ('తి', 'U'), ('న్వి', '|'), ('ను', '|'), ('త', 'U'), ('జ్ఞా', 'U'), ('న', '|'), ('ప', '|'), ('థం', 'U'), ('బు', '|'), ('చే', 'U'), ('కొ', '|'), ('ని', '|'), ('స', '|'), ('ము', 'U'), ('ద్వే', 'U'), ('గం', 'U'), ('బు', '|'), ('మై', 'U'), ('జీ', 'U'), ('వు', '|'), ('డీ', 'U'), ('ఘ', '|'), ('న', '|'), ('సం', 'U'), ('సా', 'U'), ('ర', '|'), ('మ', '|'), ('హా', 'U'), ('ర్ణ', '|'), ('వం', 'U'), ('బు', '|'), ('గ', '|'), ('డు', '|'), ('పం', 'U'), ('గా', 'U'), ('బా', 'U'), ('ఱు', '|'), ('స', 'U'), ('ర్వే', 'U'), ('శ్వ', '|'), ('రా', 'U')]",0.9928571428571429,1.0,1.0,0.9642857142857143,1.0,1.0
mattebhamu,"అకలంకస్థిరభక్తి మున్సొగయ నిన్నశ్రాంతముం జూచి పా-
యక పూజించు మహామహుండు భవదభ్యర్చ్యుం డగుంగాక దా
సకలేచ్ఛావిషయంబులం బొగయుచుం జాపల్యతం జేయు నా
బకవేషార్చనలేల నిన్ను సొగయింపం జాలు సర్వేశ్వరా!",vruttamu,Sarveswara,"[('అ', '|'), ('క', '|'), ('లం', 'U'), ('క', 'U'), ('స్థి', '|'), ('ర', '|'), ('భ', 'U'), ('క్తి', '|'), ('ము', 'U'), ('న్సొ', '|'), ('గ', '|'), ('య', '|'), ('ని', 'U'), ('న్న', '|'), ('శ్రాం', 'U'), ('త', '|'), ('ముం', 'U'), ('జూ', 'U'), ('చి', '|'), ('పా', 'U'), ('య', '|'), ('క', '|'), ('పూ', 'U'), ('జిం', 'U'), ('చు', '|'), ('మ', '|'), ('హా', 'U'), ('మ', '|'), ('హుం', 'U'), ('డు', '|'), ('భ', '|'), ('వ', '|'), ('ద', 'U'), ('భ్య', 'U'), ('ర్చ్యుం', 'U'), ('డ', '|'), ('గుం', 'U'), ('గా', 'U'), ('క', '|'), ('దా', 'U'), ('స', '|'), ('క', '|'), ('లే', 'U'), ('చ్ఛా', 'U'), ('వి', '|'), ('ష', '|'), ('యం', 'U'), ('బు', '|'), ('లం', 'U'), ('బొ', '|'), ('గ', '|'), ('యు', '|'), ('చుం', 'U'), ('జా', 'U'), ('ప', 'U'), ('ల్య', '|'), ('తం', 'U'), ('జే', 'U'), ('యు', '|'), ('నా', 'U'), ('బ', '|'), ('క', '|'), ('వే', 'U'), ('షా', 'U'), ('ర్చ', '|'), ('న', '|'), ('లే', 'U'), ('ల', '|'), ('ని', 'U'), ('న్ను', '|'), ('సొ', '|'), ('గ', '|'), ('యిం', 'U'), ('పం', 'U'), ('జా', 'U'), ('లు', '|'), ('స', 'U'), ('ర్వే', 'U'), ('శ్వ', '|'), ('రా', 'U')]",0.9428571428571428,1.0,1.0,0.9642857142857143,0.75,1.0
mattebhamu,"సమదోత్సాహసుఖాభిలాషలును నీ సంసారమాయావినో-
దములు న్స్వర్గఫలాపవర్గఫలచిత్తభ్రాంతులుం బూజ్యరా-
జ్యమహాకాంక్షలు నెన్ని చూడ నివి నీ సద్భక్తి కత్యంతరా-
యములై మాటికిమాటి కడ్డుపడుఁ గార్యశ్రేణి సర్వేశ్వరా!",vruttamu,Sarveswara,"[('స', '|'), ('మ', '|'), ('దో', 'U'), ('త్సా', 'U'), ('హ', '|'), ('సు', '|'), ('ఖా', 'U'), ('భి', '|'), ('లా', 'U'), ('ష', '|'), ('లు', '|'), ('ను', '|'), ('నీ', 'U'), ('సం', 'U'), ('సా', 'U'), ('ర', '|'), ('మా', 'U'), ('యా', 'U'), ('వి', '|'), ('నో', 'U'), ('ద', '|'), ('ము', '|'), ('లు', 'U'), ('న్స్వ', 'U'), ('ర్గ', '|'), ('ఫ', '|'), ('లా', 'U'), ('ప', '|'), ('వ', 'U'), ('ర్గ', '|'), ('ఫ', '|'), ('ల', '|'), ('చి', 'U'), ('త్త', '|'), ('భ్రాం', 'U'), ('తు', '|'), ('లుం', 'U'), ('బూ', 'U'), ('జ్య', '|'), ('రా', 'U'), ('జ్య', '|'), ('మ', '|'), ('హా', 'U'), ('కాం', 'U'), ('క్ష', '|'), ('లు', '|'), ('నె', 'U'), ('న్ని', '|'), ('చూ', 'U'), ('డ', '|'), ('ని', '|'), ('వి', '|'), ('నీ', 'U'), ('స', 'U'), ('ద్భ', 'U'), ('క్తి', '|'), ('క', 'U'), ('త్యం', 'U'), ('త', '|'), ('రా', 'U'), ('య', '|'), ('ము', '|'), ('లై', 'U'), ('మా', 'U'), ('టి', '|'), ('కి', '|'), ('మా', 'U'), ('టి', '|'), ('క', 'U'), ('డ్డు', '|'), ('ప', '|'), ('డు', '|'), ('గా', 'U'), ('ర్య', '|'), ('శ్రే', 'U'), ('ణి', '|'), ('స', 'U'), ('ర్వే', 'U'), ('శ్వ', '|'), ('రా', 'U')]",0.9857142857142858,1.0,1.0,0.9285714285714286,1.0,1.0
saardulamu,"మోహధ్వాంతములో మునింగిన మహామూఢుం డతిభ్రష్టుఁడై
సోహంబంచుఁ దొడంగి నీకుఁ గడు దూరాత్ముం డగుంగాని దు-
ష్టాహంకారగుణంబు మాని మది సొంపారంగ సద్భక్తి దా-
సోహంబన్న భవత్పదార్చకుఁడు నీవై యుండు సర్వేశ్వరా!",vruttamu,Sarveswara,"[('మో', 'U'), ('హ', 'U'), ('ధ్వాం', 'U'), ('త', '|'), ('ము', '|'), ('లో', 'U'), ('ము', '|'), ('నిం', 'U'), ('గి', '|'), ('న', '|'), ('మ', '|'), ('హా', 'U'), ('మూ', 'U'), ('ఢుం', 'U'), ('డ', '|'), ('తి', '|'), ('భ్ర', 'U'), ('ష్టు', '|'), ('డై', 'U'), ('సో', 'U'), ('హం', 'U'), ('బం', 'U'), ('చు', '|'), ('దొ', '|'), ('డం', 'U'), ('గి', '|'), ('నీ', 'U'), ('కు', '|'), ('గ', '|'), ('డు', '|'), ('దూ', 'U'), ('రా', 'U'), ('త్ముం', 'U'), ('డ', '|'), ('గుం', 'U'), ('గా', 'U'), ('ని', '|'), ('దు', 'U'), ('ష్టా', 'U'), ('హం', 'U'), ('కా', 'U'), ('ర', '|'), ('గు', '|'), ('ణం', 'U'), ('బు', '|'), ('మా', 'U'), ('ని', '|'), ('మ', '|'), ('ది', '|'), ('సొం', 'U'), ('పా', 'U'), ('రం', 'U'), ('గ', '|'), ('స', 'U'), ('ద్భ', 'U'), ('క్తి', '|'), ('దా', 'U'), ('సో', 'U'), ('హం', 'U'), ('బ', 'U'), ('న్న', '|'), ('భ', '|'), ('వ', 'U'), ('త్ప', '|'), ('దా', 'U'), ('ర్చ', '|'), ('కు', '|'), ('డు', '|'), ('నీ', 'U'), ('వై', 'U'), ('యుం', 'U'), ('డు', '|'), ('స', 'U'), ('ర్వే', 'U'), ('శ్వ', '|'), ('రా', 'U')]",0.8428571428571429,1.0,1.0,0.9642857142857143,0.25,1.0
saardulamu,"చావంబుట్టుచుఁ బుట్టఁజచ్చుచు మహాచండాలసంసారపా-
రావారంబునఁ గూలి తాఁ జెడుటకుం బ్రవ్యక్తిగా నాత్మలో-
నేవం బొందక యేను నీవనుట తా నేజ్ఞానమో శ్రీమహా-
దేవా యిట్టి కుతర్కముం గలదే చింతింపంగ సర్వేశ్వరా!",vruttamu,Sarveswara,"[('చా', 'U'), ('వం', 'U'), ('బు', 'U'), ('ట్టు', '|'), ('చు', '|'), ('బు', 'U'), ('ట్ట', '|'), ('జ', 'U'), ('చ్చు', '|'), ('చు', '|'), ('మ', '|'), ('హా', 'U'), ('చం', 'U'), ('డా', 'U'), ('ల', '|'), ('సం', 'U'), ('సా', 'U'), ('ర', '|'), ('పా', 'U'), ('రా', 'U'), ('వా', 'U'), ('రం', 'U'), ('బు', '|'), ('న', '|'), ('గూ', 'U'), ('లి', '|'), ('తా', 'U'), ('జె', '|'), ('డు', '|'), ('ట', '|'), ('కుం', 'U'), ('బ్ర', 'U'), ('వ్య', 'U'), ('క్తి', '|'), ('గా', 'U'), ('నా', 'U'), ('త్మ', '|'), ('లో', 'U'), ('నే', 'U'), ('వం', 'U'), ('బొం', 'U'), ('ద', '|'), ('క', '|'), ('యే', 'U'), ('ను', '|'), ('నీ', 'U'), ('వ', '|'), ('ను', '|'), ('ట', '|'), ('తా', 'U'), ('నే', 'U'), ('జ్ఞా', 'U'), ('న', '|'), ('మో', 'U'), ('శ్రీ', 'U'), ('మ', '|'), ('హా', 'U'), ('దే', 'U'), ('వా', 'U'), ('యి', 'U'), ('ట్టి', '|'), ('కు', '|'), ('త', 'U'), ('ర్క', '|'), ('ముం', 'U'), ('గ', '|'), ('ల', '|'), ('దే', 'U'), ('చిం', 'U'), ('తిం', 'U'), ('పం', 'U'), ('గ', '|'), ('స', 'U'), ('ర్వే', 'U'), ('శ్వ', '|'), ('రా', 'U')]",0.9928571428571429,1.0,1.0,0.9642857142857143,1.0,1.0
mattebhamu,"రసికుండై భవదంఘ్రిపద్మయుగ మారాధించుచో దుర్మద-
వ్యసనాటోపము చిక్కులం బొరలుచు న్వర్తించుచున్నట్టి పా-
లసు పూజావిభవం బదొప్పునె భువిన్ లక్షింప నారంభముం
గసవుం బెంచిన చేనుఁ బోలుఁ దలఁపంగా మీఁద సర్వేశ్వరా!",vruttamu,Sarveswara,"[('ర', '|'), ('సి', '|'), ('కుం', 'U'), ('డై', 'U'), ('భ', '|'), ('వ', '|'), ('దం', 'U'), ('ఘ్రి', '|'), ('ప', 'U'), ('ద్మ', '|'), ('యు', '|'), ('గ', '|'), ('మా', 'U'), ('రా', 'U'), ('ధిం', 'U'), ('చు', '|'), ('చో', 'U'), ('దు', 'U'), ('ర్మ', '|'), ('ద', 'U'), ('వ్య', '|'), ('స', '|'), ('నా', 'U'), ('టో', 'U'), ('ప', '|'), ('ము', '|'), ('చి', 'U'), ('క్కు', '|'), ('లం', 'U'), ('బొ', '|'), ('ర', '|'), ('లు', '|'), ('చు', 'U'), ('న్వ', 'U'), ('ర్తిం', 'U'), ('చు', '|'), ('చు', 'U'), ('న్న', 'U'), ('ట్టి', '|'), ('పా', 'U'), ('ల', '|'), ('సు', '|'), ('పూ', 'U'), ('జా', 'U'), ('వి', '|'), ('భ', '|'), ('వం', 'U'), ('బ', '|'), ('దొ', 'U'), ('ప్పు', '|'), ('నె', '|'), ('భు', '|'), ('వి', 'U'), ('న్ల', 'U'), ('క్షిం', 'U'), ('ప', '|'), ('నా', 'U'), ('రం', 'U'), ('భ', '|'), ('ముం', 'U'), ('గ', '|'), ('స', '|'), ('వుం', 'U'), ('బెం', 'U'), ('చి', '|'), ('న', '|'), ('చే', 'U'), ('ను', '|'), ('బో', 'U'), ('లు', '|'), ('ద', '|'), ('ల', '|'), ('పం', 'U'), ('గా', 'U'), ('మీ', 'U'), ('ద', '|'), ('స', 'U'), ('ర్వే', 'U'), ('శ్వ', '|'), ('రా', 'U')]",1.0,1.0,1.0,1.0,1.0,1.0
mattebhamu,"అమితోత్సాహమునంది నీకుఁ దన సర్వార్థంబులుం గూర్చి నే-
మముతో నిచ్చుటకంటె శౌర్యగుణసామర్థ్యంబునం జేసి ప్రా-
ణము నీ కిచ్చుటకంటె దుస్తరభవోన్మాదంబు మర్దించి చి-
త్తము నీ కిచ్చుట పెక్కుభంగుల మహౌదార్యంబు సర్వేశ్వరా!",vruttamu,Sarveswara,"[('అ', '|'), ('మి', '|'), ('తో', 'U'), ('త్సా', 'U'), ('హ', '|'), ('ము', '|'), ('నం', 'U'), ('ది', '|'), ('నీ', 'U'), ('కు', '|'), ('ద', '|'), ('న', '|'), ('స', 'U'), ('ర్వా', 'U'), ('ర్థం', 'U'), ('బు', '|'), ('లుం', 'U'), ('గూ', 'U'), ('ర్చి', '|'), ('నే', 'U'), ('మ', '|'), ('ము', '|'), ('తో', 'U'), ('ని', 'U'), ('చ్చు', '|'), ('ట', '|'), ('కం', 'U'), ('టె', '|'), ('శౌ', 'U'), ('ర్య', '|'), ('గు', '|'), ('ణ', '|'), ('సా', 'U'), ('మ', 'U'), ('ర్థ్యం', 'U'), ('బు', '|'), ('నం', 'U'), ('జే', 'U'), ('సి', '|'), ('ప్రా', 'U'), ('ణ', '|'), ('ము', '|'), ('నీ', 'U'), ('కి', 'U'), ('చ్చు', '|'), ('ట', '|'), ('కం', 'U'), ('టె', '|'), ('దు', 'U'), ('స్త', '|'), ('ర', '|'), ('భ', '|'), ('వో', 'U'), ('న్మా', 'U'), ('దం', 'U'), ('బు', '|'), ('మ', 'U'), ('ర్దిం', 'U'), ('చి', '|'), ('చి', 'U'), ('త్త', '|'), ('ము', '|'), ('నీ', 'U'), ('కి', 'U'), ('చ్చు', '|'), ('ట', '|'), ('పె', 'U'), ('క్కు', '|'), ('భం', 'U'), ('గు', '|'), ('ల', '|'), ('మ', '|'), ('హౌ', 'U'), ('దా', 'U'), ('ర్యం', 'U'), ('బు', '|'), ('స', 'U'), ('ర్వే', 'U'), ('శ్వ', '|'), ('రా', 'U')]",0.95,1.0,1.0,1.0,0.75,1.0
mattebhamu,"ఘనవైరిప్రకరంబు ధాటి ననిలో ఖండించు కంటెన్ మృగేం-
ద్రుని జేపట్టుటకంటె వారినిధిలోఁ దోగాడుకంటెన్ మహా-
శనిఁ దా వ్రేయుటకంటె ఘోరభవదుశ్చారిత్ర వారించి రం-
జనతోఁ జిత్తము శిక్షసేయుట మహాశౌర్యంబు సర్వేశ్వరా!",vruttamu,Sarveswara,"[('ఘ', '|'), ('న', '|'), ('వై', 'U'), ('రి', '|'), ('ప్ర', '|'), ('క', '|'), ('రం', 'U'), ('బు', '|'), ('ధా', 'U'), ('టి', '|'), ('న', '|'), ('ని', '|'), ('లో', 'U'), ('ఖం', 'U'), ('డిం', 'U'), ('చు', '|'), ('కం', 'U'), ('టె', 'U'), ('న్మృ', '|'), ('గేం', 'U'), ('ద్రు', '|'), ('ని', '|'), ('జే', 'U'), ('ప', 'U'), ('ట్టు', '|'), ('ట', '|'), ('కం', 'U'), ('టె', '|'), ('వా', 'U'), ('రి', '|'), ('ని', '|'), ('ధి', '|'), ('లో', 'U'), ('దో', 'U'), ('గా', 'U'), ('డు', '|'), ('కం', 'U'), ('టె', 'U'), ('న్మ', '|'), ('హా', 'U'), ('శ', '|'), ('ని', '|'), ('దా', 'U'), ('వ్రే', 'U'), ('యు', '|'), ('ట', '|'), ('కం', 'U'), ('టె', '|'), ('ఘో', 'U'), ('ర', '|'), ('భ', '|'), ('వ', '|'), ('దు', 'U'), ('శ్చా', 'U'), ('రి', '|'), ('త్ర', '|'), ('వా', 'U'), ('రిం', 'U'), ('చి', '|'), ('రం', 'U'), ('జ', '|'), ('న', '|'), ('తో', 'U'), ('జి', 'U'), ('త్త', '|'), ('ము', '|'), ('శి', 'U'), ('క్ష', '|'), ('సే', 'U'), ('యు', '|'), ('ట', '|'), ('మ', '|'), ('హా', 'U'), ('శౌ', 'U'), ('ర్యం', 'U'), ('బు', '|'), ('స', 'U'), ('ర్వే', 'U'), ('శ్వ', '|'), ('రా', 'U')]",0.9857142857142858,1.0,1.0,0.9285714285714286,1.0,1.0
mattebhamu,"అమితామోదనవప్రసూనముల నిన్నర్చించుచో గద్యప-
ద్యము లూహించి నుతించుచో వివిధగీతవ్రాతము ల్పాడుచో
నమృతాహారము లిచ్చుచో నిపుణుఁడై యాటాడుచో నందుఁ జి-
త్తము సద్భక్తియె నీవు చేకొను పదార్థంబెల్ల సర్వేశ్వరా!",vruttamu,Sarveswara,"[('అ', '|'), ('మి', '|'), ('తా', 'U'), ('మో', 'U'), ('ద', '|'), ('న', '|'), ('వ', '|'), ('ప్ర', '|'), ('సూ', 'U'), ('న', '|'), ('ము', '|'), ('ల', '|'), ('ని', 'U'), ('న్న', 'U'), ('ర్చిం', 'U'), ('చు', '|'), ('చో', 'U'), ('గ', 'U'), ('ద్య', '|'), ('ప', 'U'), ('ద్య', '|'), ('ము', '|'), ('లూ', 'U'), ('హిం', 'U'), ('చి', '|'), ('ను', '|'), ('తిం', 'U'), ('చు', '|'), ('చో', 'U'), ('వి', '|'), ('వి', '|'), ('ధ', '|'), ('గీ', 'U'), ('త', '|'), ('వ్రా', 'U'), ('త', '|'), ('ము', 'U'), ('ల్పా', 'U'), ('డు', '|'), ('చో', 'U'), ('న', '|'), ('మృ', '|'), ('తా', 'U'), ('హా', 'U'), ('ర', '|'), ('ము', '|'), ('లి', 'U'), ('చ్చు', '|'), ('చో', 'U'), ('ని', '|'), ('పు', '|'), ('ణు', '|'), ('డై', 'U'), ('యా', 'U'), ('టా', 'U'), ('డు', '|'), ('చో', 'U'), ('నం', 'U'), ('దు', '|'), ('జి', 'U'), ('త్త', '|'), ('ము', '|'), ('స', 'U'), ('ద్భ', 'U'), ('క్తి', '|'), ('యె', '|'), ('నీ', 'U'), ('వు', '|'), ('చే', 'U'), ('కొ', '|'), ('ను', '|'), ('ప', '|'), ('దా', 'U'), ('ర్థం', 'U'), ('బె', 'U'), ('ల్ల', '|'), ('స', 'U'), ('ర్వే', 'U'), ('శ్వ', '|'), ('రా', 'U')]",0.8857142857142858,1.0,1.0,0.9285714285714286,0.5,1.0
mattebhamu,"కడుఁ జిత్రంబుగఁ జేయఁగా నొఱ సురంగంబయ్యెనే ఖడ్గమం-
దిడకున్నం జెడురూపదేమి గొఱ? దానిం బెక్కు పాటింపఁగా
నొడ లెబ్భంగుల నోపునే నియతితో నూహించి నిన్నాత్మలో
నిడకున్నం జనురూపు నేమికొఱ తా నీక్షింప సర్వేశ్వరా!",vruttamu,Sarveswara,"[('క', '|'), ('డు', '|'), ('జి', '|'), ('త్రం', 'U'), ('బు', '|'), ('గ', '|'), ('జే', 'U'), ('య', '|'), ('గా', 'U'), ('నొ', '|'), ('ఱ', '|'), ('సు', '|'), ('రం', 'U'), ('గం', 'U'), ('బ', 'U'), ('య్యె', '|'), ('నే', 'U'), ('ఖ', 'U'), ('డ్గ', '|'), ('మం', 'U'), ('ది', '|'), ('డ', '|'), ('కు', 'U'), ('న్నం', 'U'), ('జె', '|'), ('డు', '|'), ('రూ', 'U'), ('ప', '|'), ('దే', 'U'), ('మి', '|'), ('గొ', '|'), ('ఱ', '|'), ('దా', 'U'), ('నిం', 'U'), ('బె', 'U'), ('క్కు', '|'), ('పా', 'U'), ('టిం', 'U'), ('ప', '|'), ('గా', 'U'), ('నొ', '|'), ('డ', '|'), ('లె', 'U'), ('బ్భం', 'U'), ('గు', '|'), ('ల', '|'), ('నో', 'U'), ('పు', '|'), ('నే', 'U'), ('ని', '|'), ('య', '|'), ('తి', '|'), ('తో', 'U'), ('నూ', 'U'), ('హిం', 'U'), ('చి', '|'), ('ని', 'U'), ('న్నా', 'U'), ('త్మ', '|'), ('లో', 'U'), ('ని', '|'), ('డ', '|'), ('కు', 'U'), ('న్నం', 'U'), ('జ', '|'), ('ను', '|'), ('రూ', 'U'), ('పు', '|'), ('నే', 'U'), ('మి', '|'), ('కొ', '|'), ('ఱ', '|'), ('తా', 'U'), ('నీ', 'U'), ('క్షిం', 'U'), ('ప', '|'), ('స', 'U'), ('ర్వే', 'U'), ('శ్వ', '|'), ('రా', 'U')]",0.9428571428571428,1.0,1.0,0.9642857142857143,0.75,1.0
mattebhamu,"జ్వరసంతాపవిశోషితాంగుఁడు సుధాసంకాశదివ్యాన్నపా-
నరసశ్రేణి భుజింప రోయుగతి నున్మాదేంద్రియధ్వాంతదు-
స్తరసంసారమదప్రమత్తుఁడు మహాసౌఖ్యోత్సవంబైన మీ
చరణారాధనయందు బుద్ధిఁ జొనుపం జాలండు సర్వేశ్వరా!",vruttamu,Sarveswara,"[('జ్వ', '|'), ('ర', '|'), ('సం', 'U'), ('తా', 'U'), ('ప', '|'), ('వి', '|'), ('శో', 'U'), ('షి', '|'), ('తాం', 'U'), ('గు', '|'), ('డు', '|'), ('సు', '|'), ('ధా', 'U'), ('సం', 'U'), ('కా', 'U'), ('శ', '|'), ('ది', 'U'), ('వ్యా', 'U'), ('న్న', '|'), ('పా', 'U'), ('న', '|'), ('ర', '|'), ('స', '|'), ('శ్రే', 'U'), ('ణి', '|'), ('భు', '|'), ('జిం', 'U'), ('ప', '|'), ('రో', 'U'), ('యు', '|'), ('గ', '|'), ('తి', '|'), ('ను', 'U'), ('న్మా', 'U'), ('దేం', 'U'), ('ద్రి', '|'), ('య', 'U'), ('ధ్వాం', 'U'), ('త', '|'), ('దు', 'U'), ('స్త', '|'), ('ర', '|'), ('సం', 'U'), ('సా', 'U'), ('ర', '|'), ('మ', '|'), ('ద', '|'), ('ప్ర', '|'), ('మ', 'U'), ('త్తు', '|'), ('డు', '|'), ('మ', '|'), ('హా', 'U'), ('సౌ', 'U'), ('ఖ్యో', 'U'), ('త్స', '|'), ('వం', 'U'), ('బై', 'U'), ('న', '|'), ('మీ', 'U'), ('చ', '|'), ('ర', '|'), ('ణా', 'U'), ('రా', 'U'), ('ధ', '|'), ('న', '|'), ('యం', 'U'), ('దు', '|'), ('బు', 'U'), ('ద్ధి', '|'), ('జొ', '|'), ('ను', '|'), ('పం', 'U'), ('జా', 'U'), ('లం', 'U'), ('డు', '|'), ('స', 'U'), ('ర్వే', 'U'), ('శ్వ', '|'), ('రా', 'U')]",0.9857142857142858,1.0,1.0,0.9285714285714286,1.0,1.0
mattebhamu,"కలయం గాష్ఠయుగంబుఁ గూర్చి తరువంగా బుట్టి తత్సాధనం-
బుల రెంటిన్ దహియించు వహ్నిగతిఁ దాఁ బొల్పొందఁ గాయంబు సం-
ధిల సత్కర్మముతో మథింపఁగ భవచ్చిద్భక్తి సద్వహ్ని యు-
జ్జ్వలమై కాయముఁ గర్మముం జెఱుచుఁ దత్త్వంబెన్న సర్వేశ్వరా!",vruttamu,Sarveswara,"[('క', '|'), ('ల', '|'), ('యం', 'U'), ('గా', 'U'), ('ష్ఠ', '|'), ('యు', '|'), ('గం', 'U'), ('బు', '|'), ('గూ', 'U'), ('ర్చి', '|'), ('త', '|'), ('రు', '|'), ('వం', 'U'), ('గా', 'U'), ('బు', 'U'), ('ట్టి', '|'), ('త', 'U'), ('త్సా', 'U'), ('ధ', '|'), ('నం', 'U'), ('బు', '|'), ('ల', '|'), ('రెం', 'U'), ('టి', 'U'), ('న్ద', '|'), ('హి', '|'), ('యిం', 'U'), ('చు', '|'), ('వ', 'U'), ('హ్ని', '|'), ('గ', '|'), ('తి', '|'), ('దా', 'U'), ('బొ', 'U'), ('ల్పొం', 'U'), ('ద', '|'), ('గా', 'U'), ('యం', 'U'), ('బు', '|'), ('సం', 'U'), ('ధి', '|'), ('ల', '|'), ('స', 'U'), ('త్క', 'U'), ('ర్మ', '|'), ('ము', '|'), ('తో', 'U'), ('మ', '|'), ('థిం', 'U'), ('ప', '|'), ('గ', '|'), ('భ', '|'), ('వ', 'U'), ('చ్చి', 'U'), ('ద్భ', 'U'), ('క్తి', '|'), ('స', 'U'), ('ద్వ', 'U'), ('హ్ని', '|'), ('యు', 'U'), ('జ్జ్వ', '|'), ('ల', '|'), ('మై', 'U'), ('కా', 'U'), ('య', '|'), ('ము', '|'), ('గ', 'U'), ('ర్మ', '|'), ('ముం', 'U'), ('జె', '|'), ('ఱు', '|'), ('చు', '|'), ('ద', 'U'), ('త్త్వం', 'U'), ('బె', 'U'), ('న్న', '|'), ('స', 'U'), ('ర్వే', 'U'), ('శ్వ', '|'), ('రా', 'U')]",0.95,1.0,1.0,1.0,0.75,1.0
mattebhamu,"స్థిరబుద్ధిం దన సొమ్ము భక్తవరసుక్షేత్రంబులన్ బీజమై
పరగంగా వెదపెట్టి మీఁద నతిసంపన్నుండగుం గాక దా-
నరిషడ్వర్గము పాలుసేసి భవమాయాగ్రస్తుఁడై యిచ్చ నె-
వ్వరి వేఁడం జనువాఁడొకో విషయదుర్వ్యాపారి సర్వేశ్వరా!",vruttamu,Sarveswara,"[('స్థి', '|'), ('ర', '|'), ('బు', 'U'), ('ద్ధిం', 'U'), ('ద', '|'), ('న', '|'), ('సొ', 'U'), ('మ్ము', '|'), ('భ', 'U'), ('క్త', '|'), ('వ', '|'), ('ర', '|'), ('సు', 'U'), ('క్షే', 'U'), ('త్రం', 'U'), ('బు', '|'), ('ల', 'U'), ('న్బీ', 'U'), ('జ', '|'), ('మై', 'U'), ('ప', '|'), ('ర', '|'), ('గం', 'U'), ('గా', 'U'), ('వె', '|'), ('ద', '|'), ('పె', 'U'), ('ట్టి', '|'), ('మీ', 'U'), ('ద', '|'), ('న', '|'), ('తి', '|'), ('సం', 'U'), ('ప', 'U'), ('న్నుం', 'U'), ('డ', '|'), ('గుం', 'U'), ('గా', 'U'), ('క', '|'), ('దా', 'U'), ('న', '|'), ('రి', '|'), ('ష', 'U'), ('డ్వ', 'U'), ('ర్గ', '|'), ('ము', '|'), ('పా', 'U'), ('లు', '|'), ('సే', 'U'), ('సి', '|'), ('భ', '|'), ('వ', '|'), ('మా', 'U'), ('యా', 'U'), ('గ్ర', 'U'), ('స్తు', '|'), ('డై', 'U'), ('యి', 'U'), ('చ్చ', '|'), ('నె', 'U'), ('వ్వ', '|'), ('రి', '|'), ('వే', 'U'), ('డం', 'U'), ('జ', '|'), ('ను', '|'), ('వా', 'U'), ('డొ', '|'), ('కో', 'U'), ('వి', '|'), ('ష', '|'), ('య', '|'), ('దు', 'U'), ('ర్వ్యా', 'U'), ('పా', 'U'), ('రి', '|'), ('స', 'U'), ('ర్వే', 'U'), ('శ్వ', '|'), ('రా', 'U')]",0.95,1.0,1.0,1.0,0.75,1.0
saardulamu,"కాయంబన్నది వారిబుద్బుదసదృక్షం బందు రూపింప లేఁ-
బ్రాయంబన్నది శారదాంబుదతటిత్ప్రఖ్యంబగుం దత్సుఖ-
శ్రేయంబన్నది మాయ యిట్లెఱిఁగియు శీఘ్రంబ నీ ధ్యానసం-
స్థాయీభావనఁ బొందఁ డేమిటి కయో సంసారి సర్వేశ్వరా!",vruttamu,Sarveswara,"[('కా', 'U'), ('యం', 'U'), ('బ', 'U'), ('న్న', '|'), ('ది', '|'), ('వా', 'U'), ('రి', '|'), ('బు', 'U'), ('ద్బు', '|'), ('ద', '|'), ('స', '|'), ('దృ', 'U'), ('క్షం', 'U'), ('బం', 'U'), ('దు', '|'), ('రూ', 'U'), ('పిం', 'U'), ('ప', '|'), ('లే', 'U'), ('బ్రా', 'U'), ('యం', 'U'), ('బ', 'U'), ('న్న', '|'), ('ది', '|'), ('శా', 'U'), ('ర', '|'), ('దాం', 'U'), ('బు', '|'), ('ద', '|'), ('త', '|'), ('టి', 'U'), ('త్ప్ర', 'U'), ('ఖ్యం', 'U'), ('బ', '|'), ('గుం', 'U'), ('ద', 'U'), ('త్సు', '|'), ('ఖ', '|'), ('శ్రే', 'U'), ('యం', 'U'), ('బ', 'U'), ('న్న', '|'), ('ది', '|'), ('మా', 'U'), ('య', '|'), ('యి', 'U'), ('ట్లె', '|'), ('ఱి', '|'), ('గి', '|'), ('యు', '|'), ('శీ', 'U'), ('ఘ్రం', 'U'), ('బ', '|'), ('నీ', 'U'), ('ధ్యా', 'U'), ('న', '|'), ('సం', 'U'), ('స్థా', 'U'), ('యీ', 'U'), ('భా', 'U'), ('వ', '|'), ('న', '|'), ('బొం', 'U'), ('ద', '|'), ('డే', 'U'), ('మి', '|'), ('టి', '|'), ('క', '|'), ('యో', 'U'), ('సం', 'U'), ('సా', 'U'), ('రి', '|'), ('స', 'U'), ('ర్వే', 'U'), ('శ్వ', '|'), ('రా', 'U')]",0.9857142857142858,1.0,1.0,0.9285714285714286,1.0,1.0
mattebhamu,"భవదీయస్థిరభక్తి లబ్ధియు భవద్భక్తైకగోష్ఠీమహో-
త్సవలీలావిభవంబు నీ యనుదినధ్యానానుమోదంబులౌ-
నివి నిత్యస్థితు లారయంగ విధిదేవేంద్రాది భూతాఖిలో-
త్సవభోగస్థితులెల్ల మిథ్యలవి తత్త్వంబెన్న సర్వేశ్వరా!",vruttamu,Sarveswara,"[('భ', '|'), ('వ', '|'), ('దీ', 'U'), ('య', 'U'), ('స్థి', '|'), ('ర', '|'), ('భ', 'U'), ('క్తి', '|'), ('ల', 'U'), ('బ్ధి', '|'), ('యు', '|'), ('భ', '|'), ('వ', 'U'), ('ద్భ', 'U'), ('క్తై', 'U'), ('క', '|'), ('గో', 'U'), ('ష్ఠీ', 'U'), ('మ', '|'), ('హో', 'U'), ('త్స', '|'), ('వ', '|'), ('లీ', 'U'), ('లా', 'U'), ('వి', '|'), ('భ', '|'), ('వం', 'U'), ('బు', '|'), ('నీ', 'U'), ('య', '|'), ('ను', '|'), ('ది', '|'), ('న', 'U'), ('ధ్యా', 'U'), ('నా', 'U'), ('ను', '|'), ('మో', 'U'), ('దం', 'U'), ('బు', '|'), ('లౌ', 'U'), ('ని', '|'), ('వి', '|'), ('ని', 'U'), ('త్య', 'U'), ('స్థి', '|'), ('తు', '|'), ('లా', 'U'), ('ర', '|'), ('యం', 'U'), ('గ', '|'), ('వి', '|'), ('ధి', '|'), ('దే', 'U'), ('వేం', 'U'), ('ద్రా', 'U'), ('ది', '|'), ('భూ', 'U'), ('తా', 'U'), ('ఖి', '|'), ('లో', 'U'), ('త్స', '|'), ('వ', '|'), ('భో', 'U'), ('గ', 'U'), ('స్థి', '|'), ('తు', '|'), ('లె', 'U'), ('ల్ల', '|'), ('మి', 'U'), ('థ్య', '|'), ('ల', '|'), ('వి', '|'), ('త', 'U'), ('త్త్వం', 'U'), ('బె', 'U'), ('న్న', '|'), ('స', 'U'), ('ర్వే', 'U'), ('శ్వ', '|'), ('రా', 'U')]",0.95,1.0,1.0,1.0,0.75,1.0
mattebhamu,"తన యుక్తి న్భవదంఘ్రిసేవగల సద్భక్తుండు పాపంబు చే-
సినఁ బుణ్యంబగు భక్తిహీనుఁడు శ్రుతు ల్చేపట్టి పుణ్యంబు చే-
సినఁ బాపంబగు దీనికంతటికిఁ జర్చింపంగఁ జండేశ్వరుం
డును దక్షుండును సాక్షులెన్న నగరాట్కోదండ సర్వేశ్వరా!",vruttamu,Sarveswara,"[('త', '|'), ('న', '|'), ('యు', 'U'), ('క్తి', 'U'), ('న్భ', '|'), ('వ', '|'), ('దం', 'U'), ('ఘ్రి', '|'), ('సే', 'U'), ('వ', '|'), ('గ', '|'), ('ల', '|'), ('స', 'U'), ('ద్భ', 'U'), ('క్తుం', 'U'), ('డు', '|'), ('పా', 'U'), ('పం', 'U'), ('బు', '|'), ('చే', 'U'), ('సి', '|'), ('న', '|'), ('బు', 'U'), ('ణ్యం', 'U'), ('బ', '|'), ('గు', '|'), ('భ', 'U'), ('క్తి', '|'), ('హీ', 'U'), ('ను', '|'), ('డు', '|'), ('శ్రు', '|'), ('తు', 'U'), ('ల్చే', 'U'), ('ప', 'U'), ('ట్టి', '|'), ('పు', 'U'), ('ణ్యం', 'U'), ('బు', '|'), ('చే', 'U'), ('సి', '|'), ('న', '|'), ('బా', 'U'), ('పం', 'U'), ('బ', '|'), ('గు', '|'), ('దీ', 'U'), ('ని', '|'), ('కం', 'U'), ('త', '|'), ('టి', '|'), ('కి', '|'), ('జ', 'U'), ('ర్చిం', 'U'), ('పం', 'U'), ('గ', '|'), ('జం', 'U'), ('డే', 'U'), ('శ్వ', '|'), ('రుం', 'U'), ('డు', '|'), ('ను', '|'), ('ద', 'U'), ('క్షుం', 'U'), ('డు', '|'), ('ను', '|'), ('సా', 'U'), ('క్షు', '|'), ('లె', 'U'), ('న్న', '|'), ('న', '|'), ('గ', '|'), ('రా', 'U'), ('ట్కో', 'U'), ('దం', 'U'), ('డ', '|'), ('స', 'U'), ('ర్వే', 'U'), ('శ్వ', '|'), ('రా', 'U')]",1.0,1.0,1.0,1.0,1.0,1.0
saardulamu,"ప్రారంభించి చకోరపోతము మహీయజ్యోత్స్నయం దుత్సవ-
శ్రీ రంజిల్లుచు వేడ్కనుండు గతి నా చిత్తంబు నీ దివ్యశృం-
గారధ్యానమునం దహర్నిశముఁ జొక్కంజేయవే దేవ శ్రీ-
గౌరీలోచననర్తకీనటనరంగస్థాన సర్వేశ్వరా!",vruttamu,Sarveswara,"[('ప్రా', 'U'), ('రం', 'U'), ('భిం', 'U'), ('చి', '|'), ('చ', '|'), ('కో', 'U'), ('ర', '|'), ('పో', 'U'), ('త', '|'), ('ము', '|'), ('మ', '|'), ('హీ', 'U'), ('య', 'U'), ('జ్యో', 'U'), ('త్స్న', '|'), ('యం', 'U'), ('దు', 'U'), ('త్స', '|'), ('వ', '|'), ('శ్రీ', 'U'), ('రం', 'U'), ('జి', 'U'), ('ల్లు', '|'), ('చు', '|'), ('వే', 'U'), ('డ్క', '|'), ('నుం', 'U'), ('డు', '|'), ('గ', '|'), ('తి', '|'), ('నా', 'U'), ('చి', 'U'), ('త్తం', 'U'), ('బు', '|'), ('నీ', 'U'), ('ది', 'U'), ('వ్య', '|'), ('శృం', 'U'), ('గా', 'U'), ('ర', 'U'), ('ధ్యా', 'U'), ('న', '|'), ('ము', '|'), ('నం', 'U'), ('ద', '|'), ('హ', 'U'), ('ర్ని', '|'), ('శ', '|'), ('ము', '|'), ('జొ', 'U'), ('క్కం', 'U'), ('జే', 'U'), ('య', '|'), ('వే', 'U'), ('దే', 'U'), ('వ', '|'), ('శ్రీ', 'U'), ('గౌ', 'U'), ('రీ', 'U'), ('లో', 'U'), ('చ', '|'), ('న', '|'), ('న', 'U'), ('ర్త', '|'), ('కీ', 'U'), ('న', '|'), ('ట', '|'), ('న', '|'), ('రం', 'U'), ('గ', 'U'), ('స్థా', 'U'), ('న', '|'), ('స', 'U'), ('ర్వే', 'U'), ('శ్వ', '|'), ('రా', 'U')]",0.9428571428571428,1.0,1.0,0.9642857142857143,0.75,1.0
mattebhamu,"తరులం బువ్వులు పిందెలై యొదవి తత్తజ్జాతితోఁ బండ్లగున్
హర మీ పాదపయోజపూజితములై యత్యద్భుతం బవ్విరుల్
కరులౌ నశ్వములౌ ననర్హమణులౌఁ గర్పూరమౌ హారమౌఁ
దరుణీరత్నములౌఁ బటీరతరులౌఁ దథ్యంబు సర్వేశ్వరా!",vruttamu,Sarveswara,"[('త', '|'), ('రు', '|'), ('లం', 'U'), ('బు', 'U'), ('వ్వు', '|'), ('లు', '|'), ('పిం', 'U'), ('దె', '|'), ('లై', 'U'), ('యొ', '|'), ('ద', '|'), ('వి', '|'), ('త', 'U'), ('త్త', 'U'), ('జ్జా', 'U'), ('తి', '|'), ('తో', 'U'), ('బం', 'U'), ('డ్ల', '|'), ('గున్', 'U'), ('హ', '|'), ('ర', '|'), ('మీ', 'U'), ('పా', 'U'), ('ద', '|'), ('ప', '|'), ('యో', 'U'), ('జ', '|'), ('పూ', 'U'), ('జి', '|'), ('త', '|'), ('ము', '|'), ('లై', 'U'), ('య', 'U'), ('త్య', 'U'), ('ద్భు', '|'), ('తం', 'U'), ('బ', 'U'), ('వ్వి', '|'), ('రుల్', 'U'), ('క', '|'), ('రు', '|'), ('లౌ', 'U'), ('న', 'U'), ('శ్వ', '|'), ('ము', '|'), ('లౌ', 'U'), ('న', '|'), ('న', 'U'), ('ర్హ', '|'), ('మ', '|'), ('ణు', '|'), ('లౌ', 'U'), ('గ', 'U'), ('ర్పూ', 'U'), ('ర', '|'), ('మౌ', 'U'), ('హా', 'U'), ('ర', '|'), ('మౌ', 'U'), ('ద', '|'), ('రు', '|'), ('ణీ', 'U'), ('ర', 'U'), ('త్న', '|'), ('ము', '|'), ('లౌ', 'U'), ('బ', '|'), ('టీ', 'U'), ('ర', '|'), ('త', '|'), ('రు', '|'), ('లౌ', 'U'), ('ద', 'U'), ('థ్యం', 'U'), ('బు', '|'), ('స', 'U'), ('ర్వే', 'U'), ('శ్వ', '|'), ('రా', 'U')]",1.0,1.0,1.0,1.0,1.0,1.0
mattebhamu,"ఒకపుష్పంబు భవత్పదద్వయముపై నొప్పంగ సద్భక్తిరం-
జకుఁడై పెట్టిన పుణ్యమూర్తికిఁ బునర్జన్మంబు లేదన్నఁ బా-
యక కాలత్రితయోపచారముల నిన్నర్చించుచో బెద్దనై-
ష్ఠికుఁడై యుండెడువాఁడు నీవగుట దాఁ జిత్రంబె సర్వేశ్వరా!",vruttamu,Sarveswara,"[('ఒ', '|'), ('క', '|'), ('పు', 'U'), ('ష్పం', 'U'), ('బు', '|'), ('భ', '|'), ('వ', 'U'), ('త్ప', '|'), ('ద', 'U'), ('ద్వ', '|'), ('య', '|'), ('ము', '|'), ('పై', 'U'), ('నొ', 'U'), ('ప్పం', 'U'), ('గ', '|'), ('స', 'U'), ('ద్భ', 'U'), ('క్తి', '|'), ('రం', 'U'), ('జ', '|'), ('కు', '|'), ('డై', 'U'), ('పె', 'U'), ('ట్టి', '|'), ('న', '|'), ('పు', 'U'), ('ణ్య', '|'), ('మూ', 'U'), ('ర్తి', '|'), ('కి', '|'), ('బు', '|'), ('న', 'U'), ('ర్జ', 'U'), ('న్మం', 'U'), ('బు', '|'), ('లే', 'U'), ('ద', 'U'), ('న్న', '|'), ('బా', 'U'), ('య', '|'), ('క', '|'), ('కా', 'U'), ('ల', '|'), ('త్రి', '|'), ('త', '|'), ('యో', 'U'), ('ప', '|'), ('చా', 'U'), ('ర', '|'), ('ము', '|'), ('ల', '|'), ('ని', 'U'), ('న్న', 'U'), ('ర్చిం', 'U'), ('చు', '|'), ('చో', 'U'), ('బె', 'U'), ('ద్ద', '|'), ('నై', 'U'), ('ష్ఠి', '|'), ('కు', '|'), ('డై', 'U'), ('యుం', 'U'), ('డె', '|'), ('డు', '|'), ('వా', 'U'), ('డు', '|'), ('నీ', 'U'), ('వ', '|'), ('గు', '|'), ('ట', '|'), ('దా', 'U'), ('జి', '|'), ('త్రం', 'U'), ('బె', '|'), ('స', 'U'), ('ర్వే', 'U'), ('శ్వ', '|'), ('రా', 'U')]",0.8857142857142858,1.0,1.0,0.9285714285714286,0.5,1.0
saardulamu,"ఆనందంబును బొందునప్పుడును నత్యాశ్చర్యకార్యార్థభా-
వానీకంబులు దోఁచునప్పుడును రోగాపాయదుఃఖాతుర-
గ్లానిం బొంది చరించునప్పుడును సత్కార్యంబున న్నీవు నా
ధ్యానంబం దుదయింపుమయ్య దివిజేంద్రస్తుత్య సర్వేశ్వరా!",vruttamu,Sarveswara,"[('ఆ', 'U'), ('నం', 'U'), ('దం', 'U'), ('బు', '|'), ('ను', '|'), ('బొం', 'U'), ('దు', '|'), ('న', 'U'), ('ప్పు', '|'), ('డు', '|'), ('ను', '|'), ('న', 'U'), ('త్యా', 'U'), ('శ్చ', 'U'), ('ర్య', '|'), ('కా', 'U'), ('ర్యా', 'U'), ('ర్థ', '|'), ('భా', 'U'), ('వా', 'U'), ('నీ', 'U'), ('కం', 'U'), ('బు', '|'), ('లు', '|'), ('దో', 'U'), ('చు', '|'), ('న', 'U'), ('ప్పు', '|'), ('డు', '|'), ('ను', '|'), ('రో', 'U'), ('గా', 'U'), ('పా', 'U'), ('య', '|'), ('దుః', 'U'), ('ఖా', 'U'), ('తు', '|'), ('ర', 'U'), ('గ్లా', 'U'), ('నిం', 'U'), ('బొం', 'U'), ('ది', '|'), ('చ', '|'), ('రిం', 'U'), ('చు', '|'), ('న', 'U'), ('ప్పు', '|'), ('డు', '|'), ('ను', '|'), ('స', 'U'), ('త్కా', 'U'), ('ర్యం', 'U'), ('బు', '|'), ('న', 'U'), ('న్నీ', 'U'), ('వు', '|'), ('నా', 'U'), ('ధ్యా', 'U'), ('నం', 'U'), ('బం', 'U'), ('దు', '|'), ('ద', '|'), ('యిం', 'U'), ('పు', '|'), ('మ', 'U'), ('య్య', '|'), ('ది', '|'), ('వి', '|'), ('జేం', 'U'), ('ద్ర', 'U'), ('స్తు', 'U'), ('త్య', '|'), ('స', 'U'), ('ర్వే', 'U'), ('శ్వ', '|'), ('రా', 'U')]",0.95,1.0,1.0,1.0,0.75,1.0
saardulamu,"నానాశాస్త్రసముచ్చయాగమపురాణప్రౌఢులై తత్త్వవి-
జ్ఞానధ్యానసమాధివిద్య లతివిస్పష్టంబుగా నేర్చి రే
దాన న్నేర్పరులెల్ల నేరరు భవత్సద్భక్తివిద్యాసమా-
ధానప్రస్ఫుటశక్తి నీ కరుణచేతం గాని సర్వేశ్వరా!",vruttamu,Sarveswara,"[('నా', 'U'), ('నా', 'U'), ('శా', 'U'), ('స్త్ర', '|'), ('స', '|'), ('ము', 'U'), ('చ్చ', '|'), ('యా', 'U'), ('గ', '|'), ('మ', '|'), ('పు', '|'), ('రా', 'U'), ('ణ', '|'), ('ప్రౌ', 'U'), ('ఢు', '|'), ('లై', 'U'), ('త', 'U'), ('త్త్వ', '|'), ('వి', 'U'), ('జ్ఞా', 'U'), ('న', 'U'), ('ధ్యా', 'U'), ('న', '|'), ('స', '|'), ('మా', 'U'), ('ధి', '|'), ('వి', 'U'), ('ద్య', '|'), ('ల', '|'), ('తి', '|'), ('వి', 'U'), ('స్ప', 'U'), ('ష్టం', 'U'), ('బు', '|'), ('గా', 'U'), ('నే', 'U'), ('ర్చి', '|'), ('రే', 'U'), ('దా', 'U'), ('న', 'U'), ('న్నే', 'U'), ('ర్ప', '|'), ('రు', '|'), ('లె', 'U'), ('ల్ల', '|'), ('నే', 'U'), ('ర', '|'), ('రు', '|'), ('భ', '|'), ('వ', 'U'), ('త్స', 'U'), ('ద్భ', 'U'), ('క్తి', '|'), ('వి', 'U'), ('ద్యా', 'U'), ('స', '|'), ('మా', 'U'), ('ధా', 'U'), ('న', '|'), ('ప్ర', 'U'), ('స్ఫు', '|'), ('ట', '|'), ('శ', 'U'), ('క్తి', '|'), ('నీ', 'U'), ('క', '|'), ('రు', '|'), ('ణ', '|'), ('చే', 'U'), ('తం', 'U'), ('గా', 'U'), ('ని', '|'), ('స', 'U'), ('ర్వే', 'U'), ('శ్వ', '|'), ('రా', 'U')]",0.9857142857142858,1.0,1.0,0.9285714285714286,1.0,1.0
mattebhamu,"ప్రకటింపంగ మదీయచిత్త మది దాఁ బంచేంద్రియోద్వృత్తమై
ప్రకటప్రాప్తిని సోలుఁగాని మఱి నీ పాదాబ్జసంసేవనం-
బొకవేళ భజియింప నొల్లదు నిజం బూహింపఁగా నట్ల యీఁ-
గకు దుర్గంధము గాక సహ్యమగునే కస్తూరి సర్వేశ్వరా!",vruttamu,Sarveswara,"[('ప్ర', '|'), ('క', '|'), ('టిం', 'U'), ('పం', 'U'), ('గ', '|'), ('మ', '|'), ('దీ', 'U'), ('య', '|'), ('చి', 'U'), ('త్త', '|'), ('మ', '|'), ('ది', '|'), ('దా', 'U'), ('బం', 'U'), ('చేం', 'U'), ('ద్రి', '|'), ('యో', 'U'), ('ద్వృ', 'U'), ('త్త', '|'), ('మై', 'U'), ('ప్ర', '|'), ('క', '|'), ('ట', '|'), ('ప్రా', 'U'), ('ప్తి', '|'), ('ని', '|'), ('సో', 'U'), ('లు', '|'), ('గా', 'U'), ('ని', '|'), ('మ', '|'), ('ఱి', '|'), ('నీ', 'U'), ('పా', 'U'), ('దా', 'U'), ('బ్జ', '|'), ('సం', 'U'), ('సే', 'U'), ('వ', '|'), ('నం', 'U'), ('బొ', '|'), ('క', '|'), ('వే', 'U'), ('ళ', '|'), ('భ', '|'), ('జి', '|'), ('యిం', 'U'), ('ప', '|'), ('నొ', 'U'), ('ల్ల', '|'), ('దు', '|'), ('ని', '|'), ('జం', 'U'), ('బూ', 'U'), ('హిం', 'U'), ('ప', '|'), ('గా', 'U'), ('న', 'U'), ('ట్ల', '|'), ('యీ', 'U'), ('గ', '|'), ('కు', '|'), ('దు', 'U'), ('ర్గం', 'U'), ('ధ', '|'), ('ము', '|'), ('గా', 'U'), ('క', '|'), ('స', 'U'), ('హ్య', '|'), ('మ', '|'), ('గు', '|'), ('నే', 'U'), ('క', 'U'), ('స్తూ', 'U'), ('రి', '|'), ('స', 'U'), ('ర్వే', 'U'), ('శ్వ', '|'), ('రా', 'U')]",0.9857142857142858,1.0,1.0,0.9285714285714286,1.0,1.0
mattebhamu,"మలినాంగుం డగుటేమి కష్టము మనోమార్గంబు నీ భక్తిని-
ర్మలసౌభాగ్యనిధానదీపశిఖయై రంజిల్లదే భూషణో-
జ్జ్వలదేహుం డగుటేమి తేజము మనోవ్యావృత్తి దుర్మోహసం-
చలదుష్పంకముఁ బొంది పీడఁ బడఁగాఁ జర్చింప సర్వేశ్వరా!",vruttamu,Sarveswara,"[('మ', '|'), ('లి', '|'), ('నాం', 'U'), ('గుం', 'U'), ('డ', '|'), ('గు', '|'), ('టే', 'U'), ('మి', '|'), ('క', 'U'), ('ష్ట', '|'), ('ము', '|'), ('మ', '|'), ('నో', 'U'), ('మా', 'U'), ('ర్గం', 'U'), ('బు', '|'), ('నీ', 'U'), ('భ', 'U'), ('క్తి', '|'), ('ని', 'U'), ('ర్మ', '|'), ('ల', '|'), ('సౌ', 'U'), ('భా', 'U'), ('గ్య', '|'), ('ని', '|'), ('ధా', 'U'), ('న', '|'), ('దీ', 'U'), ('ప', '|'), ('శి', '|'), ('ఖ', '|'), ('యై', 'U'), ('రం', 'U'), ('జి', 'U'), ('ల్ల', '|'), ('దే', 'U'), ('భూ', 'U'), ('ష', '|'), ('ణో', 'U'), ('జ్జ్వ', '|'), ('ల', '|'), ('దే', 'U'), ('హుం', 'U'), ('డ', '|'), ('గు', '|'), ('టే', 'U'), ('మి', '|'), ('తే', 'U'), ('జ', '|'), ('ము', '|'), ('మ', '|'), ('నో', 'U'), ('వ్యా', 'U'), ('వృ', 'U'), ('త్తి', '|'), ('దు', 'U'), ('ర్మో', 'U'), ('హ', '|'), ('సం', 'U'), ('చ', '|'), ('ల', '|'), ('దు', 'U'), ('ష్పం', 'U'), ('క', '|'), ('ము', '|'), ('బొం', 'U'), ('ది', '|'), ('పీ', 'U'), ('డ', '|'), ('బ', '|'), ('డ', '|'), ('గా', 'U'), ('జ', 'U'), ('ర్చిం', 'U'), ('ప', '|'), ('స', 'U'), ('ర్వే', 'U'), ('శ్వ', '|'), ('రా', 'U')]",1.0,1.0,1.0,1.0,1.0,1.0
mattebhamu,"ఇల నా చిత్తము యోగసాధనలయం దీదాడఁగాఁ గొంతని-
శ్చలతం జేరఁగవచ్చు లేక తన వాంఛావృత్తిఁ బోనిచ్చినం
బొలుపై నీ దెసఁ జేర దట్టి దకటా భావించినం గాక కే-
వలసంబోధననేల నిల్చు ఋజువై వర్తింప సర్వేశ్వరా!",vruttamu,Sarveswara,"[('ఇ', '|'), ('ల', '|'), ('నా', 'U'), ('చి', 'U'), ('త్త', '|'), ('ము', '|'), ('యో', 'U'), ('గ', '|'), ('సా', 'U'), ('ధ', '|'), ('న', '|'), ('ల', '|'), ('యం', 'U'), ('దీ', 'U'), ('దా', 'U'), ('డ', '|'), ('గా', 'U'), ('గొం', 'U'), ('త', '|'), ('ని', 'U'), ('శ్చ', '|'), ('ల', '|'), ('తం', 'U'), ('జే', 'U'), ('ర', '|'), ('గ', '|'), ('వ', 'U'), ('చ్చు', '|'), ('లే', 'U'), ('క', '|'), ('త', '|'), ('న', '|'), ('వాం', 'U'), ('ఛా', 'U'), ('వృ', 'U'), ('త్తి', '|'), ('బో', 'U'), ('ని', 'U'), ('చ్చి', '|'), ('నం', 'U'), ('బొ', '|'), ('లు', '|'), ('పై', 'U'), ('నీ', 'U'), ('దె', '|'), ('స', '|'), ('జే', 'U'), ('ర', '|'), ('ద', 'U'), ('ట్టి', '|'), ('ద', '|'), ('క', '|'), ('టా', 'U'), ('భా', 'U'), ('విం', 'U'), ('చి', '|'), ('నం', 'U'), ('గా', 'U'), ('క', '|'), ('కే', 'U'), ('వ', '|'), ('ల', '|'), ('సం', 'U'), ('బో', 'U'), ('ధ', '|'), ('న', '|'), ('నే', 'U'), ('ల', '|'), ('ని', 'U'), ('ల్చు', '|'), ('ఋ', '|'), ('జు', '|'), ('వై', 'U'), ('వ', 'U'), ('ర్తిం', 'U'), ('ప', '|'), ('స', 'U'), ('ర్వే', 'U'), ('శ్వ', '|'), ('రా', 'U')]",0.9,1.0,1.0,1.0,0.5,1.0
mattebhamu,"ఉదకం బింకిన లావు మాలి కడుమై యష్ణింపఁగా రొంపిలోఁ
గదలం జాలని మీను వాన గురియం గ్రమ్మెక్కి పెన్నీటిలోఁ
బొదలం గన్న విధంబునన్ భవముతోఁ బోరాడు మర్త్యుండు దా
హృదయాబ్జంబున నిన్నుఁ గొల్వఁగనునే యింపొంద సర్వేశ్వరా!",vruttamu,Sarveswara,"[('ఉ', '|'), ('ద', '|'), ('కం', 'U'), ('బిం', 'U'), ('కి', '|'), ('న', '|'), ('లా', 'U'), ('వు', '|'), ('మా', 'U'), ('లి', '|'), ('క', '|'), ('డు', '|'), ('మై', 'U'), ('య', 'U'), ('ష్ణిం', 'U'), ('ప', '|'), ('గా', 'U'), ('రొం', 'U'), ('పి', '|'), ('లో', 'U'), ('గ', '|'), ('ద', '|'), ('లం', 'U'), ('జా', 'U'), ('ల', '|'), ('ని', '|'), ('మీ', 'U'), ('ను', '|'), ('వా', 'U'), ('న', '|'), ('గు', '|'), ('రి', '|'), ('యం', 'U'), ('గ్ర', 'U'), ('మ్మె', 'U'), ('క్కి', '|'), ('పె', 'U'), ('న్నీ', 'U'), ('టి', '|'), ('లో', 'U'), ('బొ', '|'), ('ద', '|'), ('లం', 'U'), ('గ', 'U'), ('న్న', '|'), ('వి', '|'), ('ధం', 'U'), ('బు', '|'), ('న', 'U'), ('న్భ', '|'), ('వ', '|'), ('ము', '|'), ('తో', 'U'), ('బో', 'U'), ('రా', 'U'), ('డు', '|'), ('మ', 'U'), ('ర్త్యుం', 'U'), ('డు', '|'), ('దా', 'U'), ('హృ', '|'), ('ద', '|'), ('యా', 'U'), ('బ్జం', 'U'), ('బు', '|'), ('న', '|'), ('ని', 'U'), ('న్ను', '|'), ('గొ', 'U'), ('ల్వ', '|'), ('గ', '|'), ('ను', '|'), ('నే', 'U'), ('యిం', 'U'), ('పొం', 'U'), ('ద', '|'), ('స', 'U'), ('ర్వే', 'U'), ('శ్వ', '|'), ('రా', 'U')]",1.0,1.0,1.0,1.0,1.0,1.0
mattebhamu,"భవదీయార్చన సేయుచోఁ బ్రథమపుష్పంబెన్న సత్యంబు రెం-
డవ పుష్పంబు దయాగుణంబును విశిష్టం బేకనిష్ఠాసమో-
త్సవసంపత్తి తృతీయ పుష్పమది భాస్వద్భక్తిసంయుక్తియో-
గవిధానం బవిలేని పూజలు మదిం గైకోవు సర్వేశ్వరా!",vruttamu,Sarveswara,"[('భ', '|'), ('వ', '|'), ('దీ', 'U'), ('యా', 'U'), ('ర్చ', '|'), ('న', '|'), ('సే', 'U'), ('యు', '|'), ('చో', 'U'), ('బ్ర', '|'), ('థ', '|'), ('మ', '|'), ('పు', 'U'), ('ష్పం', 'U'), ('బె', 'U'), ('న్న', '|'), ('స', 'U'), ('త్యం', 'U'), ('బు', '|'), ('రెం', 'U'), ('డ', '|'), ('వ', '|'), ('పు', 'U'), ('ష్పం', 'U'), ('బు', '|'), ('ద', '|'), ('యా', 'U'), ('గు', '|'), ('ణం', 'U'), ('బు', '|'), ('ను', '|'), ('వి', '|'), ('శి', 'U'), ('ష్టం', 'U'), ('బే', 'U'), ('క', '|'), ('ని', 'U'), ('ష్ఠా', 'U'), ('స', '|'), ('మో', 'U'), ('త్స', '|'), ('వ', '|'), ('సం', 'U'), ('ప', 'U'), ('త్తి', '|'), ('తృ', '|'), ('తీ', 'U'), ('య', '|'), ('పు', 'U'), ('ష్ప', '|'), ('మ', '|'), ('ది', '|'), ('భా', 'U'), ('స్వ', 'U'), ('ద్భ', 'U'), ('క్తి', '|'), ('సం', 'U'), ('యు', 'U'), ('క్తి', '|'), ('యో', 'U'), ('గ', '|'), ('వి', '|'), ('ధా', 'U'), ('నం', 'U'), ('బ', '|'), ('వి', '|'), ('లే', 'U'), ('ని', '|'), ('పూ', 'U'), ('జ', '|'), ('లు', '|'), ('మ', '|'), ('దిం', 'U'), ('గై', 'U'), ('కో', 'U'), ('వు', '|'), ('స', 'U'), ('ర్వే', 'U'), ('శ్వ', '|'), ('రా', 'U')]",1.0,1.0,1.0,1.0,1.0,1.0
mattebhamu,"అమరేంద్రాద్రి శరాసనంబు హరి దివ్యాస్త్రంబు భూమండలం-
బమరంగా రథ మర్కచంద్రులు తదీయాంగంబులై యొప్పుఁ జి-
త్రము నీకుం బురలక్ష్య మేయునెడ నుద్యద్భాతి నత్యల్పకా-
ర్యములందైనను దా మహాఘనము నీ యత్నంబు సర్వేశ్వరా!",vruttamu,Sarveswara,"[('అ', '|'), ('మ', '|'), ('రేం', 'U'), ('ద్రా', 'U'), ('ద్రి', '|'), ('శ', '|'), ('రా', 'U'), ('స', '|'), ('నం', 'U'), ('బు', '|'), ('హ', '|'), ('రి', '|'), ('ది', 'U'), ('వ్యా', 'U'), ('స్త్రం', 'U'), ('బు', '|'), ('భూ', 'U'), ('మం', 'U'), ('డ', '|'), ('లం', 'U'), ('బ', '|'), ('మ', '|'), ('రం', 'U'), ('గా', 'U'), ('ర', '|'), ('థ', '|'), ('మ', 'U'), ('ర్క', '|'), ('చం', 'U'), ('ద్రు', '|'), ('లు', '|'), ('త', '|'), ('దీ', 'U'), ('యాం', 'U'), ('గం', 'U'), ('బు', '|'), ('లై', 'U'), ('యొ', 'U'), ('ప్పు', '|'), ('జి', '|'), ('త్ర', '|'), ('ము', '|'), ('నీ', 'U'), ('కుం', 'U'), ('బు', '|'), ('ర', '|'), ('ల', 'U'), ('క్ష్య', '|'), ('మే', 'U'), ('యు', '|'), ('నె', '|'), ('డ', '|'), ('ను', 'U'), ('ద్య', 'U'), ('ద్భా', 'U'), ('తి', '|'), ('న', 'U'), ('త్య', 'U'), ('ల్ప', '|'), ('కా', 'U'), ('ర్య', '|'), ('ము', '|'), ('లం', 'U'), ('దై', 'U'), ('న', '|'), ('ను', '|'), ('దా', 'U'), ('మ', '|'), ('హా', 'U'), ('ఘ', '|'), ('న', '|'), ('ము', '|'), ('నీ', 'U'), ('య', 'U'), ('త్నం', 'U'), ('బు', '|'), ('స', 'U'), ('ర్వే', 'U'), ('శ్వ', '|'), ('రా', 'U')]",0.9428571428571428,1.0,1.0,0.9642857142857143,0.75,1.0
mattebhamu,"దివిజేంద్రత్వముఁ బద్మజత్వము జగత్సేవ్యస్థిరానర్గళో-
త్సవరూపంబగు కేశవత్వమును నీ సద్భక్తి సంవృద్ధిలో
లవమాత్రస్థితు లెన్న భక్తిజనితోల్లాసావనోద్యత్సుఖా-
ర్జవసౌభాగ్యము మాన మెవ్వరికిఁ జెప్ప న్వచ్చు సర్వేశ్వరా!",vruttamu,Sarveswara,"[('ది', '|'), ('వి', '|'), ('జేం', 'U'), ('ద్ర', 'U'), ('త్వ', '|'), ('ము', '|'), ('బ', 'U'), ('ద్మ', '|'), ('జ', 'U'), ('త్వ', '|'), ('ము', '|'), ('జ', '|'), ('గ', 'U'), ('త్సే', 'U'), ('వ్య', 'U'), ('స్థి', '|'), ('రా', 'U'), ('న', 'U'), ('ర్గ', '|'), ('ళో', 'U'), ('త్స', '|'), ('వ', '|'), ('రూ', 'U'), ('పం', 'U'), ('బ', '|'), ('గు', '|'), ('కే', 'U'), ('శ', '|'), ('వ', 'U'), ('త్వ', '|'), ('ము', '|'), ('ను', '|'), ('నీ', 'U'), ('స', 'U'), ('ద్భ', 'U'), ('క్తి', '|'), ('సం', 'U'), ('వృ', 'U'), ('ద్ధి', '|'), ('లో', 'U'), ('ల', '|'), ('వ', '|'), ('మా', 'U'), ('త్ర', 'U'), ('స్థి', '|'), ('తు', '|'), ('లె', 'U'), ('న్న', '|'), ('భ', 'U'), ('క్తి', '|'), ('జ', '|'), ('ని', '|'), ('తో', 'U'), ('ల్లా', 'U'), ('సా', 'U'), ('వ', '|'), ('నో', 'U'), ('ద్య', 'U'), ('త్సు', '|'), ('ఖా', 'U'), ('ర్జ', '|'), ('వ', '|'), ('సౌ', 'U'), ('భా', 'U'), ('గ్య', '|'), ('ము', '|'), ('మా', 'U'), ('న', '|'), ('మె', 'U'), ('వ్వ', '|'), ('రి', '|'), ('కి', '|'), ('జె', 'U'), ('ప్ప', 'U'), ('న్వ', 'U'), ('చ్చు', '|'), ('స', 'U'), ('ర్వే', 'U'), ('శ్వ', '|'), ('రా', 'U')]",0.95,1.0,1.0,1.0,0.75,1.0
mattebhamu,"పరమార్థంబుగ నా మనంబున భవద్భక్తిప్రభావంబు వి-
స్తరమై పుట్టదు పుట్టినం బ్రబల దంతం గొంత వర్ధిల్లెనే
విరసంబై యటమీఁదఁ జిక్కువడుఁ భావింపంగ నెట్లన్న న-
స్థిరుఁడం గాన జడుండఁ గాన బకవేషిం గాన సర్వేశ్వరా!",vruttamu,Sarveswara,"[('ప', '|'), ('ర', '|'), ('మా', 'U'), ('ర్థం', 'U'), ('బు', '|'), ('గ', '|'), ('నా', 'U'), ('మ', '|'), ('నం', 'U'), ('బు', '|'), ('న', '|'), ('భ', '|'), ('వ', 'U'), ('ద్భ', 'U'), ('క్తి', '|'), ('ప్ర', '|'), ('భా', 'U'), ('వం', 'U'), ('బు', '|'), ('వి', 'U'), ('స్త', '|'), ('ర', '|'), ('మై', 'U'), ('పు', 'U'), ('ట్ట', '|'), ('దు', '|'), ('పు', 'U'), ('ట్టి', '|'), ('నం', 'U'), ('బ్ర', '|'), ('బ', '|'), ('ల', '|'), ('దం', 'U'), ('తం', 'U'), ('గొం', 'U'), ('త', '|'), ('వ', 'U'), ('ర్ధి', 'U'), ('ల్లె', '|'), ('నే', 'U'), ('వి', '|'), ('ర', '|'), ('సం', 'U'), ('బై', 'U'), ('య', '|'), ('ట', '|'), ('మీ', 'U'), ('ద', '|'), ('జి', 'U'), ('క్కు', '|'), ('వ', '|'), ('డు', '|'), ('భా', 'U'), ('విం', 'U'), ('పం', 'U'), ('గ', '|'), ('నె', 'U'), ('ట్ల', 'U'), ('న్న', '|'), ('న', 'U'), ('స్థి', '|'), ('రు', '|'), ('డం', 'U'), ('గా', 'U'), ('న', '|'), ('జ', '|'), ('డుం', 'U'), ('డ', '|'), ('గా', 'U'), ('న', '|'), ('బ', '|'), ('క', '|'), ('వే', 'U'), ('షిం', 'U'), ('గా', 'U'), ('న', '|'), ('స', 'U'), ('ర్వే', 'U'), ('శ్వ', '|'), ('రా', 'U')]",0.9928571428571429,1.0,1.0,0.9642857142857143,1.0,1.0
saardulamu,"శ్రీకంఠాయ నమోనమో నతసురజ్యేష్ఠాయ రుద్రాయ లిం-
గాకారాయ నమోనమో విగతసంసారాయ శాంతాయ చం-
ద్రాకల్పాయ నమోనమో దురితసంహారాయ తే యంచు ని-
న్నాకాంక్షం బ్రణుతించు మానవుఁడు నీవై యుండు సర్వేశ్వరా!",vruttamu,Sarveswara,"[('శ్రీ', 'U'), ('కం', 'U'), ('ఠా', 'U'), ('య', '|'), ('న', '|'), ('మో', 'U'), ('న', '|'), ('మో', 'U'), ('న', '|'), ('త', '|'), ('సు', '|'), ('ర', 'U'), ('జ్యే', 'U'), ('ష్ఠా', 'U'), ('య', '|'), ('రు', '|'), ('ద్రా', 'U'), ('య', '|'), ('లిం', 'U'), ('గా', 'U'), ('కా', 'U'), ('రా', 'U'), ('య', '|'), ('న', '|'), ('మో', 'U'), ('న', '|'), ('మో', 'U'), ('వి', '|'), ('గ', '|'), ('త', '|'), ('సం', 'U'), ('సా', 'U'), ('రా', 'U'), ('య', '|'), ('శాం', 'U'), ('తా', 'U'), ('య', '|'), ('చం', 'U'), ('ద్రా', 'U'), ('క', 'U'), ('ల్పా', 'U'), ('య', '|'), ('న', '|'), ('మో', 'U'), ('న', '|'), ('మో', 'U'), ('దు', '|'), ('రి', '|'), ('త', '|'), ('సం', 'U'), ('హా', 'U'), ('రా', 'U'), ('య', '|'), ('తే', 'U'), ('యం', 'U'), ('చు', '|'), ('ని', 'U'), ('న్నా', 'U'), ('కాం', 'U'), ('క్షం', 'U'), ('బ్ర', '|'), ('ణు', '|'), ('తిం', 'U'), ('చు', '|'), ('మా', 'U'), ('న', '|'), ('వు', '|'), ('డు', '|'), ('నీ', 'U'), ('వై', 'U'), ('యుం', 'U'), ('డు', '|'), ('స', 'U'), ('ర్వే', 'U'), ('శ్వ', '|'), ('రా', 'U')]",0.8428571428571429,1.0,1.0,0.9642857142857143,0.25,1.0
mattebhamu,"భువనోత్పత్తి విధించుచో భవుఁడవై పొల్పొందఁగా దాని ను-
త్సవలీలం బ్రభవించుచో మృడుఁడవై సర్వంబుఁ గల్పాంతభై-
రవసంక్షోభ నటించుచో హరుఁడవై త్రైగుణ్యశక్తిం దుదిన్
శివనామాంకముఁ దాల్చు నీ మహిమ దాఁ జిత్రంబు సర్వేశ్వరా!",vruttamu,Sarveswara,"[('భు', '|'), ('వ', '|'), ('నో', 'U'), ('త్ప', 'U'), ('త్తి', '|'), ('వి', '|'), ('ధిం', 'U'), ('చు', '|'), ('చో', 'U'), ('భ', '|'), ('వు', '|'), ('డ', '|'), ('వై', 'U'), ('పొ', 'U'), ('ల్పొం', 'U'), ('ద', '|'), ('గా', 'U'), ('దా', 'U'), ('ని', '|'), ('ను', 'U'), ('త్స', '|'), ('వ', '|'), ('లీ', 'U'), ('లం', 'U'), ('బ్ర', '|'), ('భ', '|'), ('విం', 'U'), ('చు', '|'), ('చో', 'U'), ('మృ', '|'), ('డు', '|'), ('డ', '|'), ('వై', 'U'), ('స', 'U'), ('ర్వం', 'U'), ('బు', '|'), ('గ', 'U'), ('ల్పాం', 'U'), ('త', '|'), ('భై', 'U'), ('ర', '|'), ('వ', '|'), ('సం', 'U'), ('క్షో', 'U'), ('భ', '|'), ('న', '|'), ('టిం', 'U'), ('చు', '|'), ('చో', 'U'), ('హ', '|'), ('రు', '|'), ('డ', '|'), ('వై', 'U'), ('త్రై', 'U'), ('గు', 'U'), ('ణ్య', '|'), ('శ', 'U'), ('క్తిం', 'U'), ('దు', '|'), ('దిన్', 'U'), ('శి', '|'), ('వ', '|'), ('నా', 'U'), ('మాం', 'U'), ('క', '|'), ('ము', '|'), ('దా', 'U'), ('ల్చు', '|'), ('నీ', 'U'), ('మ', '|'), ('హి', '|'), ('మ', '|'), ('దా', 'U'), ('జి', '|'), ('త్రం', 'U'), ('బు', '|'), ('స', 'U'), ('ర్వే', 'U'), ('శ్వ', '|'), ('రా', 'U')]",0.9928571428571429,1.0,1.0,0.9642857142857143,1.0,1.0
mattebhamu,"కులశైలంబులు పాదు పెల్లగిలి దిక్కూలంబునం గూలినం
జలజాతప్రియశీతభానులు యథాసంచారము ల్దప్పినం
జలధు ల్మేరల నాక్రమించి సముదంచద్భంగి నుప్పొంగినన్
దలఁకం డుబ్బఁడు చొప్పుఁ దప్పఁడు భవద్భక్తుండు సర్వేశ్వరా!",vruttamu,Sarveswara,"[('కు', '|'), ('ల', '|'), ('శై', 'U'), ('లం', 'U'), ('బు', '|'), ('లు', '|'), ('పా', 'U'), ('దు', '|'), ('పె', 'U'), ('ల్ల', '|'), ('గి', '|'), ('లి', '|'), ('ది', 'U'), ('క్కూ', 'U'), ('లం', 'U'), ('బు', '|'), ('నం', 'U'), ('గూ', 'U'), ('లి', '|'), ('నం', 'U'), ('జ', '|'), ('ల', '|'), ('జా', 'U'), ('త', '|'), ('ప్రి', '|'), ('య', '|'), ('శీ', 'U'), ('త', '|'), ('భా', 'U'), ('ను', '|'), ('లు', '|'), ('య', '|'), ('థా', 'U'), ('సం', 'U'), ('చా', 'U'), ('ర', '|'), ('ము', 'U'), ('ల్ద', 'U'), ('ప్పి', '|'), ('నం', 'U'), ('జ', '|'), ('ల', '|'), ('ధు', 'U'), ('ల్మే', 'U'), ('ర', '|'), ('ల', '|'), ('నా', 'U'), ('క్ర', '|'), ('మిం', 'U'), ('చి', '|'), ('స', '|'), ('ము', '|'), ('దం', 'U'), ('చ', 'U'), ('ద్భం', 'U'), ('గి', '|'), ('ను', 'U'), ('ప్పొం', 'U'), ('గి', '|'), ('నన్', 'U'), ('ద', '|'), ('ల', '|'), ('కం', 'U'), ('డు', 'U'), ('బ్బ', '|'), ('డు', '|'), ('చొ', 'U'), ('ప్పు', '|'), ('ద', 'U'), ('ప్ప', '|'), ('డు', '|'), ('భ', '|'), ('వ', 'U'), ('ద్భ', 'U'), ('క్తుం', 'U'), ('డు', '|'), ('స', 'U'), ('ర్వే', 'U'), ('శ్వ', '|'), ('రా', 'U')]",0.9928571428571429,1.0,1.0,0.9642857142857143,1.0,1.0
saardulamu,"శూలస్థాపితుఁడైన మానవునకున్ శూలంబు దుర్వారవా-
త్యాలిం గంపము నొందకుండుట సుఖంబై తోఁచు మాడ్కిన్ భవా-
భీలజ్వాలలఁ గ్రాఁగు మానవునకున్ బింబాధరల్ హారవ-
స్త్రాలంకారము లించుకించుక సుఖంబై తోఁచు సర్వేశ్వరా!",vruttamu,Sarveswara,"[('శూ', 'U'), ('ల', 'U'), ('స్థా', 'U'), ('పి', '|'), ('తు', '|'), ('డై', 'U'), ('న', '|'), ('మా', 'U'), ('న', '|'), ('వు', '|'), ('న', '|'), ('కు', 'U'), ('న్శూ', 'U'), ('లం', 'U'), ('బు', '|'), ('దు', 'U'), ('ర్వా', 'U'), ('ర', '|'), ('వా', 'U'), ('త్యా', 'U'), ('లిం', 'U'), ('గం', 'U'), ('ప', '|'), ('ము', '|'), ('నొం', 'U'), ('ద', '|'), ('కుం', 'U'), ('డు', '|'), ('ట', '|'), ('సు', '|'), ('ఖం', 'U'), ('బై', 'U'), ('తో', 'U'), ('చు', '|'), ('మా', 'U'), ('డ్కి', 'U'), ('న్భ', '|'), ('వా', 'U'), ('భీ', 'U'), ('ల', 'U'), ('జ్వా', 'U'), ('ల', '|'), ('ల', '|'), ('గ్రా', 'U'), ('గు', '|'), ('మా', 'U'), ('న', '|'), ('వు', '|'), ('న', '|'), ('కు', 'U'), ('న్బిం', 'U'), ('బా', 'U'), ('ధ', '|'), ('ర', 'U'), ('ల్హా', 'U'), ('ర', '|'), ('వ', 'U'), ('స్త్రా', 'U'), ('లం', 'U'), ('కా', 'U'), ('ర', '|'), ('ము', '|'), ('లిం', 'U'), ('చు', '|'), ('కిం', 'U'), ('చు', '|'), ('క', '|'), ('సు', '|'), ('ఖం', 'U'), ('బై', 'U'), ('తో', 'U'), ('చు', '|'), ('స', 'U'), ('ర్వే', 'U'), ('శ్వ', '|'), ('రా', 'U')]",0.9,1.0,1.0,1.0,0.5,1.0
saardulamu,"ఆకాశానలచంద్రసూర్యపవమానాత్మాంబువిశ్వంభరా-
ప్రాకామ్యాంచితమూర్తి భేదముల నీ బ్రహ్మాండనానాఘటా-
నీకప్రాకట జీవభావవిలసన్నిర్మాణకర్మాద్భుతా-
స్తోకశ్రీకరమూర్తియై వెలుఁగు నీ స్థూలంబు సర్వేశ్వరా!",vruttamu,Sarveswara,"[('ఆ', 'U'), ('కా', 'U'), ('శా', 'U'), ('న', '|'), ('ల', '|'), ('చం', 'U'), ('ద్ర', '|'), ('సూ', 'U'), ('ర్య', '|'), ('ప', '|'), ('వ', '|'), ('మా', 'U'), ('నా', 'U'), ('త్మాం', 'U'), ('బు', '|'), ('వి', 'U'), ('శ్వం', 'U'), ('భ', '|'), ('రా', 'U'), ('ప్రా', 'U'), ('కా', 'U'), ('మ్యాం', 'U'), ('చి', '|'), ('త', '|'), ('మూ', 'U'), ('ర్తి', '|'), ('భే', 'U'), ('ద', '|'), ('ము', '|'), ('ల', '|'), ('నీ', 'U'), ('బ్ర', 'U'), ('హ్మాం', 'U'), ('డ', '|'), ('నా', 'U'), ('నా', 'U'), ('ఘ', '|'), ('టా', 'U'), ('నీ', 'U'), ('క', '|'), ('ప్రా', 'U'), ('క', '|'), ('ట', '|'), ('జీ', 'U'), ('వ', '|'), ('భా', 'U'), ('వ', '|'), ('వి', '|'), ('ల', '|'), ('స', 'U'), ('న్ని', 'U'), ('ర్మా', 'U'), ('ణ', '|'), ('క', 'U'), ('ర్మా', 'U'), ('ద్భు', '|'), ('తా', 'U'), ('స్తో', 'U'), ('క', '|'), ('శ్రీ', 'U'), ('క', '|'), ('ర', '|'), ('మూ', 'U'), ('ర్తి', '|'), ('యై', 'U'), ('వె', '|'), ('లు', '|'), ('గు', '|'), ('నీ', 'U'), ('స్థూ', 'U'), ('లం', 'U'), ('బు', '|'), ('స', 'U'), ('ర్వే', 'U'), ('శ్వ', '|'), ('రా', 'U')]",0.9357142857142857,1.0,1.0,0.9285714285714286,0.75,1.0
mattebhamu,"అతివాగ్జాలమునై యజాండనిలయంబై యాదిమధ్యాంతవ-
ర్జితమై నిర్గుణనిష్కలంకపదమై సిద్ధాంతమధ్యాత్మసం-
యుతమై కోటిరవిప్రకాశయుతమై యోంకారమంత్రాదిసం-
స్తుతమై యెంచ నచింత్యమై వెలుఁగు నీ సూక్ష్మంబు సర్వేశ్వరా!",vruttamu,Sarveswara,"[('అ', '|'), ('తి', '|'), ('వా', 'U'), ('గ్జా', 'U'), ('ల', '|'), ('ము', '|'), ('నై', 'U'), ('య', '|'), ('జాం', 'U'), ('డ', '|'), ('ని', '|'), ('ల', '|'), ('యం', 'U'), ('బై', 'U'), ('యా', 'U'), ('ది', '|'), ('మ', 'U'), ('ధ్యాం', 'U'), ('త', '|'), ('వ', 'U'), ('ర్జి', '|'), ('త', '|'), ('మై', 'U'), ('ని', 'U'), ('ర్గు', '|'), ('ణ', '|'), ('ని', 'U'), ('ష్క', '|'), ('లం', 'U'), ('క', '|'), ('ప', '|'), ('ద', '|'), ('మై', 'U'), ('సి', 'U'), ('ద్ధాం', 'U'), ('త', '|'), ('మ', 'U'), ('ధ్యా', 'U'), ('త్మ', '|'), ('సం', 'U'), ('యు', '|'), ('త', '|'), ('మై', 'U'), ('కో', 'U'), ('టి', '|'), ('ర', '|'), ('వి', '|'), ('ప్ర', '|'), ('కా', 'U'), ('శ', '|'), ('యు', '|'), ('త', '|'), ('మై', 'U'), ('యోం', 'U'), ('కా', 'U'), ('ర', '|'), ('మం', 'U'), ('త్రా', 'U'), ('ది', '|'), ('సం', 'U'), ('స్తు', '|'), ('త', '|'), ('మై', 'U'), ('యెం', 'U'), ('చ', '|'), ('న', '|'), ('చిం', 'U'), ('త్య', '|'), ('మై', 'U'), ('వె', '|'), ('లు', '|'), ('గు', '|'), ('నీ', 'U'), ('సూ', 'U'), ('క్ష్మం', 'U'), ('బు', '|'), ('స', 'U'), ('ర్వే', 'U'), ('శ్వ', '|'), ('రా', 'U')]",0.9428571428571428,1.0,1.0,0.9642857142857143,0.75,1.0
mattebhamu,"అజుఁడై సృష్టి యొనర్చు రాజసముచే నందంబుగాఁ దా నధో-
క్షజుఁడై వర్ధిలఁజేయు సాత్త్వికము సంప్రవ్యక్తిగా గోపతి-
ధ్వజుఁడై సంహృతిసేయుఁ దామసమునం దత్సర్వముం గూడఁగా
నిజవిస్ఫూర్తి వెలుంగుఁ దుర్యమగుచున్ నీ యాజ్ఞ సర్వేశ్వరా!",vruttamu,Sarveswara,"[('అ', '|'), ('జు', '|'), ('డై', 'U'), ('సృ', 'U'), ('ష్టి', '|'), ('యొ', '|'), ('న', 'U'), ('ర్చు', '|'), ('రా', 'U'), ('జ', '|'), ('స', '|'), ('ము', '|'), ('చే', 'U'), ('నం', 'U'), ('దం', 'U'), ('బు', '|'), ('గా', 'U'), ('దా', 'U'), ('న', '|'), ('ధో', 'U'), ('క్ష', '|'), ('జు', '|'), ('డై', 'U'), ('వ', 'U'), ('ర్ధి', '|'), ('ల', '|'), ('జే', 'U'), ('యు', '|'), ('సా', 'U'), ('త్త్వి', '|'), ('క', '|'), ('ము', '|'), ('సం', 'U'), ('ప్ర', 'U'), ('వ్య', 'U'), ('క్తి', '|'), ('గా', 'U'), ('గో', 'U'), ('ప', '|'), ('తి', 'U'), ('ధ్వ', '|'), ('జు', '|'), ('డై', 'U'), ('సం', 'U'), ('హృ', '|'), ('తి', '|'), ('సే', 'U'), ('యు', '|'), ('దా', 'U'), ('మ', '|'), ('స', '|'), ('ము', '|'), ('నం', 'U'), ('ద', 'U'), ('త్స', 'U'), ('ర్వ', '|'), ('ముం', 'U'), ('గూ', 'U'), ('డ', '|'), ('గా', 'U'), ('ని', '|'), ('జ', '|'), ('వి', 'U'), ('స్ఫూ', 'U'), ('ర్తి', '|'), ('వె', '|'), ('లుం', 'U'), ('గు', '|'), ('దు', 'U'), ('ర్య', '|'), ('మ', '|'), ('గు', '|'), ('చు', 'U'), ('న్నీ', 'U'), ('యా', 'U'), ('జ్ఞ', '|'), ('స', 'U'), ('ర్వే', 'U'), ('శ్వ', '|'), ('రా', 'U')]",0.9,1.0,1.0,1.0,0.5,1.0
mattebhamu,"సకలాధీశ్వరపట్టభద్రుఁడవు భిక్షాగామి వత్యంతశాం-
తకళాత్ముండవు రౌద్రమూర్తి వతిసౌందర్యాంబికాసంగమా-
ధికలోలుండవు దివ్యయోగివి మదిం దెల్లంబుగా నెట్టివా-
రికిఁ దా శక్యమే నీ నిజం బరసి వర్ణింపంగ సర్వేశ్వరా!",vruttamu,Sarveswara,"[('స', '|'), ('క', '|'), ('లా', 'U'), ('ధీ', 'U'), ('శ్వ', '|'), ('ర', '|'), ('ప', 'U'), ('ట్ట', '|'), ('భ', '|'), ('ద్రు', '|'), ('డ', '|'), ('వు', '|'), ('భి', 'U'), ('క్షా', 'U'), ('గా', 'U'), ('మి', '|'), ('వ', 'U'), ('త్యం', 'U'), ('త', '|'), ('శాం', 'U'), ('త', '|'), ('క', '|'), ('ళా', 'U'), ('త్ముం', 'U'), ('డ', '|'), ('వు', '|'), ('రౌ', 'U'), ('ద్ర', '|'), ('మూ', 'U'), ('ర్తి', '|'), ('వ', '|'), ('తి', '|'), ('సౌం', 'U'), ('ద', 'U'), ('ర్యాం', 'U'), ('బి', '|'), ('కా', 'U'), ('సం', 'U'), ('గ', '|'), ('మా', 'U'), ('ధి', '|'), ('క', '|'), ('లో', 'U'), ('లుం', 'U'), ('డ', '|'), ('వు', '|'), ('ది', 'U'), ('వ్య', '|'), ('యో', 'U'), ('గి', '|'), ('వి', '|'), ('మ', '|'), ('దిం', 'U'), ('దె', 'U'), ('ల్లం', 'U'), ('బు', '|'), ('గా', 'U'), ('నె', 'U'), ('ట్టి', '|'), ('వా', 'U'), ('రి', '|'), ('కి', '|'), ('దా', 'U'), ('శ', 'U'), ('క్య', '|'), ('మే', 'U'), ('నీ', 'U'), ('ని', '|'), ('జం', 'U'), ('బ', '|'), ('ర', '|'), ('సి', '|'), ('వ', 'U'), ('ర్ణిం', 'U'), ('పం', 'U'), ('గ', '|'), ('స', 'U'), ('ర్వే', 'U'), ('శ్వ', '|'), ('రా', 'U')]",0.9857142857142858,1.0,1.0,0.9285714285714286,1.0,1.0
mattebhamu,"భవదుఃఖార్ణవయానపాత్రము పరబ్రహ్మంబు యోగీంద్రహృ-
ద్భవనప్రస్ఫురితప్రదీపము నఘధ్వాంతార్కబింబం బతి-
శ్రవణానందకరంబు సన్మునిగణస్వాధ్యాయపాఠంబు మీ
శివనామాంకము భక్తపుంగవ సదా సేవ్యంబు సర్వేశ్వరా!",vruttamu,Sarveswara,"[('భ', '|'), ('వ', '|'), ('దుః', 'U'), ('ఖా', 'U'), ('ర్ణ', '|'), ('వ', '|'), ('యా', 'U'), ('న', '|'), ('పా', 'U'), ('త్ర', '|'), ('ము', '|'), ('ప', '|'), ('ర', '|'), ('బ్ర', 'U'), ('హ్మం', 'U'), ('బు', '|'), ('యో', 'U'), ('గీం', 'U'), ('ద్ర', '|'), ('హృ', 'U'), ('ద్భ', '|'), ('వ', '|'), ('న', '|'), ('ప్ర', 'U'), ('స్ఫు', '|'), ('రి', '|'), ('త', '|'), ('ప్ర', '|'), ('దీ', 'U'), ('ప', '|'), ('ము', '|'), ('న', '|'), ('ఘ', 'U'), ('ధ్వాం', 'U'), ('తా', 'U'), ('ర్క', '|'), ('బిం', 'U'), ('బం', 'U'), ('బ', '|'), ('తి', '|'), ('శ్ర', '|'), ('వ', '|'), ('ణా', 'U'), ('నం', 'U'), ('ద', '|'), ('క', '|'), ('రం', 'U'), ('బు', '|'), ('స', 'U'), ('న్ము', '|'), ('ని', '|'), ('గ', '|'), ('ణ', 'U'), ('స్వా', 'U'), ('ధ్యా', 'U'), ('య', '|'), ('పా', 'U'), ('ఠం', 'U'), ('బు', '|'), ('మీ', 'U'), ('శి', '|'), ('వ', '|'), ('నా', 'U'), ('మాం', 'U'), ('క', '|'), ('ము', '|'), ('భ', 'U'), ('క్త', '|'), ('పుం', 'U'), ('గ', '|'), ('వ', '|'), ('స', '|'), ('దా', 'U'), ('సే', 'U'), ('వ్యం', 'U'), ('బు', '|'), ('స', 'U'), ('ర్వే', 'U'), ('శ్వ', '|'), ('రా', 'U')]",0.9714285714285715,1.0,1.0,0.8571428571428571,1.0,1.0
mattebhamu,"అణిమాద్యష్టగుణప్రసిద్ధులు త్రిలోకారాధ్యు లుద్యద్వచో-
మణికోటిప్రతిమప్రభాపటలు లున్మాదేంద్రియధ్వాంతభీ-
షణదైత్యేంద్రవినాశకారణమహాశౌర్యోన్నతు ల్లోకర-
క్షణదక్తుల్ వినుతింప నీ ప్రమథసంఘాతంబు సర్వేశ్వరా!",vruttamu,Sarveswara,"[('అ', '|'), ('ణి', '|'), ('మా', 'U'), ('ద్య', 'U'), ('ష్ట', '|'), ('గు', '|'), ('ణ', '|'), ('ప్ర', '|'), ('సి', 'U'), ('ద్ధు', '|'), ('లు', '|'), ('త్రి', '|'), ('లో', 'U'), ('కా', 'U'), ('రా', 'U'), ('ధ్యు', '|'), ('లు', 'U'), ('ద్య', 'U'), ('ద్వ', '|'), ('చో', 'U'), ('మ', '|'), ('ణి', '|'), ('కో', 'U'), ('టి', '|'), ('ప్ర', '|'), ('తి', '|'), ('మ', '|'), ('ప్ర', '|'), ('భా', 'U'), ('ప', '|'), ('ట', '|'), ('లు', '|'), ('లు', 'U'), ('న్మా', 'U'), ('దేం', 'U'), ('ద్రి', '|'), ('య', 'U'), ('ధ్వాం', 'U'), ('త', '|'), ('భీ', 'U'), ('ష', '|'), ('ణ', '|'), ('దై', 'U'), ('త్యేం', 'U'), ('ద్ర', '|'), ('వి', '|'), ('నా', 'U'), ('శ', '|'), ('కా', 'U'), ('ర', '|'), ('ణ', '|'), ('మ', '|'), ('హా', 'U'), ('శౌ', 'U'), ('ర్యో', 'U'), ('న్న', '|'), ('తు', 'U'), ('ల్లో', 'U'), ('క', '|'), ('ర', 'U'), ('క్ష', '|'), ('ణ', '|'), ('ద', 'U'), ('క్తు', 'U'), ('ల్వి', '|'), ('ను', '|'), ('తిం', 'U'), ('ప', '|'), ('నీ', 'U'), ('ప్ర', '|'), ('మ', '|'), ('థ', '|'), ('సం', 'U'), ('ఘా', 'U'), ('తం', 'U'), ('బు', '|'), ('స', 'U'), ('ర్వే', 'U'), ('శ్వ', '|'), ('రా', 'U')]",0.9285714285714285,1.0,1.0,0.8928571428571429,0.75,1.0
mattebhamu,"సకలాధీశ్వరులై గణాధిపతులై సర్వజ్ఞులై నిత్యులై
యకలంకాత్మకులై మహామహిములై యంభోజగర్భాండర-
క్షకులై యుండుదు రెల్లవారును భవత్సద్భక్తి నానాగణా-
ధికలీలావిధి నంతరంగముల వర్తింపంగ సర్వేశ్వరా!",vruttamu,Sarveswara,"[('స', '|'), ('క', '|'), ('లా', 'U'), ('ధీ', 'U'), ('శ్వ', '|'), ('రు', '|'), ('లై', 'U'), ('గ', '|'), ('ణా', 'U'), ('ధి', '|'), ('ప', '|'), ('తు', '|'), ('లై', 'U'), ('స', 'U'), ('ర్వ', 'U'), ('జ్ఞు', '|'), ('లై', 'U'), ('ని', 'U'), ('త్యు', '|'), ('లై', 'U'), ('య', '|'), ('క', '|'), ('లం', 'U'), ('కా', 'U'), ('త్మ', '|'), ('కు', '|'), ('లై', 'U'), ('మ', '|'), ('హా', 'U'), ('మ', '|'), ('హి', '|'), ('ము', '|'), ('లై', 'U'), ('యం', 'U'), ('భో', 'U'), ('జ', '|'), ('గ', 'U'), ('ర్భాం', 'U'), ('డ', '|'), ('ర', 'U'), ('క్ష', '|'), ('కు', '|'), ('లై', 'U'), ('యుం', 'U'), ('డు', '|'), ('దు', '|'), ('రె', 'U'), ('ల్ల', '|'), ('వా', 'U'), ('రు', '|'), ('ను', '|'), ('భ', '|'), ('వ', 'U'), ('త్స', 'U'), ('ద్భ', 'U'), ('క్తి', '|'), ('నా', 'U'), ('నా', 'U'), ('గ', '|'), ('ణా', 'U'), ('ధి', '|'), ('క', '|'), ('లీ', 'U'), ('లా', 'U'), ('వి', '|'), ('ధి', '|'), ('నం', 'U'), ('త', '|'), ('రం', 'U'), ('గ', '|'), ('ము', '|'), ('ల', '|'), ('వ', 'U'), ('ర్తిం', 'U'), ('పం', 'U'), ('గ', '|'), ('స', 'U'), ('ర్వే', 'U'), ('శ్వ', '|'), ('రా', 'U')]",1.0,1.0,1.0,1.0,1.0,1.0
mattebhamu,"అమరేంద్రాబ్జభవాచ్యుతాదులకు నీ యాజ్ఞాప్రభావం బలం-
ఘ్యము నీకు భవదీయభక్తమహదాజ్ఞాపంబు నుద్యత్ప్రభా-
వము లోకంబులలో నలంఘ్యమగుట న్వర్ణింపఁగా నీ మహ-
త్త్వముకంటెం గడుఁ జెల్లు భక్తుల మహత్త్వంబెన్న సర్వేశ్వరా!",vruttamu,Sarveswara,"[('అ', '|'), ('మ', '|'), ('రేం', 'U'), ('ద్రా', 'U'), ('బ్జ', '|'), ('భ', '|'), ('వా', 'U'), ('చ్యు', '|'), ('తా', 'U'), ('దు', '|'), ('ల', '|'), ('కు', '|'), ('నీ', 'U'), ('యా', 'U'), ('జ్ఞా', 'U'), ('ప్ర', '|'), ('భా', 'U'), ('వం', 'U'), ('బ', '|'), ('లం', 'U'), ('ఘ్య', '|'), ('ము', '|'), ('నీ', 'U'), ('కు', '|'), ('భ', '|'), ('వ', '|'), ('దీ', 'U'), ('య', '|'), ('భ', 'U'), ('క్త', '|'), ('మ', '|'), ('హ', '|'), ('దా', 'U'), ('జ్ఞా', 'U'), ('పం', 'U'), ('బు', '|'), ('ను', 'U'), ('ద్య', 'U'), ('త్ప్ర', '|'), ('భా', 'U'), ('వ', '|'), ('ము', '|'), ('లో', 'U'), ('కం', 'U'), ('బు', '|'), ('ల', '|'), ('లో', 'U'), ('న', '|'), ('లం', 'U'), ('ఘ్య', '|'), ('మ', '|'), ('గు', '|'), ('ట', 'U'), ('న్వ', 'U'), ('ర్ణిం', 'U'), ('ప', '|'), ('గా', 'U'), ('నీ', 'U'), ('మ', '|'), ('హ', 'U'), ('త్త్వ', '|'), ('ము', '|'), ('కం', 'U'), ('టెం', 'U'), ('గ', '|'), ('డు', '|'), ('జె', 'U'), ('ల్లు', '|'), ('భ', 'U'), ('క్తు', '|'), ('ల', '|'), ('మ', '|'), ('హ', 'U'), ('త్త్వం', 'U'), ('బె', 'U'), ('న్న', '|'), ('స', 'U'), ('ర్వే', 'U'), ('శ్వ', '|'), ('రా', 'U')]",0.9428571428571428,1.0,1.0,0.9642857142857143,0.75,1.0
mattebhamu,"శివసాహిత్యుల సత్కరస్థలము కాశీక్షేత్రమా హస్తదే-
శవిశాలోన్నతశాఖ లారయఁగఁ బంచక్రోశమా పాణిసం-
భవశోభాన్వితచిత్రరేఖలు మహాభాగీరథీతీర్థముల్
శివలింగం బల విశ్వనాథుఁ డరయన్ సిద్ధంబు సర్వేశ్వరా!",vruttamu,Sarveswara,"[('శి', '|'), ('వ', '|'), ('సా', 'U'), ('హి', 'U'), ('త్యు', '|'), ('ల', '|'), ('స', 'U'), ('త్క', '|'), ('ర', 'U'), ('స్థ', '|'), ('ల', '|'), ('ము', '|'), ('కా', 'U'), ('శీ', 'U'), ('క్షే', 'U'), ('త్ర', '|'), ('మా', 'U'), ('హ', 'U'), ('స్త', '|'), ('దే', 'U'), ('శ', '|'), ('వి', '|'), ('శా', 'U'), ('లో', 'U'), ('న్న', '|'), ('త', '|'), ('శా', 'U'), ('ఖ', '|'), ('లా', 'U'), ('ర', '|'), ('య', '|'), ('గ', '|'), ('బం', 'U'), ('చ', '|'), ('క్రో', 'U'), ('శ', '|'), ('మా', 'U'), ('పా', 'U'), ('ణి', '|'), ('సం', 'U'), ('భ', '|'), ('వ', '|'), ('శో', 'U'), ('భా', 'U'), ('న్వి', '|'), ('త', '|'), ('చి', '|'), ('త్ర', '|'), ('రే', 'U'), ('ఖ', '|'), ('లు', '|'), ('మ', '|'), ('హా', 'U'), ('భా', 'U'), ('గీ', 'U'), ('ర', '|'), ('థీ', 'U'), ('తీ', 'U'), ('ర్థ', '|'), ('ముల్', 'U'), ('శి', '|'), ('వ', '|'), ('లిం', 'U'), ('గం', 'U'), ('బ', '|'), ('ల', '|'), ('వి', 'U'), ('శ్వ', '|'), ('నా', 'U'), ('థు', '|'), ('డ', '|'), ('ర', '|'), ('య', 'U'), ('న్సి', 'U'), ('ద్ధం', 'U'), ('బు', '|'), ('స', 'U'), ('ర్వే', 'U'), ('శ్వ', '|'), ('రా', 'U')]",0.9857142857142858,1.0,1.0,0.9285714285714286,1.0,1.0
mattebhamu,"వరుసం బైకొనివచ్చు కర్మములు మున్వారించి మాయామల-
జ్వరము ల్గూల్చి యపారఘోరతరసంసారాబ్ధి లంఘించి భీ-
కరసూక్ష్మాంగవిచిత్రకంచుకము వీఁకం బుచ్చి పోవైచి తాఁ
బరమవ్యోమము సొచ్చు నీ యచలసద్భక్తుండు సర్వేశ్వరా!",vruttamu,Sarveswara,"[('వ', '|'), ('రు', '|'), ('సం', 'U'), ('బై', 'U'), ('కొ', '|'), ('ని', '|'), ('వ', 'U'), ('చ్చు', '|'), ('క', 'U'), ('ర్మ', '|'), ('ము', '|'), ('లు', '|'), ('ము', 'U'), ('న్వా', 'U'), ('రిం', 'U'), ('చి', '|'), ('మా', 'U'), ('యా', 'U'), ('మ', '|'), ('ల', 'U'), ('జ్వ', '|'), ('ర', '|'), ('ము', 'U'), ('ల్గూ', 'U'), ('ల్చి', '|'), ('య', '|'), ('పా', 'U'), ('ర', '|'), ('ఘో', 'U'), ('ర', '|'), ('త', '|'), ('ర', '|'), ('సం', 'U'), ('సా', 'U'), ('రా', 'U'), ('బ్ధి', '|'), ('లం', 'U'), ('ఘిం', 'U'), ('చి', '|'), ('భీ', 'U'), ('క', '|'), ('ర', '|'), ('సూ', 'U'), ('క్ష్మాం', 'U'), ('గ', '|'), ('వి', '|'), ('చి', '|'), ('త్ర', '|'), ('కం', 'U'), ('చు', '|'), ('క', '|'), ('ము', '|'), ('వీ', 'U'), ('కం', 'U'), ('బు', 'U'), ('చ్చి', '|'), ('పో', 'U'), ('వై', 'U'), ('చి', '|'), ('తా', 'U'), ('బ', '|'), ('ర', '|'), ('మ', 'U'), ('వ్యో', 'U'), ('మ', '|'), ('ము', '|'), ('సొ', 'U'), ('చ్చు', '|'), ('నీ', 'U'), ('య', '|'), ('చ', '|'), ('ల', '|'), ('స', 'U'), ('ద్భ', 'U'), ('క్తుం', 'U'), ('డు', '|'), ('స', 'U'), ('ర్వే', 'U'), ('శ్వ', '|'), ('రా', 'U')]",0.9928571428571429,1.0,1.0,0.9642857142857143,1.0,1.0
mattebhamu,"పరమార్థంబగు తత్త్వమార్గమున నీ పాదాబబ్జసద్భక్తుఁ డొ-
క్కరుఁడుం దక్క సరోజజాద్యమరసంఘాతంబులోనెల్లఁ దా
నెరయం గాచికొనంగఁ జాలరు మహానిర్భీతుఁడున్ లేఁ డతి-
స్ఫురణం గాలుఁడు దన్ను వేచి వడిఁ గొంపోనుండ సర్వేశ్వరా!",vruttamu,Sarveswara,"[('ప', '|'), ('ర', '|'), ('మా', 'U'), ('ర్థం', 'U'), ('బ', '|'), ('గు', '|'), ('త', 'U'), ('త్త్వ', '|'), ('మా', 'U'), ('ర్గ', '|'), ('ము', '|'), ('న', '|'), ('నీ', 'U'), ('పా', 'U'), ('దా', 'U'), ('బ', 'U'), ('బ్జ', '|'), ('స', 'U'), ('ద్భ', 'U'), ('క్తు', '|'), ('డొ', 'U'), ('క్క', '|'), ('రు', '|'), ('డుం', 'U'), ('ద', 'U'), ('క్క', '|'), ('స', '|'), ('రో', 'U'), ('జ', '|'), ('జా', 'U'), ('ద్య', '|'), ('మ', '|'), ('ర', '|'), ('సం', 'U'), ('ఘా', 'U'), ('తం', 'U'), ('బు', '|'), ('లో', 'U'), ('నె', 'U'), ('ల్ల', '|'), ('దా', 'U'), ('నె', '|'), ('ర', '|'), ('యం', 'U'), ('గా', 'U'), ('చి', '|'), ('కొ', '|'), ('నం', 'U'), ('గ', '|'), ('జా', 'U'), ('ల', '|'), ('రు', '|'), ('మ', '|'), ('హా', 'U'), ('ని', 'U'), ('ర్భీ', 'U'), ('తు', '|'), ('డు', 'U'), ('న్లే', 'U'), ('డ', '|'), ('తి', 'U'), ('స్ఫు', '|'), ('ర', '|'), ('ణం', 'U'), ('గా', 'U'), ('లు', '|'), ('డు', '|'), ('ద', 'U'), ('న్ను', '|'), ('వే', 'U'), ('చి', '|'), ('వ', '|'), ('డి', '|'), ('గొం', 'U'), ('పో', 'U'), ('నుం', 'U'), ('డ', '|'), ('స', 'U'), ('ర్వే', 'U'), ('శ్వ', '|'), ('రా', 'U')]",0.5332142857142858,0.9875,1.0,0.1785714285714286,0.25,0.25
mattebhamu,"తన చారిత్రమె సన్నుతించు గురుభక్తశ్రేణి వర్ణింపఁగాఁ
దన చిత్తంబు భవత్పదస్మరణచేత న్నిన్ను మెప్పింపఁగా
ననుకూలస్ఫుటనిశ్చలత్వమున రా నభ్యంతరాంగస్థితి-
న్వినుతిం బొందిన తజ్ఞుఁ డీజగములో నీ మెచ్చు సర్వేశ్వరా!",vruttamu,Sarveswara,"[('త', '|'), ('న', '|'), ('చా', 'U'), ('రి', '|'), ('త్ర', '|'), ('మె', '|'), ('స', 'U'), ('న్ను', '|'), ('తిం', 'U'), ('చు', '|'), ('గు', '|'), ('రు', '|'), ('భ', 'U'), ('క్త', '|'), ('శ్రే', 'U'), ('ణి', '|'), ('వ', 'U'), ('ర్ణిం', 'U'), ('ప', '|'), ('గా', 'U'), ('ద', '|'), ('న', '|'), ('చి', 'U'), ('త్తం', 'U'), ('బు', '|'), ('భ', '|'), ('వ', 'U'), ('త్ప', '|'), ('ద', 'U'), ('స్మ', '|'), ('ర', '|'), ('ణ', '|'), ('చే', 'U'), ('త', 'U'), ('న్ని', 'U'), ('న్ను', '|'), ('మె', 'U'), ('ప్పిం', 'U'), ('ప', '|'), ('గా', 'U'), ('న', '|'), ('ను', '|'), ('కూ', 'U'), ('ల', 'U'), ('స్ఫు', '|'), ('ట', '|'), ('ని', 'U'), ('శ్చ', '|'), ('ల', 'U'), ('త్వ', '|'), ('ము', '|'), ('న', '|'), ('రా', 'U'), ('న', 'U'), ('భ్యం', 'U'), ('త', '|'), ('రాం', 'U'), ('గ', 'U'), ('స్థి', '|'), ('తి', 'U'), ('న్వి', '|'), ('ను', '|'), ('తిం', 'U'), ('బొం', 'U'), ('ది', '|'), ('న', '|'), ('త', 'U'), ('జ్ఞు', '|'), ('డీ', 'U'), ('జ', '|'), ('గ', '|'), ('ము', '|'), ('లో', 'U'), ('నీ', 'U'), ('మె', 'U'), ('చ్చు', '|'), ('స', 'U'), ('ర్వే', 'U'), ('శ్వ', '|'), ('రా', 'U')]",0.9857142857142858,1.0,1.0,0.9285714285714286,1.0,1.0
mattebhamu,"క్షితి నత్యుగ్రతపంబునందు జఠరాగ్నిం గాలఁగానేల మి-
మ్మతిభక్తిస్థితిఁ బూజసేయు మహనీయ త్వంబు తాఁ జాలదే
ప్రతిపక్షాలి నడంప రోగభయదుర్భారంబు వారింప న-
ద్భుతసౌఖ్యంబులుఁ బెంప దివ్యసుఖముం బొందింస సర్వేశ్వరా!",vruttamu,Sarveswara,"[('క్షి', '|'), ('తి', '|'), ('న', 'U'), ('త్యు', '|'), ('గ్ర', '|'), ('త', '|'), ('పం', 'U'), ('బు', '|'), ('నం', 'U'), ('దు', '|'), ('జ', '|'), ('ఠ', '|'), ('రా', 'U'), ('గ్నిం', 'U'), ('గా', 'U'), ('ల', '|'), ('గా', 'U'), ('నే', 'U'), ('ల', '|'), ('మి', 'U'), ('మ్మ', '|'), ('తి', '|'), ('భ', 'U'), ('క్తి', 'U'), ('స్థి', '|'), ('తి', '|'), ('బూ', 'U'), ('జ', '|'), ('సే', 'U'), ('యు', '|'), ('మ', '|'), ('హ', '|'), ('నీ', 'U'), ('య', 'U'), ('త్వం', 'U'), ('బు', '|'), ('తా', 'U'), ('జా', 'U'), ('ల', '|'), ('దే', 'U'), ('ప్ర', '|'), ('తి', '|'), ('ప', 'U'), ('క్షా', 'U'), ('లి', '|'), ('న', '|'), ('డం', 'U'), ('ప', '|'), ('రో', 'U'), ('గ', '|'), ('భ', '|'), ('య', '|'), ('దు', 'U'), ('ర్భా', 'U'), ('రం', 'U'), ('బు', '|'), ('వా', 'U'), ('రిం', 'U'), ('ప', '|'), ('న', 'U'), ('ద్భు', '|'), ('త', '|'), ('సౌ', 'U'), ('ఖ్యం', 'U'), ('బు', '|'), ('లు', '|'), ('బెం', 'U'), ('ప', '|'), ('ది', 'U'), ('వ్య', '|'), ('సు', '|'), ('ఖ', '|'), ('ముం', 'U'), ('బొం', 'U'), ('దిం', 'U'), ('స', '|'), ('స', 'U'), ('ర్వే', 'U'), ('శ్వ', '|'), ('రా', 'U')]",0.9428571428571428,1.0,1.0,0.9642857142857143,0.75,1.0
mattebhamu,"శివవాక్యస్ఫురితాక్షరద్వయ సకృజ్జిహ్వాప్రదేశాత్ముఁడై
భవదుఃఖాంబుధి దాఁటజూచు తఱిఁ దత్పంచాక్షరీమంత్ర ము-
త్సవలీలం గడుశుద్ధుఁడై జపము వాంఛం జేయు భాస్వద్గుణా-
ర్ణవసౌభాగ్యము మానమెవ్వరికిఁ గాన న్వచ్చు సర్వేశ్వరా!",vruttamu,Sarveswara,"[('శి', '|'), ('వ', '|'), ('వా', 'U'), ('క్య', 'U'), ('స్ఫు', '|'), ('రి', '|'), ('తా', 'U'), ('క్ష', '|'), ('ర', 'U'), ('ద్వ', '|'), ('య', '|'), ('స', '|'), ('కృ', 'U'), ('జ్జి', 'U'), ('హ్వా', 'U'), ('ప్ర', '|'), ('దే', 'U'), ('శా', 'U'), ('త్ము', '|'), ('డై', 'U'), ('భ', '|'), ('వ', '|'), ('దుః', 'U'), ('ఖాం', 'U'), ('బు', '|'), ('ధి', '|'), ('దా', 'U'), ('ట', '|'), ('జూ', 'U'), ('చు', '|'), ('త', '|'), ('ఱి', '|'), ('ద', 'U'), ('త్పం', 'U'), ('చా', 'U'), ('క్ష', '|'), ('రీ', 'U'), ('మం', 'U'), ('త్ర', '|'), ('ము', 'U'), ('త్స', '|'), ('వ', '|'), ('లీ', 'U'), ('లం', 'U'), ('గ', '|'), ('డు', '|'), ('శు', 'U'), ('ద్ధు', '|'), ('డై', 'U'), ('జ', '|'), ('ప', '|'), ('ము', '|'), ('వాం', 'U'), ('ఛం', 'U'), ('జే', 'U'), ('యు', '|'), ('భా', 'U'), ('స్వ', 'U'), ('ద్గు', '|'), ('ణా', 'U'), ('ర్ణ', '|'), ('వ', '|'), ('సౌ', 'U'), ('భా', 'U'), ('గ్య', '|'), ('ము', '|'), ('మా', 'U'), ('న', '|'), ('మె', 'U'), ('వ్వ', '|'), ('రి', '|'), ('కి', '|'), ('గా', 'U'), ('న', 'U'), ('న్వ', 'U'), ('చ్చు', '|'), ('స', 'U'), ('ర్వే', 'U'), ('శ్వ', '|'), ('రా', 'U')]",1.0,1.0,1.0,1.0,1.0,1.0
saardulamu,"ఏదేశంబున నేదిశాముఖమునం దేయూర నేవాడ మీ
పాదాభ్యర్చన సేయు నిర్మలుఁడు సద్భక్తుం డొకండుండె నా-
యాదేశంబును నాదిశాముఖమును న్నాయూరు నావాడ గం-
గాదిస్నాన నదీప్రవాహఫలదంబై యొప్పు సర్వేశ్వరా!",vruttamu,Sarveswara,"[('ఏ', 'U'), ('దే', 'U'), ('శం', 'U'), ('బు', '|'), ('న', '|'), ('నే', 'U'), ('ది', '|'), ('శా', 'U'), ('ము', '|'), ('ఖ', '|'), ('ము', '|'), ('నం', 'U'), ('దే', 'U'), ('యూ', 'U'), ('ర', '|'), ('నే', 'U'), ('వా', 'U'), ('డ', '|'), ('మీ', 'U'), ('పా', 'U'), ('దా', 'U'), ('భ్య', 'U'), ('ర్చ', '|'), ('న', '|'), ('సే', 'U'), ('యు', '|'), ('ని', 'U'), ('ర్మ', '|'), ('లు', '|'), ('డు', '|'), ('స', 'U'), ('ద్భ', 'U'), ('క్తుం', 'U'), ('డొ', '|'), ('కం', 'U'), ('డుం', 'U'), ('డె', '|'), ('నా', 'U'), ('యా', 'U'), ('దే', 'U'), ('శం', 'U'), ('బు', '|'), ('ను', '|'), ('నా', 'U'), ('ది', '|'), ('శా', 'U'), ('ము', '|'), ('ఖ', '|'), ('ము', '|'), ('ను', 'U'), ('న్నా', 'U'), ('యూ', 'U'), ('రు', '|'), ('నా', 'U'), ('వా', 'U'), ('డ', '|'), ('గం', 'U'), ('గా', 'U'), ('ది', 'U'), ('స్నా', 'U'), ('న', '|'), ('న', '|'), ('దీ', 'U'), ('ప్ర', '|'), ('వా', 'U'), ('హ', '|'), ('ఫ', '|'), ('ల', '|'), ('దం', 'U'), ('బై', 'U'), ('యొ', 'U'), ('ప్పు', '|'), ('స', 'U'), ('ర్వే', 'U'), ('శ్వ', '|'), ('రా', 'U')]",0.85,1.0,1.0,1.0,0.25,1.0
mattebhamu,"ఒనరం జిత్తము శుద్ధిలేని నరుఁ డుద్యోగంబునం గోరి చే-
సిన పూజావిభవంబు సువ్రతములున్ శీలంబులు న్మంత్రసా-
ధనముల్ తీర్థంబులుం దపంబులును మీఁదం జెట్టవాఁ డభ్యసిం-
చిన శస్త్రాస్త్రకళానిభంబులగుఁ జర్చింపంగ సర్వేశ్వరా!",vruttamu,Sarveswara,"[('ఒ', '|'), ('న', '|'), ('రం', 'U'), ('జి', 'U'), ('త్త', '|'), ('ము', '|'), ('శు', 'U'), ('ద్ధి', '|'), ('లే', 'U'), ('ని', '|'), ('న', '|'), ('రు', '|'), ('డు', 'U'), ('ద్యో', 'U'), ('గం', 'U'), ('బు', '|'), ('నం', 'U'), ('గో', 'U'), ('రి', '|'), ('చే', 'U'), ('సి', '|'), ('న', '|'), ('పూ', 'U'), ('జా', 'U'), ('వి', '|'), ('భ', '|'), ('వం', 'U'), ('బు', '|'), ('సు', '|'), ('వ్ర', '|'), ('త', '|'), ('ము', '|'), ('లు', 'U'), ('న్శీ', 'U'), ('లం', 'U'), ('బు', '|'), ('లు', 'U'), ('న్మం', 'U'), ('త్ర', '|'), ('సా', 'U'), ('ధ', '|'), ('న', '|'), ('ము', 'U'), ('ల్తీ', 'U'), ('ర్థం', 'U'), ('బు', '|'), ('లుం', 'U'), ('ద', '|'), ('పం', 'U'), ('బు', '|'), ('లు', '|'), ('ను', '|'), ('మీ', 'U'), ('దం', 'U'), ('జె', 'U'), ('ట్ట', '|'), ('వా', 'U'), ('డ', 'U'), ('భ్య', '|'), ('సిం', 'U'), ('చి', '|'), ('న', '|'), ('శ', 'U'), ('స్త్రా', 'U'), ('స్త్ర', '|'), ('క', '|'), ('ళా', 'U'), ('ని', '|'), ('భం', 'U'), ('బు', '|'), ('ల', '|'), ('గు', '|'), ('జ', 'U'), ('ర్చిం', 'U'), ('పం', 'U'), ('గ', '|'), ('స', 'U'), ('ర్వే', 'U'), ('శ్వ', '|'), ('రా', 'U')]",0.9357142857142857,1.0,1.0,0.9285714285714286,0.75,1.0
mattebhamu,"క్రమసంయుక్తి మనంబు బుద్ధియు నహంకారంబుఁ జిత్తంబు నా
యమలాంతఃకరణంబు నక్షరచతుష్కావాప్తిఁ గావించి పం-
చమవర్ణంబుగ నాత్మఁ గూర్చి కడువాంఛన్ యోగి పంచాక్షరీ-
సుమహామంత్రముతోడ నైక్యపదవిన్ శోభిల్లు సర్వేశ్వరా!",vruttamu,Sarveswara,"[('క్ర', '|'), ('మ', '|'), ('సం', 'U'), ('యు', 'U'), ('క్తి', '|'), ('మ', '|'), ('నం', 'U'), ('బు', '|'), ('బు', 'U'), ('ద్ధి', '|'), ('యు', '|'), ('న', '|'), ('హం', 'U'), ('కా', 'U'), ('రం', 'U'), ('బు', '|'), ('జి', 'U'), ('త్తం', 'U'), ('బు', '|'), ('నా', 'U'), ('య', '|'), ('మ', '|'), ('లాం', 'U'), ('తః', 'U'), ('క', '|'), ('ర', '|'), ('ణం', 'U'), ('బు', '|'), ('న', 'U'), ('క్ష', '|'), ('ర', '|'), ('చ', '|'), ('తు', 'U'), ('ష్కా', 'U'), ('వా', 'U'), ('ప్తి', '|'), ('గా', 'U'), ('విం', 'U'), ('చి', '|'), ('పం', 'U'), ('చ', '|'), ('మ', '|'), ('వ', 'U'), ('ర్ణం', 'U'), ('బు', '|'), ('గ', '|'), ('నా', 'U'), ('త్మ', '|'), ('గూ', 'U'), ('ర్చి', '|'), ('క', '|'), ('డు', '|'), ('వాం', 'U'), ('ఛ', 'U'), ('న్యో', 'U'), ('గి', '|'), ('పం', 'U'), ('చా', 'U'), ('క్ష', '|'), ('రీ', 'U'), ('సు', '|'), ('మ', '|'), ('హా', 'U'), ('మం', 'U'), ('త్ర', '|'), ('ము', '|'), ('తో', 'U'), ('డ', '|'), ('నై', 'U'), ('క్య', '|'), ('ప', '|'), ('ద', '|'), ('వి', 'U'), ('న్శో', 'U'), ('భి', 'U'), ('ల్లు', '|'), ('స', 'U'), ('ర్వే', 'U'), ('శ్వ', '|'), ('రా', 'U')]",0.95,1.0,1.0,1.0,0.75,1.0
mattebhamu,"భవదీయాననపంచకంబువలనం బంచాక్షరీమంత్ర ము-
ద్భవమై తత్పదవర్ణపద్ధతుల శుంభత్పంచభూతంబు లు-
ద్భవనంబై యఖిలంబుఁ బుట్టెను లసత్పంచాక్షరీమంత్ర మీ
భువనాండంబులం దల్లియై సఫలతం బొందించు సర్వేశ్వరా!",vruttamu,Sarveswara,"[('భ', '|'), ('వ', '|'), ('దీ', 'U'), ('యా', 'U'), ('న', '|'), ('న', '|'), ('పం', 'U'), ('చ', '|'), ('కం', 'U'), ('బు', '|'), ('వ', '|'), ('ల', '|'), ('నం', 'U'), ('బం', 'U'), ('చా', 'U'), ('క్ష', '|'), ('రీ', 'U'), ('మం', 'U'), ('త్ర', '|'), ('ము', 'U'), ('ద్భ', '|'), ('వ', '|'), ('మై', 'U'), ('త', 'U'), ('త్ప', '|'), ('ద', '|'), ('వ', 'U'), ('ర్ణ', '|'), ('ప', 'U'), ('ద్ధ', '|'), ('తు', '|'), ('ల', '|'), ('శుం', 'U'), ('భ', 'U'), ('త్పం', 'U'), ('చ', '|'), ('భూ', 'U'), ('తం', 'U'), ('బు', '|'), ('లు', 'U'), ('ద్భ', '|'), ('వ', '|'), ('నం', 'U'), ('బై', 'U'), ('య', '|'), ('ఖి', '|'), ('లం', 'U'), ('బు', '|'), ('బు', 'U'), ('ట్టె', '|'), ('ను', '|'), ('ల', '|'), ('స', 'U'), ('త్పం', 'U'), ('చా', 'U'), ('క్ష', '|'), ('రీ', 'U'), ('మం', 'U'), ('త్ర', '|'), ('మీ', 'U'), ('భు', '|'), ('వ', '|'), ('నాం', 'U'), ('డం', 'U'), ('బు', '|'), ('లం', 'U'), ('ద', 'U'), ('ల్లి', '|'), ('యై', 'U'), ('స', '|'), ('ఫ', '|'), ('ల', '|'), ('తం', 'U'), ('బొం', 'U'), ('దిం', 'U'), ('చు', '|'), ('స', 'U'), ('ర్వే', 'U'), ('శ్వ', '|'), ('రా', 'U')]",0.9928571428571429,1.0,1.0,0.9642857142857143,1.0,1.0
mattebhamu,"పటుశాస్త్రాగమదృష్టి నివ్విధమునన్ భావించి వీక్షించి యు-
ద్భటవృత్తిన్ భవదీయభక్తినికరబ్రహ్మాండకుండైన నా-
దట లోఁ గాచుకొనంగవచ్చు విదితోద్దండప్రతాపోత్కట-
స్ఫుటకోపానలమూర్తియై యముఁడు గొంపోకుండ సర్వేశ్వరా!",vruttamu,Sarveswara,"[('ప', '|'), ('టు', '|'), ('శా', 'U'), ('స్త్రా', 'U'), ('గ', '|'), ('మ', '|'), ('దృ', 'U'), ('ష్టి', '|'), ('ని', 'U'), ('వ్వి', '|'), ('ధ', '|'), ('ము', '|'), ('న', 'U'), ('న్భా', 'U'), ('విం', 'U'), ('చి', '|'), ('వీ', 'U'), ('క్షిం', 'U'), ('చి', '|'), ('యు', 'U'), ('ద్భ', '|'), ('ట', '|'), ('వృ', 'U'), ('త్తి', 'U'), ('న్భ', '|'), ('వ', '|'), ('దీ', 'U'), ('య', '|'), ('భ', 'U'), ('క్తి', '|'), ('ని', '|'), ('క', '|'), ('ర', '|'), ('బ్ర', 'U'), ('హ్మాం', 'U'), ('డ', '|'), ('కుం', 'U'), ('డై', 'U'), ('న', '|'), ('నా', 'U'), ('ద', '|'), ('ట', '|'), ('లో', 'U'), ('గా', 'U'), ('చు', '|'), ('కొ', '|'), ('నం', 'U'), ('గ', '|'), ('వ', 'U'), ('చ్చు', '|'), ('వి', '|'), ('ది', '|'), ('తో', 'U'), ('ద్దం', 'U'), ('డ', '|'), ('ప్ర', '|'), ('తా', 'U'), ('పో', 'U'), ('త్క', '|'), ('ట', 'U'), ('స్ఫు', '|'), ('ట', '|'), ('కో', 'U'), ('పా', 'U'), ('న', '|'), ('ల', '|'), ('మూ', 'U'), ('ర్తి', '|'), ('యై', 'U'), ('య', '|'), ('ము', '|'), ('డు', '|'), ('గొం', 'U'), ('పో', 'U'), ('కుం', 'U'), ('డ', '|'), ('స', 'U'), ('ర్వే', 'U'), ('శ్వ', '|'), ('రా', 'U')]",0.9857142857142858,1.0,1.0,0.9285714285714286,1.0,1.0
mattebhamu,"కలవారై మతిమంతులై రసికులై గంభీరులై ధీరులై
లలనామన్మథులై సముజ్జ్వలవచోలాలిత్యులై నిత్యులై
బలవిభ్రాజితులై యశోభరితులై భాసిల్లు భాగ్యోదయుల్
తొలిజన్మంబుల మిముఁ గొల్చిన మహాత్ముల్ వారు సర్వేశ్వరా!",vruttamu,Sarveswara,"[('క', '|'), ('ల', '|'), ('వా', 'U'), ('రై', 'U'), ('మ', '|'), ('తి', '|'), ('మం', 'U'), ('తు', '|'), ('లై', 'U'), ('ర', '|'), ('సి', '|'), ('కు', '|'), ('లై', 'U'), ('గం', 'U'), ('భీ', 'U'), ('రు', '|'), ('లై', 'U'), ('ధీ', 'U'), ('రు', '|'), ('లై', 'U'), ('ల', '|'), ('ల', '|'), ('నా', 'U'), ('మ', 'U'), ('న్మ', '|'), ('థు', '|'), ('లై', 'U'), ('స', '|'), ('ము', 'U'), ('జ్జ్వ', '|'), ('ల', '|'), ('వ', '|'), ('చో', 'U'), ('లా', 'U'), ('లి', 'U'), ('త్యు', '|'), ('లై', 'U'), ('ని', 'U'), ('త్యు', '|'), ('లై', 'U'), ('బ', '|'), ('ల', '|'), ('వి', '|'), ('భ్రా', 'U'), ('జి', '|'), ('తు', '|'), ('లై', 'U'), ('య', '|'), ('శో', 'U'), ('భ', '|'), ('రి', '|'), ('తు', '|'), ('లై', 'U'), ('భా', 'U'), ('సి', 'U'), ('ల్లు', '|'), ('భా', 'U'), ('గ్యో', 'U'), ('ద', '|'), ('యుల్', 'U'), ('తొ', '|'), ('లి', '|'), ('జ', 'U'), ('న్మం', 'U'), ('బు', '|'), ('ల', '|'), ('మి', '|'), ('ము', '|'), ('గొ', 'U'), ('ల్చి', '|'), ('న', '|'), ('మ', '|'), ('హా', 'U'), ('త్ము', 'U'), ('ల్వా', 'U'), ('రు', '|'), ('స', 'U'), ('ర్వే', 'U'), ('శ్వ', '|'), ('రా', 'U')]",0.9857142857142858,1.0,1.0,0.9285714285714286,1.0,1.0
mattebhamu,"ఖలులై యాచకులై విరుద్ధవికటాకారాంగులై పంగులై
బలహీనాతురులై రుజాపటలతాపచ్ఛన్నులై ఖిన్నులై
చలనాందోళితచిత్తులై మలినులై జాత్యంధులై మందులై
తొలిజన్మంబున మిమ్ముఁ గొల్వని దురాత్ముల్ వారు సర్వేశ్వరా!",vruttamu,Sarveswara,"[('ఖ', '|'), ('లు', '|'), ('లై', 'U'), ('యా', 'U'), ('చ', '|'), ('కు', '|'), ('లై', 'U'), ('వి', '|'), ('రు', 'U'), ('ద్ధ', '|'), ('వి', '|'), ('క', '|'), ('టా', 'U'), ('కా', 'U'), ('రాం', 'U'), ('గు', '|'), ('లై', 'U'), ('పం', 'U'), ('గు', '|'), ('లై', 'U'), ('బ', '|'), ('ల', '|'), ('హీ', 'U'), ('నా', 'U'), ('తు', '|'), ('రు', '|'), ('లై', 'U'), ('రు', '|'), ('జా', 'U'), ('ప', '|'), ('ట', '|'), ('ల', '|'), ('తా', 'U'), ('ప', 'U'), ('చ్ఛ', 'U'), ('న్ను', '|'), ('లై', 'U'), ('ఖి', 'U'), ('న్ను', '|'), ('లై', 'U'), ('చ', '|'), ('ల', '|'), ('నాం', 'U'), ('దో', 'U'), ('ళి', '|'), ('త', '|'), ('చి', 'U'), ('త్తు', '|'), ('లై', 'U'), ('మ', '|'), ('లి', '|'), ('ను', '|'), ('లై', 'U'), ('జా', 'U'), ('త్యం', 'U'), ('ధు', '|'), ('లై', 'U'), ('మం', 'U'), ('దు', '|'), ('లై', 'U'), ('తొ', '|'), ('లి', '|'), ('జ', 'U'), ('న్మం', 'U'), ('బు', '|'), ('న', '|'), ('మి', 'U'), ('మ్ము', '|'), ('గొ', 'U'), ('ల్వ', '|'), ('ని', '|'), ('దు', '|'), ('రా', 'U'), ('త్ము', 'U'), ('ల్వా', 'U'), ('రు', '|'), ('స', 'U'), ('ర్వే', 'U'), ('శ్వ', '|'), ('రా', 'U')]",1.0,1.0,1.0,1.0,1.0,1.0
saardulamu,"ఏయేవేళల నేవయస్సున నరుం డేభూమి నేయూరిలో
నేయేకర్మము నాచరించు నశుభంబేని న్శుభంబేని దా
నాయావేళల నావయస్సున నరుం డాభూమి నాయూరిలో
నాయాకర్మములెల్లఁ దాఁ గుడుచుఁ దథ్యంబింత సర్వేశ్వరా!",vruttamu,Sarveswara,"[('ఏ', 'U'), ('యే', 'U'), ('వే', 'U'), ('ళ', '|'), ('ల', '|'), ('నే', 'U'), ('వ', '|'), ('య', 'U'), ('స్సు', '|'), ('న', '|'), ('న', '|'), ('రుం', 'U'), ('డే', 'U'), ('భూ', 'U'), ('మి', '|'), ('నే', 'U'), ('యూ', 'U'), ('రి', '|'), ('లో', 'U'), ('నే', 'U'), ('యే', 'U'), ('క', 'U'), ('ర్మ', '|'), ('ము', '|'), ('నా', 'U'), ('చ', '|'), ('రిం', 'U'), ('చు', '|'), ('న', '|'), ('శు', '|'), ('భం', 'U'), ('బే', 'U'), ('ని', 'U'), ('న్శు', '|'), ('భం', 'U'), ('బే', 'U'), ('ని', '|'), ('దా', 'U'), ('నా', 'U'), ('యా', 'U'), ('వే', 'U'), ('ళ', '|'), ('ల', '|'), ('నా', 'U'), ('వ', '|'), ('య', 'U'), ('స్సు', '|'), ('న', '|'), ('న', '|'), ('రుం', 'U'), ('డా', 'U'), ('భూ', 'U'), ('మి', '|'), ('నా', 'U'), ('యూ', 'U'), ('రి', '|'), ('లో', 'U'), ('నా', 'U'), ('యా', 'U'), ('క', 'U'), ('ర్మ', '|'), ('ము', '|'), ('లె', 'U'), ('ల్ల', '|'), ('దా', 'U'), ('గు', '|'), ('డు', '|'), ('చు', '|'), ('ద', 'U'), ('థ్యం', 'U'), ('బిం', 'U'), ('త', '|'), ('స', 'U'), ('ర్వే', 'U'), ('శ్వ', '|'), ('రా', 'U')]",0.8,1.0,1.0,1.0,0.0,1.0
saardulamu,"ఆడంబోయినచోట బాలురు వినోదార్థంబు పాషాణముల్
గూడంబెట్టి శివాలయంబనుచుఁ బేర్కొన్నంతటం జేసి వా-
రాడంబోయి సురాంగనాకలితదివ్యారామచింతామణి
క్రీడాశైలవిహారులౌదురు మిముం గీర్తింప సర్వేశ్వరా!",vruttamu,Sarveswara,"[('ఆ', 'U'), ('డం', 'U'), ('బో', 'U'), ('యి', '|'), ('న', '|'), ('చో', 'U'), ('ట', '|'), ('బా', 'U'), ('లు', '|'), ('రు', '|'), ('వి', '|'), ('నో', 'U'), ('దా', 'U'), ('ర్థం', 'U'), ('బు', '|'), ('పా', 'U'), ('షా', 'U'), ('ణ', '|'), ('ముల్', 'U'), ('గూ', 'U'), ('డం', 'U'), ('బె', 'U'), ('ట్టి', '|'), ('శి', '|'), ('వా', 'U'), ('ల', '|'), ('యం', 'U'), ('బ', '|'), ('ను', '|'), ('చు', '|'), ('బే', 'U'), ('ర్కొ', 'U'), ('న్నం', 'U'), ('త', '|'), ('టం', 'U'), ('జే', 'U'), ('సి', '|'), ('వా', 'U'), ('రా', 'U'), ('డం', 'U'), ('బో', 'U'), ('యి', '|'), ('సు', '|'), ('రాం', 'U'), ('గ', '|'), ('నా', 'U'), ('క', '|'), ('లి', '|'), ('త', '|'), ('ది', 'U'), ('వ్యా', 'U'), ('రా', 'U'), ('మ', '|'), ('చిం', 'U'), ('తా', 'U'), ('మ', '|'), ('ణి', '|'), ('క్రీ', 'U'), ('డా', 'U'), ('శై', 'U'), ('ల', '|'), ('వి', '|'), ('హా', 'U'), ('రు', '|'), ('లౌ', 'U'), ('దు', '|'), ('రు', '|'), ('మి', '|'), ('ముం', 'U'), ('గీ', 'U'), ('ర్తిం', 'U'), ('ప', '|'), ('స', 'U'), ('ర్వే', 'U'), ('శ్వ', '|'), ('రా', 'U')]",0.8928571428571429,1.0,1.0,0.9642857142857143,0.5,1.0
mattebhamu,"సమయోద్దిష్టసహస్రపంకరుహపూజాపూరణార్థంబు నే-
త్రము విష్ణుండు సుభక్తి యేర్పడ భవత్పాదంబు లర్చించి చ-
క్రముఁ దాఁ గైకొని దైత్యకోటి ననిలో ఖండించెఁ దా నీ పద-
క్షమతాసేవ సమస్తదేవతలకు న్సత్త్వంబు సర్వేశ్వరా!",vruttamu,Sarveswara,"[('స', '|'), ('మ', '|'), ('యో', 'U'), ('ద్ది', 'U'), ('ష్ట', '|'), ('స', '|'), ('హ', '|'), ('స్ర', '|'), ('పం', 'U'), ('క', '|'), ('రు', '|'), ('హ', '|'), ('పూ', 'U'), ('జా', 'U'), ('పూ', 'U'), ('ర', '|'), ('ణా', 'U'), ('ర్థం', 'U'), ('బు', '|'), ('నే', 'U'), ('త్ర', '|'), ('ము', '|'), ('వి', 'U'), ('ష్ణుం', 'U'), ('డు', '|'), ('సు', '|'), ('భ', 'U'), ('క్తి', '|'), ('యే', 'U'), ('ర్ప', '|'), ('డ', '|'), ('భ', '|'), ('వ', 'U'), ('త్పా', 'U'), ('దం', 'U'), ('బు', '|'), ('ల', 'U'), ('ర్చిం', 'U'), ('చి', '|'), ('చ', '|'), ('క్ర', '|'), ('ము', '|'), ('దా', 'U'), ('గై', 'U'), ('కొ', '|'), ('ని', '|'), ('దై', 'U'), ('త్య', '|'), ('కో', 'U'), ('టి', '|'), ('న', '|'), ('ని', '|'), ('లో', 'U'), ('ఖం', 'U'), ('డిం', 'U'), ('చె', '|'), ('దా', 'U'), ('నీ', 'U'), ('ప', '|'), ('ద', 'U'), ('క్ష', '|'), ('మ', '|'), ('తా', 'U'), ('సే', 'U'), ('వ', '|'), ('స', '|'), ('మ', 'U'), ('స్త', '|'), ('దే', 'U'), ('వ', '|'), ('త', '|'), ('ల', '|'), ('కు', 'U'), ('న్స', 'U'), ('త్త్వం', 'U'), ('బు', '|'), ('స', 'U'), ('ర్వే', 'U'), ('శ్వ', '|'), ('రా', 'U')]",0.9857142857142858,1.0,1.0,0.9285714285714286,1.0,1.0
mattebhamu,"అమర న్వేదపురాణశాస్త్రములు మున్నాకాంక్షఁ దత్త్వప్రభే-
దము రూపింపఁగ నేరవన్న మఱి యా తత్త్వంబులెట్లన్న ను-
త్తమసంతోషమె కోరునన్న నరుఁ డుత్సాహించి నీ భక్తస-
త్తమపూజారతి నేర్చునే నతఁడు తత్త్వజ్ఞుండు సర్వేశ్వరా!",vruttamu,Sarveswara,"[('అ', '|'), ('మ', '|'), ('ర', 'U'), ('న్వే', 'U'), ('ద', '|'), ('పు', '|'), ('రా', 'U'), ('ణ', '|'), ('శా', 'U'), ('స్త్ర', '|'), ('ము', '|'), ('లు', '|'), ('ము', 'U'), ('న్నా', 'U'), ('కాం', 'U'), ('క్ష', '|'), ('ద', 'U'), ('త్త్వ', '|'), ('ప్ర', '|'), ('భే', 'U'), ('ద', '|'), ('ము', '|'), ('రూ', 'U'), ('పిం', 'U'), ('ప', '|'), ('గ', '|'), ('నే', 'U'), ('ర', '|'), ('వ', 'U'), ('న్న', '|'), ('మ', '|'), ('ఱి', '|'), ('యా', 'U'), ('త', 'U'), ('త్త్వం', 'U'), ('బు', '|'), ('లె', 'U'), ('ట్ల', 'U'), ('న్న', '|'), ('ను', 'U'), ('త్త', '|'), ('మ', '|'), ('సం', 'U'), ('తో', 'U'), ('ష', '|'), ('మె', '|'), ('కో', 'U'), ('రు', '|'), ('న', 'U'), ('న్న', '|'), ('న', '|'), ('రు', '|'), ('డు', 'U'), ('త్సా', 'U'), ('హిం', 'U'), ('చి', '|'), ('నీ', 'U'), ('భ', 'U'), ('క్త', '|'), ('స', 'U'), ('త్త', '|'), ('మ', '|'), ('పూ', 'U'), ('జా', 'U'), ('ర', '|'), ('తి', '|'), ('నే', 'U'), ('ర్చు', '|'), ('నే', 'U'), ('న', '|'), ('త', '|'), ('డు', '|'), ('త', 'U'), ('త్త్వ', 'U'), ('జ్ఞుం', 'U'), ('డు', '|'), ('స', 'U'), ('ర్వే', 'U'), ('శ్వ', '|'), ('రా', 'U')]",0.9428571428571428,1.0,1.0,0.9642857142857143,0.75,1.0
mattebhamu,"అమితోద్యద్భవదీయతత్త్వము మహీయస్తోత్రవాణీవిలా-
సములై యొప్పు సమస్తవేదములు శాస్త్రశ్రేణియున్ దివ్యవి-
భ్రమనాదంబులు నెన్ని చూడ నివి నీ పంచాక్షరీమంత్రభా-
వములైయుండు సమస్తలక్షణముల న్వర్ణింప సర్వేశ్వరా!",vruttamu,Sarveswara,"[('అ', '|'), ('మి', '|'), ('తో', 'U'), ('ద్య', 'U'), ('ద్భ', '|'), ('వ', '|'), ('దీ', 'U'), ('య', '|'), ('త', 'U'), ('త్త్వ', '|'), ('ము', '|'), ('మ', '|'), ('హీ', 'U'), ('య', 'U'), ('స్తో', 'U'), ('త్ర', '|'), ('వా', 'U'), ('ణీ', 'U'), ('వి', '|'), ('లా', 'U'), ('స', '|'), ('ము', '|'), ('లై', 'U'), ('యొ', 'U'), ('ప్పు', '|'), ('స', '|'), ('మ', 'U'), ('స్త', '|'), ('వే', 'U'), ('ద', '|'), ('ము', '|'), ('లు', '|'), ('శా', 'U'), ('స్త్ర', '|'), ('శ్రే', 'U'), ('ణి', '|'), ('యు', 'U'), ('న్ది', 'U'), ('వ్య', '|'), ('వి', '|'), ('భ్ర', '|'), ('మ', '|'), ('నా', 'U'), ('దం', 'U'), ('బు', '|'), ('లు', '|'), ('నె', 'U'), ('న్ని', '|'), ('చూ', 'U'), ('డ', '|'), ('ని', '|'), ('వి', '|'), ('నీ', 'U'), ('పం', 'U'), ('చా', 'U'), ('క్ష', '|'), ('రీ', 'U'), ('మం', 'U'), ('త్ర', '|'), ('భా', 'U'), ('వ', '|'), ('ము', '|'), ('లై', 'U'), ('యుం', 'U'), ('డు', '|'), ('స', '|'), ('మ', 'U'), ('స్త', '|'), ('ల', 'U'), ('క్ష', '|'), ('ణ', '|'), ('ము', '|'), ('ల', 'U'), ('న్వ', 'U'), ('ర్ణిం', 'U'), ('ప', '|'), ('స', 'U'), ('ర్వే', 'U'), ('శ్వ', '|'), ('రా', 'U')]",0.9857142857142858,1.0,1.0,0.9285714285714286,1.0,1.0
saardulamu,"సంకీర్ణాకలితాక్షరత్రయము భాస్వన్నాదబిందుక్రమా-
లంకారద్వితయంబుతోఁ గలిసి లీలన్ దివ్యయోగీంద్రహృ-
త్పంకోద్భూతములందు రూఢమగుచుం బంచాక్షరీమంత్ర మ-
య్యోంకారాత్మకమౌ లసన్మునిగణం బూహింప సర్వేశ్వరా!",vruttamu,Sarveswara,"[('సం', 'U'), ('కీ', 'U'), ('ర్ణా', 'U'), ('క', '|'), ('లి', '|'), ('తా', 'U'), ('క్ష', '|'), ('ర', '|'), ('త్ర', '|'), ('య', '|'), ('ము', '|'), ('భా', 'U'), ('స్వ', 'U'), ('న్నా', 'U'), ('ద', '|'), ('బిం', 'U'), ('దు', '|'), ('క్ర', '|'), ('మా', 'U'), ('లం', 'U'), ('కా', 'U'), ('ర', 'U'), ('ద్వి', '|'), ('త', '|'), ('యం', 'U'), ('బు', '|'), ('తో', 'U'), ('గ', '|'), ('లి', '|'), ('సి', '|'), ('లీ', 'U'), ('ల', 'U'), ('న్ది', 'U'), ('వ్య', '|'), ('యో', 'U'), ('గీం', 'U'), ('ద్ర', '|'), ('హృ', 'U'), ('త్పం', 'U'), ('కో', 'U'), ('ద్భూ', 'U'), ('త', '|'), ('ము', '|'), ('లం', 'U'), ('దు', '|'), ('రూ', 'U'), ('ఢ', '|'), ('మ', '|'), ('గు', '|'), ('చుం', 'U'), ('బం', 'U'), ('చా', 'U'), ('క్ష', '|'), ('రీ', 'U'), ('మం', 'U'), ('త్ర', '|'), ('మ', 'U'), ('య్యోం', 'U'), ('కా', 'U'), ('రా', 'U'), ('త్మ', '|'), ('క', '|'), ('మౌ', 'U'), ('ల', '|'), ('స', 'U'), ('న్ము', '|'), ('ని', '|'), ('గ', '|'), ('ణం', 'U'), ('బూ', 'U'), ('హిం', 'U'), ('ప', '|'), ('స', 'U'), ('ర్వే', 'U'), ('శ్వ', '|'), ('రా', 'U')]",0.9357142857142857,1.0,1.0,0.9285714285714286,0.75,1.0
mattebhamu,"అమలజ్ఞానవిభాసభాసురత నయ్యష్టాంగపూజావిధి
క్రమయోగంబుల నిన్ను నెల్లపుడు జోకం గొల్వగానేల ని-
క్కము నీ భక్తులగోష్ఠి చాలుఁ గడువీఁకన్ ఘోరసంసారదుః-
ఖములెల్లం బెడవాప నిన్ను వెలయంగాఁ జూప సర్వేశ్వరా!",vruttamu,Sarveswara,"[('అ', '|'), ('మ', '|'), ('ల', 'U'), ('జ్ఞా', 'U'), ('న', '|'), ('వి', '|'), ('భా', 'U'), ('స', '|'), ('భా', 'U'), ('సు', '|'), ('ర', '|'), ('త', '|'), ('న', 'U'), ('య్య', 'U'), ('ష్టాం', 'U'), ('గ', '|'), ('పూ', 'U'), ('జా', 'U'), ('వి', '|'), ('ధి', '|'), ('క్ర', '|'), ('మ', '|'), ('యో', 'U'), ('గం', 'U'), ('బు', '|'), ('ల', '|'), ('ని', 'U'), ('న్ను', '|'), ('నె', 'U'), ('ల్ల', '|'), ('పు', '|'), ('డు', '|'), ('జో', 'U'), ('కం', 'U'), ('గొ', 'U'), ('ల్వ', '|'), ('గా', 'U'), ('నే', 'U'), ('ల', '|'), ('ని', 'U'), ('క్క', '|'), ('ము', '|'), ('నీ', 'U'), ('భ', 'U'), ('క్తు', '|'), ('ల', '|'), ('గో', 'U'), ('ష్ఠి', '|'), ('చా', 'U'), ('లు', '|'), ('గ', '|'), ('డు', '|'), ('వీ', 'U'), ('క', 'U'), ('న్ఘో', 'U'), ('ర', '|'), ('సం', 'U'), ('సా', 'U'), ('ర', '|'), ('దుః', 'U'), ('ఖ', '|'), ('ము', '|'), ('లె', 'U'), ('ల్లం', 'U'), ('బె', '|'), ('డ', '|'), ('వా', 'U'), ('ప', '|'), ('ని', 'U'), ('న్ను', '|'), ('వె', '|'), ('ల', '|'), ('యం', 'U'), ('గా', 'U'), ('జూ', 'U'), ('ప', '|'), ('స', 'U'), ('ర్వే', 'U'), ('శ్వ', '|'), ('రా', 'U')]",0.9928571428571429,1.0,1.0,0.9642857142857143,1.0,1.0
mattebhamu,"పరమార్థంబుగఁ దత్త్వము న్నెఱుఁగ నొప్పందీర్చి డెందంబు నీ
కరుణాస్థానముఁ జేర్పలేక తన వంకం బోవఁగానిచ్చిరే
నరకాబ్ధిం బడవైచుఁ దత్క్షణములోనం గానఁ దత్త్వక్షమం-
బరయం జిత్తము శూకలాశ్వము విభంబై యుండు సర్వేశ్వరా!",vruttamu,Sarveswara,"[('ప', '|'), ('ర', '|'), ('మా', 'U'), ('ర్థం', 'U'), ('బు', '|'), ('గ', '|'), ('ద', 'U'), ('త్త్వ', '|'), ('ము', 'U'), ('న్నె', '|'), ('ఱు', '|'), ('గ', '|'), ('నొ', 'U'), ('ప్పం', 'U'), ('దీ', 'U'), ('ర్చి', '|'), ('డెం', 'U'), ('దం', 'U'), ('బు', '|'), ('నీ', 'U'), ('క', '|'), ('రు', '|'), ('ణా', 'U'), ('స్థా', 'U'), ('న', '|'), ('ము', '|'), ('జే', 'U'), ('ర్ప', '|'), ('లే', 'U'), ('క', '|'), ('త', '|'), ('న', '|'), ('వం', 'U'), ('కం', 'U'), ('బో', 'U'), ('వ', '|'), ('గా', 'U'), ('ని', 'U'), ('చ్చి', '|'), ('రే', 'U'), ('న', '|'), ('ర', '|'), ('కా', 'U'), ('బ్ధిం', 'U'), ('బ', '|'), ('డ', '|'), ('వై', 'U'), ('చు', '|'), ('ద', 'U'), ('త్క్ష', '|'), ('ణ', '|'), ('ము', '|'), ('లో', 'U'), ('నం', 'U'), ('గా', 'U'), ('న', '|'), ('ద', 'U'), ('త్త్వ', 'U'), ('క్ష', '|'), ('మం', 'U'), ('బ', '|'), ('ర', '|'), ('యం', 'U'), ('జి', 'U'), ('త్త', '|'), ('ము', '|'), ('శూ', 'U'), ('క', '|'), ('లా', 'U'), ('శ్వ', '|'), ('ము', '|'), ('వి', '|'), ('భం', 'U'), ('బై', 'U'), ('యుం', 'U'), ('డు', '|'), ('స', 'U'), ('ర్వే', 'U'), ('శ్వ', '|'), ('రా', 'U')]",1.0,1.0,1.0,1.0,1.0,1.0
mattebhamu,"భవదంఘ్రిద్వితయార్చనంబును బవత్ప్రఖ్యాతసద్భక్తపుం-
గవగోష్ఠీవిభవంబులు న్విమలసూక్ష్మధ్యానయోగంబు నా
నివి సంపూర్ణసుఖంబులెన్న మఱి దేవేంద్రాది భోగంబు లు-
త్సవసంబంధములెల్ల దుఃస్థితులు తథ్యంబెన్న సర్వేశ్వరా!",vruttamu,Sarveswara,"[('భ', '|'), ('వ', '|'), ('దం', 'U'), ('ఘ్రి', 'U'), ('ద్వి', '|'), ('త', '|'), ('యా', 'U'), ('ర్చ', '|'), ('నం', 'U'), ('బు', '|'), ('ను', '|'), ('బ', '|'), ('వ', 'U'), ('త్ప్ర', 'U'), ('ఖ్యా', 'U'), ('త', '|'), ('స', 'U'), ('ద్భ', 'U'), ('క్త', '|'), ('పుం', 'U'), ('గ', '|'), ('వ', '|'), ('గో', 'U'), ('ష్ఠీ', 'U'), ('వి', '|'), ('భ', '|'), ('వం', 'U'), ('బు', '|'), ('లు', 'U'), ('న్వి', '|'), ('మ', '|'), ('ల', '|'), ('సూ', 'U'), ('క్ష్మ', 'U'), ('ధ్యా', 'U'), ('న', '|'), ('యో', 'U'), ('గం', 'U'), ('బు', '|'), ('నా', 'U'), ('ని', '|'), ('వి', '|'), ('సం', 'U'), ('పూ', 'U'), ('ర్ణ', '|'), ('సు', '|'), ('ఖం', 'U'), ('బు', '|'), ('లె', 'U'), ('న్న', '|'), ('మ', '|'), ('ఱి', '|'), ('దే', 'U'), ('వేం', 'U'), ('ద్రా', 'U'), ('ది', '|'), ('భో', 'U'), ('గం', 'U'), ('బు', '|'), ('లు', 'U'), ('త్స', '|'), ('వ', '|'), ('సం', 'U'), ('బం', 'U'), ('ధ', '|'), ('ము', '|'), ('లె', 'U'), ('ల్ల', '|'), ('దుః', 'U'), ('స్థి', '|'), ('తు', '|'), ('లు', '|'), ('త', 'U'), ('థ్యం', 'U'), ('బె', 'U'), ('న్న', '|'), ('స', 'U'), ('ర్వే', 'U'), ('శ్వ', '|'), ('రా', 'U')]",0.95,1.0,1.0,1.0,0.75,1.0
mattebhamu,"తమ లింగార్చనకంటె జంగమము సౌందర్యంబుగాఁ గొల్చు టు-
త్తమభక్తిస్థితి లింగజంగమల సత్సామ్యంబుగాఁ జేఁత మ-
ధ్యమభక్తిస్థితి లింగపూజ నధికుండై జంగమోపాసనా-
క్షముఁడై యుండుట భక్తియం దది కనిష్ఠత్వంబు సర్వేశ్వరా!",vruttamu,Sarveswara,"[('త', '|'), ('మ', '|'), ('లిం', 'U'), ('గా', 'U'), ('ర్చ', '|'), ('న', '|'), ('కం', 'U'), ('టె', '|'), ('జం', 'U'), ('గ', '|'), ('మ', '|'), ('ము', '|'), ('సౌం', 'U'), ('ద', 'U'), ('ర్యం', 'U'), ('బు', '|'), ('గా', 'U'), ('గొ', 'U'), ('ల్చు', '|'), ('టు', 'U'), ('త్త', '|'), ('మ', '|'), ('భ', 'U'), ('క్తి', 'U'), ('స్థి', '|'), ('తి', '|'), ('లిం', 'U'), ('గ', '|'), ('జం', 'U'), ('గ', '|'), ('మ', '|'), ('ల', '|'), ('స', 'U'), ('త్సా', 'U'), ('మ్యం', 'U'), ('బు', '|'), ('గా', 'U'), ('జే', 'U'), ('త', '|'), ('మ', 'U'), ('ధ్య', '|'), ('మ', '|'), ('భ', 'U'), ('క్తి', 'U'), ('స్థి', '|'), ('తి', '|'), ('లిం', 'U'), ('గ', '|'), ('పూ', 'U'), ('జ', '|'), ('న', '|'), ('ధి', '|'), ('కుం', 'U'), ('డై', 'U'), ('జం', 'U'), ('గ', '|'), ('మో', 'U'), ('పా', 'U'), ('స', '|'), ('నా', 'U'), ('క్ష', '|'), ('ము', '|'), ('డై', 'U'), ('యుం', 'U'), ('డు', '|'), ('ట', '|'), ('భ', 'U'), ('క్తి', '|'), ('యం', 'U'), ('ద', '|'), ('ది', '|'), ('క', '|'), ('ని', 'U'), ('ష్ఠ', 'U'), ('త్వం', 'U'), ('బు', '|'), ('స', 'U'), ('ర్వే', 'U'), ('శ్వ', '|'), ('రా', 'U')]",0.95,1.0,1.0,1.0,0.75,1.0
mattebhamu,"కరఢక్కారవవాద్య మింపొదవ గంగాతుంగరంగత్తరం-
గరవప్రస్ఫుటతాళసమ్మిళిత తత్కంజాతపుంజస్ఫుర-
ద్వరపుష్పంధయ మందరధ్వనులు గీతంబొప్ప తౌర్యత్రికం-
బిరవై యుండఁగ నీదు తాండవమహం బేపారు సర్వేశ్వరా!",vruttamu,Sarveswara,"[('క', '|'), ('ర', '|'), ('ఢ', 'U'), ('క్కా', 'U'), ('ర', '|'), ('వ', '|'), ('వా', 'U'), ('ద్య', '|'), ('మిం', 'U'), ('పొ', '|'), ('ద', '|'), ('వ', '|'), ('గం', 'U'), ('గా', 'U'), ('తుం', 'U'), ('గ', '|'), ('రం', 'U'), ('గ', 'U'), ('త్త', '|'), ('రం', 'U'), ('గ', '|'), ('ర', '|'), ('వ', '|'), ('ప్ర', 'U'), ('స్ఫు', '|'), ('ట', '|'), ('తా', 'U'), ('ళ', '|'), ('స', 'U'), ('మ్మి', '|'), ('ళి', '|'), ('త', '|'), ('త', 'U'), ('త్కం', 'U'), ('జా', 'U'), ('త', '|'), ('పుం', 'U'), ('జ', 'U'), ('స్ఫు', '|'), ('ర', 'U'), ('ద్వ', '|'), ('ర', '|'), ('పు', 'U'), ('ష్పం', 'U'), ('ధ', '|'), ('య', '|'), ('మం', 'U'), ('ద', '|'), ('ర', 'U'), ('ధ్వ', '|'), ('ను', '|'), ('లు', '|'), ('గీ', 'U'), ('తం', 'U'), ('బొ', 'U'), ('ప్ప', '|'), ('తౌ', 'U'), ('ర్య', '|'), ('త్రి', '|'), ('కం', 'U'), ('బి', '|'), ('ర', '|'), ('వై', 'U'), ('యుం', 'U'), ('డ', '|'), ('గ', '|'), ('నీ', 'U'), ('దు', '|'), ('తాం', 'U'), ('డ', '|'), ('వ', '|'), ('మ', '|'), ('హం', 'U'), ('బే', 'U'), ('పా', 'U'), ('రు', '|'), ('స', 'U'), ('ర్వే', 'U'), ('శ్వ', '|'), ('రా', 'U')]",0.9857142857142858,1.0,1.0,0.9285714285714286,1.0,1.0
mattebhamu,"అజరుద్రాదులు మిమ్మెఱింగి నుతిసేయన్లేరు నేనెంతవాఁ-
డ జగద్రక్షణదక్ష నిన్నుఁ గొనియాడ న్నీస్వభావంబు దా-
సజనానుగ్రహనిశ్చితంబగుట నా జన్మంబు సాఫల్యమం-
ద జడుండంచు నిరాకరింపకఁ బ్రసన్నంబౌట సర్వేశ్వరా!",vruttamu,Sarveswara,"[('అ', '|'), ('జ', '|'), ('రు', '|'), ('ద్రా', 'U'), ('దు', '|'), ('లు', '|'), ('మి', 'U'), ('మ్మె', '|'), ('ఱిం', 'U'), ('గి', '|'), ('ను', '|'), ('తి', '|'), ('సే', 'U'), ('య', 'U'), ('న్లే', 'U'), ('రు', '|'), ('నే', 'U'), ('నెం', 'U'), ('త', '|'), ('వా', 'U'), ('డ', '|'), ('జ', '|'), ('గ', '|'), ('ద్ర', 'U'), ('క్ష', '|'), ('ణ', '|'), ('ద', 'U'), ('క్ష', '|'), ('ని', 'U'), ('న్ను', '|'), ('గొ', '|'), ('ని', '|'), ('యా', 'U'), ('డ', 'U'), ('న్నీ', 'U'), ('స్వ', '|'), ('భా', 'U'), ('వం', 'U'), ('బు', '|'), ('దా', 'U'), ('స', '|'), ('జ', '|'), ('నా', 'U'), ('ను', '|'), ('గ్ర', '|'), ('హ', '|'), ('ని', 'U'), ('శ్చి', '|'), ('తం', 'U'), ('బ', '|'), ('గు', '|'), ('ట', '|'), ('నా', 'U'), ('జ', 'U'), ('న్మం', 'U'), ('బు', '|'), ('సా', 'U'), ('ఫ', 'U'), ('ల్య', '|'), ('మం', 'U'), ('ద', '|'), ('జ', '|'), ('డుం', 'U'), ('డం', 'U'), ('చు', '|'), ('ని', '|'), ('రా', 'U'), ('క', '|'), ('రిం', 'U'), ('ప', '|'), ('క', '|'), ('బ్ర', '|'), ('స', 'U'), ('న్నం', 'U'), ('బౌ', 'U'), ('ట', '|'), ('స', 'U'), ('ర్వే', 'U'), ('శ్వ', '|'), ('రా', 'U')]",0.9285714285714285,1.0,1.0,0.8928571428571429,0.75,1.0
saardulamu,"బాలుం డాడెడు మాటలెల్ల నుపమింపం దండ్రికి బ్రౌఢభా-
వాలాపంబులకంటె మించుగతి నే నజ్ఞానభావంబునం-
దాలోచించి రచించినట్టి కృతి యింపారంగ నీకు న్మహా-
లాలిత్యస్తుతికంటెఁ గైకొనుఁగదా శ్లాఘ్యంబు సర్వేశ్వరా!",vruttamu,Sarveswara,"[('బా', 'U'), ('లుం', 'U'), ('డా', 'U'), ('డె', '|'), ('డు', '|'), ('మా', 'U'), ('ట', '|'), ('లె', 'U'), ('ల్ల', '|'), ('ను', '|'), ('ప', '|'), ('మిం', 'U'), ('పం', 'U'), ('దం', 'U'), ('డ్రి', '|'), ('కి', '|'), ('బ్రౌ', 'U'), ('ఢ', '|'), ('భా', 'U'), ('వా', 'U'), ('లా', 'U'), ('పం', 'U'), ('బు', '|'), ('ల', '|'), ('కం', 'U'), ('టె', '|'), ('మిం', 'U'), ('చు', '|'), ('గ', '|'), ('తి', '|'), ('నే', 'U'), ('న', 'U'), ('జ్ఞా', 'U'), ('న', '|'), ('భా', 'U'), ('వం', 'U'), ('బు', '|'), ('నం', 'U'), ('దా', 'U'), ('లో', 'U'), ('చిం', 'U'), ('చి', '|'), ('ర', '|'), ('చిం', 'U'), ('చి', '|'), ('న', 'U'), ('ట్టి', '|'), ('కృ', '|'), ('తి', '|'), ('యిం', 'U'), ('పా', 'U'), ('రం', 'U'), ('గ', '|'), ('నీ', 'U'), ('కు', 'U'), ('న్మ', '|'), ('హా', 'U'), ('లా', 'U'), ('లి', 'U'), ('త్య', 'U'), ('స్తు', '|'), ('తి', '|'), ('కం', 'U'), ('టె', '|'), ('గై', 'U'), ('కొ', '|'), ('ను', '|'), ('గ', '|'), ('దా', 'U'), ('శ్లా', 'U'), ('ఘ్యం', 'U'), ('బు', '|'), ('స', 'U'), ('ర్వే', 'U'), ('శ్వ', '|'), ('రా', 'U')]",0.8928571428571429,1.0,1.0,0.9642857142857143,0.5,1.0
mattebhamu,"అభిరమ్యంబుగ దూదికొండ మహనీయారాధ్య సోమేశ్వర-
ప్రభు కారుణ్యవసంతసంజనిత మద్వాక్యప్రసూనావళి-
న్విభవం బొప్పఁగఁ గూర్చి యెంతయు లసద్విఖ్యాతి సంపత్సుఖ-
ప్రభవంబైన భవత్పదద్వయము నారాధింతు సర్వేశ్వరా!",vruttamu,Sarveswara,"[('అ', '|'), ('భి', '|'), ('ర', 'U'), ('మ్యం', 'U'), ('బు', '|'), ('గ', '|'), ('దూ', 'U'), ('ది', '|'), ('కొం', 'U'), ('డ', '|'), ('మ', '|'), ('హ', '|'), ('నీ', 'U'), ('యా', 'U'), ('రా', 'U'), ('ధ్య', '|'), ('సో', 'U'), ('మే', 'U'), ('శ్వ', '|'), ('ర', '|'), ('ప్ర', '|'), ('భు', '|'), ('కా', 'U'), ('రు', 'U'), ('ణ్య', '|'), ('వ', '|'), ('సం', 'U'), ('త', '|'), ('సం', 'U'), ('జ', '|'), ('ని', '|'), ('త', '|'), ('మ', 'U'), ('ద్వా', 'U'), ('క్య', '|'), ('ప్ర', '|'), ('సూ', 'U'), ('నా', 'U'), ('వ', '|'), ('ళి', 'U'), ('న్వి', '|'), ('భ', '|'), ('వం', 'U'), ('బొ', 'U'), ('ప్ప', '|'), ('గ', '|'), ('గూ', 'U'), ('ర్చి', '|'), ('యెం', 'U'), ('త', '|'), ('యు', '|'), ('ల', '|'), ('స', 'U'), ('ద్వి', 'U'), ('ఖ్యా', 'U'), ('తి', '|'), ('సం', 'U'), ('ప', 'U'), ('త్సు', '|'), ('ఖ', '|'), ('ప్ర', '|'), ('భ', '|'), ('వం', 'U'), ('బై', 'U'), ('న', '|'), ('భ', '|'), ('వ', 'U'), ('త్ప', '|'), ('ద', 'U'), ('ద్వ', '|'), ('య', '|'), ('ము', '|'), ('నా', 'U'), ('రా', 'U'), ('ధిం', 'U'), ('తు', '|'), ('స', 'U'), ('ర్వే', 'U'), ('శ్వ', '|'), ('రా', 'U')]",0.9285714285714285,1.0,1.0,0.8928571428571429,0.75,1.0
saardulamu,"ధాత్రి న్భక్తజనానురంజనముగాఁ దత్త్వప్రకాశంబుగాఁ
జిత్రార్థాంచితశబ్దబంధురముగా సేవ్యంబుగా సజ్జన-
శ్రోత్రానందముగా శుభాంచితముగా శోధించి సర్వేశ్వర-
స్తోత్రం బన్నయ చెప్పె నిజ్జగములో శోభిల్ల సర్వేశ్వరా!",vruttamu,Sarveswara,"[('ధా', 'U'), ('త్రి', 'U'), ('న్భ', 'U'), ('క్త', '|'), ('జ', '|'), ('నా', 'U'), ('ను', '|'), ('రం', 'U'), ('జ', '|'), ('న', '|'), ('ము', '|'), ('గా', 'U'), ('ద', 'U'), ('త్త్వ', '|'), ('ప్ర', '|'), ('కా', 'U'), ('శం', 'U'), ('బు', '|'), ('గా', 'U'), ('జి', '|'), ('త్రా', 'U'), ('ర్థాం', 'U'), ('చి', '|'), ('త', '|'), ('శ', 'U'), ('బ్ద', '|'), ('బం', 'U'), ('ధు', '|'), ('ర', '|'), ('ము', '|'), ('గా', 'U'), ('సే', 'U'), ('వ్యం', 'U'), ('బు', '|'), ('గా', 'U'), ('స', 'U'), ('జ్జ', '|'), ('న', '|'), ('శ్రో', 'U'), ('త్రా', 'U'), ('నం', 'U'), ('ద', '|'), ('ము', '|'), ('గా', 'U'), ('శు', '|'), ('భాం', 'U'), ('చి', '|'), ('త', '|'), ('ము', '|'), ('గా', 'U'), ('శో', 'U'), ('ధిం', 'U'), ('చి', '|'), ('స', 'U'), ('ర్వే', 'U'), ('శ్వ', '|'), ('ర', 'U'), ('స్తో', 'U'), ('త్రం', 'U'), ('బ', 'U'), ('న్న', '|'), ('య', '|'), ('చె', 'U'), ('ప్పె', '|'), ('ని', 'U'), ('జ్జ', '|'), ('గ', '|'), ('ము', '|'), ('లో', 'U'), ('శో', 'U'), ('భి', 'U'), ('ల్ల', '|'), ('స', 'U'), ('ర్వే', 'U'), ('శ్వ', '|'), ('రా', 'U')]",0.9785714285714284,1.0,1.0,0.8928571428571429,1.0,1.0
saardulamu,"శాకాబ్దంబులు వార్ధిషట్కపురజిత్సంఖ్యం బ్రవర్తింప సు-
శ్లోకానందకరంబుగా మహిమతో శోభిల్ల సర్వేశ్వర-
ప్రాకామ్యస్తవ మొప్పఁ జెప్పె శుభకృత్ప్రవ్యక్తవర్షంబునన్
శ్రీకంఠార్పితమై వసుంధరపయిం జెన్నొంద సర్వేశ్వరా!",vruttamu,Sarveswara,"[('శా', 'U'), ('కా', 'U'), ('బ్దం', 'U'), ('బు', '|'), ('లు', '|'), ('వా', 'U'), ('ర్ధి', '|'), ('ష', 'U'), ('ట్క', '|'), ('పు', '|'), ('ర', '|'), ('జి', 'U'), ('త్సం', 'U'), ('ఖ్యం', 'U'), ('బ్ర', '|'), ('వ', 'U'), ('ర్తిం', 'U'), ('ప', '|'), ('సు', 'U'), ('శ్లో', 'U'), ('కా', 'U'), ('నం', 'U'), ('ద', '|'), ('క', '|'), ('రం', 'U'), ('బు', '|'), ('గా', 'U'), ('మ', '|'), ('హి', '|'), ('మ', '|'), ('తో', 'U'), ('శో', 'U'), ('భి', 'U'), ('ల్ల', '|'), ('స', 'U'), ('ర్వే', 'U'), ('శ్వ', '|'), ('ర', '|'), ('ప్రా', 'U'), ('కా', 'U'), ('మ్య', 'U'), ('స్త', '|'), ('వ', '|'), ('మొ', 'U'), ('ప్ప', '|'), ('జె', 'U'), ('ప్పె', '|'), ('శు', '|'), ('భ', '|'), ('కృ', 'U'), ('త్ప్ర', 'U'), ('వ్య', 'U'), ('క్త', '|'), ('వ', 'U'), ('ర్షం', 'U'), ('బు', '|'), ('నన్', 'U'), ('శ్రీ', 'U'), ('కం', 'U'), ('ఠా', 'U'), ('ర్పి', '|'), ('త', '|'), ('మై', 'U'), ('వ', '|'), ('సుం', 'U'), ('ధ', '|'), ('ర', '|'), ('ప', '|'), ('యిం', 'U'), ('జె', 'U'), ('న్నొం', 'U'), ('ద', '|'), ('స', 'U'), ('ర్వే', 'U'), ('శ్వ', '|'), ('రా', 'U')]",0.9928571428571429,1.0,1.0,0.9642857142857143,1.0,1.0
mattebhamu,"అరిషడ్వర్గబలంబులో మలసి మాయావృత్తి నాయం దతి-
స్ఫురణం జేసినవాఁడు మోహుఁ డతనిన్ బోఁద్రోచి నీ భక్తితో
బరగం గూర్చి వివేకిఁ జేసి నెరయం బాటించి నాయం దధీ-
శ్వరుఁడై యుండఁగదయ్య రౌప్యకుధరవ్యాపార సర్వేశ్వరా!",vruttamu,Sarveswara,"[('అ', '|'), ('రి', '|'), ('ష', 'U'), ('డ్వ', 'U'), ('ర్గ', '|'), ('బ', '|'), ('లం', 'U'), ('బు', '|'), ('లో', 'U'), ('మ', '|'), ('ల', '|'), ('సి', '|'), ('మా', 'U'), ('యా', 'U'), ('వృ', 'U'), ('త్తి', '|'), ('నా', 'U'), ('యం', 'U'), ('ద', '|'), ('తి', 'U'), ('స్ఫు', '|'), ('ర', '|'), ('ణం', 'U'), ('జే', 'U'), ('సి', '|'), ('న', '|'), ('వా', 'U'), ('డు', '|'), ('మో', 'U'), ('హు', '|'), ('డ', '|'), ('త', '|'), ('ని', 'U'), ('న్బో', 'U'), ('ద్రో', 'U'), ('చి', '|'), ('నీ', 'U'), ('భ', 'U'), ('క్తి', '|'), ('తో', 'U'), ('బ', '|'), ('ర', '|'), ('గం', 'U'), ('గూ', 'U'), ('ర్చి', '|'), ('వి', '|'), ('వే', 'U'), ('కి', '|'), ('జే', 'U'), ('సి', '|'), ('నె', '|'), ('ర', '|'), ('యం', 'U'), ('బా', 'U'), ('టిం', 'U'), ('చి', '|'), ('నా', 'U'), ('యం', 'U'), ('ద', '|'), ('ధీ', 'U'), ('శ్వ', '|'), ('రు', '|'), ('డై', 'U'), ('యుం', 'U'), ('డ', '|'), ('గ', '|'), ('ద', 'U'), ('య్య', '|'), ('రౌ', 'U'), ('ప్య', '|'), ('కు', '|'), ('ధ', '|'), ('ర', 'U'), ('వ్యా', 'U'), ('పా', 'U'), ('ర', '|'), ('స', 'U'), ('ర్వే', 'U'), ('శ్వ', '|'), ('రా', 'U')]",1.0,1.0,1.0,1.0,1.0,1.0
mattebhamu,"అమలామ్నాయవిధిప్రబోధము లసంఖ్యాతంబులై యుండు నా-
గమమార్గోత్తమమంత్రతంత్రము లసంఖ్యాతంబులై యుండుఁ ద-
త్క్రమము ల్నాకవియేల నీవు మెఱయంగా నిన్ను సద్భక్తియో-
గమునం గొల్చి జయింపఁ జేయు మిదె మత్కామ్యంబు సర్వేశ్వరా!",vruttamu,Sarveswara,"[('అ', '|'), ('మ', '|'), ('లా', 'U'), ('మ్నా', 'U'), ('య', '|'), ('వి', '|'), ('ధి', '|'), ('ప్ర', '|'), ('బో', 'U'), ('ధ', '|'), ('ము', '|'), ('ల', '|'), ('సం', 'U'), ('ఖ్యా', 'U'), ('తం', 'U'), ('బు', '|'), ('లై', 'U'), ('యుం', 'U'), ('డు', '|'), ('నా', 'U'), ('గ', '|'), ('మ', '|'), ('మా', 'U'), ('ర్గో', 'U'), ('త్త', '|'), ('మ', '|'), ('మం', 'U'), ('త్ర', '|'), ('తం', 'U'), ('త్ర', '|'), ('ము', '|'), ('ల', '|'), ('సం', 'U'), ('ఖ్యా', 'U'), ('తం', 'U'), ('బు', '|'), ('లై', 'U'), ('యుం', 'U'), ('డు', '|'), ('ద', 'U'), ('త్క్ర', '|'), ('మ', '|'), ('ము', 'U'), ('ల్నా', 'U'), ('క', '|'), ('వి', '|'), ('యే', 'U'), ('ల', '|'), ('నీ', 'U'), ('వు', '|'), ('మె', '|'), ('ఱ', '|'), ('యం', 'U'), ('గా', 'U'), ('ని', 'U'), ('న్ను', '|'), ('స', 'U'), ('ద్భ', 'U'), ('క్తి', '|'), ('యో', 'U'), ('గ', '|'), ('ము', '|'), ('నం', 'U'), ('గొ', 'U'), ('ల్చి', '|'), ('జ', '|'), ('యిం', 'U'), ('ప', '|'), ('జే', 'U'), ('యు', '|'), ('మి', '|'), ('దె', '|'), ('మ', 'U'), ('త్కా', 'U'), ('మ్యం', 'U'), ('బు', '|'), ('స', 'U'), ('ర్వే', 'U'), ('శ్వ', '|'), ('రా', 'U')]",0.9928571428571429,1.0,1.0,0.9642857142857143,1.0,1.0
saardulamu,"కానీ దారసమన్వితుండు మిగులం గానీఁడు కందర్పునిన్
గోనీ మానవకోటిలో మరులు పైకోనీఁడు మోహంబునున్
రానీ రాజితరాజ్యవైభవము పైరానీఁడు గర్వంబునున్
లో నీవైన మహాత్ముఁ డన్యమునకున్ బోనీఁడు సర్వేశ్వరా!",vruttamu,Sarveswara,"[('కా', 'U'), ('నీ', 'U'), ('దా', 'U'), ('ర', '|'), ('స', '|'), ('మ', 'U'), ('న్వి', '|'), ('తుం', 'U'), ('డు', '|'), ('మి', '|'), ('గు', '|'), ('లం', 'U'), ('గా', 'U'), ('నీ', 'U'), ('డు', '|'), ('కం', 'U'), ('ద', 'U'), ('ర్పు', '|'), ('నిన్', 'U'), ('గో', 'U'), ('నీ', 'U'), ('మా', 'U'), ('న', '|'), ('వ', '|'), ('కో', 'U'), ('టి', '|'), ('లో', 'U'), ('మ', '|'), ('రు', '|'), ('లు', '|'), ('పై', 'U'), ('కో', 'U'), ('నీ', 'U'), ('డు', '|'), ('మో', 'U'), ('హం', 'U'), ('బు', '|'), ('నున్', 'U'), ('రా', 'U'), ('నీ', 'U'), ('రా', 'U'), ('జి', '|'), ('త', '|'), ('రా', 'U'), ('జ్య', '|'), ('వై', 'U'), ('భ', '|'), ('వ', '|'), ('ము', '|'), ('పై', 'U'), ('రా', 'U'), ('నీ', 'U'), ('డు', '|'), ('గ', 'U'), ('ర్వం', 'U'), ('బు', '|'), ('నున్', 'U'), ('లో', 'U'), ('నీ', 'U'), ('వై', 'U'), ('న', '|'), ('మ', '|'), ('హా', 'U'), ('త్ము', '|'), ('డ', 'U'), ('న్య', '|'), ('ము', '|'), ('న', '|'), ('కు', 'U'), ('న్బో', 'U'), ('నీ', 'U'), ('డు', '|'), ('స', 'U'), ('ర్వే', 'U'), ('శ్వ', '|'), ('రా', 'U')]",0.95,1.0,1.0,1.0,0.75,1.0
saardulamu,"ఏ నిన్నే శరణందు బాంధవులు గానీ యెల్లవారుం బగే
కానీ మృత్యువు తలక్రిందువడనీ కాలుండు గీవెట్టనీ
నానాకర్మచయంబు గింజుకొననీ నాకేమి నేరాజ నిం-
తే నీ చాటున దాఁగియున్నపుడు బీతే యింక సర్వేశ్వరా!",vruttamu,Sarveswara,"[('ఏ', 'U'), ('ని', 'U'), ('న్నే', 'U'), ('శ', '|'), ('ర', '|'), ('ణం', 'U'), ('దు', '|'), ('బాం', 'U'), ('ధ', '|'), ('వు', '|'), ('లు', '|'), ('గా', 'U'), ('నీ', 'U'), ('యె', 'U'), ('ల్ల', '|'), ('వా', 'U'), ('రుం', 'U'), ('బ', '|'), ('గే', 'U'), ('కా', 'U'), ('నీ', 'U'), ('మృ', 'U'), ('త్యు', '|'), ('వు', '|'), ('త', '|'), ('ల', '|'), ('క్రిం', 'U'), ('దు', '|'), ('వ', '|'), ('డ', '|'), ('నీ', 'U'), ('కా', 'U'), ('లుం', 'U'), ('డు', '|'), ('గీ', 'U'), ('వె', 'U'), ('ట్ట', '|'), ('నీ', 'U'), ('నా', 'U'), ('నా', 'U'), ('క', 'U'), ('ర్మ', '|'), ('చ', '|'), ('యం', 'U'), ('బు', '|'), ('గిం', 'U'), ('జు', '|'), ('కొ', '|'), ('న', '|'), ('నీ', 'U'), ('నా', 'U'), ('కే', 'U'), ('మి', '|'), ('నే', 'U'), ('రా', 'U'), ('జ', '|'), ('నిం', 'U'), ('తే', 'U'), ('నీ', 'U'), ('చా', 'U'), ('టు', '|'), ('న', '|'), ('దా', 'U'), ('గి', '|'), ('యు', 'U'), ('న్న', '|'), ('పు', '|'), ('డు', '|'), ('బీ', 'U'), ('తే', 'U'), ('యిం', 'U'), ('క', '|'), ('స', 'U'), ('ర్వే', 'U'), ('శ్వ', '|'), ('రా', 'U')]",0.9428571428571428,1.0,1.0,0.9642857142857143,0.75,1.0
mattebhamu,"జయశక్తిన్ రవిచంద్రతారకముగాఁ జల్పెన్ యథావాక్కులా-
న్వయసంజాతుఁడు నన్నమార్యుఁ డవని న్వర్ణించి నీ సత్కథా-
క్రియసంబోధన నీదు భక్తిని మహానిర్ణీతవిశ్రాంతిగా
భయవిభ్రాంతులు లేక యీ శతకముం బ్రఖ్యాతి సర్వేశ్వరా!",vruttamu,Sarveswara,"[('జ', '|'), ('య', '|'), ('శ', 'U'), ('క్తి', '|'), ('న్ర', '|'), ('వి', '|'), ('చం', 'U'), ('ద్ర', '|'), ('తా', 'U'), ('ర', '|'), ('క', '|'), ('ము', '|'), ('గా', 'U'), ('జ', 'U'), ('ల్పె', 'U'), ('న్య', '|'), ('థా', 'U'), ('వా', 'U'), ('క్కు', '|'), ('లా', 'U'), ('న్వ', '|'), ('య', '|'), ('సం', 'U'), ('జా', 'U'), ('తు', '|'), ('డు', '|'), ('న', 'U'), ('న్న', '|'), ('మా', 'U'), ('ర్యు', '|'), ('డ', '|'), ('వ', '|'), ('ని', 'U'), ('న్వ', 'U'), ('ర్ణిం', 'U'), ('చి', '|'), ('నీ', 'U'), ('స', 'U'), ('త్క', '|'), ('థా', 'U'), ('క్రి', '|'), ('య', '|'), ('సం', 'U'), ('బో', 'U'), ('ధ', '|'), ('న', '|'), ('నీ', 'U'), ('దు', '|'), ('భ', 'U'), ('క్తి', '|'), ('ని', '|'), ('మ', '|'), ('హా', 'U'), ('ని', 'U'), ('ర్ణీ', 'U'), ('త', '|'), ('వి', '|'), ('శ్రాం', 'U'), ('తి', '|'), ('గా', 'U'), ('భ', '|'), ('య', '|'), ('వి', '|'), ('భ్రాం', 'U'), ('తు', '|'), ('లు', '|'), ('లే', 'U'), ('క', '|'), ('యీ', 'U'), ('శ', '|'), ('త', '|'), ('క', '|'), ('ముం', 'U'), ('బ్ర', 'U'), ('ఖ్యా', 'U'), ('తి', '|'), ('స', 'U'), ('ర్వే', 'U'), ('శ్వ', '|'), ('రా', 'U')]",0.9285714285714285,1.0,1.0,0.8928571428571429,0.75,1.0
saardulamu,"శ్రీవిద్యుత్కలితాజవంజవ మహాజీమూతపాపాంబు ధా
రావేగంబున మన్మనోబ్జ సముదీర్ణత్వంబు గోల్పోయితిన్‌
దేవా! నీ కరుణా శరత్సమయమింతేఁ జాలు సద్భావనా
సేవం దామరతంపరై మనియెదన్‌ శ్రీకాళహస్తీశ్వరా!",vruttamu,Srikaalahasteeswara,"[('శ్రీ', 'U'), ('వి', 'U'), ('ద్యు', 'U'), ('త్క', '|'), ('లి', '|'), ('తా', 'U'), ('జ', '|'), ('వం', 'U'), ('జ', '|'), ('వ', '|'), ('మ', '|'), ('హా', 'U'), ('జీ', 'U'), ('మూ', 'U'), ('త', '|'), ('పా', 'U'), ('పాం', 'U'), ('బు', '|'), ('ధా', 'U'), ('రా', 'U'), ('వే', 'U'), ('గం', 'U'), ('బు', '|'), ('న', '|'), ('మ', 'U'), ('న్మ', '|'), ('నో', 'U'), ('బ్జ', '|'), ('స', '|'), ('ము', '|'), ('దీ', 'U'), ('ర్ణ', 'U'), ('త్వం', 'U'), ('బు', '|'), ('గో', 'U'), ('ల్పో', 'U'), ('యి', '|'), ('తిన్', 'U'), ('దే', 'U'), ('వా', 'U'), ('నీ', 'U'), ('క', '|'), ('రు', '|'), ('ణా', 'U'), ('శ', '|'), ('ర', 'U'), ('త్స', '|'), ('మ', '|'), ('య', '|'), ('మిం', 'U'), ('తే', 'U'), ('జా', 'U'), ('లు', '|'), ('స', 'U'), ('ద్భా', 'U'), ('వ', '|'), ('నా', 'U'), ('సే', 'U'), ('వం', 'U'), ('దా', 'U'), ('మ', '|'), ('ర', '|'), ('తం', 'U'), ('ప', '|'), ('రై', 'U'), ('మ', '|'), ('ని', '|'), ('యె', '|'), ('ద', 'U'), ('న్శ్రీ', 'U'), ('కా', 'U'), ('ళ', '|'), ('హ', 'U'), ('స్తీ', 'U'), ('శ్వ', '|'), ('రా', 'U')]",1.0,1.0,1.0,1.0,1.0,1.0
saardulamu,"వాణీవల్లభ దుర్లభంబగు భవద్ద్వారంబున న్నిల్చి ని
ర్వాణశ్రీఁ జెఱపట్టజూచిన విచారద్రోహమో నిత్యక
ల్యాణక్రీడలఁబాసి దుర్దశలపాలై రాజలోకాధమ
శ్రేణీద్వారము దూరఁజేసెదిపుడో శ్రీకాళహస్తీశ్వరా!",vruttamu,Srikaalahasteeswara,"[('వా', 'U'), ('ణీ', 'U'), ('వ', 'U'), ('ల్ల', '|'), ('భ', '|'), ('దు', 'U'), ('ర్ల', '|'), ('భం', 'U'), ('బ', '|'), ('గు', '|'), ('భ', '|'), ('వ', 'U'), ('ద్ద్వా', 'U'), ('రం', 'U'), ('బు', '|'), ('న', 'U'), ('న్ని', 'U'), ('ల్చి', '|'), ('ని', 'U'), ('ర్వా', 'U'), ('ణ', '|'), ('శ్రీ', 'U'), ('జె', '|'), ('ఱ', '|'), ('ప', 'U'), ('ట్ట', '|'), ('జూ', 'U'), ('చి', '|'), ('న', '|'), ('వి', '|'), ('చా', 'U'), ('ర', '|'), ('ద్రో', 'U'), ('హ', '|'), ('మో', 'U'), ('ని', 'U'), ('త్య', '|'), ('క', 'U'), ('ల్యా', 'U'), ('ణ', '|'), ('క్రీ', 'U'), ('డ', '|'), ('ల', '|'), ('బా', 'U'), ('సి', '|'), ('దు', 'U'), ('ర్ద', '|'), ('శ', '|'), ('ల', '|'), ('పా', 'U'), ('లై', 'U'), ('రా', 'U'), ('జ', '|'), ('లో', 'U'), ('కా', 'U'), ('ధ', '|'), ('మ', '|'), ('శ్రే', 'U'), ('ణీ', 'U'), ('ద్వా', 'U'), ('ర', '|'), ('ము', '|'), ('దూ', 'U'), ('ర', '|'), ('జే', 'U'), ('సె', '|'), ('ది', '|'), ('పు', '|'), ('డో', 'U'), ('శ్రీ', 'U'), ('కా', 'U'), ('ళ', '|'), ('హ', 'U'), ('స్తీ', 'U'), ('శ్వ', '|'), ('రా', 'U')]",0.9714285714285715,1.0,1.0,0.8571428571428571,1.0,1.0
saardulamu,"అంతామిథ్య తలంచిచూచిన నరుండట్లౌటెఱింగిన్‌ సదా
కాంతల్పుత్రులు నర్థమున్‌ తనువు నిక్కంబంచు మోహార్ణవ
భ్రాంతింజెంది చరించుఁగాని పరమార్థంబైన నీయందుఁ దాఁ
జింతాకంతయుఁ జింతనిల్పఁడు గదా శ్రీకాళహస్తీశ్వరా!",vruttamu,Srikaalahasteeswara,"[('అం', 'U'), ('తా', 'U'), ('మి', 'U'), ('థ్య', '|'), ('త', '|'), ('లం', 'U'), ('చి', '|'), ('చూ', 'U'), ('చి', '|'), ('న', '|'), ('న', '|'), ('రుం', 'U'), ('డ', 'U'), ('ట్లౌ', 'U'), ('టె', '|'), ('ఱిం', 'U'), ('గి', 'U'), ('న్స', '|'), ('దా', 'U'), ('కాం', 'U'), ('త', 'U'), ('ల్పు', '|'), ('త్రు', '|'), ('లు', '|'), ('న', 'U'), ('ర్థ', '|'), ('ము', 'U'), ('న్త', '|'), ('ను', '|'), ('వు', '|'), ('ని', 'U'), ('క్కం', 'U'), ('బం', 'U'), ('చు', '|'), ('మో', 'U'), ('హా', 'U'), ('ర్ణ', '|'), ('వ', '|'), ('భ్రాం', 'U'), ('తిం', 'U'), ('జెం', 'U'), ('ది', '|'), ('చ', '|'), ('రిం', 'U'), ('చు', '|'), ('గా', 'U'), ('ని', '|'), ('ప', '|'), ('ర', '|'), ('మా', 'U'), ('ర్థం', 'U'), ('బై', 'U'), ('న', '|'), ('నీ', 'U'), ('యం', 'U'), ('దు', '|'), ('దా', 'U'), ('జిం', 'U'), ('తా', 'U'), ('కం', 'U'), ('త', '|'), ('యు', '|'), ('జిం', 'U'), ('త', '|'), ('ని', 'U'), ('ల్ప', '|'), ('డు', '|'), ('గ', '|'), ('దా', 'U'), ('శ్రీ', 'U'), ('కా', 'U'), ('ళ', '|'), ('హ', 'U'), ('స్తీ', 'U'), ('శ్వ', '|'), ('రా', 'U')]",0.9357142857142857,1.0,1.0,0.9285714285714286,0.75,1.0
saardulamu,"నీనా సందొడబాటు మాట వినుమా! నీచేత జీతంబునేఁ
గానింబట్టక సంతతంబు మదివేడ్కన్గొల్తు నంతస్సప
త్నానీకంబున కొప్పగింపకుము నన్నాపాటియే చాలుఁదే
జీనొల్లం గరినొల్ల నొల్లసిరులన్‌ శ్రీకాళహస్తీశ్వరా!",vruttamu,Srikaalahasteeswara,"[('నీ', 'U'), ('నా', 'U'), ('సం', 'U'), ('దొ', '|'), ('డ', '|'), ('బా', 'U'), ('టు', '|'), ('మా', 'U'), ('ట', '|'), ('వి', '|'), ('ను', '|'), ('మా', 'U'), ('నీ', 'U'), ('చే', 'U'), ('త', '|'), ('జీ', 'U'), ('తం', 'U'), ('బు', '|'), ('నే', 'U'), ('గా', 'U'), ('నిం', 'U'), ('బ', 'U'), ('ట్ట', '|'), ('క', '|'), ('సం', 'U'), ('త', '|'), ('తం', 'U'), ('బు', '|'), ('మ', '|'), ('ది', '|'), ('వే', 'U'), ('డ్క', 'U'), ('న్గొ', 'U'), ('ల్తు', '|'), ('నం', 'U'), ('త', 'U'), ('స్స', '|'), ('ప', 'U'), ('త్నా', 'U'), ('నీ', 'U'), ('కం', 'U'), ('బు', '|'), ('న', '|'), ('కొ', 'U'), ('ప్ప', '|'), ('గిం', 'U'), ('ప', '|'), ('కు', '|'), ('ము', '|'), ('న', 'U'), ('న్నా', 'U'), ('పా', 'U'), ('టి', '|'), ('యే', 'U'), ('చా', 'U'), ('లు', '|'), ('దే', 'U'), ('జీ', 'U'), ('నొ', 'U'), ('ల్లం', 'U'), ('గ', '|'), ('రి', '|'), ('నొ', 'U'), ('ల్ల', '|'), ('నొ', 'U'), ('ల్ల', '|'), ('సి', '|'), ('రు', '|'), ('ల', 'U'), ('న్శ్రీ', 'U'), ('కా', 'U'), ('ళ', '|'), ('హ', 'U'), ('స్తీ', 'U'), ('శ్వ', '|'), ('రా', 'U')]",1.0,1.0,1.0,1.0,1.0,1.0
mattebhamu,"భవకేళీ మదిరామదంబున మహాపాపాత్ముఁడై వీఁడు న
న్ను వివేకింపఁడటంచు నేను నరకార్ణోరాశిపాలైనఁ బ
ట్టవు? బాలుండొకచోట నాటతమితోడన్నూతఁ గూలంగఁ దం
డ్రి విచారింపకయుండునా కటకటా! శ్రీకాళహస్తీశ్వరా!",vruttamu,Srikaalahasteeswara,"[('భ', '|'), ('వ', '|'), ('కే', 'U'), ('ళీ', 'U'), ('మ', '|'), ('ది', '|'), ('రా', 'U'), ('మ', '|'), ('దం', 'U'), ('బు', '|'), ('న', '|'), ('మ', '|'), ('హా', 'U'), ('పా', 'U'), ('పా', 'U'), ('త్ము', '|'), ('డై', 'U'), ('వీ', 'U'), ('డు', '|'), ('న', 'U'), ('న్ను', '|'), ('వి', '|'), ('వే', 'U'), ('కిం', 'U'), ('ప', '|'), ('డ', '|'), ('టం', 'U'), ('చు', '|'), ('నే', 'U'), ('ను', '|'), ('న', '|'), ('ర', '|'), ('కా', 'U'), ('ర్ణో', 'U'), ('రా', 'U'), ('శి', '|'), ('పా', 'U'), ('లై', 'U'), ('న', '|'), ('బ', 'U'), ('ట్ట', '|'), ('వు', '|'), ('బా', 'U'), ('లుం', 'U'), ('డొ', '|'), ('క', '|'), ('చో', 'U'), ('ట', '|'), ('నా', 'U'), ('ట', '|'), ('త', '|'), ('మి', '|'), ('తో', 'U'), ('డ', 'U'), ('న్నూ', 'U'), ('త', '|'), ('గూ', 'U'), ('లం', 'U'), ('గ', '|'), ('దం', 'U'), ('డ్రి', '|'), ('వి', '|'), ('చా', 'U'), ('రిం', 'U'), ('ప', '|'), ('క', '|'), ('యుం', 'U'), ('డు', '|'), ('నా', 'U'), ('క', '|'), ('ట', '|'), ('క', '|'), ('టా', 'U'), ('శ్రీ', 'U'), ('కా', 'U'), ('ళ', '|'), ('హ', 'U'), ('స్తీ', 'U'), ('శ్వ', '|'), ('రా', 'U')]",1.0,1.0,1.0,1.0,1.0,1.0
saardulamu,"స్వామిద్రోహముఁజేసి యేనొకని గొల్వంబోతినో కాక నే
నీమాటన్విన నొల్లకుండితినో నిన్నేదిక్కుగాఁ జూడనో
యేమీ యిట్టి వృథాపరాధినగు నన్నీ దుఃఖవారాశి వీ
చీమధ్యంబున ముంచియుంపఁదగునా శ్రీకాళహస్తీశ్వరా!",vruttamu,Srikaalahasteeswara,"[('స్వా', 'U'), ('మి', '|'), ('ద్రో', 'U'), ('హ', '|'), ('ము', '|'), ('జే', 'U'), ('సి', '|'), ('యే', 'U'), ('నొ', '|'), ('క', '|'), ('ని', '|'), ('గొ', 'U'), ('ల్వం', 'U'), ('బో', 'U'), ('తి', '|'), ('నో', 'U'), ('కా', 'U'), ('క', '|'), ('నే', 'U'), ('నీ', 'U'), ('మా', 'U'), ('ట', 'U'), ('న్వి', '|'), ('న', '|'), ('నొ', 'U'), ('ల్ల', '|'), ('కుం', 'U'), ('డి', '|'), ('తి', '|'), ('నో', 'U'), ('ని', 'U'), ('న్నే', 'U'), ('ది', 'U'), ('క్కు', '|'), ('గా', 'U'), ('జూ', 'U'), ('డ', '|'), ('నో', 'U'), ('యే', 'U'), ('మీ', 'U'), ('యి', 'U'), ('ట్టి', '|'), ('వృ', '|'), ('థా', 'U'), ('ప', '|'), ('రా', 'U'), ('ధి', '|'), ('న', '|'), ('గు', '|'), ('న', 'U'), ('న్నీ', 'U'), ('దుః', 'U'), ('ఖ', '|'), ('వా', 'U'), ('రా', 'U'), ('శి', '|'), ('వీ', 'U'), ('చీ', 'U'), ('మ', 'U'), ('ధ్యం', 'U'), ('బు', '|'), ('న', '|'), ('ముం', 'U'), ('చి', '|'), ('యుం', 'U'), ('ప', '|'), ('ద', '|'), ('గు', '|'), ('నా', 'U'), ('శ్రీ', 'U'), ('కా', 'U'), ('ళ', '|'), ('హ', 'U'), ('స్తీ', 'U'), ('శ్వ', '|'), ('రా', 'U')]",0.9357142857142857,1.0,1.0,0.9285714285714286,0.75,1.0
mattebhamu,"దివిజక్ష్మారుహధేనురత్న ఘనభూతి ప్రస్ఫురద్రత్న సా
నువు నీ విల్లు, నిధీశ్వరుండు సఖుఁ, డర్ణోరాశి కన్యావిభుం
డు విశేషార్చకుఁ డింక నీకెన ఘనుండుం గల్గునే నీవు చూ
చి విచారింపవు లేమి నెవ్వఁడుడుపున్‌ శ్రీకాళహస్తీశ్వరా!",vruttamu,Srikaalahasteeswara,"[('ది', '|'), ('వి', '|'), ('జ', 'U'), ('క్ష్మా', 'U'), ('రు', '|'), ('హ', '|'), ('ధే', 'U'), ('ను', '|'), ('ర', 'U'), ('త్న', '|'), ('ఘ', '|'), ('న', '|'), ('భూ', 'U'), ('తి', '|'), ('ప్ర', 'U'), ('స్ఫు', '|'), ('ర', '|'), ('ద్ర', 'U'), ('త్న', '|'), ('సా', 'U'), ('ను', '|'), ('వు', '|'), ('నీ', 'U'), ('వి', 'U'), ('ల్లు', '|'), ('ని', '|'), ('ధీ', 'U'), ('శ్వ', '|'), ('రుం', 'U'), ('డు', '|'), ('స', '|'), ('ఖు', '|'), ('డ', 'U'), ('ర్ణో', 'U'), ('రా', 'U'), ('శి', '|'), ('క', 'U'), ('న్యా', 'U'), ('వి', '|'), ('భుం', 'U'), ('డు', '|'), ('వి', '|'), ('శే', 'U'), ('షా', 'U'), ('ర్చ', '|'), ('కు', '|'), ('డిం', 'U'), ('క', '|'), ('నీ', 'U'), ('కె', '|'), ('న', '|'), ('ఘ', '|'), ('నుం', 'U'), ('డుం', 'U'), ('గ', 'U'), ('ల్గు', '|'), ('నే', 'U'), ('నీ', 'U'), ('వు', '|'), ('చూ', 'U'), ('చి', '|'), ('వి', '|'), ('చా', 'U'), ('రిం', 'U'), ('ప', '|'), ('వు', '|'), ('లే', 'U'), ('మి', '|'), ('నె', 'U'), ('వ్వ', '|'), ('డు', '|'), ('డు', '|'), ('పు', 'U'), ('న్శ్రీ', 'U'), ('కా', 'U'), ('ళ', '|'), ('హ', 'U'), ('స్తీ', 'U'), ('శ్వ', '|'), ('రా', 'U')]",0.9857142857142858,1.0,1.0,0.9285714285714286,1.0,1.0
saardulamu,"నీతో యుద్ధముఁ జేయనోప, గవితా నిర్మాణశక్తిన్నినుం
బ్రీతుంజేయఁగలేను, నీకొఱకుఁ దండ్రిం జంపఁగాజాల నా
చేత న్రోకట నిన్ను మొత్త వెఱతుం జీకాకు నాభక్తియే
రీతి న్నాకిఁక నిన్నుఁ జూడఁగలుగున్‌ శ్రీకాళహస్తీశ్వరా!",vruttamu,Srikaalahasteeswara,"[('నీ', 'U'), ('తో', 'U'), ('యు', 'U'), ('ద్ధ', '|'), ('ము', '|'), ('జే', 'U'), ('య', '|'), ('నో', 'U'), ('ప', '|'), ('గ', '|'), ('వి', '|'), ('తా', 'U'), ('ని', 'U'), ('ర్మా', 'U'), ('ణ', '|'), ('శ', 'U'), ('క్తి', 'U'), ('న్ని', '|'), ('నుం', 'U'), ('బ్రీ', 'U'), ('తుం', 'U'), ('జే', 'U'), ('య', '|'), ('గ', '|'), ('లే', 'U'), ('ను', '|'), ('నీ', 'U'), ('కొ', '|'), ('ఱ', '|'), ('కు', '|'), ('దం', 'U'), ('డ్రిం', 'U'), ('జం', 'U'), ('ప', '|'), ('గా', 'U'), ('జా', 'U'), ('ల', '|'), ('నా', 'U'), ('చే', 'U'), ('త', '|'), ('న్రో', 'U'), ('క', '|'), ('ట', '|'), ('ని', 'U'), ('న్ను', '|'), ('మొ', 'U'), ('త్త', '|'), ('వె', '|'), ('ఱ', '|'), ('తుం', 'U'), ('జీ', 'U'), ('కా', 'U'), ('కు', '|'), ('నా', 'U'), ('భ', 'U'), ('క్తి', '|'), ('యే', 'U'), ('రీ', 'U'), ('తి', 'U'), ('న్నా', 'U'), ('కి', '|'), ('క', '|'), ('ని', 'U'), ('న్ను', '|'), ('జూ', 'U'), ('డ', '|'), ('గ', '|'), ('లు', '|'), ('గు', 'U'), ('న్శ్రీ', 'U'), ('కా', 'U'), ('ళ', '|'), ('హ', 'U'), ('స్తీ', 'U'), ('శ్వ', '|'), ('రా', 'U')]",0.9928571428571429,1.0,1.0,0.9642857142857143,1.0,1.0
mattebhamu,"ఆలుంబిడ్డలు దలిదండ్రులు ధనంబంచు న్మహాబంధనం
బేలా నామెడఁగట్టినాఁడవిఁక నిన్నేవేళఁ జింతింతు ని
ర్మూలంబైన మనంబులోనఁ గడుదుర్మోహాబ్ధిలోఁ గ్రుంకి యీ
సీలామాలపుఁజింత నెట్లుడిపెదో శ్రీకాళహస్తీశ్వరా!",vruttamu,Srikaalahasteeswara,"[('ఆ', 'U'), ('లుం', 'U'), ('బి', 'U'), ('డ్డ', '|'), ('లు', '|'), ('ద', '|'), ('లి', '|'), ('దం', 'U'), ('డ్రు', '|'), ('లు', '|'), ('ధ', '|'), ('నం', 'U'), ('బం', 'U'), ('చు', 'U'), ('న్మ', '|'), ('హా', 'U'), ('బం', 'U'), ('ధ', '|'), ('నం', 'U'), ('బే', 'U'), ('లా', 'U'), ('నా', 'U'), ('మె', '|'), ('డ', '|'), ('గ', 'U'), ('ట్టి', '|'), ('నా', 'U'), ('డ', '|'), ('వి', '|'), ('క', '|'), ('ని', 'U'), ('న్నే', 'U'), ('వే', 'U'), ('ళ', '|'), ('జిం', 'U'), ('తిం', 'U'), ('తు', '|'), ('ని', 'U'), ('ర్మూ', 'U'), ('లం', 'U'), ('బై', 'U'), ('న', '|'), ('మ', '|'), ('నం', 'U'), ('బు', '|'), ('లో', 'U'), ('న', '|'), ('గ', '|'), ('డు', '|'), ('దు', 'U'), ('ర్మో', 'U'), ('హా', 'U'), ('బ్ధి', '|'), ('లో', 'U'), ('గ్రుం', 'U'), ('కి', '|'), ('యీ', 'U'), ('సీ', 'U'), ('లా', 'U'), ('మా', 'U'), ('ల', '|'), ('పు', '|'), ('జిం', 'U'), ('త', '|'), ('నె', 'U'), ('ట్లు', '|'), ('డి', '|'), ('పె', '|'), ('దో', 'U'), ('శ్రీ', 'U'), ('కా', 'U'), ('ళ', '|'), ('హ', 'U'), ('స్తీ', 'U'), ('శ్వ', '|'), ('రా', 'U')]",0.5542857142857143,0.95,1.0,0.07142857142857142,0.25,0.5
saardulamu,"నిప్పై పాతకతూల శైలమడఁచు న్నీనామమున్మానవుల్‌
తప్పన్‌ దవ్వులవిన్న నంతకభుజాదర్పోద్ధత క్లేశముల్‌
తప్పుందారును ముక్తులౌదురని శాస్త్రంబుల్మహాపండితుల్‌
చెప్పంగాఁ దమకింక శంకవలెనా శ్రీకాళహస్తీశ్వరా!",vruttamu,Srikaalahasteeswara,"[('ని', 'U'), ('ప్పై', 'U'), ('పా', 'U'), ('త', '|'), ('క', '|'), ('తూ', 'U'), ('ల', '|'), ('శై', 'U'), ('ల', '|'), ('మ', '|'), ('డ', '|'), ('చు', 'U'), ('న్నీ', 'U'), ('నా', 'U'), ('మ', '|'), ('ము', 'U'), ('న్మా', 'U'), ('న', '|'), ('వుల్', 'U'), ('త', 'U'), ('ప్ప', 'U'), ('న్ద', 'U'), ('వ్వు', '|'), ('ల', '|'), ('వి', 'U'), ('న్న', '|'), ('నం', 'U'), ('త', '|'), ('క', '|'), ('భు', '|'), ('జా', 'U'), ('ద', 'U'), ('ర్పో', 'U'), ('ద్ధ', '|'), ('త', 'U'), ('క్లే', 'U'), ('శ', '|'), ('ముల్', 'U'), ('త', 'U'), ('ప్పుం', 'U'), ('దా', 'U'), ('రు', '|'), ('ను', '|'), ('ము', 'U'), ('క్తు', '|'), ('లౌ', 'U'), ('దు', '|'), ('ర', '|'), ('ని', '|'), ('శా', 'U'), ('స్త్రం', 'U'), ('బు', 'U'), ('ల్మ', '|'), ('హా', 'U'), ('పం', 'U'), ('డి', '|'), ('తుల్', 'U'), ('చె', 'U'), ('ప్పం', 'U'), ('గా', 'U'), ('ద', '|'), ('మ', '|'), ('కిం', 'U'), ('క', '|'), ('శం', 'U'), ('క', '|'), ('వ', '|'), ('లె', '|'), ('నా', 'U'), ('శ్రీ', 'U'), ('కా', 'U'), ('ళ', '|'), ('హ', 'U'), ('స్తీ', 'U'), ('శ్వ', '|'), ('రా', 'U')]",1.0,1.0,1.0,1.0,1.0,1.0
saardulamu,"వీడెంబబ్బినయప్పుడుం దమ నుతుల్విన్నప్పుడుం బొట్టలోఁ
గూడున్నప్పుడు శ్రీవిలాసములుపైకొన్నప్పుడుం గాయకుల్‌
పాడంగా వినునప్పుడు\న్‌ జెలగు దంభప్రాయవిశ్రాణన
క్రీడాసక్తుల నేమి చెప్పవలెనో శ్రీకాళహస్తీశ్వరా!",vruttamu,Srikaalahasteeswara,"[('వీ', 'U'), ('డెం', 'U'), ('బ', 'U'), ('బ్బి', '|'), ('న', '|'), ('య', 'U'), ('ప్పు', '|'), ('డుం', 'U'), ('ద', '|'), ('మ', '|'), ('ను', '|'), ('తు', 'U'), ('ల్వి', 'U'), ('న్న', 'U'), ('ప్పు', '|'), ('డుం', 'U'), ('బొ', 'U'), ('ట్ట', '|'), ('లో', 'U'), ('గూ', 'U'), ('డు', 'U'), ('న్న', 'U'), ('ప్పు', '|'), ('డు', '|'), ('శ్రీ', 'U'), ('వి', '|'), ('లా', 'U'), ('స', '|'), ('ము', '|'), ('లు', '|'), ('పై', 'U'), ('కొ', 'U'), ('న్న', 'U'), ('ప్పు', '|'), ('డుం', 'U'), ('గా', 'U'), ('య', '|'), ('కుల్', 'U'), ('పా', 'U'), ('డం', 'U'), ('గా', 'U'), ('వి', '|'), ('ను', '|'), ('న', 'U'), ('ప్పు', '|'), ('డు', 'U'), ('న్జె', '|'), ('ల', '|'), ('గు', '|'), ('దం', 'U'), ('భ', '|'), ('ప్రా', 'U'), ('య', '|'), ('వి', '|'), ('శ్రా', 'U'), ('ణ', '|'), ('న', '|'), ('క్రీ', 'U'), ('డా', 'U'), ('స', 'U'), ('క్తు', '|'), ('ల', '|'), ('నే', 'U'), ('మి', '|'), ('చె', 'U'), ('ప్ప', '|'), ('వ', '|'), ('లె', '|'), ('నో', 'U'), ('శ్రీ', 'U'), ('కా', 'U'), ('ళ', '|'), ('హ', 'U'), ('స్తీ', 'U'), ('శ్వ', '|'), ('రా', 'U')]",0.9785714285714284,1.0,1.0,0.8928571428571429,1.0,1.0
mattebhamu,"నినుసేవింపఁగ నాపదల్పొడమనీ, నిత్యోత్సవంబబ్బనీ
జనమాత్రుండననీ, మహాత్ముఁడననీ, సంసార మోహంబు పై
కొననీ, జ్ఞానముగల్గనీ, గ్రహగతుల్‌ గుందింపనీ, మేలు వ
చ్చిన రానీ యవి నాకు భూషణములో శ్రీకాళహస్తీశ్వరా!",vruttamu,Srikaalahasteeswara,"[('ని', '|'), ('ను', '|'), ('సే', 'U'), ('విం', 'U'), ('ప', '|'), ('గ', '|'), ('నా', 'U'), ('ప', '|'), ('ద', 'U'), ('ల్పొ', '|'), ('డ', '|'), ('మ', '|'), ('నీ', 'U'), ('ని', 'U'), ('త్యో', 'U'), ('త్స', '|'), ('వం', 'U'), ('బ', 'U'), ('బ్బ', '|'), ('నీ', 'U'), ('జ', '|'), ('న', '|'), ('మా', 'U'), ('త్రుం', 'U'), ('డ', '|'), ('న', '|'), ('నీ', 'U'), ('మ', '|'), ('హా', 'U'), ('త్ము', '|'), ('డ', '|'), ('న', '|'), ('నీ', 'U'), ('సం', 'U'), ('సా', 'U'), ('ర', '|'), ('మో', 'U'), ('హం', 'U'), ('బు', '|'), ('పై', 'U'), ('కొ', '|'), ('న', '|'), ('నీ', 'U'), ('జ్ఞా', 'U'), ('న', '|'), ('ము', '|'), ('గ', 'U'), ('ల్గ', '|'), ('నీ', 'U'), ('గ్ర', '|'), ('హ', '|'), ('గ', '|'), ('తు', 'U'), ('ల్గుం', 'U'), ('దిం', 'U'), ('ప', '|'), ('నీ', 'U'), ('మే', 'U'), ('లు', '|'), ('వ', 'U'), ('చ్చి', '|'), ('న', '|'), ('రా', 'U'), ('నీ', 'U'), ('య', '|'), ('వి', '|'), ('నా', 'U'), ('కు', '|'), ('భూ', 'U'), ('ష', '|'), ('ణ', '|'), ('ము', '|'), ('లో', 'U'), ('శ్రీ', 'U'), ('కా', 'U'), ('ళ', '|'), ('హ', 'U'), ('స్తీ', 'U'), ('శ్వ', '|'), ('రా', 'U')]",1.0,1.0,1.0,1.0,1.0,1.0
saardulamu,"ఏ వేదంబుఁ బఠించె లూత, భుజగంబే శాస్త్రముల్చూచెఁ దా
నే విద్యాభ్యసనంబొనర్చెఁ గరి, చెంచే మంత్రమూహించె, బో
ధావిర్భావనిధానముల్‌ చదువులయ్యా! కావు! మీపాద సం
సేవాసక్తియె కాక జంతుతతికిన్‌ శ్రీకాళహస్తీశ్వరా!",vruttamu,Srikaalahasteeswara,"[('ఏ', 'U'), ('వే', 'U'), ('దం', 'U'), ('బు', '|'), ('బ', '|'), ('ఠిం', 'U'), ('చె', '|'), ('లూ', 'U'), ('త', '|'), ('భు', '|'), ('జ', '|'), ('గం', 'U'), ('బే', 'U'), ('శా', 'U'), ('స్త్ర', '|'), ('ము', 'U'), ('ల్చూ', 'U'), ('చె', '|'), ('దా', 'U'), ('నే', 'U'), ('వి', 'U'), ('ద్యా', 'U'), ('భ్య', '|'), ('స', '|'), ('నం', 'U'), ('బొ', '|'), ('న', 'U'), ('ర్చె', '|'), ('గ', '|'), ('రి', '|'), ('చెం', 'U'), ('చే', 'U'), ('మం', 'U'), ('త్ర', '|'), ('మూ', 'U'), ('హిం', 'U'), ('చె', '|'), ('బో', 'U'), ('ధా', 'U'), ('వి', 'U'), ('ర్భా', 'U'), ('వ', '|'), ('ని', '|'), ('ధా', 'U'), ('న', '|'), ('ము', 'U'), ('ల్చ', '|'), ('దు', '|'), ('వు', '|'), ('ల', 'U'), ('య్యా', 'U'), ('కా', 'U'), ('వు', '|'), ('మీ', 'U'), ('పా', 'U'), ('ద', '|'), ('సం', 'U'), ('సే', 'U'), ('వా', 'U'), ('స', 'U'), ('క్తి', '|'), ('యె', '|'), ('కా', 'U'), ('క', '|'), ('జం', 'U'), ('తు', '|'), ('త', '|'), ('తి', '|'), ('కి', 'U'), ('న్శ్రీ', 'U'), ('కా', 'U'), ('ళ', '|'), ('హ', 'U'), ('స్తీ', 'U'), ('శ్వ', '|'), ('రా', 'U')]",0.85,1.0,1.0,1.0,0.25,1.0
saardulamu,"కాయల్గాచె వధూనఖాగ్రములచేఁ గాయంబు వక్షోజముల్‌
రాయన్‌ రాపడెఱొమ్ము మన్మథ విహారక్లేశ విభ్రాంతిచే
బ్రాయంబాయెను బట్టగట్టెఁ దల చెప్ప\న్‌రోఁత సంసారమేఁ
జేయంజాల విరక్తుఁ జేయఁగదవే శ్రీకాళహస్తీశ్వరా!",vruttamu,Srikaalahasteeswara,"[('కా', 'U'), ('య', 'U'), ('ల్గా', 'U'), ('చె', '|'), ('వ', '|'), ('ధూ', 'U'), ('న', '|'), ('ఖా', 'U'), ('గ్ర', '|'), ('ము', '|'), ('ల', '|'), ('చే', 'U'), ('గా', 'U'), ('యం', 'U'), ('బు', '|'), ('వ', 'U'), ('క్షో', 'U'), ('జ', '|'), ('ముల్', 'U'), ('రా', 'U'), ('య', '|'), ('న్రా', 'U'), ('ప', '|'), ('డె', '|'), ('ఱొ', 'U'), ('మ్ము', '|'), ('మ', 'U'), ('న్మ', '|'), ('థ', '|'), ('వి', '|'), ('హా', 'U'), ('ర', 'U'), ('క్లే', 'U'), ('శ', '|'), ('వి', '|'), ('భ్రాం', 'U'), ('తి', '|'), ('చే', 'U'), ('బ్రా', 'U'), ('యం', 'U'), ('బా', 'U'), ('యె', '|'), ('ను', '|'), ('బ', 'U'), ('ట్ట', '|'), ('గ', 'U'), ('ట్టె', '|'), ('ద', '|'), ('ల', '|'), ('చె', 'U'), ('ప్ప', '|'), ('న్రో', 'U'), ('త', '|'), ('సం', 'U'), ('సా', 'U'), ('ర', '|'), ('మే', 'U'), ('జే', 'U'), ('యం', 'U'), ('జా', 'U'), ('ల', '|'), ('వి', '|'), ('ర', 'U'), ('క్తు', '|'), ('జే', 'U'), ('య', '|'), ('గ', '|'), ('ద', '|'), ('వే', 'U'), ('శ్రీ', 'U'), ('కా', 'U'), ('ళ', '|'), ('హ', 'U'), ('స్తీ', 'U'), ('శ్వ', '|'), ('రా', 'U')]",0.9785714285714284,1.0,1.0,0.8928571428571429,1.0,1.0
saardulamu,"నిన్నే రూపముగా భజింతుమదిలో, నీరూపుమోఁకాలొ, స్త్రీ
చన్నో, కుంచమొ, మేఁకపెంట్రికయొ, యీసందేహముల్మాన్పి నా
కన్నారన్భవదీయమూర్తి సగుణాకారంబుగాఁజూపవే
చిన్నీరేజవిహారమత్తమధుపా శ్రీకాళహస్తీశ్వరా!",vruttamu,Srikaalahasteeswara,"[('ని', 'U'), ('న్నే', 'U'), ('రూ', 'U'), ('ప', '|'), ('ము', '|'), ('గా', 'U'), ('భ', '|'), ('జిం', 'U'), ('తు', '|'), ('మ', '|'), ('ది', '|'), ('లో', 'U'), ('నీ', 'U'), ('రూ', 'U'), ('పు', '|'), ('మో', 'U'), ('కా', 'U'), ('లొ', 'U'), ('స్త్రీ', 'U'), ('చ', 'U'), ('న్నో', 'U'), ('కుం', 'U'), ('చ', '|'), ('మొ', '|'), ('మే', 'U'), ('క', '|'), ('పెం', 'U'), ('ట్రి', '|'), ('క', '|'), ('యొ', '|'), ('యీ', 'U'), ('సం', 'U'), ('దే', 'U'), ('హ', '|'), ('ము', 'U'), ('ల్మా', 'U'), ('న్పి', '|'), ('నా', 'U'), ('క', 'U'), ('న్నా', 'U'), ('ర', 'U'), ('న్భ', '|'), ('వ', '|'), ('దీ', 'U'), ('య', '|'), ('మూ', 'U'), ('ర్తి', '|'), ('స', '|'), ('గు', '|'), ('ణా', 'U'), ('కా', 'U'), ('రం', 'U'), ('బు', '|'), ('గా', 'U'), ('జూ', 'U'), ('ప', '|'), ('వే', 'U'), ('చి', 'U'), ('న్నీ', 'U'), ('రే', 'U'), ('జ', '|'), ('వి', '|'), ('హా', 'U'), ('ర', '|'), ('మ', 'U'), ('త్త', '|'), ('మ', '|'), ('ధు', '|'), ('పా', 'U'), ('శ్రీ', 'U'), ('కా', 'U'), ('ళ', '|'), ('హ', 'U'), ('స్తీ', 'U'), ('శ్వ', '|'), ('రా', 'U')]",0.9928571428571429,1.0,1.0,0.9642857142857143,1.0,1.0
mattebhamu,"నిను నావాఁకిలి గావుమంటినొ? మరున్నీలాలకభ్రాంతిఁ గుం
టెన పొమ్మంటినొ? యెంగిలిచ్చి తిను తింటేఁగాని కాదంటినో
నిను నెమ్మిందగ విశ్వసించు సుజనానీకంబు రక్షింపఁ జే
సిన నావిన్నపమేల గైకొనవయా! శ్రీకాళహస్తీశ్వరా!",vruttamu,Srikaalahasteeswara,"[('ని', '|'), ('ను', '|'), ('నా', 'U'), ('వా', 'U'), ('కి', '|'), ('లి', '|'), ('గా', 'U'), ('వు', '|'), ('మం', 'U'), ('టి', '|'), ('నొ', '|'), ('మ', '|'), ('రు', 'U'), ('న్నీ', 'U'), ('లా', 'U'), ('ల', '|'), ('క', '|'), ('భ్రాం', 'U'), ('తి', '|'), ('గుం', 'U'), ('టె', '|'), ('న', '|'), ('పొ', 'U'), ('మ్మం', 'U'), ('టి', '|'), ('నొ', '|'), ('యెం', 'U'), ('గి', '|'), ('లి', 'U'), ('చ్చి', '|'), ('తి', '|'), ('ను', '|'), ('తిం', 'U'), ('టే', 'U'), ('గా', 'U'), ('ని', '|'), ('కా', 'U'), ('దం', 'U'), ('టి', '|'), ('నో', 'U'), ('ని', '|'), ('ను', '|'), ('నె', 'U'), ('మ్మిం', 'U'), ('ద', '|'), ('గ', '|'), ('వి', 'U'), ('శ్వ', '|'), ('సిం', 'U'), ('చు', '|'), ('సు', '|'), ('జ', '|'), ('నా', 'U'), ('నీ', 'U'), ('కం', 'U'), ('బు', '|'), ('ర', 'U'), ('క్షిం', 'U'), ('ప', '|'), ('జే', 'U'), ('సి', '|'), ('న', '|'), ('నా', 'U'), ('వి', 'U'), ('న్న', '|'), ('ప', '|'), ('మే', 'U'), ('ల', '|'), ('గై', 'U'), ('కొ', '|'), ('న', '|'), ('వ', '|'), ('యా', 'U'), ('శ్రీ', 'U'), ('కా', 'U'), ('ళ', '|'), ('హ', 'U'), ('స్తీ', 'U'), ('శ్వ', '|'), ('రా', 'U')]",0.9928571428571429,1.0,1.0,0.9642857142857143,1.0,1.0
saardulamu,"ఱాలన్‌ ఱువ్వఁగ జేతులాడవు కుమారా! రమ్మురమ్మంచునేఁ,
జాలన్‌ జంపఁగ నేత్రముల్దివియఁగా శక్తుండనేఁగాను, నా
శీలంబేమని చెప్పనున్నదిఁక నీ చిత్తంబు నాభాగ్యమో
శ్రీలక్ష్మీపతి సేవితాంఘ్రియుగళా శ్రీకాళహస్తీశ్వరా!",vruttamu,Srikaalahasteeswara,"[('ఱా', 'U'), ('ల', 'U'), ('న్ఱు', 'U'), ('వ్వ', '|'), ('గ', '|'), ('జే', 'U'), ('తు', '|'), ('లా', 'U'), ('డ', '|'), ('వు', '|'), ('కు', '|'), ('మా', 'U'), ('రా', 'U'), ('ర', 'U'), ('మ్ము', '|'), ('ర', 'U'), ('మ్మం', 'U'), ('చు', '|'), ('నే', 'U'), ('జా', 'U'), ('ల', 'U'), ('న్జం', 'U'), ('ప', '|'), ('గ', '|'), ('నే', 'U'), ('త్ర', '|'), ('ము', 'U'), ('ల్ది', '|'), ('వి', '|'), ('య', '|'), ('గా', 'U'), ('శ', 'U'), ('క్తుం', 'U'), ('డ', '|'), ('నే', 'U'), ('గా', 'U'), ('ను', '|'), ('నా', 'U'), ('శీ', 'U'), ('లం', 'U'), ('బే', 'U'), ('మ', '|'), ('ని', '|'), ('చె', 'U'), ('ప్ప', '|'), ('ను', 'U'), ('న్న', '|'), ('ది', '|'), ('క', '|'), ('నీ', 'U'), ('చి', 'U'), ('త్తం', 'U'), ('బు', '|'), ('నా', 'U'), ('భా', 'U'), ('గ్య', '|'), ('మో', 'U'), ('శ్రీ', 'U'), ('ల', 'U'), ('క్ష్మీ', 'U'), ('ప', '|'), ('తి', '|'), ('సే', 'U'), ('వి', '|'), ('తాం', 'U'), ('ఘ్రి', '|'), ('యు', '|'), ('గ', '|'), ('ళా', 'U'), ('శ్రీ', 'U'), ('కా', 'U'), ('ళ', '|'), ('హ', 'U'), ('స్తీ', 'U'), ('శ్వ', '|'), ('రా', 'U')]",1.0,1.0,1.0,1.0,1.0,1.0
saardulamu,"రాజుల్మత్తులు, వారిసేవ నరకప్రాయంబు, వారిచ్చు నం
భోజాక్షీ చతురంతయాన తురగీ భూషాదు లాత్మవ్యథా
బీజంబుల్‌, తదపేక్షచాలుఁ బరితృప్తింబొందితి\న్‌ జ్ఞానల
క్ష్మీ జాగ్రత్పరిణామ మిమ్ము దయతో శ్రీకాళహస్తీశ్వరా!",vruttamu,Srikaalahasteeswara,"[('రా', 'U'), ('జు', 'U'), ('ల్మ', 'U'), ('త్తు', '|'), ('లు', '|'), ('వా', 'U'), ('రి', '|'), ('సే', 'U'), ('వ', '|'), ('న', '|'), ('ర', '|'), ('క', '|'), ('ప్రా', 'U'), ('యం', 'U'), ('బు', '|'), ('వా', 'U'), ('రి', 'U'), ('చ్చు', '|'), ('నం', 'U'), ('భో', 'U'), ('జా', 'U'), ('క్షీ', 'U'), ('చ', '|'), ('తు', '|'), ('రం', 'U'), ('త', '|'), ('యా', 'U'), ('న', '|'), ('తు', '|'), ('ర', '|'), ('గీ', 'U'), ('భూ', 'U'), ('షా', 'U'), ('దు', '|'), ('లా', 'U'), ('త్మ', 'U'), ('వ్య', '|'), ('థా', 'U'), ('బీ', 'U'), ('జం', 'U'), ('బు', 'U'), ('ల్త', '|'), ('ద', '|'), ('పే', 'U'), ('క్ష', '|'), ('చా', 'U'), ('లు', '|'), ('బ', '|'), ('రి', '|'), ('తృ', 'U'), ('ప్తిం', 'U'), ('బొం', 'U'), ('ది', '|'), ('తి', 'U'), ('న్జ్ఞా', 'U'), ('న', '|'), ('ల', 'U'), ('క్ష్మీ', 'U'), ('జా', 'U'), ('గ్ర', 'U'), ('త్ప', '|'), ('రి', '|'), ('ణా', 'U'), ('మ', '|'), ('మి', 'U'), ('మ్ము', '|'), ('ద', '|'), ('య', '|'), ('తో', 'U'), ('శ్రీ', 'U'), ('కా', 'U'), ('ళ', '|'), ('హ', 'U'), ('స్తీ', 'U'), ('శ్వ', '|'), ('రా', 'U')]",0.9928571428571429,1.0,1.0,0.9642857142857143,1.0,1.0
saardulamu,"నీరూపంబు దలంపగాఁ దుదమొదల్‌ నేఁగాన నీవైననున్‌
రారా! రమ్మనియంచుఁ జెప్పవు వృథారంభంబు లింకేటికిన్‌
నీరన్ముంపుము, పాలముంపుమిఁక నిన్నేనమ్మినాఁడంజుమీ
శ్రీరామార్చిత పాదపద్మయుగళా శ్రీకాళహస్తీశ్వరా!",vruttamu,Srikaalahasteeswara,"[('నీ', 'U'), ('రూ', 'U'), ('పం', 'U'), ('బు', '|'), ('ద', '|'), ('లం', 'U'), ('ప', '|'), ('గా', 'U'), ('దు', '|'), ('ద', '|'), ('మొ', '|'), ('ద', 'U'), ('ల్నే', 'U'), ('గా', 'U'), ('న', '|'), ('నీ', 'U'), ('వై', 'U'), ('న', '|'), ('నున్', 'U'), ('రా', 'U'), ('రా', 'U'), ('ర', 'U'), ('మ్మ', '|'), ('ని', '|'), ('యం', 'U'), ('చు', '|'), ('జె', 'U'), ('ప్ప', '|'), ('వు', '|'), ('వృ', '|'), ('థా', 'U'), ('రం', 'U'), ('భం', 'U'), ('బు', '|'), ('లిం', 'U'), ('కే', 'U'), ('టి', '|'), ('కిన్', 'U'), ('నీ', 'U'), ('ర', 'U'), ('న్ముం', 'U'), ('పు', '|'), ('ము', '|'), ('పా', 'U'), ('ల', '|'), ('ముం', 'U'), ('పు', '|'), ('మి', '|'), ('క', '|'), ('ని', 'U'), ('న్నే', 'U'), ('న', 'U'), ('మ్మి', '|'), ('నా', 'U'), ('డం', 'U'), ('జు', '|'), ('మీ', 'U'), ('శ్రీ', 'U'), ('రా', 'U'), ('మా', 'U'), ('ర్చి', '|'), ('త', '|'), ('పా', 'U'), ('ద', '|'), ('ప', 'U'), ('ద్మ', '|'), ('యు', '|'), ('గ', '|'), ('ళా', 'U'), ('శ్రీ', 'U'), ('కా', 'U'), ('ళ', '|'), ('హ', 'U'), ('స్తీ', 'U'), ('శ్వ', '|'), ('రా', 'U')]",1.0,1.0,1.0,1.0,1.0,1.0
saardulamu,"నీకున్మాంసము వాంఛయేని కఱవా? నీచేతలేడుండఁగాఁ
జోకైనట్టి కుఠారముండ ననలజ్యోతుండ, నీరుండఁగా
బాకం బొప్ప ఘటించి చేతి పునుకన్భక్షింప కా బోయచేఁ
జేకొంటెంగిలి మాంసమిట్లుదగునా? శ్రీకాళహస్తీశ్వరా!",vruttamu,Srikaalahasteeswara,"[('నీ', 'U'), ('కు', 'U'), ('న్మాం', 'U'), ('స', '|'), ('ము', '|'), ('వాం', 'U'), ('ఛ', '|'), ('యే', 'U'), ('ని', '|'), ('క', '|'), ('ఱ', '|'), ('వా', 'U'), ('నీ', 'U'), ('చే', 'U'), ('త', '|'), ('లే', 'U'), ('డుం', 'U'), ('డ', '|'), ('గా', 'U'), ('జో', 'U'), ('కై', 'U'), ('న', 'U'), ('ట్టి', '|'), ('కు', '|'), ('ఠా', 'U'), ('ర', '|'), ('ముం', 'U'), ('డ', '|'), ('న', '|'), ('న', '|'), ('ల', 'U'), ('జ్యో', 'U'), ('తుం', 'U'), ('డ', '|'), ('నీ', 'U'), ('రుం', 'U'), ('డ', '|'), ('గా', 'U'), ('బా', 'U'), ('కం', 'U'), ('బొ', 'U'), ('ప్ప', '|'), ('ఘ', '|'), ('టిం', 'U'), ('చి', '|'), ('చే', 'U'), ('తి', '|'), ('పు', '|'), ('ను', '|'), ('క', 'U'), ('న్భ', 'U'), ('క్షిం', 'U'), ('ప', '|'), ('కా', 'U'), ('బో', 'U'), ('య', '|'), ('చే', 'U'), ('జే', 'U'), ('కొం', 'U'), ('టెం', 'U'), ('గి', '|'), ('లి', '|'), ('మాం', 'U'), ('స', '|'), ('మి', 'U'), ('ట్లు', '|'), ('ద', '|'), ('గు', '|'), ('నా', 'U'), ('శ్రీ', 'U'), ('కా', 'U'), ('ళ', '|'), ('హ', 'U'), ('స్తీ', 'U'), ('శ్వ', '|'), ('రా', 'U')]",1.0,1.0,1.0,1.0,1.0,1.0
saardulamu,"రాజై దుష్కృతిజెందెఁ జందురుఁడు రారాజై కుబేరుండు దృ
గ్రాజీవంబునఁగాంచె దుఃఖము కురుక్ష్మాపాలుఁడామాటనే
యాజింగూలె సమస్త బంధువులతో నా రాజశబ్దంబు చీ,
చీ జన్మాంతరమందు నొల్లనుజుమీ శ్రీకాళహస్తీశ్వరా!",vruttamu,Srikaalahasteeswara,"[('రా', 'U'), ('జై', 'U'), ('దు', 'U'), ('ష్కృ', '|'), ('తి', '|'), ('జెం', 'U'), ('దె', '|'), ('జం', 'U'), ('దు', '|'), ('రు', '|'), ('డు', '|'), ('రా', 'U'), ('రా', 'U'), ('జై', 'U'), ('కు', '|'), ('బే', 'U'), ('రుం', 'U'), ('డు', '|'), ('దృ', '|'), ('గ్రా', 'U'), ('జీ', 'U'), ('వం', 'U'), ('బు', '|'), ('న', '|'), ('గాం', 'U'), ('చె', '|'), ('దుః', 'U'), ('ఖ', '|'), ('ము', '|'), ('కు', '|'), ('రు', 'U'), ('క్ష్మా', 'U'), ('పా', 'U'), ('లు', '|'), ('డా', 'U'), ('మా', 'U'), ('ట', '|'), ('నే', 'U'), ('యా', 'U'), ('జిం', 'U'), ('గూ', 'U'), ('లె', '|'), ('స', '|'), ('మ', 'U'), ('స్త', '|'), ('బం', 'U'), ('ధు', '|'), ('వు', '|'), ('ల', '|'), ('తో', 'U'), ('నా', 'U'), ('రా', 'U'), ('జ', '|'), ('శ', 'U'), ('బ్దం', 'U'), ('బు', '|'), ('చీ', 'U'), ('చీ', 'U'), ('జ', 'U'), ('న్మాం', 'U'), ('త', '|'), ('ర', '|'), ('మం', 'U'), ('దు', '|'), ('నొ', 'U'), ('ల్ల', '|'), ('ను', '|'), ('జు', '|'), ('మీ', 'U'), ('శ్రీ', 'U'), ('కా', 'U'), ('ళ', '|'), ('హ', 'U'), ('స్తీ', 'U'), ('శ్వ', '|'), ('రా', 'U')]",0.9428571428571428,1.0,1.0,0.9642857142857143,0.75,1.0
saardulamu,"రాజర్థాతురుఁడైనచో నెచట ధర్మంబుండు నేరీతి నా
నాజాతి క్రియలేర్పడున్‌ సుఖము మాన్యశ్రేణి కెట్లబ్బు రూ
పాజీవాళికి నేది దిక్కు ధృతి నీభక్తుల్‌ భవత్పాదనీ
రేజంబుల్‌ భజియింతురే తెఱఁగునన్‌ శ్రీకాళహస్తీశ్వరా!",vruttamu,Srikaalahasteeswara,"[('రా', 'U'), ('జ', 'U'), ('ర్థా', 'U'), ('తు', '|'), ('రు', '|'), ('డై', 'U'), ('న', '|'), ('చో', 'U'), ('నె', '|'), ('చ', '|'), ('ట', '|'), ('ధ', 'U'), ('ర్మం', 'U'), ('బుం', 'U'), ('డు', '|'), ('నే', 'U'), ('రీ', 'U'), ('తి', '|'), ('నా', 'U'), ('నా', 'U'), ('జా', 'U'), ('తి', '|'), ('క్రి', '|'), ('య', '|'), ('లే', 'U'), ('ర్ప', '|'), ('డు', 'U'), ('న్సు', '|'), ('ఖ', '|'), ('ము', '|'), ('మా', 'U'), ('న్య', '|'), ('శ్రే', 'U'), ('ణి', '|'), ('కె', 'U'), ('ట్ల', 'U'), ('బ్బు', '|'), ('రూ', 'U'), ('పా', 'U'), ('జీ', 'U'), ('వా', 'U'), ('ళి', '|'), ('కి', '|'), ('నే', 'U'), ('ది', '|'), ('ది', 'U'), ('క్కు', '|'), ('ధృ', '|'), ('తి', '|'), ('నీ', 'U'), ('భ', 'U'), ('క్తు', 'U'), ('ల్భ', '|'), ('వ', 'U'), ('త్పా', 'U'), ('ద', '|'), ('నీ', 'U'), ('రే', 'U'), ('జం', 'U'), ('బు', 'U'), ('ల్భ', '|'), ('జి', '|'), ('యిం', 'U'), ('తు', '|'), ('రే', 'U'), ('తె', '|'), ('ఱ', '|'), ('గు', '|'), ('న', 'U'), ('న్శ్రీ', 'U'), ('కా', 'U'), ('ళ', '|'), ('హ', 'U'), ('స్తీ', 'U'), ('శ్వ', '|'), ('రా', 'U')]",0.9857142857142858,1.0,1.0,0.9285714285714286,1.0,1.0
mattebhamu,"తరఁగల్‌ పిప్పల పత్త్రముల్‌ మెఱుఁగుటద్దంబుల్‌ మరుద్దీపముల్‌,
కరికర్ణాంతము లెండమావులతతుల్‌ ఖద్యోత కీట ప్రభల్‌
సురవీథీ లిఖితాక్షరంబు లసువుల్‌ జ్యోత్స్నాపయఃపిండముల్‌
సిరులందేల మదాంధులౌదురు జనుల్‌ శ్రీకాళహస్తీశ్వరా!",vruttamu,Srikaalahasteeswara,"[('త', '|'), ('ర', '|'), ('గ', 'U'), ('ల్పి', 'U'), ('ప్ప', '|'), ('ల', '|'), ('ప', 'U'), ('త్త్ర', '|'), ('ము', 'U'), ('ల్మె', '|'), ('ఱు', '|'), ('గు', '|'), ('ట', 'U'), ('ద్దం', 'U'), ('బు', 'U'), ('ల్మ', '|'), ('రు', 'U'), ('ద్దీ', 'U'), ('ప', '|'), ('ముల్', 'U'), ('క', '|'), ('రి', '|'), ('క', 'U'), ('ర్ణాం', 'U'), ('త', '|'), ('ము', '|'), ('లెం', 'U'), ('డ', '|'), ('మా', 'U'), ('వు', '|'), ('ల', '|'), ('త', '|'), ('తు', 'U'), ('ల్ఖ', 'U'), ('ద్యో', 'U'), ('త', '|'), ('కీ', 'U'), ('ట', '|'), ('ప్ర', '|'), ('భల్', 'U'), ('సు', '|'), ('ర', '|'), ('వీ', 'U'), ('థీ', 'U'), ('లి', '|'), ('ఖి', '|'), ('తా', 'U'), ('క్ష', '|'), ('రం', 'U'), ('బు', '|'), ('ల', '|'), ('సు', '|'), ('వు', 'U'), ('ల్జ్యో', 'U'), ('త్స్నా', 'U'), ('ప', '|'), ('యః', 'U'), ('పిం', 'U'), ('డ', '|'), ('ముల్', 'U'), ('సి', '|'), ('రు', '|'), ('లం', 'U'), ('దే', 'U'), ('ల', '|'), ('మ', '|'), ('దాం', 'U'), ('ధు', '|'), ('లౌ', 'U'), ('దు', '|'), ('రు', '|'), ('జ', '|'), ('ను', 'U'), ('ల్శ్రీ', 'U'), ('కా', 'U'), ('ళ', '|'), ('హ', 'U'), ('స్తీ', 'U'), ('శ్వ', '|'), ('రా', 'U')]",0.9928571428571429,1.0,1.0,0.9642857142857143,1.0,1.0
saardulamu,"నిన్ను న్నమ్మినరీతినమ్మనొరులన్‌, నీకన్న నాకెన్నలే
రన్నల్దమ్ములు తల్లిదండ్రులు గురుండాపత్సహాయుండు నా
యన్నా! యెన్నడు నన్ను సంస్కృతి విషాదాంభోధి దాఁటించి య
చ్ఛిన్నానంద సుఖాబ్ధిఁ దేల్చెదొ కదే శ్రీకాళహస్తీశ్వరా!",vruttamu,Srikaalahasteeswara,"[('ని', 'U'), ('న్ను', 'U'), ('న్న', 'U'), ('మ్మి', '|'), ('న', '|'), ('రీ', 'U'), ('తి', '|'), ('న', 'U'), ('మ్మ', '|'), ('నొ', '|'), ('రు', '|'), ('ల', 'U'), ('న్నీ', 'U'), ('క', 'U'), ('న్న', '|'), ('నా', 'U'), ('కె', 'U'), ('న్న', '|'), ('లే', 'U'), ('ర', 'U'), ('న్న', 'U'), ('ల్ద', 'U'), ('మ్ము', '|'), ('లు', '|'), ('త', 'U'), ('ల్లి', '|'), ('దం', 'U'), ('డ్రు', '|'), ('లు', '|'), ('గు', '|'), ('రుం', 'U'), ('డా', 'U'), ('ప', 'U'), ('త్స', '|'), ('హా', 'U'), ('యుం', 'U'), ('డు', '|'), ('నా', 'U'), ('య', 'U'), ('న్నా', 'U'), ('యె', 'U'), ('న్న', '|'), ('డు', '|'), ('న', 'U'), ('న్ను', '|'), ('సం', 'U'), ('స్కృ', '|'), ('తి', '|'), ('వి', '|'), ('షా', 'U'), ('దాం', 'U'), ('భో', 'U'), ('ధి', '|'), ('దా', 'U'), ('టిం', 'U'), ('చి', '|'), ('య', 'U'), ('చ్ఛి', 'U'), ('న్నా', 'U'), ('నం', 'U'), ('ద', '|'), ('సు', '|'), ('ఖా', 'U'), ('బ్ధి', '|'), ('దే', 'U'), ('ల్చె', '|'), ('దొ', '|'), ('క', '|'), ('దే', 'U'), ('శ్రీ', 'U'), ('కా', 'U'), ('ళ', '|'), ('హ', 'U'), ('స్తీ', 'U'), ('శ్వ', '|'), ('రా', 'U')]",0.9,1.0,1.0,1.0,0.5,1.0
saardulamu,"నీపంచం బడియుండఁగాఁ గలిగిన న్భిక్షాన్నమే చాలు ని
క్షేపంబబ్బిన రాజకీటముల నే సేవింపఁగా నోప నా
శాపాశంబులఁజుట్టి త్రిప్పకుము సంసారార్థమై బంటుగాఁ
జేపట్టం దయగల్గెనేని మదిలో శ్రీకాళహస్తీశ్వరా!",vruttamu,Srikaalahasteeswara,"[('నీ', 'U'), ('పం', 'U'), ('చం', 'U'), ('బ', '|'), ('డి', '|'), ('యుం', 'U'), ('డ', '|'), ('గా', 'U'), ('గ', '|'), ('లి', '|'), ('గి', '|'), ('న', 'U'), ('న్భి', 'U'), ('క్షా', 'U'), ('న్న', '|'), ('మే', 'U'), ('చా', 'U'), ('లు', '|'), ('ని', 'U'), ('క్షే', 'U'), ('పం', 'U'), ('బ', 'U'), ('బ్బి', '|'), ('న', '|'), ('రా', 'U'), ('జ', '|'), ('కీ', 'U'), ('ట', '|'), ('ము', '|'), ('ల', '|'), ('నే', 'U'), ('సే', 'U'), ('విం', 'U'), ('ప', '|'), ('గా', 'U'), ('నో', 'U'), ('ప', '|'), ('నా', 'U'), ('శా', 'U'), ('పా', 'U'), ('శం', 'U'), ('బు', '|'), ('ల', '|'), ('జు', 'U'), ('ట్టి', '|'), ('త్రి', 'U'), ('ప్ప', '|'), ('కు', '|'), ('ము', '|'), ('సం', 'U'), ('సా', 'U'), ('రా', 'U'), ('ర్థ', '|'), ('మై', 'U'), ('బం', 'U'), ('టు', '|'), ('గా', 'U'), ('జే', 'U'), ('ప', 'U'), ('ట్టం', 'U'), ('ద', '|'), ('య', '|'), ('గ', 'U'), ('ల్గె', '|'), ('నే', 'U'), ('ని', '|'), ('మ', '|'), ('ది', '|'), ('లో', 'U'), ('శ్రీ', 'U'), ('కా', 'U'), ('ళ', '|'), ('హ', 'U'), ('స్తీ', 'U'), ('శ్వ', '|'), ('రా', 'U')]",1.0,1.0,1.0,1.0,1.0,1.0
saardulamu,"నీపేరున్‌ భవదంఘ్రితీర్థము భవన్నిష్ఠ్యూత తాంబూలముల్‌
నీ పళ్ళెంబు ప్రసాదముంగొనికదా నే బిడ్డఁడైనాఁడ న
న్నీ పాటిం గరుణింపు మోపనిఁక నేనెవ్వారికిం బిడ్డఁగాన్‌
జేపట్టందగుఁ బట్టి మానఁదగదో శ్రీకాళహస్తీశ్వరా!",vruttamu,Srikaalahasteeswara,"[('నీ', 'U'), ('పే', 'U'), ('రు', 'U'), ('న్భ', '|'), ('వ', '|'), ('దం', 'U'), ('ఘ్రి', '|'), ('తీ', 'U'), ('ర్థ', '|'), ('ము', '|'), ('భ', '|'), ('వ', 'U'), ('న్ని', 'U'), ('ష్ఠ్యూ', 'U'), ('త', '|'), ('తాం', 'U'), ('బూ', 'U'), ('ల', '|'), ('ముల్', 'U'), ('నీ', 'U'), ('ప', 'U'), ('ళ్ళెం', 'U'), ('బు', '|'), ('ప్ర', '|'), ('సా', 'U'), ('ద', '|'), ('ముం', 'U'), ('గొ', '|'), ('ని', '|'), ('క', '|'), ('దా', 'U'), ('నే', 'U'), ('బి', 'U'), ('డ్డ', '|'), ('డై', 'U'), ('నా', 'U'), ('డ', '|'), ('న', 'U'), ('న్నీ', 'U'), ('పా', 'U'), ('టిం', 'U'), ('గ', '|'), ('రు', '|'), ('ణిం', 'U'), ('పు', '|'), ('మో', 'U'), ('ప', '|'), ('ని', '|'), ('క', '|'), ('నే', 'U'), ('నె', 'U'), ('వ్వా', 'U'), ('రి', '|'), ('కిం', 'U'), ('బి', 'U'), ('డ్డ', '|'), ('గాన్', 'U'), ('జే', 'U'), ('ప', 'U'), ('ట్టం', 'U'), ('ద', '|'), ('గు', '|'), ('బ', 'U'), ('ట్టి', '|'), ('మా', 'U'), ('న', '|'), ('ద', '|'), ('గ', '|'), ('దో', 'U'), ('శ్రీ', 'U'), ('కా', 'U'), ('ళ', '|'), ('హ', 'U'), ('స్తీ', 'U'), ('శ్వ', '|'), ('రా', 'U')]",1.0,1.0,1.0,1.0,1.0,1.0
saardulamu,"""అమ్మా! యయ్య!"" యటంచునెవ్వరిని నేనన్నన్శివా! నిన్ను నే
సుమ్మీ నీ మదిఁ తల్లిదండ్రులనటంచు న్జూడఁగాఁబోకు నా
కిమ్మైఁ దల్లియు దండ్రియున్‌ గురుఁడు నీవేకాన సంసారపుం
జిమ్మంజీకటిఁగప్పిన\న్‌ గడుపు నన్‌ శ్రీకాళహస్తీశ్వరా!",vruttamu,Srikaalahasteeswara,"[('అ', 'U'), ('మ్మా', 'U'), ('య', 'U'), ('య్య', '|'), ('య', '|'), ('టం', 'U'), ('చు', '|'), ('నె', 'U'), ('వ్వ', '|'), ('రి', '|'), ('ని', '|'), ('నే', 'U'), ('న', 'U'), ('న్న', 'U'), ('న్శి', '|'), ('వా', 'U'), ('ని', 'U'), ('న్ను', '|'), ('నే', 'U'), ('సు', 'U'), ('మ్మీ', 'U'), ('నీ', 'U'), ('మ', '|'), ('ది', '|'), ('త', 'U'), ('ల్లి', '|'), ('దం', 'U'), ('డ్రు', '|'), ('ల', '|'), ('న', '|'), ('టం', 'U'), ('చు', 'U'), ('న్జూ', 'U'), ('డ', '|'), ('గా', 'U'), ('బో', 'U'), ('కు', '|'), ('నా', 'U'), ('కి', 'U'), ('మ్మై', 'U'), ('ద', 'U'), ('ల్లి', '|'), ('యు', '|'), ('దం', 'U'), ('డ్రి', '|'), ('యు', 'U'), ('న్గు', '|'), ('రు', '|'), ('డు', '|'), ('నీ', 'U'), ('వే', 'U'), ('కా', 'U'), ('న', '|'), ('సం', 'U'), ('సా', 'U'), ('ర', '|'), ('పుం', 'U'), ('జి', 'U'), ('మ్మం', 'U'), ('జీ', 'U'), ('క', '|'), ('టి', '|'), ('గ', 'U'), ('ప్పి', '|'), ('న', 'U'), ('న్గ', '|'), ('డు', '|'), ('పు', '|'), ('న', 'U'), ('న్శ్రీ', 'U'), ('కా', 'U'), ('ళ', '|'), ('హ', 'U'), ('స్తీ', 'U'), ('శ్వ', '|'), ('రా', 'U')]",0.9,1.0,1.0,1.0,0.5,1.0
mattebhamu,"కొడుకుల్‌ పుట్టరటంచు నేడ్తురవివేకు ల్జీవనభ్రాంతులై
కొడుకుల్‌ పుట్టరె కౌరవేంద్రున కనేకుల్‌ వారిచే నేగతుల్‌
వడసెం బుత్త్రులులేని యా శుకునకున్‌ బాటిల్లెనే దుర్గతుల్‌
చెడునే మోక్షపదం బపుత్త్రకునకున్‌ శ్రీకాళహస్తీశ్వరా!",vruttamu,Srikaalahasteeswara,"[('కొ', '|'), ('డు', '|'), ('కు', 'U'), ('ల్పు', 'U'), ('ట్ట', '|'), ('ర', '|'), ('టం', 'U'), ('చు', '|'), ('నే', 'U'), ('డ్తు', '|'), ('ర', '|'), ('వి', '|'), ('వే', 'U'), ('కు', 'U'), ('ల్జీ', 'U'), ('వ', '|'), ('న', '|'), ('భ్రాం', 'U'), ('తు', '|'), ('లై', 'U'), ('కొ', '|'), ('డు', '|'), ('కు', 'U'), ('ల్పు', 'U'), ('ట్ట', '|'), ('రె', '|'), ('కౌ', 'U'), ('ర', '|'), ('వేం', 'U'), ('ద్రు', '|'), ('న', '|'), ('క', '|'), ('నే', 'U'), ('కు', 'U'), ('ల్వా', 'U'), ('రి', '|'), ('చే', 'U'), ('నే', 'U'), ('గ', '|'), ('తుల్', 'U'), ('వ', '|'), ('డ', '|'), ('సెం', 'U'), ('బు', 'U'), ('త్త్రు', '|'), ('లు', '|'), ('లే', 'U'), ('ని', '|'), ('యా', 'U'), ('శు', '|'), ('కు', '|'), ('న', '|'), ('కు', 'U'), ('న్బా', 'U'), ('టి', 'U'), ('ల్లె', '|'), ('నే', 'U'), ('దు', 'U'), ('ర్గ', '|'), ('తుల్', 'U'), ('చె', '|'), ('డు', '|'), ('నే', 'U'), ('మో', 'U'), ('క్ష', '|'), ('ప', '|'), ('దం', 'U'), ('బ', '|'), ('పు', 'U'), ('త్త్ర', '|'), ('కు', '|'), ('న', '|'), ('కు', 'U'), ('న్శ్రీ', 'U'), ('కా', 'U'), ('ళ', '|'), ('హ', 'U'), ('స్తీ', 'U'), ('శ్వ', '|'), ('రా', 'U')]",0.9428571428571428,1.0,1.0,0.9642857142857143,0.75,1.0
mattebhamu,"గ్రహదోషంబులు దుర్నిమిత్తములు నీ కల్యాణనామంబు ప్ర
త్యహముంబేర్కొను నుత్తమోత్తముల బాధంబెట్టగానోపునే
దహనుం గప్పఁగఁజాలునే శలభసంతానంబు నీ సేవఁజే
సి హతక్లేశులుగారుగాక మనుజుల్‌ శ్రీకాళహస్తీశ్వరా!",vruttamu,Srikaalahasteeswara,"[('గ్ర', '|'), ('హ', '|'), ('దో', 'U'), ('షం', 'U'), ('బు', '|'), ('లు', '|'), ('దు', 'U'), ('ర్ని', '|'), ('మి', 'U'), ('త్త', '|'), ('ము', '|'), ('లు', '|'), ('నీ', 'U'), ('క', 'U'), ('ల్యా', 'U'), ('ణ', '|'), ('నా', 'U'), ('మం', 'U'), ('బు', '|'), ('ప్ర', 'U'), ('త్య', '|'), ('హ', '|'), ('ముం', 'U'), ('బే', 'U'), ('ర్కొ', '|'), ('ను', '|'), ('ను', 'U'), ('త్త', '|'), ('మో', 'U'), ('త్త', '|'), ('ము', '|'), ('ల', '|'), ('బా', 'U'), ('ధం', 'U'), ('బె', 'U'), ('ట్ట', '|'), ('గా', 'U'), ('నో', 'U'), ('పు', '|'), ('నే', 'U'), ('ద', '|'), ('హ', '|'), ('నుం', 'U'), ('గ', 'U'), ('ప్ప', '|'), ('గ', '|'), ('జా', 'U'), ('లు', '|'), ('నే', 'U'), ('శ', '|'), ('ల', '|'), ('భ', '|'), ('సం', 'U'), ('తా', 'U'), ('నం', 'U'), ('బు', '|'), ('నీ', 'U'), ('సే', 'U'), ('వ', '|'), ('జే', 'U'), ('సి', '|'), ('హ', '|'), ('త', 'U'), ('క్లే', 'U'), ('శు', '|'), ('లు', '|'), ('గా', 'U'), ('రు', '|'), ('గా', 'U'), ('క', '|'), ('మ', '|'), ('ను', '|'), ('జు', 'U'), ('ల్శ్రీ', 'U'), ('కా', 'U'), ('ళ', '|'), ('హ', 'U'), ('స్తీ', 'U'), ('శ్వ', '|'), ('రా', 'U')]",1.0,1.0,1.0,1.0,1.0,1.0
mattebhamu,"అడుగంబోనిఁక నన్యమార్గరతులం బ్రాణావనోత్సాహినై,
యడుగంబోయినఁబోదు నీదు పదపద్మారాధకశ్రేణియు
న్నెడకున్నిన్ను భజింపఁగాఁ గనియు నాకేలా పరాపేక్ష కో
రెడిదింకేమి? భవత్ప్రసాదమె తగున్‌ శ్రీకాళహస్తీశ్వరా!",vruttamu,Srikaalahasteeswara,"[('అ', '|'), ('డు', '|'), ('గం', 'U'), ('బో', 'U'), ('ని', '|'), ('క', '|'), ('న', 'U'), ('న్య', '|'), ('మా', 'U'), ('ర్గ', '|'), ('ర', '|'), ('తు', '|'), ('లం', 'U'), ('బ్రా', 'U'), ('ణా', 'U'), ('వ', '|'), ('నో', 'U'), ('త్సా', 'U'), ('హి', '|'), ('నై', 'U'), ('య', '|'), ('డు', '|'), ('గం', 'U'), ('బో', 'U'), ('యి', '|'), ('న', '|'), ('బో', 'U'), ('దు', '|'), ('నీ', 'U'), ('దు', '|'), ('ప', '|'), ('ద', '|'), ('ప', 'U'), ('ద్మా', 'U'), ('రా', 'U'), ('ధ', '|'), ('క', '|'), ('శ్రే', 'U'), ('ణి', '|'), ('యు', 'U'), ('న్నె', '|'), ('డ', '|'), ('కు', 'U'), ('న్ని', 'U'), ('న్ను', '|'), ('భ', '|'), ('జిం', 'U'), ('ప', '|'), ('గా', 'U'), ('గ', '|'), ('ని', '|'), ('యు', '|'), ('నా', 'U'), ('కే', 'U'), ('లా', 'U'), ('ప', '|'), ('రా', 'U'), ('పే', 'U'), ('క్ష', '|'), ('కో', 'U'), ('రె', '|'), ('డి', '|'), ('దిం', 'U'), ('కే', 'U'), ('మి', '|'), ('భ', '|'), ('వ', 'U'), ('త్ప్ర', '|'), ('సా', 'U'), ('ద', '|'), ('మె', '|'), ('త', '|'), ('గు', 'U'), ('న్శ్రీ', 'U'), ('కా', 'U'), ('ళ', '|'), ('హ', 'U'), ('స్తీ', 'U'), ('శ్వ', '|'), ('రా', 'U')]",0.8428571428571429,1.0,1.0,0.9642857142857143,0.25,1.0
mattebhamu,"అదమాతంగము లందలంబులు హరుల్మాణిక్యము ల్పల్లకుల్‌,
ముదితల్‌, చిత్రదుకూలము ల్పరిమళంబు ల్మోక్షమీఁజాలునేఁ
మదిలో వీని నపేక్ష సేసి నృపధామ ద్వారదేశంబుఁగా
చి దినంబుల్‌ వృథపుత్తురజ్ఞులకటా! శ్రీకాళహస్తీశ్వరా!",vruttamu,Srikaalahasteeswara,"[('అ', '|'), ('ద', '|'), ('మా', 'U'), ('తం', 'U'), ('గ', '|'), ('ము', '|'), ('లం', 'U'), ('ద', '|'), ('లం', 'U'), ('బు', '|'), ('లు', '|'), ('హ', '|'), ('రు', 'U'), ('ల్మా', 'U'), ('ణి', 'U'), ('క్య', '|'), ('ము', 'U'), ('ల్ప', 'U'), ('ల్ల', '|'), ('కుల్', 'U'), ('ము', '|'), ('ది', '|'), ('త', 'U'), ('ల్చి', '|'), ('త్ర', '|'), ('దు', '|'), ('కూ', 'U'), ('ల', '|'), ('ము', 'U'), ('ల్ప', '|'), ('రి', '|'), ('మ', '|'), ('ళం', 'U'), ('బు', 'U'), ('ల్మో', 'U'), ('క్ష', '|'), ('మీ', 'U'), ('జా', 'U'), ('లు', '|'), ('నే', 'U'), ('మ', '|'), ('ది', '|'), ('లో', 'U'), ('వీ', 'U'), ('ని', '|'), ('న', '|'), ('పే', 'U'), ('క్ష', '|'), ('సే', 'U'), ('సి', '|'), ('నృ', '|'), ('ప', '|'), ('ధా', 'U'), ('మ', 'U'), ('ద్వా', 'U'), ('ర', '|'), ('దే', 'U'), ('శం', 'U'), ('బు', '|'), ('గా', 'U'), ('చి', '|'), ('ది', '|'), ('నం', 'U'), ('బు', 'U'), ('ల్వృ', '|'), ('థ', '|'), ('పు', 'U'), ('త్తు', '|'), ('ర', 'U'), ('జ్ఞు', '|'), ('ల', '|'), ('క', '|'), ('టా', 'U'), ('శ్రీ', 'U'), ('కా', 'U'), ('ళ', '|'), ('హ', 'U'), ('స్తీ', 'U'), ('శ్వ', '|'), ('రా', 'U')]",0.9428571428571428,1.0,1.0,0.9642857142857143,0.75,1.0
saardulamu,"రోసీరోయదు కామినీజనుల తారుణ్యోరుసౌఖ్యంబులన్‌
బాసీపాయదు పుత్త్రమిత్రజన సంపద్భ్రాంతి వాంఛాలతల్‌
కోసీకోయదు నా మనంబకట! నీకుం బ్రీతిగా సత్క్రియల్‌
చేసీచేయదు దీనిత్రుళ్ళణఁపవే శ్రీకాళహస్తీశ్వరా!",vruttamu,Srikaalahasteeswara,"[('రో', 'U'), ('సీ', 'U'), ('రో', 'U'), ('య', '|'), ('దు', '|'), ('కా', 'U'), ('మి', '|'), ('నీ', 'U'), ('జ', '|'), ('ను', '|'), ('ల', '|'), ('తా', 'U'), ('రు', 'U'), ('ణ్యో', 'U'), ('రు', '|'), ('సౌ', 'U'), ('ఖ్యం', 'U'), ('బు', '|'), ('లన్', 'U'), ('బా', 'U'), ('సీ', 'U'), ('పా', 'U'), ('య', '|'), ('దు', '|'), ('పు', 'U'), ('త్త్ర', '|'), ('మి', '|'), ('త్ర', '|'), ('జ', '|'), ('న', '|'), ('సం', 'U'), ('ప', 'U'), ('ద్భ్రాం', 'U'), ('తి', '|'), ('వాం', 'U'), ('ఛా', 'U'), ('ల', '|'), ('తల్', 'U'), ('కో', 'U'), ('సీ', 'U'), ('కో', 'U'), ('య', '|'), ('దు', '|'), ('నా', 'U'), ('మ', '|'), ('నం', 'U'), ('బ', '|'), ('క', '|'), ('ట', '|'), ('నీ', 'U'), ('కుం', 'U'), ('బ్రీ', 'U'), ('తి', '|'), ('గా', 'U'), ('స', 'U'), ('త్క్రి', '|'), ('యల్', 'U'), ('చే', 'U'), ('సీ', 'U'), ('చే', 'U'), ('య', '|'), ('దు', '|'), ('దీ', 'U'), ('ని', '|'), ('త్రు', 'U'), ('ళ్ళ', '|'), ('ణ', '|'), ('ప', '|'), ('వే', 'U'), ('శ్రీ', 'U'), ('కా', 'U'), ('ళ', '|'), ('హ', 'U'), ('స్తీ', 'U'), ('శ్వ', '|'), ('రా', 'U')]",0.9928571428571429,1.0,1.0,0.9642857142857143,1.0,1.0
saardulamu,"ఎన్నేళ్ళుండితి నేమిగంటినిఁక నే నెవ్వారి రక్షించెదన్‌
నిన్నే నిష్ఠ భజించెద న్నిరుపమోన్నిద్రప్రమోదంబు నా
కెన్నండబ్బెడు నెంతకాలమిఁక నేనిట్లున్న నేమయ్యెడిం
జిన్నంబుచ్చక నన్ను నేలుకొనవే శ్రీకాళహస్తీశ్వరా!",vruttamu,Srikaalahasteeswara,"[('ఎ', 'U'), ('న్నే', 'U'), ('ళ్ళుం', 'U'), ('డి', '|'), ('తి', '|'), ('నే', 'U'), ('మి', '|'), ('గం', 'U'), ('టి', '|'), ('ని', '|'), ('క', '|'), ('నే', 'U'), ('నె', 'U'), ('వ్వా', 'U'), ('రి', '|'), ('ర', 'U'), ('క్షిం', 'U'), ('చె', '|'), ('దన్', 'U'), ('ని', 'U'), ('న్నే', 'U'), ('ని', 'U'), ('ష్ఠ', '|'), ('భ', '|'), ('జిం', 'U'), ('చె', '|'), ('ద', 'U'), ('న్ని', '|'), ('రు', '|'), ('ప', '|'), ('మో', 'U'), ('న్ని', '|'), ('ద్ర', '|'), ('ప్ర', '|'), ('మో', 'U'), ('దం', 'U'), ('బు', '|'), ('నా', 'U'), ('కె', 'U'), ('న్నం', 'U'), ('డ', 'U'), ('బ్బె', '|'), ('డు', '|'), ('నెం', 'U'), ('త', '|'), ('కా', 'U'), ('ల', '|'), ('మి', '|'), ('క', '|'), ('నే', 'U'), ('ని', 'U'), ('ట్లు', 'U'), ('న్న', '|'), ('నే', 'U'), ('మ', 'U'), ('య్యె', '|'), ('డిం', 'U'), ('జి', 'U'), ('న్నం', 'U'), ('బు', 'U'), ('చ్చ', '|'), ('క', '|'), ('న', 'U'), ('న్ను', '|'), ('నే', 'U'), ('లు', '|'), ('కొ', '|'), ('న', '|'), ('వే', 'U'), ('శ్రీ', 'U'), ('కా', 'U'), ('ళ', '|'), ('హ', 'U'), ('స్తీ', 'U'), ('శ్వ', '|'), ('రా', 'U')]",0.8928571428571429,1.0,1.0,0.9642857142857143,0.5,1.0
saardulamu,"చావంకాలము చేరువౌటెఱిఁగియుం జాలింపఁగా లేక త
న్నేవైద్యుండు చికిత్సఁబ్రోవగలఁడో? యేమందు రక్షించునో?
యే వేల్పుల్‌కృపఁజూతురో?యనుచు నిన్నింతైనఁ జింతింపఁడా
జీవచ్ఛ్రాద్ధముఁజేసికొన్న యతియున్‌ శ్రీకాళహస్తీశ్వరా!",vruttamu,Srikaalahasteeswara,"[('చా', 'U'), ('వం', 'U'), ('కా', 'U'), ('ల', '|'), ('ము', '|'), ('చే', 'U'), ('రు', '|'), ('వౌ', 'U'), ('టె', '|'), ('ఱి', '|'), ('గి', '|'), ('యుం', 'U'), ('జా', 'U'), ('లిం', 'U'), ('ప', '|'), ('గా', 'U'), ('లే', 'U'), ('క', '|'), ('త', 'U'), ('న్నే', 'U'), ('వై', 'U'), ('ద్యుం', 'U'), ('డు', '|'), ('చి', '|'), ('కి', 'U'), ('త్స', '|'), ('బ్రో', 'U'), ('వ', '|'), ('గ', '|'), ('ల', '|'), ('డో', 'U'), ('యే', 'U'), ('మం', 'U'), ('దు', '|'), ('ర', 'U'), ('క్షిం', 'U'), ('చు', '|'), ('నో', 'U'), ('యే', 'U'), ('వే', 'U'), ('ల్పు', 'U'), ('ల్కృ', '|'), ('ప', '|'), ('జూ', 'U'), ('తు', '|'), ('రో', 'U'), ('య', '|'), ('ను', '|'), ('చు', '|'), ('ని', 'U'), ('న్నిం', 'U'), ('తై', 'U'), ('న', '|'), ('జిం', 'U'), ('తిం', 'U'), ('ప', '|'), ('డా', 'U'), ('జీ', 'U'), ('వ', 'U'), ('చ్ఛ్రా', 'U'), ('ద్ధ', '|'), ('ము', '|'), ('జే', 'U'), ('సి', '|'), ('కొ', 'U'), ('న్న', '|'), ('య', '|'), ('తి', '|'), ('యు', 'U'), ('న్శ్రీ', 'U'), ('కా', 'U'), ('ళ', '|'), ('హ', 'U'), ('స్తీ', 'U'), ('శ్వ', '|'), ('రా', 'U')]",0.9,1.0,1.0,1.0,0.5,1.0
mattebhamu,"దినముంజిత్తములో సువర్ణముఖరీతీరప్రదేశామ్ర కా
ననమధ్యోపల వేదికాగ్రమున నానందంబునం బంకజా
సననిష్ఠన్నినుఁ జూడఁగన్న నదివో సౌఖ్యంబు లక్ష్మీవిలా
సిని మాయానటనల్‌ సుఖంబులగునే శ్రీకాళహస్తీశ్వరా!",vruttamu,Srikaalahasteeswara,"[('ది', '|'), ('న', '|'), ('ముం', 'U'), ('జి', 'U'), ('త్త', '|'), ('ము', '|'), ('లో', 'U'), ('సు', '|'), ('వ', 'U'), ('ర్ణ', '|'), ('ము', '|'), ('ఖ', '|'), ('రీ', 'U'), ('తీ', 'U'), ('ర', '|'), ('ప్ర', '|'), ('దే', 'U'), ('శా', 'U'), ('మ్ర', '|'), ('కా', 'U'), ('న', '|'), ('న', '|'), ('మ', 'U'), ('ధ్యో', 'U'), ('ప', '|'), ('ల', '|'), ('వే', 'U'), ('ది', '|'), ('కా', 'U'), ('గ్ర', '|'), ('ము', '|'), ('న', '|'), ('నా', 'U'), ('నం', 'U'), ('దం', 'U'), ('బు', '|'), ('నం', 'U'), ('బం', 'U'), ('క', '|'), ('జా', 'U'), ('స', '|'), ('న', '|'), ('ని', 'U'), ('ష్ఠ', 'U'), ('న్ని', '|'), ('ను', '|'), ('జూ', 'U'), ('డ', '|'), ('గ', 'U'), ('న్న', '|'), ('న', '|'), ('ది', '|'), ('వో', 'U'), ('సౌ', 'U'), ('ఖ్యం', 'U'), ('బు', '|'), ('ల', 'U'), ('క్ష్మీ', 'U'), ('వి', '|'), ('లా', 'U'), ('సి', '|'), ('ని', '|'), ('మా', 'U'), ('యా', 'U'), ('న', '|'), ('ట', '|'), ('న', 'U'), ('ల్సు', '|'), ('ఖం', 'U'), ('బు', '|'), ('ల', '|'), ('గు', '|'), ('నే', 'U'), ('శ్రీ', 'U'), ('కా', 'U'), ('ళ', '|'), ('హ', 'U'), ('స్తీ', 'U'), ('శ్వ', '|'), ('రా', 'U')]",0.9928571428571429,1.0,1.0,0.9642857142857143,1.0,1.0
saardulamu,"ఆలంచున్మెడఁగట్టి దానికి నపత్యశ్రేణి గల్పించి త
ద్బాల వ్రాతము నిచ్చిపుచ్చుకొను సంబంధంబుగావించి యా
మాలర్కంబున బాంధవంబనెడి ప్రేమం గొందఱం ద్రిప్పఁగా
సీలన్సీల యమర్పినట్లొసంగితో శ్రీకాళహస్తీశ్వరా!",vruttamu,Srikaalahasteeswara,"[('ఆ', 'U'), ('లం', 'U'), ('చు', 'U'), ('న్మె', '|'), ('డ', '|'), ('గ', 'U'), ('ట్టి', '|'), ('దా', 'U'), ('ని', '|'), ('కి', '|'), ('న', '|'), ('ప', 'U'), ('త్య', '|'), ('శ్రే', 'U'), ('ణి', '|'), ('గ', 'U'), ('ల్పిం', 'U'), ('చి', '|'), ('త', 'U'), ('ద్బా', 'U'), ('ల', '|'), ('వ్రా', 'U'), ('త', '|'), ('ము', '|'), ('ని', 'U'), ('చ్చి', '|'), ('పు', 'U'), ('చ్చు', '|'), ('కొ', '|'), ('ను', '|'), ('సం', 'U'), ('బం', 'U'), ('ధం', 'U'), ('బు', '|'), ('గా', 'U'), ('విం', 'U'), ('చి', '|'), ('యా', 'U'), ('మా', 'U'), ('ల', 'U'), ('ర్కం', 'U'), ('బు', '|'), ('న', '|'), ('బాం', 'U'), ('ధ', '|'), ('వం', 'U'), ('బ', '|'), ('నె', '|'), ('డి', '|'), ('ప్రే', 'U'), ('మం', 'U'), ('గొం', 'U'), ('ద', '|'), ('ఱం', 'U'), ('ద్రి', 'U'), ('ప్ప', '|'), ('గా', 'U'), ('సీ', 'U'), ('ల', 'U'), ('న్సీ', 'U'), ('ల', '|'), ('య', '|'), ('మ', 'U'), ('ర్పి', '|'), ('న', 'U'), ('ట్లొ', '|'), ('సం', 'U'), ('గి', '|'), ('తో', 'U'), ('శ్రీ', 'U'), ('కా', 'U'), ('ళ', '|'), ('హ', 'U'), ('స్తీ', 'U'), ('శ్వ', '|'), ('రా', 'U')]",0.9785714285714284,1.0,1.0,0.8928571428571429,1.0,1.0
mattebhamu,"తనువే నిత్యముగానొనర్చు మది లేదా, చచ్చి జన్మింపకుం
డ నుపాయంబు ఘటింపు, మీ గతుల రెంటన్నేర్పు లేకున్న లే
దని నాకిప్పుడెచెప్పు; చేయఁగల కార్యంబున్న సంసేవఁజే
సి నినుంగాంచెదఁగాక కాలముననో శ్రీకాళహస్తీశ్వరా!",vruttamu,Srikaalahasteeswara,"[('త', '|'), ('ను', '|'), ('వే', 'U'), ('ని', 'U'), ('త్య', '|'), ('ము', '|'), ('గా', 'U'), ('నొ', '|'), ('న', 'U'), ('ర్చు', '|'), ('మ', '|'), ('ది', '|'), ('లే', 'U'), ('దా', 'U'), ('చ', 'U'), ('చ్చి', '|'), ('జ', 'U'), ('న్మిం', 'U'), ('ప', '|'), ('కుం', 'U'), ('డ', '|'), ('ను', '|'), ('పా', 'U'), ('యం', 'U'), ('బు', '|'), ('ఘ', '|'), ('టిం', 'U'), ('పు', '|'), ('మీ', 'U'), ('గ', '|'), ('తు', '|'), ('ల', '|'), ('రెం', 'U'), ('ట', 'U'), ('న్నే', 'U'), ('ర్పు', '|'), ('లే', 'U'), ('కు', 'U'), ('న్న', '|'), ('లే', 'U'), ('ద', '|'), ('ని', '|'), ('నా', 'U'), ('కి', 'U'), ('ప్పు', '|'), ('డె', '|'), ('చె', 'U'), ('ప్పు', '|'), ('చే', 'U'), ('య', '|'), ('గ', '|'), ('ల', '|'), ('కా', 'U'), ('ర్యం', 'U'), ('బు', 'U'), ('న్న', '|'), ('సం', 'U'), ('సే', 'U'), ('వ', '|'), ('జే', 'U'), ('సి', '|'), ('ని', '|'), ('నుం', 'U'), ('గాం', 'U'), ('చె', '|'), ('ద', '|'), ('గా', 'U'), ('క', '|'), ('కా', 'U'), ('ల', '|'), ('ము', '|'), ('న', '|'), ('నో', 'U'), ('శ్రీ', 'U'), ('కా', 'U'), ('ళ', '|'), ('హ', 'U'), ('స్తీ', 'U'), ('శ్వ', '|'), ('రా', 'U')]",0.95,1.0,1.0,1.0,0.75,1.0
mattebhamu,"పదునాల్గేలె మహాయుగంబులొక భూపాలుండు, చెల్లించె న
య్యుదయాస్తాచలసంధినాజ్ఞ నొకఁడాయుష్మంతుఁడై వీరి య
భ్యుదయంబెవ్వరు చెప్పఁగా వినరొ? యల్పుల్మత్తులై యేల చ
చ్చెదరో రాజులమంచు నక్కటకటా! శ్రీకాళహస్తీశ్వరా!",vruttamu,Srikaalahasteeswara,"[('ప', '|'), ('దు', '|'), ('నా', 'U'), ('ల్గే', 'U'), ('లె', '|'), ('మ', '|'), ('హా', 'U'), ('యు', '|'), ('గం', 'U'), ('బు', '|'), ('లొ', '|'), ('క', '|'), ('భూ', 'U'), ('పా', 'U'), ('లుం', 'U'), ('డు', '|'), ('చె', 'U'), ('ల్లిం', 'U'), ('చె', '|'), ('న', 'U'), ('య్యు', '|'), ('ద', '|'), ('యా', 'U'), ('స్తా', 'U'), ('చ', '|'), ('ల', '|'), ('సం', 'U'), ('ధి', '|'), ('నా', 'U'), ('జ్ఞ', '|'), ('నొ', '|'), ('క', '|'), ('డా', 'U'), ('యు', 'U'), ('ష్మం', 'U'), ('తు', '|'), ('డై', 'U'), ('వీ', 'U'), ('రి', '|'), ('య', 'U'), ('భ్యు', '|'), ('ద', '|'), ('యం', 'U'), ('బె', 'U'), ('వ్వ', '|'), ('రు', '|'), ('చె', 'U'), ('ప్ప', '|'), ('గా', 'U'), ('వి', '|'), ('న', '|'), ('రొ', '|'), ('య', 'U'), ('ల్పు', 'U'), ('ల్మ', 'U'), ('త్తు', '|'), ('లై', 'U'), ('యే', 'U'), ('ల', '|'), ('చ', 'U'), ('చ్చె', '|'), ('ద', '|'), ('రో', 'U'), ('రా', 'U'), ('జు', '|'), ('ల', '|'), ('మం', 'U'), ('చు', '|'), ('న', 'U'), ('క్క', '|'), ('ట', '|'), ('క', '|'), ('టా', 'U'), ('శ్రీ', 'U'), ('కా', 'U'), ('ళ', '|'), ('హ', 'U'), ('స్తీ', 'U'), ('శ్వ', '|'), ('రా', 'U')]",1.0,1.0,1.0,1.0,1.0,1.0
saardulamu,"రాజన్నంతనెపోవునా కృపయు ధర్మంబాభిజాత్యంబు వి
ద్యాజాత క్షమ సత్యభాషణము విద్వన్మిత్ర సంరక్షయున్‌
సౌజన్యంబు కృతంబెఱుంగుటయు విశ్వాసంబుగాకున్న దు
ర్బీజ శ్రేష్ఠులుగా గతంబుగలదే శ్రీకాళహస్తీశ్వరా!",vruttamu,Srikaalahasteeswara,"[('రా', 'U'), ('జ', 'U'), ('న్నం', 'U'), ('త', '|'), ('నె', '|'), ('పో', 'U'), ('వు', '|'), ('నా', 'U'), ('కృ', '|'), ('ప', '|'), ('యు', '|'), ('ధ', 'U'), ('ర్మం', 'U'), ('బా', 'U'), ('భి', '|'), ('జా', 'U'), ('త్యం', 'U'), ('బు', '|'), ('వి', 'U'), ('ద్యా', 'U'), ('జా', 'U'), ('త', 'U'), ('క్ష', '|'), ('మ', '|'), ('స', 'U'), ('త్య', '|'), ('భా', 'U'), ('ష', '|'), ('ణ', '|'), ('ము', '|'), ('వి', 'U'), ('ద్వ', 'U'), ('న్మి', '|'), ('త్ర', '|'), ('సం', 'U'), ('ర', 'U'), ('క్ష', '|'), ('యున్', 'U'), ('సౌ', 'U'), ('జ', 'U'), ('న్యం', 'U'), ('బు', '|'), ('కృ', '|'), ('తం', 'U'), ('బె', '|'), ('ఱుం', 'U'), ('గు', '|'), ('ట', '|'), ('యు', '|'), ('వి', 'U'), ('శ్వా', 'U'), ('సం', 'U'), ('బు', '|'), ('గా', 'U'), ('కు', 'U'), ('న్న', '|'), ('దు', 'U'), ('ర్బీ', 'U'), ('జ', '|'), ('శ్రే', 'U'), ('ష్ఠు', '|'), ('లు', '|'), ('గా', 'U'), ('గ', '|'), ('తం', 'U'), ('బు', '|'), ('గ', '|'), ('ల', '|'), ('దే', 'U'), ('శ్రీ', 'U'), ('కా', 'U'), ('ళ', '|'), ('హ', 'U'), ('స్తీ', 'U'), ('శ్వ', '|'), ('రా', 'U')]",0.9857142857142858,1.0,1.0,0.9285714285714286,1.0,1.0
mattebhamu,"మును నీచే నపవర్గ రాజ్యపదవీమూర్ధాభిషేకంబు గాం
చిన పుణ్యాత్ములు నేను నొక్కసరివో చింతించి చూడంగ నె
ట్లనినం గీటఫణీంద్రపోతమదవేదండోగ్ర హింసావిచా
రినిఁగాఁగా నినుఁగానఁగాక మదిలో శ్రీకాళహస్తీశ్వరా!",vruttamu,Srikaalahasteeswara,"[('ము', '|'), ('ను', '|'), ('నీ', 'U'), ('చే', 'U'), ('న', '|'), ('ప', '|'), ('వ', 'U'), ('ర్గ', '|'), ('రా', 'U'), ('జ్య', '|'), ('ప', '|'), ('ద', '|'), ('వీ', 'U'), ('మూ', 'U'), ('ర్ధా', 'U'), ('భి', '|'), ('షే', 'U'), ('కం', 'U'), ('బు', '|'), ('గాం', 'U'), ('చి', '|'), ('న', '|'), ('పు', 'U'), ('ణ్యా', 'U'), ('త్ము', '|'), ('లు', '|'), ('నే', 'U'), ('ను', '|'), ('నొ', 'U'), ('క్క', '|'), ('స', '|'), ('రి', '|'), ('వో', 'U'), ('చిం', 'U'), ('తిం', 'U'), ('చి', '|'), ('చూ', 'U'), ('డం', 'U'), ('గ', '|'), ('నె', 'U'), ('ట్ల', '|'), ('ని', '|'), ('నం', 'U'), ('గీ', 'U'), ('ట', '|'), ('ఫ', '|'), ('ణీం', 'U'), ('ద్ర', '|'), ('పో', 'U'), ('త', '|'), ('మ', '|'), ('ద', '|'), ('వే', 'U'), ('దం', 'U'), ('డో', 'U'), ('గ్ర', '|'), ('హిం', 'U'), ('సా', 'U'), ('వి', '|'), ('చా', 'U'), ('రి', '|'), ('ని', '|'), ('గా', 'U'), ('గా', 'U'), ('ని', '|'), ('ను', '|'), ('గా', 'U'), ('న', '|'), ('గా', 'U'), ('క', '|'), ('మ', '|'), ('ది', '|'), ('లో', 'U'), ('శ్రీ', 'U'), ('కా', 'U'), ('ళ', '|'), ('హ', 'U'), ('స్తీ', 'U'), ('శ్వ', '|'), ('రా', 'U')]",0.95,1.0,1.0,1.0,0.75,1.0
mattebhamu,"పవమానాశన భూషణప్రకరము ల్భద్రేభచర్మంబు నా
టవికత్వంబు ప్రియంబులై భుజగశుండాలాటవీచారులన్‌
భవదుఃఖంబులఁ బాపుటొప్పుఁ చెలఁదిం బాటించి కైవల్యమి
చ్చివినోదించుట కేమి కారణమయా శ్రీకాళహస్తీశ్వరా!",vruttamu,Srikaalahasteeswara,"[('ప', '|'), ('వ', '|'), ('మా', 'U'), ('నా', 'U'), ('శ', '|'), ('న', '|'), ('భూ', 'U'), ('ష', '|'), ('ణ', '|'), ('ప్ర', '|'), ('క', '|'), ('ర', '|'), ('ము', 'U'), ('ల్భ', '|'), ('ద్రే', 'U'), ('భ', '|'), ('చ', 'U'), ('ర్మం', 'U'), ('బు', '|'), ('నా', 'U'), ('ట', '|'), ('వి', '|'), ('క', 'U'), ('త్వం', 'U'), ('బు', '|'), ('ప్రి', '|'), ('యం', 'U'), ('బు', '|'), ('లై', 'U'), ('భు', '|'), ('జ', '|'), ('గ', '|'), ('శుం', 'U'), ('డా', 'U'), ('లా', 'U'), ('ట', '|'), ('వీ', 'U'), ('చా', 'U'), ('రు', '|'), ('లన్', 'U'), ('భ', '|'), ('వ', '|'), ('దుః', 'U'), ('ఖం', 'U'), ('బు', '|'), ('ల', '|'), ('బా', 'U'), ('పు', '|'), ('టొ', 'U'), ('ప్పు', '|'), ('చె', '|'), ('ల', '|'), ('దిం', 'U'), ('బా', 'U'), ('టిం', 'U'), ('చి', '|'), ('కై', 'U'), ('వ', 'U'), ('ల్య', '|'), ('మి', 'U'), ('చ్చి', '|'), ('వి', '|'), ('నో', 'U'), ('దిం', 'U'), ('చు', '|'), ('ట', '|'), ('కే', 'U'), ('మి', '|'), ('కా', 'U'), ('ర', '|'), ('ణ', '|'), ('మ', '|'), ('యా', 'U'), ('శ్రీ', 'U'), ('కా', 'U'), ('ళ', '|'), ('హ', 'U'), ('స్తీ', 'U'), ('శ్వ', '|'), ('రా', 'U')]",0.9857142857142858,1.0,1.0,0.9285714285714286,1.0,1.0
mattebhamu,"అమరస్త్రీలరమించినంజెడదు మోహంబింతయు\న్‌, బ్రహ్మప
ట్టము సిద్ధించిన నాసదీఱదు నిరూఢక్రోధము\న్‌ సర్వలో
కములన్మ్రింగిన మానదిందుఁగల సౌఖ్యంబొల్ల నీ సేవఁజే
సి మహాపాతకవారిరాశిఁగడతు\న్‌ శ్రీకాళహస్తీశ్వరా!",vruttamu,Srikaalahasteeswara,"[('అ', '|'), ('మ', '|'), ('ర', 'U'), ('స్త్రీ', 'U'), ('ల', '|'), ('ర', '|'), ('మిం', 'U'), ('చి', '|'), ('నం', 'U'), ('జె', '|'), ('డ', '|'), ('దు', '|'), ('మో', 'U'), ('హం', 'U'), ('బిం', 'U'), ('త', '|'), ('యు', 'U'), ('న్బ్ర', 'U'), ('హ్మ', '|'), ('ప', 'U'), ('ట్ట', '|'), ('ము', '|'), ('సి', 'U'), ('ద్ధిం', 'U'), ('చి', '|'), ('న', '|'), ('నా', 'U'), ('స', '|'), ('దీ', 'U'), ('ఱ', '|'), ('దు', '|'), ('ని', '|'), ('రూ', 'U'), ('ఢ', '|'), ('క్రో', 'U'), ('ధ', '|'), ('ము', 'U'), ('న్స', 'U'), ('ర్వ', '|'), ('లో', 'U'), ('క', '|'), ('ము', '|'), ('ల', 'U'), ('న్మ్రిం', 'U'), ('గి', '|'), ('న', '|'), ('మా', 'U'), ('న', '|'), ('దిం', 'U'), ('దు', '|'), ('గ', '|'), ('ల', '|'), ('సౌ', 'U'), ('ఖ్యం', 'U'), ('బొ', 'U'), ('ల్ల', '|'), ('నీ', 'U'), ('సే', 'U'), ('వ', '|'), ('జే', 'U'), ('సి', '|'), ('మ', '|'), ('హా', 'U'), ('పా', 'U'), ('త', '|'), ('క', '|'), ('వా', 'U'), ('రి', '|'), ('రా', 'U'), ('శి', '|'), ('గ', '|'), ('డ', '|'), ('తు', 'U'), ('న్శ్రీ', 'U'), ('కా', 'U'), ('ళ', '|'), ('హ', 'U'), ('స్తీ', 'U'), ('శ్వ', '|'), ('రా', 'U')]",0.9928571428571429,1.0,1.0,0.9642857142857143,1.0,1.0
mattebhamu,"చనువారిం గని యేడ్చువారు జముఁడా సత్యంబుగా వత్తు మే
మనుమానంబిఁకలేదు నమ్మమని తారావేళ నా రేవునన్‌
మునుఁగంబోవుచు బాససేయుటసుమీ ముమ్మాటికింజూడఁగాఁ
జెనఁటుల్గానరు దీని భావమిదివో శ్రీకాళహస్తీశ్వరా!",vruttamu,Srikaalahasteeswara,"[('చ', '|'), ('ను', '|'), ('వా', 'U'), ('రిం', 'U'), ('గ', '|'), ('ని', '|'), ('యే', 'U'), ('డ్చు', '|'), ('వా', 'U'), ('రు', '|'), ('జ', '|'), ('ము', '|'), ('డా', 'U'), ('స', 'U'), ('త్యం', 'U'), ('బు', '|'), ('గా', 'U'), ('వ', 'U'), ('త్తు', '|'), ('మే', 'U'), ('మ', '|'), ('ను', '|'), ('మా', 'U'), ('నం', 'U'), ('బి', '|'), ('క', '|'), ('లే', 'U'), ('దు', '|'), ('న', 'U'), ('మ్మ', '|'), ('మ', '|'), ('ని', '|'), ('తా', 'U'), ('రా', 'U'), ('వే', 'U'), ('ళ', '|'), ('నా', 'U'), ('రే', 'U'), ('వు', '|'), ('నన్', 'U'), ('ము', '|'), ('ను', '|'), ('గం', 'U'), ('బో', 'U'), ('వు', '|'), ('చు', '|'), ('బా', 'U'), ('స', '|'), ('సే', 'U'), ('యు', '|'), ('ట', '|'), ('సు', '|'), ('మీ', 'U'), ('ము', 'U'), ('మ్మా', 'U'), ('టి', '|'), ('కిం', 'U'), ('జూ', 'U'), ('డ', '|'), ('గా', 'U'), ('జె', '|'), ('న', '|'), ('టు', 'U'), ('ల్గా', 'U'), ('న', '|'), ('రు', '|'), ('దీ', 'U'), ('ని', '|'), ('భా', 'U'), ('వ', '|'), ('మి', '|'), ('ది', '|'), ('వో', 'U'), ('శ్రీ', 'U'), ('కా', 'U'), ('ళ', '|'), ('హ', 'U'), ('స్తీ', 'U'), ('శ్వ', '|'), ('రా', 'U')]",0.95,1.0,1.0,1.0,0.75,1.0
mattebhamu,"భవదుఃఖంబులు రాజకీటముల నేఁ బ్రార్థించినం బాయునే
భవదంఘ్రిస్తుతి చేతఁగాక, విలసద్బాల క్షుథాక్లేశ దు
ష్ట విధుల్మానునె? చూడ మేఁకమెడచంటం దల్లి కారుణ్యదృ
ష్టి విశేషంబుననిచ్చు చంటబలెనో శ్రీకాళహస్తీశ్వరా!",vruttamu,Srikaalahasteeswara,"[('భ', '|'), ('వ', '|'), ('దుః', 'U'), ('ఖం', 'U'), ('బు', '|'), ('లు', '|'), ('రా', 'U'), ('జ', '|'), ('కీ', 'U'), ('ట', '|'), ('ము', '|'), ('ల', '|'), ('నే', 'U'), ('బ్రా', 'U'), ('ర్థిం', 'U'), ('చి', '|'), ('నం', 'U'), ('బా', 'U'), ('యు', '|'), ('నే', 'U'), ('భ', '|'), ('వ', '|'), ('దం', 'U'), ('ఘ్రి', 'U'), ('స్తు', '|'), ('తి', '|'), ('చే', 'U'), ('త', '|'), ('గా', 'U'), ('క', '|'), ('వి', '|'), ('ల', '|'), ('స', 'U'), ('ద్బా', 'U'), ('ల', 'U'), ('క్షు', '|'), ('థా', 'U'), ('క్లే', 'U'), ('శ', '|'), ('దు', 'U'), ('ష్ట', '|'), ('వి', '|'), ('ధు', 'U'), ('ల్మా', 'U'), ('ను', '|'), ('నె', '|'), ('చూ', 'U'), ('డ', '|'), ('మే', 'U'), ('క', '|'), ('మె', '|'), ('డ', '|'), ('చం', 'U'), ('టం', 'U'), ('ద', 'U'), ('ల్లి', '|'), ('కా', 'U'), ('రు', 'U'), ('ణ్య', '|'), ('దృ', 'U'), ('ష్టి', '|'), ('వి', '|'), ('శే', 'U'), ('షం', 'U'), ('బు', '|'), ('న', '|'), ('ని', 'U'), ('చ్చు', '|'), ('చం', 'U'), ('ట', '|'), ('బ', '|'), ('లె', '|'), ('నో', 'U'), ('శ్రీ', 'U'), ('కా', 'U'), ('ళ', '|'), ('హ', 'U'), ('స్తీ', 'U'), ('శ్వ', '|'), ('రా', 'U')]",1.0,1.0,1.0,1.0,1.0,1.0
mattebhamu,"పవి పుష్పంబగు, నగ్ని మంచగు, నకూపారంబు భూమిస్థలం
బవు, శత్రుండతిమిత్రుఁడౌ, విషము దివ్యాహారమౌ నెన్నఁగా
నవనీమండలి లోపలన్‌ శివశివేత్యాభాషణోల్లాసికి\న్‌
శివ! నీనామము సర్వవశ్యకరమౌ శ్రీకాళహస్తీశ్వరా!",vruttamu,Srikaalahasteeswara,"[('ప', '|'), ('వి', '|'), ('పు', 'U'), ('ష్పం', 'U'), ('బ', '|'), ('గు', '|'), ('న', 'U'), ('గ్ని', '|'), ('మం', 'U'), ('చ', '|'), ('గు', '|'), ('న', '|'), ('కూ', 'U'), ('పా', 'U'), ('రం', 'U'), ('బు', '|'), ('భూ', 'U'), ('మి', 'U'), ('స్థ', '|'), ('లం', 'U'), ('బ', '|'), ('వు', '|'), ('శ', '|'), ('త్రుం', 'U'), ('డ', '|'), ('తి', '|'), ('మి', '|'), ('త్రు', '|'), ('డౌ', 'U'), ('వి', '|'), ('ష', '|'), ('ము', '|'), ('ది', 'U'), ('వ్యా', 'U'), ('హా', 'U'), ('ర', '|'), ('మౌ', 'U'), ('నె', 'U'), ('న్న', '|'), ('గా', 'U'), ('న', '|'), ('వ', '|'), ('నీ', 'U'), ('మం', 'U'), ('డ', '|'), ('లి', '|'), ('లో', 'U'), ('ప', '|'), ('ల', 'U'), ('న్శి', '|'), ('వ', '|'), ('శి', '|'), ('వే', 'U'), ('త్యా', 'U'), ('భా', 'U'), ('ష', '|'), ('ణో', 'U'), ('ల్లా', 'U'), ('సి', '|'), ('కిన్', 'U'), ('శి', '|'), ('వ', '|'), ('నీ', 'U'), ('నా', 'U'), ('మ', '|'), ('ము', '|'), ('స', 'U'), ('ర్వ', '|'), ('వ', 'U'), ('శ్య', '|'), ('క', '|'), ('ర', '|'), ('మౌ', 'U'), ('శ్రీ', 'U'), ('కా', 'U'), ('ళ', '|'), ('హ', 'U'), ('స్తీ', 'U'), ('శ్వ', '|'), ('రా', 'U')]",0.8857142857142858,1.0,1.0,0.9285714285714286,0.5,1.0
saardulamu,"లేవో కానలఁ గందమూలఫలముల్‌ లేవో గుహల్‌ తోయముల్‌
లేవో యేఱులఁ బల్లవాస్తరణముల్‌ లేవో సదాయాత్మలో
లేవో నీవు విరక్తులన్మనుప జాలింబొంది భూపాలుర\న్‌
సేవల్సేయఁగఁ బోదురేలొకొ జనుల్‌ శ్రీకాళహస్తీశ్వరా!",vruttamu,Srikaalahasteeswara,"[('లే', 'U'), ('వో', 'U'), ('కా', 'U'), ('న', '|'), ('ల', '|'), ('గం', 'U'), ('ద', '|'), ('మూ', 'U'), ('ల', '|'), ('ఫ', '|'), ('ల', '|'), ('ము', 'U'), ('ల్లే', 'U'), ('వో', 'U'), ('గు', '|'), ('హ', 'U'), ('ల్తో', 'U'), ('య', '|'), ('ముల్', 'U'), ('లే', 'U'), ('వో', 'U'), ('యే', 'U'), ('ఱు', '|'), ('ల', '|'), ('బ', 'U'), ('ల్ల', '|'), ('వా', 'U'), ('స్త', '|'), ('ర', '|'), ('ణ', '|'), ('ము', 'U'), ('ల్లే', 'U'), ('వో', 'U'), ('స', '|'), ('దా', 'U'), ('యా', 'U'), ('త్మ', '|'), ('లో', 'U'), ('లే', 'U'), ('వో', 'U'), ('నీ', 'U'), ('వు', '|'), ('వి', '|'), ('ర', 'U'), ('క్తు', '|'), ('ల', 'U'), ('న్మ', '|'), ('ను', '|'), ('ప', '|'), ('జా', 'U'), ('లిం', 'U'), ('బొం', 'U'), ('ది', '|'), ('భూ', 'U'), ('పా', 'U'), ('లు', '|'), ('రన్', 'U'), ('సే', 'U'), ('వ', 'U'), ('ల్సే', 'U'), ('య', '|'), ('గ', '|'), ('బో', 'U'), ('దు', '|'), ('రే', 'U'), ('లొ', '|'), ('కొ', '|'), ('జ', '|'), ('ను', 'U'), ('ల్శ్రీ', 'U'), ('కా', 'U'), ('ళ', '|'), ('హ', 'U'), ('స్తీ', 'U'), ('శ్వ', '|'), ('రా', 'U')]",1.0,1.0,1.0,1.0,1.0,1.0
mattebhamu,"మును నేఁ బుట్టిన పుట్టులెన్నిగలవో మోహంబుచే నందుఁ జే
సిన కర్మంబుల ప్రోవులెన్నిగలవో చింతించినం గాన నీ
జననంబే యని యున్నవాఁడ నిదియే చాలింపవే నిన్నుఁగొ
ల్చినపుణ్యంబునకుం గృపారతుఁడవై శ్రీకాళహస్తీశ్వరా!",vruttamu,Srikaalahasteeswara,"[('ము', '|'), ('ను', '|'), ('నే', 'U'), ('బు', 'U'), ('ట్టి', '|'), ('న', '|'), ('పు', 'U'), ('ట్టు', '|'), ('లె', 'U'), ('న్ని', '|'), ('గ', '|'), ('ల', '|'), ('వో', 'U'), ('మో', 'U'), ('హం', 'U'), ('బు', '|'), ('చే', 'U'), ('నం', 'U'), ('దు', '|'), ('జే', 'U'), ('సి', '|'), ('న', '|'), ('క', 'U'), ('ర్మం', 'U'), ('బు', '|'), ('ల', '|'), ('ప్రో', 'U'), ('వు', '|'), ('లె', 'U'), ('న్ని', '|'), ('గ', '|'), ('ల', '|'), ('వో', 'U'), ('చిం', 'U'), ('తిం', 'U'), ('చి', '|'), ('నం', 'U'), ('గా', 'U'), ('న', '|'), ('నీ', 'U'), ('జ', '|'), ('న', '|'), ('నం', 'U'), ('బే', 'U'), ('య', '|'), ('ని', '|'), ('యు', 'U'), ('న్న', '|'), ('వా', 'U'), ('డ', '|'), ('ని', '|'), ('ది', '|'), ('యే', 'U'), ('చా', 'U'), ('లిం', 'U'), ('ప', '|'), ('వే', 'U'), ('ని', 'U'), ('న్ను', '|'), ('గొ', 'U'), ('ల్చి', '|'), ('న', '|'), ('పు', 'U'), ('ణ్యం', 'U'), ('బు', '|'), ('న', '|'), ('కుం', 'U'), ('గృ', '|'), ('పా', 'U'), ('ర', '|'), ('తు', '|'), ('డ', '|'), ('వై', 'U'), ('శ్రీ', 'U'), ('కా', 'U'), ('ళ', '|'), ('హ', 'U'), ('స్తీ', 'U'), ('శ్వ', '|'), ('రా', 'U')]",1.0,1.0,1.0,1.0,1.0,1.0
mattebhamu,"తనువెందాఁక ధరిత్రినుండు నను నందాఁక న్మహారోగదీ
పన దుఃఖాదులఁ బొందకుండ ననుకంపాదృష్టి వీక్షించి యా
వెనుక న్నీపదపద్మముల్దలఁచుచు న్విశ్వప్రపంచంబుఁ బా
సిన చిత్తంబుననుండఁజేయ గదవే శ్రీకాళహస్తీశ్వరా!",vruttamu,Srikaalahasteeswara,"[('త', '|'), ('ను', '|'), ('వెం', 'U'), ('దా', 'U'), ('క', '|'), ('ధ', '|'), ('రి', '|'), ('త్రి', '|'), ('నుం', 'U'), ('డు', '|'), ('న', '|'), ('ను', '|'), ('నం', 'U'), ('దా', 'U'), ('క', 'U'), ('న్మ', '|'), ('హా', 'U'), ('రో', 'U'), ('గ', '|'), ('దీ', 'U'), ('ప', '|'), ('న', '|'), ('దుః', 'U'), ('ఖా', 'U'), ('దు', '|'), ('ల', '|'), ('బొం', 'U'), ('ద', '|'), ('కుం', 'U'), ('డ', '|'), ('న', '|'), ('ను', '|'), ('కం', 'U'), ('పా', 'U'), ('దృ', 'U'), ('ష్టి', '|'), ('వీ', 'U'), ('క్షిం', 'U'), ('చి', '|'), ('యా', 'U'), ('వె', '|'), ('ను', '|'), ('క', 'U'), ('న్నీ', 'U'), ('ప', '|'), ('ద', '|'), ('ప', 'U'), ('ద్మ', '|'), ('ము', 'U'), ('ల్ద', '|'), ('ల', '|'), ('చు', '|'), ('చు', 'U'), ('న్వి', 'U'), ('శ్వ', '|'), ('ప్ర', '|'), ('పం', 'U'), ('చం', 'U'), ('బు', '|'), ('బా', 'U'), ('సి', '|'), ('న', '|'), ('చి', 'U'), ('త్తం', 'U'), ('బు', '|'), ('న', '|'), ('నుం', 'U'), ('డ', '|'), ('జే', 'U'), ('య', '|'), ('గ', '|'), ('ద', '|'), ('వే', 'U'), ('శ్రీ', 'U'), ('కా', 'U'), ('ళ', '|'), ('హ', 'U'), ('స్తీ', 'U'), ('శ్వ', '|'), ('రా', 'U')]",0.9857142857142858,1.0,1.0,0.9285714285714286,1.0,1.0
mattebhamu,"మలభూయిష్ఠ మనోజధామము సుషుమ్నాద్వారమో? యారు కుం
డలియో? పాదకరాక్షియుగ్మములు షట్కంజంబులో? మోముదా
జలజంబో? నిటలంబు చంద్రకళయో, సంగంబు యోగంబొ? గా
సిలిసేవింతురు కాంతల\న్‌ భువి జనుల్‌ శ్రీకాళహస్తీశ్వరా!",vruttamu,Srikaalahasteeswara,"[('మ', '|'), ('ల', '|'), ('భూ', 'U'), ('యి', 'U'), ('ష్ఠ', '|'), ('మ', '|'), ('నో', 'U'), ('జ', '|'), ('ధా', 'U'), ('మ', '|'), ('ము', '|'), ('సు', '|'), ('షు', 'U'), ('మ్నా', 'U'), ('ద్వా', 'U'), ('ర', '|'), ('మో', 'U'), ('యా', 'U'), ('రు', '|'), ('కుం', 'U'), ('డ', '|'), ('లి', '|'), ('యో', 'U'), ('పా', 'U'), ('ద', '|'), ('క', '|'), ('రా', 'U'), ('క్షి', '|'), ('యు', 'U'), ('గ్మ', '|'), ('ము', '|'), ('లు', '|'), ('ష', 'U'), ('ట్కం', 'U'), ('జం', 'U'), ('బు', '|'), ('లో', 'U'), ('మో', 'U'), ('ము', '|'), ('దా', 'U'), ('జ', '|'), ('ల', '|'), ('జం', 'U'), ('బో', 'U'), ('ని', '|'), ('ట', '|'), ('లం', 'U'), ('బు', '|'), ('చం', 'U'), ('ద్ర', '|'), ('క', '|'), ('ళ', '|'), ('యో', 'U'), ('సం', 'U'), ('గం', 'U'), ('బు', '|'), ('యో', 'U'), ('గం', 'U'), ('బొ', '|'), ('గా', 'U'), ('సి', '|'), ('లి', '|'), ('సే', 'U'), ('విం', 'U'), ('తు', '|'), ('రు', '|'), ('కాం', 'U'), ('త', '|'), ('ల', 'U'), ('న్భు', '|'), ('వి', '|'), ('జ', '|'), ('ను', 'U'), ('ల్శ్రీ', 'U'), ('కా', 'U'), ('ళ', '|'), ('హ', 'U'), ('స్తీ', 'U'), ('శ్వ', '|'), ('రా', 'U')]",1.0,1.0,1.0,1.0,1.0,1.0
mattebhamu,"జలకంబుల్‌, రసముల్‌, ప్రసూనములు, వాచాబంధముల్‌, వాద్యము
ల్కలశబ్దధ్వను లంచితాంబరమలంకారంబు దీప్తుల్మెఱుం
గులు నైవేద్యము మాధురీమహిమగాఁ గొల్తున్నినున్‌ భక్తిరం
జిల దివ్యార్చన గూర్చినేర్చిన క్రియన్‌ శ్రీకాళహస్తీశ్వరా!",vruttamu,Srikaalahasteeswara,"[('జ', '|'), ('ల', '|'), ('కం', 'U'), ('బు', '|'), ('ల్ర', '|'), ('స', '|'), ('ము', 'U'), ('ల్ప్ర', '|'), ('సూ', 'U'), ('న', '|'), ('ము', '|'), ('లు', '|'), ('వా', 'U'), ('చా', 'U'), ('బం', 'U'), ('ధ', '|'), ('ము', 'U'), ('ల్వా', 'U'), ('ద్య', '|'), ('ము', 'U'), ('ల్క', '|'), ('ల', '|'), ('శ', 'U'), ('బ్ద', 'U'), ('ధ్వ', '|'), ('ను', '|'), ('లం', 'U'), ('చి', '|'), ('తాం', 'U'), ('బ', '|'), ('ర', '|'), ('మ', '|'), ('లం', 'U'), ('కా', 'U'), ('రం', 'U'), ('బు', '|'), ('దీ', 'U'), ('ప్తు', 'U'), ('ల్మె', '|'), ('ఱుం', 'U'), ('గు', '|'), ('లు', '|'), ('నై', 'U'), ('వే', 'U'), ('ద్య', '|'), ('ము', '|'), ('మా', 'U'), ('ధు', '|'), ('రీ', 'U'), ('మ', '|'), ('హి', '|'), ('మ', '|'), ('గా', 'U'), ('గొ', 'U'), ('ల్తు', 'U'), ('న్ని', '|'), ('ను', 'U'), ('న్భ', 'U'), ('క్తి', '|'), ('రం', 'U'), ('జి', '|'), ('ల', '|'), ('ది', 'U'), ('వ్యా', 'U'), ('ర్చ', '|'), ('న', '|'), ('గూ', 'U'), ('ర్చి', '|'), ('నే', 'U'), ('ర్చి', '|'), ('న', '|'), ('క్రి', '|'), ('య', 'U'), ('న్శ్రీ', 'U'), ('కా', 'U'), ('ళ', '|'), ('హ', 'U'), ('స్తీ', 'U'), ('శ్వ', '|'), ('రా', 'U')]",0.9928571428571429,1.0,1.0,0.9642857142857143,1.0,1.0
saardulamu,"ఏలీలన్నుతియింపవచ్చు నుపమోత్ప్రేక్షా ధ్వనివ్యంగ్యశ
బ్దాలంకార విశేషభాషల కలభ్యంబైన నీరూపముం
జాలుంజాలుఁ గవిత్వమున్నిలుచునే సత్యంబు వర్ణించుచో,
చీ! లజ్జింపరుగాక మాదృశకవుల్‌ శ్రీకాళహస్తీశ్వరా!",vruttamu,Srikaalahasteeswara,"[('ఏ', 'U'), ('లీ', 'U'), ('ల', 'U'), ('న్ను', '|'), ('తి', '|'), ('యిం', 'U'), ('ప', '|'), ('వ', 'U'), ('చ్చు', '|'), ('ను', '|'), ('ప', '|'), ('మో', 'U'), ('త్ప్రే', 'U'), ('క్షా', 'U'), ('ధ్వ', '|'), ('ని', 'U'), ('వ్యం', 'U'), ('గ్య', '|'), ('శ', 'U'), ('బ్దా', 'U'), ('లం', 'U'), ('కా', 'U'), ('ర', '|'), ('వి', '|'), ('శే', 'U'), ('ష', '|'), ('భా', 'U'), ('ష', '|'), ('ల', '|'), ('క', '|'), ('ల', 'U'), ('భ్యం', 'U'), ('బై', 'U'), ('న', '|'), ('నీ', 'U'), ('రూ', 'U'), ('ప', '|'), ('ముం', 'U'), ('జా', 'U'), ('లుం', 'U'), ('జా', 'U'), ('లు', '|'), ('గ', '|'), ('వి', 'U'), ('త్వ', '|'), ('ము', 'U'), ('న్ని', '|'), ('లు', '|'), ('చు', '|'), ('నే', 'U'), ('స', 'U'), ('త్యం', 'U'), ('బు', '|'), ('వ', 'U'), ('ర్ణిం', 'U'), ('చు', '|'), ('చో', 'U'), ('చీ', 'U'), ('ల', 'U'), ('జ్జిం', 'U'), ('ప', '|'), ('రు', '|'), ('గా', 'U'), ('క', '|'), ('మా', 'U'), ('దృ', '|'), ('శ', '|'), ('క', '|'), ('వు', 'U'), ('ల్శ్రీ', 'U'), ('కా', 'U'), ('ళ', '|'), ('హ', 'U'), ('స్తీ', 'U'), ('శ్వ', '|'), ('రా', 'U')]",0.95,1.0,1.0,1.0,0.75,1.0
saardulamu,"పాలుంబువ్వయుఁ బెట్టెదం గుడువరా పాపన్న రా! యన్న లే
లే లెమ్మన నరంటిపండ్లుఁగొని తేలేకున్న నే నొల్లనం
టే లాలింపరె తల్లిదండ్రులపుడట్లే తెచ్చి వాత్సల్య ల
క్ష్మీ లీలావచనంబులం గుడుపరా శ్రీకాళహస్తీశ్వరా!",vruttamu,Srikaalahasteeswara,"[('పా', 'U'), ('లుం', 'U'), ('బు', 'U'), ('వ్వ', '|'), ('యు', '|'), ('బె', 'U'), ('ట్టె', '|'), ('దం', 'U'), ('గు', '|'), ('డు', '|'), ('వ', '|'), ('రా', 'U'), ('పా', 'U'), ('ప', 'U'), ('న్న', '|'), ('రా', 'U'), ('య', 'U'), ('న్న', '|'), ('లే', 'U'), ('లే', 'U'), ('లె', 'U'), ('మ్మ', '|'), ('న', '|'), ('న', '|'), ('రం', 'U'), ('టి', '|'), ('పం', 'U'), ('డ్లు', '|'), ('గొ', '|'), ('ని', '|'), ('తే', 'U'), ('లే', 'U'), ('కు', 'U'), ('న్న', '|'), ('నే', 'U'), ('నొ', 'U'), ('ల్ల', '|'), ('నం', 'U'), ('టే', 'U'), ('లా', 'U'), ('లిం', 'U'), ('ప', '|'), ('రె', '|'), ('త', 'U'), ('ల్లి', '|'), ('దం', 'U'), ('డ్రు', '|'), ('ల', '|'), ('పు', '|'), ('డ', 'U'), ('ట్లే', 'U'), ('తె', 'U'), ('చ్చి', '|'), ('వా', 'U'), ('త్స', 'U'), ('ల్య', '|'), ('ల', 'U'), ('క్ష్మీ', 'U'), ('లీ', 'U'), ('లా', 'U'), ('వ', '|'), ('చ', '|'), ('నం', 'U'), ('బు', '|'), ('లం', 'U'), ('గు', '|'), ('డు', '|'), ('ప', '|'), ('రా', 'U'), ('శ్రీ', 'U'), ('కా', 'U'), ('ళ', '|'), ('హ', 'U'), ('స్తీ', 'U'), ('శ్వ', '|'), ('రా', 'U')]",0.9928571428571429,1.0,1.0,0.9642857142857143,1.0,1.0
mattebhamu,"కలలంచు న్శకునంబులంచు గ్రహయోగంబంచు సాముద్రికం
బులటంచుం దెవులంచు దిష్టియనుచు న్భూతంబులంచున్విషా
దులటంచు న్నిమిషార్ధజీవనములందుం బ్రీతిఁబుట్టించి యీ
సిలుగుల్‌ ప్రాణుల కెన్నిచేసితివయా శ్రీకాళహస్తీశ్వరా!",vruttamu,Srikaalahasteeswara,"[('క', '|'), ('ల', '|'), ('లం', 'U'), ('చు', 'U'), ('న్శ', '|'), ('కు', '|'), ('నం', 'U'), ('బు', '|'), ('లం', 'U'), ('చు', '|'), ('గ్ర', '|'), ('హ', '|'), ('యో', 'U'), ('గం', 'U'), ('బం', 'U'), ('చు', '|'), ('సా', 'U'), ('ము', '|'), ('ద్రి', '|'), ('కం', 'U'), ('బు', '|'), ('ల', '|'), ('టం', 'U'), ('చుం', 'U'), ('దె', '|'), ('వు', '|'), ('లం', 'U'), ('చు', '|'), ('ది', 'U'), ('ష్టి', '|'), ('య', '|'), ('ను', '|'), ('చు', 'U'), ('న్భూ', 'U'), ('తం', 'U'), ('బు', '|'), ('లం', 'U'), ('చు', 'U'), ('న్వి', '|'), ('షా', 'U'), ('దు', '|'), ('ల', '|'), ('టం', 'U'), ('చు', 'U'), ('న్ని', '|'), ('మి', '|'), ('షా', 'U'), ('ర్ధ', '|'), ('జీ', 'U'), ('వ', '|'), ('న', '|'), ('ము', '|'), ('లం', 'U'), ('దుం', 'U'), ('బ్రీ', 'U'), ('తి', '|'), ('బు', 'U'), ('ట్టిం', 'U'), ('చి', '|'), ('యీ', 'U'), ('సి', '|'), ('లు', '|'), ('గు', 'U'), ('ల్ప్రా', 'U'), ('ణు', '|'), ('ల', '|'), ('కె', 'U'), ('న్ని', '|'), ('చే', 'U'), ('సి', '|'), ('తి', '|'), ('వ', '|'), ('యా', 'U'), ('శ్రీ', 'U'), ('కా', 'U'), ('ళ', '|'), ('హ', 'U'), ('స్తీ', 'U'), ('శ్వ', '|'), ('రా', 'U')]",0.9928571428571429,1.0,1.0,0.9642857142857143,1.0,1.0
mattebhamu,"తలమీఁదం గుసుమప్రసాద మలికస్థానంబుపై భూతియున్‌
గళసీమంబున దండ నాసికతుదన్గంధప్రసారంబు లో
పల నైవేద్యముఁజేర్చు నే మనుజుఁడాభక్తుండు నీ కెప్పుడుం
జెలికాడై విహరించు రౌప్యగిరిపై శ్రీకాళహస్తీశ్వరా!",vruttamu,Srikaalahasteeswara,"[('త', '|'), ('ల', '|'), ('మీ', 'U'), ('దం', 'U'), ('గు', '|'), ('సు', '|'), ('మ', '|'), ('ప్ర', '|'), ('సా', 'U'), ('ద', '|'), ('మ', '|'), ('లి', '|'), ('క', 'U'), ('స్థా', 'U'), ('నం', 'U'), ('బు', '|'), ('పై', 'U'), ('భూ', 'U'), ('తి', '|'), ('యున్', 'U'), ('గ', '|'), ('ళ', '|'), ('సీ', 'U'), ('మం', 'U'), ('బు', '|'), ('న', '|'), ('దం', 'U'), ('డ', '|'), ('నా', 'U'), ('సి', '|'), ('క', '|'), ('తు', '|'), ('ద', 'U'), ('న్గం', 'U'), ('ధ', '|'), ('ప్ర', '|'), ('సా', 'U'), ('రం', 'U'), ('బు', '|'), ('లో', 'U'), ('ప', '|'), ('ల', '|'), ('నై', 'U'), ('వే', 'U'), ('ద్య', '|'), ('ము', '|'), ('జే', 'U'), ('ర్చు', '|'), ('నే', 'U'), ('మ', '|'), ('ను', '|'), ('జు', '|'), ('డా', 'U'), ('భ', 'U'), ('క్తుం', 'U'), ('డు', '|'), ('నీ', 'U'), ('కె', 'U'), ('ప్పు', '|'), ('డుం', 'U'), ('జె', '|'), ('లి', '|'), ('కా', 'U'), ('డై', 'U'), ('వి', '|'), ('హ', '|'), ('రిం', 'U'), ('చు', '|'), ('రౌ', 'U'), ('ప్య', '|'), ('గి', '|'), ('రి', '|'), ('పై', 'U'), ('శ్రీ', 'U'), ('కా', 'U'), ('ళ', '|'), ('హ', 'U'), ('స్తీ', 'U'), ('శ్వ', '|'), ('రా', 'U')]",0.9357142857142857,1.0,1.0,0.9285714285714286,1.0,0.75
saardulamu,"ఆలుంబిడ్డలు మిత్రులున్‌ హితులు నిశ్టార్థంబు లీనేర్తు రే
వేళ న్వారిభజింపఁ జాలిపడ కావిర్భూత మోదంబునం
గాలంబెల్ల సుఖంబు నీకు నిఁక భక్తశ్రేణి రక్షింపకే
శ్రీ లెవ్వారికిఁ గూడఁబెట్టెదవయా శ్రీకాళహస్తీశ్వరా!",vruttamu,Srikaalahasteeswara,"[('ఆ', 'U'), ('లుం', 'U'), ('బి', 'U'), ('డ్డ', '|'), ('లు', '|'), ('మి', '|'), ('త్రు', '|'), ('లు', 'U'), ('న్హి', '|'), ('తు', '|'), ('లు', '|'), ('ని', 'U'), ('శ్టా', 'U'), ('ర్థం', 'U'), ('బు', '|'), ('లీ', 'U'), ('నే', 'U'), ('ర్తు', '|'), ('రే', 'U'), ('వే', 'U'), ('ళ', 'U'), ('న్వా', 'U'), ('రి', '|'), ('భ', '|'), ('జిం', 'U'), ('ప', '|'), ('జా', 'U'), ('లి', '|'), ('ప', '|'), ('డ', '|'), ('కా', 'U'), ('వి', 'U'), ('ర్భూ', 'U'), ('త', '|'), ('మో', 'U'), ('దం', 'U'), ('బు', '|'), ('నం', 'U'), ('గా', 'U'), ('లం', 'U'), ('బె', 'U'), ('ల్ల', '|'), ('సు', '|'), ('ఖం', 'U'), ('బు', '|'), ('నీ', 'U'), ('కు', '|'), ('ని', '|'), ('క', '|'), ('భ', 'U'), ('క్త', '|'), ('శ్రే', 'U'), ('ణి', '|'), ('ర', 'U'), ('క్షిం', 'U'), ('ప', '|'), ('కే', 'U'), ('శ్రీ', 'U'), ('లె', 'U'), ('వ్వా', 'U'), ('రి', '|'), ('కి', '|'), ('గూ', 'U'), ('డ', '|'), ('బె', 'U'), ('ట్టె', '|'), ('ద', '|'), ('వ', '|'), ('యా', 'U'), ('శ్రీ', 'U'), ('కా', 'U'), ('ళ', '|'), ('హ', 'U'), ('స్తీ', 'U'), ('శ్వ', '|'), ('రా', 'U')]",0.8857142857142858,1.0,1.0,0.9285714285714286,0.75,0.75
mattebhamu,"సులభుల్మూర్ఖు లనుత్తమోత్తములు రాజుల్గల్గి యేవేళన
న్నలఁతం బెట్టిన నీ పదాబ్జములఁ బాయంజాల నేమిచ్చినం
గలధౌతాచల మేలుటంబునిధిలోఁ గాపుండుటబ్జంబుపైఁ
జెలువొప్పన్సుఖియింపఁ గాంచుటసుమీ శ్రీకాళహస్తీశ్వరా!",vruttamu,Srikaalahasteeswara,"[('సు', '|'), ('ల', '|'), ('భు', 'U'), ('ల్మూ', 'U'), ('ర్ఖు', '|'), ('ల', '|'), ('ను', 'U'), ('త్త', '|'), ('మో', 'U'), ('త్త', '|'), ('ము', '|'), ('లు', '|'), ('రా', 'U'), ('జు', 'U'), ('ల్గ', 'U'), ('ల్గి', '|'), ('యే', 'U'), ('వే', 'U'), ('ళ', '|'), ('న', 'U'), ('న్న', '|'), ('ల', '|'), ('తం', 'U'), ('బె', 'U'), ('ట్టి', '|'), ('న', '|'), ('నీ', 'U'), ('ప', '|'), ('దా', 'U'), ('బ్జ', '|'), ('ము', '|'), ('ల', '|'), ('బా', 'U'), ('యం', 'U'), ('జా', 'U'), ('ల', '|'), ('నే', 'U'), ('మి', 'U'), ('చ్చి', '|'), ('నం', 'U'), ('గ', '|'), ('ల', '|'), ('ధౌ', 'U'), ('తా', 'U'), ('చ', '|'), ('ల', '|'), ('మే', 'U'), ('లు', '|'), ('టం', 'U'), ('బు', '|'), ('ని', '|'), ('ధి', '|'), ('లో', 'U'), ('గా', 'U'), ('పుం', 'U'), ('డు', '|'), ('ట', 'U'), ('బ్జం', 'U'), ('బు', '|'), ('పై', 'U'), ('జె', '|'), ('లు', '|'), ('వొ', 'U'), ('ప్ప', 'U'), ('న్సు', '|'), ('ఖి', '|'), ('యిం', 'U'), ('ప', '|'), ('గాం', 'U'), ('చు', '|'), ('ట', '|'), ('సు', '|'), ('మీ', 'U'), ('శ్రీ', 'U'), ('కా', 'U'), ('ళ', '|'), ('హ', 'U'), ('స్తీ', 'U'), ('శ్వ', '|'), ('రా', 'U')]",0.95,1.0,1.0,1.0,0.75,1.0
mattebhamu,"కలధౌతాద్రియు నస్థిమాలికయు గోగంధర్వమున్బున్నయుం,
బులిలోలున్భసితంబుఁ బాపతొడవుల్పోకుండఁ దోఁబుట్లకై,
తొలినేవారలతోడఁబుట్టగఁ గళాదుల్గల్గె మేలయ్యె నా
సిలువుల్దూరము చేసికొంటెఱిగియే శ్రీకాళహస్తీశ్వరా!",vruttamu,Srikaalahasteeswara,"[('క', '|'), ('ల', '|'), ('ధౌ', 'U'), ('తా', 'U'), ('ద్రి', '|'), ('యు', '|'), ('న', 'U'), ('స్థి', '|'), ('మా', 'U'), ('లి', '|'), ('క', '|'), ('యు', '|'), ('గో', 'U'), ('గం', 'U'), ('ధ', 'U'), ('ర్వ', '|'), ('ము', 'U'), ('న్బు', 'U'), ('న్న', '|'), ('యుం', 'U'), ('బు', '|'), ('లి', '|'), ('లో', 'U'), ('లు', 'U'), ('న్భ', '|'), ('సి', '|'), ('తం', 'U'), ('బు', '|'), ('బా', 'U'), ('ప', '|'), ('తొ', '|'), ('డ', '|'), ('వు', 'U'), ('ల్పో', 'U'), ('కుం', 'U'), ('డ', '|'), ('దో', 'U'), ('బు', 'U'), ('ట్ల', '|'), ('కై', 'U'), ('తొ', '|'), ('లి', '|'), ('నే', 'U'), ('వా', 'U'), ('ర', '|'), ('ల', '|'), ('తో', 'U'), ('డ', '|'), ('బు', 'U'), ('ట్ట', '|'), ('గ', '|'), ('గ', '|'), ('ళా', 'U'), ('దు', 'U'), ('ల్గ', 'U'), ('ల్గె', '|'), ('మే', 'U'), ('ల', 'U'), ('య్యె', '|'), ('నా', 'U'), ('సి', '|'), ('లు', '|'), ('వు', 'U'), ('ల్దూ', 'U'), ('ర', '|'), ('ము', '|'), ('చే', 'U'), ('సి', '|'), ('కొం', 'U'), ('టె', '|'), ('ఱి', '|'), ('గి', '|'), ('యే', 'U'), ('శ్రీ', 'U'), ('కా', 'U'), ('ళ', '|'), ('హ', 'U'), ('స్తీ', 'U'), ('శ్వ', '|'), ('రా', 'U')]",1.0,1.0,1.0,1.0,1.0,1.0
mattebhamu,"శ్రుతులభ్యాసముచేసి శాస్త్రగరిమల్శోధించి తత్త్వంబులన్‌
మతినూహించి శరీరమస్థిరము బ్రహ్మంబెన్నసత్యంబు గాం
చితిమంచున్‌ సభలన్‌ వృథావచనముల్చెప్పంగనేకాని, ని
ర్జిత చిత్తస్థిరసౌఖ్యముల్‌ దెలియరో శ్రీకాళహస్తీశ్వరా!",vruttamu,Srikaalahasteeswara,"[('శ్రు', '|'), ('తు', '|'), ('ల', 'U'), ('భ్యా', 'U'), ('స', '|'), ('ము', '|'), ('చే', 'U'), ('సి', '|'), ('శా', 'U'), ('స్త్ర', '|'), ('గ', '|'), ('రి', '|'), ('మ', 'U'), ('ల్శో', 'U'), ('ధిం', 'U'), ('చి', '|'), ('త', 'U'), ('త్త్వం', 'U'), ('బు', '|'), ('లన్', 'U'), ('మ', '|'), ('తి', '|'), ('నూ', 'U'), ('హిం', 'U'), ('చి', '|'), ('శ', '|'), ('రీ', 'U'), ('ర', '|'), ('మ', 'U'), ('స్థి', '|'), ('ర', '|'), ('ము', '|'), ('బ్ర', 'U'), ('హ్మం', 'U'), ('బె', 'U'), ('న్న', '|'), ('స', 'U'), ('త్యం', 'U'), ('బు', '|'), ('గాం', 'U'), ('చి', '|'), ('తి', '|'), ('మం', 'U'), ('చు', 'U'), ('న్స', '|'), ('భ', '|'), ('ల', 'U'), ('న్వృ', '|'), ('థా', 'U'), ('వ', '|'), ('చ', '|'), ('న', '|'), ('ము', 'U'), ('ల్చె', 'U'), ('ప్పం', 'U'), ('గ', '|'), ('నే', 'U'), ('కా', 'U'), ('ని', '|'), ('ని', 'U'), ('ర్జి', '|'), ('త', '|'), ('చి', 'U'), ('త్త', 'U'), ('స్థి', '|'), ('ర', '|'), ('సౌ', 'U'), ('ఖ్య', '|'), ('ము', 'U'), ('ల్దె', '|'), ('లి', '|'), ('య', '|'), ('రో', 'U'), ('శ్రీ', 'U'), ('కా', 'U'), ('ళ', '|'), ('హ', 'U'), ('స్తీ', 'U'), ('శ్వ', '|'), ('రా', 'U')]",1.0,1.0,1.0,1.0,1.0,1.0
mattebhamu,"గతినీవంచు భజించువార లపవర్గంబొందఁగానేల సం
తతముం గూటికినై చరింప వినలేదా ""యాయురన్నం ప్రయ
చ్ఛతి"" యంచున్మొఱవెట్టఁగా శ్రుతులు సంసారాంధకారాభిదూ
శిత దుర్మార్గులు గానఁ గానఁబడవో శ్రీకాళహస్తీశ్వరా!",vruttamu,Srikaalahasteeswara,"[('గ', '|'), ('తి', '|'), ('నీ', 'U'), ('వం', 'U'), ('చు', '|'), ('భ', '|'), ('జిం', 'U'), ('చు', '|'), ('వా', 'U'), ('ర', '|'), ('ల', '|'), ('ప', '|'), ('వ', 'U'), ('ర్గం', 'U'), ('బొం', 'U'), ('ద', '|'), ('గా', 'U'), ('నే', 'U'), ('ల', '|'), ('సం', 'U'), ('త', '|'), ('త', '|'), ('ముం', 'U'), ('గూ', 'U'), ('టి', '|'), ('కి', '|'), ('నై', 'U'), ('చ', '|'), ('రిం', 'U'), ('ప', '|'), ('వి', '|'), ('న', '|'), ('లే', 'U'), ('దా', 'U'), ('యా', 'U'), ('యు', '|'), ('ర', 'U'), ('న్నం', 'U'), ('ప్ర', '|'), ('య', 'U'), ('చ్ఛ', '|'), ('తి', '|'), ('యం', 'U'), ('చు', 'U'), ('న్మొ', '|'), ('ఱ', '|'), ('వె', 'U'), ('ట్ట', '|'), ('గా', 'U'), ('శ్రు', '|'), ('తు', '|'), ('లు', '|'), ('సం', 'U'), ('సా', 'U'), ('రాం', 'U'), ('ధ', '|'), ('కా', 'U'), ('రా', 'U'), ('భి', '|'), ('దూ', 'U'), ('శి', '|'), ('త', '|'), ('దు', 'U'), ('ర్మా', 'U'), ('ర్గు', '|'), ('లు', '|'), ('గా', 'U'), ('న', '|'), ('గా', 'U'), ('న', '|'), ('బ', '|'), ('డ', '|'), ('వో', 'U'), ('శ్రీ', 'U'), ('కా', 'U'), ('ళ', '|'), ('హ', 'U'), ('స్తీ', 'U'), ('శ్వ', '|'), ('రా', 'U')]",1.0,1.0,1.0,1.0,1.0,1.0
mattebhamu,"రతిరాజుద్ధతి మీఱనొక్క మఱి గోరాజాశ్వునిన్‌ నొక్కఁబో
నతఁడా దర్పకు వేగ నొత్తఁ గవయం బాఁబోతునుందాఁకి యు
గ్రతఁ బోరాడఁగ నున్న యన్నడిమి లేఁగల్వోలె శోకానల
స్థితిపాలై మొఱపెట్టినన్‌ మనుపవే శ్రీకాళహస్తీశ్వరా!",vruttamu,Srikaalahasteeswara,"[('ర', '|'), ('తి', '|'), ('రా', 'U'), ('జు', 'U'), ('ద్ధ', '|'), ('తి', '|'), ('మీ', 'U'), ('ఱ', '|'), ('నొ', 'U'), ('క్క', '|'), ('మ', '|'), ('ఱి', '|'), ('గో', 'U'), ('రా', 'U'), ('జా', 'U'), ('శ్వు', '|'), ('ని', 'U'), ('న్నొ', 'U'), ('క్క', '|'), ('బో', 'U'), ('న', '|'), ('త', '|'), ('డా', 'U'), ('ద', 'U'), ('ర్ప', '|'), ('కు', '|'), ('వే', 'U'), ('గ', '|'), ('నొ', 'U'), ('త్త', '|'), ('గ', '|'), ('వ', '|'), ('యం', 'U'), ('బా', 'U'), ('బో', 'U'), ('తు', '|'), ('నుం', 'U'), ('దా', 'U'), ('కి', '|'), ('యు', '|'), ('గ్ర', '|'), ('త', '|'), ('బో', 'U'), ('రా', 'U'), ('డ', '|'), ('గ', '|'), ('ను', 'U'), ('న్న', '|'), ('య', 'U'), ('న్న', '|'), ('డి', '|'), ('మి', '|'), ('లే', 'U'), ('గ', 'U'), ('ల్వో', 'U'), ('లె', '|'), ('శో', 'U'), ('కా', 'U'), ('న', '|'), ('ల', 'U'), ('స్థి', '|'), ('తి', '|'), ('పా', 'U'), ('లై', 'U'), ('మొ', '|'), ('ఱ', '|'), ('పె', 'U'), ('ట్టి', '|'), ('న', 'U'), ('న్మ', '|'), ('ను', '|'), ('ప', '|'), ('వే', 'U'), ('శ్రీ', 'U'), ('కా', 'U'), ('ళ', '|'), ('హ', 'U'), ('స్తీ', 'U'), ('శ్వ', '|'), ('రా', 'U')]",0.9428571428571428,1.0,1.0,0.9642857142857143,0.75,1.0
saardulamu,"అంతా సంశయమే శరీర ఘటనంబంతా విచారంబె లో
నంతా దుఃఖపరంపరాన్వితమె మేనంతా భయభ్రాంతమే
యంతానాంత శరీరశోషణమె దుర్వ్యాపారమే దేహికిన్‌
జింతన్నిన్నుఁ దలంచి పొందరు నరుల్‌ శ్రీకాళహస్తీశ్వరా!",vruttamu,Srikaalahasteeswara,"[('అం', 'U'), ('తా', 'U'), ('సం', 'U'), ('శ', '|'), ('య', '|'), ('మే', 'U'), ('శ', '|'), ('రీ', 'U'), ('ర', '|'), ('ఘ', '|'), ('ట', '|'), ('నం', 'U'), ('బం', 'U'), ('తా', 'U'), ('వి', '|'), ('చా', 'U'), ('రం', 'U'), ('బె', '|'), ('లో', 'U'), ('నం', 'U'), ('తా', 'U'), ('దుః', 'U'), ('ఖ', '|'), ('ప', '|'), ('రం', 'U'), ('ప', '|'), ('రా', 'U'), ('న్వి', '|'), ('త', '|'), ('మె', '|'), ('మే', 'U'), ('నం', 'U'), ('తా', 'U'), ('భ', '|'), ('య', '|'), ('భ్రాం', 'U'), ('త', '|'), ('మే', 'U'), ('యం', 'U'), ('తా', 'U'), ('నాం', 'U'), ('త', '|'), ('శ', '|'), ('రీ', 'U'), ('ర', '|'), ('శో', 'U'), ('ష', '|'), ('ణ', '|'), ('మె', '|'), ('దు', 'U'), ('ర్వ్యా', 'U'), ('పా', 'U'), ('ర', '|'), ('మే', 'U'), ('దే', 'U'), ('హి', '|'), ('కిన్', 'U'), ('జిం', 'U'), ('త', 'U'), ('న్ని', 'U'), ('న్ను', '|'), ('ద', '|'), ('లం', 'U'), ('చి', '|'), ('పొం', 'U'), ('ద', '|'), ('రు', '|'), ('న', '|'), ('రు', 'U'), ('ల్శ్రీ', 'U'), ('కా', 'U'), ('ళ', '|'), ('హ', 'U'), ('స్తీ', 'U'), ('శ్వ', '|'), ('రా', 'U')]",0.9428571428571428,1.0,1.0,0.9642857142857143,0.75,1.0
saardulamu,"సంతోషించితిఁ జాలుఁజాలు రతి రాజద్వార సౌఖ్యంబులన్‌
శాంతిం బొందితిఁ జాలుఁజాలు బహురాజద్వార సౌఖ్యంబులన్‌
శాంతిం బొందెదఁ జూపు బ్రహ్మపద రాజద్వార సౌఖ్యంబు ని
శ్చింత న్శాంతుఁడనౌదు నీ కరుణచే శ్రీకాళహస్తీశ్వరా!",vruttamu,Srikaalahasteeswara,"[('సం', 'U'), ('తో', 'U'), ('షిం', 'U'), ('చి', '|'), ('తి', '|'), ('జా', 'U'), ('లు', '|'), ('జా', 'U'), ('లు', '|'), ('ర', '|'), ('తి', '|'), ('రా', 'U'), ('జ', 'U'), ('ద్వా', 'U'), ('ర', '|'), ('సౌ', 'U'), ('ఖ్యం', 'U'), ('బు', '|'), ('లన్', 'U'), ('శాం', 'U'), ('తిం', 'U'), ('బొం', 'U'), ('ది', '|'), ('తి', '|'), ('జా', 'U'), ('లు', '|'), ('జా', 'U'), ('లు', '|'), ('బ', '|'), ('హు', '|'), ('రా', 'U'), ('జ', 'U'), ('ద్వా', 'U'), ('ర', '|'), ('సౌ', 'U'), ('ఖ్యం', 'U'), ('బు', '|'), ('లన్', 'U'), ('శాం', 'U'), ('తిం', 'U'), ('బొం', 'U'), ('దె', '|'), ('ద', '|'), ('జూ', 'U'), ('పు', '|'), ('బ్ర', 'U'), ('హ్మ', '|'), ('ప', '|'), ('ద', '|'), ('రా', 'U'), ('జ', 'U'), ('ద్వా', 'U'), ('ర', '|'), ('సౌ', 'U'), ('ఖ్యం', 'U'), ('బు', '|'), ('ని', 'U'), ('శ్చిం', 'U'), ('త', 'U'), ('న్శాం', 'U'), ('తు', '|'), ('డ', '|'), ('నౌ', 'U'), ('దు', '|'), ('నీ', 'U'), ('క', '|'), ('రు', '|'), ('ణ', '|'), ('చే', 'U'), ('శ్రీ', 'U'), ('కా', 'U'), ('ళ', '|'), ('హ', 'U'), ('స్తీ', 'U'), ('శ్వ', '|'), ('రా', 'U')]",1.0,1.0,1.0,1.0,1.0,1.0
saardulamu,"స్తోత్రంబన్యులఁ జేయనొల్లని వ్రతస్థుల్వోలె వేసంబుతోఁ
బుత్త్రీపుత్త్ర కళత్రరక్షణ కళాబుద్ధిన్‌ నృపాలాధమున్‌
బాత్రంబంచు భజింపఁబోదు రిదియున్భావ్యంబె యెవ్వారి చా
రిత్రంబెన్నఁడు మెచ్చనెంత మదిలో శ్రీకాళహస్తీశ్వరా!",vruttamu,Srikaalahasteeswara,"[('స్తో', 'U'), ('త్రం', 'U'), ('బ', 'U'), ('న్యు', '|'), ('ల', '|'), ('జే', 'U'), ('య', '|'), ('నొ', 'U'), ('ల్ల', '|'), ('ని', '|'), ('వ్ర', '|'), ('త', 'U'), ('స్థు', 'U'), ('ల్వో', 'U'), ('లె', '|'), ('వే', 'U'), ('సం', 'U'), ('బు', '|'), ('తో', 'U'), ('బు', 'U'), ('త్త్రీ', 'U'), ('పు', 'U'), ('త్త్ర', '|'), ('క', '|'), ('ళ', '|'), ('త్ర', '|'), ('ర', 'U'), ('క్ష', '|'), ('ణ', '|'), ('క', '|'), ('ళా', 'U'), ('బు', 'U'), ('ద్ధి', 'U'), ('న్నృ', '|'), ('పా', 'U'), ('లా', 'U'), ('ధ', '|'), ('మున్', 'U'), ('బా', 'U'), ('త్రం', 'U'), ('బం', 'U'), ('చు', '|'), ('భ', '|'), ('జిం', 'U'), ('ప', '|'), ('బో', 'U'), ('దు', '|'), ('రి', '|'), ('ది', '|'), ('యు', 'U'), ('న్భా', 'U'), ('వ్యం', 'U'), ('బె', '|'), ('యె', 'U'), ('వ్వా', 'U'), ('రి', '|'), ('చా', 'U'), ('రి', '|'), ('త్రం', 'U'), ('బె', 'U'), ('న్న', '|'), ('డు', '|'), ('మె', 'U'), ('చ్చ', '|'), ('నెం', 'U'), ('త', '|'), ('మ', '|'), ('ది', '|'), ('లో', 'U'), ('శ్రీ', 'U'), ('కా', 'U'), ('ళ', '|'), ('హ', 'U'), ('స్తీ', 'U'), ('శ్వ', '|'), ('రా', 'U')]",0.9357142857142857,1.0,1.0,0.9285714285714286,1.0,0.75
mattebhamu,"అకలంకస్థితి నిల్పి నాదమను ఘంటారావమున్‌ బిందు దీ
పకళా శ్రేణి వివేక సాధనములొప్పన్బూని యానందతా
రక దుర్గాటవిలో మనోమృగము గర్వస్ఫూర్తి వారించు వా
రికిఁగా వీడు భవోగ్రబంధలతికల్‌ శ్రీకాళహస్తీశ్వరా!",vruttamu,Srikaalahasteeswara,"[('అ', '|'), ('క', '|'), ('లం', 'U'), ('క', 'U'), ('స్థి', '|'), ('తి', '|'), ('ని', 'U'), ('ల్పి', '|'), ('నా', 'U'), ('ద', '|'), ('మ', '|'), ('ను', '|'), ('ఘం', 'U'), ('టా', 'U'), ('రా', 'U'), ('వ', '|'), ('ము', 'U'), ('న్బిం', 'U'), ('దు', '|'), ('దీ', 'U'), ('ప', '|'), ('క', '|'), ('ళా', 'U'), ('శ్రే', 'U'), ('ణి', '|'), ('వి', '|'), ('వే', 'U'), ('క', '|'), ('సా', 'U'), ('ధ', '|'), ('న', '|'), ('ము', '|'), ('లొ', 'U'), ('ప్ప', 'U'), ('న్బూ', 'U'), ('ని', '|'), ('యా', 'U'), ('నం', 'U'), ('ద', '|'), ('తా', 'U'), ('ర', '|'), ('క', '|'), ('దు', 'U'), ('ర్గా', 'U'), ('ట', '|'), ('వి', '|'), ('లో', 'U'), ('మ', '|'), ('నో', 'U'), ('మృ', '|'), ('గ', '|'), ('ము', '|'), ('గ', 'U'), ('ర్వ', 'U'), ('స్ఫూ', 'U'), ('ర్తి', '|'), ('వా', 'U'), ('రిం', 'U'), ('చు', '|'), ('వా', 'U'), ('రి', '|'), ('కి', '|'), ('గా', 'U'), ('వీ', 'U'), ('డు', '|'), ('భ', '|'), ('వో', 'U'), ('గ్ర', '|'), ('బం', 'U'), ('ధ', '|'), ('ల', '|'), ('తి', '|'), ('క', 'U'), ('ల్శ్రీ', 'U'), ('కా', 'U'), ('ళ', '|'), ('హ', 'U'), ('స్తీ', 'U'), ('శ్వ', '|'), ('రా', 'U')]",0.95,1.0,1.0,1.0,0.75,1.0
mattebhamu,"ఒకయర్థంబును నిన్ను నే నడుగఁగా నూహింప నెట్లైన బొ
మ్ము కవిత్వంబులు నాకు జెందవని యేమోయంటివా నాదు జి
హ్వకు నైసర్గిక కృత్యమింతయు సుమీ ప్రార్థించుటే కాదు కో
రికల న్నిన్నును గాన నాకు వశమా శ్రీకాళహస్తీశ్వరా!",vruttamu,Srikaalahasteeswara,"[('ఒ', '|'), ('క', '|'), ('య', 'U'), ('ర్థం', 'U'), ('బు', '|'), ('ను', '|'), ('ని', 'U'), ('న్ను', '|'), ('నే', 'U'), ('న', '|'), ('డు', '|'), ('గ', '|'), ('గా', 'U'), ('నూ', 'U'), ('హిం', 'U'), ('ప', '|'), ('నె', 'U'), ('ట్లై', 'U'), ('న', '|'), ('బొ', 'U'), ('మ్ము', '|'), ('క', '|'), ('వి', 'U'), ('త్వం', 'U'), ('బు', '|'), ('లు', '|'), ('నా', 'U'), ('కు', '|'), ('జెం', 'U'), ('ద', '|'), ('వ', '|'), ('ని', '|'), ('యే', 'U'), ('మో', 'U'), ('యం', 'U'), ('టి', '|'), ('వా', 'U'), ('నా', 'U'), ('దు', '|'), ('జి', 'U'), ('హ్వ', '|'), ('కు', '|'), ('నై', 'U'), ('స', 'U'), ('ర్గి', '|'), ('క', '|'), ('కృ', 'U'), ('త్య', '|'), ('మిం', 'U'), ('త', '|'), ('యు', '|'), ('సు', '|'), ('మీ', 'U'), ('ప్రా', 'U'), ('ర్థిం', 'U'), ('చు', '|'), ('టే', 'U'), ('కా', 'U'), ('దు', '|'), ('కో', 'U'), ('రి', '|'), ('క', '|'), ('ల', 'U'), ('న్ని', 'U'), ('న్ను', '|'), ('ను', '|'), ('గా', 'U'), ('న', '|'), ('నా', 'U'), ('కు', '|'), ('వ', '|'), ('శ', '|'), ('మా', 'U'), ('శ్రీ', 'U'), ('కా', 'U'), ('ళ', '|'), ('హ', 'U'), ('స్తీ', 'U'), ('శ్వ', '|'), ('రా', 'U')]",0.9,1.0,1.0,1.0,0.5,1.0
mattebhamu,"శుకముల్కింశుకపుష్పము ల్గని ఫలస్తోమంబటంచు న్సము
త్సుకతం జేరఁగఁబోవ నచ్చట మహాదుఃఖంబు సిద్ధించుఁ గ
ర్మకళాభాషలకెల్లఁ బ్రాపులగు శాస్త్రంబుల్విలోకించు వా
రికి నిత్యత్వమనీష దూరమగునో శ్రీకాళహస్తీశ్వరా!",vruttamu,Srikaalahasteeswara,"[('శు', '|'), ('క', '|'), ('ము', 'U'), ('ల్కిం', 'U'), ('శు', '|'), ('క', '|'), ('పు', 'U'), ('ష్ప', '|'), ('ము', 'U'), ('ల్గ', '|'), ('ని', '|'), ('ఫ', '|'), ('ల', 'U'), ('స్తో', 'U'), ('మం', 'U'), ('బ', '|'), ('టం', 'U'), ('చు', 'U'), ('న్స', '|'), ('ము', 'U'), ('త్సు', '|'), ('క', '|'), ('తం', 'U'), ('జే', 'U'), ('ర', '|'), ('గ', '|'), ('బో', 'U'), ('వ', '|'), ('న', 'U'), ('చ్చ', '|'), ('ట', '|'), ('మ', '|'), ('హా', 'U'), ('దుః', 'U'), ('ఖం', 'U'), ('బు', '|'), ('సి', 'U'), ('ద్ధిం', 'U'), ('చు', '|'), ('గ', 'U'), ('ర్మ', '|'), ('క', '|'), ('ళా', 'U'), ('భా', 'U'), ('ష', '|'), ('ల', '|'), ('కె', 'U'), ('ల్ల', '|'), ('బ్రా', 'U'), ('పు', '|'), ('ల', '|'), ('గు', '|'), ('శా', 'U'), ('స్త్రం', 'U'), ('బు', 'U'), ('ల్వి', '|'), ('లో', 'U'), ('కిం', 'U'), ('చు', '|'), ('వా', 'U'), ('రి', '|'), ('కి', '|'), ('ని', 'U'), ('త్య', 'U'), ('త్వ', '|'), ('మ', '|'), ('నీ', 'U'), ('ష', '|'), ('దూ', 'U'), ('ర', '|'), ('మ', '|'), ('గు', '|'), ('నో', 'U'), ('శ్రీ', 'U'), ('కా', 'U'), ('ళ', '|'), ('హ', 'U'), ('స్తీ', 'U'), ('శ్వ', '|'), ('రా', 'U')]",1.0,1.0,1.0,1.0,1.0,1.0
mattebhamu,"ఒకరింజంపి పదస్థులై బ్రదుకఁ దామొక్కొక్కరూహింతురే
లొకొ తామెన్నఁడు జావరో? తమకుఁ బోవో సంపదల్‌? పుత్త్రమి
త్రకళత్రాదులతోడ నిత్యసుఖమందంగందురో? యున్నవా
రికి లేదో మృతి యెన్నఁడుం గటకటా! శ్రీకాళహస్తీశ్వరా!",vruttamu,Srikaalahasteeswara,"[('ఒ', '|'), ('క', '|'), ('రిం', 'U'), ('జం', 'U'), ('పి', '|'), ('ప', '|'), ('ద', 'U'), ('స్థు', '|'), ('లై', 'U'), ('బ్ర', '|'), ('దు', '|'), ('క', '|'), ('దా', 'U'), ('మొ', 'U'), ('క్కొ', 'U'), ('క్క', '|'), ('రూ', 'U'), ('హిం', 'U'), ('తు', '|'), ('రే', 'U'), ('లొ', '|'), ('కొ', '|'), ('తా', 'U'), ('మె', 'U'), ('న్న', '|'), ('డు', '|'), ('జా', 'U'), ('వ', '|'), ('రో', 'U'), ('త', '|'), ('మ', '|'), ('కు', '|'), ('బో', 'U'), ('వో', 'U'), ('సం', 'U'), ('ప', '|'), ('ద', 'U'), ('ల్పు', 'U'), ('త్త్ర', '|'), ('మి', '|'), ('త్ర', '|'), ('క', '|'), ('ళ', '|'), ('త్రా', 'U'), ('దు', '|'), ('ల', '|'), ('తో', 'U'), ('డ', '|'), ('ని', 'U'), ('త్య', '|'), ('సు', '|'), ('ఖ', '|'), ('మం', 'U'), ('దం', 'U'), ('గం', 'U'), ('దు', '|'), ('రో', 'U'), ('యు', 'U'), ('న్న', '|'), ('వా', 'U'), ('రి', '|'), ('కి', '|'), ('లే', 'U'), ('దో', 'U'), ('మృ', '|'), ('తి', '|'), ('యె', 'U'), ('న్న', '|'), ('డుం', 'U'), ('గ', '|'), ('ట', '|'), ('క', '|'), ('టా', 'U'), ('శ్రీ', 'U'), ('కా', 'U'), ('ళ', '|'), ('హ', 'U'), ('స్తీ', 'U'), ('శ్వ', '|'), ('రా', 'U')]",0.8857142857142858,1.0,1.0,0.9285714285714286,0.5,1.0
saardulamu,"నీ కారుణ్యముఁ గల్గినట్టి నరుఁడే నీచాలయంబుం జొరం
డే కార్పణ్యపు మాటలాడనరుగం డెవ్వారితో వేషముల్‌
గైకోఁ డేమతముల్భజింపఁడిల నే కష్టప్రకారంబులన్‌
జీకాకై చెడిపోఁడు జీవనదశన్‌ శ్రీకాళహస్తీశ్వరా!",vruttamu,Srikaalahasteeswara,"[('నీ', 'U'), ('కా', 'U'), ('రు', 'U'), ('ణ్య', '|'), ('ము', '|'), ('గ', 'U'), ('ల్గి', '|'), ('న', 'U'), ('ట్టి', '|'), ('న', '|'), ('రు', '|'), ('డే', 'U'), ('నీ', 'U'), ('చా', 'U'), ('ల', '|'), ('యం', 'U'), ('బుం', 'U'), ('జొ', '|'), ('రం', 'U'), ('డే', 'U'), ('కా', 'U'), ('ర్ప', 'U'), ('ణ్య', '|'), ('పు', '|'), ('మా', 'U'), ('ట', '|'), ('లా', 'U'), ('డ', '|'), ('న', '|'), ('రు', '|'), ('గం', 'U'), ('డె', 'U'), ('వ్వా', 'U'), ('రి', '|'), ('తో', 'U'), ('వే', 'U'), ('ష', '|'), ('ముల్', 'U'), ('గై', 'U'), ('కో', 'U'), ('డే', 'U'), ('మ', '|'), ('త', '|'), ('ము', 'U'), ('ల్భ', '|'), ('జిం', 'U'), ('ప', '|'), ('డి', '|'), ('ల', '|'), ('నే', 'U'), ('క', 'U'), ('ష్ట', '|'), ('ప్ర', '|'), ('కా', 'U'), ('రం', 'U'), ('బు', '|'), ('లన్', 'U'), ('జీ', 'U'), ('కా', 'U'), ('కై', 'U'), ('చె', '|'), ('డి', '|'), ('పో', 'U'), ('డు', '|'), ('జీ', 'U'), ('వ', '|'), ('న', '|'), ('ద', '|'), ('శ', 'U'), ('న్శ్రీ', 'U'), ('కా', 'U'), ('ళ', '|'), ('హ', 'U'), ('స్తీ', 'U'), ('శ్వ', '|'), ('రా', 'U')]",0.9928571428571429,1.0,1.0,0.9642857142857143,1.0,1.0
saardulamu,"జ్ఞాతుల్ద్రోహులు! వాండ్రు సేయు కపటేర్ష్యాది క్రియాదోషముల్‌
మా తండ్రాన సహింపరాదు ప్రతికర్మంబించుకేఁ జేయగాఁ
బోతే దోషముగాన మాని యతినై పోఁగోరినన్‌ సర్వదా
చేతఃక్రోధము మానదెట్లు నడుతున్‌ శ్రీకాళహస్తీశ్వరా!",vruttamu,Srikaalahasteeswara,"[('జ్ఞా', 'U'), ('తు', 'U'), ('ల్ద్రో', 'U'), ('హు', '|'), ('లు', '|'), ('వాం', 'U'), ('డ్రు', '|'), ('సే', 'U'), ('యు', '|'), ('క', '|'), ('ప', '|'), ('టే', 'U'), ('ర్ష్యా', 'U'), ('ది', '|'), ('క్రి', '|'), ('యా', 'U'), ('దో', 'U'), ('ష', '|'), ('ముల్', 'U'), ('మా', 'U'), ('తం', 'U'), ('డ్రా', 'U'), ('న', '|'), ('స', '|'), ('హిం', 'U'), ('ప', '|'), ('రా', 'U'), ('దు', '|'), ('ప్ర', '|'), ('తి', '|'), ('క', 'U'), ('ర్మం', 'U'), ('బిం', 'U'), ('చు', '|'), ('కే', 'U'), ('జే', 'U'), ('య', '|'), ('గా', 'U'), ('బో', 'U'), ('తే', 'U'), ('దో', 'U'), ('ష', '|'), ('ము', '|'), ('గా', 'U'), ('న', '|'), ('మా', 'U'), ('ని', '|'), ('య', '|'), ('తి', '|'), ('నై', 'U'), ('పో', 'U'), ('గో', 'U'), ('రి', '|'), ('న', 'U'), ('న్స', 'U'), ('ర్వ', '|'), ('దా', 'U'), ('చే', 'U'), ('తః', 'U'), ('క్రో', 'U'), ('ధ', '|'), ('ము', '|'), ('మా', 'U'), ('న', '|'), ('దె', 'U'), ('ట్లు', '|'), ('న', '|'), ('డు', '|'), ('తు', 'U'), ('న్శ్రీ', 'U'), ('కా', 'U'), ('ళ', '|'), ('హ', 'U'), ('స్తీ', 'U'), ('శ్వ', '|'), ('రా', 'U')]",0.9428571428571428,1.0,1.0,0.9642857142857143,1.0,0.75
mattebhamu,"చదువుల్నేర్చిన పండితాధములు స్వేచ్ఛాభాషణ క్రీడలన్‌
వదరన్‌ సంశయ భీకరాటవులఁ ద్రోవల్దప్పి వర్తింపఁగా
మదనక్రోధకిరాతులందుఁ గని భీమప్రౌఢిచేఁ దాఁకినం
చెదరుంజిత్తము చిత్తగింపఁగదవే శ్రీకాళహస్తీశ్వరా!",vruttamu,Srikaalahasteeswara,"[('చ', '|'), ('దు', '|'), ('వు', 'U'), ('ల్నే', 'U'), ('ర్చి', '|'), ('న', '|'), ('పం', 'U'), ('డి', '|'), ('తా', 'U'), ('ధ', '|'), ('ము', '|'), ('లు', 'U'), ('స్వే', 'U'), ('చ్ఛా', 'U'), ('భా', 'U'), ('ష', '|'), ('ణ', '|'), ('క్రీ', 'U'), ('డ', '|'), ('లన్', 'U'), ('వ', '|'), ('ద', '|'), ('ర', 'U'), ('న్సం', 'U'), ('శ', '|'), ('య', '|'), ('భీ', 'U'), ('క', '|'), ('రా', 'U'), ('ట', '|'), ('వు', '|'), ('ల', '|'), ('ద్రో', 'U'), ('వ', 'U'), ('ల్ద', 'U'), ('ప్పి', '|'), ('వ', 'U'), ('ర్తిం', 'U'), ('ప', '|'), ('గా', 'U'), ('మ', '|'), ('ద', '|'), ('న', '|'), ('క్రో', 'U'), ('ధ', '|'), ('కి', '|'), ('రా', 'U'), ('తు', '|'), ('లం', 'U'), ('దు', '|'), ('గ', '|'), ('ని', '|'), ('భీ', 'U'), ('మ', '|'), ('ప్రౌ', 'U'), ('ఢి', '|'), ('చే', 'U'), ('దా', 'U'), ('కి', '|'), ('నం', 'U'), ('చె', '|'), ('ద', '|'), ('రుం', 'U'), ('జి', 'U'), ('త్త', '|'), ('ము', '|'), ('చి', 'U'), ('త్త', '|'), ('గిం', 'U'), ('ప', '|'), ('గ', '|'), ('ద', '|'), ('వే', 'U'), ('శ్రీ', 'U'), ('కా', 'U'), ('ళ', '|'), ('హ', 'U'), ('స్తీ', 'U'), ('శ్వ', '|'), ('రా', 'U')]",0.9714285714285715,1.0,1.0,0.8571428571428571,1.0,1.0
saardulamu,"రోసిందేఁటిది రోఁతలేఁటిది మనోరోగస్థుఁడై దేహి తాఁ
బూసిందేఁటిది పూఁతలేఁటివి మదాపూతంబులీ దేహంబుల్‌
మూసిందేఁటిది మూఁతలేఁటివి సదా మూఢత్వమే కాని తాఁ
జేసిందేఁటిది చేఁతలేఁటివి వృథా శ్రీకాళహస్తీశ్వరా!",vruttamu,Srikaalahasteeswara,"[('రో', 'U'), ('సిం', 'U'), ('దే', 'U'), ('టి', '|'), ('ది', '|'), ('రో', 'U'), ('త', '|'), ('లే', 'U'), ('టి', '|'), ('ది', '|'), ('మ', '|'), ('నో', 'U'), ('రో', 'U'), ('గ', 'U'), ('స్థు', '|'), ('డై', 'U'), ('దే', 'U'), ('హి', '|'), ('తా', 'U'), ('బూ', 'U'), ('సిం', 'U'), ('దే', 'U'), ('టి', '|'), ('ది', '|'), ('పూ', 'U'), ('త', '|'), ('లే', 'U'), ('టి', '|'), ('వి', '|'), ('మ', '|'), ('దా', 'U'), ('పూ', 'U'), ('తం', 'U'), ('బు', '|'), ('లీ', 'U'), ('దే', 'U'), ('హం', 'U'), ('బుల్', 'U'), ('మూ', 'U'), ('సిం', 'U'), ('దే', 'U'), ('టి', '|'), ('ది', '|'), ('మూ', 'U'), ('త', '|'), ('లే', 'U'), ('టి', '|'), ('వి', '|'), ('స', '|'), ('దా', 'U'), ('మూ', 'U'), ('ఢ', 'U'), ('త్వ', '|'), ('మే', 'U'), ('కా', 'U'), ('ని', '|'), ('తా', 'U'), ('జే', 'U'), ('సిం', 'U'), ('దే', 'U'), ('టి', '|'), ('ది', '|'), ('చే', 'U'), ('త', '|'), ('లే', 'U'), ('టి', '|'), ('వి', '|'), ('వృ', '|'), ('థా', 'U'), ('శ్రీ', 'U'), ('కా', 'U'), ('ళ', '|'), ('హ', 'U'), ('స్తీ', 'U'), ('శ్వ', '|'), ('రా', 'U')]",0.9928571428571429,1.0,1.0,0.9642857142857143,1.0,1.0
saardulamu,"శ్రీశైలేశు భజింతునో యభవుఁ గాంచీనాథు సేవింతునో
కాశీవల్లభుఁ గొల్వఁబోదునొ మహాకాళేశుఁ బూజింతునో
నా శీలంబణువైన మేరువనుచున్‌ రక్షింపవే నీ కృపా
శ్రీ శృంగార విలాసహాసములచే శ్రీకాళహస్తీశ్వరా!",vruttamu,Srikaalahasteeswara,"[('శ్రీ', 'U'), ('శై', 'U'), ('లే', 'U'), ('శు', '|'), ('భ', '|'), ('జిం', 'U'), ('తు', '|'), ('నో', 'U'), ('య', '|'), ('భ', '|'), ('వు', '|'), ('గాం', 'U'), ('చీ', 'U'), ('నా', 'U'), ('థు', '|'), ('సే', 'U'), ('విం', 'U'), ('తు', '|'), ('నో', 'U'), ('కా', 'U'), ('శీ', 'U'), ('వ', 'U'), ('ల్ల', '|'), ('భు', '|'), ('గొ', 'U'), ('ల్వ', '|'), ('బో', 'U'), ('దు', '|'), ('నొ', '|'), ('మ', '|'), ('హా', 'U'), ('కా', 'U'), ('ళే', 'U'), ('శు', '|'), ('బూ', 'U'), ('జిం', 'U'), ('తు', '|'), ('నో', 'U'), ('నా', 'U'), ('శీ', 'U'), ('లం', 'U'), ('బ', '|'), ('ణు', '|'), ('వై', 'U'), ('న', '|'), ('మే', 'U'), ('రు', '|'), ('వ', '|'), ('ను', '|'), ('చు', '|'), ('న్ర', 'U'), ('క్షిం', 'U'), ('ప', '|'), ('వే', 'U'), ('నీ', 'U'), ('కృ', '|'), ('పా', 'U'), ('శ్రీ', 'U'), ('శృం', 'U'), ('గా', 'U'), ('ర', '|'), ('వి', '|'), ('లా', 'U'), ('స', '|'), ('హా', 'U'), ('స', '|'), ('ము', '|'), ('ల', '|'), ('చే', 'U'), ('శ్రీ', 'U'), ('కా', 'U'), ('ళ', '|'), ('హ', 'U'), ('స్తీ', 'U'), ('శ్వ', '|'), ('రా', 'U')]",0.9928571428571429,1.0,1.0,0.9642857142857143,1.0,1.0
mattebhamu,"అయవారై చరియింపవచ్చుఁ దనపాదాంభోజ తీర్థంబులన్‌
దయతోఁ గొమ్మనవచ్చు సేవకుని నర్థప్రాణదేహాదుల
న్నియు నా సొమ్మనవచ్చుఁగాని నరులన్నిందించి నిన్నాత్మ ని
ష్క్రియతం గానఁగరాదు పండితులకున్‌ శ్రీకాళహస్తీశ్వరా!",vruttamu,Srikaalahasteeswara,"[('అ', '|'), ('య', '|'), ('వా', 'U'), ('రై', 'U'), ('చ', '|'), ('రి', '|'), ('యిం', 'U'), ('ప', '|'), ('వ', 'U'), ('చ్చు', '|'), ('ద', '|'), ('న', '|'), ('పా', 'U'), ('దాం', 'U'), ('భో', 'U'), ('జ', '|'), ('తీ', 'U'), ('ర్థం', 'U'), ('బు', '|'), ('లన్', 'U'), ('ద', '|'), ('య', '|'), ('తో', 'U'), ('గొ', 'U'), ('మ్మ', '|'), ('న', '|'), ('వ', 'U'), ('చ్చు', '|'), ('సే', 'U'), ('వ', '|'), ('కు', '|'), ('ని', '|'), ('న', 'U'), ('ర్థ', '|'), ('ప్రా', 'U'), ('ణ', '|'), ('దే', 'U'), ('హా', 'U'), ('దు', '|'), ('ల', 'U'), ('న్ని', '|'), ('యు', '|'), ('నా', 'U'), ('సొ', 'U'), ('మ్మ', '|'), ('న', '|'), ('వ', 'U'), ('చ్చు', '|'), ('గా', 'U'), ('ని', '|'), ('న', '|'), ('రు', '|'), ('ల', 'U'), ('న్నిం', 'U'), ('దిం', 'U'), ('చి', '|'), ('ని', 'U'), ('న్నా', 'U'), ('త్మ', '|'), ('ని', 'U'), ('ష్క్రి', '|'), ('య', '|'), ('తం', 'U'), ('గా', 'U'), ('న', '|'), ('గ', '|'), ('రా', 'U'), ('దు', '|'), ('పం', 'U'), ('డి', '|'), ('తు', '|'), ('ల', '|'), ('కు', 'U'), ('న్శ్రీ', 'U'), ('కా', 'U'), ('ళ', '|'), ('హ', 'U'), ('స్తీ', 'U'), ('శ్వ', '|'), ('రా', 'U')]",0.9428571428571428,1.0,1.0,0.9642857142857143,0.75,1.0
saardulamu,"మాయాజాండ కరండకోటిఁ బొడిగా మర్దించిరో విక్రమా
జేయుం గాయజుఁ జంపిరో కపటలక్ష్మీమోహముం బాసిరో
యాయుర్దాయ భుజంగమృత్యువు ననాయాసంబునన్‌ గెల్చిరో
శ్రేయోదాయకులౌదు రెట్టులితరుల్‌ శ్రీకాళహస్తీశ్వరా!",vruttamu,Srikaalahasteeswara,"[('మా', 'U'), ('యా', 'U'), ('జాం', 'U'), ('డ', '|'), ('క', '|'), ('రం', 'U'), ('డ', '|'), ('కో', 'U'), ('టి', '|'), ('బొ', '|'), ('డి', '|'), ('గా', 'U'), ('మ', 'U'), ('ర్దిం', 'U'), ('చి', '|'), ('రో', 'U'), ('వి', '|'), ('క్ర', '|'), ('మా', 'U'), ('జే', 'U'), ('యుం', 'U'), ('గా', 'U'), ('య', '|'), ('జు', '|'), ('జం', 'U'), ('పి', '|'), ('రో', 'U'), ('క', '|'), ('ప', '|'), ('ట', '|'), ('ల', 'U'), ('క్ష్మీ', 'U'), ('మో', 'U'), ('హ', '|'), ('ముం', 'U'), ('బా', 'U'), ('సి', '|'), ('రో', 'U'), ('యా', 'U'), ('యు', 'U'), ('ర్దా', 'U'), ('య', '|'), ('భు', '|'), ('జం', 'U'), ('గ', '|'), ('మృ', 'U'), ('త్యు', '|'), ('వు', '|'), ('న', '|'), ('నా', 'U'), ('యా', 'U'), ('సం', 'U'), ('బు', '|'), ('న', 'U'), ('న్గె', 'U'), ('ల్చి', '|'), ('రో', 'U'), ('శ్రే', 'U'), ('యో', 'U'), ('దా', 'U'), ('య', '|'), ('కు', '|'), ('లౌ', 'U'), ('దు', '|'), ('రె', 'U'), ('ట్టు', '|'), ('లి', '|'), ('త', '|'), ('రు', 'U'), ('ల్శ్రీ', 'U'), ('కా', 'U'), ('ళ', '|'), ('హ', 'U'), ('స్తీ', 'U'), ('శ్వ', '|'), ('రా', 'U')]",0.9928571428571429,1.0,1.0,0.9642857142857143,1.0,1.0
mattebhamu,"చవిగాఁజూడ వినంగ మూర్కొనఁ దనూసంఘర్షణాస్వాద మొం
ద వినిర్మించెదవేల జంతువుల నేతత్క్రీడలే పాతక
వ్యవహారంబులు సేయనేమిటికి మాయావిద్యచేఁ బ్రొద్దుపు
చ్చి వినోదింపగఁ దీన నేమిఫలమో శ్రీకాళహస్తీశ్వరా!",vruttamu,Srikaalahasteeswara,"[('చ', '|'), ('వి', '|'), ('గా', 'U'), ('జూ', 'U'), ('డ', '|'), ('వి', '|'), ('నం', 'U'), ('గ', '|'), ('మూ', 'U'), ('ర్కొ', '|'), ('న', '|'), ('ద', '|'), ('నూ', 'U'), ('సం', 'U'), ('ఘ', 'U'), ('ర్ష', '|'), ('ణా', 'U'), ('స్వా', 'U'), ('ద', '|'), ('మొం', 'U'), ('ద', '|'), ('వి', '|'), ('ని', 'U'), ('ర్మిం', 'U'), ('చె', '|'), ('ద', '|'), ('వే', 'U'), ('ల', '|'), ('జం', 'U'), ('తు', '|'), ('వు', '|'), ('ల', '|'), ('నే', 'U'), ('త', 'U'), ('త్క్రీ', 'U'), ('డ', '|'), ('లే', 'U'), ('పా', 'U'), ('త', '|'), ('క', 'U'), ('వ్య', '|'), ('వ', '|'), ('హా', 'U'), ('రం', 'U'), ('బు', '|'), ('లు', '|'), ('సే', 'U'), ('య', '|'), ('నే', 'U'), ('మి', '|'), ('టి', '|'), ('కి', '|'), ('మా', 'U'), ('యా', 'U'), ('వి', 'U'), ('ద్య', '|'), ('చే', 'U'), ('బ్రొ', 'U'), ('ద్దు', '|'), ('పు', 'U'), ('చ్చి', '|'), ('వి', '|'), ('నో', 'U'), ('దిం', 'U'), ('ప', '|'), ('గ', '|'), ('దీ', 'U'), ('న', '|'), ('నే', 'U'), ('మి', '|'), ('ఫ', '|'), ('ల', '|'), ('మో', 'U'), ('శ్రీ', 'U'), ('కా', 'U'), ('ళ', '|'), ('హ', 'U'), ('స్తీ', 'U'), ('శ్వ', '|'), ('రా', 'U')]",1.0,1.0,1.0,1.0,1.0,1.0
mattebhamu,"వెనుకంజేసిన ఘోరదుర్దశలు భావింపంగ రోఁతయ్యెడున్‌
వెనుకన్ముందటవచ్చు దుర్మరణముల్వీక్షింప భీతయ్యెడున్‌
నను నేఁజూచియు నావిధుల్దలఁచియున్నాకే భయంబయ్యెడుం
జెనకుంజీకటినాయెఁ గాలమునకున్‌ శ్రీకాళహస్తీశ్వరా!",vruttamu,Srikaalahasteeswara,"[('వె', '|'), ('ను', '|'), ('కం', 'U'), ('జే', 'U'), ('సి', '|'), ('న', '|'), ('ఘో', 'U'), ('ర', '|'), ('దు', 'U'), ('ర్ద', '|'), ('శ', '|'), ('లు', '|'), ('భా', 'U'), ('విం', 'U'), ('పం', 'U'), ('గ', '|'), ('రో', 'U'), ('త', 'U'), ('య్యె', '|'), ('డున్', 'U'), ('వె', '|'), ('ను', '|'), ('క', 'U'), ('న్ముం', 'U'), ('ద', '|'), ('ట', '|'), ('వ', 'U'), ('చ్చు', '|'), ('దు', 'U'), ('ర్మ', '|'), ('ర', '|'), ('ణ', '|'), ('ము', 'U'), ('ల్వీ', 'U'), ('క్షిం', 'U'), ('ప', '|'), ('భీ', 'U'), ('త', 'U'), ('య్యె', '|'), ('డున్', 'U'), ('న', '|'), ('ను', '|'), ('నే', 'U'), ('జూ', 'U'), ('చి', '|'), ('యు', '|'), ('నా', 'U'), ('వి', '|'), ('ధు', 'U'), ('ల్ద', '|'), ('ల', '|'), ('చి', '|'), ('యు', 'U'), ('న్నా', 'U'), ('కే', 'U'), ('భ', '|'), ('యం', 'U'), ('బ', 'U'), ('య్యె', '|'), ('డుం', 'U'), ('జె', '|'), ('న', '|'), ('కుం', 'U'), ('జీ', 'U'), ('క', '|'), ('టి', '|'), ('నా', 'U'), ('యె', '|'), ('గా', 'U'), ('ల', '|'), ('ము', '|'), ('న', '|'), ('కు', 'U'), ('న్శ్రీ', 'U'), ('కా', 'U'), ('ళ', '|'), ('హ', 'U'), ('స్తీ', 'U'), ('శ్వ', '|'), ('రా', 'U')]",1.0,1.0,1.0,1.0,1.0,1.0
mattebhamu,"పరిశీలించితి మంత్రతంత్రములు చెప్పన్వింటి సాంఖ్యాది యో
గరహస్యంబులు వేదశాస్త్రములు వక్కాణించితిన్‌ శంకవో
దరయం గుమ్మడికాయలోను యవగింజంతైన నమ్మించి సు
స్థిరవిజ్ఞానము త్రోవఁ జూపగదవే శ్రీకాళహస్తీశ్వరా!",vruttamu,Srikaalahasteeswara,"[('ప', '|'), ('రి', '|'), ('శీ', 'U'), ('లిం', 'U'), ('చి', '|'), ('తి', '|'), ('మం', 'U'), ('త్ర', '|'), ('తం', 'U'), ('త్ర', '|'), ('ము', '|'), ('లు', '|'), ('చె', 'U'), ('ప్ప', 'U'), ('న్విం', 'U'), ('టి', '|'), ('సాం', 'U'), ('ఖ్యా', 'U'), ('ది', '|'), ('యో', 'U'), ('గ', '|'), ('ర', '|'), ('హ', 'U'), ('స్యం', 'U'), ('బు', '|'), ('లు', '|'), ('వే', 'U'), ('ద', '|'), ('శా', 'U'), ('స్త్ర', '|'), ('ము', '|'), ('లు', '|'), ('వ', 'U'), ('క్కా', 'U'), ('ణిం', 'U'), ('చి', '|'), ('తి', 'U'), ('న్శం', 'U'), ('క', '|'), ('వో', 'U'), ('ద', '|'), ('ర', '|'), ('యం', 'U'), ('గు', 'U'), ('మ్మ', '|'), ('డి', '|'), ('కా', 'U'), ('య', '|'), ('లో', 'U'), ('ను', '|'), ('య', '|'), ('వ', '|'), ('గిం', 'U'), ('జం', 'U'), ('తై', 'U'), ('న', '|'), ('న', 'U'), ('మ్మిం', 'U'), ('చి', '|'), ('సు', 'U'), ('స్థి', '|'), ('ర', '|'), ('వి', 'U'), ('జ్ఞా', 'U'), ('న', '|'), ('ము', '|'), ('త్రో', 'U'), ('వ', '|'), ('జూ', 'U'), ('ప', '|'), ('గ', '|'), ('ద', '|'), ('వే', 'U'), ('శ్రీ', 'U'), ('కా', 'U'), ('ళ', '|'), ('హ', 'U'), ('స్తీ', 'U'), ('శ్వ', '|'), ('రా', 'U')]",0.95,1.0,1.0,1.0,0.75,1.0
mattebhamu,"మొదలంజేసిన వారి ధర్మములు నిర్మూలంబుగాఁ జేసి దు
ర్మదులై యిప్పుడు వారధర్మములొనర్పం దమ్ము దైవంబు న
వ్వదె? రానున్న దురాత్ములెల్ల దమ త్రోవంబోవరే యేలచే
సెదరో మీఁదు దలంచి చూడకధముల్‌ శ్రీకాళహస్తీశ్వరా!",vruttamu,Srikaalahasteeswara,"[('మొ', '|'), ('ద', '|'), ('లం', 'U'), ('జే', 'U'), ('సి', '|'), ('న', '|'), ('వా', 'U'), ('రి', '|'), ('ధ', 'U'), ('ర్మ', '|'), ('ము', '|'), ('లు', '|'), ('ని', 'U'), ('ర్మూ', 'U'), ('లం', 'U'), ('బు', '|'), ('గా', 'U'), ('జే', 'U'), ('సి', '|'), ('దు', 'U'), ('ర్మ', '|'), ('దు', '|'), ('లై', 'U'), ('యి', 'U'), ('ప్పు', '|'), ('డు', '|'), ('వా', 'U'), ('ర', '|'), ('ధ', 'U'), ('ర్మ', '|'), ('ము', '|'), ('లొ', '|'), ('న', 'U'), ('ర్పం', 'U'), ('ద', 'U'), ('మ్ము', '|'), ('దై', 'U'), ('వం', 'U'), ('బు', '|'), ('న', 'U'), ('వ్వ', '|'), ('దె', '|'), ('రా', 'U'), ('ను', 'U'), ('న్న', '|'), ('దు', '|'), ('రా', 'U'), ('త్ము', '|'), ('లె', 'U'), ('ల్ల', '|'), ('ద', '|'), ('మ', '|'), ('త్రో', 'U'), ('వం', 'U'), ('బో', 'U'), ('వ', '|'), ('రే', 'U'), ('యే', 'U'), ('ల', '|'), ('చే', 'U'), ('సె', '|'), ('ద', '|'), ('రో', 'U'), ('మీ', 'U'), ('దు', '|'), ('ద', '|'), ('లం', 'U'), ('చి', '|'), ('చూ', 'U'), ('డ', '|'), ('క', '|'), ('ధ', '|'), ('ము', 'U'), ('ల్శ్రీ', 'U'), ('కా', 'U'), ('ళ', '|'), ('హ', 'U'), ('స్తీ', 'U'), ('శ్వ', '|'), ('రా', 'U')]",1.0,1.0,1.0,1.0,1.0,1.0
saardulamu,"కాసంతైన సుఖంబొనర్చునొ మనఃకామంబు లీడేర్చునో
వీసంబైనను వెంటవచ్చునొ జగద్విఖ్యాతిఁ గావించునో
దోసంబుల్పెడఁబాపునో వలసినందోడ్తో మిముంజూపునో
ఛీ! సంసారదురాశలేలుడుపవో శ్రీకాళహస్తీశ్వరా!",vruttamu,Srikaalahasteeswara,"[('కా', 'U'), ('సం', 'U'), ('తై', 'U'), ('న', '|'), ('సు', '|'), ('ఖం', 'U'), ('బొ', '|'), ('న', 'U'), ('ర్చు', '|'), ('నొ', '|'), ('మ', '|'), ('నః', 'U'), ('కా', 'U'), ('మం', 'U'), ('బు', '|'), ('లీ', 'U'), ('డే', 'U'), ('ర్చు', '|'), ('నో', 'U'), ('వీ', 'U'), ('సం', 'U'), ('బై', 'U'), ('న', '|'), ('ను', '|'), ('వెం', 'U'), ('ట', '|'), ('వ', 'U'), ('చ్చు', '|'), ('నొ', '|'), ('జ', '|'), ('గ', 'U'), ('ద్వి', 'U'), ('ఖ్యా', 'U'), ('తి', '|'), ('గా', 'U'), ('విం', 'U'), ('చు', '|'), ('నో', 'U'), ('దో', 'U'), ('సం', 'U'), ('బు', 'U'), ('ల్పె', '|'), ('డ', '|'), ('బా', 'U'), ('పు', '|'), ('నో', 'U'), ('వ', '|'), ('ల', '|'), ('సి', '|'), ('నం', 'U'), ('దో', 'U'), ('డ్తో', 'U'), ('మి', '|'), ('ముం', 'U'), ('జూ', 'U'), ('పు', '|'), ('నో', 'U'), ('ఛీ', 'U'), ('సం', 'U'), ('సా', 'U'), ('ర', '|'), ('దు', '|'), ('రా', 'U'), ('శ', '|'), ('లే', 'U'), ('లు', '|'), ('డు', '|'), ('ప', '|'), ('వో', 'U'), ('శ్రీ', 'U'), ('కా', 'U'), ('ళ', '|'), ('హ', 'U'), ('స్తీ', 'U'), ('శ్వ', '|'), ('రా', 'U')]",1.0,1.0,1.0,1.0,1.0,1.0
mattebhamu,"ఒకపూఁటించుక కూడు తక్కువగునే నోర్వంగలేఁ డెండకో
పక నీడన్వెదకుం జలికింజడిసి కుంపట్లెత్తుకోఁ జూచు వా
నకు నిల్లిల్లును దూఱు నీతనువు దీనన్వచ్చు సౌఖ్యంబు రో
సి కడాసింపరుగాక మర్త్యులకటా! శ్రీకాళహస్తీశ్వరా!",vruttamu,Srikaalahasteeswara,"[('ఒ', '|'), ('క', '|'), ('పూ', 'U'), ('టిం', 'U'), ('చు', '|'), ('క', '|'), ('కూ', 'U'), ('డు', '|'), ('త', 'U'), ('క్కు', '|'), ('వ', '|'), ('గు', '|'), ('నే', 'U'), ('నో', 'U'), ('ర్వం', 'U'), ('గ', '|'), ('లే', 'U'), ('డెం', 'U'), ('డ', '|'), ('కో', 'U'), ('ప', '|'), ('క', '|'), ('నీ', 'U'), ('డ', 'U'), ('న్వె', '|'), ('ద', '|'), ('కుం', 'U'), ('జ', '|'), ('లి', '|'), ('కిం', 'U'), ('జ', '|'), ('డి', '|'), ('సి', '|'), ('కుం', 'U'), ('ప', 'U'), ('ట్లె', 'U'), ('త్తు', '|'), ('కో', 'U'), ('జూ', 'U'), ('చు', '|'), ('వా', 'U'), ('న', '|'), ('కు', '|'), ('ని', 'U'), ('ల్లి', 'U'), ('ల్లు', '|'), ('ను', '|'), ('దూ', 'U'), ('ఱు', '|'), ('నీ', 'U'), ('త', '|'), ('ను', '|'), ('వు', '|'), ('దీ', 'U'), ('న', 'U'), ('న్వ', 'U'), ('చ్చు', '|'), ('సౌ', 'U'), ('ఖ్యం', 'U'), ('బు', '|'), ('రో', 'U'), ('సి', '|'), ('క', '|'), ('డా', 'U'), ('సిం', 'U'), ('ప', '|'), ('రు', '|'), ('గా', 'U'), ('క', '|'), ('మ', 'U'), ('ర్త్యు', '|'), ('ల', '|'), ('క', '|'), ('టా', 'U'), ('శ్రీ', 'U'), ('కా', 'U'), ('ళ', '|'), ('హ', 'U'), ('స్తీ', 'U'), ('శ్వ', '|'), ('రా', 'U')]",0.5617857142857143,0.9875,1.0,0.3214285714285715,0.0,0.5
saardulamu,"కేదారాదిసమస్త తీర్థములు కోర్కింజూడఁ బోనేఁటికిం
గాదా ముంగిలి వారణాసి కడుపే కైలాసశైలంబు మీ
పాదధ్యానము సంభవించునపుడే భావింప నజ్ఞాన ల
క్ష్మీదారిద్ర్యులుగారె లోకు లకటా! శ్రీకాళహస్తీశ్వరా!",vruttamu,Srikaalahasteeswara,"[('కే', 'U'), ('దా', 'U'), ('రా', 'U'), ('ది', '|'), ('స', '|'), ('మ', 'U'), ('స్త', '|'), ('తీ', 'U'), ('ర్థ', '|'), ('ము', '|'), ('లు', '|'), ('కో', 'U'), ('ర్కిం', 'U'), ('జూ', 'U'), ('డ', '|'), ('బో', 'U'), ('నే', 'U'), ('టి', '|'), ('కిం', 'U'), ('గా', 'U'), ('దా', 'U'), ('ముం', 'U'), ('గి', '|'), ('లి', '|'), ('వా', 'U'), ('ర', '|'), ('ణా', 'U'), ('సి', '|'), ('క', '|'), ('డు', '|'), ('పే', 'U'), ('కై', 'U'), ('లా', 'U'), ('స', '|'), ('శై', 'U'), ('లం', 'U'), ('బు', '|'), ('మీ', 'U'), ('పా', 'U'), ('ద', 'U'), ('ధ్యా', 'U'), ('న', '|'), ('ము', '|'), ('సం', 'U'), ('భ', '|'), ('విం', 'U'), ('చు', '|'), ('న', '|'), ('పు', '|'), ('డే', 'U'), ('భా', 'U'), ('విం', 'U'), ('ప', '|'), ('న', 'U'), ('జ్ఞా', 'U'), ('న', '|'), ('ల', 'U'), ('క్ష్మీ', 'U'), ('దా', 'U'), ('రి', 'U'), ('ద్ర్యు', '|'), ('లు', '|'), ('గా', 'U'), ('రె', '|'), ('లో', 'U'), ('కు', '|'), ('ల', '|'), ('క', '|'), ('టా', 'U'), ('శ్రీ', 'U'), ('కా', 'U'), ('ళ', '|'), ('హ', 'U'), ('స్తీ', 'U'), ('శ్వ', '|'), ('రా', 'U')]",1.0,1.0,1.0,1.0,1.0,1.0
mattebhamu,"తమకంబొప్పఁ బరాంగనాజన పరద్రవ్యంబులన్‌ మ్రుచ్చిలం
గ మహోద్యోగము సేయు నెమ్మనము దొంగంబట్టి వైరాగ్యపా
శములంబట్టి బిగించి నీదు చరణస్తంభంబున\న్‌ గట్టివై
చి ముదంబెప్పుడుఁ గల్గజేయఁగదవే శ్రీకాళహస్తీశ్వరా!",vruttamu,Srikaalahasteeswara,"[('త', '|'), ('మ', '|'), ('కం', 'U'), ('బొ', 'U'), ('ప్ప', '|'), ('బ', '|'), ('రాం', 'U'), ('గ', '|'), ('నా', 'U'), ('జ', '|'), ('న', '|'), ('ప', '|'), ('ర', '|'), ('ద్ర', 'U'), ('వ్యం', 'U'), ('బు', '|'), ('ల', 'U'), ('న్మ్రు', 'U'), ('చ్చి', '|'), ('లం', 'U'), ('గ', '|'), ('మ', '|'), ('హో', 'U'), ('ద్యో', 'U'), ('గ', '|'), ('ము', '|'), ('సే', 'U'), ('యు', '|'), ('నె', 'U'), ('మ్మ', '|'), ('న', '|'), ('ము', '|'), ('దొం', 'U'), ('గం', 'U'), ('బ', 'U'), ('ట్టి', '|'), ('వై', 'U'), ('రా', 'U'), ('గ్య', '|'), ('పా', 'U'), ('శ', '|'), ('ము', '|'), ('లం', 'U'), ('బ', 'U'), ('ట్టి', '|'), ('బి', '|'), ('గిం', 'U'), ('చి', '|'), ('నీ', 'U'), ('దు', '|'), ('చ', '|'), ('ర', '|'), ('ణ', 'U'), ('స్తం', 'U'), ('భం', 'U'), ('బు', '|'), ('న', 'U'), ('న్గ', 'U'), ('ట్టి', '|'), ('వై', 'U'), ('చి', '|'), ('ము', '|'), ('దం', 'U'), ('బె', 'U'), ('ప్పు', '|'), ('డు', '|'), ('గ', 'U'), ('ల్గ', '|'), ('జే', 'U'), ('య', '|'), ('గ', '|'), ('ద', '|'), ('వే', 'U'), ('శ్రీ', 'U'), ('కా', 'U'), ('ళ', '|'), ('హ', 'U'), ('స్తీ', 'U'), ('శ్వ', '|'), ('రా', 'U')]",0.9928571428571429,1.0,1.0,0.9642857142857143,1.0,1.0
saardulamu,"వేధం దిట్టఁగరాదు గాని భువిలో విద్వాంసులం జేయనే
లా ధీచాతురిఁ జేసిఁ జేసిన గులామాపాటునే పోక క్షు
ద్బాధాదుల్‌ కలిగింపనేల యదికృత్యంబైన దుర్మార్గులన్‌
ఛీ! ధాత్రీశులఁ జేయనేఁటి కకటా! శ్రీకాళహస్తీశ్వరా!",vruttamu,Srikaalahasteeswara,"[('వే', 'U'), ('ధం', 'U'), ('ది', 'U'), ('ట్ట', '|'), ('గ', '|'), ('రా', 'U'), ('దు', '|'), ('గా', 'U'), ('ని', '|'), ('భు', '|'), ('వి', '|'), ('లో', 'U'), ('వి', 'U'), ('ద్వాం', 'U'), ('సు', '|'), ('లం', 'U'), ('జే', 'U'), ('య', '|'), ('నే', 'U'), ('లా', 'U'), ('ధీ', 'U'), ('చా', 'U'), ('తు', '|'), ('రి', '|'), ('జే', 'U'), ('సి', '|'), ('జే', 'U'), ('సి', '|'), ('న', '|'), ('గు', '|'), ('లా', 'U'), ('మా', 'U'), ('పా', 'U'), ('టు', '|'), ('నే', 'U'), ('పో', 'U'), ('క', 'U'), ('క్షు', 'U'), ('ద్బా', 'U'), ('ధా', 'U'), ('దు', 'U'), ('ల్క', '|'), ('లి', '|'), ('గిం', 'U'), ('ప', '|'), ('నే', 'U'), ('ల', '|'), ('య', '|'), ('ది', '|'), ('కృ', 'U'), ('త్యం', 'U'), ('బై', 'U'), ('న', '|'), ('దు', 'U'), ('ర్మా', 'U'), ('ర్గు', '|'), ('లన్', 'U'), ('ఛీ', 'U'), ('ధా', 'U'), ('త్రీ', 'U'), ('శు', '|'), ('ల', '|'), ('జే', 'U'), ('య', '|'), ('నే', 'U'), ('టి', '|'), ('క', '|'), ('క', '|'), ('టా', 'U'), ('శ్రీ', 'U'), ('కా', 'U'), ('ళ', '|'), ('హ', 'U'), ('స్తీ', 'U'), ('శ్వ', '|'), ('రా', 'U')]",0.9428571428571428,1.0,1.0,0.9642857142857143,0.75,1.0
mattebhamu,"పుడమిన్నిన్నొక బిల్వపత్త్రమున నేఁ బూజించి పుణ్యంబునుం
బడయన్నేరక పెక్కుదైవములకుం బప్పుల్‌ ప్రసాదంబులుం
గుడుముల్‌ దోసెలు సారెసత్తులడుకుల్‌ గుగ్గిళ్లునుం బెట్టుచుం
జెడి యెందుం గొఱగాకపోదురకటా! శ్రీకాళహస్తీశ్వరా!",vruttamu,Srikaalahasteeswara,"[('పు', '|'), ('డ', '|'), ('మి', 'U'), ('న్ని', 'U'), ('న్నొ', '|'), ('క', '|'), ('బి', 'U'), ('ల్వ', '|'), ('ప', 'U'), ('త్త్ర', '|'), ('ము', '|'), ('న', '|'), ('నే', 'U'), ('బూ', 'U'), ('జిం', 'U'), ('చి', '|'), ('పు', 'U'), ('ణ్యం', 'U'), ('బు', '|'), ('నుం', 'U'), ('బ', '|'), ('డ', '|'), ('య', 'U'), ('న్నే', 'U'), ('ర', '|'), ('క', '|'), ('పె', 'U'), ('క్కు', '|'), ('దై', 'U'), ('వ', '|'), ('ము', '|'), ('ల', '|'), ('కుం', 'U'), ('బ', 'U'), ('ప్పు', 'U'), ('ల్ప్ర', '|'), ('సా', 'U'), ('దం', 'U'), ('బు', '|'), ('లుం', 'U'), ('గు', '|'), ('డు', '|'), ('ము', 'U'), ('ల్దో', 'U'), ('సె', '|'), ('లు', '|'), ('సా', 'U'), ('రె', '|'), ('స', 'U'), ('త్తు', '|'), ('ల', '|'), ('డు', '|'), ('కు', 'U'), ('ల్గు', 'U'), ('గ్గి', 'U'), ('ళ్లు', '|'), ('నుం', 'U'), ('బె', 'U'), ('ట్టు', '|'), ('చుం', 'U'), ('జె', '|'), ('డి', '|'), ('యెం', 'U'), ('దుం', 'U'), ('గొ', '|'), ('ఱ', '|'), ('గా', 'U'), ('క', '|'), ('పో', 'U'), ('దు', '|'), ('ర', '|'), ('క', '|'), ('టా', 'U'), ('శ్రీ', 'U'), ('కా', 'U'), ('ళ', '|'), ('హ', 'U'), ('స్తీ', 'U'), ('శ్వ', '|'), ('రా', 'U')]",1.0,1.0,1.0,1.0,1.0,1.0
saardulamu,"విత్తజ్ఞానము పాడుచిత్తము భవావేశంబు రక్షాంబువుల్‌
మత్తత్త్వంబు తదంకురం బనృతముల్‌ మాఱాకులత్యంత దు
ర్వృత్తుల్‌ పువ్వులు పండ్లు మన్మథ ముఖావిర్భూత దోషంబులుం
జిత్తాభ్యున్నత నింబభూజమునకున్‌ శ్రీకాళహస్తీశ్వరా!",vruttamu,Srikaalahasteeswara,"[('వి', 'U'), ('త్త', 'U'), ('జ్ఞా', 'U'), ('న', '|'), ('ము', '|'), ('పా', 'U'), ('డు', '|'), ('చి', 'U'), ('త్త', '|'), ('ము', '|'), ('భ', '|'), ('వా', 'U'), ('వే', 'U'), ('శం', 'U'), ('బు', '|'), ('ర', 'U'), ('క్షాం', 'U'), ('బు', '|'), ('వుల్', 'U'), ('మ', 'U'), ('త్త', 'U'), ('త్త్వం', 'U'), ('బు', '|'), ('త', '|'), ('దం', 'U'), ('కు', '|'), ('రం', 'U'), ('బ', '|'), ('నృ', '|'), ('త', '|'), ('ము', 'U'), ('ల్మా', 'U'), ('ఱా', 'U'), ('కు', '|'), ('ల', 'U'), ('త్యం', 'U'), ('త', '|'), ('దు', 'U'), ('ర్వృ', 'U'), ('త్తు', 'U'), ('ల్పు', 'U'), ('వ్వు', '|'), ('లు', '|'), ('పం', 'U'), ('డ్లు', '|'), ('మ', 'U'), ('న్మ', '|'), ('థ', '|'), ('ము', '|'), ('ఖా', 'U'), ('వి', 'U'), ('ర్భూ', 'U'), ('త', '|'), ('దో', 'U'), ('షం', 'U'), ('బు', '|'), ('లుం', 'U'), ('జి', 'U'), ('త్తా', 'U'), ('భ్యు', 'U'), ('న్న', '|'), ('త', '|'), ('నిం', 'U'), ('బ', '|'), ('భూ', 'U'), ('జ', '|'), ('ము', '|'), ('న', '|'), ('కు', 'U'), ('న్శ్రీ', 'U'), ('కా', 'U'), ('ళ', '|'), ('హ', 'U'), ('స్తీ', 'U'), ('శ్వ', '|'), ('రా', 'U')]",1.0,1.0,1.0,1.0,1.0,1.0
saardulamu,"నీపై గావ్యము చెప్పుచున్నయతఁడు న్నీపద్యముల్‌ వ్రాసియి
మ్మా పాఠంబొనరింతు నన్నయతఁడున్‌ మంజుప్రబంధంబు ని
ష్టాపూర్తింబఠియించుచున్న యతఁడున్‌ సద్బాంధవుల్‌గాక చీ
చీ పృశ్ఠాగత బాంధవంబు నిజమా శ్రీకాళహస్తీశ్వరా!",vruttamu,Srikaalahasteeswara,"[('నీ', 'U'), ('పై', 'U'), ('గా', 'U'), ('వ్య', '|'), ('ము', '|'), ('చె', 'U'), ('ప్పు', '|'), ('చు', 'U'), ('న్న', '|'), ('య', '|'), ('త', '|'), ('డు', 'U'), ('న్నీ', 'U'), ('ప', 'U'), ('ద్య', '|'), ('ము', 'U'), ('ల్వ్రా', 'U'), ('సి', '|'), ('యి', 'U'), ('మ్మా', 'U'), ('పా', 'U'), ('ఠం', 'U'), ('బొ', '|'), ('న', '|'), ('రిం', 'U'), ('తు', '|'), ('న', 'U'), ('న్న', '|'), ('య', '|'), ('త', '|'), ('డు', 'U'), ('న్మం', 'U'), ('జు', '|'), ('ప్ర', '|'), ('బం', 'U'), ('ధం', 'U'), ('బు', '|'), ('ని', 'U'), ('ష్టా', 'U'), ('పూ', 'U'), ('ర్తిం', 'U'), ('బ', '|'), ('ఠి', '|'), ('యిం', 'U'), ('చు', '|'), ('చు', 'U'), ('న్న', '|'), ('య', '|'), ('త', '|'), ('డు', 'U'), ('న్స', 'U'), ('ద్బాం', 'U'), ('ధ', '|'), ('వు', 'U'), ('ల్గా', 'U'), ('క', '|'), ('చీ', 'U'), ('చీ', 'U'), ('పృ', 'U'), ('శ్ఠా', 'U'), ('గ', '|'), ('త', '|'), ('బాం', 'U'), ('ధ', '|'), ('వం', 'U'), ('బు', '|'), ('ని', '|'), ('జ', '|'), ('మా', 'U'), ('శ్రీ', 'U'), ('కా', 'U'), ('ళ', '|'), ('హ', 'U'), ('స్తీ', 'U'), ('శ్వ', '|'), ('రా', 'U')]",0.9928571428571429,1.0,1.0,0.9642857142857143,1.0,1.0
saardulamu,"సంపద్వర్గముఁ బాఱఁదోలి రిపులన్‌ జంకించి యాకాంక్షలన్‌
దంపుల్వెట్టి కళంకముల్నఱికి బంధక్లేశ దోషంబులం
జింపుల్చేసి వయోవిలాసములు సంక్షేపించి భూతంబులం
జెంపల్వేయక నిన్నుఁ గాననగునా? శ్రీకాళహస్తీశ్వరా!",vruttamu,Srikaalahasteeswara,"[('సం', 'U'), ('ప', 'U'), ('ద్వ', 'U'), ('ర్గ', '|'), ('ము', '|'), ('బా', 'U'), ('ఱ', '|'), ('దో', 'U'), ('లి', '|'), ('రి', '|'), ('పు', '|'), ('ల', 'U'), ('న్జం', 'U'), ('కిం', 'U'), ('చి', '|'), ('యా', 'U'), ('కాం', 'U'), ('క్ష', '|'), ('లన్', 'U'), ('దం', 'U'), ('పు', 'U'), ('ల్వె', 'U'), ('ట్టి', '|'), ('క', '|'), ('ళం', 'U'), ('క', '|'), ('ము', 'U'), ('ల్న', '|'), ('ఱి', '|'), ('కి', '|'), ('బం', 'U'), ('ధ', 'U'), ('క్లే', 'U'), ('శ', '|'), ('దో', 'U'), ('షం', 'U'), ('బు', '|'), ('లం', 'U'), ('జిం', 'U'), ('పు', 'U'), ('ల్చే', 'U'), ('సి', '|'), ('వ', '|'), ('యో', 'U'), ('వి', '|'), ('లా', 'U'), ('స', '|'), ('ము', '|'), ('లు', '|'), ('సం', 'U'), ('క్షే', 'U'), ('పిం', 'U'), ('చి', '|'), ('భూ', 'U'), ('తం', 'U'), ('బు', '|'), ('లం', 'U'), ('జెం', 'U'), ('ప', 'U'), ('ల్వే', 'U'), ('య', '|'), ('క', '|'), ('ని', 'U'), ('న్ను', '|'), ('గా', 'U'), ('న', '|'), ('న', '|'), ('గు', '|'), ('నా', 'U'), ('శ్రీ', 'U'), ('కా', 'U'), ('ళ', '|'), ('హ', 'U'), ('స్తీ', 'U'), ('శ్వ', '|'), ('రా', 'U')]",1.0,1.0,1.0,1.0,1.0,1.0
saardulamu,"రాజశ్రేణికి దాసులై సిరులఁ గోరం జేరఁగా సౌఖ్యమో
యీ జన్మంబు తరింపఁజేయఁగల మిమ్మే ప్రొద్దు సేవించు ని
ర్వ్యాజాచారము సౌఖ్యమో తెలియలేరో మానవు ల్బాపరా
జీజాతాది మదాంధ బుద్ధులగుచున్‌ శ్రీకాళహస్తీశ్వరా!",vruttamu,Srikaalahasteeswara,"[('రా', 'U'), ('జ', '|'), ('శ్రే', 'U'), ('ణి', '|'), ('కి', '|'), ('దా', 'U'), ('సు', '|'), ('లై', 'U'), ('సి', '|'), ('రు', '|'), ('ల', '|'), ('గో', 'U'), ('రం', 'U'), ('జే', 'U'), ('ర', '|'), ('గా', 'U'), ('సౌ', 'U'), ('ఖ్య', '|'), ('మో', 'U'), ('యీ', 'U'), ('జ', 'U'), ('న్మం', 'U'), ('బు', '|'), ('త', '|'), ('రిం', 'U'), ('ప', '|'), ('జే', 'U'), ('య', '|'), ('గ', '|'), ('ల', '|'), ('మి', 'U'), ('మ్మే', 'U'), ('ప్రొ', 'U'), ('ద్దు', '|'), ('సే', 'U'), ('విం', 'U'), ('చు', '|'), ('ని', 'U'), ('ర్వ్యా', 'U'), ('జా', 'U'), ('చా', 'U'), ('ర', '|'), ('ము', '|'), ('సౌ', 'U'), ('ఖ్య', '|'), ('మో', 'U'), ('తె', '|'), ('లి', '|'), ('య', '|'), ('లే', 'U'), ('రో', 'U'), ('మా', 'U'), ('న', '|'), ('వు', 'U'), ('ల్బా', 'U'), ('ప', '|'), ('రా', 'U'), ('జీ', 'U'), ('జా', 'U'), ('తా', 'U'), ('ది', '|'), ('మ', '|'), ('దాం', 'U'), ('ధ', '|'), ('బు', 'U'), ('ద్ధు', '|'), ('ల', '|'), ('గు', '|'), ('చు', 'U'), ('న్శ్రీ', 'U'), ('కా', 'U'), ('ళ', '|'), ('హ', 'U'), ('స్తీ', 'U'), ('శ్వ', '|'), ('రా', 'U')]",0.8928571428571429,1.0,1.0,0.9642857142857143,0.5,1.0
saardulamu,"నిన్నం జూడరొ మొన్నఁజూడరో జనుల్‌ నిత్యంబుఁజావంగ నా
పన్నుల్గన్న నిధానమయ్యెడి ధనభ్రాంతి న్విసర్జింపలే
కున్నా రెన్నఁడు నిన్ను గందురిక మర్త్యుల్‌ గొల్వరేమో నిను
న్చిన్నంబుచ్చక ప్రోవకుండునెడలన్‌ శ్రీకాళహస్తీశ్వరా!",vruttamu,Srikaalahasteeswara,"[('ని', 'U'), ('న్నం', 'U'), ('జూ', 'U'), ('డ', '|'), ('రొ', '|'), ('మొ', 'U'), ('న్న', '|'), ('జూ', 'U'), ('డ', '|'), ('రో', 'U'), ('జ', '|'), ('ను', 'U'), ('ల్ని', 'U'), ('త్యం', 'U'), ('బు', '|'), ('జా', 'U'), ('వం', 'U'), ('గ', '|'), ('నా', 'U'), ('ప', 'U'), ('న్ను', 'U'), ('ల్గ', 'U'), ('న్న', '|'), ('ని', '|'), ('ధా', 'U'), ('న', '|'), ('మ', 'U'), ('య్యె', '|'), ('డి', '|'), ('ధ', '|'), ('న', '|'), ('భ్రాం', 'U'), ('తి', 'U'), ('న్వి', '|'), ('స', 'U'), ('ర్జిం', 'U'), ('ప', '|'), ('లే', 'U'), ('కు', 'U'), ('న్నా', 'U'), ('రె', 'U'), ('న్న', '|'), ('డు', '|'), ('ని', 'U'), ('న్ను', '|'), ('గం', 'U'), ('దు', '|'), ('రి', '|'), ('క', '|'), ('మ', 'U'), ('ర్త్యు', 'U'), ('ల్గొ', 'U'), ('ల్వ', '|'), ('రే', 'U'), ('మో', 'U'), ('ని', '|'), ('ను', 'U'), ('న్చి', 'U'), ('న్నం', 'U'), ('బు', 'U'), ('చ్చ', '|'), ('క', '|'), ('ప్రో', 'U'), ('వ', '|'), ('కుం', 'U'), ('డు', '|'), ('నె', '|'), ('డ', '|'), ('ల', 'U'), ('న్శ్రీ', 'U'), ('కా', 'U'), ('ళ', '|'), ('హ', 'U'), ('స్తీ', 'U'), ('శ్వ', '|'), ('రా', 'U')]",0.9357142857142857,1.0,1.0,0.9285714285714286,0.75,1.0
saardulamu,"వన్నేయేనుఁగు తోలుదుప్పటము బువ్వా కాలకూటంబు చే
గిన్నే కపాల ముగ్రమగు భోగే కంఠహారంబు మే
ల్నిన్నీలాగున నుంటయుందెలిసియు న్నీపాదపద్మంబు చే
ర్చెన్నారాయణుఁడెట్లు మానసముఁ దా శ్రీకాళహస్తీశ్వరా!",vruttamu,Srikaalahasteeswara,"[('వ', 'U'), ('న్నే', 'U'), ('యే', 'U'), ('ను', '|'), ('గు', '|'), ('తో', 'U'), ('లు', '|'), ('దు', 'U'), ('ప్ప', '|'), ('ట', '|'), ('ము', '|'), ('బు', 'U'), ('వ్వా', 'U'), ('కా', 'U'), ('ల', '|'), ('కూ', 'U'), ('టం', 'U'), ('బు', '|'), ('చే', 'U'), ('గి', 'U'), ('న్నే', 'U'), ('క', '|'), ('పా', 'U'), ('ల', '|'), ('ము', '|'), ('గ్ర', '|'), ('మ', '|'), ('గు', '|'), ('భో', 'U'), ('గే', 'U'), ('కం', 'U'), ('ఠ', '|'), ('హా', 'U'), ('రం', 'U'), ('బు', '|'), ('మే', 'U'), ('ల్ని', 'U'), ('న్నీ', 'U'), ('లా', 'U'), ('గు', '|'), ('న', '|'), ('నుం', 'U'), ('ట', '|'), ('యుం', 'U'), ('దె', '|'), ('లి', '|'), ('సి', '|'), ('యు', 'U'), ('న్నీ', 'U'), ('పా', 'U'), ('ద', '|'), ('ప', 'U'), ('ద్మం', 'U'), ('బు', '|'), ('చే', 'U'), ('ర్చె', 'U'), ('న్నా', 'U'), ('రా', 'U'), ('య', '|'), ('ణు', '|'), ('డె', 'U'), ('ట్లు', '|'), ('మా', 'U'), ('న', '|'), ('స', '|'), ('ము', '|'), ('దా', 'U'), ('శ్రీ', 'U'), ('కా', 'U'), ('ళ', '|'), ('హ', 'U'), ('స్తీ', 'U'), ('శ్వ', '|'), ('రా', 'U')]",0.6090225563909775,0.9736842105263158,1.0,0.3214285714285715,0.25,0.5
saardulamu,"ద్వారద్వారములందుఁ గంచుకిజన వ్రాతంబు దండంబులన్‌
దోరంతస్స్థలి బగ్గనంబొడుచుచున్‌ దుర్భాషలాడన్మఱిన్‌
వారింబ్రార్థనచేసి రాజులకు సేవల్సేయగాఁ బోరు ల
క్ష్మీ రాజ్యంబునుగోరి నీ పరిజనుల్‌ శ్రీకాళహస్తీశ్వరా!",vruttamu,Srikaalahasteeswara,"[('ద్వా', 'U'), ('ర', 'U'), ('ద్వా', 'U'), ('ర', '|'), ('ము', '|'), ('లం', 'U'), ('దు', '|'), ('గం', 'U'), ('చు', '|'), ('కి', '|'), ('జ', '|'), ('న', '|'), ('వ్రా', 'U'), ('తం', 'U'), ('బు', '|'), ('దం', 'U'), ('డం', 'U'), ('బు', '|'), ('లన్', 'U'), ('దో', 'U'), ('రం', 'U'), ('త', 'U'), ('స్స్థ', '|'), ('లి', '|'), ('బ', 'U'), ('గ్గ', '|'), ('నం', 'U'), ('బొ', '|'), ('డు', '|'), ('చు', '|'), ('చు', 'U'), ('న్దు', 'U'), ('ర్భా', 'U'), ('ష', '|'), ('లా', 'U'), ('డ', 'U'), ('న్మ', '|'), ('ఱిన్', 'U'), ('వా', 'U'), ('రిం', 'U'), ('బ్రా', 'U'), ('ర్థ', '|'), ('న', '|'), ('చే', 'U'), ('సి', '|'), ('రా', 'U'), ('జు', '|'), ('ల', '|'), ('కు', '|'), ('సే', 'U'), ('వ', 'U'), ('ల్సే', 'U'), ('య', '|'), ('గా', 'U'), ('బో', 'U'), ('రు', '|'), ('ల', 'U'), ('క్ష్మీ', 'U'), ('రా', 'U'), ('జ్యం', 'U'), ('బు', '|'), ('ను', '|'), ('గో', 'U'), ('రి', '|'), ('నీ', 'U'), ('ప', '|'), ('రి', '|'), ('జ', '|'), ('ను', 'U'), ('ల్శ్రీ', 'U'), ('కా', 'U'), ('ళ', '|'), ('హ', 'U'), ('స్తీ', 'U'), ('శ్వ', '|'), ('రా', 'U')]",0.9928571428571429,1.0,1.0,0.9642857142857143,1.0,1.0
saardulamu,"ఊరూరం జనులెల్ల భిక్షమిడరో యుండం గుహల్గల్గవో
చీరానీకము వీథులందొరకదో శీతామృత స్వచ్ఛవాః
పూరంబేఱులఁబాఱదో తపసులంబ్రోవంగ నీవోపవో
చేరంబోవుదురేల రాజుల జనుల్‌ శ్రీకాళహస్తీశ్వరా!",vruttamu,Srikaalahasteeswara,"[('ఊ', 'U'), ('రూ', 'U'), ('రం', 'U'), ('జ', '|'), ('ను', '|'), ('లె', 'U'), ('ల్ల', '|'), ('భి', 'U'), ('క్ష', '|'), ('మి', '|'), ('డ', '|'), ('రో', 'U'), ('యుం', 'U'), ('డం', 'U'), ('గు', '|'), ('హ', 'U'), ('ల్గ', 'U'), ('ల్గ', '|'), ('వో', 'U'), ('చీ', 'U'), ('రా', 'U'), ('నీ', 'U'), ('క', '|'), ('ము', '|'), ('వీ', 'U'), ('థు', '|'), ('లం', 'U'), ('దొ', '|'), ('ర', '|'), ('క', '|'), ('దో', 'U'), ('శీ', 'U'), ('తా', 'U'), ('మృ', '|'), ('త', 'U'), ('స్వ', 'U'), ('చ్ఛ', '|'), ('వాః', 'U'), ('పూ', 'U'), ('రం', 'U'), ('బే', 'U'), ('ఱు', '|'), ('ల', '|'), ('బా', 'U'), ('ఱ', '|'), ('దో', 'U'), ('త', '|'), ('ప', '|'), ('సు', '|'), ('లం', 'U'), ('బ్రో', 'U'), ('వం', 'U'), ('గ', '|'), ('నీ', 'U'), ('వో', 'U'), ('ప', '|'), ('వో', 'U'), ('చే', 'U'), ('రం', 'U'), ('బో', 'U'), ('వు', '|'), ('దు', '|'), ('రే', 'U'), ('ల', '|'), ('రా', 'U'), ('జు', '|'), ('ల', '|'), ('జ', '|'), ('ను', 'U'), ('ల్శ్రీ', 'U'), ('కా', 'U'), ('ళ', '|'), ('హ', 'U'), ('స్తీ', 'U'), ('శ్వ', '|'), ('రా', 'U')]",0.95,1.0,1.0,1.0,0.75,1.0
mattebhamu,"దయ సేయుండని గొందఱాడుదురు నిత్యంబున్నినుంగొల్చుచున్‌
నియమంబెంతొ ఫలంబునంతియగదా నీవీయ పిండెంతొ యం
తియకా యెప్పటికిం దళం బశనబుద్ధిం జూడనేలబ్బు స
త్క్రియలన్నిన్ను భజింప కిష్టసుఖముల్‌ శ్రీకాళహస్తీశ్వరా!",vruttamu,Srikaalahasteeswara,"[('ద', '|'), ('య', '|'), ('సే', 'U'), ('యుం', 'U'), ('డ', '|'), ('ని', '|'), ('గొం', 'U'), ('ద', '|'), ('ఱా', 'U'), ('డు', '|'), ('దు', '|'), ('రు', '|'), ('ని', 'U'), ('త్యం', 'U'), ('బు', 'U'), ('న్ని', '|'), ('నుం', 'U'), ('గొ', 'U'), ('ల్చు', '|'), ('చున్', 'U'), ('ని', '|'), ('య', '|'), ('మం', 'U'), ('బెం', 'U'), ('తొ', '|'), ('ఫ', '|'), ('లం', 'U'), ('బు', '|'), ('నం', 'U'), ('తి', '|'), ('య', '|'), ('గ', '|'), ('దా', 'U'), ('నీ', 'U'), ('వీ', 'U'), ('య', '|'), ('పిం', 'U'), ('డెం', 'U'), ('తొ', '|'), ('యం', 'U'), ('తి', '|'), ('య', '|'), ('కా', 'U'), ('యె', 'U'), ('ప్ప', '|'), ('టి', '|'), ('కిం', 'U'), ('ద', '|'), ('ళం', 'U'), ('బ', '|'), ('శ', '|'), ('న', '|'), ('బు', 'U'), ('ద్ధిం', 'U'), ('జూ', 'U'), ('డ', '|'), ('నే', 'U'), ('ల', 'U'), ('బ్బు', '|'), ('స', 'U'), ('త్క్రి', '|'), ('య', '|'), ('ల', 'U'), ('న్ని', 'U'), ('న్ను', '|'), ('భ', '|'), ('జిం', 'U'), ('ప', '|'), ('కి', 'U'), ('ష్ట', '|'), ('సు', '|'), ('ఖ', '|'), ('ము', 'U'), ('ల్శ్రీ', 'U'), ('కా', 'U'), ('ళ', '|'), ('హ', 'U'), ('స్తీ', 'U'), ('శ్వ', '|'), ('రా', 'U')]",1.0,1.0,1.0,1.0,1.0,1.0
saardulamu,"ఆరావంబుదయించెఁ దారకముగా నాత్మాభ్రవీధిన్మహా
కారోకారమకార యుక్తమగునోంకారాభిధానంబు చె
న్నారు న్విశ్వమనంగఁ దన్మహిమచే నా నాదబిందుల్సుఖ
శ్రీ రంజిల్లఁగడంగు నీవదె సుమీ శ్రీకాళహస్తీశ్వరా!",vruttamu,Srikaalahasteeswara,"[('ఆ', 'U'), ('రా', 'U'), ('వం', 'U'), ('బు', '|'), ('ద', '|'), ('యిం', 'U'), ('చె', '|'), ('దా', 'U'), ('ర', '|'), ('క', '|'), ('ము', '|'), ('గా', 'U'), ('నా', 'U'), ('త్మా', 'U'), ('భ్ర', '|'), ('వీ', 'U'), ('ధి', 'U'), ('న్మ', '|'), ('హా', 'U'), ('కా', 'U'), ('రో', 'U'), ('కా', 'U'), ('ర', '|'), ('మ', '|'), ('కా', 'U'), ('ర', '|'), ('యు', 'U'), ('క్త', '|'), ('మ', '|'), ('గు', '|'), ('నోం', 'U'), ('కా', 'U'), ('రా', 'U'), ('భి', '|'), ('ధా', 'U'), ('నం', 'U'), ('బు', '|'), ('చె', 'U'), ('న్నా', 'U'), ('రు', 'U'), ('న్వి', 'U'), ('శ్వ', '|'), ('మ', '|'), ('నం', 'U'), ('గ', '|'), ('ద', 'U'), ('న్మ', '|'), ('హి', '|'), ('మ', '|'), ('చే', 'U'), ('నా', 'U'), ('నా', 'U'), ('ద', '|'), ('బిం', 'U'), ('దు', 'U'), ('ల్సు', '|'), ('ఖ', '|'), ('శ్రీ', 'U'), ('రం', 'U'), ('జి', 'U'), ('ల్ల', '|'), ('గ', '|'), ('డం', 'U'), ('గు', '|'), ('నీ', 'U'), ('వ', '|'), ('దె', '|'), ('సు', '|'), ('మీ', 'U'), ('శ్రీ', 'U'), ('కా', 'U'), ('ళ', '|'), ('హ', 'U'), ('స్తీ', 'U'), ('శ్వ', '|'), ('రా', 'U')]",0.9428571428571428,1.0,1.0,0.9642857142857143,0.75,1.0
saardulamu,"నీ భక్తుల్పదివేల భంగుల నినున్సేవింపుచున్‌ వేఁడఁగా
లోభంబేఁటికి వారి కోర్కులు కృపాళుత్వంబుఁనం దీర్పరా
దా భవ్యంబు దలంచిచూడు పరమార్థంబిచ్చి పొమ్మన్న నీ
శ్రీ భాండారములోఁ గొఱంతపడునా శ్రీకాళహస్తీశ్వరా!",vruttamu,Srikaalahasteeswara,"[('నీ', 'U'), ('భ', 'U'), ('క్తు', 'U'), ('ల్ప', '|'), ('ది', '|'), ('వే', 'U'), ('ల', '|'), ('భం', 'U'), ('గు', '|'), ('ల', '|'), ('ని', '|'), ('ను', 'U'), ('న్సే', 'U'), ('విం', 'U'), ('పు', '|'), ('చు', 'U'), ('న్వే', 'U'), ('డ', '|'), ('గా', 'U'), ('లో', 'U'), ('భం', 'U'), ('బే', 'U'), ('టి', '|'), ('కి', '|'), ('వా', 'U'), ('రి', '|'), ('కో', 'U'), ('ర్కు', '|'), ('లు', '|'), ('కృ', '|'), ('పా', 'U'), ('ళు', 'U'), ('త్వం', 'U'), ('బు', '|'), ('నం', 'U'), ('దీ', 'U'), ('ర్ప', '|'), ('రా', 'U'), ('దా', 'U'), ('భ', 'U'), ('వ్యం', 'U'), ('బు', '|'), ('ద', '|'), ('లం', 'U'), ('చి', '|'), ('చూ', 'U'), ('డు', '|'), ('ప', '|'), ('ర', '|'), ('మా', 'U'), ('ర్థం', 'U'), ('బి', 'U'), ('చ్చి', '|'), ('పొ', 'U'), ('మ్మ', 'U'), ('న్న', '|'), ('నీ', 'U'), ('శ్రీ', 'U'), ('భాం', 'U'), ('డా', 'U'), ('ర', '|'), ('ము', '|'), ('లో', 'U'), ('గొ', '|'), ('ఱం', 'U'), ('త', '|'), ('ప', '|'), ('డు', '|'), ('నా', 'U'), ('శ్రీ', 'U'), ('కా', 'U'), ('ళ', '|'), ('హ', 'U'), ('స్తీ', 'U'), ('శ్వ', '|'), ('రా', 'U')]",1.0,1.0,1.0,1.0,1.0,1.0
mattebhamu,"మొదలన్భక్తులకిచ్చినాఁడవు గదా మోక్షంబు నేఁడేమయా
ముదియంగా ముదియంగఁబుట్టె ఘనమౌ మోహంబు లోభంబున
న్నది సత్యంబు కృపందలంప వొక పుణ్యాత్ముండు నిన్నాత్మ గొ
ల్చి దినంబున్మొఱవెట్టఁగా గటకటా! శ్రీకాళహస్తీశ్వరా!",vruttamu,Srikaalahasteeswara,"[('మొ', '|'), ('ద', '|'), ('ల', 'U'), ('న్భ', 'U'), ('క్తు', '|'), ('ల', '|'), ('కి', 'U'), ('చ్చి', '|'), ('నా', 'U'), ('డ', '|'), ('వు', '|'), ('గ', '|'), ('దా', 'U'), ('మో', 'U'), ('క్షం', 'U'), ('బు', '|'), ('నే', 'U'), ('డే', 'U'), ('మ', '|'), ('యా', 'U'), ('ము', '|'), ('ది', '|'), ('యం', 'U'), ('గా', 'U'), ('ము', '|'), ('ది', '|'), ('యం', 'U'), ('గ', '|'), ('బు', 'U'), ('ట్టె', '|'), ('ఘ', '|'), ('న', '|'), ('మౌ', 'U'), ('మో', 'U'), ('హం', 'U'), ('బు', '|'), ('లో', 'U'), ('భం', 'U'), ('బు', '|'), ('న', 'U'), ('న్న', '|'), ('ది', '|'), ('స', 'U'), ('త్యం', 'U'), ('బు', '|'), ('కృ', '|'), ('పం', 'U'), ('ద', '|'), ('లం', 'U'), ('ప', '|'), ('వొ', '|'), ('క', '|'), ('పు', 'U'), ('ణ్యా', 'U'), ('త్ముం', 'U'), ('డు', '|'), ('ని', 'U'), ('న్నా', 'U'), ('త్మ', '|'), ('గొ', 'U'), ('ల్చి', '|'), ('ది', '|'), ('నం', 'U'), ('బు', 'U'), ('న్మొ', '|'), ('ఱ', '|'), ('వె', 'U'), ('ట్ట', '|'), ('గా', 'U'), ('గ', '|'), ('ట', '|'), ('క', '|'), ('టా', 'U'), ('శ్రీ', 'U'), ('కా', 'U'), ('ళ', '|'), ('హ', 'U'), ('స్తీ', 'U'), ('శ్వ', '|'), ('రా', 'U')]",1.0,1.0,1.0,1.0,1.0,1.0
saardulamu,"కాలద్వార కవాటబంధనము దుష్కాల ప్రమాణక్రియా
లీలాజాలక చిత్రగుప్త ముఖవల్మీకోగ్ర జిహ్వాద్భుత
వ్యాళ వ్యాళవిరోధి మృత్యుముఖదంష్ట్రాహార్య వజ్రంబు ది
క్చేలాలంకృత! నీదు నామ మరయన్‌ శ్రీకాళహస్తీశ్వరా!",vruttamu,Srikaalahasteeswara,"[('కా', 'U'), ('ల', 'U'), ('ద్వా', 'U'), ('ర', '|'), ('క', '|'), ('వా', 'U'), ('ట', '|'), ('బం', 'U'), ('ధ', '|'), ('న', '|'), ('ము', '|'), ('దు', 'U'), ('ష్కా', 'U'), ('ల', '|'), ('ప్ర', '|'), ('మా', 'U'), ('ణ', '|'), ('క్రి', '|'), ('యా', 'U'), ('లీ', 'U'), ('లా', 'U'), ('జా', 'U'), ('ల', '|'), ('క', '|'), ('చి', '|'), ('త్ర', '|'), ('గు', 'U'), ('ప్త', '|'), ('ము', '|'), ('ఖ', '|'), ('వ', 'U'), ('ల్మీ', 'U'), ('కో', 'U'), ('గ్ర', '|'), ('జి', 'U'), ('హ్వా', 'U'), ('ద్భు', '|'), ('త', 'U'), ('వ్యా', 'U'), ('ళ', 'U'), ('వ్యా', 'U'), ('ళ', '|'), ('వి', '|'), ('రో', 'U'), ('ధి', '|'), ('మృ', 'U'), ('త్యు', '|'), ('ము', '|'), ('ఖ', '|'), ('దం', 'U'), ('ష్ట్రా', 'U'), ('హా', 'U'), ('ర్య', '|'), ('వ', '|'), ('జ్రం', 'U'), ('బు', '|'), ('ది', 'U'), ('క్చే', 'U'), ('లా', 'U'), ('లం', 'U'), ('కృ', '|'), ('త', '|'), ('నీ', 'U'), ('దు', '|'), ('నా', 'U'), ('మ', '|'), ('మ', '|'), ('ర', '|'), ('య', 'U'), ('న్శ్రీ', 'U'), ('కా', 'U'), ('ళ', '|'), ('హ', 'U'), ('స్తీ', 'U'), ('శ్వ', '|'), ('రా', 'U')]",0.8714285714285716,1.0,1.0,0.8571428571428571,0.75,0.75
mattebhamu,"పదివేలైనను లోకకంటకులచేఁ బ్రాపించు సౌఖ్యంబు నా
మదికిం బథ్యముగాదు సర్వమునకున్‌ మధ్యస్థుఁడై సత్యదా
న దయాదుల్గల రాజు నా కొసఁగు మెన్నన్వాని నీయట్ల చూ
చి దినంబున్ముద మొందుదుం గడపటన్‌ శ్రీకాళహస్తీశ్వరా!",vruttamu,Srikaalahasteeswara,"[('ప', '|'), ('ది', '|'), ('వే', 'U'), ('లై', 'U'), ('న', '|'), ('ను', '|'), ('లో', 'U'), ('క', '|'), ('కం', 'U'), ('ట', '|'), ('కు', '|'), ('ల', '|'), ('చే', 'U'), ('బ్రా', 'U'), ('పిం', 'U'), ('చు', '|'), ('సౌ', 'U'), ('ఖ్యం', 'U'), ('బు', '|'), ('నా', 'U'), ('మ', '|'), ('ది', '|'), ('కిం', 'U'), ('బ', 'U'), ('థ్య', '|'), ('ము', '|'), ('గా', 'U'), ('దు', '|'), ('స', 'U'), ('ర్వ', '|'), ('ము', '|'), ('న', '|'), ('కు', 'U'), ('న్మ', 'U'), ('ధ్య', 'U'), ('స్థు', '|'), ('డై', 'U'), ('స', 'U'), ('త్య', '|'), ('దా', 'U'), ('న', '|'), ('ద', '|'), ('యా', 'U'), ('దు', 'U'), ('ల్గ', '|'), ('ల', '|'), ('రా', 'U'), ('జు', '|'), ('నా', 'U'), ('కొ', '|'), ('స', '|'), ('గు', '|'), ('మె', 'U'), ('న్న', 'U'), ('న్వా', 'U'), ('ని', '|'), ('నీ', 'U'), ('య', 'U'), ('ట్ల', '|'), ('చూ', 'U'), ('చి', '|'), ('ది', '|'), ('నం', 'U'), ('బు', 'U'), ('న్ము', '|'), ('ద', '|'), ('మొం', 'U'), ('దు', '|'), ('దుం', 'U'), ('గ', '|'), ('డ', '|'), ('ప', '|'), ('ట', 'U'), ('న్శ్రీ', 'U'), ('కా', 'U'), ('ళ', '|'), ('హ', 'U'), ('స్తీ', 'U'), ('శ్వ', '|'), ('రా', 'U')]",1.0,1.0,1.0,1.0,1.0,1.0
saardulamu,"తాతల్‌ తల్లియుఁ దండ్రియున్‌ మఱియు బెద్దల్చావగాఁ జూడరో
భీతింబొందఁగనేల చావునకుఁగాఁ బెండ్లాము బిడ్డల్హిత
వ్రాతంబున్బలవింప జంతువులకు న్వాలాయమై యుండఁగాఁ
జేతోవీధి నరుండు నిన్గొలువఁడో శ్రీకాళహస్తీశ్వరా!",vruttamu,Srikaalahasteeswara,"[('తా', 'U'), ('త', 'U'), ('ల్త', 'U'), ('ల్లి', '|'), ('యు', '|'), ('దం', 'U'), ('డ్రి', '|'), ('యు', 'U'), ('న్మ', '|'), ('ఱి', '|'), ('యు', '|'), ('బె', 'U'), ('ద్ద', 'U'), ('ల్చా', 'U'), ('వ', '|'), ('గా', 'U'), ('జూ', 'U'), ('డ', '|'), ('రో', 'U'), ('భీ', 'U'), ('తిం', 'U'), ('బొం', 'U'), ('ద', '|'), ('గ', '|'), ('నే', 'U'), ('ల', '|'), ('చా', 'U'), ('వు', '|'), ('న', '|'), ('కు', '|'), ('గా', 'U'), ('బెం', 'U'), ('డ్లా', 'U'), ('ము', '|'), ('బి', 'U'), ('డ్డ', 'U'), ('ల్హి', '|'), ('త', '|'), ('వ్రా', 'U'), ('తం', 'U'), ('బు', 'U'), ('న్బ', '|'), ('ల', '|'), ('విం', 'U'), ('ప', '|'), ('జం', 'U'), ('తు', '|'), ('వు', '|'), ('ల', '|'), ('కు', 'U'), ('న్వా', 'U'), ('లా', 'U'), ('య', '|'), ('మై', 'U'), ('యుం', 'U'), ('డ', '|'), ('గా', 'U'), ('జే', 'U'), ('తో', 'U'), ('వీ', 'U'), ('ధి', '|'), ('న', '|'), ('రుం', 'U'), ('డు', '|'), ('ని', 'U'), ('న్గొ', '|'), ('లు', '|'), ('వ', '|'), ('డో', 'U'), ('శ్రీ', 'U'), ('కా', 'U'), ('ళ', '|'), ('హ', 'U'), ('స్తీ', 'U'), ('శ్వ', '|'), ('రా', 'U')]",0.9928571428571429,1.0,1.0,0.9642857142857143,1.0,1.0
saardulamu,"జాతుల్సెప్పుట సేవసేయుట మృషల్‌ సంధించు టన్యాయవి
ఖ్యాతింబొందుట కొండెకాడవుట హింసారంభకుండౌట మి
థ్యాతాత్పర్యము లాడుటన్నియుఁ బరద్రవ్యంబు నాశించి యీ
శ్రీ తానెన్నియుగంబు లుండఁగలదో శ్రీకాళహస్తీశ్వరా!",vruttamu,Srikaalahasteeswara,"[('జా', 'U'), ('తు', 'U'), ('ల్సె', 'U'), ('ప్పు', '|'), ('ట', '|'), ('సే', 'U'), ('వ', '|'), ('సే', 'U'), ('యు', '|'), ('ట', '|'), ('మృ', '|'), ('ష', 'U'), ('ల్సం', 'U'), ('ధిం', 'U'), ('చు', '|'), ('ట', 'U'), ('న్యా', 'U'), ('య', '|'), ('వి', 'U'), ('ఖ్యా', 'U'), ('తిం', 'U'), ('బొం', 'U'), ('దు', '|'), ('ట', '|'), ('కొం', 'U'), ('డె', '|'), ('కా', 'U'), ('డ', '|'), ('వు', '|'), ('ట', '|'), ('హిం', 'U'), ('సా', 'U'), ('రం', 'U'), ('భ', '|'), ('కుం', 'U'), ('డౌ', 'U'), ('ట', '|'), ('మి', 'U'), ('థ్యా', 'U'), ('తా', 'U'), ('త్ప', 'U'), ('ర్య', '|'), ('ము', '|'), ('లా', 'U'), ('డు', '|'), ('ట', 'U'), ('న్ని', '|'), ('యు', '|'), ('బ', '|'), ('ర', '|'), ('ద్ర', 'U'), ('వ్యం', 'U'), ('బు', '|'), ('నా', 'U'), ('శిం', 'U'), ('చి', '|'), ('యీ', 'U'), ('శ్రీ', 'U'), ('తా', 'U'), ('నె', 'U'), ('న్ని', '|'), ('యు', '|'), ('గం', 'U'), ('బు', '|'), ('లుం', 'U'), ('డ', '|'), ('గ', '|'), ('ల', '|'), ('దో', 'U'), ('శ్రీ', 'U'), ('కా', 'U'), ('ళ', '|'), ('హ', 'U'), ('స్తీ', 'U'), ('శ్వ', '|'), ('రా', 'U')]",0.9428571428571428,1.0,1.0,0.9642857142857143,0.75,1.0
mattebhamu,"చెడుగుల్‌ కొందఱు కూడి చేయఁగఁ బనుల్‌ చీకట్లు దూఱంగఁ బా
ల్పడితింగాని చరింపరాని నిను నొల్లంజాలుఁ బొమ్మంచు ని
ల్వెడలం ద్రోచినఁజూరువట్టుకొని నే వ్రేలాడుదుం గోర్కిఁగో
రెడి యర్థంబులు నాకు వే గలుగవో శ్రీకాళహస్తీశ్వరా!",vruttamu,Srikaalahasteeswara,"[('చె', '|'), ('డు', '|'), ('గు', 'U'), ('ల్కొం', 'U'), ('ద', '|'), ('ఱు', '|'), ('కూ', 'U'), ('డి', '|'), ('చే', 'U'), ('య', '|'), ('గ', '|'), ('బ', '|'), ('ను', 'U'), ('ల్చీ', 'U'), ('క', 'U'), ('ట్లు', '|'), ('దూ', 'U'), ('ఱం', 'U'), ('గ', '|'), ('బా', 'U'), ('ల్ప', '|'), ('డి', '|'), ('తిం', 'U'), ('గా', 'U'), ('ని', '|'), ('చ', '|'), ('రిం', 'U'), ('ప', '|'), ('రా', 'U'), ('ని', '|'), ('ని', '|'), ('ను', '|'), ('నొ', 'U'), ('ల్లం', 'U'), ('జా', 'U'), ('లు', '|'), ('బొ', 'U'), ('మ్మం', 'U'), ('చు', '|'), ('ని', 'U'), ('ల్వె', '|'), ('డ', '|'), ('లం', 'U'), ('ద్రో', 'U'), ('చి', '|'), ('న', '|'), ('జూ', 'U'), ('రు', '|'), ('వ', 'U'), ('ట్టు', '|'), ('కొ', '|'), ('ని', '|'), ('నే', 'U'), ('వ్రే', 'U'), ('లా', 'U'), ('డు', '|'), ('దుం', 'U'), ('గో', 'U'), ('ర్కి', '|'), ('గో', 'U'), ('రె', '|'), ('డి', '|'), ('య', 'U'), ('ర్థం', 'U'), ('బు', '|'), ('లు', '|'), ('నా', 'U'), ('కు', '|'), ('వే', 'U'), ('గ', '|'), ('లు', '|'), ('గ', '|'), ('వో', 'U'), ('శ్రీ', 'U'), ('కా', 'U'), ('ళ', '|'), ('హ', 'U'), ('స్తీ', 'U'), ('శ్వ', '|'), ('రా', 'U')]",1.0,1.0,1.0,1.0,1.0,1.0
mattebhamu,"భసితోద్ధూళన ధూసరాంగులు జటాభారోత్తమాంగుల్‌ తపో
వ్యసనుల్‌ సాధితపంచవర్ణరసనుల్‌ వైరాగ్యవంతుల్‌ నితాం
తసుఖస్వాంతులు సత్యభాషణ సముద్యద్రత్నరుద్రాక్షరా
జిసమేతుల్‌ తుదనెవ్వరైనఁ గొలుతున్‌ శ్రీకాళహస్తీశ్వరా!",vruttamu,Srikaalahasteeswara,"[('భ', '|'), ('సి', '|'), ('తో', 'U'), ('ద్ధూ', 'U'), ('ళ', '|'), ('న', '|'), ('ధూ', 'U'), ('స', '|'), ('రాం', 'U'), ('గు', '|'), ('లు', '|'), ('జ', '|'), ('టా', 'U'), ('భా', 'U'), ('రో', 'U'), ('త్త', '|'), ('మాం', 'U'), ('గు', 'U'), ('ల్త', '|'), ('పో', 'U'), ('వ్య', '|'), ('స', '|'), ('ను', 'U'), ('ల్సా', 'U'), ('ధి', '|'), ('త', '|'), ('పం', 'U'), ('చ', '|'), ('వ', 'U'), ('ర్ణ', '|'), ('ర', '|'), ('స', '|'), ('ను', 'U'), ('ల్వై', 'U'), ('రా', 'U'), ('గ్య', '|'), ('వం', 'U'), ('తు', 'U'), ('ల్ని', '|'), ('తాం', 'U'), ('త', '|'), ('సు', '|'), ('ఖ', 'U'), ('స్వాం', 'U'), ('తు', '|'), ('లు', '|'), ('స', 'U'), ('త్య', '|'), ('భా', 'U'), ('ష', '|'), ('ణ', '|'), ('స', '|'), ('ము', 'U'), ('ద్య', '|'), ('ద్ర', 'U'), ('త్న', '|'), ('రు', '|'), ('ద్రా', 'U'), ('క్ష', '|'), ('రా', 'U'), ('జి', '|'), ('స', '|'), ('మే', 'U'), ('తు', 'U'), ('ల్తు', '|'), ('ద', '|'), ('నె', 'U'), ('వ్వ', '|'), ('రై', 'U'), ('న', '|'), ('గొ', '|'), ('లు', '|'), ('తు', 'U'), ('న్శ్రీ', 'U'), ('కా', 'U'), ('ళ', '|'), ('హ', 'U'), ('స్తీ', 'U'), ('శ్వ', '|'), ('రా', 'U')]",0.9857142857142858,1.0,1.0,0.9285714285714286,1.0,1.0
mattebhamu,"జలజశ్రీగల మంచినీళ్ళు గలవా చట్రాతిలో బాపురే!
వెలివాడన్మఱి బాఁపనిల్లు గలదా వేసాలు గాకక్కటా!
నలి నారెండుగుణంబులెంచి మదిలో నన్నేమి రోయంగ నీ
చెలువంబైన గుణంబు లెంచుకొనవే శ్రీకాళహస్తీశ్వరా!",vruttamu,Srikaalahasteeswara,"[('జ', '|'), ('ల', '|'), ('జ', '|'), ('శ్రీ', 'U'), ('గ', '|'), ('ల', '|'), ('మం', 'U'), ('చి', '|'), ('నీ', 'U'), ('ళ్ళు', '|'), ('గ', '|'), ('ల', '|'), ('వా', 'U'), ('చ', '|'), ('ట్రా', 'U'), ('తి', '|'), ('లో', 'U'), ('బా', 'U'), ('పు', '|'), ('రే', 'U'), ('వె', '|'), ('లి', '|'), ('వా', 'U'), ('డ', 'U'), ('న్మ', '|'), ('ఱి', '|'), ('బా', 'U'), ('ప', '|'), ('ని', 'U'), ('ల్లు', '|'), ('గ', '|'), ('ల', '|'), ('దా', 'U'), ('వే', 'U'), ('సా', 'U'), ('లు', '|'), ('గా', 'U'), ('క', 'U'), ('క్క', '|'), ('టా', 'U'), ('న', '|'), ('లి', '|'), ('నా', 'U'), ('రెం', 'U'), ('డు', '|'), ('గు', '|'), ('ణం', 'U'), ('బు', '|'), ('లెం', 'U'), ('చి', '|'), ('మ', '|'), ('ది', '|'), ('లో', 'U'), ('న', 'U'), ('న్నే', 'U'), ('మి', '|'), ('రో', 'U'), ('యం', 'U'), ('గ', '|'), ('నీ', 'U'), ('చె', '|'), ('లు', '|'), ('వం', 'U'), ('బై', 'U'), ('న', '|'), ('గు', '|'), ('ణం', 'U'), ('బు', '|'), ('లెం', 'U'), ('చు', '|'), ('కొ', '|'), ('న', '|'), ('వే', 'U'), ('శ్రీ', 'U'), ('కా', 'U'), ('ళ', '|'), ('హ', 'U'), ('స్తీ', 'U'), ('శ్వ', '|'), ('రా', 'U')]",0.9857142857142858,1.0,1.0,0.9285714285714286,1.0,1.0
mattebhamu,"గడియల్‌ రెంటికొ మూఁటికో గడియకో కాదేని నేఁడెల్లియో
కడనేఁడాదికొ యెన్నడో యెఱుఁగ మీ కాయంబు లీ భూమిపైఁ
బడఁగా నున్నవి ధర్మమార్గమొకటిం బాటింపరీ మానవుల్‌
చెడుగుల్‌ నీ పదభక్తిం దెలియరో శ్రీకాళహస్తీశ్వరా!",vruttamu,Srikaalahasteeswara,"[('గ', '|'), ('డి', '|'), ('య', '|'), ('ల్రెం', 'U'), ('టి', '|'), ('కొ', '|'), ('మూ', 'U'), ('టి', '|'), ('కో', 'U'), ('గ', '|'), ('డి', '|'), ('య', '|'), ('కో', 'U'), ('కా', 'U'), ('దే', 'U'), ('ని', '|'), ('నే', 'U'), ('డె', 'U'), ('ల్లి', '|'), ('యో', 'U'), ('క', '|'), ('డ', '|'), ('నే', 'U'), ('డా', 'U'), ('ది', '|'), ('కొ', '|'), ('యె', 'U'), ('న్న', '|'), ('డో', 'U'), ('యె', '|'), ('ఱు', '|'), ('గ', '|'), ('మీ', 'U'), ('కా', 'U'), ('యం', 'U'), ('బు', '|'), ('లీ', 'U'), ('భూ', 'U'), ('మి', '|'), ('పై', 'U'), ('బ', '|'), ('డ', '|'), ('గా', 'U'), ('ను', 'U'), ('న్న', '|'), ('వి', '|'), ('ధ', 'U'), ('ర్మ', '|'), ('మా', 'U'), ('ర్గ', '|'), ('మొ', '|'), ('క', '|'), ('టిం', 'U'), ('బా', 'U'), ('టిం', 'U'), ('ప', '|'), ('రీ', 'U'), ('మా', 'U'), ('న', '|'), ('వుల్', 'U'), ('చె', '|'), ('డు', '|'), ('గు', 'U'), ('ల్నీ', 'U'), ('ప', '|'), ('ద', '|'), ('భ', 'U'), ('క్తిం', 'U'), ('దె', '|'), ('లి', '|'), ('య', '|'), ('రో', 'U'), ('శ్రీ', 'U'), ('కా', 'U'), ('ళ', '|'), ('హ', 'U'), ('స్తీ', 'U'), ('శ్వ', '|'), ('రా', 'U')]",0.9046428571428571,0.9875,1.0,0.7857142857142857,0.75,1.0
mattebhamu,"క్షితిలో దొడ్డతురంగసామజములే చిత్రమ్ము లాందోళికా
తతులే లెక్క విలాసినీజన సువస్త్రవ్రాత భూషాకలా
ప తనూజాదికమేమి దుర్లభము నీ పాదమ్ము లర్చించుచో
జితపంకేరుహ పాదపద్మయుగళా శ్రీకాళహస్తీశ్వరా!",vruttamu,Srikaalahasteeswara,"[('క్షి', '|'), ('తి', '|'), ('లో', 'U'), ('దొ', 'U'), ('డ్డ', '|'), ('తు', '|'), ('రం', 'U'), ('గ', '|'), ('సా', 'U'), ('మ', '|'), ('జ', '|'), ('ము', '|'), ('లే', 'U'), ('చి', '|'), ('త్ర', 'U'), ('మ్ము', '|'), ('లాం', 'U'), ('దో', 'U'), ('ళి', '|'), ('కా', 'U'), ('త', '|'), ('తు', '|'), ('లే', 'U'), ('లె', 'U'), ('క్క', '|'), ('వి', '|'), ('లా', 'U'), ('సి', '|'), ('నీ', 'U'), ('జ', '|'), ('న', '|'), ('సు', '|'), ('వ', 'U'), ('స్త్ర', '|'), ('వ్రా', 'U'), ('త', '|'), ('భూ', 'U'), ('షా', 'U'), ('క', '|'), ('లా', 'U'), ('ప', '|'), ('త', '|'), ('నూ', 'U'), ('జా', 'U'), ('ది', '|'), ('క', '|'), ('మే', 'U'), ('మి', '|'), ('దు', 'U'), ('ర్ల', '|'), ('భ', '|'), ('ము', '|'), ('నీ', 'U'), ('పా', 'U'), ('ద', 'U'), ('మ్ము', '|'), ('ల', 'U'), ('ర్చిం', 'U'), ('చు', '|'), ('చో', 'U'), ('జి', '|'), ('త', '|'), ('పం', 'U'), ('కే', 'U'), ('రు', '|'), ('హ', '|'), ('పా', 'U'), ('ద', '|'), ('ప', 'U'), ('ద్మ', '|'), ('యు', '|'), ('గ', '|'), ('ళా', 'U'), ('శ్రీ', 'U'), ('కా', 'U'), ('ళ', '|'), ('హ', 'U'), ('స్తీ', 'U'), ('శ్వ', '|'), ('రా', 'U')]",0.9857142857142858,1.0,1.0,0.9285714285714286,1.0,1.0
mattebhamu,"సలిలమ్మున్జుళుకప్రమాణ మొక పుష్పమ్మున్భవన్మౌళి ని
శ్చల భక్తిప్రపత్తిచే నరుఁడు పూజల్సేయఁగా ధన్యుఁడౌ
నిల గంగానదిఁ జంద్రఖండమును దా నిందుం దుదింగాంచు నీ
చెలువంబంతయు నీ మహత్త్వమిదిగా శ్రీకాళహస్తీశ్వరా!",vruttamu,Srikaalahasteeswara,"[('స', '|'), ('లి', '|'), ('ల', 'U'), ('మ్ము', 'U'), ('న్జు', '|'), ('ళు', '|'), ('క', '|'), ('ప్ర', '|'), ('మా', 'U'), ('ణ', '|'), ('మొ', '|'), ('క', '|'), ('పు', 'U'), ('ష్ప', 'U'), ('మ్ము', 'U'), ('న్భ', '|'), ('వ', 'U'), ('న్మౌ', 'U'), ('ళి', '|'), ('ని', 'U'), ('శ్చ', '|'), ('ల', '|'), ('భ', 'U'), ('క్తి', '|'), ('ప్ర', '|'), ('ప', 'U'), ('త్తి', '|'), ('చే', 'U'), ('న', '|'), ('రు', '|'), ('డు', '|'), ('పూ', 'U'), ('జ', 'U'), ('ల్సే', 'U'), ('య', '|'), ('గా', 'U'), ('ధ', 'U'), ('న్యు', '|'), ('డౌ', 'U'), ('ని', '|'), ('ల', '|'), ('గం', 'U'), ('గా', 'U'), ('న', '|'), ('ది', '|'), ('జం', 'U'), ('ద్ర', '|'), ('ఖం', 'U'), ('డ', '|'), ('ము', '|'), ('ను', '|'), ('దా', 'U'), ('నిం', 'U'), ('దుం', 'U'), ('దు', '|'), ('దిం', 'U'), ('గాం', 'U'), ('చు', '|'), ('నీ', 'U'), ('చె', '|'), ('లు', '|'), ('వం', 'U'), ('బం', 'U'), ('త', '|'), ('యు', '|'), ('నీ', 'U'), ('మ', '|'), ('హ', 'U'), ('త్త్వ', '|'), ('మి', '|'), ('ది', '|'), ('గా', 'U'), ('శ్రీ', 'U'), ('కా', 'U'), ('ళ', '|'), ('హ', 'U'), ('స్తీ', 'U'), ('శ్వ', '|'), ('రా', 'U')]",0.5974999999999999,0.9875,1.0,0.25,0.25,0.5
mattebhamu,"తమ నేత్రద్యుతిఁ దామెచూడ సుఖమై తాదాత్మ్యమున్గూర్పఁగా
విమలమ్ము ల్కమలాభము ల్జితలసద్విత్యుల్లతాలాస్యముల్‌
సుమనోబాణజయప్రదమ్ములనుచు న్జూచున్‌ జనంబూని హా
రిమృగాక్షీనివహమ్ము కన్నుఁగవలన్‌ శ్రీకాళహస్తీశ్వరా!",vruttamu,Srikaalahasteeswara,"[('త', '|'), ('మ', '|'), ('నే', 'U'), ('త్ర', 'U'), ('ద్యు', '|'), ('తి', '|'), ('దా', 'U'), ('మె', '|'), ('చూ', 'U'), ('డ', '|'), ('సు', '|'), ('ఖ', '|'), ('మై', 'U'), ('తా', 'U'), ('దా', 'U'), ('త్మ్య', '|'), ('ము', 'U'), ('న్గూ', 'U'), ('ర్ప', '|'), ('గా', 'U'), ('వి', '|'), ('మ', '|'), ('ల', 'U'), ('మ్ము', 'U'), ('ల్క', '|'), ('మ', '|'), ('లా', 'U'), ('భ', '|'), ('ము', 'U'), ('ల్జి', '|'), ('త', '|'), ('ల', '|'), ('స', 'U'), ('ద్వి', 'U'), ('త్యు', 'U'), ('ల్ల', '|'), ('తా', 'U'), ('లా', 'U'), ('స్య', '|'), ('ముల్', 'U'), ('సు', '|'), ('మ', '|'), ('నో', 'U'), ('బా', 'U'), ('ణ', '|'), ('జ', '|'), ('య', '|'), ('ప్ర', '|'), ('ద', 'U'), ('మ్ము', '|'), ('ల', '|'), ('ను', '|'), ('చు', 'U'), ('న్జూ', 'U'), ('చు', 'U'), ('న్జ', '|'), ('నం', 'U'), ('బూ', 'U'), ('ని', '|'), ('హా', 'U'), ('రి', '|'), ('మృ', '|'), ('గా', 'U'), ('క్షీ', 'U'), ('ని', '|'), ('వ', '|'), ('హ', 'U'), ('మ్ము', '|'), ('క', 'U'), ('న్ను', '|'), ('గ', '|'), ('వ', '|'), ('ల', 'U'), ('న్శ్రీ', 'U'), ('కా', 'U'), ('ళ', '|'), ('హ', 'U'), ('స్తీ', 'U'), ('శ్వ', '|'), ('రా', 'U')]",0.9928571428571429,1.0,1.0,0.9642857142857143,1.0,1.0
mattebhamu,"పటవద్రజ్జుభుజంగవద్రజత విభ్రాంతి స్ఫురచ్ఛుక్తివ
ద్ఘటవ చ్చంద్రశిలాజపాకుసుమ రుక్సాంగత్యవత్తంచు వా
క్పటిమల్నేర్తురు చిత్సుఖంబనుభవింపన్‌ లేక దుర్మేధసుల్‌
చిటుకన్నం దలపోయఁజూతురధముల్‌ శ్రీకాళహస్తీశ్వరా!",vruttamu,Srikaalahasteeswara,"[('ప', '|'), ('ట', '|'), ('వ', '|'), ('ద్ర', 'U'), ('జ్జు', '|'), ('భు', '|'), ('జం', 'U'), ('గ', '|'), ('వ', '|'), ('ద్ర', '|'), ('జ', '|'), ('త', '|'), ('వి', '|'), ('భ్రాం', 'U'), ('తి', 'U'), ('స్ఫు', '|'), ('ర', 'U'), ('చ్ఛు', 'U'), ('క్తి', '|'), ('వ', 'U'), ('ద్ఘ', '|'), ('ట', '|'), ('వ', 'U'), ('చ్చం', 'U'), ('ద్ర', '|'), ('శి', '|'), ('లా', 'U'), ('జ', '|'), ('పా', 'U'), ('కు', '|'), ('సు', '|'), ('మ', '|'), ('రు', 'U'), ('క్సాం', 'U'), ('గ', 'U'), ('త్య', '|'), ('వ', 'U'), ('త్తం', 'U'), ('చు', '|'), ('వా', 'U'), ('క్ప', '|'), ('టి', '|'), ('మ', 'U'), ('ల్నే', 'U'), ('ర్తు', '|'), ('రు', '|'), ('చి', 'U'), ('త్సు', '|'), ('ఖం', 'U'), ('బ', '|'), ('ను', '|'), ('భ', '|'), ('విం', 'U'), ('ప', 'U'), ('న్లే', 'U'), ('క', '|'), ('దు', 'U'), ('ర్మే', 'U'), ('ధ', '|'), ('సుల్', 'U'), ('చి', '|'), ('టు', '|'), ('క', 'U'), ('న్నం', 'U'), ('ద', '|'), ('ల', '|'), ('పో', 'U'), ('య', '|'), ('జూ', 'U'), ('తు', '|'), ('ర', '|'), ('ధ', '|'), ('ము', 'U'), ('ల్శ్రీ', 'U'), ('కా', 'U'), ('ళ', '|'), ('హ', 'U'), ('స్తీ', 'U'), ('శ్వ', '|'), ('రా', 'U')]",0.9785714285714284,1.0,1.0,0.8928571428571429,1.0,1.0
mattebhamu,"నిను నిందించిన దక్షుపైఁ దెగవో వాణీనాథు శాసింపవో
చనునా నీ పదపద్మ సేవకులఁ దుచ్ఛంబాడు దుర్మార్గునిం\న్‌
బెనుపన్నీకును నీదు భక్తతతికిన్‌ భేదంబు గానంగ వ
చ్చెనో లేకుండిన నూఱకుండఁగలవా శ్రీకాళహస్తీశ్వరా!",vruttamu,Srikaalahasteeswara,"[('ని', '|'), ('ను', '|'), ('నిం', 'U'), ('దిం', 'U'), ('చి', '|'), ('న', '|'), ('ద', 'U'), ('క్షు', '|'), ('పై', 'U'), ('దె', '|'), ('గ', '|'), ('వో', 'U'), ('వా', 'U'), ('ణీ', 'U'), ('నా', 'U'), ('థు', '|'), ('శా', 'U'), ('సిం', 'U'), ('ప', '|'), ('వో', 'U'), ('చ', '|'), ('ను', '|'), ('నా', 'U'), ('నీ', 'U'), ('ప', '|'), ('ద', '|'), ('ప', 'U'), ('ద్మ', '|'), ('సే', 'U'), ('వ', '|'), ('కు', '|'), ('ల', '|'), ('దు', 'U'), ('చ్ఛం', 'U'), ('బా', 'U'), ('డు', '|'), ('దు', 'U'), ('ర్మా', 'U'), ('ర్గు', '|'), ('నింన్', 'U'), ('బె', '|'), ('ను', '|'), ('ప', 'U'), ('న్నీ', 'U'), ('కు', '|'), ('ను', '|'), ('నీ', 'U'), ('దు', '|'), ('భ', 'U'), ('క్త', '|'), ('త', '|'), ('తి', '|'), ('కి', 'U'), ('న్భే', 'U'), ('దం', 'U'), ('బు', '|'), ('గా', 'U'), ('నం', 'U'), ('గ', '|'), ('వ', 'U'), ('చ్చె', '|'), ('నో', 'U'), ('లే', 'U'), ('కుం', 'U'), ('డి', '|'), ('న', '|'), ('నూ', 'U'), ('ఱ', '|'), ('కుం', 'U'), ('డ', '|'), ('గ', '|'), ('ల', '|'), ('వా', 'U'), ('శ్రీ', 'U'), ('కా', 'U'), ('ళ', '|'), ('హ', 'U'), ('స్తీ', 'U'), ('శ్వ', '|'), ('రా', 'U')]",0.9857142857142858,1.0,1.0,0.9285714285714286,1.0,1.0
mattebhamu,"కరిదైత్యున్బొరిగొన్న శూలము కరగ్రస్తంబుగాదో రతీ
శ్వరునిన్‌ గాల్చిన ఫాలలోచన శిఖావర్గంబు చల్లాఱెనో
పరనిందాపరుల న్వధింపవిదియున్‌ భావ్యంబె వారేమి చే
సిరి నీకున్బరమోపకార మరయన్‌ శ్రీకాళహస్తీశ్వరా!",vruttamu,Srikaalahasteeswara,"[('క', '|'), ('రి', '|'), ('దై', 'U'), ('త్యు', 'U'), ('న్బొ', '|'), ('రి', '|'), ('గొ', 'U'), ('న్న', '|'), ('శూ', 'U'), ('ల', '|'), ('ము', '|'), ('క', '|'), ('ర', '|'), ('గ్ర', 'U'), ('స్తం', 'U'), ('బు', '|'), ('గా', 'U'), ('దో', 'U'), ('ర', '|'), ('తీ', 'U'), ('శ్వ', '|'), ('రు', '|'), ('ని', 'U'), ('న్గా', 'U'), ('ల్చి', '|'), ('న', '|'), ('ఫా', 'U'), ('ల', '|'), ('లో', 'U'), ('చ', '|'), ('న', '|'), ('శి', '|'), ('ఖా', 'U'), ('వ', 'U'), ('ర్గం', 'U'), ('బు', '|'), ('చ', 'U'), ('ల్లా', 'U'), ('ఱె', '|'), ('నో', 'U'), ('ప', '|'), ('ర', '|'), ('నిం', 'U'), ('దా', 'U'), ('ప', '|'), ('రు', '|'), ('ల', 'U'), ('న్వ', '|'), ('ధిం', 'U'), ('ప', '|'), ('వి', '|'), ('ది', '|'), ('యు', 'U'), ('న్భా', 'U'), ('వ్యం', 'U'), ('బె', '|'), ('వా', 'U'), ('రే', 'U'), ('మి', '|'), ('చే', 'U'), ('సి', '|'), ('రి', '|'), ('నీ', 'U'), ('కు', 'U'), ('న్బ', '|'), ('ర', '|'), ('మో', 'U'), ('ప', '|'), ('కా', 'U'), ('ర', '|'), ('మ', '|'), ('ర', '|'), ('య', 'U'), ('న్శ్రీ', 'U'), ('కా', 'U'), ('ళ', '|'), ('హ', 'U'), ('స్తీ', 'U'), ('శ్వ', '|'), ('రా', 'U')]",0.9928571428571429,1.0,1.0,0.9642857142857143,1.0,1.0
mattebhamu,"దురము న్దుర్గము రాయబారము మఱిన్‌ దొంగర్కమున్‌ వైద్యమున్‌
నరనాథాశ్రయమోడ బేరమును బెన్మంత్రంబు సిద్ధించినన్‌
అరయన్‌ దొడ్డఫలంబుగల్గునదిగాకా కార్యమే తప్పినన్‌
సిరియుంబోవును బ్రాణహానియు నగున్‌ శ్రీకాళహస్తీశ్వరా!",vruttamu,Srikaalahasteeswara,"[('దు', '|'), ('ర', '|'), ('ము', 'U'), ('న్దు', 'U'), ('ర్గ', '|'), ('ము', '|'), ('రా', 'U'), ('య', '|'), ('బా', 'U'), ('ర', '|'), ('ము', '|'), ('మ', '|'), ('ఱి', 'U'), ('న్దొం', 'U'), ('గ', 'U'), ('ర్క', '|'), ('ము', 'U'), ('న్వై', 'U'), ('ద్య', '|'), ('మున్', 'U'), ('న', '|'), ('ర', '|'), ('నా', 'U'), ('థా', 'U'), ('శ్ర', '|'), ('య', '|'), ('మో', 'U'), ('డ', '|'), ('బే', 'U'), ('ర', '|'), ('ము', '|'), ('ను', '|'), ('బె', 'U'), ('న్మం', 'U'), ('త్రం', 'U'), ('బు', '|'), ('సి', 'U'), ('ద్ధిం', 'U'), ('చి', '|'), ('నన్', 'U'), ('అ', '|'), ('ర', '|'), ('య', 'U'), ('న్దొ', 'U'), ('డ్డ', '|'), ('ఫ', '|'), ('లం', 'U'), ('బు', '|'), ('గ', 'U'), ('ల్గు', '|'), ('న', '|'), ('ది', '|'), ('గా', 'U'), ('కా', 'U'), ('కా', 'U'), ('ర్య', '|'), ('మే', 'U'), ('త', 'U'), ('ప్పి', '|'), ('నన్', 'U'), ('సి', '|'), ('రి', '|'), ('యుం', 'U'), ('బో', 'U'), ('వు', '|'), ('ను', '|'), ('బ్రా', 'U'), ('ణ', '|'), ('హా', 'U'), ('ని', '|'), ('యు', '|'), ('న', '|'), ('గు', 'U'), ('న్శ్రీ', 'U'), ('కా', 'U'), ('ళ', '|'), ('హ', 'U'), ('స్తీ', 'U'), ('శ్వ', '|'), ('రా', 'U')]",0.95,1.0,1.0,1.0,0.75,1.0
mattebhamu,"తనయుం గాంచి ధనంబు వాడి దివిజస్థానంబు గట్టించి వి
ప్రున కుద్వాహముఁ జేసి సత్కృతికిఁ బాత్రుండై తటాకంబు నే
ర్పునఁ ద్రవ్వించి వనంబు బెట్టి మననీ పోలేఁడు నీ సేవజే
సిన పుణ్యాత్ముఁడు పోవు లోకమునకున్‌ శ్రీకాళహస్తీశ్వరా!",vruttamu,Srikaalahasteeswara,"[('త', '|'), ('న', '|'), ('యుం', 'U'), ('గాం', 'U'), ('చి', '|'), ('ధ', '|'), ('నం', 'U'), ('బు', '|'), ('వా', 'U'), ('డి', '|'), ('ది', '|'), ('వి', '|'), ('జ', 'U'), ('స్థా', 'U'), ('నం', 'U'), ('బు', '|'), ('గ', 'U'), ('ట్టిం', 'U'), ('చి', '|'), ('వి', '|'), ('ప్రు', '|'), ('న', '|'), ('కు', 'U'), ('ద్వా', 'U'), ('హ', '|'), ('ము', '|'), ('జే', 'U'), ('సి', '|'), ('స', 'U'), ('త్కృ', '|'), ('తి', '|'), ('కి', '|'), ('బా', 'U'), ('త్రుం', 'U'), ('డై', 'U'), ('త', '|'), ('టా', 'U'), ('కం', 'U'), ('బు', '|'), ('నే', 'U'), ('ర్పు', '|'), ('న', '|'), ('ద్ర', 'U'), ('వ్విం', 'U'), ('చి', '|'), ('వ', '|'), ('నం', 'U'), ('బు', '|'), ('బె', 'U'), ('ట్టి', '|'), ('మ', '|'), ('న', '|'), ('నీ', 'U'), ('పో', 'U'), ('లే', 'U'), ('డు', '|'), ('నీ', 'U'), ('సే', 'U'), ('వ', '|'), ('జే', 'U'), ('సి', '|'), ('న', '|'), ('పు', 'U'), ('ణ్యా', 'U'), ('త్ము', '|'), ('డు', '|'), ('పో', 'U'), ('వు', '|'), ('లో', 'U'), ('క', '|'), ('ము', '|'), ('న', '|'), ('కు', 'U'), ('న్శ్రీ', 'U'), ('కా', 'U'), ('ళ', '|'), ('హ', 'U'), ('స్తీ', 'U'), ('శ్వ', '|'), ('రా', 'U')]",0.9928571428571429,1.0,1.0,0.9642857142857143,1.0,1.0
mattebhamu,"క్షితినాథోత్తమ! సత్కవీశ్వరుఁడు వచ్చెన్‌ మిమ్ములంజూడఁగా
నతఁడే మేటి కవిత్వ వైఖరిని? సద్యఃకావ్యనిర్మాత త
త్ప్రతిభ ల్మంచివి తిట్టుపద్యములు చెప్పండాతఁడైనన్‌ మముం
గ్రితమే చూచెను బొమ్మటంచురథముల్‌ శ్రీకాళహస్తీశ్వరా!",vruttamu,Srikaalahasteeswara,"[('క్షి', '|'), ('తి', '|'), ('నా', 'U'), ('థో', 'U'), ('త్త', '|'), ('మ', '|'), ('స', 'U'), ('త్క', '|'), ('వీ', 'U'), ('శ్వ', '|'), ('రు', '|'), ('డు', '|'), ('వ', 'U'), ('చ్చె', 'U'), ('న్మి', 'U'), ('మ్ము', '|'), ('లం', 'U'), ('జూ', 'U'), ('డ', '|'), ('గా', 'U'), ('న', '|'), ('త', '|'), ('డే', 'U'), ('మే', 'U'), ('టి', '|'), ('క', '|'), ('వి', 'U'), ('త్వ', '|'), ('వై', 'U'), ('ఖ', '|'), ('రి', '|'), ('ని', '|'), ('స', 'U'), ('ద్యః', 'U'), ('కా', 'U'), ('వ్య', '|'), ('ని', 'U'), ('ర్మా', 'U'), ('త', '|'), ('త', 'U'), ('త్ప్ర', '|'), ('తి', '|'), ('భ', 'U'), ('ల్మం', 'U'), ('చి', '|'), ('వి', '|'), ('తి', 'U'), ('ట్టు', '|'), ('ప', 'U'), ('ద్య', '|'), ('ము', '|'), ('లు', '|'), ('చె', 'U'), ('ప్పం', 'U'), ('డా', 'U'), ('త', '|'), ('డై', 'U'), ('న', 'U'), ('న్మ', '|'), ('ముం', 'U'), ('గ్రి', '|'), ('త', '|'), ('మే', 'U'), ('చూ', 'U'), ('చె', '|'), ('ను', '|'), ('బొ', 'U'), ('మ్మ', '|'), ('టం', 'U'), ('చు', '|'), ('ర', '|'), ('థ', '|'), ('ము', 'U'), ('ల్శ్రీ', 'U'), ('కా', 'U'), ('ళ', '|'), ('హ', 'U'), ('స్తీ', 'U'), ('శ్వ', '|'), ('రా', 'U')]",0.95,1.0,1.0,1.0,0.75,1.0
saardulamu,"నీకుంగాని కవిత్వమెవ్వరికి నేనీనంచు మీఁదెత్తితిన్‌
జేకొంటిన్‌ బిరుదంబు కంకణము ముంజేగట్టితిం బట్టితిన్‌
లోకుల్‌ మెచ్చ వ్రతంబు నా తనువుకీలున్‌ నేర్పులుంగావు ఛీ
ఛీ కాలంబుల రీతి దప్పెడు జుమీ శ్రీకాళహస్తీశ్వరా!",vruttamu,Srikaalahasteeswara,"[('నీ', 'U'), ('కుం', 'U'), ('గా', 'U'), ('ని', '|'), ('క', '|'), ('వి', 'U'), ('త్వ', '|'), ('మె', 'U'), ('వ్వ', '|'), ('రి', '|'), ('కి', '|'), ('నే', 'U'), ('నీ', 'U'), ('నం', 'U'), ('చు', '|'), ('మీ', 'U'), ('దె', 'U'), ('త్తి', '|'), ('తిన్', 'U'), ('జే', 'U'), ('కొం', 'U'), ('టి', 'U'), ('న్బి', '|'), ('రు', '|'), ('దం', 'U'), ('బు', '|'), ('కం', 'U'), ('క', '|'), ('ణ', '|'), ('ము', '|'), ('ముం', 'U'), ('జే', 'U'), ('గ', 'U'), ('ట్టి', '|'), ('తిం', 'U'), ('బ', 'U'), ('ట్టి', '|'), ('తిన్', 'U'), ('లో', 'U'), ('కు', 'U'), ('ల్మె', 'U'), ('చ్చ', '|'), ('వ్ర', '|'), ('తం', 'U'), ('బు', '|'), ('నా', 'U'), ('త', '|'), ('ను', '|'), ('వు', '|'), ('కీ', 'U'), ('లు', 'U'), ('న్నే', 'U'), ('ర్పు', '|'), ('లుం', 'U'), ('గా', 'U'), ('వు', '|'), ('ఛీ', 'U'), ('ఛీ', 'U'), ('కా', 'U'), ('లం', 'U'), ('బు', '|'), ('ల', '|'), ('రీ', 'U'), ('తి', '|'), ('ద', 'U'), ('ప్పె', '|'), ('డు', '|'), ('జు', '|'), ('మీ', 'U'), ('శ్రీ', 'U'), ('కా', 'U'), ('ళ', '|'), ('హ', 'U'), ('స్తీ', 'U'), ('శ్వ', '|'), ('రా', 'U')]",1.0,1.0,1.0,1.0,1.0,1.0
saardulamu,"నిచ్చల్‌ నిన్ను భజింప చిన్మయమహా నిర్వాణ పీఠంబుపై
రచ్చల్సేయక యార్జవంబు కుజనవ్రాతంబుచేఁగ్రాఁగి భూ
భృచ్చండాలురఁ గొల్చి వారు దను గోపింపన్‌ బుధుండార్తుఁడై
చిచ్చాఱం జమురెల్లఁ జల్లుకొనునో శ్రీకాళహస్తీశ్వరా!",vruttamu,Srikaalahasteeswara,"[('ని', 'U'), ('చ్చ', 'U'), ('ల్ని', 'U'), ('న్ను', '|'), ('భ', '|'), ('జిం', 'U'), ('ప', '|'), ('చి', 'U'), ('న్మ', '|'), ('య', '|'), ('మ', '|'), ('హా', 'U'), ('ని', 'U'), ('ర్వా', 'U'), ('ణ', '|'), ('పీ', 'U'), ('ఠం', 'U'), ('బు', '|'), ('పై', 'U'), ('ర', 'U'), ('చ్చ', 'U'), ('ల్సే', 'U'), ('య', '|'), ('క', '|'), ('యా', 'U'), ('ర్జ', '|'), ('వం', 'U'), ('బు', '|'), ('కు', '|'), ('జ', '|'), ('న', '|'), ('వ్రా', 'U'), ('తం', 'U'), ('బు', '|'), ('చే', 'U'), ('గ్రా', 'U'), ('గి', '|'), ('భూ', 'U'), ('భృ', 'U'), ('చ్చం', 'U'), ('డా', 'U'), ('లు', '|'), ('ర', '|'), ('గొ', 'U'), ('ల్చి', '|'), ('వా', 'U'), ('రు', '|'), ('ద', '|'), ('ను', '|'), ('గో', 'U'), ('పిం', 'U'), ('ప', 'U'), ('న్బు', '|'), ('ధుం', 'U'), ('డా', 'U'), ('ర్తు', '|'), ('డై', 'U'), ('చి', 'U'), ('చ్చా', 'U'), ('ఱం', 'U'), ('జ', '|'), ('ము', '|'), ('రె', 'U'), ('ల్ల', '|'), ('జ', 'U'), ('ల్లు', '|'), ('కొ', '|'), ('ను', '|'), ('నో', 'U'), ('శ్రీ', 'U'), ('కా', 'U'), ('ళ', '|'), ('హ', 'U'), ('స్తీ', 'U'), ('శ్వ', '|'), ('రా', 'U')]",0.9928571428571429,1.0,1.0,0.9642857142857143,1.0,1.0
saardulamu,"దంతంబుల్పడనప్పుడే తనువునన్‌ దార్ఢ్యంబు నున్నప్పుడే
కాంతాసంఘము రోయనప్పుడె జరాక్రాంతంబు గానప్పుడే
వింతల్మేనఁ జరించనప్పుడె కురుల్వెల్వెల్ల గానప్పుడే
చింతింపన్‌వలె నీ పదాంబుజములన్‌ శ్రీకాళహస్తీశ్వరా!",vruttamu,Srikaalahasteeswara,"[('దం', 'U'), ('తం', 'U'), ('బు', 'U'), ('ల్ప', '|'), ('డ', '|'), ('న', 'U'), ('ప్పు', '|'), ('డే', 'U'), ('త', '|'), ('ను', '|'), ('వు', '|'), ('న', 'U'), ('న్దా', 'U'), ('ర్ఢ్యం', 'U'), ('బు', '|'), ('ను', 'U'), ('న్న', 'U'), ('ప్పు', '|'), ('డే', 'U'), ('కాం', 'U'), ('తా', 'U'), ('సం', 'U'), ('ఘ', '|'), ('ము', '|'), ('రో', 'U'), ('య', '|'), ('న', 'U'), ('ప్పు', '|'), ('డె', '|'), ('జ', '|'), ('రా', 'U'), ('క్రాం', 'U'), ('తం', 'U'), ('బు', '|'), ('గా', 'U'), ('న', 'U'), ('ప్పు', '|'), ('డే', 'U'), ('విం', 'U'), ('త', 'U'), ('ల్మే', 'U'), ('న', '|'), ('జ', '|'), ('రిం', 'U'), ('చ', '|'), ('న', 'U'), ('ప్పు', '|'), ('డె', '|'), ('కు', '|'), ('రు', 'U'), ('ల్వె', 'U'), ('ల్వె', 'U'), ('ల్ల', '|'), ('గా', 'U'), ('న', 'U'), ('ప్పు', '|'), ('డే', 'U'), ('చిం', 'U'), ('తిం', 'U'), ('ప', 'U'), ('న్వ', '|'), ('లె', '|'), ('నీ', 'U'), ('ప', '|'), ('దాం', 'U'), ('బు', '|'), ('జ', '|'), ('ము', '|'), ('ల', 'U'), ('న్శ్రీ', 'U'), ('కా', 'U'), ('ళ', '|'), ('హ', 'U'), ('స్తీ', 'U'), ('శ్వ', '|'), ('రా', 'U')]",1.0,1.0,1.0,1.0,1.0,1.0
saardulamu,"ఊరూరన్‌ బవినీని కాండ్లు కవులై యొక్కొక్కచోఁ గొందఱన్‌
కేరే మీరును బాణకాదురనుచున్‌ గీతాలు బోధింపఁగా
సారాసారమెఱుంగలేక మిగులంజౌకయ్యెగా పద్యముల్‌
జేరంజోటికనేది సత్కవులకున్‌ శ్రీకాళహస్తీశ్వరా!",vruttamu,Srikaalahasteeswara,"[('ఊ', 'U'), ('రూ', 'U'), ('ర', 'U'), ('న్బ', '|'), ('వి', '|'), ('నీ', 'U'), ('ని', '|'), ('కాం', 'U'), ('డ్లు', '|'), ('క', '|'), ('వు', '|'), ('లై', 'U'), ('యొ', 'U'), ('క్కొ', 'U'), ('క్క', '|'), ('చో', 'U'), ('గొం', 'U'), ('ద', '|'), ('ఱన్', 'U'), ('కే', 'U'), ('రే', 'U'), ('మీ', 'U'), ('రు', '|'), ('ను', '|'), ('బా', 'U'), ('ణ', '|'), ('కా', 'U'), ('దు', '|'), ('ర', '|'), ('ను', '|'), ('చు', 'U'), ('న్గీ', 'U'), ('తా', 'U'), ('లు', '|'), ('బో', 'U'), ('ధిం', 'U'), ('ప', '|'), ('గా', 'U'), ('సా', 'U'), ('రా', 'U'), ('సా', 'U'), ('ర', '|'), ('మె', '|'), ('ఱుం', 'U'), ('గ', '|'), ('లే', 'U'), ('క', '|'), ('మి', '|'), ('గు', '|'), ('లం', 'U'), ('జౌ', 'U'), ('క', 'U'), ('య్యె', '|'), ('గా', 'U'), ('ప', 'U'), ('ద్య', '|'), ('ముల్', 'U'), ('జే', 'U'), ('రం', 'U'), ('జో', 'U'), ('టి', '|'), ('క', '|'), ('నే', 'U'), ('ది', '|'), ('స', 'U'), ('త్క', '|'), ('వు', '|'), ('ల', '|'), ('కు', 'U'), ('న్శ్రీ', 'U'), ('కా', 'U'), ('ళ', '|'), ('హ', 'U'), ('స్తీ', 'U'), ('శ్వ', '|'), ('రా', 'U')]",0.95,1.0,1.0,1.0,0.75,1.0
saardulamu,"దొప్పెండెంగిలి దెచ్చియిచ్చినను గండూషాంబుధారావళిన్‌
దొప్పం దోఁగిన చెప్పుగాల తలపై ద్రొక్కంగ నట్లైనఁ గ
న్నప్పం బాత్రుని జేసితింతటికి సన్మానంబు దీపింపఁగా
చెప్పన్నేరము నీ విహార మహిమల్‌ శ్రీకాళహస్తీశ్వరా!",vruttamu,Srikaalahasteeswara,"[('దొ', 'U'), ('ప్పెం', 'U'), ('డెం', 'U'), ('గి', '|'), ('లి', '|'), ('దె', 'U'), ('చ్చి', '|'), ('యి', 'U'), ('చ్చి', '|'), ('న', '|'), ('ను', '|'), ('గం', 'U'), ('డూ', 'U'), ('షాం', 'U'), ('బు', '|'), ('ధా', 'U'), ('రా', 'U'), ('వ', '|'), ('ళిన్', 'U'), ('దొ', 'U'), ('ప్పం', 'U'), ('దో', 'U'), ('గి', '|'), ('న', '|'), ('చె', 'U'), ('ప్పు', '|'), ('గా', 'U'), ('ల', '|'), ('త', '|'), ('ల', '|'), ('పై', 'U'), ('ద్రొ', 'U'), ('క్కం', 'U'), ('గ', '|'), ('న', 'U'), ('ట్లై', 'U'), ('న', '|'), ('గ', 'U'), ('న్న', 'U'), ('ప్పం', 'U'), ('బా', 'U'), ('త్రు', '|'), ('ని', '|'), ('జే', 'U'), ('సి', '|'), ('తిం', 'U'), ('త', '|'), ('టి', '|'), ('కి', '|'), ('స', 'U'), ('న్మా', 'U'), ('నం', 'U'), ('బు', '|'), ('దీ', 'U'), ('పిం', 'U'), ('ప', '|'), ('గా', 'U'), ('చె', 'U'), ('ప్ప', 'U'), ('న్నే', 'U'), ('ర', '|'), ('ము', '|'), ('నీ', 'U'), ('వి', '|'), ('హా', 'U'), ('ర', '|'), ('మ', '|'), ('హి', '|'), ('మ', 'U'), ('ల్శ్రీ', 'U'), ('కా', 'U'), ('ళ', '|'), ('హ', 'U'), ('స్తీ', 'U'), ('శ్వ', '|'), ('రా', 'U')]",1.0,1.0,1.0,1.0,1.0,1.0
mattebhamu,"అల యేకార్ణవ వేళ నీవు వటపత్రాకారమై యుండఁగా
చెలువంబొప్పఁగ మాధవుండు గలిగెన్‌ జేరంగఁజోటంచుదా
నెలమిం దామరతంపరై బ్రతికి నాఁడింతాకు పై నుండియే
సిలుగుల్‌ పొందక నీ కతంబునగదా శ్రీకాళహస్తీశ్వరా!",vruttamu,Srikaalahasteeswara,"[('అ', '|'), ('ల', '|'), ('యే', 'U'), ('కా', 'U'), ('ర్ణ', '|'), ('వ', '|'), ('వే', 'U'), ('ళ', '|'), ('నీ', 'U'), ('వు', '|'), ('వ', '|'), ('ట', '|'), ('ప', '|'), ('త్రా', 'U'), ('కా', 'U'), ('ర', '|'), ('మై', 'U'), ('యుం', 'U'), ('డ', '|'), ('గా', 'U'), ('చె', '|'), ('లు', '|'), ('వం', 'U'), ('బొ', 'U'), ('ప్ప', '|'), ('గ', '|'), ('మా', 'U'), ('ధ', '|'), ('వుం', 'U'), ('డు', '|'), ('గ', '|'), ('లి', '|'), ('గె', 'U'), ('న్జే', 'U'), ('రం', 'U'), ('గ', '|'), ('జో', 'U'), ('టం', 'U'), ('చు', '|'), ('దా', 'U'), ('నె', '|'), ('ల', '|'), ('మిం', 'U'), ('దా', 'U'), ('మ', '|'), ('ర', '|'), ('తం', 'U'), ('ప', '|'), ('రై', 'U'), ('బ్ర', '|'), ('తి', '|'), ('కి', '|'), ('నా', 'U'), ('డిం', 'U'), ('తా', 'U'), ('కు', '|'), ('పై', 'U'), ('నుం', 'U'), ('డి', '|'), ('యే', 'U'), ('సి', '|'), ('లు', '|'), ('గు', 'U'), ('ల్పొం', 'U'), ('ద', '|'), ('క', '|'), ('నీ', 'U'), ('క', '|'), ('తం', 'U'), ('బు', '|'), ('న', '|'), ('గ', '|'), ('దా', 'U'), ('శ్రీ', 'U'), ('కా', 'U'), ('ళ', '|'), ('హ', 'U'), ('స్తీ', 'U'), ('శ్వ', '|'), ('రా', 'U')]",0.8928571428571429,1.0,1.0,0.9642857142857143,0.5,1.0
kandamu,"శ్రీ రాముని దయ చేతను
నారూఢిగ సకల జనులు నౌరా యనఁగా
ధారాళమైన నీతులు
నోరూఁరఁగ జవులు పుట్ట నుడివెద సుమతీ!",jaathi,Sumathi,"[('శ్రీ', 'U'), ('రా', 'U'), ('ము', '|'), ('ని', '|'), ('ద', '|'), ('య', '|'), ('చే', 'U'), ('త', '|'), ('ను', '|'), ('నా', 'U'), ('రూ', 'U'), ('ఢి', '|'), ('గ', '|'), ('స', '|'), ('క', '|'), ('ల', '|'), ('జ', '|'), ('ను', '|'), ('లు', '|'), ('నౌ', 'U'), ('రా', 'U'), ('య', '|'), ('న', '|'), ('గా', 'U'), ('ధా', 'U'), ('రా', 'U'), ('ళ', '|'), ('మై', 'U'), ('న', '|'), ('నీ', 'U'), ('తు', '|'), ('లు', '|'), ('నో', 'U'), ('రూ', 'U'), ('ర', '|'), ('గ', '|'), ('జ', '|'), ('వు', '|'), ('లు', '|'), ('పు', 'U'), ('ట్ట', '|'), ('ను', '|'), ('డి', '|'), ('వె', '|'), ('ద', '|'), ('సు', '|'), ('మ', '|'), ('తీ', 'U')]",1.0,-1.0,1.0,1.0,1.0,1.0
kandamu,"అక్కఱకు రాని చుట్టము
మ్రొక్కిన వరమీని వేల్పు మోహరమునఁ దా
నెక్కినఁ బాఱని గుఱ్ఱము
గ్రక్కున విడువంగ వలయుఁ గదరా సుమతీ !",jaathi,Sumathi,"[('అ', 'U'), ('క్క', '|'), ('ఱ', '|'), ('కు', '|'), ('రా', 'U'), ('ని', '|'), ('చు', 'U'), ('ట్ట', '|'), ('ము', '|'), ('మ్రొ', 'U'), ('క్కి', '|'), ('న', '|'), ('వ', '|'), ('ర', '|'), ('మీ', 'U'), ('ని', '|'), ('వే', 'U'), ('ల్పు', '|'), ('మో', 'U'), ('హ', '|'), ('ర', '|'), ('ము', '|'), ('న', '|'), ('దా', 'U'), ('నె', 'U'), ('క్కి', '|'), ('న', '|'), ('బా', 'U'), ('ఱ', '|'), ('ని', '|'), ('గు', 'U'), ('ఱ్ఱ', '|'), ('ము', '|'), ('గ్ర', 'U'), ('క్కు', '|'), ('న', '|'), ('వి', '|'), ('డు', '|'), ('వం', 'U'), ('గ', '|'), ('వ', '|'), ('ల', '|'), ('యు', '|'), ('గ', '|'), ('ద', '|'), ('రా', 'U'), ('సు', '|'), ('మ', '|'), ('తీ', 'U')]",1.0,-1.0,1.0,1.0,1.0,1.0
kandamu,"అడిగిన జీతం బియ్యని
మిడిమేలపు దొరను గొల్చి మిడుకుట కంటెన్‌
వడి గల యెద్దులఁ గట్టుక
మడి దున్నుక బ్రతుక వచ్చు మహిలో సుమతీ!",jaathi,Sumathi,"[('అ', '|'), ('డి', '|'), ('గి', '|'), ('న', '|'), ('జీ', 'U'), ('తం', 'U'), ('బి', 'U'), ('య్య', '|'), ('ని', '|'), ('మి', '|'), ('డి', '|'), ('మే', 'U'), ('ల', '|'), ('పు', '|'), ('దొ', '|'), ('ర', '|'), ('ను', '|'), ('గొ', 'U'), ('ల్చి', '|'), ('మి', '|'), ('డు', '|'), ('కు', '|'), ('ట', '|'), ('కం', 'U'), ('టెన్', 'U'), ('వ', '|'), ('డి', '|'), ('గ', '|'), ('ల', '|'), ('యె', 'U'), ('ద్దు', '|'), ('ల', '|'), ('గ', 'U'), ('ట్టు', '|'), ('క', '|'), ('మ', '|'), ('డి', '|'), ('దు', 'U'), ('న్ను', '|'), ('క', '|'), ('బ్ర', '|'), ('తు', '|'), ('క', '|'), ('వ', 'U'), ('చ్చు', '|'), ('మ', '|'), ('హి', '|'), ('లో', 'U'), ('సు', '|'), ('మ', '|'), ('తీ', 'U')]",1.0,-1.0,1.0,1.0,1.0,1.0
kandamu,"అడియాస కొలువుఁ గొలువకు
గుడిమణియము సేయఁబోకు, కుజనులతోడన్‌
విడువక కూరిమి సేయకు
మడవినిఁ దోడరయ కొంటి నరుగకు సుమతీ!",jaathi,Sumathi,"[('అ', '|'), ('డి', '|'), ('యా', 'U'), ('స', '|'), ('కొ', '|'), ('లు', '|'), ('వు', '|'), ('గొ', '|'), ('లు', '|'), ('వ', '|'), ('కు', '|'), ('గు', '|'), ('డి', '|'), ('మ', '|'), ('ణి', '|'), ('య', '|'), ('ము', '|'), ('సే', 'U'), ('య', '|'), ('బో', 'U'), ('కు', '|'), ('కు', '|'), ('జ', '|'), ('ను', '|'), ('ల', '|'), ('తో', 'U'), ('డన్', 'U'), ('వి', '|'), ('డు', '|'), ('వ', '|'), ('క', '|'), ('కూ', 'U'), ('రి', '|'), ('మి', '|'), ('సే', 'U'), ('య', '|'), ('కు', '|'), ('మ', '|'), ('డ', '|'), ('వి', '|'), ('ని', '|'), ('దో', 'U'), ('డ', '|'), ('ర', '|'), ('య', '|'), ('కొం', 'U'), ('టి', '|'), ('న', '|'), ('రు', '|'), ('గ', '|'), ('కు', '|'), ('సు', '|'), ('మ', '|'), ('తీ', 'U')]",0.875,-1.0,1.0,1.0,0.5,1.0
kandamu,"అధరము గదలియుఁ గదలక
మధురములగు భాషలుడిగి మౌనవ్రతుఁడౌ
నధికార రోగపూరిత
బధిరాంధక శవముఁ జూడఁ బాపము సుమతీ!",jaathi,Sumathi,"[('అ', '|'), ('ధ', '|'), ('ర', '|'), ('ము', '|'), ('గ', '|'), ('ద', '|'), ('లి', '|'), ('యు', '|'), ('గ', '|'), ('ద', '|'), ('ల', '|'), ('క', '|'), ('మ', '|'), ('ధు', '|'), ('ర', '|'), ('ము', '|'), ('ల', '|'), ('గు', '|'), ('భా', 'U'), ('ష', '|'), ('లు', '|'), ('డి', '|'), ('గి', '|'), ('మౌ', 'U'), ('న', '|'), ('వ్ర', '|'), ('తు', '|'), ('డౌ', 'U'), ('న', '|'), ('ధి', '|'), ('కా', 'U'), ('ర', '|'), ('రో', 'U'), ('గ', '|'), ('పూ', 'U'), ('రి', '|'), ('త', '|'), ('బ', '|'), ('ధి', '|'), ('రాం', 'U'), ('ధ', '|'), ('క', '|'), ('శ', '|'), ('వ', '|'), ('ము', '|'), ('జూ', 'U'), ('డ', '|'), ('బా', 'U'), ('ప', '|'), ('ము', '|'), ('సు', '|'), ('మ', '|'), ('తీ', 'U')]",0.65625,-1.0,1.0,0.625,0.5,0.5
kandamu,"అప్పుగొని చేయు విభవము
ముప్పునఁ బ్రాయంపుటాలు మూర్ఖుని తపము\న్‌
దప్పరయని నృపురాజ్యము
దెప్పరమై మీఁదఁ గీడు దెచ్చుర సుమతీ!",jaathi,Sumathi,"[('అ', 'U'), ('ప్పు', '|'), ('గొ', '|'), ('ని', '|'), ('చే', 'U'), ('యు', '|'), ('వి', '|'), ('భ', '|'), ('వ', '|'), ('ము', '|'), ('ము', 'U'), ('ప్పు', '|'), ('న', '|'), ('బ్రా', 'U'), ('యం', 'U'), ('పు', '|'), ('టా', 'U'), ('లు', '|'), ('మూ', 'U'), ('ర్ఖు', '|'), ('ని', '|'), ('త', '|'), ('ప', '|'), ('మున్', 'U'), ('ద', 'U'), ('ప్ప', '|'), ('ర', '|'), ('య', '|'), ('ని', '|'), ('నృ', '|'), ('పు', '|'), ('రా', 'U'), ('జ్య', '|'), ('ము', '|'), ('దె', 'U'), ('ప్ప', '|'), ('ర', '|'), ('మై', 'U'), ('మీ', 'U'), ('ద', '|'), ('గీ', 'U'), ('డు', '|'), ('దె', 'U'), ('చ్చు', '|'), ('ర', '|'), ('సు', '|'), ('మ', '|'), ('తీ', 'U')]",1.0,-1.0,1.0,1.0,1.0,1.0
kandamu,"అప్పిచ్చు వాఁడు వైద్యుఁడు
నెప్పుడు నెడతెగక పాఱు నేఱును ద్విజుఁడున్‌
జొప్పడిన యూర నుండుము 
చొప్పడ కున్నట్టి యూరుఁ జొరకుము సుమతీ!",jaathi,Sumathi,"[('అ', 'U'), ('ప్పి', 'U'), ('చ్చు', '|'), ('వా', 'U'), ('డు', '|'), ('వై', 'U'), ('ద్యు', '|'), ('డు', '|'), ('నె', 'U'), ('ప్పు', '|'), ('డు', '|'), ('నె', '|'), ('డ', '|'), ('తె', '|'), ('గ', '|'), ('క', '|'), ('పా', 'U'), ('ఱు', '|'), ('నే', 'U'), ('ఱు', '|'), ('ను', 'U'), ('ద్వి', '|'), ('జు', '|'), ('డున్', 'U'), ('జొ', 'U'), ('ప్ప', '|'), ('డి', '|'), ('న', '|'), ('యూ', 'U'), ('ర', '|'), ('నుం', 'U'), ('డు', '|'), ('ము', '|'), ('చొ', 'U'), ('ప్ప', '|'), ('డ', '|'), ('కు', 'U'), ('న్న', 'U'), ('ట్టి', '|'), ('యూ', 'U'), ('రు', '|'), ('జొ', '|'), ('ర', '|'), ('కు', '|'), ('ము', '|'), ('సు', '|'), ('మ', '|'), ('తీ', 'U')]",0.640625,-1.0,1.0,0.5625,0.5,0.5
kandamu,"అల్లుని మంచితనంబును
గొల్లని సాహిత్యవిద్య కోమలి నిజము\న్‌
బొల్లున దంచిన బియ్యముఁ
దెల్లని కాకులును లేవు తెలియర సుమతీ!",jaathi,Sumathi,"[('అ', 'U'), ('ల్లు', '|'), ('ని', '|'), ('మం', 'U'), ('చి', '|'), ('త', '|'), ('నం', 'U'), ('బు', '|'), ('ను', '|'), ('గొ', 'U'), ('ల్ల', '|'), ('ని', '|'), ('సా', 'U'), ('హి', 'U'), ('త్య', '|'), ('వి', 'U'), ('ద్య', '|'), ('కో', 'U'), ('మ', '|'), ('లి', '|'), ('ని', '|'), ('జ', '|'), ('మున్', 'U'), ('బొ', 'U'), ('ల్లు', '|'), ('న', '|'), ('దం', 'U'), ('చి', '|'), ('న', '|'), ('బి', 'U'), ('య్య', '|'), ('ము', '|'), ('దె', 'U'), ('ల్ల', '|'), ('ని', '|'), ('కా', 'U'), ('కు', '|'), ('లు', '|'), ('ను', '|'), ('లే', 'U'), ('వు', '|'), ('తె', '|'), ('లి', '|'), ('య', '|'), ('ర', '|'), ('సు', '|'), ('మ', '|'), ('తీ', 'U')]",1.0,-1.0,1.0,1.0,1.0,1.0
kandamu,"ఆఁకొన్న కూడె యమృతము
తాఁకొంకక నిచ్చు వాఁడె దాత ధరిత్రి\న్‌
సోఁకోర్చు వాఁడె మనుజుఁడు
తేఁకువ కల వాఁడె వంశతిలకుఁడు సుమతీ!",jaathi,Sumathi,"[('ఆ', 'U'), ('కొ', 'U'), ('న్న', '|'), ('కూ', 'U'), ('డె', '|'), ('య', '|'), ('మృ', '|'), ('త', '|'), ('ము', '|'), ('తా', 'U'), ('కొం', 'U'), ('క', '|'), ('క', '|'), ('ని', 'U'), ('చ్చు', '|'), ('వా', 'U'), ('డె', '|'), ('దా', 'U'), ('త', '|'), ('ధ', '|'), ('రి', '|'), ('త్రిన్', 'U'), ('సో', 'U'), ('కో', 'U'), ('ర్చు', '|'), ('వా', 'U'), ('డె', '|'), ('మ', '|'), ('ను', '|'), ('జు', '|'), ('డు', '|'), ('తే', 'U'), ('కు', '|'), ('వ', '|'), ('క', '|'), ('ల', '|'), ('వా', 'U'), ('డె', '|'), ('వం', 'U'), ('శ', '|'), ('తి', '|'), ('ల', '|'), ('కు', '|'), ('డు', '|'), ('సు', '|'), ('మ', '|'), ('తీ', 'U')]",0.671875,-1.0,1.0,0.6875,0.5,0.5
kandamu,"ఆఁకలి యుడుగని కుడుపును
వేఁకటియగు లంజ పడుపు విడువని బ్రతుకు\న్‌
బ్రాఁకొన్న నూతి యుదకము
మేఁకల పాఁడియును రోఁత మేదిని సుమతీ!",jaathi,Sumathi,"[('ఆ', 'U'), ('క', '|'), ('లి', '|'), ('యు', '|'), ('డు', '|'), ('గ', '|'), ('ని', '|'), ('కు', '|'), ('డు', '|'), ('పు', '|'), ('ను', '|'), ('వే', 'U'), ('క', '|'), ('టి', '|'), ('య', '|'), ('గు', '|'), ('లం', 'U'), ('జ', '|'), ('ప', '|'), ('డు', '|'), ('పు', '|'), ('వి', '|'), ('డు', '|'), ('వ', '|'), ('ని', '|'), ('బ్ర', '|'), ('తు', '|'), ('కున్', 'U'), ('బ్రా', 'U'), ('కొ', 'U'), ('న్న', '|'), ('నూ', 'U'), ('తి', '|'), ('యు', '|'), ('ద', '|'), ('క', '|'), ('ము', '|'), ('మే', 'U'), ('క', '|'), ('ల', '|'), ('పా', 'U'), ('డి', '|'), ('యు', '|'), ('ను', '|'), ('రో', 'U'), ('త', '|'), ('మే', 'U'), ('ది', '|'), ('ని', '|'), ('సు', '|'), ('మ', '|'), ('తీ', 'U')]",1.0,-1.0,1.0,1.0,1.0,1.0
kandamu,"ఇచ్చునదె విద్య రణమునఁ
జొచ్చునదే మగతనంబు సుకవీశ్వరులున్‌
మెచ్చునదె నేర్పు, వాదుకు 
వచ్చునదే కీడు సుమ్ము వసుధను సుమతీ!",jaathi,Sumathi,"[('ఇ', 'U'), ('చ్చు', '|'), ('న', '|'), ('దె', '|'), ('వి', 'U'), ('ద్య', '|'), ('ర', '|'), ('ణ', '|'), ('ము', '|'), ('న', '|'), ('జొ', 'U'), ('చ్చు', '|'), ('న', '|'), ('దే', 'U'), ('మ', '|'), ('గ', '|'), ('త', '|'), ('నం', 'U'), ('బు', '|'), ('సు', '|'), ('క', '|'), ('వీ', 'U'), ('శ్వ', '|'), ('రు', '|'), ('లున్', 'U'), ('మె', 'U'), ('చ్చు', '|'), ('న', '|'), ('దె', '|'), ('నే', 'U'), ('ర్పు', '|'), ('వా', 'U'), ('దు', '|'), ('కు', '|'), ('వ', 'U'), ('చ్చు', '|'), ('న', '|'), ('దే', 'U'), ('కీ', 'U'), ('డు', '|'), ('సు', 'U'), ('మ్ము', '|'), ('వ', '|'), ('సు', '|'), ('ధ', '|'), ('ను', '|'), ('సు', '|'), ('మ', '|'), ('తీ', 'U')]",1.0,-1.0,1.0,1.0,1.0,1.0
kandamu,"ఇమ్ముగఁ జదువని నోరును
'నమ్మా' యని పిలిచి యన్న మడుగని నోరు\న్‌
దమ్ములఁ బిలువని నోరును
గుమ్మరి మను ద్రవ్వినట్టి గుంటర సుమతీ!",jaathi,Sumathi,"[('ఇ', 'U'), ('మ్ము', '|'), ('గ', '|'), ('జ', '|'), ('దు', '|'), ('వ', '|'), ('ని', '|'), ('నో', 'U'), ('రు', '|'), ('ను', '|'), ('న', 'U'), ('మ్మా', 'U'), ('య', '|'), ('ని', '|'), ('పి', '|'), ('లి', '|'), ('చి', '|'), ('య', 'U'), ('న్న', '|'), ('మ', '|'), ('డు', '|'), ('గ', '|'), ('ని', '|'), ('నో', 'U'), ('రున్', 'U'), ('ద', 'U'), ('మ్ము', '|'), ('ల', '|'), ('బి', '|'), ('లు', '|'), ('వ', '|'), ('ని', '|'), ('నో', 'U'), ('రు', '|'), ('ను', '|'), ('గు', 'U'), ('మ్మ', '|'), ('రి', '|'), ('మ', '|'), ('ను', '|'), ('ద్ర', 'U'), ('వ్వి', '|'), ('న', 'U'), ('ట్టి', '|'), ('గుం', 'U'), ('ట', '|'), ('ర', '|'), ('సు', '|'), ('మ', '|'), ('తీ', 'U')]",0.875,-1.0,1.0,1.0,0.5,1.0
kandamu,"ఉడుముండదె నూఱేండ్లును
బడియుండదె పేర్మిఁ బాము పదినూఱేండ్లున్‌
మడువునఁ గొక్కెర యుండదె
కడు నిలఁ బురుషార్థపరుఁడు గావలె సుమతీ!",jaathi,Sumathi,"[('ఉ', '|'), ('డు', '|'), ('ముం', 'U'), ('డ', '|'), ('దె', '|'), ('నూ', 'U'), ('ఱేం', 'U'), ('డ్లు', '|'), ('ను', '|'), ('బ', '|'), ('డి', '|'), ('యుం', 'U'), ('డ', '|'), ('దె', '|'), ('పే', 'U'), ('ర్మి', '|'), ('బా', 'U'), ('ము', '|'), ('ప', '|'), ('ది', '|'), ('నూ', 'U'), ('ఱేం', 'U'), ('డ్లున్', 'U'), ('మ', '|'), ('డు', '|'), ('వు', '|'), ('న', '|'), ('గొ', 'U'), ('క్కె', '|'), ('ర', '|'), ('యుం', 'U'), ('డ', '|'), ('దె', '|'), ('క', '|'), ('డు', '|'), ('ని', '|'), ('ల', '|'), ('బు', '|'), ('రు', '|'), ('షా', 'U'), ('ర్థ', '|'), ('ప', '|'), ('రు', '|'), ('డు', '|'), ('గా', 'U'), ('వ', '|'), ('లె', '|'), ('సు', '|'), ('మ', '|'), ('తీ', 'U')]",1.0,-1.0,1.0,1.0,1.0,1.0
kandamu,"ఉత్తమ గుణములు నీచున
కెత్తెఱఁగున గలుగ నేర్చు నెయ్యెడలం దా
నెత్తిచ్చి కఱఁగి పోసిన
నిత్తడి బంగారమగునె యిలలో సుమతీ!",jaathi,Sumathi,"[('ఉ', 'U'), ('త్త', '|'), ('మ', '|'), ('గు', '|'), ('ణ', '|'), ('ము', '|'), ('లు', '|'), ('నీ', 'U'), ('చు', '|'), ('న', '|'), ('కె', 'U'), ('త్తె', '|'), ('ఱ', '|'), ('గు', '|'), ('న', '|'), ('గ', '|'), ('లు', '|'), ('గ', '|'), ('నే', 'U'), ('ర్చు', '|'), ('నె', 'U'), ('య్యె', '|'), ('డ', '|'), ('లం', 'U'), ('దా', 'U'), ('నె', 'U'), ('త్తి', 'U'), ('చ్చి', '|'), ('క', '|'), ('ఱ', '|'), ('గి', '|'), ('పో', 'U'), ('సి', '|'), ('న', '|'), ('ని', 'U'), ('త్త', '|'), ('డి', '|'), ('బం', 'U'), ('గా', 'U'), ('ర', '|'), ('మ', '|'), ('గు', '|'), ('నె', '|'), ('యి', '|'), ('ల', '|'), ('లో', 'U'), ('సు', '|'), ('మ', '|'), ('తీ', 'U')]",0.75,-1.0,1.0,1.0,0.0,1.0
kandamu,"ఉదకము ద్రావెడు హయమును
మదమున నుప్పొంగుచుండు మత్తేభంబున్‌
మొదవు కడనున్న వృషభముఁ
జదువని యా నీచుఁ జేరఁ జనకుర సుమతీ!",jaathi,Sumathi,"[('ఉ', '|'), ('ద', '|'), ('క', '|'), ('ము', '|'), ('ద్రా', 'U'), ('వె', '|'), ('డు', '|'), ('హ', '|'), ('య', '|'), ('ము', '|'), ('ను', '|'), ('మ', '|'), ('ద', '|'), ('ము', '|'), ('న', '|'), ('ను', 'U'), ('ప్పొం', 'U'), ('గు', '|'), ('చుం', 'U'), ('డు', '|'), ('మ', 'U'), ('త్తే', 'U'), ('భం', 'U'), ('బున్', 'U'), ('మొ', '|'), ('ద', '|'), ('వు', '|'), ('క', '|'), ('డ', '|'), ('ను', 'U'), ('న్న', '|'), ('వృ', '|'), ('ష', '|'), ('భ', '|'), ('ము', '|'), ('జ', '|'), ('దు', '|'), ('వ', '|'), ('ని', '|'), ('యా', 'U'), ('నీ', 'U'), ('చు', '|'), ('జే', 'U'), ('ర', '|'), ('జ', '|'), ('న', '|'), ('కు', '|'), ('ర', '|'), ('సు', '|'), ('మ', '|'), ('తీ', 'U')]",1.0,-1.0,1.0,1.0,1.0,1.0
kandamu,"ఉపకారికి నుపకారము
విపరీతము గాదు సేయ వివరింపంగా
నపకారికి నుపకారము 
నెపమెన్నక సేయువాఁడు నేర్పరి సుమతీ!",jaathi,Sumathi,"[('ఉ', '|'), ('ప', '|'), ('కా', 'U'), ('రి', '|'), ('కి', '|'), ('ను', '|'), ('ప', '|'), ('కా', 'U'), ('ర', '|'), ('ము', '|'), ('వి', '|'), ('ప', '|'), ('రీ', 'U'), ('త', '|'), ('ము', '|'), ('గా', 'U'), ('దు', '|'), ('సే', 'U'), ('య', '|'), ('వి', '|'), ('వ', '|'), ('రిం', 'U'), ('పం', 'U'), ('గా', 'U'), ('న', '|'), ('ప', '|'), ('కా', 'U'), ('రి', '|'), ('కి', '|'), ('ను', '|'), ('ప', '|'), ('కా', 'U'), ('ర', '|'), ('ము', '|'), ('నె', '|'), ('ప', '|'), ('మె', 'U'), ('న్న', '|'), ('క', '|'), ('సే', 'U'), ('యు', '|'), ('వా', 'U'), ('డు', '|'), ('నే', 'U'), ('ర్ప', '|'), ('రి', '|'), ('సు', '|'), ('మ', '|'), ('తీ', 'U')]",1.0,-1.0,1.0,1.0,1.0,1.0
kandamu,"ఉపమింప మొదలు తియ్యన
కపటం బెడనెడను జెఱకు కైవడి నేపో
నెపములు వెదకును గడపటఁ
గపటపు దుర్జాతి పొందు గదరా సుమతీ!",jaathi,Sumathi,"[('ఉ', '|'), ('ప', '|'), ('మిం', 'U'), ('ప', '|'), ('మొ', '|'), ('ద', '|'), ('లు', '|'), ('తి', 'U'), ('య్య', '|'), ('న', '|'), ('క', '|'), ('ప', '|'), ('టం', 'U'), ('బె', '|'), ('డ', '|'), ('నె', '|'), ('డ', '|'), ('ను', '|'), ('జె', '|'), ('ఱ', '|'), ('కు', '|'), ('కై', 'U'), ('వ', '|'), ('డి', '|'), ('నే', 'U'), ('పో', 'U'), ('నె', '|'), ('ప', '|'), ('ము', '|'), ('లు', '|'), ('వె', '|'), ('ద', '|'), ('కు', '|'), ('ను', '|'), ('గ', '|'), ('డ', '|'), ('ప', '|'), ('ట', '|'), ('గ', '|'), ('ప', '|'), ('ట', '|'), ('పు', '|'), ('దు', 'U'), ('ర్జా', 'U'), ('తి', '|'), ('పొం', 'U'), ('దు', '|'), ('గ', '|'), ('ద', '|'), ('రా', 'U'), ('సు', '|'), ('మ', '|'), ('తీ', 'U')]",1.0,-1.0,1.0,1.0,1.0,1.0
kandamu,"ఎప్పటి కెయ్యది ప్రస్తుత
మప్పటి కా మాటలాడి యన్యుల మనముల్‌
నొప్పింపక తానొవ్వక
తప్పించుక తిరుగువాఁడు ధన్యుడు సుమతీ!",jaathi,Sumathi,"[('ఎ', 'U'), ('ప్ప', '|'), ('టి', '|'), ('కె', 'U'), ('య్య', '|'), ('ది', '|'), ('ప్ర', 'U'), ('స్తు', '|'), ('త', '|'), ('మ', 'U'), ('ప్ప', '|'), ('టి', '|'), ('కా', 'U'), ('మా', 'U'), ('ట', '|'), ('లా', 'U'), ('డి', '|'), ('య', 'U'), ('న్యు', '|'), ('ల', '|'), ('మ', '|'), ('న', '|'), ('ముల్', 'U'), ('నొ', 'U'), ('ప్పిం', 'U'), ('ప', '|'), ('క', '|'), ('తా', 'U'), ('నొ', 'U'), ('వ్వ', '|'), ('క', '|'), ('త', 'U'), ('ప్పిం', 'U'), ('చు', '|'), ('క', '|'), ('తి', '|'), ('రు', '|'), ('గు', '|'), ('వా', 'U'), ('డు', '|'), ('ధ', 'U'), ('న్యు', '|'), ('డు', '|'), ('సు', '|'), ('మ', '|'), ('తీ', 'U')]",0.875,-1.0,1.0,1.0,0.5,1.0
kandamu,"ఎప్పుడుఁ దప్పులు వెదకెడు
నప్పురుషునిఁ గొల్వఁగూడ దది యెట్లన్నన్‌
సర్పంబు పడగ నీడను
గప్ప వసించిన విధంబు గదరా సుమతీ!",jaathi,Sumathi,"[('ఎ', 'U'), ('ప్పు', '|'), ('డు', '|'), ('ద', 'U'), ('ప్పు', '|'), ('లు', '|'), ('వె', '|'), ('ద', '|'), ('కె', '|'), ('డు', '|'), ('న', 'U'), ('ప్పు', '|'), ('రు', '|'), ('షు', '|'), ('ని', '|'), ('గొ', 'U'), ('ల్వ', '|'), ('గూ', 'U'), ('డ', '|'), ('ద', '|'), ('ది', '|'), ('యె', 'U'), ('ట్ల', 'U'), ('న్నన్', 'U'), ('స', 'U'), ('ర్పం', 'U'), ('బు', '|'), ('ప', '|'), ('డ', '|'), ('గ', '|'), ('నీ', 'U'), ('డ', '|'), ('ను', '|'), ('గ', 'U'), ('ప్ప', '|'), ('వ', '|'), ('సిం', 'U'), ('చి', '|'), ('న', '|'), ('వి', '|'), ('ధం', 'U'), ('బు', '|'), ('గ', '|'), ('ద', '|'), ('రా', 'U'), ('సు', '|'), ('మ', '|'), ('తీ', 'U')]",0.8125,-1.0,1.0,1.0,0.5,0.75
kandamu,"ఎప్పుడు సంపద కలిగిన
నప్పుడె బంధువులు వత్తురది యెట్లన్నన్‌
దెప్పలుగఁ జెఱువు నిండినఁ
గప్పలు పదివేలు చేరుఁగదరా సుమతీ!",jaathi,Sumathi,"[('ఎ', 'U'), ('ప్పు', '|'), ('డు', '|'), ('సం', 'U'), ('ప', '|'), ('ద', '|'), ('క', '|'), ('లి', '|'), ('గి', '|'), ('న', '|'), ('న', 'U'), ('ప్పు', '|'), ('డె', '|'), ('బం', 'U'), ('ధు', '|'), ('వు', '|'), ('లు', '|'), ('వ', 'U'), ('త్తు', '|'), ('ర', '|'), ('ది', '|'), ('యె', 'U'), ('ట్ల', 'U'), ('న్నన్', 'U'), ('దె', 'U'), ('ప్ప', '|'), ('లు', '|'), ('గ', '|'), ('జె', '|'), ('ఱు', '|'), ('వు', '|'), ('నిం', 'U'), ('డి', '|'), ('న', '|'), ('గ', 'U'), ('ప్ప', '|'), ('లు', '|'), ('ప', '|'), ('ది', '|'), ('వే', 'U'), ('లు', '|'), ('చే', 'U'), ('రు', '|'), ('గ', '|'), ('ద', '|'), ('రా', 'U'), ('సు', '|'), ('మ', '|'), ('తీ', 'U')]",0.875,-1.0,1.0,1.0,0.5,1.0
kandamu,"ఏఱకుమీ కసుగాయలు
దూఱకుమీ బంధుజనుల దోషము సుమ్మీ
పాఱకుమీ రణమందున 
మీఱకుమీ గురువులాజ్ఞ మేదిని సుమతీ!",jaathi,Sumathi,"[('ఏ', 'U'), ('ఱ', '|'), ('కు', '|'), ('మీ', 'U'), ('క', '|'), ('సు', '|'), ('గా', 'U'), ('య', '|'), ('లు', '|'), ('దూ', 'U'), ('ఱ', '|'), ('కు', '|'), ('మీ', 'U'), ('బం', 'U'), ('ధు', '|'), ('జ', '|'), ('ను', '|'), ('ల', '|'), ('దో', 'U'), ('ష', '|'), ('ము', '|'), ('సు', 'U'), ('మ్మీ', 'U'), ('పా', 'U'), ('ఱ', '|'), ('కు', '|'), ('మీ', 'U'), ('ర', '|'), ('ణ', '|'), ('మం', 'U'), ('దు', '|'), ('న', '|'), ('మీ', 'U'), ('ఱ', '|'), ('కు', '|'), ('మీ', 'U'), ('గు', '|'), ('రు', '|'), ('వు', '|'), ('లా', 'U'), ('జ్ఞ', '|'), ('మే', 'U'), ('ది', '|'), ('ని', '|'), ('సు', '|'), ('మ', '|'), ('తీ', 'U')]",1.0,-1.0,1.0,1.0,1.0,1.0
kandamu,"ఒకయూరికి నొక కరణము
నొక తీర్పరియైనఁ గాక నొగిఁ దఱచైనన్‌
గకవికలు గాకయుండునె
సకలంబును గొట్టువడక సహజము సుమతీ!",jaathi,Sumathi,"[('ఒ', '|'), ('క', '|'), ('యూ', 'U'), ('రి', '|'), ('కి', '|'), ('నొ', '|'), ('క', '|'), ('క', '|'), ('ర', '|'), ('ణ', '|'), ('ము', '|'), ('నొ', '|'), ('క', '|'), ('తీ', 'U'), ('ర్ప', '|'), ('రి', '|'), ('యై', 'U'), ('న', '|'), ('గా', 'U'), ('క', '|'), ('నొ', '|'), ('గి', '|'), ('ద', '|'), ('ఱ', '|'), ('చై', 'U'), ('నన్', 'U'), ('గ', '|'), ('క', '|'), ('వి', '|'), ('క', '|'), ('లు', '|'), ('గా', 'U'), ('క', '|'), ('యుం', 'U'), ('డు', '|'), ('నె', '|'), ('స', '|'), ('క', '|'), ('లం', 'U'), ('బు', '|'), ('ను', '|'), ('గొ', 'U'), ('ట్టు', '|'), ('వ', '|'), ('డ', '|'), ('క', '|'), ('స', '|'), ('హ', '|'), ('జ', '|'), ('ము', '|'), ('సు', '|'), ('మ', '|'), ('తీ', 'U')]",1.0,-1.0,1.0,1.0,1.0,1.0
kandamu,"ఒల్లని సతి నొల్లని పతి
నొల్లని చెలికాని విడువ నొల్లని వాఁడే
గొల్లండు కాక ధరలో
గొల్లండును గొల్లఁడౌనె గుణమున సుమతీ!",jaathi,Sumathi,"[('ఒ', 'U'), ('ల్ల', '|'), ('ని', '|'), ('స', '|'), ('తి', '|'), ('నొ', 'U'), ('ల్ల', '|'), ('ని', '|'), ('ప', '|'), ('తి', '|'), ('నొ', 'U'), ('ల్ల', '|'), ('ని', '|'), ('చె', '|'), ('లి', '|'), ('కా', 'U'), ('ని', '|'), ('వి', '|'), ('డు', '|'), ('వ', '|'), ('నొ', 'U'), ('ల్ల', '|'), ('ని', '|'), ('వా', 'U'), ('డే', 'U'), ('గొ', 'U'), ('ల్లం', 'U'), ('డు', '|'), ('కా', 'U'), ('క', '|'), ('ధ', '|'), ('ర', '|'), ('లో', 'U'), ('గొ', 'U'), ('ల్లం', 'U'), ('డు', '|'), ('ను', '|'), ('గొ', 'U'), ('ల్ల', '|'), ('డౌ', 'U'), ('నె', '|'), ('గు', '|'), ('ణ', '|'), ('ము', '|'), ('న', '|'), ('సు', '|'), ('మ', '|'), ('తీ', 'U')]",1.0,-1.0,1.0,1.0,1.0,1.0
kandamu,"ఓడల బండ్లును వచ్చును
ఓడలు నాబండ్లమీఁద నొప్పుగ వచ్చున్
ఓడలు బండ్లును వలెనే 
వాడంబడుఁ గలిమి లేమి వసుధను సుమతీ!",jaathi,Sumathi,"[('ఓ', 'U'), ('డ', '|'), ('ల', '|'), ('బం', 'U'), ('డ్లు', '|'), ('ను', '|'), ('వ', 'U'), ('చ్చు', '|'), ('ను', '|'), ('ఓ', 'U'), ('డ', '|'), ('లు', '|'), ('నా', 'U'), ('బం', 'U'), ('డ్ల', '|'), ('మీ', 'U'), ('ద', '|'), ('నొ', 'U'), ('ప్పు', '|'), ('గ', '|'), ('వ', 'U'), ('చ్చున్', 'U'), ('ఓ', 'U'), ('డ', '|'), ('లు', '|'), ('బం', 'U'), ('డ్లు', '|'), ('ను', '|'), ('వ', '|'), ('లె', '|'), ('నే', 'U'), ('వా', 'U'), ('డం', 'U'), ('బ', '|'), ('డు', '|'), ('గ', '|'), ('లి', '|'), ('మి', '|'), ('లే', 'U'), ('మి', '|'), ('వ', '|'), ('సు', '|'), ('ధ', '|'), ('ను', '|'), ('సు', '|'), ('మ', '|'), ('తీ', 'U')]",0.875,-1.0,1.0,1.0,0.5,1.0
kandamu,"కడు బలవంతుండైనను
బుడమినిఁ బ్రాయంపుటాలిఁ బుట్టినయింటన్‌
దడవుండ నిచ్చెనేనియుఁ
బడుపుగ నంగడికిఁ దానె పంపుట సుమతీ!",jaathi,Sumathi,"[('క', '|'), ('డు', '|'), ('బ', '|'), ('ల', '|'), ('వం', 'U'), ('తుం', 'U'), ('డై', 'U'), ('న', '|'), ('ను', '|'), ('బు', '|'), ('డ', '|'), ('మి', '|'), ('ని', '|'), ('బ్రా', 'U'), ('యం', 'U'), ('పు', '|'), ('టా', 'U'), ('లి', '|'), ('బు', 'U'), ('ట్టి', '|'), ('న', '|'), ('యిం', 'U'), ('టన్', 'U'), ('ద', '|'), ('డ', '|'), ('వుం', 'U'), ('డ', '|'), ('ని', 'U'), ('చ్చె', '|'), ('నే', 'U'), ('ని', '|'), ('యు', '|'), ('బ', '|'), ('డు', '|'), ('పు', '|'), ('గ', '|'), ('నం', 'U'), ('గ', '|'), ('డి', '|'), ('కి', '|'), ('దా', 'U'), ('నె', '|'), ('పం', 'U'), ('పు', '|'), ('ట', '|'), ('సు', '|'), ('మ', '|'), ('తీ', 'U')]",1.0,-1.0,1.0,1.0,1.0,1.0
kandamu,"కనకపు సింహాసనమున 
శునకముఁ గూర్చుండఁబెట్టి శుభ లగ్నమునం
దొనరఁగఁ బట్టము గట్టిన
వెనుకటి గుణమేల మాను వినరా సుమతీ!",jaathi,Sumathi,"[('క', '|'), ('న', '|'), ('క', '|'), ('పు', '|'), ('సిం', 'U'), ('హా', 'U'), ('స', '|'), ('న', '|'), ('ము', '|'), ('న', '|'), ('శు', '|'), ('న', '|'), ('క', '|'), ('ము', '|'), ('గూ', 'U'), ('ర్చుం', 'U'), ('డ', '|'), ('బె', 'U'), ('ట్టి', '|'), ('శు', '|'), ('భ', '|'), ('ల', 'U'), ('గ్న', '|'), ('ము', '|'), ('నం', 'U'), ('దొ', '|'), ('న', '|'), ('ర', '|'), ('గ', '|'), ('బ', 'U'), ('ట్ట', '|'), ('ము', '|'), ('గ', 'U'), ('ట్టి', '|'), ('న', '|'), ('వె', '|'), ('ను', '|'), ('క', '|'), ('టి', '|'), ('గు', '|'), ('ణ', '|'), ('మే', 'U'), ('ల', '|'), ('మా', 'U'), ('ను', '|'), ('వి', '|'), ('న', '|'), ('రా', 'U'), ('సు', '|'), ('మ', '|'), ('తీ', 'U')]",1.0,-1.0,1.0,1.0,1.0,1.0
kandamu,"కప్పకు నొరగాలైనను
సర్పమునకు రోగమైన సతి తులువైనన్‌
ముప్పున దరిద్రుఁడైనను
దప్పదు మఱి దుఃఖమగుట తథ్యము సుమతీ!",jaathi,Sumathi,"[('క', 'U'), ('ప్ప', '|'), ('కు', '|'), ('నొ', '|'), ('ర', '|'), ('గా', 'U'), ('లై', 'U'), ('న', '|'), ('ను', '|'), ('స', 'U'), ('ర్ప', '|'), ('ము', '|'), ('న', '|'), ('కు', '|'), ('రో', 'U'), ('గ', '|'), ('మై', 'U'), ('న', '|'), ('స', '|'), ('తి', '|'), ('తు', '|'), ('లు', '|'), ('వై', 'U'), ('నన్', 'U'), ('ము', 'U'), ('ప్పు', '|'), ('న', '|'), ('ద', '|'), ('రి', '|'), ('ద్రు', '|'), ('డై', 'U'), ('న', '|'), ('ను', '|'), ('ద', 'U'), ('ప్ప', '|'), ('దు', '|'), ('మ', '|'), ('ఱి', '|'), ('దుః', 'U'), ('ఖ', '|'), ('మ', '|'), ('గు', '|'), ('ట', '|'), ('త', 'U'), ('థ్య', '|'), ('ము', '|'), ('సు', '|'), ('మ', '|'), ('తీ', 'U')]",0.6875,-1.0,1.0,0.75,0.5,0.5
kandamu,"కమలములు నీటఁ బాసినఁ
గమలాప్తుని రశ్మి సోఁకి కమలిన భంగిన్‌
దమ తమ నెలవులు దప్పినఁ
దమ మిత్రులు శత్రులౌట తథ్యము సుమతీ!",jaathi,Sumathi,"[('క', '|'), ('మ', '|'), ('ల', '|'), ('ము', '|'), ('లు', '|'), ('నీ', 'U'), ('ట', '|'), ('బా', 'U'), ('సి', '|'), ('న', '|'), ('గ', '|'), ('మ', '|'), ('లా', 'U'), ('ప్తు', '|'), ('ని', '|'), ('ర', 'U'), ('శ్మి', '|'), ('సో', 'U'), ('కి', '|'), ('క', '|'), ('మ', '|'), ('లి', '|'), ('న', '|'), ('భం', 'U'), ('గిన్', 'U'), ('ద', '|'), ('మ', '|'), ('త', '|'), ('మ', '|'), ('నె', '|'), ('ల', '|'), ('వు', '|'), ('లు', '|'), ('ద', 'U'), ('ప్పి', '|'), ('న', '|'), ('ద', '|'), ('మ', '|'), ('మి', '|'), ('త్రు', '|'), ('లు', '|'), ('శ', '|'), ('త్రు', '|'), ('లౌ', 'U'), ('ట', '|'), ('త', 'U'), ('థ్య', '|'), ('ము', '|'), ('సు', '|'), ('మ', '|'), ('తీ', 'U')]",0.828125,-1.0,1.0,0.8125,0.5,1.0
kandamu,"కరణముఁ గరణము నమ్మిన
మరణాంతకమౌను గాని మనలేఁడు సుమీ
కరణము దన సరి కరణము
మఱి నమ్మక మర్మమీక మనవలె సుమతీ!",jaathi,Sumathi,"[('క', '|'), ('ర', '|'), ('ణ', '|'), ('ము', '|'), ('గ', '|'), ('ర', '|'), ('ణ', '|'), ('ము', '|'), ('న', 'U'), ('మ్మి', '|'), ('న', '|'), ('మ', '|'), ('ర', '|'), ('ణాం', 'U'), ('త', '|'), ('క', '|'), ('మౌ', 'U'), ('ను', '|'), ('గా', 'U'), ('ని', '|'), ('మ', '|'), ('న', '|'), ('లే', 'U'), ('డు', '|'), ('సు', '|'), ('మీ', 'U'), ('క', '|'), ('ర', '|'), ('ణ', '|'), ('ము', '|'), ('ద', '|'), ('న', '|'), ('స', '|'), ('రి', '|'), ('క', '|'), ('ర', '|'), ('ణ', '|'), ('ము', '|'), ('మ', '|'), ('ఱి', '|'), ('న', 'U'), ('మ్మ', '|'), ('క', '|'), ('మ', 'U'), ('ర్మ', '|'), ('మీ', 'U'), ('క', '|'), ('మ', '|'), ('న', '|'), ('వ', '|'), ('లె', '|'), ('సు', '|'), ('మ', '|'), ('తీ', 'U')]",0.9375,-1.0,1.0,1.0,1.0,0.75
kandamu,"కరణముల ననుసరింపక
విరసంబునఁ దిన్నతిండి వికటించుఁ జుమీ
యిరుసునఁ గందెనఁ బెట్టక
పరమేశ్వరు బండియైనఁ బాఱదు సుమతీ!",jaathi,Sumathi,"[('క', '|'), ('ర', '|'), ('ణ', '|'), ('ము', '|'), ('ల', '|'), ('న', '|'), ('ను', '|'), ('స', '|'), ('రిం', 'U'), ('ప', '|'), ('క', '|'), ('వి', '|'), ('ర', '|'), ('సం', 'U'), ('బు', '|'), ('న', '|'), ('ది', 'U'), ('న్న', '|'), ('తిం', 'U'), ('డి', '|'), ('వి', '|'), ('క', '|'), ('టిం', 'U'), ('చు', '|'), ('జు', '|'), ('మీ', 'U'), ('యి', '|'), ('రు', '|'), ('సు', '|'), ('న', '|'), ('గం', 'U'), ('దె', '|'), ('న', '|'), ('బె', 'U'), ('ట్ట', '|'), ('క', '|'), ('ప', '|'), ('ర', '|'), ('మే', 'U'), ('శ్వ', '|'), ('రు', '|'), ('బం', 'U'), ('డి', '|'), ('యై', 'U'), ('న', '|'), ('బా', 'U'), ('ఱ', '|'), ('దు', '|'), ('సు', '|'), ('మ', '|'), ('తీ', 'U')]",1.0,-1.0,1.0,1.0,1.0,1.0
kandamu,"కరణము సాధై యున్నను
గరి మదముడిఁగినను బాము గఱవకయున్నన్‌
ధరఁ దేలు మీటకున్నను
గర మరుదుగ లెక్కఁగొనరు గదరా సుమతీ!",jaathi,Sumathi,"[('క', '|'), ('ర', '|'), ('ణ', '|'), ('ము', '|'), ('సా', 'U'), ('ధై', 'U'), ('యు', 'U'), ('న్న', '|'), ('ను', '|'), ('గ', '|'), ('రి', '|'), ('మ', '|'), ('ద', '|'), ('ము', '|'), ('డి', '|'), ('గి', '|'), ('న', '|'), ('ను', '|'), ('బా', 'U'), ('ము', '|'), ('గ', '|'), ('ఱ', '|'), ('వ', '|'), ('క', '|'), ('యు', 'U'), ('న్నన్', 'U'), ('ధ', '|'), ('ర', '|'), ('దే', 'U'), ('లు', '|'), ('మీ', 'U'), ('ట', '|'), ('కు', 'U'), ('న్న', '|'), ('ను', '|'), ('గ', '|'), ('ర', '|'), ('మ', '|'), ('రు', '|'), ('దు', '|'), ('గ', '|'), ('లె', 'U'), ('క్క', '|'), ('గొ', '|'), ('న', '|'), ('రు', '|'), ('గ', '|'), ('ద', '|'), ('రా', 'U'), ('సు', '|'), ('మ', '|'), ('తీ', 'U')]",1.0,-1.0,1.0,1.0,1.0,1.0
kandamu,"కసుగాయఁ గఱచి చూచిన
మసలక దనయొగరు గాక మధురంబగునా?
పసగలుగు యువతు లుండగఁ
బసిబాలలఁ బొందువాఁడు పసరము సుమతీ!",jaathi,Sumathi,"[('క', '|'), ('సు', '|'), ('గా', 'U'), ('య', '|'), ('గ', '|'), ('ఱ', '|'), ('చి', '|'), ('చూ', 'U'), ('చి', '|'), ('న', '|'), ('మ', '|'), ('స', '|'), ('ల', '|'), ('క', '|'), ('ద', '|'), ('న', '|'), ('యొ', '|'), ('గ', '|'), ('రు', '|'), ('గా', 'U'), ('క', '|'), ('మ', '|'), ('ధు', '|'), ('రం', 'U'), ('బ', '|'), ('గు', '|'), ('నా', 'U'), ('ప', '|'), ('స', '|'), ('గ', '|'), ('లు', '|'), ('గు', '|'), ('యు', '|'), ('వ', '|'), ('తు', '|'), ('లుం', 'U'), ('డ', '|'), ('గ', '|'), ('బ', '|'), ('సి', '|'), ('బా', 'U'), ('ల', '|'), ('ల', '|'), ('బొం', 'U'), ('దు', '|'), ('వా', 'U'), ('డు', '|'), ('ప', '|'), ('స', '|'), ('ర', '|'), ('ము', '|'), ('సు', '|'), ('మ', '|'), ('తీ', 'U')]",1.0,-1.0,1.0,1.0,1.0,1.0
kandamu,"కవిగాని వాని వ్రాఁతయు
నవరసభావములులేని నాతుల వలంపున్‌
దవిలి చను పందినేయని
వివిధాయుధకౌశలంబు వృథరా సుమతీ!",jaathi,Sumathi,"[('క', '|'), ('వి', '|'), ('గా', 'U'), ('ని', '|'), ('వా', 'U'), ('ని', '|'), ('వ్రా', 'U'), ('త', '|'), ('యు', '|'), ('న', '|'), ('వ', '|'), ('ర', '|'), ('స', '|'), ('భా', 'U'), ('వ', '|'), ('ము', '|'), ('లు', '|'), ('లే', 'U'), ('ని', '|'), ('నా', 'U'), ('తు', '|'), ('ల', '|'), ('వ', '|'), ('లం', 'U'), ('పున్', 'U'), ('ద', '|'), ('వి', '|'), ('లి', '|'), ('చ', '|'), ('ను', '|'), ('పం', 'U'), ('ది', '|'), ('నే', 'U'), ('య', '|'), ('ని', '|'), ('వి', '|'), ('వి', '|'), ('ధా', 'U'), ('యు', '|'), ('ధ', '|'), ('కౌ', 'U'), ('శ', '|'), ('లం', 'U'), ('బు', '|'), ('వృ', '|'), ('థ', '|'), ('రా', 'U'), ('సు', '|'), ('మ', '|'), ('తీ', 'U')]",0.859375,-1.0,1.0,0.9375,0.5,1.0
kandamu,"కాదుసుమీ దుస్సంగతి
పోదుసుమీ కీర్తికాంత పొందినపిదపన్‌
వాదుసుమీ యప్పిచ్చుట
లేదుసుమీ సతులవలపు లేశము సుమతీ!",jaathi,Sumathi,"[('కా', 'U'), ('దు', '|'), ('సు', '|'), ('మీ', 'U'), ('దు', 'U'), ('స్సం', 'U'), ('గ', '|'), ('తి', '|'), ('పో', 'U'), ('దు', '|'), ('సు', '|'), ('మీ', 'U'), ('కీ', 'U'), ('ర్తి', '|'), ('కాం', 'U'), ('త', '|'), ('పొం', 'U'), ('ది', '|'), ('న', '|'), ('పి', '|'), ('ద', '|'), ('పన్', 'U'), ('వా', 'U'), ('దు', '|'), ('సు', '|'), ('మీ', 'U'), ('య', 'U'), ('ప్పి', 'U'), ('చ్చు', '|'), ('ట', '|'), ('లే', 'U'), ('దు', '|'), ('సు', '|'), ('మీ', 'U'), ('స', '|'), ('తు', '|'), ('ల', '|'), ('వ', '|'), ('ల', '|'), ('పు', '|'), ('లే', 'U'), ('శ', '|'), ('ము', '|'), ('సు', '|'), ('మ', '|'), ('తీ', 'U')]",1.0,-1.0,1.0,1.0,1.0,1.0
kandamu,"కాముకుఁడు దనిసి విడిచిన
కోమలిఁ బరవిటుఁడు గవయ గూడుటయెల్లన్‌
బ్రేమమునఁ జెఱకుపిప్పికి
జీమలు వెస మూఁగినట్లు సిద్ధము సుమతీ!",jaathi,Sumathi,"[('కా', 'U'), ('ము', '|'), ('కు', '|'), ('డు', '|'), ('ద', '|'), ('ని', '|'), ('సి', '|'), ('వి', '|'), ('డి', '|'), ('చి', '|'), ('న', '|'), ('కో', 'U'), ('మ', '|'), ('లి', '|'), ('బ', '|'), ('ర', '|'), ('వి', '|'), ('టు', '|'), ('డు', '|'), ('గ', '|'), ('వ', '|'), ('య', '|'), ('గూ', 'U'), ('డు', '|'), ('ట', '|'), ('యె', 'U'), ('ల్లన్', 'U'), ('బ్రే', 'U'), ('మ', '|'), ('ము', '|'), ('న', '|'), ('జె', '|'), ('ఱ', '|'), ('కు', '|'), ('పి', 'U'), ('ప్పి', '|'), ('కి', '|'), ('జీ', 'U'), ('మ', '|'), ('లు', '|'), ('వె', '|'), ('స', '|'), ('మూ', 'U'), ('గి', '|'), ('న', 'U'), ('ట్లు', '|'), ('సి', 'U'), ('ద్ధ', '|'), ('ము', '|'), ('సు', '|'), ('మ', '|'), ('తీ', 'U')]",1.0,-1.0,1.0,1.0,1.0,1.0
kandamu,"కారణము లేని నగవును
బేరణమును లేని లేమ పృథివీస్థలిలోఁ
బూరణము లేని బూరెయు
వీరణములు లేని పెండ్లి వృథరా సుమతీ!",jaathi,Sumathi,"[('కా', 'U'), ('ర', '|'), ('ణ', '|'), ('ము', '|'), ('లే', 'U'), ('ని', '|'), ('న', '|'), ('గ', '|'), ('వు', '|'), ('ను', '|'), ('బే', 'U'), ('ర', '|'), ('ణ', '|'), ('ము', '|'), ('ను', '|'), ('లే', 'U'), ('ని', '|'), ('లే', 'U'), ('మ', '|'), ('పృ', '|'), ('థి', '|'), ('వీ', 'U'), ('స్థ', '|'), ('లి', '|'), ('లో', 'U'), ('బూ', 'U'), ('ర', '|'), ('ణ', '|'), ('ము', '|'), ('లే', 'U'), ('ని', '|'), ('బూ', 'U'), ('రె', '|'), ('యు', '|'), ('వీ', 'U'), ('ర', '|'), ('ణ', '|'), ('ము', '|'), ('లు', '|'), ('లే', 'U'), ('ని', '|'), ('పెం', 'U'), ('డ్లి', '|'), ('వృ', '|'), ('థ', '|'), ('రా', 'U'), ('సు', '|'), ('మ', '|'), ('తీ', 'U')]",0.75,-1.0,1.0,1.0,0.0,1.0
kandamu,"కులకాంత తోడనెప్పుడుఁ
గలహింపకు వట్టితప్పు ఘటియింపకుమీ
కలకంఠికంట కన్నీ
రొలికిన సిరి యింటనుంట నొల్లదు సుమతీ!",jaathi,Sumathi,"[('కు', '|'), ('ల', '|'), ('కాం', 'U'), ('త', '|'), ('తో', 'U'), ('డ', '|'), ('నె', 'U'), ('ప్పు', '|'), ('డు', '|'), ('గ', '|'), ('ల', '|'), ('హిం', 'U'), ('ప', '|'), ('కు', '|'), ('వ', 'U'), ('ట్టి', '|'), ('త', 'U'), ('ప్పు', '|'), ('ఘ', '|'), ('టి', '|'), ('యిం', 'U'), ('ప', '|'), ('కు', '|'), ('మీ', 'U'), ('క', '|'), ('ల', '|'), ('కం', 'U'), ('ఠి', '|'), ('కం', 'U'), ('ట', '|'), ('క', 'U'), ('న్నీ', 'U'), ('రొ', '|'), ('లి', '|'), ('కి', '|'), ('న', '|'), ('సి', '|'), ('రి', '|'), ('యిం', 'U'), ('ట', '|'), ('నుం', 'U'), ('ట', '|'), ('నొ', 'U'), ('ల్ల', '|'), ('దు', '|'), ('సు', '|'), ('మ', '|'), ('తీ', 'U')]",0.875,-1.0,1.0,1.0,0.5,1.0
kandamu,"కూరిమిగల దినములలో
నేరము లెన్నఁడును గలుగ నేరవు మఱి యా
కూరిమి విరసంబైనను
నేరములే తోఁచుచుండు నిక్కము సుమతీ!",jaathi,Sumathi,"[('కూ', 'U'), ('రి', '|'), ('మి', '|'), ('గ', '|'), ('ల', '|'), ('ది', '|'), ('న', '|'), ('ము', '|'), ('ల', '|'), ('లో', 'U'), ('నే', 'U'), ('ర', '|'), ('ము', '|'), ('లె', 'U'), ('న్న', '|'), ('డు', '|'), ('ను', '|'), ('గ', '|'), ('లు', '|'), ('గ', '|'), ('నే', 'U'), ('ర', '|'), ('వు', '|'), ('మ', '|'), ('ఱి', '|'), ('యా', 'U'), ('కూ', 'U'), ('రి', '|'), ('మి', '|'), ('వి', '|'), ('ర', '|'), ('సం', 'U'), ('బై', 'U'), ('న', '|'), ('ను', '|'), ('నే', 'U'), ('ర', '|'), ('ము', '|'), ('లే', 'U'), ('తో', 'U'), ('చు', '|'), ('చుం', 'U'), ('డు', '|'), ('ని', 'U'), ('క్క', '|'), ('ము', '|'), ('సు', '|'), ('మ', '|'), ('తీ', 'U')]",1.0,-1.0,1.0,1.0,1.0,1.0
kandamu,"కొంచెపు నరు సంగతిచే
నంచితముగఁ గీడు వచ్చు నది యెట్లన్నన్‌
గించిత్తు నల్లి కుట్టిన
మంచమునకుఁ జేటువచ్చు మహిలో సుమతీ!",jaathi,Sumathi,"[('కొం', 'U'), ('చె', '|'), ('పు', '|'), ('న', '|'), ('రు', '|'), ('సం', 'U'), ('గ', '|'), ('తి', '|'), ('చే', 'U'), ('నం', 'U'), ('చి', '|'), ('త', '|'), ('ము', '|'), ('గ', '|'), ('గీ', 'U'), ('డు', '|'), ('వ', 'U'), ('చ్చు', '|'), ('న', '|'), ('ది', '|'), ('యె', 'U'), ('ట్ల', 'U'), ('న్నన్', 'U'), ('గిం', 'U'), ('చి', 'U'), ('త్తు', '|'), ('న', 'U'), ('ల్లి', '|'), ('కు', 'U'), ('ట్టి', '|'), ('న', '|'), ('మం', 'U'), ('చ', '|'), ('ము', '|'), ('న', '|'), ('కు', '|'), ('జే', 'U'), ('టు', '|'), ('వ', 'U'), ('చ్చు', '|'), ('మ', '|'), ('హి', '|'), ('లో', 'U'), ('సు', '|'), ('మ', '|'), ('తీ', 'U')]",1.0,-1.0,1.0,1.0,1.0,1.0
kandamu,"కొక్కోకమెల్లఁ జదివినఁ
జక్కనివాఁడైన రాజ చంద్రుండైనన్‌
మిక్కిలి రొక్కంబీయక
చిక్కదురా వారకాంత సిద్ధము సుమతీ!",jaathi,Sumathi,"[('కొ', 'U'), ('క్కో', 'U'), ('క', '|'), ('మె', 'U'), ('ల్ల', '|'), ('జ', '|'), ('ది', '|'), ('వి', '|'), ('న', '|'), ('జ', 'U'), ('క్క', '|'), ('ని', '|'), ('వా', 'U'), ('డై', 'U'), ('న', '|'), ('రా', 'U'), ('జ', '|'), ('చం', 'U'), ('ద్రుం', 'U'), ('డై', 'U'), ('నన్', 'U'), ('మి', 'U'), ('క్కి', '|'), ('లి', '|'), ('రొ', 'U'), ('క్కం', 'U'), ('బీ', 'U'), ('య', '|'), ('క', '|'), ('చి', 'U'), ('క్క', '|'), ('దు', '|'), ('రా', 'U'), ('వా', 'U'), ('ర', '|'), ('కాం', 'U'), ('త', '|'), ('సి', 'U'), ('ద్ధ', '|'), ('ము', '|'), ('సు', '|'), ('మ', '|'), ('తీ', 'U')]",1.0,-1.0,1.0,1.0,1.0,1.0
kandamu,"కొఱగాని కొడుకు పుట్టినఁ
గొఱగామియె కాదు తండ్రి గుణములఁ జెఱచున్‌
జెఱకు తుద వెన్ను పుట్టినఁ
జెఱకునఁ దీపెల్లఁ జెఱచు సిద్ధము సుమతీ!",jaathi,Sumathi,"[('కొ', '|'), ('ఱ', '|'), ('గా', 'U'), ('ని', '|'), ('కొ', '|'), ('డు', '|'), ('కు', '|'), ('పు', 'U'), ('ట్టి', '|'), ('న', '|'), ('గొ', '|'), ('ఱ', '|'), ('గా', 'U'), ('మి', '|'), ('యె', '|'), ('కా', 'U'), ('దు', '|'), ('తం', 'U'), ('డ్రి', '|'), ('గు', '|'), ('ణ', '|'), ('ము', '|'), ('ల', '|'), ('జె', '|'), ('ఱ', '|'), ('చున్', 'U'), ('జె', '|'), ('ఱ', '|'), ('కు', '|'), ('తు', '|'), ('ద', '|'), ('వె', 'U'), ('న్ను', '|'), ('పు', 'U'), ('ట్టి', '|'), ('న', '|'), ('జె', '|'), ('ఱ', '|'), ('కు', '|'), ('న', '|'), ('దీ', 'U'), ('పె', 'U'), ('ల్ల', '|'), ('జె', '|'), ('ఱ', '|'), ('చు', '|'), ('సి', 'U'), ('ద్ధ', '|'), ('ము', '|'), ('సు', '|'), ('మ', '|'), ('తీ', 'U')]",1.0,-1.0,1.0,1.0,1.0,1.0
kandamu,"కోమలి విశ్వాసంబును
బాములతోఁ జెలిమి యన్యభామల వలపున్‌
వేముల తియ్యఁదనంబును
భూమీశుల నమ్మికలును బొంకుర సుమతీ!",jaathi,Sumathi,"[('కో', 'U'), ('మ', '|'), ('లి', '|'), ('వి', 'U'), ('శ్వా', 'U'), ('సం', 'U'), ('బు', '|'), ('ను', '|'), ('బా', 'U'), ('ము', '|'), ('ల', '|'), ('తో', 'U'), ('జె', '|'), ('లి', '|'), ('మి', '|'), ('య', 'U'), ('న్య', '|'), ('భా', 'U'), ('మ', '|'), ('ల', '|'), ('వ', '|'), ('ల', '|'), ('పున్', 'U'), ('వే', 'U'), ('ము', '|'), ('ల', '|'), ('తి', 'U'), ('య్య', '|'), ('ద', '|'), ('నం', 'U'), ('బు', '|'), ('ను', '|'), ('భూ', 'U'), ('మీ', 'U'), ('శు', '|'), ('ల', '|'), ('న', 'U'), ('మ్మి', '|'), ('క', '|'), ('లు', '|'), ('ను', '|'), ('బొం', 'U'), ('కు', '|'), ('ర', '|'), ('సు', '|'), ('మ', '|'), ('తీ', 'U')]",1.0,-1.0,1.0,1.0,1.0,1.0
kandamu,"గడనగల మగనిఁ జూచిన
నడుగడుగున మడుఁగులిడుదు రతివలు తమలోఁ
గడనుడుగు మగనిఁ జూచిన
నడపీనుఁగు వచ్చెననుచు నగుదురు సుమతీ!",jaathi,Sumathi,"[('గ', '|'), ('డ', '|'), ('న', '|'), ('గ', '|'), ('ల', '|'), ('మ', '|'), ('గ', '|'), ('ని', '|'), ('జూ', 'U'), ('చి', '|'), ('న', '|'), ('న', '|'), ('డు', '|'), ('గ', '|'), ('డు', '|'), ('గు', '|'), ('న', '|'), ('మ', '|'), ('డు', '|'), ('గు', '|'), ('లి', '|'), ('డు', '|'), ('దు', '|'), ('ర', '|'), ('తి', '|'), ('వ', '|'), ('లు', '|'), ('త', '|'), ('మ', '|'), ('లో', 'U'), ('గ', '|'), ('డ', '|'), ('ను', '|'), ('డు', '|'), ('గు', '|'), ('మ', '|'), ('గ', '|'), ('ని', '|'), ('జూ', 'U'), ('చి', '|'), ('న', '|'), ('న', '|'), ('డ', '|'), ('పీ', 'U'), ('ను', '|'), ('గు', '|'), ('వ', 'U'), ('చ్చె', '|'), ('న', '|'), ('ను', '|'), ('చు', '|'), ('న', '|'), ('గు', '|'), ('దు', '|'), ('రు', '|'), ('సు', '|'), ('మ', '|'), ('తీ', 'U')]",0.875,-1.0,1.0,1.0,0.5,1.0
kandamu,"చింతింపకు గడచినపని
కింతులు వలతురని నమ్మ కెంతయు మదిలో
నంతఃపురకాంతలతో
మంతనములుమాను మిదియె మతముర సుమతీ!",jaathi,Sumathi,"[('చిం', 'U'), ('తిం', 'U'), ('ప', '|'), ('కు', '|'), ('గ', '|'), ('డ', '|'), ('చి', '|'), ('న', '|'), ('ప', '|'), ('ని', '|'), ('కిం', 'U'), ('తు', '|'), ('లు', '|'), ('వ', '|'), ('ల', '|'), ('తు', '|'), ('ర', '|'), ('ని', '|'), ('న', 'U'), ('మ్మ', '|'), ('కెం', 'U'), ('త', '|'), ('యు', '|'), ('మ', '|'), ('ది', '|'), ('లో', 'U'), ('నం', 'U'), ('తః', 'U'), ('పు', '|'), ('ర', '|'), ('కాం', 'U'), ('త', '|'), ('ల', '|'), ('తో', 'U'), ('మం', 'U'), ('త', '|'), ('న', '|'), ('ము', '|'), ('లు', '|'), ('మా', 'U'), ('ను', '|'), ('మి', '|'), ('ది', '|'), ('యె', '|'), ('మ', '|'), ('త', '|'), ('ము', '|'), ('ర', '|'), ('సు', '|'), ('మ', '|'), ('తీ', 'U')]",0.9375,-1.0,1.0,1.0,1.0,0.75
kandamu,"చీమలు పెట్టిన పుట్టలు
పాముల కిరవైనయట్లు పామరుఁడు దగన్‌
హేమంబుఁ గూడఁ బెట్టిన
భూమీశుల పాలఁ జేరు భువిలో సుమతీ!",jaathi,Sumathi,"[('చీ', 'U'), ('మ', '|'), ('లు', '|'), ('పె', 'U'), ('ట్టి', '|'), ('న', '|'), ('పు', 'U'), ('ట్ట', '|'), ('లు', '|'), ('పా', 'U'), ('ము', '|'), ('ల', '|'), ('కి', '|'), ('ర', '|'), ('వై', 'U'), ('న', '|'), ('య', 'U'), ('ట్లు', '|'), ('పా', 'U'), ('మ', '|'), ('రు', '|'), ('డు', '|'), ('ద', '|'), ('గన్', 'U'), ('హే', 'U'), ('మం', 'U'), ('బు', '|'), ('గూ', 'U'), ('డ', '|'), ('బె', 'U'), ('ట్టి', '|'), ('న', '|'), ('భూ', 'U'), ('మీ', 'U'), ('శు', '|'), ('ల', '|'), ('పా', 'U'), ('ల', '|'), ('జే', 'U'), ('రు', '|'), ('భు', '|'), ('వి', '|'), ('లో', 'U'), ('సు', '|'), ('మ', '|'), ('తీ', 'U')]",1.0,-1.0,1.0,1.0,1.0,1.0
kandamu,"చుట్టములు గాని వారలు
చుట్టములము నీ కటంచు సొంపు దలిర్పన్‌
నెట్టుకొని యాశ్రయింతురు
గట్టిగ ద్రవ్యంబు గలుగఁ గదరా సుమతీ!",jaathi,Sumathi,"[('చు', 'U'), ('ట్ట', '|'), ('ము', '|'), ('లు', '|'), ('గా', 'U'), ('ని', '|'), ('వా', 'U'), ('ర', '|'), ('లు', '|'), ('చు', 'U'), ('ట్ట', '|'), ('ము', '|'), ('ల', '|'), ('ము', '|'), ('నీ', 'U'), ('క', '|'), ('టం', 'U'), ('చు', '|'), ('సొం', 'U'), ('పు', '|'), ('ద', '|'), ('లి', 'U'), ('ర్పన్', 'U'), ('నె', 'U'), ('ట్టు', '|'), ('కొ', '|'), ('ని', '|'), ('యా', 'U'), ('శ్ర', '|'), ('యిం', 'U'), ('తు', '|'), ('రు', '|'), ('గ', 'U'), ('ట్టి', '|'), ('గ', '|'), ('ద్ర', 'U'), ('వ్యం', 'U'), ('బు', '|'), ('గ', '|'), ('లు', '|'), ('గ', '|'), ('గ', '|'), ('ద', '|'), ('రా', 'U'), ('సు', '|'), ('మ', '|'), ('తీ', 'U')]",1.0,-1.0,1.0,1.0,1.0,1.0
kandamu,"చేతులకుఁ దొడవు దానము
భూతల నాథులకుఁ దొడవు బొంకమి ధరలో
నీతియ తొడవెవ్వారికి
నాతికి మానంబు తొడవు నయముగ సుమతీ!",jaathi,Sumathi,"[('చే', 'U'), ('తు', '|'), ('ల', '|'), ('కు', '|'), ('దొ', '|'), ('డ', '|'), ('వు', '|'), ('దా', 'U'), ('న', '|'), ('ము', '|'), ('భూ', 'U'), ('త', '|'), ('ల', '|'), ('నా', 'U'), ('థు', '|'), ('ల', '|'), ('కు', '|'), ('దొ', '|'), ('డ', '|'), ('వు', '|'), ('బొం', 'U'), ('క', '|'), ('మి', '|'), ('ధ', '|'), ('ర', '|'), ('లో', 'U'), ('నీ', 'U'), ('తి', '|'), ('య', '|'), ('తొ', '|'), ('డ', '|'), ('వె', 'U'), ('వ్వా', 'U'), ('రి', '|'), ('కి', '|'), ('నా', 'U'), ('తి', '|'), ('కి', '|'), ('మా', 'U'), ('నం', 'U'), ('బు', '|'), ('తొ', '|'), ('డ', '|'), ('వు', '|'), ('న', '|'), ('య', '|'), ('ము', '|'), ('గ', '|'), ('సు', '|'), ('మ', '|'), ('తీ', 'U')]",1.0,-1.0,1.0,1.0,1.0,1.0
kandamu,"తడవోర్వక యొడలోర్వక
కడువేగం బడచిపడినఁ గార్యంబగునే
తడవోర్చిన నొడలోర్చినఁ
జెడిపోయిన కార్యమెల్లఁ జేకుఱు సుమతీ!",jaathi,Sumathi,"[('త', '|'), ('డ', '|'), ('వో', 'U'), ('ర్వ', '|'), ('క', '|'), ('యొ', '|'), ('డ', '|'), ('లో', 'U'), ('ర్వ', '|'), ('క', '|'), ('క', '|'), ('డు', '|'), ('వే', 'U'), ('గం', 'U'), ('బ', '|'), ('డ', '|'), ('చి', '|'), ('ప', '|'), ('డి', '|'), ('న', '|'), ('గా', 'U'), ('ర్యం', 'U'), ('బ', '|'), ('గు', '|'), ('నే', 'U'), ('త', '|'), ('డ', '|'), ('వో', 'U'), ('ర్చి', '|'), ('న', '|'), ('నొ', '|'), ('డ', '|'), ('లో', 'U'), ('ర్చి', '|'), ('న', '|'), ('జె', '|'), ('డి', '|'), ('పో', 'U'), ('యి', '|'), ('న', '|'), ('కా', 'U'), ('ర్య', '|'), ('మె', 'U'), ('ల్ల', '|'), ('జే', 'U'), ('కు', '|'), ('ఱు', '|'), ('సు', '|'), ('మ', '|'), ('తీ', 'U')]",1.0,-1.0,1.0,1.0,1.0,1.0
kandamu,"తన కోపమె తన శత్రువు
తన శాంతమె తనకు రక్ష దయ చుట్టంబౌఁ
దన సంతోషమె స్వర్గము
తన దుఃఖమె నరకమండ్రు తథ్యము సుమతీ!",jaathi,Sumathi,"[('త', '|'), ('న', '|'), ('కో', 'U'), ('ప', '|'), ('మె', '|'), ('త', '|'), ('న', '|'), ('శ', '|'), ('త్రు', '|'), ('వు', '|'), ('త', '|'), ('న', '|'), ('శాం', 'U'), ('త', '|'), ('మె', '|'), ('త', '|'), ('న', '|'), ('కు', '|'), ('ర', 'U'), ('క్ష', '|'), ('ద', '|'), ('య', '|'), ('చు', 'U'), ('ట్టం', 'U'), ('బౌ', 'U'), ('ద', '|'), ('న', '|'), ('సం', 'U'), ('తో', 'U'), ('ష', '|'), ('మె', 'U'), ('స్వ', 'U'), ('ర్గ', '|'), ('ము', '|'), ('త', '|'), ('న', '|'), ('దుః', 'U'), ('ఖ', '|'), ('మె', '|'), ('న', '|'), ('ర', '|'), ('క', '|'), ('మం', 'U'), ('డ్రు', '|'), ('త', 'U'), ('థ్య', '|'), ('ము', '|'), ('సు', '|'), ('మ', '|'), ('తీ', 'U')]",0.453125,-1.0,1.0,0.5625,0.0,0.25
kandamu,"తన యూరి తపసితనమును
దన పుత్త్రుని విద్య పెంపుఁ దన సతి రూపున్‌
దన పెరటిచెట్టు మందును
మనసున వర్ణింపరెట్టి మనుజులు సుమతీ!",jaathi,Sumathi,"[('త', '|'), ('న', '|'), ('యూ', 'U'), ('రి', '|'), ('త', '|'), ('ప', '|'), ('సి', '|'), ('త', '|'), ('న', '|'), ('ము', '|'), ('ను', '|'), ('ద', '|'), ('న', '|'), ('పు', 'U'), ('త్త్రు', '|'), ('ని', '|'), ('వి', 'U'), ('ద్య', '|'), ('పెం', 'U'), ('పు', '|'), ('ద', '|'), ('న', '|'), ('స', '|'), ('తి', '|'), ('రూ', 'U'), ('పున్', 'U'), ('ద', '|'), ('న', '|'), ('పె', '|'), ('ర', '|'), ('టి', '|'), ('చె', 'U'), ('ట్టు', '|'), ('మం', 'U'), ('దు', '|'), ('ను', '|'), ('మ', '|'), ('న', '|'), ('సు', '|'), ('న', '|'), ('వ', 'U'), ('ర్ణిం', 'U'), ('ప', '|'), ('రె', 'U'), ('ట్టి', '|'), ('మ', '|'), ('ను', '|'), ('జు', '|'), ('లు', '|'), ('సు', '|'), ('మ', '|'), ('తీ', 'U')]",1.0,-1.0,1.0,1.0,1.0,1.0
kandamu,"తన కలిమి యింద్ర భోగము
తన లేమియె సర్వలోక దారిద్ర్యంబు\న్‌
దన చావు జగత్ప్రళయము
తను వలచినదియె రంభ తథ్యము సుమతీ!",jaathi,Sumathi,"[('త', '|'), ('న', '|'), ('క', '|'), ('లి', '|'), ('మి', '|'), ('యిం', 'U'), ('ద్ర', '|'), ('భో', 'U'), ('గ', '|'), ('ము', '|'), ('త', '|'), ('న', '|'), ('లే', 'U'), ('మి', '|'), ('యె', '|'), ('స', 'U'), ('ర్వ', '|'), ('లో', 'U'), ('క', '|'), ('దా', 'U'), ('రి', 'U'), ('ద్ర్యం', 'U'), ('బున్', 'U'), ('ద', '|'), ('న', '|'), ('చా', 'U'), ('వు', '|'), ('జ', '|'), ('గ', 'U'), ('త్ప్ర', '|'), ('ళ', '|'), ('య', '|'), ('ము', '|'), ('త', '|'), ('ను', '|'), ('వ', '|'), ('ల', '|'), ('చి', '|'), ('న', '|'), ('ది', '|'), ('యె', '|'), ('రం', 'U'), ('భ', '|'), ('త', 'U'), ('థ్య', '|'), ('ము', '|'), ('సు', '|'), ('మ', '|'), ('తీ', 'U')]",0.828125,-1.0,1.0,0.8125,0.5,1.0
kandamu,"తన వారు లేని చోటను
జనువించుక లేని చోట జగడము చోటన్‌
అనుమానమైన చోటను
మనుజునకును నిలువఁదగదు మహిలో సుమతీ!",jaathi,Sumathi,"[('త', '|'), ('న', '|'), ('వా', 'U'), ('రు', '|'), ('లే', 'U'), ('ని', '|'), ('చో', 'U'), ('ట', '|'), ('ను', '|'), ('జ', '|'), ('ను', '|'), ('విం', 'U'), ('చు', '|'), ('క', '|'), ('లే', 'U'), ('ని', '|'), ('చో', 'U'), ('ట', '|'), ('జ', '|'), ('గ', '|'), ('డ', '|'), ('ము', '|'), ('చో', 'U'), ('టన్', 'U'), ('అ', '|'), ('ను', '|'), ('మా', 'U'), ('న', '|'), ('మై', 'U'), ('న', '|'), ('చో', 'U'), ('ట', '|'), ('ను', '|'), ('మ', '|'), ('ను', '|'), ('జు', '|'), ('న', '|'), ('కు', '|'), ('ను', '|'), ('ని', '|'), ('లు', '|'), ('వ', '|'), ('ద', '|'), ('గ', '|'), ('దు', '|'), ('మ', '|'), ('హి', '|'), ('లో', 'U'), ('సు', '|'), ('మ', '|'), ('తీ', 'U')]",1.0,-1.0,1.0,1.0,1.0,1.0
kandamu,"తమలము సేయని నోరును
విమతులతోఁ జెలిమిసేసి వెతఁబడు తెలివిన్‌
(రమణుల చనుమొనలమీఁద రాయని మేనున్‌)
గమలములు లేనికొలఁకును
హిమధాముఁడు లేని రాత్రి హీనము సుమతీ!",jaathi,Sumathi,"[('త', '|'), ('మ', '|'), ('ల', '|'), ('ము', '|'), ('సే', 'U'), ('య', '|'), ('ని', '|'), ('నో', 'U'), ('రు', '|'), ('ను', '|'), ('వి', '|'), ('మ', '|'), ('తు', '|'), ('ల', '|'), ('తో', 'U'), ('జె', '|'), ('లి', '|'), ('మి', '|'), ('సే', 'U'), ('సి', '|'), ('వె', '|'), ('త', '|'), ('బ', '|'), ('డు', '|'), ('తె', '|'), ('లి', '|'), ('విన్', 'U'), ('ర', '|'), ('మ', '|'), ('ణు', '|'), ('ల', '|'), ('చ', '|'), ('ను', '|'), ('మొ', '|'), ('న', '|'), ('ల', '|'), ('మీ', 'U'), ('ద', '|'), ('రా', 'U'), ('య', '|'), ('ని', '|'), ('మే', 'U'), ('నున్', 'U'), ('గ', '|'), ('మ', '|'), ('ల', '|'), ('ము', '|'), ('లు', '|'), ('లే', 'U'), ('ని', '|'), ('కొ', '|'), ('ల', '|'), ('కు', '|'), ('ను', '|'), ('హి', '|'), ('మ', '|'), ('ధా', 'U'), ('ము', '|'), ('డు', '|'), ('లే', 'U'), ('ని', '|'), ('రా', 'U'), ('త్రి', '|'), ('హీ', 'U'), ('న', '|'), ('ము', '|'), ('సు', '|'), ('మ', '|'), ('తీ', 'U')]",0.765625,-1.0,1.0,0.8125,0.5,0.75
kandamu,"తలనుండు విషము ఫణికిని
వెలయంగాఁ దోఁక నుండు వృశ్చికమునకున్‌
తల తోఁక యనక యుండును
ఖలునకు నిలువెల్ల విషము గదరా సుమతీ!",jaathi,Sumathi,"[('త', '|'), ('ల', '|'), ('నుం', 'U'), ('డు', '|'), ('వి', '|'), ('ష', '|'), ('ము', '|'), ('ఫ', '|'), ('ణి', '|'), ('కి', '|'), ('ని', '|'), ('వె', '|'), ('ల', '|'), ('యం', 'U'), ('గా', 'U'), ('దో', 'U'), ('క', '|'), ('నుం', 'U'), ('డు', '|'), ('వృ', 'U'), ('శ్చి', '|'), ('క', '|'), ('ము', '|'), ('న', '|'), ('కున్', 'U'), ('త', '|'), ('ల', '|'), ('తో', 'U'), ('క', '|'), ('య', '|'), ('న', '|'), ('క', '|'), ('యుం', 'U'), ('డు', '|'), ('ను', '|'), ('ఖ', '|'), ('లు', '|'), ('న', '|'), ('కు', '|'), ('ని', '|'), ('లు', '|'), ('వె', 'U'), ('ల్ల', '|'), ('వి', '|'), ('ష', '|'), ('ము', '|'), ('గ', '|'), ('ద', '|'), ('రా', 'U'), ('సు', '|'), ('మ', '|'), ('తీ', 'U')]",0.875,-1.0,1.0,1.0,0.5,1.0
kandamu,"తలపొడవు ధనముఁ బోసిన
వెలయాలికి నిజములేదు వివరింపఁగాఁ
దల దడవి బాసఁజేసిన
వెలయాలిని నమ్మరాదు వినరా సుమతీ!",jaathi,Sumathi,"[('త', '|'), ('ల', '|'), ('పొ', '|'), ('డ', '|'), ('వు', '|'), ('ధ', '|'), ('న', '|'), ('ము', '|'), ('బో', 'U'), ('సి', '|'), ('న', '|'), ('వె', '|'), ('ల', '|'), ('యా', 'U'), ('లి', '|'), ('కి', '|'), ('ని', '|'), ('జ', '|'), ('ము', '|'), ('లే', 'U'), ('దు', '|'), ('వి', '|'), ('వ', '|'), ('రిం', 'U'), ('ప', '|'), ('గా', 'U'), ('ద', '|'), ('ల', '|'), ('ద', '|'), ('డ', '|'), ('వి', '|'), ('బా', 'U'), ('స', '|'), ('జే', 'U'), ('సి', '|'), ('న', '|'), ('వె', '|'), ('ల', '|'), ('యా', 'U'), ('లి', '|'), ('ని', '|'), ('న', 'U'), ('మ్మ', '|'), ('రా', 'U'), ('దు', '|'), ('వి', '|'), ('న', '|'), ('రా', 'U'), ('సు', '|'), ('మ', '|'), ('తీ', 'U')]",0.65625,-1.0,1.0,0.625,0.5,0.5
kandamu,"తలమాసిన నొలుమాసిన
వలువలు మాసినను బ్రాణవల్లభునైనన్‌
గులకాంతలైన రోఁతురు
తిలకింపఁగ భూమిలోనఁ దిరముగ సుమతీ!",jaathi,Sumathi,"[('త', '|'), ('ల', '|'), ('మా', 'U'), ('సి', '|'), ('న', '|'), ('నొ', '|'), ('లు', '|'), ('మా', 'U'), ('సి', '|'), ('న', '|'), ('వ', '|'), ('లు', '|'), ('వ', '|'), ('లు', '|'), ('మా', 'U'), ('సి', '|'), ('న', '|'), ('ను', '|'), ('బ్రా', 'U'), ('ణ', '|'), ('వ', 'U'), ('ల్ల', '|'), ('భు', '|'), ('నై', 'U'), ('నన్', 'U'), ('గు', '|'), ('ల', '|'), ('కాం', 'U'), ('త', '|'), ('లై', 'U'), ('న', '|'), ('రో', 'U'), ('తు', '|'), ('రు', '|'), ('తి', '|'), ('ల', '|'), ('కిం', 'U'), ('ప', '|'), ('గ', '|'), ('భూ', 'U'), ('మి', '|'), ('లో', 'U'), ('న', '|'), ('ది', '|'), ('ర', '|'), ('ము', '|'), ('గ', '|'), ('సు', '|'), ('మ', '|'), ('తీ', 'U')]",1.0,-1.0,1.0,1.0,1.0,1.0
kandamu,"తాననుభవింప నర్థము
మానవపతిఁ జేరుఁ గొంత మఱి భూగతమౌఁ
గానల నీఁగలు గూర్చిన
తేనియ యొరుఁజేరునట్లు తిరముగ సుమతీ!",jaathi,Sumathi,"[('తా', 'U'), ('న', '|'), ('ను', '|'), ('భ', '|'), ('విం', 'U'), ('ప', '|'), ('న', 'U'), ('ర్థ', '|'), ('ము', '|'), ('మా', 'U'), ('న', '|'), ('వ', '|'), ('ప', '|'), ('తి', '|'), ('జే', 'U'), ('రు', '|'), ('గొం', 'U'), ('త', '|'), ('మ', '|'), ('ఱి', '|'), ('భూ', 'U'), ('గ', '|'), ('త', '|'), ('మౌ', 'U'), ('గా', 'U'), ('న', '|'), ('ల', '|'), ('నీ', 'U'), ('గ', '|'), ('లు', '|'), ('గూ', 'U'), ('ర్చి', '|'), ('న', '|'), ('తే', 'U'), ('ని', '|'), ('య', '|'), ('యొ', '|'), ('రు', '|'), ('జే', 'U'), ('రు', '|'), ('న', 'U'), ('ట్లు', '|'), ('తి', '|'), ('ర', '|'), ('ము', '|'), ('గ', '|'), ('సు', '|'), ('మ', '|'), ('తీ', 'U')]",1.0,-1.0,1.0,1.0,1.0,1.0
kandamu,"దగ్గఱ కొండెము చెప్పెడు
ప్రెగ్గడ పలుకులకు రాజు ప్రియుఁడై మఱి తా
నెగ్గుఁ బ్రజ కాచరించుట
బొగ్గులకై కల్పతరువుఁ బొడుచుట సుమతీ!",jaathi,Sumathi,"[('ద', 'U'), ('గ్గ', '|'), ('ఱ', '|'), ('కొం', 'U'), ('డె', '|'), ('ము', '|'), ('చె', 'U'), ('ప్పె', '|'), ('డు', '|'), ('ప్రె', 'U'), ('గ్గ', '|'), ('డ', '|'), ('ప', '|'), ('లు', '|'), ('కు', '|'), ('ల', '|'), ('కు', '|'), ('రా', 'U'), ('జు', '|'), ('ప్రి', '|'), ('యు', '|'), ('డై', 'U'), ('మ', '|'), ('ఱి', '|'), ('తా', 'U'), ('నె', 'U'), ('గ్గు', '|'), ('బ్ర', '|'), ('జ', '|'), ('కా', 'U'), ('చ', '|'), ('రిం', 'U'), ('చు', '|'), ('ట', '|'), ('బొ', 'U'), ('గ్గు', '|'), ('ల', '|'), ('కై', 'U'), ('క', 'U'), ('ల్ప', '|'), ('త', '|'), ('రు', '|'), ('వు', '|'), ('బొ', '|'), ('డు', '|'), ('చు', '|'), ('ట', '|'), ('సు', '|'), ('మ', '|'), ('తీ', 'U')]",1.0,-1.0,1.0,1.0,1.0,1.0
kandamu,"ధనపతి సఖుఁడై యుండియు
నెనయంగా శివుఁడు భిక్ష మెత్తఁగవలసెన్‌
దనవారి కెంత కలగినఁ
దనభాగ్యమె తనకుఁగాక తథ్యము సుమతీ!",jaathi,Sumathi,"[('ధ', '|'), ('న', '|'), ('ప', '|'), ('తి', '|'), ('స', '|'), ('ఖు', '|'), ('డై', 'U'), ('యుం', 'U'), ('డి', '|'), ('యు', '|'), ('నె', '|'), ('న', '|'), ('యం', 'U'), ('గా', 'U'), ('శి', '|'), ('వు', '|'), ('డు', '|'), ('భి', 'U'), ('క్ష', '|'), ('మె', 'U'), ('త్త', '|'), ('గ', '|'), ('వ', '|'), ('ల', '|'), ('సెన్', 'U'), ('ద', '|'), ('న', '|'), ('వా', 'U'), ('రి', '|'), ('కెం', 'U'), ('త', '|'), ('క', '|'), ('ల', '|'), ('గి', '|'), ('న', '|'), ('ద', '|'), ('న', '|'), ('భా', 'U'), ('గ్య', '|'), ('మె', '|'), ('త', '|'), ('న', '|'), ('కు', '|'), ('గా', 'U'), ('క', '|'), ('త', 'U'), ('థ్య', '|'), ('ము', '|'), ('సు', '|'), ('మ', '|'), ('తీ', 'U')]",0.875,-1.0,1.0,1.0,0.5,1.0
kandamu,"ధీరులకుఁ జేయు మేలది
సారంబగు నారికేళ సలిలము భంగిన్‌
గౌరవమును మఱి మీఁదట
భూరి సుఖావహము నగును భువిలో సుమతీ!",jaathi,Sumathi,"[('ధీ', 'U'), ('రు', '|'), ('ల', '|'), ('కు', '|'), ('జే', 'U'), ('యు', '|'), ('మే', 'U'), ('ల', '|'), ('ది', '|'), ('సా', 'U'), ('రం', 'U'), ('బ', '|'), ('గు', '|'), ('నా', 'U'), ('రి', '|'), ('కే', 'U'), ('ళ', '|'), ('స', '|'), ('లి', '|'), ('ల', '|'), ('ము', '|'), ('భం', 'U'), ('గిన్', 'U'), ('గౌ', 'U'), ('ర', '|'), ('వ', '|'), ('ము', '|'), ('ను', '|'), ('మ', '|'), ('ఱి', '|'), ('మీ', 'U'), ('ద', '|'), ('ట', '|'), ('భూ', 'U'), ('రి', '|'), ('సు', '|'), ('ఖా', 'U'), ('వ', '|'), ('హ', '|'), ('ము', '|'), ('న', '|'), ('గు', '|'), ('ను', '|'), ('భు', '|'), ('వి', '|'), ('లో', 'U'), ('సు', '|'), ('మ', '|'), ('తీ', 'U')]",1.0,-1.0,1.0,1.0,1.0,1.0
kandamu,"నడువకుమీ తెరువొక్కటఁ
గుడువకుమీ శత్రునింటఁ గూరిమి తోడన్‌
ముడువకుమీ పరధనముల
నుడువకుమీ యొరుల మనసు నొవ్వఁగ సుమతీ!",jaathi,Sumathi,"[('న', '|'), ('డు', '|'), ('వ', '|'), ('కు', '|'), ('మీ', 'U'), ('తె', '|'), ('రు', '|'), ('వొ', 'U'), ('క్క', '|'), ('ట', '|'), ('గు', '|'), ('డు', '|'), ('వ', '|'), ('కు', '|'), ('మీ', 'U'), ('శ', '|'), ('త్రు', '|'), ('నిం', 'U'), ('ట', '|'), ('గూ', 'U'), ('రి', '|'), ('మి', '|'), ('తో', 'U'), ('డన్', 'U'), ('ము', '|'), ('డు', '|'), ('వ', '|'), ('కు', '|'), ('మీ', 'U'), ('ప', '|'), ('ర', '|'), ('ధ', '|'), ('న', '|'), ('ము', '|'), ('ల', '|'), ('ను', '|'), ('డు', '|'), ('వ', '|'), ('కు', '|'), ('మీ', 'U'), ('యొ', '|'), ('రు', '|'), ('ల', '|'), ('మ', '|'), ('న', '|'), ('సు', '|'), ('నొ', 'U'), ('వ్వ', '|'), ('గ', '|'), ('సు', '|'), ('మ', '|'), ('తీ', 'U')]",0.53125,-1.0,1.0,0.625,0.0,0.5
kandamu,"నమ్మకు సుంకరి జూదరి
నమ్మకు మగసాలివాని నటు వెలయాలిన్‌
నమ్మకు మంగడివానిని
నమ్మకుమీ వామహస్తు నవనిని సుమతీ!",jaathi,Sumathi,"[('న', 'U'), ('మ్మ', '|'), ('కు', '|'), ('సుం', 'U'), ('క', '|'), ('రి', '|'), ('జూ', 'U'), ('ద', '|'), ('రి', '|'), ('న', 'U'), ('మ్మ', '|'), ('కు', '|'), ('మ', '|'), ('గ', '|'), ('సా', 'U'), ('లి', '|'), ('వా', 'U'), ('ని', '|'), ('న', '|'), ('టు', '|'), ('వె', '|'), ('ల', '|'), ('యా', 'U'), ('లిన్', 'U'), ('న', 'U'), ('మ్మ', '|'), ('కు', '|'), ('మం', 'U'), ('గ', '|'), ('డి', '|'), ('వా', 'U'), ('ని', '|'), ('ని', '|'), ('న', 'U'), ('మ్మ', '|'), ('కు', '|'), ('మీ', 'U'), ('వా', 'U'), ('మ', '|'), ('హ', 'U'), ('స్తు', '|'), ('న', '|'), ('వ', '|'), ('ని', '|'), ('ని', '|'), ('సు', '|'), ('మ', '|'), ('తీ', 'U')]",1.0,-1.0,1.0,1.0,1.0,1.0
kandamu,"నయమునఁ బాలుం ద్రావరు
భయమున విషమ్మునైన భక్షింతురుగా
నయమెంత దోసకారియొ
భయమే చూపంగ వలయు బాగుగ సుమతీ!",jaathi,Sumathi,"[('న', '|'), ('య', '|'), ('ము', '|'), ('న', '|'), ('బా', 'U'), ('లుం', 'U'), ('ద్రా', 'U'), ('వ', '|'), ('రు', '|'), ('భ', '|'), ('య', '|'), ('ము', '|'), ('న', '|'), ('వి', '|'), ('ష', 'U'), ('మ్ము', '|'), ('నై', 'U'), ('న', '|'), ('భ', 'U'), ('క్షిం', 'U'), ('తు', '|'), ('రు', '|'), ('గా', 'U'), ('న', '|'), ('య', '|'), ('మెం', 'U'), ('త', '|'), ('దో', 'U'), ('స', '|'), ('కా', 'U'), ('రి', '|'), ('యొ', '|'), ('భ', '|'), ('య', '|'), ('మే', 'U'), ('చూ', 'U'), ('పం', 'U'), ('గ', '|'), ('వ', '|'), ('ల', '|'), ('యు', '|'), ('బా', 'U'), ('గు', '|'), ('గ', '|'), ('సు', '|'), ('మ', '|'), ('తీ', 'U')]",0.5,-1.0,1.0,0.5,0.0,0.5
kandamu,"నరపతులు మేరఁ దప్పినఁ
దిర మొప్పగ విధవ యింటఁ దీర్పరియైనన్‌
గరణము వైదికుఁడయినను
మరణాంతకమౌను గాని మానదు సుమతీ!",jaathi,Sumathi,"[('న', '|'), ('ర', '|'), ('ప', '|'), ('తు', '|'), ('లు', '|'), ('మే', 'U'), ('ర', '|'), ('ద', 'U'), ('ప్పి', '|'), ('న', '|'), ('ది', '|'), ('ర', '|'), ('మొ', 'U'), ('ప్ప', '|'), ('గ', '|'), ('వి', '|'), ('ధ', '|'), ('వ', '|'), ('యిం', 'U'), ('ట', '|'), ('దీ', 'U'), ('ర్ప', '|'), ('రి', '|'), ('యై', 'U'), ('నన్', 'U'), ('గ', '|'), ('ర', '|'), ('ణ', '|'), ('ము', '|'), ('వై', 'U'), ('ది', '|'), ('కు', '|'), ('డ', '|'), ('యి', '|'), ('న', '|'), ('ను', '|'), ('మ', '|'), ('ర', '|'), ('ణాం', 'U'), ('త', '|'), ('క', '|'), ('మౌ', 'U'), ('ను', '|'), ('గా', 'U'), ('ని', '|'), ('మా', 'U'), ('న', '|'), ('దు', '|'), ('సు', '|'), ('మ', '|'), ('తీ', 'U')]",1.0,-1.0,1.0,1.0,1.0,1.0
kandamu,"నవరస భావాలంకృత
కవితా గోష్ఠియును మధుర గానంబును దా
నవివేకి కెంతఁ జెప్పినఁ
జెవిటికి సంకూదినట్లు సిద్ధము సుమతీ!",jaathi,Sumathi,"[('న', '|'), ('వ', '|'), ('ర', '|'), ('స', '|'), ('భా', 'U'), ('వా', 'U'), ('లం', 'U'), ('కృ', '|'), ('త', '|'), ('క', '|'), ('వి', '|'), ('తా', 'U'), ('గో', 'U'), ('ష్ఠి', '|'), ('యు', '|'), ('ను', '|'), ('మ', '|'), ('ధు', '|'), ('ర', '|'), ('గా', 'U'), ('నం', 'U'), ('బు', '|'), ('ను', '|'), ('దా', 'U'), ('న', '|'), ('వి', '|'), ('వే', 'U'), ('కి', '|'), ('కెం', 'U'), ('త', '|'), ('జె', 'U'), ('ప్పి', '|'), ('న', '|'), ('జె', '|'), ('వి', '|'), ('టి', '|'), ('కి', '|'), ('సం', 'U'), ('కూ', 'U'), ('ది', '|'), ('న', 'U'), ('ట్లు', '|'), ('సి', 'U'), ('ద్ధ', '|'), ('ము', '|'), ('సు', '|'), ('మ', '|'), ('తీ', 'U')]",1.0,-1.0,1.0,1.0,1.0,1.0
kandamu,"నవ్వకుమీ సభ లోపల
నవ్వకుమీ తల్లిదండ్రి నాథుల తోడన్‌
నవ్వకుమీ పరసతితో
నవ్వకుమీ విప్రవరుల నయమిది సుమతీ!",jaathi,Sumathi,"[('న', 'U'), ('వ్వ', '|'), ('కు', '|'), ('మీ', 'U'), ('స', '|'), ('భ', '|'), ('లో', 'U'), ('ప', '|'), ('ల', '|'), ('న', 'U'), ('వ్వ', '|'), ('కు', '|'), ('మీ', 'U'), ('త', 'U'), ('ల్లి', '|'), ('దం', 'U'), ('డ్రి', '|'), ('నా', 'U'), ('థు', '|'), ('ల', '|'), ('తో', 'U'), ('డన్', 'U'), ('న', 'U'), ('వ్వ', '|'), ('కు', '|'), ('మీ', 'U'), ('ప', '|'), ('ర', '|'), ('స', '|'), ('తి', '|'), ('తో', 'U'), ('న', 'U'), ('వ్వ', '|'), ('కు', '|'), ('మీ', 'U'), ('వి', '|'), ('ప్ర', '|'), ('వ', '|'), ('రు', '|'), ('ల', '|'), ('న', '|'), ('య', '|'), ('మి', '|'), ('ది', '|'), ('సు', '|'), ('మ', '|'), ('తీ', 'U')]",0.859375,-1.0,1.0,0.9375,0.5,1.0
kandamu,"నీరే ప్రాణాధారము
నోరే రసభరితమైన నుడువులకెల్లన్‌
నారియె నరులకు రత్నము
చీరయె శృంగారమండ్రు సిద్ధము సుమతీ!",jaathi,Sumathi,"[('నీ', 'U'), ('రే', 'U'), ('ప్రా', 'U'), ('ణా', 'U'), ('ధా', 'U'), ('ర', '|'), ('ము', '|'), ('నో', 'U'), ('రే', 'U'), ('ర', '|'), ('స', '|'), ('భ', '|'), ('రి', '|'), ('త', '|'), ('మై', 'U'), ('న', '|'), ('ను', '|'), ('డు', '|'), ('వు', '|'), ('ల', '|'), ('కె', 'U'), ('ల్లన్', 'U'), ('నా', 'U'), ('రి', '|'), ('యె', '|'), ('న', '|'), ('రు', '|'), ('ల', '|'), ('కు', '|'), ('ర', 'U'), ('త్న', '|'), ('ము', '|'), ('చీ', 'U'), ('ర', '|'), ('యె', '|'), ('శృం', 'U'), ('గా', 'U'), ('ర', '|'), ('మం', 'U'), ('డ్రు', '|'), ('సి', 'U'), ('ద్ధ', '|'), ('ము', '|'), ('సు', '|'), ('మ', '|'), ('తీ', 'U')]",1.0,-1.0,1.0,1.0,1.0,1.0
kandamu,"పగ వలదెవ్వరి తోడను
వగవంగా వలదు లేమి వచ్చిన పిదపన్‌
దెగనాడవలదు సభలను
మగువకు మనసీయవలదు మహిలో సుమతీ!",jaathi,Sumathi,"[('ప', '|'), ('గ', '|'), ('వ', '|'), ('ల', '|'), ('దె', 'U'), ('వ్వ', '|'), ('రి', '|'), ('తో', 'U'), ('డ', '|'), ('ను', '|'), ('వ', '|'), ('గ', '|'), ('వం', 'U'), ('గా', 'U'), ('వ', '|'), ('ల', '|'), ('దు', '|'), ('లే', 'U'), ('మి', '|'), ('వ', 'U'), ('చ్చి', '|'), ('న', '|'), ('పి', '|'), ('ద', '|'), ('పన్', 'U'), ('దె', '|'), ('గ', '|'), ('నా', 'U'), ('డ', '|'), ('వ', '|'), ('ల', '|'), ('దు', '|'), ('స', '|'), ('భ', '|'), ('ల', '|'), ('ను', '|'), ('మ', '|'), ('గు', '|'), ('వ', '|'), ('కు', '|'), ('మ', '|'), ('న', '|'), ('సీ', 'U'), ('య', '|'), ('వ', '|'), ('ల', '|'), ('దు', '|'), ('మ', '|'), ('హి', '|'), ('లో', 'U'), ('సు', '|'), ('మ', '|'), ('తీ', 'U')]",1.0,-1.0,1.0,1.0,1.0,1.0
kandamu,"పతికడకుఁ దన్నుగూర్చిన
సతికడకును వేల్పుకడకు సద్గురుకడకున్‌
సుతుకడకు రిత్తచేతుల
మతిమంతులు చనరు నీతి మార్గము సుమతీ!",jaathi,Sumathi,"[('ప', '|'), ('తి', '|'), ('క', '|'), ('డ', '|'), ('కు', '|'), ('ద', 'U'), ('న్ను', '|'), ('గూ', 'U'), ('ర్చి', '|'), ('న', '|'), ('స', '|'), ('తి', '|'), ('క', '|'), ('డ', '|'), ('కు', '|'), ('ను', '|'), ('వే', 'U'), ('ల్పు', '|'), ('క', '|'), ('డ', '|'), ('కు', '|'), ('స', 'U'), ('ద్గు', '|'), ('రు', '|'), ('క', '|'), ('డ', '|'), ('కున్', 'U'), ('సు', '|'), ('తు', '|'), ('క', '|'), ('డ', '|'), ('కు', '|'), ('రి', 'U'), ('త్త', '|'), ('చే', 'U'), ('తు', '|'), ('ల', '|'), ('మ', '|'), ('తి', '|'), ('మం', 'U'), ('తు', '|'), ('లు', '|'), ('చ', '|'), ('న', '|'), ('రు', '|'), ('నీ', 'U'), ('తి', '|'), ('మా', 'U'), ('ర్గ', '|'), ('ము', '|'), ('సు', '|'), ('మ', '|'), ('తీ', 'U')]",1.0,-1.0,1.0,1.0,1.0,1.0
kandamu,"పనిచేయు నెడల దాసియు
ననుభవమున రంభ మంత్రి యాలోచనలన్‌
దన భుక్తియెడలఁ దల్లియు
ననఁ దన కులకాంత యుండ నగురా సుమతీ!",jaathi,Sumathi,"[('ప', '|'), ('ని', '|'), ('చే', 'U'), ('యు', '|'), ('నె', '|'), ('డ', '|'), ('ల', '|'), ('దా', 'U'), ('సి', '|'), ('యు', '|'), ('న', '|'), ('ను', '|'), ('భ', '|'), ('వ', '|'), ('ము', '|'), ('న', '|'), ('రం', 'U'), ('భ', '|'), ('మం', 'U'), ('త్రి', '|'), ('యా', 'U'), ('లో', 'U'), ('చ', '|'), ('న', '|'), ('లన్', 'U'), ('ద', '|'), ('న', '|'), ('భు', 'U'), ('క్తి', '|'), ('యె', '|'), ('డ', '|'), ('ల', '|'), ('ద', 'U'), ('ల్లి', '|'), ('యు', '|'), ('న', '|'), ('న', '|'), ('ద', '|'), ('న', '|'), ('కు', '|'), ('ల', '|'), ('కాం', 'U'), ('త', '|'), ('యుం', 'U'), ('డ', '|'), ('న', '|'), ('గు', '|'), ('రా', 'U'), ('సు', '|'), ('మ', '|'), ('తీ', 'U')]",0.875,-1.0,1.0,1.0,0.5,1.0
kandamu,"పరనారీసోదరుఁడై
పరధనముల కాసపడక పరులకు హితుఁడై
పరులు దనుఁ బొగడ నెగడియు
పరులలిగిన నలుగనతఁడు పరముఁడు సుమతీ!",jaathi,Sumathi,"[('ప', '|'), ('ర', '|'), ('నా', 'U'), ('రీ', 'U'), ('సో', 'U'), ('ద', '|'), ('రు', '|'), ('డై', 'U'), ('ప', '|'), ('ర', '|'), ('ధ', '|'), ('న', '|'), ('ము', '|'), ('ల', '|'), ('కా', 'U'), ('స', '|'), ('ప', '|'), ('డ', '|'), ('క', '|'), ('ప', '|'), ('రు', '|'), ('ల', '|'), ('కు', '|'), ('హి', '|'), ('తు', '|'), ('డై', 'U'), ('ప', '|'), ('రు', '|'), ('లు', '|'), ('ద', '|'), ('ను', '|'), ('బొ', '|'), ('గ', '|'), ('డ', '|'), ('నె', '|'), ('గ', '|'), ('డి', '|'), ('యు', '|'), ('ప', '|'), ('రు', '|'), ('ల', '|'), ('లి', '|'), ('గి', '|'), ('న', '|'), ('న', '|'), ('లు', '|'), ('గ', '|'), ('న', '|'), ('త', '|'), ('డు', '|'), ('ప', '|'), ('ర', '|'), ('ము', '|'), ('డు', '|'), ('సు', '|'), ('మ', '|'), ('తీ', 'U')]",1.0,-1.0,1.0,1.0,1.0,1.0
kandamu,"పరసతి కూటమిఁ గోరకు
పరధనముల కాసపడకు పరునెంచకుమీ
సరిగాని గోష్ఠి సేయకు
సిరి చెడిఁ జుట్టంబుకడకుఁ జేరకు సుమతీ!",jaathi,Sumathi,"[('ప', '|'), ('ర', '|'), ('స', '|'), ('తి', '|'), ('కూ', 'U'), ('ట', '|'), ('మి', '|'), ('గో', 'U'), ('ర', '|'), ('కు', '|'), ('ప', '|'), ('ర', '|'), ('ధ', '|'), ('న', '|'), ('ము', '|'), ('ల', '|'), ('కా', 'U'), ('స', '|'), ('ప', '|'), ('డ', '|'), ('కు', '|'), ('ప', '|'), ('రు', '|'), ('నెం', 'U'), ('చ', '|'), ('కు', '|'), ('మీ', 'U'), ('స', '|'), ('రి', '|'), ('గా', 'U'), ('ని', '|'), ('గో', 'U'), ('ష్ఠి', '|'), ('సే', 'U'), ('య', '|'), ('కు', '|'), ('సి', '|'), ('రి', '|'), ('చె', '|'), ('డి', '|'), ('జు', 'U'), ('ట్టం', 'U'), ('బు', '|'), ('క', '|'), ('డ', '|'), ('కు', '|'), ('జే', 'U'), ('ర', '|'), ('కు', '|'), ('సు', '|'), ('మ', '|'), ('తీ', 'U')]",1.0,-1.0,1.0,1.0,1.0,1.0
kandamu,"పరసతుల గోష్ఠినుండిన
పురుషుడు గాంగేయుఁడైన భువి నిందబడున్‌
బరసతి సుశీలయైనను
బరుసంగతి నున్న నిందపాలగు సుమతీ!73",jaathi,Sumathi,"[('ప', '|'), ('ర', '|'), ('స', '|'), ('తు', '|'), ('ల', '|'), ('గో', 'U'), ('ష్ఠి', '|'), ('నుం', 'U'), ('డి', '|'), ('న', '|'), ('పు', '|'), ('రు', '|'), ('షు', '|'), ('డు', '|'), ('గాం', 'U'), ('గే', 'U'), ('యు', '|'), ('డై', 'U'), ('న', '|'), ('భు', '|'), ('వి', '|'), ('నిం', 'U'), ('ద', '|'), ('బ', '|'), ('డున్', 'U'), ('బ', '|'), ('ర', '|'), ('స', '|'), ('తి', '|'), ('సు', '|'), ('శీ', 'U'), ('ల', '|'), ('యై', 'U'), ('న', '|'), ('ను', '|'), ('బ', '|'), ('రు', '|'), ('సం', 'U'), ('గ', '|'), ('తి', '|'), ('ను', 'U'), ('న్న', '|'), ('నిం', 'U'), ('ద', '|'), ('పా', 'U'), ('ల', '|'), ('గు', '|'), ('సు', '|'), ('మ', '|'), ('తీ', 'U')]",1.0,-1.0,1.0,1.0,1.0,1.0
kandamu,"పరు నాత్మఁ దలఁచు సతి విడు
మఱుమాటలు పలుకు సుతుల మన్నింపకుమీ
వెఱపెఱుఁగని భటు నేలకు
తఱచుగ సతిఁ గవయఁబోకు తగదుర సుమతీ!",jaathi,Sumathi,"[('ప', '|'), ('రు', '|'), ('నా', 'U'), ('త్మ', '|'), ('ద', '|'), ('ల', '|'), ('చు', '|'), ('స', '|'), ('తి', '|'), ('వి', '|'), ('డు', '|'), ('మ', '|'), ('ఱు', '|'), ('మా', 'U'), ('ట', '|'), ('లు', '|'), ('ప', '|'), ('లు', '|'), ('కు', '|'), ('సు', '|'), ('తు', '|'), ('ల', '|'), ('మ', 'U'), ('న్నిం', 'U'), ('ప', '|'), ('కు', '|'), ('మీ', 'U'), ('వె', '|'), ('ఱ', '|'), ('పె', '|'), ('ఱు', '|'), ('గ', '|'), ('ని', '|'), ('భ', '|'), ('టు', '|'), ('నే', 'U'), ('ల', '|'), ('కు', '|'), ('త', '|'), ('ఱ', '|'), ('చు', '|'), ('గ', '|'), ('స', '|'), ('తి', '|'), ('గ', '|'), ('వ', '|'), ('య', '|'), ('బో', 'U'), ('కు', '|'), ('త', '|'), ('గ', '|'), ('దు', '|'), ('ర', '|'), ('సు', '|'), ('మ', '|'), ('తీ', 'U')]",0.9375,-1.0,1.0,1.0,1.0,0.75
kandamu,"పరుల కనిష్టము సెప్పకు
పొరుగిండ్లకుఁ బనులులేక పోవకుమెపుడున్‌
బరుఁ గవిసిన సతి గవయకు
మెఱిఁగియు బిరుసైన హయమునెక్కకు సుమతీ!",jaathi,Sumathi,"[('ప', '|'), ('రు', '|'), ('ల', '|'), ('క', '|'), ('ని', 'U'), ('ష్ట', '|'), ('ము', '|'), ('సె', 'U'), ('ప్ప', '|'), ('కు', '|'), ('పొ', '|'), ('రు', '|'), ('గిం', 'U'), ('డ్ల', '|'), ('కు', '|'), ('బ', '|'), ('ను', '|'), ('లు', '|'), ('లే', 'U'), ('క', '|'), ('పో', 'U'), ('వ', '|'), ('కు', '|'), ('మె', '|'), ('పు', '|'), ('డున్', 'U'), ('బ', '|'), ('రు', '|'), ('గ', '|'), ('వి', '|'), ('సి', '|'), ('న', '|'), ('స', '|'), ('తి', '|'), ('గ', '|'), ('వ', '|'), ('య', '|'), ('కు', '|'), ('మె', '|'), ('ఱి', '|'), ('గి', '|'), ('యు', '|'), ('బి', '|'), ('రు', '|'), ('సై', 'U'), ('న', '|'), ('హ', '|'), ('య', '|'), ('ము', '|'), ('నె', 'U'), ('క్క', '|'), ('కు', '|'), ('సు', '|'), ('మ', '|'), ('తీ', 'U')]",0.8125,-1.0,1.0,1.0,0.5,0.75
kandamu,"పర్వముల సతులఁ గవయకు
ముర్వీశ్వరు కరుణ నమ్మి యుబ్బకు మదిలో
గర్వింప నాలిఁ బెంచకు
నిర్వహణము లేనిచోట నిలువకు సుమతీ!",jaathi,Sumathi,"[('ప', 'U'), ('ర్వ', '|'), ('ము', '|'), ('ల', '|'), ('స', '|'), ('తు', '|'), ('ల', '|'), ('గ', '|'), ('వ', '|'), ('య', '|'), ('కు', '|'), ('ము', 'U'), ('ర్వీ', 'U'), ('శ్వ', '|'), ('రు', '|'), ('క', '|'), ('రు', '|'), ('ణ', '|'), ('న', 'U'), ('మ్మి', '|'), ('యు', 'U'), ('బ్బ', '|'), ('కు', '|'), ('మ', '|'), ('ది', '|'), ('లో', 'U'), ('గ', 'U'), ('ర్విం', 'U'), ('ప', '|'), ('నా', 'U'), ('లి', '|'), ('బెం', 'U'), ('చ', '|'), ('కు', '|'), ('ని', 'U'), ('ర్వ', '|'), ('హ', '|'), ('ణ', '|'), ('ము', '|'), ('లే', 'U'), ('ని', '|'), ('చో', 'U'), ('ట', '|'), ('ని', '|'), ('లు', '|'), ('వ', '|'), ('కు', '|'), ('సు', '|'), ('మ', '|'), ('తీ', 'U')]",0.875,-1.0,1.0,1.0,0.5,1.0
kandamu,"పలు దోమి సేయు విడియము
తల గడిగిన నాఁటినిద్ర తరుణుల తోడన్‌
బొల యలుక నాఁటి కూటమి
వెల యింతని చెప్పరాదు వినురా సుమతీ!",jaathi,Sumathi,"[('ప', '|'), ('లు', '|'), ('దో', 'U'), ('మి', '|'), ('సే', 'U'), ('యు', '|'), ('వి', '|'), ('డి', '|'), ('య', '|'), ('ము', '|'), ('త', '|'), ('ల', '|'), ('గ', '|'), ('డి', '|'), ('గి', '|'), ('న', '|'), ('నా', 'U'), ('టి', '|'), ('ని', '|'), ('ద్ర', '|'), ('త', '|'), ('రు', '|'), ('ణు', '|'), ('ల', '|'), ('తో', 'U'), ('డన్', 'U'), ('బొ', '|'), ('ల', '|'), ('య', '|'), ('లు', '|'), ('క', '|'), ('నా', 'U'), ('టి', '|'), ('కూ', 'U'), ('ట', '|'), ('మి', '|'), ('వె', '|'), ('ల', '|'), ('యిం', 'U'), ('త', '|'), ('ని', '|'), ('చె', 'U'), ('ప్ప', '|'), ('రా', 'U'), ('దు', '|'), ('వి', '|'), ('ను', '|'), ('రా', 'U'), ('సు', '|'), ('మ', '|'), ('తీ', 'U')]",0.578125,-1.0,1.0,0.5625,0.0,0.75
kandamu,"పాటెఱుగని పతికొలువును
గూటంబున కెఱుకపడని కోమలి రతియున్‌
బేఁటెత్తఁజేయు చెలిమియు
నేటికి నెదురీఁదినట్టు లెన్నర సుమతీ!",jaathi,Sumathi,"[('పా', 'U'), ('టె', '|'), ('ఱు', '|'), ('గ', '|'), ('ని', '|'), ('ప', '|'), ('తి', '|'), ('కొ', '|'), ('లు', '|'), ('వు', '|'), ('ను', '|'), ('గూ', 'U'), ('టం', 'U'), ('బు', '|'), ('న', '|'), ('కె', '|'), ('ఱు', '|'), ('క', '|'), ('ప', '|'), ('డ', '|'), ('ని', '|'), ('కో', 'U'), ('మ', '|'), ('లి', '|'), ('ర', '|'), ('తి', '|'), ('యున్', 'U'), ('బే', 'U'), ('టె', 'U'), ('త్త', '|'), ('జే', 'U'), ('యు', '|'), ('చె', '|'), ('లి', '|'), ('మి', '|'), ('యు', '|'), ('నే', 'U'), ('టి', '|'), ('కి', '|'), ('నె', '|'), ('దు', '|'), ('రీ', 'U'), ('ది', '|'), ('న', 'U'), ('ట్టు', '|'), ('లె', 'U'), ('న్న', '|'), ('ర', '|'), ('సు', '|'), ('మ', '|'), ('తీ', 'U')]",0.875,-1.0,1.0,1.0,0.5,1.0
kandamu,"పాలను గలసిన జలమును
బాల విధంబుననె యుండుఁ బరికింపంగాఁ
బాల చవిఁ జెఱచుఁ గావున
బాలసుఁడగువాని పొందు వలదుర సుమతీ!",jaathi,Sumathi,"[('పా', 'U'), ('ల', '|'), ('ను', '|'), ('గ', '|'), ('ల', '|'), ('సి', '|'), ('న', '|'), ('జ', '|'), ('ల', '|'), ('ము', '|'), ('ను', '|'), ('బా', 'U'), ('ల', '|'), ('వి', '|'), ('ధం', 'U'), ('బు', '|'), ('న', '|'), ('నె', '|'), ('యుం', 'U'), ('డు', '|'), ('బ', '|'), ('రి', '|'), ('కిం', 'U'), ('పం', 'U'), ('గా', 'U'), ('బా', 'U'), ('ల', '|'), ('చ', '|'), ('వి', '|'), ('జె', '|'), ('ఱ', '|'), ('చు', '|'), ('గా', 'U'), ('వు', '|'), ('న', '|'), ('బా', 'U'), ('ల', '|'), ('సు', '|'), ('డ', '|'), ('గు', '|'), ('వా', 'U'), ('ని', '|'), ('పొం', 'U'), ('దు', '|'), ('వ', '|'), ('ల', '|'), ('దు', '|'), ('ర', '|'), ('సు', '|'), ('మ', '|'), ('తీ', 'U')]",0.875,-1.0,1.0,1.0,0.5,1.0
kandamu,"పాలసునకైన యాపద
జాలింబడి తీర్పఁదగదు సర్వజ్ఞునకున్‌
దేలగ్నిఁ బఁడగఁ బట్టిన
మేలెఱుఁగునె మీటుఁగాక మేదిని సుమతీ!",jaathi,Sumathi,"[('పా', 'U'), ('ల', '|'), ('సు', '|'), ('న', '|'), ('కై', 'U'), ('న', '|'), ('యా', 'U'), ('ప', '|'), ('ద', '|'), ('జా', 'U'), ('లిం', 'U'), ('బ', '|'), ('డి', '|'), ('తీ', 'U'), ('ర్ప', '|'), ('ద', '|'), ('గ', '|'), ('దు', '|'), ('స', 'U'), ('ర్వ', 'U'), ('జ్ఞు', '|'), ('న', '|'), ('కున్', 'U'), ('దే', 'U'), ('ల', 'U'), ('గ్ని', '|'), ('బ', '|'), ('డ', '|'), ('గ', '|'), ('బ', 'U'), ('ట్టి', '|'), ('న', '|'), ('మే', 'U'), ('లె', '|'), ('ఱు', '|'), ('గు', '|'), ('నె', '|'), ('మీ', 'U'), ('టు', '|'), ('గా', 'U'), ('క', '|'), ('మే', 'U'), ('ది', '|'), ('ని', '|'), ('సు', '|'), ('మ', '|'), ('తీ', 'U')]",1.0,-1.0,1.0,1.0,1.0,1.0
kandamu,"పిలువని పనులకుఁ బోవుట
కలయని సతిరతియు రాజుగానని కొలువున్‌
బిలువని పేరంటంబును
వలవని చెలిమియును జేయవలదుర సుమతీ!",jaathi,Sumathi,"[('పి', '|'), ('లు', '|'), ('వ', '|'), ('ని', '|'), ('ప', '|'), ('ను', '|'), ('ల', '|'), ('కు', '|'), ('బో', 'U'), ('వు', '|'), ('ట', '|'), ('క', '|'), ('ల', '|'), ('య', '|'), ('ని', '|'), ('స', '|'), ('తి', '|'), ('ర', '|'), ('తి', '|'), ('యు', '|'), ('రా', 'U'), ('జు', '|'), ('గా', 'U'), ('న', '|'), ('ని', '|'), ('కొ', '|'), ('లు', '|'), ('వున్', 'U'), ('బి', '|'), ('లు', '|'), ('వ', '|'), ('ని', '|'), ('పే', 'U'), ('రం', 'U'), ('టం', 'U'), ('బు', '|'), ('ను', '|'), ('వ', '|'), ('ల', '|'), ('వ', '|'), ('ని', '|'), ('చె', '|'), ('లి', '|'), ('మి', '|'), ('యు', '|'), ('ను', '|'), ('జే', 'U'), ('య', '|'), ('వ', '|'), ('ల', '|'), ('దు', '|'), ('ర', '|'), ('సు', '|'), ('మ', '|'), ('తీ', 'U')]",1.0,-1.0,1.0,1.0,1.0,1.0
kandamu,"పురికిని బ్రాణము కోమటి
వరికిని బ్రాణంబు నీరు వసుమతి లోన\న్‌
గరికిని బ్రాణము తొండము
సిరికిని బ్రాణంబు మగువ సిద్ధము సుమతీ!",jaathi,Sumathi,"[('పు', '|'), ('రి', '|'), ('కి', '|'), ('ని', '|'), ('బ్రా', 'U'), ('ణ', '|'), ('ము', '|'), ('కో', 'U'), ('మ', '|'), ('టి', '|'), ('వ', '|'), ('రి', '|'), ('కి', '|'), ('ని', '|'), ('బ్రా', 'U'), ('ణం', 'U'), ('బు', '|'), ('నీ', 'U'), ('రు', '|'), ('వ', '|'), ('సు', '|'), ('మ', '|'), ('తి', '|'), ('లో', 'U'), ('నన్', 'U'), ('గ', '|'), ('రి', '|'), ('కి', '|'), ('ని', '|'), ('బ్రా', 'U'), ('ణ', '|'), ('ము', '|'), ('తొం', 'U'), ('డ', '|'), ('ము', '|'), ('సి', '|'), ('రి', '|'), ('కి', '|'), ('ని', '|'), ('బ్రా', 'U'), ('ణం', 'U'), ('బు', '|'), ('మ', '|'), ('గు', '|'), ('వ', '|'), ('సి', 'U'), ('ద్ధ', '|'), ('ము', '|'), ('సు', '|'), ('మ', '|'), ('తీ', 'U')]",1.0,-1.0,1.0,1.0,1.0,1.0
kandamu,"పులిపాలు తెచ్చి యిచ్చిన
నలవడఁగ గుండెగోసి యఱచే నిడినన్‌
దల పొడుగు ధనముఁ బోసిన
వెలయాలికిఁ గూర్మి లేదు వినురా సుమతీ!",jaathi,Sumathi,"[('పు', '|'), ('లి', '|'), ('పా', 'U'), ('లు', '|'), ('తె', 'U'), ('చ్చి', '|'), ('యి', 'U'), ('చ్చి', '|'), ('న', '|'), ('న', '|'), ('ల', '|'), ('వ', '|'), ('డ', '|'), ('గ', '|'), ('గుం', 'U'), ('డె', '|'), ('గో', 'U'), ('సి', '|'), ('య', '|'), ('ఱ', '|'), ('చే', 'U'), ('ని', '|'), ('డి', '|'), ('నన్', 'U'), ('ద', '|'), ('ల', '|'), ('పొ', '|'), ('డు', '|'), ('గు', '|'), ('ధ', '|'), ('న', '|'), ('ము', '|'), ('బో', 'U'), ('సి', '|'), ('న', '|'), ('వె', '|'), ('ల', '|'), ('యా', 'U'), ('లి', '|'), ('కి', '|'), ('గూ', 'U'), ('ర్మి', '|'), ('లే', 'U'), ('దు', '|'), ('వి', '|'), ('ను', '|'), ('రా', 'U'), ('సు', '|'), ('మ', '|'), ('తీ', 'U')]",0.515625,-1.0,1.0,0.5625,0.0,0.5
kandamu,"పెట్టిన దినములలోపల
నట్టడవులకైన వచ్చు నానార్థములున్‌
బెట్టని దినములఁ గనకపు
గట్టెక్కిన నేమి లేదు గదరా సుమతీ!",jaathi,Sumathi,"[('పె', 'U'), ('ట్టి', '|'), ('న', '|'), ('ది', '|'), ('న', '|'), ('ము', '|'), ('ల', '|'), ('లో', 'U'), ('ప', '|'), ('ల', '|'), ('న', 'U'), ('ట్ట', '|'), ('డ', '|'), ('వు', '|'), ('ల', '|'), ('కై', 'U'), ('న', '|'), ('వ', 'U'), ('చ్చు', '|'), ('నా', 'U'), ('నా', 'U'), ('ర్థ', '|'), ('ము', '|'), ('లున్', 'U'), ('బె', 'U'), ('ట్ట', '|'), ('ని', '|'), ('ది', '|'), ('న', '|'), ('ము', '|'), ('ల', '|'), ('గ', '|'), ('న', '|'), ('క', '|'), ('పు', '|'), ('గ', 'U'), ('ట్టె', 'U'), ('క్కి', '|'), ('న', '|'), ('నే', 'U'), ('మి', '|'), ('లే', 'U'), ('దు', '|'), ('గ', '|'), ('ద', '|'), ('రా', 'U'), ('సు', '|'), ('మ', '|'), ('తీ', 'U')]",1.0,-1.0,1.0,1.0,1.0,1.0
kandamu,"పొరుగునఁ బగవాఁడుండిన
నిరవొందఁగ వ్రాఁతగాఁడె యేలికయైన\న్‌
ధరఁ గాఁపు కొండెమాడినఁ
గరణాలకు బ్రతుకులేదు గదరా సుమతీ!",jaathi,Sumathi,"[('పొ', '|'), ('రు', '|'), ('గు', '|'), ('న', '|'), ('బ', '|'), ('గ', '|'), ('వా', 'U'), ('డుం', 'U'), ('డి', '|'), ('న', '|'), ('ని', '|'), ('ర', '|'), ('వొం', 'U'), ('ద', '|'), ('గ', '|'), ('వ్రా', 'U'), ('త', '|'), ('గా', 'U'), ('డె', '|'), ('యే', 'U'), ('లి', '|'), ('క', '|'), ('యై', 'U'), ('నన్', 'U'), ('ధ', '|'), ('ర', '|'), ('గా', 'U'), ('పు', '|'), ('కొం', 'U'), ('డె', '|'), ('మా', 'U'), ('డి', '|'), ('న', '|'), ('గ', '|'), ('ర', '|'), ('ణా', 'U'), ('ల', '|'), ('కు', '|'), ('బ్ర', '|'), ('తు', '|'), ('కు', '|'), ('లే', 'U'), ('దు', '|'), ('గ', '|'), ('ద', '|'), ('రా', 'U'), ('సు', '|'), ('మ', '|'), ('తీ', 'U')]",0.875,-1.0,1.0,1.0,0.5,1.0
kandamu,"బంగారు కుదువఁ బెట్టకు
సంగరమునఁ బాఱిపోకు సరసుఁడవైనన్‌
నంగడి వెచ్చము లాడకు
వెంగలితోఁ జెలిమి వలదు వినురా సుమతీ!",jaathi,Sumathi,"[('బం', 'U'), ('గా', 'U'), ('రు', '|'), ('కు', '|'), ('దు', '|'), ('వ', '|'), ('బె', 'U'), ('ట్ట', '|'), ('కు', '|'), ('సం', 'U'), ('గ', '|'), ('ర', '|'), ('ము', '|'), ('న', '|'), ('బా', 'U'), ('ఱి', '|'), ('పో', 'U'), ('కు', '|'), ('స', '|'), ('ర', '|'), ('సు', '|'), ('డ', '|'), ('వై', 'U'), ('నన్', 'U'), ('నం', 'U'), ('గ', '|'), ('డి', '|'), ('వె', 'U'), ('చ్చ', '|'), ('ము', '|'), ('లా', 'U'), ('డ', '|'), ('కు', '|'), ('వెం', 'U'), ('గ', '|'), ('లి', '|'), ('తో', 'U'), ('జె', '|'), ('లి', '|'), ('మి', '|'), ('వ', '|'), ('ల', '|'), ('దు', '|'), ('వి', '|'), ('ను', '|'), ('రా', 'U'), ('సు', '|'), ('మ', '|'), ('తీ', 'U')]",1.0,-1.0,1.0,1.0,1.0,1.0
kandamu,"బలవంతుఁడ నాకేమని
పలువురతో నిగ్రహించి పలుకుట మేలా?
బలవంతమైన సర్పము
చలి చీమల చేతఁ జిక్కి చావదె సుమతీ!",jaathi,Sumathi,"[('బ', '|'), ('ల', '|'), ('వం', 'U'), ('తు', '|'), ('డ', '|'), ('నా', 'U'), ('కే', 'U'), ('మ', '|'), ('ని', '|'), ('ప', '|'), ('లు', '|'), ('వు', '|'), ('ర', '|'), ('తో', 'U'), ('ని', '|'), ('గ్ర', '|'), ('హిం', 'U'), ('చి', '|'), ('ప', '|'), ('లు', '|'), ('కు', '|'), ('ట', '|'), ('మే', 'U'), ('లా', 'U'), ('బ', '|'), ('ల', '|'), ('వం', 'U'), ('త', '|'), ('మై', 'U'), ('న', '|'), ('స', 'U'), ('ర్ప', '|'), ('ము', '|'), ('చ', '|'), ('లి', '|'), ('చీ', 'U'), ('మ', '|'), ('ల', '|'), ('చే', 'U'), ('త', '|'), ('జి', 'U'), ('క్కి', '|'), ('చా', 'U'), ('వ', '|'), ('దె', '|'), ('సు', '|'), ('మ', '|'), ('తీ', 'U')]",0.59375,-1.0,1.0,0.625,0.0,0.75
kandamu,"మండలపతి సముఖంబున
మెండైన ప్రధానిలేక మెలఁగుట యెల్లన్‌
గొండంత మదపుటేనుఁగు
తొండము లేకుండినట్టు దోఁచుర సుమతీ!",jaathi,Sumathi,"[('మం', 'U'), ('డ', '|'), ('ల', '|'), ('ప', '|'), ('తి', '|'), ('స', '|'), ('ము', '|'), ('ఖం', 'U'), ('బు', '|'), ('న', '|'), ('మెం', 'U'), ('డై', 'U'), ('న', '|'), ('ప్ర', '|'), ('ధా', 'U'), ('ని', '|'), ('లే', 'U'), ('క', '|'), ('మె', '|'), ('ల', '|'), ('గు', '|'), ('ట', '|'), ('యె', 'U'), ('ల్లన్', 'U'), ('గొం', 'U'), ('డం', 'U'), ('త', '|'), ('మ', '|'), ('ద', '|'), ('పు', '|'), ('టే', 'U'), ('ను', '|'), ('గు', '|'), ('తొం', 'U'), ('డ', '|'), ('ము', '|'), ('లే', 'U'), ('కుం', 'U'), ('డి', '|'), ('న', 'U'), ('ట్టు', '|'), ('దో', 'U'), ('చు', '|'), ('ర', '|'), ('సు', '|'), ('మ', '|'), ('తీ', 'U')]",1.0,-1.0,1.0,1.0,1.0,1.0
kandamu,"మంత్రిగలవాని రాజ్యము
తంత్రము చెడకుండ నిలచుఁ దఱచుగ ధరలో
మంత్రివిహీనుని రాజ్యము
జంత్రపుఁ గీలూడినట్లు జరుగదు సుమతీ!",jaathi,Sumathi,"[('మం', 'U'), ('త్రి', '|'), ('గ', '|'), ('ల', '|'), ('వా', 'U'), ('ని', '|'), ('రా', 'U'), ('జ్య', '|'), ('ము', '|'), ('తం', 'U'), ('త్ర', '|'), ('ము', '|'), ('చె', '|'), ('డ', '|'), ('కుం', 'U'), ('డ', '|'), ('ని', '|'), ('ల', '|'), ('చు', '|'), ('ద', '|'), ('ఱ', '|'), ('చు', '|'), ('గ', '|'), ('ధ', '|'), ('ర', '|'), ('లో', 'U'), ('మం', 'U'), ('త్రి', '|'), ('వి', '|'), ('హీ', 'U'), ('ను', '|'), ('ని', '|'), ('రా', 'U'), ('జ్య', '|'), ('ము', '|'), ('జం', 'U'), ('త్ర', '|'), ('పు', '|'), ('గీ', 'U'), ('లూ', 'U'), ('డి', '|'), ('న', 'U'), ('ట్లు', '|'), ('జ', '|'), ('రు', '|'), ('గ', '|'), ('దు', '|'), ('సు', '|'), ('మ', '|'), ('తీ', 'U')]",1.0,-1.0,1.0,1.0,1.0,1.0
kandamu,"మాటకుఁ బ్రాణము సత్యము
కోటకుఁ బ్రాణంబు సుభటకోటి ధరిత్రిన్‌
బోటికిఁ బ్రాణము మానము
చీటికిఁ బ్రాణంబు వ్రాలు సిద్ధము సుమతీ!",jaathi,Sumathi,"[('మా', 'U'), ('ట', '|'), ('కు', '|'), ('బ్రా', 'U'), ('ణ', '|'), ('ము', '|'), ('స', 'U'), ('త్య', '|'), ('ము', '|'), ('కో', 'U'), ('ట', '|'), ('కు', '|'), ('బ్రా', 'U'), ('ణం', 'U'), ('బు', '|'), ('సు', '|'), ('భ', '|'), ('ట', '|'), ('కో', 'U'), ('టి', '|'), ('ధ', '|'), ('రి', '|'), ('త్రిన్', 'U'), ('బో', 'U'), ('టి', '|'), ('కి', '|'), ('బ్రా', 'U'), ('ణ', '|'), ('ము', '|'), ('మా', 'U'), ('న', '|'), ('ము', '|'), ('చీ', 'U'), ('టి', '|'), ('కి', '|'), ('బ్రా', 'U'), ('ణం', 'U'), ('బు', '|'), ('వ్రా', 'U'), ('లు', '|'), ('సి', 'U'), ('ద్ధ', '|'), ('ము', '|'), ('సు', '|'), ('మ', '|'), ('తీ', 'U')]",0.671875,-1.0,1.0,0.6875,0.5,0.5
kandamu,"మానఘనుఁ డాత్మధృతిఁ జెడి
హీనుండగువాని నాశ్రయించుట యెల్లన్‌
మానెఁడు జలములలోపల
నేనుఁగు మెయి దాఁచినట్టు లెఱుగుము సుమతీ!",jaathi,Sumathi,"[('మా', 'U'), ('న', '|'), ('ఘ', '|'), ('ను', '|'), ('డా', 'U'), ('త్మ', '|'), ('ధృ', '|'), ('తి', '|'), ('జె', '|'), ('డి', '|'), ('హీ', 'U'), ('నుం', 'U'), ('డ', '|'), ('గు', '|'), ('వా', 'U'), ('ని', '|'), ('నా', 'U'), ('శ్ర', '|'), ('యిం', 'U'), ('చు', '|'), ('ట', '|'), ('యె', 'U'), ('ల్లన్', 'U'), ('మా', 'U'), ('నె', '|'), ('డు', '|'), ('జ', '|'), ('ల', '|'), ('ము', '|'), ('ల', '|'), ('లో', 'U'), ('ప', '|'), ('ల', '|'), ('నే', 'U'), ('ను', '|'), ('గు', '|'), ('మె', '|'), ('యి', '|'), ('దా', 'U'), ('చి', '|'), ('న', 'U'), ('ట్టు', '|'), ('లె', '|'), ('ఱు', '|'), ('గు', '|'), ('ము', '|'), ('సు', '|'), ('మ', '|'), ('తీ', 'U')]",0.875,-1.0,1.0,1.0,0.5,1.0
kandamu,"రాపొమ్మని పిలువని యా
భూపాలునిఁ గొల్వ భుక్తి ముక్తులు గలవే?
దీపంబు లేని యింటను
జేపుణికిళ్ళాడినట్లు సిద్ధము సుమతీ!",jaathi,Sumathi,"[('రా', 'U'), ('పొ', 'U'), ('మ్మ', '|'), ('ని', '|'), ('పి', '|'), ('లు', '|'), ('వ', '|'), ('ని', '|'), ('యా', 'U'), ('భూ', 'U'), ('పా', 'U'), ('లు', '|'), ('ని', '|'), ('గొ', 'U'), ('ల్వ', '|'), ('భు', 'U'), ('క్తి', '|'), ('ము', 'U'), ('క్తు', '|'), ('లు', '|'), ('గ', '|'), ('ల', '|'), ('వే', 'U'), ('దీ', 'U'), ('పం', 'U'), ('బు', '|'), ('లే', 'U'), ('ని', '|'), ('యిం', 'U'), ('ట', '|'), ('ను', '|'), ('జే', 'U'), ('పు', '|'), ('ణి', '|'), ('కి', 'U'), ('ళ్ళా', 'U'), ('డి', '|'), ('న', 'U'), ('ట్లు', '|'), ('సి', 'U'), ('ద్ధ', '|'), ('ము', '|'), ('సు', '|'), ('మ', '|'), ('తీ', 'U')]",1.0,-1.0,1.0,1.0,1.0,1.0
kandamu,"రూపించి పలికి బొంకకు
ప్రాపగు చుట్టంబు నెగ్గు పలుకకు మదిలోఁ
గోపించు రాజుఁ గొల్వకు
పాపపు దేశంబు సొరకు పదిలము సుమతీ!",jaathi,Sumathi,"[('రూ', 'U'), ('పిం', 'U'), ('చి', '|'), ('ప', '|'), ('లి', '|'), ('కి', '|'), ('బొం', 'U'), ('క', '|'), ('కు', '|'), ('ప్రా', 'U'), ('ప', '|'), ('గు', '|'), ('చు', 'U'), ('ట్టం', 'U'), ('బు', '|'), ('నె', 'U'), ('గ్గు', '|'), ('ప', '|'), ('లు', '|'), ('క', '|'), ('కు', '|'), ('మ', '|'), ('ది', '|'), ('లో', 'U'), ('గో', 'U'), ('పిం', 'U'), ('చు', '|'), ('రా', 'U'), ('జు', '|'), ('గొ', 'U'), ('ల్వ', '|'), ('కు', '|'), ('పా', 'U'), ('ప', '|'), ('పు', '|'), ('దే', 'U'), ('శం', 'U'), ('బు', '|'), ('సొ', '|'), ('ర', '|'), ('కు', '|'), ('ప', '|'), ('ది', '|'), ('ల', '|'), ('ము', '|'), ('సు', '|'), ('మ', '|'), ('తీ', 'U')]",1.0,-1.0,1.0,1.0,1.0,1.0
kandamu,"లావు గలవాని కంటెను
భావింపఁగ నీతిపరుఁడు బలవంతుఁడౌ
గ్రావంబంత గజంబును
మావటివాఁడెక్కినట్లు మహిలో సుమతీ!",jaathi,Sumathi,"[('లా', 'U'), ('వు', '|'), ('గ', '|'), ('ల', '|'), ('వా', 'U'), ('ని', '|'), ('కం', 'U'), ('టె', '|'), ('ను', '|'), ('భా', 'U'), ('విం', 'U'), ('ప', '|'), ('గ', '|'), ('నీ', 'U'), ('తి', '|'), ('ప', '|'), ('రు', '|'), ('డు', '|'), ('బ', '|'), ('ల', '|'), ('వం', 'U'), ('తు', '|'), ('డౌ', 'U'), ('గ్రా', 'U'), ('వం', 'U'), ('బం', 'U'), ('త', '|'), ('గ', '|'), ('జం', 'U'), ('బు', '|'), ('ను', '|'), ('మా', 'U'), ('వ', '|'), ('టి', '|'), ('వా', 'U'), ('డె', 'U'), ('క్కి', '|'), ('న', 'U'), ('ట్లు', '|'), ('మ', '|'), ('హి', '|'), ('లో', 'U'), ('సు', '|'), ('మ', '|'), ('తీ', 'U')]",0.671875,-1.0,1.0,0.6875,0.5,0.5
kandamu,"వఱదైన చేను దున్నకు
కఱవైనను బంధుజనుల కడ కేఁగకుమీ
పరులకు మర్మము సెప్పకు
పిఱికికి దళవాయితనముఁ బెట్టకు సుమతీ!",jaathi,Sumathi,"[('వ', '|'), ('ఱ', '|'), ('దై', 'U'), ('న', '|'), ('చే', 'U'), ('ను', '|'), ('దు', 'U'), ('న్న', '|'), ('కు', '|'), ('క', '|'), ('ఱ', '|'), ('వై', 'U'), ('న', '|'), ('ను', '|'), ('బం', 'U'), ('ధు', '|'), ('జ', '|'), ('ను', '|'), ('ల', '|'), ('క', '|'), ('డ', '|'), ('కే', 'U'), ('గ', '|'), ('కు', '|'), ('మీ', 'U'), ('ప', '|'), ('రు', '|'), ('ల', '|'), ('కు', '|'), ('మ', 'U'), ('ర్మ', '|'), ('ము', '|'), ('సె', 'U'), ('ప్ప', '|'), ('కు', '|'), ('పి', '|'), ('ఱి', '|'), ('కి', '|'), ('కి', '|'), ('ద', '|'), ('ళ', '|'), ('వా', 'U'), ('యి', '|'), ('త', '|'), ('న', '|'), ('ము', '|'), ('బె', 'U'), ('ట్ట', '|'), ('కు', '|'), ('సు', '|'), ('మ', '|'), ('తీ', 'U')]",0.9375,-1.0,1.0,1.0,1.0,0.75
kandamu,"వరిపంట లేని యూరును
దొరయుండని యూరు తోడు దొరకని తెరువున్‌
ధరను బతిలేని గృహమును
నరయంగా రుద్రభూమి యనఁదగు సుమతీ!",jaathi,Sumathi,"[('వ', '|'), ('రి', '|'), ('పం', 'U'), ('ట', '|'), ('లే', 'U'), ('ని', '|'), ('యూ', 'U'), ('రు', '|'), ('ను', '|'), ('దొ', '|'), ('ర', '|'), ('యుం', 'U'), ('డ', '|'), ('ని', '|'), ('యూ', 'U'), ('రు', '|'), ('తో', 'U'), ('డు', '|'), ('దొ', '|'), ('ర', '|'), ('క', '|'), ('ని', '|'), ('తె', '|'), ('రు', '|'), ('వున్', 'U'), ('ధ', '|'), ('ర', '|'), ('ను', '|'), ('బ', '|'), ('తి', '|'), ('లే', 'U'), ('ని', '|'), ('గృ', '|'), ('హ', '|'), ('ము', '|'), ('ను', '|'), ('న', '|'), ('ర', '|'), ('యం', 'U'), ('గా', 'U'), ('రు', '|'), ('ద్ర', '|'), ('భూ', 'U'), ('మి', '|'), ('య', '|'), ('న', '|'), ('ద', '|'), ('గు', '|'), ('సు', '|'), ('మ', '|'), ('తీ', 'U')]",0.84375,-1.0,1.0,0.875,0.5,1.0
kandamu,"వినఁదగు నెవ్వరు సెప్పిన
వినినంతనె వేగపడక వివరింపఁదగున్‌
గని కల్ల నిజముఁ దెలిసిన
మనుజుఁడె పో నీతిపరుఁడు మహిలో సుమతీ!",jaathi,Sumathi,"[('వి', '|'), ('న', '|'), ('ద', '|'), ('గు', '|'), ('నె', 'U'), ('వ్వ', '|'), ('రు', '|'), ('సె', 'U'), ('ప్పి', '|'), ('న', '|'), ('వి', '|'), ('ని', '|'), ('నం', 'U'), ('త', '|'), ('నె', '|'), ('వే', 'U'), ('గ', '|'), ('ప', '|'), ('డ', '|'), ('క', '|'), ('వి', '|'), ('వ', '|'), ('రిం', 'U'), ('ప', '|'), ('ద', '|'), ('గున్', 'U'), ('గ', '|'), ('ని', '|'), ('క', 'U'), ('ల్ల', '|'), ('ని', '|'), ('జ', '|'), ('ము', '|'), ('దె', '|'), ('లి', '|'), ('సి', '|'), ('న', '|'), ('మ', '|'), ('ను', '|'), ('జు', '|'), ('డె', '|'), ('పో', 'U'), ('నీ', 'U'), ('తి', '|'), ('ప', '|'), ('రు', '|'), ('డు', '|'), ('మ', '|'), ('హి', '|'), ('లో', 'U'), ('సు', '|'), ('మ', '|'), ('తీ', 'U')]",1.0,-1.0,1.0,1.0,1.0,1.0
kandamu,"వీడెము సేయని నోరును
జేడెల యధరామృతంబుఁ జెందని నోరున్‌
బాడంగరాని నోరును
బూడిద కిరవైన పాడు బొందర సుమతీ.",jaathi,Sumathi,"[('వీ', 'U'), ('డె', '|'), ('ము', '|'), ('సే', 'U'), ('య', '|'), ('ని', '|'), ('నో', 'U'), ('రు', '|'), ('ను', '|'), ('జే', 'U'), ('డె', '|'), ('ల', '|'), ('య', '|'), ('ధ', '|'), ('రా', 'U'), ('మృ', '|'), ('తం', 'U'), ('బు', '|'), ('జెం', 'U'), ('ద', '|'), ('ని', '|'), ('నో', 'U'), ('రున్', 'U'), ('బా', 'U'), ('డం', 'U'), ('గ', '|'), ('రా', 'U'), ('ని', '|'), ('నో', 'U'), ('రు', '|'), ('ను', '|'), ('బూ', 'U'), ('డి', '|'), ('ద', '|'), ('కి', '|'), ('ర', '|'), ('వై', 'U'), ('న', '|'), ('పా', 'U'), ('డు', '|'), ('బొం', 'U'), ('ద', '|'), ('ర', '|'), ('సు', '|'), ('మ', '|'), ('తీ', 'U')]",1.0,-1.0,1.0,1.0,1.0,1.0
kandamu,"వెలయాలివలనఁ గూరిమి
గలుగదు మఱిఁ గలిగెనేని కడతేరదుగా
పలువురు నడిచెడు తెరువునఁ
బులు మొలవదు మొలిచెనేని బొదలదు సుమతీ!",jaathi,Sumathi,"[('వె', '|'), ('ల', '|'), ('యా', 'U'), ('లి', '|'), ('వ', '|'), ('ల', '|'), ('న', '|'), ('గూ', 'U'), ('రి', '|'), ('మి', '|'), ('గ', '|'), ('లు', '|'), ('గ', '|'), ('దు', '|'), ('మ', '|'), ('ఱి', '|'), ('గ', '|'), ('లి', '|'), ('గె', '|'), ('నే', 'U'), ('ని', '|'), ('క', '|'), ('డ', '|'), ('తే', 'U'), ('ర', '|'), ('దు', '|'), ('గా', 'U'), ('ప', '|'), ('లు', '|'), ('వు', '|'), ('రు', '|'), ('న', '|'), ('డి', '|'), ('చె', '|'), ('డు', '|'), ('తె', '|'), ('రు', '|'), ('వు', '|'), ('న', '|'), ('బు', '|'), ('లు', '|'), ('మొ', '|'), ('ల', '|'), ('వ', '|'), ('దు', '|'), ('మొ', '|'), ('లి', '|'), ('చె', '|'), ('నే', 'U'), ('ని', '|'), ('బొ', '|'), ('ద', '|'), ('ల', '|'), ('దు', '|'), ('సు', '|'), ('మ', '|'), ('తీ', 'U')]",1.0,-1.0,1.0,1.0,1.0,1.0
kandamu,"శుభముల నొందని చదువును
నభినయమును రాగరసము నందని పాటల్‌
అభిలాష లేని కూటమి
సభమెచ్చని మాటలెల్లఁ జప్పన సుమతీ!",jaathi,Sumathi,"[('శు', '|'), ('భ', '|'), ('ము', '|'), ('ల', '|'), ('నొం', 'U'), ('ద', '|'), ('ని', '|'), ('చ', '|'), ('దు', '|'), ('వు', '|'), ('ను', '|'), ('న', '|'), ('భి', '|'), ('న', '|'), ('య', '|'), ('ము', '|'), ('ను', '|'), ('రా', 'U'), ('గ', '|'), ('ర', '|'), ('స', '|'), ('ము', '|'), ('నం', 'U'), ('ద', '|'), ('ని', '|'), ('పా', 'U'), ('టల్', 'U'), ('అ', '|'), ('భి', '|'), ('లా', 'U'), ('ష', '|'), ('లే', 'U'), ('ని', '|'), ('కూ', 'U'), ('ట', '|'), ('మి', '|'), ('స', '|'), ('భ', '|'), ('మె', 'U'), ('చ్చ', '|'), ('ని', '|'), ('మా', 'U'), ('ట', '|'), ('లె', 'U'), ('ల్ల', '|'), ('జ', 'U'), ('ప్ప', '|'), ('న', '|'), ('సు', '|'), ('మ', '|'), ('తీ', 'U')]",1.0,-1.0,1.0,1.0,1.0,1.0
kandamu,"సరసము విరసము కొఱకే
పరిపూర్ణసుఖంబు లధిక బాధల కొఱకే
పెరుఁగుట విరుఁగుట కొఱకే
ధరతగ్గుట హెచ్చుకొఱకె తథ్యము సుమతీ.",jaathi,Sumathi,"[('స', '|'), ('ర', '|'), ('స', '|'), ('ము', '|'), ('వి', '|'), ('ర', '|'), ('స', '|'), ('ము', '|'), ('కొ', '|'), ('ఱ', '|'), ('కే', 'U'), ('ప', '|'), ('రి', '|'), ('పూ', 'U'), ('ర్ణ', '|'), ('సు', '|'), ('ఖం', 'U'), ('బు', '|'), ('ల', '|'), ('ధి', '|'), ('క', '|'), ('బా', 'U'), ('ధ', '|'), ('ల', '|'), ('కొ', '|'), ('ఱ', '|'), ('కే', 'U'), ('పె', '|'), ('రు', '|'), ('గు', '|'), ('ట', '|'), ('వి', '|'), ('రు', '|'), ('గు', '|'), ('ట', '|'), ('కొ', '|'), ('ఱ', '|'), ('కే', 'U'), ('ధ', '|'), ('ర', '|'), ('త', 'U'), ('గ్గు', '|'), ('ట', '|'), ('హె', 'U'), ('చ్చు', '|'), ('కొ', '|'), ('ఱ', '|'), ('కె', '|'), ('త', 'U'), ('థ్య', '|'), ('ము', '|'), ('సు', '|'), ('మ', '|'), ('తీ', 'U')]",1.0,-1.0,1.0,1.0,1.0,1.0
kandamu,"మేలెంచని మాలిన్యుని
మాలను నగసాలివాని మంగలి హితుగా
నేలిన నరపతి రాజ్యము
నేలఁ గలసిపోవుఁగాని నెగడదు సుమతీ.",jaathi,Sumathi,"[('మే', 'U'), ('లెం', 'U'), ('చ', '|'), ('ని', '|'), ('మా', 'U'), ('లి', 'U'), ('న్యు', '|'), ('ని', '|'), ('మా', 'U'), ('ల', '|'), ('ను', '|'), ('న', '|'), ('గ', '|'), ('సా', 'U'), ('లి', '|'), ('వా', 'U'), ('ని', '|'), ('మం', 'U'), ('గ', '|'), ('లి', '|'), ('హి', '|'), ('తు', '|'), ('గా', 'U'), ('నే', 'U'), ('లి', '|'), ('న', '|'), ('న', '|'), ('ర', '|'), ('ప', '|'), ('తి', '|'), ('రా', 'U'), ('జ్య', '|'), ('ము', '|'), ('నే', 'U'), ('ల', '|'), ('గ', '|'), ('ల', '|'), ('సి', '|'), ('పో', 'U'), ('వు', '|'), ('గా', 'U'), ('ని', '|'), ('నె', '|'), ('గ', '|'), ('డ', '|'), ('దు', '|'), ('సు', '|'), ('మ', '|'), ('తీ', 'U')]",1.0,-1.0,1.0,1.0,1.0,1.0
kandamu,"స్త్రీలయెడ వాదులాడకు
బాలురతోఁ జెలిమి సేసి భాషింపకుమీ
మేలైన గుణము విడువకు
యేలినపతి నిందసేయ కెన్నడు సుమతీ.",jaathi,Sumathi,"[('స్త్రీ', 'U'), ('ల', '|'), ('యె', '|'), ('డ', '|'), ('వా', 'U'), ('దు', '|'), ('లా', 'U'), ('డ', '|'), ('కు', '|'), ('బా', 'U'), ('లు', '|'), ('ర', '|'), ('తో', 'U'), ('జె', '|'), ('లి', '|'), ('మి', '|'), ('సే', 'U'), ('సి', '|'), ('భా', 'U'), ('షిం', 'U'), ('ప', '|'), ('కు', '|'), ('మీ', 'U'), ('మే', 'U'), ('లై', 'U'), ('న', '|'), ('గు', '|'), ('ణ', '|'), ('ము', '|'), ('వి', '|'), ('డు', '|'), ('వ', '|'), ('కు', '|'), ('యే', 'U'), ('లి', '|'), ('న', '|'), ('ప', '|'), ('తి', '|'), ('నిం', 'U'), ('ద', '|'), ('సే', 'U'), ('య', '|'), ('కె', 'U'), ('న్న', '|'), ('డు', '|'), ('సు', '|'), ('మ', '|'), ('తీ', 'U')]",0.875,-1.0,1.0,1.0,0.5,1.0
kandamu,"సిరిదా వచ్చిన వచ్చును
సలలితముగ నారికేళ సలిలము భంగిన్‌
సిరి దాఁ బోయిన బోవును
కరిమ్రింగిన వెలగపండు కరణిని సుమతీ.",jaathi,Sumathi,"[('సి', '|'), ('రి', '|'), ('దా', 'U'), ('వ', 'U'), ('చ్చి', '|'), ('న', '|'), ('వ', 'U'), ('చ్చు', '|'), ('ను', '|'), ('స', '|'), ('ల', '|'), ('లి', '|'), ('త', '|'), ('ము', '|'), ('గ', '|'), ('నా', 'U'), ('రి', '|'), ('కే', 'U'), ('ళ', '|'), ('స', '|'), ('లి', '|'), ('ల', '|'), ('ము', '|'), ('భం', 'U'), ('గిన్', 'U'), ('సి', '|'), ('రి', '|'), ('దా', 'U'), ('బో', 'U'), ('యి', '|'), ('న', '|'), ('బో', 'U'), ('వు', '|'), ('ను', '|'), ('క', '|'), ('రి', '|'), ('మ్రిం', 'U'), ('గి', '|'), ('న', '|'), ('వె', '|'), ('ల', '|'), ('గ', '|'), ('పం', 'U'), ('డు', '|'), ('క', '|'), ('ర', '|'), ('ణి', '|'), ('ని', '|'), ('సు', '|'), ('మ', '|'), ('తీ', 'U')]",0.9375,-1.0,1.0,1.0,1.0,0.75
kandamu,"మది నొకని వలచియుండఁగ
మది చెడి యొక క్రూరవిటుఁడు మానక తిరుగున్‌
అది చిలుకఁ బిల్లిపట్టినఁ
జదువునె యాపంజరమున జగతిని సుమతీ.",jaathi,Sumathi,"[('మ', '|'), ('ది', '|'), ('నొ', '|'), ('క', '|'), ('ని', '|'), ('వ', '|'), ('ల', '|'), ('చి', '|'), ('యుం', 'U'), ('డ', '|'), ('గ', '|'), ('మ', '|'), ('ది', '|'), ('చె', '|'), ('డి', '|'), ('యొ', '|'), ('క', '|'), ('క్రూ', 'U'), ('ర', '|'), ('వి', '|'), ('టు', '|'), ('డు', '|'), ('మా', 'U'), ('న', '|'), ('క', '|'), ('తి', '|'), ('రు', '|'), ('గున్', 'U'), ('అ', '|'), ('ది', '|'), ('చి', '|'), ('లు', '|'), ('క', '|'), ('బి', 'U'), ('ల్లి', '|'), ('ప', 'U'), ('ట్టి', '|'), ('న', '|'), ('జ', '|'), ('దు', '|'), ('వు', '|'), ('నె', '|'), ('యా', 'U'), ('పం', 'U'), ('జ', '|'), ('ర', '|'), ('ము', '|'), ('న', '|'), ('జ', '|'), ('గ', '|'), ('తి', '|'), ('ని', '|'), ('సు', '|'), ('మ', '|'), ('తీ', 'U')]",1.0,-1.0,1.0,1.0,1.0,1.0
kandamu,"పుత్త్రోత్సాహము తండ్రికి
బుత్త్రుఁడు జన్మించినపుడే పుట్టదు జను లా
పుత్త్రునిఁ గనుఁగొని పొగడఁగఁ
బుత్త్రోత్సాహంబు నాఁడు పొందుర సుమతీ.",jaathi,Sumathi,"[('పు', 'U'), ('త్త్రో', 'U'), ('త్సా', 'U'), ('హ', '|'), ('ము', '|'), ('తం', 'U'), ('డ్రి', '|'), ('కి', '|'), ('బు', 'U'), ('త్త్రు', '|'), ('డు', '|'), ('జ', 'U'), ('న్మిం', 'U'), ('చి', '|'), ('న', '|'), ('పు', '|'), ('డే', 'U'), ('పు', 'U'), ('ట్ట', '|'), ('దు', '|'), ('జ', '|'), ('ను', '|'), ('లా', 'U'), ('పు', 'U'), ('త్త్రు', '|'), ('ని', '|'), ('గ', '|'), ('ను', '|'), ('గొ', '|'), ('ని', '|'), ('పొ', '|'), ('గ', '|'), ('డ', '|'), ('గ', '|'), ('బు', 'U'), ('త్త్రో', 'U'), ('త్సా', 'U'), ('హం', 'U'), ('బు', '|'), ('నా', 'U'), ('డు', '|'), ('పొం', 'U'), ('దు', '|'), ('ర', '|'), ('సు', '|'), ('మ', '|'), ('తీ', 'U')]",0.984375,-1.0,1.0,0.9375,1.0,1.0
kandamu,"వెలయాలు సేయు బాసలు
వెలయఁగ నగసాలిపొందు వెలమల చెలిమియున్‌
గలలోనఁ గన్న కలిమియు
విలసితముగ నమ్మరాదు వినురా సుమతీ.",jaathi,Sumathi,"[('వె', '|'), ('ల', '|'), ('యా', 'U'), ('లు', '|'), ('సే', 'U'), ('యు', '|'), ('బా', 'U'), ('స', '|'), ('లు', '|'), ('వె', '|'), ('ల', '|'), ('య', '|'), ('గ', '|'), ('న', '|'), ('గ', '|'), ('సా', 'U'), ('లి', '|'), ('పొం', 'U'), ('దు', '|'), ('వె', '|'), ('ల', '|'), ('మ', '|'), ('ల', '|'), ('చె', '|'), ('లి', '|'), ('మి', '|'), ('యున్', 'U'), ('గ', '|'), ('ల', '|'), ('లో', 'U'), ('న', '|'), ('గ', 'U'), ('న్న', '|'), ('క', '|'), ('లి', '|'), ('మి', '|'), ('యు', '|'), ('వి', '|'), ('ల', '|'), ('సి', '|'), ('త', '|'), ('ము', '|'), ('గ', '|'), ('న', 'U'), ('మ్మ', '|'), ('రా', 'U'), ('దు', '|'), ('వి', '|'), ('ను', '|'), ('రా', 'U'), ('సు', '|'), ('మ', '|'), ('తీ', 'U')]",0.90625,-1.0,1.0,0.875,1.0,0.75
kandamu,"వేసరఁపు జాతి గానీ
వీసముఁ దాఁ జేయనట్టి వెంగలి గానీ
దాసికొడుకైనఁ గానీ
కాసులు గలవాఁడె రాజు గదరా సుమతీ.",jaathi,Sumathi,"[('వే', 'U'), ('స', '|'), ('ర', '|'), ('పు', '|'), ('జా', 'U'), ('తి', '|'), ('గా', 'U'), ('నీ', 'U'), ('వీ', 'U'), ('స', '|'), ('ము', '|'), ('దా', 'U'), ('జే', 'U'), ('య', '|'), ('న', 'U'), ('ట్టి', '|'), ('వెం', 'U'), ('గ', '|'), ('లి', '|'), ('గా', 'U'), ('నీ', 'U'), ('దా', 'U'), ('సి', '|'), ('కొ', '|'), ('డు', '|'), ('కై', 'U'), ('న', '|'), ('గా', 'U'), ('నీ', 'U'), ('కా', 'U'), ('సు', '|'), ('లు', '|'), ('గ', '|'), ('ల', '|'), ('వా', 'U'), ('డె', '|'), ('రా', 'U'), ('జు', '|'), ('గ', '|'), ('ద', '|'), ('రా', 'U'), ('సు', '|'), ('మ', '|'), ('తీ', 'U')]",1.0,-1.0,1.0,1.0,1.0,1.0
vutpalamaala,"శ్రీలలరంగఁ జంద్రకళ చెల్వున లేనునునవ్వువెన్నెలల్
గీలుకొనంగ నంగజశిలీముఖరీతిఁ జెలంగుచున్న నీ
లీల కనుంగొనంగ నవలీల నఖండసమస్తభూతలం -
బేలినకన్న సౌఖ్యమని యెంతుఁ జుమా మది సుందరీమణీ!",vruttamu,Sundariimani,"[('శ్రీ', 'U'), ('ల', '|'), ('ల', '|'), ('రం', 'U'), ('గ', '|'), ('జం', 'U'), ('ద్ర', '|'), ('క', '|'), ('ళ', '|'), ('చె', 'U'), ('ల్వు', '|'), ('న', '|'), ('లే', 'U'), ('ను', '|'), ('ను', '|'), ('న', 'U'), ('వ్వు', '|'), ('వె', 'U'), ('న్నె', '|'), ('లల్', 'U'), ('గీ', 'U'), ('లు', '|'), ('కొ', '|'), ('నం', 'U'), ('గ', '|'), ('నం', 'U'), ('గ', '|'), ('జ', '|'), ('శి', '|'), ('లీ', 'U'), ('ము', '|'), ('ఖ', '|'), ('రీ', 'U'), ('తి', '|'), ('జె', '|'), ('లం', 'U'), ('గు', '|'), ('చు', 'U'), ('న్న', '|'), ('నీ', 'U'), ('లీ', 'U'), ('ల', '|'), ('క', '|'), ('నుం', 'U'), ('గొ', '|'), ('నం', 'U'), ('గ', '|'), ('న', '|'), ('వ', '|'), ('లీ', 'U'), ('ల', '|'), ('న', '|'), ('ఖం', 'U'), ('డ', '|'), ('స', '|'), ('మ', 'U'), ('స్త', '|'), ('భూ', 'U'), ('త', '|'), ('లం', 'U'), ('బే', 'U'), ('లి', '|'), ('న', '|'), ('క', 'U'), ('న్న', '|'), ('సౌ', 'U'), ('ఖ్య', '|'), ('మ', '|'), ('ని', '|'), ('యెం', 'U'), ('తు', '|'), ('జు', '|'), ('మా', 'U'), ('మ', '|'), ('ది', '|'), ('సుం', 'U'), ('ద', '|'), ('రీ', 'U'), ('మ', '|'), ('ణీ', 'U')]",0.9,1.0,1.0,1.0,0.5,1.0
champakamaala,"నినుఁ దొలునాఁటికూటమిని నేరుపుఁతో జెలులెల్ల మెల్లమె-
ల్లనె పడకింటిలోని కొకలాగునఁ దెచ్చిననాఁటి సిగ్గుతో
నెనసిన యోరచూపులిఁక నేమననాఁటను గల్వదండలో
యన వెలుఁగొందె నేఁటి కెదనంటిన ముల్కులు సుందరీమణీ!",vruttamu,Sundariimani,"[('ని', '|'), ('ను', '|'), ('దొ', '|'), ('లు', '|'), ('నా', 'U'), ('టి', '|'), ('కూ', 'U'), ('ట', '|'), ('మి', '|'), ('ని', '|'), ('నే', 'U'), ('రు', '|'), ('పు', '|'), ('తో', 'U'), ('జె', '|'), ('లు', '|'), ('లె', 'U'), ('ల్ల', '|'), ('మె', 'U'), ('ల్ల', '|'), ('మె', 'U'), ('ల్ల', '|'), ('నె', '|'), ('ప', '|'), ('డ', '|'), ('కిం', 'U'), ('టి', '|'), ('లో', 'U'), ('ని', '|'), ('కొ', '|'), ('క', '|'), ('లా', 'U'), ('గు', '|'), ('న', '|'), ('దె', 'U'), ('చ్చి', '|'), ('న', '|'), ('నా', 'U'), ('టి', '|'), ('సి', 'U'), ('గ్గు', '|'), ('తో', 'U'), ('నె', '|'), ('న', '|'), ('సి', '|'), ('న', '|'), ('యో', 'U'), ('ర', '|'), ('చూ', 'U'), ('పు', '|'), ('లి', '|'), ('క', '|'), ('నే', 'U'), ('మ', '|'), ('న', '|'), ('నా', 'U'), ('ట', '|'), ('ను', '|'), ('గ', 'U'), ('ల్వ', '|'), ('దం', 'U'), ('డ', '|'), ('లో', 'U'), ('య', '|'), ('న', '|'), ('వె', '|'), ('లు', '|'), ('గొం', 'U'), ('దె', '|'), ('నే', 'U'), ('టి', '|'), ('కె', '|'), ('ద', '|'), ('నం', 'U'), ('టి', '|'), ('న', '|'), ('ము', 'U'), ('ల్కు', '|'), ('లు', '|'), ('సుం', 'U'), ('ద', '|'), ('రీ', 'U'), ('మ', '|'), ('ణీ', 'U')]",0.95,1.0,1.0,1.0,0.75,1.0
vutpalamaala,"ముసిముసినవ్వుతోఁ జిగురుమోవి కదల్పుచుఁ జన్నుదోయి నె-
న్నొసలు చమర్చఁగా ననుఁ గనుంగొని నానమరల్చు జూపులఁ-
య్యసమశరుండు మున్ను యెదనంటఁగ గ్రుచ్చి పెగల్చు పూవునా-
రసములనంగఁ దోఁచఁగ దరంబులె యోర్వఁగ సుందరీమణీ!",vruttamu,Sundariimani,"[('ము', '|'), ('సి', '|'), ('ము', '|'), ('సి', '|'), ('న', 'U'), ('వ్వు', '|'), ('తో', 'U'), ('జి', '|'), ('గు', '|'), ('రు', '|'), ('మో', 'U'), ('వి', '|'), ('క', '|'), ('ద', 'U'), ('ల్పు', '|'), ('చు', '|'), ('జ', 'U'), ('న్ను', '|'), ('దో', 'U'), ('యి', '|'), ('నె', 'U'), ('న్నొ', '|'), ('స', '|'), ('లు', '|'), ('చ', '|'), ('మ', 'U'), ('ర్చ', '|'), ('గా', 'U'), ('న', '|'), ('ను', '|'), ('గ', '|'), ('నుం', 'U'), ('గొ', '|'), ('ని', '|'), ('నా', 'U'), ('న', '|'), ('మ', '|'), ('ర', 'U'), ('ల్చు', '|'), ('జూ', 'U'), ('పు', '|'), ('ల', 'U'), ('య్య', '|'), ('స', '|'), ('మ', '|'), ('శ', '|'), ('రుం', 'U'), ('డు', '|'), ('ము', 'U'), ('న్ను', '|'), ('యె', '|'), ('ద', '|'), ('నం', 'U'), ('ట', '|'), ('గ', '|'), ('గ్రు', 'U'), ('చ్చి', '|'), ('పె', '|'), ('గ', 'U'), ('ల్చు', '|'), ('పూ', 'U'), ('వు', '|'), ('నా', 'U'), ('ర', '|'), ('స', '|'), ('ము', '|'), ('ల', '|'), ('నం', 'U'), ('గ', '|'), ('దో', 'U'), ('చ', '|'), ('గ', '|'), ('ద', '|'), ('రం', 'U'), ('బు', '|'), ('లె', '|'), ('యో', 'U'), ('ర్వ', '|'), ('గ', '|'), ('సుం', 'U'), ('ద', '|'), ('రీ', 'U'), ('మ', '|'), ('ణీ', 'U')]",0.4757142857142857,0.95,1.0,0.1785714285714286,0.0,0.25
champakamaala,"సరసములాడు నేర్పు కనుసైగలు సేసెడు నేర్పు నా మనం-
బెఱిఁగెడు నేర్పు నెమ్మది నొకించుక గోపము సేయు నేర్పు క్ర-
మ్మఱ మురిపెంబుతోడ బ్రతిమాలెడు నేర్పు మనోజకేళిలోఁ
గరఁగెడు నేర్పు నీకె తగుఁగాదె తలంపఁగ సుందరీమణీ!",vruttamu,Sundariimani,"[('స', '|'), ('ర', '|'), ('స', '|'), ('ము', '|'), ('లా', 'U'), ('డు', '|'), ('నే', 'U'), ('ర్పు', '|'), ('క', '|'), ('ను', '|'), ('సై', 'U'), ('గ', '|'), ('లు', '|'), ('సే', 'U'), ('సె', '|'), ('డు', '|'), ('నే', 'U'), ('ర్పు', '|'), ('నా', 'U'), ('మ', '|'), ('నం', 'U'), ('బె', '|'), ('ఱి', '|'), ('గె', '|'), ('డు', '|'), ('నే', 'U'), ('ర్పు', '|'), ('నె', 'U'), ('మ్మ', '|'), ('ది', '|'), ('నొ', '|'), ('కిం', 'U'), ('చు', '|'), ('క', '|'), ('గో', 'U'), ('ప', '|'), ('ము', '|'), ('సే', 'U'), ('యు', '|'), ('నే', 'U'), ('ర్పు', '|'), ('క్ర', 'U'), ('మ్మ', '|'), ('ఱ', '|'), ('ము', '|'), ('రి', '|'), ('పెం', 'U'), ('బు', '|'), ('తో', 'U'), ('డ', '|'), ('బ్ర', '|'), ('తి', '|'), ('మా', 'U'), ('లె', '|'), ('డు', '|'), ('నే', 'U'), ('ర్పు', '|'), ('మ', '|'), ('నో', 'U'), ('జ', '|'), ('కే', 'U'), ('ళి', '|'), ('లో', 'U'), ('గ', '|'), ('ర', '|'), ('గె', '|'), ('డు', '|'), ('నే', 'U'), ('ర్పు', '|'), ('నీ', 'U'), ('కె', '|'), ('త', '|'), ('గు', '|'), ('గా', 'U'), ('దె', '|'), ('త', '|'), ('లం', 'U'), ('ప', '|'), ('గ', '|'), ('సుం', 'U'), ('ద', '|'), ('రీ', 'U'), ('మ', '|'), ('ణీ', 'U')]",0.85,1.0,1.0,1.0,0.75,0.5
vutpalamaala,"పాపటదీర్చి నెన్నొసటిపై నునుపై యసియాడు చేయుచు-
క్కాపయిఁ గూర్చి గుబ్బలనొయారపు జాఱుపయంట చేర్చి వాల్
జూపుల నాదు మానసము చూఱఁగొనన్ సొగసైన రత్నపుం
దీపములాగ నా యెదుర నిల్చుట యెన్నడొ సుందరీమణీ!",vruttamu,Sundariimani,"[('పా', 'U'), ('ప', '|'), ('ట', '|'), ('దీ', 'U'), ('ర్చి', '|'), ('నె', 'U'), ('న్నొ', '|'), ('స', '|'), ('టి', '|'), ('పై', 'U'), ('ను', '|'), ('ను', '|'), ('పై', 'U'), ('య', '|'), ('సి', '|'), ('యా', 'U'), ('డు', '|'), ('చే', 'U'), ('యు', '|'), ('చు', 'U'), ('క్కా', 'U'), ('ప', '|'), ('యి', '|'), ('గూ', 'U'), ('ర్చి', '|'), ('గు', 'U'), ('బ్బ', '|'), ('ల', '|'), ('నొ', '|'), ('యా', 'U'), ('ర', '|'), ('పు', '|'), ('జా', 'U'), ('ఱు', '|'), ('ప', '|'), ('యం', 'U'), ('ట', '|'), ('చే', 'U'), ('ర్చి', '|'), ('వాల్', 'U'), ('జూ', 'U'), ('పు', '|'), ('ల', '|'), ('నా', 'U'), ('దు', '|'), ('మా', 'U'), ('న', '|'), ('స', '|'), ('ము', '|'), ('చూ', 'U'), ('ఱ', '|'), ('గొ', '|'), ('న', 'U'), ('న్సొ', '|'), ('గ', '|'), ('సై', 'U'), ('న', '|'), ('ర', 'U'), ('త్న', '|'), ('పుం', 'U'), ('దీ', 'U'), ('ప', '|'), ('ము', '|'), ('లా', 'U'), ('గ', '|'), ('నా', 'U'), ('యె', '|'), ('దు', '|'), ('ర', '|'), ('ని', 'U'), ('ల్చు', '|'), ('ట', '|'), ('యె', 'U'), ('న్న', '|'), ('డొ', '|'), ('సుం', 'U'), ('ద', '|'), ('రీ', 'U'), ('మ', '|'), ('ణీ', 'U')]",0.9,1.0,1.0,1.0,0.5,1.0
vutpalamaala,"క్రొమ్ముడివీడ గబ్బిచనుగుబ్బల పేరులు చింద నత్తుము-
త్యమ్ము చలింపఁ గేలు కడియమ్ముల చప్పుడు లుప్పతిల్ల లేఁ
జెమ్మట మేను గ్రమ్మ మగఁసేతలు సేయుచు మోవితేనె తే-
తెమ్మని చెక్కు గొట్టుదువె, దిట్టతనమ్మున సుందరీమణీ!",vruttamu,Sundariimani,"[('క్రొ', 'U'), ('మ్ము', '|'), ('డి', '|'), ('వీ', 'U'), ('డ', '|'), ('గ', 'U'), ('బ్బి', '|'), ('చ', '|'), ('ను', '|'), ('గు', 'U'), ('బ్బ', '|'), ('ల', '|'), ('పే', 'U'), ('రు', '|'), ('లు', '|'), ('చిం', 'U'), ('ద', '|'), ('న', 'U'), ('త్తు', '|'), ('ము', 'U'), ('త్య', 'U'), ('మ్ము', '|'), ('చ', '|'), ('లిం', 'U'), ('ప', '|'), ('గే', 'U'), ('లు', '|'), ('క', '|'), ('డి', '|'), ('య', 'U'), ('మ్ము', '|'), ('ల', '|'), ('చ', 'U'), ('ప్పు', '|'), ('డు', '|'), ('లు', 'U'), ('ప్ప', '|'), ('తి', 'U'), ('ల్ల', '|'), ('లే', 'U'), ('జె', 'U'), ('మ్మ', '|'), ('ట', '|'), ('మే', 'U'), ('ను', '|'), ('గ్ర', 'U'), ('మ్మ', '|'), ('మ', '|'), ('గ', '|'), ('సే', 'U'), ('త', '|'), ('లు', '|'), ('సే', 'U'), ('యు', '|'), ('చు', '|'), ('మో', 'U'), ('వి', '|'), ('తే', 'U'), ('నె', '|'), ('తే', 'U'), ('తె', 'U'), ('మ్మ', '|'), ('ని', '|'), ('చె', 'U'), ('క్కు', '|'), ('గొ', 'U'), ('ట్టు', '|'), ('దు', '|'), ('వె', '|'), ('ది', 'U'), ('ట్ట', '|'), ('త', '|'), ('న', 'U'), ('మ్ము', '|'), ('న', '|'), ('సుం', 'U'), ('ద', '|'), ('రీ', 'U'), ('మ', '|'), ('ణీ', 'U')]",1.0,1.0,1.0,1.0,1.0,1.0
champakamaala,"పదకటకంబు ఘళ్లురనఁ బైకిఁ జివాలున వ్రాలి గుబ్బలుం
గదుములు కట్ట ఱొమ్మదిమి గంటుగవాతెఱ నొక్కి మైగగు-
ర్పొదవఁగఁ బయ్యెఁదం జెమటలొత్తుచుఁ గేరుచుఁ గ్రిందుమీదుగాఁ
బొదువుచు నీవె నన్ గవయు పోడుములెన్నఁడు సుందరీమణీ!",vruttamu,Sundariimani,"[('ప', '|'), ('ద', '|'), ('క', '|'), ('ట', '|'), ('కం', 'U'), ('బు', '|'), ('ఘ', 'U'), ('ళ్లు', '|'), ('ర', '|'), ('న', '|'), ('బై', 'U'), ('కి', '|'), ('జి', '|'), ('వా', 'U'), ('లు', '|'), ('న', '|'), ('వ్రా', 'U'), ('లి', '|'), ('గు', 'U'), ('బ్బ', '|'), ('లుం', 'U'), ('గ', '|'), ('దు', '|'), ('ము', '|'), ('లు', '|'), ('క', 'U'), ('ట్ట', '|'), ('ఱొ', 'U'), ('మ్మ', '|'), ('ది', '|'), ('మి', '|'), ('గం', 'U'), ('టు', '|'), ('గ', '|'), ('వా', 'U'), ('తె', '|'), ('ఱ', '|'), ('నొ', 'U'), ('క్కి', '|'), ('మై', 'U'), ('గ', '|'), ('గు', 'U'), ('ర్పొ', '|'), ('ద', '|'), ('వ', '|'), ('గ', '|'), ('బ', 'U'), ('య్యె', '|'), ('దం', 'U'), ('జె', '|'), ('మ', '|'), ('ట', '|'), ('లొ', 'U'), ('త్తు', '|'), ('చు', '|'), ('గే', 'U'), ('రు', '|'), ('చు', '|'), ('గ్రిం', 'U'), ('దు', '|'), ('మీ', 'U'), ('దు', '|'), ('గా', 'U'), ('బొ', '|'), ('దు', '|'), ('వు', '|'), ('చు', '|'), ('నీ', 'U'), ('వె', '|'), ('న', 'U'), ('న్గ', '|'), ('వ', '|'), ('యు', '|'), ('పో', 'U'), ('డు', '|'), ('ము', '|'), ('లె', 'U'), ('న్న', '|'), ('డు', '|'), ('సుం', 'U'), ('ద', '|'), ('రీ', 'U'), ('మ', '|'), ('ణీ', 'U')]",0.95,1.0,1.0,1.0,0.75,1.0
champakamaala,"అలిగినవేళనైన మొగమారసి నవ్వక మానలేవు కౌఁ-
గిలి వదలంగలేవు తమిగీల్కొనఁగా నిదురించునప్పుడుం
గలయికనైన నే నలయఁగా గని పైకొన కోర్వలేవు, నీ
చెలిమి దలంచి, యే కరణిఁ జెందెద ధైర్యము సుందరీమణీ!",vruttamu,Sundariimani,"[('అ', '|'), ('లి', '|'), ('గి', '|'), ('న', '|'), ('వే', 'U'), ('ళ', '|'), ('నై', 'U'), ('న', '|'), ('మొ', '|'), ('గ', '|'), ('మా', 'U'), ('ర', '|'), ('సి', '|'), ('న', 'U'), ('వ్వ', '|'), ('క', '|'), ('మా', 'U'), ('న', '|'), ('లే', 'U'), ('వు', '|'), ('కౌ', 'U'), ('గి', '|'), ('లి', '|'), ('వ', '|'), ('ద', '|'), ('లం', 'U'), ('గ', '|'), ('లే', 'U'), ('వు', '|'), ('త', '|'), ('మి', '|'), ('గీ', 'U'), ('ల్కొ', '|'), ('న', '|'), ('గా', 'U'), ('ని', '|'), ('దు', '|'), ('రిం', 'U'), ('చు', '|'), ('న', 'U'), ('ప్పు', '|'), ('డుం', 'U'), ('గ', '|'), ('ల', '|'), ('యి', '|'), ('క', '|'), ('నై', 'U'), ('న', '|'), ('నే', 'U'), ('న', '|'), ('ల', '|'), ('య', '|'), ('గా', 'U'), ('గ', '|'), ('ని', '|'), ('పై', 'U'), ('కొ', '|'), ('న', '|'), ('కో', 'U'), ('ర్వ', '|'), ('లే', 'U'), ('వు', '|'), ('నీ', 'U'), ('చె', '|'), ('లి', '|'), ('మి', '|'), ('ద', '|'), ('లం', 'U'), ('చి', '|'), ('యే', 'U'), ('క', '|'), ('ర', '|'), ('ణి', '|'), ('జెం', 'U'), ('దె', '|'), ('ద', '|'), ('ధై', 'U'), ('ర్య', '|'), ('ము', '|'), ('సుం', 'U'), ('ద', '|'), ('రీ', 'U'), ('మ', '|'), ('ణీ', 'U')]",0.95,1.0,1.0,1.0,0.75,1.0
champakamaala,"తళుకుల దొంతి! పూవిలుతుదంతి! కడాని శలాక! కెంపురా-
మొలక! మెఱుంగుఁదీవ! నునుముత్తెమ! చక్కఁదనాలకుప్ప! యొ-
ప్పులగని! ముద్దుగుమ్మ! యని పొంగుచు నే వెయినోళ్లచేత నీ
చెలువము మెచ్చికొందుఁ దమి చిత్తములోపల సుందరీమణీ!",vruttamu,Sundariimani,"[('త', '|'), ('ళు', '|'), ('కు', '|'), ('ల', '|'), ('దొం', 'U'), ('తి', '|'), ('పూ', 'U'), ('వి', '|'), ('లు', '|'), ('తు', '|'), ('దం', 'U'), ('తి', '|'), ('క', '|'), ('డా', 'U'), ('ని', '|'), ('శ', '|'), ('లా', 'U'), ('క', '|'), ('కెం', 'U'), ('పు', '|'), ('రా', 'U'), ('మొ', '|'), ('ల', '|'), ('క', '|'), ('మె', '|'), ('ఱుం', 'U'), ('గు', '|'), ('దీ', 'U'), ('వ', '|'), ('ను', '|'), ('ను', '|'), ('ము', 'U'), ('త్తె', '|'), ('మ', '|'), ('చ', 'U'), ('క్క', '|'), ('ద', '|'), ('నా', 'U'), ('ల', '|'), ('కు', 'U'), ('ప్ప', '|'), ('యొ', 'U'), ('ప్పు', '|'), ('ల', '|'), ('గ', '|'), ('ని', '|'), ('ము', 'U'), ('ద్దు', '|'), ('గు', 'U'), ('మ్మ', '|'), ('య', '|'), ('ని', '|'), ('పొం', 'U'), ('గు', '|'), ('చు', '|'), ('నే', 'U'), ('వె', '|'), ('యి', '|'), ('నో', 'U'), ('ళ్ల', '|'), ('చే', 'U'), ('త', '|'), ('నీ', 'U'), ('చె', '|'), ('లు', '|'), ('వ', '|'), ('ము', '|'), ('మె', 'U'), ('చ్చి', '|'), ('కొం', 'U'), ('దు', '|'), ('ద', '|'), ('మి', '|'), ('చి', 'U'), ('త్త', '|'), ('ము', '|'), ('లో', 'U'), ('ప', '|'), ('ల', '|'), ('సుం', 'U'), ('ద', '|'), ('రీ', 'U'), ('మ', '|'), ('ణీ', 'U')]",0.95,1.0,1.0,1.0,1.0,0.75
champakamaala,"మును కనుఱెప్ప వేయు క్షణమున్ యుగరీతిని దోఁచునట్టి నే
నిను నెడఁబాయఁ బ్రాణములు నిల్చె, నిదేమని కొంతసేపు నె-
మ్మనమునఁ జింత చేసి వినుమా పరికించితి నంతలోనె నీ
ఘనమధురాధరామృతము కారణమౌనని సుందరీమణీ!",vruttamu,Sundariimani,"[('ము', '|'), ('ను', '|'), ('క', '|'), ('ను', '|'), ('ఱె', 'U'), ('ప్ప', '|'), ('వే', 'U'), ('యు', 'U'), ('క్ష', '|'), ('ణ', '|'), ('ము', 'U'), ('న్యు', '|'), ('గ', '|'), ('రీ', 'U'), ('తి', '|'), ('ని', '|'), ('దో', 'U'), ('చు', '|'), ('న', 'U'), ('ట్టి', '|'), ('నే', 'U'), ('ని', '|'), ('ను', '|'), ('నె', '|'), ('డ', '|'), ('బా', 'U'), ('య', '|'), ('బ్రా', 'U'), ('ణ', '|'), ('ము', '|'), ('లు', '|'), ('ని', 'U'), ('ల్చె', '|'), ('ని', '|'), ('దే', 'U'), ('మ', '|'), ('ని', '|'), ('కొం', 'U'), ('త', '|'), ('సే', 'U'), ('పు', '|'), ('నె', 'U'), ('మ్మ', '|'), ('న', '|'), ('ము', '|'), ('న', '|'), ('జిం', 'U'), ('త', '|'), ('చే', 'U'), ('సి', '|'), ('వి', '|'), ('ను', '|'), ('మా', 'U'), ('ప', '|'), ('రి', '|'), ('కిం', 'U'), ('చి', '|'), ('తి', '|'), ('నం', 'U'), ('త', '|'), ('లో', 'U'), ('నె', '|'), ('నీ', 'U'), ('ఘ', '|'), ('న', '|'), ('మ', '|'), ('ధు', '|'), ('రా', 'U'), ('ధ', '|'), ('రా', 'U'), ('మృ', '|'), ('త', '|'), ('ము', '|'), ('కా', 'U'), ('ర', '|'), ('ణ', '|'), ('మౌ', 'U'), ('న', '|'), ('ని', '|'), ('సుం', 'U'), ('ద', '|'), ('రీ', 'U'), ('మ', '|'), ('ణీ', 'U')]",0.9928571428571429,1.0,1.0,0.9642857142857143,1.0,1.0
vutpalamaala,"బంగరుతీఁగెవంటి మెయి పట్టెఁడు గుబ్బలు, చేరెఁ డేసి క-
న్నుంగలువల్ కనన్ మినుమినుక్కను కౌన్ బలుమేల్‍పిఱుందు జం-
కుం గళలుల్లసిల్ల నిటకున్ సిరిచుక్క యనంగ వచ్చి మా
ముంగల నిల్చుటెన్నఁడొకొ ముచ్చట దీరఁగ సుందరీమణీ!",vruttamu,Sundariimani,"[('బం', 'U'), ('గ', '|'), ('రు', '|'), ('తీ', 'U'), ('గె', '|'), ('వం', 'U'), ('టి', '|'), ('మె', '|'), ('యి', '|'), ('ప', 'U'), ('ట్టె', '|'), ('డు', '|'), ('గు', 'U'), ('బ్బ', '|'), ('లు', '|'), ('చే', 'U'), ('రె', '|'), ('డే', 'U'), ('సి', '|'), ('క', 'U'), ('న్నుం', 'U'), ('గ', '|'), ('లు', '|'), ('వ', 'U'), ('ల్క', '|'), ('న', 'U'), ('న్మి', '|'), ('ను', '|'), ('మి', '|'), ('ను', 'U'), ('క్క', '|'), ('ను', '|'), ('కౌ', 'U'), ('న్బ', '|'), ('లు', '|'), ('మే', 'U'), ('ల్పి', '|'), ('ఱుం', 'U'), ('దు', '|'), ('జం', 'U'), ('కుం', 'U'), ('గ', '|'), ('ళ', '|'), ('లు', 'U'), ('ల్ల', '|'), ('సి', 'U'), ('ల్ల', '|'), ('ని', '|'), ('ట', '|'), ('కు', 'U'), ('న్సి', '|'), ('రి', '|'), ('చు', 'U'), ('క్క', '|'), ('య', '|'), ('నం', 'U'), ('గ', '|'), ('వ', 'U'), ('చ్చి', '|'), ('మా', 'U'), ('ముం', 'U'), ('గ', '|'), ('ల', '|'), ('ని', 'U'), ('ల్చు', '|'), ('టె', 'U'), ('న్న', '|'), ('డొ', '|'), ('కొ', '|'), ('ము', 'U'), ('చ్చ', '|'), ('ట', '|'), ('దీ', 'U'), ('ర', '|'), ('గ', '|'), ('సుం', 'U'), ('ద', '|'), ('రీ', 'U'), ('మ', '|'), ('ణీ', 'U')]",1.0,1.0,1.0,1.0,1.0,1.0
champakamaala,"తమ మధురత్వసంపదగదా యిది దొంగిలెనంచు మోద న-
య్యమృతపుబిందువోయనఁగ నందమునం దగు ముక్కునత్తుము-
త్యము నునుమోవి మాటికిని దాకుచునుండఁగఁ బూరుషాయిత-
క్రమమున నుండు నిన్ దలఁపఁగాఁ గరఁగున్ మది సుందరీమణీ!",vruttamu,Sundariimani,"[('త', '|'), ('మ', '|'), ('మ', '|'), ('ధు', '|'), ('ర', 'U'), ('త్వ', '|'), ('సం', 'U'), ('ప', '|'), ('ద', '|'), ('గ', '|'), ('దా', 'U'), ('యి', '|'), ('ది', '|'), ('దొం', 'U'), ('గి', '|'), ('లె', '|'), ('నం', 'U'), ('చు', '|'), ('మో', 'U'), ('ద', '|'), ('న', 'U'), ('య్య', '|'), ('మృ', '|'), ('త', '|'), ('పు', '|'), ('బిం', 'U'), ('దు', '|'), ('వో', 'U'), ('య', '|'), ('న', '|'), ('గ', '|'), ('నం', 'U'), ('ద', '|'), ('ము', '|'), ('నం', 'U'), ('ద', '|'), ('గు', '|'), ('ము', 'U'), ('క్కు', '|'), ('న', 'U'), ('త్తు', '|'), ('ము', 'U'), ('త్య', '|'), ('ము', '|'), ('ను', '|'), ('ను', '|'), ('మో', 'U'), ('వి', '|'), ('మా', 'U'), ('టి', '|'), ('కి', '|'), ('ని', '|'), ('దా', 'U'), ('కు', '|'), ('చు', '|'), ('నుం', 'U'), ('డ', '|'), ('గ', '|'), ('బూ', 'U'), ('రు', '|'), ('షా', 'U'), ('యి', '|'), ('త', '|'), ('క్ర', '|'), ('మ', '|'), ('ము', '|'), ('న', '|'), ('నుం', 'U'), ('డు', '|'), ('ని', 'U'), ('న్ద', '|'), ('ల', '|'), ('ప', '|'), ('గా', 'U'), ('గ', '|'), ('ర', '|'), ('గు', 'U'), ('న్మ', '|'), ('ది', '|'), ('సుం', 'U'), ('ద', '|'), ('రీ', 'U'), ('మ', '|'), ('ణీ', 'U')]",0.9428571428571428,1.0,1.0,0.9642857142857143,0.75,1.0
champakamaala,"చెలఁగుచు మీఱి నీదు నునుజెక్కులు గోరుల నొక్కకున్న మె-
చ్చులుగల నీదు మోవి చవిచూడకయుండిన నీదు పల్కులూ-
హలఁ గొనకున్న నీ తళుకు లందము నీ గుజరాతికెంపు లీ
చిలుకలు నేల నే గణన సేతునె వీనిని, సుందరీమణీ!",vruttamu,Sundariimani,"[('చె', '|'), ('ల', '|'), ('గు', '|'), ('చు', '|'), ('మీ', 'U'), ('ఱి', '|'), ('నీ', 'U'), ('దు', '|'), ('ను', '|'), ('ను', '|'), ('జె', 'U'), ('క్కు', '|'), ('లు', '|'), ('గో', 'U'), ('రు', '|'), ('ల', '|'), ('నొ', 'U'), ('క్క', '|'), ('కు', 'U'), ('న్న', '|'), ('మె', 'U'), ('చ్చు', '|'), ('లు', '|'), ('గ', '|'), ('ల', '|'), ('నీ', 'U'), ('దు', '|'), ('మో', 'U'), ('వి', '|'), ('చ', '|'), ('వి', '|'), ('చూ', 'U'), ('డ', '|'), ('క', '|'), ('యుం', 'U'), ('డి', '|'), ('న', '|'), ('నీ', 'U'), ('దు', '|'), ('ప', 'U'), ('ల్కు', '|'), ('లూ', 'U'), ('హ', '|'), ('ల', '|'), ('గొ', '|'), ('న', '|'), ('కు', 'U'), ('న్న', '|'), ('నీ', 'U'), ('త', '|'), ('ళు', '|'), ('కు', '|'), ('లం', 'U'), ('ద', '|'), ('ము', '|'), ('నీ', 'U'), ('గు', '|'), ('జ', '|'), ('రా', 'U'), ('తి', '|'), ('కెం', 'U'), ('పు', '|'), ('లీ', 'U'), ('చి', '|'), ('లు', '|'), ('క', '|'), ('లు', '|'), ('నే', 'U'), ('ల', '|'), ('నే', 'U'), ('గ', '|'), ('ణ', '|'), ('న', '|'), ('సే', 'U'), ('తు', '|'), ('నె', '|'), ('వీ', 'U'), ('ని', '|'), ('ని', '|'), ('సుం', 'U'), ('ద', '|'), ('రీ', 'U'), ('మ', '|'), ('ణీ', 'U')]",0.95,1.0,1.0,1.0,0.75,1.0
champakamaala,"అలుక యిదేమిరా! వెగటులాడకురా! దయతోడ జూడరా!
పలుక విదేలరా! గడుసు పల్కులెఱుంగని చిన్నదానరా!
చెలిమిఁ దలంపరా! మనవి చేకొనరా వినరా మనోహరా!
చెలువుఁడ యన్న నీ నెనరు చిత్తము వాయదు సుందరీమణీ!",vruttamu,Sundariimani,"[('అ', '|'), ('లు', '|'), ('క', '|'), ('యి', '|'), ('దే', 'U'), ('మి', '|'), ('రా', 'U'), ('వె', '|'), ('గ', '|'), ('టు', '|'), ('లా', 'U'), ('డ', '|'), ('కు', '|'), ('రా', 'U'), ('ద', '|'), ('య', '|'), ('తో', 'U'), ('డ', '|'), ('జూ', 'U'), ('డ', '|'), ('రా', 'U'), ('ప', '|'), ('లు', '|'), ('క', '|'), ('వి', '|'), ('దే', 'U'), ('ల', '|'), ('రా', 'U'), ('గ', '|'), ('డు', '|'), ('సు', '|'), ('ప', 'U'), ('ల్కు', '|'), ('లె', '|'), ('ఱుం', 'U'), ('గ', '|'), ('ని', '|'), ('చి', 'U'), ('న్న', '|'), ('దా', 'U'), ('న', '|'), ('రా', 'U'), ('చె', '|'), ('లి', '|'), ('మి', '|'), ('ద', '|'), ('లం', 'U'), ('ప', '|'), ('రా', 'U'), ('మ', '|'), ('న', '|'), ('వి', '|'), ('చే', 'U'), ('కొ', '|'), ('న', '|'), ('రా', 'U'), ('వి', '|'), ('న', '|'), ('రా', 'U'), ('మ', '|'), ('నో', 'U'), ('హ', '|'), ('రా', 'U'), ('చె', '|'), ('లు', '|'), ('వు', '|'), ('డ', '|'), ('య', 'U'), ('న్న', '|'), ('నీ', 'U'), ('నె', '|'), ('న', '|'), ('రు', '|'), ('చి', 'U'), ('త్త', '|'), ('ము', '|'), ('వా', 'U'), ('య', '|'), ('దు', '|'), ('సుం', 'U'), ('ద', '|'), ('రీ', 'U'), ('మ', '|'), ('ణీ', 'U')]",0.95,1.0,1.0,1.0,0.75,1.0
champakamaala,"తల లొకయింత యెత్తి నునుదళ్కులుపై వెదజల్లి గొంటుపోఁ
కలవలెనుండి బంతులయి గట్టితనంబున కౌళ్లుగట్టి చెం-
తల నెఱనిండె నాంతరసుధాకలశంబులఁ గేరు నీ కుచం-
బులఁ బవళించి, నేఁ దనివి పొందుట యెన్నఁడొ సుందరీమణీ!",vruttamu,Sundariimani,"[('త', '|'), ('ల', '|'), ('లొ', '|'), ('క', '|'), ('యిం', 'U'), ('త', '|'), ('యె', 'U'), ('త్తి', '|'), ('ను', '|'), ('ను', '|'), ('ద', 'U'), ('ళ్కు', '|'), ('లు', '|'), ('పై', 'U'), ('వె', '|'), ('ద', '|'), ('జ', 'U'), ('ల్లి', '|'), ('గొం', 'U'), ('టు', '|'), ('పో', 'U'), ('క', '|'), ('ల', '|'), ('వ', '|'), ('లె', '|'), ('నుం', 'U'), ('డి', '|'), ('బం', 'U'), ('తు', '|'), ('ల', '|'), ('యి', '|'), ('గ', 'U'), ('ట్టి', '|'), ('త', '|'), ('నం', 'U'), ('బు', '|'), ('న', '|'), ('కౌ', 'U'), ('ళ్లు', '|'), ('గ', 'U'), ('ట్టి', '|'), ('చెం', 'U'), ('త', '|'), ('ల', '|'), ('నె', '|'), ('ఱ', '|'), ('నిం', 'U'), ('డె', '|'), ('నాం', 'U'), ('త', '|'), ('ర', '|'), ('సు', '|'), ('ధా', 'U'), ('క', '|'), ('ల', '|'), ('శం', 'U'), ('బు', '|'), ('ల', '|'), ('గే', 'U'), ('రు', '|'), ('నీ', 'U'), ('కు', '|'), ('చం', 'U'), ('బు', '|'), ('ల', '|'), ('బ', '|'), ('వ', '|'), ('ళిం', 'U'), ('చి', '|'), ('నే', 'U'), ('ద', '|'), ('ని', '|'), ('వి', '|'), ('పొం', 'U'), ('దు', '|'), ('ట', '|'), ('యె', 'U'), ('న్న', '|'), ('డొ', '|'), ('సుం', 'U'), ('ద', '|'), ('రీ', 'U'), ('మ', '|'), ('ణీ', 'U')]",1.0,1.0,1.0,1.0,1.0,1.0
champakamaala,"రతిఁ జిగురాకువంటి యధరంబు చుఱుక్కునఁ బంటనొక్కి సీ-
త్కృతి యొనరించి, బొమ్మముడి దేరఁగ నోరగఁజూచి, నీకు నీ
గతి నొనరించనేర్తునని, గంటుగ నా నునుమోవి నొక్కి నొ-
చ్చితివే యటంచుఁ గేలఁ బరిశీలన చేతువె సుందరీమణీ!",vruttamu,Sundariimani,"[('ర', '|'), ('తి', '|'), ('జి', '|'), ('గు', '|'), ('రా', 'U'), ('కు', '|'), ('వం', 'U'), ('టి', '|'), ('య', '|'), ('ధ', '|'), ('రం', 'U'), ('బు', '|'), ('చు', '|'), ('ఱు', 'U'), ('క్కు', '|'), ('న', '|'), ('బం', 'U'), ('ట', '|'), ('నొ', 'U'), ('క్కి', '|'), ('సీ', 'U'), ('త్కృ', '|'), ('తి', '|'), ('యొ', '|'), ('న', '|'), ('రిం', 'U'), ('చి', '|'), ('బొ', 'U'), ('మ్మ', '|'), ('ము', '|'), ('డి', '|'), ('దే', 'U'), ('ర', '|'), ('గ', '|'), ('నో', 'U'), ('ర', '|'), ('గ', '|'), ('జూ', 'U'), ('చి', '|'), ('నీ', 'U'), ('కు', '|'), ('నీ', 'U'), ('గ', '|'), ('తి', '|'), ('నొ', '|'), ('న', '|'), ('రిం', 'U'), ('చ', '|'), ('నే', 'U'), ('ర్తు', '|'), ('న', '|'), ('ని', '|'), ('గం', 'U'), ('టు', '|'), ('గ', '|'), ('నా', 'U'), ('ను', '|'), ('ను', '|'), ('మో', 'U'), ('వి', '|'), ('నొ', 'U'), ('క్కి', '|'), ('నొ', 'U'), ('చ్చి', '|'), ('తి', '|'), ('వే', 'U'), ('య', '|'), ('టం', 'U'), ('చు', '|'), ('గే', 'U'), ('ల', '|'), ('బ', '|'), ('రి', '|'), ('శీ', 'U'), ('ల', '|'), ('న', '|'), ('చే', 'U'), ('తు', '|'), ('వె', '|'), ('సుం', 'U'), ('ద', '|'), ('రీ', 'U'), ('మ', '|'), ('ణీ', 'U')]",0.9928571428571429,1.0,1.0,0.9642857142857143,1.0,1.0
champakamaala,"చెలఁగి కికాకిక న్నగుచుఁ జిల్కలమంచముమీఁదఁ గేరుచున్
గులుకుమెఱుంగుగబ్బిచనుగుబ్బ లురమ్మునఁ గూర్చి రేపవల్
తెలియక యుండువేళ సుదతీ! నిను నన్నెడబాపినట్టి యా
నలువకుఁ బూజ లేదుగద! నాఁటికి నేటికి, సుందరీమణీ!",vruttamu,Sundariimani,"[('చె', '|'), ('ల', '|'), ('గి', '|'), ('కి', '|'), ('కా', 'U'), ('కి', '|'), ('క', 'U'), ('న్న', '|'), ('గు', '|'), ('చు', '|'), ('జి', 'U'), ('ల్క', '|'), ('ల', '|'), ('మం', 'U'), ('చ', '|'), ('ము', '|'), ('మీ', 'U'), ('ద', '|'), ('గే', 'U'), ('రు', '|'), ('చున్', 'U'), ('గు', '|'), ('లు', '|'), ('కు', '|'), ('మె', '|'), ('ఱుం', 'U'), ('గు', '|'), ('గ', 'U'), ('బ్బి', '|'), ('చ', '|'), ('ను', '|'), ('గు', 'U'), ('బ్బ', '|'), ('లు', '|'), ('ర', 'U'), ('మ్ము', '|'), ('న', '|'), ('గూ', 'U'), ('ర్చి', '|'), ('రే', 'U'), ('ప', '|'), ('వల్', 'U'), ('తె', '|'), ('లి', '|'), ('య', '|'), ('క', '|'), ('యుం', 'U'), ('డు', '|'), ('వే', 'U'), ('ళ', '|'), ('సు', '|'), ('ద', '|'), ('తీ', 'U'), ('ని', '|'), ('ను', '|'), ('న', 'U'), ('న్నె', '|'), ('డ', '|'), ('బా', 'U'), ('పి', '|'), ('న', 'U'), ('ట్టి', '|'), ('యా', 'U'), ('న', '|'), ('లు', '|'), ('వ', '|'), ('కు', '|'), ('బూ', 'U'), ('జ', '|'), ('లే', 'U'), ('దు', '|'), ('గ', '|'), ('ద', '|'), ('నా', 'U'), ('టి', '|'), ('కి', '|'), ('నే', 'U'), ('టి', '|'), ('కి', '|'), ('సుం', 'U'), ('ద', '|'), ('రీ', 'U'), ('మ', '|'), ('ణీ', 'U')]",1.0,1.0,1.0,1.0,1.0,1.0
champakamaala,"చిలుకలకొల్కి! నీ నగవుచిల్కెడు నెమ్మొగ మొక్కమాఱు క-
న్నులఁ గనుఁగొన్ననాఁడు మదనుండు ననుం గరుణించుగాక! యో
చెలి, నినుఁ బాసి వ్యర్థగతిఁ జెందిననాఁ డకటా! మరుండు కే-
వలమతి కర్కశాస్త్రముల వంచును నొంచును సుందరీమణీ!",vruttamu,Sundariimani,"[('చి', '|'), ('లు', '|'), ('క', '|'), ('ల', '|'), ('కొ', 'U'), ('ల్కి', '|'), ('నీ', 'U'), ('న', '|'), ('గ', '|'), ('వు', '|'), ('చి', 'U'), ('ల్కె', '|'), ('డు', '|'), ('నె', 'U'), ('మ్మొ', '|'), ('గ', '|'), ('మొ', 'U'), ('క్క', '|'), ('మా', 'U'), ('ఱు', '|'), ('క', 'U'), ('న్ను', '|'), ('ల', '|'), ('గ', '|'), ('ను', '|'), ('గొ', 'U'), ('న్న', '|'), ('నా', 'U'), ('డు', '|'), ('మ', '|'), ('ద', '|'), ('నుం', 'U'), ('డు', '|'), ('న', '|'), ('నుం', 'U'), ('గ', '|'), ('రు', '|'), ('ణిం', 'U'), ('చు', '|'), ('గా', 'U'), ('క', '|'), ('యో', 'U'), ('చె', '|'), ('లి', '|'), ('ని', '|'), ('ను', '|'), ('బా', 'U'), ('సి', 'U'), ('వ్య', 'U'), ('ర్థ', '|'), ('గ', '|'), ('తి', '|'), ('జెం', 'U'), ('ది', '|'), ('న', '|'), ('నా', 'U'), ('డ', '|'), ('క', '|'), ('టా', 'U'), ('మ', '|'), ('రుం', 'U'), ('డు', '|'), ('కే', 'U'), ('వ', '|'), ('ల', '|'), ('మ', '|'), ('తి', '|'), ('క', 'U'), ('ర్క', '|'), ('శా', 'U'), ('స్త్ర', '|'), ('ము', '|'), ('ల', '|'), ('వం', 'U'), ('చు', '|'), ('ను', '|'), ('నొం', 'U'), ('చు', '|'), ('ను', '|'), ('సుం', 'U'), ('ద', '|'), ('రీ', 'U'), ('మ', '|'), ('ణీ', 'U')]",0.9928571428571429,1.0,1.0,0.9642857142857143,1.0,1.0
vutpalamaala,"కాటుకకంటి నిగ్గులెసఁగం బొసఁగంగను నీ కటాక్షమై
నాటెను ఱొమ్ము తాళఁగలనా లలనా? యిదిగాక కప్రపున్
వీటి యొసంగుచుం బికిలిపిట్ట వగం, గవ గన్ననాటి నీ
కూటము లెన్న గుండె కరఁగుఁన్ జరగున్ ధృతి సుందరీమణీ!",vruttamu,Sundariimani,"[('కా', 'U'), ('టు', '|'), ('క', '|'), ('కం', 'U'), ('టి', '|'), ('ని', 'U'), ('గ్గు', '|'), ('లె', '|'), ('స', '|'), ('గం', 'U'), ('బొ', '|'), ('స', '|'), ('గం', 'U'), ('గ', '|'), ('ను', '|'), ('నీ', 'U'), ('క', '|'), ('టా', 'U'), ('క్ష', '|'), ('మై', 'U'), ('నా', 'U'), ('టె', '|'), ('ను', '|'), ('ఱొ', 'U'), ('మ్ము', '|'), ('తా', 'U'), ('ళ', '|'), ('గ', '|'), ('ల', '|'), ('నా', 'U'), ('ల', '|'), ('ల', '|'), ('నా', 'U'), ('యి', '|'), ('ది', '|'), ('గా', 'U'), ('క', '|'), ('క', '|'), ('ప్ర', '|'), ('పున్', 'U'), ('వీ', 'U'), ('టి', '|'), ('యొ', '|'), ('సం', 'U'), ('గు', '|'), ('చుం', 'U'), ('బి', '|'), ('కి', '|'), ('లి', '|'), ('పి', 'U'), ('ట్ట', '|'), ('వ', '|'), ('గం', 'U'), ('గ', '|'), ('వ', '|'), ('గ', 'U'), ('న్న', '|'), ('నా', 'U'), ('టి', '|'), ('నీ', 'U'), ('కూ', 'U'), ('ట', '|'), ('ము', '|'), ('లె', 'U'), ('న్న', '|'), ('గుం', 'U'), ('డె', '|'), ('క', '|'), ('ర', '|'), ('గు', 'U'), ('న్జ', '|'), ('ర', '|'), ('గు', 'U'), ('న్ధృ', '|'), ('తి', '|'), ('సుం', 'U'), ('ద', '|'), ('రీ', 'U'), ('మ', '|'), ('ణీ', 'U')]",0.9428571428571428,1.0,1.0,0.9642857142857143,0.75,1.0
champakamaala,"సొలయక నీవు పౌరుషముఁ జూపుచుఁ గంతురణం బొనర్ప నే-
నలకలు గోళదువ్వి, తెలనాకుల చుట్టలొసంగి, తాని పు-
వ్వుల సురటీల వీవ, నునుపుంగవు నల్లన బిగ్గఁబట్టి, నీవు యిం-
పులఁ బరిచర్య సేఁత దలపోయుదొ లేదొకొ సుందరీమణీ!",vruttamu,Sundariimani,"[('సొ', '|'), ('ల', '|'), ('య', '|'), ('క', '|'), ('నీ', 'U'), ('వు', '|'), ('పౌ', 'U'), ('రు', '|'), ('ష', '|'), ('ము', '|'), ('జూ', 'U'), ('పు', '|'), ('చు', '|'), ('గం', 'U'), ('తు', '|'), ('ర', '|'), ('ణం', 'U'), ('బొ', '|'), ('న', 'U'), ('ర్ప', '|'), ('నే', 'U'), ('న', '|'), ('ల', '|'), ('క', '|'), ('లు', '|'), ('గో', 'U'), ('ళ', '|'), ('దు', 'U'), ('వ్వి', '|'), ('తె', '|'), ('ల', '|'), ('నా', 'U'), ('కు', '|'), ('ల', '|'), ('చు', 'U'), ('ట్ట', '|'), ('లొ', '|'), ('సం', 'U'), ('గి', '|'), ('తా', 'U'), ('ని', '|'), ('పు', 'U'), ('వ్వు', '|'), ('ల', '|'), ('సు', '|'), ('ర', '|'), ('టీ', 'U'), ('ల', '|'), ('వీ', 'U'), ('వ', '|'), ('ను', '|'), ('ను', '|'), ('పుం', 'U'), ('గ', '|'), ('వు', '|'), ('న', 'U'), ('ల్ల', '|'), ('న', '|'), ('బి', 'U'), ('గ్గ', '|'), ('బ', 'U'), ('ట్టి', '|'), ('నీ', 'U'), ('వు', '|'), ('యిం', 'U'), ('పు', '|'), ('ల', '|'), ('బ', '|'), ('రి', '|'), ('చ', 'U'), ('ర్య', '|'), ('సే', 'U'), ('త', '|'), ('ద', '|'), ('ల', '|'), ('పో', 'U'), ('యు', '|'), ('దొ', '|'), ('లే', 'U'), ('దొ', '|'), ('కొ', '|'), ('సుం', 'U'), ('ద', '|'), ('రీ', 'U'), ('మ', '|'), ('ణీ', 'U')]",0.8023809523809524,0.9761904761904762,1.0,0.7857142857142857,0.5,0.75
vutpalamaala,"మించు ధర న్నటించె లత మేదినిపైఁ జరియించె నేమొకో
యంచుఁ దలంచుచున్న తరి నచ్చపుబంగరుబొమ్మరీతి మ-
త్కాంచనసౌధసన్నిధిని గాంచి మదీయతపఃఫలంబె కా-
నెంచెద నన్ను నమ్మము రతీశుని సాక్షిగ సుందరీమణీ!",vruttamu,Sundariimani,"[('మిం', 'U'), ('చు', '|'), ('ధ', '|'), ('ర', 'U'), ('న్న', '|'), ('టిం', 'U'), ('చె', '|'), ('ల', '|'), ('త', '|'), ('మే', 'U'), ('ది', '|'), ('ని', '|'), ('పై', 'U'), ('జ', '|'), ('రి', '|'), ('యిం', 'U'), ('చె', '|'), ('నే', 'U'), ('మొ', '|'), ('కో', 'U'), ('యం', 'U'), ('చు', '|'), ('ద', '|'), ('లం', 'U'), ('చు', '|'), ('చు', 'U'), ('న్న', '|'), ('త', '|'), ('రి', '|'), ('న', 'U'), ('చ్చ', '|'), ('పు', '|'), ('బం', 'U'), ('గ', '|'), ('రు', '|'), ('బొ', 'U'), ('మ్మ', '|'), ('రీ', 'U'), ('తి', '|'), ('మ', 'U'), ('త్కాం', 'U'), ('చ', '|'), ('న', '|'), ('సౌ', 'U'), ('ధ', '|'), ('స', 'U'), ('న్ని', '|'), ('ధి', '|'), ('ని', '|'), ('గాం', 'U'), ('చి', '|'), ('మ', '|'), ('దీ', 'U'), ('య', '|'), ('త', '|'), ('పః', 'U'), ('ఫ', '|'), ('లం', 'U'), ('బె', '|'), ('కా', 'U'), ('నెం', 'U'), ('చె', '|'), ('ద', '|'), ('న', 'U'), ('న్ను', '|'), ('న', 'U'), ('మ్మ', '|'), ('ము', '|'), ('ర', '|'), ('తీ', 'U'), ('శు', '|'), ('ని', '|'), ('సా', 'U'), ('క్షి', '|'), ('గ', '|'), ('సుం', 'U'), ('ద', '|'), ('రీ', 'U'), ('మ', '|'), ('ణీ', 'U')]",0.9,1.0,1.0,1.0,0.5,1.0
vutpalamaala,"చక్కెరబొమ్మ! నీ మొగము చక్కదనంబు పిఱుందునంద మా
చెక్కుల చెక్కు పల్వరుస చెల్వము నూరుల తీరు లయ్యరే!
యెక్కడఁజూడ నీవె కృప నించుక చూడకయున్న మానునే,
చక్కెరవింటిదంట సుమసాయక మేయక? సుందరీమణీ!",vruttamu,Sundariimani,"[('చ', 'U'), ('క్కె', '|'), ('ర', '|'), ('బొ', 'U'), ('మ్మ', '|'), ('నీ', 'U'), ('మొ', '|'), ('గ', '|'), ('ము', '|'), ('చ', 'U'), ('క్క', '|'), ('ద', '|'), ('నం', 'U'), ('బు', '|'), ('పి', '|'), ('ఱుం', 'U'), ('దు', '|'), ('నం', 'U'), ('ద', '|'), ('మా', 'U'), ('చె', 'U'), ('క్కు', '|'), ('ల', '|'), ('చె', 'U'), ('క్కు', '|'), ('ప', 'U'), ('ల్వ', '|'), ('రు', '|'), ('స', '|'), ('చె', 'U'), ('ల్వ', '|'), ('ము', '|'), ('నూ', 'U'), ('రు', '|'), ('ల', '|'), ('తీ', 'U'), ('రు', '|'), ('ల', 'U'), ('య్య', '|'), ('రే', 'U'), ('యె', 'U'), ('క్క', '|'), ('డ', '|'), ('జూ', 'U'), ('డ', '|'), ('నీ', 'U'), ('వె', '|'), ('కృ', '|'), ('ప', '|'), ('నిం', 'U'), ('చు', '|'), ('క', '|'), ('చూ', 'U'), ('డ', '|'), ('క', '|'), ('యు', 'U'), ('న్న', '|'), ('మా', 'U'), ('ను', '|'), ('నే', 'U'), ('చ', 'U'), ('క్కె', '|'), ('ర', '|'), ('విం', 'U'), ('టి', '|'), ('దం', 'U'), ('ట', '|'), ('సు', '|'), ('మ', '|'), ('సా', 'U'), ('య', '|'), ('క', '|'), ('మే', 'U'), ('య', '|'), ('క', '|'), ('సుం', 'U'), ('ద', '|'), ('రీ', 'U'), ('మ', '|'), ('ణీ', 'U')]",0.95,1.0,1.0,1.0,0.75,1.0
vutpalamaala,"నేటికి నిండె నా తపము నిక్కమటంచు సుఖించి యుంటి, స-
య్యాటల నాటపాటల నొయారపుదేటల ముద్దుమాటలన్
గూటమి నేలు నిన్నుఁ గని కోమలి! నిన్నెడబాసి యుంటి నీ-
నాఁటికి నేది మున్నెడ నొనర్చితినో యిట సుందరీమణీ!",vruttamu,Sundariimani,"[('నే', 'U'), ('టి', '|'), ('కి', '|'), ('నిం', 'U'), ('డె', '|'), ('నా', 'U'), ('త', '|'), ('ప', '|'), ('ము', '|'), ('ని', 'U'), ('క్క', '|'), ('మ', '|'), ('టం', 'U'), ('చు', '|'), ('సు', '|'), ('ఖిం', 'U'), ('చి', '|'), ('యుం', 'U'), ('టి', '|'), ('స', 'U'), ('య్యా', 'U'), ('ట', '|'), ('ల', '|'), ('నా', 'U'), ('ట', '|'), ('పా', 'U'), ('ట', '|'), ('ల', '|'), ('నొ', '|'), ('యా', 'U'), ('ర', '|'), ('పు', '|'), ('దే', 'U'), ('ట', '|'), ('ల', '|'), ('ము', 'U'), ('ద్దు', '|'), ('మా', 'U'), ('ట', '|'), ('లన్', 'U'), ('గూ', 'U'), ('ట', '|'), ('మి', '|'), ('నే', 'U'), ('లు', '|'), ('ని', 'U'), ('న్ను', '|'), ('గ', '|'), ('ని', '|'), ('కో', 'U'), ('మ', '|'), ('లి', '|'), ('ని', 'U'), ('న్నె', '|'), ('డ', '|'), ('బా', 'U'), ('సి', '|'), ('యుం', 'U'), ('టి', '|'), ('నీ', 'U'), ('నా', 'U'), ('టి', '|'), ('కి', '|'), ('నే', 'U'), ('ది', '|'), ('ము', 'U'), ('న్నె', '|'), ('డ', '|'), ('నొ', '|'), ('న', 'U'), ('ర్చి', '|'), ('తి', '|'), ('నో', 'U'), ('యి', '|'), ('ట', '|'), ('సుం', 'U'), ('ద', '|'), ('రీ', 'U'), ('మ', '|'), ('ణీ', 'U')]",1.0,1.0,1.0,1.0,1.0,1.0
champakamaala,"బహుతరలజ్జఁ గన్ను లొక పాళముగా ముకుళించి, నీ యురో-
రుహముల నీవిపైఁ గరసరోజములుంచి, తొడల్ బిగించ నే
రహి వలువెల్లఁ బాపఁగఁ బిరాలునఁ దొల్తటికూటమిన్ స్వయం-
గ్రహణ మొనర్చినట్టి యుపకారిణి వౌదువె సుందరీమణీ!",vruttamu,Sundariimani,"[('బ', '|'), ('హు', '|'), ('త', '|'), ('ర', '|'), ('ల', 'U'), ('జ్జ', '|'), ('గ', 'U'), ('న్ను', '|'), ('లొ', '|'), ('క', '|'), ('పా', 'U'), ('ళ', '|'), ('ము', '|'), ('గా', 'U'), ('ము', '|'), ('కు', '|'), ('ళిం', 'U'), ('చి', '|'), ('నీ', 'U'), ('యు', '|'), ('రో', 'U'), ('రు', '|'), ('హ', '|'), ('ము', '|'), ('ల', '|'), ('నీ', 'U'), ('వి', '|'), ('పై', 'U'), ('గ', '|'), ('ర', '|'), ('స', '|'), ('రో', 'U'), ('జ', '|'), ('ము', '|'), ('లుం', 'U'), ('చి', '|'), ('తొ', '|'), ('డ', 'U'), ('ల్బి', '|'), ('గిం', 'U'), ('చ', '|'), ('నే', 'U'), ('ర', '|'), ('హి', '|'), ('వ', '|'), ('లు', '|'), ('వె', 'U'), ('ల్ల', '|'), ('బా', 'U'), ('ప', '|'), ('గ', '|'), ('బి', '|'), ('రా', 'U'), ('లు', '|'), ('న', '|'), ('దొ', 'U'), ('ల్త', '|'), ('టి', '|'), ('కూ', 'U'), ('ట', '|'), ('మి', 'U'), ('న్స్వ', '|'), ('యం', 'U'), ('గ్ర', '|'), ('హ', '|'), ('ణ', '|'), ('మొ', '|'), ('న', 'U'), ('ర్చి', '|'), ('న', 'U'), ('ట్టి', '|'), ('యు', '|'), ('ప', '|'), ('కా', 'U'), ('రి', '|'), ('ణి', '|'), ('వౌ', 'U'), ('దు', '|'), ('వె', '|'), ('సుం', 'U'), ('ద', '|'), ('రీ', 'U'), ('మ', '|'), ('ణీ', 'U')]",1.0,1.0,1.0,1.0,1.0,1.0
vutpalamaala,"అందెల నాదు చొప్పణఁచి, యల్లన మెల్లన వచ్చి కేళికా-
మందిరశయ్య నిద్ర గనుమాడ్కి వసించిన నాదు చెక్కులిం-
పొందఁగ ముద్దు పెట్టుకొనుచుండఁగ నేఁ జిఱునవ్వు నవ్వ, ల-
జ్జం దగు నిన్ను గేళి నెకసక్కెము చేయుదు సుందరీమణీ!",vruttamu,Sundariimani,"[('అం', 'U'), ('దె', '|'), ('ల', '|'), ('నా', 'U'), ('దు', '|'), ('చొ', 'U'), ('ప్ప', '|'), ('ణ', '|'), ('చి', '|'), ('య', 'U'), ('ల్ల', '|'), ('న', '|'), ('మె', 'U'), ('ల్ల', '|'), ('న', '|'), ('వ', 'U'), ('చ్చి', '|'), ('కే', 'U'), ('ళి', '|'), ('కా', 'U'), ('మం', 'U'), ('ది', '|'), ('ర', '|'), ('శ', 'U'), ('య్య', '|'), ('ని', '|'), ('ద్ర', '|'), ('గ', '|'), ('ను', '|'), ('మా', 'U'), ('డ్కి', '|'), ('వ', '|'), ('సిం', 'U'), ('చి', '|'), ('న', '|'), ('నా', 'U'), ('దు', '|'), ('చె', 'U'), ('క్కు', '|'), ('లిం', 'U'), ('పొం', 'U'), ('ద', '|'), ('గ', '|'), ('ము', 'U'), ('ద్దు', '|'), ('పె', 'U'), ('ట్టు', '|'), ('కొ', '|'), ('ను', '|'), ('చుం', 'U'), ('డ', '|'), ('గ', '|'), ('నే', 'U'), ('జి', '|'), ('ఱు', '|'), ('న', 'U'), ('వ్వు', '|'), ('న', 'U'), ('వ్వ', '|'), ('ల', 'U'), ('జ్జం', 'U'), ('ద', '|'), ('గు', '|'), ('ని', 'U'), ('న్ను', '|'), ('గే', 'U'), ('ళి', '|'), ('నె', '|'), ('క', '|'), ('స', 'U'), ('క్కె', '|'), ('ము', '|'), ('చే', 'U'), ('యు', '|'), ('దు', '|'), ('సుం', 'U'), ('ద', '|'), ('రీ', 'U'), ('మ', '|'), ('ణీ', 'U')]",0.9428571428571428,1.0,1.0,0.9642857142857143,0.75,1.0
champakamaala,"ఎటులిఁకఁ దెల్లవాఱె సెలవీయర నీదు కరంబు నాదు సం-
దిట నిడినావు నా పదము నీ పదమున్ మెలవైచి తేమొకో
చిటిపొటిచేత చేసెదవె! సిగ్గుల చేటిపు డేమటంచుఁ గౌఁ-
గిటఁ బతిమాలు నిన్ బలిమిఁ గేళి యొనర్తును సుందరీమణీ!",vruttamu,Sundariimani,"[('ఎ', '|'), ('టు', '|'), ('లి', '|'), ('క', '|'), ('దె', 'U'), ('ల్ల', '|'), ('వా', 'U'), ('ఱె', '|'), ('సె', '|'), ('ల', '|'), ('వీ', 'U'), ('య', '|'), ('ర', '|'), ('నీ', 'U'), ('దు', '|'), ('క', '|'), ('రం', 'U'), ('బు', '|'), ('నా', 'U'), ('దు', '|'), ('సం', 'U'), ('ది', '|'), ('ట', '|'), ('ని', '|'), ('డి', '|'), ('నా', 'U'), ('వు', '|'), ('నా', 'U'), ('ప', '|'), ('ద', '|'), ('ము', '|'), ('నీ', 'U'), ('ప', '|'), ('ద', '|'), ('ము', 'U'), ('న్మె', '|'), ('ల', '|'), ('వై', 'U'), ('చి', '|'), ('తే', 'U'), ('మొ', '|'), ('కో', 'U'), ('చి', '|'), ('టి', '|'), ('పొ', '|'), ('టి', '|'), ('చే', 'U'), ('త', '|'), ('చే', 'U'), ('సె', '|'), ('ద', '|'), ('వె', '|'), ('సి', 'U'), ('గ్గు', '|'), ('ల', '|'), ('చే', 'U'), ('టి', '|'), ('పు', '|'), ('డే', 'U'), ('మ', '|'), ('టం', 'U'), ('చు', '|'), ('గౌ', 'U'), ('గి', '|'), ('ట', '|'), ('బ', '|'), ('తి', '|'), ('మా', 'U'), ('లు', '|'), ('ని', 'U'), ('న్బ', '|'), ('లి', '|'), ('మి', '|'), ('గే', 'U'), ('ళి', '|'), ('యొ', '|'), ('న', 'U'), ('ర్తు', '|'), ('ను', '|'), ('సుం', 'U'), ('ద', '|'), ('రీ', 'U'), ('మ', '|'), ('ణీ', 'U')]",0.9,1.0,1.0,1.0,0.5,1.0
vutpalamaala,"చెమ్మటనంటు ముంగురులు చిందిన కస్తురిబొట్టు నిద్దురం
గ్రమ్మెడు కన్నులున్ జెదరు కాటుకయున్ నెలవంకలున్ వినో-
దమ్మగు తళ్కుఁజెక్కులు రదక్షతలక్షితమైన మోవిచే
నిమ్మగు నీ మొగంబు గనుటెన్నఁడు ప్రొద్దున సుందరీమణీ!",vruttamu,Sundariimani,"[('చె', 'U'), ('మ్మ', '|'), ('ట', '|'), ('నం', 'U'), ('టు', '|'), ('ముం', 'U'), ('గు', '|'), ('రు', '|'), ('లు', '|'), ('చిం', 'U'), ('ది', '|'), ('న', '|'), ('క', 'U'), ('స్తు', '|'), ('రి', '|'), ('బొ', 'U'), ('ట్టు', '|'), ('ని', 'U'), ('ద్దు', '|'), ('రం', 'U'), ('గ్ర', 'U'), ('మ్మె', '|'), ('డు', '|'), ('క', 'U'), ('న్ను', '|'), ('లు', 'U'), ('న్జె', '|'), ('ద', '|'), ('రు', '|'), ('కా', 'U'), ('టు', '|'), ('క', '|'), ('యు', 'U'), ('న్నె', '|'), ('ల', '|'), ('వం', 'U'), ('క', '|'), ('లు', 'U'), ('న్వి', '|'), ('నో', 'U'), ('ద', 'U'), ('మ్మ', '|'), ('గు', '|'), ('త', 'U'), ('ళ్కు', '|'), ('జె', 'U'), ('క్కు', '|'), ('లు', '|'), ('ర', '|'), ('ద', 'U'), ('క్ష', '|'), ('త', '|'), ('ల', 'U'), ('క్షి', '|'), ('త', '|'), ('మై', 'U'), ('న', '|'), ('మో', 'U'), ('వి', '|'), ('చే', 'U'), ('ని', 'U'), ('మ్మ', '|'), ('గు', '|'), ('నీ', 'U'), ('మొ', '|'), ('గం', 'U'), ('బు', '|'), ('గ', '|'), ('ను', '|'), ('టె', 'U'), ('న్న', '|'), ('డు', '|'), ('ప్రొ', 'U'), ('ద్దు', '|'), ('న', '|'), ('సుం', 'U'), ('ద', '|'), ('రీ', 'U'), ('మ', '|'), ('ణీ', 'U')]",0.95,1.0,1.0,1.0,0.75,1.0
vutpalamaala,"వాడిన మోముతోఁ దొగరువాతెఱఁ బలుగెంపుగుంపుతో
వీడిన కొప్పుతో సొలపువింతలతో ననుఁ బాసిఁపోవఁ గా-
ళ్లాడనియట్లు తొట్రువడు నందపు నెన్నడతోడఁ బ్రొద్దునన్
వేడుకఁ గేళిమందిరము వెల్వడుచుందువు సుందరీమణీ!",vruttamu,Sundariimani,"[('వా', 'U'), ('డి', '|'), ('న', '|'), ('మో', 'U'), ('ము', '|'), ('తో', 'U'), ('దొ', '|'), ('గ', '|'), ('రు', '|'), ('వా', 'U'), ('తె', '|'), ('ఱ', '|'), ('బ', '|'), ('లు', '|'), ('గెం', 'U'), ('పు', '|'), ('గుం', 'U'), ('పు', '|'), ('తో', 'U'), ('వీ', 'U'), ('డి', '|'), ('న', '|'), ('కొ', 'U'), ('ప్పు', '|'), ('తో', 'U'), ('సొ', '|'), ('ల', '|'), ('పు', '|'), ('విం', 'U'), ('త', '|'), ('ల', '|'), ('తో', 'U'), ('న', '|'), ('ను', '|'), ('బా', 'U'), ('సి', '|'), ('పో', 'U'), ('వ', '|'), ('గా', 'U'), ('ళ్లా', 'U'), ('డ', '|'), ('ని', '|'), ('య', 'U'), ('ట్లు', '|'), ('తొ', '|'), ('ట్రు', '|'), ('వ', '|'), ('డు', '|'), ('నం', 'U'), ('ద', '|'), ('పు', '|'), ('నె', 'U'), ('న్న', '|'), ('డ', '|'), ('తో', 'U'), ('డ', '|'), ('బ్రొ', 'U'), ('ద్దు', '|'), ('నన్', 'U'), ('వే', 'U'), ('డు', '|'), ('క', '|'), ('గే', 'U'), ('ళి', '|'), ('మం', 'U'), ('ది', '|'), ('ర', '|'), ('ము', '|'), ('వె', 'U'), ('ల్వ', '|'), ('డు', '|'), ('చుం', 'U'), ('దు', '|'), ('వు', '|'), ('సుం', 'U'), ('ద', '|'), ('రీ', 'U'), ('మ', '|'), ('ణీ', 'U')]",0.6260714285714286,0.9875,1.0,0.1428571428571428,0.5,0.5
vutpalamaala,"సోయగ ముప్పతిల్ల ననుఁ జూచి కిసాలున నవ్వి లేచి, రా-
రా! యని కౌగిలింపుచుఁ బిరాలున శయ్యకు వ్రాలి గుబ్బలన్
నా యురమాని మోవి రదనంబున నొక్కుచుఁ జొక్కిచొక్కి యూ-
హూ! యని సైఁగ నన్ బలుకకుండ నదల్తువె సుందరీమణీ!",vruttamu,Sundariimani,"[('సో', 'U'), ('య', '|'), ('గ', '|'), ('ము', 'U'), ('ప్ప', '|'), ('తి', 'U'), ('ల్ల', '|'), ('న', '|'), ('ను', '|'), ('జూ', 'U'), ('చి', '|'), ('కి', '|'), ('సా', 'U'), ('లు', '|'), ('న', '|'), ('న', 'U'), ('వ్వి', '|'), ('లే', 'U'), ('చి', '|'), ('రా', 'U'), ('రా', 'U'), ('య', '|'), ('ని', '|'), ('కౌ', 'U'), ('గి', '|'), ('లిం', 'U'), ('పు', '|'), ('చు', '|'), ('బి', '|'), ('రా', 'U'), ('లు', '|'), ('న', '|'), ('శ', 'U'), ('య్య', '|'), ('కు', '|'), ('వ్రా', 'U'), ('లి', '|'), ('గు', 'U'), ('బ్బ', '|'), ('లన్', 'U'), ('నా', 'U'), ('యు', '|'), ('ర', '|'), ('మా', 'U'), ('ని', '|'), ('మో', 'U'), ('వి', '|'), ('ర', '|'), ('ద', '|'), ('నం', 'U'), ('బు', '|'), ('న', '|'), ('నొ', 'U'), ('క్కు', '|'), ('చు', '|'), ('జొ', 'U'), ('క్కి', '|'), ('చొ', 'U'), ('క్కి', '|'), ('యూ', 'U'), ('హూ', 'U'), ('య', '|'), ('ని', '|'), ('సై', 'U'), ('గ', '|'), ('న', 'U'), ('న్బ', '|'), ('లు', '|'), ('క', '|'), ('కుం', 'U'), ('డ', '|'), ('న', '|'), ('ద', 'U'), ('ల్తు', '|'), ('వె', '|'), ('సుం', 'U'), ('ద', '|'), ('రీ', 'U'), ('మ', '|'), ('ణీ', 'U')]",0.95,1.0,1.0,1.0,0.75,1.0
vutpalamaala,"పాయఁగలేని మోహమున బంతులవంటి కుచద్వయంబు చే-
దోయి నమర్చి, కేళితమి తోరపుఁ గామశతాంగచక్రపుం
జాయలపైకి దొర్లి నను శయ్యకు వ్రాల్చి పరాకటంచు వీ-
రాయితలీల మెచ్చుగొను నద్భుతశీలవె సుందరీమణీ!",vruttamu,Sundariimani,"[('పా', 'U'), ('య', '|'), ('గ', '|'), ('లే', 'U'), ('ని', '|'), ('మో', 'U'), ('హ', '|'), ('ము', '|'), ('న', '|'), ('బం', 'U'), ('తు', '|'), ('ల', '|'), ('వం', 'U'), ('టి', '|'), ('కు', '|'), ('చ', 'U'), ('ద్వ', '|'), ('యం', 'U'), ('బు', '|'), ('చే', 'U'), ('దో', 'U'), ('యి', '|'), ('న', '|'), ('మ', 'U'), ('ర్చి', '|'), ('కే', 'U'), ('ళి', '|'), ('త', '|'), ('మి', '|'), ('తో', 'U'), ('ర', '|'), ('పు', '|'), ('గా', 'U'), ('మ', '|'), ('శ', '|'), ('తాం', 'U'), ('గ', '|'), ('చ', '|'), ('క్ర', '|'), ('పుం', 'U'), ('జా', 'U'), ('య', '|'), ('ల', '|'), ('పై', 'U'), ('కి', '|'), ('దొ', 'U'), ('ర్లి', '|'), ('న', '|'), ('ను', '|'), ('శ', 'U'), ('య్య', '|'), ('కు', '|'), ('వ్రా', 'U'), ('ల్చి', '|'), ('ప', '|'), ('రా', 'U'), ('క', '|'), ('టం', 'U'), ('చు', '|'), ('వీ', 'U'), ('రా', 'U'), ('యి', '|'), ('త', '|'), ('లీ', 'U'), ('ల', '|'), ('మె', 'U'), ('చ్చు', '|'), ('గొ', '|'), ('ను', '|'), ('న', 'U'), ('ద్భు', '|'), ('త', '|'), ('శీ', 'U'), ('ల', '|'), ('వె', '|'), ('సుం', 'U'), ('ద', '|'), ('రీ', 'U'), ('మ', '|'), ('ణీ', 'U')]",0.9428571428571428,1.0,1.0,0.9642857142857143,0.75,1.0
vutpalamaala,"మించెడు వేడ్కఁ బైకొని రమించెడుచోఁ గటిమీఁద వేణి న-
ర్తించుట యొప్పు రాచిలుకతేజిమనోజుఁడు చౌపటాలి ద్రొ-
క్కించుచుఁ జిత్రభంగి దుమికింపుచు నీలకశాహతిం దుటా-
యించిన లాగు నా సొగసు లెన్నఁగ శక్యమే, సుందరీమణీ!",vruttamu,Sundariimani,"[('మిం', 'U'), ('చె', '|'), ('డు', '|'), ('వే', 'U'), ('డ్క', '|'), ('బై', 'U'), ('కొ', '|'), ('ని', '|'), ('ర', '|'), ('మిం', 'U'), ('చె', '|'), ('డు', '|'), ('చో', 'U'), ('గ', '|'), ('టి', '|'), ('మీ', 'U'), ('ద', '|'), ('వే', 'U'), ('ణి', '|'), ('న', 'U'), ('ర్తిం', 'U'), ('చు', '|'), ('ట', '|'), ('యొ', 'U'), ('ప్పు', '|'), ('రా', 'U'), ('చి', '|'), ('లు', '|'), ('క', '|'), ('తే', 'U'), ('జి', '|'), ('మ', '|'), ('నో', 'U'), ('జు', '|'), ('డు', '|'), ('చౌ', 'U'), ('ప', '|'), ('టా', 'U'), ('లి', '|'), ('ద్రొ', 'U'), ('క్కిం', 'U'), ('చు', '|'), ('చు', '|'), ('జి', '|'), ('త్ర', '|'), ('భం', 'U'), ('గి', '|'), ('దు', '|'), ('మి', '|'), ('కిం', 'U'), ('పు', '|'), ('చు', '|'), ('నీ', 'U'), ('ల', '|'), ('క', '|'), ('శా', 'U'), ('హ', '|'), ('తిం', 'U'), ('దు', '|'), ('టా', 'U'), ('యిం', 'U'), ('చి', '|'), ('న', '|'), ('లా', 'U'), ('గు', '|'), ('నా', 'U'), ('సొ', '|'), ('గ', '|'), ('సు', '|'), ('లె', 'U'), ('న్న', '|'), ('గ', '|'), ('శ', 'U'), ('క్య', '|'), ('మే', 'U'), ('సుం', 'U'), ('ద', '|'), ('రీ', 'U'), ('మ', '|'), ('ణీ', 'U')]",0.9357142857142857,1.0,1.0,0.9285714285714286,0.75,1.0
vutpalamaala,"మోహముమీఱఁ బంచశరుమోహర మొగ్గినవేళఁ గుల్కు నీ
సాహస మేమనన్ బయికిఁ జంగున దాఁటి చెలంగి కేళిలో
నీ హొనరెల్ల నేర్పఱుపు నేర్పరి వౌదువు విస్ఫురద్వరా-
రోహ యటన్న పేరు దగు రూఢిగ నీయెడ సుందరీమణీ!",vruttamu,Sundariimani,"[('మో', 'U'), ('హ', '|'), ('ము', '|'), ('మీ', 'U'), ('ఱ', '|'), ('బం', 'U'), ('చ', '|'), ('శ', '|'), ('రు', '|'), ('మో', 'U'), ('హ', '|'), ('ర', '|'), ('మొ', 'U'), ('గ్గి', '|'), ('న', '|'), ('వే', 'U'), ('ళ', '|'), ('గు', 'U'), ('ల్కు', '|'), ('నీ', 'U'), ('సా', 'U'), ('హ', '|'), ('స', '|'), ('మే', 'U'), ('మ', '|'), ('న', 'U'), ('న్బ', '|'), ('యి', '|'), ('కి', '|'), ('జం', 'U'), ('గు', '|'), ('న', '|'), ('దా', 'U'), ('టి', '|'), ('చె', '|'), ('లం', 'U'), ('గి', '|'), ('కే', 'U'), ('ళి', '|'), ('లో', 'U'), ('నీ', 'U'), ('హొ', '|'), ('న', '|'), ('రె', 'U'), ('ల్ల', '|'), ('నే', 'U'), ('ర్ప', '|'), ('ఱు', '|'), ('పు', '|'), ('నే', 'U'), ('ర్ప', '|'), ('రి', '|'), ('వౌ', 'U'), ('దు', '|'), ('వు', '|'), ('వి', 'U'), ('స్ఫు', '|'), ('ర', 'U'), ('ద్వ', '|'), ('రా', 'U'), ('రో', 'U'), ('హ', '|'), ('య', '|'), ('ట', 'U'), ('న్న', '|'), ('పే', 'U'), ('రు', '|'), ('ద', '|'), ('గు', '|'), ('రూ', 'U'), ('ఢి', '|'), ('గ', '|'), ('నీ', 'U'), ('యె', '|'), ('డ', '|'), ('సుం', 'U'), ('ద', '|'), ('రీ', 'U'), ('మ', '|'), ('ణీ', 'U')]",1.0,1.0,1.0,1.0,1.0,1.0
champakamaala,"అలితతి మ్రోఁతకున్ శుకపికావళి కూఁతకు మంటమారిపూ-
విలుతుని కత్తికోతఁకు నవీనసమీరకుమారు నేఁతకున్
బొలుపుఁగ జంద్రు పెళ్లుడుకపోఁతకుఁ క్రొవ్విరిమల్లె పూతఁకున్
జలనమునొంది గుండె ఝలుఝల్లుమనెం గదె సుందరీమణీ!",vruttamu,Sundariimani,"[('అ', '|'), ('లి', '|'), ('త', '|'), ('తి', '|'), ('మ్రో', 'U'), ('త', '|'), ('కు', 'U'), ('న్శు', '|'), ('క', '|'), ('పి', '|'), ('కా', 'U'), ('వ', '|'), ('ళి', '|'), ('కూ', 'U'), ('త', '|'), ('కు', '|'), ('మం', 'U'), ('ట', '|'), ('మా', 'U'), ('రి', '|'), ('పూ', 'U'), ('వి', '|'), ('లు', '|'), ('తు', '|'), ('ని', '|'), ('క', 'U'), ('త్తి', '|'), ('కో', 'U'), ('త', '|'), ('కు', '|'), ('న', '|'), ('వీ', 'U'), ('న', '|'), ('స', '|'), ('మీ', 'U'), ('ర', '|'), ('కు', '|'), ('మా', 'U'), ('రు', '|'), ('నే', 'U'), ('త', '|'), ('కున్', 'U'), ('బొ', '|'), ('లు', '|'), ('పు', '|'), ('గ', '|'), ('జం', 'U'), ('ద్రు', '|'), ('పె', 'U'), ('ళ్లు', '|'), ('డు', '|'), ('క', '|'), ('పో', 'U'), ('త', '|'), ('కు', '|'), ('క్రొ', 'U'), ('వ్వి', '|'), ('రి', '|'), ('మ', 'U'), ('ల్లె', '|'), ('పూ', 'U'), ('త', '|'), ('కున్', 'U'), ('జ', '|'), ('ల', '|'), ('న', '|'), ('ము', '|'), ('నొం', 'U'), ('ది', '|'), ('గుం', 'U'), ('డె', '|'), ('ఝ', '|'), ('లు', '|'), ('ఝ', 'U'), ('ల్లు', '|'), ('మ', '|'), ('నెం', 'U'), ('గ', '|'), ('దె', '|'), ('సుం', 'U'), ('ద', '|'), ('రీ', 'U'), ('మ', '|'), ('ణీ', 'U')]",0.95,1.0,1.0,1.0,0.75,1.0
champakamaala,"జడ కటి సంచరింప, బురుసాపనిచీరె పయిన్ మెఱుంగుపా-
వడ తళుకుల్ నటింప, బిగివట్రువగుబ్బల రత్నహారముల్
తడఁబడి సందడింప, మరుతంత్రము లందియ లుగ్గడింపఁగాఁ,
బడకకు వచ్చు నీ సొబగు భావముఁ బాయదు సుందరీమణీ!",vruttamu,Sundariimani,"[('జ', '|'), ('డ', '|'), ('క', '|'), ('టి', '|'), ('సం', 'U'), ('చ', '|'), ('రిం', 'U'), ('ప', '|'), ('బు', '|'), ('రు', '|'), ('సా', 'U'), ('ప', '|'), ('ని', '|'), ('చీ', 'U'), ('రె', '|'), ('ప', '|'), ('యి', 'U'), ('న్మె', '|'), ('ఱుం', 'U'), ('గు', '|'), ('పా', 'U'), ('వ', '|'), ('డ', '|'), ('త', '|'), ('ళు', '|'), ('కు', 'U'), ('ల్న', '|'), ('టిం', 'U'), ('ప', '|'), ('బి', '|'), ('గి', '|'), ('వ', '|'), ('ట్రు', '|'), ('వ', '|'), ('గు', 'U'), ('బ్బ', '|'), ('ల', '|'), ('ర', 'U'), ('త్న', '|'), ('హా', 'U'), ('ర', '|'), ('ముల్', 'U'), ('త', '|'), ('డ', '|'), ('బ', '|'), ('డి', '|'), ('సం', 'U'), ('ద', '|'), ('డిం', 'U'), ('ప', '|'), ('మ', '|'), ('రు', '|'), ('తం', 'U'), ('త్ర', '|'), ('ము', '|'), ('లం', 'U'), ('ది', '|'), ('య', '|'), ('లు', 'U'), ('గ్గ', '|'), ('డిం', 'U'), ('ప', '|'), ('గా', 'U'), ('బ', '|'), ('డ', '|'), ('క', '|'), ('కు', '|'), ('వ', 'U'), ('చ్చు', '|'), ('నీ', 'U'), ('సొ', '|'), ('బ', '|'), ('గు', '|'), ('భా', 'U'), ('వ', '|'), ('ము', '|'), ('బా', 'U'), ('య', '|'), ('దు', '|'), ('సుం', 'U'), ('ద', '|'), ('రీ', 'U'), ('మ', '|'), ('ణీ', 'U')]",0.9928571428571429,1.0,1.0,0.9642857142857143,1.0,1.0
champakamaala,"కొదమమిటారి చన్నుఁగవ గోరుల పోటు మెఱుంగు వాతెఱన్
గుదిరిన పచ్చికాటుకనుఁ గోనల నిద్దురపాటు చెమ్మటల్
కదలెడు మేనునీటు పదకంజములన్ దడఁబాటు, జారుప-
య్యెఁద యెదమాటు, నీవు పడకిల్ వెడలం దగు సుందరీమణీ!",vruttamu,Sundariimani,"[('కొ', '|'), ('ద', '|'), ('మ', '|'), ('మి', '|'), ('టా', 'U'), ('రి', '|'), ('చ', 'U'), ('న్ను', '|'), ('గ', '|'), ('వ', '|'), ('గో', 'U'), ('రు', '|'), ('ల', '|'), ('పో', 'U'), ('టు', '|'), ('మె', '|'), ('ఱుం', 'U'), ('గు', '|'), ('వా', 'U'), ('తె', '|'), ('ఱన్', 'U'), ('గు', '|'), ('ది', '|'), ('రి', '|'), ('న', '|'), ('ప', 'U'), ('చ్చి', '|'), ('కా', 'U'), ('టు', '|'), ('క', '|'), ('ను', '|'), ('గో', 'U'), ('న', '|'), ('ల', '|'), ('ని', 'U'), ('ద్దు', '|'), ('ర', '|'), ('పా', 'U'), ('టు', '|'), ('చె', 'U'), ('మ్మ', '|'), ('టల్', 'U'), ('క', '|'), ('ద', '|'), ('లె', '|'), ('డు', '|'), ('మే', 'U'), ('ను', '|'), ('నీ', 'U'), ('టు', '|'), ('ప', '|'), ('ద', '|'), ('కం', 'U'), ('జ', '|'), ('ము', '|'), ('ల', 'U'), ('న్ద', '|'), ('డ', '|'), ('బా', 'U'), ('టు', '|'), ('జా', 'U'), ('రు', '|'), ('ప', 'U'), ('య్యె', '|'), ('ద', '|'), ('యె', '|'), ('ద', '|'), ('మా', 'U'), ('టు', '|'), ('నీ', 'U'), ('వు', '|'), ('ప', '|'), ('డ', '|'), ('కి', 'U'), ('ల్వె', '|'), ('డ', '|'), ('లం', 'U'), ('ద', '|'), ('గు', '|'), ('సుం', 'U'), ('ద', '|'), ('రీ', 'U'), ('మ', '|'), ('ణీ', 'U')]",0.95,1.0,1.0,1.0,0.75,1.0
vutpalamaala,"నీ కడకంటి చూపు, బలునిద్దపు నీ చనుదోయి ప్రాపు, నన్
బైకొను కోపు, నీ జిలుగుబంగరు మై నునుతాపు, నీ సుధా-
స్తోక రదాంశుకంబు చవి చూపు, దయామతి దాపు, నీవే నన్
జేకొను కోపు లేక గడెసేపు రుచించదు సుందరీమణీ!",vruttamu,Sundariimani,"[('నీ', 'U'), ('క', '|'), ('డ', '|'), ('కం', 'U'), ('టి', '|'), ('చూ', 'U'), ('పు', '|'), ('బ', '|'), ('లు', '|'), ('ని', 'U'), ('ద్ద', '|'), ('పు', '|'), ('నీ', 'U'), ('చ', '|'), ('ను', '|'), ('దో', 'U'), ('యి', '|'), ('ప్రా', 'U'), ('పు', '|'), ('నన్', 'U'), ('బై', 'U'), ('కొ', '|'), ('ను', '|'), ('కో', 'U'), ('పు', '|'), ('నీ', 'U'), ('జి', '|'), ('లు', '|'), ('గు', '|'), ('బం', 'U'), ('గ', '|'), ('రు', '|'), ('మై', 'U'), ('ను', '|'), ('ను', '|'), ('తా', 'U'), ('పు', '|'), ('నీ', 'U'), ('సు', '|'), ('ధా', 'U'), ('స్తో', 'U'), ('క', '|'), ('ర', '|'), ('దాం', 'U'), ('శు', '|'), ('కం', 'U'), ('బు', '|'), ('చ', '|'), ('వి', '|'), ('చూ', 'U'), ('పు', '|'), ('ద', '|'), ('యా', 'U'), ('మ', '|'), ('తి', '|'), ('దా', 'U'), ('పు', '|'), ('నీ', 'U'), ('వే', 'U'), ('నన్', 'U'), ('జే', 'U'), ('కొ', '|'), ('ను', '|'), ('కో', 'U'), ('పు', '|'), ('లే', 'U'), ('క', '|'), ('గ', '|'), ('డె', '|'), ('సే', 'U'), ('పు', '|'), ('రు', '|'), ('చిం', 'U'), ('చ', '|'), ('దు', '|'), ('సుం', 'U'), ('ద', '|'), ('రీ', 'U'), ('మ', '|'), ('ణీ', 'U')]",0.9928571428571429,1.0,1.0,0.9642857142857143,1.0,1.0
champakamaala,"చిలుకహుమావజీరు విరిసింగిణిఁగూర్చిన కొత్తవింత పూ-
జిలుకవు నా పయిం గరుణ చిల్క విదేమి మెఱుంగురత్నపుం
బలుకవు, కప్పురంబులిక పల్కవిదేమి యటంచు నిన్న నే-
నలిగినవేళ వేఁడుకొను టాత్మఁ దలంపవె సుందరీమణీ!",vruttamu,Sundariimani,"[('చి', '|'), ('లు', '|'), ('క', '|'), ('హు', '|'), ('మా', 'U'), ('వ', '|'), ('జీ', 'U'), ('రు', '|'), ('వి', '|'), ('రి', '|'), ('సిం', 'U'), ('గి', '|'), ('ణి', '|'), ('గూ', 'U'), ('ర్చి', '|'), ('న', '|'), ('కొ', 'U'), ('త్త', '|'), ('విం', 'U'), ('త', '|'), ('పూ', 'U'), ('జి', '|'), ('లు', '|'), ('క', '|'), ('వు', '|'), ('నా', 'U'), ('ప', '|'), ('యిం', 'U'), ('గ', '|'), ('రు', '|'), ('ణ', '|'), ('చి', 'U'), ('ల్క', '|'), ('వి', '|'), ('దే', 'U'), ('మి', '|'), ('మె', '|'), ('ఱుం', 'U'), ('గు', '|'), ('ర', 'U'), ('త్న', '|'), ('పుం', 'U'), ('బ', '|'), ('లు', '|'), ('క', '|'), ('వు', '|'), ('క', 'U'), ('ప్పు', '|'), ('రం', 'U'), ('బు', '|'), ('లి', '|'), ('క', '|'), ('ప', 'U'), ('ల్క', '|'), ('వి', '|'), ('దే', 'U'), ('మి', '|'), ('య', '|'), ('టం', 'U'), ('చు', '|'), ('ని', 'U'), ('న్న', '|'), ('నే', 'U'), ('న', '|'), ('లి', '|'), ('గి', '|'), ('న', '|'), ('వే', 'U'), ('ళ', '|'), ('వే', 'U'), ('డు', '|'), ('కొ', '|'), ('ను', '|'), ('టా', 'U'), ('త్మ', '|'), ('ద', '|'), ('లం', 'U'), ('ప', '|'), ('వె', '|'), ('సుం', 'U'), ('ద', '|'), ('రీ', 'U'), ('మ', '|'), ('ణీ', 'U')]",0.95,1.0,1.0,1.0,0.75,1.0
vutpalamaala,"కోపము మానవే, నెనరుగూర్చిన చల్లనిచూపువెన్నెలల్
నాపయిఁ జల్లవే చలము నాయమె బిగ్గఱఁ గౌఁగిలింపవే
యో పువుఁబోఁడి! యో రమణి! యో చెలి! నీ యధరామృతంబునం
దాపము దీర్చవే యనుచుఁ దద్దయుఁ బల్కుదు సుందరీమణీ!",vruttamu,Sundariimani,"[('కో', 'U'), ('ప', '|'), ('ము', '|'), ('మా', 'U'), ('న', '|'), ('వే', 'U'), ('నె', '|'), ('న', '|'), ('రు', '|'), ('గూ', 'U'), ('ర్చి', '|'), ('న', '|'), ('చ', 'U'), ('ల్ల', '|'), ('ని', '|'), ('చూ', 'U'), ('పు', '|'), ('వె', 'U'), ('న్నె', '|'), ('లల్', 'U'), ('నా', 'U'), ('ప', '|'), ('యి', '|'), ('జ', 'U'), ('ల్ల', '|'), ('వే', 'U'), ('చ', '|'), ('ల', '|'), ('ము', '|'), ('నా', 'U'), ('య', '|'), ('మె', '|'), ('బి', 'U'), ('గ్గ', '|'), ('ఱ', '|'), ('గౌ', 'U'), ('గి', '|'), ('లిం', 'U'), ('ప', '|'), ('వే', 'U'), ('యో', 'U'), ('పు', '|'), ('వు', '|'), ('బో', 'U'), ('డి', '|'), ('యో', 'U'), ('ర', '|'), ('మ', '|'), ('ణి', '|'), ('యో', 'U'), ('చె', '|'), ('లి', '|'), ('నీ', 'U'), ('య', '|'), ('ధ', '|'), ('రా', 'U'), ('మృ', '|'), ('తం', 'U'), ('బు', '|'), ('నం', 'U'), ('దా', 'U'), ('ప', '|'), ('ము', '|'), ('దీ', 'U'), ('ర్చ', '|'), ('వే', 'U'), ('య', '|'), ('ను', '|'), ('చు', '|'), ('ద', 'U'), ('ద్ద', '|'), ('యు', '|'), ('బ', 'U'), ('ల్కు', '|'), ('దు', '|'), ('సుం', 'U'), ('ద', '|'), ('రీ', 'U'), ('మ', '|'), ('ణీ', 'U')]",1.0,1.0,1.0,1.0,1.0,1.0
champakamaala,"అతులితచిత్రవస్తుసముదంచితదర్పణనూత్నకాంతి న-
ప్రతిమపుఁ గేళిసౌధమున బంగరుసౌధపుఁ జప్పరంపు మేల్
రతనపుఁ గోళ్లమంచమున రంజిలు పూసలసెజ్జయందు నేఁ
గుతుకముమీఱ నిన్నుఁ గవగూడుట యెన్నడొ సుందరీమణీ!",vruttamu,Sundariimani,"[('అ', '|'), ('తు', '|'), ('లి', '|'), ('త', '|'), ('చి', '|'), ('త్ర', '|'), ('వ', 'U'), ('స్తు', '|'), ('స', '|'), ('ము', '|'), ('దం', 'U'), ('చి', '|'), ('త', '|'), ('ద', 'U'), ('ర్ప', '|'), ('ణ', '|'), ('నూ', 'U'), ('త్న', '|'), ('కాం', 'U'), ('తి', '|'), ('న', '|'), ('ప్ర', '|'), ('తి', '|'), ('మ', '|'), ('పు', '|'), ('గే', 'U'), ('ళి', '|'), ('సౌ', 'U'), ('ధ', '|'), ('ము', '|'), ('న', '|'), ('బం', 'U'), ('గ', '|'), ('రు', '|'), ('సౌ', 'U'), ('ధ', '|'), ('పు', '|'), ('జ', 'U'), ('ప్ప', '|'), ('రం', 'U'), ('పు', '|'), ('మేల్', 'U'), ('ర', '|'), ('త', '|'), ('న', '|'), ('పు', '|'), ('గో', 'U'), ('ళ్ల', '|'), ('మం', 'U'), ('చ', '|'), ('ము', '|'), ('న', '|'), ('రం', 'U'), ('జి', '|'), ('లు', '|'), ('పూ', 'U'), ('స', '|'), ('ల', '|'), ('సె', 'U'), ('జ్జ', '|'), ('యం', 'U'), ('దు', '|'), ('నే', 'U'), ('గు', '|'), ('తు', '|'), ('క', '|'), ('ము', '|'), ('మీ', 'U'), ('ఱ', '|'), ('ని', 'U'), ('న్ను', '|'), ('గ', '|'), ('వ', '|'), ('గూ', 'U'), ('డు', '|'), ('ట', '|'), ('యె', 'U'), ('న్న', '|'), ('డొ', '|'), ('సుం', 'U'), ('ద', '|'), ('రీ', 'U'), ('మ', '|'), ('ణీ', 'U')]",0.9357142857142857,1.0,1.0,0.9285714285714286,0.75,1.0
vutpalamaala,"ఇంచుక నొక్కనాఁడు పడకింట సమున్నతదర్పణాప్తి నై-
జాంచితమూర్తిఁ గన్గొని పరాంగనలౌ యని యల్గిపోవ వా-
రించుచు నీడఁజూచి బెదరేవని నవ్వుచు మోము ద్రిప్పి నీ-
క్షించుమనన్ గ్రహించి దయ సేతువుగా నను సుందరీమణీ!",vruttamu,Sundariimani,"[('ఇం', 'U'), ('చు', '|'), ('క', '|'), ('నొ', 'U'), ('క్క', '|'), ('నా', 'U'), ('డు', '|'), ('ప', '|'), ('డ', '|'), ('కిం', 'U'), ('ట', '|'), ('స', '|'), ('ము', 'U'), ('న్న', '|'), ('త', '|'), ('ద', 'U'), ('ర్ప', '|'), ('ణా', 'U'), ('ప్తి', '|'), ('నై', 'U'), ('జాం', 'U'), ('చి', '|'), ('త', '|'), ('మూ', 'U'), ('ర్తి', '|'), ('గ', 'U'), ('న్గొ', '|'), ('ని', '|'), ('ప', '|'), ('రాం', 'U'), ('గ', '|'), ('న', '|'), ('లౌ', 'U'), ('య', '|'), ('ని', '|'), ('య', 'U'), ('ల్గి', '|'), ('పో', 'U'), ('వ', '|'), ('వా', 'U'), ('రిం', 'U'), ('చు', '|'), ('చు', '|'), ('నీ', 'U'), ('డ', '|'), ('జూ', 'U'), ('చి', '|'), ('బె', '|'), ('ద', '|'), ('రే', 'U'), ('వ', '|'), ('ని', '|'), ('న', 'U'), ('వ్వు', '|'), ('చు', '|'), ('మో', 'U'), ('ము', '|'), ('ద్రి', 'U'), ('ప్పి', '|'), ('నీ', 'U'), ('క్షిం', 'U'), ('చు', '|'), ('మ', '|'), ('న', 'U'), ('న్గ్ర', '|'), ('హిం', 'U'), ('చి', '|'), ('ద', '|'), ('య', '|'), ('సే', 'U'), ('తు', '|'), ('వు', '|'), ('గా', 'U'), ('న', '|'), ('ను', '|'), ('సుం', 'U'), ('ద', '|'), ('రీ', 'U'), ('మ', '|'), ('ణీ', 'U')]",0.9,1.0,1.0,1.0,0.5,1.0
champakamaala,"పలుచనిమేనితోఁ జిలుకపల్కులతోఁ జిఱునవ్వుమోముతో
కులుకుకడానిడాల్‍పొగరుగుబ్బలతో నసియాడుకౌనుతో
బలువుపిఱుందుతోఁ దరుణపల్లవజిచ్చరణద్వయంబుతో
తమము చెంత నిల్చి పరితాపము దీర్పవె సుందరీమణీ!",vruttamu,Sundariimani,"[('ప', '|'), ('లు', '|'), ('చ', '|'), ('ని', '|'), ('మే', 'U'), ('ని', '|'), ('తో', 'U'), ('జి', '|'), ('లు', '|'), ('క', '|'), ('ప', 'U'), ('ల్కు', '|'), ('ల', '|'), ('తో', 'U'), ('జి', '|'), ('ఱు', '|'), ('న', 'U'), ('వ్వు', '|'), ('మో', 'U'), ('ము', '|'), ('తో', 'U'), ('కు', '|'), ('లు', '|'), ('కు', '|'), ('క', '|'), ('డా', 'U'), ('ని', '|'), ('డా', 'U'), ('ల్పొ', '|'), ('గ', '|'), ('రు', '|'), ('గు', 'U'), ('బ్బ', '|'), ('ల', '|'), ('తో', 'U'), ('న', '|'), ('సి', '|'), ('యా', 'U'), ('డు', '|'), ('కౌ', 'U'), ('ను', '|'), ('తో', 'U'), ('బ', '|'), ('లు', '|'), ('వు', '|'), ('పి', '|'), ('ఱుం', 'U'), ('దు', '|'), ('తో', 'U'), ('ద', '|'), ('రు', '|'), ('ణ', '|'), ('ప', 'U'), ('ల్ల', '|'), ('వ', '|'), ('జి', 'U'), ('చ్చ', '|'), ('ర', '|'), ('ణ', 'U'), ('ద్వ', '|'), ('యం', 'U'), ('బు', '|'), ('తో', 'U'), ('త', '|'), ('మ', '|'), ('ము', '|'), ('చెం', 'U'), ('త', '|'), ('ని', 'U'), ('ల్చి', '|'), ('ప', '|'), ('రి', '|'), ('తా', 'U'), ('ప', '|'), ('ము', '|'), ('దీ', 'U'), ('ర్ప', '|'), ('వె', '|'), ('సుం', 'U'), ('ద', '|'), ('రీ', 'U'), ('మ', '|'), ('ణీ', 'U')]",0.8547619047619047,0.9880952380952381,1.0,0.7857142857142857,0.75,0.75
champakamaala,"కిలకిల నవ్వు నవ్వి, గిలిగింతలు వింతలు చేసిచేసి, గు-
బ్బల నెద గ్రుమ్మిక్రుమ్మి, నునుపల్మొనవాతెఱ నొక్కినొక్కి, రా-
చిలుకహుమావజీరు విలసిల్లు లడాయి బడాయి చూపు నిన్
దలఁచిన గుండెలో దిగులు దైవమెఱుంగును సుందరీమణీ!",vruttamu,Sundariimani,"[('కి', '|'), ('ల', '|'), ('కి', '|'), ('ల', '|'), ('న', 'U'), ('వ్వు', '|'), ('న', 'U'), ('వ్వి', '|'), ('గి', '|'), ('లి', '|'), ('గిం', 'U'), ('త', '|'), ('లు', '|'), ('విం', 'U'), ('త', '|'), ('లు', '|'), ('చే', 'U'), ('సి', '|'), ('చే', 'U'), ('సి', '|'), ('గు', 'U'), ('బ్బ', '|'), ('ల', '|'), ('నె', '|'), ('ద', '|'), ('గ్రు', 'U'), ('మ్మి', '|'), ('క్రు', 'U'), ('మ్మి', '|'), ('ను', '|'), ('ను', '|'), ('ప', 'U'), ('ల్మొ', '|'), ('న', '|'), ('వా', 'U'), ('తె', '|'), ('ఱ', '|'), ('నొ', 'U'), ('క్కి', '|'), ('నొ', 'U'), ('క్కి', '|'), ('రా', 'U'), ('చి', '|'), ('లు', '|'), ('క', '|'), ('హు', '|'), ('మా', 'U'), ('వ', '|'), ('జీ', 'U'), ('రు', '|'), ('వి', '|'), ('ల', '|'), ('సి', 'U'), ('ల్లు', '|'), ('ల', '|'), ('డా', 'U'), ('యి', '|'), ('బ', '|'), ('డా', 'U'), ('యి', '|'), ('చూ', 'U'), ('పు', '|'), ('నిన్', 'U'), ('ద', '|'), ('ల', '|'), ('చి', '|'), ('న', '|'), ('గుం', 'U'), ('డె', '|'), ('లో', 'U'), ('ది', '|'), ('గు', '|'), ('లు', '|'), ('దై', 'U'), ('వ', '|'), ('మె', '|'), ('ఱుం', 'U'), ('గు', '|'), ('ను', '|'), ('సుం', 'U'), ('ద', '|'), ('రీ', 'U'), ('మ', '|'), ('ణీ', 'U')]",1.0,1.0,1.0,1.0,1.0,1.0
champakamaala,"కొదమమిటారిచన్నుఁగవ గొప్పపిఱుందు మెఱుంగుఁజెక్కు లొ-
ప్పిదమగు కన్ను లబ్బురపుఁ బెన్నెఱు లొప్ప వయఃప్రపూర్ణమై
మదనునిదంతిలాగు నను మక్కువ దక్కఁ బెనంగుచుండు నిన్
వదలఁకయున్న నబ్బు వహవా సహవాసము సుందరీమణీ!",vruttamu,Sundariimani,"[('కొ', '|'), ('ద', '|'), ('మ', '|'), ('మి', '|'), ('టా', 'U'), ('రి', '|'), ('చ', 'U'), ('న్ను', '|'), ('గ', '|'), ('వ', '|'), ('గొ', 'U'), ('ప్ప', '|'), ('పి', '|'), ('ఱుం', 'U'), ('దు', '|'), ('మె', '|'), ('ఱుం', 'U'), ('గు', '|'), ('జె', 'U'), ('క్కు', '|'), ('లొ', 'U'), ('ప్పి', '|'), ('ద', '|'), ('మ', '|'), ('గు', '|'), ('క', 'U'), ('న్ను', '|'), ('ల', 'U'), ('బ్బు', '|'), ('ర', '|'), ('పు', '|'), ('బె', 'U'), ('న్నె', '|'), ('ఱు', '|'), ('లొ', 'U'), ('ప్ప', '|'), ('వ', '|'), ('యః', 'U'), ('ప్ర', '|'), ('పూ', 'U'), ('ర్ణ', '|'), ('మై', 'U'), ('మ', '|'), ('ద', '|'), ('ను', '|'), ('ని', '|'), ('దం', 'U'), ('తి', '|'), ('లా', 'U'), ('గు', '|'), ('న', '|'), ('ను', '|'), ('మ', 'U'), ('క్కు', '|'), ('వ', '|'), ('ద', 'U'), ('క్క', '|'), ('బె', '|'), ('నం', 'U'), ('గు', '|'), ('చుం', 'U'), ('డు', '|'), ('నిన్', 'U'), ('వ', '|'), ('ద', '|'), ('ల', '|'), ('క', '|'), ('యు', 'U'), ('న్న', '|'), ('న', 'U'), ('బ్బు', '|'), ('వ', '|'), ('హ', '|'), ('వా', 'U'), ('స', '|'), ('హ', '|'), ('వా', 'U'), ('స', '|'), ('ము', '|'), ('సుం', 'U'), ('ద', '|'), ('రీ', 'U'), ('మ', '|'), ('ణీ', 'U')]",1.0,1.0,1.0,1.0,1.0,1.0
champakamaala,"గడి యెడబాసి చిత్రఫలకంబున నా నునుచూపు వ్రాసి న-
ల్గడలును జూచి మోహమున కన్నులనద్దుక చన్నుదోయిపై
నిడికొని జంకుకొంకునెడ నేఁ గనుగొందు పిఱుందపొంచి బ-
ల్వెడవిలుకాఁడు కత్తి ఝళిపించెను కోయను సుందరీమణీ!",vruttamu,Sundariimani,"[('గ', '|'), ('డి', '|'), ('యె', '|'), ('డ', '|'), ('బా', 'U'), ('సి', '|'), ('చి', '|'), ('త్ర', '|'), ('ఫ', '|'), ('ల', '|'), ('కం', 'U'), ('బు', '|'), ('న', '|'), ('నా', 'U'), ('ను', '|'), ('ను', '|'), ('చూ', 'U'), ('పు', '|'), ('వ్రా', 'U'), ('సి', '|'), ('న', 'U'), ('ల్గ', '|'), ('డ', '|'), ('లు', '|'), ('ను', '|'), ('జూ', 'U'), ('చి', '|'), ('మో', 'U'), ('హ', '|'), ('ము', '|'), ('న', '|'), ('క', 'U'), ('న్ను', '|'), ('ల', '|'), ('న', 'U'), ('ద్దు', '|'), ('క', '|'), ('చ', 'U'), ('న్ను', '|'), ('దో', 'U'), ('యి', '|'), ('పై', 'U'), ('ని', '|'), ('డి', '|'), ('కొ', '|'), ('ని', '|'), ('జం', 'U'), ('కు', '|'), ('కొం', 'U'), ('కు', '|'), ('నె', '|'), ('డ', '|'), ('నే', 'U'), ('గ', '|'), ('ను', '|'), ('గొం', 'U'), ('దు', '|'), ('పి', '|'), ('ఱుం', 'U'), ('ద', '|'), ('పొం', 'U'), ('చి', '|'), ('బ', 'U'), ('ల్వె', '|'), ('డ', '|'), ('వి', '|'), ('లు', '|'), ('కా', 'U'), ('డు', '|'), ('క', 'U'), ('త్తి', '|'), ('ఝ', '|'), ('ళి', '|'), ('పిం', 'U'), ('చె', '|'), ('ను', '|'), ('కో', 'U'), ('య', '|'), ('ను', '|'), ('సుం', 'U'), ('ద', '|'), ('రీ', 'U'), ('మ', '|'), ('ణీ', 'U')]",0.9428571428571428,1.0,1.0,0.9642857142857143,0.75,1.0
champakamaala,"చనుగవ మున్ను నొక్కుదునొ చక్కని చెక్కిలి ముద్దుగొందునో
మును నునుమోవి గ్రోలుదునొ? తొల్తఁ గవుంగిట జేర్చుకొందునో
యని యనురాగమొంది మనసారగ నువ్విళులూరుచుండఁగాఁ
దనువులు రెండు నొక్కటగఁ దార్కొనఁజేతువె సుందరీమణీ!",vruttamu,Sundariimani,"[('చ', '|'), ('ను', '|'), ('గ', '|'), ('వ', '|'), ('ము', 'U'), ('న్ను', '|'), ('నొ', 'U'), ('క్కు', '|'), ('దు', '|'), ('నొ', '|'), ('చ', 'U'), ('క్క', '|'), ('ని', '|'), ('చె', 'U'), ('క్కి', '|'), ('లి', '|'), ('ము', 'U'), ('ద్దు', '|'), ('గొం', 'U'), ('దు', '|'), ('నో', 'U'), ('ము', '|'), ('ను', '|'), ('ను', '|'), ('ను', '|'), ('మో', 'U'), ('వి', '|'), ('గ్రో', 'U'), ('లు', '|'), ('దు', '|'), ('నొ', '|'), ('తొ', 'U'), ('ల్త', '|'), ('గ', '|'), ('వుం', 'U'), ('గి', '|'), ('ట', '|'), ('జే', 'U'), ('ర్చు', '|'), ('కొం', 'U'), ('దు', '|'), ('నో', 'U'), ('య', '|'), ('ని', '|'), ('య', '|'), ('ను', '|'), ('రా', 'U'), ('గ', '|'), ('మొం', 'U'), ('ది', '|'), ('మ', '|'), ('న', '|'), ('సా', 'U'), ('ర', '|'), ('గ', '|'), ('ను', 'U'), ('వ్వి', '|'), ('ళు', '|'), ('లూ', 'U'), ('రు', '|'), ('చుం', 'U'), ('డ', '|'), ('గా', 'U'), ('ద', '|'), ('ను', '|'), ('వు', '|'), ('లు', '|'), ('రెం', 'U'), ('డు', '|'), ('నొ', 'U'), ('క్క', '|'), ('ట', '|'), ('గ', '|'), ('దా', 'U'), ('ర్కొ', '|'), ('న', '|'), ('జే', 'U'), ('తు', '|'), ('వె', '|'), ('సుం', 'U'), ('ద', '|'), ('రీ', 'U'), ('మ', '|'), ('ణీ', 'U')]",0.9,1.0,1.0,1.0,0.5,1.0
vutpalamaala,"చిత్తము రంజిలంగ నల చిత్తజుపట్టపుదంతివై ???
వత్తువు వచ్చి చిత్రితమ??? యిబ్బడి నుండెడు నన్ను కేళిలో
మెత్తువొ మెచ్చి నా సొలపు మేన్ వెదదీరగ మోవినానకన్
బిత్తువొ, నీ ఋణంబు లిక యెన్నడు దీర్తును సుందరీమణీ!",vruttamu,Sundariimani,"[('చి', 'U'), ('త్త', '|'), ('ము', '|'), ('రం', 'U'), ('జి', '|'), ('లం', 'U'), ('గ', '|'), ('న', '|'), ('ల', '|'), ('చి', 'U'), ('త్త', '|'), ('జు', '|'), ('ప', 'U'), ('ట్ట', '|'), ('పు', '|'), ('దం', 'U'), ('తి', '|'), ('వై', 'U'), ('వ', 'U'), ('త్తు', '|'), ('వు', '|'), ('వ', 'U'), ('చ్చి', '|'), ('చి', '|'), ('త్రి', '|'), ('త', '|'), ('మ', '|'), ('యి', 'U'), ('బ్బ', '|'), ('డి', '|'), ('నుం', 'U'), ('డె', '|'), ('డు', '|'), ('న', 'U'), ('న్ను', '|'), ('కే', 'U'), ('ళి', '|'), ('లో', 'U'), ('మె', 'U'), ('త్తు', '|'), ('వొ', '|'), ('మె', 'U'), ('చ్చి', '|'), ('నా', 'U'), ('సొ', '|'), ('ల', '|'), ('పు', '|'), ('మే', 'U'), ('న్వె', '|'), ('ద', '|'), ('దీ', 'U'), ('ర', '|'), ('గ', '|'), ('మో', 'U'), ('వి', '|'), ('నా', 'U'), ('న', '|'), ('కన్', 'U'), ('బి', 'U'), ('త్తు', '|'), ('వొ', '|'), ('నీ', 'U'), ('ఋ', '|'), ('ణం', 'U'), ('బు', '|'), ('లి', '|'), ('క', '|'), ('యె', 'U'), ('న్న', '|'), ('డు', '|'), ('దీ', 'U'), ('ర్తు', '|'), ('ను', '|'), ('సుం', 'U'), ('ద', '|'), ('రీ', 'U'), ('మ', '|'), ('ణీ', 'U')]",0.5592857142857143,0.975,1.0,0.3214285714285715,0.25,0.25
vutpalamaala,"మంతనమంచు వచ్చి పలుమారు కపోలము చుంబనంబు గా-
వింతువె పువ్వుదండ మెడవేసెదనంచు నురంబునందు నా-
టింతువె చన్మొ... ... ... ... ... ... ... ... రదంబు మోవి సం-
ధింతువె నీ వినోదము నుతింపగ శక్యమే సుందరిమణీ!",vruttamu,Sundariimani,"[('మం', 'U'), ('త', '|'), ('న', '|'), ('మం', 'U'), ('చు', '|'), ('వ', 'U'), ('చ్చి', '|'), ('ప', '|'), ('లు', '|'), ('మా', 'U'), ('రు', '|'), ('క', '|'), ('పో', 'U'), ('ల', '|'), ('ము', '|'), ('చుం', 'U'), ('బ', '|'), ('నం', 'U'), ('బు', '|'), ('గా', 'U'), ('విం', 'U'), ('తు', '|'), ('వె', '|'), ('పు', 'U'), ('వ్వు', '|'), ('దం', 'U'), ('డ', '|'), ('మె', '|'), ('డ', '|'), ('వే', 'U'), ('సె', '|'), ('ద', '|'), ('నం', 'U'), ('చు', '|'), ('ను', '|'), ('రం', 'U'), ('బు', '|'), ('నం', 'U'), ('దు', '|'), ('నా', 'U'), ('టిం', 'U'), ('తు', '|'), ('వె', '|'), ('చ', 'U'), ('న్మొ', '|'), ('ర', '|'), ('దం', 'U'), ('బు', '|'), ('మో', 'U'), ('వి', '|'), ('సం', 'U'), ('ధిం', 'U'), ('తు', '|'), ('వె', '|'), ('నీ', 'U'), ('వి', '|'), ('నో', 'U'), ('ద', '|'), ('ము', '|'), ('ను', '|'), ('తిం', 'U'), ('ప', '|'), ('గ', '|'), ('శ', 'U'), ('క్య', '|'), ('మే', 'U'), ('సుం', 'U'), ('ద', '|'), ('రి', '|'), ('మ', '|'), ('ణీ', 'U')]",0.7489285714285714,0.8875,1.0,0.6071428571428571,0.5,0.75
vutpalamaala,"... ... ... ... వత్తు నలివేణి దయన్ ... ... మ్మటంచు మో-
హమ్మున కౌఁగలించుకొన నక్కున జేర్చి ... ... .. ... ... ...
... ... ... సిల్లుగతి కన్నుల నశ్రులు కమ్మ ... ... ... ... ... ...
... ... .. ... ... ... ... ... ... దైన్యము లెంచుదు సుందరీమణీ!",vruttamu,Sundariimani,"[('వ', 'U'), ('త్తు', '|'), ('న', '|'), ('లి', '|'), ('వే', 'U'), ('ణి', '|'), ('ద', '|'), ('య', 'U'), ('న్మ్మ', '|'), ('టం', 'U'), ('చు', '|'), ('మో', 'U'), ('హ', 'U'), ('మ్ము', '|'), ('న', '|'), ('కౌ', 'U'), ('గ', '|'), ('లిం', 'U'), ('చు', '|'), ('కొ', '|'), ('న', '|'), ('న', 'U'), ('క్కు', '|'), ('న', '|'), ('జే', 'U'), ('ర్చి', '|'), ('సి', 'U'), ('ల్లు', '|'), ('గ', '|'), ('తి', '|'), ('క', 'U'), ('న్ను', '|'), ('ల', '|'), ('న', '|'), ('శ్రు', '|'), ('లు', '|'), ('క', 'U'), ('మ్మ', '|'), ('దై', 'U'), ('న్య', '|'), ('ము', '|'), ('లెం', 'U'), ('చు', '|'), ('దు', '|'), ('సుం', 'U'), ('ద', '|'), ('రీ', 'U'), ('మ', '|'), ('ణీ', 'U')]",0.3439285714285714,0.6125,0.75,0.1071428571428571,0.0,0.25
champakamaala,"కనకపుబొమ్మ నిన్ను కను కన్నులు కన్నులు, నీదు చాతురీ-
వినయవచోగతుల్ వినెడు వీనులు వీనులు, నీ తనూలతం
బెనగెడు మేను మేను, తమి నిన్నెపుడున్ మరుకేళిలోన రం-
జన మొనరించకాఁ గలుగు జన్మము జన్మము సుందరీమణీ!",vruttamu,Sundariimani,"[('క', '|'), ('న', '|'), ('క', '|'), ('పు', '|'), ('బొ', 'U'), ('మ్మ', '|'), ('ని', 'U'), ('న్ను', '|'), ('క', '|'), ('ను', '|'), ('క', 'U'), ('న్ను', '|'), ('లు', '|'), ('క', 'U'), ('న్ను', '|'), ('లు', '|'), ('నీ', 'U'), ('దు', '|'), ('చా', 'U'), ('తు', '|'), ('రీ', 'U'), ('వి', '|'), ('న', '|'), ('య', '|'), ('వ', '|'), ('చో', 'U'), ('గ', '|'), ('తు', 'U'), ('ల్వి', '|'), ('నె', '|'), ('డు', '|'), ('వీ', 'U'), ('ను', '|'), ('లు', '|'), ('వీ', 'U'), ('ను', '|'), ('లు', '|'), ('నీ', 'U'), ('త', '|'), ('నూ', 'U'), ('ల', '|'), ('తం', 'U'), ('బె', '|'), ('న', '|'), ('గె', '|'), ('డు', '|'), ('మే', 'U'), ('ను', '|'), ('మే', 'U'), ('ను', '|'), ('త', '|'), ('మి', '|'), ('ని', 'U'), ('న్నె', '|'), ('పు', '|'), ('డు', 'U'), ('న్మ', '|'), ('రు', '|'), ('కే', 'U'), ('ళి', '|'), ('లో', 'U'), ('న', '|'), ('రం', 'U'), ('జ', '|'), ('న', '|'), ('మొ', '|'), ('న', '|'), ('రిం', 'U'), ('చ', '|'), ('కా', 'U'), ('గ', '|'), ('లు', '|'), ('గు', '|'), ('జ', 'U'), ('న్మ', '|'), ('ము', '|'), ('జ', 'U'), ('న్మ', '|'), ('ము', '|'), ('సుం', 'U'), ('ద', '|'), ('రీ', 'U'), ('మ', '|'), ('ణీ', 'U')]",0.95,1.0,1.0,1.0,0.75,1.0
champakamaala,"కులుకుచుఁ గేళిసౌధమునకున్ వెస నీ వరుదెంచి, నాదు క-
న్నులు వడిమూయ నే నిను గనుంగొను లాగు మోము గు-
బ్బలు వళులుల్కవేసి పిరుదు పల్మరు నంటుచు నీవె లాగినన్
భళిభళి! యంచు నవ్వుదువు పక్కను పైఁబడి సుందరీమణీ!",vruttamu,Sundariimani,"[('కు', '|'), ('లు', '|'), ('కు', '|'), ('చు', '|'), ('గే', 'U'), ('ళి', '|'), ('సౌ', 'U'), ('ధ', '|'), ('ము', '|'), ('న', '|'), ('కు', 'U'), ('న్వె', '|'), ('స', '|'), ('నీ', 'U'), ('వ', '|'), ('రు', '|'), ('దెం', 'U'), ('చి', '|'), ('నా', 'U'), ('దు', '|'), ('క', 'U'), ('న్ను', '|'), ('లు', '|'), ('వ', '|'), ('డి', '|'), ('మూ', 'U'), ('య', '|'), ('నే', 'U'), ('ని', '|'), ('ను', '|'), ('గ', '|'), ('నుం', 'U'), ('గొ', '|'), ('ను', '|'), ('లా', 'U'), ('గు', '|'), ('మో', 'U'), ('ము', '|'), ('గు', 'U'), ('బ్బ', '|'), ('లు', '|'), ('వ', '|'), ('ళు', '|'), ('లు', 'U'), ('ల్క', '|'), ('వే', 'U'), ('సి', '|'), ('పి', '|'), ('రు', '|'), ('దు', '|'), ('ప', 'U'), ('ల్మ', '|'), ('రు', '|'), ('నం', 'U'), ('టు', '|'), ('చు', '|'), ('నీ', 'U'), ('వె', '|'), ('లా', 'U'), ('గి', '|'), ('నన్', 'U'), ('భ', '|'), ('ళి', '|'), ('భ', '|'), ('ళి', '|'), ('యం', 'U'), ('చు', '|'), ('న', 'U'), ('వ్వు', '|'), ('దు', '|'), ('వు', '|'), ('ప', 'U'), ('క్క', '|'), ('ను', '|'), ('పై', 'U'), ('బ', '|'), ('డి', '|'), ('సుం', 'U'), ('ద', '|'), ('రీ', 'U'), ('మ', '|'), ('ణీ', 'U')]",0.7523809523809524,0.9761904761904762,1.0,0.5357142857142857,0.5,0.75
champakamaala,"మదనుఁడు డాసెఁ బూవిలుతు మర్మములంటఁగ నేసె నక్కటా
హృదయము దూసె దానిపయి నిందుఁడు వెన్నెలఁ గాసెఁ గోకిలల్
చెదరక కూసెఁ జిల్క రొఁద చేసె నళుల్ వడి మ్రోసె నెట్టులో-
ర్చెద విధి నిన్ను నన్నెడలఁజేసె దురాత్మత సుందరీమణీ!",vruttamu,Sundariimani,"[('మ', '|'), ('ద', '|'), ('ను', '|'), ('డు', '|'), ('డా', 'U'), ('సె', '|'), ('బూ', 'U'), ('వి', '|'), ('లు', '|'), ('తు', '|'), ('మ', 'U'), ('ర్మ', '|'), ('ము', '|'), ('లం', 'U'), ('ట', '|'), ('గ', '|'), ('నే', 'U'), ('సె', '|'), ('న', 'U'), ('క్క', '|'), ('టా', 'U'), ('హృ', '|'), ('ద', '|'), ('య', '|'), ('ము', '|'), ('దూ', 'U'), ('సె', '|'), ('దా', 'U'), ('ని', '|'), ('ప', '|'), ('యి', '|'), ('నిం', 'U'), ('దు', '|'), ('డు', '|'), ('వె', 'U'), ('న్నె', '|'), ('ల', '|'), ('గా', 'U'), ('సె', '|'), ('గో', 'U'), ('కి', '|'), ('లల్', 'U'), ('చె', '|'), ('ద', '|'), ('ర', '|'), ('క', '|'), ('కూ', 'U'), ('సె', '|'), ('జి', 'U'), ('ల్క', '|'), ('రొ', '|'), ('ద', '|'), ('చే', 'U'), ('సె', '|'), ('న', '|'), ('ళు', 'U'), ('ల్వ', '|'), ('డి', '|'), ('మ్రో', 'U'), ('సె', '|'), ('నె', 'U'), ('ట్టు', '|'), ('లో', 'U'), ('ర్చె', '|'), ('ద', '|'), ('వి', '|'), ('ధి', '|'), ('ని', 'U'), ('న్ను', '|'), ('న', 'U'), ('న్నె', '|'), ('డ', '|'), ('ల', '|'), ('జే', 'U'), ('సె', '|'), ('దు', '|'), ('రా', 'U'), ('త్మ', '|'), ('త', '|'), ('సుం', 'U'), ('ద', '|'), ('రీ', 'U'), ('మ', '|'), ('ణీ', 'U')]",0.95,1.0,1.0,1.0,0.75,1.0
vutpalamaala,"హా తరళాక్షి! హా రమణి! హా చెలి! నీవును నేను మేడలోఁ
గౌతుకమందు నున్‍హవుసు ఖానపు వారము చింద మల్లికా-
నూతనశయ్యపై మరువినోదములొందు మజా దలంచితే
రాతిరి కంటికిన్ నిదురరాదిక నెట్లొకొ సుందరీమణీ!",vruttamu,Sundariimani,"[('హా', 'U'), ('త', '|'), ('ర', '|'), ('ళా', 'U'), ('క్షి', '|'), ('హా', 'U'), ('ర', '|'), ('మ', '|'), ('ణి', '|'), ('హా', 'U'), ('చె', '|'), ('లి', '|'), ('నీ', 'U'), ('వు', '|'), ('ను', '|'), ('నే', 'U'), ('ను', '|'), ('మే', 'U'), ('డ', '|'), ('లో', 'U'), ('గౌ', 'U'), ('తు', '|'), ('క', '|'), ('మం', 'U'), ('దు', '|'), ('ను', 'U'), ('న్హ', '|'), ('వు', '|'), ('సు', '|'), ('ఖా', 'U'), ('న', '|'), ('పు', '|'), ('వా', 'U'), ('ర', '|'), ('ము', '|'), ('చిం', 'U'), ('ద', '|'), ('మ', 'U'), ('ల్లి', '|'), ('కా', 'U'), ('నూ', 'U'), ('త', '|'), ('న', '|'), ('శ', 'U'), ('య్య', '|'), ('పై', 'U'), ('మ', '|'), ('రు', '|'), ('వి', '|'), ('నో', 'U'), ('ద', '|'), ('ము', '|'), ('లొం', 'U'), ('దు', '|'), ('మ', '|'), ('జా', 'U'), ('ద', '|'), ('లం', 'U'), ('చి', '|'), ('తే', 'U'), ('రా', 'U'), ('తి', '|'), ('రి', '|'), ('కం', 'U'), ('టి', '|'), ('కి', 'U'), ('న్ని', '|'), ('దు', '|'), ('ర', '|'), ('రా', 'U'), ('ది', '|'), ('క', '|'), ('నె', 'U'), ('ట్లొ', '|'), ('కొ', '|'), ('సుం', 'U'), ('ద', '|'), ('రీ', 'U'), ('మ', '|'), ('ణీ', 'U')]",1.0,1.0,1.0,1.0,1.0,1.0
vutpalamaala,"ముద్దులగుమ్మ! నీ కులుకు ముద్దుమొగం బిటువంటిదంచు నే-
నద్దముఁ జూచుకొందు కమలాఖ్యఫలంబులు చేతనుంతు నీ
నిద్దపుఁ జంటిపోలికని నీ యధరోపమమంచుఁ గొందు నం-
చద్దయఁ దీయమామిడిరసం బొకగ్రుక్కెడు సుందరీమణీ!",vruttamu,Sundariimani,"[('ము', 'U'), ('ద్దు', '|'), ('ల', '|'), ('గు', 'U'), ('మ్మ', '|'), ('నీ', 'U'), ('కు', '|'), ('లు', '|'), ('కు', '|'), ('ము', 'U'), ('ద్దు', '|'), ('మొ', '|'), ('గం', 'U'), ('బి', '|'), ('టు', '|'), ('వం', 'U'), ('టి', '|'), ('దం', 'U'), ('చు', '|'), ('నే', 'U'), ('న', 'U'), ('ద్ద', '|'), ('ము', '|'), ('జూ', 'U'), ('చు', '|'), ('కొం', 'U'), ('దు', '|'), ('క', '|'), ('మ', '|'), ('లా', 'U'), ('ఖ్య', '|'), ('ఫ', '|'), ('లం', 'U'), ('బు', '|'), ('లు', '|'), ('చే', 'U'), ('త', '|'), ('నుం', 'U'), ('తు', '|'), ('నీ', 'U'), ('ని', 'U'), ('ద్ద', '|'), ('పు', '|'), ('జం', 'U'), ('టి', '|'), ('పో', 'U'), ('లి', '|'), ('క', '|'), ('ని', '|'), ('నీ', 'U'), ('య', '|'), ('ధ', '|'), ('రో', 'U'), ('ప', '|'), ('మ', '|'), ('మం', 'U'), ('చు', '|'), ('గొం', 'U'), ('దు', '|'), ('నం', 'U'), ('చ', 'U'), ('ద్ద', '|'), ('య', '|'), ('దీ', 'U'), ('య', '|'), ('మా', 'U'), ('మి', '|'), ('డి', '|'), ('ర', '|'), ('సం', 'U'), ('బొ', '|'), ('క', '|'), ('గ్రు', 'U'), ('క్కె', '|'), ('డు', '|'), ('సుం', 'U'), ('ద', '|'), ('రీ', 'U'), ('మ', '|'), ('ణీ', 'U')]",0.95,1.0,1.0,1.0,0.75,1.0
vutpalamaala,"దీపములున్ మతాబులును దివ్వటులున్ కొరవియున్ శశాంకుడున్
దీపితులై వెలింగినను నీమెయి వెన్నెల నీ యొయారపుం
జూపు మెఱుంగు తామరల సొంపును గన్గొనకున్నఁ జిత్తవి-
క్షేపమునొంది రేపగలు చీకటియౌఁ గదె సుందరీమణీ!",vruttamu,Sundariimani,"[('దీ', 'U'), ('ప', '|'), ('ము', '|'), ('లు', 'U'), ('న్మ', '|'), ('తా', 'U'), ('బు', '|'), ('లు', '|'), ('ను', '|'), ('ది', 'U'), ('వ్వ', '|'), ('టు', '|'), ('లు', 'U'), ('న్కొ', '|'), ('ర', '|'), ('వి', '|'), ('యు', 'U'), ('న్శ', '|'), ('శాం', 'U'), ('కు', '|'), ('డున్', 'U'), ('దీ', 'U'), ('పి', '|'), ('తు', '|'), ('లై', 'U'), ('వె', '|'), ('లిం', 'U'), ('గి', '|'), ('న', '|'), ('ను', '|'), ('నీ', 'U'), ('మె', '|'), ('యి', '|'), ('వె', 'U'), ('న్నె', '|'), ('ల', '|'), ('నీ', 'U'), ('యొ', '|'), ('యా', 'U'), ('ర', '|'), ('పుం', 'U'), ('జూ', 'U'), ('పు', '|'), ('మె', '|'), ('ఱుం', 'U'), ('గు', '|'), ('తా', 'U'), ('మ', '|'), ('ర', '|'), ('ల', '|'), ('సొం', 'U'), ('పు', '|'), ('ను', '|'), ('గ', 'U'), ('న్గొ', '|'), ('న', '|'), ('కు', 'U'), ('న్న', '|'), ('జి', 'U'), ('త్త', '|'), ('వి', 'U'), ('క్షే', 'U'), ('ప', '|'), ('ము', '|'), ('నొం', 'U'), ('ది', '|'), ('రే', 'U'), ('ప', '|'), ('గ', '|'), ('లు', '|'), ('చీ', 'U'), ('క', '|'), ('టి', '|'), ('యౌ', 'U'), ('గ', '|'), ('దె', '|'), ('సుం', 'U'), ('ద', '|'), ('రీ', 'U'), ('మ', '|'), ('ణీ', 'U')]",0.5832142857142857,0.9875,1.0,0.1785714285714286,0.5,0.25
vutpalamaala,"మారెడు బంటసోయగము మారెను నీ చనుగుబ్బదోయిపై
గోరెడు బంటనొక్కి మదిఁ గోరెడు నీ నునుమోవి గ్రోల నో-
రూరెడు నేమిసేతు మరుఁ డూరట జెందకయుండు; మీఁది మ-
న్నారెడు పూవు మోదినను నారెడు బెట్టెదు సుందరీమణీ!",vruttamu,Sundariimani,"[('మా', 'U'), ('రె', '|'), ('డు', '|'), ('బం', 'U'), ('ట', '|'), ('సో', 'U'), ('య', '|'), ('గ', '|'), ('ము', '|'), ('మా', 'U'), ('రె', '|'), ('ను', '|'), ('నీ', 'U'), ('చ', '|'), ('ను', '|'), ('గు', 'U'), ('బ్బ', '|'), ('దో', 'U'), ('యి', '|'), ('పై', 'U'), ('గో', 'U'), ('రె', '|'), ('డు', '|'), ('బం', 'U'), ('ట', '|'), ('నొ', 'U'), ('క్కి', '|'), ('మ', '|'), ('ది', '|'), ('గో', 'U'), ('రె', '|'), ('డు', '|'), ('నీ', 'U'), ('ను', '|'), ('ను', '|'), ('మో', 'U'), ('వి', '|'), ('గ్రో', 'U'), ('ల', '|'), ('నో', 'U'), ('రూ', 'U'), ('రె', '|'), ('డు', '|'), ('నే', 'U'), ('మి', '|'), ('సే', 'U'), ('తు', '|'), ('మ', '|'), ('రు', '|'), ('డూ', 'U'), ('ర', '|'), ('ట', '|'), ('జెం', 'U'), ('ద', '|'), ('క', '|'), ('యుం', 'U'), ('డు', '|'), ('మీ', 'U'), ('ది', '|'), ('మ', 'U'), ('న్నా', 'U'), ('రె', '|'), ('డు', '|'), ('పూ', 'U'), ('వు', '|'), ('మో', 'U'), ('ది', '|'), ('న', '|'), ('ను', '|'), ('నా', 'U'), ('రె', '|'), ('డు', '|'), ('బె', 'U'), ('ట్టె', '|'), ('దు', '|'), ('సుం', 'U'), ('ద', '|'), ('రీ', 'U'), ('మ', '|'), ('ణీ', 'U')]",0.95,1.0,1.0,1.0,0.75,1.0
vutpalamaala,"భావము పల్లవింపఁ బువుబానుపుపై వసియించి వేడుకన్
నీవును నేను ముచ్చటలు నేరుపుమీఱఁగ నాడుకొంచు నెం-
తో వగమీఱ మించుతమితో నెపుడుంటిమొ యా దినంబులిం-
కేవిధి వచ్చునో తెలియదే మది కిప్పుడు సుందరీమణీ!",vruttamu,Sundariimani,"[('భా', 'U'), ('వ', '|'), ('ము', '|'), ('ప', 'U'), ('ల్ల', '|'), ('విం', 'U'), ('ప', '|'), ('బు', '|'), ('వు', '|'), ('బా', 'U'), ('ను', '|'), ('పు', '|'), ('పై', 'U'), ('వ', '|'), ('సి', '|'), ('యిం', 'U'), ('చి', '|'), ('వే', 'U'), ('డు', '|'), ('కన్', 'U'), ('నీ', 'U'), ('వు', '|'), ('ను', '|'), ('నే', 'U'), ('ను', '|'), ('ము', 'U'), ('చ్చ', '|'), ('ట', '|'), ('లు', '|'), ('నే', 'U'), ('రు', '|'), ('పు', '|'), ('మీ', 'U'), ('ఱ', '|'), ('గ', '|'), ('నా', 'U'), ('డు', '|'), ('కొం', 'U'), ('చు', '|'), ('నెం', 'U'), ('తో', 'U'), ('వ', '|'), ('గ', '|'), ('మీ', 'U'), ('ఱ', '|'), ('మిం', 'U'), ('చు', '|'), ('త', '|'), ('మి', '|'), ('తో', 'U'), ('నె', '|'), ('పు', '|'), ('డుం', 'U'), ('టి', '|'), ('మొ', '|'), ('యా', 'U'), ('ది', '|'), ('నం', 'U'), ('బు', '|'), ('లిం', 'U'), ('కే', 'U'), ('వి', '|'), ('ధి', '|'), ('వ', 'U'), ('చ్చు', '|'), ('నో', 'U'), ('తె', '|'), ('లి', '|'), ('య', '|'), ('దే', 'U'), ('మ', '|'), ('ది', '|'), ('కి', 'U'), ('ప్పు', '|'), ('డు', '|'), ('సుం', 'U'), ('ద', '|'), ('రీ', 'U'), ('మ', '|'), ('ణీ', 'U')]",0.95,1.0,1.0,1.0,0.75,1.0
vutpalamaala,"కాంతుని తీవ్రబాణముల కాకకుఁ దాళగలేక నీవె నే-
నింత తపింప నేపయిన నింపగు కల్పన జేసె బ్రహ్మ క-
ల్పాంతసహస్రకల్పనములయ్య ... ... లక్కటక్కటా
యెంతని యోర్తు ... ... లేదు నేమి యొనర్తును సుందరీమణీ!",vruttamu,Sundariimani,"[('కాం', 'U'), ('తు', '|'), ('ని', '|'), ('తీ', 'U'), ('వ్ర', '|'), ('బా', 'U'), ('ణ', '|'), ('ము', '|'), ('ల', '|'), ('కా', 'U'), ('క', '|'), ('కు', '|'), ('దా', 'U'), ('ళ', '|'), ('గ', '|'), ('లే', 'U'), ('క', '|'), ('నీ', 'U'), ('వె', '|'), ('నే', 'U'), ('నిం', 'U'), ('త', '|'), ('త', '|'), ('పిం', 'U'), ('ప', '|'), ('నే', 'U'), ('ప', '|'), ('యి', '|'), ('న', '|'), ('నిం', 'U'), ('ప', '|'), ('గు', '|'), ('క', 'U'), ('ల్ప', '|'), ('న', '|'), ('జే', 'U'), ('సె', '|'), ('బ్ర', 'U'), ('హ్మ', '|'), ('క', 'U'), ('ల్పాం', 'U'), ('త', '|'), ('స', '|'), ('హ', '|'), ('స్ర', '|'), ('క', 'U'), ('ల్ప', '|'), ('న', '|'), ('ము', '|'), ('ల', 'U'), ('య్య', '|'), ('ల', 'U'), ('క్క', '|'), ('ట', 'U'), ('క్క', '|'), ('టా', 'U'), ('యెం', 'U'), ('త', '|'), ('ని', '|'), ('యో', 'U'), ('ర్తు', '|'), ('లే', 'U'), ('దు', '|'), ('నే', 'U'), ('మి', '|'), ('యొ', '|'), ('న', 'U'), ('ర్తు', '|'), ('ను', '|'), ('సుం', 'U'), ('ద', '|'), ('రీ', 'U'), ('మ', '|'), ('ణీ', 'U')]",0.8064285714285715,0.925,1.0,0.6071428571428571,0.75,0.75
vutpalamaala,"ఎన్నఁడు నిన్ను గన్గొనుదు నెన్నఁడు కౌగిటఁ జేర్చుకొందు నిం-
కెన్నఁడు ముచ్చటాడి సుఖియించెద నెన్నఁడు వేడ్క మించెదన్
క్రొన్నలరారు మేకపయి క్రొన్ననవిల్తునికేళి దేల య-
భ్యున్నతలీల నే తనివినొందుట యెన్నడు? సుందరీమణీ!",vruttamu,Sundariimani,"[('ఎ', 'U'), ('న్న', '|'), ('డు', '|'), ('ని', 'U'), ('న్ను', '|'), ('గ', 'U'), ('న్గొ', '|'), ('ను', '|'), ('దు', '|'), ('నె', 'U'), ('న్న', '|'), ('డు', '|'), ('కౌ', 'U'), ('గి', '|'), ('ట', '|'), ('జే', 'U'), ('ర్చు', '|'), ('కొం', 'U'), ('దు', '|'), ('నిం', 'U'), ('కె', 'U'), ('న్న', '|'), ('డు', '|'), ('ము', 'U'), ('చ్చ', '|'), ('టా', 'U'), ('డి', '|'), ('సు', '|'), ('ఖి', '|'), ('యిం', 'U'), ('చె', '|'), ('ద', '|'), ('నె', 'U'), ('న్న', '|'), ('డు', '|'), ('వే', 'U'), ('డ్క', '|'), ('మిం', 'U'), ('చె', '|'), ('దన్', 'U'), ('క్రొ', 'U'), ('న్న', '|'), ('ల', '|'), ('రా', 'U'), ('రు', '|'), ('మే', 'U'), ('క', '|'), ('ప', '|'), ('యి', '|'), ('క్రొ', 'U'), ('న్న', '|'), ('న', '|'), ('వి', 'U'), ('ల్తు', '|'), ('ని', '|'), ('కే', 'U'), ('ళి', '|'), ('దే', 'U'), ('ల', '|'), ('య', 'U'), ('భ్యు', 'U'), ('న్న', '|'), ('త', '|'), ('లీ', 'U'), ('ల', '|'), ('నే', 'U'), ('త', '|'), ('ని', '|'), ('వి', '|'), ('నొం', 'U'), ('దు', '|'), ('ట', '|'), ('యె', 'U'), ('న్న', '|'), ('డు', '|'), ('సుం', 'U'), ('ద', '|'), ('రీ', 'U'), ('మ', '|'), ('ణీ', 'U')]",0.85,1.0,1.0,1.0,0.25,1.0
vutpalamaala,"నీ కటిపెంపుచేత ధరణీతలమున్ వశమయ్యె కోమలీ
నీ కుచకుంభయుగ్మమున నిర్జితమయ్యె సురాలయం బహో
చేకొనఁగల్గె నీదు జడచే నహిధామము నిన్నుఁ గూడి ము-
ల్లోకము లేలినట్లు మదిలో ముదమందుదు సుందరీమణీ!",vruttamu,Sundariimani,"[('నీ', 'U'), ('క', '|'), ('టి', '|'), ('పెం', 'U'), ('పు', '|'), ('చే', 'U'), ('త', '|'), ('ధ', '|'), ('ర', '|'), ('ణీ', 'U'), ('త', '|'), ('ల', '|'), ('ము', 'U'), ('న్వ', '|'), ('శ', '|'), ('మ', 'U'), ('య్యె', '|'), ('కో', 'U'), ('మ', '|'), ('లీ', 'U'), ('నీ', 'U'), ('కు', '|'), ('చ', '|'), ('కుం', 'U'), ('భ', '|'), ('యు', 'U'), ('గ్మ', '|'), ('ము', '|'), ('న', '|'), ('ని', 'U'), ('ర్జి', '|'), ('త', '|'), ('మ', 'U'), ('య్యె', '|'), ('సు', '|'), ('రా', 'U'), ('ల', '|'), ('యం', 'U'), ('బ', '|'), ('హో', 'U'), ('చే', 'U'), ('కొ', '|'), ('న', '|'), ('గ', 'U'), ('ల్గె', '|'), ('నీ', 'U'), ('దు', '|'), ('జ', '|'), ('డ', '|'), ('చే', 'U'), ('న', '|'), ('హి', '|'), ('ధా', 'U'), ('మ', '|'), ('ము', '|'), ('ని', 'U'), ('న్ను', '|'), ('గూ', 'U'), ('డి', '|'), ('ము', 'U'), ('ల్లో', 'U'), ('క', '|'), ('ము', '|'), ('లే', 'U'), ('లి', '|'), ('న', 'U'), ('ట్లు', '|'), ('మ', '|'), ('ది', '|'), ('లో', 'U'), ('ము', '|'), ('ద', '|'), ('మం', 'U'), ('దు', '|'), ('దు', '|'), ('సుం', 'U'), ('ద', '|'), ('రీ', 'U'), ('మ', '|'), ('ణీ', 'U')]",1.0,1.0,1.0,1.0,1.0,1.0
vutpalamaala,"ఓ తరళాక్షి! మంచుతరలూఁతగఁ బొక్కిలి కందుకంబు నెం-
తో తమి నంతరించి చెలువొందెడు నీ వలిగబ్బిగుబ్బ చ-
క్రాతి ... ... నఖాగ్రమున రాయిడి చేసి చెలంగి డాసి చే-
చేతనె పుచ్చుకొందు కద, చిత్తజు ప్రాపున సుందరీమణీ!",vruttamu,Sundariimani,"[('ఓ', 'U'), ('త', '|'), ('ర', '|'), ('ళా', 'U'), ('క్షి', '|'), ('మం', 'U'), ('చు', '|'), ('త', '|'), ('ర', '|'), ('లూ', 'U'), ('త', '|'), ('గ', '|'), ('బొ', 'U'), ('క్కి', '|'), ('లి', '|'), ('కం', 'U'), ('దు', '|'), ('కం', 'U'), ('బు', '|'), ('నెం', 'U'), ('తో', 'U'), ('త', '|'), ('మి', '|'), ('నం', 'U'), ('త', '|'), ('రిం', 'U'), ('చి', '|'), ('చె', '|'), ('లు', '|'), ('వొం', 'U'), ('దె', '|'), ('డు', '|'), ('నీ', 'U'), ('వ', '|'), ('లి', '|'), ('గ', 'U'), ('బ్బి', '|'), ('గు', 'U'), ('బ్బ', '|'), ('చ', '|'), ('క్రా', 'U'), ('తి', '|'), ('న', '|'), ('ఖా', 'U'), ('గ్ర', '|'), ('ము', '|'), ('న', '|'), ('రా', 'U'), ('యి', '|'), ('డి', '|'), ('చే', 'U'), ('సి', '|'), ('చె', '|'), ('లం', 'U'), ('గి', '|'), ('డా', 'U'), ('సి', '|'), ('చే', 'U'), ('చే', 'U'), ('త', '|'), ('నె', '|'), ('పు', 'U'), ('చ్చు', '|'), ('కొం', 'U'), ('దు', '|'), ('క', '|'), ('ద', '|'), ('చి', 'U'), ('త్త', '|'), ('జు', '|'), ('ప్రా', 'U'), ('పు', '|'), ('న', '|'), ('సుం', 'U'), ('ద', '|'), ('రీ', 'U'), ('మ', '|'), ('ణీ', 'U')]",0.6592857142857143,0.975,1.0,0.5714285714285714,0.0,0.75
vutpalamaala,"అంగన నన్నుఁ గూడి చతురంగములాడఁగ నోరఁజూపు క-
న్నుంగవ నీటుపొంగెడు చనుంగవ నీటుమెఱుంగు చక్కటిన్
సంగతినుంచు హస్తజలజాతము నీటఁ దలంచుకొన్న న-
న్నంగజుఁ డీరుబారుగ సుమాసిని వ్రేసెడు సుందరీమణీ!",vruttamu,Sundariimani,"[('అం', 'U'), ('గ', '|'), ('న', '|'), ('న', 'U'), ('న్ను', '|'), ('గూ', 'U'), ('డి', '|'), ('చ', '|'), ('తు', '|'), ('రం', 'U'), ('గ', '|'), ('ము', '|'), ('లా', 'U'), ('డ', '|'), ('గ', '|'), ('నో', 'U'), ('ర', '|'), ('జూ', 'U'), ('పు', '|'), ('క', 'U'), ('న్నుం', 'U'), ('గ', '|'), ('వ', '|'), ('నీ', 'U'), ('టు', '|'), ('పొం', 'U'), ('గె', '|'), ('డు', '|'), ('చ', '|'), ('నుం', 'U'), ('గ', '|'), ('వ', '|'), ('నీ', 'U'), ('టు', '|'), ('మె', '|'), ('ఱుం', 'U'), ('గు', '|'), ('చ', 'U'), ('క్క', '|'), ('టిన్', 'U'), ('సం', 'U'), ('గ', '|'), ('తి', '|'), ('నుం', 'U'), ('చు', '|'), ('హ', 'U'), ('స్త', '|'), ('జ', '|'), ('ల', '|'), ('జా', 'U'), ('త', '|'), ('ము', '|'), ('నీ', 'U'), ('ట', '|'), ('ద', '|'), ('లం', 'U'), ('చు', '|'), ('కొ', 'U'), ('న్న', '|'), ('న', 'U'), ('న్నం', 'U'), ('గ', '|'), ('జు', '|'), ('డీ', 'U'), ('రు', '|'), ('బా', 'U'), ('రు', '|'), ('గ', '|'), ('సు', '|'), ('మా', 'U'), ('సి', '|'), ('ని', '|'), ('వ్రే', 'U'), ('సె', '|'), ('డు', '|'), ('సుం', 'U'), ('ద', '|'), ('రీ', 'U'), ('మ', '|'), ('ణీ', 'U')]",0.9,1.0,1.0,1.0,0.5,1.0
vutpalamaala,"పంతము మీఱ నీదు చనుబంతుల ప్రాపున లెక్కసేయఁ గొం-
డంతటి కార్యమైన భవదంచితసాంద్రకటాక్షయుక్తి కే
కంతుని బాణపంక్తి నట కట్లను గట్టుదు నీదు పల్కు వి-
న్నంతనె యింద్రుఁడైన గణనా యనుకొందును సుందరీమణీ!",vruttamu,Sundariimani,"[('పం', 'U'), ('త', '|'), ('ము', '|'), ('మీ', 'U'), ('ఱ', '|'), ('నీ', 'U'), ('దు', '|'), ('చ', '|'), ('ను', '|'), ('బం', 'U'), ('తు', '|'), ('ల', '|'), ('ప్రా', 'U'), ('పు', '|'), ('న', '|'), ('లె', 'U'), ('క్క', '|'), ('సే', 'U'), ('య', '|'), ('గొం', 'U'), ('డం', 'U'), ('త', '|'), ('టి', '|'), ('కా', 'U'), ('ర్య', '|'), ('మై', 'U'), ('న', '|'), ('భ', '|'), ('వ', '|'), ('దం', 'U'), ('చి', '|'), ('త', '|'), ('సాం', 'U'), ('ద్ర', '|'), ('క', '|'), ('టా', 'U'), ('క్ష', '|'), ('యు', 'U'), ('క్తి', '|'), ('కే', 'U'), ('కం', 'U'), ('తు', '|'), ('ని', '|'), ('బా', 'U'), ('ణ', '|'), ('పం', 'U'), ('క్తి', '|'), ('న', '|'), ('ట', '|'), ('క', 'U'), ('ట్ల', '|'), ('ను', '|'), ('గ', 'U'), ('ట్టు', '|'), ('దు', '|'), ('నీ', 'U'), ('దు', '|'), ('ప', 'U'), ('ల్కు', '|'), ('వి', 'U'), ('న్నం', 'U'), ('త', '|'), ('నె', '|'), ('యిం', 'U'), ('ద్రు', '|'), ('డై', 'U'), ('న', '|'), ('గ', '|'), ('ణ', '|'), ('నా', 'U'), ('య', '|'), ('ను', '|'), ('కొం', 'U'), ('దు', '|'), ('ను', '|'), ('సుం', 'U'), ('ద', '|'), ('రీ', 'U'), ('మ', '|'), ('ణీ', 'U')]",1.0,1.0,1.0,1.0,1.0,1.0
champakamaala,"వెలదిరొ! కొంతసిగ్గు విడివీడని కాలమునందుఁ గేళి నే
చెలఁగుచుఁ బూరుషాయితము చేయుమటన్న నెఱుంగనంచు లోఁ
గులుకుచునున్న బాహువులు గొబ్బునఁ జేకొని పైకి లాగి, చె-
క్కిలి గిలిగింతగొల్పి యుబికించుట యెంతును సుందరీమణీ!",vruttamu,Sundariimani,"[('వె', '|'), ('ల', '|'), ('ది', '|'), ('రొ', '|'), ('కొం', 'U'), ('త', '|'), ('సి', 'U'), ('గ్గు', '|'), ('వి', '|'), ('డి', '|'), ('వీ', 'U'), ('డ', '|'), ('ని', '|'), ('కా', 'U'), ('ల', '|'), ('ము', '|'), ('నం', 'U'), ('దు', '|'), ('గే', 'U'), ('ళి', '|'), ('నే', 'U'), ('చె', '|'), ('ల', '|'), ('గు', '|'), ('చు', '|'), ('బూ', 'U'), ('రు', '|'), ('షా', 'U'), ('యి', '|'), ('త', '|'), ('ము', '|'), ('చే', 'U'), ('యు', '|'), ('మ', '|'), ('ట', 'U'), ('న్న', '|'), ('నె', '|'), ('ఱుం', 'U'), ('గ', '|'), ('నం', 'U'), ('చు', '|'), ('లో', 'U'), ('గు', '|'), ('లు', '|'), ('కు', '|'), ('చు', '|'), ('ను', 'U'), ('న్న', '|'), ('బా', 'U'), ('హు', '|'), ('వు', '|'), ('లు', '|'), ('గొ', 'U'), ('బ్బు', '|'), ('న', '|'), ('జే', 'U'), ('కొ', '|'), ('ని', '|'), ('పై', 'U'), ('కి', '|'), ('లా', 'U'), ('గి', '|'), ('చె', 'U'), ('క్కి', '|'), ('లి', '|'), ('గి', '|'), ('లి', '|'), ('గిం', 'U'), ('త', '|'), ('గొ', 'U'), ('ల్పి', '|'), ('యు', '|'), ('బి', '|'), ('కిం', 'U'), ('చు', '|'), ('ట', '|'), ('యెం', 'U'), ('తు', '|'), ('ను', '|'), ('సుం', 'U'), ('ద', '|'), ('రీ', 'U'), ('మ', '|'), ('ణీ', 'U')]",1.0,1.0,1.0,1.0,1.0,1.0
champakamaala,"చెలఁగుచు జాఫరారసపుఁ జిమ్మనగ్రోవులఁ జిమ్ములాట డా-
ల్కలరతనాలమేడగదులం గడు దాఁగుడుమూతలాట వే-
డ్కలఁ దగు గంజిఫాట, సొగటాల్ చదరంగములాట మున్నుగా
నలరెడు నన్ని చోద్యములు నాడుదుమో తమి సుందరీమణీ!",vruttamu,Sundariimani,"[('చె', '|'), ('ల', '|'), ('గు', '|'), ('చు', '|'), ('జా', 'U'), ('ఫ', '|'), ('రా', 'U'), ('ర', '|'), ('స', '|'), ('పు', '|'), ('జి', 'U'), ('మ్మ', '|'), ('న', '|'), ('గ్రో', 'U'), ('వు', '|'), ('ల', '|'), ('జి', 'U'), ('మ్ము', '|'), ('లా', 'U'), ('ట', '|'), ('డా', 'U'), ('ల్క', '|'), ('ల', '|'), ('ర', '|'), ('త', '|'), ('నా', 'U'), ('ల', '|'), ('మే', 'U'), ('డ', '|'), ('గ', '|'), ('దు', '|'), ('లం', 'U'), ('గ', '|'), ('డు', '|'), ('దా', 'U'), ('గు', '|'), ('డు', '|'), ('మూ', 'U'), ('త', '|'), ('లా', 'U'), ('ట', '|'), ('వే', 'U'), ('డ్క', '|'), ('ల', '|'), ('ద', '|'), ('గు', '|'), ('గం', 'U'), ('జి', '|'), ('ఫా', 'U'), ('ట', '|'), ('సొ', '|'), ('గ', '|'), ('టా', 'U'), ('ల్చ', '|'), ('ద', '|'), ('రం', 'U'), ('గ', '|'), ('ము', '|'), ('లా', 'U'), ('ట', '|'), ('ము', 'U'), ('న్ను', '|'), ('గా', 'U'), ('న', '|'), ('ల', '|'), ('రె', '|'), ('డు', '|'), ('న', 'U'), ('న్ని', '|'), ('చో', 'U'), ('ద్య', '|'), ('ము', '|'), ('లు', '|'), ('నా', 'U'), ('డు', '|'), ('దు', '|'), ('మో', 'U'), ('త', '|'), ('మి', '|'), ('సుం', 'U'), ('ద', '|'), ('రీ', 'U'), ('మ', '|'), ('ణీ', 'U')]",1.0,1.0,1.0,1.0,1.0,1.0
champakamaala,"కపురపుఁ దావి గుబ్బలను గల్పగుళుచ్ఛములిచ్చి, మాటలో
నపరిమితామృతం బొసఁగి యబ్బురపున్ సురతాప్తి గూర్చి సౌ-
ఖ్యపురతి సొంపుగొల్పు నిను నక్కడనే కనుఱెప్ప వేయ కె-
ల్లపుడును జూడకుండ నహహా! విధి చేసెను సుందరీమణీ!",vruttamu,Sundariimani,"[('క', '|'), ('పు', '|'), ('ర', '|'), ('పు', '|'), ('దా', 'U'), ('వి', '|'), ('గు', 'U'), ('బ్బ', '|'), ('ల', '|'), ('ను', '|'), ('గ', 'U'), ('ల్ప', '|'), ('గు', '|'), ('ళు', 'U'), ('చ్ఛ', '|'), ('ము', '|'), ('లి', 'U'), ('చ్చి', '|'), ('మా', 'U'), ('ట', '|'), ('లో', 'U'), ('న', '|'), ('ప', '|'), ('రి', '|'), ('మి', '|'), ('తా', 'U'), ('మృ', '|'), ('తం', 'U'), ('బొ', '|'), ('స', '|'), ('గి', '|'), ('య', 'U'), ('బ్బు', '|'), ('ర', '|'), ('పు', 'U'), ('న్సు', '|'), ('ర', '|'), ('తా', 'U'), ('ప్తి', '|'), ('గూ', 'U'), ('ర్చి', '|'), ('సౌ', 'U'), ('ఖ్య', '|'), ('పు', '|'), ('ర', '|'), ('తి', '|'), ('సొం', 'U'), ('పు', '|'), ('గొ', 'U'), ('ల్పు', '|'), ('ని', '|'), ('ను', '|'), ('న', 'U'), ('క్క', '|'), ('డ', '|'), ('నే', 'U'), ('క', '|'), ('ను', '|'), ('ఱె', 'U'), ('ప్ప', '|'), ('వే', 'U'), ('య', '|'), ('కె', 'U'), ('ల్ల', '|'), ('పు', '|'), ('డు', '|'), ('ను', '|'), ('జూ', 'U'), ('డ', '|'), ('కుం', 'U'), ('డ', '|'), ('న', '|'), ('హ', '|'), ('హా', 'U'), ('వి', '|'), ('ధి', '|'), ('చే', 'U'), ('సె', '|'), ('ను', '|'), ('సుం', 'U'), ('ద', '|'), ('రీ', 'U'), ('మ', '|'), ('ణీ', 'U')]",0.85,1.0,1.0,1.0,0.25,1.0
champakamaala,"చిలుకకు నాదు పేర విలసిల్లెడు పద్యము చెప్పుచుండ నా
యలుకుడుగాగ నూరకె విహారము చేసెడు రీతినుండఁగా
చెలియలు సైఁగలున్ బరిహసించిన కోపపుఁజూపుచేత బొ-
మ్మలముడి యొప్పు శేషరతి మారధనుర్గతి సుందరీమణీ!",vruttamu,Sundariimani,"[('చి', '|'), ('లు', '|'), ('క', '|'), ('కు', '|'), ('నా', 'U'), ('దు', '|'), ('పే', 'U'), ('ర', '|'), ('వి', '|'), ('ల', '|'), ('సి', 'U'), ('ల్లె', '|'), ('డు', '|'), ('ప', 'U'), ('ద్య', '|'), ('ము', '|'), ('చె', 'U'), ('ప్పు', '|'), ('చుం', 'U'), ('డ', '|'), ('నా', 'U'), ('య', '|'), ('లు', '|'), ('కు', '|'), ('డు', '|'), ('గా', 'U'), ('గ', '|'), ('నూ', 'U'), ('ర', '|'), ('కె', '|'), ('వి', '|'), ('హా', 'U'), ('ర', '|'), ('ము', '|'), ('చే', 'U'), ('సె', '|'), ('డు', '|'), ('రీ', 'U'), ('తి', '|'), ('నుం', 'U'), ('డ', '|'), ('గా', 'U'), ('చె', '|'), ('లి', '|'), ('య', '|'), ('లు', '|'), ('సై', 'U'), ('గ', '|'), ('లు', 'U'), ('న్బ', '|'), ('రి', '|'), ('హ', '|'), ('సిం', 'U'), ('చి', '|'), ('న', '|'), ('కో', 'U'), ('ప', '|'), ('పు', '|'), ('జూ', 'U'), ('పు', '|'), ('చే', 'U'), ('త', '|'), ('బొ', 'U'), ('మ్మ', '|'), ('ల', '|'), ('ము', '|'), ('డి', '|'), ('యొ', 'U'), ('ప్పు', '|'), ('శే', 'U'), ('ష', '|'), ('ర', '|'), ('తి', '|'), ('మా', 'U'), ('ర', '|'), ('ధ', '|'), ('ను', 'U'), ('ర్గ', '|'), ('తి', '|'), ('సుం', 'U'), ('ద', '|'), ('రీ', 'U'), ('మ', '|'), ('ణీ', 'U')]",1.0,1.0,1.0,1.0,1.0,1.0
vutpalamaala,"నీ జగజంపుఁ జూపులును నీ చనుగుబ్బలు నీ మహోరు లెం-
తో జత మీఱ నన్నును నెదుర్కొనునో యన గప్పురంపు నీ-
రాజనదీపిక ల్కనకరాజతకుంభము లంటిబోదియల్
రాజిలు ద్వారమార్గమున రాఁ గనుటెన్నడు సుందరీమణీ!",vruttamu,Sundariimani,"[('నీ', 'U'), ('జ', '|'), ('గ', '|'), ('జం', 'U'), ('పు', '|'), ('జూ', 'U'), ('పు', '|'), ('లు', '|'), ('ను', '|'), ('నీ', 'U'), ('చ', '|'), ('ను', '|'), ('గు', 'U'), ('బ్బ', '|'), ('లు', '|'), ('నీ', 'U'), ('మ', '|'), ('హో', 'U'), ('రు', '|'), ('లెం', 'U'), ('తో', 'U'), ('జ', '|'), ('త', '|'), ('మీ', 'U'), ('ఱ', '|'), ('న', 'U'), ('న్ను', '|'), ('ను', '|'), ('నె', '|'), ('దు', 'U'), ('ర్కొ', '|'), ('ను', '|'), ('నో', 'U'), ('య', '|'), ('న', '|'), ('గ', 'U'), ('ప్పు', '|'), ('రం', 'U'), ('పు', '|'), ('నీ', 'U'), ('రా', 'U'), ('జ', '|'), ('న', '|'), ('దీ', 'U'), ('పి', '|'), ('క', 'U'), ('ల్క', '|'), ('న', '|'), ('క', '|'), ('రా', 'U'), ('జ', '|'), ('త', '|'), ('కుం', 'U'), ('భ', '|'), ('ము', '|'), ('లం', 'U'), ('టి', '|'), ('బో', 'U'), ('ది', '|'), ('యల్', 'U'), ('రా', 'U'), ('జి', '|'), ('లు', 'U'), ('ద్వా', 'U'), ('ర', '|'), ('మా', 'U'), ('ర్గ', '|'), ('ము', '|'), ('న', '|'), ('రా', 'U'), ('గ', '|'), ('ను', '|'), ('టె', 'U'), ('న్న', '|'), ('డు', '|'), ('సుం', 'U'), ('ద', '|'), ('రీ', 'U'), ('మ', '|'), ('ణీ', 'U')]",0.9928571428571429,1.0,1.0,0.9642857142857143,1.0,1.0
vutpalamaala,"హారములల్లనన్ గుచములందుఁ జరింపగ వచ్చునట్టి యొ-
య్యారము నోరచూపుల యొయారము నవ్వుచుఁ జెంతనిల్చు నొ-
య్యారము శయ్య చెందెడు నొయారము కేళికిఁ దార్పఁగల్గు నొ-
య్యారము నాదు మానసమునం దెడబాయవు సుందరీమణీ!",vruttamu,Sundariimani,"[('హా', 'U'), ('ర', '|'), ('ము', '|'), ('ల', 'U'), ('ల్ల', '|'), ('న', 'U'), ('న్గు', '|'), ('చ', '|'), ('ము', '|'), ('లం', 'U'), ('దు', '|'), ('జ', '|'), ('రిం', 'U'), ('ప', '|'), ('గ', '|'), ('వ', 'U'), ('చ్చు', '|'), ('న', 'U'), ('ట్టి', '|'), ('యొ', 'U'), ('య్యా', 'U'), ('ర', '|'), ('ము', '|'), ('నో', 'U'), ('ర', '|'), ('చూ', 'U'), ('పు', '|'), ('ల', '|'), ('యొ', '|'), ('యా', 'U'), ('ర', '|'), ('ము', '|'), ('న', 'U'), ('వ్వు', '|'), ('చు', '|'), ('జెం', 'U'), ('త', '|'), ('ని', 'U'), ('ల్చు', '|'), ('నొ', 'U'), ('య్యా', 'U'), ('ర', '|'), ('ము', '|'), ('శ', 'U'), ('య్య', '|'), ('చెం', 'U'), ('దె', '|'), ('డు', '|'), ('నొ', '|'), ('యా', 'U'), ('ర', '|'), ('ము', '|'), ('కే', 'U'), ('ళి', '|'), ('కి', '|'), ('దా', 'U'), ('ర్ప', '|'), ('గ', 'U'), ('ల్గు', '|'), ('నొ', 'U'), ('య్యా', 'U'), ('ర', '|'), ('ము', '|'), ('నా', 'U'), ('దు', '|'), ('మా', 'U'), ('న', '|'), ('స', '|'), ('ము', '|'), ('నం', 'U'), ('దె', '|'), ('డ', '|'), ('బా', 'U'), ('య', '|'), ('వు', '|'), ('సుం', 'U'), ('ద', '|'), ('రీ', 'U'), ('మ', '|'), ('ణీ', 'U')]",0.9,1.0,1.0,1.0,0.5,1.0
vutpalamaala,"కాంచనగంధి రాచిలుకకైవడి నీ వల దొండపండు మె-
ప్పించెడు వేళ నిన్ను మరపింపఁగ నే నల చిల్కచేతఁ ది-
ట్టించిన దానిపైఁ బ్రతిఘటించి తొలంగఁగ జేయ దొండపం-
డంచును మోవినొక్కి పరిహాసమొనర్తును సుందరీమణీ!",vruttamu,Sundariimani,"[('కాం', 'U'), ('చ', '|'), ('న', '|'), ('గం', 'U'), ('ధి', '|'), ('రా', 'U'), ('చి', '|'), ('లు', '|'), ('క', '|'), ('కై', 'U'), ('వ', '|'), ('డి', '|'), ('నీ', 'U'), ('వ', '|'), ('ల', '|'), ('దొం', 'U'), ('డ', '|'), ('పం', 'U'), ('డు', '|'), ('మె', 'U'), ('ప్పిం', 'U'), ('చె', '|'), ('డు', '|'), ('వే', 'U'), ('ళ', '|'), ('ని', 'U'), ('న్ను', '|'), ('మ', '|'), ('ర', '|'), ('పిం', 'U'), ('ప', '|'), ('గ', '|'), ('నే', 'U'), ('న', '|'), ('ల', '|'), ('చి', 'U'), ('ల్క', '|'), ('చే', 'U'), ('త', '|'), ('ది', 'U'), ('ట్టిం', 'U'), ('చి', '|'), ('న', '|'), ('దా', 'U'), ('ని', '|'), ('పై', 'U'), ('బ్ర', '|'), ('తి', '|'), ('ఘ', '|'), ('టిం', 'U'), ('చి', '|'), ('తొ', '|'), ('లం', 'U'), ('గ', '|'), ('గ', '|'), ('జే', 'U'), ('య', '|'), ('దొం', 'U'), ('డ', '|'), ('పం', 'U'), ('డం', 'U'), ('చు', '|'), ('ను', '|'), ('మో', 'U'), ('వి', '|'), ('నొ', 'U'), ('క్కి', '|'), ('ప', '|'), ('రి', '|'), ('హా', 'U'), ('స', '|'), ('మొ', '|'), ('న', 'U'), ('ర్తు', '|'), ('ను', '|'), ('సుం', 'U'), ('ద', '|'), ('రీ', 'U'), ('మ', '|'), ('ణీ', 'U')]",0.95,1.0,1.0,1.0,0.75,1.0
vutpalamaala,"మాటలు తేనెజాలు చనుమట్టులు బంగరుబొంగరాలు కన్
తేటలు గండుమీలు నును నెమ్మెయి మించుల నేలు వాహవా
కూటమి నేలు మేలుగల కోపుల లీల దలంచుకొన్న హా
పూటకుఁ గోటివేలు పడిపోవుచునున్నవి సుందరీమణీ!",vruttamu,Sundariimani,"[('మా', 'U'), ('ట', '|'), ('లు', '|'), ('తే', 'U'), ('నె', '|'), ('జా', 'U'), ('లు', '|'), ('చ', '|'), ('ను', '|'), ('మ', 'U'), ('ట్టు', '|'), ('లు', '|'), ('బం', 'U'), ('గ', '|'), ('రు', '|'), ('బొం', 'U'), ('గ', '|'), ('రా', 'U'), ('లు', '|'), ('కన్', 'U'), ('తే', 'U'), ('ట', '|'), ('లు', '|'), ('గం', 'U'), ('డు', '|'), ('మీ', 'U'), ('లు', '|'), ('ను', '|'), ('ను', '|'), ('నె', 'U'), ('మ్మె', '|'), ('యి', '|'), ('మిం', 'U'), ('చు', '|'), ('ల', '|'), ('నే', 'U'), ('లు', '|'), ('వా', 'U'), ('హ', '|'), ('వా', 'U'), ('కూ', 'U'), ('ట', '|'), ('మి', '|'), ('నే', 'U'), ('లు', '|'), ('మే', 'U'), ('లు', '|'), ('గ', '|'), ('ల', '|'), ('కో', 'U'), ('పు', '|'), ('ల', '|'), ('లీ', 'U'), ('ల', '|'), ('ద', '|'), ('లం', 'U'), ('చు', '|'), ('కొ', 'U'), ('న్న', '|'), ('హా', 'U'), ('పూ', 'U'), ('ట', '|'), ('కు', '|'), ('గో', 'U'), ('టి', '|'), ('వే', 'U'), ('లు', '|'), ('ప', '|'), ('డి', '|'), ('పో', 'U'), ('వు', '|'), ('చు', '|'), ('ను', 'U'), ('న్న', '|'), ('వి', '|'), ('సుం', 'U'), ('ద', '|'), ('రీ', 'U'), ('మ', '|'), ('ణీ', 'U')]",0.95,1.0,1.0,1.0,0.75,1.0
vutpalamaala,"హారములొత్తునంచుఁ బరిహార మొనర్చి కవుంగిలించి వ్యా-
హారముదంబునన్ రతివిహారము సల్పి మనోజబాధ సం-
హారము చేసి, నాదు వ్యవహారము నిల్వకయున్న నిద్ర వ్యా-
హారము గాంతునే నను మహారముఁడందురె సుందరీమణీ!",vruttamu,Sundariimani,"[('హా', 'U'), ('ర', '|'), ('ము', '|'), ('లొ', 'U'), ('త్తు', '|'), ('నం', 'U'), ('చు', '|'), ('బ', '|'), ('రి', '|'), ('హా', 'U'), ('ర', '|'), ('మొ', '|'), ('న', 'U'), ('ర్చి', '|'), ('క', '|'), ('వుం', 'U'), ('గి', '|'), ('లిం', 'U'), ('చి', 'U'), ('వ్యా', 'U'), ('హా', 'U'), ('ర', '|'), ('ము', '|'), ('దం', 'U'), ('బు', '|'), ('న', '|'), ('న్ర', '|'), ('తి', '|'), ('వి', '|'), ('హా', 'U'), ('ర', '|'), ('ము', '|'), ('స', 'U'), ('ల్పి', '|'), ('మ', '|'), ('నో', 'U'), ('జ', '|'), ('బా', 'U'), ('ధ', '|'), ('సం', 'U'), ('హా', 'U'), ('ర', '|'), ('ము', '|'), ('చే', 'U'), ('సి', '|'), ('నా', 'U'), ('దు', 'U'), ('వ్య', '|'), ('వ', '|'), ('హా', 'U'), ('ర', '|'), ('ము', '|'), ('ని', 'U'), ('ల్వ', '|'), ('క', '|'), ('యు', 'U'), ('న్న', '|'), ('ని', '|'), ('ద్ర', 'U'), ('వ్యా', 'U'), ('హా', 'U'), ('ర', '|'), ('ము', '|'), ('గాం', 'U'), ('తు', '|'), ('నే', 'U'), ('న', '|'), ('ను', '|'), ('మ', '|'), ('హా', 'U'), ('ర', '|'), ('ము', '|'), ('డం', 'U'), ('దు', '|'), ('రె', '|'), ('సుం', 'U'), ('ద', '|'), ('రీ', 'U'), ('మ', '|'), ('ణీ', 'U')]",0.9642857142857142,1.0,1.0,0.8214285714285714,1.0,1.0
vutpalamaala,"బోటిరొ వానచే వెడలిపోవఁగలే కొకనాఁడటుండి యే-
ర్పాటుగ నిద్రవోవ నెఱపయ్యెద దీపము త్రెంచి వచ్చి, స-
య్యాటలు మాటలున్ బెనఁకులాటలు సీత్కృతు లేమి లేక నన్
గూటమి నేలుటల్ దలచుకొందువొ లేదొకొ సుందరీమణీ!",vruttamu,Sundariimani,"[('బో', 'U'), ('టి', '|'), ('రొ', '|'), ('వా', 'U'), ('న', '|'), ('చే', 'U'), ('వె', '|'), ('డ', '|'), ('లి', '|'), ('పో', 'U'), ('వ', '|'), ('గ', '|'), ('లే', 'U'), ('కొ', '|'), ('క', '|'), ('నా', 'U'), ('డ', '|'), ('టుం', 'U'), ('డి', '|'), ('యే', 'U'), ('ర్పా', 'U'), ('టు', '|'), ('గ', '|'), ('ని', '|'), ('ద్ర', '|'), ('వో', 'U'), ('వ', '|'), ('నె', '|'), ('ఱ', '|'), ('ప', 'U'), ('య్యె', '|'), ('ద', '|'), ('దీ', 'U'), ('ప', '|'), ('ము', '|'), ('త్రెం', 'U'), ('చి', '|'), ('వ', 'U'), ('చ్చి', '|'), ('స', 'U'), ('య్యా', 'U'), ('ట', '|'), ('లు', '|'), ('మా', 'U'), ('ట', '|'), ('లు', 'U'), ('న్బె', '|'), ('న', '|'), ('కు', '|'), ('లా', 'U'), ('ట', '|'), ('లు', '|'), ('సీ', 'U'), ('త్కృ', '|'), ('తు', '|'), ('లే', 'U'), ('మి', '|'), ('లే', 'U'), ('క', '|'), ('నన్', 'U'), ('గూ', 'U'), ('ట', '|'), ('మి', '|'), ('నే', 'U'), ('లు', '|'), ('ట', 'U'), ('ల్ద', '|'), ('ల', '|'), ('చు', '|'), ('కొం', 'U'), ('దు', '|'), ('వొ', '|'), ('లే', 'U'), ('దొ', '|'), ('కొ', '|'), ('సుం', 'U'), ('ద', '|'), ('రీ', 'U'), ('మ', '|'), ('ణీ', 'U')]",0.9428571428571428,1.0,1.0,0.9642857142857143,0.75,1.0
champakamaala,"అనుపమమైన వేళ సకలాభరణంబులు దాల్చి బేజుమా-
లొనరిచి మానికంపుటొరను౦చిన మారుకటారివంటి నిన్
గనుఁగవ నిండ నేను గనఁగా వెఱతుం గదె దృష్టి తాఁకునో
యని యిక నెన్నఁడేను మనసారఁగ జూచెద సుందరీమణీ!",vruttamu,Sundariimani,"[('అ', '|'), ('ను', '|'), ('ప', '|'), ('మ', '|'), ('మై', 'U'), ('న', '|'), ('వే', 'U'), ('ళ', '|'), ('స', '|'), ('క', '|'), ('లా', 'U'), ('భ', '|'), ('ర', '|'), ('ణం', 'U'), ('బు', '|'), ('లు', '|'), ('దా', 'U'), ('ల్చి', '|'), ('బే', 'U'), ('జు', '|'), ('మా', 'U'), ('లొ', '|'), ('న', '|'), ('రి', '|'), ('చి', '|'), ('మా', 'U'), ('ని', '|'), ('కం', 'U'), ('పు', '|'), ('టొ', '|'), ('ర', '|'), ('ను', '|'), ('చి', '|'), ('న', '|'), ('మా', 'U'), ('రు', '|'), ('క', '|'), ('టా', 'U'), ('రి', '|'), ('వం', 'U'), ('టి', '|'), ('నిన్', 'U'), ('గ', '|'), ('ను', '|'), ('గ', '|'), ('వ', '|'), ('నిం', 'U'), ('డ', '|'), ('నే', 'U'), ('ను', '|'), ('గ', '|'), ('న', '|'), ('గా', 'U'), ('వె', '|'), ('ఱ', '|'), ('తుం', 'U'), ('గ', '|'), ('దె', '|'), ('దృ', 'U'), ('ష్టి', '|'), ('తా', 'U'), ('కు', '|'), ('నో', 'U'), ('య', '|'), ('ని', '|'), ('యి', '|'), ('క', '|'), ('నె', 'U'), ('న్న', '|'), ('డే', 'U'), ('ను', '|'), ('మ', '|'), ('న', '|'), ('సా', 'U'), ('ర', '|'), ('గ', '|'), ('జూ', 'U'), ('చె', '|'), ('ద', '|'), ('సుం', 'U'), ('ద', '|'), ('రీ', 'U'), ('మ', '|'), ('ణీ', 'U')]",0.8428571428571429,1.0,1.0,0.9642857142857143,0.25,1.0
vutpalamaala,"వేడిమి మాను చంద్ర! నిను వేఁడెదఁ జల్లనిరాజ వీవు నీ
వాడను నే నటంచు బహువారము దూరిన నీ మొగంబునున్
జూడక యేఁచుచుండె జడ చొప్పడ నల్లుము నీదు కొప్పుచే
వీడదె రాహువం చడలి వెల్వడు దెన్నఁడు సుందరీమణీ!",vruttamu,Sundariimani,"[('వే', 'U'), ('డి', '|'), ('మి', '|'), ('మా', 'U'), ('ను', '|'), ('చం', 'U'), ('ద్ర', '|'), ('ని', '|'), ('ను', '|'), ('వే', 'U'), ('డె', '|'), ('ద', '|'), ('జ', 'U'), ('ల్ల', '|'), ('ని', '|'), ('రా', 'U'), ('జ', '|'), ('వీ', 'U'), ('వు', '|'), ('నీ', 'U'), ('వా', 'U'), ('డ', '|'), ('ను', '|'), ('నే', 'U'), ('న', '|'), ('టం', 'U'), ('చు', '|'), ('బ', '|'), ('హు', '|'), ('వా', 'U'), ('ర', '|'), ('ము', '|'), ('దూ', 'U'), ('రి', '|'), ('న', '|'), ('నీ', 'U'), ('మొ', '|'), ('గం', 'U'), ('బు', '|'), ('నున్', 'U'), ('జూ', 'U'), ('డ', '|'), ('క', '|'), ('యే', 'U'), ('చు', '|'), ('చుం', 'U'), ('డె', '|'), ('జ', '|'), ('డ', '|'), ('చొ', 'U'), ('ప్ప', '|'), ('డ', '|'), ('న', 'U'), ('ల్లు', '|'), ('ము', '|'), ('నీ', 'U'), ('దు', '|'), ('కొ', 'U'), ('ప్పు', '|'), ('చే', 'U'), ('వీ', 'U'), ('డ', '|'), ('దె', '|'), ('రా', 'U'), ('హు', '|'), ('వం', 'U'), ('చ', '|'), ('డ', '|'), ('లి', '|'), ('వె', 'U'), ('ల్వ', '|'), ('డు', '|'), ('దె', 'U'), ('న్న', '|'), ('డు', '|'), ('సుం', 'U'), ('ద', '|'), ('రీ', 'U'), ('మ', '|'), ('ణీ', 'U')]",1.0,1.0,1.0,1.0,1.0,1.0
vutpalamaala,"తమ్ముల నెమ్మొగమ్ము నును దళ్కుఁ జనుంగవచే నశోకగు-
చ్ఛమ్ముల మావిలేఁజిగురుఁ జక్కనివాతెఱ చేత మల్లెలున్
నెమ్మెయి తావిఁ గన్నుఁగవ నీటునఁ గల్వల గెల్చినావు క్రొ-
త్తమ్ము లెటుండివచ్చె మరుఁ డాచక వ్రేసెడు సుందరీమణీ!",vruttamu,Sundariimani,"[('త', 'U'), ('మ్ము', '|'), ('ల', '|'), ('నె', 'U'), ('మ్మొ', '|'), ('గ', 'U'), ('మ్ము', '|'), ('ను', '|'), ('ను', '|'), ('ద', 'U'), ('ళ్కు', '|'), ('జ', '|'), ('నుం', 'U'), ('గ', '|'), ('వ', '|'), ('చే', 'U'), ('న', '|'), ('శో', 'U'), ('క', '|'), ('గు', 'U'), ('చ్ఛ', 'U'), ('మ్ము', '|'), ('ల', '|'), ('మా', 'U'), ('వి', '|'), ('లే', 'U'), ('జి', '|'), ('గు', '|'), ('రు', '|'), ('జ', 'U'), ('క్క', '|'), ('ని', '|'), ('వా', 'U'), ('తె', '|'), ('ఱ', '|'), ('చే', 'U'), ('త', '|'), ('మ', 'U'), ('ల్లె', '|'), ('లున్', 'U'), ('నె', 'U'), ('మ్మె', '|'), ('యి', '|'), ('తా', 'U'), ('వి', '|'), ('గ', 'U'), ('న్ను', '|'), ('గ', '|'), ('వ', '|'), ('నీ', 'U'), ('టు', '|'), ('న', '|'), ('గ', 'U'), ('ల్వ', '|'), ('ల', '|'), ('గె', 'U'), ('ల్చి', '|'), ('నా', 'U'), ('వు', '|'), ('క్రొ', 'U'), ('త్త', 'U'), ('మ్ము', '|'), ('లె', '|'), ('టుం', 'U'), ('డి', '|'), ('వ', 'U'), ('చ్చె', '|'), ('మ', '|'), ('రు', '|'), ('డా', 'U'), ('చ', '|'), ('క', '|'), ('వ్రే', 'U'), ('సె', '|'), ('డు', '|'), ('సుం', 'U'), ('ద', '|'), ('రీ', 'U'), ('మ', '|'), ('ణీ', 'U')]",0.95,1.0,1.0,1.0,0.75,1.0
champakamaala,"నునుమునిపంటఁ గ్రొంబెదవి నొక్కి యనంగునికేళి నీదు మై
పెనఁగొని నొక్కి క్రిక్కిరిసి పెక్కువ నెక్కువ పిక్కటిల్లఁ జ-
క్కని చనుగుబ్బలంటి బిగికౌఁగిటఁ జిక్కిననాఁడె జన్మమె-
త్తిన ఫలమబ్బె నేమయిన దిట్టము మాకిక సుందరీమణీ!",vruttamu,Sundariimani,"[('ను', '|'), ('ను', '|'), ('ము', '|'), ('ని', '|'), ('పం', 'U'), ('ట', '|'), ('గ్రొం', 'U'), ('బె', '|'), ('ద', '|'), ('వి', '|'), ('నొ', 'U'), ('క్కి', '|'), ('య', '|'), ('నం', 'U'), ('గు', '|'), ('ని', '|'), ('కే', 'U'), ('ళి', '|'), ('నీ', 'U'), ('దు', '|'), ('మై', 'U'), ('పె', '|'), ('న', '|'), ('గొ', '|'), ('ని', '|'), ('నొ', 'U'), ('క్కి', '|'), ('క్రి', 'U'), ('క్కి', '|'), ('రి', '|'), ('సి', '|'), ('పె', 'U'), ('క్కు', '|'), ('వ', '|'), ('నె', 'U'), ('క్కు', '|'), ('వ', '|'), ('పి', 'U'), ('క్క', '|'), ('టి', 'U'), ('ల్ల', '|'), ('జ', 'U'), ('క్క', '|'), ('ని', '|'), ('చ', '|'), ('ను', '|'), ('గు', 'U'), ('బ్బ', '|'), ('లం', 'U'), ('టి', '|'), ('బి', '|'), ('గి', '|'), ('కౌ', 'U'), ('గి', '|'), ('ట', '|'), ('జి', 'U'), ('క్కి', '|'), ('న', '|'), ('నా', 'U'), ('డె', '|'), ('జ', 'U'), ('న్మ', '|'), ('మె', 'U'), ('త్తి', '|'), ('న', '|'), ('ఫ', '|'), ('ల', '|'), ('మ', 'U'), ('బ్బె', '|'), ('నే', 'U'), ('మ', '|'), ('యి', '|'), ('న', '|'), ('ది', 'U'), ('ట్ట', '|'), ('ము', '|'), ('మా', 'U'), ('కి', '|'), ('క', '|'), ('సుం', 'U'), ('ద', '|'), ('రీ', 'U'), ('మ', '|'), ('ణీ', 'U')]",1.0,1.0,1.0,1.0,1.0,1.0
champakamaala,"కమలదళాక్షి నీవొకప్రకారముగాఁ బొలయల్కచే ముఖా-
బ్జము వెడసేయ నే నెనరుపల్కులు పల్కి, పయంట లాగి హ-
స్తము గదియించిన న్వడి విదల్చి ససీత్కృతితో నురోజమ-
ధ్యమమున నాదు చే యిఱికెనన్న హసింతువు సుందరీమణీ!",vruttamu,Sundariimani,"[('క', '|'), ('మ', '|'), ('ల', '|'), ('ద', '|'), ('ళా', 'U'), ('క్షి', '|'), ('నీ', 'U'), ('వొ', '|'), ('క', '|'), ('ప్ర', '|'), ('కా', 'U'), ('ర', '|'), ('ము', '|'), ('గా', 'U'), ('బొ', '|'), ('ల', '|'), ('య', 'U'), ('ల్క', '|'), ('చే', 'U'), ('ము', '|'), ('ఖా', 'U'), ('బ్జ', '|'), ('ము', '|'), ('వె', '|'), ('డ', '|'), ('సే', 'U'), ('య', '|'), ('నే', 'U'), ('నె', '|'), ('న', '|'), ('రు', '|'), ('ప', 'U'), ('ల్కు', '|'), ('లు', '|'), ('ప', 'U'), ('ల్కి', '|'), ('ప', '|'), ('యం', 'U'), ('ట', '|'), ('లా', 'U'), ('గి', '|'), ('హ', 'U'), ('స్త', '|'), ('ము', '|'), ('గ', '|'), ('ది', '|'), ('యిం', 'U'), ('చి', '|'), ('న', 'U'), ('న్వ', '|'), ('డి', '|'), ('వి', '|'), ('ద', 'U'), ('ల్చి', '|'), ('స', '|'), ('సీ', 'U'), ('త్కృ', '|'), ('తి', '|'), ('తో', 'U'), ('ను', '|'), ('రో', 'U'), ('జ', '|'), ('మ', 'U'), ('ధ్య', '|'), ('మ', '|'), ('ము', '|'), ('న', '|'), ('నా', 'U'), ('దు', '|'), ('చే', 'U'), ('యి', '|'), ('ఱి', '|'), ('కె', '|'), ('న', 'U'), ('న్న', '|'), ('హ', '|'), ('సిం', 'U'), ('తు', '|'), ('వు', '|'), ('సుం', 'U'), ('ద', '|'), ('రీ', 'U'), ('మ', '|'), ('ణీ', 'U')]",0.95,1.0,1.0,1.0,0.75,1.0
champakamaala,"నను నల నవ్వుటాలకయినన్ బొలయల్కల జేసియైననున్
నను గలలోననై నను క్షణం బెడబాయకజాలవంచు నో
వనజదళాక్షి నీకొఱకె వంతలనొందెద వెట్టులోర్తువే
నునుచలిగాలి వేడికి మనోజుని దాఁడికి సుందరీమణీ!",vruttamu,Sundariimani,"[('న', '|'), ('ను', '|'), ('న', '|'), ('ల', '|'), ('న', 'U'), ('వ్వు', '|'), ('టా', 'U'), ('ల', '|'), ('క', '|'), ('యి', '|'), ('న', 'U'), ('న్బొ', '|'), ('ల', '|'), ('య', 'U'), ('ల్క', '|'), ('ల', '|'), ('జే', 'U'), ('సి', '|'), ('యై', 'U'), ('న', '|'), ('నున్', 'U'), ('న', '|'), ('ను', '|'), ('గ', '|'), ('ల', '|'), ('లో', 'U'), ('న', '|'), ('నై', 'U'), ('న', '|'), ('ను', 'U'), ('క్ష', '|'), ('ణం', 'U'), ('బె', '|'), ('డ', '|'), ('బా', 'U'), ('య', '|'), ('క', '|'), ('జా', 'U'), ('ల', '|'), ('వం', 'U'), ('చు', '|'), ('నో', 'U'), ('వ', '|'), ('న', '|'), ('జ', '|'), ('ద', '|'), ('ళా', 'U'), ('క్షి', '|'), ('నీ', 'U'), ('కొ', '|'), ('ఱ', '|'), ('కె', '|'), ('వం', 'U'), ('త', '|'), ('ల', '|'), ('నొం', 'U'), ('దె', '|'), ('ద', '|'), ('వె', 'U'), ('ట్టు', '|'), ('లో', 'U'), ('ర్తు', '|'), ('వే', 'U'), ('ను', '|'), ('ను', '|'), ('చ', '|'), ('లి', '|'), ('గా', 'U'), ('లి', '|'), ('వే', 'U'), ('డి', '|'), ('కి', '|'), ('మ', '|'), ('నో', 'U'), ('జు', '|'), ('ని', '|'), ('దా', 'U'), ('డి', '|'), ('కి', '|'), ('సుం', 'U'), ('ద', '|'), ('రీ', 'U'), ('మ', '|'), ('ణీ', 'U')]",0.9928571428571429,1.0,1.0,0.9642857142857143,1.0,1.0
vutpalamaala,"నీ కడకంటిచే హరిణి నీ కనుసైగలఁ జిత్రరేఖయున్
నీ కళ చేత హేమగతి నీ లలితోరుల కాంతి రంభ నీ
శ్రీకరబాలలీల శశిరేఖయు నీరసవృత్తిఁ జెందుటన్
నీ కెనరారు దేవతరుణీమణులయినను సుందరీమణీ!",vruttamu,Sundariimani,"[('నీ', 'U'), ('క', '|'), ('డ', '|'), ('కం', 'U'), ('టి', '|'), ('చే', 'U'), ('హ', '|'), ('రి', '|'), ('ణి', '|'), ('నీ', 'U'), ('క', '|'), ('ను', '|'), ('సై', 'U'), ('గ', '|'), ('ల', '|'), ('జి', '|'), ('త్ర', '|'), ('రే', 'U'), ('ఖ', '|'), ('యున్', 'U'), ('నీ', 'U'), ('క', '|'), ('ళ', '|'), ('చే', 'U'), ('త', '|'), ('హే', 'U'), ('మ', '|'), ('గ', '|'), ('తి', '|'), ('నీ', 'U'), ('ల', '|'), ('లి', '|'), ('తో', 'U'), ('రు', '|'), ('ల', '|'), ('కాం', 'U'), ('తి', '|'), ('రం', 'U'), ('భ', '|'), ('నీ', 'U'), ('శ్రీ', 'U'), ('క', '|'), ('ర', '|'), ('బా', 'U'), ('ల', '|'), ('లీ', 'U'), ('ల', '|'), ('శ', '|'), ('శి', '|'), ('రే', 'U'), ('ఖ', '|'), ('యు', '|'), ('నీ', 'U'), ('ర', '|'), ('స', '|'), ('వృ', 'U'), ('త్తి', '|'), ('జెం', 'U'), ('దు', '|'), ('టన్', 'U'), ('నీ', 'U'), ('కె', '|'), ('న', '|'), ('రా', 'U'), ('రు', '|'), ('దే', 'U'), ('వ', '|'), ('త', '|'), ('రు', '|'), ('ణీ', 'U'), ('మ', '|'), ('ణు', '|'), ('ల', '|'), ('యి', '|'), ('న', '|'), ('ను', '|'), ('సుం', 'U'), ('ద', '|'), ('రీ', 'U'), ('మ', '|'), ('ణీ', 'U')]",0.9689285714285715,0.9875,1.0,0.8571428571428571,1.0,1.0
vutpalamaala,"భామిని నిన్న రే నిదుర పట్టక పట్టక పట్టినంతలో
కామునికేళిలో మనము కౌతుకమంది పెనంగులాడి యే-
మేమొ వినోదముల్ సలుప, నెక్కడి పాపపుకోడి కూసెనో
స్వామికటాక్ష మట్లలరె స్వప్నమునందును, సుందరీమణీ!",vruttamu,Sundariimani,"[('భా', 'U'), ('మి', '|'), ('ని', '|'), ('ని', 'U'), ('న్న', '|'), ('రే', 'U'), ('ని', '|'), ('దు', '|'), ('ర', '|'), ('ప', 'U'), ('ట్ట', '|'), ('క', '|'), ('ప', 'U'), ('ట్ట', '|'), ('క', '|'), ('ప', 'U'), ('ట్టి', '|'), ('నం', 'U'), ('త', '|'), ('లో', 'U'), ('కా', 'U'), ('ము', '|'), ('ని', '|'), ('కే', 'U'), ('ళి', '|'), ('లో', 'U'), ('మ', '|'), ('న', '|'), ('ము', '|'), ('కౌ', 'U'), ('తు', '|'), ('క', '|'), ('మం', 'U'), ('ది', '|'), ('పె', '|'), ('నం', 'U'), ('గు', '|'), ('లా', 'U'), ('డి', '|'), ('యే', 'U'), ('మే', 'U'), ('మొ', '|'), ('వి', '|'), ('నో', 'U'), ('ద', '|'), ('ము', 'U'), ('ల్స', '|'), ('లు', '|'), ('ప', '|'), ('నె', 'U'), ('క్క', '|'), ('డి', '|'), ('పా', 'U'), ('ప', '|'), ('పు', '|'), ('కో', 'U'), ('డి', '|'), ('కూ', 'U'), ('సె', '|'), ('నో', 'U'), ('స్వా', 'U'), ('మి', '|'), ('క', '|'), ('టా', 'U'), ('క్ష', '|'), ('మ', 'U'), ('ట్ల', '|'), ('ల', '|'), ('రె', 'U'), ('స్వ', 'U'), ('ప్న', '|'), ('ము', '|'), ('నం', 'U'), ('దు', '|'), ('ను', '|'), ('సుం', 'U'), ('ద', '|'), ('రీ', 'U'), ('మ', '|'), ('ణీ', 'U')]",0.9428571428571428,1.0,1.0,0.9642857142857143,0.75,1.0
champakamaala,"నెల పయనం బటన్న విని నీవడలొందుదువంచు నింతలో
నెలతరొ వత్తునంచు వెస నిన్నొక సమ్మతి చేసివచ్చి క్రొ-
న్నెలలకు వేఁడివెన్నెలకు నిద్దపుఁ బూవిలుకాని కాఱుచి-
న్నెలలకుఁ దాళలేనయితి నీవెటులోర్తువె సుందరీమణీ!",vruttamu,Sundariimani,"[('నె', '|'), ('ల', '|'), ('ప', '|'), ('య', '|'), ('నం', 'U'), ('బ', '|'), ('ట', 'U'), ('న్న', '|'), ('వి', '|'), ('ని', '|'), ('నీ', 'U'), ('వ', '|'), ('డ', '|'), ('లొం', 'U'), ('దు', '|'), ('దు', '|'), ('వం', 'U'), ('చు', '|'), ('నిం', 'U'), ('త', '|'), ('లో', 'U'), ('నె', '|'), ('ల', '|'), ('త', '|'), ('రొ', '|'), ('వ', 'U'), ('త్తు', '|'), ('నం', 'U'), ('చు', '|'), ('వె', '|'), ('స', '|'), ('ని', 'U'), ('న్నొ', '|'), ('క', '|'), ('స', 'U'), ('మ్మ', '|'), ('తి', '|'), ('చే', 'U'), ('సి', '|'), ('వ', 'U'), ('చ్చి', '|'), ('క్రొ', 'U'), ('న్నె', '|'), ('ల', '|'), ('ల', '|'), ('కు', '|'), ('వే', 'U'), ('డి', '|'), ('వె', 'U'), ('న్నె', '|'), ('ల', '|'), ('కు', '|'), ('ని', 'U'), ('ద్ద', '|'), ('పు', '|'), ('బూ', 'U'), ('వి', '|'), ('లు', '|'), ('కా', 'U'), ('ని', '|'), ('కా', 'U'), ('ఱు', '|'), ('చి', 'U'), ('న్నె', '|'), ('ల', '|'), ('ల', '|'), ('కు', '|'), ('దా', 'U'), ('ళ', '|'), ('లే', 'U'), ('న', '|'), ('యి', '|'), ('తి', '|'), ('నీ', 'U'), ('వె', '|'), ('టు', '|'), ('లో', 'U'), ('ర్తు', '|'), ('వె', '|'), ('సుం', 'U'), ('ద', '|'), ('రీ', 'U'), ('మ', '|'), ('ణీ', 'U')]",1.0,1.0,1.0,1.0,1.0,1.0
vutpalamaala,"నీ జటపై జవాదిపస నిద్దపు నెమ్మెయిఁ గుల్క దావకో-
రోజమృగీమదాంకితపు ఱొమ్ముదుడై తగ నీదు కన్నులన్
రాజిలు కాటుకంటు నధరంబు వెలింగెడు నన్నుఁ జూచి యా-
లీజనులెల్ల నవ్వ, దరిలేని ముదంబగు సుందరీమణీ!",vruttamu,Sundariimani,"[('నీ', 'U'), ('జ', '|'), ('ట', '|'), ('పై', 'U'), ('జ', '|'), ('వా', 'U'), ('ది', '|'), ('ప', '|'), ('స', '|'), ('ని', 'U'), ('ద్ద', '|'), ('పు', '|'), ('నె', 'U'), ('మ్మె', '|'), ('యి', '|'), ('గు', 'U'), ('ల్క', '|'), ('దా', 'U'), ('వ', '|'), ('కో', 'U'), ('రో', 'U'), ('జ', '|'), ('మృ', '|'), ('గీ', 'U'), ('మ', '|'), ('దాం', 'U'), ('కి', '|'), ('త', '|'), ('పు', '|'), ('ఱొ', 'U'), ('మ్ము', '|'), ('దు', '|'), ('డై', 'U'), ('త', '|'), ('గ', '|'), ('నీ', 'U'), ('దు', '|'), ('క', 'U'), ('న్ను', '|'), ('లన్', 'U'), ('రా', 'U'), ('జి', '|'), ('లు', '|'), ('కా', 'U'), ('టు', '|'), ('కం', 'U'), ('టు', '|'), ('న', '|'), ('ధ', '|'), ('రం', 'U'), ('బు', '|'), ('వె', '|'), ('లిం', 'U'), ('గె', '|'), ('డు', '|'), ('న', 'U'), ('న్ను', '|'), ('జూ', 'U'), ('చి', '|'), ('యా', 'U'), ('లీ', 'U'), ('జ', '|'), ('ను', '|'), ('లె', 'U'), ('ల్ల', '|'), ('న', 'U'), ('వ్వ', '|'), ('ద', '|'), ('రి', '|'), ('లే', 'U'), ('ని', '|'), ('ము', '|'), ('దం', 'U'), ('బ', '|'), ('గు', '|'), ('సుం', 'U'), ('ద', '|'), ('రీ', 'U'), ('మ', '|'), ('ణీ', 'U')]",1.0,1.0,1.0,1.0,1.0,1.0
champakamaala,"అలరులశయ్యఁ బండి, మనమవ్వలిమోములు చేసి యల్కచే
పలుకక యుండి యొండొరులఁ బల్మరుచూడక యుండఁ జూచుచో
నెలమి నొకింత సేపటికి నిద్దరిచూపులుఁ దారసిల్లినన్
కిలకిలనే కవుంగిళులఁ గేరుచునుందువు సుందరీమణీ!",vruttamu,Sundariimani,"[('అ', '|'), ('ల', '|'), ('రు', '|'), ('ల', '|'), ('శ', 'U'), ('య్య', '|'), ('బం', 'U'), ('డి', '|'), ('మ', '|'), ('న', '|'), ('మ', 'U'), ('వ్వ', '|'), ('లి', '|'), ('మో', 'U'), ('ము', '|'), ('లు', '|'), ('చే', 'U'), ('సి', '|'), ('య', 'U'), ('ల్క', '|'), ('చే', 'U'), ('ప', '|'), ('లు', '|'), ('క', '|'), ('క', '|'), ('యుం', 'U'), ('డి', '|'), ('యొం', 'U'), ('డొ', '|'), ('రు', '|'), ('ల', '|'), ('బ', 'U'), ('ల్మ', '|'), ('రు', '|'), ('చూ', 'U'), ('డ', '|'), ('క', '|'), ('యుం', 'U'), ('డ', '|'), ('జూ', 'U'), ('చు', '|'), ('చో', 'U'), ('నె', '|'), ('ల', '|'), ('మి', '|'), ('నొ', '|'), ('కిం', 'U'), ('త', '|'), ('సే', 'U'), ('ప', '|'), ('టి', '|'), ('కి', '|'), ('ని', 'U'), ('ద్ద', '|'), ('రి', '|'), ('చూ', 'U'), ('పు', '|'), ('లు', '|'), ('దా', 'U'), ('ర', '|'), ('సి', 'U'), ('ల్లి', '|'), ('నన్', 'U'), ('కి', '|'), ('ల', '|'), ('కి', '|'), ('ల', '|'), ('నే', 'U'), ('క', '|'), ('వుం', 'U'), ('గి', '|'), ('ళు', '|'), ('ల', '|'), ('గే', 'U'), ('రు', '|'), ('చు', '|'), ('నుం', 'U'), ('దు', '|'), ('వు', '|'), ('సుం', 'U'), ('ద', '|'), ('రీ', 'U'), ('మ', '|'), ('ణీ', 'U')]",0.95,1.0,1.0,1.0,0.75,1.0
vutpalamaala,"వింతగ నన్ను నీవు బదివేలవిధంబుల నవ్వులాట కొ-
ట్టింతువు మాటల న్నెదఘటింతువు చన్గవ యల్కసేయ న-
వ్వింతువు పల్కుఁ గప్పురపు వీడె మొసంగి మనోజరాజ్య మే-
లింతువు నీ గతుల్ పొగడలేము గదే మది సుందరీమణీ!",vruttamu,Sundariimani,"[('విం', 'U'), ('త', '|'), ('గ', '|'), ('న', 'U'), ('న్ను', '|'), ('నీ', 'U'), ('వు', '|'), ('బ', '|'), ('ది', '|'), ('వే', 'U'), ('ల', '|'), ('వి', '|'), ('ధం', 'U'), ('బు', '|'), ('ల', '|'), ('న', 'U'), ('వ్వు', '|'), ('లా', 'U'), ('ట', '|'), ('కొ', 'U'), ('ట్టిం', 'U'), ('తు', '|'), ('వు', '|'), ('మా', 'U'), ('ట', '|'), ('ల', 'U'), ('న్నె', '|'), ('ద', '|'), ('ఘ', '|'), ('టిం', 'U'), ('తు', '|'), ('వు', '|'), ('చ', 'U'), ('న్గ', '|'), ('వ', '|'), ('య', 'U'), ('ల్క', '|'), ('సే', 'U'), ('య', '|'), ('న', 'U'), ('వ్విం', 'U'), ('తు', '|'), ('వు', '|'), ('ప', 'U'), ('ల్కు', '|'), ('గ', 'U'), ('ప్పు', '|'), ('ర', '|'), ('పు', '|'), ('వీ', 'U'), ('డె', '|'), ('మొ', '|'), ('సం', 'U'), ('గి', '|'), ('మ', '|'), ('నో', 'U'), ('జ', '|'), ('రా', 'U'), ('జ్య', '|'), ('మే', 'U'), ('లిం', 'U'), ('తు', '|'), ('వు', '|'), ('నీ', 'U'), ('గ', '|'), ('తు', 'U'), ('ల్పొ', '|'), ('గ', '|'), ('డ', '|'), ('లే', 'U'), ('ము', '|'), ('గ', '|'), ('దే', 'U'), ('మ', '|'), ('ది', '|'), ('సుం', 'U'), ('ద', '|'), ('రీ', 'U'), ('మ', '|'), ('ణీ', 'U')]",1.0,1.0,1.0,1.0,1.0,1.0
champakamaala,"తొలఁగక చెంతనున్న ననుఁ దొంగిలి రెప్పలఁ జూచిచూడన-
ట్టులు వగగుల్కియుండెడు గడున్ బయనం బరుగంగ వేఁగి వి-
చ్చలవిడి సౌధవీథిపయి చాయలఁ జూచెద వోరగంటనే
పొలమున వెళ్లు నీ బెళుకుఁబొంకపుఁ జూపులు సుందరీమణీ!",vruttamu,Sundariimani,"[('తొ', '|'), ('ల', '|'), ('గ', '|'), ('క', '|'), ('చెం', 'U'), ('త', '|'), ('ను', 'U'), ('న్న', '|'), ('న', '|'), ('ను', '|'), ('దొం', 'U'), ('గి', '|'), ('లి', '|'), ('రె', 'U'), ('ప్ప', '|'), ('ల', '|'), ('జూ', 'U'), ('చి', '|'), ('చూ', 'U'), ('డ', '|'), ('న', 'U'), ('ట్టు', '|'), ('లు', '|'), ('వ', '|'), ('గ', '|'), ('గు', 'U'), ('ల్కి', '|'), ('యుం', 'U'), ('డె', '|'), ('డు', '|'), ('గ', '|'), ('డు', 'U'), ('న్బ', '|'), ('య', '|'), ('నం', 'U'), ('బ', '|'), ('రు', '|'), ('గం', 'U'), ('గ', '|'), ('వే', 'U'), ('గి', '|'), ('వి', 'U'), ('చ్చ', '|'), ('ల', '|'), ('వి', '|'), ('డి', '|'), ('సౌ', 'U'), ('ధ', '|'), ('వీ', 'U'), ('థి', '|'), ('ప', '|'), ('యి', '|'), ('చా', 'U'), ('య', '|'), ('ల', '|'), ('జూ', 'U'), ('చె', '|'), ('ద', '|'), ('వో', 'U'), ('ర', '|'), ('గం', 'U'), ('ట', '|'), ('నే', 'U'), ('పొ', '|'), ('ల', '|'), ('ము', '|'), ('న', '|'), ('వె', 'U'), ('ళ్లు', '|'), ('నీ', 'U'), ('బె', '|'), ('ళు', '|'), ('కు', '|'), ('బొం', 'U'), ('క', '|'), ('పు', '|'), ('జూ', 'U'), ('పు', '|'), ('లు', '|'), ('సుం', 'U'), ('ద', '|'), ('రీ', 'U'), ('మ', '|'), ('ణీ', 'U')]",1.0,1.0,1.0,1.0,1.0,1.0
champakamaala,"నను నెడబాసి యుండిన దినంబుల లెక్కలఁ గొంతసేపు, నా
మునుపటి కేళిలో మెలఁగి ముచ్చటలాడుట కొంతసేపు, నా
కనుగుణమైన వస్తువుల నంపెడు సందడిఁ గొంతసేపు, నొ-
య్యన పవలెల్ల నోర్చి నిశియం దెటులోర్తువొ సుందరీమణీ!",vruttamu,Sundariimani,"[('న', '|'), ('ను', '|'), ('నె', '|'), ('డ', '|'), ('బా', 'U'), ('సి', '|'), ('యుం', 'U'), ('డి', '|'), ('న', '|'), ('ది', '|'), ('నం', 'U'), ('బు', '|'), ('ల', '|'), ('లె', 'U'), ('క్క', '|'), ('ల', '|'), ('గొం', 'U'), ('త', '|'), ('సే', 'U'), ('పు', '|'), ('నా', 'U'), ('ము', '|'), ('ను', '|'), ('ప', '|'), ('టి', '|'), ('కే', 'U'), ('ళి', '|'), ('లో', 'U'), ('మె', '|'), ('ల', '|'), ('గి', '|'), ('ము', 'U'), ('చ్చ', '|'), ('ట', '|'), ('లా', 'U'), ('డు', '|'), ('ట', '|'), ('కొం', 'U'), ('త', '|'), ('సే', 'U'), ('పు', '|'), ('నా', 'U'), ('క', '|'), ('ను', '|'), ('గు', '|'), ('ణ', '|'), ('మై', 'U'), ('న', '|'), ('వ', 'U'), ('స్తు', '|'), ('వు', '|'), ('ల', '|'), ('నం', 'U'), ('పె', '|'), ('డు', '|'), ('సం', 'U'), ('ద', '|'), ('డి', '|'), ('గొం', 'U'), ('త', '|'), ('సే', 'U'), ('పు', '|'), ('నొ', 'U'), ('య్య', '|'), ('న', '|'), ('ప', '|'), ('వ', '|'), ('లె', 'U'), ('ల్ల', '|'), ('నో', 'U'), ('ర్చి', '|'), ('ని', '|'), ('శి', '|'), ('యం', 'U'), ('దె', '|'), ('టు', '|'), ('లో', 'U'), ('ర్తు', '|'), ('వొ', '|'), ('సుం', 'U'), ('ద', '|'), ('రీ', 'U'), ('మ', '|'), ('ణీ', 'U')]",0.95,1.0,1.0,1.0,0.75,1.0
champakamaala,"పెనిమిటి కాంచలేఁడనియుఁ బిల్చినఁ బల్కవటంచుఁ దోడి జ-
వ్వను లెకసక్కెమాడ నొకవైఖరిఁ బల్కుచు నొంటి బాగులే-
దని వెత నిద్రయోగిరమునందక కుందుచు నూపిరెల్ల ము-
క్కుననిడి యుంటివంచు విని గుండెలు నిల్వవు సుందరీమణీ!",vruttamu,Sundariimani,"[('పె', '|'), ('ని', '|'), ('మి', '|'), ('టి', '|'), ('కాం', 'U'), ('చ', '|'), ('లే', 'U'), ('డ', '|'), ('ని', '|'), ('యు', '|'), ('బి', 'U'), ('ల్చి', '|'), ('న', '|'), ('బ', 'U'), ('ల్క', '|'), ('వ', '|'), ('టం', 'U'), ('చు', '|'), ('దో', 'U'), ('డి', '|'), ('జ', 'U'), ('వ్వ', '|'), ('ను', '|'), ('లె', '|'), ('క', '|'), ('స', 'U'), ('క్కె', '|'), ('మా', 'U'), ('డ', '|'), ('నొ', '|'), ('క', '|'), ('వై', 'U'), ('ఖ', '|'), ('రి', '|'), ('బ', 'U'), ('ల్కు', '|'), ('చు', '|'), ('నొం', 'U'), ('టి', '|'), ('బా', 'U'), ('గు', '|'), ('లే', 'U'), ('ద', '|'), ('ని', '|'), ('వె', '|'), ('త', '|'), ('ని', '|'), ('ద్ర', '|'), ('యో', 'U'), ('గి', '|'), ('ర', '|'), ('ము', '|'), ('నం', 'U'), ('ద', '|'), ('క', '|'), ('కుం', 'U'), ('దు', '|'), ('చు', '|'), ('నూ', 'U'), ('పి', '|'), ('రె', 'U'), ('ల్ల', '|'), ('ము', 'U'), ('క్కు', '|'), ('న', '|'), ('ని', '|'), ('డి', '|'), ('యుం', 'U'), ('టి', '|'), ('వం', 'U'), ('చు', '|'), ('వి', '|'), ('ని', '|'), ('గుం', 'U'), ('డె', '|'), ('లు', '|'), ('ని', 'U'), ('ల్వ', '|'), ('వు', '|'), ('సుం', 'U'), ('ద', '|'), ('రీ', 'U'), ('మ', '|'), ('ణీ', 'U')]",0.9428571428571428,1.0,1.0,0.9642857142857143,0.75,1.0
champakamaala,"రతి మును గేలిసోలి నడురాతిరి మేల్కని నేను నిన్ బునా-
రతమతిఁ గౌఁగిలించినఁ బిరాలున నవ్వలికేఁగి రాక య-
ద్భుతపడి నేను బిల్వ విని ప్రొద్దిక నెంతని పల్కి సిగ్గుతో
ఋతుమతివౌట తెల్పకయె యేర్పడఁ దెల్పుదు సుందరీమణీ!",vruttamu,Sundariimani,"[('ర', '|'), ('తి', '|'), ('ము', '|'), ('ను', '|'), ('గే', 'U'), ('లి', '|'), ('సో', 'U'), ('లి', '|'), ('న', '|'), ('డు', '|'), ('రా', 'U'), ('తి', '|'), ('రి', '|'), ('మే', 'U'), ('ల్క', '|'), ('ని', '|'), ('నే', 'U'), ('ను', '|'), ('ని', 'U'), ('న్బు', '|'), ('నా', 'U'), ('ర', '|'), ('త', '|'), ('మ', '|'), ('తి', '|'), ('గౌ', 'U'), ('గి', '|'), ('లిం', 'U'), ('చి', '|'), ('న', '|'), ('బి', '|'), ('రా', 'U'), ('లు', '|'), ('న', '|'), ('న', 'U'), ('వ్వ', '|'), ('లి', '|'), ('కే', 'U'), ('గి', '|'), ('రా', 'U'), ('క', '|'), ('య', 'U'), ('ద్భు', '|'), ('త', '|'), ('ప', '|'), ('డి', '|'), ('నే', 'U'), ('ను', '|'), ('బి', 'U'), ('ల్వ', '|'), ('వి', '|'), ('ని', '|'), ('ప్రొ', 'U'), ('ద్ది', '|'), ('క', '|'), ('నెం', 'U'), ('త', '|'), ('ని', '|'), ('ప', 'U'), ('ల్కి', '|'), ('సి', 'U'), ('గ్గు', '|'), ('తో', 'U'), ('ఋ', '|'), ('తు', '|'), ('మ', '|'), ('తి', '|'), ('వౌ', 'U'), ('ట', '|'), ('తె', 'U'), ('ల్ప', '|'), ('క', '|'), ('యె', '|'), ('యే', 'U'), ('ర్ప', '|'), ('డ', '|'), ('దె', 'U'), ('ల్పు', '|'), ('దు', '|'), ('సుం', 'U'), ('ద', '|'), ('రీ', 'U'), ('మ', '|'), ('ణీ', 'U')]",0.95,1.0,1.0,1.0,0.75,1.0
champakamaala,"పటుగతిఁ బూవుబంతి చనుబంతులపై గురిచేసి వ్రేయగా
తటుకున నొడ్డి పుచ్చుకొని తక్కుచు నీ పనికేమి తాళుమం-
చిటునటు చూచిచూచి వలయింపుచు నవ్వుచు మూఁడునాళ్లు ము-
చ్చటలనె తెల్లవాఱఁ బలుసందడి నుందువు సుందరీమణీ!",vruttamu,Sundariimani,"[('ప', '|'), ('టు', '|'), ('గ', '|'), ('తి', '|'), ('బూ', 'U'), ('వు', '|'), ('బం', 'U'), ('తి', '|'), ('చ', '|'), ('ను', '|'), ('బం', 'U'), ('తు', '|'), ('ల', '|'), ('పై', 'U'), ('గు', '|'), ('రి', '|'), ('చే', 'U'), ('సి', '|'), ('వ్రే', 'U'), ('య', '|'), ('గా', 'U'), ('త', '|'), ('టు', '|'), ('కు', '|'), ('న', '|'), ('నొ', 'U'), ('డ్డి', '|'), ('పు', 'U'), ('చ్చు', '|'), ('కొ', '|'), ('ని', '|'), ('త', 'U'), ('క్కు', '|'), ('చు', '|'), ('నీ', 'U'), ('ప', '|'), ('ని', '|'), ('కే', 'U'), ('మి', '|'), ('తా', 'U'), ('ళు', '|'), ('మం', 'U'), ('చి', '|'), ('టు', '|'), ('న', '|'), ('టు', '|'), ('చూ', 'U'), ('చి', '|'), ('చూ', 'U'), ('చి', '|'), ('వ', '|'), ('ల', '|'), ('యిం', 'U'), ('పు', '|'), ('చు', '|'), ('న', 'U'), ('వ్వు', '|'), ('చు', '|'), ('మూ', 'U'), ('డు', '|'), ('నా', 'U'), ('ళ్లు', '|'), ('ము', 'U'), ('చ్చ', '|'), ('ట', '|'), ('ల', '|'), ('నె', '|'), ('తె', 'U'), ('ల్ల', '|'), ('వా', 'U'), ('ఱ', '|'), ('బ', '|'), ('లు', '|'), ('సం', 'U'), ('ద', '|'), ('డి', '|'), ('నుం', 'U'), ('దు', '|'), ('వు', '|'), ('సుం', 'U'), ('ద', '|'), ('రీ', 'U'), ('మ', '|'), ('ణీ', 'U')]",0.95,1.0,1.0,1.0,0.75,1.0
champakamaala,"గొదగొని మోవులానుచును గొంకక నేఁ బయికొందునంచు మైఁ
బొదలి పెనంగులాడి చలవొంది వచించఁగరాని చేష్టలన్
మదనుని కేళిలో మెలఁగు నాలవనాఁటి గతుల్ తలంచితే
హృదయము జల్లుజల్లుమను నెంతని యోర్చెద సుందరీమణీ!",vruttamu,Sundariimani,"[('గొ', '|'), ('ద', '|'), ('గొ', '|'), ('ని', '|'), ('మో', 'U'), ('వు', '|'), ('లా', 'U'), ('ను', '|'), ('చు', '|'), ('ను', '|'), ('గొం', 'U'), ('క', '|'), ('క', '|'), ('నే', 'U'), ('బ', '|'), ('యి', '|'), ('కొం', 'U'), ('దు', '|'), ('నం', 'U'), ('చు', '|'), ('మై', 'U'), ('బొ', '|'), ('ద', '|'), ('లి', '|'), ('పె', '|'), ('నం', 'U'), ('గు', '|'), ('లా', 'U'), ('డి', '|'), ('చ', '|'), ('ల', '|'), ('వొం', 'U'), ('ది', '|'), ('వ', '|'), ('చిం', 'U'), ('చ', '|'), ('గ', '|'), ('రా', 'U'), ('ని', '|'), ('చే', 'U'), ('ష్ట', '|'), ('లన్', 'U'), ('మ', '|'), ('ద', '|'), ('ను', '|'), ('ని', '|'), ('కే', 'U'), ('ళి', '|'), ('లో', 'U'), ('మె', '|'), ('ల', '|'), ('గు', '|'), ('నా', 'U'), ('ల', '|'), ('వ', '|'), ('నా', 'U'), ('టి', '|'), ('గ', '|'), ('తు', 'U'), ('ల్త', '|'), ('లం', 'U'), ('చి', '|'), ('తే', 'U'), ('హృ', '|'), ('ద', '|'), ('య', '|'), ('ము', '|'), ('జ', 'U'), ('ల్లు', '|'), ('జ', 'U'), ('ల్లు', '|'), ('మ', '|'), ('ను', '|'), ('నెం', 'U'), ('త', '|'), ('ని', '|'), ('యో', 'U'), ('ర్చె', '|'), ('ద', '|'), ('సుం', 'U'), ('ద', '|'), ('రీ', 'U'), ('మ', '|'), ('ణీ', 'U')]",0.85,1.0,1.0,1.0,0.25,1.0
vutpalamaala,"ఏ గతినోర్తునే జలరుహేక్షణ! నే క్షణమైనఁ బాయగా
లేఁ గదవే సువర్ణకదళీసదళీనకరోరుయుగ్మ య-
య్యో గురిదప్పకుండ మరుఁ డుల్లము జల్లెడతూంట్లు చేసెనే
యో గజయాన! యో రమణి! యో జగదద్భుతసుందరీమణీ!",vruttamu,Sundariimani,"[('ఏ', 'U'), ('గ', '|'), ('తి', '|'), ('నో', 'U'), ('ర్తు', '|'), ('నే', 'U'), ('జ', '|'), ('ల', '|'), ('రు', '|'), ('హే', 'U'), ('క్ష', '|'), ('ణ', '|'), ('నే', 'U'), ('క్ష', '|'), ('ణ', '|'), ('మై', 'U'), ('న', '|'), ('బా', 'U'), ('య', '|'), ('గా', 'U'), ('లే', 'U'), ('గ', '|'), ('ద', '|'), ('వే', 'U'), ('సు', '|'), ('వ', 'U'), ('ర్ణ', '|'), ('క', '|'), ('ద', '|'), ('ళీ', 'U'), ('స', '|'), ('ద', '|'), ('ళీ', 'U'), ('న', '|'), ('క', '|'), ('రో', 'U'), ('రు', '|'), ('యు', 'U'), ('గ్మ', '|'), ('య', 'U'), ('య్యో', 'U'), ('గు', '|'), ('రి', '|'), ('ద', 'U'), ('ప్ప', '|'), ('కుం', 'U'), ('డ', '|'), ('మ', '|'), ('రు', '|'), ('డు', 'U'), ('ల్ల', '|'), ('ము', '|'), ('జ', 'U'), ('ల్లె', '|'), ('డ', '|'), ('తూం', 'U'), ('ట్లు', '|'), ('చే', 'U'), ('సె', '|'), ('నే', 'U'), ('యో', 'U'), ('గ', '|'), ('జ', '|'), ('యా', 'U'), ('న', '|'), ('యో', 'U'), ('ర', '|'), ('మ', '|'), ('ణి', '|'), ('యో', 'U'), ('జ', '|'), ('గ', '|'), ('ద', 'U'), ('ద్భు', '|'), ('త', '|'), ('సుం', 'U'), ('ద', '|'), ('రీ', 'U'), ('మ', '|'), ('ణీ', 'U')]",0.9,1.0,1.0,1.0,0.5,1.0
vutpalamaala,"కన్నియ యిప్పుడేల కడకట్ట ప్రయాణము దీర్చివచ్చి నిన్
గన్నులఁ జూచి సంతసిలఁగల్గెడు పోఁడిమి పట్టినంతలో
నెన్నిదినంబు లుంటివని యెంతయుఁ గోపముమాని బిగ్గఱన్
నన్నుఁ గవుంగలించుకొని నా వెత దీర్పవె సుందరీమణీ!",vruttamu,Sundariimani,"[('క', 'U'), ('న్ని', '|'), ('య', '|'), ('యి', 'U'), ('ప్పు', '|'), ('డే', 'U'), ('ల', '|'), ('క', '|'), ('డ', '|'), ('క', 'U'), ('ట్ట', '|'), ('ప్ర', '|'), ('యా', 'U'), ('ణ', '|'), ('ము', '|'), ('దీ', 'U'), ('ర్చి', '|'), ('వ', 'U'), ('చ్చి', '|'), ('నిన్', 'U'), ('గ', 'U'), ('న్ను', '|'), ('ల', '|'), ('జూ', 'U'), ('చి', '|'), ('సం', 'U'), ('త', '|'), ('సి', '|'), ('ల', '|'), ('గ', 'U'), ('ల్గె', '|'), ('డు', '|'), ('పో', 'U'), ('డి', '|'), ('మి', '|'), ('ప', 'U'), ('ట్టి', '|'), ('నం', 'U'), ('త', '|'), ('లో', 'U'), ('నె', 'U'), ('న్ని', '|'), ('ది', '|'), ('నం', 'U'), ('బు', '|'), ('లుం', 'U'), ('టి', '|'), ('వ', '|'), ('ని', '|'), ('యెం', 'U'), ('త', '|'), ('యు', '|'), ('గో', 'U'), ('ప', '|'), ('ము', '|'), ('మా', 'U'), ('ని', '|'), ('బి', 'U'), ('గ్గ', '|'), ('ఱన్', 'U'), ('న', 'U'), ('న్ను', '|'), ('గ', '|'), ('వుం', 'U'), ('గ', '|'), ('లిం', 'U'), ('చు', '|'), ('కొ', '|'), ('ని', '|'), ('నా', 'U'), ('వె', '|'), ('త', '|'), ('దీ', 'U'), ('ర్ప', '|'), ('వె', '|'), ('సుం', 'U'), ('ద', '|'), ('రీ', 'U'), ('మ', '|'), ('ణీ', 'U')]",0.95,1.0,1.0,1.0,0.75,1.0
champakamaala,"కురులకుఁ గృష్ణభావమును గుబ్బల కచ్యుతరీతి కర్ణవై-
ఖరికల శ్రీవరప్రతిభ కౌనునకున్ హరిమంగళాకృతుల్
కరముఁ జెలంగు నీకు; కలకాలము నిన్ను దలంచఁ బాయు దు-
ష్కరపరితాపమెల్ల నవసారసలోచన సుందరీమణీ!",vruttamu,Sundariimani,"[('కు', '|'), ('రు', '|'), ('ల', '|'), ('కు', '|'), ('గృ', 'U'), ('ష్ణ', '|'), ('భా', 'U'), ('వ', '|'), ('ము', '|'), ('ను', '|'), ('గు', 'U'), ('బ్బ', '|'), ('ల', '|'), ('క', 'U'), ('చ్యు', '|'), ('త', '|'), ('రీ', 'U'), ('తి', '|'), ('క', 'U'), ('ర్ణ', '|'), ('వై', 'U'), ('ఖ', '|'), ('రి', '|'), ('క', '|'), ('ల', '|'), ('శ్రీ', 'U'), ('వ', '|'), ('ర', '|'), ('ప్ర', '|'), ('తి', '|'), ('భ', '|'), ('కౌ', 'U'), ('ను', '|'), ('న', '|'), ('కు', 'U'), ('న్హ', '|'), ('రి', '|'), ('మం', 'U'), ('గ', '|'), ('ళా', 'U'), ('కృ', '|'), ('తుల్', 'U'), ('క', '|'), ('ర', '|'), ('ము', '|'), ('జె', '|'), ('లం', 'U'), ('గు', '|'), ('నీ', 'U'), ('కు', '|'), ('క', '|'), ('ల', '|'), ('కా', 'U'), ('ల', '|'), ('ము', '|'), ('ని', 'U'), ('న్ను', '|'), ('ద', '|'), ('లం', 'U'), ('చ', '|'), ('బా', 'U'), ('యు', '|'), ('దు', 'U'), ('ష్క', '|'), ('ర', '|'), ('ప', '|'), ('రి', '|'), ('తా', 'U'), ('ప', '|'), ('మె', 'U'), ('ల్ల', '|'), ('న', '|'), ('వ', '|'), ('సా', 'U'), ('ర', '|'), ('స', '|'), ('లో', 'U'), ('చ', '|'), ('న', '|'), ('సుం', 'U'), ('ద', '|'), ('రీ', 'U'), ('మ', '|'), ('ణీ', 'U')]",0.9928571428571429,1.0,1.0,0.9642857142857143,1.0,1.0
champakamaala,"అలికులవేణి నీ కొరకు నన్నలఁ దమ్ములఁ బాసి వస్తి నీ
కులుకుమిటారిగబ్బిచనుగుబ్బల నొత్తుచుఁ గౌఁగిలించవే
కలికిరొ నీకు గుండె బలుకట్టిఁడి దైవము రాయి చేసెనే
చెలియరొ నీకు నా యుసురు చెందక మానునె సుందరీమణీ!",vruttamu,Sundariimani,"[('అ', '|'), ('లి', '|'), ('కు', '|'), ('ల', '|'), ('వే', 'U'), ('ణి', '|'), ('నీ', 'U'), ('కొ', '|'), ('ర', '|'), ('కు', '|'), ('న', 'U'), ('న్న', '|'), ('ల', '|'), ('ద', 'U'), ('మ్ము', '|'), ('ల', '|'), ('బా', 'U'), ('సి', '|'), ('వ', 'U'), ('స్తి', '|'), ('నీ', 'U'), ('కు', '|'), ('లు', '|'), ('కు', '|'), ('మి', '|'), ('టా', 'U'), ('రి', '|'), ('గ', 'U'), ('బ్బి', '|'), ('చ', '|'), ('ను', '|'), ('గు', 'U'), ('బ్బ', '|'), ('ల', '|'), ('నొ', 'U'), ('త్తు', '|'), ('చు', '|'), ('గౌ', 'U'), ('గి', '|'), ('లిం', 'U'), ('చ', '|'), ('వే', 'U'), ('క', '|'), ('లి', '|'), ('కి', '|'), ('రొ', '|'), ('నీ', 'U'), ('కు', '|'), ('గుం', 'U'), ('డె', '|'), ('బ', '|'), ('లు', '|'), ('క', 'U'), ('ట్టి', '|'), ('డి', '|'), ('దై', 'U'), ('వ', '|'), ('ము', '|'), ('రా', 'U'), ('యి', '|'), ('చే', 'U'), ('సె', '|'), ('నే', 'U'), ('చె', '|'), ('లి', '|'), ('య', '|'), ('రొ', '|'), ('నీ', 'U'), ('కు', '|'), ('నా', 'U'), ('యు', '|'), ('సు', '|'), ('రు', '|'), ('చెం', 'U'), ('ద', '|'), ('క', '|'), ('మా', 'U'), ('ను', '|'), ('నె', '|'), ('సుం', 'U'), ('ద', '|'), ('రీ', 'U'), ('మ', '|'), ('ణీ', 'U')]",0.95,1.0,1.0,1.0,0.75,1.0
vutpalamaala,"తే వదనస్య చంద్రరుచిధిక్కరణప్రతిభాస్తు; తే దృశో-
భావభవోత్పలాంబురుహబాణకదంబజయోస్తు సంతతం
తే వచనస్య కోకిలతతిప్రవరాయసకృద్విధోస్తటం-
చే వినుతింతు నీకు శుభమీయఁగ దేవుని సుందరీమణీ!",vruttamu,Sundariimani,"[('తే', 'U'), ('వ', '|'), ('ద', '|'), ('న', 'U'), ('స్య', '|'), ('చం', 'U'), ('ద్ర', '|'), ('రు', '|'), ('చి', '|'), ('ధి', 'U'), ('క్క', '|'), ('ర', '|'), ('ణ', '|'), ('ప్ర', '|'), ('తి', '|'), ('భా', 'U'), ('స్తు', '|'), ('తే', 'U'), ('దృ', '|'), ('శో', 'U'), ('భా', 'U'), ('వ', '|'), ('భ', '|'), ('వో', 'U'), ('త్ప', '|'), ('లాం', 'U'), ('బు', '|'), ('రు', '|'), ('హ', '|'), ('బా', 'U'), ('ణ', '|'), ('క', '|'), ('దం', 'U'), ('బ', '|'), ('జ', '|'), ('యో', 'U'), ('స్తు', '|'), ('సం', 'U'), ('త', '|'), ('తం', 'U'), ('తే', 'U'), ('వ', '|'), ('చ', '|'), ('న', 'U'), ('స్య', '|'), ('కో', 'U'), ('కి', '|'), ('ల', '|'), ('త', '|'), ('తి', '|'), ('ప్ర', '|'), ('వ', '|'), ('రా', 'U'), ('య', '|'), ('స', '|'), ('కృ', 'U'), ('ద్వి', '|'), ('ధో', 'U'), ('స్త', '|'), ('టం', 'U'), ('చే', 'U'), ('వి', '|'), ('ను', '|'), ('తిం', 'U'), ('తు', '|'), ('నీ', 'U'), ('కు', '|'), ('శు', '|'), ('భ', '|'), ('మీ', 'U'), ('య', '|'), ('గ', '|'), ('దే', 'U'), ('వు', '|'), ('ని', '|'), ('సుం', 'U'), ('ద', '|'), ('రీ', 'U'), ('మ', '|'), ('ణీ', 'U')]",0.9357142857142857,1.0,1.0,0.9285714285714286,0.75,1.0
seesamu,శ్రీకృష్ణు నెవ్వరు సేవించుచుందురో వైకుంఠపురమున వారు ఘనులుకమలనాభుని జిత్తకమలంబులో నిల్పి వసుధలో మెలగెడువాడు రాజుధనము మెండుగ గూర్చు ధన్యులెందరునైన స్వామిభక్తులతోటి సాటిగారుహరినామకీర్తన లతిభక్తి చేసినవారి దుష్కర్మముల్ వదలిపోను,vupajaathi,Taadimallaraajagopaala,"[('శ్రీ', 'U'), ('కృ', 'U'), ('ష్ణు', '|'), ('నె', 'U'), ('వ్వ', '|'), ('రు', '|'), ('సే', 'U'), ('విం', 'U'), ('చు', '|'), ('చుం', 'U'), ('దు', '|'), ('రో', 'U'), ('వై', 'U'), ('కుం', 'U'), ('ఠ', '|'), ('పు', '|'), ('ర', '|'), ('ము', '|'), ('న', '|'), ('వా', 'U'), ('రు', '|'), ('ఘ', '|'), ('ను', '|'), ('లు', '|'), ('క', '|'), ('మ', '|'), ('ల', '|'), ('నా', 'U'), ('భు', '|'), ('ని', '|'), ('జి', 'U'), ('త్త', '|'), ('క', '|'), ('మ', '|'), ('లం', 'U'), ('బు', '|'), ('లో', 'U'), ('ని', 'U'), ('ల్పి', '|'), ('వ', '|'), ('సు', '|'), ('ధ', '|'), ('లో', 'U'), ('మె', '|'), ('ల', '|'), ('గె', '|'), ('డు', '|'), ('వా', 'U'), ('డు', '|'), ('రా', 'U'), ('జు', '|'), ('ధ', '|'), ('న', '|'), ('ము', '|'), ('మెం', 'U'), ('డు', '|'), ('గ', '|'), ('గూ', 'U'), ('ర్చు', '|'), ('ధ', 'U'), ('న్యు', '|'), ('లెం', 'U'), ('ద', '|'), ('రు', '|'), ('నై', 'U'), ('న', 'U'), ('స్వా', 'U'), ('మి', '|'), ('భ', 'U'), ('క్తు', '|'), ('ల', '|'), ('తో', 'U'), ('టి', '|'), ('సా', 'U'), ('టి', '|'), ('గా', 'U'), ('రు', '|'), ('హ', '|'), ('రి', '|'), ('నా', 'U'), ('మ', '|'), ('కీ', 'U'), ('ర్త', '|'), ('న', '|'), ('ల', '|'), ('తి', '|'), ('భ', 'U'), ('క్తి', '|'), ('చే', 'U'), ('సి', '|'), ('న', '|'), ('వా', 'U'), ('రి', '|'), ('దు', 'U'), ('ష్క', 'U'), ('ర్మ', '|'), ('ము', 'U'), ('ల్వ', '|'), ('ద', '|'), ('లి', '|'), ('పో', 'U'), ('ను', '|')]",0.9479166666666666,-1.0,1.0,0.96875,0.875,-1.0
teytageethi,గలియుగమునం దొనర్చు నఘంబులెల్ల | బాసిపో గాక వెంబడి బడియు రావుకల్లగాదయ్య శ్రీతాడిమళ్ళవాస | రాజగోపాల నీ పూజ తేజమయ్యె.,vupajaathi,Taadimallaraajagopaala,"[('గ', '|'), ('లి', '|'), ('యు', '|'), ('గ', '|'), ('ము', '|'), ('నం', 'U'), ('దొ', '|'), ('న', 'U'), ('ర్చు', '|'), ('న', '|'), ('ఘం', 'U'), ('బు', '|'), ('లె', 'U'), ('ల్ల', '|'), ('బా', 'U'), ('సి', '|'), ('పో', 'U'), ('గా', 'U'), ('క', '|'), ('వెం', 'U'), ('బ', '|'), ('డి', '|'), ('బ', '|'), ('డి', '|'), ('యు', '|'), ('రా', 'U'), ('వు', '|'), ('క', 'U'), ('ల్ల', '|'), ('గా', 'U'), ('ద', 'U'), ('య్య', '|'), ('శ్రీ', 'U'), ('తా', 'U'), ('డి', '|'), ('మ', 'U'), ('ళ్ళ', '|'), ('వా', 'U'), ('స', '|'), ('రా', 'U'), ('జ', '|'), ('గో', 'U'), ('పా', 'U'), ('ల', '|'), ('నీ', 'U'), ('పూ', 'U'), ('జ', '|'), ('తే', 'U'), ('జ', '|'), ('మ', 'U'), ('య్యె', '|')]",0.9166666666666666,-1.0,1.0,1.0,0.75,-1.0
seesamu,నాథుండు బహుమంది నాటకస్త్రీలతో గలిసియున్నాడని కబురువింటిమగువలతోగూడి మఱచియున్నాడట రాధపై గృప యేల రాకపోయెబిలిచి చిన్నప్పుడు ప్రీతిజేసినవాడె యతివరో యిపుడేల యలిగినాడునెలతరో నావల్ల నేరమేమున్నది మాటాడమని నీవు మందలించి,vupajaathi,Taadimallaraajagopaala,"[('నా', 'U'), ('థుం', 'U'), ('డు', '|'), ('బ', '|'), ('హు', '|'), ('మం', 'U'), ('ది', '|'), ('నా', 'U'), ('ట', '|'), ('క', 'U'), ('స్త్రీ', 'U'), ('ల', '|'), ('తో', 'U'), ('గ', '|'), ('లి', '|'), ('సి', '|'), ('యు', 'U'), ('న్నా', 'U'), ('డ', '|'), ('ని', '|'), ('క', '|'), ('బు', '|'), ('రు', '|'), ('విం', 'U'), ('టి', '|'), ('మ', '|'), ('గు', '|'), ('వ', '|'), ('ల', '|'), ('తో', 'U'), ('గూ', 'U'), ('డి', '|'), ('మ', '|'), ('ఱ', '|'), ('చి', '|'), ('యు', 'U'), ('న్నా', 'U'), ('డ', '|'), ('ట', '|'), ('రా', 'U'), ('ధ', '|'), ('పై', 'U'), ('గృ', '|'), ('ప', '|'), ('యే', 'U'), ('ల', '|'), ('రా', 'U'), ('క', '|'), ('పో', 'U'), ('యె', '|'), ('బి', '|'), ('లి', '|'), ('చి', '|'), ('చి', 'U'), ('న్న', 'U'), ('ప్పు', '|'), ('డు', '|'), ('ప్రీ', 'U'), ('తి', '|'), ('జే', 'U'), ('సి', '|'), ('న', '|'), ('వా', 'U'), ('డె', '|'), ('య', '|'), ('తి', '|'), ('వ', '|'), ('రో', 'U'), ('యి', '|'), ('పు', '|'), ('డే', 'U'), ('ల', '|'), ('య', '|'), ('లి', '|'), ('గి', '|'), ('నా', 'U'), ('డు', '|'), ('నె', '|'), ('ల', '|'), ('త', '|'), ('రో', 'U'), ('నా', 'U'), ('వ', 'U'), ('ల్ల', '|'), ('నే', 'U'), ('ర', '|'), ('మే', 'U'), ('ము', 'U'), ('న్న', '|'), ('ది', '|'), ('మా', 'U'), ('టా', 'U'), ('డ', '|'), ('మ', '|'), ('ని', '|'), ('నీ', 'U'), ('వు', '|'), ('మం', 'U'), ('ద', '|'), ('లిం', 'U'), ('చి', '|')]",1.0,-1.0,1.0,1.0,1.0,-1.0
teytageethi,గట్టిగా కృష్ణు నిప్పుడు బట్టి తెచ్చి | మనసుదీర్పవే యీవేళ మళ్ళిరావెతరుణి నీవేగి యిచటికి తాడిమళ్ళ | రాజగోపాలు దేగదే రాజవదన.,vupajaathi,Taadimallaraajagopaala,"[('గ', 'U'), ('ట్టి', '|'), ('గా', 'U'), ('కృ', 'U'), ('ష్ణు', '|'), ('ని', 'U'), ('ప్పు', '|'), ('డు', '|'), ('బ', 'U'), ('ట్టి', '|'), ('తె', 'U'), ('చ్చి', '|'), ('మ', '|'), ('న', '|'), ('సు', '|'), ('దీ', 'U'), ('ర్ప', '|'), ('వే', 'U'), ('యీ', 'U'), ('వే', 'U'), ('ళ', '|'), ('మ', 'U'), ('ళ్ళి', '|'), ('రా', 'U'), ('వె', '|'), ('త', '|'), ('రు', '|'), ('ణి', '|'), ('నీ', 'U'), ('వే', 'U'), ('గి', '|'), ('యి', '|'), ('చ', '|'), ('టి', '|'), ('కి', '|'), ('తా', 'U'), ('డి', '|'), ('మ', 'U'), ('ళ్ళ', '|'), ('రా', 'U'), ('జ', '|'), ('గో', 'U'), ('పా', 'U'), ('లు', '|'), ('దే', 'U'), ('గ', '|'), ('దే', 'U'), ('రా', 'U'), ('జ', '|'), ('వ', '|'), ('ద', '|'), ('న', '|')]",1.0,-1.0,1.0,1.0,1.0,-1.0
seesamu,నాథుని కస్తూరినామంబు గన్గొని కలికి యెవ్వతె వాని గౌగిలించెదక్కుచు నా యింటి దగ్గర రాకుండ మాటున బెట్టిన మగువ యెవతెప్రియుని నా పనుల కొప్పించిన దెవ్వతె దానికి నా యుసుర్తగులుగాకదోషమంచెన్నక దుడుకులాడెవ్వతె మన్నన రావించి మరులుకొల్పె,vupajaathi,Taadimallaraajagopaala,"[('నా', 'U'), ('థు', '|'), ('ని', '|'), ('క', 'U'), ('స్తూ', 'U'), ('రి', '|'), ('నా', 'U'), ('మం', 'U'), ('బు', '|'), ('గ', 'U'), ('న్గొ', '|'), ('ని', '|'), ('క', '|'), ('లి', '|'), ('కి', '|'), ('యె', 'U'), ('వ్వ', '|'), ('తె', '|'), ('వా', 'U'), ('ని', '|'), ('గౌ', 'U'), ('గి', '|'), ('లిం', 'U'), ('చె', '|'), ('ద', 'U'), ('క్కు', '|'), ('చు', '|'), ('నా', 'U'), ('యిం', 'U'), ('టి', '|'), ('ద', 'U'), ('గ్గ', '|'), ('ర', '|'), ('రా', 'U'), ('కుం', 'U'), ('డ', '|'), ('మా', 'U'), ('టు', '|'), ('న', '|'), ('బె', 'U'), ('ట్టి', '|'), ('న', '|'), ('మ', '|'), ('గు', '|'), ('వ', '|'), ('యె', '|'), ('వ', '|'), ('తె', '|'), ('ప్రి', '|'), ('యు', '|'), ('ని', '|'), ('నా', 'U'), ('ప', '|'), ('ను', '|'), ('ల', '|'), ('కొ', 'U'), ('ప్పిం', 'U'), ('చి', '|'), ('న', '|'), ('దె', 'U'), ('వ్వ', '|'), ('తె', '|'), ('దా', 'U'), ('ని', '|'), ('కి', '|'), ('నా', 'U'), ('యు', '|'), ('సు', 'U'), ('ర్త', '|'), ('గు', '|'), ('లు', '|'), ('గా', 'U'), ('క', '|'), ('దో', 'U'), ('ష', '|'), ('మం', 'U'), ('చె', 'U'), ('న్న', '|'), ('క', '|'), ('దు', '|'), ('డు', '|'), ('కు', '|'), ('లా', 'U'), ('డె', 'U'), ('వ్వ', '|'), ('తె', '|'), ('మ', 'U'), ('న్న', '|'), ('న', '|'), ('రా', 'U'), ('విం', 'U'), ('చి', '|'), ('మ', '|'), ('రు', '|'), ('లు', '|'), ('కొ', 'U'), ('ల్పె', '|')]",1.0,-1.0,1.0,1.0,1.0,-1.0
teytageethi,దాని కోరిక లీడేర్చు దైవమిప్పు- | డెంత యాసక్తితోనున్న నింతె గదవెతరుణి నీవేగి యిచటికి తాడిమళ్ళ | రాజగోపాలు దేగదే రాజవదన.,vupajaathi,Taadimallaraajagopaala,"[('దా', 'U'), ('ని', '|'), ('కో', 'U'), ('రి', '|'), ('క', '|'), ('లీ', 'U'), ('డే', 'U'), ('ర్చు', '|'), ('దై', 'U'), ('వ', '|'), ('మి', 'U'), ('ప్పు', '|'), ('డెం', 'U'), ('త', '|'), ('యా', 'U'), ('స', 'U'), ('క్తి', '|'), ('తో', 'U'), ('ను', 'U'), ('న్న', '|'), ('నిం', 'U'), ('తె', '|'), ('గ', '|'), ('ద', '|'), ('వె', '|'), ('త', '|'), ('రు', '|'), ('ణి', '|'), ('నీ', 'U'), ('వే', 'U'), ('గి', '|'), ('యి', '|'), ('చ', '|'), ('టి', '|'), ('కి', '|'), ('తా', 'U'), ('డి', '|'), ('మ', 'U'), ('ళ్ళ', '|'), ('రా', 'U'), ('జ', '|'), ('గో', 'U'), ('పా', 'U'), ('లు', '|'), ('దే', 'U'), ('గ', '|'), ('దే', 'U'), ('రా', 'U'), ('జ', '|'), ('వ', '|'), ('ద', '|'), ('న', '|')]",1.0,-1.0,1.0,1.0,1.0,-1.0
seesamu,కౌస్తుభమణిహారకంకణంబుల జూచి రానియ్యదయ్యె నా రమణి యెవతినాసాగ్రమందున్న నవమౌక్తికము జూచి వలచిన దెవ్వతె నాడు వల్ల-భుని హరిచందనము మేన నలదికొన్నది చూచి పరిమళగంధి యెవతె పక్కజేర్చెశంఖచక్రములున్న పొంక మెవ్వతె చూచి బలవంతమున వాని భ్రమలు గొల్పె,vupajaathi,Taadimallaraajagopaala,"[('కౌ', 'U'), ('స్తు', '|'), ('భ', '|'), ('మ', '|'), ('ణి', '|'), ('హా', 'U'), ('ర', '|'), ('కం', 'U'), ('క', '|'), ('ణం', 'U'), ('బు', '|'), ('ల', '|'), ('జూ', 'U'), ('చి', '|'), ('రా', 'U'), ('ని', 'U'), ('య్య', '|'), ('ద', 'U'), ('య్యె', '|'), ('నా', 'U'), ('ర', '|'), ('మ', '|'), ('ణి', '|'), ('యె', '|'), ('వ', '|'), ('తి', '|'), ('నా', 'U'), ('సా', 'U'), ('గ్ర', '|'), ('మం', 'U'), ('దు', 'U'), ('న్న', '|'), ('న', '|'), ('వ', '|'), ('మౌ', 'U'), ('క్తి', '|'), ('క', '|'), ('ము', '|'), ('జూ', 'U'), ('చి', '|'), ('వ', '|'), ('ల', '|'), ('చి', '|'), ('న', '|'), ('దె', 'U'), ('వ్వ', '|'), ('తె', '|'), ('నా', 'U'), ('డు', '|'), ('వ', 'U'), ('ల్ల', '|'), ('భు', '|'), ('ని', '|'), ('హ', '|'), ('రి', '|'), ('చం', 'U'), ('ద', '|'), ('న', '|'), ('ము', '|'), ('మే', 'U'), ('న', '|'), ('న', '|'), ('ల', '|'), ('ది', '|'), ('కొ', 'U'), ('న్న', '|'), ('ది', '|'), ('చూ', 'U'), ('చి', '|'), ('ప', '|'), ('రి', '|'), ('మ', '|'), ('ళ', '|'), ('గం', 'U'), ('ధి', '|'), ('యె', '|'), ('వ', '|'), ('తె', '|'), ('ప', 'U'), ('క్క', '|'), ('జే', 'U'), ('ర్చె', '|'), ('శం', 'U'), ('ఖ', '|'), ('చ', '|'), ('క్ర', '|'), ('ము', '|'), ('లు', 'U'), ('న్న', '|'), ('పొం', 'U'), ('క', '|'), ('మె', 'U'), ('వ్వ', '|'), ('తె', '|'), ('చూ', 'U'), ('చి', '|'), ('బ', '|'), ('ల', '|'), ('వం', 'U'), ('త', '|'), ('ము', '|'), ('న', '|'), ('వా', 'U'), ('ని', '|'), ('భ్ర', '|'), ('మ', '|'), ('లు', '|'), ('గొ', 'U'), ('ల్పె', '|')]",0.8125,-1.0,1.0,0.8125,0.625,-1.0
teytageethi,నతివ యెవ్వతె దారిలో నడ్డగించి | పొదల కనుగొనిపోయె నాదు వల్లభునితరుణి నీవేగి యిచటికి తాడిమళ్ళ | రాజగోపాలు దేగదే రాజవదన.,vupajaathi,Taadimallaraajagopaala,"[('న', '|'), ('తి', '|'), ('వ', '|'), ('యె', 'U'), ('వ్వ', '|'), ('తె', '|'), ('దా', 'U'), ('రి', '|'), ('లో', 'U'), ('న', 'U'), ('డ్డ', '|'), ('గిం', 'U'), ('చి', '|'), ('పొ', '|'), ('ద', '|'), ('ల', '|'), ('క', '|'), ('ను', '|'), ('గొ', '|'), ('ని', '|'), ('పో', 'U'), ('యె', '|'), ('నా', 'U'), ('దు', '|'), ('వ', 'U'), ('ల్ల', '|'), ('భు', '|'), ('ని', '|'), ('త', '|'), ('రు', '|'), ('ణి', '|'), ('నీ', 'U'), ('వే', 'U'), ('గి', '|'), ('యి', '|'), ('చ', '|'), ('టి', '|'), ('కి', '|'), ('తా', 'U'), ('డి', '|'), ('మ', 'U'), ('ళ్ళ', '|'), ('రా', 'U'), ('జ', '|'), ('గో', 'U'), ('పా', 'U'), ('లు', '|'), ('దే', 'U'), ('గ', '|'), ('దే', 'U'), ('రా', 'U'), ('జ', '|'), ('వ', '|'), ('ద', '|'), ('న', '|')]",0.65,-1.0,1.0,0.7,0.25,-1.0
seesamu,సన్నజాజుల సొబగెన్ననేమిటికి నా పతి నన్ను విడనాడి పల్కనపుడురమణిరో కృష్ణుడు రాడాయెనని మది తళ్కు చీరయు గట్ట దలంపురాదువనితరో నా యేడువారాల సొమ్ముల బరిణె విప్పను నాకు భ్రాంతి లేదుఆభరణాలంకృతాంగినై యేనున్న ఫలమేమి కృష్ణుడు వలచిరాడు,vupajaathi,Taadimallaraajagopaala,"[('స', 'U'), ('న్న', '|'), ('జా', 'U'), ('జు', '|'), ('ల', '|'), ('సొ', '|'), ('బ', '|'), ('గె', 'U'), ('న్న', '|'), ('నే', 'U'), ('మి', '|'), ('టి', '|'), ('కి', '|'), ('నా', 'U'), ('ప', '|'), ('తి', '|'), ('న', 'U'), ('న్ను', '|'), ('వి', '|'), ('డ', '|'), ('నా', 'U'), ('డి', '|'), ('ప', 'U'), ('ల్క', '|'), ('న', '|'), ('పు', '|'), ('డు', '|'), ('ర', '|'), ('మ', '|'), ('ణి', '|'), ('రో', 'U'), ('కృ', 'U'), ('ష్ణు', '|'), ('డు', '|'), ('రా', 'U'), ('డా', 'U'), ('యె', '|'), ('న', '|'), ('ని', '|'), ('మ', '|'), ('ది', '|'), ('త', 'U'), ('ళ్కు', '|'), ('చీ', 'U'), ('ర', '|'), ('యు', '|'), ('గ', 'U'), ('ట్ట', '|'), ('ద', '|'), ('లం', 'U'), ('పు', '|'), ('రా', 'U'), ('దు', '|'), ('వ', '|'), ('ని', '|'), ('త', '|'), ('రో', 'U'), ('నా', 'U'), ('యే', 'U'), ('డు', '|'), ('వా', 'U'), ('రా', 'U'), ('ల', '|'), ('సొ', 'U'), ('మ్ము', '|'), ('ల', '|'), ('బ', '|'), ('రి', '|'), ('ణె', '|'), ('వి', 'U'), ('ప్ప', '|'), ('ను', '|'), ('నా', 'U'), ('కు', '|'), ('భ్రాం', 'U'), ('తి', '|'), ('లే', 'U'), ('దు', '|'), ('ఆ', 'U'), ('భ', '|'), ('ర', '|'), ('ణా', 'U'), ('లం', 'U'), ('కృ', '|'), ('తాం', 'U'), ('గి', '|'), ('నై', 'U'), ('యే', 'U'), ('ను', 'U'), ('న్న', '|'), ('ఫ', '|'), ('ల', '|'), ('మే', 'U'), ('మి', '|'), ('కృ', 'U'), ('ష్ణు', '|'), ('డు', '|'), ('వ', '|'), ('ల', '|'), ('చి', '|'), ('రా', 'U'), ('డు', '|')]",0.9479166666666666,-1.0,1.0,0.96875,0.875,-1.0
teytageethi,ఎన్ని సొగసులు గలిగిన నేమిఫలము | కలికి కృష్ణుడు వచ్చుట గాదె సొమ్ముతరుణి నీవేగి యిచటికి తాడిమళ్ళ | రాజగోపాలు దేగదే రాజవదన.,vupajaathi,Taadimallaraajagopaala,"[('ఎ', 'U'), ('న్ని', '|'), ('సొ', '|'), ('గ', '|'), ('సు', '|'), ('లు', '|'), ('గ', '|'), ('లి', '|'), ('గి', '|'), ('న', '|'), ('నే', 'U'), ('మి', '|'), ('ఫ', '|'), ('ల', '|'), ('ము', '|'), ('క', '|'), ('లి', '|'), ('కి', '|'), ('కృ', 'U'), ('ష్ణు', '|'), ('డు', '|'), ('వ', 'U'), ('చ్చు', '|'), ('ట', '|'), ('గా', 'U'), ('దె', '|'), ('సొ', 'U'), ('మ్ము', '|'), ('త', '|'), ('రు', '|'), ('ణి', '|'), ('నీ', 'U'), ('వే', 'U'), ('గి', '|'), ('యి', '|'), ('చ', '|'), ('టి', '|'), ('కి', '|'), ('తా', 'U'), ('డి', '|'), ('మ', 'U'), ('ళ్ళ', '|'), ('రా', 'U'), ('జ', '|'), ('గో', 'U'), ('పా', 'U'), ('లు', '|'), ('దే', 'U'), ('గ', '|'), ('దే', 'U'), ('రా', 'U'), ('జ', '|'), ('వ', '|'), ('ద', '|'), ('న', '|')]",0.9166666666666666,-1.0,1.0,1.0,0.75,-1.0
seesamu,కృష్ణ నీతోడను గ్రీడింప మది గోరి పడతి రాధిక నన్ను బంపెనయ్యజోడుగా నినుగూడి జూదమాడుటకు సోలుచు బ్రతిజాము చొక్కునయ్యచందురుకాకకు సఖియ తాళగలేక యస్సురుస్సురు మనుచుండునయ్యమదనుండు శరములు మానక వేయగ మగువ నీపై చింత మానదయ్య,vupajaathi,Taadimallaraajagopaala,"[('కృ', 'U'), ('ష్ణ', '|'), ('నీ', 'U'), ('తో', 'U'), ('డ', '|'), ('ను', '|'), ('గ్రీ', 'U'), ('డిం', 'U'), ('ప', '|'), ('మ', '|'), ('ది', '|'), ('గో', 'U'), ('రి', '|'), ('ప', '|'), ('డ', '|'), ('తి', '|'), ('రా', 'U'), ('ధి', '|'), ('క', '|'), ('న', 'U'), ('న్ను', '|'), ('బం', 'U'), ('పె', '|'), ('న', 'U'), ('య్య', '|'), ('జో', 'U'), ('డు', '|'), ('గా', 'U'), ('ని', '|'), ('ను', '|'), ('గూ', 'U'), ('డి', '|'), ('జూ', 'U'), ('ద', '|'), ('మా', 'U'), ('డు', '|'), ('ట', '|'), ('కు', '|'), ('సో', 'U'), ('లు', '|'), ('చు', '|'), ('బ్ర', '|'), ('తి', '|'), ('జా', 'U'), ('ము', '|'), ('చొ', 'U'), ('క్కు', '|'), ('న', 'U'), ('య్య', '|'), ('చం', 'U'), ('దు', '|'), ('రు', '|'), ('కా', 'U'), ('క', '|'), ('కు', '|'), ('స', '|'), ('ఖి', '|'), ('య', '|'), ('తా', 'U'), ('ళ', '|'), ('గ', '|'), ('లే', 'U'), ('క', '|'), ('య', 'U'), ('స్సు', '|'), ('రు', 'U'), ('స్సు', '|'), ('రు', '|'), ('మ', '|'), ('ను', '|'), ('చుం', 'U'), ('డు', '|'), ('న', 'U'), ('య్య', '|'), ('మ', '|'), ('ద', '|'), ('నుం', 'U'), ('డు', '|'), ('శ', '|'), ('ర', '|'), ('ము', '|'), ('లు', '|'), ('మా', 'U'), ('న', '|'), ('క', '|'), ('వే', 'U'), ('య', '|'), ('గ', '|'), ('మ', '|'), ('గు', '|'), ('వ', '|'), ('నీ', 'U'), ('పై', 'U'), ('చిం', 'U'), ('త', '|'), ('మా', 'U'), ('న', '|'), ('ద', 'U'), ('య్య', '|')]",0.75,-1.0,1.0,0.875,0.375,-1.0
teytageethi,యనుచు బోధించి యీ మాటలన్ని చెప్పి | సొరిది కృష్ణుని దేవమ్మ సుందరాంగితరుణి నీవేగి యిచటికి తాడిమళ్ళ | రాజగోపాలు దేగదే రాజవదన.,vupajaathi,Taadimallaraajagopaala,"[('య', '|'), ('ను', '|'), ('చు', '|'), ('బో', 'U'), ('ధిం', 'U'), ('చి', '|'), ('యీ', 'U'), ('మా', 'U'), ('ట', '|'), ('ల', 'U'), ('న్ని', '|'), ('చె', 'U'), ('ప్పి', '|'), ('సొ', '|'), ('రి', '|'), ('ది', '|'), ('కృ', 'U'), ('ష్ణు', '|'), ('ని', '|'), ('దే', 'U'), ('వ', 'U'), ('మ్మ', '|'), ('సుం', 'U'), ('ద', '|'), ('రాం', 'U'), ('గి', '|'), ('త', '|'), ('రు', '|'), ('ణి', '|'), ('నీ', 'U'), ('వే', 'U'), ('గి', '|'), ('యి', '|'), ('చ', '|'), ('టి', '|'), ('కి', '|'), ('తా', 'U'), ('డి', '|'), ('మ', 'U'), ('ళ్ళ', '|'), ('రా', 'U'), ('జ', '|'), ('గో', 'U'), ('పా', 'U'), ('లు', '|'), ('దే', 'U'), ('గ', '|'), ('దే', 'U'), ('రా', 'U'), ('జ', '|'), ('వ', '|'), ('ద', '|'), ('న', '|')]",0.9166666666666666,-1.0,1.0,1.0,0.75,-1.0
seesamu,పద్మగర్భుని వ్రాత బరిహార మొనరింప వశమటే యెంతటివారికైనబగతుడై యా బ్రహ్మ బలవంతమున నన్ను గుత్సితునకు నొనగూర్చెనమ్మవేషధారికి నేను వెలదినై యుండగ సుదతిరో సంసారసుఖమెఱుంగమును నీవీ రీతులనన్నియు జూచిన యప్పుడే కాదని చెప్పనైతి,vupajaathi,Taadimallaraajagopaala,"[('ప', 'U'), ('ద్మ', '|'), ('గ', 'U'), ('ర్భు', '|'), ('ని', '|'), ('వ్రా', 'U'), ('త', '|'), ('బ', '|'), ('రి', '|'), ('హా', 'U'), ('ర', '|'), ('మొ', '|'), ('న', '|'), ('రిం', 'U'), ('ప', '|'), ('వ', '|'), ('శ', '|'), ('మ', '|'), ('టే', 'U'), ('యెం', 'U'), ('త', '|'), ('టి', '|'), ('వా', 'U'), ('రి', '|'), ('కై', 'U'), ('న', '|'), ('బ', '|'), ('గ', '|'), ('తు', '|'), ('డై', 'U'), ('యా', 'U'), ('బ్ర', 'U'), ('హ్మ', '|'), ('బ', '|'), ('ల', '|'), ('వం', 'U'), ('త', '|'), ('ము', '|'), ('న', '|'), ('న', 'U'), ('న్ను', '|'), ('గు', 'U'), ('త్సి', '|'), ('తు', '|'), ('న', '|'), ('కు', '|'), ('నొ', '|'), ('న', '|'), ('గూ', 'U'), ('ర్చె', '|'), ('న', 'U'), ('మ్మ', '|'), ('వే', 'U'), ('ష', '|'), ('ధా', 'U'), ('రి', '|'), ('కి', '|'), ('నే', 'U'), ('ను', '|'), ('వె', '|'), ('ల', '|'), ('ది', '|'), ('నై', 'U'), ('యుం', 'U'), ('డ', '|'), ('గ', '|'), ('సు', '|'), ('ద', '|'), ('తి', '|'), ('రో', 'U'), ('సం', 'U'), ('సా', 'U'), ('ర', '|'), ('సు', '|'), ('ఖ', '|'), ('మె', '|'), ('ఱుం', 'U'), ('గ', '|'), ('ము', '|'), ('ను', '|'), ('నీ', 'U'), ('వీ', 'U'), ('రీ', 'U'), ('తు', '|'), ('ల', '|'), ('న', 'U'), ('న్ని', '|'), ('యు', '|'), ('జూ', 'U'), ('చి', '|'), ('న', '|'), ('య', 'U'), ('ప్పు', '|'), ('డే', 'U'), ('కా', 'U'), ('ద', '|'), ('ని', '|'), ('చె', 'U'), ('ప్ప', '|'), ('నై', 'U'), ('తి', '|')]",0.9479166666666666,-1.0,1.0,0.96875,0.875,-1.0
teytageethi,ననుచు నీవేళ నామాటలడిగి రా- | దలంచి రమ్మని నిను బిలిపించితింతెతరుణి నీవేగి యిచటికి తాడిమళ్ళ | రాజగోపాలు దేగదే రాజవదన.,vupajaathi,Taadimallaraajagopaala,"[('న', '|'), ('ను', '|'), ('చు', '|'), ('నీ', 'U'), ('వే', 'U'), ('ళ', '|'), ('నా', 'U'), ('మా', 'U'), ('ట', '|'), ('ల', '|'), ('డి', '|'), ('గి', '|'), ('రా', 'U'), ('ద', '|'), ('లం', 'U'), ('చి', '|'), ('ర', 'U'), ('మ్మ', '|'), ('ని', '|'), ('ని', '|'), ('ను', '|'), ('బి', '|'), ('లి', '|'), ('పిం', 'U'), ('చి', '|'), ('తిం', 'U'), ('తె', '|'), ('త', '|'), ('రు', '|'), ('ణి', '|'), ('నీ', 'U'), ('వే', 'U'), ('గి', '|'), ('యి', '|'), ('చ', '|'), ('టి', '|'), ('కి', '|'), ('తా', 'U'), ('డి', '|'), ('మ', 'U'), ('ళ్ళ', '|'), ('రా', 'U'), ('జ', '|'), ('గో', 'U'), ('పా', 'U'), ('లు', '|'), ('దే', 'U'), ('గ', '|'), ('దే', 'U'), ('రా', 'U'), ('జ', '|'), ('వ', '|'), ('ద', '|'), ('న', '|')]",0.9166666666666666,-1.0,1.0,1.0,0.75,-1.0
seesamu,వ్రేపల్లెవాడలో గాపైన కృష్ణుని గూర్చిన నీకిత్తు గుండ్లపేరుచెలియరో యీవేళ జెలికాని దెచ్చిన సఖియరో నా బన్నసరములిత్తువగకాని నీవేళ వదలక తెచ్చిన కలికిరో పౌజుల కమ్మలిత్తుమొగమిచ్చి నాతోను ముచ్చటాడించిన ముత్యాలసరములు ముదిత యిత్తు,vupajaathi,Taadimallaraajagopaala,"[('వ్రే', 'U'), ('ప', 'U'), ('ల్లె', '|'), ('వా', 'U'), ('డ', '|'), ('లో', 'U'), ('గా', 'U'), ('పై', 'U'), ('న', '|'), ('కృ', 'U'), ('ష్ణు', '|'), ('ని', '|'), ('గూ', 'U'), ('ర్చి', '|'), ('న', '|'), ('నీ', 'U'), ('కి', 'U'), ('త్తు', '|'), ('గుం', 'U'), ('డ్ల', '|'), ('పే', 'U'), ('రు', '|'), ('చె', '|'), ('లి', '|'), ('య', '|'), ('రో', 'U'), ('యీ', 'U'), ('వే', 'U'), ('ళ', '|'), ('జె', '|'), ('లి', '|'), ('కా', 'U'), ('ని', '|'), ('దె', 'U'), ('చ్చి', '|'), ('న', '|'), ('స', '|'), ('ఖి', '|'), ('య', '|'), ('రో', 'U'), ('నా', 'U'), ('బ', 'U'), ('న్న', '|'), ('స', '|'), ('ర', '|'), ('ము', '|'), ('లి', 'U'), ('త్తు', '|'), ('వ', '|'), ('గ', '|'), ('కా', 'U'), ('ని', '|'), ('నీ', 'U'), ('వే', 'U'), ('ళ', '|'), ('వ', '|'), ('ద', '|'), ('ల', '|'), ('క', '|'), ('తె', 'U'), ('చ్చి', '|'), ('న', '|'), ('క', '|'), ('లి', '|'), ('కి', '|'), ('రో', 'U'), ('పౌ', 'U'), ('జు', '|'), ('ల', '|'), ('క', 'U'), ('మ్మ', '|'), ('లి', 'U'), ('త్తు', '|'), ('మొ', '|'), ('గ', '|'), ('మి', 'U'), ('చ్చి', '|'), ('నా', 'U'), ('తో', 'U'), ('ను', '|'), ('ము', 'U'), ('చ్చ', '|'), ('టా', 'U'), ('డిం', 'U'), ('చి', '|'), ('న', '|'), ('ము', 'U'), ('త్యా', 'U'), ('ల', '|'), ('స', '|'), ('ర', '|'), ('ము', '|'), ('లు', '|'), ('ము', '|'), ('ది', '|'), ('త', '|'), ('యి', 'U'), ('త్తు', '|')]",1.0,-1.0,1.0,1.0,1.0,-1.0
teytageethi,నెన్ని సొమ్ములునైన నేనిత్తు నీకు | నా పతిని జూచినంతనె నయముమీఱతరుణి నీవేగి యిచటికి తాడిమళ్ళ | రాజగోపాలు దేగదే రాజవదన.,vupajaathi,Taadimallaraajagopaala,"[('నె', 'U'), ('న్ని', '|'), ('సొ', 'U'), ('మ్ము', '|'), ('లు', '|'), ('నై', 'U'), ('న', '|'), ('నే', 'U'), ('ని', 'U'), ('త్తు', '|'), ('నీ', 'U'), ('కు', '|'), ('నా', 'U'), ('ప', '|'), ('తి', '|'), ('ని', '|'), ('జూ', 'U'), ('చి', '|'), ('నం', 'U'), ('త', '|'), ('నె', '|'), ('న', '|'), ('య', '|'), ('ము', '|'), ('మీ', 'U'), ('ఱ', '|'), ('త', '|'), ('రు', '|'), ('ణి', '|'), ('నీ', 'U'), ('వే', 'U'), ('గి', '|'), ('యి', '|'), ('చ', '|'), ('టి', '|'), ('కి', '|'), ('తా', 'U'), ('డి', '|'), ('మ', 'U'), ('ళ్ళ', '|'), ('రా', 'U'), ('జ', '|'), ('గో', 'U'), ('పా', 'U'), ('లు', '|'), ('దే', 'U'), ('గ', '|'), ('దే', 'U'), ('రా', 'U'), ('జ', '|'), ('వ', '|'), ('ద', '|'), ('న', '|')]",1.0,-1.0,1.0,1.0,1.0,-1.0
seesamu,సఖియరో నా పతి సంశయమ్ములు మాని రాడేమిసేయుదు రాజవదనకోమలి నా మీద గోపమింతేలనే దన సిగ్గు దానేల దాచడాయెనా యీడువారిలో నన్ను గుందించుట కూడదు తనకిది గుణముగాదుయేమి సేయుదును నేనేలాగు నోర్తునే విరహవేదనచేత విసికినాను,vupajaathi,Taadimallaraajagopaala,"[('స', '|'), ('ఖి', '|'), ('య', '|'), ('రో', 'U'), ('నా', 'U'), ('ప', '|'), ('తి', '|'), ('సం', 'U'), ('శ', '|'), ('య', 'U'), ('మ్ము', '|'), ('లు', '|'), ('మా', 'U'), ('ని', '|'), ('రా', 'U'), ('డే', 'U'), ('మి', '|'), ('సే', 'U'), ('యు', '|'), ('దు', '|'), ('రా', 'U'), ('జ', '|'), ('వ', '|'), ('ద', '|'), ('న', '|'), ('కో', 'U'), ('మ', '|'), ('లి', '|'), ('నా', 'U'), ('మీ', 'U'), ('ద', '|'), ('గో', 'U'), ('ప', '|'), ('మిం', 'U'), ('తే', 'U'), ('ల', '|'), ('నే', 'U'), ('ద', '|'), ('న', '|'), ('సి', 'U'), ('గ్గు', '|'), ('దా', 'U'), ('నే', 'U'), ('ల', '|'), ('దా', 'U'), ('చ', '|'), ('డా', 'U'), ('యె', '|'), ('నా', 'U'), ('యీ', 'U'), ('డు', '|'), ('వా', 'U'), ('రి', '|'), ('లో', 'U'), ('న', 'U'), ('న్ను', '|'), ('గుం', 'U'), ('దిం', 'U'), ('చు', '|'), ('ట', '|'), ('కూ', 'U'), ('డ', '|'), ('దు', '|'), ('త', '|'), ('న', '|'), ('కి', '|'), ('ది', '|'), ('గు', '|'), ('ణ', '|'), ('ము', '|'), ('గా', 'U'), ('దు', '|'), ('యే', 'U'), ('మి', '|'), ('సే', 'U'), ('యు', '|'), ('దు', '|'), ('ను', '|'), ('నే', 'U'), ('నే', 'U'), ('లా', 'U'), ('గు', '|'), ('నో', 'U'), ('ర్తు', '|'), ('నే', 'U'), ('వి', '|'), ('ర', '|'), ('హ', '|'), ('వే', 'U'), ('ద', '|'), ('న', '|'), ('చే', 'U'), ('త', '|'), ('వి', '|'), ('సి', '|'), ('కి', '|'), ('నా', 'U'), ('ను', '|')]",0.9583333333333334,-1.0,1.0,1.0,0.875,-1.0
teytageethi,మదనబాణాగ్ని యేలాగు మానిపోను | చెలియ నా వెతలేమని చెప్పుకొందుతరుణి నీవేగి యిచటికి తాడిమళ్ళ | రాజగోపాలు దేగదే రాజవదన.,vupajaathi,Taadimallaraajagopaala,"[('మ', '|'), ('ద', '|'), ('న', '|'), ('బా', 'U'), ('ణా', 'U'), ('గ్ని', '|'), ('యే', 'U'), ('లా', 'U'), ('గు', '|'), ('మా', 'U'), ('ని', '|'), ('పో', 'U'), ('ను', '|'), ('చె', '|'), ('లి', '|'), ('య', '|'), ('నా', 'U'), ('వె', '|'), ('త', '|'), ('లే', 'U'), ('మ', '|'), ('ని', '|'), ('చె', 'U'), ('ప్పు', '|'), ('కొం', 'U'), ('దు', '|'), ('త', '|'), ('రు', '|'), ('ణి', '|'), ('నీ', 'U'), ('వే', 'U'), ('గి', '|'), ('యి', '|'), ('చ', '|'), ('టి', '|'), ('కి', '|'), ('తా', 'U'), ('డి', '|'), ('మ', 'U'), ('ళ్ళ', '|'), ('రా', 'U'), ('జ', '|'), ('గో', 'U'), ('పా', 'U'), ('లు', '|'), ('దే', 'U'), ('గ', '|'), ('దే', 'U'), ('రా', 'U'), ('జ', '|'), ('వ', '|'), ('ద', '|'), ('న', '|')]",1.0,-1.0,1.0,1.0,1.0,-1.0
seesamu,పగతుడై మదనుండు బాణముల్సంధించి చురచురక్కున సేయజూచెనమ్మబాల యాతని వేడిబాణముల్ దాకక తప్పించుకొనగ నా తరముగాదుయో సఖి నిమిషంబు నూరకుండనుగాదు వెడవిలుకాడు నా వెంటనంటిజాముజామున లేపి లేమరో నా పైని తన శరంబులు చేర్చి దాకునమ్మ,vupajaathi,Taadimallaraajagopaala,"[('ప', '|'), ('గ', '|'), ('తు', '|'), ('డై', 'U'), ('మ', '|'), ('ద', '|'), ('నుం', 'U'), ('డు', '|'), ('బా', 'U'), ('ణ', '|'), ('ము', 'U'), ('ల్సం', 'U'), ('ధిం', 'U'), ('చి', '|'), ('చు', '|'), ('ర', '|'), ('చు', '|'), ('ర', 'U'), ('క్కు', '|'), ('న', '|'), ('సే', 'U'), ('య', '|'), ('జూ', 'U'), ('చె', '|'), ('న', 'U'), ('మ్మ', '|'), ('బా', 'U'), ('ల', '|'), ('యా', 'U'), ('త', '|'), ('ని', '|'), ('వే', 'U'), ('డి', '|'), ('బా', 'U'), ('ణ', '|'), ('ము', 'U'), ('ల్దా', 'U'), ('క', '|'), ('క', '|'), ('త', 'U'), ('ప్పిం', 'U'), ('చు', '|'), ('కొ', '|'), ('న', '|'), ('గ', '|'), ('నా', 'U'), ('త', '|'), ('ర', '|'), ('ము', '|'), ('గా', 'U'), ('దు', '|'), ('యో', 'U'), ('స', '|'), ('ఖి', '|'), ('ని', '|'), ('మి', '|'), ('షం', 'U'), ('బు', '|'), ('నూ', 'U'), ('ర', '|'), ('కుం', 'U'), ('డ', '|'), ('ను', '|'), ('గా', 'U'), ('దు', '|'), ('వె', '|'), ('డ', '|'), ('వి', '|'), ('లు', '|'), ('కా', 'U'), ('డు', '|'), ('నా', 'U'), ('వెం', 'U'), ('ట', '|'), ('నం', 'U'), ('టి', '|'), ('జా', 'U'), ('ము', '|'), ('జా', 'U'), ('ము', '|'), ('న', '|'), ('లే', 'U'), ('పి', '|'), ('లే', 'U'), ('మ', '|'), ('రో', 'U'), ('నా', 'U'), ('పై', 'U'), ('ని', '|'), ('త', '|'), ('న', '|'), ('శ', '|'), ('రం', 'U'), ('బు', '|'), ('లు', '|'), ('చే', 'U'), ('ర్చి', '|'), ('దా', 'U'), ('కు', '|'), ('న', 'U'), ('మ్మ', '|')]",0.9583333333333334,-1.0,1.0,1.0,0.875,-1.0
teytageethi,బుట్టి వెతలకు లోనయి యెట్టులుందు | మంచిపనిగాదు రమ్మని మందలించితరుణి నీవేగి యిచటికి తాడిమళ్ళ | రాజగోపాలు దేగదే రాజవదన.,vupajaathi,Taadimallaraajagopaala,"[('బు', 'U'), ('ట్టి', '|'), ('వె', '|'), ('త', '|'), ('ల', '|'), ('కు', '|'), ('లో', 'U'), ('న', '|'), ('యి', '|'), ('యె', 'U'), ('ట్టు', '|'), ('లుం', 'U'), ('దు', '|'), ('మం', 'U'), ('చి', '|'), ('ప', '|'), ('ని', '|'), ('గా', 'U'), ('దు', '|'), ('ర', 'U'), ('మ్మ', '|'), ('ని', '|'), ('మం', 'U'), ('ద', '|'), ('లిం', 'U'), ('చి', '|'), ('త', '|'), ('రు', '|'), ('ణి', '|'), ('నీ', 'U'), ('వే', 'U'), ('గి', '|'), ('యి', '|'), ('చ', '|'), ('టి', '|'), ('కి', '|'), ('తా', 'U'), ('డి', '|'), ('మ', 'U'), ('ళ్ళ', '|'), ('రా', 'U'), ('జ', '|'), ('గో', 'U'), ('పా', 'U'), ('లు', '|'), ('దే', 'U'), ('గ', '|'), ('దే', 'U'), ('రా', 'U'), ('జ', '|'), ('వ', '|'), ('ద', '|'), ('న', '|')]",1.0,-1.0,1.0,1.0,1.0,-1.0
seesamu,పసులగాపరియైన పద్మనాభుని కేను పడతినెట్లయితినే బాల్యముననుఉట్టి పెట్టిన వెన్న దుట్టగా మెక్కిన చోరునికేలనే సుదతినైతి గడెగడెకును వేసగాడంచు దెలియక వెఱ్ఱిగొల్లనికేల వెలదినైతి నవతారమూర్తి యంచాసనొందితికాని దైత్యసంహరుడంచు దలచనైతి,vupajaathi,Taadimallaraajagopaala,"[('ప', '|'), ('సు', '|'), ('ల', '|'), ('గా', 'U'), ('ప', '|'), ('రి', '|'), ('యై', 'U'), ('న', '|'), ('ప', 'U'), ('ద్మ', '|'), ('నా', 'U'), ('భు', '|'), ('ని', '|'), ('కే', 'U'), ('ను', '|'), ('ప', '|'), ('డ', '|'), ('తి', '|'), ('నె', 'U'), ('ట్ల', '|'), ('యి', '|'), ('తి', '|'), ('నే', 'U'), ('బా', 'U'), ('ల్య', '|'), ('ము', '|'), ('న', '|'), ('ను', '|'), ('ఉ', 'U'), ('ట్టి', '|'), ('పె', 'U'), ('ట్టి', '|'), ('న', '|'), ('వె', 'U'), ('న్న', '|'), ('దు', 'U'), ('ట్ట', '|'), ('గా', 'U'), ('మె', 'U'), ('క్కి', '|'), ('న', '|'), ('చో', 'U'), ('రు', '|'), ('ని', '|'), ('కే', 'U'), ('ల', '|'), ('నే', 'U'), ('సు', '|'), ('ద', '|'), ('తి', '|'), ('నై', 'U'), ('తి', '|'), ('గ', '|'), ('డె', '|'), ('గ', '|'), ('డె', '|'), ('కు', '|'), ('ను', '|'), ('వే', 'U'), ('స', '|'), ('గా', 'U'), ('డం', 'U'), ('చు', '|'), ('దె', '|'), ('లి', '|'), ('య', '|'), ('క', '|'), ('వె', 'U'), ('ఱ్ఱి', '|'), ('గొ', 'U'), ('ల్ల', '|'), ('ని', '|'), ('కే', 'U'), ('ల', '|'), ('వె', '|'), ('ల', '|'), ('ది', '|'), ('నై', 'U'), ('తి', '|'), ('న', '|'), ('వ', '|'), ('తా', 'U'), ('ర', '|'), ('మూ', 'U'), ('ర్తి', '|'), ('యం', 'U'), ('చా', 'U'), ('స', '|'), ('నొం', 'U'), ('ది', '|'), ('తి', '|'), ('కా', 'U'), ('ని', '|'), ('దై', 'U'), ('త్య', '|'), ('సం', 'U'), ('హ', '|'), ('రు', '|'), ('డం', 'U'), ('చు', '|'), ('ద', '|'), ('ల', '|'), ('చ', '|'), ('నై', 'U'), ('తి', '|')]",0.9583333333333334,-1.0,1.0,1.0,0.875,-1.0
teytageethi,నతివ యావేళ రుక్మిణీపతిని గాంచి | విసికియున్నది రమ్మని వేగిరంబతరుణి నీవేగి యిచటికి తాడిమళ్ళ | రాజగోపాలు దేగదే రాజవదన.,vupajaathi,Taadimallaraajagopaala,"[('న', '|'), ('తి', '|'), ('వ', '|'), ('యా', 'U'), ('వే', 'U'), ('ళ', '|'), ('రు', 'U'), ('క్మి', '|'), ('ణీ', 'U'), ('ప', '|'), ('తి', '|'), ('ని', '|'), ('గాం', 'U'), ('చి', '|'), ('వి', '|'), ('సి', '|'), ('కి', '|'), ('యు', 'U'), ('న్న', '|'), ('ది', '|'), ('ర', 'U'), ('మ్మ', '|'), ('ని', '|'), ('వే', 'U'), ('గి', '|'), ('రం', 'U'), ('బ', '|'), ('త', '|'), ('రు', '|'), ('ణి', '|'), ('నీ', 'U'), ('వే', 'U'), ('గి', '|'), ('యి', '|'), ('చ', '|'), ('టి', '|'), ('కి', '|'), ('తా', 'U'), ('డి', '|'), ('మ', 'U'), ('ళ్ళ', '|'), ('రా', 'U'), ('జ', '|'), ('గో', 'U'), ('పా', 'U'), ('లు', '|'), ('దే', 'U'), ('గ', '|'), ('దే', 'U'), ('రా', 'U'), ('జ', '|'), ('వ', '|'), ('ద', '|'), ('న', '|')]",1.0,-1.0,1.0,1.0,1.0,-1.0
seesamu,కలికిరో నా పతి కరుణించి యీవేళ వచ్చి నా కౌగిట జొచ్చునేమొఊహించి నీచేత నుత్తరంబంపిన ప్రేమతో రమ్మని పిలుచునేమొ యేనుజేసిన పూజ యిత్తరి ఒకవేళ దరుణి నాపయి భ్రాంతి గలుగునేమొసుదతి నా పల్కులు చోద్యమై తోచిన వడివడి నొకవేళ వచ్చునేమొ,vupajaathi,Taadimallaraajagopaala,"[('క', '|'), ('లి', '|'), ('కి', '|'), ('రో', 'U'), ('నా', 'U'), ('ప', '|'), ('తి', '|'), ('క', '|'), ('రు', '|'), ('ణిం', 'U'), ('చి', '|'), ('యీ', 'U'), ('వే', 'U'), ('ళ', '|'), ('వ', 'U'), ('చ్చి', '|'), ('నా', 'U'), ('కౌ', 'U'), ('గి', '|'), ('ట', '|'), ('జొ', 'U'), ('చ్చు', '|'), ('నే', 'U'), ('మొ', '|'), ('ఊ', 'U'), ('హిం', 'U'), ('చి', '|'), ('నీ', 'U'), ('చే', 'U'), ('త', '|'), ('ను', 'U'), ('త్త', '|'), ('రం', 'U'), ('బం', 'U'), ('పి', '|'), ('న', '|'), ('ప్రే', 'U'), ('మ', '|'), ('తో', 'U'), ('ర', 'U'), ('మ్మ', '|'), ('ని', '|'), ('పి', '|'), ('లు', '|'), ('చు', '|'), ('నే', 'U'), ('మొ', '|'), ('యే', 'U'), ('ను', '|'), ('జే', 'U'), ('సి', '|'), ('న', '|'), ('పూ', 'U'), ('జ', '|'), ('యి', 'U'), ('త్త', '|'), ('రి', '|'), ('ఒ', '|'), ('క', '|'), ('వే', 'U'), ('ళ', '|'), ('ద', '|'), ('రు', '|'), ('ణి', '|'), ('నా', 'U'), ('ప', '|'), ('యి', '|'), ('భ్రాం', 'U'), ('తి', '|'), ('గ', '|'), ('లు', '|'), ('గు', '|'), ('నే', 'U'), ('మొ', '|'), ('సు', '|'), ('ద', '|'), ('తి', '|'), ('నా', 'U'), ('ప', 'U'), ('ల్కు', '|'), ('లు', '|'), ('చో', 'U'), ('ద్య', '|'), ('మై', 'U'), ('తో', 'U'), ('చి', '|'), ('న', '|'), ('వ', '|'), ('డి', '|'), ('వ', '|'), ('డి', '|'), ('నొ', '|'), ('క', '|'), ('వే', 'U'), ('ళ', '|'), ('వ', 'U'), ('చ్చు', '|'), ('నే', 'U'), ('మొ', '|')]",0.9166666666666666,-1.0,1.0,1.0,0.75,-1.0
teytageethi,పడతిరో నాదు కౌగిట పంజరమున | జేర్పబొసగదె యెటులైన జెలిమికానితరుణి నీవేగి యిచటికి తాడిమళ్ళ | రాజగోపాలు దేగదే రాజవదన.,vupajaathi,Taadimallaraajagopaala,"[('ప', '|'), ('డ', '|'), ('తి', '|'), ('రో', 'U'), ('నా', 'U'), ('దు', '|'), ('కౌ', 'U'), ('గి', '|'), ('ట', '|'), ('పం', 'U'), ('జ', '|'), ('ర', '|'), ('ము', '|'), ('న', '|'), ('జే', 'U'), ('ర్ప', '|'), ('బొ', '|'), ('స', '|'), ('గ', '|'), ('దె', '|'), ('యె', '|'), ('టు', '|'), ('లై', 'U'), ('న', '|'), ('జె', '|'), ('లి', '|'), ('మి', '|'), ('కా', 'U'), ('ని', '|'), ('త', '|'), ('రు', '|'), ('ణి', '|'), ('నీ', 'U'), ('వే', 'U'), ('గి', '|'), ('యి', '|'), ('చ', '|'), ('టి', '|'), ('కి', '|'), ('తా', 'U'), ('డి', '|'), ('మ', 'U'), ('ళ్ళ', '|'), ('రా', 'U'), ('జ', '|'), ('గో', 'U'), ('పా', 'U'), ('లు', '|'), ('దే', 'U'), ('గ', '|'), ('దే', 'U'), ('రా', 'U'), ('జ', '|'), ('వ', '|'), ('ద', '|'), ('న', '|')]",1.0,-1.0,1.0,1.0,1.0,-1.0
seesamu,బాగుగా శేషాహిపానుపుపై బవళించితినంచు గర్వింపదగునెపంతగించుట గొల్లభామలయిండ్లలో బొంచియుండుట దన కంచితంబెనాతిరో తనవంటి నాథుని నమ్మిన జింతతో బవళింపం జెల్లునటనెగొల్లవానికి రాజుకూతురునియ్య మా తల్లిదండ్రులకిది ధర్మమగునె,vupajaathi,Taadimallaraajagopaala,"[('బా', 'U'), ('గు', '|'), ('గా', 'U'), ('శే', 'U'), ('షా', 'U'), ('హి', '|'), ('పా', 'U'), ('ను', '|'), ('పు', '|'), ('పై', 'U'), ('బ', '|'), ('వ', '|'), ('ళిం', 'U'), ('చి', '|'), ('తి', '|'), ('నం', 'U'), ('చు', '|'), ('గ', 'U'), ('ర్విం', 'U'), ('ప', '|'), ('ద', '|'), ('గు', '|'), ('నె', '|'), ('పం', 'U'), ('త', '|'), ('గిం', 'U'), ('చు', '|'), ('ట', '|'), ('గొ', 'U'), ('ల్ల', '|'), ('భా', 'U'), ('మ', '|'), ('ల', '|'), ('యిం', 'U'), ('డ్ల', '|'), ('లో', 'U'), ('బొం', 'U'), ('చి', '|'), ('యుం', 'U'), ('డు', '|'), ('ట', '|'), ('ద', '|'), ('న', '|'), ('కం', 'U'), ('చి', '|'), ('తం', 'U'), ('బె', '|'), ('నా', 'U'), ('తి', '|'), ('రో', 'U'), ('త', '|'), ('న', '|'), ('వం', 'U'), ('టి', '|'), ('నా', 'U'), ('థు', '|'), ('ని', '|'), ('న', 'U'), ('మ్మి', '|'), ('న', '|'), ('జిం', 'U'), ('త', '|'), ('తో', 'U'), ('బ', '|'), ('వ', '|'), ('ళిం', 'U'), ('పం', 'U'), ('జె', 'U'), ('ల్లు', '|'), ('న', '|'), ('ట', '|'), ('నె', '|'), ('గొ', 'U'), ('ల్ల', '|'), ('వా', 'U'), ('ని', '|'), ('కి', '|'), ('రా', 'U'), ('జు', '|'), ('కూ', 'U'), ('తు', '|'), ('రు', '|'), ('ని', 'U'), ('య్య', '|'), ('మా', 'U'), ('త', 'U'), ('ల్లి', '|'), ('దం', 'U'), ('డ్రు', '|'), ('ల', '|'), ('కి', '|'), ('ది', '|'), ('ధ', 'U'), ('ర్మ', '|'), ('మ', '|'), ('గు', '|'), ('నె', '|')]",0.9479166666666666,-1.0,1.0,0.96875,0.875,-1.0
teytageethi,పసులగాపరి కీలాగు పడతిజేసి | కూర్చె గద నన్ను దైవంబు కుటిలబుద్ధితరుణి నీవేగి యిచటికి తాడిమళ్ళ | రాజగోపాలు దేగదే రాజవదన.,vupajaathi,Taadimallaraajagopaala,"[('ప', '|'), ('సు', '|'), ('ల', '|'), ('గా', 'U'), ('ప', '|'), ('రి', '|'), ('కీ', 'U'), ('లా', 'U'), ('గు', '|'), ('ప', '|'), ('డ', '|'), ('తి', '|'), ('జే', 'U'), ('సి', '|'), ('కూ', 'U'), ('ర్చె', '|'), ('గ', '|'), ('ద', '|'), ('న', 'U'), ('న్ను', '|'), ('దై', 'U'), ('వం', 'U'), ('బు', '|'), ('కు', '|'), ('టి', '|'), ('ల', '|'), ('బు', 'U'), ('ద్ధి', '|'), ('త', '|'), ('రు', '|'), ('ణి', '|'), ('నీ', 'U'), ('వే', 'U'), ('గి', '|'), ('యి', '|'), ('చ', '|'), ('టి', '|'), ('కి', '|'), ('తా', 'U'), ('డి', '|'), ('మ', 'U'), ('ళ్ళ', '|'), ('రా', 'U'), ('జ', '|'), ('గో', 'U'), ('పా', 'U'), ('లు', '|'), ('దే', 'U'), ('గ', '|'), ('దే', 'U'), ('రా', 'U'), ('జ', '|'), ('వ', '|'), ('ద', '|'), ('న', '|')]",1.0,-1.0,1.0,1.0,1.0,-1.0
seesamu,సఖియరో యాతని సంప్రదాయంబెల్ల విను చెప్పెదను నీకు విశదముగనుదన తల్లిగుణములు దక్కించి చూచిన బుత్రుల గని చంపు పుణ్యశాలితన యక్కగుణములు దరమటే యెంచను నైదుగురికి రాణియైన గరితతన యన్నగుణములు దానె యెఱుంగును దున్నుక బ్రతికెడి దుక్కిముచ్చు,vupajaathi,Taadimallaraajagopaala,"[('స', '|'), ('ఖి', '|'), ('య', '|'), ('రో', 'U'), ('యా', 'U'), ('త', '|'), ('ని', '|'), ('సం', 'U'), ('ప్ర', '|'), ('దా', 'U'), ('యం', 'U'), ('బె', 'U'), ('ల్ల', '|'), ('వి', '|'), ('ను', '|'), ('చె', 'U'), ('ప్పె', '|'), ('ద', '|'), ('ను', '|'), ('నీ', 'U'), ('కు', '|'), ('వి', '|'), ('శ', '|'), ('ద', '|'), ('ము', '|'), ('గ', '|'), ('ను', '|'), ('ద', '|'), ('న', '|'), ('త', 'U'), ('ల్లి', '|'), ('గు', '|'), ('ణ', '|'), ('ము', '|'), ('లు', '|'), ('ద', 'U'), ('క్కిం', 'U'), ('చి', '|'), ('చూ', 'U'), ('చి', '|'), ('న', '|'), ('బు', '|'), ('త్రు', '|'), ('ల', '|'), ('గ', '|'), ('ని', '|'), ('చం', 'U'), ('పు', '|'), ('పు', 'U'), ('ణ్య', '|'), ('శా', 'U'), ('లి', '|'), ('త', '|'), ('న', '|'), ('య', 'U'), ('క్క', '|'), ('గు', '|'), ('ణ', '|'), ('ము', '|'), ('లు', '|'), ('ద', '|'), ('ర', '|'), ('మ', '|'), ('టే', 'U'), ('యెం', 'U'), ('చ', '|'), ('ను', '|'), ('నై', 'U'), ('దు', '|'), ('గు', '|'), ('రి', '|'), ('కి', '|'), ('రా', 'U'), ('ణి', '|'), ('యై', 'U'), ('న', '|'), ('గ', '|'), ('రి', '|'), ('త', '|'), ('త', '|'), ('న', '|'), ('య', 'U'), ('న్న', '|'), ('గు', '|'), ('ణ', '|'), ('ము', '|'), ('లు', '|'), ('దా', 'U'), ('నె', '|'), ('యె', '|'), ('ఱుం', 'U'), ('గు', '|'), ('ను', '|'), ('దు', 'U'), ('న్ను', '|'), ('క', '|'), ('బ్ర', '|'), ('తి', '|'), ('కె', '|'), ('డి', '|'), ('దు', 'U'), ('క్కి', '|'), ('ము', 'U'), ('చ్చు', '|')]",0.7604166666666666,-1.0,1.0,0.78125,0.5,-1.0
teytageethi,ఇంత బహిరంగమాతని యింటిగుట్టు | కడకు దన కెట్టు సుగుణంబు గలుగునమ్మతరుణి నీవేగి యిచటికి తాడిమళ్ళ | రాజగోపాలు దేగదే రాజవదన.,vupajaathi,Taadimallaraajagopaala,"[('ఇం', 'U'), ('త', '|'), ('బ', '|'), ('హి', '|'), ('రం', 'U'), ('గ', '|'), ('మా', 'U'), ('త', '|'), ('ని', '|'), ('యిం', 'U'), ('టి', '|'), ('గు', 'U'), ('ట్టు', '|'), ('క', '|'), ('డ', '|'), ('కు', '|'), ('ద', '|'), ('న', '|'), ('కె', 'U'), ('ట్టు', '|'), ('సు', '|'), ('గు', '|'), ('ణం', 'U'), ('బు', '|'), ('గ', '|'), ('లు', '|'), ('గు', '|'), ('న', 'U'), ('మ్మ', '|'), ('త', '|'), ('రు', '|'), ('ణి', '|'), ('నీ', 'U'), ('వే', 'U'), ('గి', '|'), ('యి', '|'), ('చ', '|'), ('టి', '|'), ('కి', '|'), ('తా', 'U'), ('డి', '|'), ('మ', 'U'), ('ళ్ళ', '|'), ('రా', 'U'), ('జ', '|'), ('గో', 'U'), ('పా', 'U'), ('లు', '|'), ('దే', 'U'), ('గ', '|'), ('దే', 'U'), ('రా', 'U'), ('జ', '|'), ('వ', '|'), ('ద', '|'), ('న', '|')]",0.9166666666666666,-1.0,1.0,1.0,0.75,-1.0
seesamu,విరులు సరంబులు వింతగా సవరించి క్రొమ్ముడిలో జేర్చుకొన్నదనవెజిగివన్నె బంగారుచీరలు రత్నాలు దాపిన రవికయు దాల్చెననవెసఖియ పున్నమనాటి చందురుకన్నను మిన్నయై మెఱయుచున్నదనవెనీమీద ప్రేమతోనిండార నేవేళ దైవము బ్రార్థించు తరుణి యనవే,vupajaathi,Taadimallaraajagopaala,"[('వి', '|'), ('రు', '|'), ('లు', '|'), ('స', '|'), ('రం', 'U'), ('బు', '|'), ('లు', '|'), ('విం', 'U'), ('త', '|'), ('గా', 'U'), ('స', '|'), ('వ', '|'), ('రిం', 'U'), ('చి', '|'), ('క్రొ', 'U'), ('మ్ము', '|'), ('డి', '|'), ('లో', 'U'), ('జే', 'U'), ('ర్చు', '|'), ('కొ', 'U'), ('న్న', '|'), ('ద', '|'), ('న', '|'), ('వె', '|'), ('జి', '|'), ('గి', '|'), ('వ', 'U'), ('న్నె', '|'), ('బం', 'U'), ('గా', 'U'), ('రు', '|'), ('చీ', 'U'), ('ర', '|'), ('లు', '|'), ('ర', 'U'), ('త్నా', 'U'), ('లు', '|'), ('దా', 'U'), ('పి', '|'), ('న', '|'), ('ర', '|'), ('వి', '|'), ('క', '|'), ('యు', '|'), ('దా', 'U'), ('ల్చె', '|'), ('న', '|'), ('న', '|'), ('వె', '|'), ('స', '|'), ('ఖి', '|'), ('య', '|'), ('పు', 'U'), ('న్న', '|'), ('మ', '|'), ('నా', 'U'), ('టి', '|'), ('చం', 'U'), ('దు', '|'), ('రు', '|'), ('క', 'U'), ('న్న', '|'), ('ను', '|'), ('మి', 'U'), ('న్న', '|'), ('యై', 'U'), ('మె', '|'), ('ఱ', '|'), ('యు', '|'), ('చు', 'U'), ('న్న', '|'), ('ద', '|'), ('న', '|'), ('వె', '|'), ('నీ', 'U'), ('మీ', 'U'), ('ద', '|'), ('ప్రే', 'U'), ('మ', '|'), ('తో', 'U'), ('నిం', 'U'), ('డా', 'U'), ('ర', '|'), ('నే', 'U'), ('వే', 'U'), ('ళ', '|'), ('దై', 'U'), ('వ', '|'), ('ము', '|'), ('బ్రా', 'U'), ('ర్థిం', 'U'), ('చు', '|'), ('త', '|'), ('రు', '|'), ('ణి', '|'), ('య', '|'), ('న', '|'), ('వే', 'U')]",0.8333333333333334,-1.0,1.0,0.875,0.625,-1.0
teytageethi,నీవు రాకున్న నిక నొక్కనిమిషమైన | నెలత యుసురులు తనువున నిల్వదనవెతరుణి నీవేగి యిచటికి తాడిమళ్ళ | రాజగోపాలు దేగదే రాజవదన.,vupajaathi,Taadimallaraajagopaala,"[('నీ', 'U'), ('వు', '|'), ('రా', 'U'), ('కు', 'U'), ('న్న', '|'), ('ని', '|'), ('క', '|'), ('నొ', 'U'), ('క్క', '|'), ('ని', '|'), ('మి', '|'), ('ష', '|'), ('మై', 'U'), ('న', '|'), ('నె', '|'), ('ల', '|'), ('త', '|'), ('యు', '|'), ('సు', '|'), ('రు', '|'), ('లు', '|'), ('త', '|'), ('ను', '|'), ('వు', '|'), ('న', '|'), ('ని', 'U'), ('ల్వ', '|'), ('ద', '|'), ('న', '|'), ('వె', '|'), ('త', '|'), ('రు', '|'), ('ణి', '|'), ('నీ', 'U'), ('వే', 'U'), ('గి', '|'), ('యి', '|'), ('చ', '|'), ('టి', '|'), ('కి', '|'), ('తా', 'U'), ('డి', '|'), ('మ', 'U'), ('ళ్ళ', '|'), ('రా', 'U'), ('జ', '|'), ('గో', 'U'), ('పా', 'U'), ('లు', '|'), ('దే', 'U'), ('గ', '|'), ('దే', 'U'), ('రా', 'U'), ('జ', '|'), ('వ', '|'), ('ద', '|'), ('న', '|')]",1.0,-1.0,1.0,1.0,1.0,-1.0
seesamu,"చెలియ నన్నీలాగు నలయింపగా నీకు లేస్సగా దనిమందలింపుమపుడుఅతివరో నన్నిటులారడి సేయుట దగదనిచెప్పు మాతనికినీవుభయమేమి వానితో బరుషో కులకునై, ననిపుడేలరావని యెలమినడుగుమతనికి గరుణరా నర్మిలి మాట్లాడియీ వేళ తోడి తెమ్మింతినీవు",vupajaathi,Taadimallaraajagopaala,"[('చె', '|'), ('లి', '|'), ('య', '|'), ('న', 'U'), ('న్నీ', 'U'), ('లా', 'U'), ('గు', '|'), ('న', '|'), ('ల', '|'), ('యిం', 'U'), ('ప', '|'), ('గా', 'U'), ('నీ', 'U'), ('కు', '|'), ('లే', 'U'), ('స్స', '|'), ('గా', 'U'), ('ద', '|'), ('ని', '|'), ('మం', 'U'), ('ద', '|'), ('లిం', 'U'), ('పు', '|'), ('మ', '|'), ('పు', '|'), ('డు', '|'), ('అ', '|'), ('తి', '|'), ('వ', '|'), ('రో', 'U'), ('న', 'U'), ('న్ని', '|'), ('టు', '|'), ('లా', 'U'), ('ర', '|'), ('డి', '|'), ('సే', 'U'), ('యు', '|'), ('ట', '|'), ('ద', '|'), ('గ', '|'), ('ద', '|'), ('ని', '|'), ('చె', 'U'), ('ప్పు', '|'), ('మా', 'U'), ('త', '|'), ('ని', '|'), ('కి', '|'), ('నీ', 'U'), ('వు', '|'), ('భ', '|'), ('య', '|'), ('మే', 'U'), ('మి', '|'), ('వా', 'U'), ('ని', '|'), ('తో', 'U'), ('బ', '|'), ('రు', '|'), ('షో', 'U'), ('కు', '|'), ('ల', '|'), ('కు', '|'), ('నై', 'U'), ('న', '|'), ('ని', '|'), ('పు', '|'), ('డే', 'U'), ('ల', '|'), ('రా', 'U'), ('వ', '|'), ('ని', '|'), ('యె', '|'), ('ల', '|'), ('మి', '|'), ('న', '|'), ('డు', '|'), ('గు', '|'), ('మ', '|'), ('త', '|'), ('ని', '|'), ('కి', '|'), ('గ', '|'), ('రు', '|'), ('ణ', '|'), ('రా', 'U'), ('న', 'U'), ('ర్మి', '|'), ('లి', '|'), ('మా', 'U'), ('ట్లా', 'U'), ('డి', '|'), ('యీ', 'U'), ('వే', 'U'), ('ళ', '|'), ('తో', 'U'), ('డి', '|'), ('తె', 'U'), ('మ్మిం', 'U'), ('తి', '|'), ('నీ', 'U'), ('వు', '|')]",0.8333333333333334,-1.0,1.0,1.0,0.5,-1.0
teytageethi,జాగు సేయక రాగదే జాములోన | నానవాలందుకొని వేగనతనికడకుతరుణి నీవేగి యిచటికి తాడిమళ్ళ | రాజగోపాలు దేగదే రాజవదన.,vupajaathi,Taadimallaraajagopaala,"[('జా', 'U'), ('గు', '|'), ('సే', 'U'), ('య', '|'), ('క', '|'), ('రా', 'U'), ('గ', '|'), ('దే', 'U'), ('జా', 'U'), ('ము', '|'), ('లో', 'U'), ('న', '|'), ('నా', 'U'), ('న', '|'), ('వా', 'U'), ('లం', 'U'), ('దు', '|'), ('కొ', '|'), ('ని', '|'), ('వే', 'U'), ('గ', '|'), ('న', '|'), ('త', '|'), ('ని', '|'), ('క', '|'), ('డ', '|'), ('కు', '|'), ('త', '|'), ('రు', '|'), ('ణి', '|'), ('నీ', 'U'), ('వే', 'U'), ('గి', '|'), ('యి', '|'), ('చ', '|'), ('టి', '|'), ('కి', '|'), ('తా', 'U'), ('డి', '|'), ('మ', 'U'), ('ళ్ళ', '|'), ('రా', 'U'), ('జ', '|'), ('గో', 'U'), ('పా', 'U'), ('లు', '|'), ('దే', 'U'), ('గ', '|'), ('దే', 'U'), ('రా', 'U'), ('జ', '|'), ('వ', '|'), ('ద', '|'), ('న', '|')]",1.0,-1.0,1.0,1.0,1.0,-1.0
seesamu,తరుణి నా యధరామృతముగోరు నా పతికిప్పుడు విసము నేనెట్టులైతినతనికి నా నేస్త మతిదూరమేయుండ నెవ్వతె చేసెనో యెఱుగనైతిమగువ చిన్నప్పటిమాటలో చోద్యముల్ గలుగు నాకెపుడని గర్వపడితిబడతి నన్నందఱి పాటిగా నెంచక యెక్కువ లాలించు టెఱుగనైతి,vupajaathi,Taadimallaraajagopaala,"[('త', '|'), ('రు', '|'), ('ణి', '|'), ('నా', 'U'), ('య', '|'), ('ధ', '|'), ('రా', 'U'), ('మృ', '|'), ('త', '|'), ('ము', '|'), ('గో', 'U'), ('రు', '|'), ('నా', 'U'), ('ప', '|'), ('తి', '|'), ('కి', 'U'), ('ప్పు', '|'), ('డు', '|'), ('వి', '|'), ('స', '|'), ('ము', '|'), ('నే', 'U'), ('నె', 'U'), ('ట్టు', '|'), ('లై', 'U'), ('తి', '|'), ('న', '|'), ('త', '|'), ('ని', '|'), ('కి', '|'), ('నా', 'U'), ('నే', 'U'), ('స్త', '|'), ('మ', '|'), ('తి', '|'), ('దూ', 'U'), ('ర', '|'), ('మే', 'U'), ('యుం', 'U'), ('డ', '|'), ('నె', 'U'), ('వ్వ', '|'), ('తె', '|'), ('చే', 'U'), ('సె', '|'), ('నో', 'U'), ('యె', '|'), ('ఱు', '|'), ('గ', '|'), ('నై', 'U'), ('తి', '|'), ('మ', '|'), ('గు', '|'), ('వ', '|'), ('చి', 'U'), ('న్న', 'U'), ('ప్ప', '|'), ('టి', '|'), ('మా', 'U'), ('ట', '|'), ('లో', 'U'), ('చో', 'U'), ('ద్య', '|'), ('ము', 'U'), ('ల్గ', '|'), ('లు', '|'), ('గు', '|'), ('నా', 'U'), ('కె', '|'), ('పు', '|'), ('డ', '|'), ('ని', '|'), ('గ', 'U'), ('ర్వ', '|'), ('ప', '|'), ('డి', '|'), ('తి', '|'), ('బ', '|'), ('డ', '|'), ('తి', '|'), ('న', 'U'), ('న్నం', 'U'), ('ద', '|'), ('ఱి', '|'), ('పా', 'U'), ('టి', '|'), ('గా', 'U'), ('నెం', 'U'), ('చ', '|'), ('క', '|'), ('యె', 'U'), ('క్కు', '|'), ('వ', '|'), ('లా', 'U'), ('లిం', 'U'), ('చు', '|'), ('టె', '|'), ('ఱు', '|'), ('గ', '|'), ('నై', 'U'), ('తి', '|')]",0.875,-1.0,1.0,1.0,0.625,-1.0
teytageethi,నలరువిల్తుని బారికి నప్పగించి | చెలియ నన్నిప్పుడీరీతి జేసినాడుతరుణి నీవేగి యిచటికి తాడిమళ్ళ | రాజగోపాలు దేగదే రాజవదన.,vupajaathi,Taadimallaraajagopaala,"[('న', '|'), ('ల', '|'), ('రు', '|'), ('వి', 'U'), ('ల్తు', '|'), ('ని', '|'), ('బా', 'U'), ('రి', '|'), ('కి', '|'), ('న', 'U'), ('ప్ప', '|'), ('గిం', 'U'), ('చి', '|'), ('చె', '|'), ('లి', '|'), ('య', '|'), ('న', 'U'), ('న్ని', 'U'), ('ప్పు', '|'), ('డీ', 'U'), ('రీ', 'U'), ('తి', '|'), ('జే', 'U'), ('సి', '|'), ('నా', 'U'), ('డు', '|'), ('త', '|'), ('రు', '|'), ('ణి', '|'), ('నీ', 'U'), ('వే', 'U'), ('గి', '|'), ('యి', '|'), ('చ', '|'), ('టి', '|'), ('కి', '|'), ('తా', 'U'), ('డి', '|'), ('మ', 'U'), ('ళ్ళ', '|'), ('రా', 'U'), ('జ', '|'), ('గో', 'U'), ('పా', 'U'), ('లు', '|'), ('దే', 'U'), ('గ', '|'), ('దే', 'U'), ('రా', 'U'), ('జ', '|'), ('వ', '|'), ('ద', '|'), ('న', '|')]",1.0,-1.0,1.0,1.0,1.0,-1.0
seesamu,అతనికి నేమేమి యానవాలంటివా వేణువు దనచేత బూనువాడు రహినొప్ప శంఖచక్రంబులు గలవాడు సఖియ శ్రీవత్సలాంఛనమువాడుకోమలి నవరత్నకుండలంబులవాడు కస్తూరితిలకము గలుగువాడునలినాక్షి స్త్రీలతో నవ్వుచుండెడువాడు కమనీయ జీమూతకాంతివాడు,vupajaathi,Taadimallaraajagopaala,"[('అ', '|'), ('త', '|'), ('ని', '|'), ('కి', '|'), ('నే', 'U'), ('మే', 'U'), ('మి', '|'), ('యా', 'U'), ('న', '|'), ('వా', 'U'), ('లం', 'U'), ('టి', '|'), ('వా', 'U'), ('వే', 'U'), ('ణు', '|'), ('వు', '|'), ('ద', '|'), ('న', '|'), ('చే', 'U'), ('త', '|'), ('బూ', 'U'), ('ను', '|'), ('వా', 'U'), ('డు', '|'), ('ర', '|'), ('హి', '|'), ('నొ', 'U'), ('ప్ప', '|'), ('శం', 'U'), ('ఖ', '|'), ('చ', '|'), ('క్రం', 'U'), ('బు', '|'), ('లు', '|'), ('గ', '|'), ('ల', '|'), ('వా', 'U'), ('డు', '|'), ('స', '|'), ('ఖి', '|'), ('య', '|'), ('శ్రీ', 'U'), ('వ', 'U'), ('త్స', '|'), ('లాం', 'U'), ('ఛ', '|'), ('న', '|'), ('ము', '|'), ('వా', 'U'), ('డు', '|'), ('కో', 'U'), ('మ', '|'), ('లి', '|'), ('న', '|'), ('వ', '|'), ('ర', 'U'), ('త్న', '|'), ('కుం', 'U'), ('డ', '|'), ('లం', 'U'), ('బు', '|'), ('ల', '|'), ('వా', 'U'), ('డు', '|'), ('క', 'U'), ('స్తూ', 'U'), ('రి', '|'), ('తి', '|'), ('ల', '|'), ('క', '|'), ('ము', '|'), ('గ', '|'), ('లు', '|'), ('గు', '|'), ('వా', 'U'), ('డు', '|'), ('న', '|'), ('లి', '|'), ('నా', 'U'), ('క్షి', 'U'), ('స్త్రీ', 'U'), ('ల', '|'), ('తో', 'U'), ('న', 'U'), ('వ్వు', '|'), ('చుం', 'U'), ('డె', '|'), ('డు', '|'), ('వా', 'U'), ('డు', '|'), ('క', '|'), ('మ', '|'), ('నీ', 'U'), ('య', '|'), ('జీ', 'U'), ('మూ', 'U'), ('త', '|'), ('కాం', 'U'), ('తి', '|'), ('వా', 'U'), ('డు', '|')]",0.9479166666666666,-1.0,1.0,0.96875,0.875,-1.0
teytageethi,యిన్ని సొగసులు గలిగిన వన్నెకాడు | దెలిపి నా వర్తమానము దేటపఱచితరుణి నీవేగి యిచటికి తాడిమళ్ళ | రాజగోపాలు దేగదే రాజవదన.,vupajaathi,Taadimallaraajagopaala,"[('యి', 'U'), ('న్ని', '|'), ('సొ', '|'), ('గ', '|'), ('సు', '|'), ('లు', '|'), ('గ', '|'), ('లి', '|'), ('గి', '|'), ('న', '|'), ('వ', 'U'), ('న్నె', '|'), ('కా', 'U'), ('డు', '|'), ('దె', '|'), ('లి', '|'), ('పి', '|'), ('నా', 'U'), ('వ', 'U'), ('ర్త', '|'), ('మా', 'U'), ('న', '|'), ('ము', '|'), ('దే', 'U'), ('ట', '|'), ('ప', '|'), ('ఱ', '|'), ('చి', '|'), ('త', '|'), ('రు', '|'), ('ణి', '|'), ('నీ', 'U'), ('వే', 'U'), ('గి', '|'), ('యి', '|'), ('చ', '|'), ('టి', '|'), ('కి', '|'), ('తా', 'U'), ('డి', '|'), ('మ', 'U'), ('ళ్ళ', '|'), ('రా', 'U'), ('జ', '|'), ('గో', 'U'), ('పా', 'U'), ('లు', '|'), ('దే', 'U'), ('గ', '|'), ('దే', 'U'), ('రా', 'U'), ('జ', '|'), ('వ', '|'), ('ద', '|'), ('న', '|')]",1.0,-1.0,1.0,1.0,1.0,-1.0
seesamu,కమలాక్షి యడవిలో గాయు వెన్నెలరీతి నాతడు సరసము లాడడాయెగూరిమి నాయొద్ద గూర్చున్నయపుడైన నింతి నాకొక్క ముద్దియ్యడాయెబడతి నే రమ్మని బతిమాలినపుడైన నగరుగంధమ్ము మేనలదడాయెనో రాధికా యని యూహించి యెపుడైన బ్రీతితో నన్ను తా బిల్వడాయె,vupajaathi,Taadimallaraajagopaala,"[('క', '|'), ('మ', '|'), ('లా', 'U'), ('క్షి', '|'), ('య', '|'), ('డ', '|'), ('వి', '|'), ('లో', 'U'), ('గా', 'U'), ('యు', '|'), ('వె', 'U'), ('న్నె', '|'), ('ల', '|'), ('రీ', 'U'), ('తి', '|'), ('నా', 'U'), ('త', '|'), ('డు', '|'), ('స', '|'), ('ర', '|'), ('స', '|'), ('ము', '|'), ('లా', 'U'), ('డ', '|'), ('డా', 'U'), ('యె', '|'), ('గూ', 'U'), ('రి', '|'), ('మి', '|'), ('నా', 'U'), ('యొ', 'U'), ('ద్ద', '|'), ('గూ', 'U'), ('ర్చు', 'U'), ('న్న', '|'), ('య', '|'), ('పు', '|'), ('డై', 'U'), ('న', '|'), ('నిం', 'U'), ('తి', '|'), ('నా', 'U'), ('కొ', 'U'), ('క్క', '|'), ('ము', 'U'), ('ద్ది', 'U'), ('య్య', '|'), ('డా', 'U'), ('యె', '|'), ('బ', '|'), ('డ', '|'), ('తి', '|'), ('నే', 'U'), ('ర', 'U'), ('మ్మ', '|'), ('ని', '|'), ('బ', '|'), ('తి', '|'), ('మా', 'U'), ('లి', '|'), ('న', '|'), ('పు', '|'), ('డై', 'U'), ('న', '|'), ('న', '|'), ('గ', '|'), ('రు', '|'), ('గం', 'U'), ('ధ', 'U'), ('మ్ము', '|'), ('మే', 'U'), ('న', '|'), ('ల', '|'), ('ద', '|'), ('డా', 'U'), ('యె', '|'), ('నో', 'U'), ('రా', 'U'), ('ధి', '|'), ('కా', 'U'), ('య', '|'), ('ని', '|'), ('యూ', 'U'), ('హిం', 'U'), ('చి', '|'), ('యె', '|'), ('పు', '|'), ('డై', 'U'), ('న', '|'), ('బ్రీ', 'U'), ('తి', '|'), ('తో', 'U'), ('న', 'U'), ('న్ను', '|'), ('తా', 'U'), ('బి', 'U'), ('ల్వ', '|'), ('డా', 'U'), ('యె', '|')]",0.875,-1.0,1.0,1.0,0.625,-1.0
teytageethi,నరయ నా మది చింతచే నడలజేసె | మానితంబుగ గృష్ణుని మనసురాదుతరుణి నీవేగి యిచటికి తాడిమళ్ళ | రాజగోపాలు దేగదే రాజవదన.,vupajaathi,Taadimallaraajagopaala,"[('న', '|'), ('ర', '|'), ('య', '|'), ('నా', 'U'), ('మ', '|'), ('ది', '|'), ('చిం', 'U'), ('త', '|'), ('చే', 'U'), ('న', '|'), ('డ', '|'), ('ల', '|'), ('జే', 'U'), ('సె', '|'), ('మా', 'U'), ('ని', '|'), ('తం', 'U'), ('బు', '|'), ('గ', '|'), ('గృ', 'U'), ('ష్ణు', '|'), ('ని', '|'), ('మ', '|'), ('న', '|'), ('సు', '|'), ('రా', 'U'), ('దు', '|'), ('త', '|'), ('రు', '|'), ('ణి', '|'), ('నీ', 'U'), ('వే', 'U'), ('గి', '|'), ('యి', '|'), ('చ', '|'), ('టి', '|'), ('కి', '|'), ('తా', 'U'), ('డి', '|'), ('మ', 'U'), ('ళ్ళ', '|'), ('రా', 'U'), ('జ', '|'), ('గో', 'U'), ('పా', 'U'), ('లు', '|'), ('దే', 'U'), ('గ', '|'), ('దే', 'U'), ('రా', 'U'), ('జ', '|'), ('వ', '|'), ('ద', '|'), ('న', '|')]",1.0,-1.0,1.0,1.0,1.0,-1.0
seesamu,చెలగి నాతో జెల్మి సేయుచున్నప్పడు దూరపుజర్చకు దొడరనైతి నతివవాదము సేయడంచు దోచెనుగాని యిటు మాయకాడౌట యెఱుగనైతివేగమె కర్పూరవిడెము మెక్కితి గాని యతివ భోగాలు చే నందనైతిభామ పూపాన్పుపై పవ్వళించితి కాని కూరిమితో వాని గూడనైతి,vupajaathi,Taadimallaraajagopaala,"[('చె', '|'), ('ల', '|'), ('గి', '|'), ('నా', 'U'), ('తో', 'U'), ('జె', 'U'), ('ల్మి', '|'), ('సే', 'U'), ('యు', '|'), ('చు', 'U'), ('న్న', 'U'), ('ప్ప', '|'), ('డు', '|'), ('దూ', 'U'), ('ర', '|'), ('పు', '|'), ('జ', 'U'), ('ర్చ', '|'), ('కు', '|'), ('దొ', '|'), ('డ', '|'), ('ర', '|'), ('నై', 'U'), ('తి', '|'), ('న', '|'), ('తి', '|'), ('వ', '|'), ('వా', 'U'), ('ద', '|'), ('ము', '|'), ('సే', 'U'), ('య', '|'), ('డం', 'U'), ('చు', '|'), ('దో', 'U'), ('చె', '|'), ('ను', '|'), ('గా', 'U'), ('ని', '|'), ('యి', '|'), ('టు', '|'), ('మా', 'U'), ('య', '|'), ('కా', 'U'), ('డౌ', 'U'), ('ట', '|'), ('యె', '|'), ('ఱు', '|'), ('గ', '|'), ('నై', 'U'), ('తి', '|'), ('వే', 'U'), ('గ', '|'), ('మె', '|'), ('క', 'U'), ('ర్పూ', 'U'), ('ర', '|'), ('వి', '|'), ('డె', '|'), ('ము', '|'), ('మె', 'U'), ('క్కి', '|'), ('తి', '|'), ('గా', 'U'), ('ని', '|'), ('య', '|'), ('తి', '|'), ('వ', '|'), ('భో', 'U'), ('గా', 'U'), ('లు', '|'), ('చే', 'U'), ('నం', 'U'), ('ద', '|'), ('నై', 'U'), ('తి', '|'), ('భా', 'U'), ('మ', '|'), ('పూ', 'U'), ('పా', 'U'), ('న్పు', '|'), ('పై', 'U'), ('ప', 'U'), ('వ్వ', '|'), ('ళిం', 'U'), ('చి', '|'), ('తి', '|'), ('కా', 'U'), ('ని', '|'), ('కూ', 'U'), ('రి', '|'), ('మి', '|'), ('తో', 'U'), ('వా', 'U'), ('ని', '|'), ('గూ', 'U'), ('డ', '|'), ('నై', 'U'), ('తి', '|')]",0.9166666666666666,-1.0,1.0,1.0,0.75,-1.0
teytageethi,వెలది నా వెతలెంతని విన్నవింతు | నతని దయరాదు నేనెంత యడరియున్నతరుణి నీవేగి యిచటికి తాడిమళ్ళ | రాజగోపాలు దేగదే రాజవదన.,vupajaathi,Taadimallaraajagopaala,"[('వె', '|'), ('ల', '|'), ('ది', '|'), ('నా', 'U'), ('వె', '|'), ('త', '|'), ('లెం', 'U'), ('త', '|'), ('ని', '|'), ('వి', 'U'), ('న్న', '|'), ('విం', 'U'), ('తు', '|'), ('న', '|'), ('త', '|'), ('ని', '|'), ('ద', '|'), ('య', '|'), ('రా', 'U'), ('దు', '|'), ('నే', 'U'), ('నెం', 'U'), ('త', '|'), ('య', '|'), ('డ', '|'), ('రి', '|'), ('యు', 'U'), ('న్న', '|'), ('త', '|'), ('రు', '|'), ('ణి', '|'), ('నీ', 'U'), ('వే', 'U'), ('గి', '|'), ('యి', '|'), ('చ', '|'), ('టి', '|'), ('కి', '|'), ('తా', 'U'), ('డి', '|'), ('మ', 'U'), ('ళ్ళ', '|'), ('రా', 'U'), ('జ', '|'), ('గో', 'U'), ('పా', 'U'), ('లు', '|'), ('దే', 'U'), ('గ', '|'), ('దే', 'U'), ('రా', 'U'), ('జ', '|'), ('వ', '|'), ('ద', '|'), ('న', '|')]",0.9166666666666666,-1.0,1.0,1.0,0.75,-1.0
seesamu,చెంగల్వకొలనులో శృంగారముగ జలక్రీడ చేడియలతో నాడువానిసిగ్గులేకను వారి చీరలన్నియు గొని తక్కక పొన్న మ్రానెక్కువానినెక్కడి చోరకుం డెత్తుకపోయెనో యనుచు వ్రేతల నలయించువానికొలనులో సిగ్గుచే గొంకెడు వనితల చలువలిచ్చెదనని వచ్చువాని,vupajaathi,Taadimallaraajagopaala,"[('చెం', 'U'), ('గ', 'U'), ('ల్వ', '|'), ('కొ', '|'), ('ల', '|'), ('ను', '|'), ('లో', 'U'), ('శృం', 'U'), ('గా', 'U'), ('ర', '|'), ('ము', '|'), ('గ', '|'), ('జ', '|'), ('ల', '|'), ('క్రీ', 'U'), ('డ', '|'), ('చే', 'U'), ('డి', '|'), ('య', '|'), ('ల', '|'), ('తో', 'U'), ('నా', 'U'), ('డు', '|'), ('వా', 'U'), ('ని', '|'), ('సి', 'U'), ('గ్గు', '|'), ('లే', 'U'), ('క', '|'), ('ను', '|'), ('వా', 'U'), ('రి', '|'), ('చీ', 'U'), ('ర', '|'), ('ల', 'U'), ('న్ని', '|'), ('యు', '|'), ('గొ', '|'), ('ని', '|'), ('త', 'U'), ('క్క', '|'), ('క', '|'), ('పొ', 'U'), ('న్న', '|'), ('మ్రా', 'U'), ('నె', 'U'), ('క్కు', '|'), ('వా', 'U'), ('ని', '|'), ('నె', 'U'), ('క్క', '|'), ('డి', '|'), ('చో', 'U'), ('ర', '|'), ('కుం', 'U'), ('డె', 'U'), ('త్తు', '|'), ('క', '|'), ('పో', 'U'), ('యె', '|'), ('నో', 'U'), ('య', '|'), ('ను', '|'), ('చు', '|'), ('వ్రే', 'U'), ('త', '|'), ('ల', '|'), ('న', '|'), ('ల', '|'), ('యిం', 'U'), ('చు', '|'), ('వా', 'U'), ('ని', '|'), ('కొ', '|'), ('ల', '|'), ('ను', '|'), ('లో', 'U'), ('సి', 'U'), ('గ్గు', '|'), ('చే', 'U'), ('గొం', 'U'), ('కె', '|'), ('డు', '|'), ('వ', '|'), ('ని', '|'), ('త', '|'), ('ల', '|'), ('చ', '|'), ('లు', '|'), ('వ', '|'), ('లి', 'U'), ('చ్చె', '|'), ('ద', '|'), ('న', '|'), ('ని', '|'), ('వ', 'U'), ('చ్చు', '|'), ('వా', 'U'), ('ని', '|')]",0.875,-1.0,1.0,1.0,0.625,-1.0
teytageethi,బైట రండిత్తునని వారి భ్రమలఁ బెట్టి | హస్తములు రెండు నెత్తుడంచనెడువానితరుణి నీవేగి యిచటికి తాడిమళ్ళ | రాజగోపాలు దేగదే రాజవదన.,vupajaathi,Taadimallaraajagopaala,"[('బై', 'U'), ('ట', '|'), ('రం', 'U'), ('డి', 'U'), ('త్తు', '|'), ('న', '|'), ('ని', '|'), ('వా', 'U'), ('రి', '|'), ('భ్ర', '|'), ('మ', '|'), ('ల', '|'), ('బె', 'U'), ('ట్టి', '|'), ('హ', 'U'), ('స్త', '|'), ('ము', '|'), ('లు', '|'), ('రెం', 'U'), ('డు', '|'), ('నె', 'U'), ('త్తు', '|'), ('డం', 'U'), ('చ', '|'), ('నె', '|'), ('డు', '|'), ('వా', 'U'), ('ని', '|'), ('త', '|'), ('రు', '|'), ('ణి', '|'), ('నీ', 'U'), ('వే', 'U'), ('గి', '|'), ('యి', '|'), ('చ', '|'), ('టి', '|'), ('కి', '|'), ('తా', 'U'), ('డి', '|'), ('మ', 'U'), ('ళ్ళ', '|'), ('రా', 'U'), ('జ', '|'), ('గో', 'U'), ('పా', 'U'), ('లు', '|'), ('దే', 'U'), ('గ', '|'), ('దే', 'U'), ('రా', 'U'), ('జ', '|'), ('వ', '|'), ('ద', '|'), ('న', '|')]",0.9166666666666666,-1.0,1.0,1.0,0.75,-1.0
seesamu,లంచమియ్యకను రానంచు బొమ్మనువాని నప్పుడే యేమైన నడుగనైతిమొలకనవ్వుల ముద్దుమోము జూచినయంత నాతని గుణము లే నరయనైతిమా తల్లిదండ్రుల మాటలాలింపక కుటిలబుద్ధిని గూడి కోలుపోతివేగిరపడి నేను వేడుకొంటిని గాని సవతిపోరనుచు నే జడియనైతి,vupajaathi,Taadimallaraajagopaala,"[('లం', 'U'), ('చ', '|'), ('మి', 'U'), ('య్య', '|'), ('క', '|'), ('ను', '|'), ('రా', 'U'), ('నం', 'U'), ('చు', '|'), ('బొ', 'U'), ('మ్మ', '|'), ('ను', '|'), ('వా', 'U'), ('ని', '|'), ('న', 'U'), ('ప్పు', '|'), ('డే', 'U'), ('యే', 'U'), ('మై', 'U'), ('న', '|'), ('న', '|'), ('డు', '|'), ('గ', '|'), ('నై', 'U'), ('తి', '|'), ('మొ', '|'), ('ల', '|'), ('క', '|'), ('న', 'U'), ('వ్వు', '|'), ('ల', '|'), ('ము', 'U'), ('ద్దు', '|'), ('మో', 'U'), ('ము', '|'), ('జూ', 'U'), ('చి', '|'), ('న', '|'), ('యం', 'U'), ('త', '|'), ('నా', 'U'), ('త', '|'), ('ని', '|'), ('గు', '|'), ('ణ', '|'), ('ము', '|'), ('లే', 'U'), ('న', '|'), ('ర', '|'), ('య', '|'), ('నై', 'U'), ('తి', '|'), ('మా', 'U'), ('త', 'U'), ('ల్లి', '|'), ('దం', 'U'), ('డ్రు', '|'), ('ల', '|'), ('మా', 'U'), ('ట', '|'), ('లా', 'U'), ('లిం', 'U'), ('ప', '|'), ('క', '|'), ('కు', '|'), ('టి', '|'), ('ల', '|'), ('బు', 'U'), ('ద్ధి', '|'), ('ని', '|'), ('గూ', 'U'), ('డి', '|'), ('కో', 'U'), ('లు', '|'), ('పో', 'U'), ('తి', '|'), ('వే', 'U'), ('గి', '|'), ('ర', '|'), ('ప', '|'), ('డి', '|'), ('నే', 'U'), ('ను', '|'), ('వే', 'U'), ('డు', '|'), ('కొం', 'U'), ('టి', '|'), ('ని', '|'), ('గా', 'U'), ('ని', '|'), ('స', '|'), ('వ', '|'), ('తి', '|'), ('పో', 'U'), ('ర', '|'), ('ను', '|'), ('చు', '|'), ('నే', 'U'), ('జ', '|'), ('డి', '|'), ('య', '|'), ('నై', 'U'), ('తి', '|')]",1.0,-1.0,1.0,1.0,1.0,-1.0
teytageethi,కొమ్మ నా బుద్ధి కేమనుకొందునమ్మ | వలపు ఘనమాయె యోర్వ నా వశముగాదుతరుణి నీవేగి యిచటికి తాడిమళ్ళ | రాజగోపాలు దేగదే రాజవదన.,vupajaathi,Taadimallaraajagopaala,"[('కొ', 'U'), ('మ్మ', '|'), ('నా', 'U'), ('బు', 'U'), ('ద్ధి', '|'), ('కే', 'U'), ('మ', '|'), ('ను', '|'), ('కొం', 'U'), ('దు', '|'), ('న', 'U'), ('మ్మ', '|'), ('వ', '|'), ('ల', '|'), ('పు', '|'), ('ఘ', '|'), ('న', '|'), ('మా', 'U'), ('యె', '|'), ('యో', 'U'), ('ర్వ', '|'), ('నా', 'U'), ('వ', '|'), ('శ', '|'), ('ము', '|'), ('గా', 'U'), ('దు', '|'), ('త', '|'), ('రు', '|'), ('ణి', '|'), ('నీ', 'U'), ('వే', 'U'), ('గి', '|'), ('యి', '|'), ('చ', '|'), ('టి', '|'), ('కి', '|'), ('తా', 'U'), ('డి', '|'), ('మ', 'U'), ('ళ్ళ', '|'), ('రా', 'U'), ('జ', '|'), ('గో', 'U'), ('పా', 'U'), ('లు', '|'), ('దే', 'U'), ('గ', '|'), ('దే', 'U'), ('రా', 'U'), ('జ', '|'), ('వ', '|'), ('ద', '|'), ('న', '|')]",1.0,-1.0,1.0,1.0,1.0,-1.0
seesamu,విరహతాపంబాయె విభుడిటు రాడాయె మది తాల్మి లేదాయె మందయానవెన్నెలాతపమాయె విరిసరుల్ వెగటాయె నిదుర లేదాయెనే నీలవేణి హ-ర్షంబు లేదాయె నాడికల్ ఘనమాయె నిద్దరి కెడమాయె నిందువదనకలికి పెట్టినమందు తలకెక్కి యిపుడైనచేడె నా యిలు తొంగిచూడడాయె,vupajaathi,Taadimallaraajagopaala,"[('వి', '|'), ('ర', '|'), ('హ', '|'), ('తా', 'U'), ('పం', 'U'), ('బా', 'U'), ('యె', '|'), ('వి', '|'), ('భు', '|'), ('డి', '|'), ('టు', '|'), ('రా', 'U'), ('డా', 'U'), ('యె', '|'), ('మ', '|'), ('ది', '|'), ('తా', 'U'), ('ల్మి', '|'), ('లే', 'U'), ('దా', 'U'), ('యె', '|'), ('మం', 'U'), ('ద', '|'), ('యా', 'U'), ('న', '|'), ('వె', 'U'), ('న్నె', '|'), ('లా', 'U'), ('త', '|'), ('ప', '|'), ('మా', 'U'), ('యె', '|'), ('వి', '|'), ('రి', '|'), ('స', '|'), ('రు', 'U'), ('ల్వె', '|'), ('గ', '|'), ('టా', 'U'), ('యె', '|'), ('ని', '|'), ('దు', '|'), ('ర', '|'), ('లే', 'U'), ('దా', 'U'), ('యె', '|'), ('నే', 'U'), ('నీ', 'U'), ('ల', '|'), ('వే', 'U'), ('ణి', '|'), ('హ', 'U'), ('ర్షం', 'U'), ('బు', '|'), ('లే', 'U'), ('దా', 'U'), ('యె', '|'), ('నా', 'U'), ('డి', '|'), ('క', 'U'), ('ల్ఘ', '|'), ('న', '|'), ('మా', 'U'), ('యె', '|'), ('ని', 'U'), ('ద్ద', '|'), ('రి', '|'), ('కె', '|'), ('డ', '|'), ('మా', 'U'), ('యె', '|'), ('నిం', 'U'), ('దు', '|'), ('వ', '|'), ('ద', '|'), ('న', '|'), ('క', '|'), ('లి', '|'), ('కి', '|'), ('పె', 'U'), ('ట్టి', '|'), ('న', '|'), ('మం', 'U'), ('దు', '|'), ('త', '|'), ('ల', '|'), ('కె', 'U'), ('క్కి', '|'), ('యి', '|'), ('పు', '|'), ('డై', 'U'), ('న', '|'), ('చే', 'U'), ('డె', '|'), ('నా', 'U'), ('యి', '|'), ('లు', '|'), ('తొం', 'U'), ('గి', '|'), ('చూ', 'U'), ('డ', '|'), ('డా', 'U'), ('యె', '|')]",0.9583333333333334,-1.0,1.0,1.0,0.875,-1.0
teytageethi,పగలు రేయును దానింట బండనాయె | నెలక నాపొందుమదిలోన నెన్నడాయెతరుణి నీవేగి యిచటికి తాడిమళ్ళ | రాజగోపాలు దేగదే రాజవదన.,vupajaathi,Taadimallaraajagopaala,"[('ప', '|'), ('గ', '|'), ('లు', '|'), ('రే', 'U'), ('యు', '|'), ('ను', '|'), ('దా', 'U'), ('నిం', 'U'), ('ట', '|'), ('బం', 'U'), ('డ', '|'), ('నా', 'U'), ('యె', '|'), ('నె', '|'), ('ల', '|'), ('క', '|'), ('నా', 'U'), ('పొం', 'U'), ('దు', '|'), ('మ', '|'), ('ది', '|'), ('లో', 'U'), ('న', '|'), ('నె', 'U'), ('న్న', '|'), ('డా', 'U'), ('యె', '|'), ('త', '|'), ('రు', '|'), ('ణి', '|'), ('నీ', 'U'), ('వే', 'U'), ('గి', '|'), ('యి', '|'), ('చ', '|'), ('టి', '|'), ('కి', '|'), ('తా', 'U'), ('డి', '|'), ('మ', 'U'), ('ళ్ళ', '|'), ('రా', 'U'), ('జ', '|'), ('గో', 'U'), ('పా', 'U'), ('లు', '|'), ('దే', 'U'), ('గ', '|'), ('దే', 'U'), ('రా', 'U'), ('జ', '|'), ('వ', '|'), ('ద', '|'), ('న', '|')]",1.0,-1.0,1.0,1.0,1.0,-1.0
seesamu,బాణజాలంబుల పాలు సేయగనేల కాముడా నీ రూపు కాలిపోనుచెవులు చిందరగొన జెలగి కూయగనేల కోకిల నీ యుల్లు గూలిపోనుప్రళయాగ్నిరూపమై పట్టుగా విసరెడు పవనుడ నినుఁ ద్రాచుపాము మ్రింగవెన్నెల గురిపించి వేడి చూపగనేల చంద్రుడా నీ రూపు సమసిపోను,vupajaathi,Taadimallaraajagopaala,"[('బా', 'U'), ('ణ', '|'), ('జా', 'U'), ('లం', 'U'), ('బు', '|'), ('ల', '|'), ('పా', 'U'), ('లు', '|'), ('సే', 'U'), ('య', '|'), ('గ', '|'), ('నే', 'U'), ('ల', '|'), ('కా', 'U'), ('ము', '|'), ('డా', 'U'), ('నీ', 'U'), ('రూ', 'U'), ('పు', '|'), ('కా', 'U'), ('లి', '|'), ('పో', 'U'), ('ను', '|'), ('చె', '|'), ('వు', '|'), ('లు', '|'), ('చిం', 'U'), ('ద', '|'), ('ర', '|'), ('గొ', '|'), ('న', '|'), ('జె', '|'), ('ల', '|'), ('గి', '|'), ('కూ', 'U'), ('య', '|'), ('గ', '|'), ('నే', 'U'), ('ల', '|'), ('కో', 'U'), ('కి', '|'), ('ల', '|'), ('నీ', 'U'), ('యు', 'U'), ('ల్లు', '|'), ('గూ', 'U'), ('లి', '|'), ('పో', 'U'), ('ను', '|'), ('ప్ర', '|'), ('ళ', '|'), ('యా', 'U'), ('గ్ని', '|'), ('రూ', 'U'), ('ప', '|'), ('మై', 'U'), ('ప', 'U'), ('ట్టు', '|'), ('గా', 'U'), ('వి', '|'), ('స', '|'), ('రె', '|'), ('డు', '|'), ('ప', '|'), ('వ', '|'), ('ను', '|'), ('డ', '|'), ('ని', '|'), ('ను', '|'), ('ద్రా', 'U'), ('చు', '|'), ('పా', 'U'), ('ము', '|'), ('మ్రిం', 'U'), ('గ', '|'), ('వె', 'U'), ('న్నె', '|'), ('ల', '|'), ('గు', '|'), ('రి', '|'), ('పిం', 'U'), ('చి', '|'), ('వే', 'U'), ('డి', '|'), ('చూ', 'U'), ('ప', '|'), ('గ', '|'), ('నే', 'U'), ('ల', '|'), ('చం', 'U'), ('ద్రు', '|'), ('డా', 'U'), ('నీ', 'U'), ('రూ', 'U'), ('పు', '|'), ('స', '|'), ('మ', '|'), ('సి', '|'), ('పో', 'U'), ('ను', '|')]",1.0,-1.0,1.0,1.0,1.0,-1.0
teytageethi,వలచి వలపించి నా ప్రాణవల్లభుండు | రాడనుచు వీరలందఱు గూడికొనిరితరుణి నీవేగి యిచటికి తాడిమళ్ళ | రాజగోపాలు దేగదే రాజవదన.,vupajaathi,Taadimallaraajagopaala,"[('వ', '|'), ('ల', '|'), ('చి', '|'), ('వ', '|'), ('ల', '|'), ('పిం', 'U'), ('చి', '|'), ('నా', 'U'), ('ప్రా', 'U'), ('ణ', '|'), ('వ', 'U'), ('ల్ల', '|'), ('భుం', 'U'), ('డు', '|'), ('రా', 'U'), ('డ', '|'), ('ను', '|'), ('చు', '|'), ('వీ', 'U'), ('ర', '|'), ('లం', 'U'), ('ద', '|'), ('ఱు', '|'), ('గూ', 'U'), ('డి', '|'), ('కొ', '|'), ('ని', '|'), ('రి', '|'), ('త', '|'), ('రు', '|'), ('ణి', '|'), ('నీ', 'U'), ('వే', 'U'), ('గి', '|'), ('యి', '|'), ('చ', '|'), ('టి', '|'), ('కి', '|'), ('తా', 'U'), ('డి', '|'), ('మ', 'U'), ('ళ్ళ', '|'), ('రా', 'U'), ('జ', '|'), ('గో', 'U'), ('పా', 'U'), ('లు', '|'), ('దే', 'U'), ('గ', '|'), ('దే', 'U'), ('రా', 'U'), ('జ', '|'), ('వ', '|'), ('ద', '|'), ('న', '|')]",1.0,-1.0,1.0,1.0,1.0,-1.0
seesamu,దశరథనందన ధాత్రీశయచ్యుత దైతేయహర మీకు దండమయ్యగౌతమాంగనశాపకలుషంబు బాపిన ధర్మాత్మ హరి మీకు దండమయ్యవనచరవందిత వారిధిబంధన దశకంఠసంహార దండమయ్యగోపాలసేవిత గోపీమనోహర తాపసనుత మీకు దండమయ్య,vupajaathi,Taadimallaraajagopaala,"[('ద', '|'), ('శ', '|'), ('ర', '|'), ('థ', '|'), ('నం', 'U'), ('ద', '|'), ('న', '|'), ('ధా', 'U'), ('త్రీ', 'U'), ('శ', '|'), ('య', 'U'), ('చ్యు', '|'), ('త', '|'), ('దై', 'U'), ('తే', 'U'), ('య', '|'), ('హ', '|'), ('ర', '|'), ('మీ', 'U'), ('కు', '|'), ('దం', 'U'), ('డ', '|'), ('మ', 'U'), ('య్య', '|'), ('గౌ', 'U'), ('త', '|'), ('మాం', 'U'), ('గ', '|'), ('న', '|'), ('శా', 'U'), ('ప', '|'), ('క', '|'), ('లు', '|'), ('షం', 'U'), ('బు', '|'), ('బా', 'U'), ('పి', '|'), ('న', '|'), ('ధ', 'U'), ('ర్మా', 'U'), ('త్మ', '|'), ('హ', '|'), ('రి', '|'), ('మీ', 'U'), ('కు', '|'), ('దం', 'U'), ('డ', '|'), ('మ', 'U'), ('య్య', '|'), ('వ', '|'), ('న', '|'), ('చ', '|'), ('ర', '|'), ('వం', 'U'), ('ది', '|'), ('త', '|'), ('వా', 'U'), ('రి', '|'), ('ధి', '|'), ('బం', 'U'), ('ధ', '|'), ('న', '|'), ('ద', '|'), ('శ', '|'), ('కం', 'U'), ('ఠ', '|'), ('సం', 'U'), ('హా', 'U'), ('ర', '|'), ('దం', 'U'), ('డ', '|'), ('మ', 'U'), ('య్య', '|'), ('గో', 'U'), ('పా', 'U'), ('ల', '|'), ('సే', 'U'), ('వి', '|'), ('త', '|'), ('గో', 'U'), ('పీ', 'U'), ('మ', '|'), ('నో', 'U'), ('హ', '|'), ('ర', '|'), ('తా', 'U'), ('ప', '|'), ('స', '|'), ('ను', '|'), ('త', '|'), ('మీ', 'U'), ('కు', '|'), ('దం', 'U'), ('డ', '|'), ('మ', 'U'), ('య్య', '|')]",1.0,-1.0,1.0,1.0,1.0,-1.0
teytageethi,జానకీనాథ రాఘవచక్రహస్త | రఘుకులోత్తమ దశరథరామచంద్ర................................. | రాజగోపాల రావయ్య రమణి గూడ.,vupajaathi,Taadimallaraajagopaala,"[('జా', 'U'), ('న', '|'), ('కీ', 'U'), ('నా', 'U'), ('థ', '|'), ('రా', 'U'), ('ఘ', '|'), ('వ', '|'), ('చ', '|'), ('క్ర', '|'), ('హ', 'U'), ('స్త', '|'), ('ర', '|'), ('ఘు', '|'), ('కు', '|'), ('లో', 'U'), ('త్త', '|'), ('మ', '|'), ('ద', '|'), ('శ', '|'), ('ర', '|'), ('థ', '|'), ('రా', 'U'), ('మ', '|'), ('చం', 'U'), ('ద్ర', '|'), ('రా', 'U'), ('జ', '|'), ('గో', 'U'), ('పా', 'U'), ('ల', '|'), ('రా', 'U'), ('వ', 'U'), ('య్య', '|'), ('ర', '|'), ('మ', '|'), ('ణి', '|'), ('గూ', 'U'), ('డ', '|')]",0.4333333333333333,-1.0,0.75,0.3,0.25,-1.0
seesamu,చల్లగ వర్ధిల్లు సరససద్గుణమణి సౌభాగ్యమే నీకు సత్యభామయారోగ్యమే నీకు నతివ చక్కనిలేమ దీర్ఘాయువే నీకు తెరవ సుమతిమంగళమే నీకు మహనీయగుణవతి సాఫల్యమే నీకు సరసిజాక్షిశ్రీరస్తు నీకును శీతాంశుముఖమణి కల్యాణమే నీకు కంబుకంఠి,vupajaathi,Taadimallaraajagopaala,"[('చ', 'U'), ('ల్ల', '|'), ('గ', '|'), ('వ', 'U'), ('ర్ధి', 'U'), ('ల్లు', '|'), ('స', '|'), ('ర', '|'), ('స', '|'), ('స', 'U'), ('ద్గు', '|'), ('ణ', '|'), ('మ', '|'), ('ణి', '|'), ('సౌ', 'U'), ('భా', 'U'), ('గ్య', '|'), ('మే', 'U'), ('నీ', 'U'), ('కు', '|'), ('స', 'U'), ('త్య', '|'), ('భా', 'U'), ('మ', '|'), ('యా', 'U'), ('రో', 'U'), ('గ్య', '|'), ('మే', 'U'), ('నీ', 'U'), ('కు', '|'), ('న', '|'), ('తి', '|'), ('వ', '|'), ('చ', 'U'), ('క్క', '|'), ('ని', '|'), ('లే', 'U'), ('మ', '|'), ('దీ', 'U'), ('ర్ఘా', 'U'), ('యు', '|'), ('వే', 'U'), ('నీ', 'U'), ('కు', '|'), ('తె', '|'), ('ర', '|'), ('వ', '|'), ('సు', '|'), ('మ', '|'), ('తి', '|'), ('మం', 'U'), ('గ', '|'), ('ళ', '|'), ('మే', 'U'), ('నీ', 'U'), ('కు', '|'), ('మ', '|'), ('హ', '|'), ('నీ', 'U'), ('య', '|'), ('గు', '|'), ('ణ', '|'), ('వ', '|'), ('తి', '|'), ('సా', 'U'), ('ఫ', 'U'), ('ల్య', '|'), ('మే', 'U'), ('నీ', 'U'), ('కు', '|'), ('స', '|'), ('ర', '|'), ('సి', '|'), ('జా', 'U'), ('క్షి', '|'), ('శ్రీ', 'U'), ('ర', 'U'), ('స్తు', '|'), ('నీ', 'U'), ('కు', '|'), ('ను', '|'), ('శీ', 'U'), ('తాం', 'U'), ('శు', '|'), ('ము', '|'), ('ఖ', '|'), ('మ', '|'), ('ణి', '|'), ('క', 'U'), ('ల్యా', 'U'), ('ణ', '|'), ('మే', 'U'), ('నీ', 'U'), ('కు', '|'), ('కం', 'U'), ('బు', '|'), ('కం', 'U'), ('ఠి', '|')]",0.9583333333333334,-1.0,1.0,1.0,0.875,-1.0
teytageethi,నీవు కోరిన కోర్కెలు నిత్యముగను | సఫలమాయెను బోగదే సత్యభామతరుణి నీవేగి యిచటికి తాడిమళ్ళ | రాజగోపాలు దేగదే రాజవదన.,vupajaathi,Taadimallaraajagopaala,"[('నీ', 'U'), ('వు', '|'), ('కో', 'U'), ('రి', '|'), ('న', '|'), ('కో', 'U'), ('ర్కె', '|'), ('లు', '|'), ('ని', 'U'), ('త్య', '|'), ('ము', '|'), ('గ', '|'), ('ను', '|'), ('స', '|'), ('ఫ', '|'), ('ల', '|'), ('మా', 'U'), ('యె', '|'), ('ను', '|'), ('బో', 'U'), ('గ', '|'), ('దే', 'U'), ('స', 'U'), ('త్య', '|'), ('భా', 'U'), ('మ', '|'), ('త', '|'), ('రు', '|'), ('ణి', '|'), ('నీ', 'U'), ('వే', 'U'), ('గి', '|'), ('యి', '|'), ('చ', '|'), ('టి', '|'), ('కి', '|'), ('తా', 'U'), ('డి', '|'), ('మ', 'U'), ('ళ్ళ', '|'), ('రా', 'U'), ('జ', '|'), ('గో', 'U'), ('పా', 'U'), ('లు', '|'), ('దే', 'U'), ('గ', '|'), ('దే', 'U'), ('రా', 'U'), ('జ', '|'), ('వ', '|'), ('ద', '|'), ('న', '|')]",1.0,-1.0,1.0,1.0,1.0,-1.0
seesamu,ఏమిరా కృష్ణ నీకెంత గర్వంబురా పిలిచిన పలుకవు పిరికితనముఆలకాపరివాడ పతిభీతితనమైన గనిపెట్టి గోవుల గాయవలదెచీకటియిండ్లలో బ్రాకులాడుచు వెన్నపాలు దావుట నీకు భయముగాదెదూరి పొరుగిండ్లలో దొంగిలి దినకుండ చోరుడవై స్త్రీల జేరదగునే,vupajaathi,Taadimallaraajagopaala,"[('ఏ', 'U'), ('మి', '|'), ('రా', 'U'), ('కృ', 'U'), ('ష్ణ', '|'), ('నీ', 'U'), ('కెం', 'U'), ('త', '|'), ('గ', 'U'), ('ర్వం', 'U'), ('బు', '|'), ('రా', 'U'), ('పి', '|'), ('లి', '|'), ('చి', '|'), ('న', '|'), ('ప', '|'), ('లు', '|'), ('క', '|'), ('వు', '|'), ('పి', '|'), ('రి', '|'), ('కి', '|'), ('త', '|'), ('న', '|'), ('ము', '|'), ('ఆ', 'U'), ('ల', '|'), ('కా', 'U'), ('ప', '|'), ('రి', '|'), ('వా', 'U'), ('డ', '|'), ('ప', '|'), ('తి', '|'), ('భీ', 'U'), ('తి', '|'), ('త', '|'), ('న', '|'), ('మై', 'U'), ('న', '|'), ('గ', '|'), ('ని', '|'), ('పె', 'U'), ('ట్టి', '|'), ('గో', 'U'), ('వు', '|'), ('ల', '|'), ('గా', 'U'), ('య', '|'), ('వ', '|'), ('ల', '|'), ('దె', '|'), ('చీ', 'U'), ('క', '|'), ('టి', '|'), ('యిం', 'U'), ('డ్ల', '|'), ('లో', 'U'), ('బ్రా', 'U'), ('కు', '|'), ('లా', 'U'), ('డు', '|'), ('చు', '|'), ('వె', 'U'), ('న్న', '|'), ('పా', 'U'), ('లు', '|'), ('దా', 'U'), ('వు', '|'), ('ట', '|'), ('నీ', 'U'), ('కు', '|'), ('భ', '|'), ('య', '|'), ('ము', '|'), ('గా', 'U'), ('దె', '|'), ('దూ', 'U'), ('రి', '|'), ('పొ', '|'), ('రు', '|'), ('గిం', 'U'), ('డ్ల', '|'), ('లో', 'U'), ('దొం', 'U'), ('గి', '|'), ('లి', '|'), ('ది', '|'), ('న', '|'), ('కుం', 'U'), ('డ', '|'), ('చో', 'U'), ('రు', '|'), ('డ', '|'), ('వై', 'U'), ('స్త్రీ', 'U'), ('ల', '|'), ('జే', 'U'), ('ర', '|'), ('ద', '|'), ('గు', '|'), ('నే', 'U')]",0.8958333333333334,-1.0,1.0,0.9375,0.75,-1.0
teytageethi,యింత చక్కనితనము నీ సంతసమున | గనెనె మీ తల్లి తన వరగర్భముననుతరుణి నీవేగి యిచటికి తాడిమళ్ళ | రాజగోపాలు దేగదే రాజవదన.,vupajaathi,Taadimallaraajagopaala,"[('యిం', 'U'), ('త', '|'), ('చ', 'U'), ('క్క', '|'), ('ని', '|'), ('త', '|'), ('న', '|'), ('ము', '|'), ('నీ', 'U'), ('సం', 'U'), ('త', '|'), ('స', '|'), ('ము', '|'), ('న', '|'), ('గ', '|'), ('నె', '|'), ('నె', '|'), ('మీ', 'U'), ('త', 'U'), ('ల్లి', '|'), ('త', '|'), ('న', '|'), ('వ', '|'), ('ర', '|'), ('గ', 'U'), ('ర్భ', '|'), ('ము', '|'), ('న', '|'), ('ను', '|'), ('త', '|'), ('రు', '|'), ('ణి', '|'), ('నీ', 'U'), ('వే', 'U'), ('గి', '|'), ('యి', '|'), ('చ', '|'), ('టి', '|'), ('కి', '|'), ('తా', 'U'), ('డి', '|'), ('మ', 'U'), ('ళ్ళ', '|'), ('రా', 'U'), ('జ', '|'), ('గో', 'U'), ('పా', 'U'), ('లు', '|'), ('దే', 'U'), ('గ', '|'), ('దే', 'U'), ('రా', 'U'), ('జ', '|'), ('వ', '|'), ('ద', '|'), ('న', '|')]",1.0,-1.0,1.0,1.0,1.0,-1.0
seesamu,పసులగాపరియంచు బలుకులాడెదవేమి నా బిరుదెఱుగవా నాతి నీవుకలికిరో నా నాభికమలమందున బ్రహ్మ చాతుర్ముఖంబుతో జననమాయెపాలకడలిని బుట్టి పద్మాక్షి బెండ్లాడి మన్మథు గంటినే మగువ నాడుఆదికాలమునా డవతారమెత్తిన మత్స్యావతారము మహిమ వినవె,vupajaathi,Taadimallaraajagopaala,"[('ప', '|'), ('సు', '|'), ('ల', '|'), ('గా', 'U'), ('ప', '|'), ('రి', '|'), ('యం', 'U'), ('చు', '|'), ('బ', '|'), ('లు', '|'), ('కు', '|'), ('లా', 'U'), ('డె', '|'), ('ద', '|'), ('వే', 'U'), ('మి', '|'), ('నా', 'U'), ('బి', '|'), ('రు', '|'), ('దె', '|'), ('ఱు', '|'), ('గ', '|'), ('వా', 'U'), ('నా', 'U'), ('తి', '|'), ('నీ', 'U'), ('వు', '|'), ('క', '|'), ('లి', '|'), ('కి', '|'), ('రో', 'U'), ('నా', 'U'), ('నా', 'U'), ('భి', '|'), ('క', '|'), ('మ', '|'), ('ల', '|'), ('మం', 'U'), ('దు', '|'), ('న', '|'), ('బ్ర', 'U'), ('హ్మ', '|'), ('చా', 'U'), ('తు', 'U'), ('ర్ము', '|'), ('ఖం', 'U'), ('బు', '|'), ('తో', 'U'), ('జ', '|'), ('న', '|'), ('న', '|'), ('మా', 'U'), ('యె', '|'), ('పా', 'U'), ('ల', '|'), ('క', '|'), ('డ', '|'), ('లి', '|'), ('ని', '|'), ('బు', 'U'), ('ట్టి', '|'), ('ప', 'U'), ('ద్మా', 'U'), ('క్షి', '|'), ('బెం', 'U'), ('డ్లా', 'U'), ('డి', '|'), ('మ', 'U'), ('న్మ', '|'), ('థు', '|'), ('గం', 'U'), ('టి', '|'), ('నే', 'U'), ('మ', '|'), ('గు', '|'), ('వ', '|'), ('నా', 'U'), ('డు', '|'), ('ఆ', 'U'), ('ది', '|'), ('కా', 'U'), ('ల', '|'), ('ము', '|'), ('నా', 'U'), ('డ', '|'), ('వ', '|'), ('తా', 'U'), ('ర', '|'), ('మె', 'U'), ('త్తి', '|'), ('న', '|'), ('మ', 'U'), ('త్స్యా', 'U'), ('వ', '|'), ('తా', 'U'), ('ర', '|'), ('ము', '|'), ('మ', '|'), ('హి', '|'), ('మ', '|'), ('వి', '|'), ('న', '|'), ('వె', '|')]",0.8125,-1.0,1.0,0.8125,0.625,-1.0
teytageethi,యుగయుగంబుల పలువిధముగ జనించు- | వాడనని నీవెఱుంగవె వనిత పోవేతరుణి నీవేగి యిచటికి తాడిమళ్ళ | రాజగోపాలు దేగదే రాజవదన.,vupajaathi,Taadimallaraajagopaala,"[('యు', '|'), ('గ', '|'), ('యు', '|'), ('గం', 'U'), ('బు', '|'), ('ల', '|'), ('ప', '|'), ('లు', '|'), ('వి', '|'), ('ధ', '|'), ('ము', '|'), ('గ', '|'), ('జ', '|'), ('నిం', 'U'), ('చు', '|'), ('వా', 'U'), ('డ', '|'), ('న', '|'), ('ని', '|'), ('నీ', 'U'), ('వె', '|'), ('ఱుం', 'U'), ('గ', '|'), ('వె', '|'), ('వ', '|'), ('ని', '|'), ('త', '|'), ('పో', 'U'), ('వే', 'U'), ('త', '|'), ('రు', '|'), ('ణి', '|'), ('నీ', 'U'), ('వే', 'U'), ('గి', '|'), ('యి', '|'), ('చ', '|'), ('టి', '|'), ('కి', '|'), ('తా', 'U'), ('డి', '|'), ('మ', 'U'), ('ళ్ళ', '|'), ('రా', 'U'), ('జ', '|'), ('గో', 'U'), ('పా', 'U'), ('లు', '|'), ('దే', 'U'), ('గ', '|'), ('దే', 'U'), ('రా', 'U'), ('జ', '|'), ('వ', '|'), ('ద', '|'), ('న', '|')]",0.7333333333333334,-1.0,1.0,0.7,0.5,-1.0
seesamu,మత్స్యావతారమై మడుగులో జొచ్చియు జేపవై పుట్టుట జన్మమేమికుటిలబుద్ధిని నీవు కూర్మావతారమై తాబేలవైనది తప్పుగాదెవరహావతారమై వాంఛ పడితివిగాని యతినీచమనుచు నెఱిగినావయావెన్క నారసింహావతారంబెత్తి మఱుగుజ్జువాడవై మల్లినావు,vupajaathi,Taadimallaraajagopaala,"[('మ', 'U'), ('త్స్యా', 'U'), ('వ', '|'), ('తా', 'U'), ('ర', '|'), ('మై', 'U'), ('మ', '|'), ('డు', '|'), ('గు', '|'), ('లో', 'U'), ('జొ', 'U'), ('చ్చి', '|'), ('యు', '|'), ('జే', 'U'), ('ప', '|'), ('వై', 'U'), ('పు', 'U'), ('ట్టు', '|'), ('ట', '|'), ('జ', 'U'), ('న్మ', '|'), ('మే', 'U'), ('మి', '|'), ('కు', '|'), ('టి', '|'), ('ల', '|'), ('బు', 'U'), ('ద్ధి', '|'), ('ని', '|'), ('నీ', 'U'), ('వు', '|'), ('కూ', 'U'), ('ర్మా', 'U'), ('వ', '|'), ('తా', 'U'), ('ర', '|'), ('మై', 'U'), ('తా', 'U'), ('బే', 'U'), ('ల', '|'), ('వై', 'U'), ('న', '|'), ('ది', '|'), ('త', 'U'), ('ప్పు', '|'), ('గా', 'U'), ('దె', '|'), ('వ', '|'), ('ర', '|'), ('హా', 'U'), ('వ', '|'), ('తా', 'U'), ('ర', '|'), ('మై', 'U'), ('వాం', 'U'), ('ఛ', '|'), ('ప', '|'), ('డి', '|'), ('తి', '|'), ('వి', '|'), ('గా', 'U'), ('ని', '|'), ('య', '|'), ('తి', '|'), ('నీ', 'U'), ('చ', '|'), ('మ', '|'), ('ను', '|'), ('చు', '|'), ('నె', '|'), ('ఱి', '|'), ('గి', '|'), ('నా', 'U'), ('వ', '|'), ('యా', 'U'), ('వె', 'U'), ('న్క', '|'), ('నా', 'U'), ('ర', '|'), ('సిం', 'U'), ('హా', 'U'), ('వ', '|'), ('తా', 'U'), ('రం', 'U'), ('బె', 'U'), ('త్తి', '|'), ('మ', '|'), ('ఱు', '|'), ('గు', 'U'), ('జ్జు', '|'), ('వా', 'U'), ('డ', '|'), ('వై', 'U'), ('మ', 'U'), ('ల్లి', '|'), ('నా', 'U'), ('వు', '|')]",0.9583333333333334,-1.0,1.0,1.0,0.875,-1.0
teytageethi,వేషధారికి యా బ్రహ్మ వెఱ్ఱియగుచు | గూర్చినందుకు నేమనుకొందునింకతరుణి నీవేగి యిచటికి తాడిమళ్ళ | రాజగోపాలు దేగదే రాజవదన.,vupajaathi,Taadimallaraajagopaala,"[('వే', 'U'), ('ష', '|'), ('ధా', 'U'), ('రి', '|'), ('కి', '|'), ('యా', 'U'), ('బ్ర', 'U'), ('హ్మ', '|'), ('వె', 'U'), ('ఱ్ఱి', '|'), ('య', '|'), ('గు', '|'), ('చు', '|'), ('గూ', 'U'), ('ర్చి', '|'), ('నం', 'U'), ('దు', '|'), ('కు', '|'), ('నే', 'U'), ('మ', '|'), ('ను', '|'), ('కొం', 'U'), ('దు', '|'), ('నిం', 'U'), ('క', '|'), ('త', '|'), ('రు', '|'), ('ణి', '|'), ('నీ', 'U'), ('వే', 'U'), ('గి', '|'), ('యి', '|'), ('చ', '|'), ('టి', '|'), ('కి', '|'), ('తా', 'U'), ('డి', '|'), ('మ', 'U'), ('ళ్ళ', '|'), ('రా', 'U'), ('జ', '|'), ('గో', 'U'), ('పా', 'U'), ('లు', '|'), ('దే', 'U'), ('గ', '|'), ('దే', 'U'), ('రా', 'U'), ('జ', '|'), ('వ', '|'), ('ద', '|'), ('న', '|')]",1.0,-1.0,1.0,1.0,1.0,-1.0
seesamu,అర్జునుకోసమై యవతారమెత్తిన కృష్ణావతారంబు గుణము వినుమువాయుపుత్రునితోడ వాదించి యర్జును డంపశయనము గట్టినట్టినప్పు-డా విల్లుజెడకున్న నా క్షణంబునను దా గేరుచు హనుమంతు గూల్చినాడుపదునొకండక్షోహిణి బలముల జంపించి యర్జును గాచితి నతివ నాడు,vupajaathi,Taadimallaraajagopaala,"[('అ', 'U'), ('ర్జు', '|'), ('ను', '|'), ('కో', 'U'), ('స', '|'), ('మై', 'U'), ('య', '|'), ('వ', '|'), ('తా', 'U'), ('ర', '|'), ('మె', 'U'), ('త్తి', '|'), ('న', '|'), ('కృ', 'U'), ('ష్ణా', 'U'), ('వ', '|'), ('తా', 'U'), ('రం', 'U'), ('బు', '|'), ('గు', '|'), ('ణ', '|'), ('ము', '|'), ('వి', '|'), ('ను', '|'), ('ము', '|'), ('వా', 'U'), ('యు', '|'), ('పు', '|'), ('త్రు', '|'), ('ని', '|'), ('తో', 'U'), ('డ', '|'), ('వా', 'U'), ('దిం', 'U'), ('చి', '|'), ('య', 'U'), ('ర్జు', '|'), ('ను', '|'), ('డం', 'U'), ('ప', '|'), ('శ', '|'), ('య', '|'), ('న', '|'), ('ము', '|'), ('గ', 'U'), ('ట్టి', '|'), ('న', 'U'), ('ట్టి', '|'), ('న', 'U'), ('ప్పు', '|'), ('డా', 'U'), ('వి', 'U'), ('ల్లు', '|'), ('జె', '|'), ('డ', '|'), ('కు', 'U'), ('న్న', '|'), ('నా', 'U'), ('క్ష', '|'), ('ణం', 'U'), ('బు', '|'), ('న', '|'), ('ను', '|'), ('దా', 'U'), ('గే', 'U'), ('రు', '|'), ('చు', '|'), ('హ', '|'), ('ను', '|'), ('మం', 'U'), ('తు', '|'), ('గూ', 'U'), ('ల్చి', '|'), ('నా', 'U'), ('డు', '|'), ('ప', '|'), ('దు', '|'), ('నొ', '|'), ('కం', 'U'), ('డ', 'U'), ('క్షో', 'U'), ('హి', '|'), ('ణి', '|'), ('బ', '|'), ('ల', '|'), ('ము', '|'), ('ల', '|'), ('జం', 'U'), ('పిం', 'U'), ('చి', '|'), ('య', 'U'), ('ర్జు', '|'), ('ను', '|'), ('గా', 'U'), ('చి', '|'), ('తి', '|'), ('న', '|'), ('తి', '|'), ('వ', '|'), ('నా', 'U'), ('డు', '|')]",0.7291666666666666,-1.0,1.0,0.9375,0.25,-1.0
teytageethi,ధరణిలోపల నా విల్లు విఱుగనీక | పట్టి బరువును నాపైని బెట్టుకొంటితరుణి నీవేగి యిచటికి తాడిమళ్ళ | రాజగోపాలు దేగదే రాజవదన.,vupajaathi,Taadimallaraajagopaala,"[('ధ', '|'), ('ర', '|'), ('ణి', '|'), ('లో', 'U'), ('ప', '|'), ('ల', '|'), ('నా', 'U'), ('వి', 'U'), ('ల్లు', '|'), ('వి', '|'), ('ఱు', '|'), ('గ', '|'), ('నీ', 'U'), ('క', '|'), ('ప', 'U'), ('ట్టి', '|'), ('బ', '|'), ('రు', '|'), ('వు', '|'), ('ను', '|'), ('నా', 'U'), ('పై', 'U'), ('ని', '|'), ('బె', 'U'), ('ట్టు', '|'), ('కొం', 'U'), ('టి', '|'), ('త', '|'), ('రు', '|'), ('ణి', '|'), ('నీ', 'U'), ('వే', 'U'), ('గి', '|'), ('యి', '|'), ('చ', '|'), ('టి', '|'), ('కి', '|'), ('తా', 'U'), ('డి', '|'), ('మ', 'U'), ('ళ్ళ', '|'), ('రా', 'U'), ('జ', '|'), ('గో', 'U'), ('పా', 'U'), ('లు', '|'), ('దే', 'U'), ('గ', '|'), ('దే', 'U'), ('రా', 'U'), ('జ', '|'), ('వ', '|'), ('ద', '|'), ('న', '|')]",0.9166666666666666,-1.0,1.0,1.0,0.75,-1.0
seesamu,వాదించుచును నీవు వద్దను గూర్చుండి తగులాట బెట్టుట తగవుగాదువారు వీరనుకొన్న వట్టిమాటలగూర్చి చాడీలు చెప్పుట సమముగాదుచిన్నవాడవుగాదు తన్నులాడించను బాల్యమా యిది నీకు బాగుగాదుపదియేండ్లలోపల బాలుడవై యుండి గోవర్ధనాద్రిని గొడుగుగాను,vupajaathi,Taadimallaraajagopaala,"[('వా', 'U'), ('దిం', 'U'), ('చు', '|'), ('చు', '|'), ('ను', '|'), ('నీ', 'U'), ('వు', '|'), ('వ', 'U'), ('ద్ద', '|'), ('ను', '|'), ('గూ', 'U'), ('ర్చుం', 'U'), ('డి', '|'), ('త', '|'), ('గు', '|'), ('లా', 'U'), ('ట', '|'), ('బె', 'U'), ('ట్టు', '|'), ('ట', '|'), ('త', '|'), ('గ', '|'), ('వు', '|'), ('గా', 'U'), ('దు', '|'), ('వా', 'U'), ('రు', '|'), ('వీ', 'U'), ('ర', '|'), ('ను', '|'), ('కొ', 'U'), ('న్న', '|'), ('వ', 'U'), ('ట్టి', '|'), ('మా', 'U'), ('ట', '|'), ('ల', '|'), ('గూ', 'U'), ('ర్చి', '|'), ('చా', 'U'), ('డీ', 'U'), ('లు', '|'), ('చె', 'U'), ('ప్పు', '|'), ('ట', '|'), ('స', '|'), ('మ', '|'), ('ము', '|'), ('గా', 'U'), ('దు', '|'), ('చి', 'U'), ('న్న', '|'), ('వా', 'U'), ('డ', '|'), ('వు', '|'), ('గా', 'U'), ('దు', '|'), ('త', 'U'), ('న్ను', '|'), ('లా', 'U'), ('డిం', 'U'), ('చ', '|'), ('ను', '|'), ('బా', 'U'), ('ల్య', '|'), ('మా', 'U'), ('యి', '|'), ('ది', '|'), ('నీ', 'U'), ('కు', '|'), ('బా', 'U'), ('గు', '|'), ('గా', 'U'), ('దు', '|'), ('ప', '|'), ('ది', '|'), ('యేం', 'U'), ('డ్ల', '|'), ('లో', 'U'), ('ప', '|'), ('ల', '|'), ('బా', 'U'), ('లు', '|'), ('డ', '|'), ('వై', 'U'), ('యుం', 'U'), ('డి', '|'), ('గో', 'U'), ('వ', 'U'), ('ర్ధ', '|'), ('నా', 'U'), ('ద్రి', '|'), ('ని', '|'), ('గొ', '|'), ('డు', '|'), ('గు', '|'), ('గా', 'U'), ('ను', '|')]",1.0,-1.0,1.0,1.0,1.0,-1.0
teytageethi,బట్టి గోగోపకుల వెతల్పెట్టినావు | సురవరుడు ఱాళ్ళవానను గురియు తరినితరుణి నీవేగి యిచటికి తాడిమళ్ళ | రాజగోపాలు దేగదే రాజవదన.,vupajaathi,Taadimallaraajagopaala,"[('బ', 'U'), ('ట్టి', '|'), ('గో', 'U'), ('గో', 'U'), ('ప', '|'), ('కు', '|'), ('ల', '|'), ('వె', '|'), ('త', 'U'), ('ల్పె', 'U'), ('ట్టి', '|'), ('నా', 'U'), ('వు', '|'), ('సు', '|'), ('ర', '|'), ('వ', '|'), ('రు', '|'), ('డు', '|'), ('ఱా', 'U'), ('ళ్ళ', '|'), ('వా', 'U'), ('న', '|'), ('ను', '|'), ('గు', '|'), ('రి', '|'), ('యు', '|'), ('త', '|'), ('రి', '|'), ('ని', '|'), ('త', '|'), ('రు', '|'), ('ణి', '|'), ('నీ', 'U'), ('వే', 'U'), ('గి', '|'), ('యి', '|'), ('చ', '|'), ('టి', '|'), ('కి', '|'), ('తా', 'U'), ('డి', '|'), ('మ', 'U'), ('ళ్ళ', '|'), ('రా', 'U'), ('జ', '|'), ('గో', 'U'), ('పా', 'U'), ('లు', '|'), ('దే', 'U'), ('గ', '|'), ('దే', 'U'), ('రా', 'U'), ('జ', '|'), ('వ', '|'), ('ద', '|'), ('న', '|')]",1.0,-1.0,1.0,1.0,1.0,-1.0
seesamu,అంబుజాక్షిరో వామనావతారుండనై బలిచక్రవర్తిని బాధలిడగబూని మూడడుగుల భూమి నే నడుగగ నతడు గైకొమ్మని యంబువోయభూమి నాకాశంబు బొత్తిగా గొలిచిన బాదద్వయంబయ్యె బడతి నాకుమూడవ పాదంబు మోపు చోటేదన భీతిల్లి తన నెత్తి బెట్టుమనియె,vupajaathi,Taadimallaraajagopaala,"[('అం', 'U'), ('బు', '|'), ('జా', 'U'), ('క్షి', '|'), ('రో', 'U'), ('వా', 'U'), ('మ', '|'), ('నా', 'U'), ('వ', '|'), ('తా', 'U'), ('రుం', 'U'), ('డ', '|'), ('నై', 'U'), ('బ', '|'), ('లి', '|'), ('చ', '|'), ('క్ర', '|'), ('వ', 'U'), ('ర్తి', '|'), ('ని', '|'), ('బా', 'U'), ('ధ', '|'), ('లి', '|'), ('డ', '|'), ('గ', '|'), ('బూ', 'U'), ('ని', '|'), ('మూ', 'U'), ('డ', '|'), ('డు', '|'), ('గు', '|'), ('ల', '|'), ('భూ', 'U'), ('మి', '|'), ('నే', 'U'), ('న', '|'), ('డు', '|'), ('గ', '|'), ('గ', '|'), ('న', '|'), ('త', '|'), ('డు', '|'), ('గై', 'U'), ('కొ', 'U'), ('మ్మ', '|'), ('ని', '|'), ('యం', 'U'), ('బు', '|'), ('వో', 'U'), ('య', '|'), ('భూ', 'U'), ('మి', '|'), ('నా', 'U'), ('కా', 'U'), ('శం', 'U'), ('బు', '|'), ('బొ', 'U'), ('త్తి', '|'), ('గా', 'U'), ('గొ', '|'), ('లి', '|'), ('చి', '|'), ('న', '|'), ('బా', 'U'), ('ద', 'U'), ('ద్వ', '|'), ('యం', 'U'), ('బ', 'U'), ('య్యె', '|'), ('బ', '|'), ('డ', '|'), ('తి', '|'), ('నా', 'U'), ('కు', '|'), ('మూ', 'U'), ('డ', '|'), ('వ', '|'), ('పా', 'U'), ('దం', 'U'), ('బు', '|'), ('మో', 'U'), ('పు', '|'), ('చో', 'U'), ('టే', 'U'), ('ద', '|'), ('న', '|'), ('భీ', 'U'), ('తి', 'U'), ('ల్లి', '|'), ('త', '|'), ('న', '|'), ('నె', 'U'), ('త్తి', '|'), ('బె', 'U'), ('ట్టు', '|'), ('మ', '|'), ('ని', '|'), ('యె', '|')]",0.90625,-1.0,1.0,0.96875,0.75,-1.0
teytageethi,నంత నాతని నే బట్టి యడగదొక్కి | తిరిగి యవతారమున మల్లి దేలినానుతరుణి నీవేగి యిచటికి తాడిమళ్ళ | రాజగోపాలు దేగదే రాజవదన.,vupajaathi,Taadimallaraajagopaala,"[('నం', 'U'), ('త', '|'), ('నా', 'U'), ('త', '|'), ('ని', '|'), ('నే', 'U'), ('బ', 'U'), ('ట్టి', '|'), ('య', '|'), ('డ', '|'), ('గ', '|'), ('దొ', 'U'), ('క్కి', '|'), ('తి', '|'), ('రి', '|'), ('గి', '|'), ('య', '|'), ('వ', '|'), ('తా', 'U'), ('ర', '|'), ('ము', '|'), ('న', '|'), ('మ', 'U'), ('ల్లి', '|'), ('దే', 'U'), ('లి', '|'), ('నా', 'U'), ('ను', '|'), ('త', '|'), ('రు', '|'), ('ణి', '|'), ('నీ', 'U'), ('వే', 'U'), ('గి', '|'), ('యి', '|'), ('చ', '|'), ('టి', '|'), ('కి', '|'), ('తా', 'U'), ('డి', '|'), ('మ', 'U'), ('ళ్ళ', '|'), ('రా', 'U'), ('జ', '|'), ('గో', 'U'), ('పా', 'U'), ('లు', '|'), ('దే', 'U'), ('గ', '|'), ('దే', 'U'), ('రా', 'U'), ('జ', '|'), ('వ', '|'), ('ద', '|'), ('న', '|')]",0.9166666666666666,-1.0,1.0,1.0,0.75,-1.0
seesamu,అవతారమెత్తుచు హతము సేయుటగాని గొనసాగనీయవు గొల్లబిరుదువంచించి మరి గొల్లవారల నందఱ చిక్కుబెట్టుచు నీవు చెలగినావుబలిచక్రవర్తిని బంధించితివిగాని పాపమెఱుంగవు పడుచవగుచుసుఖము నెరుంగగా సూటివౌదువెకాని బిరుదైన చక్కని పేరు గనవు,vupajaathi,Taadimallaraajagopaala,"[('అ', '|'), ('వ', '|'), ('తా', 'U'), ('ర', '|'), ('మె', 'U'), ('త్తు', '|'), ('చు', '|'), ('హ', '|'), ('త', '|'), ('ము', '|'), ('సే', 'U'), ('యు', '|'), ('ట', '|'), ('గా', 'U'), ('ని', '|'), ('గొ', '|'), ('న', '|'), ('సా', 'U'), ('గ', '|'), ('నీ', 'U'), ('య', '|'), ('వు', '|'), ('గొ', 'U'), ('ల్ల', '|'), ('బి', '|'), ('రు', '|'), ('దు', '|'), ('వం', 'U'), ('చిం', 'U'), ('చి', '|'), ('మ', '|'), ('రి', '|'), ('గొ', 'U'), ('ల్ల', '|'), ('వా', 'U'), ('ర', '|'), ('ల', '|'), ('నం', 'U'), ('ద', '|'), ('ఱ', '|'), ('చి', 'U'), ('క్కు', '|'), ('బె', 'U'), ('ట్టు', '|'), ('చు', '|'), ('నీ', 'U'), ('వు', '|'), ('చె', '|'), ('ల', '|'), ('గి', '|'), ('నా', 'U'), ('వు', '|'), ('బ', '|'), ('లి', '|'), ('చ', '|'), ('క్ర', '|'), ('వ', 'U'), ('ర్తి', '|'), ('ని', '|'), ('బం', 'U'), ('ధిం', 'U'), ('చి', '|'), ('తి', '|'), ('వి', '|'), ('గా', 'U'), ('ని', '|'), ('పా', 'U'), ('ప', '|'), ('మె', '|'), ('ఱుం', 'U'), ('గ', '|'), ('వు', '|'), ('ప', '|'), ('డు', '|'), ('చ', '|'), ('వ', '|'), ('గు', '|'), ('చు', '|'), ('సు', '|'), ('ఖ', '|'), ('ము', '|'), ('నె', '|'), ('రుం', 'U'), ('గ', '|'), ('గా', 'U'), ('సూ', 'U'), ('టి', '|'), ('వౌ', 'U'), ('దు', '|'), ('వె', '|'), ('కా', 'U'), ('ని', '|'), ('బి', '|'), ('రు', '|'), ('దై', 'U'), ('న', '|'), ('చ', 'U'), ('క్క', '|'), ('ని', '|'), ('పే', 'U'), ('రు', '|'), ('గ', '|'), ('న', '|'), ('వు', '|')]",1.0,-1.0,1.0,1.0,1.0,-1.0
teytageethi,మర్మమొచ్చిన యీలాగు మంచిఘనులు | సంహరించుట సరసమా సమరసమునతరుణి నీవేగి యిచటికి తాడిమళ్ళ | రాజగోపాలు దేగదే రాజవదన.,vupajaathi,Taadimallaraajagopaala,"[('మ', 'U'), ('ర్మ', '|'), ('మొ', 'U'), ('చ్చి', '|'), ('న', '|'), ('యీ', 'U'), ('లా', 'U'), ('గు', '|'), ('మం', 'U'), ('చి', '|'), ('ఘ', '|'), ('ను', '|'), ('లు', '|'), ('సం', 'U'), ('హ', '|'), ('రిం', 'U'), ('చు', '|'), ('ట', '|'), ('స', '|'), ('ర', '|'), ('స', '|'), ('మా', 'U'), ('స', '|'), ('మ', '|'), ('ర', '|'), ('స', '|'), ('ము', '|'), ('న', '|'), ('త', '|'), ('రు', '|'), ('ణి', '|'), ('నీ', 'U'), ('వే', 'U'), ('గి', '|'), ('యి', '|'), ('చ', '|'), ('టి', '|'), ('కి', '|'), ('తా', 'U'), ('డి', '|'), ('మ', 'U'), ('ళ్ళ', '|'), ('రా', 'U'), ('జ', '|'), ('గో', 'U'), ('పా', 'U'), ('లు', '|'), ('దే', 'U'), ('గ', '|'), ('దే', 'U'), ('రా', 'U'), ('జ', '|'), ('వ', '|'), ('ద', '|'), ('న', '|')]",1.0,-1.0,1.0,1.0,1.0,-1.0
seesamu,సూర్యవంశమునందు శూరుడై వెలసిన దశరథరాజుకు దనయుడైతిగౌసల్య నన్నును గర్భంబులో మోసి గన్నది మరి దైవఘటనచేతభరతశత్రుఘ్నులు పరగంగ లక్ష్మణు లనుజులు దొడ్డవా రవని గలరురహి లంకలోనున్న రావణాసురు గెల్వ రాజెవ్వడును లేడు రాజ్యమందు,vupajaathi,Taadimallaraajagopaala,"[('సూ', 'U'), ('ర్య', '|'), ('వం', 'U'), ('శ', '|'), ('ము', '|'), ('నం', 'U'), ('దు', '|'), ('శూ', 'U'), ('రు', '|'), ('డై', 'U'), ('వె', '|'), ('ల', '|'), ('సి', '|'), ('న', '|'), ('ద', '|'), ('శ', '|'), ('ర', '|'), ('థ', '|'), ('రా', 'U'), ('జు', '|'), ('కు', '|'), ('ద', '|'), ('న', '|'), ('యు', '|'), ('డై', 'U'), ('తి', '|'), ('గౌ', 'U'), ('స', 'U'), ('ల్య', '|'), ('న', 'U'), ('న్ను', '|'), ('ను', '|'), ('గ', 'U'), ('ర్భం', 'U'), ('బు', '|'), ('లో', 'U'), ('మో', 'U'), ('సి', '|'), ('గ', 'U'), ('న్న', '|'), ('ది', '|'), ('మ', '|'), ('రి', '|'), ('దై', 'U'), ('వ', '|'), ('ఘ', '|'), ('ట', '|'), ('న', '|'), ('చే', 'U'), ('త', '|'), ('భ', '|'), ('ర', '|'), ('త', '|'), ('శ', '|'), ('త్రు', 'U'), ('ఘ్ను', '|'), ('లు', '|'), ('ప', '|'), ('ర', '|'), ('గం', 'U'), ('గ', '|'), ('ల', 'U'), ('క్ష్మ', '|'), ('ణు', '|'), ('ల', '|'), ('ను', '|'), ('జు', '|'), ('లు', '|'), ('దొ', 'U'), ('డ్డ', '|'), ('వా', 'U'), ('ర', '|'), ('వ', '|'), ('ని', '|'), ('గ', '|'), ('ల', '|'), ('రు', '|'), ('ర', '|'), ('హి', '|'), ('లం', 'U'), ('క', '|'), ('లో', 'U'), ('ను', 'U'), ('న్న', '|'), ('రా', 'U'), ('వ', '|'), ('ణా', 'U'), ('సు', '|'), ('రు', '|'), ('గె', 'U'), ('ల్వ', '|'), ('రా', 'U'), ('జె', 'U'), ('వ్వ', '|'), ('డు', '|'), ('ను', '|'), ('లే', 'U'), ('డు', '|'), ('రా', 'U'), ('జ్య', '|'), ('మం', 'U'), ('దు', '|')]",0.9583333333333334,-1.0,1.0,1.0,0.875,-1.0
teytageethi,నందుకోసము నే వచ్చి యవతరించి | సిరుల వరలితి నిక వేయి జెప్పనేలతరుణి నీవేగి యిచటికి తాడిమళ్ళ | రాజగోపాలు దేగదే రాజవదన.,vupajaathi,Taadimallaraajagopaala,"[('నం', 'U'), ('దు', '|'), ('కో', 'U'), ('స', '|'), ('ము', '|'), ('నే', 'U'), ('వ', 'U'), ('చ్చి', '|'), ('య', '|'), ('వ', '|'), ('త', '|'), ('రిం', 'U'), ('చి', '|'), ('సి', '|'), ('రు', '|'), ('ల', '|'), ('వ', '|'), ('ర', '|'), ('లి', '|'), ('తి', '|'), ('ని', '|'), ('క', '|'), ('వే', 'U'), ('యి', '|'), ('జె', 'U'), ('ప్ప', '|'), ('నే', 'U'), ('ల', '|'), ('త', '|'), ('రు', '|'), ('ణి', '|'), ('నీ', 'U'), ('వే', 'U'), ('గి', '|'), ('యి', '|'), ('చ', '|'), ('టి', '|'), ('కి', '|'), ('తా', 'U'), ('డి', '|'), ('మ', 'U'), ('ళ్ళ', '|'), ('రా', 'U'), ('జ', '|'), ('గో', 'U'), ('పా', 'U'), ('లు', '|'), ('దే', 'U'), ('గ', '|'), ('దే', 'U'), ('రా', 'U'), ('జ', '|'), ('వ', '|'), ('ద', '|'), ('న', '|')]",0.9166666666666666,-1.0,1.0,1.0,0.75,-1.0
seesamu,ఎనమండ్రు పట్టపుటింతుల విడనాడి నలినాక్ష విరహివైనావు గావపదియారువేల యా పడతులకోసమై నరకాసురుని గొట్టినావు గావభూపతివై పుట్టి బోరజొచ్చితిగాని యాద్యవతారమై యలరినావమకరిని చాటున మదమడంచితిగాని సమముగా జగడము సలిపినావ,vupajaathi,Taadimallaraajagopaala,"[('ఎ', '|'), ('న', '|'), ('మం', 'U'), ('డ్రు', '|'), ('ప', 'U'), ('ట్ట', '|'), ('పు', '|'), ('టిం', 'U'), ('తు', '|'), ('ల', '|'), ('వి', '|'), ('డ', '|'), ('నా', 'U'), ('డి', '|'), ('న', '|'), ('లి', '|'), ('నా', 'U'), ('క్ష', '|'), ('వి', '|'), ('ర', '|'), ('హి', '|'), ('వై', 'U'), ('నా', 'U'), ('వు', '|'), ('గా', 'U'), ('వ', '|'), ('ప', '|'), ('ది', '|'), ('యా', 'U'), ('రు', '|'), ('వే', 'U'), ('ల', '|'), ('యా', 'U'), ('ప', '|'), ('డ', '|'), ('తు', '|'), ('ల', '|'), ('కో', 'U'), ('స', '|'), ('మై', 'U'), ('న', '|'), ('ర', '|'), ('కా', 'U'), ('సు', '|'), ('రు', '|'), ('ని', '|'), ('గొ', 'U'), ('ట్టి', '|'), ('నా', 'U'), ('వు', '|'), ('గా', 'U'), ('వ', '|'), ('భూ', 'U'), ('ప', '|'), ('తి', '|'), ('వై', 'U'), ('పు', 'U'), ('ట్టి', '|'), ('బో', 'U'), ('ర', '|'), ('జొ', 'U'), ('చ్చి', '|'), ('తి', '|'), ('గా', 'U'), ('ని', '|'), ('యా', 'U'), ('ద్య', '|'), ('వ', '|'), ('తా', 'U'), ('ర', '|'), ('మై', 'U'), ('య', '|'), ('ల', '|'), ('రి', '|'), ('నా', 'U'), ('వ', '|'), ('మ', '|'), ('క', '|'), ('రి', '|'), ('ని', '|'), ('చా', 'U'), ('టు', '|'), ('న', '|'), ('మ', '|'), ('ద', '|'), ('మ', '|'), ('డం', 'U'), ('చి', '|'), ('తి', '|'), ('గా', 'U'), ('ని', '|'), ('స', '|'), ('మ', '|'), ('ము', '|'), ('గా', 'U'), ('జ', '|'), ('గ', '|'), ('డ', '|'), ('ము', '|'), ('స', '|'), ('లి', '|'), ('పి', '|'), ('నా', 'U'), ('వ', '|')]",0.9583333333333334,-1.0,1.0,1.0,0.875,-1.0
teytageethi,చోరుడై వచ్చి యీపాటి ధీరవరుల | గొట్టవచ్చునె పదికోట్ల గుంపులోనతరుణి నీవేగి యిచటికి తాడిమళ్ళ | రాజగోపాలు దేగదే రాజవదన.,vupajaathi,Taadimallaraajagopaala,"[('చో', 'U'), ('రు', '|'), ('డై', 'U'), ('వ', 'U'), ('చ్చి', '|'), ('యీ', 'U'), ('పా', 'U'), ('టి', '|'), ('ధీ', 'U'), ('ర', '|'), ('వ', '|'), ('రు', '|'), ('ల', '|'), ('గొ', 'U'), ('ట్ట', '|'), ('వ', 'U'), ('చ్చు', '|'), ('నె', '|'), ('ప', '|'), ('ది', '|'), ('కో', 'U'), ('ట్ల', '|'), ('గుం', 'U'), ('పు', '|'), ('లో', 'U'), ('న', '|'), ('త', '|'), ('రు', '|'), ('ణి', '|'), ('నీ', 'U'), ('వే', 'U'), ('గి', '|'), ('యి', '|'), ('చ', '|'), ('టి', '|'), ('కి', '|'), ('తా', 'U'), ('డి', '|'), ('మ', 'U'), ('ళ్ళ', '|'), ('రా', 'U'), ('జ', '|'), ('గో', 'U'), ('పా', 'U'), ('లు', '|'), ('దే', 'U'), ('గ', '|'), ('దే', 'U'), ('రా', 'U'), ('జ', '|'), ('వ', '|'), ('ద', '|'), ('న', '|')]",1.0,-1.0,1.0,1.0,1.0,-1.0
seesamu,జనకుడన్ బహుశాంతశాలి సముఖమ్మున విఱువరానట్టి విల్విరచినానుయవనిపుత్రిక సీత నతివేగముగ నేను గెల్చుకొంటిని భూమికీర్తికొఱకుజోడుగా భూపుత్రికూడ వేడుక లలరంగ నయ్యోధ్యాపురంబు జేరితల్లిదండ్రుల నన్నదమ్ముల మెలగుచు రారాజునైతి నో రమణి నేను,vupajaathi,Taadimallaraajagopaala,"[('జ', '|'), ('న', '|'), ('కు', '|'), ('డ', 'U'), ('న్బ', '|'), ('హు', '|'), ('శాం', 'U'), ('త', '|'), ('శా', 'U'), ('లి', '|'), ('స', '|'), ('ము', '|'), ('ఖ', 'U'), ('మ్ము', '|'), ('న', '|'), ('వి', '|'), ('ఱు', '|'), ('వ', '|'), ('రా', 'U'), ('న', 'U'), ('ట్టి', '|'), ('వి', 'U'), ('ల్వి', '|'), ('ర', '|'), ('చి', '|'), ('నా', 'U'), ('ను', '|'), ('య', '|'), ('వ', '|'), ('ని', '|'), ('పు', '|'), ('త్రి', '|'), ('క', '|'), ('సీ', 'U'), ('త', '|'), ('న', '|'), ('తి', '|'), ('వే', 'U'), ('గ', '|'), ('ము', '|'), ('గ', '|'), ('నే', 'U'), ('ను', '|'), ('గె', 'U'), ('ల్చు', '|'), ('కొం', 'U'), ('టి', '|'), ('ని', '|'), ('భూ', 'U'), ('మి', '|'), ('కీ', 'U'), ('ర్తి', '|'), ('కొ', '|'), ('ఱ', '|'), ('కు', '|'), ('జో', 'U'), ('డు', '|'), ('గా', 'U'), ('భూ', 'U'), ('పు', '|'), ('త్రి', '|'), ('కూ', 'U'), ('డ', '|'), ('వే', 'U'), ('డు', '|'), ('క', '|'), ('ల', '|'), ('ల', '|'), ('రం', 'U'), ('గ', '|'), ('న', 'U'), ('య్యో', 'U'), ('ధ్యా', 'U'), ('పు', '|'), ('రం', 'U'), ('బు', '|'), ('జే', 'U'), ('రి', '|'), ('త', 'U'), ('ల్లి', '|'), ('దం', 'U'), ('డ్రు', '|'), ('ల', '|'), ('న', 'U'), ('న్న', '|'), ('ద', 'U'), ('మ్ము', '|'), ('ల', '|'), ('మె', '|'), ('ల', '|'), ('గు', '|'), ('చు', '|'), ('రా', 'U'), ('రా', 'U'), ('జు', '|'), ('నై', 'U'), ('తి', '|'), ('నో', 'U'), ('ర', '|'), ('మ', '|'), ('ణి', '|'), ('నే', 'U'), ('ను', '|')]",0.9479166666666666,-1.0,1.0,0.96875,0.875,-1.0
teytageethi,సుదతి యీవేళ నన్నింత చుల్కచేసి | మాటలాడుట యిది నీకు మంచిదటనేతరుణి నీవేగి యిచటికి తాడిమళ్ళ | రాజగోపాలు దేగదే రాజవదన.,vupajaathi,Taadimallaraajagopaala,"[('సు', '|'), ('ద', '|'), ('తి', '|'), ('యీ', 'U'), ('వే', 'U'), ('ళ', '|'), ('న', 'U'), ('న్నిం', 'U'), ('త', '|'), ('చు', 'U'), ('ల్క', '|'), ('చే', 'U'), ('సి', '|'), ('మా', 'U'), ('ట', '|'), ('లా', 'U'), ('డు', '|'), ('ట', '|'), ('యి', '|'), ('ది', '|'), ('నీ', 'U'), ('కు', '|'), ('మం', 'U'), ('చి', '|'), ('ద', '|'), ('ట', '|'), ('నే', 'U'), ('త', '|'), ('రు', '|'), ('ణి', '|'), ('నీ', 'U'), ('వే', 'U'), ('గి', '|'), ('యి', '|'), ('చ', '|'), ('టి', '|'), ('కి', '|'), ('తా', 'U'), ('డి', '|'), ('మ', 'U'), ('ళ్ళ', '|'), ('రా', 'U'), ('జ', '|'), ('గో', 'U'), ('పా', 'U'), ('లు', '|'), ('దే', 'U'), ('గ', '|'), ('దే', 'U'), ('రా', 'U'), ('జ', '|'), ('వ', '|'), ('ద', '|'), ('న', '|')]",0.9833333333333334,-1.0,1.0,0.95,1.0,-1.0
seesamu,రహి లక్ష్మణుండను రాజును గాపిడి సీతను చెరసాల చేసివావుమారీచుడని నీవు మర్మంబుగానక గాసిల్ల నమ్మున నేసినావుహా లక్ష్మణా యని యా మృగంబటు గూయ వడిగ నీకోసమె వచ్చినాడురథమెక్కి యత్తరి రావణుం డరుదెంచి సీతను భీతిల్లజేసినాడు,vupajaathi,Taadimallaraajagopaala,"[('ర', '|'), ('హి', '|'), ('ల', 'U'), ('క్ష్మ', '|'), ('ణుం', 'U'), ('డ', '|'), ('ను', '|'), ('రా', 'U'), ('జు', '|'), ('ను', '|'), ('గా', 'U'), ('పి', '|'), ('డి', '|'), ('సీ', 'U'), ('త', '|'), ('ను', '|'), ('చె', '|'), ('ర', '|'), ('సా', 'U'), ('ల', '|'), ('చే', 'U'), ('సి', '|'), ('వా', 'U'), ('వు', '|'), ('మా', 'U'), ('రీ', 'U'), ('చు', '|'), ('డ', '|'), ('ని', '|'), ('నీ', 'U'), ('వు', '|'), ('మ', 'U'), ('ర్మం', 'U'), ('బు', '|'), ('గా', 'U'), ('న', '|'), ('క', '|'), ('గా', 'U'), ('సి', 'U'), ('ల్ల', '|'), ('న', 'U'), ('మ్ము', '|'), ('న', '|'), ('నే', 'U'), ('సి', '|'), ('నా', 'U'), ('వు', '|'), ('హా', 'U'), ('ల', 'U'), ('క్ష్మ', '|'), ('ణా', 'U'), ('య', '|'), ('ని', '|'), ('యా', 'U'), ('మృ', '|'), ('గం', 'U'), ('బ', '|'), ('టు', '|'), ('గూ', 'U'), ('య', '|'), ('వ', '|'), ('డి', '|'), ('గ', '|'), ('నీ', 'U'), ('కో', 'U'), ('స', '|'), ('మె', '|'), ('వ', 'U'), ('చ్చి', '|'), ('నా', 'U'), ('డు', '|'), ('ర', '|'), ('థ', '|'), ('మె', 'U'), ('క్కి', '|'), ('య', 'U'), ('త్త', '|'), ('రి', '|'), ('రా', 'U'), ('వ', '|'), ('ణుం', 'U'), ('డ', '|'), ('రు', '|'), ('దెం', 'U'), ('చి', '|'), ('సీ', 'U'), ('త', '|'), ('ను', '|'), ('భీ', 'U'), ('తి', 'U'), ('ల్ల', '|'), ('జే', 'U'), ('సి', '|'), ('నా', 'U'), ('డు', '|')]",1.0,-1.0,1.0,1.0,1.0,-1.0
teytageethi,యింత నగుబాటువాఁడవు సంతసమునఁ | బ్రజ్ఞలాడెదు నాయొద్ద ప్రకటితముగతరుణి నీవేగి యిచటికి తాడిమళ్ళ | రాజగోపాలు దేగదే రాజవదన.,vupajaathi,Taadimallaraajagopaala,"[('యిం', 'U'), ('త', '|'), ('న', '|'), ('గు', '|'), ('బా', 'U'), ('టు', '|'), ('వా', 'U'), ('డ', '|'), ('వు', '|'), ('సం', 'U'), ('త', '|'), ('స', '|'), ('ము', '|'), ('న', '|'), ('బ్ర', 'U'), ('జ్ఞ', '|'), ('లా', 'U'), ('డె', '|'), ('దు', '|'), ('నా', 'U'), ('యొ', 'U'), ('ద్ద', '|'), ('ప్ర', '|'), ('క', '|'), ('టి', '|'), ('త', '|'), ('ము', '|'), ('గ', '|'), ('త', '|'), ('రు', '|'), ('ణి', '|'), ('నీ', 'U'), ('వే', 'U'), ('గి', '|'), ('యి', '|'), ('చ', '|'), ('టి', '|'), ('కి', '|'), ('తా', 'U'), ('డి', '|'), ('మ', 'U'), ('ళ్ళ', '|'), ('రా', 'U'), ('జ', '|'), ('గో', 'U'), ('పా', 'U'), ('లు', '|'), ('దే', 'U'), ('గ', '|'), ('దే', 'U'), ('రా', 'U'), ('జ', '|'), ('వ', '|'), ('ద', '|'), ('న', '|')]",1.0,-1.0,1.0,1.0,1.0,-1.0
seesamu,తప్పక లక్ష్మణుఁ దడయక గాపిడి యేగి మృగమ్మును నేయుతరినిహా లక్ష్మణా యని యా మృగమటు గూయ మగువకు దుఃఖమై మరిది నంపెమారీచు మాటయే మా యన్న గాదని భావించి తమ్ముడు బాసచేసెనాడగూడని మాటలాడగా దలపెట్ట వనితరో తమ్ముడు వచ్చినాడు,vupajaathi,Taadimallaraajagopaala,"[('త', 'U'), ('ప్ప', '|'), ('క', '|'), ('ల', 'U'), ('క్ష్మ', '|'), ('ణు', '|'), ('ద', '|'), ('డ', '|'), ('య', '|'), ('క', '|'), ('గా', 'U'), ('పి', '|'), ('డి', '|'), ('యే', 'U'), ('గి', '|'), ('మృ', '|'), ('గ', 'U'), ('మ్ము', '|'), ('ను', '|'), ('నే', 'U'), ('యు', '|'), ('త', '|'), ('రి', '|'), ('ని', '|'), ('హా', 'U'), ('ల', 'U'), ('క్ష్మ', '|'), ('ణా', 'U'), ('య', '|'), ('ని', '|'), ('యా', 'U'), ('మృ', '|'), ('గ', '|'), ('మ', '|'), ('టు', '|'), ('గూ', 'U'), ('య', '|'), ('మ', '|'), ('గు', '|'), ('వ', '|'), ('కు', '|'), ('దుః', 'U'), ('ఖ', '|'), ('మై', 'U'), ('మ', '|'), ('రి', '|'), ('ది', '|'), ('నం', 'U'), ('పె', '|'), ('మా', 'U'), ('రీ', 'U'), ('చు', '|'), ('మా', 'U'), ('ట', '|'), ('యే', 'U'), ('మా', 'U'), ('య', 'U'), ('న్న', '|'), ('గా', 'U'), ('ద', '|'), ('ని', '|'), ('భా', 'U'), ('విం', 'U'), ('చి', '|'), ('త', 'U'), ('మ్ము', '|'), ('డు', '|'), ('బా', 'U'), ('స', '|'), ('చే', 'U'), ('సె', '|'), ('నా', 'U'), ('డ', '|'), ('గూ', 'U'), ('డ', '|'), ('ని', '|'), ('మా', 'U'), ('ట', '|'), ('లా', 'U'), ('డ', '|'), ('గా', 'U'), ('ద', '|'), ('ల', '|'), ('పె', 'U'), ('ట్ట', '|'), ('వ', '|'), ('ని', '|'), ('త', '|'), ('రో', 'U'), ('త', 'U'), ('మ్ము', '|'), ('డు', '|'), ('వ', 'U'), ('చ్చి', '|'), ('నా', 'U'), ('డు', '|')]",0.9583333333333334,-1.0,1.0,1.0,0.875,-1.0
teytageethi,రమ్యమైనట్టి ముల్లోకరక్షకుఁడగు | సుదతి దశరథరాజుకు సుతువుగాడెతరుణి నీవేగి యిచటికి తాడిమళ్ళ | రాజగోపాలు దేగదే రాజవదన.,vupajaathi,Taadimallaraajagopaala,"[('ర', 'U'), ('మ్య', '|'), ('మై', 'U'), ('న', 'U'), ('ట్టి', '|'), ('ము', 'U'), ('ల్లో', 'U'), ('క', '|'), ('ర', 'U'), ('క్ష', '|'), ('కు', '|'), ('డ', '|'), ('గు', '|'), ('సు', '|'), ('ద', '|'), ('తి', '|'), ('ద', '|'), ('శ', '|'), ('ర', '|'), ('థ', '|'), ('రా', 'U'), ('జు', '|'), ('కు', '|'), ('సు', '|'), ('తు', '|'), ('వు', '|'), ('గా', 'U'), ('డె', '|'), ('త', '|'), ('రు', '|'), ('ణి', '|'), ('నీ', 'U'), ('వే', 'U'), ('గి', '|'), ('యి', '|'), ('చ', '|'), ('టి', '|'), ('కి', '|'), ('తా', 'U'), ('డి', '|'), ('మ', 'U'), ('ళ్ళ', '|'), ('రా', 'U'), ('జ', '|'), ('గో', 'U'), ('పా', 'U'), ('లు', '|'), ('దే', 'U'), ('గ', '|'), ('దే', 'U'), ('రా', 'U'), ('జ', '|'), ('వ', '|'), ('ద', '|'), ('న', '|')]",1.0,-1.0,1.0,1.0,1.0,-1.0
seesamu,ధరణిలో గృష్ణావతారమెత్తిననాడు తల్లిమాటకు మేఱ దప్పినావుఆ తల్లి నిన్నెంతో యాసక్తి బెంపగా దుందుడుకై చాల దూకినావుగద్దఱీవని తల్లి పెద్దరోటను గట్ట మద్దులఁ బడద్రోసి మళ్ళినావుమగుడి యావెంటను మఱి బుద్ధరూపమై చెలుల వ్రతంబులఁ జెఱచినావు,vupajaathi,Taadimallaraajagopaala,"[('ధ', '|'), ('ర', '|'), ('ణి', '|'), ('లో', 'U'), ('గృ', 'U'), ('ష్ణా', 'U'), ('వ', '|'), ('తా', 'U'), ('ర', '|'), ('మె', 'U'), ('త్తి', '|'), ('న', '|'), ('నా', 'U'), ('డు', '|'), ('త', 'U'), ('ల్లి', '|'), ('మా', 'U'), ('ట', '|'), ('కు', '|'), ('మే', 'U'), ('ఱ', '|'), ('ద', 'U'), ('ప్పి', '|'), ('నా', 'U'), ('వు', '|'), ('ఆ', 'U'), ('త', 'U'), ('ల్లి', '|'), ('ని', 'U'), ('న్నెం', 'U'), ('తో', 'U'), ('యా', 'U'), ('స', 'U'), ('క్తి', '|'), ('బెం', 'U'), ('ప', '|'), ('గా', 'U'), ('దుం', 'U'), ('దు', '|'), ('డు', '|'), ('కై', 'U'), ('చా', 'U'), ('ల', '|'), ('దూ', 'U'), ('కి', '|'), ('నా', 'U'), ('వు', '|'), ('గ', 'U'), ('ద్ద', '|'), ('ఱీ', 'U'), ('వ', '|'), ('ని', '|'), ('త', 'U'), ('ల్లి', '|'), ('పె', 'U'), ('ద్ద', '|'), ('రో', 'U'), ('ట', '|'), ('ను', '|'), ('గ', 'U'), ('ట్ట', '|'), ('మ', 'U'), ('ద్దు', '|'), ('ల', '|'), ('బ', '|'), ('డ', '|'), ('ద్రో', 'U'), ('సి', '|'), ('మ', 'U'), ('ళ్ళి', '|'), ('నా', 'U'), ('వు', '|'), ('మ', '|'), ('గు', '|'), ('డి', '|'), ('యా', 'U'), ('వెం', 'U'), ('ట', '|'), ('ను', '|'), ('మ', '|'), ('ఱి', '|'), ('బు', 'U'), ('ద్ధ', '|'), ('రూ', 'U'), ('ప', '|'), ('మై', 'U'), ('చె', '|'), ('లు', '|'), ('ల', '|'), ('వ్ర', '|'), ('తం', 'U'), ('బు', '|'), ('ల', '|'), ('జె', '|'), ('ఱ', '|'), ('చి', '|'), ('నా', 'U'), ('వు', '|')]",0.625,-1.0,1.0,0.625,0.25,-1.0
teytageethi,చెడ్డవాఁడవు నీచెంతఁ జేరరాదు | స్త్రీల నీలాగు సేయుట మేలుగాదుతరుణి నీవేగి యిచటికి తాడిమళ్ళ | రాజగోపాలు దేగదే రాజవదన.,vupajaathi,Taadimallaraajagopaala,"[('చె', 'U'), ('డ్డ', '|'), ('వా', 'U'), ('డ', '|'), ('వు', '|'), ('నీ', 'U'), ('చెం', 'U'), ('త', '|'), ('జే', 'U'), ('ర', '|'), ('రా', 'U'), ('దు', 'U'), ('స్త్రీ', 'U'), ('ల', '|'), ('నీ', 'U'), ('లా', 'U'), ('గు', '|'), ('సే', 'U'), ('యు', '|'), ('ట', '|'), ('మే', 'U'), ('లు', '|'), ('గా', 'U'), ('దు', '|'), ('త', '|'), ('రు', '|'), ('ణి', '|'), ('నీ', 'U'), ('వే', 'U'), ('గి', '|'), ('యి', '|'), ('చ', '|'), ('టి', '|'), ('కి', '|'), ('తా', 'U'), ('డి', '|'), ('మ', 'U'), ('ళ్ళ', '|'), ('రా', 'U'), ('జ', '|'), ('గో', 'U'), ('పా', 'U'), ('లు', '|'), ('దే', 'U'), ('గ', '|'), ('దే', 'U'), ('రా', 'U'), ('జ', '|'), ('వ', '|'), ('ద', '|'), ('న', '|')]",0.5666666666666667,-1.0,1.0,0.45,0.25,-1.0
seesamu,చెంగల్వకొలనిలో శృంగారసతులెల్ల జలక్రీడలాడిన జాడ గంటిసిగ్గులేకను బట్టుచీరలన్నియు విప్పిపెట్టిన జాడ నేనట్టె గంటి మగువరోయా చీరమడతలన్నియు గొని చెలియరో యా పొన్నచెట్ల నిడితి భామఅందఱు గూడి బట్టబైలను నిల్చి ముమ్మారు మ్రొక్కిరి ముద్దుగాను,vupajaathi,Taadimallaraajagopaala,"[('చెం', 'U'), ('గ', 'U'), ('ల్వ', '|'), ('కొ', '|'), ('ల', '|'), ('ని', '|'), ('లో', 'U'), ('శృం', 'U'), ('గా', 'U'), ('ర', '|'), ('స', '|'), ('తు', '|'), ('లె', 'U'), ('ల్ల', '|'), ('జ', '|'), ('ల', '|'), ('క్రీ', 'U'), ('డ', '|'), ('లా', 'U'), ('డి', '|'), ('న', '|'), ('జా', 'U'), ('డ', '|'), ('గం', 'U'), ('టి', '|'), ('సి', 'U'), ('గ్గు', '|'), ('లే', 'U'), ('క', '|'), ('ను', '|'), ('బ', 'U'), ('ట్టు', '|'), ('చీ', 'U'), ('ర', '|'), ('ల', 'U'), ('న్ని', '|'), ('యు', '|'), ('వి', 'U'), ('ప్పి', '|'), ('పె', 'U'), ('ట్టి', '|'), ('న', '|'), ('జా', 'U'), ('డ', '|'), ('నే', 'U'), ('న', 'U'), ('ట్టె', '|'), ('గం', 'U'), ('టి', '|'), ('మ', '|'), ('గు', '|'), ('వ', '|'), ('రో', 'U'), ('యా', 'U'), ('చీ', 'U'), ('ర', '|'), ('మ', '|'), ('డ', '|'), ('త', '|'), ('ల', 'U'), ('న్ని', '|'), ('యు', '|'), ('గొ', '|'), ('ని', '|'), ('చె', '|'), ('లి', '|'), ('య', '|'), ('రో', 'U'), ('యా', 'U'), ('పొ', 'U'), ('న్న', '|'), ('చె', 'U'), ('ట్ల', '|'), ('ని', '|'), ('డి', '|'), ('తి', '|'), ('భా', 'U'), ('మ', '|'), ('అం', 'U'), ('ద', '|'), ('ఱు', '|'), ('గూ', 'U'), ('డి', '|'), ('బ', 'U'), ('ట్ట', '|'), ('బై', 'U'), ('ల', '|'), ('ను', '|'), ('ని', 'U'), ('ల్చి', '|'), ('ము', 'U'), ('మ్మా', 'U'), ('రు', '|'), ('మ్రొ', 'U'), ('క్కి', '|'), ('రి', '|'), ('ము', 'U'), ('ద్దు', '|'), ('గా', 'U'), ('ను', '|')]",1.0,-1.0,1.0,1.0,1.0,-1.0
teytageethi,తగనెఱుంగవె కృష్ణావతార మహిమ | యింతవాడని నా గుణ మెఱుగలేవెతరుణి నీవేగి యిచటికి తాడిమళ్ళ | రాజగోపాలు దేగదే రాజవదన.,vupajaathi,Taadimallaraajagopaala,"[('త', '|'), ('గ', '|'), ('నె', '|'), ('ఱుం', 'U'), ('గ', '|'), ('వె', '|'), ('కృ', 'U'), ('ష్ణా', 'U'), ('వ', '|'), ('తా', 'U'), ('ర', '|'), ('మ', '|'), ('హి', '|'), ('మ', '|'), ('యిం', 'U'), ('త', '|'), ('వా', 'U'), ('డ', '|'), ('ని', '|'), ('నా', 'U'), ('గు', '|'), ('ణ', '|'), ('మె', '|'), ('ఱు', '|'), ('గ', '|'), ('లే', 'U'), ('వె', '|'), ('త', '|'), ('రు', '|'), ('ణి', '|'), ('నీ', 'U'), ('వే', 'U'), ('గి', '|'), ('యి', '|'), ('చ', '|'), ('టి', '|'), ('కి', '|'), ('తా', 'U'), ('డి', '|'), ('మ', 'U'), ('ళ్ళ', '|'), ('రా', 'U'), ('జ', '|'), ('గో', 'U'), ('పా', 'U'), ('లు', '|'), ('దే', 'U'), ('గ', '|'), ('దే', 'U'), ('రా', 'U'), ('జ', '|'), ('వ', '|'), ('ద', '|'), ('న', '|')]",0.9166666666666666,-1.0,1.0,1.0,0.75,-1.0
seesamu,ఓలలాడుచునున్న స్త్రీలయొద్దకు బోయి సిగ్గుమాలిన పేర్మి జెప్పవలెనుతప్పక నీ దుష్టతనము నింపాయకాని పాయక యా పనుల్సేయదగునెవావివర్తనలేక వరించుచును నీవు కోరిన మేనత్తను గూడదగునెపాపమౌననకను బడఁతుల వంచించి చెయియూత లొదవింప జేయదగునె,vupajaathi,Taadimallaraajagopaala,"[('ఓ', 'U'), ('ల', '|'), ('లా', 'U'), ('డు', '|'), ('చు', '|'), ('ను', 'U'), ('న్న', 'U'), ('స్త్రీ', 'U'), ('ల', '|'), ('యొ', 'U'), ('ద్ద', '|'), ('కు', '|'), ('బో', 'U'), ('యి', '|'), ('సి', 'U'), ('గ్గు', '|'), ('మా', 'U'), ('లి', '|'), ('న', '|'), ('పే', 'U'), ('ర్మి', '|'), ('జె', 'U'), ('ప్ప', '|'), ('వ', '|'), ('లె', '|'), ('ను', '|'), ('త', 'U'), ('ప్ప', '|'), ('క', '|'), ('నీ', 'U'), ('దు', 'U'), ('ష్ట', '|'), ('త', '|'), ('న', '|'), ('ము', '|'), ('నిం', 'U'), ('పా', 'U'), ('య', '|'), ('కా', 'U'), ('ని', '|'), ('పా', 'U'), ('య', '|'), ('క', '|'), ('యా', 'U'), ('ప', '|'), ('ను', 'U'), ('ల్సే', 'U'), ('య', '|'), ('ద', '|'), ('గు', '|'), ('నె', '|'), ('వా', 'U'), ('వి', '|'), ('వ', 'U'), ('ర్త', '|'), ('న', '|'), ('లే', 'U'), ('క', '|'), ('వ', '|'), ('రిం', 'U'), ('చు', '|'), ('చు', '|'), ('ను', '|'), ('నీ', 'U'), ('వు', '|'), ('కో', 'U'), ('రి', '|'), ('న', '|'), ('మే', 'U'), ('న', 'U'), ('త్త', '|'), ('ను', '|'), ('గూ', 'U'), ('డ', '|'), ('ద', '|'), ('గు', '|'), ('నె', '|'), ('పా', 'U'), ('ప', '|'), ('మౌ', 'U'), ('న', '|'), ('న', '|'), ('క', '|'), ('ను', '|'), ('బ', '|'), ('డ', '|'), ('తు', '|'), ('ల', '|'), ('వం', 'U'), ('చిం', 'U'), ('చి', '|'), ('చె', '|'), ('యి', '|'), ('యూ', 'U'), ('త', '|'), ('లొ', '|'), ('ద', '|'), ('విం', 'U'), ('ప', '|'), ('జే', 'U'), ('య', '|'), ('ద', '|'), ('గు', '|'), ('నె', '|')]",0.6979166666666666,-1.0,1.0,0.71875,0.375,-1.0
teytageethi,మొగ్గలంబాయె నీదగు మగతనంబు | సిగ్గులేకను నాతోడఁ జెప్పినపుడెతగవులున్నది మనమధ్య తాడిమళ్ళ | రాజగోపాల రావయ్య తేజముగను.,vupajaathi,Taadimallaraajagopaala,"[('మొ', 'U'), ('గ్గ', '|'), ('లం', 'U'), ('బా', 'U'), ('యె', '|'), ('నీ', 'U'), ('ద', '|'), ('గు', '|'), ('మ', '|'), ('గ', '|'), ('త', '|'), ('నం', 'U'), ('బు', '|'), ('సి', 'U'), ('గ్గు', '|'), ('లే', 'U'), ('క', '|'), ('ను', '|'), ('నా', 'U'), ('తో', 'U'), ('డ', '|'), ('జె', 'U'), ('ప్పి', '|'), ('న', '|'), ('పు', '|'), ('డె', '|'), ('త', '|'), ('గ', '|'), ('వు', '|'), ('లు', 'U'), ('న్న', '|'), ('ది', '|'), ('మ', '|'), ('న', '|'), ('మ', 'U'), ('ధ్య', '|'), ('తా', 'U'), ('డి', '|'), ('మ', 'U'), ('ళ్ళ', '|'), ('రా', 'U'), ('జ', '|'), ('గో', 'U'), ('పా', 'U'), ('ల', '|'), ('రా', 'U'), ('వ', 'U'), ('య్య', '|'), ('తే', 'U'), ('జ', '|'), ('ము', '|'), ('గ', '|'), ('ను', '|')]",0.9166666666666666,-1.0,1.0,1.0,0.75,-1.0
seesamu,ఘనుడు సత్రాజిత్తుకన్య వేడుకతోను బెండ్లాడివచ్చిన బిరుదు వినవెనీలాపనిందలు నిశ్చయంబుగఁ గొంత నా మీదఁ బల్క నే నాతియుతుఁడగానఁ జంద్రుడు పాలలో గనపడినట్లు జాడ కొంచముగంటి జాములోనబడతి నేనొక భాద్రపదశుద్ధచౌతిని దనరంగ శశిబింబదర్శనంబు,vupajaathi,Taadimallaraajagopaala,"[('ఘ', '|'), ('ను', '|'), ('డు', '|'), ('స', '|'), ('త్రా', 'U'), ('జి', 'U'), ('త్తు', '|'), ('క', 'U'), ('న్య', '|'), ('వే', 'U'), ('డు', '|'), ('క', '|'), ('తో', 'U'), ('ను', '|'), ('బెం', 'U'), ('డ్లా', 'U'), ('డి', '|'), ('వ', 'U'), ('చ్చి', '|'), ('న', '|'), ('బి', '|'), ('రు', '|'), ('దు', '|'), ('వి', '|'), ('న', '|'), ('వె', '|'), ('నీ', 'U'), ('లా', 'U'), ('ప', '|'), ('నిం', 'U'), ('ద', '|'), ('లు', '|'), ('ని', 'U'), ('శ్చ', '|'), ('యం', 'U'), ('బు', '|'), ('గ', '|'), ('గొం', 'U'), ('త', '|'), ('నా', 'U'), ('మీ', 'U'), ('ద', '|'), ('బ', 'U'), ('ల్క', '|'), ('నే', 'U'), ('నా', 'U'), ('తి', '|'), ('యు', '|'), ('తు', '|'), ('డ', '|'), ('గా', 'U'), ('న', '|'), ('జం', 'U'), ('ద్రు', '|'), ('డు', '|'), ('పా', 'U'), ('ల', '|'), ('లో', 'U'), ('గ', '|'), ('న', '|'), ('ప', '|'), ('డి', '|'), ('న', 'U'), ('ట్లు', '|'), ('జా', 'U'), ('డ', '|'), ('కొం', 'U'), ('చ', '|'), ('ము', '|'), ('గం', 'U'), ('టి', '|'), ('జా', 'U'), ('ము', '|'), ('లో', 'U'), ('న', '|'), ('బ', '|'), ('డ', '|'), ('తి', '|'), ('నే', 'U'), ('నొ', '|'), ('క', '|'), ('భా', 'U'), ('ద్ర', '|'), ('ప', '|'), ('ద', '|'), ('శు', 'U'), ('ద్ధ', '|'), ('చౌ', 'U'), ('తి', '|'), ('ని', '|'), ('ద', '|'), ('న', '|'), ('రం', 'U'), ('గ', '|'), ('శ', '|'), ('శి', '|'), ('బిం', 'U'), ('బ', '|'), ('ద', 'U'), ('ర్శ', '|'), ('నం', 'U'), ('బు', '|')]",0.9583333333333334,-1.0,1.0,1.0,0.875,-1.0
teytageethi,గాగ నా మార్గమున వచ్చి కలసి నాతో | సంపదల బొందియుండవె సత్యభామతరుణ నా యూరి పేర్విను తాడిమళ్ల | రాజగోపాలు డందురే రమణి నన్ను.,vupajaathi,Taadimallaraajagopaala,"[('గా', 'U'), ('గ', '|'), ('నా', 'U'), ('మా', 'U'), ('ర్గ', '|'), ('ము', '|'), ('న', '|'), ('వ', 'U'), ('చ్చి', '|'), ('క', '|'), ('ల', '|'), ('సి', '|'), ('నా', 'U'), ('తో', 'U'), ('సం', 'U'), ('ప', '|'), ('ద', '|'), ('ల', '|'), ('బొం', 'U'), ('ది', '|'), ('యుం', 'U'), ('డ', '|'), ('వె', '|'), ('స', 'U'), ('త్య', '|'), ('భా', 'U'), ('మ', '|'), ('త', '|'), ('రు', '|'), ('ణ', '|'), ('నా', 'U'), ('యూ', 'U'), ('రి', '|'), ('పే', 'U'), ('ర్వి', '|'), ('ను', '|'), ('తా', 'U'), ('డి', '|'), ('మ', 'U'), ('ళ్ల', '|'), ('రా', 'U'), ('జ', '|'), ('గో', 'U'), ('పా', 'U'), ('లు', '|'), ('డం', 'U'), ('దు', '|'), ('రే', 'U'), ('ర', '|'), ('మ', '|'), ('ణి', '|'), ('న', 'U'), ('న్ను', '|')]",0.7166666666666667,-1.0,1.0,0.65,0.5,-1.0
seesamu,జగడ మన్యాయమై జాంబవంతుని గెల్చె కానుక దెచ్చిచ్చిగాదు బిరుదుఎంతమాత్రంబైన నీ యతిశయముచే మిక్కిలి మఱియేమి మేలులేదుబాల్యమందున రామభద్రుండవై యుండి వెలయ వనమునకు వెళ్ళినావుపదునాలుగేడులు పరగ దమ్ముడు నీవు నెలమి సీతతోఁ జరియించినావు,vupajaathi,Taadimallaraajagopaala,"[('జ', '|'), ('గ', '|'), ('డ', '|'), ('మ', 'U'), ('న్యా', 'U'), ('య', '|'), ('మై', 'U'), ('జాం', 'U'), ('బ', '|'), ('వం', 'U'), ('తు', '|'), ('ని', '|'), ('గె', 'U'), ('ల్చె', '|'), ('కా', 'U'), ('ను', '|'), ('క', '|'), ('దె', 'U'), ('చ్చి', 'U'), ('చ్చి', '|'), ('గా', 'U'), ('దు', '|'), ('బి', '|'), ('రు', '|'), ('దు', '|'), ('ఎం', 'U'), ('త', '|'), ('మా', 'U'), ('త్రం', 'U'), ('బై', 'U'), ('న', '|'), ('నీ', 'U'), ('య', '|'), ('తి', '|'), ('శ', '|'), ('య', '|'), ('ము', '|'), ('చే', 'U'), ('మి', 'U'), ('క్కి', '|'), ('లి', '|'), ('మ', '|'), ('ఱి', '|'), ('యే', 'U'), ('మి', '|'), ('మే', 'U'), ('లు', '|'), ('లే', 'U'), ('దు', '|'), ('బా', 'U'), ('ల్య', '|'), ('మం', 'U'), ('దు', '|'), ('న', '|'), ('రా', 'U'), ('మ', '|'), ('భ', '|'), ('ద్రుం', 'U'), ('డ', '|'), ('వై', 'U'), ('యుం', 'U'), ('డి', '|'), ('వె', '|'), ('ల', '|'), ('య', '|'), ('వ', '|'), ('న', '|'), ('ము', '|'), ('న', '|'), ('కు', '|'), ('వె', 'U'), ('ళ్ళి', '|'), ('నా', 'U'), ('వు', '|'), ('ప', '|'), ('దు', '|'), ('నా', 'U'), ('లు', '|'), ('గే', 'U'), ('డు', '|'), ('లు', '|'), ('ప', '|'), ('ర', '|'), ('గ', '|'), ('ద', 'U'), ('మ్ము', '|'), ('డు', '|'), ('నీ', 'U'), ('వు', '|'), ('నె', '|'), ('ల', '|'), ('మి', '|'), ('సీ', 'U'), ('త', '|'), ('తో', 'U'), ('జ', '|'), ('రి', '|'), ('యిం', 'U'), ('చి', '|'), ('నా', 'U'), ('వు', '|')]",0.7604166666666666,-1.0,1.0,0.78125,0.5,-1.0
teytageethi,గాన నీదు ప్రభావముఁ గానఁబడియె | మర్మమెఱిగితి నీ కీర్తిమహిమఁ గంటితగవులన్నియు మనమధ్య తాడిమళ్ళ | రాజగోపాల రావయ్య రమణి గూడ.,vupajaathi,Taadimallaraajagopaala,"[('గా', 'U'), ('న', '|'), ('నీ', 'U'), ('దు', '|'), ('ప్ర', '|'), ('భా', 'U'), ('వ', '|'), ('ము', '|'), ('గా', 'U'), ('న', '|'), ('బ', '|'), ('డి', '|'), ('యె', '|'), ('మ', 'U'), ('ర్మ', '|'), ('మె', '|'), ('ఱి', '|'), ('గి', '|'), ('తి', '|'), ('నీ', 'U'), ('కీ', 'U'), ('ర్తి', '|'), ('మ', '|'), ('హి', '|'), ('మ', '|'), ('గం', 'U'), ('టి', '|'), ('త', '|'), ('గ', '|'), ('వు', '|'), ('ల', 'U'), ('న్ని', '|'), ('యు', '|'), ('మ', '|'), ('న', '|'), ('మ', 'U'), ('ధ్య', '|'), ('తా', 'U'), ('డి', '|'), ('మ', 'U'), ('ళ్ళ', '|'), ('రా', 'U'), ('జ', '|'), ('గో', 'U'), ('పా', 'U'), ('ల', '|'), ('రా', 'U'), ('వ', 'U'), ('య్య', '|'), ('ర', '|'), ('మ', '|'), ('ణి', '|'), ('గూ', 'U'), ('డ', '|')]",1.0,-1.0,1.0,1.0,1.0,-1.0
seesamu,సుప్రసేనుఁడు మణి సూటిగా దాల్చుక వేటాడ నడవికి వెడలివచ్చి-నంతట నొకసింహ మాతని వధియించి మణి గొంచుబోవ నమ్మార్గముననుగని జాంబవంతుండు ఖండించి దానిని దనచేత బట్టుక దర్లిపోయె-నంత సత్రాజిత్తు డనుజుఁడు రాకున్న శ్రీకృష్ణుండీ మాయ చేసెననుచు,vupajaathi,Taadimallaraajagopaala,"[('సు', '|'), ('ప్ర', '|'), ('సే', 'U'), ('ను', '|'), ('డు', '|'), ('మ', '|'), ('ణి', '|'), ('సూ', 'U'), ('టి', '|'), ('గా', 'U'), ('దా', 'U'), ('ల్చు', '|'), ('క', '|'), ('వే', 'U'), ('టా', 'U'), ('డ', '|'), ('న', '|'), ('డ', '|'), ('వి', '|'), ('కి', '|'), ('వె', '|'), ('డ', '|'), ('లి', '|'), ('వ', 'U'), ('చ్చి', '|'), ('నం', 'U'), ('త', '|'), ('ట', '|'), ('నొ', '|'), ('క', '|'), ('సిం', 'U'), ('హ', '|'), ('మా', 'U'), ('త', '|'), ('ని', '|'), ('వ', '|'), ('ధి', '|'), ('యిం', 'U'), ('చి', '|'), ('మ', '|'), ('ణి', '|'), ('గొం', 'U'), ('చు', '|'), ('బో', 'U'), ('వ', '|'), ('న', 'U'), ('మ్మా', 'U'), ('ర్గ', '|'), ('ము', '|'), ('న', '|'), ('ను', '|'), ('గ', '|'), ('ని', '|'), ('జాం', 'U'), ('బ', '|'), ('వం', 'U'), ('తుం', 'U'), ('డు', '|'), ('ఖం', 'U'), ('డిం', 'U'), ('చి', '|'), ('దా', 'U'), ('ని', '|'), ('ని', '|'), ('ద', '|'), ('న', '|'), ('చే', 'U'), ('త', '|'), ('బ', 'U'), ('ట్టు', '|'), ('క', '|'), ('ద', 'U'), ('ర్లి', '|'), ('పో', 'U'), ('యె', '|'), ('నం', 'U'), ('త', '|'), ('స', '|'), ('త్రా', 'U'), ('జి', 'U'), ('త్తు', '|'), ('డ', '|'), ('ను', '|'), ('జు', '|'), ('డు', '|'), ('రా', 'U'), ('కు', 'U'), ('న్న', '|'), ('శ్రీ', 'U'), ('కృ', 'U'), ('ష్ణుం', 'U'), ('డీ', 'U'), ('మా', 'U'), ('య', '|'), ('చే', 'U'), ('సె', '|'), ('న', '|'), ('ను', '|'), ('చు', '|')]",0.5104166666666666,-1.0,0.875,0.53125,0.125,-1.0
teytageethi,వనిత నామీద గట్టితే వట్టినింద | దెలిసి యావెన్క నామణి దెచ్చినానెమా యూరి పేర్విను తాడిమళ్ళ | రాజగోపాలుడందురే రమణి నన్ను.,vupajaathi,Taadimallaraajagopaala,"[('వ', '|'), ('ని', '|'), ('త', '|'), ('నా', 'U'), ('మీ', 'U'), ('ద', '|'), ('గ', 'U'), ('ట్టి', '|'), ('తే', 'U'), ('వ', 'U'), ('ట్టి', '|'), ('నిం', 'U'), ('ద', '|'), ('దె', '|'), ('లి', '|'), ('సి', '|'), ('యా', 'U'), ('వె', 'U'), ('న్క', '|'), ('నా', 'U'), ('మ', '|'), ('ణి', '|'), ('దె', 'U'), ('చ్చి', '|'), ('నా', 'U'), ('నె', '|'), ('మా', 'U'), ('యూ', 'U'), ('రి', '|'), ('పే', 'U'), ('ర్వి', '|'), ('ను', '|'), ('తా', 'U'), ('డి', '|'), ('మ', 'U'), ('ళ్ళ', '|'), ('రా', 'U'), ('జ', '|'), ('గో', 'U'), ('పా', 'U'), ('లు', '|'), ('డం', 'U'), ('దు', '|'), ('రే', 'U'), ('ర', '|'), ('మ', '|'), ('ణి', '|'), ('న', 'U'), ('న్ను', '|')]",0.7333333333333334,-1.0,1.0,0.7,0.5,-1.0
seesamu,శ్యామలవర్ణ నీకేమని యిచ్చునో జాంబవతిని నీకె జాగులేక నీ శాంతవంతంబు నీ గుణంబెఱుగక పడతిని నీవెంట బంపినాడుపేరిమి నిను తల్లి పెంచిన మొదలుగా నుగ్గుపాలు నెఱుంగ వొక్కనాడుతలిదండ్రులొకచోట తపియించుచుండగా పెఱిగిన వెఱుగవు వెఱపులేక,vupajaathi,Taadimallaraajagopaala,"[('శ్యా', 'U'), ('మ', '|'), ('ల', '|'), ('వ', 'U'), ('ర్ణ', '|'), ('నీ', 'U'), ('కే', 'U'), ('మ', '|'), ('ని', '|'), ('యి', 'U'), ('చ్చు', '|'), ('నో', 'U'), ('జాం', 'U'), ('బ', '|'), ('వ', '|'), ('తి', '|'), ('ని', '|'), ('నీ', 'U'), ('కె', '|'), ('జా', 'U'), ('గు', '|'), ('లే', 'U'), ('క', '|'), ('నీ', 'U'), ('శాం', 'U'), ('త', '|'), ('వం', 'U'), ('తం', 'U'), ('బు', '|'), ('నీ', 'U'), ('గు', '|'), ('ణం', 'U'), ('బె', '|'), ('ఱు', '|'), ('గ', '|'), ('క', '|'), ('ప', '|'), ('డ', '|'), ('తి', '|'), ('ని', '|'), ('నీ', 'U'), ('వెం', 'U'), ('ట', '|'), ('బం', 'U'), ('పి', '|'), ('నా', 'U'), ('డు', '|'), ('పే', 'U'), ('రి', '|'), ('మి', '|'), ('ని', '|'), ('ను', '|'), ('త', 'U'), ('ల్లి', '|'), ('పెం', 'U'), ('చి', '|'), ('న', '|'), ('మొ', '|'), ('ద', '|'), ('లు', '|'), ('గా', 'U'), ('ను', 'U'), ('గ్గు', '|'), ('పా', 'U'), ('లు', '|'), ('నె', '|'), ('ఱుం', 'U'), ('గ', '|'), ('వొ', 'U'), ('క్క', '|'), ('నా', 'U'), ('డు', '|'), ('త', '|'), ('లి', '|'), ('దం', 'U'), ('డ్రు', '|'), ('లొ', '|'), ('క', '|'), ('చో', 'U'), ('ట', '|'), ('త', '|'), ('పి', '|'), ('యిం', 'U'), ('చు', '|'), ('చుం', 'U'), ('డ', '|'), ('గా', 'U'), ('పె', '|'), ('ఱి', '|'), ('గి', '|'), ('న', '|'), ('వె', '|'), ('ఱు', '|'), ('గ', '|'), ('వు', '|'), ('వె', '|'), ('ఱ', '|'), ('పు', '|'), ('లే', 'U'), ('క', '|')]",0.9583333333333334,-1.0,1.0,1.0,0.875,-1.0
teytageethi,ఆతతాయివి నీవిటు లవతరించి | పూతనాయంతకుడవగు పుణ్యమూర్తిదగవులున్నది మనమధ్య తాడిమళ్ళ | రాజగోపాల రావయ్య రమణి గూడ.,vupajaathi,Taadimallaraajagopaala,"[('ఆ', 'U'), ('త', '|'), ('తా', 'U'), ('యి', '|'), ('వి', '|'), ('నీ', 'U'), ('వి', '|'), ('టు', '|'), ('ల', '|'), ('వ', '|'), ('త', '|'), ('రిం', 'U'), ('చి', '|'), ('పూ', 'U'), ('త', '|'), ('నా', 'U'), ('యం', 'U'), ('త', '|'), ('కు', '|'), ('డ', '|'), ('వ', '|'), ('గు', '|'), ('పు', 'U'), ('ణ్య', '|'), ('మూ', 'U'), ('ర్తి', '|'), ('ద', '|'), ('గ', '|'), ('వు', '|'), ('లు', 'U'), ('న్న', '|'), ('ది', '|'), ('మ', '|'), ('న', '|'), ('మ', 'U'), ('ధ్య', '|'), ('తా', 'U'), ('డి', '|'), ('మ', 'U'), ('ళ్ళ', '|'), ('రా', 'U'), ('జ', '|'), ('గో', 'U'), ('పా', 'U'), ('ల', '|'), ('రా', 'U'), ('వ', 'U'), ('య్య', '|'), ('ర', '|'), ('మ', '|'), ('ణి', '|'), ('గూ', 'U'), ('డ', '|')]",0.9166666666666666,-1.0,1.0,1.0,0.75,-1.0
seesamu,మా తండ్రి దశరథమహరాజుగారికి భార్యలు ముగ్గురు పడతి వినవెమువురిలో కైక యన్యాయమ్ముగ నను బరగ వనమునకును బంపదలచెరథమెక్కి దశరథరాజుతో నా కైక వనములో మును రెండువరములడిగెభరతుని సామాజ్యపట్టాభిషిక్తుగా నడవి శ్రీరాముల ననుపుటయును,vupajaathi,Taadimallaraajagopaala,"[('మా', 'U'), ('తం', 'U'), ('డ్రి', '|'), ('ద', '|'), ('శ', '|'), ('ర', '|'), ('థ', '|'), ('మ', '|'), ('హ', '|'), ('రా', 'U'), ('జు', '|'), ('గా', 'U'), ('రి', '|'), ('కి', '|'), ('భా', 'U'), ('ర్య', '|'), ('లు', '|'), ('ము', 'U'), ('గ్గు', '|'), ('రు', '|'), ('ప', '|'), ('డ', '|'), ('తి', '|'), ('వి', '|'), ('న', '|'), ('వె', '|'), ('ము', '|'), ('వు', '|'), ('రి', '|'), ('లో', 'U'), ('కై', 'U'), ('క', '|'), ('య', 'U'), ('న్యా', 'U'), ('య', 'U'), ('మ్ము', '|'), ('గ', '|'), ('న', '|'), ('ను', '|'), ('బ', '|'), ('ర', '|'), ('గ', '|'), ('వ', '|'), ('న', '|'), ('ము', '|'), ('న', '|'), ('కు', '|'), ('ను', '|'), ('బం', 'U'), ('ప', '|'), ('ద', '|'), ('ల', '|'), ('చె', '|'), ('ర', '|'), ('థ', '|'), ('మె', 'U'), ('క్కి', '|'), ('ద', '|'), ('శ', '|'), ('ర', '|'), ('థ', '|'), ('రా', 'U'), ('జు', '|'), ('తో', 'U'), ('నా', 'U'), ('కై', 'U'), ('క', '|'), ('వ', '|'), ('న', '|'), ('ము', '|'), ('లో', 'U'), ('ము', '|'), ('ను', '|'), ('రెం', 'U'), ('డు', '|'), ('వ', '|'), ('ర', '|'), ('ము', '|'), ('ల', '|'), ('డి', '|'), ('గె', '|'), ('భ', '|'), ('ర', '|'), ('తు', '|'), ('ని', '|'), ('సా', 'U'), ('మా', 'U'), ('జ్య', '|'), ('ప', 'U'), ('ట్టా', 'U'), ('భి', '|'), ('షి', 'U'), ('క్తు', '|'), ('గా', 'U'), ('న', '|'), ('డ', '|'), ('వి', '|'), ('శ్రీ', 'U'), ('రా', 'U'), ('ము', '|'), ('ల', '|'), ('న', '|'), ('ను', '|'), ('పు', '|'), ('ట', '|'), ('యు', '|'), ('ను', '|')]",0.9166666666666666,-1.0,1.0,1.0,0.75,-1.0
teytageethi,నిట్టి రెండువరమ్ములు బట్టియపుడు | వెలదిగోనన్ను నడవికి వెడలుమనిరినా యూరి పేర్విను తాడిమళ్ళ | రాజగోపాలుడందురే రమణి నన్ను.,vupajaathi,Taadimallaraajagopaala,"[('ని', 'U'), ('ట్టి', '|'), ('రెం', 'U'), ('డు', '|'), ('వ', '|'), ('ర', 'U'), ('మ్ము', '|'), ('లు', '|'), ('బ', 'U'), ('ట్టి', '|'), ('య', '|'), ('పు', '|'), ('డు', '|'), ('వె', '|'), ('ల', '|'), ('ది', '|'), ('గో', 'U'), ('న', 'U'), ('న్ను', '|'), ('న', '|'), ('డ', '|'), ('వి', '|'), ('కి', '|'), ('వె', '|'), ('డ', '|'), ('లు', '|'), ('మ', '|'), ('ని', '|'), ('రి', '|'), ('నా', 'U'), ('యూ', 'U'), ('రి', '|'), ('పే', 'U'), ('ర్వి', '|'), ('ను', '|'), ('తా', 'U'), ('డి', '|'), ('మ', 'U'), ('ళ్ళ', '|'), ('రా', 'U'), ('జ', '|'), ('గో', 'U'), ('పా', 'U'), ('లు', '|'), ('డం', 'U'), ('దు', '|'), ('రే', 'U'), ('ర', '|'), ('మ', '|'), ('ణి', '|'), ('న', 'U'), ('న్ను', '|')]",0.7333333333333334,-1.0,1.0,0.7,0.5,-1.0
seesamu,తండ్రిపంపున నీవు తగ వనంబున కేగి చేడెకైనను గల్లలాడదగునెవనితతో వనవాసమొనరింప నత్తఱి చుప్పనాతికి ముక్కుచక్కజేయనా చుప్పనాతియు నన్నతో బోరాడి మారీచు బంపెను మాయజేసిమారీచు మాయలు మది నెఱుంగక నీవు విల్లుచేతను బట్టి వెళ్ళినావు,vupajaathi,Taadimallaraajagopaala,"[('తం', 'U'), ('డ్రి', '|'), ('పం', 'U'), ('పు', '|'), ('న', '|'), ('నీ', 'U'), ('వు', '|'), ('త', '|'), ('గ', '|'), ('వ', '|'), ('నం', 'U'), ('బు', '|'), ('న', '|'), ('కే', 'U'), ('గి', '|'), ('చే', 'U'), ('డె', '|'), ('కై', 'U'), ('న', '|'), ('ను', '|'), ('గ', 'U'), ('ల్ల', '|'), ('లా', 'U'), ('డ', '|'), ('ద', '|'), ('గు', '|'), ('నె', '|'), ('వ', '|'), ('ని', '|'), ('త', '|'), ('తో', 'U'), ('వ', '|'), ('న', '|'), ('వా', 'U'), ('స', '|'), ('మొ', '|'), ('న', '|'), ('రిం', 'U'), ('ప', '|'), ('న', 'U'), ('త్త', '|'), ('ఱి', '|'), ('చు', 'U'), ('ప్ప', '|'), ('నా', 'U'), ('తి', '|'), ('కి', '|'), ('ము', 'U'), ('క్కు', '|'), ('చ', 'U'), ('క్క', '|'), ('జే', 'U'), ('య', '|'), ('నా', 'U'), ('చు', 'U'), ('ప్ప', '|'), ('నా', 'U'), ('తి', '|'), ('యు', '|'), ('న', 'U'), ('న్న', '|'), ('తో', 'U'), ('బో', 'U'), ('రా', 'U'), ('డి', '|'), ('మా', 'U'), ('రీ', 'U'), ('చు', '|'), ('బం', 'U'), ('పె', '|'), ('ను', '|'), ('మా', 'U'), ('య', '|'), ('జే', 'U'), ('సి', '|'), ('మా', 'U'), ('రీ', 'U'), ('చు', '|'), ('మా', 'U'), ('య', '|'), ('లు', '|'), ('మ', '|'), ('ది', '|'), ('నె', '|'), ('ఱుం', 'U'), ('గ', '|'), ('క', '|'), ('నీ', 'U'), ('వు', '|'), ('వి', 'U'), ('ల్లు', '|'), ('చే', 'U'), ('త', '|'), ('ను', '|'), ('బ', 'U'), ('ట్టి', '|'), ('వె', 'U'), ('ళ్ళి', '|'), ('నా', 'U'), ('వు', '|')]",0.9583333333333334,-1.0,1.0,1.0,0.875,-1.0
teytageethi,దనుజు దునుమాడి వచ్చుచో వనమునందు | సీత గానక మనలోన చింతపడేవెతగవులున్నది మనమధ్య తాడిమళ్ళ | రాజగోపాల రావయ్య రమణి గూడ.,vupajaathi,Taadimallaraajagopaala,"[('ద', '|'), ('ను', '|'), ('జు', '|'), ('దు', '|'), ('ను', '|'), ('మా', 'U'), ('డి', '|'), ('వ', 'U'), ('చ్చు', '|'), ('చో', 'U'), ('వ', '|'), ('న', '|'), ('ము', '|'), ('నం', 'U'), ('దు', '|'), ('సీ', 'U'), ('త', '|'), ('గా', 'U'), ('న', '|'), ('క', '|'), ('మ', '|'), ('న', '|'), ('లో', 'U'), ('న', '|'), ('చిం', 'U'), ('త', '|'), ('ప', '|'), ('డే', 'U'), ('వె', '|'), ('త', '|'), ('గ', '|'), ('వు', '|'), ('లు', 'U'), ('న్న', '|'), ('ది', '|'), ('మ', '|'), ('న', '|'), ('మ', 'U'), ('ధ్య', '|'), ('తా', 'U'), ('డి', '|'), ('మ', 'U'), ('ళ్ళ', '|'), ('రా', 'U'), ('జ', '|'), ('గో', 'U'), ('పా', 'U'), ('ల', '|'), ('రా', 'U'), ('వ', 'U'), ('య్య', '|'), ('ర', '|'), ('మ', '|'), ('ణి', '|'), ('గూ', 'U'), ('డ', '|')]",0.9833333333333334,-1.0,1.0,0.95,1.0,-1.0
seesamu,లక్షశత్రులుగల లంకేశ్వరునితోడ జగడాని కెవ్వరు చాలగలరె నెలతరో మఱి యారునెలలకు లేచెడి కుంభకర్ణు నెవరు గూల్పగలరె మిన్నుననున్నట్టి యా మేఘనాథుని బట్టి యతివ యెవ్వరణచగలరెజలధిలోపలను శిల్వల నొప్ప దేలించి వారిధిఁ గట్టించువారు గలరె,vupajaathi,Taadimallaraajagopaala,"[('ల', 'U'), ('క్ష', '|'), ('శ', '|'), ('త్రు', '|'), ('లు', '|'), ('గ', '|'), ('ల', '|'), ('లం', 'U'), ('కే', 'U'), ('శ్వ', '|'), ('రు', '|'), ('ని', '|'), ('తో', 'U'), ('డ', '|'), ('జ', '|'), ('గ', '|'), ('డా', 'U'), ('ని', '|'), ('కె', 'U'), ('వ్వ', '|'), ('రు', '|'), ('చా', 'U'), ('ల', '|'), ('గ', '|'), ('ల', '|'), ('రె', '|'), ('నె', '|'), ('ల', '|'), ('త', '|'), ('రో', 'U'), ('మ', '|'), ('ఱి', '|'), ('యా', 'U'), ('రు', '|'), ('నె', '|'), ('ల', '|'), ('ల', '|'), ('కు', '|'), ('లే', 'U'), ('చె', '|'), ('డి', '|'), ('కుం', 'U'), ('భ', '|'), ('క', 'U'), ('ర్ణు', '|'), ('నె', '|'), ('వ', '|'), ('రు', '|'), ('గూ', 'U'), ('ల్ప', '|'), ('గ', '|'), ('ల', '|'), ('రె', '|'), ('మి', 'U'), ('న్ను', '|'), ('న', '|'), ('ను', 'U'), ('న్న', 'U'), ('ట్టి', '|'), ('యా', 'U'), ('మే', 'U'), ('ఘ', '|'), ('నా', 'U'), ('థు', '|'), ('ని', '|'), ('బ', 'U'), ('ట్టి', '|'), ('య', '|'), ('తి', '|'), ('వ', '|'), ('యె', 'U'), ('వ్వ', '|'), ('ర', '|'), ('ణ', '|'), ('చ', '|'), ('గ', '|'), ('ల', '|'), ('రె', '|'), ('జ', '|'), ('ల', '|'), ('ధి', '|'), ('లో', 'U'), ('ప', '|'), ('ల', '|'), ('ను', '|'), ('శి', 'U'), ('ల్వ', '|'), ('ల', '|'), ('నొ', 'U'), ('ప్ప', '|'), ('దే', 'U'), ('లిం', 'U'), ('చి', '|'), ('వా', 'U'), ('రి', '|'), ('ధి', '|'), ('గ', 'U'), ('ట్టిం', 'U'), ('చు', '|'), ('వా', 'U'), ('రు', '|'), ('గ', '|'), ('ల', '|'), ('రె', '|')]",0.9166666666666666,-1.0,1.0,1.0,0.75,-1.0
teytageethi,నారి యెరుఁగవు రామావతార మహిమ | యింతవాడని నా గుణమెంచనేలనా యూరి పేర్విను తాడిమళ్ళ | రాజగోపాలుడందురే రమణి నన్ను.,vupajaathi,Taadimallaraajagopaala,"[('నా', 'U'), ('రి', '|'), ('యె', '|'), ('రు', '|'), ('గ', '|'), ('వు', '|'), ('రా', 'U'), ('మా', 'U'), ('వ', '|'), ('తా', 'U'), ('ర', '|'), ('మ', '|'), ('హి', '|'), ('మ', '|'), ('యిం', 'U'), ('త', '|'), ('వా', 'U'), ('డ', '|'), ('ని', '|'), ('నా', 'U'), ('గు', '|'), ('ణ', '|'), ('మెం', 'U'), ('చ', '|'), ('నే', 'U'), ('ల', '|'), ('నా', 'U'), ('యూ', 'U'), ('రి', '|'), ('పే', 'U'), ('ర్వి', '|'), ('ను', '|'), ('తా', 'U'), ('డి', '|'), ('మ', 'U'), ('ళ్ళ', '|'), ('రా', 'U'), ('జ', '|'), ('గో', 'U'), ('పా', 'U'), ('లు', '|'), ('డం', 'U'), ('దు', '|'), ('రే', 'U'), ('ర', '|'), ('మ', '|'), ('ణి', '|'), ('న', 'U'), ('న్ను', '|')]",0.65,-1.0,1.0,0.7,0.25,-1.0
seesamu,నిర్మింపగలవాడు నీలుఁడుండఁగ గదా వారిధి బంధించి వచ్చినావుబడలికచే నిద్ర భ్రమసియుండఁగ గదా కుంభకర్ణుని నేల గూల్చినావుదైవగతికి దప్పు దనుజులనందఱ సంహరించను నీవు చాలినావుయింతటివాఁడవై యింద్రజిత్తుని నాగపాశముచే జిక్కి బడలినావు,vupajaathi,Taadimallaraajagopaala,"[('ని', 'U'), ('ర్మిం', 'U'), ('ప', '|'), ('గ', '|'), ('ల', '|'), ('వా', 'U'), ('డు', '|'), ('నీ', 'U'), ('లు', '|'), ('డుం', 'U'), ('డ', '|'), ('గ', '|'), ('గ', '|'), ('దా', 'U'), ('వా', 'U'), ('రి', '|'), ('ధి', '|'), ('బం', 'U'), ('ధిం', 'U'), ('చి', '|'), ('వ', 'U'), ('చ్చి', '|'), ('నా', 'U'), ('వు', '|'), ('బ', '|'), ('డ', '|'), ('లి', '|'), ('క', '|'), ('చే', 'U'), ('ని', '|'), ('ద్ర', '|'), ('భ్ర', '|'), ('మ', '|'), ('సి', '|'), ('యుం', 'U'), ('డ', '|'), ('గ', '|'), ('గ', '|'), ('దా', 'U'), ('కుం', 'U'), ('భ', '|'), ('క', 'U'), ('ర్ణు', '|'), ('ని', '|'), ('నే', 'U'), ('ల', '|'), ('గూ', 'U'), ('ల్చి', '|'), ('నా', 'U'), ('వు', '|'), ('దై', 'U'), ('వ', '|'), ('గ', '|'), ('తి', '|'), ('కి', '|'), ('ద', 'U'), ('ప్పు', '|'), ('ద', '|'), ('ను', '|'), ('జు', '|'), ('ల', '|'), ('నం', 'U'), ('ద', '|'), ('ఱ', '|'), ('సం', 'U'), ('హ', '|'), ('రిం', 'U'), ('చ', '|'), ('ను', '|'), ('నీ', 'U'), ('వు', '|'), ('చా', 'U'), ('లి', '|'), ('నా', 'U'), ('వు', '|'), ('యిం', 'U'), ('త', '|'), ('టి', '|'), ('వా', 'U'), ('డ', '|'), ('వై', 'U'), ('యిం', 'U'), ('ద్ర', '|'), ('జి', 'U'), ('త్తు', '|'), ('ని', '|'), ('నా', 'U'), ('గ', '|'), ('పా', 'U'), ('శ', '|'), ('ము', '|'), ('చే', 'U'), ('జి', 'U'), ('క్కి', '|'), ('బ', '|'), ('డ', '|'), ('లి', '|'), ('నా', 'U'), ('వు', '|')]",1.0,-1.0,1.0,1.0,1.0,-1.0
teytageethi,నేనెరుఁగుదు నీదు మహాత్మ్యమిపుడు | నవ్వరే నిన్ను విన్నవారెవ్వరయినదగవులున్నది మనమధ్య తాడిమళ్ళ | రాజగోపాల రావయ్య రమణి గూడ.,vupajaathi,Taadimallaraajagopaala,"[('నే', 'U'), ('నె', '|'), ('రు', '|'), ('గు', '|'), ('దు', '|'), ('నీ', 'U'), ('దు', '|'), ('మ', '|'), ('హా', 'U'), ('త్మ్య', '|'), ('మి', '|'), ('పు', '|'), ('డు', '|'), ('న', 'U'), ('వ్వ', '|'), ('రే', 'U'), ('ని', 'U'), ('న్ను', '|'), ('వి', 'U'), ('న్న', '|'), ('వా', 'U'), ('రె', 'U'), ('వ్వ', '|'), ('ర', '|'), ('యి', '|'), ('న', '|'), ('ద', '|'), ('గ', '|'), ('వు', '|'), ('లు', 'U'), ('న్న', '|'), ('ది', '|'), ('మ', '|'), ('న', '|'), ('మ', 'U'), ('ధ్య', '|'), ('తా', 'U'), ('డి', '|'), ('మ', 'U'), ('ళ్ళ', '|'), ('రా', 'U'), ('జ', '|'), ('గో', 'U'), ('పా', 'U'), ('ల', '|'), ('రా', 'U'), ('వ', 'U'), ('య్య', '|'), ('ర', '|'), ('మ', '|'), ('ణి', '|'), ('గూ', 'U'), ('డ', '|')]",0.5,-1.0,1.0,0.5,0.0,-1.0
seesamu,మగువరో కాళిందిమడువులోపల గ్రుంకి ఫణిగర్వ మే నెడబాపినానువనిత నరయబోయి వాలి నా క్షణమందు గురిబెట్టి దెబ్బను గూల్చినానువనజాక్షిరో ఱాళ్ళవానలు గురియగా బలుకొండ గొడుగుగా బట్టినానుపశువులతో చిన్నిబాలుఁడనయియుండి గోవుల పాల్వెన్న గ్రోలినాను,vupajaathi,Taadimallaraajagopaala,"[('మ', '|'), ('గు', '|'), ('వ', '|'), ('రో', 'U'), ('కా', 'U'), ('ళిం', 'U'), ('ది', '|'), ('మ', '|'), ('డు', '|'), ('వు', '|'), ('లో', 'U'), ('ప', '|'), ('ల', '|'), ('గ్రుం', 'U'), ('కి', '|'), ('ఫ', '|'), ('ణి', '|'), ('గ', 'U'), ('ర్వ', '|'), ('మే', 'U'), ('నె', '|'), ('డ', '|'), ('బా', 'U'), ('పి', '|'), ('నా', 'U'), ('ను', '|'), ('వ', '|'), ('ని', '|'), ('త', '|'), ('న', '|'), ('ర', '|'), ('య', '|'), ('బో', 'U'), ('యి', '|'), ('వా', 'U'), ('లి', '|'), ('నా', 'U'), ('క్ష', '|'), ('ణ', '|'), ('మం', 'U'), ('దు', '|'), ('గు', '|'), ('రి', '|'), ('బె', 'U'), ('ట్టి', '|'), ('దె', 'U'), ('బ్బ', '|'), ('ను', '|'), ('గూ', 'U'), ('ల్చి', '|'), ('నా', 'U'), ('ను', '|'), ('వ', '|'), ('న', '|'), ('జా', 'U'), ('క్షి', '|'), ('రో', 'U'), ('ఱా', 'U'), ('ళ్ళ', '|'), ('వా', 'U'), ('న', '|'), ('లు', '|'), ('గు', '|'), ('రి', '|'), ('య', '|'), ('గా', 'U'), ('బ', '|'), ('లు', '|'), ('కొం', 'U'), ('డ', '|'), ('గొ', '|'), ('డు', '|'), ('గు', '|'), ('గా', 'U'), ('బ', 'U'), ('ట్టి', '|'), ('నా', 'U'), ('ను', '|'), ('ప', '|'), ('శు', '|'), ('వు', '|'), ('ల', '|'), ('తో', 'U'), ('చి', 'U'), ('న్ని', '|'), ('బా', 'U'), ('లు', '|'), ('డ', '|'), ('న', '|'), ('యి', '|'), ('యుం', 'U'), ('డి', '|'), ('గో', 'U'), ('వు', '|'), ('ల', '|'), ('పా', 'U'), ('ల్వె', 'U'), ('న్న', '|'), ('గ్రో', 'U'), ('లి', '|'), ('నా', 'U'), ('ను', '|')]",1.0,-1.0,1.0,1.0,1.0,-1.0
teytageethi,ముదితరో యిట్టి యవతారమూర్తినైన | నన్ను దూషింప నిది నీకు న్యాయమటనెనా యూరి పేర్విను తాడిమళ్ల | రాజగోపాలుఁడందురే రమణి నన్ను.,vupajaathi,Taadimallaraajagopaala,"[('ము', '|'), ('ది', '|'), ('త', '|'), ('రో', 'U'), ('యి', 'U'), ('ట్టి', '|'), ('య', '|'), ('వ', '|'), ('తా', 'U'), ('ర', '|'), ('మూ', 'U'), ('ర్తి', '|'), ('నై', 'U'), ('న', '|'), ('న', 'U'), ('న్ను', '|'), ('దూ', 'U'), ('షిం', 'U'), ('ప', '|'), ('ని', '|'), ('ది', '|'), ('నీ', 'U'), ('కు', 'U'), ('న్యా', 'U'), ('య', '|'), ('మ', '|'), ('ట', '|'), ('నె', '|'), ('నా', 'U'), ('యూ', 'U'), ('రి', '|'), ('పే', 'U'), ('ర్వి', '|'), ('ను', '|'), ('తా', 'U'), ('డి', '|'), ('మ', 'U'), ('ళ్ల', '|'), ('రా', 'U'), ('జ', '|'), ('గో', 'U'), ('పా', 'U'), ('లు', '|'), ('డం', 'U'), ('దు', '|'), ('రే', 'U'), ('ర', '|'), ('మ', '|'), ('ణి', '|'), ('న', 'U'), ('న్ను', '|')]",0.7166666666666667,-1.0,1.0,0.65,0.5,-1.0
seesamu,చెలగుచు నీ వొక్క చెట్టుచాటుననుండి వాలిని నేయుట వరుస గాదుఊరక పడియున్న యురగంబుపై నీవు పాదంబు మోపుట ప్రజ్ఞ గాదువానకోసము నీవు వలి బట్టియుండగా బర్వతమెత్తుట బరువు గాదుమందగొల్లలతోన బొందుగా మెలఁగుచు బాలన్ని గ్రోలుట లీల గాదు,vupajaathi,Taadimallaraajagopaala,"[('చె', '|'), ('ల', '|'), ('గు', '|'), ('చు', '|'), ('నీ', 'U'), ('వొ', 'U'), ('క్క', '|'), ('చె', 'U'), ('ట్టు', '|'), ('చా', 'U'), ('టు', '|'), ('న', '|'), ('నుం', 'U'), ('డి', '|'), ('వా', 'U'), ('లి', '|'), ('ని', '|'), ('నే', 'U'), ('యు', '|'), ('ట', '|'), ('వ', '|'), ('రు', '|'), ('స', '|'), ('గా', 'U'), ('దు', '|'), ('ఊ', 'U'), ('ర', '|'), ('క', '|'), ('ప', '|'), ('డి', '|'), ('యు', 'U'), ('న్న', '|'), ('యు', '|'), ('ర', '|'), ('గం', 'U'), ('బు', '|'), ('పై', 'U'), ('నీ', 'U'), ('వు', '|'), ('పా', 'U'), ('దం', 'U'), ('బు', '|'), ('మో', 'U'), ('పు', '|'), ('ట', '|'), ('ప్ర', 'U'), ('జ్ఞ', '|'), ('గా', 'U'), ('దు', '|'), ('వా', 'U'), ('న', '|'), ('కో', 'U'), ('స', '|'), ('ము', '|'), ('నీ', 'U'), ('వు', '|'), ('వ', '|'), ('లి', '|'), ('బ', 'U'), ('ట్టి', '|'), ('యుం', 'U'), ('డ', '|'), ('గా', 'U'), ('బ', 'U'), ('ర్వ', '|'), ('త', '|'), ('మె', 'U'), ('త్తు', '|'), ('ట', '|'), ('బ', '|'), ('రు', '|'), ('వు', '|'), ('గా', 'U'), ('దు', '|'), ('మం', 'U'), ('ద', '|'), ('గొ', 'U'), ('ల్ల', '|'), ('ల', '|'), ('తో', 'U'), ('న', '|'), ('బొం', 'U'), ('దు', '|'), ('గా', 'U'), ('మె', '|'), ('ల', '|'), ('గు', '|'), ('చు', '|'), ('బా', 'U'), ('ల', 'U'), ('న్ని', '|'), ('గ్రో', 'U'), ('లు', '|'), ('ట', '|'), ('లీ', 'U'), ('ల', '|'), ('గా', 'U'), ('దు', '|')]",1.0,-1.0,1.0,1.0,1.0,-1.0
teytageethi,గాన నీయొక్క ప్రజ్ఞలు గట్టిపెట్టి | రాజసముతోడ నుండుడు తేజమలరతగవులున్నది మనమధ్య తాడిమళ్ళ | రాజగోపాల రావయ్య రమణి గూడ.,vupajaathi,Taadimallaraajagopaala,"[('గా', 'U'), ('న', '|'), ('నీ', 'U'), ('యొ', 'U'), ('క్క', '|'), ('ప్ర', 'U'), ('జ్ఞ', '|'), ('లు', '|'), ('గ', 'U'), ('ట్టి', '|'), ('పె', 'U'), ('ట్టి', '|'), ('రా', 'U'), ('జ', '|'), ('స', '|'), ('ము', '|'), ('తో', 'U'), ('డ', '|'), ('నుం', 'U'), ('డు', '|'), ('డు', '|'), ('తే', 'U'), ('జ', '|'), ('మ', '|'), ('ల', '|'), ('ర', '|'), ('త', '|'), ('గ', '|'), ('వు', '|'), ('లు', 'U'), ('న్న', '|'), ('ది', '|'), ('మ', '|'), ('న', '|'), ('మ', 'U'), ('ధ్య', '|'), ('తా', 'U'), ('డి', '|'), ('మ', 'U'), ('ళ్ళ', '|'), ('రా', 'U'), ('జ', '|'), ('గో', 'U'), ('పా', 'U'), ('ల', '|'), ('రా', 'U'), ('వ', 'U'), ('య్య', '|'), ('ర', '|'), ('మ', '|'), ('ణి', '|'), ('గూ', 'U'), ('డ', '|')]",1.0,-1.0,1.0,1.0,1.0,-1.0
seesamu,రాచకులముఁ బుట్టి రాజునై యుండగా రాజసముండదే రమణి నాకునతివరో యటుగాక యన్యులకెందైన రాజసంబబ్బునే రమణి వినవెనాతిరో విను పదునాలులోకంబులు నోరన నా కుక్షి నుంచికొనుచుజిన్నతనమ్మునఁ జిన్నెలుజూపిన నింతిరో నీవది యెఱుఁగవటవె,vupajaathi,Taadimallaraajagopaala,"[('రా', 'U'), ('చ', '|'), ('కు', '|'), ('ల', '|'), ('ము', '|'), ('బు', 'U'), ('ట్టి', '|'), ('రా', 'U'), ('జు', '|'), ('నై', 'U'), ('యుం', 'U'), ('డ', '|'), ('గా', 'U'), ('రా', 'U'), ('జ', '|'), ('స', '|'), ('ముం', 'U'), ('డ', '|'), ('దే', 'U'), ('ర', '|'), ('మ', '|'), ('ణి', '|'), ('నా', 'U'), ('కు', '|'), ('న', '|'), ('తి', '|'), ('వ', '|'), ('రో', 'U'), ('య', '|'), ('టు', '|'), ('గా', 'U'), ('క', '|'), ('య', 'U'), ('న్యు', '|'), ('ల', '|'), ('కెం', 'U'), ('దై', 'U'), ('న', '|'), ('రా', 'U'), ('జ', '|'), ('సం', 'U'), ('బ', 'U'), ('బ్బు', '|'), ('నే', 'U'), ('ర', '|'), ('మ', '|'), ('ణి', '|'), ('వి', '|'), ('న', '|'), ('వె', '|'), ('నా', 'U'), ('తి', '|'), ('రో', 'U'), ('వి', '|'), ('ను', '|'), ('ప', '|'), ('దు', '|'), ('నా', 'U'), ('లు', '|'), ('లో', 'U'), ('కం', 'U'), ('బు', '|'), ('లు', '|'), ('నో', 'U'), ('ర', '|'), ('న', '|'), ('నా', 'U'), ('కు', 'U'), ('క్షి', '|'), ('నుం', 'U'), ('చి', '|'), ('కొ', '|'), ('ను', '|'), ('చు', '|'), ('జి', 'U'), ('న్న', '|'), ('త', '|'), ('న', 'U'), ('మ్ము', '|'), ('న', '|'), ('జి', 'U'), ('న్నె', '|'), ('లు', '|'), ('జూ', 'U'), ('పి', '|'), ('న', '|'), ('నిం', 'U'), ('తి', '|'), ('రో', 'U'), ('నీ', 'U'), ('వ', '|'), ('ది', '|'), ('యె', '|'), ('ఱు', '|'), ('గ', '|'), ('వ', '|'), ('ట', '|'), ('వె', '|')]",0.9166666666666666,-1.0,1.0,1.0,0.75,-1.0
teytageethi,యాడుదానవు గనుక నీ యర్థమెల్ల | దెలిసి తెలియనితనమెల్ల దేటపడియెనా యూరి పేర్విను తాడిమళ్ళ | రాజగోపాలుడందురే రమణి నన్ను.,vupajaathi,Taadimallaraajagopaala,"[('యా', 'U'), ('డు', '|'), ('దా', 'U'), ('న', '|'), ('వు', '|'), ('గ', '|'), ('ను', '|'), ('క', '|'), ('నీ', 'U'), ('య', 'U'), ('ర్థ', '|'), ('మె', 'U'), ('ల్ల', '|'), ('దె', '|'), ('లి', '|'), ('సి', '|'), ('తె', '|'), ('లి', '|'), ('య', '|'), ('ని', '|'), ('త', '|'), ('న', '|'), ('మె', 'U'), ('ల్ల', '|'), ('దే', 'U'), ('ట', '|'), ('ప', '|'), ('డి', '|'), ('యె', '|'), ('నా', 'U'), ('యూ', 'U'), ('రి', '|'), ('పే', 'U'), ('ర్వి', '|'), ('ను', '|'), ('తా', 'U'), ('డి', '|'), ('మ', 'U'), ('ళ్ళ', '|'), ('రా', 'U'), ('జ', '|'), ('గో', 'U'), ('పా', 'U'), ('లు', '|'), ('డం', 'U'), ('దు', '|'), ('రే', 'U'), ('ర', '|'), ('మ', '|'), ('ణి', '|'), ('న', 'U'), ('న్ను', '|')]",0.7333333333333334,-1.0,1.0,0.7,0.5,-1.0
seesamu,చిన్నతనమ్మున జిన్నవాండ్రను గూడి బాగుగానుందువే పరమపురుషయవతారమూర్తివం చలివేణులందరున్ భ్రాంతిచేతను నిన్ను బ్రస్తుతింపనా లక్ష్మితోడుత నానందముగ గూడి పొందుగా నుంటివే సుందరాంగరమణులందఱు గూడి రవ్వలు బెట్టిన చెట్ల నెక్కుట నీకు చెల్లమగునె,vupajaathi,Taadimallaraajagopaala,"[('చి', 'U'), ('న్న', '|'), ('త', '|'), ('న', 'U'), ('మ్ము', '|'), ('న', '|'), ('జి', 'U'), ('న్న', '|'), ('వాం', 'U'), ('డ్ర', '|'), ('ను', '|'), ('గూ', 'U'), ('డి', '|'), ('బా', 'U'), ('గు', '|'), ('గా', 'U'), ('నుం', 'U'), ('దు', '|'), ('వే', 'U'), ('ప', '|'), ('ర', '|'), ('మ', '|'), ('పు', '|'), ('రు', '|'), ('ష', '|'), ('య', '|'), ('వ', '|'), ('తా', 'U'), ('ర', '|'), ('మూ', 'U'), ('ర్తి', '|'), ('వం', 'U'), ('చ', '|'), ('లి', '|'), ('వే', 'U'), ('ణు', '|'), ('లం', 'U'), ('ద', '|'), ('రు', 'U'), ('న్భ్రాం', 'U'), ('తి', '|'), ('చే', 'U'), ('త', '|'), ('ను', '|'), ('ని', 'U'), ('న్ను', '|'), ('బ్ర', 'U'), ('స్తు', '|'), ('తిం', 'U'), ('ప', '|'), ('నా', 'U'), ('ల', 'U'), ('క్ష్మి', '|'), ('తో', 'U'), ('డు', '|'), ('త', '|'), ('నా', 'U'), ('నం', 'U'), ('ద', '|'), ('ము', '|'), ('గ', '|'), ('గూ', 'U'), ('డి', '|'), ('పొం', 'U'), ('దు', '|'), ('గా', 'U'), ('నుం', 'U'), ('టి', '|'), ('వే', 'U'), ('సుం', 'U'), ('ద', '|'), ('రాం', 'U'), ('గ', '|'), ('ర', '|'), ('మ', '|'), ('ణు', '|'), ('లం', 'U'), ('ద', '|'), ('ఱు', '|'), ('గూ', 'U'), ('డి', '|'), ('ర', 'U'), ('వ్వ', '|'), ('లు', '|'), ('బె', 'U'), ('ట్టి', '|'), ('న', '|'), ('చె', 'U'), ('ట్ల', '|'), ('నె', 'U'), ('క్కు', '|'), ('ట', '|'), ('నీ', 'U'), ('కు', '|'), ('చె', 'U'), ('ల్ల', '|'), ('మ', '|'), ('గు', '|'), ('నె', '|')]",0.9583333333333334,-1.0,1.0,1.0,0.875,-1.0
teytageethi,యౌర కృష్ణావతారము నతిశయంబు- | లింతయేకాని మఱి మిక్కిలి లేమిలేదుతగవులున్నది మనమధ్య తాడిమళ్ళ | రాజగోపాల రావయ్య రమణి గూడ.,vupajaathi,Taadimallaraajagopaala,"[('యౌ', 'U'), ('ర', '|'), ('కృ', 'U'), ('ష్ణా', 'U'), ('వ', '|'), ('తా', 'U'), ('ర', '|'), ('ము', '|'), ('న', '|'), ('తి', '|'), ('శ', '|'), ('యం', 'U'), ('బు', '|'), ('లిం', 'U'), ('త', '|'), ('యే', 'U'), ('కా', 'U'), ('ని', '|'), ('మ', '|'), ('ఱి', '|'), ('మి', 'U'), ('క్కి', '|'), ('లి', '|'), ('లే', 'U'), ('మి', '|'), ('లే', 'U'), ('దు', '|'), ('త', '|'), ('గ', '|'), ('వు', '|'), ('లు', 'U'), ('న్న', '|'), ('ది', '|'), ('మ', '|'), ('న', '|'), ('మ', 'U'), ('ధ్య', '|'), ('తా', 'U'), ('డి', '|'), ('మ', 'U'), ('ళ్ళ', '|'), ('రా', 'U'), ('జ', '|'), ('గో', 'U'), ('పా', 'U'), ('ల', '|'), ('రా', 'U'), ('వ', 'U'), ('య్య', '|'), ('ర', '|'), ('మ', '|'), ('ణి', '|'), ('గూ', 'U'), ('డ', '|')]",0.9,-1.0,1.0,0.95,0.75,-1.0
seesamu,కృష్ణావతారము గుణము నెంచగనేల మగువ నా యవతారమహిమ వినవెరమణిరో మునులెల్ల రామావతారమం దాలింగనము సేయ నలరుచుండకోరిన వరములు కృష్ణావతారమునందు మీకబ్బెడునంచు బలుకనా వరమునులు కృష్ణావతారంబున రమణులై కలసిరి క్రమముతోడ,vupajaathi,Taadimallaraajagopaala,"[('కృ', 'U'), ('ష్ణా', 'U'), ('వ', '|'), ('తా', 'U'), ('ర', '|'), ('ము', '|'), ('గు', '|'), ('ణ', '|'), ('ము', '|'), ('నెం', 'U'), ('చ', '|'), ('గ', '|'), ('నే', 'U'), ('ల', '|'), ('మ', '|'), ('గు', '|'), ('వ', '|'), ('నా', 'U'), ('య', '|'), ('వ', '|'), ('తా', 'U'), ('ర', '|'), ('మ', '|'), ('హి', '|'), ('మ', '|'), ('వి', '|'), ('న', '|'), ('వె', '|'), ('ర', '|'), ('మ', '|'), ('ణి', '|'), ('రో', 'U'), ('ము', '|'), ('ను', '|'), ('లె', 'U'), ('ల్ల', '|'), ('రా', 'U'), ('మా', 'U'), ('వ', '|'), ('తా', 'U'), ('ర', '|'), ('మం', 'U'), ('దా', 'U'), ('లిం', 'U'), ('గ', '|'), ('న', '|'), ('ము', '|'), ('సే', 'U'), ('య', '|'), ('న', '|'), ('ల', '|'), ('రు', '|'), ('చుం', 'U'), ('డ', '|'), ('కో', 'U'), ('రి', '|'), ('న', '|'), ('వ', '|'), ('ర', '|'), ('ము', '|'), ('లు', '|'), ('కృ', 'U'), ('ష్ణా', 'U'), ('వ', '|'), ('తా', 'U'), ('ర', '|'), ('ము', '|'), ('నం', 'U'), ('దు', '|'), ('మీ', 'U'), ('క', 'U'), ('బ్బె', '|'), ('డు', '|'), ('నం', 'U'), ('చు', '|'), ('బ', '|'), ('లు', '|'), ('క', '|'), ('నా', 'U'), ('వ', '|'), ('ర', '|'), ('ము', '|'), ('ను', '|'), ('లు', '|'), ('కృ', 'U'), ('ష్ణా', 'U'), ('వ', '|'), ('తా', 'U'), ('రం', 'U'), ('బు', '|'), ('న', '|'), ('ర', '|'), ('మ', '|'), ('ణు', '|'), ('లై', 'U'), ('క', '|'), ('ల', '|'), ('సి', '|'), ('రి', '|'), ('క్ర', '|'), ('మ', '|'), ('ము', '|'), ('తో', 'U'), ('డ', '|')]",0.875,-1.0,1.0,1.0,0.625,-1.0
teytageethi,మగువరో నాదు అవతారమహిమలెల్ల | దెలియజెప్పితి నీకునుఁ దేటపడగనా యూరి పేర్విను తాడిమళ్ళ | రాజగోపాలుడందురే రమణి నన్ను.,vupajaathi,Taadimallaraajagopaala,"[('మ', '|'), ('గు', '|'), ('వ', '|'), ('రో', 'U'), ('నా', 'U'), ('దు', '|'), ('అ', '|'), ('వ', '|'), ('తా', 'U'), ('ర', '|'), ('మ', '|'), ('హి', '|'), ('మ', '|'), ('లె', 'U'), ('ల్ల', '|'), ('దె', '|'), ('లి', '|'), ('య', '|'), ('జె', 'U'), ('ప్పి', '|'), ('తి', '|'), ('నీ', 'U'), ('కు', '|'), ('ను', '|'), ('దే', 'U'), ('ట', '|'), ('ప', '|'), ('డ', '|'), ('గ', '|'), ('నా', 'U'), ('యూ', 'U'), ('రి', '|'), ('పే', 'U'), ('ర్వి', '|'), ('ను', '|'), ('తా', 'U'), ('డి', '|'), ('మ', 'U'), ('ళ్ళ', '|'), ('రా', 'U'), ('జ', '|'), ('గో', 'U'), ('పా', 'U'), ('లు', '|'), ('డం', 'U'), ('దు', '|'), ('రే', 'U'), ('ర', '|'), ('మ', '|'), ('ణి', '|'), ('న', 'U'), ('న్ను', '|')]",0.7333333333333334,-1.0,1.0,0.7,0.5,-1.0
seesamu,పాముమీఁదను జేరి సాము జేసినవాఁడవగుట సద్గుణమెట్లు వచ్చు నీకుపాలీయవచ్చిన పడతి జంపినవాఁడ చెలులపై నెనరేల గలుగు నీకుమేనమామను గంసు మీఱి త్రుంచినవాడ నెనరుమాటల నేమి నీకు ఘనతపసులగాపరివాండ్ర పలుకులు వినువాడ భావజు రతి నేమి భ్రాంతి నీకు,vupajaathi,Taadimallaraajagopaala,"[('పా', 'U'), ('ము', '|'), ('మీ', 'U'), ('ద', '|'), ('ను', '|'), ('జే', 'U'), ('రి', '|'), ('సా', 'U'), ('ము', '|'), ('జే', 'U'), ('సి', '|'), ('న', '|'), ('వా', 'U'), ('డ', '|'), ('వ', '|'), ('గు', '|'), ('ట', '|'), ('స', 'U'), ('ద్గు', '|'), ('ణ', '|'), ('మె', 'U'), ('ట్లు', '|'), ('వ', 'U'), ('చ్చు', '|'), ('నీ', 'U'), ('కు', '|'), ('పా', 'U'), ('లీ', 'U'), ('య', '|'), ('వ', 'U'), ('చ్చి', '|'), ('న', '|'), ('ప', '|'), ('డ', '|'), ('తి', '|'), ('జం', 'U'), ('పి', '|'), ('న', '|'), ('వా', 'U'), ('డ', '|'), ('చె', '|'), ('లు', '|'), ('ల', '|'), ('పై', 'U'), ('నె', '|'), ('న', '|'), ('రే', 'U'), ('ల', '|'), ('గ', '|'), ('లు', '|'), ('గు', '|'), ('నీ', 'U'), ('కు', '|'), ('మే', 'U'), ('న', '|'), ('మా', 'U'), ('మ', '|'), ('ను', '|'), ('గం', 'U'), ('సు', '|'), ('మీ', 'U'), ('ఱి', '|'), ('త్రుం', 'U'), ('చి', '|'), ('న', '|'), ('వా', 'U'), ('డ', '|'), ('నె', '|'), ('న', '|'), ('రు', '|'), ('మా', 'U'), ('ట', '|'), ('ల', '|'), ('నే', 'U'), ('మి', '|'), ('నీ', 'U'), ('కు', '|'), ('ఘ', '|'), ('న', '|'), ('త', '|'), ('ప', '|'), ('సు', '|'), ('ల', '|'), ('గా', 'U'), ('ప', '|'), ('రి', '|'), ('వాం', 'U'), ('డ్ర', '|'), ('ప', '|'), ('లు', '|'), ('కు', '|'), ('లు', '|'), ('వి', '|'), ('ను', '|'), ('వా', 'U'), ('డ', '|'), ('భా', 'U'), ('వ', '|'), ('జు', '|'), ('ర', '|'), ('తి', '|'), ('నే', 'U'), ('మి', '|'), ('భ్రాం', 'U'), ('తి', '|'), ('నీ', 'U'), ('కు', '|')]",1.0,-1.0,1.0,1.0,1.0,-1.0
teytageethi,జూడు నీ మర్మమెన్నెద సొగసుగాను వాడవాడల నీ సాటివారిలోనతగవులున్నది మనమధ్య తాడిమళ్ళ | రాజగోపాల రావయ్య రమణి గూడ.,vupajaathi,Taadimallaraajagopaala,"[('జూ', 'U'), ('డు', '|'), ('నీ', 'U'), ('మ', 'U'), ('ర్మ', '|'), ('మె', 'U'), ('న్నె', '|'), ('ద', '|'), ('సొ', '|'), ('గ', '|'), ('సు', '|'), ('గా', 'U'), ('ను', '|'), ('వా', 'U'), ('డ', '|'), ('వా', 'U'), ('డ', '|'), ('ల', '|'), ('నీ', 'U'), ('సా', 'U'), ('టి', '|'), ('వా', 'U'), ('రి', '|'), ('లో', 'U'), ('న', '|'), ('త', '|'), ('గ', '|'), ('వు', '|'), ('లు', 'U'), ('న్న', '|'), ('ది', '|'), ('మ', '|'), ('న', '|'), ('మ', 'U'), ('ధ్య', '|'), ('తా', 'U'), ('డి', '|'), ('మ', 'U'), ('ళ్ళ', '|'), ('రా', 'U'), ('జ', '|'), ('గో', 'U'), ('పా', 'U'), ('ల', '|'), ('రా', 'U'), ('వ', 'U'), ('య్య', '|'), ('ర', '|'), ('మ', '|'), ('ణి', '|'), ('గూ', 'U'), ('డ', '|')]",1.0,-1.0,1.0,1.0,1.0,-1.0
seesamu,పాముమీఁదను జేరి సాము జేసితివంటె విషమైన జంతువు విడువనగునెపాలీయవచ్చిన పడతి జంపితివంటె దగవుమాలినయట్టి ధర్మమగునెమేనమామను గంసు మీఱి ద్రుంచితివంటె దుష్టనిగ్రహము నదోషమగునుపసులగాపరివాండ్ర పలుకులు వినకుంటె లీలావినోదంపు కేళియగునె,vupajaathi,Taadimallaraajagopaala,"[('పా', 'U'), ('ము', '|'), ('మీ', 'U'), ('ద', '|'), ('ను', '|'), ('జే', 'U'), ('రి', '|'), ('సా', 'U'), ('ము', '|'), ('జే', 'U'), ('సి', '|'), ('తి', '|'), ('వం', 'U'), ('టె', '|'), ('వి', '|'), ('ష', '|'), ('మై', 'U'), ('న', '|'), ('జం', 'U'), ('తు', '|'), ('వు', '|'), ('వి', '|'), ('డు', '|'), ('వ', '|'), ('న', '|'), ('గు', '|'), ('నె', '|'), ('పా', 'U'), ('లీ', 'U'), ('య', '|'), ('వ', 'U'), ('చ్చి', '|'), ('న', '|'), ('ప', '|'), ('డ', '|'), ('తి', '|'), ('జం', 'U'), ('పి', '|'), ('తి', '|'), ('వం', 'U'), ('టె', '|'), ('ద', '|'), ('గ', '|'), ('వు', '|'), ('మా', 'U'), ('లి', '|'), ('న', '|'), ('య', 'U'), ('ట్టి', '|'), ('ధ', 'U'), ('ర్మ', '|'), ('మ', '|'), ('గు', '|'), ('నె', '|'), ('మే', 'U'), ('న', '|'), ('మా', 'U'), ('మ', '|'), ('ను', '|'), ('గం', 'U'), ('సు', '|'), ('మీ', 'U'), ('ఱి', '|'), ('ద్రుం', 'U'), ('చి', '|'), ('తి', '|'), ('వం', 'U'), ('టె', '|'), ('దు', 'U'), ('ష్ట', '|'), ('ని', '|'), ('గ్ర', '|'), ('హ', '|'), ('ము', '|'), ('న', '|'), ('దో', 'U'), ('ష', '|'), ('మ', '|'), ('గు', '|'), ('ను', '|'), ('ప', '|'), ('సు', '|'), ('ల', '|'), ('గా', 'U'), ('ప', '|'), ('రి', '|'), ('వాం', 'U'), ('డ్ర', '|'), ('ప', '|'), ('లు', '|'), ('కు', '|'), ('లు', '|'), ('వి', '|'), ('న', '|'), ('కుం', 'U'), ('టె', '|'), ('లీ', 'U'), ('లా', 'U'), ('వి', '|'), ('నో', 'U'), ('దం', 'U'), ('పు', '|'), ('కే', 'U'), ('ళి', '|'), ('య', '|'), ('గు', '|'), ('నె', '|')]",0.9583333333333334,-1.0,1.0,1.0,0.875,-1.0
teytageethi,మిగుల తలపులు సేతురే మగువలెల్ల | గుట్టు బైటను వేసిన కొదవ కాదేనా యూరి పేర్విను తాడిమళ్ళ | రాజగోపాలుడందురే రమణి నన్ను.,vupajaathi,Taadimallaraajagopaala,"[('మి', '|'), ('గు', '|'), ('ల', '|'), ('త', '|'), ('ల', '|'), ('పు', '|'), ('లు', '|'), ('సే', 'U'), ('తు', '|'), ('రే', 'U'), ('మ', '|'), ('గు', '|'), ('వ', '|'), ('లె', 'U'), ('ల్ల', '|'), ('గు', 'U'), ('ట్టు', '|'), ('బై', 'U'), ('ట', '|'), ('ను', '|'), ('వే', 'U'), ('సి', '|'), ('న', '|'), ('కొ', '|'), ('ద', '|'), ('వ', '|'), ('కా', 'U'), ('దే', 'U'), ('నా', 'U'), ('యూ', 'U'), ('రి', '|'), ('పే', 'U'), ('ర్వి', '|'), ('ను', '|'), ('తా', 'U'), ('డి', '|'), ('మ', 'U'), ('ళ్ళ', '|'), ('రా', 'U'), ('జ', '|'), ('గో', 'U'), ('పా', 'U'), ('లు', '|'), ('డం', 'U'), ('దు', '|'), ('రే', 'U'), ('ర', '|'), ('మ', '|'), ('ణి', '|'), ('న', 'U'), ('న్ను', '|')]",0.7333333333333334,-1.0,1.0,0.7,0.5,-1.0
seesamu,నాదు మేలెఱింగించి నా ప్రాణవల్లభుఁ గూర్చి రక్షింపరే కొమ్మలారననువొందగా వాని న్యాయంపుపూటల దయబుట్ట నాడరే తరుణులారకలికిపల్కుల వాని కాఠిన్యహృదయంబు గరుగంగ జేయరే కాంతలారదయగల చెలులైన తఱిదీపు పుట్టించి వేగమాతని దేరె వెలదులార,vupajaathi,Taadimallaraajagopaala,"[('నా', 'U'), ('దు', '|'), ('మే', 'U'), ('లె', '|'), ('ఱిం', 'U'), ('గిం', 'U'), ('చి', '|'), ('నా', 'U'), ('ప్రా', 'U'), ('ణ', '|'), ('వ', 'U'), ('ల్ల', '|'), ('భు', '|'), ('గూ', 'U'), ('ర్చి', '|'), ('ర', 'U'), ('క్షిం', 'U'), ('ప', '|'), ('రే', 'U'), ('కొ', 'U'), ('మ్మ', '|'), ('లా', 'U'), ('ర', '|'), ('న', '|'), ('ను', '|'), ('వొం', 'U'), ('ద', '|'), ('గా', 'U'), ('వా', 'U'), ('ని', 'U'), ('న్యా', 'U'), ('యం', 'U'), ('పు', '|'), ('పూ', 'U'), ('ట', '|'), ('ల', '|'), ('ద', '|'), ('య', '|'), ('బు', 'U'), ('ట్ట', '|'), ('నా', 'U'), ('డ', '|'), ('రే', 'U'), ('త', '|'), ('రు', '|'), ('ణు', '|'), ('లా', 'U'), ('ర', '|'), ('క', '|'), ('లి', '|'), ('కి', '|'), ('ప', 'U'), ('ల్కు', '|'), ('ల', '|'), ('వా', 'U'), ('ని', '|'), ('కా', 'U'), ('ఠి', 'U'), ('న్య', '|'), ('హృ', '|'), ('ద', '|'), ('యం', 'U'), ('బు', '|'), ('గ', '|'), ('రు', '|'), ('గం', 'U'), ('గ', '|'), ('జే', 'U'), ('య', '|'), ('రే', 'U'), ('కాం', 'U'), ('త', '|'), ('లా', 'U'), ('ర', '|'), ('ద', '|'), ('య', '|'), ('గ', '|'), ('ల', '|'), ('చె', '|'), ('లు', '|'), ('లై', 'U'), ('న', '|'), ('త', '|'), ('ఱి', '|'), ('దీ', 'U'), ('పు', '|'), ('పు', 'U'), ('ట్టిం', 'U'), ('చి', '|'), ('వే', 'U'), ('గ', '|'), ('మా', 'U'), ('త', '|'), ('ని', '|'), ('దే', 'U'), ('రె', '|'), ('వె', '|'), ('ల', '|'), ('దు', '|'), ('లా', 'U'), ('ర', '|')]",0.6458333333333334,-1.0,1.0,0.6875,0.25,-1.0
teytageethi,వేసరక మీరు నా మాట విన్నవించి | యబల తన నేమిజేసె నింకనుచు బలికివెలదు లెవ్వరైన ద్వారకానిలయుడైన | చిన్నికృష్ణుని దేరమ్మ చెలియలార.,vupajaathi,Taadimallaraajagopaala,"[('వే', 'U'), ('స', '|'), ('ర', '|'), ('క', '|'), ('మీ', 'U'), ('రు', '|'), ('నా', 'U'), ('మా', 'U'), ('ట', '|'), ('వి', 'U'), ('న్న', '|'), ('విం', 'U'), ('చి', '|'), ('య', '|'), ('బ', '|'), ('ల', '|'), ('త', '|'), ('న', '|'), ('నే', 'U'), ('మి', '|'), ('జే', 'U'), ('సె', '|'), ('నిం', 'U'), ('క', '|'), ('ను', '|'), ('చు', '|'), ('బ', '|'), ('లి', '|'), ('కి', '|'), ('వె', '|'), ('ల', '|'), ('దు', '|'), ('లె', 'U'), ('వ్వ', '|'), ('రై', 'U'), ('న', 'U'), ('ద్వా', 'U'), ('ర', '|'), ('కా', 'U'), ('ని', '|'), ('ల', '|'), ('యు', '|'), ('డై', 'U'), ('న', '|'), ('చి', 'U'), ('న్ని', '|'), ('కృ', 'U'), ('ష్ణు', '|'), ('ని', '|'), ('దే', 'U'), ('ర', 'U'), ('మ్మ', '|'), ('చె', '|'), ('లి', '|'), ('య', '|'), ('లా', 'U'), ('ర', '|')]",0.7166666666666667,-1.0,1.0,0.9,0.25,-1.0
seesamu,పతి నన్ను గూర్చరే రతికరువు దీర్చరే మదితాప మార్చరే మగువలారచాన మేలెంచరే జాగు చాలించరే నన్ను లాలించరే కన్యలారకపటంబు వీడరే కరుణతో జూడరే కోరికల దీర్చరే కొమ్మలారవిభు దార్చి గావరే వేడుకల్ సేయరే యిదివేళ బ్రోవరే యింతులార,vupajaathi,Taadimallaraajagopaala,"[('ప', '|'), ('తి', '|'), ('న', 'U'), ('న్ను', '|'), ('గూ', 'U'), ('ర్చ', '|'), ('రే', 'U'), ('ర', '|'), ('తి', '|'), ('క', '|'), ('రు', '|'), ('వు', '|'), ('దీ', 'U'), ('ర్చ', '|'), ('రే', 'U'), ('మ', '|'), ('ది', '|'), ('తా', 'U'), ('ప', '|'), ('మా', 'U'), ('ర్చ', '|'), ('రే', 'U'), ('మ', '|'), ('గు', '|'), ('వ', '|'), ('లా', 'U'), ('ర', '|'), ('చా', 'U'), ('న', '|'), ('మే', 'U'), ('లెం', 'U'), ('చ', '|'), ('రే', 'U'), ('జా', 'U'), ('గు', '|'), ('చా', 'U'), ('లిం', 'U'), ('చ', '|'), ('రే', 'U'), ('న', 'U'), ('న్ను', '|'), ('లా', 'U'), ('లిం', 'U'), ('చ', '|'), ('రే', 'U'), ('క', 'U'), ('న్య', '|'), ('లా', 'U'), ('ర', '|'), ('క', '|'), ('ప', '|'), ('టం', 'U'), ('బు', '|'), ('వీ', 'U'), ('డ', '|'), ('రే', 'U'), ('క', '|'), ('రు', '|'), ('ణ', '|'), ('తో', 'U'), ('జూ', 'U'), ('డ', '|'), ('రే', 'U'), ('కో', 'U'), ('రి', '|'), ('క', '|'), ('ల', '|'), ('దీ', 'U'), ('ర్చ', '|'), ('రే', 'U'), ('కొ', 'U'), ('మ్మ', '|'), ('లా', 'U'), ('ర', '|'), ('వి', '|'), ('భు', '|'), ('దా', 'U'), ('ర్చి', '|'), ('గా', 'U'), ('వ', '|'), ('రే', 'U'), ('వే', 'U'), ('డు', '|'), ('క', 'U'), ('ల్సే', 'U'), ('య', '|'), ('రే', 'U'), ('యి', '|'), ('ది', '|'), ('వే', 'U'), ('ళ', '|'), ('బ్రో', 'U'), ('వ', '|'), ('రే', 'U'), ('యిం', 'U'), ('తు', '|'), ('లా', 'U'), ('ర', '|')]",0.9375,-1.0,1.0,0.9375,0.875,-1.0
teytageethi,మదనశతకోటిలావణ్యమహితుడైన | చిన్నికృష్ణుని దేరమ్మ చెలియలారమన్మథుని గన్న శ్రీతాడిమళ్ళవాస | రాజగోపాల రావన్న రమణి గూడ.,vupajaathi,Taadimallaraajagopaala,"[('మ', '|'), ('ద', '|'), ('న', '|'), ('శ', '|'), ('త', '|'), ('కో', 'U'), ('టి', '|'), ('లా', 'U'), ('వ', 'U'), ('ణ్య', '|'), ('మ', '|'), ('హి', '|'), ('తు', '|'), ('డై', 'U'), ('న', '|'), ('చి', 'U'), ('న్ని', '|'), ('కృ', 'U'), ('ష్ణు', '|'), ('ని', '|'), ('దే', 'U'), ('ర', 'U'), ('మ్మ', '|'), ('చె', '|'), ('లి', '|'), ('య', '|'), ('లా', 'U'), ('ర', '|'), ('మ', 'U'), ('న్మ', '|'), ('థు', '|'), ('ని', '|'), ('గ', 'U'), ('న్న', '|'), ('శ్రీ', 'U'), ('తా', 'U'), ('డి', '|'), ('మ', 'U'), ('ళ్ళ', '|'), ('వా', 'U'), ('స', '|'), ('రా', 'U'), ('జ', '|'), ('గో', 'U'), ('పా', 'U'), ('ల', '|'), ('రా', 'U'), ('వ', 'U'), ('న్న', '|'), ('ర', '|'), ('మ', '|'), ('ణి', '|'), ('గూ', 'U'), ('డ', '|')]",1.0,-1.0,1.0,1.0,1.0,-1.0
seesamu,కమలాక్ష నీతోడ రమియించుటకు వేగ ముదిత రమ్మనినీకు మ్రొక్కెనన్నవెలది నీ భ్రాంతిపై విస్తరించిన యింత విరహాగ్నిజ్వాలల విసికెనన్నమంచముపై బవళించి నిద్రింపక సుదతి నీ రాకను జూచునన్నతడవాయె నెడఁబాసి నేగుచున్నానని పనిబూని నన్నిటు బంపెనన్న,vupajaathi,Taadimallaraajagopaala,"[('క', '|'), ('మ', '|'), ('లా', 'U'), ('క్ష', '|'), ('నీ', 'U'), ('తో', 'U'), ('డ', '|'), ('ర', '|'), ('మి', '|'), ('యిం', 'U'), ('చు', '|'), ('ట', '|'), ('కు', '|'), ('వే', 'U'), ('గ', '|'), ('ము', '|'), ('ది', '|'), ('త', '|'), ('ర', 'U'), ('మ్మ', '|'), ('ని', '|'), ('నీ', 'U'), ('కు', '|'), ('మ్రొ', 'U'), ('క్కె', '|'), ('న', 'U'), ('న్న', '|'), ('వె', '|'), ('ల', '|'), ('ది', '|'), ('నీ', 'U'), ('భ్రాం', 'U'), ('తి', '|'), ('పై', 'U'), ('వి', 'U'), ('స్త', '|'), ('రిం', 'U'), ('చి', '|'), ('న', '|'), ('యిం', 'U'), ('త', '|'), ('వి', '|'), ('ర', '|'), ('హా', 'U'), ('గ్ని', 'U'), ('జ్వా', 'U'), ('ల', '|'), ('ల', '|'), ('వి', '|'), ('సి', '|'), ('కె', '|'), ('న', 'U'), ('న్న', '|'), ('మం', 'U'), ('చ', '|'), ('ము', '|'), ('పై', 'U'), ('బ', '|'), ('వ', '|'), ('ళిం', 'U'), ('చి', '|'), ('ని', '|'), ('ద్రిం', 'U'), ('ప', '|'), ('క', '|'), ('సు', '|'), ('ద', '|'), ('తి', '|'), ('నీ', 'U'), ('రా', 'U'), ('క', '|'), ('ను', '|'), ('జూ', 'U'), ('చు', '|'), ('న', 'U'), ('న్న', '|'), ('త', '|'), ('డ', '|'), ('వా', 'U'), ('యె', '|'), ('నె', '|'), ('డ', '|'), ('బా', 'U'), ('సి', '|'), ('నే', 'U'), ('గు', '|'), ('చు', 'U'), ('న్నా', 'U'), ('న', '|'), ('ని', '|'), ('ప', '|'), ('ని', '|'), ('బూ', 'U'), ('ని', '|'), ('న', 'U'), ('న్ని', '|'), ('టు', '|'), ('బం', 'U'), ('పె', '|'), ('న', 'U'), ('న్న', '|')]",0.9479166666666666,-1.0,1.0,0.96875,0.875,-1.0
teytageethi,కమలనాభుండ నామీదఁ గరుణయుంచి | వేగ నిను రమ్మనుచు విన్నవించెనన్నతరుణి నీవేగి యిచటికి తాడిమళ్ళ | రాజగోపాలు దేగదే రాజవదన.,vupajaathi,Taadimallaraajagopaala,"[('క', '|'), ('మ', '|'), ('ల', '|'), ('నా', 'U'), ('భుం', 'U'), ('డ', '|'), ('నా', 'U'), ('మీ', 'U'), ('ద', '|'), ('గ', '|'), ('రు', '|'), ('ణ', '|'), ('యుం', 'U'), ('చి', '|'), ('వే', 'U'), ('గ', '|'), ('ని', '|'), ('ను', '|'), ('ర', 'U'), ('మ్మ', '|'), ('ను', '|'), ('చు', '|'), ('వి', 'U'), ('న్న', '|'), ('విం', 'U'), ('చె', '|'), ('న', 'U'), ('న్న', '|'), ('త', '|'), ('రు', '|'), ('ణి', '|'), ('నీ', 'U'), ('వే', 'U'), ('గి', '|'), ('యి', '|'), ('చ', '|'), ('టి', '|'), ('కి', '|'), ('తా', 'U'), ('డి', '|'), ('మ', 'U'), ('ళ్ళ', '|'), ('రా', 'U'), ('జ', '|'), ('గో', 'U'), ('పా', 'U'), ('లు', '|'), ('దే', 'U'), ('గ', '|'), ('దే', 'U'), ('రా', 'U'), ('జ', '|'), ('వ', '|'), ('ద', '|'), ('న', '|')]",1.0,-1.0,1.0,1.0,1.0,-1.0
seesamu,ఘనముగా నలివేణి కరుణించి యింతైన నా పలుకాలించి నేలవమ్మనాయందు బలికిన న్యాయంబుగా నిప్పు డతియసహ్యంబయ్యె నరసిచూడరాధయు రుక్మిణీరమణీయ నాతని రానివ్వరైరిగా రట్టుజేసిసారసనేత్రుని శ్యామలాంగుని బలభద్రానుజుని నాదు ప్రాణసఖుని,vupajaathi,Taadimallaraajagopaala,"[('ఘ', '|'), ('న', '|'), ('ము', '|'), ('గా', 'U'), ('న', '|'), ('లి', '|'), ('వే', 'U'), ('ణి', '|'), ('క', '|'), ('రు', '|'), ('ణిం', 'U'), ('చి', '|'), ('యిం', 'U'), ('తై', 'U'), ('న', '|'), ('నా', 'U'), ('ప', '|'), ('లు', '|'), ('కా', 'U'), ('లిం', 'U'), ('చి', '|'), ('నే', 'U'), ('ల', '|'), ('వ', 'U'), ('మ్మ', '|'), ('నా', 'U'), ('యం', 'U'), ('దు', '|'), ('బ', '|'), ('లి', '|'), ('కి', '|'), ('న', 'U'), ('న్యా', 'U'), ('యం', 'U'), ('బు', '|'), ('గా', 'U'), ('ని', 'U'), ('ప్పు', '|'), ('డ', '|'), ('తి', '|'), ('య', '|'), ('స', 'U'), ('హ్యం', 'U'), ('బ', 'U'), ('య్యె', '|'), ('న', '|'), ('ర', '|'), ('సి', '|'), ('చూ', 'U'), ('డ', '|'), ('రా', 'U'), ('ధ', '|'), ('యు', '|'), ('రు', 'U'), ('క్మి', '|'), ('ణీ', 'U'), ('ర', '|'), ('మ', '|'), ('ణీ', 'U'), ('య', '|'), ('నా', 'U'), ('త', '|'), ('ని', '|'), ('రా', 'U'), ('ని', 'U'), ('వ్వ', '|'), ('రై', 'U'), ('రి', '|'), ('గా', 'U'), ('ర', 'U'), ('ట్టు', '|'), ('జే', 'U'), ('సి', '|'), ('సా', 'U'), ('ర', '|'), ('స', '|'), ('నే', 'U'), ('త్రు', '|'), ('ని', 'U'), ('శ్యా', 'U'), ('మ', '|'), ('లాం', 'U'), ('గు', '|'), ('ని', '|'), ('బ', '|'), ('ల', '|'), ('భ', '|'), ('ద్రా', 'U'), ('ను', '|'), ('జు', '|'), ('ని', '|'), ('నా', 'U'), ('దు', '|'), ('ప్రా', 'U'), ('ణ', '|'), ('స', '|'), ('ఖు', '|'), ('ని', '|')]",0.84375,-1.0,1.0,0.90625,0.625,-1.0
teytageethi,నెపుడు కనులార గనుగొందు నెపుడు వాని | జెలిమితో నాదు కౌగిటఁ జేర్చుకొందుతరుణి నీవేగి యిచటికి తాడిమళ్ళ | రాజగోపాలు దేగదే రాజవదన.,vupajaathi,Taadimallaraajagopaala,"[('నె', '|'), ('పు', '|'), ('డు', '|'), ('క', '|'), ('ను', '|'), ('లా', 'U'), ('ర', '|'), ('గ', '|'), ('ను', '|'), ('గొం', 'U'), ('దు', '|'), ('నె', '|'), ('పు', '|'), ('డు', '|'), ('వా', 'U'), ('ని', '|'), ('జె', '|'), ('లి', '|'), ('మి', '|'), ('తో', 'U'), ('నా', 'U'), ('దు', '|'), ('కౌ', 'U'), ('గి', '|'), ('ట', '|'), ('జే', 'U'), ('ర్చు', '|'), ('కొం', 'U'), ('దు', '|'), ('త', '|'), ('రు', '|'), ('ణి', '|'), ('నీ', 'U'), ('వే', 'U'), ('గి', '|'), ('యి', '|'), ('చ', '|'), ('టి', '|'), ('కి', '|'), ('తా', 'U'), ('డి', '|'), ('మ', 'U'), ('ళ్ళ', '|'), ('రా', 'U'), ('జ', '|'), ('గో', 'U'), ('పా', 'U'), ('లు', '|'), ('దే', 'U'), ('గ', '|'), ('దే', 'U'), ('రా', 'U'), ('జ', '|'), ('వ', '|'), ('ద', '|'), ('న', '|')]",1.0,-1.0,1.0,1.0,1.0,-1.0
seesamu,కమలాక్షిరో నన్ను గరుణింపుమని వేడ నమ్మరే నా పల్కు నమ్మలారఅదిగొ చంద్రోదయంబాయె నీకేలాగు విరహము సైరింతు వెలదులారమానక క్రూరుడై మదనుండు శరముల వేయదొడంగెనే వెలదులారపంచబాణుని కెంత పగగల్గి యుండెనో సాధించెనిప్పుడు సఖియలార,vupajaathi,Taadimallaraajagopaala,"[('క', '|'), ('మ', '|'), ('లా', 'U'), ('క్షి', '|'), ('రో', 'U'), ('న', 'U'), ('న్ను', '|'), ('గ', '|'), ('రు', '|'), ('ణిం', 'U'), ('పు', '|'), ('మ', '|'), ('ని', '|'), ('వే', 'U'), ('డ', '|'), ('న', 'U'), ('మ్మ', '|'), ('రే', 'U'), ('నా', 'U'), ('ప', 'U'), ('ల్కు', '|'), ('న', 'U'), ('మ్మ', '|'), ('లా', 'U'), ('ర', '|'), ('అ', '|'), ('ది', '|'), ('గొ', '|'), ('చం', 'U'), ('ద్రో', 'U'), ('ద', '|'), ('యం', 'U'), ('బా', 'U'), ('యె', '|'), ('నీ', 'U'), ('కే', 'U'), ('లా', 'U'), ('గు', '|'), ('వి', '|'), ('ర', '|'), ('హ', '|'), ('ము', '|'), ('సై', 'U'), ('రిం', 'U'), ('తు', '|'), ('వె', '|'), ('ల', '|'), ('దు', '|'), ('లా', 'U'), ('ర', '|'), ('మా', 'U'), ('న', '|'), ('క', '|'), ('క్రూ', 'U'), ('రు', '|'), ('డై', 'U'), ('మ', '|'), ('ద', '|'), ('నుం', 'U'), ('డు', '|'), ('శ', '|'), ('ర', '|'), ('ము', '|'), ('ల', '|'), ('వే', 'U'), ('య', '|'), ('దొ', '|'), ('డం', 'U'), ('గె', '|'), ('నే', 'U'), ('వె', '|'), ('ల', '|'), ('దు', '|'), ('లా', 'U'), ('ర', '|'), ('పం', 'U'), ('చ', '|'), ('బా', 'U'), ('ణు', '|'), ('ని', '|'), ('కెం', 'U'), ('త', '|'), ('ప', '|'), ('గ', '|'), ('గ', 'U'), ('ల్గి', '|'), ('యుం', 'U'), ('డె', '|'), ('నో', 'U'), ('సా', 'U'), ('ధిం', 'U'), ('చె', '|'), ('ని', 'U'), ('ప్పు', '|'), ('డు', '|'), ('స', '|'), ('ఖి', '|'), ('య', '|'), ('లా', 'U'), ('ర', '|')]",0.9583333333333334,-1.0,1.0,1.0,0.875,-1.0
teytageethi,కరుణతోడుత మీరింక గపటముడిగి | నన్ను మన్నించి నా ప్రాణనాథు కడకుఁత్వరితముగ నెమ్మి యీవేళ తాడిమళ్ళ | రాజగోపాలు దోడ్తేరె రమణులార.,vupajaathi,Taadimallaraajagopaala,"[('క', '|'), ('రు', '|'), ('ణ', '|'), ('తో', 'U'), ('డు', '|'), ('త', '|'), ('మీ', 'U'), ('రిం', 'U'), ('క', '|'), ('గ', '|'), ('ప', '|'), ('ట', '|'), ('ము', '|'), ('డి', '|'), ('గి', '|'), ('న', 'U'), ('న్ను', '|'), ('మ', 'U'), ('న్నిం', 'U'), ('చి', '|'), ('నా', 'U'), ('ప్రా', 'U'), ('ణ', '|'), ('నా', 'U'), ('థు', '|'), ('క', '|'), ('డ', '|'), ('కు', 'U'), ('త్వ', '|'), ('రి', '|'), ('త', '|'), ('ము', '|'), ('గ', '|'), ('నె', 'U'), ('మ్మి', '|'), ('యీ', 'U'), ('వే', 'U'), ('ళ', '|'), ('తా', 'U'), ('డి', '|'), ('మ', 'U'), ('ళ్ళ', '|'), ('రా', 'U'), ('జ', '|'), ('గో', 'U'), ('పా', 'U'), ('లు', '|'), ('దో', 'U'), ('డ్తే', 'U'), ('రె', '|'), ('ర', '|'), ('మ', '|'), ('ణు', '|'), ('లా', 'U'), ('ర', '|')]",0.9833333333333334,-1.0,1.0,0.95,1.0,-1.0
seesamu,ఉదయమునం బూర్వ మొగి నిద్ర మేల్కొని సదయుడ నిన్ను నే స్మరణసేతుసూర్యోదయంబున సూటి నే దప్పక దైవముగా నిను దలతునెపుడునా స్వామి నన్నేల న్యాయంబు దప్పక కరుణతో బ్రోవుము కమలనయనవిరహవేదనచేత వేడెద నేనిట్లు పాలింపుమిక నన్ను పద్మనేత్ర,vupajaathi,Taadimallaraajagopaala,"[('ఉ', '|'), ('ద', '|'), ('య', '|'), ('ము', '|'), ('నం', 'U'), ('బూ', 'U'), ('ర్వ', '|'), ('మొ', '|'), ('గి', '|'), ('ని', '|'), ('ద్ర', '|'), ('మే', 'U'), ('ల్కొ', '|'), ('ని', '|'), ('స', '|'), ('ద', '|'), ('యు', '|'), ('డ', '|'), ('ని', 'U'), ('న్ను', '|'), ('నే', 'U'), ('స్మ', '|'), ('ర', '|'), ('ణ', '|'), ('సే', 'U'), ('తు', '|'), ('సూ', 'U'), ('ర్యో', 'U'), ('ద', '|'), ('యం', 'U'), ('బు', '|'), ('న', '|'), ('సూ', 'U'), ('టి', '|'), ('నే', 'U'), ('ద', 'U'), ('ప్ప', '|'), ('క', '|'), ('దై', 'U'), ('వ', '|'), ('ము', '|'), ('గా', 'U'), ('ని', '|'), ('ను', '|'), ('ద', '|'), ('ల', '|'), ('తు', '|'), ('నె', '|'), ('పు', '|'), ('డు', '|'), ('నా', 'U'), ('స్వా', 'U'), ('మి', '|'), ('న', 'U'), ('న్నే', 'U'), ('ల', 'U'), ('న్యా', 'U'), ('యం', 'U'), ('బు', '|'), ('ద', 'U'), ('ప్ప', '|'), ('క', '|'), ('క', '|'), ('రు', '|'), ('ణ', '|'), ('తో', 'U'), ('బ్రో', 'U'), ('వు', '|'), ('ము', '|'), ('క', '|'), ('మ', '|'), ('ల', '|'), ('న', '|'), ('య', '|'), ('న', '|'), ('వి', '|'), ('ర', '|'), ('హ', '|'), ('వే', 'U'), ('ద', '|'), ('న', '|'), ('చే', 'U'), ('త', '|'), ('వే', 'U'), ('డె', '|'), ('ద', '|'), ('నే', 'U'), ('ని', 'U'), ('ట్లు', '|'), ('పా', 'U'), ('లిం', 'U'), ('పు', '|'), ('మి', '|'), ('క', '|'), ('న', 'U'), ('న్ను', '|'), ('ప', 'U'), ('ద్మ', '|'), ('నే', 'U'), ('త్ర', '|')]",0.7708333333333334,-1.0,1.0,0.8125,0.5,-1.0
teytageethi,నిత్యమును నిన్ను బ్రార్థింతు నీలవర్ణ | నాదు కోరిక లీడేర్చు నళిననాభతరుణి నీవేగి యిచటికి తాడిమళ్ళ | రాజగోపాలు దేగదే రాజవదన.,vupajaathi,Taadimallaraajagopaala,"[('ని', 'U'), ('త్య', '|'), ('ము', '|'), ('ను', '|'), ('ని', 'U'), ('న్ను', '|'), ('బ్రా', 'U'), ('ర్థిం', 'U'), ('తు', '|'), ('నీ', 'U'), ('ల', '|'), ('వ', 'U'), ('ర్ణ', '|'), ('నా', 'U'), ('దు', '|'), ('కో', 'U'), ('రి', '|'), ('క', '|'), ('లీ', 'U'), ('డే', 'U'), ('ర్చు', '|'), ('న', '|'), ('ళి', '|'), ('న', '|'), ('నా', 'U'), ('భ', '|'), ('త', '|'), ('రు', '|'), ('ణి', '|'), ('నీ', 'U'), ('వే', 'U'), ('గి', '|'), ('యి', '|'), ('చ', '|'), ('టి', '|'), ('కి', '|'), ('తా', 'U'), ('డి', '|'), ('మ', 'U'), ('ళ్ళ', '|'), ('రా', 'U'), ('జ', '|'), ('గో', 'U'), ('పా', 'U'), ('లు', '|'), ('దే', 'U'), ('గ', '|'), ('దే', 'U'), ('రా', 'U'), ('జ', '|'), ('వ', '|'), ('ద', '|'), ('న', '|')]",1.0,-1.0,1.0,1.0,1.0,-1.0
seesamu,మత్స్యావతార సన్మహితకచ్ఛపగాత్ర వరహరూపా నీకు వందనంబునారసింహా వామనశరీర జమదగ్నివరతనయా నీకు వందనంబురఘువంశతిలక యో రాజీవదళనేత్ర బలరామ నీకు నా వందనంబుబౌద్ధావతారసంభావితా గజవరద కల్క్యవతార నా వందనంబు,vupajaathi,Taadimallaraajagopaala,"[('మ', 'U'), ('త్స్యా', 'U'), ('వ', '|'), ('తా', 'U'), ('ర', '|'), ('స', 'U'), ('న్మ', '|'), ('హి', '|'), ('త', '|'), ('క', 'U'), ('చ్ఛ', '|'), ('ప', '|'), ('గా', 'U'), ('త్ర', '|'), ('వ', '|'), ('ర', '|'), ('హ', '|'), ('రూ', 'U'), ('పా', 'U'), ('నీ', 'U'), ('కు', '|'), ('వం', 'U'), ('ద', '|'), ('నం', 'U'), ('బు', '|'), ('నా', 'U'), ('ర', '|'), ('సిం', 'U'), ('హా', 'U'), ('వా', 'U'), ('మ', '|'), ('న', '|'), ('శ', '|'), ('రీ', 'U'), ('ర', '|'), ('జ', '|'), ('మ', '|'), ('ద', 'U'), ('గ్ని', '|'), ('వ', '|'), ('ర', '|'), ('త', '|'), ('న', '|'), ('యా', 'U'), ('నీ', 'U'), ('కు', '|'), ('వం', 'U'), ('ద', '|'), ('నం', 'U'), ('బు', '|'), ('ర', '|'), ('ఘు', '|'), ('వం', 'U'), ('శ', '|'), ('తి', '|'), ('ల', '|'), ('క', '|'), ('యో', 'U'), ('రా', 'U'), ('జీ', 'U'), ('వ', '|'), ('ద', '|'), ('ళ', '|'), ('నే', 'U'), ('త్ర', '|'), ('బ', '|'), ('ల', '|'), ('రా', 'U'), ('మ', '|'), ('నీ', 'U'), ('కు', '|'), ('నా', 'U'), ('వం', 'U'), ('ద', '|'), ('నం', 'U'), ('బు', '|'), ('బౌ', 'U'), ('ద్ధా', 'U'), ('వ', '|'), ('తా', 'U'), ('ర', '|'), ('సం', 'U'), ('భా', 'U'), ('వి', '|'), ('తా', 'U'), ('గ', '|'), ('జ', '|'), ('వ', '|'), ('ర', '|'), ('ద', '|'), ('క', 'U'), ('ల్క్య', '|'), ('వ', '|'), ('తా', 'U'), ('ర', '|'), ('నా', 'U'), ('వం', 'U'), ('ద', '|'), ('నం', 'U'), ('బు', '|')]",0.90625,-1.0,1.0,0.96875,0.75,-1.0
teytageethi,వందనము నీకు సతతము యిందిరేశ | నందనందన శ్రీధర కుందరదనతరుణి నీవేగి యిచటికి తాడిమళ్ళ | రాజగోపాలు దేగదే రాజవదన.,vupajaathi,Taadimallaraajagopaala,"[('వం', 'U'), ('ద', '|'), ('న', '|'), ('ము', '|'), ('నీ', 'U'), ('కు', '|'), ('స', '|'), ('త', '|'), ('త', '|'), ('ము', '|'), ('యిం', 'U'), ('ది', '|'), ('రే', 'U'), ('శ', '|'), ('నం', 'U'), ('ద', '|'), ('నం', 'U'), ('ద', '|'), ('న', '|'), ('శ్రీ', 'U'), ('ధ', '|'), ('ర', '|'), ('కుం', 'U'), ('ద', '|'), ('ర', '|'), ('ద', '|'), ('న', '|'), ('త', '|'), ('రు', '|'), ('ణి', '|'), ('నీ', 'U'), ('వే', 'U'), ('గి', '|'), ('యి', '|'), ('చ', '|'), ('టి', '|'), ('కి', '|'), ('తా', 'U'), ('డి', '|'), ('మ', 'U'), ('ళ్ళ', '|'), ('రా', 'U'), ('జ', '|'), ('గో', 'U'), ('పా', 'U'), ('లు', '|'), ('దే', 'U'), ('గ', '|'), ('దే', 'U'), ('రా', 'U'), ('జ', '|'), ('వ', '|'), ('ద', '|'), ('న', '|')]",1.0,-1.0,1.0,1.0,1.0,-1.0
seesamu,ఏలరా నే తాళజాలరా యిక జాలు చాలురా పంతంబు జలజనయనయిందు రావైతి నేమందురా యే నాతిమందు తలకెక్కెనొ మదనజనకయేమిరా యిటు వేరుసేతురా మరుబారి ద్రోతురా యెందైన దోయజాక్షవీడరా కపటంబు గూడరా నను దయ జూడరా యీవేళ సుందరాంగ,vupajaathi,Taadimallaraajagopaala,"[('ఏ', 'U'), ('ల', '|'), ('రా', 'U'), ('నే', 'U'), ('తా', 'U'), ('ళ', '|'), ('జా', 'U'), ('ల', '|'), ('రా', 'U'), ('యి', '|'), ('క', '|'), ('జా', 'U'), ('లు', '|'), ('చా', 'U'), ('లు', '|'), ('రా', 'U'), ('పం', 'U'), ('తం', 'U'), ('బు', '|'), ('జ', '|'), ('ల', '|'), ('జ', '|'), ('న', '|'), ('య', '|'), ('న', '|'), ('యిం', 'U'), ('దు', '|'), ('రా', 'U'), ('వై', 'U'), ('తి', '|'), ('నే', 'U'), ('మం', 'U'), ('దు', '|'), ('రా', 'U'), ('యే', 'U'), ('నా', 'U'), ('తి', '|'), ('మం', 'U'), ('దు', '|'), ('త', '|'), ('ల', '|'), ('కె', 'U'), ('క్కె', '|'), ('నొ', '|'), ('మ', '|'), ('ద', '|'), ('న', '|'), ('జ', '|'), ('న', '|'), ('క', '|'), ('యే', 'U'), ('మి', '|'), ('రా', 'U'), ('యి', '|'), ('టు', '|'), ('వే', 'U'), ('రు', '|'), ('సే', 'U'), ('తు', '|'), ('రా', 'U'), ('మ', '|'), ('రు', '|'), ('బా', 'U'), ('రి', '|'), ('ద్రో', 'U'), ('తు', '|'), ('రా', 'U'), ('యెం', 'U'), ('దై', 'U'), ('న', '|'), ('దో', 'U'), ('య', '|'), ('జా', 'U'), ('క్ష', '|'), ('వీ', 'U'), ('డ', '|'), ('రా', 'U'), ('క', '|'), ('ప', '|'), ('టం', 'U'), ('బు', '|'), ('గూ', 'U'), ('డ', '|'), ('రా', 'U'), ('న', '|'), ('ను', '|'), ('ద', '|'), ('య', '|'), ('జూ', 'U'), ('డ', '|'), ('రా', 'U'), ('యీ', 'U'), ('వే', 'U'), ('ళ', '|'), ('సుం', 'U'), ('ద', '|'), ('రాం', 'U'), ('గ', '|')]",0.90625,-1.0,1.0,0.96875,0.75,-1.0
teytageethi,యనుచు బెక్కువిధంబుల నార్తిజెందు | నతివ విడనాడగా నీకు సరసమగునెతరుణి నీవేగి యిచటికి తాడిమళ్ళ | రాజగోపాలు దేగదే రాజవదన.,vupajaathi,Taadimallaraajagopaala,"[('య', '|'), ('ను', '|'), ('చు', '|'), ('బె', 'U'), ('క్కు', '|'), ('వి', '|'), ('ధం', 'U'), ('బు', '|'), ('ల', '|'), ('నా', 'U'), ('ర్తి', '|'), ('జెం', 'U'), ('దు', '|'), ('న', '|'), ('తి', '|'), ('వ', '|'), ('వి', '|'), ('డ', '|'), ('నా', 'U'), ('డ', '|'), ('గా', 'U'), ('నీ', 'U'), ('కు', '|'), ('స', '|'), ('ర', '|'), ('స', '|'), ('మ', '|'), ('గు', '|'), ('నె', '|'), ('త', '|'), ('రు', '|'), ('ణి', '|'), ('నీ', 'U'), ('వే', 'U'), ('గి', '|'), ('యి', '|'), ('చ', '|'), ('టి', '|'), ('కి', '|'), ('తా', 'U'), ('డి', '|'), ('మ', 'U'), ('ళ్ళ', '|'), ('రా', 'U'), ('జ', '|'), ('గో', 'U'), ('పా', 'U'), ('లు', '|'), ('దే', 'U'), ('గ', '|'), ('దే', 'U'), ('రా', 'U'), ('జ', '|'), ('వ', '|'), ('ద', '|'), ('న', '|')]",0.8333333333333334,-1.0,1.0,1.0,0.5,-1.0
seesamu,వైకుంఠవాసాయ వారిజనేత్రాయ ద్విజరాజసుముఖాయ తే నమోస్తుజలధరదేహాయ శంఖచక్రధరాయ మానితభర్గాయ తే నమోస్తుపాలితసుజనాయ భావజజనకాయ దీనార్తిహరణాయ తే నమోస్తుసామజవరదాయ శాత్రవహరణాయ దేవకీతనయాయ తే నమోస్తు,vupajaathi,Taadimallaraajagopaala,"[('వై', 'U'), ('కుం', 'U'), ('ఠ', '|'), ('వా', 'U'), ('సా', 'U'), ('య', '|'), ('వా', 'U'), ('రి', '|'), ('జ', '|'), ('నే', 'U'), ('త్రా', 'U'), ('య', 'U'), ('ద్వి', '|'), ('జ', '|'), ('రా', 'U'), ('జ', '|'), ('సు', '|'), ('ము', '|'), ('ఖా', 'U'), ('య', '|'), ('తే', 'U'), ('న', '|'), ('మో', 'U'), ('స్తు', '|'), ('జ', '|'), ('ల', '|'), ('ధ', '|'), ('ర', '|'), ('దే', 'U'), ('హా', 'U'), ('య', '|'), ('శం', 'U'), ('ఖ', '|'), ('చ', '|'), ('క్ర', '|'), ('ధ', '|'), ('రా', 'U'), ('య', '|'), ('మా', 'U'), ('ని', '|'), ('త', '|'), ('భ', 'U'), ('ర్గా', 'U'), ('య', '|'), ('తే', 'U'), ('న', '|'), ('మో', 'U'), ('స్తు', '|'), ('పా', 'U'), ('లి', '|'), ('త', '|'), ('సు', '|'), ('జ', '|'), ('నా', 'U'), ('య', '|'), ('భా', 'U'), ('వ', '|'), ('జ', '|'), ('జ', '|'), ('న', '|'), ('కా', 'U'), ('య', '|'), ('దీ', 'U'), ('నా', 'U'), ('ర్తి', '|'), ('హ', '|'), ('ర', '|'), ('ణా', 'U'), ('య', '|'), ('తే', 'U'), ('న', '|'), ('మో', 'U'), ('స్తు', '|'), ('సా', 'U'), ('మ', '|'), ('జ', '|'), ('వ', '|'), ('ర', '|'), ('దా', 'U'), ('య', '|'), ('శా', 'U'), ('త్ర', '|'), ('వ', '|'), ('హ', '|'), ('ర', '|'), ('ణా', 'U'), ('య', '|'), ('దే', 'U'), ('వ', '|'), ('కీ', 'U'), ('త', '|'), ('న', '|'), ('యా', 'U'), ('య', '|'), ('తే', 'U'), ('న', '|'), ('మో', 'U'), ('స్తు', '|')]",0.6666666666666666,-1.0,1.0,0.625,0.375,-1.0
teytageethi,అని ప్రణామము లొనరించి యతని మదిని | గనికరము దోచునట్టుల గారవించితరుణ మిదియని తెలిపి శ్రీ తాడిమళ్ళ | రాజగోపాలుఁ దోడ్తేరె రమణులార.,vupajaathi,Taadimallaraajagopaala,"[('అ', '|'), ('ని', '|'), ('ప్ర', '|'), ('ణా', 'U'), ('మ', '|'), ('ము', '|'), ('లొ', '|'), ('న', '|'), ('రిం', 'U'), ('చి', '|'), ('య', '|'), ('త', '|'), ('ని', '|'), ('మ', '|'), ('ది', '|'), ('ని', '|'), ('గ', '|'), ('ని', '|'), ('క', '|'), ('ర', '|'), ('ము', '|'), ('దో', 'U'), ('చు', '|'), ('న', 'U'), ('ట్టు', '|'), ('ల', '|'), ('గా', 'U'), ('ర', '|'), ('విం', 'U'), ('చి', '|'), ('త', '|'), ('రు', '|'), ('ణ', '|'), ('మి', '|'), ('ది', '|'), ('య', '|'), ('ని', '|'), ('తె', '|'), ('లి', '|'), ('పి', '|'), ('శ్రీ', 'U'), ('తా', 'U'), ('డి', '|'), ('మ', 'U'), ('ళ్ళ', '|'), ('రా', 'U'), ('జ', '|'), ('గో', 'U'), ('పా', 'U'), ('లు', '|'), ('దో', 'U'), ('డ్తే', 'U'), ('రె', '|'), ('ర', '|'), ('మ', '|'), ('ణు', '|'), ('లా', 'U'), ('ర', '|')]",1.0,-1.0,1.0,1.0,1.0,-1.0
aataveladi,"
వేమననగ యోగి వెలసె లోకములోనఁ

బూజలిడుఁడు, పుణ్య పురుషులార

పూజలిడిన యంత, భుక్తి ముక్తుల నిచ్చు

విశ్వదాభిరామ వినర వేమ.",vupajaathi,Vemana,"[('వే', 'U'), ('మ', '|'), ('న', '|'), ('న', '|'), ('గ', '|'), ('యో', 'U'), ('గి', '|'), ('వె', '|'), ('ల', '|'), ('సె', '|'), ('లో', 'U'), ('క', '|'), ('ము', '|'), ('లో', 'U'), ('న', '|'), ('బూ', 'U'), ('జ', '|'), ('లి', '|'), ('డు', '|'), ('డు', '|'), ('పు', 'U'), ('ణ్య', '|'), ('పు', '|'), ('రు', '|'), ('షు', '|'), ('లా', 'U'), ('ర', '|'), ('పూ', 'U'), ('జ', '|'), ('లి', '|'), ('డి', '|'), ('న', '|'), ('యం', 'U'), ('త', '|'), ('భు', 'U'), ('క్తి', '|'), ('ము', 'U'), ('క్తు', '|'), ('ల', '|'), ('ని', 'U'), ('చ్చు', '|'), ('వి', 'U'), ('శ్వ', '|'), ('దా', 'U'), ('భి', '|'), ('రా', 'U'), ('మ', '|'), ('వి', '|'), ('న', '|'), ('ర', '|'), ('వే', 'U'), ('మ', '|')]",1.0,-1.0,1.0,1.0,1.0,-1.0
aataveladi,"
పలుకుమన్న నేల పలుకక యున్నావు

పలుకుమయ్య నాతో ప్రబలముగను

పలుకుమయ్య! నీదు పలుకు నేనెఱిఁగెద

విశ్వదాభిరామ వినర వేమ.",vupajaathi,Vemana,"[('ప', '|'), ('లు', '|'), ('కు', '|'), ('మ', 'U'), ('న్న', '|'), ('నే', 'U'), ('ల', '|'), ('ప', '|'), ('లు', '|'), ('క', '|'), ('క', '|'), ('యు', 'U'), ('న్నా', 'U'), ('వు', '|'), ('ప', '|'), ('లు', '|'), ('కు', '|'), ('మ', 'U'), ('య్య', '|'), ('నా', 'U'), ('తో', 'U'), ('ప్ర', '|'), ('బ', '|'), ('ల', '|'), ('ము', '|'), ('గ', '|'), ('ను', '|'), ('ప', '|'), ('లు', '|'), ('కు', '|'), ('మ', 'U'), ('య్య', '|'), ('నీ', 'U'), ('దు', '|'), ('ప', '|'), ('లు', '|'), ('కు', '|'), ('నే', 'U'), ('నె', '|'), ('ఱి', '|'), ('గె', '|'), ('ద', '|'), ('వి', 'U'), ('శ్వ', '|'), ('దా', 'U'), ('భి', '|'), ('రా', 'U'), ('మ', '|'), ('వి', '|'), ('న', '|'), ('ర', '|'), ('వే', 'U'), ('మ', '|')]",0.7666666666666666,-1.0,1.0,0.8,0.5,-1.0
aataveladi,"
ఆత్మశుద్ధి లేని యాచారమది యేల

భాండ శుద్ధి లేని పాక మేల

చిత్త శుద్ధి లేని శివపూజ లేలరా

విశ్వదాభిరామ వినర వేమ.",vupajaathi,Vemana,"[('ఆ', 'U'), ('త్మ', '|'), ('శు', 'U'), ('ద్ధి', '|'), ('లే', 'U'), ('ని', '|'), ('యా', 'U'), ('చా', 'U'), ('ర', '|'), ('మ', '|'), ('ది', '|'), ('యే', 'U'), ('ల', '|'), ('భాం', 'U'), ('డ', '|'), ('శు', 'U'), ('ద్ధి', '|'), ('లే', 'U'), ('ని', '|'), ('పా', 'U'), ('క', '|'), ('మే', 'U'), ('ల', '|'), ('చి', 'U'), ('త్త', '|'), ('శు', 'U'), ('ద్ధి', '|'), ('లే', 'U'), ('ని', '|'), ('శి', '|'), ('వ', '|'), ('పూ', 'U'), ('జ', '|'), ('లే', 'U'), ('ల', '|'), ('రా', 'U'), ('వి', 'U'), ('శ్వ', '|'), ('దా', 'U'), ('భి', '|'), ('రా', 'U'), ('మ', '|'), ('వి', '|'), ('న', '|'), ('ర', '|'), ('వే', 'U'), ('మ', '|')]",1.0,-1.0,1.0,1.0,1.0,-1.0
aataveladi,"
నిక్కమైన మంచి నీల మొక్కటి చాలు

తళుకు బెళుకు రాళ్లు తట్టె డేల?

చదువఁ బద్య మరయఁ జాలదా యొక్కటి

విశ్వదాభిరామ వినర వేమ.",vupajaathi,Vemana,"[('ని', 'U'), ('క్క', '|'), ('మై', 'U'), ('న', '|'), ('మం', 'U'), ('చి', '|'), ('నీ', 'U'), ('ల', '|'), ('మొ', 'U'), ('క్క', '|'), ('టి', '|'), ('చా', 'U'), ('లు', '|'), ('త', '|'), ('ళు', '|'), ('కు', '|'), ('బె', '|'), ('ళు', '|'), ('కు', '|'), ('రా', 'U'), ('ళ్లు', '|'), ('త', 'U'), ('ట్టె', '|'), ('డే', 'U'), ('ల', '|'), ('చ', '|'), ('దు', '|'), ('వ', '|'), ('బ', 'U'), ('ద్య', '|'), ('మ', '|'), ('ర', '|'), ('య', '|'), ('జా', 'U'), ('ల', '|'), ('దా', 'U'), ('యొ', 'U'), ('క్క', '|'), ('టి', '|'), ('వి', 'U'), ('శ్వ', '|'), ('దా', 'U'), ('భి', '|'), ('రా', 'U'), ('మ', '|'), ('వి', '|'), ('న', '|'), ('ర', '|'), ('వే', 'U'), ('మ', '|')]",1.0,-1.0,1.0,1.0,1.0,-1.0
aataveladi,"
నిన్నుఁ జూచె నేని తన్నుఁ దా మఱచును

తన్నుఁ జూచె నేని నిన్ను మఱచు;

నే విధమున జనుఁడు నెఱుగు, నిన్నును దన్ను?

విశ్వదాభిరామ వినర వేమ.",vupajaathi,Vemana,"[('ని', 'U'), ('న్ను', '|'), ('జూ', 'U'), ('చె', '|'), ('నే', 'U'), ('ని', '|'), ('త', 'U'), ('న్ను', '|'), ('దా', 'U'), ('మ', '|'), ('ఱ', '|'), ('చు', '|'), ('ను', '|'), ('త', 'U'), ('న్ను', '|'), ('జూ', 'U'), ('చె', '|'), ('నే', 'U'), ('ని', '|'), ('ని', 'U'), ('న్ను', '|'), ('మ', '|'), ('ఱ', '|'), ('చు', '|'), ('నే', 'U'), ('వి', '|'), ('ధ', '|'), ('ము', '|'), ('న', '|'), ('జ', '|'), ('ను', '|'), ('డు', '|'), ('నె', '|'), ('ఱు', '|'), ('గు', '|'), ('ని', 'U'), ('న్ను', '|'), ('ను', '|'), ('ద', 'U'), ('న్ను', '|'), ('వి', 'U'), ('శ్వ', '|'), ('దా', 'U'), ('భి', '|'), ('రా', 'U'), ('మ', '|'), ('వి', '|'), ('న', '|'), ('ర', '|'), ('వే', 'U'), ('మ', '|')]",1.0,-1.0,1.0,1.0,1.0,-1.0
aataveladi,"
మురియు వాఁ డెవండు? మురియని దెవ్వఁడు?

పాటు జేసి చూడ బట్ట బయలు;

సొరిది జల ఘటమున సూర్యుని చందంబు

విశ్వదాభిరామ వినర వేమ.",vupajaathi,Vemana,"[('ము', '|'), ('రి', '|'), ('యు', '|'), ('వా', 'U'), ('డె', '|'), ('వం', 'U'), ('డు', '|'), ('ము', '|'), ('రి', '|'), ('య', '|'), ('ని', '|'), ('దె', 'U'), ('వ్వ', '|'), ('డు', '|'), ('పా', 'U'), ('టు', '|'), ('జే', 'U'), ('సి', '|'), ('చూ', 'U'), ('డ', '|'), ('బ', 'U'), ('ట్ట', '|'), ('బ', '|'), ('య', '|'), ('లు', '|'), ('సొ', '|'), ('రి', '|'), ('ది', '|'), ('జ', '|'), ('ల', '|'), ('ఘ', '|'), ('ట', '|'), ('ము', '|'), ('న', '|'), ('సూ', 'U'), ('ర్యు', '|'), ('ని', '|'), ('చం', 'U'), ('దం', 'U'), ('బు', '|'), ('వి', 'U'), ('శ్వ', '|'), ('దా', 'U'), ('భి', '|'), ('రా', 'U'), ('మ', '|'), ('వి', '|'), ('న', '|'), ('ర', '|'), ('వే', 'U'), ('మ', '|')]",1.0,-1.0,1.0,1.0,1.0,-1.0
aataveladi,"
గాజు కుప్పె లోన కడఁగుచు దీపంబు

యెట్టు లుండు, జ్ఞాన మట్టు లుండుఁ

దెలిసినట్టి వారి దేహంబు లందును

విశ్వదాభిరామ వినర వేమ.",vupajaathi,Vemana,"[('గా', 'U'), ('జు', '|'), ('కు', 'U'), ('ప్పె', '|'), ('లో', 'U'), ('న', '|'), ('క', '|'), ('డ', '|'), ('గు', '|'), ('చు', '|'), ('దీ', 'U'), ('పం', 'U'), ('బు', '|'), ('యె', 'U'), ('ట్టు', '|'), ('లుం', 'U'), ('డు', 'U'), ('జ్ఞా', 'U'), ('న', '|'), ('మ', 'U'), ('ట్టు', '|'), ('లుం', 'U'), ('డు', '|'), ('దె', '|'), ('లి', '|'), ('సి', '|'), ('న', 'U'), ('ట్టి', '|'), ('వా', 'U'), ('రి', '|'), ('దే', 'U'), ('హం', 'U'), ('బు', '|'), ('లం', 'U'), ('దు', '|'), ('ను', '|'), ('వి', 'U'), ('శ్వ', '|'), ('దా', 'U'), ('భి', '|'), ('రా', 'U'), ('మ', '|'), ('వి', '|'), ('న', '|'), ('ర', '|'), ('వే', 'U'), ('మ', '|')]",0.65,-1.0,1.0,0.7,0.25,-1.0
aataveladi,"
కల్ల గురుఁడు గట్టు, నెల్ల కర్మంబుల

మధ్య గురుఁడు గట్టు మంత్ర చయము

నుత్తముండు కట్టు, యోగ సామ్రాజ్యంబు

విశ్వదాభిరామ వినర వేమ.",vupajaathi,Vemana,"[('క', 'U'), ('ల్ల', '|'), ('గు', '|'), ('రు', '|'), ('డు', '|'), ('గ', 'U'), ('ట్టు', '|'), ('నె', 'U'), ('ల్ల', '|'), ('క', 'U'), ('ర్మం', 'U'), ('బు', '|'), ('ల', '|'), ('మ', 'U'), ('ధ్య', '|'), ('గు', '|'), ('రు', '|'), ('డు', '|'), ('గ', 'U'), ('ట్టు', '|'), ('మం', 'U'), ('త్ర', '|'), ('చ', '|'), ('య', '|'), ('ము', '|'), ('ను', 'U'), ('త్త', '|'), ('ముం', 'U'), ('డు', '|'), ('క', 'U'), ('ట్టు', '|'), ('యో', 'U'), ('గ', '|'), ('సా', 'U'), ('మ్రా', 'U'), ('జ్యం', 'U'), ('బు', '|'), ('వి', 'U'), ('శ్వ', '|'), ('దా', 'U'), ('భి', '|'), ('రా', 'U'), ('మ', '|'), ('వి', '|'), ('న', '|'), ('ర', '|'), ('వే', 'U'), ('మ', '|')]",0.9166666666666666,-1.0,1.0,1.0,0.75,-1.0
aataveladi,"
పెట్టి పోయ లేని వట్టి నరులు భూమి

పుట్ట నేమి? వారు గిట్ట నేమి?

పుట్టలోనఁ జెదలు పుట్టదా గిట్టదా?

విశ్వదాభిరామ వినర వేమ.",vupajaathi,Vemana,"[('పె', 'U'), ('ట్టి', '|'), ('పో', 'U'), ('య', '|'), ('లే', 'U'), ('ని', '|'), ('వ', 'U'), ('ట్టి', '|'), ('న', '|'), ('రు', '|'), ('లు', '|'), ('భూ', 'U'), ('మి', '|'), ('పు', 'U'), ('ట్ట', '|'), ('నే', 'U'), ('మి', '|'), ('వా', 'U'), ('రు', '|'), ('గి', 'U'), ('ట్ట', '|'), ('నే', 'U'), ('మి', '|'), ('పు', 'U'), ('ట్ట', '|'), ('లో', 'U'), ('న', '|'), ('జె', '|'), ('ద', '|'), ('లు', '|'), ('పు', 'U'), ('ట్ట', '|'), ('దా', 'U'), ('గి', 'U'), ('ట్ట', '|'), ('దా', 'U'), ('వి', 'U'), ('శ్వ', '|'), ('దా', 'U'), ('భి', '|'), ('రా', 'U'), ('మ', '|'), ('వి', '|'), ('న', '|'), ('ర', '|'), ('వే', 'U'), ('మ', '|')]",1.0,-1.0,1.0,1.0,1.0,-1.0
aataveladi,"
తాము గన్న వారు తముఁ గన్న వారును

చచ్చు టెల్ల, తమకు సాక్షి గాదె?

బ్రతుకు టెల్ల తమకు బ్రహ్మ కల్పంబులా?

విశ్వదాభిరామ వినర వేమ.",vupajaathi,Vemana,"[('తా', 'U'), ('ము', '|'), ('గ', 'U'), ('న్న', '|'), ('వా', 'U'), ('రు', '|'), ('త', '|'), ('ము', '|'), ('గ', 'U'), ('న్న', '|'), ('వా', 'U'), ('రు', '|'), ('ను', '|'), ('చ', 'U'), ('చ్చు', '|'), ('టె', 'U'), ('ల్ల', '|'), ('త', '|'), ('మ', '|'), ('కు', '|'), ('సా', 'U'), ('క్షి', '|'), ('గా', 'U'), ('దె', '|'), ('బ్ర', '|'), ('తు', '|'), ('కు', '|'), ('టె', 'U'), ('ల్ల', '|'), ('త', '|'), ('మ', '|'), ('కు', '|'), ('బ్ర', 'U'), ('హ్మ', '|'), ('క', 'U'), ('ల్పం', 'U'), ('బు', '|'), ('లా', 'U'), ('వి', 'U'), ('శ్వ', '|'), ('దా', 'U'), ('భి', '|'), ('రా', 'U'), ('మ', '|'), ('వి', '|'), ('న', '|'), ('ర', '|'), ('వే', 'U'), ('మ', '|')]",1.0,-1.0,1.0,1.0,1.0,-1.0
aataveladi,"
ఎరుక మాలు వాఁడు యేమేమి చదివినఁ

జదివినంత సేపె సద్గుణి యగు

కదసి తామరందుఁ గప్ప గూర్చున్నట్లు

విశ్వదాభిరామ వినర వేమ.",vupajaathi,Vemana,"[('ఎ', '|'), ('రు', '|'), ('క', '|'), ('మా', 'U'), ('లు', '|'), ('వా', 'U'), ('డు', '|'), ('యే', 'U'), ('మే', 'U'), ('మి', '|'), ('చ', '|'), ('ది', '|'), ('వి', '|'), ('న', '|'), ('జ', '|'), ('ది', '|'), ('వి', '|'), ('నం', 'U'), ('త', '|'), ('సే', 'U'), ('పె', '|'), ('స', 'U'), ('ద్గు', '|'), ('ణి', '|'), ('య', '|'), ('గు', '|'), ('క', '|'), ('ద', '|'), ('సి', '|'), ('తా', 'U'), ('మ', '|'), ('రం', 'U'), ('దు', '|'), ('గ', 'U'), ('ప్ప', '|'), ('గూ', 'U'), ('ర్చు', 'U'), ('న్న', 'U'), ('ట్లు', '|'), ('వి', 'U'), ('శ్వ', '|'), ('దా', 'U'), ('భి', '|'), ('రా', 'U'), ('మ', '|'), ('వి', '|'), ('న', '|'), ('ర', '|'), ('వే', 'U'), ('మ', '|')]",0.9166666666666666,-1.0,1.0,1.0,0.75,-1.0
aataveladi,"
కూటికి నెడఁ బాసి కూర్చున్న మనుజుఁడు

వెలఁదులఁ గనుగొన్న వెతలఁ జిక్కు

చెలఁగి యగ్నిఁ జూచు శలభంబు చాడ్పున

విశ్వదాభిరామ వినర వేమ.",vupajaathi,Vemana,"[('కూ', 'U'), ('టి', '|'), ('కి', '|'), ('నె', '|'), ('డ', '|'), ('బా', 'U'), ('సి', '|'), ('కూ', 'U'), ('ర్చు', 'U'), ('న్న', '|'), ('మ', '|'), ('ను', '|'), ('జు', '|'), ('డు', '|'), ('వె', '|'), ('ల', '|'), ('దు', '|'), ('ల', '|'), ('గ', '|'), ('ను', '|'), ('గొ', 'U'), ('న్న', '|'), ('వె', '|'), ('త', '|'), ('ల', '|'), ('జి', 'U'), ('క్కు', '|'), ('చె', '|'), ('ల', '|'), ('గి', '|'), ('య', 'U'), ('గ్ని', '|'), ('జూ', 'U'), ('చు', '|'), ('శ', '|'), ('ల', '|'), ('భం', 'U'), ('బు', '|'), ('చా', 'U'), ('డ్పు', '|'), ('న', '|'), ('వి', 'U'), ('శ్వ', '|'), ('దా', 'U'), ('భి', '|'), ('రా', 'U'), ('మ', '|'), ('వి', '|'), ('న', '|'), ('ర', '|'), ('వే', 'U'), ('మ', '|')]",1.0,-1.0,1.0,1.0,1.0,-1.0
aataveladi,"
కసువుఁ బసికిఁజేసె, గాలి ఫణికిఁ జేసె;

మన్నెఱలకుఁ జేసె, మఱవ కెట్లు;

కుంభిని జనులకును కూడట్లు చేసెరా

విశ్వదాభిరామ వినర వేమ.",vupajaathi,Vemana,"[('క', '|'), ('సు', '|'), ('వు', '|'), ('బ', '|'), ('సి', '|'), ('కి', '|'), ('జే', 'U'), ('సె', '|'), ('గా', 'U'), ('లి', '|'), ('ఫ', '|'), ('ణి', '|'), ('కి', '|'), ('జే', 'U'), ('సె', '|'), ('మ', 'U'), ('న్నె', '|'), ('ఱ', '|'), ('ల', '|'), ('కు', '|'), ('జే', 'U'), ('సె', '|'), ('మ', '|'), ('ఱ', '|'), ('వ', '|'), ('కె', 'U'), ('ట్లు', '|'), ('కుం', 'U'), ('భి', '|'), ('ని', '|'), ('జ', '|'), ('ను', '|'), ('ల', '|'), ('కు', '|'), ('ను', '|'), ('కూ', 'U'), ('డ', 'U'), ('ట్లు', '|'), ('చే', 'U'), ('సె', '|'), ('రా', 'U'), ('వి', 'U'), ('శ్వ', '|'), ('దా', 'U'), ('భి', '|'), ('రా', 'U'), ('మ', '|'), ('వి', '|'), ('న', '|'), ('ర', '|'), ('వే', 'U'), ('మ', '|')]",1.0,-1.0,1.0,1.0,1.0,-1.0
aataveladi,"
ఎవ్వరి గుణములును యేమన్న మానవు

చక్కఁజేయ రాదు కుక్క తోఁక

గడుసురాలు మగని గంపఁ బెట్టమ్మురా

విశ్వదాభిరామ వినర వేమ.",vupajaathi,Vemana,"[('ఎ', 'U'), ('వ్వ', '|'), ('రి', '|'), ('గు', '|'), ('ణ', '|'), ('ము', '|'), ('లు', '|'), ('ను', '|'), ('యే', 'U'), ('మ', 'U'), ('న్న', '|'), ('మా', 'U'), ('న', '|'), ('వు', '|'), ('చ', 'U'), ('క్క', '|'), ('జే', 'U'), ('య', '|'), ('రా', 'U'), ('దు', '|'), ('కు', 'U'), ('క్క', '|'), ('తో', 'U'), ('క', '|'), ('గ', '|'), ('డు', '|'), ('సు', '|'), ('రా', 'U'), ('లు', '|'), ('మ', '|'), ('గ', '|'), ('ని', '|'), ('గం', 'U'), ('ప', '|'), ('బె', 'U'), ('ట్ట', 'U'), ('మ్ము', '|'), ('రా', 'U'), ('వి', 'U'), ('శ్వ', '|'), ('దా', 'U'), ('భి', '|'), ('రా', 'U'), ('మ', '|'), ('వి', '|'), ('న', '|'), ('ర', '|'), ('వే', 'U'), ('మ', '|')]",0.9166666666666666,-1.0,1.0,1.0,0.75,-1.0
aataveladi,"
వేరు పురుగు చేరి వృక్షంబు జెఱుచును

చీడ పురుగు చేరి చెట్టుఁ జెఱుచు

కుత్సితుండు చేరి, గుణవంతుఁ జెఱచురా

విశ్వదాభిరామ వినర వేమ.",vupajaathi,Vemana,"[('వే', 'U'), ('రు', '|'), ('పు', '|'), ('రు', '|'), ('గు', '|'), ('చే', 'U'), ('రి', '|'), ('వృ', 'U'), ('క్షం', 'U'), ('బు', '|'), ('జె', '|'), ('ఱు', '|'), ('చు', '|'), ('ను', '|'), ('చీ', 'U'), ('డ', '|'), ('పు', '|'), ('రు', '|'), ('గు', '|'), ('చే', 'U'), ('రి', '|'), ('చె', 'U'), ('ట్టు', '|'), ('జె', '|'), ('ఱు', '|'), ('చు', '|'), ('కు', 'U'), ('త్సి', '|'), ('తుం', 'U'), ('డు', '|'), ('చే', 'U'), ('రి', '|'), ('గు', '|'), ('ణ', '|'), ('వం', 'U'), ('తు', '|'), ('జె', '|'), ('ఱ', '|'), ('చు', '|'), ('రా', 'U'), ('వి', 'U'), ('శ్వ', '|'), ('దా', 'U'), ('భి', '|'), ('రా', 'U'), ('మ', '|'), ('వి', '|'), ('న', '|'), ('ర', '|'), ('వే', 'U'), ('మ', '|')]",0.9166666666666666,-1.0,1.0,1.0,0.75,-1.0
aataveladi,"
ఉప్పు కప్పురంబు నొక్కపోలికనుండుఁ

జూడఁ జూడ రుచుల జాడ వేఱు

పురుషులందు పుణ్య పురుషులు వేఱయా

విశ్వదాభిరామ వినర వేమ.",vupajaathi,Vemana,"[('ఉ', 'U'), ('ప్పు', '|'), ('క', 'U'), ('ప్పు', '|'), ('రం', 'U'), ('బు', '|'), ('నొ', 'U'), ('క్క', '|'), ('పో', 'U'), ('లి', '|'), ('క', '|'), ('నుం', 'U'), ('డు', '|'), ('జూ', 'U'), ('డ', '|'), ('జూ', 'U'), ('డ', '|'), ('రు', '|'), ('చు', '|'), ('ల', '|'), ('జా', 'U'), ('డ', '|'), ('వే', 'U'), ('ఱు', '|'), ('పు', '|'), ('రు', '|'), ('షు', '|'), ('లం', 'U'), ('దు', '|'), ('పు', 'U'), ('ణ్య', '|'), ('పు', '|'), ('రు', '|'), ('షు', '|'), ('లు', '|'), ('వే', 'U'), ('ఱ', '|'), ('యా', 'U'), ('వి', 'U'), ('శ్వ', '|'), ('దా', 'U'), ('భి', '|'), ('రా', 'U'), ('మ', '|'), ('వి', '|'), ('న', '|'), ('ర', '|'), ('వే', 'U'), ('మ', '|')]",0.9166666666666666,-1.0,1.0,1.0,0.75,-1.0
aataveladi,"
జీవి పోక ముందె జీవ వస్తువు లిచ్చి

జీవి నిలుప వలయు జీవనముగ

జీవి తొలఁగు వెనుక జీవ వస్తువు లేల?

విశ్వదాభిరామ వినర వేమ.",vupajaathi,Vemana,"[('జీ', 'U'), ('వి', '|'), ('పో', 'U'), ('క', '|'), ('ముం', 'U'), ('దె', '|'), ('జీ', 'U'), ('వ', '|'), ('వ', 'U'), ('స్తు', '|'), ('వు', '|'), ('లి', 'U'), ('చ్చి', '|'), ('జీ', 'U'), ('వి', '|'), ('ని', '|'), ('లు', '|'), ('ప', '|'), ('వ', '|'), ('ల', '|'), ('యు', '|'), ('జీ', 'U'), ('వ', '|'), ('న', '|'), ('ము', '|'), ('గ', '|'), ('జీ', 'U'), ('వి', '|'), ('తొ', '|'), ('ల', '|'), ('గు', '|'), ('వె', '|'), ('ను', '|'), ('క', '|'), ('జీ', 'U'), ('వ', '|'), ('వ', 'U'), ('స్తు', '|'), ('వు', '|'), ('లే', 'U'), ('ల', '|'), ('వి', 'U'), ('శ్వ', '|'), ('దా', 'U'), ('భి', '|'), ('రా', 'U'), ('మ', '|'), ('వి', '|'), ('న', '|'), ('ర', '|'), ('వే', 'U'), ('మ', '|')]",1.0,-1.0,1.0,1.0,1.0,-1.0
aataveladi,"
కల్ల నిజము రెండు కఱకంఠుఁ డెరుగును

నీరు పల్ల మెఱుఁగు నిజముగాను

తనయుని జననంబు తల్లిఁదా నెరుగును

విశ్వదాభిరామ వినర వేమ.",vupajaathi,Vemana,"[('క', 'U'), ('ల్ల', '|'), ('ని', '|'), ('జ', '|'), ('ము', '|'), ('రెం', 'U'), ('డు', '|'), ('క', '|'), ('ఱ', '|'), ('కం', 'U'), ('ఠు', '|'), ('డె', '|'), ('రు', '|'), ('గు', '|'), ('ను', '|'), ('నీ', 'U'), ('రు', '|'), ('ప', 'U'), ('ల్ల', '|'), ('మె', '|'), ('ఱు', '|'), ('గు', '|'), ('ని', '|'), ('జ', '|'), ('ము', '|'), ('గా', 'U'), ('ను', '|'), ('త', '|'), ('న', '|'), ('యు', '|'), ('ని', '|'), ('జ', '|'), ('న', '|'), ('నం', 'U'), ('బు', '|'), ('త', 'U'), ('ల్లి', '|'), ('దా', 'U'), ('నె', '|'), ('రు', '|'), ('గు', '|'), ('ను', '|'), ('వి', 'U'), ('శ్వ', '|'), ('దా', 'U'), ('భి', '|'), ('రా', 'U'), ('మ', '|'), ('వి', '|'), ('న', '|'), ('ర', '|'), ('వే', 'U'), ('మ', '|')]",1.0,-1.0,1.0,1.0,1.0,-1.0
aataveladi,"
అంగ మెల్ల వదలి, యటు దంతములు నూడి

తనువు ముదిమిచేతఁ దఱుచు వడక

ముప్పు తిప్పలఁ బడి మోహంబు విడువడు

విశ్వదాభిరామ వినర వేమ.",vupajaathi,Vemana,"[('అం', 'U'), ('గ', '|'), ('మె', 'U'), ('ల్ల', '|'), ('వ', '|'), ('ద', '|'), ('లి', '|'), ('య', '|'), ('టు', '|'), ('దం', 'U'), ('త', '|'), ('ము', '|'), ('లు', '|'), ('నూ', 'U'), ('డి', '|'), ('త', '|'), ('ను', '|'), ('వు', '|'), ('ము', '|'), ('ది', '|'), ('మి', '|'), ('చే', 'U'), ('త', '|'), ('ద', '|'), ('ఱు', '|'), ('చు', '|'), ('వ', '|'), ('డ', '|'), ('క', '|'), ('ము', 'U'), ('ప్పు', '|'), ('తి', 'U'), ('ప్ప', '|'), ('ల', '|'), ('బ', '|'), ('డి', '|'), ('మో', 'U'), ('హం', 'U'), ('బు', '|'), ('వి', '|'), ('డు', '|'), ('వ', '|'), ('డు', '|'), ('వి', 'U'), ('శ్వ', '|'), ('దా', 'U'), ('భి', '|'), ('రా', 'U'), ('మ', '|'), ('వి', '|'), ('న', '|'), ('ర', '|'), ('వే', 'U'), ('మ', '|')]",1.0,-1.0,1.0,1.0,1.0,-1.0
aataveladi,"
ఆడు వారిఁ గన్న నర్థంబు పొడఁ గన్న

సారమైన రుచుల చవులు గన్న;

నయ్యగాండ్ర కైన నాశలు బుట్టవా?

విశ్వదాభిరామ వినర వేమ.",vupajaathi,Vemana,"[('ఆ', 'U'), ('డు', '|'), ('వా', 'U'), ('రి', '|'), ('గ', 'U'), ('న్న', '|'), ('న', 'U'), ('ర్థం', 'U'), ('బు', '|'), ('పొ', '|'), ('డ', '|'), ('గ', 'U'), ('న్న', '|'), ('సా', 'U'), ('ర', '|'), ('మై', 'U'), ('న', '|'), ('రు', '|'), ('చు', '|'), ('ల', '|'), ('చ', '|'), ('వు', '|'), ('లు', '|'), ('గ', 'U'), ('న్న', '|'), ('న', 'U'), ('య్య', '|'), ('గాం', 'U'), ('డ్ర', '|'), ('కై', 'U'), ('న', '|'), ('నా', 'U'), ('శ', '|'), ('లు', '|'), ('బు', 'U'), ('ట్ట', '|'), ('వా', 'U'), ('వి', 'U'), ('శ్వ', '|'), ('దా', 'U'), ('భి', '|'), ('రా', 'U'), ('మ', '|'), ('వి', '|'), ('న', '|'), ('ర', '|'), ('వే', 'U'), ('మ', '|')]",0.9166666666666666,-1.0,1.0,1.0,0.75,-1.0
aataveladi,"
అనువు గాని చోట నధికుల మనరాదు

కొంచె ముండు టెల్ల కొదువ గాదు

కొండ యద్దమందుఁ గొంచమై యుండదా?

విశ్వదాభిరామ వినర వేమ.",vupajaathi,Vemana,"[('అ', '|'), ('ను', '|'), ('వు', '|'), ('గా', 'U'), ('ని', '|'), ('చో', 'U'), ('ట', '|'), ('న', '|'), ('ధి', '|'), ('కు', '|'), ('ల', '|'), ('మ', '|'), ('న', '|'), ('రా', 'U'), ('దు', '|'), ('కొం', 'U'), ('చె', '|'), ('ముం', 'U'), ('డు', '|'), ('టె', 'U'), ('ల్ల', '|'), ('కొ', '|'), ('దు', '|'), ('వ', '|'), ('గా', 'U'), ('దు', '|'), ('కొం', 'U'), ('డ', '|'), ('య', 'U'), ('ద్ద', '|'), ('మం', 'U'), ('దు', '|'), ('గొం', 'U'), ('చ', '|'), ('మై', 'U'), ('యుం', 'U'), ('డ', '|'), ('దా', 'U'), ('వి', 'U'), ('శ్వ', '|'), ('దా', 'U'), ('భి', '|'), ('రా', 'U'), ('మ', '|'), ('వి', '|'), ('న', '|'), ('ర', '|'), ('వే', 'U'), ('మ', '|')]",0.9166666666666666,-1.0,1.0,1.0,0.75,-1.0
kandamu,"
తన మదిఁ గపటము గలిగిన

తనవలెనే కపట ముండు, తగ జీవులకు\న్‌

తన మది కపటము విడిచినఁ

దన కెవ్వడు కపటి లేఁడు ధరలో వేమా!",jaathi,Vemana,"[('త', '|'), ('న', '|'), ('మ', '|'), ('ది', '|'), ('గ', '|'), ('ప', '|'), ('ట', '|'), ('ము', '|'), ('గ', '|'), ('లి', '|'), ('గి', '|'), ('న', '|'), ('త', '|'), ('న', '|'), ('వ', '|'), ('లె', '|'), ('నే', 'U'), ('క', '|'), ('ప', '|'), ('ట', '|'), ('ముం', 'U'), ('డు', '|'), ('త', '|'), ('గ', '|'), ('జీ', 'U'), ('వు', '|'), ('ల', '|'), ('కున్', 'U'), ('త', '|'), ('న', '|'), ('మ', '|'), ('ది', '|'), ('క', '|'), ('ప', '|'), ('ట', '|'), ('ము', '|'), ('వి', '|'), ('డి', '|'), ('చి', '|'), ('న', '|'), ('ద', '|'), ('న', '|'), ('కె', 'U'), ('వ్వ', '|'), ('డు', '|'), ('క', '|'), ('ప', '|'), ('టి', '|'), ('లే', 'U'), ('డు', '|'), ('ధ', '|'), ('ర', '|'), ('లో', 'U'), ('వే', 'U'), ('మా', 'U')]",1.0,-1.0,1.0,1.0,1.0,1.0
aataveladi,"
చంపఁదగిన యట్టి శత్రువు తన చేతఁ

జిక్కెనేని కీడు సేయ రాదు

పొసఁగ మేలు జేసి పొమ్మనుటే చాలు!

విశ్వదాభిరామ వినర వేమ.",vupajaathi,Vemana,"[('చం', 'U'), ('ప', '|'), ('ద', '|'), ('గి', '|'), ('న', '|'), ('య', 'U'), ('ట్టి', '|'), ('శ', '|'), ('త్రు', '|'), ('వు', '|'), ('త', '|'), ('న', '|'), ('చే', 'U'), ('త', '|'), ('జి', 'U'), ('క్కె', '|'), ('నే', 'U'), ('ని', '|'), ('కీ', 'U'), ('డు', '|'), ('సే', 'U'), ('య', '|'), ('రా', 'U'), ('దు', '|'), ('పొ', '|'), ('స', '|'), ('గ', '|'), ('మే', 'U'), ('లు', '|'), ('జే', 'U'), ('సి', '|'), ('పొ', 'U'), ('మ్మ', '|'), ('ను', '|'), ('టే', 'U'), ('చా', 'U'), ('లు', '|'), ('వి', 'U'), ('శ్వ', '|'), ('దా', 'U'), ('భి', '|'), ('రా', 'U'), ('మ', '|'), ('వి', '|'), ('న', '|'), ('ర', '|'), ('వే', 'U'), ('మ', '|')]",0.65,-1.0,1.0,0.7,0.25,-1.0
aataveladi,"
తామసించి సేయఁదగ దెట్టి కార్యంబు

వేగిరింప నదియు విషమ మగును

పచ్చి కాయ దెచ్చి పడవేయ ఫలమౌనె?

విశ్వదాభిరామ వినర వేమ.",vupajaathi,Vemana,"[('తా', 'U'), ('మ', '|'), ('సిం', 'U'), ('చి', '|'), ('సే', 'U'), ('య', '|'), ('ద', '|'), ('గ', '|'), ('దె', 'U'), ('ట్టి', '|'), ('కా', 'U'), ('ర్యం', 'U'), ('బు', '|'), ('వే', 'U'), ('గి', '|'), ('రిం', 'U'), ('ప', '|'), ('న', '|'), ('ది', '|'), ('యు', '|'), ('వి', '|'), ('ష', '|'), ('మ', '|'), ('మ', '|'), ('గు', '|'), ('ను', '|'), ('ప', 'U'), ('చ్చి', '|'), ('కా', 'U'), ('య', '|'), ('దె', 'U'), ('చ్చి', '|'), ('ప', '|'), ('డ', '|'), ('వే', 'U'), ('య', '|'), ('ఫ', '|'), ('ల', '|'), ('మౌ', 'U'), ('నె', '|'), ('వి', 'U'), ('శ్వ', '|'), ('దా', 'U'), ('భి', '|'), ('రా', 'U'), ('మ', '|'), ('వి', '|'), ('న', '|'), ('ర', '|'), ('వే', 'U'), ('మ', '|')]",1.0,-1.0,1.0,1.0,1.0,-1.0
aataveladi,"
నీళ్లలోన నోడ నిగిడి తిన్నగఁ బ్రాకు

బైట మూరెడైనఁ బ్రాక లేదు

నెలవు దప్పు చోట నేర్పరి కొఱ గాడు!

విశ్వదాభిరామ వినర వేమ.",vupajaathi,Vemana,"[('నీ', 'U'), ('ళ్ల', '|'), ('లో', 'U'), ('న', '|'), ('నో', 'U'), ('డ', '|'), ('ని', '|'), ('గి', '|'), ('డి', '|'), ('తి', 'U'), ('న్న', '|'), ('గ', '|'), ('బ్రా', 'U'), ('కు', '|'), ('బై', 'U'), ('ట', '|'), ('మూ', 'U'), ('రె', '|'), ('డై', 'U'), ('న', '|'), ('బ్రా', 'U'), ('క', '|'), ('లే', 'U'), ('దు', '|'), ('నె', '|'), ('ల', '|'), ('వు', '|'), ('ద', 'U'), ('ప్పు', '|'), ('చో', 'U'), ('ట', '|'), ('నే', 'U'), ('ర్ప', '|'), ('రి', '|'), ('కొ', '|'), ('ఱ', '|'), ('గా', 'U'), ('డు', '|'), ('వి', 'U'), ('శ్వ', '|'), ('దా', 'U'), ('భి', '|'), ('రా', 'U'), ('మ', '|'), ('వి', '|'), ('న', '|'), ('ర', '|'), ('వే', 'U'), ('మ', '|')]",1.0,-1.0,1.0,1.0,1.0,-1.0
aataveladi,"_x000D_
నీళ్ళ లోన మొసలి నిగిడి యేనుఁగుఁ బట్టు
_x000D_
బైట కుక్క చేత భంగ పడును
_x000D_
స్థాన బలిమి గాని తన బలిమి కాదయా
_x000D_
విశ్వదాభిరామ వినర వేమ.",vupajaathi,Vemana,"[('నీ', 'U'), ('ళ్ళ', '|'), ('లో', 'U'), ('న', '|'), ('మొ', '|'), ('స', '|'), ('లి', '|'), ('ని', '|'), ('గి', '|'), ('డి', '|'), ('యే', 'U'), ('ను', '|'), ('గు', '|'), ('బ', 'U'), ('ట్టు', '|'), ('బై', 'U'), ('ట', '|'), ('కు', 'U'), ('క్క', '|'), ('చే', 'U'), ('త', '|'), ('భం', 'U'), ('గ', '|'), ('ప', '|'), ('డు', '|'), ('ను', 'U'), ('స్థా', 'U'), ('న', '|'), ('బ', '|'), ('లి', '|'), ('మి', '|'), ('గా', 'U'), ('ని', '|'), ('త', '|'), ('న', '|'), ('బ', '|'), ('లి', '|'), ('మి', '|'), ('కా', 'U'), ('ద', '|'), ('యా', 'U'), ('వి', 'U'), ('శ్వ', '|'), ('దా', 'U'), ('భి', '|'), ('రా', 'U'), ('మ', '|'), ('వి', '|'), ('న', '|'), ('ర', '|'), ('వే', 'U'), ('మ', '|')]",0.9666666666666667,-1.0,1.0,0.9,1.0,-1.0
aataveladi,"_x000D_
కులము లో నొకండు గుణవంతు డుండెనా
_x000D_
కులము వెలయు వాని గుణముచేత
_x000D_
వెలయ వనము లోన మలయజంబున్నట్లు
_x000D_
విశ్వదాభిరామ వినర వేమ.",vupajaathi,Vemana,"[('కు', '|'), ('ల', '|'), ('ము', '|'), ('లో', 'U'), ('నొ', '|'), ('కం', 'U'), ('డు', '|'), ('గు', '|'), ('ణ', '|'), ('వం', 'U'), ('తు', '|'), ('డుం', 'U'), ('డె', '|'), ('నా', 'U'), ('కు', '|'), ('ల', '|'), ('ము', '|'), ('వె', '|'), ('ల', '|'), ('యు', '|'), ('వా', 'U'), ('ని', '|'), ('గు', '|'), ('ణ', '|'), ('ము', '|'), ('చే', 'U'), ('త', '|'), ('వె', '|'), ('ల', '|'), ('య', '|'), ('వ', '|'), ('న', '|'), ('ము', '|'), ('లో', 'U'), ('న', '|'), ('మ', '|'), ('ల', '|'), ('య', '|'), ('జం', 'U'), ('బు', 'U'), ('న్న', 'U'), ('ట్లు', '|'), ('వి', 'U'), ('శ్వ', '|'), ('దా', 'U'), ('భి', '|'), ('రా', 'U'), ('మ', '|'), ('వి', '|'), ('న', '|'), ('ర', '|'), ('వే', 'U'), ('మ', '|')]",1.0,-1.0,1.0,1.0,1.0,-1.0
aataveladi,"_x000D_
పంది పిల్ల లీనుఁ బదియు నైదింటిని
_x000D_
కుంజరంబు యీను కొదమ నొకటి
_x000D_
యుత్తమ పురుషుండు నొక్కఁడు జాలడా
_x000D_
విశ్వదాభిరామ వినర వేమ.",vupajaathi,Vemana,"[('పం', 'U'), ('ది', '|'), ('పి', 'U'), ('ల్ల', '|'), ('లీ', 'U'), ('ను', '|'), ('బ', '|'), ('ది', '|'), ('యు', '|'), ('నై', 'U'), ('దిం', 'U'), ('టి', '|'), ('ని', '|'), ('కుం', 'U'), ('జ', '|'), ('రం', 'U'), ('బు', '|'), ('యీ', 'U'), ('ను', '|'), ('కొ', '|'), ('ద', '|'), ('మ', '|'), ('నొ', '|'), ('క', '|'), ('టి', '|'), ('యు', 'U'), ('త్త', '|'), ('మ', '|'), ('పు', '|'), ('రు', '|'), ('షుం', 'U'), ('డు', '|'), ('నొ', 'U'), ('క్క', '|'), ('డు', '|'), ('జా', 'U'), ('ల', '|'), ('డా', 'U'), ('వి', 'U'), ('శ్వ', '|'), ('దా', 'U'), ('భి', '|'), ('రా', 'U'), ('మ', '|'), ('వి', '|'), ('న', '|'), ('ర', '|'), ('వే', 'U'), ('మ', '|')]",0.9166666666666666,-1.0,1.0,1.0,0.75,-1.0
aataveladi,"_x000D_
ఎఱుఁగు వాని దెలుప నెవ్వఁడయిననుఁ జాలు
_x000D_
నొరుల వశము గాదు వోగుఁ దెల్ప
_x000D_
యేటి వంక దీర్ప నెవ్వరి తరమయా?
_x000D_
విశ్వదాభిరామ వినర వేమ.",vupajaathi,Vemana,"[('ఎ', '|'), ('ఱు', '|'), ('గు', '|'), ('వా', 'U'), ('ని', '|'), ('దె', '|'), ('లు', '|'), ('ప', '|'), ('నె', 'U'), ('వ్వ', '|'), ('డ', '|'), ('యి', '|'), ('న', '|'), ('ను', '|'), ('జా', 'U'), ('లు', '|'), ('నొ', '|'), ('రు', '|'), ('ల', '|'), ('వ', '|'), ('శ', '|'), ('ము', '|'), ('గా', 'U'), ('దు', '|'), ('వో', 'U'), ('గు', '|'), ('దె', 'U'), ('ల్ప', '|'), ('యే', 'U'), ('టి', '|'), ('వం', 'U'), ('క', '|'), ('దీ', 'U'), ('ర్ప', '|'), ('నె', 'U'), ('వ్వ', '|'), ('రి', '|'), ('త', '|'), ('ర', '|'), ('మ', '|'), ('యా', 'U'), ('వి', 'U'), ('శ్వ', '|'), ('దా', 'U'), ('భి', '|'), ('రా', 'U'), ('మ', '|'), ('వి', '|'), ('న', '|'), ('ర', '|'), ('వే', 'U'), ('మ', '|')]",0.7333333333333334,-1.0,1.0,0.95,0.25,-1.0
aataveladi,"_x000D_
అల్పుఁ డెపుడు బల్కు నాడంబరము గాను
_x000D_
సజ్జనుండు బలుకుఁ జల్లగాను
_x000D_
కంచు మ్రోగునట్లు కనకంబు మ్రోగునా?
_x000D_
విశ్వదాభిరామ వినర వేమ.",vupajaathi,Vemana,"[('అ', 'U'), ('ల్పు', '|'), ('డె', '|'), ('పు', '|'), ('డు', '|'), ('బ', 'U'), ('ల్కు', '|'), ('నా', 'U'), ('డం', 'U'), ('బ', '|'), ('ర', '|'), ('ము', '|'), ('గా', 'U'), ('ను', '|'), ('స', 'U'), ('జ్జ', '|'), ('నుం', 'U'), ('డు', '|'), ('బ', '|'), ('లు', '|'), ('కు', '|'), ('జ', 'U'), ('ల్ల', '|'), ('గా', 'U'), ('ను', '|'), ('కం', 'U'), ('చు', '|'), ('మ్రో', 'U'), ('గు', '|'), ('న', 'U'), ('ట్లు', '|'), ('క', '|'), ('న', '|'), ('కం', 'U'), ('బు', '|'), ('మ్రో', 'U'), ('గు', '|'), ('నా', 'U'), ('వి', 'U'), ('శ్వ', '|'), ('దా', 'U'), ('భి', '|'), ('రా', 'U'), ('మ', '|'), ('వి', '|'), ('న', '|'), ('ర', '|'), ('వే', 'U'), ('మ', '|')]",0.9166666666666666,-1.0,1.0,1.0,0.75,-1.0
aataveladi,"_x000D_
ఓగు నోగు మెచ్చు నొనరంగ నజ్ఞాని
_x000D_
భావ మిచ్చి మెచ్చు పరమ లుబ్ధు
_x000D_
పంది బురద మెచ్చుఁ బన్నీరు మెచ్చునా?
_x000D_
విశ్వదాభిరామ వినర వేమ.",vupajaathi,Vemana,"[('ఓ', 'U'), ('గు', '|'), ('నో', 'U'), ('గు', '|'), ('మె', 'U'), ('చ్చు', '|'), ('నొ', '|'), ('న', '|'), ('రం', 'U'), ('గ', '|'), ('న', 'U'), ('జ్ఞా', 'U'), ('ని', '|'), ('భా', 'U'), ('వ', '|'), ('మి', 'U'), ('చ్చి', '|'), ('మె', 'U'), ('చ్చు', '|'), ('ప', '|'), ('ర', '|'), ('మ', '|'), ('లు', 'U'), ('బ్ధు', '|'), ('పం', 'U'), ('ది', '|'), ('బు', '|'), ('ర', '|'), ('ద', '|'), ('మె', 'U'), ('చ్చు', '|'), ('బ', 'U'), ('న్నీ', 'U'), ('రు', '|'), ('మె', 'U'), ('చ్చు', '|'), ('నా', 'U'), ('వి', 'U'), ('శ్వ', '|'), ('దా', 'U'), ('భి', '|'), ('రా', 'U'), ('మ', '|'), ('వి', '|'), ('న', '|'), ('ర', '|'), ('వే', 'U'), ('మ', '|')]",0.9166666666666666,-1.0,1.0,1.0,0.75,-1.0
aataveladi,"_x000D_
గంగ పారు చుండు కదలని గతి తోడ
_x000D_
ముఱికి కాల్వ పారు మ్రోఁత తోడ
_x000D_
దాత యోర్చునట్లధము డోర్వఁగా లేఁడు
_x000D_
విశ్వదాభిరామ వినర వేమ.",vupajaathi,Vemana,"[('గం', 'U'), ('గ', '|'), ('పా', 'U'), ('రు', '|'), ('చుం', 'U'), ('డు', '|'), ('క', '|'), ('ద', '|'), ('ల', '|'), ('ని', '|'), ('గ', '|'), ('తి', '|'), ('తో', 'U'), ('డ', '|'), ('ము', '|'), ('ఱి', '|'), ('కి', '|'), ('కా', 'U'), ('ల్వ', '|'), ('పా', 'U'), ('రు', '|'), ('మ్రో', 'U'), ('త', '|'), ('తో', 'U'), ('డ', '|'), ('దా', 'U'), ('త', '|'), ('యో', 'U'), ('ర్చు', '|'), ('న', 'U'), ('ట్ల', '|'), ('ధ', '|'), ('ము', '|'), ('డో', 'U'), ('ర్వ', '|'), ('గా', 'U'), ('లే', 'U'), ('డు', '|'), ('వి', 'U'), ('శ్వ', '|'), ('దా', 'U'), ('భి', '|'), ('రా', 'U'), ('మ', '|'), ('వి', '|'), ('న', '|'), ('ర', '|'), ('వే', 'U'), ('మ', '|')]",1.0,-1.0,1.0,1.0,1.0,-1.0
aataveladi,"_x000D_
కాని వాని చేత కాసు వీసము లిచ్చి
_x000D_
వెంటఁ దిరుగు టెల్ల వెఱ్ఱి తనము
_x000D_
పిల్లిఁ బట్ట కోడి పిలిచినఁ బలుకునా?
_x000D_
విశ్వదాభిరామ వినర వేమ.",vupajaathi,Vemana,"[('కా', 'U'), ('ని', '|'), ('వా', 'U'), ('ని', '|'), ('చే', 'U'), ('త', '|'), ('కా', 'U'), ('సు', '|'), ('వీ', 'U'), ('స', '|'), ('ము', '|'), ('లి', 'U'), ('చ్చి', '|'), ('వెం', 'U'), ('ట', '|'), ('ది', '|'), ('రు', '|'), ('గు', '|'), ('టె', 'U'), ('ల్ల', '|'), ('వె', 'U'), ('ఱ్ఱి', '|'), ('త', '|'), ('న', '|'), ('ము', '|'), ('పి', 'U'), ('ల్లి', '|'), ('బ', 'U'), ('ట్ట', '|'), ('కో', 'U'), ('డి', '|'), ('పి', '|'), ('లి', '|'), ('చి', '|'), ('న', '|'), ('బ', '|'), ('లు', '|'), ('కు', '|'), ('నా', 'U'), ('వి', 'U'), ('శ్వ', '|'), ('దా', 'U'), ('భి', '|'), ('రా', 'U'), ('మ', '|'), ('వి', '|'), ('న', '|'), ('ర', '|'), ('వే', 'U'), ('మ', '|')]",1.0,-1.0,1.0,1.0,1.0,-1.0
aataveladi,"_x000D_
పిసిని వాని యింట పీనుఁగు వెడలిన
_x000D_
కట్ట కోలలకును కాసు లిచ్చి
_x000D_
వెచ్చ మాయె నంచు వెక్కి వెక్కేడ్చురా
_x000D_
విశ్వదాభిరామ వినర వేమ.",vupajaathi,Vemana,"[('పి', '|'), ('సి', '|'), ('ని', '|'), ('వా', 'U'), ('ని', '|'), ('యిం', 'U'), ('ట', '|'), ('పీ', 'U'), ('ను', '|'), ('గు', '|'), ('వె', '|'), ('డ', '|'), ('లి', '|'), ('న', '|'), ('క', 'U'), ('ట్ట', '|'), ('కో', 'U'), ('ల', '|'), ('ల', '|'), ('కు', '|'), ('ను', '|'), ('కా', 'U'), ('సు', '|'), ('లి', 'U'), ('చ్చి', '|'), ('వె', 'U'), ('చ్చ', '|'), ('మా', 'U'), ('యె', '|'), ('నం', 'U'), ('చు', '|'), ('వె', 'U'), ('క్కి', '|'), ('వె', 'U'), ('క్కే', 'U'), ('డ్చు', '|'), ('రా', 'U'), ('వి', 'U'), ('శ్వ', '|'), ('దా', 'U'), ('భి', '|'), ('రా', 'U'), ('మ', '|'), ('వి', '|'), ('న', '|'), ('ర', '|'), ('వే', 'U'), ('మ', '|')]",1.0,-1.0,1.0,1.0,1.0,-1.0
aataveladi,"_x000D_
కష్ట లోభి వాని కలిమికి నాశించి
_x000D_
బడుగు వాఁడు దిరిగి పరిణమించు
_x000D_
తగరు వెంట నక్క దగిలిన చందంబు
_x000D_
విశ్వదాభిరామ వినర వేమ.",vupajaathi,Vemana,"[('క', 'U'), ('ష్ట', '|'), ('లో', 'U'), ('భి', '|'), ('వా', 'U'), ('ని', '|'), ('క', '|'), ('లి', '|'), ('మి', '|'), ('కి', '|'), ('నా', 'U'), ('శిం', 'U'), ('చి', '|'), ('బ', '|'), ('డు', '|'), ('గు', '|'), ('వా', 'U'), ('డు', '|'), ('ది', '|'), ('రి', '|'), ('గి', '|'), ('ప', '|'), ('రి', '|'), ('ణ', '|'), ('మిం', 'U'), ('చు', '|'), ('త', '|'), ('గ', '|'), ('రు', '|'), ('వెం', 'U'), ('ట', '|'), ('న', 'U'), ('క్క', '|'), ('ద', '|'), ('గి', '|'), ('లి', '|'), ('న', '|'), ('చం', 'U'), ('దం', 'U'), ('బు', '|'), ('వి', 'U'), ('శ్వ', '|'), ('దా', 'U'), ('భి', '|'), ('రా', 'U'), ('మ', '|'), ('వి', '|'), ('న', '|'), ('ర', '|'), ('వే', 'U'), ('మ', '|')]",1.0,-1.0,1.0,1.0,1.0,-1.0
aataveladi,"_x000D_
లోభి వానిఁ జంప లోకంబు లోపల
_x000D_
మందు వలదు; వేఱె మతము గలదు
_x000D_
పైక మడుగఁ జాల భగ్గున పడి చచ్చు
_x000D_
విశ్వదాభిరామ వినర వేమ.",vupajaathi,Vemana,"[('లో', 'U'), ('భి', '|'), ('వా', 'U'), ('ని', '|'), ('జం', 'U'), ('ప', '|'), ('లో', 'U'), ('కం', 'U'), ('బు', '|'), ('లో', 'U'), ('ప', '|'), ('ల', '|'), ('మం', 'U'), ('దు', '|'), ('వ', '|'), ('ల', '|'), ('దు', '|'), ('వే', 'U'), ('ఱె', '|'), ('మ', '|'), ('త', '|'), ('ము', '|'), ('గ', '|'), ('ల', '|'), ('దు', '|'), ('పై', 'U'), ('క', '|'), ('మ', '|'), ('డు', '|'), ('గ', '|'), ('జా', 'U'), ('ల', '|'), ('భ', 'U'), ('గ్గు', '|'), ('న', '|'), ('ప', '|'), ('డి', '|'), ('చ', 'U'), ('చ్చు', '|'), ('వి', 'U'), ('శ్వ', '|'), ('దా', 'U'), ('భి', '|'), ('రా', 'U'), ('మ', '|'), ('వి', '|'), ('న', '|'), ('ర', '|'), ('వే', 'U'), ('మ', '|')]",1.0,-1.0,1.0,1.0,1.0,-1.0
aataveladi,"_x000D_
మాట లెల్ల కల్ల, మన సెల్ల దొంగకె
_x000D_
నేటి ప్రాణ మింక నేటి బ్రతుకు?
_x000D_
మాట సత్యమైన మఱి శతాయుష్యంబు
_x000D_
విశ్వదాభిరామ వినర వేమ.",vupajaathi,Vemana,"[('మా', 'U'), ('ట', '|'), ('లె', 'U'), ('ల్ల', '|'), ('క', 'U'), ('ల్ల', '|'), ('మ', '|'), ('న', '|'), ('సె', 'U'), ('ల్ల', '|'), ('దొం', 'U'), ('గ', '|'), ('కె', '|'), ('నే', 'U'), ('టి', '|'), ('ప్రా', 'U'), ('ణ', '|'), ('మిం', 'U'), ('క', '|'), ('నే', 'U'), ('టి', '|'), ('బ్ర', '|'), ('తు', '|'), ('కు', '|'), ('మా', 'U'), ('ట', '|'), ('స', 'U'), ('త్య', '|'), ('మై', 'U'), ('న', '|'), ('మ', '|'), ('ఱి', '|'), ('శ', '|'), ('తా', 'U'), ('యు', 'U'), ('ష్యం', 'U'), ('బు', '|'), ('వి', 'U'), ('శ్వ', '|'), ('దా', 'U'), ('భి', '|'), ('రా', 'U'), ('మ', '|'), ('వి', '|'), ('న', '|'), ('ర', '|'), ('వే', 'U'), ('మ', '|')]",1.0,-1.0,1.0,1.0,1.0,-1.0
aataveladi,"_x000D_
కలిమి నాఁడు నరుఁడు కానఁడు మదమున
_x000D_
లేమి నాఁడు మొదలె లేదు పెట్టఁ
_x000D_
గలిమి లేమి లేని కాలంబు గలుగునా?
_x000D_
విశ్వదాభిరామ వినర వేమ.",vupajaathi,Vemana,"[('క', '|'), ('లి', '|'), ('మి', '|'), ('నా', 'U'), ('డు', '|'), ('న', '|'), ('రు', '|'), ('డు', '|'), ('కా', 'U'), ('న', '|'), ('డు', '|'), ('మ', '|'), ('ద', '|'), ('ము', '|'), ('న', '|'), ('లే', 'U'), ('మి', '|'), ('నా', 'U'), ('డు', '|'), ('మొ', '|'), ('ద', '|'), ('లె', '|'), ('లే', 'U'), ('దు', '|'), ('పె', 'U'), ('ట్ట', '|'), ('గ', '|'), ('లి', '|'), ('మి', '|'), ('లే', 'U'), ('మి', '|'), ('లే', 'U'), ('ని', '|'), ('కా', 'U'), ('లం', 'U'), ('బు', '|'), ('గ', '|'), ('లు', '|'), ('గు', '|'), ('నా', 'U'), ('వి', 'U'), ('శ్వ', '|'), ('దా', 'U'), ('భి', '|'), ('రా', 'U'), ('మ', '|'), ('వి', '|'), ('న', '|'), ('ర', '|'), ('వే', 'U'), ('మ', '|')]",1.0,-1.0,1.0,1.0,1.0,-1.0
aataveladi,"_x000D_
కనియుఁ గాన లేఁడు కదలింపఁ డానోరు
_x000D_
వినియు వినగ లేఁడు విస్మయమున
_x000D_
సంపద గల వాఁడు సన్నిపాతక మది
_x000D_
విశ్వదాభిరామ వినర వేమ.",vupajaathi,Vemana,"[('క', '|'), ('ని', '|'), ('యు', '|'), ('గా', 'U'), ('న', '|'), ('లే', 'U'), ('డు', '|'), ('క', '|'), ('ద', '|'), ('లిం', 'U'), ('ప', '|'), ('డా', 'U'), ('నో', 'U'), ('రు', '|'), ('వి', '|'), ('ని', '|'), ('యు', '|'), ('వి', '|'), ('న', '|'), ('గ', '|'), ('లే', 'U'), ('డు', '|'), ('వి', 'U'), ('స్మ', '|'), ('య', '|'), ('ము', '|'), ('న', '|'), ('సం', 'U'), ('ప', '|'), ('ద', '|'), ('గ', '|'), ('ల', '|'), ('వా', 'U'), ('డు', '|'), ('స', 'U'), ('న్ని', '|'), ('పా', 'U'), ('త', '|'), ('క', '|'), ('మ', '|'), ('ది', '|'), ('వి', 'U'), ('శ్వ', '|'), ('దా', 'U'), ('భి', '|'), ('రా', 'U'), ('మ', '|'), ('వి', '|'), ('న', '|'), ('ర', '|'), ('వే', 'U'), ('మ', '|')]",1.0,-1.0,1.0,1.0,1.0,-1.0
aataveladi,"_x000D_
తీర్ప నార్ప లేని తీర్పరితన మేల?
_x000D_
కూర్ప విప్ప లేని నేర్ప దేల?
_x000D_
పెట్టి పొయ్య లేని వట్టి బీరము లేల?
_x000D_
విశ్వదాభిరామ వినర వేమ.",vupajaathi,Vemana,"[('తీ', 'U'), ('ర్ప', '|'), ('నా', 'U'), ('ర్ప', '|'), ('లే', 'U'), ('ని', '|'), ('తీ', 'U'), ('ర్ప', '|'), ('రి', '|'), ('త', '|'), ('న', '|'), ('మే', 'U'), ('ల', '|'), ('కూ', 'U'), ('ర్ప', '|'), ('వి', 'U'), ('ప్ప', '|'), ('లే', 'U'), ('ని', '|'), ('నే', 'U'), ('ర్ప', '|'), ('దే', 'U'), ('ల', '|'), ('పె', 'U'), ('ట్టి', '|'), ('పొ', 'U'), ('య్య', '|'), ('లే', 'U'), ('ని', '|'), ('వ', 'U'), ('ట్టి', '|'), ('బీ', 'U'), ('ర', '|'), ('ము', '|'), ('లే', 'U'), ('ల', '|'), ('వి', 'U'), ('శ్వ', '|'), ('దా', 'U'), ('భి', '|'), ('రా', 'U'), ('మ', '|'), ('వి', '|'), ('న', '|'), ('ర', '|'), ('వే', 'U'), ('మ', '|')]",1.0,-1.0,1.0,1.0,1.0,-1.0
aataveladi,"_x000D_
తాను గుడువలేఁడు, తగ వేది యాప్తుల
_x000D_
జేర నివ్వఁడ ట్టి చెనటి గోవు
_x000D_
చేని లోన బొమ్మఁ జేసి కట్టిన యట్లు
_x000D_
విశ్వదాభిరామ వినర వేమ.",vupajaathi,Vemana,"[('తా', 'U'), ('ను', '|'), ('గు', '|'), ('డు', '|'), ('వ', '|'), ('లే', 'U'), ('డు', '|'), ('త', '|'), ('గ', '|'), ('వే', 'U'), ('ది', '|'), ('యా', 'U'), ('ప్తు', '|'), ('ల', '|'), ('జే', 'U'), ('ర', '|'), ('ని', 'U'), ('వ్వ', '|'), ('డ', 'U'), ('ట్టి', '|'), ('చె', '|'), ('న', '|'), ('టి', '|'), ('గో', 'U'), ('వు', '|'), ('చే', 'U'), ('ని', '|'), ('లో', 'U'), ('న', '|'), ('బొ', 'U'), ('మ్మ', '|'), ('జే', 'U'), ('సి', '|'), ('క', 'U'), ('ట్టి', '|'), ('న', '|'), ('య', 'U'), ('ట్లు', '|'), ('వి', 'U'), ('శ్వ', '|'), ('దా', 'U'), ('భి', '|'), ('రా', 'U'), ('మ', '|'), ('వి', '|'), ('న', '|'), ('ర', '|'), ('వే', 'U'), ('మ', '|')]",1.0,-1.0,1.0,1.0,1.0,-1.0
aataveladi,"_x000D_
పూర్వ జన్మమందుఁ బుణ్యంబు సేయని
_x000D_
పాపి ధనము కాశ పడుట యెల్ల
_x000D_
విత్త మఱచి కోయ వెదకిన చందంబు
_x000D_
విశ్వదాభిరామ వినర వేమ.",vupajaathi,Vemana,"[('పూ', 'U'), ('ర్వ', '|'), ('జ', 'U'), ('న్మ', '|'), ('మం', 'U'), ('దు', '|'), ('బు', 'U'), ('ణ్యం', 'U'), ('బు', '|'), ('సే', 'U'), ('య', '|'), ('ని', '|'), ('పా', 'U'), ('పి', '|'), ('ధ', '|'), ('న', '|'), ('ము', '|'), ('కా', 'U'), ('శ', '|'), ('ప', '|'), ('డు', '|'), ('ట', '|'), ('యె', 'U'), ('ల్ల', '|'), ('వి', 'U'), ('త్త', '|'), ('మ', '|'), ('ఱ', '|'), ('చి', '|'), ('కో', 'U'), ('య', '|'), ('వె', '|'), ('ద', '|'), ('కి', '|'), ('న', '|'), ('చం', 'U'), ('దం', 'U'), ('బు', '|'), ('వి', 'U'), ('శ్వ', '|'), ('దా', 'U'), ('భి', '|'), ('రా', 'U'), ('మ', '|'), ('వి', '|'), ('న', '|'), ('ర', '|'), ('వే', 'U'), ('మ', '|')]",1.0,-1.0,1.0,1.0,1.0,-1.0
aataveladi,"_x000D_
చమురు గలుగు దివ్వె సరవితో మండును
_x000D_
చమురు లేని దివ్వె సమసి పోవు
_x000D_
తనువు తీఱె నేని తలపు తోడనె తీరు
_x000D_
విశ్వదాభిరామ వినర వేమ.",vupajaathi,Vemana,"[('చ', '|'), ('ము', '|'), ('రు', '|'), ('గ', '|'), ('లు', '|'), ('గు', '|'), ('ది', 'U'), ('వ్వె', '|'), ('స', '|'), ('ర', '|'), ('వి', '|'), ('తో', 'U'), ('మం', 'U'), ('డు', '|'), ('ను', '|'), ('చ', '|'), ('ము', '|'), ('రు', '|'), ('లే', 'U'), ('ని', '|'), ('ది', 'U'), ('వ్వె', '|'), ('స', '|'), ('మ', '|'), ('సి', '|'), ('పో', 'U'), ('వు', '|'), ('త', '|'), ('ను', '|'), ('వు', '|'), ('తీ', 'U'), ('ఱె', '|'), ('నే', 'U'), ('ని', '|'), ('త', '|'), ('ల', '|'), ('పు', '|'), ('తో', 'U'), ('డ', '|'), ('నె', '|'), ('తీ', 'U'), ('రు', '|'), ('వి', 'U'), ('శ్వ', '|'), ('దా', 'U'), ('భి', '|'), ('రా', 'U'), ('మ', '|'), ('వి', '|'), ('న', '|'), ('ర', '|'), ('వే', 'U'), ('మ', '|')]",1.0,-1.0,1.0,1.0,1.0,-1.0
aataveladi,"_x000D_
భూపతి కృప నమ్మి భూమి జెఱుచు వాఁడు
_x000D_
ప్రజల యుసురు దాకి పడును పిదప
_x000D_
యెగర వేయ బంతి యెందాక నిల్చురా
_x000D_
విశ్వదాభిరామ వినర వేమ.",vupajaathi,Vemana,"[('భూ', 'U'), ('ప', '|'), ('తి', '|'), ('కృ', '|'), ('ప', '|'), ('న', 'U'), ('మ్మి', '|'), ('భూ', 'U'), ('మి', '|'), ('జె', '|'), ('ఱు', '|'), ('చు', '|'), ('వా', 'U'), ('డు', '|'), ('ప్ర', '|'), ('జ', '|'), ('ల', '|'), ('యు', '|'), ('సు', '|'), ('రు', '|'), ('దా', 'U'), ('కి', '|'), ('ప', '|'), ('డు', '|'), ('ను', '|'), ('పి', '|'), ('ద', '|'), ('ప', '|'), ('యె', '|'), ('గ', '|'), ('ర', '|'), ('వే', 'U'), ('య', '|'), ('బం', 'U'), ('తి', '|'), ('యెం', 'U'), ('దా', 'U'), ('క', '|'), ('ని', 'U'), ('ల్చు', '|'), ('రా', 'U'), ('వి', 'U'), ('శ్వ', '|'), ('దా', 'U'), ('భి', '|'), ('రా', 'U'), ('మ', '|'), ('వి', '|'), ('న', '|'), ('ర', '|'), ('వే', 'U'), ('మ', '|')]",1.0,-1.0,1.0,1.0,1.0,-1.0
aataveladi,"_x000D_
పాప మనఁగ వేఱె పరదేశమున లేదు
_x000D_
తనదు కర్మములను దగిలియుండు
_x000D_
కర్మ తంత్రిగాక, గనుకని యుంటొప్పు
_x000D_
విశ్వదాభిరామ వినర వేమ.",vupajaathi,Vemana,"[('పా', 'U'), ('ప', '|'), ('మ', '|'), ('న', '|'), ('గ', '|'), ('వే', 'U'), ('ఱె', '|'), ('ప', '|'), ('ర', '|'), ('దే', 'U'), ('శ', '|'), ('ము', '|'), ('న', '|'), ('లే', 'U'), ('దు', '|'), ('త', '|'), ('న', '|'), ('దు', '|'), ('క', 'U'), ('ర్మ', '|'), ('ము', '|'), ('ల', '|'), ('ను', '|'), ('ద', '|'), ('గి', '|'), ('లి', '|'), ('యుం', 'U'), ('డు', '|'), ('క', 'U'), ('ర్మ', '|'), ('తం', 'U'), ('త్రి', '|'), ('గా', 'U'), ('క', '|'), ('గ', '|'), ('ను', '|'), ('క', '|'), ('ని', '|'), ('యుం', 'U'), ('టొ', 'U'), ('ప్పు', '|'), ('వి', 'U'), ('శ్వ', '|'), ('దా', 'U'), ('భి', '|'), ('రా', 'U'), ('మ', '|'), ('వి', '|'), ('న', '|'), ('ర', '|'), ('వే', 'U'), ('మ', '|')]",1.0,-1.0,1.0,1.0,1.0,-1.0
aataveladi,"_x000D_
నక్క వినయములను నయగారములఁ బల్కి
_x000D_
కుడువకెల్ల ధనము కూడఁ బెట్టు
_x000D_
కుక్క బోను వాతఁ గూడు చల్లిన రీతి
_x000D_
విశ్వదాభిరామ వినర వేమ.",vupajaathi,Vemana,"[('న', 'U'), ('క్క', '|'), ('వి', '|'), ('న', '|'), ('య', '|'), ('ము', '|'), ('ల', '|'), ('ను', '|'), ('న', '|'), ('య', '|'), ('గా', 'U'), ('ర', '|'), ('ము', '|'), ('ల', '|'), ('బ', 'U'), ('ల్కి', '|'), ('కు', '|'), ('డు', '|'), ('వ', '|'), ('కె', 'U'), ('ల్ల', '|'), ('ధ', '|'), ('న', '|'), ('ము', '|'), ('కూ', 'U'), ('డ', '|'), ('బె', 'U'), ('ట్టు', '|'), ('కు', 'U'), ('క్క', '|'), ('బో', 'U'), ('ను', '|'), ('వా', 'U'), ('త', '|'), ('గూ', 'U'), ('డు', '|'), ('చ', 'U'), ('ల్లి', '|'), ('న', '|'), ('రీ', 'U'), ('తి', '|'), ('వి', 'U'), ('శ్వ', '|'), ('దా', 'U'), ('భి', '|'), ('రా', 'U'), ('మ', '|'), ('వి', '|'), ('న', '|'), ('ర', '|'), ('వే', 'U'), ('మ', '|')]",1.0,-1.0,1.0,1.0,1.0,-1.0
aataveladi,"_x000D_
వెళ్లి వచ్చు నాఁడు మళ్లి పోయెడు నాఁడు
_x000D_
వెంట రాదు; ధనము కొంచఁ బోఁడు;
_x000D_
తానదేడఁ బోనొ ధన మేడఁ బోవునో?
_x000D_
విశ్వదాభిరామ వినర వేమ.",vupajaathi,Vemana,"[('వె', 'U'), ('ళ్లి', '|'), ('వ', 'U'), ('చ్చు', '|'), ('నా', 'U'), ('డు', '|'), ('మ', 'U'), ('ళ్లి', '|'), ('పో', 'U'), ('యె', '|'), ('డు', '|'), ('నా', 'U'), ('డు', '|'), ('వెం', 'U'), ('ట', '|'), ('రా', 'U'), ('దు', '|'), ('ధ', '|'), ('న', '|'), ('ము', '|'), ('కొం', 'U'), ('చ', '|'), ('బో', 'U'), ('డు', '|'), ('తా', 'U'), ('న', '|'), ('దే', 'U'), ('డ', '|'), ('బో', 'U'), ('నొ', '|'), ('ధ', '|'), ('న', '|'), ('మే', 'U'), ('డ', '|'), ('బో', 'U'), ('వు', '|'), ('నో', 'U'), ('వి', 'U'), ('శ్వ', '|'), ('దా', 'U'), ('భి', '|'), ('రా', 'U'), ('మ', '|'), ('వి', '|'), ('న', '|'), ('ర', '|'), ('వే', 'U'), ('మ', '|')]",0.9166666666666666,-1.0,1.0,1.0,0.75,-1.0
aataveladi,"_x000D_
పుట్టు బిత్తలి వలె పోవు బిత్తలి వలె;
_x000D_
తిరుగు బిత్తలి వలె, దేహి ధరణి
_x000D_
యున్న నాటి కైన నుపకారి గాలేఁడు
_x000D_
విశ్వదాభిరామ వినర వేమ.",vupajaathi,Vemana,"[('పు', 'U'), ('ట్టు', '|'), ('బి', 'U'), ('త్త', '|'), ('లి', '|'), ('వ', '|'), ('లె', '|'), ('పో', 'U'), ('వు', '|'), ('బి', 'U'), ('త్త', '|'), ('లి', '|'), ('వ', '|'), ('లె', '|'), ('తి', '|'), ('రు', '|'), ('గు', '|'), ('బి', 'U'), ('త్త', '|'), ('లి', '|'), ('వ', '|'), ('లె', '|'), ('దే', 'U'), ('హి', '|'), ('ధ', '|'), ('ర', '|'), ('ణి', '|'), ('యు', 'U'), ('న్న', '|'), ('నా', 'U'), ('టి', '|'), ('కై', 'U'), ('న', '|'), ('ను', '|'), ('ప', '|'), ('కా', 'U'), ('రి', '|'), ('గా', 'U'), ('లే', 'U'), ('డు', '|'), ('వి', 'U'), ('శ్వ', '|'), ('దా', 'U'), ('భి', '|'), ('రా', 'U'), ('మ', '|'), ('వి', '|'), ('న', '|'), ('ర', '|'), ('వే', 'U'), ('మ', '|')]",0.9166666666666666,-1.0,1.0,1.0,0.75,-1.0
aataveladi,"_x000D_
కాశి బోదు ననుచు గడకట్టగా నేల?
_x000D_
కాశి తీర్థమునకు గదలనేల?
_x000D_
దోషకారి కెట్లు దొరుకురా యాకాశి
_x000D_
విశ్వదాభిరామ వినర వేమ.",vupajaathi,Vemana,"[('కా', 'U'), ('శి', '|'), ('బో', 'U'), ('దు', '|'), ('న', '|'), ('ను', '|'), ('చు', '|'), ('గ', '|'), ('డ', '|'), ('క', 'U'), ('ట్ట', '|'), ('గా', 'U'), ('నే', 'U'), ('ల', '|'), ('కా', 'U'), ('శి', '|'), ('తీ', 'U'), ('ర్థ', '|'), ('ము', '|'), ('న', '|'), ('కు', '|'), ('గ', '|'), ('ద', '|'), ('ల', '|'), ('నే', 'U'), ('ల', '|'), ('దో', 'U'), ('ష', '|'), ('కా', 'U'), ('రి', '|'), ('కె', 'U'), ('ట్లు', '|'), ('దొ', '|'), ('రు', '|'), ('కు', '|'), ('రా', 'U'), ('యా', 'U'), ('కా', 'U'), ('శి', '|'), ('వి', 'U'), ('శ్వ', '|'), ('దా', 'U'), ('భి', '|'), ('రా', 'U'), ('మ', '|'), ('వి', '|'), ('న', '|'), ('ర', '|'), ('వే', 'U'), ('మ', '|')]",1.0,-1.0,1.0,1.0,1.0,-1.0
aataveladi,"_x000D_
ఇనుము విఱిగె నేని యినుమాఱు ముమ్మాఱు
_x000D_
కాచియతుక నేర్చు కమ్మరీడు
_x000D_
మనసు విఱిగెనేని మఱియంట నేర్చునా?
_x000D_
విశ్వదాభిరామ వినర వేమ.",vupajaathi,Vemana,"[('ఇ', '|'), ('ను', '|'), ('ము', '|'), ('వి', '|'), ('ఱి', '|'), ('గె', '|'), ('నే', 'U'), ('ని', '|'), ('యి', '|'), ('ను', '|'), ('మా', 'U'), ('ఱు', '|'), ('ము', 'U'), ('మ్మా', 'U'), ('ఱు', '|'), ('కా', 'U'), ('చి', '|'), ('య', '|'), ('తు', '|'), ('క', '|'), ('నే', 'U'), ('ర్చు', '|'), ('క', 'U'), ('మ్మ', '|'), ('రీ', 'U'), ('డు', '|'), ('మ', '|'), ('న', '|'), ('సు', '|'), ('వి', '|'), ('ఱి', '|'), ('గె', '|'), ('నే', 'U'), ('ని', '|'), ('మ', '|'), ('ఱి', '|'), ('యం', 'U'), ('ట', '|'), ('నే', 'U'), ('ర్చు', '|'), ('నా', 'U'), ('వి', 'U'), ('శ్వ', '|'), ('దా', 'U'), ('భి', '|'), ('రా', 'U'), ('మ', '|'), ('వి', '|'), ('న', '|'), ('ర', '|'), ('వే', 'U'), ('మ', '|')]",1.0,-1.0,1.0,1.0,1.0,-1.0
kandamu,"_x000D_
పరనారీ దూరగుడై
_x000D_
పరధనముల కాసపడక పరహితదారై
_x000D_
పరులలిగిన దానలుగక
_x000D_
పరులెన్నగ బ్రతుకువాఁడు ప్రాజ్ఞుఁడు వేమా.",jaathi,Vemana,"[('ప', '|'), ('ర', '|'), ('నా', 'U'), ('రీ', 'U'), ('దూ', 'U'), ('ర', '|'), ('గు', '|'), ('డై', 'U'), ('ప', '|'), ('ర', '|'), ('ధ', '|'), ('న', '|'), ('ము', '|'), ('ల', '|'), ('కా', 'U'), ('స', '|'), ('ప', '|'), ('డ', '|'), ('క', '|'), ('ప', '|'), ('ర', '|'), ('హి', '|'), ('త', '|'), ('దా', 'U'), ('రై', 'U'), ('ప', '|'), ('రు', '|'), ('ల', '|'), ('లి', '|'), ('గి', '|'), ('న', '|'), ('దా', 'U'), ('న', '|'), ('లు', '|'), ('గ', '|'), ('క', '|'), ('ప', '|'), ('రు', '|'), ('లె', 'U'), ('న్న', '|'), ('గ', '|'), ('బ్ర', '|'), ('తు', '|'), ('కు', '|'), ('వా', 'U'), ('డు', '|'), ('ప్రా', 'U'), ('జ్ఞు', '|'), ('డు', '|'), ('వే', 'U'), ('మా', 'U')]",1.0,-1.0,1.0,1.0,1.0,1.0
kandamu,"_x000D_
అజ్ఞానమె శూద్రత్వము
_x000D_
సుజ్ఞానము బ్రహ్మమౌట శ్రుతులను వినరా
_x000D_
యజ్ఞాన ముడిగి వాల్మీకి
_x000D_
సుజ్ఞానపు బ్రహ్మమొందెఁ జూడర వేమా.",jaathi,Vemana,"[('అ', 'U'), ('జ్ఞా', 'U'), ('న', '|'), ('మె', '|'), ('శూ', 'U'), ('ద్ర', 'U'), ('త్వ', '|'), ('ము', '|'), ('సు', 'U'), ('జ్ఞా', 'U'), ('న', '|'), ('ము', '|'), ('బ్ర', 'U'), ('హ్మ', '|'), ('మౌ', 'U'), ('ట', '|'), ('శ్రు', '|'), ('తు', '|'), ('ల', '|'), ('ను', '|'), ('వి', '|'), ('న', '|'), ('రా', 'U'), ('య', 'U'), ('జ్ఞా', 'U'), ('న', '|'), ('ము', '|'), ('డి', '|'), ('గి', '|'), ('వా', 'U'), ('ల్మీ', 'U'), ('కి', '|'), ('సు', 'U'), ('జ్ఞా', 'U'), ('న', '|'), ('పు', '|'), ('బ్ర', 'U'), ('హ్మ', '|'), ('మొం', 'U'), ('దె', '|'), ('జూ', 'U'), ('డ', '|'), ('ర', '|'), ('వే', 'U'), ('మా', 'U')]",0.75,-1.0,1.0,0.75,0.5,0.75
aataveladi,"_x000D_
నీళ్లలోనిచేప నెఱమాంస మాశకు
_x000D_
గాలమందుఁజిక్కి కూలినట్లు
_x000D_
ఆశపుట్టి మనుజుఁ డారీతి జెడిపోవు
_x000D_
విశ్వదాభిరామ వినర వేమ.",vupajaathi,Vemana,"[('నీ', 'U'), ('ళ్ల', '|'), ('లో', 'U'), ('ని', '|'), ('చే', 'U'), ('ప', '|'), ('నె', '|'), ('ఱ', '|'), ('మాం', 'U'), ('స', '|'), ('మా', 'U'), ('శ', '|'), ('కు', '|'), ('గా', 'U'), ('ల', '|'), ('మం', 'U'), ('దు', '|'), ('జి', 'U'), ('క్కి', '|'), ('కూ', 'U'), ('లి', '|'), ('న', 'U'), ('ట్లు', '|'), ('ఆ', 'U'), ('శ', '|'), ('పు', 'U'), ('ట్టి', '|'), ('మ', '|'), ('ను', '|'), ('జు', '|'), ('డా', 'U'), ('రీ', 'U'), ('తి', '|'), ('జె', '|'), ('డి', '|'), ('పో', 'U'), ('వు', '|'), ('వి', 'U'), ('శ్వ', '|'), ('దా', 'U'), ('భి', '|'), ('రా', 'U'), ('మ', '|'), ('వి', '|'), ('న', '|'), ('ర', '|'), ('వే', 'U'), ('మ', '|')]",0.9166666666666666,-1.0,1.0,1.0,0.75,-1.0
aataveladi,"_x000D_
బొంది యెవరిసొమ్ము పోషింపఁ బలుమారు
_x000D_
ప్రాణ మెవరిసొమ్ము భక్తిసేయ
_x000D_
ధనమ దెవరి సొమ్ము ధర్మమే తనసొమ్ము
_x000D_
విశ్వదాభిరామ వినర వేమ.",vupajaathi,Vemana,"[('బొం', 'U'), ('ది', '|'), ('యె', '|'), ('వ', '|'), ('రి', '|'), ('సొ', 'U'), ('మ్ము', '|'), ('పో', 'U'), ('షిం', 'U'), ('ప', '|'), ('బ', '|'), ('లు', '|'), ('మా', 'U'), ('రు', '|'), ('ప్రా', 'U'), ('ణ', '|'), ('మె', '|'), ('వ', '|'), ('రి', '|'), ('సొ', 'U'), ('మ్ము', '|'), ('భ', 'U'), ('క్తి', '|'), ('సే', 'U'), ('య', '|'), ('ధ', '|'), ('న', '|'), ('మ', '|'), ('దె', '|'), ('వ', '|'), ('రి', '|'), ('సొ', 'U'), ('మ్ము', '|'), ('ధ', 'U'), ('ర్మ', '|'), ('మే', 'U'), ('త', '|'), ('న', '|'), ('సొ', 'U'), ('మ్ము', '|'), ('వి', 'U'), ('శ్వ', '|'), ('దా', 'U'), ('భి', '|'), ('రా', 'U'), ('మ', '|'), ('వి', '|'), ('న', '|'), ('ర', '|'), ('వే', 'U'), ('మ', '|')]",1.0,-1.0,1.0,1.0,1.0,-1.0
aataveladi,"_x000D_
నమశివ యనవచ్చు నారాయ ణనవచ్చు
_x000D_
మేలువారి నమ్మి మెచ్చవచ్చు
_x000D_
కొంగుకాసు విడిచి గొబ్బున నీరాదు
_x000D_
విశ్వదాభిరామ వినర వేమ.",vupajaathi,Vemana,"[('న', '|'), ('మ', '|'), ('శి', '|'), ('వ', '|'), ('య', '|'), ('న', '|'), ('వ', 'U'), ('చ్చు', '|'), ('నా', 'U'), ('రా', 'U'), ('య', '|'), ('ణ', '|'), ('న', '|'), ('వ', 'U'), ('చ్చు', '|'), ('మే', 'U'), ('లు', '|'), ('వా', 'U'), ('రి', '|'), ('న', 'U'), ('మ్మి', '|'), ('మె', 'U'), ('చ్చ', '|'), ('వ', 'U'), ('చ్చు', '|'), ('కొం', 'U'), ('గు', '|'), ('కా', 'U'), ('సు', '|'), ('వి', '|'), ('డి', '|'), ('చి', '|'), ('గొ', 'U'), ('బ్బు', '|'), ('న', '|'), ('నీ', 'U'), ('రా', 'U'), ('దు', '|'), ('వి', 'U'), ('శ్వ', '|'), ('దా', 'U'), ('భి', '|'), ('రా', 'U'), ('మ', '|'), ('వి', '|'), ('న', '|'), ('ర', '|'), ('వే', 'U'), ('మ', '|')]",1.0,-1.0,1.0,1.0,1.0,-1.0
aataveladi,"_x000D_
మేడిపండు చూడ మేలిమైయుండును
_x000D_
బొట్టవిచ్చి చూడఁ బురుగులుండుఁ
_x000D_
బెరుకువాని మదిని బింక మీలాగురా
_x000D_
విశ్వదాభిరామ వినర వేమ.",vupajaathi,Vemana,"[('మే', 'U'), ('డి', '|'), ('పం', 'U'), ('డు', '|'), ('చూ', 'U'), ('డ', '|'), ('మే', 'U'), ('లి', '|'), ('మై', 'U'), ('యుం', 'U'), ('డు', '|'), ('ను', '|'), ('బొ', 'U'), ('ట్ట', '|'), ('వి', 'U'), ('చ్చి', '|'), ('చూ', 'U'), ('డ', '|'), ('బు', '|'), ('రు', '|'), ('గు', '|'), ('లుం', 'U'), ('డు', '|'), ('బె', '|'), ('రు', '|'), ('కు', '|'), ('వా', 'U'), ('ని', '|'), ('మ', '|'), ('ది', '|'), ('ని', '|'), ('బిం', 'U'), ('క', '|'), ('మీ', 'U'), ('లా', 'U'), ('గు', '|'), ('రా', 'U'), ('వి', 'U'), ('శ్వ', '|'), ('దా', 'U'), ('భి', '|'), ('రా', 'U'), ('మ', '|'), ('వి', '|'), ('న', '|'), ('ర', '|'), ('వే', 'U'), ('మ', '|')]",1.0,-1.0,1.0,1.0,1.0,-1.0
aataveladi,"_x000D_
ఉసురు లేనితిత్తి యిసుమంత నూదిన
_x000D_
పంచలోహములును భస్మమౌను
_x000D_
పెద్ద లుసురుమన్న పెనుమంట లెగయవా
_x000D_
విశ్వదాభిరామ వినర వేమ.",vupajaathi,Vemana,"[('ఉ', '|'), ('సు', '|'), ('రు', '|'), ('లే', 'U'), ('ని', '|'), ('తి', 'U'), ('త్తి', '|'), ('యి', '|'), ('సు', '|'), ('మం', 'U'), ('త', '|'), ('నూ', 'U'), ('ది', '|'), ('న', '|'), ('పం', 'U'), ('చ', '|'), ('లో', 'U'), ('హ', '|'), ('ము', '|'), ('లు', '|'), ('ను', '|'), ('భ', 'U'), ('స్మ', '|'), ('మౌ', 'U'), ('ను', '|'), ('పె', 'U'), ('ద్ద', '|'), ('లు', '|'), ('సు', '|'), ('రు', '|'), ('మ', 'U'), ('న్న', '|'), ('పె', '|'), ('ను', '|'), ('మం', 'U'), ('ట', '|'), ('లె', '|'), ('గ', '|'), ('య', '|'), ('వా', 'U'), ('వి', 'U'), ('శ్వ', '|'), ('దా', 'U'), ('భి', '|'), ('రా', 'U'), ('మ', '|'), ('వి', '|'), ('న', '|'), ('ర', '|'), ('వే', 'U'), ('మ', '|')]",1.0,-1.0,1.0,1.0,1.0,-1.0
kandamu,"_x000D_
మందుదినఁ బోటు మానును
_x000D_
మందు దినగ జేయఁ బొలఁతి మహిలో వలచు\న్‌
_x000D_
మందుదిన కుదురు రోగము
_x000D_
మందుదినం గలదు పుష్టి మహిలో వేమా.",jaathi,Vemana,"[('మం', 'U'), ('దు', '|'), ('ది', '|'), ('న', '|'), ('బో', 'U'), ('టు', '|'), ('మా', 'U'), ('ను', '|'), ('ను', '|'), ('మం', 'U'), ('దు', '|'), ('ది', '|'), ('న', '|'), ('గ', '|'), ('జే', 'U'), ('య', '|'), ('బొ', '|'), ('ల', '|'), ('తి', '|'), ('మ', '|'), ('హి', '|'), ('లో', 'U'), ('వ', '|'), ('ల', '|'), ('చున్', 'U'), ('మం', 'U'), ('దు', '|'), ('ది', '|'), ('న', '|'), ('కు', '|'), ('దు', '|'), ('రు', '|'), ('రో', 'U'), ('గ', '|'), ('ము', '|'), ('మం', 'U'), ('దు', '|'), ('ది', '|'), ('నం', 'U'), ('గ', '|'), ('ల', '|'), ('దు', '|'), ('పు', 'U'), ('ష్టి', '|'), ('మ', '|'), ('హి', '|'), ('లో', 'U'), ('వే', 'U'), ('మా', 'U')]",1.0,-1.0,1.0,1.0,1.0,1.0
aataveladi,"_x000D_
తలను పాగ పైని తగుపచ్చడము బొజ్జ
_x000D_
చెవులపోగు లరసి చేరు నర్థి
_x000D_
శుద్ధపశువు లౌట బుద్ధిలో నెఱుగురా
_x000D_
విశ్వదాభిరామ వినర వేమ.",vupajaathi,Vemana,"[('త', '|'), ('ల', '|'), ('ను', '|'), ('పా', 'U'), ('గ', '|'), ('పై', 'U'), ('ని', '|'), ('త', '|'), ('గు', '|'), ('ప', 'U'), ('చ్చ', '|'), ('డ', '|'), ('ము', '|'), ('బొ', 'U'), ('జ్జ', '|'), ('చె', '|'), ('వు', '|'), ('ల', '|'), ('పో', 'U'), ('గు', '|'), ('ల', '|'), ('ర', '|'), ('సి', '|'), ('చే', 'U'), ('రు', '|'), ('న', 'U'), ('ర్థి', '|'), ('శు', 'U'), ('ద్ధ', '|'), ('ప', '|'), ('శు', '|'), ('వు', '|'), ('లౌ', 'U'), ('ట', '|'), ('బు', 'U'), ('ద్ధి', '|'), ('లో', 'U'), ('నె', '|'), ('ఱు', '|'), ('గు', '|'), ('రా', 'U'), ('వి', 'U'), ('శ్వ', '|'), ('దా', 'U'), ('భి', '|'), ('రా', 'U'), ('మ', '|'), ('వి', '|'), ('న', '|'), ('ర', '|'), ('వే', 'U'), ('మ', '|')]",1.0,-1.0,1.0,1.0,1.0,-1.0
aataveladi,"_x000D_
స్త్రీలసుఖముఁ జూచి చిత్తంబు నిలుకడ
_x000D_
సేయని మనుజుండు చెడు నిజంబు
_x000D_
ఏటికట్టు మ్రాని కెప్పుడు చలనంబు
_x000D_
విశ్వదాభిరామ వినర వేమ.",vupajaathi,Vemana,"[('స్త్రీ', 'U'), ('ల', '|'), ('సు', '|'), ('ఖ', '|'), ('ము', '|'), ('జూ', 'U'), ('చి', '|'), ('చి', 'U'), ('త్తం', 'U'), ('బు', '|'), ('ని', '|'), ('లు', '|'), ('క', '|'), ('డ', '|'), ('సే', 'U'), ('య', '|'), ('ని', '|'), ('మ', '|'), ('ను', '|'), ('జుం', 'U'), ('డు', '|'), ('చె', '|'), ('డు', '|'), ('ని', '|'), ('జం', 'U'), ('బు', '|'), ('ఏ', 'U'), ('టి', '|'), ('క', 'U'), ('ట్టు', '|'), ('మ్రా', 'U'), ('ని', '|'), ('కె', 'U'), ('ప్పు', '|'), ('డు', '|'), ('చ', '|'), ('ల', '|'), ('నం', 'U'), ('బు', '|'), ('వి', 'U'), ('శ్వ', '|'), ('దా', 'U'), ('భి', '|'), ('రా', 'U'), ('మ', '|'), ('వి', '|'), ('న', '|'), ('ర', '|'), ('వే', 'U'), ('మ', '|')]",0.9166666666666666,-1.0,1.0,1.0,0.75,-1.0
aataveladi,"_x000D_
కూలినాలిచేసి గుల్లాముపనిచేసి
_x000D_
తెచ్చిపెట్ట నాలు మెచ్చనేర్చు
_x000D_
లేమిఁజిక్కువిభుని వేమాఱు దిట్టును
_x000D_
విశ్వదాభిరామ వినర వేమ.",vupajaathi,Vemana,"[('కూ', 'U'), ('లి', '|'), ('నా', 'U'), ('లి', '|'), ('చే', 'U'), ('సి', '|'), ('గు', 'U'), ('ల్లా', 'U'), ('ము', '|'), ('ప', '|'), ('ని', '|'), ('చే', 'U'), ('సి', '|'), ('తె', 'U'), ('చ్చి', '|'), ('పె', 'U'), ('ట్ట', '|'), ('నా', 'U'), ('లు', '|'), ('మె', 'U'), ('చ్చ', '|'), ('నే', 'U'), ('ర్చు', '|'), ('లే', 'U'), ('మి', '|'), ('జి', 'U'), ('క్కు', '|'), ('వి', '|'), ('భు', '|'), ('ని', '|'), ('వే', 'U'), ('మా', 'U'), ('ఱు', '|'), ('ది', 'U'), ('ట్టు', '|'), ('ను', '|'), ('వి', 'U'), ('శ్వ', '|'), ('దా', 'U'), ('భి', '|'), ('రా', 'U'), ('మ', '|'), ('వి', '|'), ('న', '|'), ('ర', '|'), ('వే', 'U'), ('మ', '|')]",1.0,-1.0,1.0,1.0,1.0,-1.0
kandamu,"_x000D_
ఇంద్రియ పరవశుఁ డధముం
_x000D_
డింద్రియ పరవశుఁడు భక్తియెడ మధ్యముంఁడౌ
_x000D_
నింద్రియజయుఁ డుత్తముఁ జి
_x000D_
తేంద్రియసుతుఁడు విన మహేశుఁడు వేమా.",jaathi,Vemana,"[('ఇం', 'U'), ('ద్రి', '|'), ('య', '|'), ('ప', '|'), ('ర', '|'), ('వ', '|'), ('శు', '|'), ('డ', '|'), ('ధ', '|'), ('ముం', 'U'), ('డిం', 'U'), ('ద్రి', '|'), ('య', '|'), ('ప', '|'), ('ర', '|'), ('వ', '|'), ('శు', '|'), ('డు', '|'), ('భ', 'U'), ('క్తి', '|'), ('యె', '|'), ('డ', '|'), ('మ', 'U'), ('ధ్య', '|'), ('ముం', 'U'), ('డౌ', 'U'), ('నిం', 'U'), ('ద్రి', '|'), ('య', '|'), ('జ', '|'), ('యు', '|'), ('డు', 'U'), ('త్త', '|'), ('ము', '|'), ('జి', '|'), ('తేం', 'U'), ('ద్రి', '|'), ('య', '|'), ('సు', '|'), ('తు', '|'), ('డు', '|'), ('వి', '|'), ('న', '|'), ('మ', '|'), ('హే', 'U'), ('శు', '|'), ('డు', '|'), ('వే', 'U'), ('మా', 'U')]",0.609375,-1.0,1.0,0.6875,0.0,0.75
kandamu,"_x000D_
తన గుణము తనకు నుండఁగ
_x000D_
నెనయంగా నొరునిగుణము నెంచును మదిలో
_x000D_
తన గుణముఁదాను దెలియక
_x000D_
పనరి యొరుని ననెడువాఁడు భ్రష్టుఁడు వేమా.",jaathi,Vemana,"[('త', '|'), ('న', '|'), ('గు', '|'), ('ణ', '|'), ('ము', '|'), ('త', '|'), ('న', '|'), ('కు', '|'), ('నుం', 'U'), ('డ', '|'), ('గ', '|'), ('నె', '|'), ('న', '|'), ('యం', 'U'), ('గా', 'U'), ('నొ', '|'), ('రు', '|'), ('ని', '|'), ('గు', '|'), ('ణ', '|'), ('ము', '|'), ('నెం', 'U'), ('చు', '|'), ('ను', '|'), ('మ', '|'), ('ది', '|'), ('లో', 'U'), ('త', '|'), ('న', '|'), ('గు', '|'), ('ణ', '|'), ('ము', '|'), ('దా', 'U'), ('ను', '|'), ('దె', '|'), ('లి', '|'), ('య', '|'), ('క', '|'), ('ప', '|'), ('న', '|'), ('రి', '|'), ('యొ', '|'), ('రు', '|'), ('ని', '|'), ('న', '|'), ('నె', '|'), ('డు', '|'), ('వా', 'U'), ('డు', '|'), ('భ్ర', 'U'), ('ష్టు', '|'), ('డు', '|'), ('వే', 'U'), ('మా', 'U')]",1.0,-1.0,1.0,1.0,1.0,1.0
aataveladi,"_x000D_
వెఱ్ఱివాని కయిన వేషధారికయిన
_x000D_
రోగికైన పరమయోగికైన
_x000D_
స్త్రీలఁజూచినపుడె చిత్తంబు రంజిల్లు
_x000D_
విశ్వదాభిరామ వినర వేమ.",vupajaathi,Vemana,"[('వె', 'U'), ('ఱ్ఱి', '|'), ('వా', 'U'), ('ని', '|'), ('క', '|'), ('యి', '|'), ('న', '|'), ('వే', 'U'), ('ష', '|'), ('ధా', 'U'), ('రి', '|'), ('క', '|'), ('యి', '|'), ('న', '|'), ('రో', 'U'), ('గి', '|'), ('కై', 'U'), ('న', '|'), ('ప', '|'), ('ర', '|'), ('మ', '|'), ('యో', 'U'), ('గి', '|'), ('కై', 'U'), ('న', 'U'), ('స్త్రీ', 'U'), ('ల', '|'), ('జూ', 'U'), ('చి', '|'), ('న', '|'), ('పు', '|'), ('డె', '|'), ('చి', 'U'), ('త్తం', 'U'), ('బు', '|'), ('రం', 'U'), ('జి', 'U'), ('ల్లు', '|'), ('వి', 'U'), ('శ్వ', '|'), ('దా', 'U'), ('భి', '|'), ('రా', 'U'), ('మ', '|'), ('వి', '|'), ('న', '|'), ('ర', '|'), ('వే', 'U'), ('మ', '|')]",0.7333333333333334,-1.0,1.0,0.7,0.5,-1.0
aataveladi,"_x000D_
తావసించుచోటఁ దగనల్గు డాయెనా
_x000D_
సౌఖ్యభూమి కపుడు జరుగవలయు
_x000D_
కొలఁకు లింకెనేని కొంగ లందుండునా
_x000D_
విశ్వదాభిరామ వినర వేమ.",vupajaathi,Vemana,"[('తా', 'U'), ('వ', '|'), ('సిం', 'U'), ('చు', '|'), ('చో', 'U'), ('ట', '|'), ('ద', '|'), ('గ', '|'), ('న', 'U'), ('ల్గు', '|'), ('డా', 'U'), ('యె', '|'), ('నా', 'U'), ('సౌ', 'U'), ('ఖ్య', '|'), ('భూ', 'U'), ('మి', '|'), ('క', '|'), ('పు', '|'), ('డు', '|'), ('జ', '|'), ('రు', '|'), ('గ', '|'), ('వ', '|'), ('ల', '|'), ('యు', '|'), ('కొ', '|'), ('ల', '|'), ('కు', '|'), ('లిం', 'U'), ('కె', '|'), ('నే', 'U'), ('ని', '|'), ('కొం', 'U'), ('గ', '|'), ('లం', 'U'), ('దుం', 'U'), ('డు', '|'), ('నా', 'U'), ('వి', 'U'), ('శ్వ', '|'), ('దా', 'U'), ('భి', '|'), ('రా', 'U'), ('మ', '|'), ('వి', '|'), ('న', '|'), ('ర', '|'), ('వే', 'U'), ('మ', '|')]",1.0,-1.0,1.0,1.0,1.0,-1.0
aataveladi,"_x000D_
భూమిలోనఁ బుణ్యపురుషులు లేకున్న
_x000D_
జగములేలనిల్చు సమయుఁగాక
_x000D_
నంత దఱచుదొరక రాడ నాడనెగాని
_x000D_
విశ్వదాభిరామ వినర వేమ.",vupajaathi,Vemana,"[('భూ', 'U'), ('మి', '|'), ('లో', 'U'), ('న', '|'), ('బు', 'U'), ('ణ్య', '|'), ('పు', '|'), ('రు', '|'), ('షు', '|'), ('లు', '|'), ('లే', 'U'), ('కు', 'U'), ('న్న', '|'), ('జ', '|'), ('గ', '|'), ('ము', '|'), ('లే', 'U'), ('ల', '|'), ('ని', 'U'), ('ల్చు', '|'), ('స', '|'), ('మ', '|'), ('యు', '|'), ('గా', 'U'), ('క', '|'), ('నం', 'U'), ('త', '|'), ('ద', '|'), ('ఱ', '|'), ('చు', '|'), ('దొ', '|'), ('ర', '|'), ('క', '|'), ('రా', 'U'), ('డ', '|'), ('నా', 'U'), ('డ', '|'), ('నె', '|'), ('గా', 'U'), ('ని', '|'), ('వి', 'U'), ('శ్వ', '|'), ('దా', 'U'), ('భి', '|'), ('రా', 'U'), ('మ', '|'), ('వి', '|'), ('న', '|'), ('ర', '|'), ('వే', 'U'), ('మ', '|')]",0.9166666666666666,-1.0,1.0,1.0,0.75,-1.0
aataveladi,"_x000D_
చిత్తశుద్ధిగల్గి చేసినపుణ్యంబు
_x000D_
కొంచెమయిన నదియు గొదువ కాదు
_x000D_
విత్తనంబు మఱ్ఱివృక్షంబునకు నెంత
_x000D_
విశ్వదాభిరామ వినర వేమ.",vupajaathi,Vemana,"[('చి', 'U'), ('త్త', '|'), ('శు', 'U'), ('ద్ధి', '|'), ('గ', 'U'), ('ల్గి', '|'), ('చే', 'U'), ('సి', '|'), ('న', '|'), ('పు', 'U'), ('ణ్యం', 'U'), ('బు', '|'), ('కొం', 'U'), ('చె', '|'), ('మ', '|'), ('యి', '|'), ('న', '|'), ('న', '|'), ('ది', '|'), ('యు', '|'), ('గొ', '|'), ('దు', '|'), ('వ', '|'), ('కా', 'U'), ('దు', '|'), ('వి', 'U'), ('త్త', '|'), ('నం', 'U'), ('బు', '|'), ('మ', 'U'), ('ఱ్ఱి', '|'), ('వృ', 'U'), ('క్షం', 'U'), ('బు', '|'), ('న', '|'), ('కు', '|'), ('నెం', 'U'), ('త', '|'), ('వి', 'U'), ('శ్వ', '|'), ('దా', 'U'), ('భి', '|'), ('రా', 'U'), ('మ', '|'), ('వి', '|'), ('న', '|'), ('ర', '|'), ('వే', 'U'), ('మ', '|')]",0.9166666666666666,-1.0,1.0,1.0,0.75,-1.0
aataveladi,"_x000D_
చెడ్డవాని మిగులఁ జెఱుచును దైవంబు
_x000D_
అడ్డపడదు వాని కాపదయిన
_x000D_
చెడినచేనుఁ జూచి యొడయఁడు మెచ్చునా
_x000D_
విశ్వదాభిరామ వినర వేమ.",vupajaathi,Vemana,"[('చె', 'U'), ('డ్డ', '|'), ('వా', 'U'), ('ని', '|'), ('మి', '|'), ('గు', '|'), ('ల', '|'), ('జె', '|'), ('ఱు', '|'), ('చు', '|'), ('ను', '|'), ('దై', 'U'), ('వం', 'U'), ('బు', '|'), ('అ', 'U'), ('డ్డ', '|'), ('ప', '|'), ('డ', '|'), ('దు', '|'), ('వా', 'U'), ('ని', '|'), ('కా', 'U'), ('ప', '|'), ('ద', '|'), ('యి', '|'), ('న', '|'), ('చె', '|'), ('డి', '|'), ('న', '|'), ('చే', 'U'), ('ను', '|'), ('జూ', 'U'), ('చి', '|'), ('యొ', '|'), ('డ', '|'), ('య', '|'), ('డు', '|'), ('మె', 'U'), ('చ్చు', '|'), ('నా', 'U'), ('వి', 'U'), ('శ్వ', '|'), ('దా', 'U'), ('భి', '|'), ('రా', 'U'), ('మ', '|'), ('వి', '|'), ('న', '|'), ('ర', '|'), ('వే', 'U'), ('మ', '|')]",0.9166666666666666,-1.0,1.0,1.0,0.75,-1.0
aataveladi,"_x000D_
ఎక్కడయినయాశ లినుమడియుండఁగా
_x000D_
తిక్కపట్టి నరుఁడు తిరుగుచుండు
_x000D_
కుక్కవంటి యాశ కూర్చుండ నీయదు
_x000D_
విశ్వదాభిరామ వినర వేమ.",vupajaathi,Vemana,"[('ఎ', 'U'), ('క్క', '|'), ('డ', '|'), ('యి', '|'), ('న', '|'), ('యా', 'U'), ('శ', '|'), ('లి', '|'), ('ను', '|'), ('మ', '|'), ('డి', '|'), ('యుం', 'U'), ('డ', '|'), ('గా', 'U'), ('తి', 'U'), ('క్క', '|'), ('ప', 'U'), ('ట్టి', '|'), ('న', '|'), ('రు', '|'), ('డు', '|'), ('తి', '|'), ('రు', '|'), ('గు', '|'), ('చుం', 'U'), ('డు', '|'), ('కు', 'U'), ('క్క', '|'), ('వం', 'U'), ('టి', '|'), ('యా', 'U'), ('శ', '|'), ('కూ', 'U'), ('ర్చుం', 'U'), ('డ', '|'), ('నీ', 'U'), ('య', '|'), ('దు', '|'), ('వి', 'U'), ('శ్వ', '|'), ('దా', 'U'), ('భి', '|'), ('రా', 'U'), ('మ', '|'), ('వి', '|'), ('న', '|'), ('ర', '|'), ('వే', 'U'), ('మ', '|')]",0.9166666666666666,-1.0,1.0,1.0,0.75,-1.0
aataveladi,"_x000D_
అరయఁ దఱచుకల్ల లాడెడు వారిండ్ల
_x000D_
వెడలకేల లక్ష్మి విశ్రమించు
_x000D_
నీరు నోటికుండ నిలువని చందాన
_x000D_
విశ్వదాభిరామ వినర వేమ.",vupajaathi,Vemana,"[('అ', '|'), ('ర', '|'), ('య', '|'), ('ద', '|'), ('ఱ', '|'), ('చు', '|'), ('క', 'U'), ('ల్ల', '|'), ('లా', 'U'), ('డె', '|'), ('డు', '|'), ('వా', 'U'), ('రిం', 'U'), ('డ్ల', '|'), ('వె', '|'), ('డ', '|'), ('ల', '|'), ('కే', 'U'), ('ల', '|'), ('ల', 'U'), ('క్ష్మి', '|'), ('వి', '|'), ('శ్ర', '|'), ('మిం', 'U'), ('చు', '|'), ('నీ', 'U'), ('రు', '|'), ('నో', 'U'), ('టి', '|'), ('కుం', 'U'), ('డ', '|'), ('ని', '|'), ('లు', '|'), ('వ', '|'), ('ని', '|'), ('చం', 'U'), ('దా', 'U'), ('న', '|'), ('వి', 'U'), ('శ్వ', '|'), ('దా', 'U'), ('భి', '|'), ('రా', 'U'), ('మ', '|'), ('వి', '|'), ('న', '|'), ('ర', '|'), ('వే', 'U'), ('మ', '|')]",0.65,-1.0,1.0,0.7,0.25,-1.0
aataveladi,"_x000D_
గుణవతి యగు యువతి గృహము చక్కగనుండు
_x000D_
చీకటింట దివ్వె చెలఁగురీతి
_x000D_
దేవియున్న యిల్లు దేవార్చన గృహంబు
_x000D_
విశ్వదాభిరామ వినర వేమ.",vupajaathi,Vemana,"[('గు', '|'), ('ణ', '|'), ('వ', '|'), ('తి', '|'), ('య', '|'), ('గు', '|'), ('యు', '|'), ('వ', '|'), ('తి', '|'), ('గృ', '|'), ('హ', '|'), ('ము', '|'), ('చ', 'U'), ('క్క', '|'), ('గ', '|'), ('నుం', 'U'), ('డు', '|'), ('చీ', 'U'), ('క', '|'), ('టిం', 'U'), ('ట', '|'), ('ది', 'U'), ('వ్వె', '|'), ('చె', '|'), ('ల', '|'), ('గు', '|'), ('రీ', 'U'), ('తి', '|'), ('దే', 'U'), ('వి', '|'), ('యు', 'U'), ('న్న', '|'), ('యి', 'U'), ('ల్లు', '|'), ('దే', 'U'), ('వా', 'U'), ('ర్చ', '|'), ('న', '|'), ('గృ', '|'), ('హం', 'U'), ('బు', '|'), ('వి', 'U'), ('శ్వ', '|'), ('దా', 'U'), ('భి', '|'), ('రా', 'U'), ('మ', '|'), ('వి', '|'), ('న', '|'), ('ర', '|'), ('వే', 'U'), ('మ', '|')]",0.9166666666666666,-1.0,1.0,1.0,0.75,-1.0
aataveladi,"_x000D_
ఇంటియాలు విడిచి యిల జారకాంతల
_x000D_
వెంటఁ దిరుగువాఁడు వెఱ్ఱివాఁడు
_x000D_
పంటచేను విడిచి పరిగ యేరినయట్లు
_x000D_
విశ్వదాభిరామ వినర వేమ.",vupajaathi,Vemana,"[('ఇం', 'U'), ('టి', '|'), ('యా', 'U'), ('లు', '|'), ('వి', '|'), ('డి', '|'), ('చి', '|'), ('యి', '|'), ('ల', '|'), ('జా', 'U'), ('ర', '|'), ('కాం', 'U'), ('త', '|'), ('ల', '|'), ('వెం', 'U'), ('ట', '|'), ('ది', '|'), ('రు', '|'), ('గు', '|'), ('వా', 'U'), ('డు', '|'), ('వె', 'U'), ('ఱ్ఱి', '|'), ('వా', 'U'), ('డు', '|'), ('పం', 'U'), ('ట', '|'), ('చే', 'U'), ('ను', '|'), ('వి', '|'), ('డి', '|'), ('చి', '|'), ('ప', '|'), ('రి', '|'), ('గ', '|'), ('యే', 'U'), ('రి', '|'), ('న', '|'), ('య', 'U'), ('ట్లు', '|'), ('వి', 'U'), ('శ్వ', '|'), ('దా', 'U'), ('భి', '|'), ('రా', 'U'), ('మ', '|'), ('వి', '|'), ('న', '|'), ('ర', '|'), ('వే', 'U'), ('మ', '|')]",0.9166666666666666,-1.0,1.0,1.0,0.75,-1.0
aataveladi,"_x000D_
రాజవరుల కెపుడు రణరంగముల చింత
_x000D_
పరమ మునులకెల్ల పరముచింత
_x000D_
యల్పనరుల కెల్ల నతివలపై చింత
_x000D_
విశ్వదాభిరామ వినర వేమ.",vupajaathi,Vemana,"[('రా', 'U'), ('జ', '|'), ('వ', '|'), ('రు', '|'), ('ల', '|'), ('కె', '|'), ('పు', '|'), ('డు', '|'), ('ర', '|'), ('ణ', '|'), ('రం', 'U'), ('గ', '|'), ('ము', '|'), ('ల', '|'), ('చిం', 'U'), ('త', '|'), ('ప', '|'), ('ర', '|'), ('మ', '|'), ('ము', '|'), ('ను', '|'), ('ల', '|'), ('కె', 'U'), ('ల్ల', '|'), ('ప', '|'), ('ర', '|'), ('ము', '|'), ('చిం', 'U'), ('త', '|'), ('య', 'U'), ('ల్ప', '|'), ('న', '|'), ('రు', '|'), ('ల', '|'), ('కె', 'U'), ('ల్ల', '|'), ('న', '|'), ('తి', '|'), ('వ', '|'), ('ల', '|'), ('పై', 'U'), ('చిం', 'U'), ('త', '|'), ('వి', 'U'), ('శ్వ', '|'), ('దా', 'U'), ('భి', '|'), ('రా', 'U'), ('మ', '|'), ('వి', '|'), ('న', '|'), ('ర', '|'), ('వే', 'U'), ('మ', '|')]",0.9166666666666666,-1.0,1.0,1.0,0.75,-1.0
aataveladi,"_x000D_
తల్లిదండ్రిమీద దయలేని పుత్రుండు
_x000D_
పుట్టనేమివాఁడు గిట్టనేమి
_x000D_
పుట్టలోనఁ జెదలు పుట్టదా గిట్టదా
_x000D_
విశ్వదాభిరామ వినర వేమ.",vupajaathi,Vemana,"[('త', 'U'), ('ల్లి', '|'), ('దం', 'U'), ('డ్రి', '|'), ('మీ', 'U'), ('ద', '|'), ('ద', '|'), ('య', '|'), ('లే', 'U'), ('ని', '|'), ('పు', '|'), ('త్రుం', 'U'), ('డు', '|'), ('పు', 'U'), ('ట్ట', '|'), ('నే', 'U'), ('మి', '|'), ('వా', 'U'), ('డు', '|'), ('గి', 'U'), ('ట్ట', '|'), ('నే', 'U'), ('మి', '|'), ('పు', 'U'), ('ట్ట', '|'), ('లో', 'U'), ('న', '|'), ('జె', '|'), ('ద', '|'), ('లు', '|'), ('పు', 'U'), ('ట్ట', '|'), ('దా', 'U'), ('గి', 'U'), ('ట్ట', '|'), ('దా', 'U'), ('వి', 'U'), ('శ్వ', '|'), ('దా', 'U'), ('భి', '|'), ('రా', 'U'), ('మ', '|'), ('వి', '|'), ('న', '|'), ('ర', '|'), ('వే', 'U'), ('మ', '|')]",0.7000000000000001,-1.0,1.0,0.85,0.25,-1.0
kandamu,"_x000D_
ముందరి పోటుల మాన్పను
_x000D_
మందెందును గలదుగాని మహిలోపల నే
_x000D_
నిందల పోటులు మాన్పెడు
_x000D_
మందెచ్చట నైనఁ గలదె మహిలో వేమా.",jaathi,Vemana,"[('ముం', 'U'), ('ద', '|'), ('రి', '|'), ('పో', 'U'), ('టు', '|'), ('ల', '|'), ('మా', 'U'), ('న్ప', '|'), ('ను', '|'), ('మం', 'U'), ('దెం', 'U'), ('దు', '|'), ('ను', '|'), ('గ', '|'), ('ల', '|'), ('దు', '|'), ('గా', 'U'), ('ని', '|'), ('మ', '|'), ('హి', '|'), ('లో', 'U'), ('ప', '|'), ('ల', '|'), ('నే', 'U'), ('నిం', 'U'), ('ద', '|'), ('ల', '|'), ('పో', 'U'), ('టు', '|'), ('లు', '|'), ('మా', 'U'), ('న్పె', '|'), ('డు', '|'), ('మం', 'U'), ('దె', 'U'), ('చ్చ', '|'), ('ట', '|'), ('నై', 'U'), ('న', '|'), ('గ', '|'), ('ల', '|'), ('దె', '|'), ('మ', '|'), ('హి', '|'), ('లో', 'U'), ('వే', 'U'), ('మా', 'U')]",1.0,-1.0,1.0,1.0,1.0,1.0
aataveladi,"_x000D_
తత్వ మెఱుఁగువాడు దైవంబు నెఱుఁగును
_x000D_
సర్వసారములను జావఁ జేయు
_x000D_
కదళిమ్రింగునట్లు గరళంబు మ్రింగునా
_x000D_
విశ్వదాభిరామ వినర వేమ.",vupajaathi,Vemana,"[('త', 'U'), ('త్వ', '|'), ('మె', '|'), ('ఱు', '|'), ('గు', '|'), ('వా', 'U'), ('డు', '|'), ('దై', 'U'), ('వం', 'U'), ('బు', '|'), ('నె', '|'), ('ఱు', '|'), ('గు', '|'), ('ను', '|'), ('స', 'U'), ('ర్వ', '|'), ('సా', 'U'), ('ర', '|'), ('ము', '|'), ('ల', '|'), ('ను', '|'), ('జా', 'U'), ('వ', '|'), ('జే', 'U'), ('యు', '|'), ('క', '|'), ('ద', '|'), ('ళి', '|'), ('మ్రిం', 'U'), ('గు', '|'), ('న', 'U'), ('ట్లు', '|'), ('గ', '|'), ('ర', '|'), ('ళం', 'U'), ('బు', '|'), ('మ్రిం', 'U'), ('గు', '|'), ('నా', 'U'), ('వి', 'U'), ('శ్వ', '|'), ('దా', 'U'), ('భి', '|'), ('రా', 'U'), ('మ', '|'), ('వి', '|'), ('న', '|'), ('ర', '|'), ('వే', 'U'), ('మ', '|')]",1.0,-1.0,1.0,1.0,1.0,-1.0
aataveladi,"_x000D_
నీళ్లమీద బుగ్గ నిలచిన యప్పుడు
_x000D_
తళ్లువేగవచ్చి తాకుఁ గాక
_x000D_
విడెడుకుండకింత విభ్రాంతి పడుదురు
_x000D_
విశ్వదాభిరామ వినర వేమ.",vupajaathi,Vemana,"[('నీ', 'U'), ('ళ్ల', '|'), ('మీ', 'U'), ('ద', '|'), ('బు', 'U'), ('గ్గ', '|'), ('ని', '|'), ('ల', '|'), ('చి', '|'), ('న', '|'), ('య', 'U'), ('ప్పు', '|'), ('డు', '|'), ('త', 'U'), ('ళ్లు', '|'), ('వే', 'U'), ('గ', '|'), ('వ', 'U'), ('చ్చి', '|'), ('తా', 'U'), ('కు', '|'), ('గా', 'U'), ('క', '|'), ('వి', '|'), ('డె', '|'), ('డు', '|'), ('కుం', 'U'), ('డ', '|'), ('కిం', 'U'), ('త', '|'), ('వి', '|'), ('భ్రాం', 'U'), ('తి', '|'), ('ప', '|'), ('డు', '|'), ('దు', '|'), ('రు', '|'), ('వి', 'U'), ('శ్వ', '|'), ('దా', 'U'), ('భి', '|'), ('రా', 'U'), ('మ', '|'), ('వి', '|'), ('న', '|'), ('ర', '|'), ('వే', 'U'), ('మ', '|')]",0.8666666666666667,-1.0,1.0,0.85,0.75,-1.0
aataveladi,"_x000D_
హేమకారవిద్య నెఱిఁగిన వారెల్ల
_x000D_
వెతలఁ బడనియట్లు విద్యచేతఁ
_x000D_
దత్వమెఱుఁగు వెనుక తనకుఁ జింతేలరా
_x000D_
విశ్వదాభిరామ వినర వేమ.",vupajaathi,Vemana,"[('హే', 'U'), ('మ', '|'), ('కా', 'U'), ('ర', '|'), ('వి', 'U'), ('ద్య', '|'), ('నె', '|'), ('ఱి', '|'), ('గి', '|'), ('న', '|'), ('వా', 'U'), ('రె', 'U'), ('ల్ల', '|'), ('వె', '|'), ('త', '|'), ('ల', '|'), ('బ', '|'), ('డ', '|'), ('ని', '|'), ('య', 'U'), ('ట్లు', '|'), ('వి', 'U'), ('ద్య', '|'), ('చే', 'U'), ('త', '|'), ('ద', 'U'), ('త్వ', '|'), ('మె', '|'), ('ఱు', '|'), ('గు', '|'), ('వె', '|'), ('ను', '|'), ('క', '|'), ('త', '|'), ('న', '|'), ('కు', '|'), ('జిం', 'U'), ('తే', 'U'), ('ల', '|'), ('రా', 'U'), ('వి', 'U'), ('శ్వ', '|'), ('దా', 'U'), ('భి', '|'), ('రా', 'U'), ('మ', '|'), ('వి', '|'), ('న', '|'), ('ర', '|'), ('వే', 'U'), ('మ', '|')]",0.9166666666666666,-1.0,1.0,1.0,0.75,-1.0
aataveladi,"_x000D_
జీవభావ మెఱుగఁ జెడ దెన్నటికి మది
_x000D_
దైవమును నెఱుంగఁ దనరుబుద్ధి
_x000D_
తేజ ముదయమందఁ దిమిరంబు నిలువదు
_x000D_
విశ్వదాభిరామ వినర వేమ.",vupajaathi,Vemana,"[('జీ', 'U'), ('వ', '|'), ('భా', 'U'), ('వ', '|'), ('మె', '|'), ('ఱు', '|'), ('గ', '|'), ('జె', '|'), ('డ', '|'), ('దె', 'U'), ('న్న', '|'), ('టి', '|'), ('కి', '|'), ('మ', '|'), ('ది', '|'), ('దై', 'U'), ('వ', '|'), ('ము', '|'), ('ను', '|'), ('నె', '|'), ('ఱుం', 'U'), ('గ', '|'), ('ద', '|'), ('న', '|'), ('రు', '|'), ('బు', 'U'), ('ద్ధి', '|'), ('తే', 'U'), ('జ', '|'), ('ము', '|'), ('ద', '|'), ('య', '|'), ('మం', 'U'), ('ద', '|'), ('ది', '|'), ('మి', '|'), ('రం', 'U'), ('బు', '|'), ('ని', '|'), ('లు', '|'), ('వ', '|'), ('దు', '|'), ('వి', 'U'), ('శ్వ', '|'), ('దా', 'U'), ('భి', '|'), ('రా', 'U'), ('మ', '|'), ('వి', '|'), ('న', '|'), ('ర', '|'), ('వే', 'U'), ('మ', '|')]",1.0,-1.0,1.0,1.0,1.0,-1.0
aataveladi,"_x000D_
ఆశచేత మనుజు లాయువుగలనాళ్లు
_x000D_
దిరుగుచుంద్రు భ్రమను ద్రిప్పలేక
_x000D_
మురికిభాండమందు ముసరు నీఁగలభంగి
_x000D_
విశ్వదాభిరామ వినర వేమ.",vupajaathi,Vemana,"[('ఆ', 'U'), ('శ', '|'), ('చే', 'U'), ('త', '|'), ('మ', '|'), ('ను', '|'), ('జు', '|'), ('లా', 'U'), ('యు', '|'), ('వు', '|'), ('గ', '|'), ('ల', '|'), ('నా', 'U'), ('ళ్లు', '|'), ('ది', '|'), ('రు', '|'), ('గు', '|'), ('చుం', 'U'), ('ద్రు', '|'), ('భ్ర', '|'), ('మ', '|'), ('ను', '|'), ('ద్రి', 'U'), ('ప్ప', '|'), ('లే', 'U'), ('క', '|'), ('ము', '|'), ('రి', '|'), ('కి', '|'), ('భాం', 'U'), ('డ', '|'), ('మం', 'U'), ('దు', '|'), ('ము', '|'), ('స', '|'), ('రు', '|'), ('నీ', 'U'), ('గ', '|'), ('ల', '|'), ('భం', 'U'), ('గి', '|'), ('వి', 'U'), ('శ్వ', '|'), ('దా', 'U'), ('భి', '|'), ('రా', 'U'), ('మ', '|'), ('వి', '|'), ('న', '|'), ('ర', '|'), ('వే', 'U'), ('మ', '|')]",0.9166666666666666,-1.0,1.0,1.0,0.75,-1.0
aataveladi,"_x000D_
పరుస మినుముసోకి బంగారమైనట్లు
_x000D_
కప్పురంబు జ్యోతిఁ గలసినట్లు
_x000D_
పుష్పమందు దావి పొసఁగినట్లగు ముక్తి
_x000D_
విశ్వదాభిరామ వినర వేమ.",vupajaathi,Vemana,"[('ప', '|'), ('రు', '|'), ('స', '|'), ('మి', '|'), ('ను', '|'), ('ము', '|'), ('సో', 'U'), ('కి', '|'), ('బం', 'U'), ('గా', 'U'), ('ర', '|'), ('మై', 'U'), ('న', 'U'), ('ట్లు', '|'), ('క', 'U'), ('ప్పు', '|'), ('రం', 'U'), ('బు', 'U'), ('జ్యో', 'U'), ('తి', '|'), ('గ', '|'), ('ల', '|'), ('సి', '|'), ('న', 'U'), ('ట్లు', '|'), ('పు', 'U'), ('ష్ప', '|'), ('మం', 'U'), ('దు', '|'), ('దా', 'U'), ('వి', '|'), ('పొ', '|'), ('స', '|'), ('గి', '|'), ('న', 'U'), ('ట్ల', '|'), ('గు', '|'), ('ము', 'U'), ('క్తి', '|'), ('వి', 'U'), ('శ్వ', '|'), ('దా', 'U'), ('భి', '|'), ('రా', 'U'), ('మ', '|'), ('వి', '|'), ('న', '|'), ('ర', '|'), ('వే', 'U'), ('మ', '|')]",0.6833333333333332,-1.0,1.0,0.8,0.25,-1.0
aataveladi,"_x000D_
కుండ పగిలెనేని క్రొత్తది కొనవచ్చు
_x000D_
భూతలంబునందు బొందుగాను
_x000D_
కూలబడిన నరుఁడు కుదురుట యరుదయా
_x000D_
విశ్వదాభిరామ వినర వేమ.",vupajaathi,Vemana,"[('కుం', 'U'), ('డ', '|'), ('ప', '|'), ('గి', '|'), ('లె', '|'), ('నే', 'U'), ('ని', '|'), ('క్రొ', 'U'), ('త్త', '|'), ('ది', '|'), ('కొ', '|'), ('న', '|'), ('వ', 'U'), ('చ్చు', '|'), ('భూ', 'U'), ('త', '|'), ('లం', 'U'), ('బు', '|'), ('నం', 'U'), ('దు', '|'), ('బొం', 'U'), ('దు', '|'), ('గా', 'U'), ('ను', '|'), ('కూ', 'U'), ('ల', '|'), ('బ', '|'), ('డి', '|'), ('న', '|'), ('న', '|'), ('రు', '|'), ('డు', '|'), ('కు', '|'), ('దు', '|'), ('రు', '|'), ('ట', '|'), ('య', '|'), ('రు', '|'), ('ద', '|'), ('యా', 'U'), ('వి', 'U'), ('శ్వ', '|'), ('దా', 'U'), ('భి', '|'), ('రా', 'U'), ('మ', '|'), ('వి', '|'), ('న', '|'), ('ర', '|'), ('వే', 'U'), ('మ', '|')]",1.0,-1.0,1.0,1.0,1.0,-1.0
aataveladi,"_x000D_
సతము బాహ్యపూజ చాలఁ జేసినపిదప
_x000D_
కపటము విడలేక కష్టనరులు
_x000D_
ముక్తి నొందలేక మునిగిరి తమమున
_x000D_
విశ్వదాభిరామ వినర వేమ.",vupajaathi,Vemana,"[('స', '|'), ('త', '|'), ('ము', '|'), ('బా', 'U'), ('హ్య', '|'), ('పూ', 'U'), ('జ', '|'), ('చా', 'U'), ('ల', '|'), ('జే', 'U'), ('సి', '|'), ('న', '|'), ('పి', '|'), ('ద', '|'), ('ప', '|'), ('క', '|'), ('ప', '|'), ('ట', '|'), ('ము', '|'), ('వి', '|'), ('డ', '|'), ('లే', 'U'), ('క', '|'), ('క', 'U'), ('ష్ట', '|'), ('న', '|'), ('రు', '|'), ('లు', '|'), ('ము', 'U'), ('క్తి', '|'), ('నొం', 'U'), ('ద', '|'), ('లే', 'U'), ('క', '|'), ('ము', '|'), ('ని', '|'), ('గి', '|'), ('రి', '|'), ('త', '|'), ('మ', '|'), ('ము', '|'), ('న', '|'), ('వి', 'U'), ('శ్వ', '|'), ('దా', 'U'), ('భి', '|'), ('రా', 'U'), ('మ', '|'), ('వి', '|'), ('న', '|'), ('ర', '|'), ('వే', 'U'), ('మ', '|')]",0.9,-1.0,1.0,0.95,0.75,-1.0
aataveladi,"_x000D_
ఊర్ధ్వలోకమందు నుచితక్రమంబున
_x000D_
రూప మేమి లేక రూఢితోను
_x000D_
పరమయోగి చూచు పరమాత్ముఁ డితఁడని
_x000D_
విశ్వదాభిరామ వినర వేమ.",vupajaathi,Vemana,"[('ఊ', 'U'), ('ర్ధ్వ', '|'), ('లో', 'U'), ('క', '|'), ('మం', 'U'), ('దు', '|'), ('ను', '|'), ('చి', '|'), ('త', '|'), ('క్ర', '|'), ('మం', 'U'), ('బు', '|'), ('న', '|'), ('రూ', 'U'), ('ప', '|'), ('మే', 'U'), ('మి', '|'), ('లే', 'U'), ('క', '|'), ('రూ', 'U'), ('ఢి', '|'), ('తో', 'U'), ('ను', '|'), ('ప', '|'), ('ర', '|'), ('మ', '|'), ('యో', 'U'), ('గి', '|'), ('చూ', 'U'), ('చు', '|'), ('ప', '|'), ('ర', '|'), ('మా', 'U'), ('త్ము', '|'), ('డి', '|'), ('త', '|'), ('డ', '|'), ('ని', '|'), ('వి', 'U'), ('శ్వ', '|'), ('దా', 'U'), ('భి', '|'), ('రా', 'U'), ('మ', '|'), ('వి', '|'), ('న', '|'), ('ర', '|'), ('వే', 'U'), ('మ', '|')]",0.9166666666666666,-1.0,1.0,1.0,0.75,-1.0
aataveladi,"_x000D_
సత్య మమరియుండ జ్ఞాన మమరియుండు
_x000D_
జ్ఞాన మమరియుండ సత్యముండు
_x000D_
జ్ఞానసత్యములును సమమయిన ద్విజుఁడగు
_x000D_
విశ్వదాభిరామ వినర వేమ.",vupajaathi,Vemana,"[('స', 'U'), ('త్య', '|'), ('మ', '|'), ('మ', '|'), ('రి', '|'), ('యుం', 'U'), ('డ', 'U'), ('జ్ఞా', 'U'), ('న', '|'), ('మ', '|'), ('మ', '|'), ('రి', '|'), ('యుం', 'U'), ('డు', 'U'), ('జ్ఞా', 'U'), ('న', '|'), ('మ', '|'), ('మ', '|'), ('రి', '|'), ('యుం', 'U'), ('డ', '|'), ('స', 'U'), ('త్య', '|'), ('ముం', 'U'), ('డు', 'U'), ('జ్ఞా', 'U'), ('న', '|'), ('స', 'U'), ('త్య', '|'), ('ము', '|'), ('లు', '|'), ('ను', '|'), ('స', '|'), ('మ', '|'), ('మ', '|'), ('యి', '|'), ('న', 'U'), ('ద్వి', '|'), ('జు', '|'), ('డ', '|'), ('గు', '|'), ('వి', 'U'), ('శ్వ', '|'), ('దా', 'U'), ('భి', '|'), ('రా', 'U'), ('మ', '|'), ('వి', '|'), ('న', '|'), ('ర', '|'), ('వే', 'U'), ('మ', '|')]",0.5,-1.0,1.0,0.5,0.0,-1.0
aataveladi,"_x000D_
దాన మొసఁగుకన్నఁ దేజంబు మఱిహెచ్చు
_x000D_
తేజ మొసఁగుకన్నఁ దెలివి హెచ్చు
_x000D_
తెలివికన్న నాసఁ దెగ వేయునది హెచ్చు
_x000D_
విశ్వదాభిరామ వినర వేమ.",vupajaathi,Vemana,"[('దా', 'U'), ('న', '|'), ('మొ', '|'), ('స', '|'), ('గు', '|'), ('క', 'U'), ('న్న', '|'), ('దే', 'U'), ('జం', 'U'), ('బు', '|'), ('మ', '|'), ('ఱి', '|'), ('హె', 'U'), ('చ్చు', '|'), ('తే', 'U'), ('జ', '|'), ('మొ', '|'), ('స', '|'), ('గు', '|'), ('క', 'U'), ('న్న', '|'), ('దె', '|'), ('లి', '|'), ('వి', '|'), ('హె', 'U'), ('చ్చు', '|'), ('తె', '|'), ('లి', '|'), ('వి', '|'), ('క', 'U'), ('న్న', '|'), ('నా', 'U'), ('స', '|'), ('దె', '|'), ('గ', '|'), ('వే', 'U'), ('యు', '|'), ('న', '|'), ('ది', '|'), ('హె', 'U'), ('చ్చు', '|'), ('వి', 'U'), ('శ్వ', '|'), ('దా', 'U'), ('భి', '|'), ('రా', 'U'), ('మ', '|'), ('వి', '|'), ('న', '|'), ('ర', '|'), ('వే', 'U'), ('మ', '|')]",0.9166666666666666,-1.0,1.0,1.0,0.75,-1.0
aataveladi,"_x000D_
దొంగమాటలాడ దొరుకునె మోక్షంబు
_x000D_
చేతగానికూత చెల్ల దెపుడు
_x000D_
గురువుపద్దు గాదు గుణహీన మగుఁగాక
_x000D_
విశ్వదాభిరామ వినర వేమ.",vupajaathi,Vemana,"[('దొం', 'U'), ('గ', '|'), ('మా', 'U'), ('ట', '|'), ('లా', 'U'), ('డ', '|'), ('దొ', '|'), ('రు', '|'), ('కు', '|'), ('నె', '|'), ('మో', 'U'), ('క్షం', 'U'), ('బు', '|'), ('చే', 'U'), ('త', '|'), ('గా', 'U'), ('ని', '|'), ('కూ', 'U'), ('త', '|'), ('చె', 'U'), ('ల్ల', '|'), ('దె', '|'), ('పు', '|'), ('డు', '|'), ('గు', '|'), ('రు', '|'), ('వు', '|'), ('ప', 'U'), ('ద్దు', '|'), ('గా', 'U'), ('దు', '|'), ('గు', '|'), ('ణ', '|'), ('హీ', 'U'), ('న', '|'), ('మ', '|'), ('గు', '|'), ('గా', 'U'), ('క', '|'), ('వి', 'U'), ('శ్వ', '|'), ('దా', 'U'), ('భి', '|'), ('రా', 'U'), ('మ', '|'), ('వి', '|'), ('న', '|'), ('ర', '|'), ('వే', 'U'), ('మ', '|')]",1.0,-1.0,1.0,1.0,1.0,-1.0
aataveladi,"_x000D_
గాలిలేని దీపకళిక చందంబున
_x000D_
నలలుసుళ్లులేని జలధిరీతి
_x000D_
నిశ్చలాత్మయున్న నిర్వికారంబున
_x000D_
ముక్తియండ్రు దాని మొగిని వేమ.",vupajaathi,Vemana,"[('గా', 'U'), ('లి', '|'), ('లే', 'U'), ('ని', '|'), ('దీ', 'U'), ('ప', '|'), ('క', '|'), ('ళి', '|'), ('క', '|'), ('చం', 'U'), ('దం', 'U'), ('బు', '|'), ('న', '|'), ('న', '|'), ('ల', '|'), ('లు', '|'), ('సు', 'U'), ('ళ్లు', '|'), ('లే', 'U'), ('ని', '|'), ('జ', '|'), ('ల', '|'), ('ధి', '|'), ('రీ', 'U'), ('తి', '|'), ('ని', 'U'), ('శ్చ', '|'), ('లా', 'U'), ('త్మ', '|'), ('యు', 'U'), ('న్న', '|'), ('ని', 'U'), ('ర్వి', '|'), ('కా', 'U'), ('రం', 'U'), ('బు', '|'), ('న', '|'), ('ము', 'U'), ('క్తి', '|'), ('యం', 'U'), ('డ్రు', '|'), ('దా', 'U'), ('ని', '|'), ('మొ', '|'), ('గి', '|'), ('ని', '|'), ('వే', 'U'), ('మ', '|')]",1.0,-1.0,1.0,1.0,1.0,-1.0
aataveladi,"_x000D_
మంటలోహమునలు మ్రాను చీలలయందు
_x000D_
పటముగోడలందుఁ బరగ నిసుక
_x000D_
బెట్టనంటునట్ల పెనఁగు దేహముజీవి
_x000D_
విశ్వదాభిరామ వినర వేమ.",vupajaathi,Vemana,"[('మం', 'U'), ('ట', '|'), ('లో', 'U'), ('హ', '|'), ('ము', '|'), ('న', '|'), ('లు', '|'), ('మ్రా', 'U'), ('ను', '|'), ('చీ', 'U'), ('ల', '|'), ('ల', '|'), ('యం', 'U'), ('దు', '|'), ('ప', '|'), ('ట', '|'), ('ము', '|'), ('గో', 'U'), ('డ', '|'), ('లం', 'U'), ('దు', '|'), ('బ', '|'), ('ర', '|'), ('గ', '|'), ('ని', '|'), ('సు', '|'), ('క', '|'), ('బె', 'U'), ('ట్ట', '|'), ('నం', 'U'), ('టు', '|'), ('న', 'U'), ('ట్ల', '|'), ('పె', '|'), ('న', '|'), ('గు', '|'), ('దే', 'U'), ('హ', '|'), ('ము', '|'), ('జీ', 'U'), ('వి', '|'), ('వి', 'U'), ('శ్వ', '|'), ('దా', 'U'), ('భి', '|'), ('రా', 'U'), ('మ', '|'), ('వి', '|'), ('న', '|'), ('ర', '|'), ('వే', 'U'), ('మ', '|')]",1.0,-1.0,1.0,1.0,1.0,-1.0
aataveladi,"_x000D_
కలుషమెల్లఁ దెలియఁ దలవంపులకు మూల
_x000D_
మరయఁదత్వ మెల్ల నాత్మఁబుట్టు
_x000D_
తెలిసినందుకు మఱిధీరుఁడు గావలె
_x000D_
విశ్వదాభిరామ వినర వేమ.",vupajaathi,Vemana,"[('క', '|'), ('లు', '|'), ('ష', '|'), ('మె', 'U'), ('ల్ల', '|'), ('దె', '|'), ('లి', '|'), ('య', '|'), ('ద', '|'), ('ల', '|'), ('వం', 'U'), ('పు', '|'), ('ల', '|'), ('కు', '|'), ('మూ', 'U'), ('ల', '|'), ('మ', '|'), ('ర', '|'), ('య', '|'), ('ద', 'U'), ('త్వ', '|'), ('మె', 'U'), ('ల్ల', '|'), ('నా', 'U'), ('త్మ', '|'), ('బు', 'U'), ('ట్టు', '|'), ('తె', '|'), ('లి', '|'), ('సి', '|'), ('నం', 'U'), ('దు', '|'), ('కు', '|'), ('మ', '|'), ('ఱి', '|'), ('ధీ', 'U'), ('రు', '|'), ('డు', '|'), ('గా', 'U'), ('వ', '|'), ('లె', '|'), ('వి', 'U'), ('శ్వ', '|'), ('దా', 'U'), ('భి', '|'), ('రా', 'U'), ('మ', '|'), ('వి', '|'), ('న', '|'), ('ర', '|'), ('వే', 'U'), ('మ', '|')]",0.9166666666666666,-1.0,1.0,1.0,0.75,-1.0
aataveladi,"_x000D_
అనఁగ ననగ రాగ మతిశయిల్లుచునుండు
_x000D_
తినఁగ దినఁగ వేము దీయనుండు
_x000D_
సాధనమున బనులు సమకూరు ధరలోన
_x000D_
విశ్వదాభిరామ వినర వేమ.",vupajaathi,Vemana,"[('అ', '|'), ('న', '|'), ('గ', '|'), ('న', '|'), ('న', '|'), ('గ', '|'), ('రా', 'U'), ('గ', '|'), ('మ', '|'), ('తి', '|'), ('శ', '|'), ('యి', 'U'), ('ల్లు', '|'), ('చు', '|'), ('నుం', 'U'), ('డు', '|'), ('తి', '|'), ('న', '|'), ('గ', '|'), ('ది', '|'), ('న', '|'), ('గ', '|'), ('వే', 'U'), ('ము', '|'), ('దీ', 'U'), ('య', '|'), ('నుం', 'U'), ('డు', '|'), ('సా', 'U'), ('ధ', '|'), ('న', '|'), ('ము', '|'), ('న', '|'), ('బ', '|'), ('ను', '|'), ('లు', '|'), ('స', '|'), ('మ', '|'), ('కూ', 'U'), ('రు', '|'), ('ధ', '|'), ('ర', '|'), ('లో', 'U'), ('న', '|'), ('వి', 'U'), ('శ్వ', '|'), ('దా', 'U'), ('భి', '|'), ('రా', 'U'), ('మ', '|'), ('వి', '|'), ('న', '|'), ('ర', '|'), ('వే', 'U'), ('మ', '|')]",0.9166666666666666,-1.0,1.0,1.0,0.75,-1.0
aataveladi,"_x000D_
స్థూలము కనుగ్రుడ్డు సూక్ష్మంబు కన్పాప
_x000D_
కంటిపాప నుండు కారణంబు
_x000D_
కారణమున బ్రహ్మకళ నెఱుంగఁగవలె
_x000D_
విశ్వదాభిరామ వినర వేమ.",vupajaathi,Vemana,"[('స్థూ', 'U'), ('ల', '|'), ('ము', '|'), ('క', '|'), ('ను', '|'), ('గ్రు', 'U'), ('డ్డు', '|'), ('సూ', 'U'), ('క్ష్మం', 'U'), ('బు', '|'), ('క', 'U'), ('న్పా', 'U'), ('ప', '|'), ('కం', 'U'), ('టి', '|'), ('పా', 'U'), ('ప', '|'), ('నుం', 'U'), ('డు', '|'), ('కా', 'U'), ('ర', '|'), ('ణం', 'U'), ('బు', '|'), ('కా', 'U'), ('ర', '|'), ('ణ', '|'), ('ము', '|'), ('న', '|'), ('బ్ర', 'U'), ('హ్మ', '|'), ('క', '|'), ('ళ', '|'), ('నె', '|'), ('ఱుం', 'U'), ('గ', '|'), ('గ', '|'), ('వ', '|'), ('లె', '|'), ('వి', 'U'), ('శ్వ', '|'), ('దా', 'U'), ('భి', '|'), ('రా', 'U'), ('మ', '|'), ('వి', '|'), ('న', '|'), ('ర', '|'), ('వే', 'U'), ('మ', '|')]",1.0,-1.0,1.0,1.0,1.0,-1.0
aataveladi,"_x000D_
తేనెతెరలజాడ తేనెటీఁగ యెఱుంగు
_x000D_
సుమరసంబుజాడ భ్రమర మెఱుఁగు
_x000D_
పరమయోగి జాడభక్తుం డెఱుంగును
_x000D_
విశ్వదాభిరామ వినర వేమ.",vupajaathi,Vemana,"[('తే', 'U'), ('నె', '|'), ('తె', '|'), ('ర', '|'), ('ల', '|'), ('జా', 'U'), ('డ', '|'), ('తే', 'U'), ('నె', '|'), ('టీ', 'U'), ('గ', '|'), ('యె', '|'), ('ఱుం', 'U'), ('గు', '|'), ('సు', '|'), ('మ', '|'), ('ర', '|'), ('సం', 'U'), ('బు', '|'), ('జా', 'U'), ('డ', '|'), ('భ్ర', '|'), ('మ', '|'), ('ర', '|'), ('మె', '|'), ('ఱు', '|'), ('గు', '|'), ('ప', '|'), ('ర', '|'), ('మ', '|'), ('యో', 'U'), ('గి', '|'), ('జా', 'U'), ('డ', '|'), ('భ', 'U'), ('క్తుం', 'U'), ('డె', '|'), ('ఱుం', 'U'), ('గు', '|'), ('ను', '|'), ('వి', 'U'), ('శ్వ', '|'), ('దా', 'U'), ('భి', '|'), ('రా', 'U'), ('మ', '|'), ('వి', '|'), ('న', '|'), ('ర', '|'), ('వే', 'U'), ('మ', '|')]",1.0,-1.0,1.0,1.0,1.0,-1.0
aataveladi,"_x000D_
అడవి దిరుగ లేదు ఆకసమున లేదు
_x000D_
అవనిఁ దీర్థయాత్రలందు లేదు
_x000D_
ఒడలు సిద్ధిఁజేసి యొడయని జూడరా
_x000D_
విశ్వదాభిరామ వినర వేమ.",vupajaathi,Vemana,"[('అ', '|'), ('డ', '|'), ('వి', '|'), ('ది', '|'), ('రు', '|'), ('గ', '|'), ('లే', 'U'), ('దు', '|'), ('ఆ', 'U'), ('క', '|'), ('స', '|'), ('ము', '|'), ('న', '|'), ('లే', 'U'), ('దు', '|'), ('అ', '|'), ('వ', '|'), ('ని', '|'), ('దీ', 'U'), ('ర్థ', '|'), ('యా', 'U'), ('త్ర', '|'), ('లం', 'U'), ('దు', '|'), ('లే', 'U'), ('దు', '|'), ('ఒ', '|'), ('డ', '|'), ('లు', '|'), ('సి', 'U'), ('ద్ధి', '|'), ('జే', 'U'), ('సి', '|'), ('యొ', '|'), ('డ', '|'), ('య', '|'), ('ని', '|'), ('జూ', 'U'), ('డ', '|'), ('రా', 'U'), ('వి', 'U'), ('శ్వ', '|'), ('దా', 'U'), ('భి', '|'), ('రా', 'U'), ('మ', '|'), ('వి', '|'), ('న', '|'), ('ర', '|'), ('వే', 'U'), ('మ', '|')]",0.9166666666666666,-1.0,1.0,1.0,0.75,-1.0
aataveladi,"_x000D_
కప్పురంబు మనసు గాంక్షించుయోగికి
_x000D_
జ్ఞానదీపశిఖయుఁ దానటించుఁ
_x000D_
గానవచ్చు నాత్మ క్రమమాణమై నిచ్చ
_x000D_
విశ్వదాభిరామ వినర వేమ.",vupajaathi,Vemana,"[('క', 'U'), ('ప్పు', '|'), ('రం', 'U'), ('బు', '|'), ('మ', '|'), ('న', '|'), ('సు', '|'), ('గాం', 'U'), ('క్షిం', 'U'), ('చు', '|'), ('యో', 'U'), ('గి', '|'), ('కి', 'U'), ('జ్ఞా', 'U'), ('న', '|'), ('దీ', 'U'), ('ప', '|'), ('శి', '|'), ('ఖ', '|'), ('యు', '|'), ('దా', 'U'), ('న', '|'), ('టిం', 'U'), ('చు', '|'), ('గా', 'U'), ('న', '|'), ('వ', 'U'), ('చ్చు', '|'), ('నా', 'U'), ('త్మ', '|'), ('క్ర', '|'), ('మ', '|'), ('మా', 'U'), ('ణ', '|'), ('మై', 'U'), ('ని', 'U'), ('చ్చ', '|'), ('వి', 'U'), ('శ్వ', '|'), ('దా', 'U'), ('భి', '|'), ('రా', 'U'), ('మ', '|'), ('వి', '|'), ('న', '|'), ('ర', '|'), ('వే', 'U'), ('మ', '|')]",1.0,-1.0,1.0,1.0,1.0,-1.0
kandamu,"_x000D_
నీ వాడిన నే నాడుదు
_x000D_
నీవుండిన నేను నుందు నిర్విణ్ణుఁడనై
_x000D_
నీవు తలంచినఁదలఁపుదు
_x000D_
నీవు నగిన నేను నగుదు నిజముగ వేమా.",jaathi,Vemana,"[('నీ', 'U'), ('వా', 'U'), ('డి', '|'), ('న', '|'), ('నే', 'U'), ('నా', 'U'), ('డు', '|'), ('దు', '|'), ('నీ', 'U'), ('వుం', 'U'), ('డి', '|'), ('న', '|'), ('నే', 'U'), ('ను', '|'), ('నుం', 'U'), ('దు', '|'), ('ని', 'U'), ('ర్వి', 'U'), ('ణ్ణు', '|'), ('డ', '|'), ('నై', 'U'), ('నీ', 'U'), ('వు', '|'), ('త', '|'), ('లం', 'U'), ('చి', '|'), ('న', '|'), ('ద', '|'), ('ల', '|'), ('పు', '|'), ('దు', '|'), ('నీ', 'U'), ('వు', '|'), ('న', '|'), ('గి', '|'), ('న', '|'), ('నే', 'U'), ('ను', '|'), ('న', '|'), ('గు', '|'), ('దు', '|'), ('ని', '|'), ('జ', '|'), ('ము', '|'), ('గ', '|'), ('వే', 'U'), ('మా', 'U')]",1.0,-1.0,1.0,1.0,1.0,1.0
aataveladi,"_x000D_
నీరు కార మాయె కారంబు నీరాయె
_x000D_
కారమైన నీరుకార మాయె
_x000D_
కారమందు నీరు కడురమ్యమైయుండు
_x000D_
విశ్వదాభిరామ వినర వేమ.",vupajaathi,Vemana,"[('నీ', 'U'), ('రు', '|'), ('కా', 'U'), ('ర', '|'), ('మా', 'U'), ('యె', '|'), ('కా', 'U'), ('రం', 'U'), ('బు', '|'), ('నీ', 'U'), ('రా', 'U'), ('యె', '|'), ('కా', 'U'), ('ర', '|'), ('మై', 'U'), ('న', '|'), ('నీ', 'U'), ('రు', '|'), ('కా', 'U'), ('ర', '|'), ('మా', 'U'), ('యె', '|'), ('కా', 'U'), ('ర', '|'), ('మం', 'U'), ('దు', '|'), ('నీ', 'U'), ('రు', '|'), ('క', '|'), ('డు', '|'), ('ర', 'U'), ('మ్య', '|'), ('మై', 'U'), ('యుం', 'U'), ('డు', '|'), ('వి', 'U'), ('శ్వ', '|'), ('దా', 'U'), ('భి', '|'), ('రా', 'U'), ('మ', '|'), ('వి', '|'), ('న', '|'), ('ర', '|'), ('వే', 'U'), ('మ', '|')]",1.0,-1.0,1.0,1.0,1.0,-1.0
aataveladi,"_x000D_
శివుని యనుభవంబు సృష్టిలోపల లేక
_x000D_
సంశయంబు చెడదు సాధకులకు
_x000D_
చెలగుఁదివ్వె లేక చీఁకటిపాయునా?
_x000D_
విశ్వదాభిరామ వినర వేమ.",vupajaathi,Vemana,"[('శి', '|'), ('వు', '|'), ('ని', '|'), ('య', '|'), ('ను', '|'), ('భ', '|'), ('వం', 'U'), ('బు', '|'), ('సృ', 'U'), ('ష్టి', '|'), ('లో', 'U'), ('ప', '|'), ('ల', '|'), ('లే', 'U'), ('క', '|'), ('సం', 'U'), ('శ', '|'), ('యం', 'U'), ('బు', '|'), ('చె', '|'), ('డ', '|'), ('దు', '|'), ('సా', 'U'), ('ధ', '|'), ('కు', '|'), ('ల', '|'), ('కు', '|'), ('చె', '|'), ('ల', '|'), ('గు', '|'), ('ది', 'U'), ('వ్వె', '|'), ('లే', 'U'), ('క', '|'), ('చీ', 'U'), ('క', '|'), ('టి', '|'), ('పా', 'U'), ('యు', '|'), ('నా', 'U'), ('వి', 'U'), ('శ్వ', '|'), ('దా', 'U'), ('భి', '|'), ('రా', 'U'), ('మ', '|'), ('వి', '|'), ('న', '|'), ('ర', '|'), ('వే', 'U'), ('మ', '|')]",0.9166666666666666,-1.0,1.0,1.0,0.75,-1.0
aataveladi,"_x000D_
ఇంద్రియములచేత నెగ్గొందుచుండెడు
_x000D_
వెఱ్ఱిమనుజుఁ డేల వెదకు శివుని?
_x000D_
ఇంద్రియముల రోసి యీశునిఁ జూడరా
_x000D_
విశ్వదాభిరామ వినర వేమ.",vupajaathi,Vemana,"[('ఇం', 'U'), ('ద్రి', '|'), ('య', '|'), ('ము', '|'), ('ల', '|'), ('చే', 'U'), ('త', '|'), ('నె', 'U'), ('గ్గొం', 'U'), ('దు', '|'), ('చుం', 'U'), ('డె', '|'), ('డు', '|'), ('వె', 'U'), ('ఱ్ఱి', '|'), ('మ', '|'), ('ను', '|'), ('జు', '|'), ('డే', 'U'), ('ల', '|'), ('వె', '|'), ('ద', '|'), ('కు', '|'), ('శి', '|'), ('వు', '|'), ('ని', '|'), ('ఇం', 'U'), ('ద్రి', '|'), ('య', '|'), ('ము', '|'), ('ల', '|'), ('రో', 'U'), ('సి', '|'), ('యీ', 'U'), ('శు', '|'), ('ని', '|'), ('జూ', 'U'), ('డ', '|'), ('రా', 'U'), ('వి', 'U'), ('శ్వ', '|'), ('దా', 'U'), ('భి', '|'), ('రా', 'U'), ('మ', '|'), ('వి', '|'), ('న', '|'), ('ర', '|'), ('వే', 'U'), ('మ', '|')]",0.8333333333333334,-1.0,1.0,1.0,0.5,-1.0
aataveladi,"_x000D_
కడుపునిండ సుధను గ్రమముతోఁ ద్రావిన
_x000D_
బాలమీఁద నేల పాఱు మనసు?
_x000D_
తత్వ మెఱుఁగువెనుక తన్వంగు లేటికో?
_x000D_
విశ్వదాభిరామ వినర వేమ.",vupajaathi,Vemana,"[('క', '|'), ('డు', '|'), ('పు', '|'), ('నిం', 'U'), ('డ', '|'), ('సు', '|'), ('ధ', '|'), ('ను', '|'), ('గ్ర', '|'), ('మ', '|'), ('ము', '|'), ('తో', 'U'), ('ద్రా', 'U'), ('వి', '|'), ('న', '|'), ('బా', 'U'), ('ల', '|'), ('మీ', 'U'), ('ద', '|'), ('నే', 'U'), ('ల', '|'), ('పా', 'U'), ('ఱు', '|'), ('మ', '|'), ('న', '|'), ('సు', '|'), ('త', 'U'), ('త్వ', '|'), ('మె', '|'), ('ఱు', '|'), ('గు', '|'), ('వె', '|'), ('ను', '|'), ('క', '|'), ('త', 'U'), ('న్వం', 'U'), ('గు', '|'), ('లే', 'U'), ('టి', '|'), ('కో', 'U'), ('వి', 'U'), ('శ్వ', '|'), ('దా', 'U'), ('భి', '|'), ('రా', 'U'), ('మ', '|'), ('వి', '|'), ('న', '|'), ('ర', '|'), ('వే', 'U'), ('మ', '|')]",1.0,-1.0,1.0,1.0,1.0,-1.0
aataveladi,"_x000D_
ఉత్తమోత్తముండు తత్వజ్ఞుఁ డిలమీద
_x000D_
మహిమఁజూపువాఁడు మధ్యముండు
_x000D_
వేషధారి యుదరపోషకుఁడధముండు
_x000D_
విశ్వదాభిరామ వినర వేమ.",vupajaathi,Vemana,"[('ఉ', 'U'), ('త్త', '|'), ('మో', 'U'), ('త్త', '|'), ('ముం', 'U'), ('డు', '|'), ('త', 'U'), ('త్వ', 'U'), ('జ్ఞు', '|'), ('డి', '|'), ('ల', '|'), ('మీ', 'U'), ('ద', '|'), ('మ', '|'), ('హి', '|'), ('మ', '|'), ('జూ', 'U'), ('పు', '|'), ('వా', 'U'), ('డు', '|'), ('మ', 'U'), ('ధ్య', '|'), ('ముం', 'U'), ('డు', '|'), ('వే', 'U'), ('ష', '|'), ('ధా', 'U'), ('రి', '|'), ('యు', '|'), ('ద', '|'), ('ర', '|'), ('పో', 'U'), ('ష', '|'), ('కు', '|'), ('డ', '|'), ('ధ', '|'), ('ముం', 'U'), ('డు', '|'), ('వి', 'U'), ('శ్వ', '|'), ('దా', 'U'), ('భి', '|'), ('రా', 'U'), ('మ', '|'), ('వి', '|'), ('న', '|'), ('ర', '|'), ('వే', 'U'), ('మ', '|')]",0.9166666666666666,-1.0,1.0,1.0,0.75,-1.0
aataveladi,"_x000D_
హృదయమందు నున్నయీశుని దెలియక
_x000D_
శిలలనెల్ల మ్రొక్కుజీవులార
_x000D_
శిలల నేమియుండు జీవులందే కాక
_x000D_
విశ్వదాభిరామ వినర వేమ.",vupajaathi,Vemana,"[('హృ', '|'), ('ద', '|'), ('య', '|'), ('మం', 'U'), ('దు', '|'), ('ను', 'U'), ('న్న', '|'), ('యీ', 'U'), ('శు', '|'), ('ని', '|'), ('దె', '|'), ('లి', '|'), ('య', '|'), ('క', '|'), ('శి', '|'), ('ల', '|'), ('ల', '|'), ('నె', 'U'), ('ల్ల', '|'), ('మ్రొ', 'U'), ('క్కు', '|'), ('జీ', 'U'), ('వు', '|'), ('లా', 'U'), ('ర', '|'), ('శి', '|'), ('ల', '|'), ('ల', '|'), ('నే', 'U'), ('మి', '|'), ('యుం', 'U'), ('డు', '|'), ('జీ', 'U'), ('వు', '|'), ('లం', 'U'), ('దే', 'U'), ('కా', 'U'), ('క', '|'), ('వి', 'U'), ('శ్వ', '|'), ('దా', 'U'), ('భి', '|'), ('రా', 'U'), ('మ', '|'), ('వి', '|'), ('న', '|'), ('ర', '|'), ('వే', 'U'), ('మ', '|')]",1.0,-1.0,1.0,1.0,1.0,-1.0
aataveladi,"_x000D_
గంగగోవుపాలు గరిటెడైనను జాలు
_x000D_
కడివెడైననేమి ఖరముపాలు
_x000D_
భక్తిగలుగుకూడు పట్టెడైనను జాలు
_x000D_
విశ్వదాభిరామ వినర వేమ.",vupajaathi,Vemana,"[('గం', 'U'), ('గ', '|'), ('గో', 'U'), ('వు', '|'), ('పా', 'U'), ('లు', '|'), ('గ', '|'), ('రి', '|'), ('టె', '|'), ('డై', 'U'), ('న', '|'), ('ను', '|'), ('జా', 'U'), ('లు', '|'), ('క', '|'), ('డి', '|'), ('వె', '|'), ('డై', 'U'), ('న', '|'), ('నే', 'U'), ('మి', '|'), ('ఖ', '|'), ('ర', '|'), ('ము', '|'), ('పా', 'U'), ('లు', '|'), ('భ', 'U'), ('క్తి', '|'), ('గ', '|'), ('లు', '|'), ('గు', '|'), ('కూ', 'U'), ('డు', '|'), ('ప', 'U'), ('ట్టె', '|'), ('డై', 'U'), ('న', '|'), ('ను', '|'), ('జా', 'U'), ('లు', '|'), ('వి', 'U'), ('శ్వ', '|'), ('దా', 'U'), ('భి', '|'), ('రా', 'U'), ('మ', '|'), ('వి', '|'), ('న', '|'), ('ర', '|'), ('వే', 'U'), ('మ', '|')]",1.0,-1.0,1.0,1.0,1.0,-1.0
aataveladi,"_x000D_
బండమీఁద చెలమ పాటించిత్రవ్విన
_x000D_
నలయి కెక్కుడౌను నాశలేదు
_x000D_
గుంటపట్టు చెలమ కులముద్ధరించురా
_x000D_
విశ్వదాభిరామ వినర వేమ.",vupajaathi,Vemana,"[('బం', 'U'), ('డ', '|'), ('మీ', 'U'), ('ద', '|'), ('చె', '|'), ('ల', '|'), ('మ', '|'), ('పా', 'U'), ('టిం', 'U'), ('చి', '|'), ('త్ర', 'U'), ('వ్వి', '|'), ('న', '|'), ('న', '|'), ('ల', '|'), ('యి', '|'), ('కె', 'U'), ('క్కు', '|'), ('డౌ', 'U'), ('ను', '|'), ('నా', 'U'), ('శ', '|'), ('లే', 'U'), ('దు', '|'), ('గుం', 'U'), ('ట', '|'), ('ప', 'U'), ('ట్టు', '|'), ('చె', '|'), ('ల', '|'), ('మ', '|'), ('కు', '|'), ('ల', '|'), ('ము', 'U'), ('ద్ధ', '|'), ('రిం', 'U'), ('చు', '|'), ('రా', 'U'), ('వి', 'U'), ('శ్వ', '|'), ('దా', 'U'), ('భి', '|'), ('రా', 'U'), ('మ', '|'), ('వి', '|'), ('న', '|'), ('ర', '|'), ('వే', 'U'), ('మ', '|')]",1.0,-1.0,1.0,1.0,1.0,-1.0
aataveladi,"_x000D_
కాకిగూటిలోన కోకిల మున్నట్లు
_x000D_
భ్రమర మగుచుపురుగు బ్రతికినట్లు
_x000D_
గురుని గొల్చువెనుక గురువు తా నౌనయా
_x000D_
విశ్వదాభిరామ వినర వేమ.",vupajaathi,Vemana,"[('కా', 'U'), ('కి', '|'), ('గూ', 'U'), ('టి', '|'), ('లో', 'U'), ('న', '|'), ('కో', 'U'), ('కి', '|'), ('ల', '|'), ('ము', 'U'), ('న్న', 'U'), ('ట్లు', '|'), ('భ్ర', '|'), ('మ', '|'), ('ర', '|'), ('మ', '|'), ('గు', '|'), ('చు', '|'), ('పు', '|'), ('రు', '|'), ('గు', '|'), ('బ్ర', '|'), ('తి', '|'), ('కి', '|'), ('న', 'U'), ('ట్లు', '|'), ('గు', '|'), ('రు', '|'), ('ని', '|'), ('గొ', 'U'), ('ల్చు', '|'), ('వె', '|'), ('ను', '|'), ('క', '|'), ('గు', '|'), ('రు', '|'), ('వు', '|'), ('తా', 'U'), ('నౌ', 'U'), ('న', '|'), ('యా', 'U'), ('వి', 'U'), ('శ్వ', '|'), ('దా', 'U'), ('భి', '|'), ('రా', 'U'), ('మ', '|'), ('వి', '|'), ('న', '|'), ('ర', '|'), ('వే', 'U'), ('మ', '|')]",1.0,-1.0,1.0,1.0,1.0,-1.0
aataveladi,"_x000D_
మాట దిద్దవచ్చు మఱియెగ్గు లేకుండ
_x000D_
దిద్దవచ్చు ఱాతిఁదిన్నగాను
_x000D_
మనసు దిద్దరాదు మహి నెంతవారికి
_x000D_
విశ్వదాభిరామ వినర వేమ.",vupajaathi,Vemana,"[('మా', 'U'), ('ట', '|'), ('ది', 'U'), ('ద్ద', '|'), ('వ', 'U'), ('చ్చు', '|'), ('మ', '|'), ('ఱి', '|'), ('యె', 'U'), ('గ్గు', '|'), ('లే', 'U'), ('కుం', 'U'), ('డ', '|'), ('ది', 'U'), ('ద్ద', '|'), ('వ', 'U'), ('చ్చు', '|'), ('ఱా', 'U'), ('తి', '|'), ('ది', 'U'), ('న్న', '|'), ('గా', 'U'), ('ను', '|'), ('మ', '|'), ('న', '|'), ('సు', '|'), ('ది', 'U'), ('ద్ద', '|'), ('రా', 'U'), ('దు', '|'), ('మ', '|'), ('హి', '|'), ('నెం', 'U'), ('త', '|'), ('వా', 'U'), ('రి', '|'), ('కి', '|'), ('వి', 'U'), ('శ్వ', '|'), ('దా', 'U'), ('భి', '|'), ('రా', 'U'), ('మ', '|'), ('వి', '|'), ('న', '|'), ('ర', '|'), ('వే', 'U'), ('మ', '|')]",1.0,-1.0,1.0,1.0,1.0,-1.0
aataveladi,"_x000D_
మనసునందు ముక్తిమలయుచు నుండంగ
_x000D_
మనసు లెఱుఁగలేక మనుజులెల్ల
_x000D_
మనసు నంటలేక మాయమై పోదురు
_x000D_
విశ్వదాభిరామ వినర వేమ.",vupajaathi,Vemana,"[('మ', '|'), ('న', '|'), ('సు', '|'), ('నం', 'U'), ('దు', '|'), ('ము', 'U'), ('క్తి', '|'), ('మ', '|'), ('ల', '|'), ('యు', '|'), ('చు', '|'), ('నుం', 'U'), ('డం', 'U'), ('గ', '|'), ('మ', '|'), ('న', '|'), ('సు', '|'), ('లె', '|'), ('ఱు', '|'), ('గ', '|'), ('లే', 'U'), ('క', '|'), ('మ', '|'), ('ను', '|'), ('జు', '|'), ('లె', 'U'), ('ల్ల', '|'), ('మ', '|'), ('న', '|'), ('సు', '|'), ('నం', 'U'), ('ట', '|'), ('లే', 'U'), ('క', '|'), ('మా', 'U'), ('య', '|'), ('మై', 'U'), ('పో', 'U'), ('దు', '|'), ('రు', '|'), ('వి', 'U'), ('శ్వ', '|'), ('దా', 'U'), ('భి', '|'), ('రా', 'U'), ('మ', '|'), ('వి', '|'), ('న', '|'), ('ర', '|'), ('వే', 'U'), ('మ', '|')]",1.0,-1.0,1.0,1.0,1.0,-1.0
aataveladi,"_x000D_
మనసు ముక్తియనుచు మది నెఱుంగఁగలేరు
_x000D_
మనసుచేతఁ దగిలి మాయమైరి
_x000D_
మనసు తానయైన మర్మజ్ఞుడగు యోగి
_x000D_
విశ్వదాభిరామ వినర వేమ.",vupajaathi,Vemana,"[('మ', '|'), ('న', '|'), ('సు', '|'), ('ము', 'U'), ('క్తి', '|'), ('య', '|'), ('ను', '|'), ('చు', '|'), ('మ', '|'), ('ది', '|'), ('నె', '|'), ('ఱుం', 'U'), ('గ', '|'), ('గ', '|'), ('లే', 'U'), ('రు', '|'), ('మ', '|'), ('న', '|'), ('సు', '|'), ('చే', 'U'), ('త', '|'), ('ద', '|'), ('గి', '|'), ('లి', '|'), ('మా', 'U'), ('య', '|'), ('మై', 'U'), ('రి', '|'), ('మ', '|'), ('న', '|'), ('సు', '|'), ('తా', 'U'), ('న', '|'), ('యై', 'U'), ('న', '|'), ('మ', 'U'), ('ర్మ', 'U'), ('జ్ఞు', '|'), ('డ', '|'), ('గు', '|'), ('యో', 'U'), ('గి', '|'), ('వి', 'U'), ('శ్వ', '|'), ('దా', 'U'), ('భి', '|'), ('రా', 'U'), ('మ', '|'), ('వి', '|'), ('న', '|'), ('ర', '|'), ('వే', 'U'), ('మ', '|')]",1.0,-1.0,1.0,1.0,1.0,-1.0
aataveladi,"_x000D_
మదినెఱిఁగినవాని మహిఁగాన నెందును
_x000D_
మది నెఱుంగువాఁడు మహిని నరుఁడు
_x000D_
వెదకి తనువులోన వేడ్కతో నినుఁజూచు
_x000D_
విశ్వదాభిరామ వినర వేమ.",vupajaathi,Vemana,"[('మ', '|'), ('ది', '|'), ('నె', '|'), ('ఱి', '|'), ('గి', '|'), ('న', '|'), ('వా', 'U'), ('ని', '|'), ('మ', '|'), ('హి', '|'), ('గా', 'U'), ('న', '|'), ('నెం', 'U'), ('దు', '|'), ('ను', '|'), ('మ', '|'), ('ది', '|'), ('నె', '|'), ('ఱుం', 'U'), ('గు', '|'), ('వా', 'U'), ('డు', '|'), ('మ', '|'), ('హి', '|'), ('ని', '|'), ('న', '|'), ('రు', '|'), ('డు', '|'), ('వె', '|'), ('ద', '|'), ('కి', '|'), ('త', '|'), ('ను', '|'), ('వు', '|'), ('లో', 'U'), ('న', '|'), ('వే', 'U'), ('డ్క', '|'), ('తో', 'U'), ('ని', '|'), ('ను', '|'), ('జూ', 'U'), ('చు', '|'), ('వి', 'U'), ('శ్వ', '|'), ('దా', 'U'), ('భి', '|'), ('రా', 'U'), ('మ', '|'), ('వి', '|'), ('న', '|'), ('ర', '|'), ('వే', 'U'), ('మ', '|')]",1.0,-1.0,1.0,1.0,1.0,-1.0
aataveladi,"_x000D_
బ్రహ్మమును నెఱుఁగవు భావమందుండిన
_x000D_
తనువు గుడిగఁ జేసి తన్ను నిలిపి
_x000D_
లోకబుద్ధివిడిచి లోఁజూపు చూడరా
_x000D_
విశ్వదాభిరామ వినర వేమ.",vupajaathi,Vemana,"[('బ్ర', 'U'), ('హ్మ', '|'), ('ము', '|'), ('ను', '|'), ('నె', '|'), ('ఱు', '|'), ('గ', '|'), ('వు', '|'), ('భా', 'U'), ('వ', '|'), ('మం', 'U'), ('దుం', 'U'), ('డి', '|'), ('న', '|'), ('త', '|'), ('ను', '|'), ('వు', '|'), ('గు', '|'), ('డి', '|'), ('గ', '|'), ('జే', 'U'), ('సి', '|'), ('త', 'U'), ('న్ను', '|'), ('ని', '|'), ('లి', '|'), ('పి', '|'), ('లో', 'U'), ('క', '|'), ('బు', 'U'), ('ద్ధి', '|'), ('వి', '|'), ('డి', '|'), ('చి', '|'), ('లో', 'U'), ('జూ', 'U'), ('పు', '|'), ('చూ', 'U'), ('డ', '|'), ('రా', 'U'), ('వి', 'U'), ('శ్వ', '|'), ('దా', 'U'), ('భి', '|'), ('రా', 'U'), ('మ', '|'), ('వి', '|'), ('న', '|'), ('ర', '|'), ('వే', 'U'), ('మ', '|')]",1.0,-1.0,1.0,1.0,1.0,-1.0
aataveladi,"_x000D_
నిన్నుఁజూచుచుండ నిండును దత్వంబు
_x000D_
తన్నుఁ జూచుచుండఁ దగులు మాయ
_x000D_
నిన్ను నెఱిఁగినపుడె తన్నుఁదా నెఱుఁగును
_x000D_
విశ్వదాభిరామ వినర వేమ.",vupajaathi,Vemana,"[('ని', 'U'), ('న్ను', '|'), ('జూ', 'U'), ('చు', '|'), ('చుం', 'U'), ('డ', '|'), ('నిం', 'U'), ('డు', '|'), ('ను', '|'), ('ద', 'U'), ('త్వం', 'U'), ('బు', '|'), ('త', 'U'), ('న్ను', '|'), ('జూ', 'U'), ('చు', '|'), ('చుం', 'U'), ('డ', '|'), ('ద', '|'), ('గు', '|'), ('లు', '|'), ('మా', 'U'), ('య', '|'), ('ని', 'U'), ('న్ను', '|'), ('నె', '|'), ('ఱి', '|'), ('గి', '|'), ('న', '|'), ('పు', '|'), ('డె', '|'), ('త', 'U'), ('న్ను', '|'), ('దా', 'U'), ('నె', '|'), ('ఱు', '|'), ('గు', '|'), ('ను', '|'), ('వి', 'U'), ('శ్వ', '|'), ('దా', 'U'), ('భి', '|'), ('రా', 'U'), ('మ', '|'), ('వి', '|'), ('న', '|'), ('ర', '|'), ('వే', 'U'), ('మ', '|')]",1.0,-1.0,1.0,1.0,1.0,-1.0
aataveladi,"_x000D_
గాలి గాలి గలసె గగనంబు గగనంబు
_x000D_
మన్ను మన్ను గలసె మంట మంట
_x000D_
నీరు నీటఁ గలసె నిర్మలంబయి యుండె
_x000D_
విశ్వదాభిరామ వినర వేమ.",vupajaathi,Vemana,"[('గా', 'U'), ('లి', '|'), ('గా', 'U'), ('లి', '|'), ('గ', '|'), ('ల', '|'), ('సె', '|'), ('గ', '|'), ('గ', '|'), ('నం', 'U'), ('బు', '|'), ('గ', '|'), ('గ', '|'), ('నం', 'U'), ('బు', '|'), ('మ', 'U'), ('న్ను', '|'), ('మ', 'U'), ('న్ను', '|'), ('గ', '|'), ('ల', '|'), ('సె', '|'), ('మం', 'U'), ('ట', '|'), ('మం', 'U'), ('ట', '|'), ('నీ', 'U'), ('రు', '|'), ('నీ', 'U'), ('ట', '|'), ('గ', '|'), ('ల', '|'), ('సె', '|'), ('ని', 'U'), ('ర్మ', '|'), ('లం', 'U'), ('బ', '|'), ('యి', '|'), ('యుం', 'U'), ('డె', '|'), ('వి', 'U'), ('శ్వ', '|'), ('దా', 'U'), ('భి', '|'), ('రా', 'U'), ('మ', '|'), ('వి', '|'), ('న', '|'), ('ర', '|'), ('వే', 'U'), ('మ', '|')]",1.0,-1.0,1.0,1.0,1.0,-1.0
aataveladi,"_x000D_
వెదక వెదకఁ దొఱకు వేదాంతవేద్యుండు
_x000D_
వెదకువానిఁ దాను వెదకుచుండు
_x000D_
వెదకనేర్చునట్టి వెరవరుల్‌ గలరొకో
_x000D_
విశ్వదాభిరామ వినర వేమ.",vupajaathi,Vemana,"[('వె', '|'), ('ద', '|'), ('క', '|'), ('వె', '|'), ('ద', '|'), ('క', '|'), ('దొ', '|'), ('ఱ', '|'), ('కు', '|'), ('వే', 'U'), ('దాం', 'U'), ('త', '|'), ('వే', 'U'), ('ద్యుం', 'U'), ('డు', '|'), ('వె', '|'), ('ద', '|'), ('కు', '|'), ('వా', 'U'), ('ని', '|'), ('దా', 'U'), ('ను', '|'), ('వె', '|'), ('ద', '|'), ('కు', '|'), ('చుం', 'U'), ('డు', '|'), ('వె', '|'), ('ద', '|'), ('క', '|'), ('నే', 'U'), ('ర్చు', '|'), ('న', 'U'), ('ట్టి', '|'), ('వె', '|'), ('ర', '|'), ('వ', '|'), ('రు', 'U'), ('ల్గ', '|'), ('ల', '|'), ('రొ', '|'), ('కో', 'U'), ('వి', 'U'), ('శ్వ', '|'), ('దా', 'U'), ('భి', '|'), ('రా', 'U'), ('మ', '|'), ('వి', '|'), ('న', '|'), ('ర', '|'), ('వే', 'U'), ('మ', '|')]",1.0,-1.0,1.0,1.0,1.0,-1.0
kandamu,"_x000D_
తను వలచినఁదా వలచును
_x000D_
దను వలవక యున్నఁదన్ను దా వలవడిల\న్‌
_x000D_
దనదు పటాటోపంబులు
_x000D_
తనమాయలు పనికిరావు ధరలో వేమా.",jaathi,Vemana,"[('త', '|'), ('ను', '|'), ('వ', '|'), ('ల', '|'), ('చి', '|'), ('న', '|'), ('దా', 'U'), ('వ', '|'), ('ల', '|'), ('చు', '|'), ('ను', '|'), ('ద', '|'), ('ను', '|'), ('వ', '|'), ('ల', '|'), ('వ', '|'), ('క', '|'), ('యు', 'U'), ('న్న', '|'), ('ద', 'U'), ('న్ను', '|'), ('దా', 'U'), ('వ', '|'), ('ల', '|'), ('వ', '|'), ('డి', '|'), ('లన్', 'U'), ('ద', '|'), ('న', '|'), ('దు', '|'), ('ప', '|'), ('టా', 'U'), ('టో', 'U'), ('పం', 'U'), ('బు', '|'), ('లు', '|'), ('త', '|'), ('న', '|'), ('మా', 'U'), ('య', '|'), ('లు', '|'), ('ప', '|'), ('ని', '|'), ('కి', '|'), ('రా', 'U'), ('వు', '|'), ('ధ', '|'), ('ర', '|'), ('లో', 'U'), ('వే', 'U'), ('మా', 'U')]",1.0,-1.0,1.0,1.0,1.0,1.0
aataveladi,"_x000D_
స్వానుభూతిలేక శాస్త్రవాసనలచే
_x000D_
సంశయంబు చెడదు సాధకునకుఁ
_x000D_
జిత్రదీపమునకు జీఁకటి చెడనట్లు
_x000D_
విశ్వదాభిరామ వినర వేమ.",vupajaathi,Vemana,"[('స్వా', 'U'), ('ను', '|'), ('భూ', 'U'), ('తి', '|'), ('లే', 'U'), ('క', '|'), ('శా', 'U'), ('స్త్ర', '|'), ('వా', 'U'), ('స', '|'), ('న', '|'), ('ల', '|'), ('చే', 'U'), ('సం', 'U'), ('శ', '|'), ('యం', 'U'), ('బు', '|'), ('చె', '|'), ('డ', '|'), ('దు', '|'), ('సా', 'U'), ('ధ', '|'), ('కు', '|'), ('న', '|'), ('కు', '|'), ('జి', '|'), ('త్ర', '|'), ('దీ', 'U'), ('ప', '|'), ('ము', '|'), ('న', '|'), ('కు', '|'), ('జీ', 'U'), ('క', '|'), ('టి', '|'), ('చె', '|'), ('డ', '|'), ('న', 'U'), ('ట్లు', '|'), ('వి', 'U'), ('శ్వ', '|'), ('దా', 'U'), ('భి', '|'), ('రా', 'U'), ('మ', '|'), ('వి', '|'), ('న', '|'), ('ర', '|'), ('వే', 'U'), ('మ', '|')]",0.7333333333333334,-1.0,1.0,0.7,0.5,-1.0
kandamu,"_x000D_
శాంతమున సకలకార్యము
_x000D_
సంతోషంబునను బొందు సత్యము జయమౌ
_x000D_
పంతము చెల్లును ధర్మజుఁ
_x000D_
డెంతేసి ప్రయాసముల జయించెను వేమా.",jaathi,Vemana,"[('శాం', 'U'), ('త', '|'), ('ము', '|'), ('న', '|'), ('స', '|'), ('క', '|'), ('ల', '|'), ('కా', 'U'), ('ర్య', '|'), ('ము', '|'), ('సం', 'U'), ('తో', 'U'), ('షం', 'U'), ('బు', '|'), ('న', '|'), ('ను', '|'), ('బొం', 'U'), ('దు', '|'), ('స', 'U'), ('త్య', '|'), ('ము', '|'), ('జ', '|'), ('య', '|'), ('మౌ', 'U'), ('పం', 'U'), ('త', '|'), ('ము', '|'), ('చె', 'U'), ('ల్లు', '|'), ('ను', '|'), ('ధ', 'U'), ('ర్మ', '|'), ('జు', '|'), ('డెం', 'U'), ('తే', 'U'), ('సి', '|'), ('ప్ర', '|'), ('యా', 'U'), ('స', '|'), ('ము', '|'), ('ల', '|'), ('జ', '|'), ('యిం', 'U'), ('చె', '|'), ('ను', '|'), ('వే', 'U'), ('మా', 'U')]",0.875,-1.0,1.0,1.0,0.5,1.0
aataveladi,"_x000D_
ఉర్విజనులు పరమయోగీశ్వరునిఁ జూచి
_x000D_
తెగడువారె గాని తెలియలేరు
_x000D_
అమృతస్వాదురుచులహస్త మేమెఱుఁగును
_x000D_
విశ్వదాభిరామ వినర వేమ.",vupajaathi,Vemana,"[('ఉ', 'U'), ('ర్వి', '|'), ('జ', '|'), ('ను', '|'), ('లు', '|'), ('ప', '|'), ('ర', '|'), ('మ', '|'), ('యో', 'U'), ('గీ', 'U'), ('శ్వ', '|'), ('రు', '|'), ('ని', '|'), ('జూ', 'U'), ('చి', '|'), ('తె', '|'), ('గ', '|'), ('డు', '|'), ('వా', 'U'), ('రె', '|'), ('గా', 'U'), ('ని', '|'), ('తె', '|'), ('లి', '|'), ('య', '|'), ('లే', 'U'), ('రు', '|'), ('అ', '|'), ('మృ', '|'), ('త', 'U'), ('స్వా', 'U'), ('దు', '|'), ('రు', '|'), ('చు', '|'), ('ల', '|'), ('హ', 'U'), ('స్త', '|'), ('మే', 'U'), ('మె', '|'), ('ఱు', '|'), ('గు', '|'), ('ను', '|'), ('వి', 'U'), ('శ్వ', '|'), ('దా', 'U'), ('భి', '|'), ('రా', 'U'), ('మ', '|'), ('వి', '|'), ('న', '|'), ('ర', '|'), ('వే', 'U'), ('మ', '|')]",0.9,-1.0,1.0,0.95,0.75,-1.0
aataveladi,"_x000D_
పురుషుఁడెన్నిగతులఁబుట్టువు మొదలుగఁ
_x000D_
బాపచింతఁజేయు జాపలమున
_x000D_
మహిని కుంటినక్క మాంసముదిన్నట్లు
_x000D_
విశ్వదాభిరామ వినర వేమ.",vupajaathi,Vemana,"[('పు', '|'), ('రు', '|'), ('షు', '|'), ('డె', 'U'), ('న్ని', '|'), ('గ', '|'), ('తు', '|'), ('ల', '|'), ('బు', 'U'), ('ట్టు', '|'), ('వు', '|'), ('మొ', '|'), ('ద', '|'), ('లు', '|'), ('గ', '|'), ('బా', 'U'), ('ప', '|'), ('చిం', 'U'), ('త', '|'), ('జే', 'U'), ('యు', '|'), ('జా', 'U'), ('ప', '|'), ('ల', '|'), ('ము', '|'), ('న', '|'), ('మ', '|'), ('హి', '|'), ('ని', '|'), ('కుం', 'U'), ('టి', '|'), ('న', 'U'), ('క్క', '|'), ('మాం', 'U'), ('స', '|'), ('ము', '|'), ('ది', 'U'), ('న్న', 'U'), ('ట్లు', '|'), ('వి', 'U'), ('శ్వ', '|'), ('దా', 'U'), ('భి', '|'), ('రా', 'U'), ('మ', '|'), ('వి', '|'), ('న', '|'), ('ర', '|'), ('వే', 'U'), ('మ', '|')]",1.0,-1.0,1.0,1.0,1.0,-1.0
aataveladi,"_x000D_
అంకి లెఱిఁగి మాట లాడనేర్చినపుడె
_x000D_
పిన్న పెద్దతనము లెన్నలేల
_x000D_
పిన్న చేతిదివ్వె పెద్దగా వెలుఁగదా
_x000D_
విశ్వదాభిరామ వినర వేమ.",vupajaathi,Vemana,"[('అం', 'U'), ('కి', '|'), ('లె', '|'), ('ఱి', '|'), ('గి', '|'), ('మా', 'U'), ('ట', '|'), ('లా', 'U'), ('డ', '|'), ('నే', 'U'), ('ర్చి', '|'), ('న', '|'), ('పు', '|'), ('డె', '|'), ('పి', 'U'), ('న్న', '|'), ('పె', 'U'), ('ద్ద', '|'), ('త', '|'), ('న', '|'), ('ము', '|'), ('లె', 'U'), ('న్న', '|'), ('లే', 'U'), ('ల', '|'), ('పి', 'U'), ('న్న', '|'), ('చే', 'U'), ('తి', '|'), ('ది', 'U'), ('వ్వె', '|'), ('పె', 'U'), ('ద్ద', '|'), ('గా', 'U'), ('వె', '|'), ('లు', '|'), ('గ', '|'), ('దా', 'U'), ('వి', 'U'), ('శ్వ', '|'), ('దా', 'U'), ('భి', '|'), ('రా', 'U'), ('మ', '|'), ('వి', '|'), ('న', '|'), ('ర', '|'), ('వే', 'U'), ('మ', '|')]",0.9166666666666666,-1.0,1.0,1.0,0.75,-1.0
aataveladi,"_x000D_
మొదటఁ బోయునీవు మొగిబీజముల కెక్కి
_x000D_
మొదటి కుఱుకువేగ మొలక లెత్తు
_x000D_
మొలక పృథివిఁ బెరిగి వెలయును వృక్షంబు
_x000D_
విశ్వదాభిరామ వినర వేమ.",vupajaathi,Vemana,"[('మొ', '|'), ('ద', '|'), ('ట', '|'), ('బో', 'U'), ('యు', '|'), ('నీ', 'U'), ('వు', '|'), ('మొ', '|'), ('గి', '|'), ('బీ', 'U'), ('జ', '|'), ('ము', '|'), ('ల', '|'), ('కె', 'U'), ('క్కి', '|'), ('మొ', '|'), ('ద', '|'), ('టి', '|'), ('కు', '|'), ('ఱు', '|'), ('కు', '|'), ('వే', 'U'), ('గ', '|'), ('మొ', '|'), ('ల', '|'), ('క', '|'), ('లె', 'U'), ('త్తు', '|'), ('మొ', '|'), ('ల', '|'), ('క', '|'), ('పృ', '|'), ('థి', '|'), ('వి', '|'), ('బె', '|'), ('రి', '|'), ('గి', '|'), ('వె', '|'), ('ల', '|'), ('యు', '|'), ('ను', '|'), ('వృ', 'U'), ('క్షం', 'U'), ('బు', '|'), ('వి', 'U'), ('శ్వ', '|'), ('దా', 'U'), ('భి', '|'), ('రా', 'U'), ('మ', '|'), ('వి', '|'), ('న', '|'), ('ర', '|'), ('వే', 'U'), ('మ', '|')]",1.0,-1.0,1.0,1.0,1.0,-1.0
aataveladi,"_x000D_
మగనికాలమందు మగువ కష్టించిన
_x000D_
సుతుల కాలమందు సుఖముఁ బొందు
_x000D_
కలిమి లేములెందుఁ గలవెంతవారికి
_x000D_
బలిమి పుత్రబలిమె బలిమి వేమ.",vupajaathi,Vemana,"[('మ', '|'), ('గ', '|'), ('ని', '|'), ('కా', 'U'), ('ల', '|'), ('మం', 'U'), ('దు', '|'), ('మ', '|'), ('గు', '|'), ('వ', '|'), ('క', 'U'), ('ష్టిం', 'U'), ('చి', '|'), ('న', '|'), ('సు', '|'), ('తు', '|'), ('ల', '|'), ('కా', 'U'), ('ల', '|'), ('మం', 'U'), ('దు', '|'), ('సు', '|'), ('ఖ', '|'), ('ము', '|'), ('బొం', 'U'), ('దు', '|'), ('క', '|'), ('లి', '|'), ('మి', '|'), ('లే', 'U'), ('ము', '|'), ('లెం', 'U'), ('దు', '|'), ('గ', '|'), ('ల', '|'), ('వెం', 'U'), ('త', '|'), ('వా', 'U'), ('రి', '|'), ('కి', '|'), ('బ', '|'), ('లి', '|'), ('మి', '|'), ('పు', '|'), ('త్ర', '|'), ('బ', '|'), ('లి', '|'), ('మె', '|'), ('బ', '|'), ('లి', '|'), ('మి', '|'), ('వే', 'U'), ('మ', '|')]",0.8833333333333333,-1.0,1.0,0.9,0.75,-1.0
aataveladi,"_x000D_
ఆఱురుచులు వేఱు సారంబు నొక్కటి
_x000D_
సత్యనిష్ఠ వేఱు సత్యమొకటి
_x000D_
పరమఋషులు వేఱు భావ్యుఁ డొక్కండురా
_x000D_
విశ్వదాభిరామ వినర వేమ.",vupajaathi,Vemana,"[('ఆ', 'U'), ('ఱు', '|'), ('రు', '|'), ('చు', '|'), ('లు', '|'), ('వే', 'U'), ('ఱు', '|'), ('సా', 'U'), ('రం', 'U'), ('బు', '|'), ('నొ', 'U'), ('క్క', '|'), ('టి', '|'), ('స', 'U'), ('త్య', '|'), ('ని', 'U'), ('ష్ఠ', '|'), ('వే', 'U'), ('ఱు', '|'), ('స', 'U'), ('త్య', '|'), ('మొ', '|'), ('క', '|'), ('టి', '|'), ('ప', '|'), ('ర', '|'), ('మ', '|'), ('ఋ', '|'), ('షు', '|'), ('లు', '|'), ('వే', 'U'), ('ఱు', '|'), ('భా', 'U'), ('వ్యు', '|'), ('డొ', 'U'), ('క్కం', 'U'), ('డు', '|'), ('రా', 'U'), ('వి', 'U'), ('శ్వ', '|'), ('దా', 'U'), ('భి', '|'), ('రా', 'U'), ('మ', '|'), ('వి', '|'), ('న', '|'), ('ర', '|'), ('వే', 'U'), ('మ', '|')]",0.9166666666666666,-1.0,1.0,1.0,0.75,-1.0
aataveladi,"_x000D_
తారకంబుఁ జూచుదారి వేఱుగఁగల్గు
_x000D_
సమముగాను జూడఁ జక్కఁబడును
_x000D_
వెఱ్ఱిగాను జూడ వెలుగెల్ల బాఱురా
_x000D_
విశ్వదాభిరామ వినర వేమ.",vupajaathi,Vemana,"[('తా', 'U'), ('ర', '|'), ('కం', 'U'), ('బు', '|'), ('జూ', 'U'), ('చు', '|'), ('దా', 'U'), ('రి', '|'), ('వే', 'U'), ('ఱు', '|'), ('గ', '|'), ('గ', 'U'), ('ల్గు', '|'), ('స', '|'), ('మ', '|'), ('ము', '|'), ('గా', 'U'), ('ను', '|'), ('జూ', 'U'), ('డ', '|'), ('జ', 'U'), ('క్క', '|'), ('బ', '|'), ('డు', '|'), ('ను', '|'), ('వె', 'U'), ('ఱ్ఱి', '|'), ('గా', 'U'), ('ను', '|'), ('జూ', 'U'), ('డ', '|'), ('వె', '|'), ('లు', '|'), ('గె', 'U'), ('ల్ల', '|'), ('బా', 'U'), ('ఱు', '|'), ('రా', 'U'), ('వి', 'U'), ('శ్వ', '|'), ('దా', 'U'), ('భి', '|'), ('రా', 'U'), ('మ', '|'), ('వి', '|'), ('న', '|'), ('ర', '|'), ('వే', 'U'), ('మ', '|')]",1.0,-1.0,1.0,1.0,1.0,-1.0
aataveladi,"_x000D_
సజ్జనముల చెలిమి చాలింపఁగా రాదు
_x000D_
ప్రకృతి నెఱుఁగకున్న భక్తిలేదు
_x000D_
పలువ లెట్టిరీతి భక్తి సల్పుదురయా
_x000D_
విశ్వదాభిరామ వినర వేమ.",vupajaathi,Vemana,"[('స', 'U'), ('జ్జ', '|'), ('న', '|'), ('ము', '|'), ('ల', '|'), ('చె', '|'), ('లి', '|'), ('మి', '|'), ('చా', 'U'), ('లిం', 'U'), ('ప', '|'), ('గా', 'U'), ('రా', 'U'), ('దు', '|'), ('ప్ర', '|'), ('కృ', '|'), ('తి', '|'), ('నె', '|'), ('ఱు', '|'), ('గ', '|'), ('కు', 'U'), ('న్న', '|'), ('భ', 'U'), ('క్తి', '|'), ('లే', 'U'), ('దు', '|'), ('ప', '|'), ('లు', '|'), ('వ', '|'), ('లె', 'U'), ('ట్టి', '|'), ('రీ', 'U'), ('తి', '|'), ('భ', 'U'), ('క్తి', '|'), ('స', 'U'), ('ల్పు', '|'), ('దు', '|'), ('ర', '|'), ('యా', 'U'), ('వి', 'U'), ('శ్వ', '|'), ('దా', 'U'), ('భి', '|'), ('రా', 'U'), ('మ', '|'), ('వి', '|'), ('న', '|'), ('ర', '|'), ('వే', 'U'), ('మ', '|')]",1.0,-1.0,1.0,1.0,1.0,-1.0
aataveladi,"_x000D_
ఇట్టికనుల బ్రహ్మ మెట్లు చూడఁగవచ్చుఁ
_x000D_
జూచుకనులువేఱు చూపువేఱు
_x000D_
చూపులోనమరిచి చూడంగవలవదా
_x000D_
విశ్వదాభిరామ వినర వేమ.",vupajaathi,Vemana,"[('ఇ', 'U'), ('ట్టి', '|'), ('క', '|'), ('ను', '|'), ('ల', '|'), ('బ్ర', 'U'), ('హ్మ', '|'), ('మె', 'U'), ('ట్లు', '|'), ('చూ', 'U'), ('డ', '|'), ('గ', '|'), ('వ', 'U'), ('చ్చు', '|'), ('జూ', 'U'), ('చు', '|'), ('క', '|'), ('ను', '|'), ('లు', '|'), ('వే', 'U'), ('ఱు', '|'), ('చూ', 'U'), ('పు', '|'), ('వే', 'U'), ('ఱు', '|'), ('చూ', 'U'), ('పు', '|'), ('లో', 'U'), ('న', '|'), ('మ', '|'), ('రి', '|'), ('చి', '|'), ('చూ', 'U'), ('డం', 'U'), ('గ', '|'), ('వ', '|'), ('ల', '|'), ('వ', '|'), ('దా', 'U'), ('వి', 'U'), ('శ్వ', '|'), ('దా', 'U'), ('భి', '|'), ('రా', 'U'), ('మ', '|'), ('వి', '|'), ('న', '|'), ('ర', '|'), ('వే', 'U'), ('మ', '|')]",0.9166666666666666,-1.0,1.0,1.0,0.75,-1.0
aataveladi,"_x000D_
దూలములనుబోలు దురవస్థలనునెల్ల
_x000D_
రోసి యాసలన్ని గోసివేసి
_x000D_
వాసనను దెలిసినవాఁడెపో బ్రహ్మంబు
_x000D_
విశ్వదాభిరామ వినర వేమ.",vupajaathi,Vemana,"[('దూ', 'U'), ('ల', '|'), ('ము', '|'), ('ల', '|'), ('ను', '|'), ('బో', 'U'), ('లు', '|'), ('దు', '|'), ('ర', '|'), ('వ', 'U'), ('స్థ', '|'), ('ల', '|'), ('ను', '|'), ('నె', 'U'), ('ల్ల', '|'), ('రో', 'U'), ('సి', '|'), ('యా', 'U'), ('స', '|'), ('ల', 'U'), ('న్ని', '|'), ('గో', 'U'), ('సి', '|'), ('వే', 'U'), ('సి', '|'), ('వా', 'U'), ('స', '|'), ('న', '|'), ('ను', '|'), ('దె', '|'), ('లి', '|'), ('సి', '|'), ('న', '|'), ('వా', 'U'), ('డె', '|'), ('పో', 'U'), ('బ్ర', 'U'), ('హ్మం', 'U'), ('బు', '|'), ('వి', 'U'), ('శ్వ', '|'), ('దా', 'U'), ('భి', '|'), ('రా', 'U'), ('మ', '|'), ('వి', '|'), ('న', '|'), ('ర', '|'), ('వే', 'U'), ('మ', '|')]",1.0,-1.0,1.0,1.0,1.0,-1.0
aataveladi,"_x000D_
మన్నును దినమన్న మండేరు జనులార
_x000D_
మంటిలోనిమేలు మఱువనేల
_x000D_
నీళ్లలోనిమేలు నిఖిలమై యుండురా
_x000D_
విశ్వదాభిరామ వినర వేమ.",vupajaathi,Vemana,"[('మ', 'U'), ('న్ను', '|'), ('ను', '|'), ('ది', '|'), ('న', '|'), ('మ', 'U'), ('న్న', '|'), ('మం', 'U'), ('డే', 'U'), ('రు', '|'), ('జ', '|'), ('ను', '|'), ('లా', 'U'), ('ర', '|'), ('మం', 'U'), ('టి', '|'), ('లో', 'U'), ('ని', '|'), ('మే', 'U'), ('లు', '|'), ('మ', '|'), ('ఱు', '|'), ('వ', '|'), ('నే', 'U'), ('ల', '|'), ('నీ', 'U'), ('ళ్ల', '|'), ('లో', 'U'), ('ని', '|'), ('మే', 'U'), ('లు', '|'), ('ని', '|'), ('ఖి', '|'), ('ల', '|'), ('మై', 'U'), ('యుం', 'U'), ('డు', '|'), ('రా', 'U'), ('వి', 'U'), ('శ్వ', '|'), ('దా', 'U'), ('భి', '|'), ('రా', 'U'), ('మ', '|'), ('వి', '|'), ('న', '|'), ('ర', '|'), ('వే', 'U'), ('మ', '|')]",1.0,-1.0,1.0,1.0,1.0,-1.0
aataveladi,"_x000D_
జీవమేడ నుండు భావమెక్కడ నుండు
_x000D_
కాఁపురంబు లేడఁ గదిసియుండుఁ
_x000D_
దనరుచున్న రెండిస్థల మేల తెలియరు
_x000D_
విశ్వదాభిరామ వినర వేమ.",vupajaathi,Vemana,"[('జీ', 'U'), ('వ', '|'), ('మే', 'U'), ('డ', '|'), ('నుం', 'U'), ('డు', '|'), ('భా', 'U'), ('వ', '|'), ('మె', 'U'), ('క్క', '|'), ('డ', '|'), ('నుం', 'U'), ('డు', '|'), ('కా', 'U'), ('పు', '|'), ('రం', 'U'), ('బు', '|'), ('లే', 'U'), ('డ', '|'), ('గ', '|'), ('ది', '|'), ('సి', '|'), ('యుం', 'U'), ('డు', '|'), ('ద', '|'), ('న', '|'), ('రు', '|'), ('చు', 'U'), ('న్న', '|'), ('రెం', 'U'), ('డి', 'U'), ('స్థ', '|'), ('ల', '|'), ('మే', 'U'), ('ల', '|'), ('తె', '|'), ('లి', '|'), ('య', '|'), ('రు', '|'), ('వి', 'U'), ('శ్వ', '|'), ('దా', 'U'), ('భి', '|'), ('రా', 'U'), ('మ', '|'), ('వి', '|'), ('న', '|'), ('ర', '|'), ('వే', 'U'), ('మ', '|')]",0.7666666666666666,-1.0,1.0,0.8,0.5,-1.0
aataveladi,"_x000D_
ధనము గూడఁబెట్టి ధర్మంబు సేయక
_x000D_
తాను దినకలెస్స దాచుగాఁక
_x000D_
తేనె నీఁగె కూర్చి తెరువర్ల కియ్యదా
_x000D_
విశ్వదాభిరామ వినర వేమ.",vupajaathi,Vemana,"[('ధ', '|'), ('న', '|'), ('ము', '|'), ('గూ', 'U'), ('డ', '|'), ('బె', 'U'), ('ట్టి', '|'), ('ధ', 'U'), ('ర్మం', 'U'), ('బు', '|'), ('సే', 'U'), ('య', '|'), ('క', '|'), ('తా', 'U'), ('ను', '|'), ('ది', '|'), ('న', '|'), ('క', '|'), ('లె', 'U'), ('స్స', '|'), ('దా', 'U'), ('చు', '|'), ('గా', 'U'), ('క', '|'), ('తే', 'U'), ('నె', '|'), ('నీ', 'U'), ('గె', '|'), ('కూ', 'U'), ('ర్చి', '|'), ('తె', '|'), ('రు', '|'), ('వ', 'U'), ('ర్ల', '|'), ('కి', 'U'), ('య్య', '|'), ('దా', 'U'), ('వి', 'U'), ('శ్వ', '|'), ('దా', 'U'), ('భి', '|'), ('రా', 'U'), ('మ', '|'), ('వి', '|'), ('న', '|'), ('ర', '|'), ('వే', 'U'), ('మ', '|')]",1.0,-1.0,1.0,1.0,1.0,-1.0
kandamu,"_x000D_
ఇచ్చెడి వారలసంపద
_x000D_
హెచ్చునదేకాని లేమి యేలా కలుగున్‌
_x000D_
అచ్చెలమ నీళ్లుచల్లిన
_x000D_
విచ్చలవిడి నూరుచుండు వినరా వేమా",jaathi,Vemana,"[('ఇ', 'U'), ('చ్చె', '|'), ('డి', '|'), ('వా', 'U'), ('ర', '|'), ('ల', '|'), ('సం', 'U'), ('ప', '|'), ('ద', '|'), ('హె', 'U'), ('చ్చు', '|'), ('న', '|'), ('దే', 'U'), ('కా', 'U'), ('ని', '|'), ('లే', 'U'), ('మి', '|'), ('యే', 'U'), ('లా', 'U'), ('క', '|'), ('లు', '|'), ('గున్', 'U'), ('అ', 'U'), ('చ్చె', '|'), ('ల', '|'), ('మ', '|'), ('నీ', 'U'), ('ళ్లు', '|'), ('చ', 'U'), ('ల్లి', '|'), ('న', '|'), ('వి', 'U'), ('చ్చ', '|'), ('ల', '|'), ('వి', '|'), ('డి', '|'), ('నూ', 'U'), ('రు', '|'), ('చుం', 'U'), ('డు', '|'), ('వి', '|'), ('న', '|'), ('రా', 'U'), ('వే', 'U'), ('మా', 'U')]",1.0,-1.0,1.0,1.0,1.0,1.0
aataveladi,"_x000D_
పాలఁగలయు నీరు పాలెయై రాజిల్లు
_x000D_
నదియు పానయోగ్య మయినయట్లు
_x000D_
సాధుసజ్జనముల సాంగత్యములచేత
_x000D_
మూఢజనుఁడు ముక్తి మొనయు వేమ",vupajaathi,Vemana,"[('పా', 'U'), ('ల', '|'), ('గ', '|'), ('ల', '|'), ('యు', '|'), ('నీ', 'U'), ('రు', '|'), ('పా', 'U'), ('లె', '|'), ('యై', 'U'), ('రా', 'U'), ('జి', 'U'), ('ల్లు', '|'), ('న', '|'), ('ది', '|'), ('యు', '|'), ('పా', 'U'), ('న', '|'), ('యో', 'U'), ('గ్య', '|'), ('మ', '|'), ('యి', '|'), ('న', '|'), ('య', 'U'), ('ట్లు', '|'), ('సా', 'U'), ('ధు', '|'), ('స', 'U'), ('జ్జ', '|'), ('న', '|'), ('ము', '|'), ('ల', '|'), ('సాం', 'U'), ('గ', 'U'), ('త్య', '|'), ('ము', '|'), ('ల', '|'), ('చే', 'U'), ('త', '|'), ('మూ', 'U'), ('ఢ', '|'), ('జ', '|'), ('ను', '|'), ('డు', '|'), ('ము', 'U'), ('క్తి', '|'), ('మొ', '|'), ('న', '|'), ('యు', '|'), ('వే', 'U'), ('మ', '|')]",0.9166666666666666,-1.0,1.0,1.0,0.75,-1.0
aataveladi,"_x000D_
చెడినమానవులను చేపట్టి రక్షించి
_x000D_
కడకుఁ జేర్చినట్టి ఘనులు దలఁప
_x000D_
కడగి పుణ్యమైనగల శివుసన్నిధి
_x000D_
నెడతెగకయునుందు రెపుడు వేమ",vupajaathi,Vemana,"[('చె', '|'), ('డి', '|'), ('న', '|'), ('మా', 'U'), ('న', '|'), ('వు', '|'), ('ల', '|'), ('ను', '|'), ('చే', 'U'), ('ప', 'U'), ('ట్టి', '|'), ('ర', 'U'), ('క్షిం', 'U'), ('చి', '|'), ('క', '|'), ('డ', '|'), ('కు', '|'), ('జే', 'U'), ('ర్చి', '|'), ('న', 'U'), ('ట్టి', '|'), ('ఘ', '|'), ('ను', '|'), ('లు', '|'), ('ద', '|'), ('ల', '|'), ('ప', '|'), ('క', '|'), ('డ', '|'), ('గి', '|'), ('పు', 'U'), ('ణ్య', '|'), ('మై', 'U'), ('న', '|'), ('గ', '|'), ('ల', '|'), ('శి', '|'), ('వు', '|'), ('స', 'U'), ('న్ని', '|'), ('ధి', '|'), ('నె', '|'), ('డ', '|'), ('తె', '|'), ('గ', '|'), ('క', '|'), ('యు', '|'), ('నుం', 'U'), ('దు', '|'), ('రె', '|'), ('పు', '|'), ('డు', '|'), ('వే', 'U'), ('మ', '|')]",0.9166666666666666,-1.0,1.0,1.0,0.75,-1.0
aataveladi,"_x000D_
ఒకరి నోరుఁగొట్టి యొకరు భక్షింతురు
_x000D_
వారినోరు మిత్తి వరుసఁగొట్టు
_x000D_
చేఁపపిండు పిల్ల చేఁపలఁ జంపును
_x000D_
జనుఁడు చేఁపపిండుఁ జంపు వేమ",vupajaathi,Vemana,"[('ఒ', '|'), ('క', '|'), ('రి', '|'), ('నో', 'U'), ('రు', '|'), ('గొ', 'U'), ('ట్టి', '|'), ('యొ', '|'), ('క', '|'), ('రు', '|'), ('భ', 'U'), ('క్షిం', 'U'), ('తు', '|'), ('రు', '|'), ('వా', 'U'), ('రి', '|'), ('నో', 'U'), ('రు', '|'), ('మి', 'U'), ('త్తి', '|'), ('వ', '|'), ('రు', '|'), ('స', '|'), ('గొ', 'U'), ('ట్టు', '|'), ('చే', 'U'), ('ప', '|'), ('పిం', 'U'), ('డు', '|'), ('పి', 'U'), ('ల్ల', '|'), ('చే', 'U'), ('ప', '|'), ('ల', '|'), ('జం', 'U'), ('పు', '|'), ('ను', '|'), ('జ', '|'), ('ను', '|'), ('డు', '|'), ('చే', 'U'), ('ప', '|'), ('పిం', 'U'), ('డు', '|'), ('జం', 'U'), ('పు', '|'), ('వే', 'U'), ('మ', '|')]",1.0,-1.0,1.0,1.0,1.0,-1.0
aataveladi,"_x000D_
కన్నుపోవువాఁడు కాళ్లుపోయినవాఁడు
_x000D_
నుభయులరయఁ గూడి యుండునట్లు
_x000D_
పేద పేదఁగూడి పెనగొని యుండును
_x000D_
విశ్వదాభిరామ వినర వేమ.",vupajaathi,Vemana,"[('క', 'U'), ('న్ను', '|'), ('పో', 'U'), ('వు', '|'), ('వా', 'U'), ('డు', '|'), ('కా', 'U'), ('ళ్లు', '|'), ('పో', 'U'), ('యి', '|'), ('న', '|'), ('వా', 'U'), ('డు', '|'), ('ను', '|'), ('భ', '|'), ('యు', '|'), ('ల', '|'), ('ర', '|'), ('య', '|'), ('గూ', 'U'), ('డి', '|'), ('యుం', 'U'), ('డు', '|'), ('న', 'U'), ('ట్లు', '|'), ('పే', 'U'), ('ద', '|'), ('పే', 'U'), ('ద', '|'), ('గూ', 'U'), ('డి', '|'), ('పె', '|'), ('న', '|'), ('గొ', '|'), ('ని', '|'), ('యుం', 'U'), ('డు', '|'), ('ను', '|'), ('వి', 'U'), ('శ్వ', '|'), ('దా', 'U'), ('భి', '|'), ('రా', 'U'), ('మ', '|'), ('వి', '|'), ('న', '|'), ('ర', '|'), ('వే', 'U'), ('మ', '|')]",0.9166666666666666,-1.0,1.0,1.0,0.75,-1.0
aataveladi,"_x000D_
పరగ రాతిగుండు పగులఁగొట్టఁగ వచ్చుఁ
_x000D_
గొండలన్ని పిండిగొట్టవచ్చు
_x000D_
కఠినచిత్తు మనసు కరగింప రాదయా
_x000D_
విశ్వదాభిరామ వినర వేమ.",vupajaathi,Vemana,"[('ప', '|'), ('ర', '|'), ('గ', '|'), ('రా', 'U'), ('తి', '|'), ('గుం', 'U'), ('డు', '|'), ('ప', '|'), ('గు', '|'), ('ల', '|'), ('గొ', 'U'), ('ట్ట', '|'), ('గ', '|'), ('వ', 'U'), ('చ్చు', '|'), ('గొం', 'U'), ('డ', '|'), ('ల', 'U'), ('న్ని', '|'), ('పిం', 'U'), ('డి', '|'), ('గొ', 'U'), ('ట్ట', '|'), ('వ', 'U'), ('చ్చు', '|'), ('క', '|'), ('ఠి', '|'), ('న', '|'), ('చి', 'U'), ('త్తు', '|'), ('మ', '|'), ('న', '|'), ('సు', '|'), ('క', '|'), ('ర', '|'), ('గిం', 'U'), ('ప', '|'), ('రా', 'U'), ('ద', '|'), ('యా', 'U'), ('వి', 'U'), ('శ్వ', '|'), ('దా', 'U'), ('భి', '|'), ('రా', 'U'), ('మ', '|'), ('వి', '|'), ('న', '|'), ('ర', '|'), ('వే', 'U'), ('మ', '|')]",1.0,-1.0,1.0,1.0,1.0,-1.0
aataveladi,"_x000D_
అంత కొఱత దీఱి అతిశయకాముఁడై
_x000D_
నిన్ను నమ్మిచాల నిష్ఠతోడ
_x000D_
నిన్నుఁగొల్వ ముక్తి నిశ్చయముగఁ గల్గు
_x000D_
విశ్వదాభిరామ వినర వేమ.",vupajaathi,Vemana,"[('అం', 'U'), ('త', '|'), ('కొ', '|'), ('ఱ', '|'), ('త', '|'), ('దీ', 'U'), ('ఱి', '|'), ('అ', '|'), ('తి', '|'), ('శ', '|'), ('య', '|'), ('కా', 'U'), ('ము', '|'), ('డై', 'U'), ('ని', 'U'), ('న్ను', '|'), ('న', 'U'), ('మ్మి', '|'), ('చా', 'U'), ('ల', '|'), ('ని', 'U'), ('ష్ఠ', '|'), ('తో', 'U'), ('డ', '|'), ('ని', 'U'), ('న్ను', '|'), ('గొ', 'U'), ('ల్వ', '|'), ('ము', 'U'), ('క్తి', '|'), ('ని', 'U'), ('శ్చ', '|'), ('య', '|'), ('ము', '|'), ('గ', '|'), ('గ', 'U'), ('ల్గు', '|'), ('వి', 'U'), ('శ్వ', '|'), ('దా', 'U'), ('భి', '|'), ('రా', 'U'), ('మ', '|'), ('వి', '|'), ('న', '|'), ('ర', '|'), ('వే', 'U'), ('మ', '|')]",1.0,-1.0,1.0,1.0,1.0,-1.0
aataveladi,"_x000D_
తత్వము తిరమైన తావుల వెదకుచుఁ
_x000D_
దాను తత్వమగును తత్త్వయోగి
_x000D_
తలఁపులన్ని యుడుగఁ దానెపో తత్వంబు
_x000D_
విశ్వదాభిరామ వినర వేమ.",vupajaathi,Vemana,"[('త', 'U'), ('త్వ', '|'), ('ము', '|'), ('తి', '|'), ('ర', '|'), ('మై', 'U'), ('న', '|'), ('తా', 'U'), ('వు', '|'), ('ల', '|'), ('వె', '|'), ('ద', '|'), ('కు', '|'), ('చు', '|'), ('దా', 'U'), ('ను', '|'), ('త', 'U'), ('త్వ', '|'), ('మ', '|'), ('గు', '|'), ('ను', '|'), ('త', 'U'), ('త్త్వ', '|'), ('యో', 'U'), ('గి', '|'), ('త', '|'), ('ల', '|'), ('పు', '|'), ('ల', 'U'), ('న్ని', '|'), ('యు', '|'), ('డు', '|'), ('గ', '|'), ('దా', 'U'), ('నె', '|'), ('పో', 'U'), ('త', 'U'), ('త్వం', 'U'), ('బు', '|'), ('వి', 'U'), ('శ్వ', '|'), ('దా', 'U'), ('భి', '|'), ('రా', 'U'), ('మ', '|'), ('వి', '|'), ('న', '|'), ('ర', '|'), ('వే', 'U'), ('మ', '|')]",1.0,-1.0,1.0,1.0,1.0,-1.0
aataveladi,"_x000D_
మాటలాడవేఱె మనసుకొలఁదియువేఱె
_x000D_
యొడలగుణమువేఱె యోజనవేఱె
_x000D_
యెట్లుగల్గు ముక్తి యేలాగు తనలాగు
_x000D_
విశ్వదాభిరామ వినర వేమ.",vupajaathi,Vemana,"[('మా', 'U'), ('ట', '|'), ('లా', 'U'), ('డ', '|'), ('వే', 'U'), ('ఱె', '|'), ('మ', '|'), ('న', '|'), ('సు', '|'), ('కొ', '|'), ('ల', '|'), ('ది', '|'), ('యు', '|'), ('వే', 'U'), ('ఱె', '|'), ('యొ', '|'), ('డ', '|'), ('ల', '|'), ('గు', '|'), ('ణ', '|'), ('ము', '|'), ('వే', 'U'), ('ఱె', '|'), ('యో', 'U'), ('జ', '|'), ('న', '|'), ('వే', 'U'), ('ఱె', '|'), ('యె', 'U'), ('ట్లు', '|'), ('గ', 'U'), ('ల్గు', '|'), ('ము', 'U'), ('క్తి', '|'), ('యే', 'U'), ('లా', 'U'), ('గు', '|'), ('త', '|'), ('న', '|'), ('లా', 'U'), ('గు', '|'), ('వి', 'U'), ('శ్వ', '|'), ('దా', 'U'), ('భి', '|'), ('రా', 'U'), ('మ', '|'), ('వి', '|'), ('న', '|'), ('ర', '|'), ('వే', 'U'), ('మ', '|')]",0.8833333333333333,-1.0,1.0,0.9,0.75,-1.0
aataveladi,"_x000D_
వెలఁది చక్కఁదనము వెరపైన యీడును
_x000D_
విభుని కరుణలేక వితగనుండు
_x000D_
నీదుకరుణలేక నేర్పులు కొఱగావు
_x000D_
విశ్వదాభిరామ వినర వేమ.",vupajaathi,Vemana,"[('వె', '|'), ('ల', '|'), ('ది', '|'), ('చ', 'U'), ('క్క', '|'), ('ద', '|'), ('న', '|'), ('ము', '|'), ('వె', '|'), ('ర', '|'), ('పై', 'U'), ('న', '|'), ('యీ', 'U'), ('డు', '|'), ('ను', '|'), ('వి', '|'), ('భు', '|'), ('ని', '|'), ('క', '|'), ('రు', '|'), ('ణ', '|'), ('లే', 'U'), ('క', '|'), ('వి', '|'), ('త', '|'), ('గ', '|'), ('నుం', 'U'), ('డు', '|'), ('నీ', 'U'), ('దు', '|'), ('క', '|'), ('రు', '|'), ('ణ', '|'), ('లే', 'U'), ('క', '|'), ('నే', 'U'), ('ర్పు', '|'), ('లు', '|'), ('కొ', '|'), ('ఱ', '|'), ('గా', 'U'), ('వు', '|'), ('వి', 'U'), ('శ్వ', '|'), ('దా', 'U'), ('భి', '|'), ('రా', 'U'), ('మ', '|'), ('వి', '|'), ('న', '|'), ('ర', '|'), ('వే', 'U'), ('మ', '|')]",1.0,-1.0,1.0,1.0,1.0,-1.0
aataveladi,"_x000D_
ఎంతకష్ట ముండు నంత పాపపుఁజింత
_x000D_
చింతచేత మిగులఁ జివుకు మనసు
_x000D_
చింతలేకయున్న చెడనిసంపదఁజూచు
_x000D_
విశ్వదాభిరామ వినర వేమ.",vupajaathi,Vemana,"[('ఎం', 'U'), ('త', '|'), ('క', 'U'), ('ష్ట', '|'), ('ముం', 'U'), ('డు', '|'), ('నం', 'U'), ('త', '|'), ('పా', 'U'), ('ప', '|'), ('పు', '|'), ('జిం', 'U'), ('త', '|'), ('చిం', 'U'), ('త', '|'), ('చే', 'U'), ('త', '|'), ('మి', '|'), ('గు', '|'), ('ల', '|'), ('జి', '|'), ('వు', '|'), ('కు', '|'), ('మ', '|'), ('న', '|'), ('సు', '|'), ('చిం', 'U'), ('త', '|'), ('లే', 'U'), ('క', '|'), ('యు', 'U'), ('న్న', '|'), ('చె', '|'), ('డ', '|'), ('ని', '|'), ('సం', 'U'), ('ప', '|'), ('ద', '|'), ('జూ', 'U'), ('చు', '|'), ('వి', 'U'), ('శ్వ', '|'), ('దా', 'U'), ('భి', '|'), ('రా', 'U'), ('మ', '|'), ('వి', '|'), ('న', '|'), ('ర', '|'), ('వే', 'U'), ('మ', '|')]",1.0,-1.0,1.0,1.0,1.0,-1.0
kandamu,"_x000D_
ఎన్నాళ్ళకుఁ దానుండును
_x000D_
ఎన్నాళ్లను దాను నేర్చి యెన్నిటవెలయున్‌
_x000D_
కొన్నాళ్లకుఁ దాఁ జన్నను
_x000D_
మన్నేయగు విద్యలెల్ల మహిలో వేమా.",jaathi,Vemana,"[('ఎ', 'U'), ('న్నా', 'U'), ('ళ్ళ', '|'), ('కు', '|'), ('దా', 'U'), ('నుం', 'U'), ('డు', '|'), ('ను', '|'), ('ఎ', 'U'), ('న్నా', 'U'), ('ళ్ల', '|'), ('ను', '|'), ('దా', 'U'), ('ను', '|'), ('నే', 'U'), ('ర్చి', '|'), ('యె', 'U'), ('న్ని', '|'), ('ట', '|'), ('వె', '|'), ('ల', '|'), ('యున్', 'U'), ('కొ', 'U'), ('న్నా', 'U'), ('ళ్ల', '|'), ('కు', '|'), ('దా', 'U'), ('జ', 'U'), ('న్న', '|'), ('ను', '|'), ('మ', 'U'), ('న్నే', 'U'), ('య', '|'), ('గు', '|'), ('వి', 'U'), ('ద్య', '|'), ('లె', 'U'), ('ల్ల', '|'), ('మ', '|'), ('హి', '|'), ('లో', 'U'), ('వే', 'U'), ('మా', 'U')]",0.875,-1.0,1.0,1.0,0.5,1.0
kandamu,"_x000D_
ధనమెచ్చిన మదమెచ్చును
_x000D_
మదమెచ్చిన దుర్గుణంబు మానక హెచ్చు\న్‌
_x000D_
ధనముడిగిన మదముడుగును
_x000D_
మదముడిగిన దుర్గుణంబు మానును వేమా.",jaathi,Vemana,"[('ధ', '|'), ('న', '|'), ('మె', 'U'), ('చ్చి', '|'), ('న', '|'), ('మ', '|'), ('ద', '|'), ('మె', 'U'), ('చ్చు', '|'), ('ను', '|'), ('మ', '|'), ('ద', '|'), ('మె', 'U'), ('చ్చి', '|'), ('న', '|'), ('దు', 'U'), ('ర్గు', '|'), ('ణం', 'U'), ('బు', '|'), ('మా', 'U'), ('న', '|'), ('క', '|'), ('హె', 'U'), ('చ్చున్', 'U'), ('ధ', '|'), ('న', '|'), ('ము', '|'), ('డి', '|'), ('గి', '|'), ('న', '|'), ('మ', '|'), ('ద', '|'), ('ము', '|'), ('డు', '|'), ('గు', '|'), ('ను', '|'), ('మ', '|'), ('ద', '|'), ('ము', '|'), ('డి', '|'), ('గి', '|'), ('న', '|'), ('దు', 'U'), ('ర్గు', '|'), ('ణం', 'U'), ('బు', '|'), ('మా', 'U'), ('ను', '|'), ('ను', '|'), ('వే', 'U'), ('మా', 'U')]",0.875,-1.0,1.0,1.0,1.0,0.5
kandamu,"_x000D_
వినవలె నెవ్వరు చెప్పిన
_x000D_
వినినంతనె తమకపడక వివరింపవలె\న్‌
_x000D_
విని కని వివరము దెలిసిన
_x000D_
మనుజుఁడెపో నీతిపరుడు మహిలో వేమా.",jaathi,Vemana,"[('వి', '|'), ('న', '|'), ('వ', '|'), ('లె', '|'), ('నె', 'U'), ('వ్వ', '|'), ('రు', '|'), ('చె', 'U'), ('ప్పి', '|'), ('న', '|'), ('వి', '|'), ('ని', '|'), ('నం', 'U'), ('త', '|'), ('నె', '|'), ('త', '|'), ('మ', '|'), ('క', '|'), ('ప', '|'), ('డ', '|'), ('క', '|'), ('వి', '|'), ('వ', '|'), ('రిం', 'U'), ('ప', '|'), ('వ', '|'), ('లెన్', 'U'), ('వి', '|'), ('ని', '|'), ('క', '|'), ('ని', '|'), ('వి', '|'), ('వ', '|'), ('ర', '|'), ('ము', '|'), ('దె', '|'), ('లి', '|'), ('సి', '|'), ('న', '|'), ('మ', '|'), ('ను', '|'), ('జు', '|'), ('డె', '|'), ('పో', 'U'), ('నీ', 'U'), ('తి', '|'), ('ప', '|'), ('రు', '|'), ('డు', '|'), ('మ', '|'), ('హి', '|'), ('లో', 'U'), ('వే', 'U'), ('మా', 'U')]",1.0,-1.0,1.0,1.0,1.0,1.0
kandamu,"_x000D_
ఈకపట నాటకంబును
_x000D_
ఈకపటపుఁ జదువులన్ని యింపు దలిర్ప\న్‌
_x000D_
ఏకపటాత్ముఁడు సేసెనొ
_x000D_
యాకపటాత్మునకు మ్రొక్కి యలరుము వేమా.",jaathi,Vemana,"[('ఈ', 'U'), ('క', '|'), ('ప', '|'), ('ట', '|'), ('నా', 'U'), ('ట', '|'), ('కం', 'U'), ('బు', '|'), ('ను', '|'), ('ఈ', 'U'), ('క', '|'), ('ప', '|'), ('ట', '|'), ('పు', '|'), ('జ', '|'), ('దు', '|'), ('వు', '|'), ('ల', 'U'), ('న్ని', '|'), ('యిం', 'U'), ('పు', '|'), ('ద', '|'), ('లి', 'U'), ('ర్పన్', 'U'), ('ఏ', 'U'), ('క', '|'), ('ప', '|'), ('టా', 'U'), ('త్ము', '|'), ('డు', '|'), ('సే', 'U'), ('సె', '|'), ('నొ', '|'), ('యా', 'U'), ('క', '|'), ('ప', '|'), ('టా', 'U'), ('త్ము', '|'), ('న', '|'), ('కు', '|'), ('మ్రొ', 'U'), ('క్కి', '|'), ('య', '|'), ('ల', '|'), ('రు', '|'), ('ము', '|'), ('వే', 'U'), ('మా', 'U')]",0.875,-1.0,1.0,1.0,0.5,1.0
aataveladi,"_x000D_
ఎండవేళఁ జీఁక టేకమైయున్నట్లు
_x000D_
నిండుకుండ నీరు నిలిచినట్లు
_x000D_
దండిగఁ బరమాత్మ తత్వంబు దెలియరా
_x000D_
విశ్వదాభిరామ వినర వేమ.",vupajaathi,Vemana,"[('ఎం', 'U'), ('డ', '|'), ('వే', 'U'), ('ళ', '|'), ('జీ', 'U'), ('క', '|'), ('టే', 'U'), ('క', '|'), ('మై', 'U'), ('యు', 'U'), ('న్న', 'U'), ('ట్లు', '|'), ('నిం', 'U'), ('డు', '|'), ('కుం', 'U'), ('డ', '|'), ('నీ', 'U'), ('రు', '|'), ('ని', '|'), ('లి', '|'), ('చి', '|'), ('న', 'U'), ('ట్లు', '|'), ('దం', 'U'), ('డి', '|'), ('గ', '|'), ('బ', '|'), ('ర', '|'), ('మా', 'U'), ('త్మ', '|'), ('త', 'U'), ('త్వం', 'U'), ('బు', '|'), ('దె', '|'), ('లి', '|'), ('య', '|'), ('రా', 'U'), ('వి', 'U'), ('శ్వ', '|'), ('దా', 'U'), ('భి', '|'), ('రా', 'U'), ('మ', '|'), ('వి', '|'), ('న', '|'), ('ర', '|'), ('వే', 'U'), ('మ', '|')]",0.9166666666666666,-1.0,1.0,1.0,0.75,-1.0
kandamu,"_x000D_
ఎండినమ్రా నొక టడవిని
_x000D_
నుండిన నందగ్నిపుట్టి యూడ్చును చెట్ల\న్‌
_x000D_
దండిగలవంశ మెల్లను
_x000D_
చండాలుం డొకఁడుపుట్టి చెఱుచును వేమా.",jaathi,Vemana,"[('ఎం', 'U'), ('డి', '|'), ('న', '|'), ('మ్రా', 'U'), ('నొ', '|'), ('క', '|'), ('ట', '|'), ('డ', '|'), ('వి', '|'), ('ని', '|'), ('నుం', 'U'), ('డి', '|'), ('న', '|'), ('నం', 'U'), ('ద', 'U'), ('గ్ని', '|'), ('పు', 'U'), ('ట్టి', '|'), ('యూ', 'U'), ('డ్చు', '|'), ('ను', '|'), ('చె', 'U'), ('ట్లన్', 'U'), ('దం', 'U'), ('డి', '|'), ('గ', '|'), ('ల', '|'), ('వం', 'U'), ('శ', '|'), ('మె', 'U'), ('ల్ల', '|'), ('ను', '|'), ('చం', 'U'), ('డా', 'U'), ('లుం', 'U'), ('డొ', '|'), ('క', '|'), ('డు', '|'), ('పు', 'U'), ('ట్టి', '|'), ('చె', '|'), ('ఱు', '|'), ('చు', '|'), ('ను', '|'), ('వే', 'U'), ('మా', 'U')]",0.75,-1.0,1.0,1.0,0.0,1.0
aataveladi,"_x000D_
శిష్యవర్గమునకు శివుఁ జూపనేరక
_x000D_
కానిమతములోని గలుగునట్టి
_x000D_
గురునియెఱుక నరయ గ్రుడ్డెద్దు చేనురా
_x000D_
విశ్వదాభిరామ వినర వేమ.",vupajaathi,Vemana,"[('శి', 'U'), ('ష్య', '|'), ('వ', 'U'), ('ర్గ', '|'), ('ము', '|'), ('న', '|'), ('కు', '|'), ('శి', '|'), ('వు', '|'), ('జూ', 'U'), ('ప', '|'), ('నే', 'U'), ('ర', '|'), ('క', '|'), ('కా', 'U'), ('ని', '|'), ('మ', '|'), ('త', '|'), ('ము', '|'), ('లో', 'U'), ('ని', '|'), ('గ', '|'), ('లు', '|'), ('గు', '|'), ('న', 'U'), ('ట్టి', '|'), ('గు', '|'), ('రు', '|'), ('ని', '|'), ('యె', '|'), ('ఱు', '|'), ('క', '|'), ('న', '|'), ('ర', '|'), ('య', '|'), ('గ్రు', 'U'), ('డ్డె', 'U'), ('ద్దు', '|'), ('చే', 'U'), ('ను', '|'), ('రా', 'U'), ('వి', 'U'), ('శ్వ', '|'), ('దా', 'U'), ('భి', '|'), ('రా', 'U'), ('మ', '|'), ('వి', '|'), ('న', '|'), ('ర', '|'), ('వే', 'U'), ('మ', '|')]",1.0,-1.0,1.0,1.0,1.0,-1.0
aataveladi,"_x000D_
ఇంటిలోనిధనము నిదినాది యనుచును
_x000D_
మంటిలోనఁదాచు మంకుజీవి
_x000D_
కొంచఁబోడు వెంట గుల్లకాసును రాదు
_x000D_
విశ్వదాభిరామ వినర వేమ.",vupajaathi,Vemana,"[('ఇం', 'U'), ('టి', '|'), ('లో', 'U'), ('ని', '|'), ('ధ', '|'), ('న', '|'), ('ము', '|'), ('ని', '|'), ('ది', '|'), ('నా', 'U'), ('ది', '|'), ('య', '|'), ('ను', '|'), ('చు', '|'), ('ను', '|'), ('మం', 'U'), ('టి', '|'), ('లో', 'U'), ('న', '|'), ('దా', 'U'), ('చు', '|'), ('మం', 'U'), ('కు', '|'), ('జీ', 'U'), ('వి', '|'), ('కొం', 'U'), ('చ', '|'), ('బో', 'U'), ('డు', '|'), ('వెం', 'U'), ('ట', '|'), ('గు', 'U'), ('ల్ల', '|'), ('కా', 'U'), ('సు', '|'), ('ను', '|'), ('రా', 'U'), ('దు', '|'), ('వి', 'U'), ('శ్వ', '|'), ('దా', 'U'), ('భి', '|'), ('రా', 'U'), ('మ', '|'), ('వి', '|'), ('న', '|'), ('ర', '|'), ('వే', 'U'), ('మ', '|')]",0.9166666666666666,-1.0,1.0,1.0,0.75,-1.0
aataveladi,"_x000D_
దేశవేషములను తేటసేయక దేవుఁ
_x000D_
డాత్మలోన నుండ ననగిపెనగి
_x000D_
వేషమరసిచూడ గ్రాసంబు కొఱకయా
_x000D_
విశ్వదాభిరామ వినర వేమ.",vupajaathi,Vemana,"[('దే', 'U'), ('శ', '|'), ('వే', 'U'), ('ష', '|'), ('ము', '|'), ('ల', '|'), ('ను', '|'), ('తే', 'U'), ('ట', '|'), ('సే', 'U'), ('య', '|'), ('క', '|'), ('దే', 'U'), ('వు', '|'), ('డా', 'U'), ('త్మ', '|'), ('లో', 'U'), ('న', '|'), ('నుం', 'U'), ('డ', '|'), ('న', '|'), ('న', '|'), ('గి', '|'), ('పె', '|'), ('న', '|'), ('గి', '|'), ('వే', 'U'), ('ష', '|'), ('మ', '|'), ('ర', '|'), ('సి', '|'), ('చూ', 'U'), ('డ', '|'), ('గ్రా', 'U'), ('సం', 'U'), ('బు', '|'), ('కొ', '|'), ('ఱ', '|'), ('క', '|'), ('యా', 'U'), ('వి', 'U'), ('శ్వ', '|'), ('దా', 'U'), ('భి', '|'), ('రా', 'U'), ('మ', '|'), ('వి', '|'), ('న', '|'), ('ర', '|'), ('వే', 'U'), ('మ', '|')]",0.8333333333333334,-1.0,1.0,1.0,0.5,-1.0
aataveladi,"_x000D_
మిఱపగింజఁ జూడ మీఁద నల్లగనుండుఁ
_x000D_
గొఱికిచూడలోన చుఱుకుమనును
_x000D_
సజ్జను లగువారి సారమిట్టుల నుండు
_x000D_
విశ్వదాభిరామ వినర వేమ.",vupajaathi,Vemana,"[('మి', '|'), ('ఱ', '|'), ('ప', '|'), ('గిం', 'U'), ('జ', '|'), ('జూ', 'U'), ('డ', '|'), ('మీ', 'U'), ('ద', '|'), ('న', 'U'), ('ల్ల', '|'), ('గ', '|'), ('నుం', 'U'), ('డు', '|'), ('గొ', '|'), ('ఱి', '|'), ('కి', '|'), ('చూ', 'U'), ('డ', '|'), ('లో', 'U'), ('న', '|'), ('చు', '|'), ('ఱు', '|'), ('కు', '|'), ('మ', '|'), ('ను', '|'), ('ను', '|'), ('స', 'U'), ('జ్జ', '|'), ('ను', '|'), ('ల', '|'), ('గు', '|'), ('వా', 'U'), ('రి', '|'), ('సా', 'U'), ('ర', '|'), ('మి', 'U'), ('ట్టు', '|'), ('ల', '|'), ('నుం', 'U'), ('డు', '|'), ('వి', 'U'), ('శ్వ', '|'), ('దా', 'U'), ('భి', '|'), ('రా', 'U'), ('మ', '|'), ('వి', '|'), ('న', '|'), ('ర', '|'), ('వే', 'U'), ('మ', '|')]",1.0,-1.0,1.0,1.0,1.0,-1.0
aataveladi,"_x000D_
పర్వత వనవాసి పరిణామ వర్తన
_x000D_
కూపవాసి కెట్టు గుఱుతుపడును
_x000D_
బ్రహ్మవిష్ణువెంటఁ బ్రాకృతుఁ డరుగునా
_x000D_
విశ్వదాభిరామ వినర వేమ.",vupajaathi,Vemana,"[('ప', 'U'), ('ర్వ', '|'), ('త', '|'), ('వ', '|'), ('న', '|'), ('వా', 'U'), ('సి', '|'), ('ప', '|'), ('రి', '|'), ('ణా', 'U'), ('మ', '|'), ('వ', 'U'), ('ర్త', '|'), ('న', '|'), ('కూ', 'U'), ('ప', '|'), ('వా', 'U'), ('సి', '|'), ('కె', 'U'), ('ట్టు', '|'), ('గు', '|'), ('ఱు', '|'), ('తు', '|'), ('ప', '|'), ('డు', '|'), ('ను', '|'), ('బ్ర', 'U'), ('హ్మ', '|'), ('వి', 'U'), ('ష్ణు', '|'), ('వెం', 'U'), ('ట', '|'), ('బ్రా', 'U'), ('కృ', '|'), ('తు', '|'), ('డ', '|'), ('రు', '|'), ('గు', '|'), ('నా', 'U'), ('వి', 'U'), ('శ్వ', '|'), ('దా', 'U'), ('భి', '|'), ('రా', 'U'), ('మ', '|'), ('వి', '|'), ('న', '|'), ('ర', '|'), ('వే', 'U'), ('మ', '|')]",1.0,-1.0,1.0,1.0,1.0,-1.0
aataveladi,"_x000D_
కస్తూరి యటుచూడఁ గాంతి నల్లగనుండు
_x000D_
పరిమళించుదాని పరిమళంబు
_x000D_
గురువులయినవారి గుణము లీలాగురా
_x000D_
విశ్వదాభిరామ వినర వేమ.",vupajaathi,Vemana,"[('క', 'U'), ('స్తూ', 'U'), ('రి', '|'), ('య', '|'), ('టు', '|'), ('చూ', 'U'), ('డ', '|'), ('గాం', 'U'), ('తి', '|'), ('న', 'U'), ('ల్ల', '|'), ('గ', '|'), ('నుం', 'U'), ('డు', '|'), ('ప', '|'), ('రి', '|'), ('మ', '|'), ('ళిం', 'U'), ('చు', '|'), ('దా', 'U'), ('ని', '|'), ('ప', '|'), ('రి', '|'), ('మ', '|'), ('ళం', 'U'), ('బు', '|'), ('గు', '|'), ('రు', '|'), ('వు', '|'), ('ల', '|'), ('యి', '|'), ('న', '|'), ('వా', 'U'), ('రి', '|'), ('గు', '|'), ('ణ', '|'), ('ము', '|'), ('లీ', 'U'), ('లా', 'U'), ('గు', '|'), ('రా', 'U'), ('వి', 'U'), ('శ్వ', '|'), ('దా', 'U'), ('భి', '|'), ('రా', 'U'), ('మ', '|'), ('వి', '|'), ('న', '|'), ('ర', '|'), ('వే', 'U'), ('మ', '|')]",0.5666666666666667,-1.0,1.0,0.7,0.0,-1.0
aataveladi,"_x000D_
దొంగతనము ఱంకు దొరసియుండుర జగతి
_x000D_
ఱంకులాడికింత శంకపుట్టు
_x000D_
దొంగకన్న ఱేవెలుం గొప్పకానట్లు
_x000D_
విశ్వదాభిరామ వినర వేమ.",vupajaathi,Vemana,"[('దొం', 'U'), ('గ', '|'), ('త', '|'), ('న', '|'), ('ము', '|'), ('ఱం', 'U'), ('కు', '|'), ('దొ', '|'), ('ర', '|'), ('సి', '|'), ('యుం', 'U'), ('డు', '|'), ('ర', '|'), ('జ', '|'), ('గ', '|'), ('తి', '|'), ('ఱం', 'U'), ('కు', '|'), ('లా', 'U'), ('డి', '|'), ('కిం', 'U'), ('త', '|'), ('శం', 'U'), ('క', '|'), ('పు', 'U'), ('ట్టు', '|'), ('దొం', 'U'), ('గ', '|'), ('క', 'U'), ('న్న', '|'), ('ఱే', 'U'), ('వె', '|'), ('లుం', 'U'), ('గొ', 'U'), ('ప్ప', '|'), ('కా', 'U'), ('న', 'U'), ('ట్లు', '|'), ('వి', 'U'), ('శ్వ', '|'), ('దా', 'U'), ('భి', '|'), ('రా', 'U'), ('మ', '|'), ('వి', '|'), ('న', '|'), ('ర', '|'), ('వే', 'U'), ('మ', '|')]",0.9,-1.0,1.0,0.95,0.75,-1.0
aataveladi,"_x000D_
గురువులేక విద్య గుఱుతుగా దొరకదు
_x000D_
నృపతిలేక భూమి తృప్తిగాదు
_x000D_
గురువు విద్యలేక గురుతర ద్విజుఁడౌనె
_x000D_
విశ్వదాభిరామ వినర వేమ.",vupajaathi,Vemana,"[('గు', '|'), ('రు', '|'), ('వు', '|'), ('లే', 'U'), ('క', '|'), ('వి', 'U'), ('ద్య', '|'), ('గు', '|'), ('ఱు', '|'), ('తు', '|'), ('గా', 'U'), ('దొ', '|'), ('ర', '|'), ('క', '|'), ('దు', '|'), ('నృ', '|'), ('ప', '|'), ('తి', '|'), ('లే', 'U'), ('క', '|'), ('భూ', 'U'), ('మి', '|'), ('తృ', 'U'), ('ప్తి', '|'), ('గా', 'U'), ('దు', '|'), ('గు', '|'), ('రు', '|'), ('వు', '|'), ('వి', 'U'), ('ద్య', '|'), ('లే', 'U'), ('క', '|'), ('గు', '|'), ('రు', '|'), ('త', '|'), ('ర', 'U'), ('ద్వి', '|'), ('జు', '|'), ('డౌ', 'U'), ('నె', '|'), ('వి', 'U'), ('శ్వ', '|'), ('దా', 'U'), ('భి', '|'), ('రా', 'U'), ('మ', '|'), ('వి', '|'), ('న', '|'), ('ర', '|'), ('వే', 'U'), ('మ', '|')]",0.9166666666666666,-1.0,1.0,1.0,0.75,-1.0
aataveladi,"_x000D_
అల్పసుఖములెల్ల నాశించి మనుజుండు
_x000D_
బహుళ దుఃఖములను బాధపడును
_x000D_
పరసుఖంబు నొంది బ్రతుకంగ నేరఁడు
_x000D_
విశ్వదాభిరామ వినర వేమ.",vupajaathi,Vemana,"[('అ', 'U'), ('ల్ప', '|'), ('సు', '|'), ('ఖ', '|'), ('ము', '|'), ('లె', 'U'), ('ల్ల', '|'), ('నా', 'U'), ('శిం', 'U'), ('చి', '|'), ('మ', '|'), ('ను', '|'), ('జుం', 'U'), ('డు', '|'), ('బ', '|'), ('హు', '|'), ('ళ', '|'), ('దుః', 'U'), ('ఖ', '|'), ('ము', '|'), ('ల', '|'), ('ను', '|'), ('బా', 'U'), ('ధ', '|'), ('ప', '|'), ('డు', '|'), ('ను', '|'), ('ప', '|'), ('ర', '|'), ('సు', '|'), ('ఖం', 'U'), ('బు', '|'), ('నొం', 'U'), ('ది', '|'), ('బ్ర', '|'), ('తు', '|'), ('కం', 'U'), ('గ', '|'), ('నే', 'U'), ('ర', '|'), ('డు', '|'), ('వి', 'U'), ('శ్వ', '|'), ('దా', 'U'), ('భి', '|'), ('రా', 'U'), ('మ', '|'), ('వి', '|'), ('న', '|'), ('ర', '|'), ('వే', 'U'), ('మ', '|')]",0.9166666666666666,-1.0,1.0,1.0,0.75,-1.0
aataveladi,"_x000D_
కాలవశముఁ బట్టి కర్మజీవులపిండు
_x000D_
మత్తులగుచును మదమత్తులైరి
_x000D_
మత్తులయిన జనుల మనసేటి మనసయా
_x000D_
విశ్వదాభిరామ వినర వేమ.",vupajaathi,Vemana,"[('కా', 'U'), ('ల', '|'), ('వ', '|'), ('శ', '|'), ('ము', '|'), ('బ', 'U'), ('ట్టి', '|'), ('క', 'U'), ('ర్మ', '|'), ('జీ', 'U'), ('వు', '|'), ('ల', '|'), ('పిం', 'U'), ('డు', '|'), ('మ', 'U'), ('త్తు', '|'), ('ల', '|'), ('గు', '|'), ('చు', '|'), ('ను', '|'), ('మ', '|'), ('ద', '|'), ('మ', 'U'), ('త్తు', '|'), ('లై', 'U'), ('రి', '|'), ('మ', 'U'), ('త్తు', '|'), ('ల', '|'), ('యి', '|'), ('న', '|'), ('జ', '|'), ('ను', '|'), ('ల', '|'), ('మ', '|'), ('న', '|'), ('సే', 'U'), ('టి', '|'), ('మ', '|'), ('న', '|'), ('స', '|'), ('యా', 'U'), ('వి', 'U'), ('శ్వ', '|'), ('దా', 'U'), ('భి', '|'), ('రా', 'U'), ('మ', '|'), ('వి', '|'), ('న', '|'), ('ర', '|'), ('వే', 'U'), ('మ', '|')]",1.0,-1.0,1.0,1.0,1.0,-1.0
aataveladi,"_x000D_
కడగివట్టియాస కడతేఱనీయదు
_x000D_
ఇడుములందుఁ బెట్టి యీడ్చుఁగాని
_x000D_
పుడమి జనులభక్తిఁ బొడమంగ నియ్యదు
_x000D_
విశ్వదాభిరామ వినర వేమ.",vupajaathi,Vemana,"[('క', '|'), ('డ', '|'), ('గి', '|'), ('వ', 'U'), ('ట్టి', '|'), ('యా', 'U'), ('స', '|'), ('క', '|'), ('డ', '|'), ('తే', 'U'), ('ఱ', '|'), ('నీ', 'U'), ('య', '|'), ('దు', '|'), ('ఇ', '|'), ('డు', '|'), ('ము', '|'), ('లం', 'U'), ('దు', '|'), ('బె', 'U'), ('ట్టి', '|'), ('యీ', 'U'), ('డ్చు', '|'), ('గా', 'U'), ('ని', '|'), ('పు', '|'), ('డ', '|'), ('మి', '|'), ('జ', '|'), ('ను', '|'), ('ల', '|'), ('భ', 'U'), ('క్తి', '|'), ('బొ', '|'), ('డ', '|'), ('మం', 'U'), ('గ', '|'), ('ని', 'U'), ('య్య', '|'), ('దు', '|'), ('వి', 'U'), ('శ్వ', '|'), ('దా', 'U'), ('భి', '|'), ('రా', 'U'), ('మ', '|'), ('వి', '|'), ('న', '|'), ('ర', '|'), ('వే', 'U'), ('మ', '|')]",0.9166666666666666,-1.0,1.0,1.0,0.75,-1.0
aataveladi,"_x000D_
పాలలోన బులుసు లీలతోఁ గలిసిన
_x000D_
విఱిసి తునుక లగును విరివిగాను
_x000D_
తెలివి మనసులోన దివ్యతత్త్వము తేట
_x000D_
విశ్వదాభిరామ వినర వేమ.",vupajaathi,Vemana,"[('పా', 'U'), ('ల', '|'), ('లో', 'U'), ('న', '|'), ('బు', '|'), ('లు', '|'), ('సు', '|'), ('లీ', 'U'), ('ల', '|'), ('తో', 'U'), ('గ', '|'), ('లి', '|'), ('సి', '|'), ('న', '|'), ('వి', '|'), ('ఱి', '|'), ('సి', '|'), ('తు', '|'), ('ను', '|'), ('క', '|'), ('ల', '|'), ('గు', '|'), ('ను', '|'), ('వి', '|'), ('రి', '|'), ('వి', '|'), ('గా', 'U'), ('ను', '|'), ('తె', '|'), ('లి', '|'), ('వి', '|'), ('మ', '|'), ('న', '|'), ('సు', '|'), ('లో', 'U'), ('న', '|'), ('ది', 'U'), ('వ్య', '|'), ('త', 'U'), ('త్త్వ', '|'), ('ము', '|'), ('తే', 'U'), ('ట', '|'), ('వి', 'U'), ('శ్వ', '|'), ('దా', 'U'), ('భి', '|'), ('రా', 'U'), ('మ', '|'), ('వి', '|'), ('న', '|'), ('ర', '|'), ('వే', 'U'), ('మ', '|')]",1.0,-1.0,1.0,1.0,1.0,-1.0
kandamu,"_x000D_
దేహము లెస్సగ నుండిన
_x000D_
పోషణ తత్వంబులన్ని పొందుగఁ దెలియు\న్‌
_x000D_
దేహము బడలికఁ బడినను
_x000D_
పోషణ తత్వములు వచ్చి పొందవు వేమా.",jaathi,Vemana,"[('దే', 'U'), ('హ', '|'), ('ము', '|'), ('లె', 'U'), ('స్స', '|'), ('గ', '|'), ('నుం', 'U'), ('డి', '|'), ('న', '|'), ('పో', 'U'), ('ష', '|'), ('ణ', '|'), ('త', 'U'), ('త్వం', 'U'), ('బు', '|'), ('ల', 'U'), ('న్ని', '|'), ('పొం', 'U'), ('దు', '|'), ('గ', '|'), ('దె', '|'), ('లి', '|'), ('యున్', 'U'), ('దే', 'U'), ('హ', '|'), ('ము', '|'), ('బ', '|'), ('డ', '|'), ('లి', '|'), ('క', '|'), ('బ', '|'), ('డి', '|'), ('న', '|'), ('ను', '|'), ('పో', 'U'), ('ష', '|'), ('ణ', '|'), ('త', 'U'), ('త్వ', '|'), ('ము', '|'), ('లు', '|'), ('వ', 'U'), ('చ్చి', '|'), ('పొం', 'U'), ('ద', '|'), ('వు', '|'), ('వే', 'U'), ('మా', 'U')]",0.875,-1.0,1.0,1.0,1.0,0.5
aataveladi,"_x000D_
అధికుడైనరాజు నల్పును చేపట్టు
_x000D_
వానిమాట చెల్లు వసుధలోన
_x000D_
గణికు లొప్పియున్న గవ్వలు చెల్లవా
_x000D_
విశ్వదాభిరామ వినర వేమ.",vupajaathi,Vemana,"[('అ', '|'), ('ధి', '|'), ('కు', '|'), ('డై', 'U'), ('న', '|'), ('రా', 'U'), ('జు', '|'), ('న', 'U'), ('ల్పు', '|'), ('ను', '|'), ('చే', 'U'), ('ప', 'U'), ('ట్టు', '|'), ('వా', 'U'), ('ని', '|'), ('మా', 'U'), ('ట', '|'), ('చె', 'U'), ('ల్లు', '|'), ('వ', '|'), ('సు', '|'), ('ధ', '|'), ('లో', 'U'), ('న', '|'), ('గ', '|'), ('ణి', '|'), ('కు', '|'), ('లొ', 'U'), ('ప్పి', '|'), ('యు', 'U'), ('న్న', '|'), ('గ', 'U'), ('వ్వ', '|'), ('లు', '|'), ('చె', 'U'), ('ల్ల', '|'), ('వా', 'U'), ('వి', 'U'), ('శ్వ', '|'), ('దా', 'U'), ('భి', '|'), ('రా', 'U'), ('మ', '|'), ('వి', '|'), ('న', '|'), ('ర', '|'), ('వే', 'U'), ('మ', '|')]",0.9166666666666666,-1.0,1.0,1.0,0.75,-1.0
aataveladi,"_x000D_
ధర్మమరసి పూని ధర్మరాజాదులు
_x000D_
నిర్మలంపు ప్రౌఢి నిలుపుకొనిరి
_x000D_
ధర్మమే నృపులకు తారకయోగంబు
_x000D_
విశ్వదాభిరామ వినర వేమ.",vupajaathi,Vemana,"[('ధ', 'U'), ('ర్మ', '|'), ('మ', '|'), ('ర', '|'), ('సి', '|'), ('పూ', 'U'), ('ని', '|'), ('ధ', 'U'), ('ర్మ', '|'), ('రా', 'U'), ('జా', 'U'), ('దు', '|'), ('లు', '|'), ('ని', 'U'), ('ర్మ', '|'), ('లం', 'U'), ('పు', '|'), ('ప్రౌ', 'U'), ('ఢి', '|'), ('ని', '|'), ('లు', '|'), ('పు', '|'), ('కొ', '|'), ('ని', '|'), ('రి', '|'), ('ధ', 'U'), ('ర్మ', '|'), ('మే', 'U'), ('నృ', '|'), ('పు', '|'), ('ల', '|'), ('కు', '|'), ('తా', 'U'), ('ర', '|'), ('క', '|'), ('యో', 'U'), ('గం', 'U'), ('బు', '|'), ('వి', 'U'), ('శ్వ', '|'), ('దా', 'U'), ('భి', '|'), ('రా', 'U'), ('మ', '|'), ('వి', '|'), ('న', '|'), ('ర', '|'), ('వే', 'U'), ('మ', '|')]",1.0,-1.0,1.0,1.0,1.0,-1.0
aataveladi,"_x000D_
దానములను జేయఁ దన చేతులాడక
_x000D_
బహుధనంబుఁగూర్చి పాతిపెట్టు
_x000D_
తుదను దండుగ నిడు మొదలు చేర్చునరుండు
_x000D_
విశ్వదాభిరామ వినర వేమ.",vupajaathi,Vemana,"[('దా', 'U'), ('న', '|'), ('ము', '|'), ('ల', '|'), ('ను', '|'), ('జే', 'U'), ('య', '|'), ('ద', '|'), ('న', '|'), ('చే', 'U'), ('తు', '|'), ('లా', 'U'), ('డ', '|'), ('క', '|'), ('బ', '|'), ('హు', '|'), ('ధ', '|'), ('నం', 'U'), ('బు', '|'), ('గూ', 'U'), ('ర్చి', '|'), ('పా', 'U'), ('తి', '|'), ('పె', 'U'), ('ట్టు', '|'), ('తు', '|'), ('ద', '|'), ('ను', '|'), ('దం', 'U'), ('డు', '|'), ('గ', '|'), ('ని', '|'), ('డు', '|'), ('మొ', '|'), ('ద', '|'), ('లు', '|'), ('చే', 'U'), ('ర్చు', '|'), ('న', '|'), ('రుం', 'U'), ('డు', '|'), ('వి', 'U'), ('శ్వ', '|'), ('దా', 'U'), ('భి', '|'), ('రా', 'U'), ('మ', '|'), ('వి', '|'), ('న', '|'), ('ర', '|'), ('వే', 'U'), ('మ', '|')]",1.0,-1.0,1.0,1.0,1.0,-1.0
kandamu,"_x000D_
నిత్యంబు కానియొడలికి
_x000D_
నిత్యము దుఃఖమునఁబడును నిరతము ధరలో
_x000D_
నిత్యానందపు పదవికి
_x000D_
నిత్యంబును దుఃఖపడఁగ నేరదు వేమా.",jaathi,Vemana,"[('ని', 'U'), ('త్యం', 'U'), ('బు', '|'), ('కా', 'U'), ('ని', '|'), ('యొ', '|'), ('డ', '|'), ('లి', '|'), ('కి', '|'), ('ని', 'U'), ('త్య', '|'), ('ము', '|'), ('దుః', 'U'), ('ఖ', '|'), ('ము', '|'), ('న', '|'), ('బ', '|'), ('డు', '|'), ('ను', '|'), ('ని', '|'), ('ర', '|'), ('త', '|'), ('ము', '|'), ('ధ', '|'), ('ర', '|'), ('లో', 'U'), ('ని', 'U'), ('త్యా', 'U'), ('నం', 'U'), ('ద', '|'), ('పు', '|'), ('ప', '|'), ('ద', '|'), ('వి', '|'), ('కి', '|'), ('ని', 'U'), ('త్యం', 'U'), ('బు', '|'), ('ను', '|'), ('దుః', 'U'), ('ఖ', '|'), ('ప', '|'), ('డ', '|'), ('గ', '|'), ('నే', 'U'), ('ర', '|'), ('దు', '|'), ('వే', 'U'), ('మా', 'U')]",1.0,-1.0,1.0,1.0,1.0,1.0
aataveladi,"_x000D_
విను వివేకమనెడి వింతగొడ్డలిచేత
_x000D_
వలయవిద్యయనెడు నడవి నఱికి
_x000D_
తెలివియనెడుగొప్ప దీపంబు చేఁబట్టి
_x000D_
ముక్తిఁ జూడవచ్చు మొనసి వేమ.",vupajaathi,Vemana,"[('వి', '|'), ('ను', '|'), ('వి', '|'), ('వే', 'U'), ('క', '|'), ('మ', '|'), ('నె', '|'), ('డి', '|'), ('విం', 'U'), ('త', '|'), ('గొ', 'U'), ('డ్డ', '|'), ('లి', '|'), ('చే', 'U'), ('త', '|'), ('వ', '|'), ('ల', '|'), ('య', '|'), ('వి', 'U'), ('ద్య', '|'), ('య', '|'), ('నె', '|'), ('డు', '|'), ('న', '|'), ('డ', '|'), ('వి', '|'), ('న', '|'), ('ఱి', '|'), ('కి', '|'), ('తె', '|'), ('లి', '|'), ('వి', '|'), ('య', '|'), ('నె', '|'), ('డు', '|'), ('గొ', 'U'), ('ప్ప', '|'), ('దీ', 'U'), ('పం', 'U'), ('బు', '|'), ('చే', 'U'), ('బ', 'U'), ('ట్టి', '|'), ('ము', 'U'), ('క్తి', '|'), ('జూ', 'U'), ('డ', '|'), ('వ', 'U'), ('చ్చు', '|'), ('మొ', '|'), ('న', '|'), ('సి', '|'), ('వే', 'U'), ('మ', '|')]",0.9166666666666666,-1.0,1.0,1.0,0.75,-1.0
kandamu,"_x000D_
ఎక్కడిసుతు లెక్కడిసతు
_x000D_
లెక్కడిబంధువులు సఖులు నెక్కడి భృత్యుల్‌
_x000D_
డొక్కువడి పోవు వేళలఁ
_x000D_
జక్కటికిని నెవరురారు సహజము వేమా.",jaathi,Vemana,"[('ఎ', 'U'), ('క్క', '|'), ('డి', '|'), ('సు', '|'), ('తు', '|'), ('లె', 'U'), ('క్క', '|'), ('డి', '|'), ('స', '|'), ('తు', '|'), ('లె', 'U'), ('క్క', '|'), ('డి', '|'), ('బం', 'U'), ('ధు', '|'), ('వు', '|'), ('లు', '|'), ('స', '|'), ('ఖు', '|'), ('లు', '|'), ('నె', 'U'), ('క్క', '|'), ('డి', '|'), ('భృ', 'U'), ('త్యుల్', 'U'), ('డొ', 'U'), ('క్కు', '|'), ('వ', '|'), ('డి', '|'), ('పో', 'U'), ('వు', '|'), ('వే', 'U'), ('ళ', '|'), ('ల', '|'), ('జ', 'U'), ('క్క', '|'), ('టి', '|'), ('కి', '|'), ('ని', '|'), ('నె', '|'), ('వ', '|'), ('రు', '|'), ('రా', 'U'), ('రు', '|'), ('స', '|'), ('హ', '|'), ('జ', '|'), ('ము', '|'), ('వే', 'U'), ('మా', 'U')]",0.875,-1.0,1.0,1.0,0.5,1.0
aataveladi,"_x000D_
పాలనీరుక్రమము పరమహంస యెఱుంగు
_x000D_
నీరుపాలక్రమము నెమలి కేల
_x000D_
అజ్ఞుఁడయినవాఁడు నలశివు నెఱుఁగునా
_x000D_
విశ్వదాభిరామ వినర వేమ.",vupajaathi,Vemana,"[('పా', 'U'), ('ల', '|'), ('నీ', 'U'), ('రు', '|'), ('క్ర', '|'), ('మ', '|'), ('ము', '|'), ('ప', '|'), ('ర', '|'), ('మ', '|'), ('హం', 'U'), ('స', '|'), ('యె', '|'), ('ఱుం', 'U'), ('గు', '|'), ('నీ', 'U'), ('రు', '|'), ('పా', 'U'), ('ల', '|'), ('క్ర', '|'), ('మ', '|'), ('ము', '|'), ('నె', '|'), ('మ', '|'), ('లి', '|'), ('కే', 'U'), ('ల', '|'), ('అ', 'U'), ('జ్ఞు', '|'), ('డ', '|'), ('యి', '|'), ('న', '|'), ('వా', 'U'), ('డు', '|'), ('న', '|'), ('ల', '|'), ('శి', '|'), ('వు', '|'), ('నె', '|'), ('ఱు', '|'), ('గు', '|'), ('నా', 'U'), ('వి', 'U'), ('శ్వ', '|'), ('దా', 'U'), ('భి', '|'), ('రా', 'U'), ('మ', '|'), ('వి', '|'), ('న', '|'), ('ర', '|'), ('వే', 'U'), ('మ', '|')]",0.9166666666666666,-1.0,1.0,1.0,0.75,-1.0
aataveladi,"_x000D_
కన్నులందు మదము గప్పి కానరుగాని
_x000D_
నిరుడు మీదటేఁడు నిన్న మొన్న
_x000D_
దగ్ధులయిన వారు తమకంటెఁ దక్కువా
_x000D_
విశ్వదాభిరామ వినర వేమ.",vupajaathi,Vemana,"[('క', 'U'), ('న్ను', '|'), ('లం', 'U'), ('దు', '|'), ('మ', '|'), ('ద', '|'), ('ము', '|'), ('గ', 'U'), ('ప్పి', '|'), ('కా', 'U'), ('న', '|'), ('రు', '|'), ('గా', 'U'), ('ని', '|'), ('ని', '|'), ('రు', '|'), ('డు', '|'), ('మీ', 'U'), ('ద', '|'), ('టే', 'U'), ('డు', '|'), ('ని', 'U'), ('న్న', '|'), ('మొ', 'U'), ('న్న', '|'), ('ద', 'U'), ('గ్ధు', '|'), ('ల', '|'), ('యి', '|'), ('న', '|'), ('వా', 'U'), ('రు', '|'), ('త', '|'), ('మ', '|'), ('కం', 'U'), ('టె', '|'), ('ద', 'U'), ('క్కు', '|'), ('వా', 'U'), ('వి', 'U'), ('శ్వ', '|'), ('దా', 'U'), ('భి', '|'), ('రా', 'U'), ('మ', '|'), ('వి', '|'), ('న', '|'), ('ర', '|'), ('వే', 'U'), ('మ', '|')]",1.0,-1.0,1.0,1.0,1.0,-1.0
kandamu,"_x000D_
దీపంబు లేని యింటను
_x000D_
రూపంబును దెలియలేరు రూఢిగఁ దమలో
_x000D_
దీపమగు తెలివి గలిగియు
_x000D_
పాపంబుల మఱుగుత్రోవఁ బడుదురు వేమా.",jaathi,Vemana,"[('దీ', 'U'), ('పం', 'U'), ('బు', '|'), ('లే', 'U'), ('ని', '|'), ('యిం', 'U'), ('ట', '|'), ('ను', '|'), ('రూ', 'U'), ('పం', 'U'), ('బు', '|'), ('ను', '|'), ('దె', '|'), ('లి', '|'), ('య', '|'), ('లే', 'U'), ('రు', '|'), ('రూ', 'U'), ('ఢి', '|'), ('గ', '|'), ('ద', '|'), ('మ', '|'), ('లో', 'U'), ('దీ', 'U'), ('ప', '|'), ('మ', '|'), ('గు', '|'), ('తె', '|'), ('లి', '|'), ('వి', '|'), ('గ', '|'), ('లి', '|'), ('గి', '|'), ('యు', '|'), ('పా', 'U'), ('పం', 'U'), ('బు', '|'), ('ల', '|'), ('మ', '|'), ('ఱు', '|'), ('గు', '|'), ('త్రో', 'U'), ('వ', '|'), ('బ', '|'), ('డు', '|'), ('దు', '|'), ('రు', '|'), ('వే', 'U'), ('మా', 'U')]",1.0,-1.0,1.0,1.0,1.0,1.0
aataveladi,"_x000D_
ఏరుదాఁటి మెట్ట కేగినపురుషుండు
_x000D_
పుట్టి సరుకుగొనక పోయినట్లు
_x000D_
యోగపురుషుఁడేల యొడలిఁ బాటించురా
_x000D_
విశ్వదాభిరామ వినర వేమ.",vupajaathi,Vemana,"[('ఏ', 'U'), ('రు', '|'), ('దా', 'U'), ('టి', '|'), ('మె', 'U'), ('ట్ట', '|'), ('కే', 'U'), ('గి', '|'), ('న', '|'), ('పు', '|'), ('రు', '|'), ('షుం', 'U'), ('డు', '|'), ('పు', 'U'), ('ట్టి', '|'), ('స', '|'), ('రు', '|'), ('కు', '|'), ('గొ', '|'), ('న', '|'), ('క', '|'), ('పో', 'U'), ('యి', '|'), ('న', 'U'), ('ట్లు', '|'), ('యో', 'U'), ('గ', '|'), ('పు', '|'), ('రు', '|'), ('షు', '|'), ('డే', 'U'), ('ల', '|'), ('యొ', '|'), ('డ', '|'), ('లి', '|'), ('బా', 'U'), ('టిం', 'U'), ('చు', '|'), ('రా', 'U'), ('వి', 'U'), ('శ్వ', '|'), ('దా', 'U'), ('భి', '|'), ('రా', 'U'), ('మ', '|'), ('వి', '|'), ('న', '|'), ('ర', '|'), ('వే', 'U'), ('మ', '|')]",0.9166666666666666,-1.0,1.0,1.0,0.75,-1.0
aataveladi,"_x000D_
మంటికుండవంటి మాయాశరీరంబు
_x000D_
చచ్చు నెన్నడయినఁ జావఁ డాత్మ
_x000D_
ఘటము లెన్నియైన గగనంబదేకమే
_x000D_
విశ్వదాభిరామ వినర వేమ.",vupajaathi,Vemana,"[('మం', 'U'), ('టి', '|'), ('కుం', 'U'), ('డ', '|'), ('వం', 'U'), ('టి', '|'), ('మా', 'U'), ('యా', 'U'), ('శ', '|'), ('రీ', 'U'), ('రం', 'U'), ('బు', '|'), ('చ', 'U'), ('చ్చు', '|'), ('నె', 'U'), ('న్న', '|'), ('డ', '|'), ('యి', '|'), ('న', '|'), ('జా', 'U'), ('వ', '|'), ('డా', 'U'), ('త్మ', '|'), ('ఘ', '|'), ('ట', '|'), ('ము', '|'), ('లె', 'U'), ('న్ని', '|'), ('యై', 'U'), ('న', '|'), ('గ', '|'), ('గ', '|'), ('నం', 'U'), ('బ', '|'), ('దే', 'U'), ('క', '|'), ('మే', 'U'), ('వి', 'U'), ('శ్వ', '|'), ('దా', 'U'), ('భి', '|'), ('రా', 'U'), ('మ', '|'), ('వి', '|'), ('న', '|'), ('ర', '|'), ('వే', 'U'), ('మ', '|')]",1.0,-1.0,1.0,1.0,1.0,-1.0
aataveladi,"_x000D_
మాయను చెఱసాల మనమను గొలుసును
_x000D_
భేదమనెడుబొండ బెరసియుండు
_x000D_
ఇట్టిబద్ధజీవి కెన్నడు మోక్షంబు
_x000D_
విశ్వదాభిరామ వినర వేమ.",vupajaathi,Vemana,"[('మా', 'U'), ('య', '|'), ('ను', '|'), ('చె', '|'), ('ఱ', '|'), ('సా', 'U'), ('ల', '|'), ('మ', '|'), ('న', '|'), ('మ', '|'), ('ను', '|'), ('గొ', '|'), ('లు', '|'), ('సు', '|'), ('ను', '|'), ('భే', 'U'), ('ద', '|'), ('మ', '|'), ('నె', '|'), ('డు', '|'), ('బొం', 'U'), ('డ', '|'), ('బె', '|'), ('ర', '|'), ('సి', '|'), ('యుం', 'U'), ('డు', '|'), ('ఇ', 'U'), ('ట్టి', '|'), ('బ', 'U'), ('ద్ధ', '|'), ('జీ', 'U'), ('వి', '|'), ('కె', 'U'), ('న్న', '|'), ('డు', '|'), ('మో', 'U'), ('క్షం', 'U'), ('బు', '|'), ('వి', 'U'), ('శ్వ', '|'), ('దా', 'U'), ('భి', '|'), ('రా', 'U'), ('మ', '|'), ('వి', '|'), ('న', '|'), ('ర', '|'), ('వే', 'U'), ('మ', '|')]",0.9166666666666666,-1.0,1.0,1.0,0.75,-1.0
aataveladi,"_x000D_
ఎఱుకకన్నను సుఖమే లోకమునలేదు
_x000D_
ఎఱుకనెఱుఁగ నెవని కెఱుకలేదు
_x000D_
ఎఱుకసాటి ఎఱుక యేతత్వమున లేదు
_x000D_
విశ్వదాభిరామ వినర వేమ.",vupajaathi,Vemana,"[('ఎ', '|'), ('ఱు', '|'), ('క', '|'), ('క', 'U'), ('న్న', '|'), ('ను', '|'), ('సు', '|'), ('ఖ', '|'), ('మే', 'U'), ('లో', 'U'), ('క', '|'), ('ము', '|'), ('న', '|'), ('లే', 'U'), ('దు', '|'), ('ఎ', '|'), ('ఱు', '|'), ('క', '|'), ('నె', '|'), ('ఱు', '|'), ('గ', '|'), ('నె', '|'), ('వ', '|'), ('ని', '|'), ('కె', '|'), ('ఱు', '|'), ('క', '|'), ('లే', 'U'), ('దు', '|'), ('ఎ', '|'), ('ఱు', '|'), ('క', '|'), ('సా', 'U'), ('టి', '|'), ('ఎ', '|'), ('ఱు', '|'), ('క', '|'), ('యే', 'U'), ('త', 'U'), ('త్వ', '|'), ('ము', '|'), ('న', '|'), ('లే', 'U'), ('దు', '|'), ('వి', 'U'), ('శ్వ', '|'), ('దా', 'U'), ('భి', '|'), ('రా', 'U'), ('మ', '|'), ('వి', '|'), ('న', '|'), ('ర', '|'), ('వే', 'U'), ('మ', '|')]",0.8333333333333334,-1.0,1.0,1.0,0.5,-1.0
kandamu,"_x000D_
కనియుండి కానలేరట
_x000D_
వినియుండియు వినగలేరు విస్మయమేమో
_x000D_
కనుగ్రుడ్డియు వినుచెవుడుం
_x000D_
చనునది నిజమయ్యె జగమునందున వేమా.",jaathi,Vemana,"[('క', '|'), ('ని', '|'), ('యుం', 'U'), ('డి', '|'), ('కా', 'U'), ('న', '|'), ('లే', 'U'), ('ర', '|'), ('ట', '|'), ('వి', '|'), ('ని', '|'), ('యుం', 'U'), ('డి', '|'), ('యు', '|'), ('వి', '|'), ('న', '|'), ('గ', '|'), ('లే', 'U'), ('రు', '|'), ('వి', 'U'), ('స్మ', '|'), ('య', '|'), ('మే', 'U'), ('మో', 'U'), ('క', '|'), ('ను', '|'), ('గ్రు', 'U'), ('డ్డి', '|'), ('యు', '|'), ('వి', '|'), ('ను', '|'), ('చె', '|'), ('వు', '|'), ('డుం', 'U'), ('చ', '|'), ('ను', '|'), ('న', '|'), ('ది', '|'), ('ని', '|'), ('జ', '|'), ('మ', 'U'), ('య్యె', '|'), ('జ', '|'), ('గ', '|'), ('ము', '|'), ('నం', 'U'), ('దు', '|'), ('న', '|'), ('వే', 'U'), ('మా', 'U')]",0.875,-1.0,1.0,1.0,0.5,1.0
aataveladi,"_x000D_
ఊరకుంట దెలియ నుత్తమయోగంబు
_x000D_
మానసంబు కలిమి మధ్యమంబు
_x000D_
ఆసనాది విధుల నధమ యోగంబురా
_x000D_
విశ్వదాభిరామ వినర వేమ.",vupajaathi,Vemana,"[('ఊ', 'U'), ('ర', '|'), ('కుం', 'U'), ('ట', '|'), ('దె', '|'), ('లి', '|'), ('య', '|'), ('ను', 'U'), ('త్త', '|'), ('మ', '|'), ('యో', 'U'), ('గం', 'U'), ('బు', '|'), ('మా', 'U'), ('న', '|'), ('సం', 'U'), ('బు', '|'), ('క', '|'), ('లి', '|'), ('మి', '|'), ('మ', 'U'), ('ధ్య', '|'), ('మం', 'U'), ('బు', '|'), ('ఆ', 'U'), ('స', '|'), ('నా', 'U'), ('ది', '|'), ('వి', '|'), ('ధు', '|'), ('ల', '|'), ('న', '|'), ('ధ', '|'), ('మ', '|'), ('యో', 'U'), ('గం', 'U'), ('బు', '|'), ('రా', 'U'), ('వి', 'U'), ('శ్వ', '|'), ('దా', 'U'), ('భి', '|'), ('రా', 'U'), ('మ', '|'), ('వి', '|'), ('న', '|'), ('ర', '|'), ('వే', 'U'), ('మ', '|')]",0.8333333333333334,-1.0,1.0,1.0,0.5,-1.0
aataveladi,"_x000D_
మనసుసూచి గెల్చి మనసులో సుఖియించి
_x000D_
కడకు మోక్షపదము గనునువాఁడు
_x000D_
చెట్టుఁబెట్టు ఫలము చేకూర కుండునా
_x000D_
విశ్వదాభిరామ వినర వేమ.",vupajaathi,Vemana,"[('మ', '|'), ('న', '|'), ('సు', '|'), ('సూ', 'U'), ('చి', '|'), ('గె', 'U'), ('ల్చి', '|'), ('మ', '|'), ('న', '|'), ('సు', '|'), ('లో', 'U'), ('సు', '|'), ('ఖి', '|'), ('యిం', 'U'), ('చి', '|'), ('క', '|'), ('డ', '|'), ('కు', '|'), ('మో', 'U'), ('క్ష', '|'), ('ప', '|'), ('ద', '|'), ('ము', '|'), ('గ', '|'), ('ను', '|'), ('ను', '|'), ('వా', 'U'), ('డు', '|'), ('చె', 'U'), ('ట్టు', '|'), ('బె', 'U'), ('ట్టు', '|'), ('ఫ', '|'), ('ల', '|'), ('ము', '|'), ('చే', 'U'), ('కూ', 'U'), ('ర', '|'), ('కుం', 'U'), ('డు', '|'), ('నా', 'U'), ('వి', 'U'), ('శ్వ', '|'), ('దా', 'U'), ('భి', '|'), ('రా', 'U'), ('మ', '|'), ('వి', '|'), ('న', '|'), ('ర', '|'), ('వే', 'U'), ('మ', '|')]",1.0,-1.0,1.0,1.0,1.0,-1.0
aataveladi,"_x000D_
మాటలాడవచ్చు మనసు నిల్పగరాదు
_x000D_
తెలుపవచ్చు దన్నుఁ దెలియరాదు
_x000D_
సురియఁబట్టబచ్చు శూరుండు కారాదు
_x000D_
విశ్వదాభిరామ వినర వేమ.",vupajaathi,Vemana,"[('మా', 'U'), ('ట', '|'), ('లా', 'U'), ('డ', '|'), ('వ', 'U'), ('చ్చు', '|'), ('మ', '|'), ('న', '|'), ('సు', '|'), ('ని', 'U'), ('ల్ప', '|'), ('గ', '|'), ('రా', 'U'), ('దు', '|'), ('తె', '|'), ('లు', '|'), ('ప', '|'), ('వ', 'U'), ('చ్చు', '|'), ('ద', 'U'), ('న్ను', '|'), ('దె', '|'), ('లి', '|'), ('య', '|'), ('రా', 'U'), ('దు', '|'), ('సు', '|'), ('రి', '|'), ('య', '|'), ('బ', 'U'), ('ట్ట', '|'), ('బ', 'U'), ('చ్చు', '|'), ('శూ', 'U'), ('రుం', 'U'), ('డు', '|'), ('కా', 'U'), ('రా', 'U'), ('దు', '|'), ('వి', 'U'), ('శ్వ', '|'), ('దా', 'U'), ('భి', '|'), ('రా', 'U'), ('మ', '|'), ('వి', '|'), ('న', '|'), ('ర', '|'), ('వే', 'U'), ('మ', '|')]",1.0,-1.0,1.0,1.0,1.0,-1.0
aataveladi,"_x000D_
చూపు వెలయఁజేసి సూక్ష్మంబు వత్తిచే
_x000D_
చిత్తమనెడు దివ్వె నెన్నుపఱచి
_x000D_
పాపమనెడు తిమిర మేపాఱ పాపని
_x000D_
పాపజాతి గురుఁడు పశువు వేమా.",vupajaathi,Vemana,"[('చూ', 'U'), ('పు', '|'), ('వె', '|'), ('ల', '|'), ('య', '|'), ('జే', 'U'), ('సి', '|'), ('సూ', 'U'), ('క్ష్మం', 'U'), ('బు', '|'), ('వ', 'U'), ('త్తి', '|'), ('చే', 'U'), ('చి', 'U'), ('త్త', '|'), ('మ', '|'), ('నె', '|'), ('డు', '|'), ('ది', 'U'), ('వ్వె', '|'), ('నె', 'U'), ('న్ను', '|'), ('ప', '|'), ('ఱ', '|'), ('చి', '|'), ('పా', 'U'), ('ప', '|'), ('మ', '|'), ('నె', '|'), ('డు', '|'), ('తి', '|'), ('మి', '|'), ('ర', '|'), ('మే', 'U'), ('పా', 'U'), ('ఱ', '|'), ('పా', 'U'), ('ప', '|'), ('ని', '|'), ('పా', 'U'), ('ప', '|'), ('జా', 'U'), ('తి', '|'), ('గు', '|'), ('రు', '|'), ('డు', '|'), ('ప', '|'), ('శు', '|'), ('వు', '|'), ('వే', 'U'), ('మా', 'U')]",0.9,-1.0,1.0,0.95,0.75,-1.0
aataveladi,"_x000D_
గురువు చిల్లగింజ కుంభ మీదేహంబు
_x000D_
ఆత్మ కలుషవంక మడుగుఁబట్టఁ
_x000D_
దెలిసి నిలిచెనేని దివ్యామృతంబురా
_x000D_
విశ్వదాభిరామ వినర వేమ.",vupajaathi,Vemana,"[('గు', '|'), ('రు', '|'), ('వు', '|'), ('చి', 'U'), ('ల్ల', '|'), ('గిం', 'U'), ('జ', '|'), ('కుం', 'U'), ('భ', '|'), ('మీ', 'U'), ('దే', 'U'), ('హం', 'U'), ('బు', '|'), ('ఆ', 'U'), ('త్మ', '|'), ('క', '|'), ('లు', '|'), ('ష', '|'), ('వం', 'U'), ('క', '|'), ('మ', '|'), ('డు', '|'), ('గు', '|'), ('బ', 'U'), ('ట్ట', '|'), ('దె', '|'), ('లి', '|'), ('సి', '|'), ('ని', '|'), ('లి', '|'), ('చె', '|'), ('నే', 'U'), ('ని', '|'), ('ది', 'U'), ('వ్యా', 'U'), ('మృ', '|'), ('తం', 'U'), ('బు', '|'), ('రా', 'U'), ('వి', 'U'), ('శ్వ', '|'), ('దా', 'U'), ('భి', '|'), ('రా', 'U'), ('మ', '|'), ('వి', '|'), ('న', '|'), ('ర', '|'), ('వే', 'U'), ('మ', '|')]",0.9166666666666666,-1.0,1.0,1.0,0.75,-1.0
kandamu,"_x000D_
గురుఁడనఁగా మొదలంతకు
_x000D_
గురుశిష్యు లనంగ నెల్లకొమ్మలుకాగా
_x000D_
గురువును గానగఁ జాలరు
_x000D_
ధరలోపల మనుజులెల్లఁ దలఁపరు వేమా.",jaathi,Vemana,"[('గు', '|'), ('రు', '|'), ('డ', '|'), ('న', '|'), ('గా', 'U'), ('మొ', '|'), ('ద', '|'), ('లం', 'U'), ('త', '|'), ('కు', '|'), ('గు', '|'), ('రు', '|'), ('శి', 'U'), ('ష్యు', '|'), ('ల', '|'), ('నం', 'U'), ('గ', '|'), ('నె', 'U'), ('ల్ల', '|'), ('కొ', 'U'), ('మ్మ', '|'), ('లు', '|'), ('కా', 'U'), ('గా', 'U'), ('గు', '|'), ('రు', '|'), ('వు', '|'), ('ను', '|'), ('గా', 'U'), ('న', '|'), ('గ', '|'), ('జా', 'U'), ('ల', '|'), ('రు', '|'), ('ధ', '|'), ('ర', '|'), ('లో', 'U'), ('ప', '|'), ('ల', '|'), ('మ', '|'), ('ను', '|'), ('జు', '|'), ('లె', 'U'), ('ల్ల', '|'), ('ద', '|'), ('ల', '|'), ('ప', '|'), ('రు', '|'), ('వే', 'U'), ('మా', 'U')]",1.0,-1.0,1.0,1.0,1.0,1.0
kandamu,"_x000D_
గురుఁ డనఁగా పరమాత్ముఁడు
_x000D_
పరగంగా శిష్యుఁడనఁగఁ బటుజీవుఁడగు\న్‌
_x000D_
గురుశిష్య జీవసంపద
_x000D_
గురుతరముగఁ గూర్చు నతఁడు గురువగు వేమా.",jaathi,Vemana,"[('గు', '|'), ('రు', '|'), ('డ', '|'), ('న', '|'), ('గా', 'U'), ('ప', '|'), ('ర', '|'), ('మా', 'U'), ('త్ము', '|'), ('డు', '|'), ('ప', '|'), ('ర', '|'), ('గం', 'U'), ('గా', 'U'), ('శి', 'U'), ('ష్యు', '|'), ('డ', '|'), ('న', '|'), ('గ', '|'), ('బ', '|'), ('టు', '|'), ('జీ', 'U'), ('వు', '|'), ('డ', '|'), ('గున్', 'U'), ('గు', '|'), ('రు', '|'), ('శి', 'U'), ('ష్య', '|'), ('జీ', 'U'), ('వ', '|'), ('సం', 'U'), ('ప', '|'), ('ద', '|'), ('గు', '|'), ('రు', '|'), ('త', '|'), ('ర', '|'), ('ము', '|'), ('గ', '|'), ('గూ', 'U'), ('ర్చు', '|'), ('న', '|'), ('త', '|'), ('డు', '|'), ('గు', '|'), ('రు', '|'), ('వ', '|'), ('గు', '|'), ('వే', 'U'), ('మా', 'U')]",1.0,-1.0,1.0,1.0,1.0,1.0
aataveladi,"_x000D_
లోకములకు గురువు లోకులకును గురు
_x000D_
వదియుఁ దెలిసి మోక్ష మందుగోరి
_x000D_
గురునిఁ గనక నరక కూపము నందురు
_x000D_
విశ్వదాభిరామ వినర వేమ.",vupajaathi,Vemana,"[('లో', 'U'), ('క', '|'), ('ము', '|'), ('ల', '|'), ('కు', '|'), ('గు', '|'), ('రు', '|'), ('వు', '|'), ('లో', 'U'), ('కు', '|'), ('ల', '|'), ('కు', '|'), ('ను', '|'), ('గు', '|'), ('రు', '|'), ('వ', '|'), ('ది', '|'), ('యు', '|'), ('దె', '|'), ('లి', '|'), ('సి', '|'), ('మో', 'U'), ('క్ష', '|'), ('మం', 'U'), ('దు', '|'), ('గో', 'U'), ('రి', '|'), ('గు', '|'), ('రు', '|'), ('ని', '|'), ('గ', '|'), ('న', '|'), ('క', '|'), ('న', '|'), ('ర', '|'), ('క', '|'), ('కూ', 'U'), ('ప', '|'), ('ము', '|'), ('నం', 'U'), ('దు', '|'), ('రు', '|'), ('వి', 'U'), ('శ్వ', '|'), ('దా', 'U'), ('భి', '|'), ('రా', 'U'), ('మ', '|'), ('వి', '|'), ('న', '|'), ('ర', '|'), ('వే', 'U'), ('మ', '|')]",0.9166666666666666,-1.0,1.0,1.0,0.75,-1.0
aataveladi,"_x000D_
జీవిలోననుండు సిద్ధునిగానక
_x000D_
తిరుగు నస్థిరంబు వరుసనమ్మి
_x000D_
స్థిరము నస్థిరమును దెలియ జీవికిముక్తి
_x000D_
విశ్వదాభిరామ వినర వేమ.",vupajaathi,Vemana,"[('జీ', 'U'), ('వి', '|'), ('లో', 'U'), ('న', '|'), ('నుం', 'U'), ('డు', '|'), ('సి', 'U'), ('ద్ధు', '|'), ('ని', '|'), ('గా', 'U'), ('న', '|'), ('క', '|'), ('తి', '|'), ('రు', '|'), ('గు', '|'), ('న', 'U'), ('స్థి', '|'), ('రం', 'U'), ('బు', '|'), ('వ', '|'), ('రు', '|'), ('స', '|'), ('న', 'U'), ('మ్మి', 'U'), ('స్థి', '|'), ('ర', '|'), ('ము', '|'), ('న', 'U'), ('స్థి', '|'), ('ర', '|'), ('ము', '|'), ('ను', '|'), ('దె', '|'), ('లి', '|'), ('య', '|'), ('జీ', 'U'), ('వి', '|'), ('కి', '|'), ('ము', 'U'), ('క్తి', '|'), ('వి', 'U'), ('శ్వ', '|'), ('దా', 'U'), ('భి', '|'), ('రా', 'U'), ('మ', '|'), ('వి', '|'), ('న', '|'), ('ర', '|'), ('వే', 'U'), ('మ', '|')]",0.75,-1.0,1.0,0.75,0.5,-1.0
aataveladi,"_x000D_
గతము చూతమన్న కలఁగన్న యర్థంబు
_x000D_
నడుచు కార్యమేని నమ్మరాదు
_x000D_
క్షణములోని బ్రతుకు సంసార విభ్రాంతి
_x000D_
విశ్వదాభిరామ వినర వేమ.",vupajaathi,Vemana,"[('గ', '|'), ('త', '|'), ('ము', '|'), ('చూ', 'U'), ('త', '|'), ('మ', 'U'), ('న్న', '|'), ('క', '|'), ('ల', '|'), ('గ', 'U'), ('న్న', '|'), ('య', 'U'), ('ర్థం', 'U'), ('బు', '|'), ('న', '|'), ('డు', '|'), ('చు', '|'), ('కా', 'U'), ('ర్య', '|'), ('మే', 'U'), ('ని', '|'), ('న', 'U'), ('మ్మ', '|'), ('రా', 'U'), ('దు', 'U'), ('క్ష', '|'), ('ణ', '|'), ('ము', '|'), ('లో', 'U'), ('ని', '|'), ('బ్ర', '|'), ('తు', '|'), ('కు', '|'), ('సం', 'U'), ('సా', 'U'), ('ర', '|'), ('వి', '|'), ('భ్రాం', 'U'), ('తి', '|'), ('వి', 'U'), ('శ్వ', '|'), ('దా', 'U'), ('భి', '|'), ('రా', 'U'), ('మ', '|'), ('వి', '|'), ('న', '|'), ('ర', '|'), ('వే', 'U'), ('మ', '|')]",0.7333333333333334,-1.0,1.0,0.7,0.5,-1.0
aataveladi,"_x000D_
తాననంగ నెవరు తనవారన నెవరు
_x000D_
తెలిసి తెలియలేరు తిక్క నరులు
_x000D_
అరయ పిసినికాయ పురుగు పద్ధతికాగ
_x000D_
విశ్వదాభిరామ వినర వేమ.",vupajaathi,Vemana,"[('తా', 'U'), ('న', '|'), ('నం', 'U'), ('గ', '|'), ('నె', '|'), ('వ', '|'), ('రు', '|'), ('త', '|'), ('న', '|'), ('వా', 'U'), ('ర', '|'), ('న', '|'), ('నె', '|'), ('వ', '|'), ('రు', '|'), ('తె', '|'), ('లి', '|'), ('సి', '|'), ('తె', '|'), ('లి', '|'), ('య', '|'), ('లే', 'U'), ('రు', '|'), ('తి', 'U'), ('క్క', '|'), ('న', '|'), ('రు', '|'), ('లు', '|'), ('అ', '|'), ('ర', '|'), ('య', '|'), ('పి', '|'), ('సి', '|'), ('ని', '|'), ('కా', 'U'), ('య', '|'), ('పు', '|'), ('రు', '|'), ('గు', '|'), ('ప', 'U'), ('ద్ధ', '|'), ('తి', '|'), ('కా', 'U'), ('గ', '|'), ('వి', 'U'), ('శ్వ', '|'), ('దా', 'U'), ('భి', '|'), ('రా', 'U'), ('మ', '|'), ('వి', '|'), ('న', '|'), ('ర', '|'), ('వే', 'U'), ('మ', '|')]",1.0,-1.0,1.0,1.0,1.0,-1.0
kandamu,"_x000D_
భయముసుమీ యజ్ఞానము
_x000D_
భయముడిగిన నిశ్చయంబు పరమార్థంబౌ
_x000D_
లయముసుమీ యీ దేహము
_x000D_
జయముసుమీ జీవుఁడనుచుఁ జాటర వేమా.",jaathi,Vemana,"[('భ', '|'), ('య', '|'), ('ము', '|'), ('సు', '|'), ('మీ', 'U'), ('య', 'U'), ('జ్ఞా', 'U'), ('న', '|'), ('ము', '|'), ('భ', '|'), ('య', '|'), ('ము', '|'), ('డి', '|'), ('గి', '|'), ('న', '|'), ('ని', 'U'), ('శ్చ', '|'), ('యం', 'U'), ('బు', '|'), ('ప', '|'), ('ర', '|'), ('మా', 'U'), ('ర్థం', 'U'), ('బౌ', 'U'), ('ల', '|'), ('య', '|'), ('ము', '|'), ('సు', '|'), ('మీ', 'U'), ('యీ', 'U'), ('దే', 'U'), ('హ', '|'), ('ము', '|'), ('జ', '|'), ('య', '|'), ('ము', '|'), ('సు', '|'), ('మీ', 'U'), ('జీ', 'U'), ('వు', '|'), ('డ', '|'), ('ను', '|'), ('చు', '|'), ('జా', 'U'), ('ట', '|'), ('ర', '|'), ('వే', 'U'), ('మా', 'U')]",1.0,-1.0,1.0,1.0,1.0,1.0
aataveladi,"_x000D_
చచ్చెఁ జచ్చె ననుచుఁ జావుకు వగచెడు
_x000D_
దీననరుల వెఱ్ఱి దెలుపరాదు
_x000D_
ప్రాణమునకు మృత్యు బంధంబు లుడుగునా
_x000D_
విశ్వదాభిరామ వినర వేమ.",vupajaathi,Vemana,"[('చ', 'U'), ('చ్చె', '|'), ('జ', 'U'), ('చ్చె', '|'), ('న', '|'), ('ను', '|'), ('చు', '|'), ('జా', 'U'), ('వు', '|'), ('కు', '|'), ('వ', '|'), ('గ', '|'), ('చె', '|'), ('డు', '|'), ('దీ', 'U'), ('న', '|'), ('న', '|'), ('రు', '|'), ('ల', '|'), ('వె', 'U'), ('ఱ్ఱి', '|'), ('దె', '|'), ('లు', '|'), ('ప', '|'), ('రా', 'U'), ('దు', '|'), ('ప్రా', 'U'), ('ణ', '|'), ('ము', '|'), ('న', '|'), ('కు', '|'), ('మృ', 'U'), ('త్యు', '|'), ('బం', 'U'), ('ధం', 'U'), ('బు', '|'), ('లు', '|'), ('డు', '|'), ('గు', '|'), ('నా', 'U'), ('వి', 'U'), ('శ్వ', '|'), ('దా', 'U'), ('భి', '|'), ('రా', 'U'), ('మ', '|'), ('వి', '|'), ('న', '|'), ('ర', '|'), ('వే', 'U'), ('మ', '|')]",1.0,-1.0,1.0,1.0,1.0,-1.0
aataveladi,"_x000D_
జననమరణములకు సరి స్వతంత్రుఁడు గాఁడు
_x000D_
మొదట కర్తగాఁడు తుదను గాఁడు
_x000D_
నడుమకర్త ననుటనగుబాటు కాదొకో
_x000D_
విశ్వదాభిరామ వినర వేమ.",vupajaathi,Vemana,"[('జ', '|'), ('న', '|'), ('న', '|'), ('మ', '|'), ('ర', '|'), ('ణ', '|'), ('ము', '|'), ('ల', '|'), ('కు', '|'), ('స', '|'), ('రి', 'U'), ('స్వ', '|'), ('తం', 'U'), ('త్రు', '|'), ('డు', '|'), ('గా', 'U'), ('డు', '|'), ('మొ', '|'), ('ద', '|'), ('ట', '|'), ('క', 'U'), ('ర్త', '|'), ('గా', 'U'), ('డు', '|'), ('తు', '|'), ('ద', '|'), ('ను', '|'), ('గా', 'U'), ('డు', '|'), ('న', '|'), ('డు', '|'), ('మ', '|'), ('క', 'U'), ('ర్త', '|'), ('న', '|'), ('ను', '|'), ('ట', '|'), ('న', '|'), ('గు', '|'), ('బా', 'U'), ('టు', '|'), ('కా', 'U'), ('దొ', '|'), ('కో', 'U'), ('వి', 'U'), ('శ్వ', '|'), ('దా', 'U'), ('భి', '|'), ('రా', 'U'), ('మ', '|'), ('వి', '|'), ('న', '|'), ('ర', '|'), ('వే', 'U'), ('మ', '|')]",0.9833333333333334,-1.0,1.0,0.95,1.0,-1.0
aataveladi,"_x000D_
బ్రహ్మమేడ ననుచు పలుమాఱు లాడేరు
_x000D_
వెఱ్ఱిమూర్ఖ జనుల విధముఁజూడ
_x000D_
బ్రహ్మ మన్నిటందుఁ బరిపూర్ణమైయుండు
_x000D_
విశ్వదాభిరామ వినర వేమ.",vupajaathi,Vemana,"[('బ్ర', 'U'), ('హ్మ', '|'), ('మే', 'U'), ('డ', '|'), ('న', '|'), ('ను', '|'), ('చు', '|'), ('ప', '|'), ('లు', '|'), ('మా', 'U'), ('ఱు', '|'), ('లా', 'U'), ('డే', 'U'), ('రు', '|'), ('వె', 'U'), ('ఱ్ఱి', '|'), ('మూ', 'U'), ('ర్ఖ', '|'), ('జ', '|'), ('ను', '|'), ('ల', '|'), ('వి', '|'), ('ధ', '|'), ('ము', '|'), ('జూ', 'U'), ('డ', '|'), ('బ్ర', 'U'), ('హ్మ', '|'), ('మ', 'U'), ('న్ని', '|'), ('టం', 'U'), ('దు', '|'), ('బ', '|'), ('రి', '|'), ('పూ', 'U'), ('ర్ణ', '|'), ('మై', 'U'), ('యుం', 'U'), ('డు', '|'), ('వి', 'U'), ('శ్వ', '|'), ('దా', 'U'), ('భి', '|'), ('రా', 'U'), ('మ', '|'), ('వి', '|'), ('న', '|'), ('ర', '|'), ('వే', 'U'), ('మ', '|')]",1.0,-1.0,1.0,1.0,1.0,-1.0
aataveladi,"_x000D_
పసులవన్నె వేఱు పాలెల్లనొక్కటి
_x000D_
పుష్పజాతి వేఱు పూజయొకటి
_x000D_
దర్శనంబు వేఱు దైవంబ యొక్కటి
_x000D_
విశ్వదాభిరామ వినర వేమ.",vupajaathi,Vemana,"[('ప', '|'), ('సు', '|'), ('ల', '|'), ('వ', 'U'), ('న్నె', '|'), ('వే', 'U'), ('ఱు', '|'), ('పా', 'U'), ('లె', 'U'), ('ల్ల', '|'), ('నొ', 'U'), ('క్క', '|'), ('టి', '|'), ('పు', 'U'), ('ష్ప', '|'), ('జా', 'U'), ('తి', '|'), ('వే', 'U'), ('ఱు', '|'), ('పూ', 'U'), ('జ', '|'), ('యొ', '|'), ('క', '|'), ('టి', '|'), ('ద', 'U'), ('ర్శ', '|'), ('నం', 'U'), ('బు', '|'), ('వే', 'U'), ('ఱు', '|'), ('దై', 'U'), ('వం', 'U'), ('బ', '|'), ('యొ', 'U'), ('క్క', '|'), ('టి', '|'), ('వి', 'U'), ('శ్వ', '|'), ('దా', 'U'), ('భి', '|'), ('రా', 'U'), ('మ', '|'), ('వి', '|'), ('న', '|'), ('ర', '|'), ('వే', 'U'), ('మ', '|')]",1.0,-1.0,1.0,1.0,1.0,-1.0
aataveladi,"_x000D_
పనితొడవులు వేఱు బంగార మొక్కటి
_x000D_
పరగ ఘటము వేఱు ప్రాణమొకటి
_x000D_
అరయఁ దిండ్లు వేఱు ఆఁకలి యొక్కటి
_x000D_
విశ్వదాభిరామ వినర వేమ.",vupajaathi,Vemana,"[('ప', '|'), ('ని', '|'), ('తొ', '|'), ('డ', '|'), ('వు', '|'), ('లు', '|'), ('వే', 'U'), ('ఱు', '|'), ('బం', 'U'), ('గా', 'U'), ('ర', '|'), ('మొ', 'U'), ('క్క', '|'), ('టి', '|'), ('ప', '|'), ('ర', '|'), ('గ', '|'), ('ఘ', '|'), ('ట', '|'), ('ము', '|'), ('వే', 'U'), ('ఱు', '|'), ('ప్రా', 'U'), ('ణ', '|'), ('మొ', '|'), ('క', '|'), ('టి', '|'), ('అ', '|'), ('ర', '|'), ('య', '|'), ('దిం', 'U'), ('డ్లు', '|'), ('వే', 'U'), ('ఱు', '|'), ('ఆ', 'U'), ('క', '|'), ('లి', '|'), ('యొ', 'U'), ('క్క', '|'), ('టి', '|'), ('వి', 'U'), ('శ్వ', '|'), ('దా', 'U'), ('భి', '|'), ('రా', 'U'), ('మ', '|'), ('వి', '|'), ('న', '|'), ('ర', '|'), ('వే', 'U'), ('మ', '|')]",1.0,-1.0,1.0,1.0,1.0,-1.0
aataveladi,"_x000D_
కానలేఁడు నుదురు కర్ణముల్‌ వీఁపును
_x000D_
నెఱులు కానలేఁడు నెత్తిమీఁద
_x000D_
తన్ను గానలేఁడు తత్వ మేమెఱుఁగును
_x000D_
విశ్వదాభిరామ వినర వేమ.",vupajaathi,Vemana,"[('కా', 'U'), ('న', '|'), ('లే', 'U'), ('డు', '|'), ('ను', '|'), ('దు', '|'), ('రు', '|'), ('క', 'U'), ('ర్ణ', '|'), ('ము', 'U'), ('ల్వీ', 'U'), ('పు', '|'), ('ను', '|'), ('నె', '|'), ('ఱు', '|'), ('లు', '|'), ('కా', 'U'), ('న', '|'), ('లే', 'U'), ('డు', '|'), ('నె', 'U'), ('త్తి', '|'), ('మీ', 'U'), ('ద', '|'), ('త', 'U'), ('న్ను', '|'), ('గా', 'U'), ('న', '|'), ('లే', 'U'), ('డు', '|'), ('త', 'U'), ('త్వ', '|'), ('మే', 'U'), ('మె', '|'), ('ఱు', '|'), ('గు', '|'), ('ను', '|'), ('వి', 'U'), ('శ్వ', '|'), ('దా', 'U'), ('భి', '|'), ('రా', 'U'), ('మ', '|'), ('వి', '|'), ('న', '|'), ('ర', '|'), ('వే', 'U'), ('మ', '|')]",1.0,-1.0,1.0,1.0,1.0,-1.0
aataveladi,"_x000D_
తిరిగి తిరిగి నరుఁడు మరులుకొనుటేగాక
_x000D_
అందువలన నేమి యాసలేదు
_x000D_
అంతరాత్మ నిలుపునతఁడెపో బ్రహ్మంబు
_x000D_
విశ్వదాభిరామ వినర వేమ.",vupajaathi,Vemana,"[('తి', '|'), ('రి', '|'), ('గి', '|'), ('తి', '|'), ('రి', '|'), ('గి', '|'), ('న', '|'), ('రు', '|'), ('డు', '|'), ('మ', '|'), ('రు', '|'), ('లు', '|'), ('కొ', '|'), ('ను', '|'), ('టే', 'U'), ('గా', 'U'), ('క', '|'), ('అం', 'U'), ('దు', '|'), ('వ', '|'), ('ల', '|'), ('న', '|'), ('నే', 'U'), ('మి', '|'), ('యా', 'U'), ('స', '|'), ('లే', 'U'), ('దు', '|'), ('అం', 'U'), ('త', '|'), ('రా', 'U'), ('త్మ', '|'), ('ని', '|'), ('లు', '|'), ('పు', '|'), ('న', '|'), ('త', '|'), ('డె', '|'), ('పో', 'U'), ('బ్ర', 'U'), ('హ్మం', 'U'), ('బు', '|'), ('వి', 'U'), ('శ్వ', '|'), ('దా', 'U'), ('భి', '|'), ('రా', 'U'), ('మ', '|'), ('వి', '|'), ('న', '|'), ('ర', '|'), ('వే', 'U'), ('మ', '|')]",0.9,-1.0,1.0,0.95,0.75,-1.0
aataveladi,"_x000D_
చిత్తమనెడు వేరు శిథిలమైనప్పుడే
_x000D_
శక్తియనెడు చెట్టు పడును పిదపఁ
_x000D_
గోర్కు లనెడు పెద్ద కొమ్మలెండును గదా
_x000D_
విశ్వదాభిరామ వినర వేమ.",vupajaathi,Vemana,"[('చి', 'U'), ('త్త', '|'), ('మ', '|'), ('నె', '|'), ('డు', '|'), ('వే', 'U'), ('రు', '|'), ('శి', '|'), ('థి', '|'), ('ల', '|'), ('మై', 'U'), ('న', 'U'), ('ప్పు', '|'), ('డే', 'U'), ('శ', 'U'), ('క్తి', '|'), ('య', '|'), ('నె', '|'), ('డు', '|'), ('చె', 'U'), ('ట్టు', '|'), ('ప', '|'), ('డు', '|'), ('ను', '|'), ('పి', '|'), ('ద', '|'), ('ప', '|'), ('గో', 'U'), ('ర్కు', '|'), ('ల', '|'), ('నె', '|'), ('డు', '|'), ('పె', 'U'), ('ద్ద', '|'), ('కొ', 'U'), ('మ్మ', '|'), ('లెం', 'U'), ('డు', '|'), ('ను', '|'), ('గ', '|'), ('దా', 'U'), ('వి', 'U'), ('శ్వ', '|'), ('దా', 'U'), ('భి', '|'), ('రా', 'U'), ('మ', '|'), ('వి', '|'), ('న', '|'), ('ర', '|'), ('వే', 'U'), ('మ', '|')]",0.9166666666666666,-1.0,1.0,1.0,0.75,-1.0
aataveladi,"_x000D_
తిట్టికొట్టిరేని తిరిగి మాఱాడక
_x000D_
యూరకున్నఁ జూడనుర్విమీద
_x000D_
వాఁడగు పరమాత్మ వర్ణింప శక్యమా
_x000D_
విశ్వదాభిరామ వినర వేమ.",vupajaathi,Vemana,"[('తి', 'U'), ('ట్టి', '|'), ('కొ', 'U'), ('ట్టి', '|'), ('రే', 'U'), ('ని', '|'), ('తి', '|'), ('రి', '|'), ('గి', '|'), ('మా', 'U'), ('ఱా', 'U'), ('డ', '|'), ('క', '|'), ('యూ', 'U'), ('ర', '|'), ('కు', 'U'), ('న్న', '|'), ('జూ', 'U'), ('డ', '|'), ('ను', 'U'), ('ర్వి', '|'), ('మీ', 'U'), ('ద', '|'), ('వా', 'U'), ('డ', '|'), ('గు', '|'), ('ప', '|'), ('ర', '|'), ('మా', 'U'), ('త్మ', '|'), ('వ', 'U'), ('ర్ణిం', 'U'), ('ప', '|'), ('శ', 'U'), ('క్య', '|'), ('మా', 'U'), ('వి', 'U'), ('శ్వ', '|'), ('దా', 'U'), ('భి', '|'), ('రా', 'U'), ('మ', '|'), ('వి', '|'), ('న', '|'), ('ర', '|'), ('వే', 'U'), ('మ', '|')]",0.9166666666666666,-1.0,1.0,1.0,0.75,-1.0
aataveladi,"_x000D_
కల్మషంబు సోఁకఁ గనుపించ దెందును
_x000D_
రూప మెవ్వరికిని రూఢితోడ
_x000D_
తామసం బుడిగినఁ దగఁగల్గు జ్ఞానంబు
_x000D_
విశ్వదాభిరామ వినర వేమ.",vupajaathi,Vemana,"[('క', 'U'), ('ల్మ', '|'), ('షం', 'U'), ('బు', '|'), ('సో', 'U'), ('క', '|'), ('గ', '|'), ('ను', '|'), ('పిం', 'U'), ('చ', '|'), ('దెం', 'U'), ('దు', '|'), ('ను', '|'), ('రూ', 'U'), ('ప', '|'), ('మె', 'U'), ('వ్వ', '|'), ('రి', '|'), ('కి', '|'), ('ని', '|'), ('రూ', 'U'), ('ఢి', '|'), ('తో', 'U'), ('డ', '|'), ('తా', 'U'), ('మ', '|'), ('సం', 'U'), ('బు', '|'), ('డి', '|'), ('గి', '|'), ('న', '|'), ('ద', '|'), ('గ', '|'), ('గ', 'U'), ('ల్గు', 'U'), ('జ్ఞా', 'U'), ('నం', 'U'), ('బు', '|'), ('వి', 'U'), ('శ్వ', '|'), ('దా', 'U'), ('భి', '|'), ('రా', 'U'), ('మ', '|'), ('వి', '|'), ('న', '|'), ('ర', '|'), ('వే', 'U'), ('మ', '|')]",0.9833333333333334,-1.0,1.0,0.95,1.0,-1.0
aataveladi,"_x000D_
నీటిలోన వ్రాఁత నిలువకయున్నట్లు
_x000D_
పాటిజగతిలేదు పరములేదు
_x000D_
మాటమాటకెల్ల మనసు కోరుచునుండు
_x000D_
విశ్వదాభిరామ వినర వేమ.",vupajaathi,Vemana,"[('నీ', 'U'), ('టి', '|'), ('లో', 'U'), ('న', '|'), ('వ్రా', 'U'), ('త', '|'), ('ని', '|'), ('లు', '|'), ('వ', '|'), ('క', '|'), ('యు', 'U'), ('న్న', 'U'), ('ట్లు', '|'), ('పా', 'U'), ('టి', '|'), ('జ', '|'), ('గ', '|'), ('తి', '|'), ('లే', 'U'), ('దు', '|'), ('ప', '|'), ('ర', '|'), ('ము', '|'), ('లే', 'U'), ('దు', '|'), ('మా', 'U'), ('ట', '|'), ('మా', 'U'), ('ట', '|'), ('కె', 'U'), ('ల్ల', '|'), ('మ', '|'), ('న', '|'), ('సు', '|'), ('కో', 'U'), ('రు', '|'), ('చు', '|'), ('నుం', 'U'), ('డు', '|'), ('వి', 'U'), ('శ్వ', '|'), ('దా', 'U'), ('భి', '|'), ('రా', 'U'), ('మ', '|'), ('వి', '|'), ('న', '|'), ('ర', '|'), ('వే', 'U'), ('మ', '|')]",1.0,-1.0,1.0,1.0,1.0,-1.0
aataveladi,"_x000D_
దొంగతెలివిచేత దొరకునా మోక్షంబు
_x000D_
చేతఁగానిపనులఁ జేయరాదు
_x000D_
గ్రుడ్డనంగ వలదు గుణహీనుఁడనవలె
_x000D_
విశ్వదాభిరామ వినర వేమ.",vupajaathi,Vemana,"[('దొం', 'U'), ('గ', '|'), ('తె', '|'), ('లి', '|'), ('వి', '|'), ('చే', 'U'), ('త', '|'), ('దొ', '|'), ('ర', '|'), ('కు', '|'), ('నా', 'U'), ('మో', 'U'), ('క్షం', 'U'), ('బు', '|'), ('చే', 'U'), ('త', '|'), ('గా', 'U'), ('ని', '|'), ('ప', '|'), ('ను', '|'), ('ల', '|'), ('జే', 'U'), ('య', '|'), ('రా', 'U'), ('దు', '|'), ('గ్రు', 'U'), ('డ్డ', '|'), ('నం', 'U'), ('గ', '|'), ('వ', '|'), ('ల', '|'), ('దు', '|'), ('గు', '|'), ('ణ', '|'), ('హీ', 'U'), ('ను', '|'), ('డ', '|'), ('న', '|'), ('వ', '|'), ('లె', '|'), ('వి', 'U'), ('శ్వ', '|'), ('దా', 'U'), ('భి', '|'), ('రా', 'U'), ('మ', '|'), ('వి', '|'), ('న', '|'), ('ర', '|'), ('వే', 'U'), ('మ', '|')]",1.0,-1.0,1.0,1.0,1.0,-1.0
aataveladi,"_x000D_
అసలఁ దెగఁగోసి యనలంబుఁ జల్లార్చి
_x000D_
గోచి బిగియఁబెట్టి కోపమడఁచి
_x000D_
గుట్టు మీఱవాఁడు గురువుకు గురువురా
_x000D_
విశ్వదాభిరామ వినర వేమ.",vupajaathi,Vemana,"[('అ', '|'), ('స', '|'), ('ల', '|'), ('దె', '|'), ('గ', '|'), ('గో', 'U'), ('సి', '|'), ('య', '|'), ('న', '|'), ('లం', 'U'), ('బు', '|'), ('జ', 'U'), ('ల్లా', 'U'), ('ర్చి', '|'), ('గో', 'U'), ('చి', '|'), ('బి', '|'), ('గి', '|'), ('య', '|'), ('బె', 'U'), ('ట్టి', '|'), ('కో', 'U'), ('ప', '|'), ('మ', '|'), ('డ', '|'), ('చి', '|'), ('గు', 'U'), ('ట్టు', '|'), ('మీ', 'U'), ('ఱ', '|'), ('వా', 'U'), ('డు', '|'), ('గు', '|'), ('రు', '|'), ('వు', '|'), ('కు', '|'), ('గు', '|'), ('రు', '|'), ('వు', '|'), ('రా', 'U'), ('వి', 'U'), ('శ్వ', '|'), ('దా', 'U'), ('భి', '|'), ('రా', 'U'), ('మ', '|'), ('వి', '|'), ('న', '|'), ('ర', '|'), ('వే', 'U'), ('మ', '|')]",0.6166666666666667,-1.0,1.0,0.85,0.0,-1.0
aataveladi,"_x000D_
ఆశలనెడు తాళ్ళ నమరఁ గోయగఁ జేసి
_x000D_
పారవైవఁగాని పరములేదు
_x000D_
కొక్కు తిండియాసఁ జిక్కి చచ్చినయట్లు
_x000D_
విశ్వదాభిరామ వినర వేమ.",vupajaathi,Vemana,"[('ఆ', 'U'), ('శ', '|'), ('ల', '|'), ('నె', '|'), ('డు', '|'), ('తా', 'U'), ('ళ్ళ', '|'), ('న', '|'), ('మ', '|'), ('ర', '|'), ('గో', 'U'), ('య', '|'), ('గ', '|'), ('జే', 'U'), ('సి', '|'), ('పా', 'U'), ('ర', '|'), ('వై', 'U'), ('వ', '|'), ('గా', 'U'), ('ని', '|'), ('ప', '|'), ('ర', '|'), ('ము', '|'), ('లే', 'U'), ('దు', '|'), ('కొ', 'U'), ('క్కు', '|'), ('తిం', 'U'), ('డి', '|'), ('యా', 'U'), ('స', '|'), ('జి', 'U'), ('క్కి', '|'), ('చ', 'U'), ('చ్చి', '|'), ('న', '|'), ('య', 'U'), ('ట్లు', '|'), ('వి', 'U'), ('శ్వ', '|'), ('దా', 'U'), ('భి', '|'), ('రా', 'U'), ('మ', '|'), ('వి', '|'), ('న', '|'), ('ర', '|'), ('వే', 'U'), ('మ', '|')]",0.9166666666666666,-1.0,1.0,1.0,0.75,-1.0
seesamu,"_x000D_
చెవులు గోరును మంచి జిలిబిలిపాటలఁ - దియ్యని మాటల తెఱఁగు వినఁగ
_x000D_
జన్మంబు గోఱును సరవితోడుత శీత - పృథుల సంస్పర్శ సంపదల నెపుడు
_x000D_
కన్నులు గోరును గమలయవర్ణంబు - లయినట్టి రూపంబు లనువుతోడ
_x000D_
నాలుక గోరును నయముతోడ తీపు - నొగరు కారమ్ము చేదుప్పు పులుసు",vupajaathi,Vemana,"[('చె', '|'), ('వు', '|'), ('లు', '|'), ('గో', 'U'), ('రు', '|'), ('ను', '|'), ('మం', 'U'), ('చి', '|'), ('జి', '|'), ('లి', '|'), ('బి', '|'), ('లి', '|'), ('పా', 'U'), ('ట', '|'), ('ల', '|'), ('ది', 'U'), ('య్య', '|'), ('ని', '|'), ('మా', 'U'), ('ట', '|'), ('ల', '|'), ('తె', '|'), ('ఱ', '|'), ('గు', '|'), ('వి', '|'), ('న', '|'), ('గ', '|'), ('జ', 'U'), ('న్మం', 'U'), ('బు', '|'), ('గో', 'U'), ('ఱు', '|'), ('ను', '|'), ('స', '|'), ('ర', '|'), ('వి', '|'), ('తో', 'U'), ('డు', '|'), ('త', '|'), ('శీ', 'U'), ('త', '|'), ('పృ', '|'), ('థు', '|'), ('ల', '|'), ('సం', 'U'), ('స్ప', 'U'), ('ర్శ', '|'), ('సం', 'U'), ('ప', '|'), ('ద', '|'), ('ల', '|'), ('నె', '|'), ('పు', '|'), ('డు', '|'), ('క', 'U'), ('న్ను', '|'), ('లు', '|'), ('గో', 'U'), ('రు', '|'), ('ను', '|'), ('గ', '|'), ('మ', '|'), ('ల', '|'), ('య', '|'), ('వ', 'U'), ('ర్ణం', 'U'), ('బు', '|'), ('ల', '|'), ('యి', '|'), ('న', 'U'), ('ట్టి', '|'), ('రూ', 'U'), ('పం', 'U'), ('బు', '|'), ('ల', '|'), ('ను', '|'), ('వు', '|'), ('తో', 'U'), ('డ', '|'), ('నా', 'U'), ('లు', '|'), ('క', '|'), ('గో', 'U'), ('రు', '|'), ('ను', '|'), ('న', '|'), ('య', '|'), ('ము', '|'), ('తో', 'U'), ('డ', '|'), ('తీ', 'U'), ('పు', '|'), ('నొ', '|'), ('గ', '|'), ('రు', '|'), ('కా', 'U'), ('ర', 'U'), ('మ్ము', '|'), ('చే', 'U'), ('దు', 'U'), ('ప్పు', '|'), ('పు', '|'), ('లు', '|'), ('సు', '|')]",0.875,-1.0,1.0,0.875,0.75,-1.0
teytageethi,"ముక్కు గోరును సద్గంధములను జెలఁగి
చెవులు చర్మంబు కన్నులు జిహ్వ ముక్కు
నిన్నియుం చాడినటువంటి యిల్లురోసి
తన్ను గనుగొని సుఖియింపఁ దగును వేమ.",vupajaathi,Vemana,"[('ము', 'U'), ('క్కు', '|'), ('గో', 'U'), ('రు', '|'), ('ను', '|'), ('స', 'U'), ('ద్గం', 'U'), ('ధ', '|'), ('ము', '|'), ('ల', '|'), ('ను', '|'), ('జె', '|'), ('ల', '|'), ('గి', '|'), ('చె', '|'), ('వు', '|'), ('లు', '|'), ('చ', 'U'), ('ర్మం', 'U'), ('బు', '|'), ('క', 'U'), ('న్ను', '|'), ('లు', '|'), ('జి', 'U'), ('హ్వ', '|'), ('ము', 'U'), ('క్కు', '|'), ('ని', 'U'), ('న్ని', '|'), ('యుం', 'U'), ('చా', 'U'), ('డి', '|'), ('న', '|'), ('టు', '|'), ('వం', 'U'), ('టి', '|'), ('యి', 'U'), ('ల్లు', '|'), ('రో', 'U'), ('సి', '|'), ('త', 'U'), ('న్ను', '|'), ('గ', '|'), ('ను', '|'), ('గొ', '|'), ('ని', '|'), ('సు', '|'), ('ఖి', '|'), ('యిం', 'U'), ('ప', '|'), ('ద', '|'), ('గు', '|'), ('ను', '|'), ('వే', 'U'), ('మ', '|')]",0.9166666666666666,-1.0,1.0,1.0,0.75,-1.0
aataveladi,"_x000D_
శ్రీకరశివతత్వశీలుఁడౌ వేమన
_x000D_
ప్రాకటముగ వేయు పద్యములను
_x000D_
లోకమందుఁ జదివెలోవెతఁ బాయరో
_x000D_
విశ్వదాభిరామ వినర వేమ.",vupajaathi,Vemana,"[('శ్రీ', 'U'), ('క', '|'), ('ర', '|'), ('శి', '|'), ('వ', '|'), ('త', 'U'), ('త్వ', '|'), ('శీ', 'U'), ('లు', '|'), ('డౌ', 'U'), ('వే', 'U'), ('మ', '|'), ('న', '|'), ('ప్రా', 'U'), ('క', '|'), ('ట', '|'), ('ము', '|'), ('గ', '|'), ('వే', 'U'), ('యు', '|'), ('ప', 'U'), ('ద్య', '|'), ('ము', '|'), ('ల', '|'), ('ను', '|'), ('లో', 'U'), ('క', '|'), ('మం', 'U'), ('దు', '|'), ('జ', '|'), ('ది', '|'), ('వె', '|'), ('లో', 'U'), ('వె', '|'), ('త', '|'), ('బా', 'U'), ('య', '|'), ('రో', 'U'), ('వి', 'U'), ('శ్వ', '|'), ('దా', 'U'), ('భి', '|'), ('రా', 'U'), ('మ', '|'), ('వి', '|'), ('న', '|'), ('ర', '|'), ('వే', 'U'), ('మ', '|')]",1.0,-1.0,1.0,1.0,1.0,-1.0
aataveladi,"_x000D_
వేయుపద్యముల వివేకియై భక్తితోఁ
_x000D_
బఠనఁ జేసినట్టి భక్తులకును
_x000D_
బాయకుండు మోక్షపద మరచేతిదై
_x000D_
విశ్వదాభిరామ వినర వేమ.",vupajaathi,Vemana,"[('వే', 'U'), ('యు', '|'), ('ప', 'U'), ('ద్య', '|'), ('ము', '|'), ('ల', '|'), ('వి', '|'), ('వే', 'U'), ('కి', '|'), ('యై', 'U'), ('భ', 'U'), ('క్తి', '|'), ('తో', 'U'), ('బ', '|'), ('ఠ', '|'), ('న', '|'), ('జే', 'U'), ('సి', '|'), ('న', 'U'), ('ట్టి', '|'), ('భ', 'U'), ('క్తు', '|'), ('ల', '|'), ('కు', '|'), ('ను', '|'), ('బా', 'U'), ('య', '|'), ('కుం', 'U'), ('డు', '|'), ('మో', 'U'), ('క్ష', '|'), ('ప', '|'), ('ద', '|'), ('మ', '|'), ('ర', '|'), ('చే', 'U'), ('తి', '|'), ('దై', 'U'), ('వి', 'U'), ('శ్వ', '|'), ('దా', 'U'), ('భి', '|'), ('రా', 'U'), ('మ', '|'), ('వి', '|'), ('న', '|'), ('ర', '|'), ('వే', 'U'), ('మ', '|')]",1.0,-1.0,1.0,1.0,1.0,-1.0
kandamu,"_x000D_
శతసంఖ్యపదమ్ముల నే
_x000D_
మతిమంతుఁడు పఠనసేయు మమతులు దీరు
_x000D_
న్నతఁడే నాలుగుపదముల
_x000D_
శితికంఠునిపదముఁ జేరు సిద్ధము వేమా.",jaathi,Vemana,"[('శ', '|'), ('త', '|'), ('సం', 'U'), ('ఖ్య', '|'), ('ప', '|'), ('ద', 'U'), ('మ్ము', '|'), ('ల', '|'), ('నే', 'U'), ('మ', '|'), ('తి', '|'), ('మం', 'U'), ('తు', '|'), ('డు', '|'), ('ప', '|'), ('ఠ', '|'), ('న', '|'), ('సే', 'U'), ('యు', '|'), ('మ', '|'), ('మ', '|'), ('తు', '|'), ('లు', '|'), ('దీ', 'U'), ('రు', 'U'), ('న్న', '|'), ('త', '|'), ('డే', 'U'), ('నా', 'U'), ('లు', '|'), ('గు', '|'), ('ప', '|'), ('ద', '|'), ('ము', '|'), ('ల', '|'), ('శి', '|'), ('తి', '|'), ('కం', 'U'), ('ఠు', '|'), ('ని', '|'), ('ప', '|'), ('ద', '|'), ('ము', '|'), ('జే', 'U'), ('రు', '|'), ('సి', 'U'), ('ద్ధ', '|'), ('ము', '|'), ('వే', 'U'), ('మా', 'U')]",1.0,-1.0,1.0,1.0,1.0,1.0
kandamu,"_x000D_
ఎన్నఁగ మనసే కారణ
_x000D_
మన్నిటికిని జూడఁజూడ నాత్ముఁడు తానై
_x000D_
యున్నంతకాలమెచ్చట
_x000D_
నున్నను నిది నిజముఁ దెలియ నొప్పగు వేమా.",jaathi,Vemana,"[('ఎ', 'U'), ('న్న', '|'), ('గ', '|'), ('మ', '|'), ('న', '|'), ('సే', 'U'), ('కా', 'U'), ('ర', '|'), ('ణ', '|'), ('మ', 'U'), ('న్ని', '|'), ('టి', '|'), ('కి', '|'), ('ని', '|'), ('జూ', 'U'), ('డ', '|'), ('జూ', 'U'), ('డ', '|'), ('నా', 'U'), ('త్ము', '|'), ('డు', '|'), ('తా', 'U'), ('నై', 'U'), ('యు', 'U'), ('న్నం', 'U'), ('త', '|'), ('కా', 'U'), ('ల', '|'), ('మె', 'U'), ('చ్చ', '|'), ('ట', '|'), ('ను', 'U'), ('న్న', '|'), ('ను', '|'), ('ని', '|'), ('ది', '|'), ('ని', '|'), ('జ', '|'), ('ము', '|'), ('దె', '|'), ('లి', '|'), ('య', '|'), ('నొ', 'U'), ('ప్ప', '|'), ('గు', '|'), ('వే', 'U'), ('మా', 'U')]",0.875,-1.0,1.0,1.0,0.5,1.0
kandamu,"_x000D_
సర్వము తానని తెలిసిన
_x000D_
నిర్వాణికిఁ గాక ముక్తి నిలుపఁగ వశమా
_x000D_
ఉర్వెల్లఁ దాను తిరిగిన
_x000D_
పర్వత బిలజలధులందుఁ బడినను వేమా.",jaathi,Vemana,"[('స', 'U'), ('ర్వ', '|'), ('ము', '|'), ('తా', 'U'), ('న', '|'), ('ని', '|'), ('తె', '|'), ('లి', '|'), ('సి', '|'), ('న', '|'), ('ని', 'U'), ('ర్వా', 'U'), ('ణి', '|'), ('కి', '|'), ('గా', 'U'), ('క', '|'), ('ము', 'U'), ('క్తి', '|'), ('ని', '|'), ('లు', '|'), ('ప', '|'), ('గ', '|'), ('వ', '|'), ('శ', '|'), ('మా', 'U'), ('ఉ', 'U'), ('ర్వె', 'U'), ('ల్ల', '|'), ('దా', 'U'), ('ను', '|'), ('తి', '|'), ('రి', '|'), ('గి', '|'), ('న', '|'), ('ప', 'U'), ('ర్వ', '|'), ('త', '|'), ('బి', '|'), ('ల', '|'), ('జ', '|'), ('ల', '|'), ('ధు', '|'), ('లం', 'U'), ('దు', '|'), ('బ', '|'), ('డి', '|'), ('న', '|'), ('ను', '|'), ('వే', 'U'), ('మా', 'U')]",1.0,-1.0,1.0,1.0,1.0,1.0
kandamu,"_x000D_
చదువులఁ జదివినవారలు
_x000D_
పదవిన్ని బొందంగ లేరు పరమార్థముగాఁ
_x000D_
బెదవులఁ గదలక యుండిన
_x000D_
మదిలో నది రాజయోగమహిమము వేమా.",jaathi,Vemana,"[('చ', '|'), ('దు', '|'), ('వు', '|'), ('ల', '|'), ('జ', '|'), ('ది', '|'), ('వి', '|'), ('న', '|'), ('వా', 'U'), ('ర', '|'), ('లు', '|'), ('ప', '|'), ('ద', '|'), ('వి', 'U'), ('న్ని', '|'), ('బొం', 'U'), ('దం', 'U'), ('గ', '|'), ('లే', 'U'), ('రు', '|'), ('ప', '|'), ('ర', '|'), ('మా', 'U'), ('ర్థ', '|'), ('ము', '|'), ('గా', 'U'), ('బె', '|'), ('ద', '|'), ('వు', '|'), ('ల', '|'), ('గ', '|'), ('ద', '|'), ('ల', '|'), ('క', '|'), ('యుం', 'U'), ('డి', '|'), ('న', '|'), ('మ', '|'), ('ది', '|'), ('లో', 'U'), ('న', '|'), ('ది', '|'), ('రా', 'U'), ('జ', '|'), ('యో', 'U'), ('గ', '|'), ('మ', '|'), ('హి', '|'), ('మ', '|'), ('ము', '|'), ('వే', 'U'), ('మా', 'U')]",0.671875,-1.0,1.0,0.6875,0.5,0.5
champakamaala,"_x000D_
తలపఁగ మూలమందు పరతత్త్వము దెల్పఁగ పాటుగాదు లో
_x000D_
బలిమిని నాత్మగుట్టు మది భావననెంచగ బ్రహ్మకల్పము\న్‌
_x000D_
గలుగును ముక్తి జీవులకుఁ గావున నాత్మవిధానదృశ్య మీ
_x000D_
సలలిత శక్తిరూపు నిను సన్నుతి వేమన చేసె కల్పమున్‌.",vruttamu,Vemana,"[('త', '|'), ('ల', '|'), ('ప', '|'), ('గ', '|'), ('మూ', 'U'), ('ల', '|'), ('మం', 'U'), ('దు', '|'), ('ప', '|'), ('ర', '|'), ('త', 'U'), ('త్త్వ', '|'), ('ము', '|'), ('దె', 'U'), ('ల్ప', '|'), ('గ', '|'), ('పా', 'U'), ('టు', '|'), ('గా', 'U'), ('దు', '|'), ('లో', 'U'), ('బ', '|'), ('లి', '|'), ('మి', '|'), ('ని', '|'), ('నా', 'U'), ('త్మ', '|'), ('గు', 'U'), ('ట్టు', '|'), ('మ', '|'), ('ది', '|'), ('భా', 'U'), ('వ', '|'), ('న', '|'), ('నెం', 'U'), ('చ', '|'), ('గ', '|'), ('బ్ర', 'U'), ('హ్మ', '|'), ('క', 'U'), ('ల్ప', '|'), ('మున్', 'U'), ('గ', '|'), ('లు', '|'), ('గు', '|'), ('ను', '|'), ('ము', 'U'), ('క్తి', '|'), ('జీ', 'U'), ('వు', '|'), ('ల', '|'), ('కు', '|'), ('గా', 'U'), ('వు', '|'), ('న', '|'), ('నా', 'U'), ('త్మ', '|'), ('వి', '|'), ('ధా', 'U'), ('న', '|'), ('దృ', 'U'), ('శ్య', '|'), ('మీ', 'U'), ('స', '|'), ('ల', '|'), ('లి', '|'), ('త', '|'), ('శ', 'U'), ('క్తి', '|'), ('రూ', 'U'), ('పు', '|'), ('ని', '|'), ('ను', '|'), ('స', 'U'), ('న్ను', '|'), ('తి', '|'), ('వే', 'U'), ('మ', '|'), ('న', '|'), ('చే', 'U'), ('సె', '|'), ('క', 'U'), ('ల్ప', '|'), ('మున్', 'U')]",1.0,1.0,1.0,1.0,1.0,1.0
aataveladi,"_x000D_
ఆకు చాటునుండు నన్నిలోకంబులు
_x000D_
కొమ్మ గానరాదు బ్రహ్మకైన
_x000D_
కొమ్మ గానఁబడినఁ గొనియాడవచ్చురా
_x000D_
విశ్వదాభిరామ వినర వేమ.",vupajaathi,Vemana,"[('ఆ', 'U'), ('కు', '|'), ('చా', 'U'), ('టు', '|'), ('నుం', 'U'), ('డు', '|'), ('న', 'U'), ('న్ని', '|'), ('లో', 'U'), ('కం', 'U'), ('బు', '|'), ('లు', '|'), ('కొ', 'U'), ('మ్మ', '|'), ('గా', 'U'), ('న', '|'), ('రా', 'U'), ('దు', '|'), ('బ్ర', 'U'), ('హ్మ', '|'), ('కై', 'U'), ('న', '|'), ('కొ', 'U'), ('మ్మ', '|'), ('గా', 'U'), ('న', '|'), ('బ', '|'), ('డి', '|'), ('న', '|'), ('గొ', '|'), ('ని', '|'), ('యా', 'U'), ('డ', '|'), ('వ', 'U'), ('చ్చు', '|'), ('రా', 'U'), ('వి', 'U'), ('శ్వ', '|'), ('దా', 'U'), ('భి', '|'), ('రా', 'U'), ('మ', '|'), ('వి', '|'), ('న', '|'), ('ర', '|'), ('వే', 'U'), ('మ', '|')]",0.8333333333333334,-1.0,1.0,1.0,0.5,-1.0
champakamaala,"_x000D_
పిలిచినఁ బల్కకుండు మరి పిల్చిన నేమనకూరకుండుఁ ద\న్‌
_x000D_
దలఁచిన నెవ్వ రేమనినఁ దన్నునుగాదని నవ్వుచుండు నా
_x000D_
త్మలఁ దలపోయుచుండు నెఱ తత్వము నిత్యము దానయై సదా
_x000D_
తెలిసినయోగి వేమనగతి\న్‌ శివరూపుఁడు నెల్లతావుల\న్‌.",vruttamu,Vemana,"[('పి', '|'), ('లి', '|'), ('చి', '|'), ('న', '|'), ('బ', 'U'), ('ల్క', '|'), ('కుం', 'U'), ('డు', '|'), ('మ', '|'), ('రి', '|'), ('పి', 'U'), ('ల్చి', '|'), ('న', '|'), ('నే', 'U'), ('మ', '|'), ('న', '|'), ('కూ', 'U'), ('ర', '|'), ('కుం', 'U'), ('డు', '|'), ('దన్', 'U'), ('ద', '|'), ('ల', '|'), ('చి', '|'), ('న', '|'), ('నె', 'U'), ('వ్వ', '|'), ('రే', 'U'), ('మ', '|'), ('ని', '|'), ('న', '|'), ('ద', 'U'), ('న్ను', '|'), ('ను', '|'), ('గా', 'U'), ('ద', '|'), ('ని', '|'), ('న', 'U'), ('వ్వు', '|'), ('చుం', 'U'), ('డు', '|'), ('నా', 'U'), ('త్మ', '|'), ('ల', '|'), ('ద', '|'), ('ల', '|'), ('పో', 'U'), ('యు', '|'), ('చుం', 'U'), ('డు', '|'), ('నె', '|'), ('ఱ', '|'), ('త', 'U'), ('త్వ', '|'), ('ము', '|'), ('ని', 'U'), ('త్య', '|'), ('ము', '|'), ('దా', 'U'), ('న', '|'), ('యై', 'U'), ('స', '|'), ('దా', 'U'), ('తె', '|'), ('లి', '|'), ('సి', '|'), ('న', '|'), ('యో', 'U'), ('గి', '|'), ('వే', 'U'), ('మ', '|'), ('న', '|'), ('గ', '|'), ('తి', 'U'), ('న్శి', '|'), ('వ', '|'), ('రూ', 'U'), ('పు', '|'), ('డు', '|'), ('నె', 'U'), ('ల్ల', '|'), ('తా', 'U'), ('వు', '|'), ('లన్', 'U')]",1.0,1.0,1.0,1.0,1.0,1.0
vutpalamaala,"_x000D_
ఒక్కఁడు రోగి యాయె మఱియొక్కఁడు దిక్కులఁ ద్యాగి యాయె
_x000D_
వేఱొక్కఁడు భోగి యాయెనటు నొక్కఁడు చక్కనియోగి యాయెఁ
_x000D_
దా నొక్కఁడు రాగియాయె నినుబోలు మహాత్మునిఁగాన మెచ్చట\న్‌
_x000D_
నిక్కము నిన్నిరూపములు నీకును జెల్లుగదన్న వేమనా.",vruttamu,Vemana,"[('ఒ', 'U'), ('క్క', '|'), ('డు', '|'), ('రో', 'U'), ('గి', '|'), ('యా', 'U'), ('యె', '|'), ('మ', '|'), ('ఱి', '|'), ('యొ', 'U'), ('క్క', '|'), ('డు', '|'), ('ది', 'U'), ('క్కు', '|'), ('ల', 'U'), ('ద్యా', 'U'), ('గి', '|'), ('యా', 'U'), ('యె', '|'), ('వే', 'U'), ('ఱొ', 'U'), ('క్క', '|'), ('డు', '|'), ('భో', 'U'), ('గి', '|'), ('యా', 'U'), ('యె', '|'), ('న', '|'), ('టు', '|'), ('నొ', 'U'), ('క్క', '|'), ('డు', '|'), ('చ', 'U'), ('క్క', '|'), ('ని', '|'), ('యో', 'U'), ('గి', '|'), ('యా', 'U'), ('యె', '|'), ('దా', 'U'), ('నొ', 'U'), ('క్క', '|'), ('డు', '|'), ('రా', 'U'), ('గి', '|'), ('యా', 'U'), ('యె', '|'), ('ని', '|'), ('ను', '|'), ('బో', 'U'), ('లు', '|'), ('మ', '|'), ('హా', 'U'), ('త్ము', '|'), ('ని', '|'), ('గా', 'U'), ('న', '|'), ('మె', 'U'), ('చ్చ', '|'), ('టన్', 'U'), ('ని', 'U'), ('క్క', '|'), ('ము', '|'), ('ని', 'U'), ('న్ని', '|'), ('రూ', 'U'), ('ప', '|'), ('ము', '|'), ('లు', '|'), ('నీ', 'U'), ('కు', '|'), ('ను', '|'), ('జె', 'U'), ('ల్లు', '|'), ('గ', '|'), ('ద', 'U'), ('న్న', '|'), ('వే', 'U'), ('మ', '|'), ('నా', 'U')]",0.8428571428571429,1.0,1.0,0.9642857142857143,0.25,1.0
kandamu,"_x000D_
విషయములు తెరలపొలుపున
_x000D_
విషయము లంటక మహాత్ము విధమున ధరలో
_x000D_
విషసంసారము లన్నియు
_x000D_
విషయము లన్నియును గెల్వ వేమన నేర్చు\న్‌.",jaathi,Vemana,"[('వి', '|'), ('ష', '|'), ('య', '|'), ('ము', '|'), ('లు', '|'), ('తె', '|'), ('ర', '|'), ('ల', '|'), ('పొ', '|'), ('లు', '|'), ('పు', '|'), ('న', '|'), ('వి', '|'), ('ష', '|'), ('య', '|'), ('ము', '|'), ('లం', 'U'), ('ట', '|'), ('క', '|'), ('మ', '|'), ('హా', 'U'), ('త్ము', '|'), ('వి', '|'), ('ధ', '|'), ('ము', '|'), ('న', '|'), ('ధ', '|'), ('ర', '|'), ('లో', 'U'), ('వి', '|'), ('ష', '|'), ('సం', 'U'), ('సా', 'U'), ('ర', '|'), ('ము', '|'), ('ల', 'U'), ('న్ని', '|'), ('యు', '|'), ('వి', '|'), ('ష', '|'), ('య', '|'), ('ము', '|'), ('ల', 'U'), ('న్ని', '|'), ('యు', '|'), ('ను', '|'), ('గె', 'U'), ('ల్వ', '|'), ('వే', 'U'), ('మ', '|'), ('న', '|'), ('నే', 'U'), ('ర్చున్', 'U')]",1.0,-1.0,1.0,1.0,1.0,1.0
kandamu,"_x000D_
కాదని యెవ్వరి తోడను
_x000D_
వాదాడక దిరుగు వెఱ్ఱివాఁడును వలెనే
_x000D_
భేదాభేదము లడచును
_x000D_
వేదాంత రహస్య మెల్ల వేమన నేర్చు\న్‌.",jaathi,Vemana,"[('కా', 'U'), ('ద', '|'), ('ని', '|'), ('యె', 'U'), ('వ్వ', '|'), ('రి', '|'), ('తో', 'U'), ('డ', '|'), ('ను', '|'), ('వా', 'U'), ('దా', 'U'), ('డ', '|'), ('క', '|'), ('ది', '|'), ('రు', '|'), ('గు', '|'), ('వె', 'U'), ('ఱ్ఱి', '|'), ('వా', 'U'), ('డు', '|'), ('ను', '|'), ('వ', '|'), ('లె', '|'), ('నే', 'U'), ('భే', 'U'), ('దా', 'U'), ('భే', 'U'), ('ద', '|'), ('ము', '|'), ('ల', '|'), ('డ', '|'), ('చు', '|'), ('ను', '|'), ('వే', 'U'), ('దాం', 'U'), ('త', '|'), ('ర', '|'), ('హ', 'U'), ('స్య', '|'), ('మె', 'U'), ('ల్ల', '|'), ('వే', 'U'), ('మ', '|'), ('న', '|'), ('నే', 'U'), ('ర్చున్', 'U')]",1.0,-1.0,1.0,1.0,1.0,1.0
aataveladi,"_x000D_
దాన మమరఁజేసి దరిఁజేరు నొకవంక
_x000D_
మనము నమ్మెనేని మాయ గల్గు
_x000D_
జ్ఞానకలిక నమ్మఁ జంపును వైరుల
_x000D_
విశ్వదాభిరామ వినర వేమ.",vupajaathi,Vemana,"[('దా', 'U'), ('న', '|'), ('మ', '|'), ('మ', '|'), ('ర', '|'), ('జే', 'U'), ('సి', '|'), ('ద', '|'), ('రి', '|'), ('జే', 'U'), ('రు', '|'), ('నొ', '|'), ('క', '|'), ('వం', 'U'), ('క', '|'), ('మ', '|'), ('న', '|'), ('ము', '|'), ('న', 'U'), ('మ్మె', '|'), ('నే', 'U'), ('ని', '|'), ('మా', 'U'), ('య', '|'), ('గ', 'U'), ('ల్గు', 'U'), ('జ్ఞా', 'U'), ('న', '|'), ('క', '|'), ('లి', '|'), ('క', '|'), ('న', 'U'), ('మ్మ', '|'), ('జం', 'U'), ('పు', '|'), ('ను', '|'), ('వై', 'U'), ('రు', '|'), ('ల', '|'), ('వి', 'U'), ('శ్వ', '|'), ('దా', 'U'), ('భి', '|'), ('రా', 'U'), ('మ', '|'), ('వి', '|'), ('న', '|'), ('ర', '|'), ('వే', 'U'), ('మ', '|')]",0.7333333333333334,-1.0,1.0,0.7,0.5,-1.0
aataveladi,"_x000D_
ఎందు నెఱుకవాని కిహపరములు లేవు
_x000D_
ప్రాణహానిలేదు ప్రళయమునను
_x000D_
ప్రళయకాలమైనఁ బరమాత్ముఁ గలయురా
_x000D_
విశ్వదాభిరామ వినర వేమ.",vupajaathi,Vemana,"[('ఎం', 'U'), ('దు', '|'), ('నె', '|'), ('ఱు', '|'), ('క', '|'), ('వా', 'U'), ('ని', '|'), ('కి', '|'), ('హ', '|'), ('ప', '|'), ('ర', '|'), ('ము', '|'), ('లు', '|'), ('లే', 'U'), ('వు', '|'), ('ప్రా', 'U'), ('ణ', '|'), ('హా', 'U'), ('ని', '|'), ('లే', 'U'), ('దు', '|'), ('ప్ర', '|'), ('ళ', '|'), ('య', '|'), ('ము', '|'), ('న', '|'), ('ను', '|'), ('ప్ర', '|'), ('ళ', '|'), ('య', '|'), ('కా', 'U'), ('ల', '|'), ('మై', 'U'), ('న', '|'), ('బ', '|'), ('ర', '|'), ('మా', 'U'), ('త్ము', '|'), ('గ', '|'), ('ల', '|'), ('యు', '|'), ('రా', 'U'), ('వి', 'U'), ('శ్వ', '|'), ('దా', 'U'), ('భి', '|'), ('రా', 'U'), ('మ', '|'), ('వి', '|'), ('న', '|'), ('ర', '|'), ('వే', 'U'), ('మ', '|')]",0.9166666666666666,-1.0,1.0,1.0,0.75,-1.0
aataveladi,"_x000D_
దేవుఁడనఁగ వేఱు దేశమం దున్నాఁడె
_x000D_
దేహితోడ నెపుడు దేహమందె
_x000D_
వాహనముల నెక్కి వడిఁదోలు మన్నాఁడు
_x000D_
విశ్వదాభిరామ వినర వేమ.",vupajaathi,Vemana,"[('దే', 'U'), ('వు', '|'), ('డ', '|'), ('న', '|'), ('గ', '|'), ('వే', 'U'), ('ఱు', '|'), ('దే', 'U'), ('శ', '|'), ('మం', 'U'), ('దు', 'U'), ('న్నా', 'U'), ('డె', '|'), ('దే', 'U'), ('హి', '|'), ('తో', 'U'), ('డ', '|'), ('నె', '|'), ('పు', '|'), ('డు', '|'), ('దే', 'U'), ('హ', '|'), ('మం', 'U'), ('దె', '|'), ('వా', 'U'), ('హ', '|'), ('న', '|'), ('ము', '|'), ('ల', '|'), ('నె', 'U'), ('క్కి', '|'), ('వ', '|'), ('డి', '|'), ('దో', 'U'), ('లు', '|'), ('మ', 'U'), ('న్నా', 'U'), ('డు', '|'), ('వి', 'U'), ('శ్వ', '|'), ('దా', 'U'), ('భి', '|'), ('రా', 'U'), ('మ', '|'), ('వి', '|'), ('న', '|'), ('ర', '|'), ('వే', 'U'), ('మ', '|')]",1.0,-1.0,1.0,1.0,1.0,-1.0
aataveladi,"_x000D_
సొమ్ము దొరకుదనుక జ్యోతి యంతియెకాక
_x000D_
సొమ్ము దొరకునెనక జ్యోతి యేల
_x000D_
దేవుఁడైన వెనుక దేహంబు మఱియేల
_x000D_
విశ్వదాభిరామ వినర వేమ.",vupajaathi,Vemana,"[('సొ', 'U'), ('మ్ము', '|'), ('దొ', '|'), ('ర', '|'), ('కు', '|'), ('ద', '|'), ('ను', '|'), ('క', 'U'), ('జ్యో', 'U'), ('తి', '|'), ('యం', 'U'), ('తి', '|'), ('యె', '|'), ('కా', 'U'), ('క', '|'), ('సొ', 'U'), ('మ్ము', '|'), ('దొ', '|'), ('ర', '|'), ('కు', '|'), ('నె', '|'), ('న', '|'), ('క', 'U'), ('జ్యో', 'U'), ('తి', '|'), ('యే', 'U'), ('ల', '|'), ('దే', 'U'), ('వు', '|'), ('డై', 'U'), ('న', '|'), ('వె', '|'), ('ను', '|'), ('క', '|'), ('దే', 'U'), ('హం', 'U'), ('బు', '|'), ('మ', '|'), ('ఱి', '|'), ('యే', 'U'), ('ల', '|'), ('వి', 'U'), ('శ్వ', '|'), ('దా', 'U'), ('భి', '|'), ('రా', 'U'), ('మ', '|'), ('వి', '|'), ('న', '|'), ('ర', '|'), ('వే', 'U'), ('మ', '|')]",0.9666666666666667,-1.0,1.0,0.9,1.0,-1.0
aataveladi,"_x000D_
గురుచరణముఁ బట్టఁ గుక్కలు గఱచును
_x000D_
గురుచరణము విడువఁ గుక్క గఱచుఁ
_x000D_
గుక్కకున్న బుద్ధి గురునకు లేదురా
_x000D_
విశ్వదాభిరామ వినర వేమ.",vupajaathi,Vemana,"[('గు', '|'), ('రు', '|'), ('చ', '|'), ('ర', '|'), ('ణ', '|'), ('ము', '|'), ('బ', 'U'), ('ట్ట', '|'), ('గు', 'U'), ('క్క', '|'), ('లు', '|'), ('గ', '|'), ('ఱ', '|'), ('చు', '|'), ('ను', '|'), ('గు', '|'), ('రు', '|'), ('చ', '|'), ('ర', '|'), ('ణ', '|'), ('ము', '|'), ('వి', '|'), ('డు', '|'), ('వ', '|'), ('గు', 'U'), ('క్క', '|'), ('గ', '|'), ('ఱ', '|'), ('చు', '|'), ('గు', 'U'), ('క్క', '|'), ('కు', 'U'), ('న్న', '|'), ('బు', 'U'), ('ద్ధి', '|'), ('గు', '|'), ('రు', '|'), ('న', '|'), ('కు', '|'), ('లే', 'U'), ('దు', '|'), ('రా', 'U'), ('వి', 'U'), ('శ్వ', '|'), ('దా', 'U'), ('భి', '|'), ('రా', 'U'), ('మ', '|'), ('వి', '|'), ('న', '|'), ('ర', '|'), ('వే', 'U'), ('మ', '|')]",1.0,-1.0,1.0,1.0,1.0,-1.0
aataveladi,"_x000D_
ఆత్మబుద్ధివల్ల నఖిలంబు తానయ్యె
_x000D_
జీవబుద్ధివలన జీవుఁడయ్యె
_x000D_
మోహబుద్ధినియము ముందరఁ గనుగొని
_x000D_
విశ్వదాభిరామ వినర వేమ.",vupajaathi,Vemana,"[('ఆ', 'U'), ('త్మ', '|'), ('బు', 'U'), ('ద్ధి', '|'), ('వ', 'U'), ('ల్ల', '|'), ('న', '|'), ('ఖి', '|'), ('లం', 'U'), ('బు', '|'), ('తా', 'U'), ('న', 'U'), ('య్యె', '|'), ('జీ', 'U'), ('వ', '|'), ('బు', 'U'), ('ద్ధి', '|'), ('వ', '|'), ('ల', '|'), ('న', '|'), ('జీ', 'U'), ('వు', '|'), ('డ', 'U'), ('య్యె', '|'), ('మో', 'U'), ('హ', '|'), ('బు', 'U'), ('ద్ధి', '|'), ('ని', '|'), ('య', '|'), ('ము', '|'), ('ముం', 'U'), ('ద', '|'), ('ర', '|'), ('గ', '|'), ('ను', '|'), ('గొ', '|'), ('ని', '|'), ('వి', 'U'), ('శ్వ', '|'), ('దా', 'U'), ('భి', '|'), ('రా', 'U'), ('మ', '|'), ('వి', '|'), ('న', '|'), ('ర', '|'), ('వే', 'U'), ('మ', '|')]",0.9166666666666666,-1.0,1.0,1.0,0.75,-1.0
kandamu,"_x000D_
ఈ దేహ మన్నిభంగులఁ
_x000D_
బ్రోచియు నొనరంగ నేలపోవుట కాదె
_x000D_
మీఁదెఱిగి మురికి గడుగను
_x000D_
భేదంబులు మాన ముక్తి బెరయుర వేమా.",jaathi,Vemana,"[('ఈ', 'U'), ('దే', 'U'), ('హ', '|'), ('మ', 'U'), ('న్ని', '|'), ('భం', 'U'), ('గు', '|'), ('ల', '|'), ('బ్రో', 'U'), ('చి', '|'), ('యు', '|'), ('నొ', '|'), ('న', '|'), ('రం', 'U'), ('గ', '|'), ('నే', 'U'), ('ల', '|'), ('పో', 'U'), ('వు', '|'), ('ట', '|'), ('కా', 'U'), ('దె', '|'), ('మీ', 'U'), ('దె', '|'), ('ఱి', '|'), ('గి', '|'), ('ము', '|'), ('రి', '|'), ('కి', '|'), ('గ', '|'), ('డు', '|'), ('గ', '|'), ('ను', '|'), ('భే', 'U'), ('దం', 'U'), ('బు', '|'), ('లు', '|'), ('మా', 'U'), ('న', '|'), ('ము', 'U'), ('క్తి', '|'), ('బె', '|'), ('ర', '|'), ('యు', '|'), ('ర', '|'), ('వే', 'U'), ('మా', 'U')]",0.640625,-1.0,1.0,0.8125,0.5,0.25
aataveladi,"_x000D_
పిల్లి యెలుకబట్టఁ బ్రియమున నుండగ
_x000D_
నదియు కోడిఁబట్ట ననుగమించు
_x000D_
మమత విడువకున్న మానునా మోహంబు
_x000D_
విశ్వదాభిరామ వినర వేమ.",vupajaathi,Vemana,"[('పి', 'U'), ('ల్లి', '|'), ('యె', '|'), ('లు', '|'), ('క', '|'), ('బ', 'U'), ('ట్ట', '|'), ('బ్రి', '|'), ('య', '|'), ('ము', '|'), ('న', '|'), ('నుం', 'U'), ('డ', '|'), ('గ', '|'), ('న', '|'), ('ది', '|'), ('యు', '|'), ('కో', 'U'), ('డి', '|'), ('బ', 'U'), ('ట్ట', '|'), ('న', '|'), ('ను', '|'), ('గ', '|'), ('మిం', 'U'), ('చు', '|'), ('మ', '|'), ('మ', '|'), ('త', '|'), ('వి', '|'), ('డు', '|'), ('వ', '|'), ('కు', 'U'), ('న్న', '|'), ('మా', 'U'), ('ను', '|'), ('నా', 'U'), ('మో', 'U'), ('హం', 'U'), ('బు', '|'), ('వి', 'U'), ('శ్వ', '|'), ('దా', 'U'), ('భి', '|'), ('రా', 'U'), ('మ', '|'), ('వి', '|'), ('న', '|'), ('ర', '|'), ('వే', 'U'), ('మ', '|')]",1.0,-1.0,1.0,1.0,1.0,-1.0
kandamu,"_x000D_
ఏక బ్రహ్మము నిత్యము
_x000D_
వైకల్పితమైనయట్టి వస్తువులెల్ల\న్‌
_x000D_
నేకత్వంబని యెఱిగిన
_x000D_
శోకము లేనట్టిముక్తి సులభము వేమా.",jaathi,Vemana,"[('ఏ', 'U'), ('క', '|'), ('బ్ర', 'U'), ('హ్మ', '|'), ('ము', '|'), ('ని', 'U'), ('త్య', '|'), ('ము', '|'), ('వై', 'U'), ('క', 'U'), ('ల్పి', '|'), ('త', '|'), ('మై', 'U'), ('న', '|'), ('య', 'U'), ('ట్టి', '|'), ('వ', 'U'), ('స్తు', '|'), ('వు', '|'), ('లె', 'U'), ('ల్లన్', 'U'), ('నే', 'U'), ('క', 'U'), ('త్వం', 'U'), ('బ', '|'), ('ని', '|'), ('యె', '|'), ('ఱి', '|'), ('గి', '|'), ('న', '|'), ('శో', 'U'), ('క', '|'), ('ము', '|'), ('లే', 'U'), ('న', 'U'), ('ట్టి', '|'), ('ము', 'U'), ('క్తి', '|'), ('సు', '|'), ('ల', '|'), ('భ', '|'), ('ము', '|'), ('వే', 'U'), ('మా', 'U')]",0.40625,-1.0,1.0,0.375,0.0,0.25
aataveladi,"_x000D_
మహిని దధిని ఘృతము మ్రానులం దనలంబు
_x000D_
సౌరుసుమములందు సౌరభంబు
_x000D_
తిలలఁ దైలమట్ల తేజరిల్లుఁ జిదాత్మ
_x000D_
విశ్వదాభిరామ వినర వేమ.",vupajaathi,Vemana,"[('మ', '|'), ('హి', '|'), ('ని', '|'), ('ద', '|'), ('ధి', '|'), ('ని', '|'), ('ఘృ', '|'), ('త', '|'), ('ము', '|'), ('మ్రా', 'U'), ('ను', '|'), ('లం', 'U'), ('ద', '|'), ('న', '|'), ('లం', 'U'), ('బు', '|'), ('సౌ', 'U'), ('రు', '|'), ('సు', '|'), ('మ', '|'), ('ము', '|'), ('లం', 'U'), ('దు', '|'), ('సౌ', 'U'), ('ర', '|'), ('భం', 'U'), ('బు', '|'), ('తి', '|'), ('ల', '|'), ('ల', '|'), ('దై', 'U'), ('ల', '|'), ('మ', 'U'), ('ట్ల', '|'), ('తే', 'U'), ('జ', '|'), ('రి', 'U'), ('ల్లు', '|'), ('జి', '|'), ('దా', 'U'), ('త్మ', '|'), ('వి', 'U'), ('శ్వ', '|'), ('దా', 'U'), ('భి', '|'), ('రా', 'U'), ('మ', '|'), ('వి', '|'), ('న', '|'), ('ర', '|'), ('వే', 'U'), ('మ', '|')]",1.0,-1.0,1.0,1.0,1.0,-1.0
aataveladi,"_x000D_
తరువఁ దరువఁ బుట్టు దరువున ననలంబు
_x000D_
తరువఁ దరువఁ బుట్టు దధిని ఘృతము
_x000D_
తలఁప దలపఁ బుట్టు తనువునఁ దత్వంబు
_x000D_
విశ్వదాభిరామ వినర వేమ.",vupajaathi,Vemana,"[('త', '|'), ('రు', '|'), ('వ', '|'), ('ద', '|'), ('రు', '|'), ('వ', '|'), ('బు', 'U'), ('ట్టు', '|'), ('ద', '|'), ('రు', '|'), ('వు', '|'), ('న', '|'), ('న', '|'), ('న', '|'), ('లం', 'U'), ('బు', '|'), ('త', '|'), ('రు', '|'), ('వ', '|'), ('ద', '|'), ('రు', '|'), ('వ', '|'), ('బు', 'U'), ('ట్టు', '|'), ('ద', '|'), ('ధి', '|'), ('ని', '|'), ('ఘృ', '|'), ('త', '|'), ('ము', '|'), ('త', '|'), ('ల', '|'), ('ప', '|'), ('ద', '|'), ('ల', '|'), ('ప', '|'), ('బు', 'U'), ('ట్టు', '|'), ('త', '|'), ('ను', '|'), ('వు', '|'), ('న', '|'), ('ద', 'U'), ('త్వం', 'U'), ('బు', '|'), ('వి', 'U'), ('శ్వ', '|'), ('దా', 'U'), ('భి', '|'), ('రా', 'U'), ('మ', '|'), ('వి', '|'), ('న', '|'), ('ర', '|'), ('వే', 'U'), ('మ', '|')]",1.0,-1.0,1.0,1.0,1.0,-1.0
kandamu,"_x000D_
జీవుని దెలిసిన దనుకను
_x000D_
దేవుని భ్రమఁ బొదలు నరుఁడు దేవుఁడు దలఁప\న్‌
_x000D_
జీవుండని వివరించిన
_x000D_
భావింపగ ముక్తి బట్టబయలుర వేమా.",jaathi,Vemana,"[('జీ', 'U'), ('వు', '|'), ('ని', '|'), ('దె', '|'), ('లి', '|'), ('సి', '|'), ('న', '|'), ('ద', '|'), ('ను', '|'), ('క', '|'), ('ను', '|'), ('దే', 'U'), ('వు', '|'), ('ని', '|'), ('భ్ర', '|'), ('మ', '|'), ('బొ', '|'), ('ద', '|'), ('లు', '|'), ('న', '|'), ('రు', '|'), ('డు', '|'), ('దే', 'U'), ('వు', '|'), ('డు', '|'), ('ద', '|'), ('ల', '|'), ('పన్', 'U'), ('జీ', 'U'), ('వుం', 'U'), ('డ', '|'), ('ని', '|'), ('వి', '|'), ('వ', '|'), ('రిం', 'U'), ('చి', '|'), ('న', '|'), ('భా', 'U'), ('విం', 'U'), ('ప', '|'), ('గ', '|'), ('ము', 'U'), ('క్తి', '|'), ('బ', 'U'), ('ట్ట', '|'), ('బ', '|'), ('య', '|'), ('లు', '|'), ('ర', '|'), ('వే', 'U'), ('మా', 'U')]",1.0,-1.0,1.0,1.0,1.0,1.0
aataveladi,"_x000D_
ఇంతకాలముండి యెఱుకమాలినజీవి
_x000D_
చచ్చిపుట్టుచుండు సహజమనుచు
_x000D_
నెఱుక మఱచుచోట నెఱుఁగునా బ్రహ్మంబు
_x000D_
విశ్వదాభిరామ వినర వేమ.",vupajaathi,Vemana,"[('ఇం', 'U'), ('త', '|'), ('కా', 'U'), ('ల', '|'), ('ముం', 'U'), ('డి', '|'), ('యె', '|'), ('ఱు', '|'), ('క', '|'), ('మా', 'U'), ('లి', '|'), ('న', '|'), ('జీ', 'U'), ('వి', '|'), ('చ', 'U'), ('చ్చి', '|'), ('పు', 'U'), ('ట్టు', '|'), ('చుం', 'U'), ('డు', '|'), ('స', '|'), ('హ', '|'), ('జ', '|'), ('మ', '|'), ('ను', '|'), ('చు', '|'), ('నె', '|'), ('ఱు', '|'), ('క', '|'), ('మ', '|'), ('ఱ', '|'), ('చు', '|'), ('చో', 'U'), ('ట', '|'), ('నె', '|'), ('ఱు', '|'), ('గు', '|'), ('నా', 'U'), ('బ్ర', 'U'), ('హ్మం', 'U'), ('బు', '|'), ('వి', 'U'), ('శ్వ', '|'), ('దా', 'U'), ('భి', '|'), ('రా', 'U'), ('మ', '|'), ('వి', '|'), ('న', '|'), ('ర', '|'), ('వే', 'U'), ('మ', '|')]",0.9166666666666666,-1.0,1.0,1.0,0.75,-1.0
aataveladi,"_x000D_
మ్రానులోన నగ్ని మఱియుండఁగా వచ్చు
_x000D_
నగ్ని నుండ మ్రాను కలవిగాదు
_x000D_
మ్రానులోనియగ్ని మర్యాద సంసారి
_x000D_
విశ్వదాభిరామ వినర వేమ.",vupajaathi,Vemana,"[('మ్రా', 'U'), ('ను', '|'), ('లో', 'U'), ('న', '|'), ('న', 'U'), ('గ్ని', '|'), ('మ', '|'), ('ఱి', '|'), ('యుం', 'U'), ('డ', '|'), ('గా', 'U'), ('వ', 'U'), ('చ్చు', '|'), ('న', 'U'), ('గ్ని', '|'), ('నుం', 'U'), ('డ', '|'), ('మ్రా', 'U'), ('ను', '|'), ('క', '|'), ('ల', '|'), ('వి', '|'), ('గా', 'U'), ('దు', '|'), ('మ్రా', 'U'), ('ను', '|'), ('లో', 'U'), ('ని', '|'), ('య', 'U'), ('గ్ని', '|'), ('మ', 'U'), ('ర్యా', 'U'), ('ద', '|'), ('సం', 'U'), ('సా', 'U'), ('రి', '|'), ('వి', 'U'), ('శ్వ', '|'), ('దా', 'U'), ('భి', '|'), ('రా', 'U'), ('మ', '|'), ('వి', '|'), ('న', '|'), ('ర', '|'), ('వే', 'U'), ('మ', '|')]",0.9166666666666666,-1.0,1.0,1.0,0.75,-1.0
aataveladi,"_x000D_
మేఘ మడ్డమయిన మిహిరుని జెఱచును
_x000D_
జిత్తమడ్డమయిన స్థిరముఁ జెఱచు
_x000D_
పఱుపు లడ్డమైన మఱిముక్తి జెఱచురా
_x000D_
విశ్వదాభిరామ వినర వేమ.",vupajaathi,Vemana,"[('మే', 'U'), ('ఘ', '|'), ('మ', 'U'), ('డ్డ', '|'), ('మ', '|'), ('యి', '|'), ('న', '|'), ('మి', '|'), ('హి', '|'), ('రు', '|'), ('ని', '|'), ('జె', '|'), ('ఱ', '|'), ('చు', '|'), ('ను', '|'), ('జి', 'U'), ('త్త', '|'), ('మ', 'U'), ('డ్డ', '|'), ('మ', '|'), ('యి', '|'), ('న', 'U'), ('స్థి', '|'), ('ర', '|'), ('ము', '|'), ('జె', '|'), ('ఱ', '|'), ('చు', '|'), ('ప', '|'), ('ఱు', '|'), ('పు', '|'), ('ల', 'U'), ('డ్డ', '|'), ('మై', 'U'), ('న', '|'), ('మ', '|'), ('ఱి', '|'), ('ము', 'U'), ('క్తి', '|'), ('జె', '|'), ('ఱ', '|'), ('చు', '|'), ('రా', 'U'), ('వి', 'U'), ('శ్వ', '|'), ('దా', 'U'), ('భి', '|'), ('రా', 'U'), ('మ', '|'), ('వి', '|'), ('న', '|'), ('ర', '|'), ('వే', 'U'), ('మ', '|')]",0.9833333333333334,-1.0,1.0,0.95,1.0,-1.0
aataveladi,"_x000D_
దోసముల్లువంటి తుర్యమం దాత్మను 
_x000D_
జూచి యాసలనటుతోచివేసి
_x000D_
వాసనను దెలిసినవాఁడెపో బ్రహ్మంబు
_x000D_
విశ్వదాభిరామ వినర వేమ.",vupajaathi,Vemana,"[('దో', 'U'), ('స', '|'), ('ము', 'U'), ('ల్లు', '|'), ('వం', 'U'), ('టి', '|'), ('తు', 'U'), ('ర్య', '|'), ('మం', 'U'), ('దా', 'U'), ('త్మ', '|'), ('ను', '|'), ('జూ', 'U'), ('చి', '|'), ('యా', 'U'), ('స', '|'), ('ల', '|'), ('న', '|'), ('టు', '|'), ('తో', 'U'), ('చి', '|'), ('వే', 'U'), ('సి', '|'), ('వా', 'U'), ('స', '|'), ('న', '|'), ('ను', '|'), ('దె', '|'), ('లి', '|'), ('సి', '|'), ('న', '|'), ('వా', 'U'), ('డె', '|'), ('పో', 'U'), ('బ్ర', 'U'), ('హ్మం', 'U'), ('బు', '|'), ('వి', 'U'), ('శ్వ', '|'), ('దా', 'U'), ('భి', '|'), ('రా', 'U'), ('మ', '|'), ('వి', '|'), ('న', '|'), ('ర', '|'), ('వే', 'U'), ('మ', '|')]",1.0,-1.0,1.0,1.0,1.0,-1.0
aataveladi,"_x000D_
వెదకి కానలేఁడు వేదాంతవేద్యుని
_x000D_
తత్వవేత్తలేఁడు ధరణిలోనఁ
_x000D_
గలిగెనేని యతఁడు కనఁబోఁడు మఱివేఱె
_x000D_
విశ్వదాభిరామ వినర వేమ.",vupajaathi,Vemana,"[('వె', '|'), ('ద', '|'), ('కి', '|'), ('కా', 'U'), ('న', '|'), ('లే', 'U'), ('డు', '|'), ('వే', 'U'), ('దాం', 'U'), ('త', '|'), ('వే', 'U'), ('ద్యు', '|'), ('ని', '|'), ('త', 'U'), ('త్వ', '|'), ('వే', 'U'), ('త్త', '|'), ('లే', 'U'), ('డు', '|'), ('ధ', '|'), ('ర', '|'), ('ణి', '|'), ('లో', 'U'), ('న', '|'), ('గ', '|'), ('లి', '|'), ('గె', '|'), ('నే', 'U'), ('ని', '|'), ('య', '|'), ('త', '|'), ('డు', '|'), ('క', '|'), ('న', '|'), ('బో', 'U'), ('డు', '|'), ('మ', '|'), ('ఱి', '|'), ('వే', 'U'), ('ఱె', '|'), ('వి', 'U'), ('శ్వ', '|'), ('దా', 'U'), ('భి', '|'), ('రా', 'U'), ('మ', '|'), ('వి', '|'), ('న', '|'), ('ర', '|'), ('వే', 'U'), ('మ', '|')]",1.0,-1.0,1.0,1.0,1.0,-1.0
kandamu,"_x000D_
విషయములఁ బొరలి రోయక
_x000D_
విషమంటినగతిని జూచి విముఖత ధరలో
_x000D_
విష సమమాయా సుఖముల
_x000D_
విషయముల\న్‌ గూడకుండ్రు వేత్తలు వేమా.",jaathi,Vemana,"[('వి', '|'), ('ష', '|'), ('య', '|'), ('ము', '|'), ('ల', '|'), ('బొ', '|'), ('ర', '|'), ('లి', '|'), ('రో', 'U'), ('య', '|'), ('క', '|'), ('వి', '|'), ('ష', '|'), ('మం', 'U'), ('టి', '|'), ('న', '|'), ('గ', '|'), ('తి', '|'), ('ని', '|'), ('జూ', 'U'), ('చి', '|'), ('వి', '|'), ('ము', '|'), ('ఖ', '|'), ('త', '|'), ('ధ', '|'), ('ర', '|'), ('లో', 'U'), ('వి', '|'), ('ష', '|'), ('స', '|'), ('మ', '|'), ('మా', 'U'), ('యా', 'U'), ('సు', '|'), ('ఖ', '|'), ('ము', '|'), ('ల', '|'), ('వి', '|'), ('ష', '|'), ('య', '|'), ('ము', '|'), ('ల', 'U'), ('న్గూ', 'U'), ('డ', '|'), ('కుం', 'U'), ('డ్రు', '|'), ('వే', 'U'), ('త్త', '|'), ('లు', '|'), ('వే', 'U'), ('మా', 'U')]",1.0,-1.0,1.0,1.0,1.0,1.0
aataveladi,"_x000D_
వాక్కునందు గురువు వాక్తత్వము గురువు
_x000D_
చీఁకటింట గురువు చిక్కియుండు
_x000D_
అఖిలమునకు గురువె యాధార మయియుండు
_x000D_
విశ్వదాభిరామ వినర వేమ.",vupajaathi,Vemana,"[('వా', 'U'), ('క్కు', '|'), ('నం', 'U'), ('దు', '|'), ('గు', '|'), ('రు', '|'), ('వు', '|'), ('వా', 'U'), ('క్త', 'U'), ('త్వ', '|'), ('ము', '|'), ('గు', '|'), ('రు', '|'), ('వు', '|'), ('చీ', 'U'), ('క', '|'), ('టిం', 'U'), ('ట', '|'), ('గు', '|'), ('రు', '|'), ('వు', '|'), ('చి', 'U'), ('క్కి', '|'), ('యుం', 'U'), ('డు', '|'), ('అ', '|'), ('ఖి', '|'), ('ల', '|'), ('ము', '|'), ('న', '|'), ('కు', '|'), ('గు', '|'), ('రు', '|'), ('వె', '|'), ('యా', 'U'), ('ధా', 'U'), ('ర', '|'), ('మ', '|'), ('యి', '|'), ('యుం', 'U'), ('డు', '|'), ('వి', 'U'), ('శ్వ', '|'), ('దా', 'U'), ('భి', '|'), ('రా', 'U'), ('మ', '|'), ('వి', '|'), ('న', '|'), ('ర', '|'), ('వే', 'U'), ('మ', '|')]",1.0,-1.0,1.0,1.0,1.0,-1.0
kandamu,"_x000D_
కర్మాకర్మము లొక్కటి
_x000D_
కర్మవినోదునకు దత్వఘనునకు దెలియు\న్‌
_x000D_
ధర్మాధర్మము లేర్పడ
_x000D_
నిర్మలమతి తెలుపవలయు నిజముగ వేమా.",jaathi,Vemana,"[('క', 'U'), ('ర్మా', 'U'), ('క', 'U'), ('ర్మ', '|'), ('ము', '|'), ('లొ', 'U'), ('క్క', '|'), ('టి', '|'), ('క', 'U'), ('ర్మ', '|'), ('వి', '|'), ('నో', 'U'), ('దు', '|'), ('న', '|'), ('కు', '|'), ('ద', 'U'), ('త్వ', '|'), ('ఘ', '|'), ('ను', '|'), ('న', '|'), ('కు', '|'), ('దె', '|'), ('లి', '|'), ('యున్', 'U'), ('ధ', 'U'), ('ర్మా', 'U'), ('ధ', 'U'), ('ర్మ', '|'), ('ము', '|'), ('లే', 'U'), ('ర్ప', '|'), ('డ', '|'), ('ని', 'U'), ('ర్మ', '|'), ('ల', '|'), ('మ', '|'), ('తి', '|'), ('తె', '|'), ('లు', '|'), ('ప', '|'), ('వ', '|'), ('ల', '|'), ('యు', '|'), ('ని', '|'), ('జ', '|'), ('ము', '|'), ('గ', '|'), ('వే', 'U'), ('మా', 'U')]",1.0,-1.0,1.0,1.0,1.0,1.0
aataveladi,"_x000D_
ఈషణత్రయంబు నెడపంగ నేరక
_x000D_
మోహనరాశిలోన మునిఁగియుండు
_x000D_
జనుల కెట్టు మోక్షసౌఖ్యంబు గల్గును
_x000D_
విశ్వదాభిరామ వినర వేమ.",vupajaathi,Vemana,"[('ఈ', 'U'), ('ష', '|'), ('ణ', '|'), ('త్ర', '|'), ('యం', 'U'), ('బు', '|'), ('నె', '|'), ('డ', '|'), ('పం', 'U'), ('గ', '|'), ('నే', 'U'), ('ర', '|'), ('క', '|'), ('మో', 'U'), ('హ', '|'), ('న', '|'), ('రా', 'U'), ('శి', '|'), ('లో', 'U'), ('న', '|'), ('ము', '|'), ('ని', '|'), ('గి', '|'), ('యుం', 'U'), ('డు', '|'), ('జ', '|'), ('ను', '|'), ('ల', '|'), ('కె', 'U'), ('ట్టు', '|'), ('మో', 'U'), ('క్ష', '|'), ('సౌ', 'U'), ('ఖ్యం', 'U'), ('బు', '|'), ('గ', 'U'), ('ల్గు', '|'), ('ను', '|'), ('వి', 'U'), ('శ్వ', '|'), ('దా', 'U'), ('భి', '|'), ('రా', 'U'), ('మ', '|'), ('వి', '|'), ('న', '|'), ('ర', '|'), ('వే', 'U'), ('మ', '|')]",0.5666666666666667,-1.0,1.0,0.7,0.0,-1.0
aataveladi,"_x000D_
ఎఱుకమాలి జీవి యెంతకాలంబుండి
_x000D_
చచ్చిపుట్టుచుండు సహజముగను
_x000D_
ఎఱుకమఱచుచోటు నెఱుగుట బ్రహ్మంబు
_x000D_
విశ్వదాభిరామ వినర వేమ.",vupajaathi,Vemana,"[('ఎ', '|'), ('ఱు', '|'), ('క', '|'), ('మా', 'U'), ('లి', '|'), ('జీ', 'U'), ('వి', '|'), ('యెం', 'U'), ('త', '|'), ('కా', 'U'), ('లం', 'U'), ('బుం', 'U'), ('డి', '|'), ('చ', 'U'), ('చ్చి', '|'), ('పు', 'U'), ('ట్టు', '|'), ('చుం', 'U'), ('డు', '|'), ('స', '|'), ('హ', '|'), ('జ', '|'), ('ము', '|'), ('గ', '|'), ('ను', '|'), ('ఎ', '|'), ('ఱు', '|'), ('క', '|'), ('మ', '|'), ('ఱ', '|'), ('చు', '|'), ('చో', 'U'), ('టు', '|'), ('నె', '|'), ('ఱు', '|'), ('గు', '|'), ('ట', '|'), ('బ్ర', 'U'), ('హ్మం', 'U'), ('బు', '|'), ('వి', 'U'), ('శ్వ', '|'), ('దా', 'U'), ('భి', '|'), ('రా', 'U'), ('మ', '|'), ('వి', '|'), ('న', '|'), ('ర', '|'), ('వే', 'U'), ('మ', '|')]",0.9166666666666666,-1.0,1.0,1.0,0.75,-1.0
kandamu,"_x000D_
సద్గురు కృపజ్ఞానంబున
_x000D_
సద్గతి దీపించుచున్న చాలగు చదువుల్‌
_x000D_
సద్గతిఁ గలుగంజేసెడి
_x000D_
సద్గురువే దైవమనుచుఁ జాటర వేమా.",jaathi,Vemana,"[('స', 'U'), ('ద్గు', '|'), ('రు', '|'), ('కృ', '|'), ('ప', 'U'), ('జ్ఞా', 'U'), ('నం', 'U'), ('బు', '|'), ('న', '|'), ('స', 'U'), ('ద్గ', '|'), ('తి', '|'), ('దీ', 'U'), ('పిం', 'U'), ('చు', '|'), ('చు', 'U'), ('న్న', '|'), ('చా', 'U'), ('ల', '|'), ('గు', '|'), ('చ', '|'), ('దు', '|'), ('వుల్', 'U'), ('స', 'U'), ('ద్గ', '|'), ('తి', '|'), ('గ', '|'), ('లు', '|'), ('గం', 'U'), ('జే', 'U'), ('సె', '|'), ('డి', '|'), ('స', 'U'), ('ద్గు', '|'), ('రు', '|'), ('వే', 'U'), ('దై', 'U'), ('వ', '|'), ('మ', '|'), ('ను', '|'), ('చు', '|'), ('జా', 'U'), ('ట', '|'), ('ర', '|'), ('వే', 'U'), ('మా', 'U')]",0.4375,-1.0,1.0,0.5,0.0,0.25
aataveladi,"_x000D_
సిగ్గు విడువకున్న శివసౌఖ్యమేలేదు
_x000D_
తగ్గ మొగ్గకున్న సిగ్గు విడదు
_x000D_
సిగ్గు విడుచువాఁడు చిరకాల జీవిరా
_x000D_
విశ్వదాభిరామ వినర వేమ.",vupajaathi,Vemana,"[('సి', 'U'), ('గ్గు', '|'), ('వి', '|'), ('డు', '|'), ('వ', '|'), ('కు', 'U'), ('న్న', '|'), ('శి', '|'), ('వ', '|'), ('సౌ', 'U'), ('ఖ్య', '|'), ('మే', 'U'), ('లే', 'U'), ('దు', '|'), ('త', 'U'), ('గ్గ', '|'), ('మొ', 'U'), ('గ్గ', '|'), ('కు', 'U'), ('న్న', '|'), ('సి', 'U'), ('గ్గు', '|'), ('వి', '|'), ('డ', '|'), ('దు', '|'), ('సి', 'U'), ('గ్గు', '|'), ('వి', '|'), ('డు', '|'), ('చు', '|'), ('వా', 'U'), ('డు', '|'), ('చి', '|'), ('ర', '|'), ('కా', 'U'), ('ల', '|'), ('జీ', 'U'), ('వి', '|'), ('రా', 'U'), ('వి', 'U'), ('శ్వ', '|'), ('దా', 'U'), ('భి', '|'), ('రా', 'U'), ('మ', '|'), ('వి', '|'), ('న', '|'), ('ర', '|'), ('వే', 'U'), ('మ', '|')]",1.0,-1.0,1.0,1.0,1.0,-1.0
kandamu,"_x000D_
అమ్మసుమీ యా లనఁగా
_x000D_
నమ్మనఁగా నాలు సుమ్మియాయిద్దరిని\న్‌
_x000D_
ఇమ్మహిలోఁ బరమాత్ముని
_x000D_
నెమ్మదిలోఁ దెలియఁ దానె నేర్పరి వేమా.",jaathi,Vemana,"[('అ', 'U'), ('మ్మ', '|'), ('సు', '|'), ('మీ', 'U'), ('యా', 'U'), ('ల', '|'), ('న', '|'), ('గా', 'U'), ('న', 'U'), ('మ్మ', '|'), ('న', '|'), ('గా', 'U'), ('నా', 'U'), ('లు', '|'), ('సు', 'U'), ('మ్మి', '|'), ('యా', 'U'), ('యి', 'U'), ('ద్ద', '|'), ('రి', '|'), ('నిన్', 'U'), ('ఇ', 'U'), ('మ్మ', '|'), ('హి', '|'), ('లో', 'U'), ('బ', '|'), ('ర', '|'), ('మా', 'U'), ('త్ము', '|'), ('ని', '|'), ('నె', 'U'), ('మ్మ', '|'), ('ది', '|'), ('లో', 'U'), ('దె', '|'), ('లి', '|'), ('య', '|'), ('దా', 'U'), ('నె', '|'), ('నే', 'U'), ('ర్ప', '|'), ('రి', '|'), ('వే', 'U'), ('మా', 'U')]",0.875,-1.0,1.0,1.0,0.5,1.0
aataveladi,"_x000D_
ఆశ విడక గాని పాశముక్తుఁడు గాఁడు
_x000D_
ముక్తుఁడయినఁగాని మునియుఁగాఁడు
_x000D_
మునికిఁగాని సర్వమోహంబు లూడవు
_x000D_
విశ్వదాభిరామ వినర వేమ.",vupajaathi,Vemana,"[('ఆ', 'U'), ('శ', '|'), ('వి', '|'), ('డ', '|'), ('క', '|'), ('గా', 'U'), ('ని', '|'), ('పా', 'U'), ('శ', '|'), ('ము', 'U'), ('క్తు', '|'), ('డు', '|'), ('గా', 'U'), ('డు', '|'), ('ము', 'U'), ('క్తు', '|'), ('డ', '|'), ('యి', '|'), ('న', '|'), ('గా', 'U'), ('ని', '|'), ('ము', '|'), ('ని', '|'), ('యు', '|'), ('గా', 'U'), ('డు', '|'), ('ము', '|'), ('ని', '|'), ('కి', '|'), ('గా', 'U'), ('ని', '|'), ('స', 'U'), ('ర్వ', '|'), ('మో', 'U'), ('హం', 'U'), ('బు', '|'), ('లూ', 'U'), ('డ', '|'), ('వు', '|'), ('వి', 'U'), ('శ్వ', '|'), ('దా', 'U'), ('భి', '|'), ('రా', 'U'), ('మ', '|'), ('వి', '|'), ('న', '|'), ('ర', '|'), ('వే', 'U'), ('మ', '|')]",0.9166666666666666,-1.0,1.0,1.0,0.75,-1.0
aataveladi,"_x000D_
ఆత్మలోన నాద మాలించి మాలించి
_x000D_
యాసలందుఁ జిక్కఁ డాదియోగి
_x000D_
ఆత్మలోనికళల నంటినఁ దత్వంబు
_x000D_
విశ్వదాభిరామ వినర వేమ.",vupajaathi,Vemana,"[('ఆ', 'U'), ('త్మ', '|'), ('లో', 'U'), ('న', '|'), ('నా', 'U'), ('ద', '|'), ('మా', 'U'), ('లిం', 'U'), ('చి', '|'), ('మా', 'U'), ('లిం', 'U'), ('చి', '|'), ('యా', 'U'), ('స', '|'), ('లం', 'U'), ('దు', '|'), ('జి', 'U'), ('క్క', '|'), ('డా', 'U'), ('ది', '|'), ('యో', 'U'), ('గి', '|'), ('ఆ', 'U'), ('త్మ', '|'), ('లో', 'U'), ('ని', '|'), ('క', '|'), ('ళ', '|'), ('ల', '|'), ('నం', 'U'), ('టి', '|'), ('న', '|'), ('ద', 'U'), ('త్వం', 'U'), ('బు', '|'), ('వి', 'U'), ('శ్వ', '|'), ('దా', 'U'), ('భి', '|'), ('రా', 'U'), ('మ', '|'), ('వి', '|'), ('న', '|'), ('ర', '|'), ('వే', 'U'), ('మ', '|')]",0.75,-1.0,1.0,1.0,0.25,-1.0
aataveladi,"_x000D_
మానసంబు మంచిమల్లెపూవులచవికె
_x000D_
బావితోఁటచేసి బాలఁగూడి
_x000D_
భోగినయ్యెద ననఁ బోయెపో కాలంబు
_x000D_
విశ్వదాభిరామ వినర వేమ.",vupajaathi,Vemana,"[('మా', 'U'), ('న', '|'), ('సం', 'U'), ('బు', '|'), ('మం', 'U'), ('చి', '|'), ('మ', 'U'), ('ల్లె', '|'), ('పూ', 'U'), ('వు', '|'), ('ల', '|'), ('చ', '|'), ('వి', '|'), ('కె', '|'), ('బా', 'U'), ('వి', '|'), ('తో', 'U'), ('ట', '|'), ('చే', 'U'), ('సి', '|'), ('బా', 'U'), ('ల', '|'), ('గూ', 'U'), ('డి', '|'), ('భో', 'U'), ('గి', '|'), ('న', 'U'), ('య్యె', '|'), ('ద', '|'), ('న', '|'), ('న', '|'), ('బో', 'U'), ('యె', '|'), ('పో', 'U'), ('కా', 'U'), ('లం', 'U'), ('బు', '|'), ('వి', 'U'), ('శ్వ', '|'), ('దా', 'U'), ('భి', '|'), ('రా', 'U'), ('మ', '|'), ('వి', '|'), ('న', '|'), ('ర', '|'), ('వే', 'U'), ('మ', '|')]",0.9,-1.0,1.0,0.95,0.75,-1.0
aataveladi,"_x000D_
సొమ్ములున్నచోటు శోధింపఁగలుగును
_x000D_
సొమ్ములేనిచోట శోధనేల
_x000D_
యంజనంబులేక యా సొమ్ము తెలియదు
_x000D_
విశ్వదాభిరామ వినర వేమ.",vupajaathi,Vemana,"[('సొ', 'U'), ('మ్ము', '|'), ('లు', 'U'), ('న్న', '|'), ('చో', 'U'), ('టు', '|'), ('శో', 'U'), ('ధిం', 'U'), ('ప', '|'), ('గ', '|'), ('లు', '|'), ('గు', '|'), ('ను', '|'), ('సొ', 'U'), ('మ్ము', '|'), ('లే', 'U'), ('ని', '|'), ('చో', 'U'), ('ట', '|'), ('శో', 'U'), ('ధ', '|'), ('నే', 'U'), ('ల', '|'), ('యం', 'U'), ('జ', '|'), ('నం', 'U'), ('బు', '|'), ('లే', 'U'), ('క', '|'), ('యా', 'U'), ('సొ', 'U'), ('మ్ము', '|'), ('తె', '|'), ('లి', '|'), ('య', '|'), ('దు', '|'), ('వి', 'U'), ('శ్వ', '|'), ('దా', 'U'), ('భి', '|'), ('రా', 'U'), ('మ', '|'), ('వి', '|'), ('న', '|'), ('ర', '|'), ('వే', 'U'), ('మ', '|')]",1.0,-1.0,1.0,1.0,1.0,-1.0
aataveladi,"_x000D_
నిజము కల్ల నెఱిఁగి నిత్యుండు గాఁడాయె
_x000D_
పలుకులోన బిందు పదిలపఱచి
_x000D_
వేడుకైన బిందు వెదఁబెట్టకుండదు
_x000D_
విశ్వదాభిరామ వినర వేమ.",vupajaathi,Vemana,"[('ని', '|'), ('జ', '|'), ('ము', '|'), ('క', 'U'), ('ల్ల', '|'), ('నె', '|'), ('ఱి', '|'), ('గి', '|'), ('ని', 'U'), ('త్యుం', 'U'), ('డు', '|'), ('గా', 'U'), ('డా', 'U'), ('యె', '|'), ('ప', '|'), ('లు', '|'), ('కు', '|'), ('లో', 'U'), ('న', '|'), ('బిం', 'U'), ('దు', '|'), ('ప', '|'), ('ది', '|'), ('ల', '|'), ('ప', '|'), ('ఱ', '|'), ('చి', '|'), ('వే', 'U'), ('డు', '|'), ('కై', 'U'), ('న', '|'), ('బిం', 'U'), ('దు', '|'), ('వె', '|'), ('ద', '|'), ('బె', 'U'), ('ట్ట', '|'), ('కుం', 'U'), ('డ', '|'), ('దు', '|'), ('వి', 'U'), ('శ్వ', '|'), ('దా', 'U'), ('భి', '|'), ('రా', 'U'), ('మ', '|'), ('వి', '|'), ('న', '|'), ('ర', '|'), ('వే', 'U'), ('మ', '|')]",1.0,-1.0,1.0,1.0,1.0,-1.0
aataveladi,"_x000D_
అగ్ని శిఖలయందు నమరంగ మమకార
_x000D_
మభవుమీఁద ధ్యాన మమర నునిచి
_x000D_
యాహుతి యగువెనుక హరున కర్పితమౌను
_x000D_
విశ్వదాభిరామ వినర వేమ.",vupajaathi,Vemana,"[('అ', 'U'), ('గ్ని', '|'), ('శి', '|'), ('ఖ', '|'), ('ల', '|'), ('యం', 'U'), ('దు', '|'), ('న', '|'), ('మ', '|'), ('రం', 'U'), ('గ', '|'), ('మ', '|'), ('మ', '|'), ('కా', 'U'), ('ర', '|'), ('మ', '|'), ('భ', '|'), ('వు', '|'), ('మీ', 'U'), ('ద', 'U'), ('ధ్యా', 'U'), ('న', '|'), ('మ', '|'), ('మ', '|'), ('ర', '|'), ('ను', '|'), ('ని', '|'), ('చి', '|'), ('యా', 'U'), ('హు', '|'), ('తి', '|'), ('య', '|'), ('గు', '|'), ('వె', '|'), ('ను', '|'), ('క', '|'), ('హ', '|'), ('రు', '|'), ('న', '|'), ('క', 'U'), ('ర్పి', '|'), ('త', '|'), ('మౌ', 'U'), ('ను', '|'), ('వి', 'U'), ('శ్వ', '|'), ('దా', 'U'), ('భి', '|'), ('రా', 'U'), ('మ', '|'), ('వి', '|'), ('న', '|'), ('ర', '|'), ('వే', 'U'), ('మ', '|')]",0.6,-1.0,1.0,0.8,0.0,-1.0
kandamu,"_x000D_
మ్రాకున ననలము పుట్టును
_x000D_
మ్రాకెదుగును ననలమునకు మనుజునిలోన\న్‌
_x000D_
మ్రాకుననలముల క్రియఁ జీ
_x000D_
జా కుడి నయోగి నెవరు గానరు వేమా.",jaathi,Vemana,"[('మ్రా', 'U'), ('కు', '|'), ('న', '|'), ('న', '|'), ('న', '|'), ('ల', '|'), ('ము', '|'), ('పు', 'U'), ('ట్టు', '|'), ('ను', '|'), ('మ్రా', 'U'), ('కె', '|'), ('దు', '|'), ('గు', '|'), ('ను', '|'), ('న', '|'), ('న', '|'), ('ల', '|'), ('ము', '|'), ('న', '|'), ('కు', '|'), ('మ', '|'), ('ను', '|'), ('జు', '|'), ('ని', '|'), ('లో', 'U'), ('నన్', 'U'), ('మ్రా', 'U'), ('కు', '|'), ('న', '|'), ('న', '|'), ('ల', '|'), ('ము', '|'), ('ల', '|'), ('క్రి', '|'), ('య', '|'), ('జీ', 'U'), ('జా', 'U'), ('కు', '|'), ('డి', '|'), ('న', '|'), ('యో', 'U'), ('గి', '|'), ('నె', '|'), ('వ', '|'), ('రు', '|'), ('గా', 'U'), ('న', '|'), ('రు', '|'), ('వే', 'U'), ('మా', 'U')]",0.8125,-1.0,1.0,0.75,0.5,1.0
kandamu,"_x000D_
అండములో నాకాశం
_x000D_
బుండంగాఁ జూడఁజూడ నొనరుఁగ దీనిపై
_x000D_
యుండును నన్నియుఁ దెలిసిన
_x000D_
మెండుగ నెటుచూచి చన్నమేలగు వేమా.",jaathi,Vemana,"[('అం', 'U'), ('డ', '|'), ('ము', '|'), ('లో', 'U'), ('నా', 'U'), ('కా', 'U'), ('శం', 'U'), ('బుం', 'U'), ('డం', 'U'), ('గా', 'U'), ('జూ', 'U'), ('డ', '|'), ('జూ', 'U'), ('డ', '|'), ('నొ', '|'), ('న', '|'), ('రు', '|'), ('గ', '|'), ('దీ', 'U'), ('ని', '|'), ('పై', 'U'), ('యుం', 'U'), ('డు', '|'), ('ను', '|'), ('న', 'U'), ('న్ని', '|'), ('యు', '|'), ('దె', '|'), ('లి', '|'), ('సి', '|'), ('న', '|'), ('మెం', 'U'), ('డు', '|'), ('గ', '|'), ('నె', '|'), ('టు', '|'), ('చూ', 'U'), ('చి', '|'), ('చ', 'U'), ('న్న', '|'), ('మే', 'U'), ('ల', '|'), ('గు', '|'), ('వే', 'U'), ('మా', 'U')]",0.859375,-1.0,1.0,0.9375,0.5,1.0
aataveladi,"_x000D_
బ్రహ్మగుడ్డు ననెడిపట్టణంబులోపల
_x000D_
బ్రహ్మ మెఱుగలేని బాపఁడేల
_x000D_
తనమనంబు దెలియఁ దానెపో బ్రహ్మంబు
_x000D_
విశ్వదాభిరామ వినర వేమ.",vupajaathi,Vemana,"[('బ్ర', 'U'), ('హ్మ', '|'), ('గు', 'U'), ('డ్డు', '|'), ('న', '|'), ('నె', '|'), ('డి', '|'), ('ప', 'U'), ('ట్ట', '|'), ('ణం', 'U'), ('బు', '|'), ('లో', 'U'), ('ప', '|'), ('ల', '|'), ('బ్ర', 'U'), ('హ్మ', '|'), ('మె', '|'), ('ఱు', '|'), ('గ', '|'), ('లే', 'U'), ('ని', '|'), ('బా', 'U'), ('ప', '|'), ('డే', 'U'), ('ల', '|'), ('త', '|'), ('న', '|'), ('మ', '|'), ('నం', 'U'), ('బు', '|'), ('దె', '|'), ('లి', '|'), ('య', '|'), ('దా', 'U'), ('నె', '|'), ('పో', 'U'), ('బ్ర', 'U'), ('హ్మం', 'U'), ('బు', '|'), ('వి', 'U'), ('శ్వ', '|'), ('దా', 'U'), ('భి', '|'), ('రా', 'U'), ('మ', '|'), ('వి', '|'), ('న', '|'), ('ర', '|'), ('వే', 'U'), ('మ', '|')]",0.9833333333333334,-1.0,1.0,0.95,1.0,-1.0
aataveladi,"_x000D_
గురువు సెప్పువిద్య గురువునకును దెలియు
_x000D_
గురువుసెప్పు విద్య గురునయెఱుఁగు
_x000D_
గురువుమహిమ పరమగురునకుఁదెలియును
_x000D_
విశ్వదాభిరామ వినర వేమ.",vupajaathi,Vemana,"[('గు', '|'), ('రు', '|'), ('వు', '|'), ('సె', 'U'), ('ప్పు', '|'), ('వి', 'U'), ('ద్య', '|'), ('గు', '|'), ('రు', '|'), ('వు', '|'), ('న', '|'), ('కు', '|'), ('ను', '|'), ('దె', '|'), ('లి', '|'), ('యు', '|'), ('గు', '|'), ('రు', '|'), ('వు', '|'), ('సె', 'U'), ('ప్పు', '|'), ('వి', 'U'), ('ద్య', '|'), ('గు', '|'), ('రు', '|'), ('న', '|'), ('యె', '|'), ('ఱు', '|'), ('గు', '|'), ('గు', '|'), ('రు', '|'), ('వు', '|'), ('మ', '|'), ('హి', '|'), ('మ', '|'), ('ప', '|'), ('ర', '|'), ('మ', '|'), ('గు', '|'), ('రు', '|'), ('న', '|'), ('కు', '|'), ('దె', '|'), ('లి', '|'), ('యు', '|'), ('ను', '|'), ('వి', 'U'), ('శ్వ', '|'), ('దా', 'U'), ('భి', '|'), ('రా', 'U'), ('మ', '|'), ('వి', '|'), ('న', '|'), ('ర', '|'), ('వే', 'U'), ('మ', '|')]",0.9,-1.0,1.0,0.95,0.75,-1.0
aataveladi,"_x000D_
మనసులోనఁ దెలిసి మనసులోనే కలిసి
_x000D_
మనసులోనివాని మరలఁదిగిచి
_x000D_
మనసునిల్పువాఁడు మర్మజ్ఞుఁడగు యోగి
_x000D_
విశ్వదాభిరామ వినర వేమ.",vupajaathi,Vemana,"[('మ', '|'), ('న', '|'), ('సు', '|'), ('లో', 'U'), ('న', '|'), ('దె', '|'), ('లి', '|'), ('సి', '|'), ('మ', '|'), ('న', '|'), ('సు', '|'), ('లో', 'U'), ('నే', 'U'), ('క', '|'), ('లి', '|'), ('సి', '|'), ('మ', '|'), ('న', '|'), ('సు', '|'), ('లో', 'U'), ('ని', '|'), ('వా', 'U'), ('ని', '|'), ('మ', '|'), ('ర', '|'), ('ల', '|'), ('ది', '|'), ('గి', '|'), ('చి', '|'), ('మ', '|'), ('న', '|'), ('సు', '|'), ('ని', 'U'), ('ల్పు', '|'), ('వా', 'U'), ('డు', '|'), ('మ', 'U'), ('ర్మ', 'U'), ('జ్ఞు', '|'), ('డ', '|'), ('గు', '|'), ('యో', 'U'), ('గి', '|'), ('వి', 'U'), ('శ్వ', '|'), ('దా', 'U'), ('భి', '|'), ('రా', 'U'), ('మ', '|'), ('వి', '|'), ('న', '|'), ('ర', '|'), ('వే', 'U'), ('మ', '|')]",0.9,-1.0,1.0,0.95,0.75,-1.0
aataveladi,"_x000D_
తానె తత్వమనుచు తన్నెఱుంగక లేక
_x000D_
మాయతత్వమనుచు మఱుగుచుండు
_x000D_
ధర్మకర్మములను తగరోయ దత్వమౌ
_x000D_
విశ్వదాభిరామ వినర వేమ.",vupajaathi,Vemana,"[('తా', 'U'), ('నె', '|'), ('త', 'U'), ('త్వ', '|'), ('మ', '|'), ('ను', '|'), ('చు', '|'), ('త', 'U'), ('న్నె', '|'), ('ఱుం', 'U'), ('గ', '|'), ('క', '|'), ('లే', 'U'), ('క', '|'), ('మా', 'U'), ('య', '|'), ('త', 'U'), ('త్వ', '|'), ('మ', '|'), ('ను', '|'), ('చు', '|'), ('మ', '|'), ('ఱు', '|'), ('గు', '|'), ('చుం', 'U'), ('డు', '|'), ('ధ', 'U'), ('ర్మ', '|'), ('క', 'U'), ('ర్మ', '|'), ('ము', '|'), ('ల', '|'), ('ను', '|'), ('త', '|'), ('గ', '|'), ('రో', 'U'), ('య', '|'), ('ద', 'U'), ('త్వ', '|'), ('మౌ', 'U'), ('వి', 'U'), ('శ్వ', '|'), ('దా', 'U'), ('భి', '|'), ('రా', 'U'), ('మ', '|'), ('వి', '|'), ('న', '|'), ('ర', '|'), ('వే', 'U'), ('మ', '|')]",1.0,-1.0,1.0,1.0,1.0,-1.0
kandamu,"_x000D_
నిరతం బెడతెగ కుండక
_x000D_
బరిపూర్ణ బ్రహ్మ మాత్మపదమున నుండ\న్‌
_x000D_
నిరవద్యమయిన యడవిని
_x000D_
జరియించును జగమెఱుంగ సత్యము వేమా.",jaathi,Vemana,"[('ని', '|'), ('ర', '|'), ('తం', 'U'), ('బె', '|'), ('డ', '|'), ('తె', '|'), ('గ', '|'), ('కుం', 'U'), ('డ', '|'), ('క', '|'), ('బ', '|'), ('రి', '|'), ('పూ', 'U'), ('ర్ణ', '|'), ('బ్ర', 'U'), ('హ్మ', '|'), ('మా', 'U'), ('త్మ', '|'), ('ప', '|'), ('ద', '|'), ('ము', '|'), ('న', '|'), ('నుం', 'U'), ('డన్', 'U'), ('ని', '|'), ('ర', '|'), ('వ', 'U'), ('ద్య', '|'), ('మ', '|'), ('యి', '|'), ('న', '|'), ('య', '|'), ('డ', '|'), ('వి', '|'), ('ని', '|'), ('జ', '|'), ('రి', '|'), ('యిం', 'U'), ('చు', '|'), ('ను', '|'), ('జ', '|'), ('గ', '|'), ('మె', '|'), ('ఱుం', 'U'), ('గ', '|'), ('స', 'U'), ('త్య', '|'), ('ము', '|'), ('వే', 'U'), ('మా', 'U')]",0.484375,-1.0,1.0,0.4375,0.0,0.5
aataveladi,"_x000D_
తఱచుచీఁకటి విడి తఱితోడఁ దనుమఱచి
_x000D_
పరమునందు మనసుఁ బదిలపఱచి
_x000D_
గరిమయున్నయట్టి ఘనుఁడెందు లేదురా
_x000D_
విశ్వదాభిరామ వినర వేమ.",vupajaathi,Vemana,"[('త', '|'), ('ఱ', '|'), ('చు', '|'), ('చీ', 'U'), ('క', '|'), ('టి', '|'), ('వి', '|'), ('డి', '|'), ('త', '|'), ('ఱి', '|'), ('తో', 'U'), ('డ', '|'), ('ద', '|'), ('ను', '|'), ('మ', '|'), ('ఱ', '|'), ('చి', '|'), ('ప', '|'), ('ర', '|'), ('ము', '|'), ('నం', 'U'), ('దు', '|'), ('మ', '|'), ('న', '|'), ('సు', '|'), ('బ', '|'), ('ది', '|'), ('ల', '|'), ('ప', '|'), ('ఱ', '|'), ('చి', '|'), ('గ', '|'), ('రి', '|'), ('మ', '|'), ('యు', 'U'), ('న్న', '|'), ('య', 'U'), ('ట్టి', '|'), ('ఘ', '|'), ('ను', '|'), ('డెం', 'U'), ('దు', '|'), ('లే', 'U'), ('దు', '|'), ('రా', 'U'), ('వి', 'U'), ('శ్వ', '|'), ('దా', 'U'), ('భి', '|'), ('రా', 'U'), ('మ', '|'), ('వి', '|'), ('న', '|'), ('ర', '|'), ('వే', 'U'), ('మ', '|')]",0.9,-1.0,1.0,0.95,0.75,-1.0
aataveladi,"_x000D_
త్రాడుపామతంచుఁ దాఁజూచి భయపడి
_x000D_
తెలిసి త్రాడటన్నఁ దీఱు భయము
_x000D_
భయము దీఱినపుడె బ్రహ్మంబు నంగురా
_x000D_
విశ్వదాభిరామ వినర వేమ.",vupajaathi,Vemana,"[('త్రా', 'U'), ('డు', '|'), ('పా', 'U'), ('మ', '|'), ('తం', 'U'), ('చు', '|'), ('దా', 'U'), ('జూ', 'U'), ('చి', '|'), ('భ', '|'), ('య', '|'), ('ప', '|'), ('డి', '|'), ('తె', '|'), ('లి', '|'), ('సి', '|'), ('త్రా', 'U'), ('డ', '|'), ('ట', 'U'), ('న్న', '|'), ('దీ', 'U'), ('ఱు', '|'), ('భ', '|'), ('య', '|'), ('ము', '|'), ('భ', '|'), ('య', '|'), ('ము', '|'), ('దీ', 'U'), ('ఱి', '|'), ('న', '|'), ('పు', '|'), ('డె', '|'), ('బ్ర', 'U'), ('హ్మం', 'U'), ('బు', '|'), ('నం', 'U'), ('గు', '|'), ('రా', 'U'), ('వి', 'U'), ('శ్వ', '|'), ('దా', 'U'), ('భి', '|'), ('రా', 'U'), ('మ', '|'), ('వి', '|'), ('న', '|'), ('ర', '|'), ('వే', 'U'), ('మ', '|')]",1.0,-1.0,1.0,1.0,1.0,-1.0
aataveladi,"_x000D_
చూచువారికెల్లఁ జూడ వేఱైయుండు
_x000D_
చూపుఁజూచి దెలియఁ జూచువారు
_x000D_
చూచి తాముచూపుచూపె తామగుదురు
_x000D_
విశ్వదాభిరామ వినర వేమ.",vupajaathi,Vemana,"[('చూ', 'U'), ('చు', '|'), ('వా', 'U'), ('రి', '|'), ('కె', 'U'), ('ల్ల', '|'), ('జూ', 'U'), ('డ', '|'), ('వే', 'U'), ('ఱై', 'U'), ('యుం', 'U'), ('డు', '|'), ('చూ', 'U'), ('పు', '|'), ('జూ', 'U'), ('చి', '|'), ('దె', '|'), ('లి', '|'), ('య', '|'), ('జూ', 'U'), ('చు', '|'), ('వా', 'U'), ('రు', '|'), ('చూ', 'U'), ('చి', '|'), ('తా', 'U'), ('ము', '|'), ('చూ', 'U'), ('పు', '|'), ('చూ', 'U'), ('పె', '|'), ('తా', 'U'), ('మ', '|'), ('గు', '|'), ('దు', '|'), ('రు', '|'), ('వి', 'U'), ('శ్వ', '|'), ('దా', 'U'), ('భి', '|'), ('రా', 'U'), ('మ', '|'), ('వి', '|'), ('న', '|'), ('ర', '|'), ('వే', 'U'), ('మ', '|')]",1.0,-1.0,1.0,1.0,1.0,-1.0
kandamu,"_x000D_
దేహియు జ్ఞానానలమున
_x000D_
దాహంబై దేహ మెల్లఁ దల్లడపడ నా
_x000D_
దేహములోఁ బొర్లాడుచు
_x000D_
మోహమడచి శివునిఁ జూడ ముక్తిర వేమా.",jaathi,Vemana,"[('దే', 'U'), ('హి', '|'), ('యు', 'U'), ('జ్ఞా', 'U'), ('నా', 'U'), ('న', '|'), ('ల', '|'), ('ము', '|'), ('న', '|'), ('దా', 'U'), ('హం', 'U'), ('బై', 'U'), ('దే', 'U'), ('హ', '|'), ('మె', 'U'), ('ల్ల', '|'), ('ద', 'U'), ('ల్ల', '|'), ('డ', '|'), ('ప', '|'), ('డ', '|'), ('నా', 'U'), ('దే', 'U'), ('హ', '|'), ('ము', '|'), ('లో', 'U'), ('బొ', 'U'), ('ర్లా', 'U'), ('డు', '|'), ('చు', '|'), ('మో', 'U'), ('హ', '|'), ('మ', '|'), ('డ', '|'), ('చి', '|'), ('శి', '|'), ('వు', '|'), ('ని', '|'), ('జూ', 'U'), ('డ', '|'), ('ము', 'U'), ('క్తి', '|'), ('ర', '|'), ('వే', 'U'), ('మా', 'U')]",0.4375,-1.0,1.0,0.5,0.0,0.25
aataveladi,"_x000D_
ధ్యానివలెనె యుండు మౌనివలనె యుండు
_x000D_
భోగివలెనె యుండు రోగివలెనె
_x000D_
సకలము దెలిసినను సర్వజ్ఞుఁడై యుండు
_x000D_
బరమయోగివలెనె పరగ వేమా.",vupajaathi,Vemana,"[('ధ్యా', 'U'), ('ని', '|'), ('వ', '|'), ('లె', '|'), ('నె', '|'), ('యుం', 'U'), ('డు', '|'), ('మౌ', 'U'), ('ని', '|'), ('వ', '|'), ('ల', '|'), ('నె', '|'), ('యుం', 'U'), ('డు', '|'), ('భో', 'U'), ('గి', '|'), ('వ', '|'), ('లె', '|'), ('నె', '|'), ('యుం', 'U'), ('డు', '|'), ('రో', 'U'), ('గి', '|'), ('వ', '|'), ('లె', '|'), ('నె', '|'), ('స', '|'), ('క', '|'), ('ల', '|'), ('ము', '|'), ('దె', '|'), ('లి', '|'), ('సి', '|'), ('న', '|'), ('ను', '|'), ('స', 'U'), ('ర్వ', 'U'), ('జ్ఞు', '|'), ('డై', 'U'), ('యుం', 'U'), ('డు', '|'), ('బ', '|'), ('ర', '|'), ('మ', '|'), ('యో', 'U'), ('గి', '|'), ('వ', '|'), ('లె', '|'), ('నె', '|'), ('ప', '|'), ('ర', '|'), ('గ', '|'), ('వే', 'U'), ('మా', 'U')]",0.9833333333333334,-1.0,1.0,0.95,1.0,-1.0
aataveladi,"_x000D_
ఉండడె సుఖశీలి యుండును గొన్నాళ్లు
_x000D_
యుండి యుండి యుండి యుండలేక
_x000D_
ఉండ వెరవు దెలిసి గండిదొంగను బట్టి
_x000D_
చెండిచెండి తావుచేరు వేమా.",vupajaathi,Vemana,"[('ఉం', 'U'), ('డ', '|'), ('డె', '|'), ('సు', '|'), ('ఖ', '|'), ('శీ', 'U'), ('లి', '|'), ('యుం', 'U'), ('డు', '|'), ('ను', '|'), ('గొ', 'U'), ('న్నా', 'U'), ('ళ్లు', '|'), ('యుం', 'U'), ('డి', '|'), ('యుం', 'U'), ('డి', '|'), ('యుం', 'U'), ('డి', '|'), ('యుం', 'U'), ('డ', '|'), ('లే', 'U'), ('క', '|'), ('ఉం', 'U'), ('డ', '|'), ('వె', '|'), ('ర', '|'), ('వు', '|'), ('దె', '|'), ('లి', '|'), ('సి', '|'), ('గం', 'U'), ('డి', '|'), ('దొం', 'U'), ('గ', '|'), ('ను', '|'), ('బ', 'U'), ('ట్టి', '|'), ('చెం', 'U'), ('డి', '|'), ('చెం', 'U'), ('డి', '|'), ('తా', 'U'), ('వు', '|'), ('చే', 'U'), ('రు', '|'), ('వే', 'U'), ('మా', 'U')]",0.9833333333333334,-1.0,1.0,0.95,1.0,-1.0
aataveladi,"_x000D_
తరువున నెడియింటఁ దనశత్రుమిత్రులఁ
_x000D_
దెలియ లేనివాని తెలివదేల
_x000D_
తెలిసిన మనుజునకు దివ్యామృతమ్మురా
_x000D_
విశ్వదాభిరామ వినర వేమ.",vupajaathi,Vemana,"[('త', '|'), ('రు', '|'), ('వు', '|'), ('న', '|'), ('నె', '|'), ('డి', '|'), ('యిం', 'U'), ('ట', '|'), ('ద', '|'), ('న', '|'), ('శ', '|'), ('త్రు', '|'), ('మి', '|'), ('త్రు', '|'), ('ల', '|'), ('దె', '|'), ('లి', '|'), ('య', '|'), ('లే', 'U'), ('ని', '|'), ('వా', 'U'), ('ని', '|'), ('తె', '|'), ('లి', '|'), ('వ', '|'), ('దే', 'U'), ('ల', '|'), ('తె', '|'), ('లి', '|'), ('సి', '|'), ('న', '|'), ('మ', '|'), ('ను', '|'), ('జు', '|'), ('న', '|'), ('కు', '|'), ('ది', 'U'), ('వ్యా', 'U'), ('మృ', '|'), ('త', 'U'), ('మ్ము', '|'), ('రా', 'U'), ('వి', 'U'), ('శ్వ', '|'), ('దా', 'U'), ('భి', '|'), ('రా', 'U'), ('మ', '|'), ('వి', '|'), ('న', '|'), ('ర', '|'), ('వే', 'U'), ('మ', '|')]",0.65,-1.0,1.0,0.7,0.25,-1.0
aataveladi,"_x000D_
నది నుదకంబులు చనుక్రియ
_x000D_
మది నొదవెడు తత్వబుద్ధిమగ్నత లెల్లం
_x000D_
దుది పదవి గలయ ఘనుఁడగు
_x000D_
మదధిఁ బ్రవేశించి గంగ యొప్పున వేమా.",vupajaathi,Vemana,"[('న', '|'), ('ది', '|'), ('ను', '|'), ('ద', '|'), ('కం', 'U'), ('బు', '|'), ('లు', '|'), ('చ', '|'), ('ను', '|'), ('క్రి', '|'), ('య', '|'), ('మ', '|'), ('ది', '|'), ('నొ', '|'), ('ద', '|'), ('వె', '|'), ('డు', '|'), ('త', 'U'), ('త్వ', '|'), ('బు', 'U'), ('ద్ధి', '|'), ('మ', 'U'), ('గ్న', '|'), ('త', '|'), ('లె', 'U'), ('ల్లం', 'U'), ('దు', '|'), ('ది', '|'), ('ప', '|'), ('ద', '|'), ('వి', '|'), ('గ', '|'), ('ల', '|'), ('య', '|'), ('ఘ', '|'), ('ను', '|'), ('డ', '|'), ('గు', '|'), ('మ', '|'), ('ద', '|'), ('ధి', '|'), ('బ్ర', '|'), ('వే', 'U'), ('శిం', 'U'), ('చి', '|'), ('గం', 'U'), ('గ', '|'), ('యొ', 'U'), ('ప్పు', '|'), ('న', '|'), ('వే', 'U'), ('మా', 'U')]",0.6666666666666666,-1.0,1.0,0.75,0.25,-1.0
aataveladi,"_x000D_
మనసుఁ బాఱవీడి మనసుఁ దా మగుడించి
_x000D_
మనసులోనఁగలుగు మర్మమెఱిగి
_x000D_
మనసు తాను నిల్ప మఱియుఁదా బ్రహ్మంబు
_x000D_
విశ్వదాభిరామ వినర వేమ.",vupajaathi,Vemana,"[('మ', '|'), ('న', '|'), ('సు', '|'), ('బా', 'U'), ('ఱ', '|'), ('వీ', 'U'), ('డి', '|'), ('మ', '|'), ('న', '|'), ('సు', '|'), ('దా', 'U'), ('మ', '|'), ('గు', '|'), ('డిం', 'U'), ('చి', '|'), ('మ', '|'), ('న', '|'), ('సు', '|'), ('లో', 'U'), ('న', '|'), ('గ', '|'), ('లు', '|'), ('గు', '|'), ('మ', 'U'), ('ర్మ', '|'), ('మె', '|'), ('ఱి', '|'), ('గి', '|'), ('మ', '|'), ('న', '|'), ('సు', '|'), ('తా', 'U'), ('ను', '|'), ('ని', 'U'), ('ల్ప', '|'), ('మ', '|'), ('ఱి', '|'), ('యు', '|'), ('దా', 'U'), ('బ్ర', 'U'), ('హ్మం', 'U'), ('బు', '|'), ('వి', 'U'), ('శ్వ', '|'), ('దా', 'U'), ('భి', '|'), ('రా', 'U'), ('మ', '|'), ('వి', '|'), ('న', '|'), ('ర', '|'), ('వే', 'U'), ('మ', '|')]",1.0,-1.0,1.0,1.0,1.0,-1.0
kandamu,"_x000D_
దేహాభిమాన ముండఁగ
_x000D_
మోహాదులు జననవార్ధిముంచును కలగా
_x000D_
నీహా విషయభావన
_x000D_
కూహాదులు పోవు మేలుకొన్నను వేమా.",jaathi,Vemana,"[('దే', 'U'), ('హా', 'U'), ('భి', '|'), ('మా', 'U'), ('న', '|'), ('ముం', 'U'), ('డ', '|'), ('గ', '|'), ('మో', 'U'), ('హా', 'U'), ('దు', '|'), ('లు', '|'), ('జ', '|'), ('న', '|'), ('న', '|'), ('వా', 'U'), ('ర్ధి', '|'), ('ముం', 'U'), ('చు', '|'), ('ను', '|'), ('క', '|'), ('ల', '|'), ('గా', 'U'), ('నీ', 'U'), ('హా', 'U'), ('వి', '|'), ('ష', '|'), ('య', '|'), ('భా', 'U'), ('వ', '|'), ('న', '|'), ('కూ', 'U'), ('హా', 'U'), ('దు', '|'), ('లు', '|'), ('పో', 'U'), ('వు', '|'), ('మే', 'U'), ('లు', '|'), ('కొ', 'U'), ('న్న', '|'), ('ను', '|'), ('వే', 'U'), ('మా', 'U')]",0.734375,-1.0,1.0,0.6875,0.5,0.75
aataveladi,"_x000D_
మర్మమంతగొనకు మనసైన్యమేగాన
_x000D_
పరరహస్య మంత బయలుపడదు
_x000D_
పడినమనస దెన్న బయలుపడినరీతి
_x000D_
విశ్వదాభిరామ వినర వేమ.",vupajaathi,Vemana,"[('మ', 'U'), ('ర్మ', '|'), ('మం', 'U'), ('త', '|'), ('గొ', '|'), ('న', '|'), ('కు', '|'), ('మ', '|'), ('న', '|'), ('సై', 'U'), ('న్య', '|'), ('మే', 'U'), ('గా', 'U'), ('న', '|'), ('ప', '|'), ('ర', '|'), ('ర', '|'), ('హ', 'U'), ('స్య', '|'), ('మం', 'U'), ('త', '|'), ('బ', '|'), ('య', '|'), ('లు', '|'), ('ప', '|'), ('డ', '|'), ('దు', '|'), ('ప', '|'), ('డి', '|'), ('న', '|'), ('మ', '|'), ('న', '|'), ('స', '|'), ('దె', 'U'), ('న్న', '|'), ('బ', '|'), ('య', '|'), ('లు', '|'), ('ప', '|'), ('డి', '|'), ('న', '|'), ('రీ', 'U'), ('తి', '|'), ('వి', 'U'), ('శ్వ', '|'), ('దా', 'U'), ('భి', '|'), ('రా', 'U'), ('మ', '|'), ('వి', '|'), ('న', '|'), ('ర', '|'), ('వే', 'U'), ('మ', '|')]",1.0,-1.0,1.0,1.0,1.0,-1.0
kandamu,"_x000D_
ఈతనువునందుఁ జూచిన
_x000D_
నేతనువుల కింతె యనుచు నెఱిగియుఁ దన్నుఁ
_x000D_
జూతురు నాలోఁ జూపున
_x000D_
నాతురమునఁ దపసులెల్ల నమరఁగ వేమా.",jaathi,Vemana,"[('ఈ', 'U'), ('త', '|'), ('ను', '|'), ('వు', '|'), ('నం', 'U'), ('దు', '|'), ('జూ', 'U'), ('చి', '|'), ('న', '|'), ('నే', 'U'), ('త', '|'), ('ను', '|'), ('వు', '|'), ('ల', '|'), ('కిం', 'U'), ('తె', '|'), ('య', '|'), ('ను', '|'), ('చు', '|'), ('నె', '|'), ('ఱి', '|'), ('గి', '|'), ('యు', '|'), ('ద', 'U'), ('న్ను', '|'), ('జూ', 'U'), ('తు', '|'), ('రు', '|'), ('నా', 'U'), ('లో', 'U'), ('జూ', 'U'), ('పు', '|'), ('న', '|'), ('నా', 'U'), ('తు', '|'), ('ర', '|'), ('ము', '|'), ('న', '|'), ('ద', '|'), ('ప', '|'), ('సు', '|'), ('లె', 'U'), ('ల్ల', '|'), ('న', '|'), ('మ', '|'), ('ర', '|'), ('గ', '|'), ('వే', 'U'), ('మా', 'U')]",0.6875,-1.0,1.0,0.75,0.5,0.5
aataveladi,"_x000D_
గురుని పరమగురుని గుఱుతుగాఁ దెలియక
_x000D_
గురువుగాను నుండు గ్రుడ్డిరీతి
_x000D_
గురువుకు గురువైన గురుఁడు ప్రాణేశుండు
_x000D_
విశ్వదాభిరామ వినర వేమ.",vupajaathi,Vemana,"[('గు', '|'), ('రు', '|'), ('ని', '|'), ('ప', '|'), ('ర', '|'), ('మ', '|'), ('గు', '|'), ('రు', '|'), ('ని', '|'), ('గు', '|'), ('ఱు', '|'), ('తు', '|'), ('గా', 'U'), ('దె', '|'), ('లి', '|'), ('య', '|'), ('క', '|'), ('గు', '|'), ('రు', '|'), ('వు', '|'), ('గా', 'U'), ('ను', '|'), ('నుం', 'U'), ('డు', '|'), ('గ్రు', 'U'), ('డ్డి', '|'), ('రీ', 'U'), ('తి', '|'), ('గు', '|'), ('రు', '|'), ('వు', '|'), ('కు', '|'), ('గు', '|'), ('రు', '|'), ('వై', 'U'), ('న', '|'), ('గు', '|'), ('రు', '|'), ('డు', '|'), ('ప్రా', 'U'), ('ణే', 'U'), ('శుం', 'U'), ('డు', '|'), ('వి', 'U'), ('శ్వ', '|'), ('దా', 'U'), ('భి', '|'), ('రా', 'U'), ('మ', '|'), ('వి', '|'), ('న', '|'), ('ర', '|'), ('వే', 'U'), ('మ', '|')]",1.0,-1.0,1.0,1.0,1.0,-1.0
seesamu,"_x000D_
నియమాది సంగుఁడై నిలిచినఁ దత్వంబు - తామసంబగుఁ నిద్రఁ దలఁగఁజేయు
_x000D_
నిద్ర తలంగిన నిర్భీతినొందించు - శమమున నానంద సమితి పుట్టు
_x000D_
నానందమున విశ్వమంతయుఁ దానగుఁ - దాను విశ్వంబయినఁ దత్వమగును
_x000D_
తత్వ మింద్రియ పంచతత్వంబునను - నిల్చుఁ దత్వంబు నిలిచినఁ దానయగును",vupajaathi,Vemana,"[('ని', '|'), ('య', '|'), ('మా', 'U'), ('ది', '|'), ('సం', 'U'), ('గు', '|'), ('డై', 'U'), ('ని', '|'), ('లి', '|'), ('చి', '|'), ('న', '|'), ('ద', 'U'), ('త్వం', 'U'), ('బు', '|'), ('తా', 'U'), ('మ', '|'), ('సం', 'U'), ('బ', '|'), ('గు', '|'), ('ని', '|'), ('ద్ర', '|'), ('ద', '|'), ('ల', '|'), ('గ', '|'), ('జే', 'U'), ('యు', '|'), ('ని', '|'), ('ద్ర', '|'), ('త', '|'), ('లం', 'U'), ('గి', '|'), ('న', '|'), ('ని', 'U'), ('ర్భీ', 'U'), ('తి', '|'), ('నొం', 'U'), ('దిం', 'U'), ('చు', '|'), ('శ', '|'), ('మ', '|'), ('ము', '|'), ('న', '|'), ('నా', 'U'), ('నం', 'U'), ('ద', '|'), ('స', '|'), ('మి', '|'), ('తి', '|'), ('పు', 'U'), ('ట్టు', '|'), ('నా', 'U'), ('నం', 'U'), ('ద', '|'), ('ము', '|'), ('న', '|'), ('వి', 'U'), ('శ్వ', '|'), ('మం', 'U'), ('త', '|'), ('యు', '|'), ('దా', 'U'), ('న', '|'), ('గు', '|'), ('దా', 'U'), ('ను', '|'), ('వి', 'U'), ('శ్వం', 'U'), ('బ', '|'), ('యి', '|'), ('న', '|'), ('ద', 'U'), ('త్వ', '|'), ('మ', '|'), ('గు', '|'), ('ను', '|'), ('త', 'U'), ('త్వ', '|'), ('మిం', 'U'), ('ద్రి', '|'), ('య', '|'), ('పం', 'U'), ('చ', '|'), ('త', 'U'), ('త్వం', 'U'), ('బు', '|'), ('న', '|'), ('ను', '|'), ('ని', 'U'), ('ల్చు', '|'), ('ద', 'U'), ('త్వం', 'U'), ('బు', '|'), ('ని', '|'), ('లి', '|'), ('చి', '|'), ('న', '|'), ('దా', 'U'), ('న', '|'), ('య', '|'), ('గు', '|'), ('ను', '|')]",0.6979166666666666,-1.0,1.0,0.71875,0.375,-1.0
teytageethi,"రాజయోగీంద్రుఁ డాతఁడై తేజరిల్లు
వెలయ జగముల విహరించు విశ్రుతముగ
బాలు విధమున వృద్ధుని పగిదిసోకు
కరణివెంగలిక్రియ చూడ ఘనత వేమా",vupajaathi,Vemana,"[('రా', 'U'), ('జ', '|'), ('యో', 'U'), ('గీం', 'U'), ('ద్రు', '|'), ('డా', 'U'), ('త', '|'), ('డై', 'U'), ('తే', 'U'), ('జ', '|'), ('రి', 'U'), ('ల్లు', '|'), ('వె', '|'), ('ల', '|'), ('య', '|'), ('జ', '|'), ('గ', '|'), ('ము', '|'), ('ల', '|'), ('వి', '|'), ('హ', '|'), ('రిం', 'U'), ('చు', '|'), ('వి', '|'), ('శ్రు', '|'), ('త', '|'), ('ము', '|'), ('గ', '|'), ('బా', 'U'), ('లు', '|'), ('వి', '|'), ('ధ', '|'), ('ము', '|'), ('న', '|'), ('వృ', 'U'), ('ద్ధు', '|'), ('ని', '|'), ('ప', '|'), ('గి', '|'), ('ది', '|'), ('సో', 'U'), ('కు', '|'), ('క', '|'), ('ర', '|'), ('ణి', '|'), ('వెం', 'U'), ('గ', '|'), ('లి', '|'), ('క్రి', '|'), ('య', '|'), ('చూ', 'U'), ('డ', '|'), ('ఘ', '|'), ('న', '|'), ('త', '|'), ('వే', 'U'), ('మా', 'U')]",0.8666666666666667,-1.0,1.0,0.85,0.75,-1.0
kandamu,"_x000D_
మనసున నెఱుకను మరుపునఁ
_x000D_
గని విని చూడంగలేరు కదిసినపిదప\న్‌
_x000D_
పెనగొని పట్టినచోనది
_x000D_
మనచోటను మాయమౌను మహిలో వేమా.",jaathi,Vemana,"[('మ', '|'), ('న', '|'), ('సు', '|'), ('న', '|'), ('నె', '|'), ('ఱు', '|'), ('క', '|'), ('ను', '|'), ('మ', '|'), ('రు', '|'), ('పు', '|'), ('న', '|'), ('గ', '|'), ('ని', '|'), ('వి', '|'), ('ని', '|'), ('చూ', 'U'), ('డం', 'U'), ('గ', '|'), ('లే', 'U'), ('రు', '|'), ('క', '|'), ('ది', '|'), ('సి', '|'), ('న', '|'), ('పి', '|'), ('ద', '|'), ('పన్', 'U'), ('పె', '|'), ('న', '|'), ('గొ', '|'), ('ని', '|'), ('ప', 'U'), ('ట్టి', '|'), ('న', '|'), ('చో', 'U'), ('న', '|'), ('ది', '|'), ('మ', '|'), ('న', '|'), ('చో', 'U'), ('ట', '|'), ('ను', '|'), ('మా', 'U'), ('య', '|'), ('మౌ', 'U'), ('ను', '|'), ('మ', '|'), ('హి', '|'), ('లో', 'U'), ('వే', 'U'), ('మా', 'U')]",1.0,-1.0,1.0,1.0,1.0,1.0
aataveladi,"_x000D_
మాయ నరకమనుచు మాయ రోయకసాటి
_x000D_
సమముగ నరదేవసభలయందు
_x000D_
నందఱు ఘనులయిన హరునకుఁ దావేది
_x000D_
విశ్వదాభిరామ వినర వేమ.",vupajaathi,Vemana,"[('మా', 'U'), ('య', '|'), ('న', '|'), ('ర', '|'), ('క', '|'), ('మ', '|'), ('ను', '|'), ('చు', '|'), ('మా', 'U'), ('య', '|'), ('రో', 'U'), ('య', '|'), ('క', '|'), ('సా', 'U'), ('టి', '|'), ('స', '|'), ('మ', '|'), ('ము', '|'), ('గ', '|'), ('న', '|'), ('ర', '|'), ('దే', 'U'), ('వ', '|'), ('స', '|'), ('భ', '|'), ('ల', '|'), ('యం', 'U'), ('దు', '|'), ('నం', 'U'), ('ద', '|'), ('ఱు', '|'), ('ఘ', '|'), ('ను', '|'), ('ల', '|'), ('యి', '|'), ('న', '|'), ('హ', '|'), ('రు', '|'), ('న', '|'), ('కు', '|'), ('దా', 'U'), ('వే', 'U'), ('ది', '|'), ('వి', 'U'), ('శ్వ', '|'), ('దా', 'U'), ('భి', '|'), ('రా', 'U'), ('మ', '|'), ('వి', '|'), ('న', '|'), ('ర', '|'), ('వే', 'U'), ('మ', '|')]",0.9166666666666666,-1.0,1.0,1.0,0.75,-1.0
aataveladi,"_x000D_
బ్రతుకులెల్ల మాయ భవబంధములు మాయ
_x000D_
తెలివి మాయ తన్నుఁ దెలియ మాయ
_x000D_
మాయ దెలియువాఁడు మర్మజ్ఞుఁడగు యోగి
_x000D_
విశ్వదాభిరామ వినర వేమ.",vupajaathi,Vemana,"[('బ్ర', '|'), ('తు', '|'), ('కు', '|'), ('లె', 'U'), ('ల్ల', '|'), ('మా', 'U'), ('య', '|'), ('భ', '|'), ('వ', '|'), ('బం', 'U'), ('ధ', '|'), ('ము', '|'), ('లు', '|'), ('మా', 'U'), ('య', '|'), ('తె', '|'), ('లి', '|'), ('వి', '|'), ('మా', 'U'), ('య', '|'), ('త', 'U'), ('న్ను', '|'), ('దె', '|'), ('లి', '|'), ('య', '|'), ('మా', 'U'), ('య', '|'), ('మా', 'U'), ('య', '|'), ('దె', '|'), ('లి', '|'), ('యు', '|'), ('వా', 'U'), ('డు', '|'), ('మ', 'U'), ('ర్మ', 'U'), ('జ్ఞు', '|'), ('డ', '|'), ('గు', '|'), ('యో', 'U'), ('గి', '|'), ('వి', 'U'), ('శ్వ', '|'), ('దా', 'U'), ('భి', '|'), ('రా', 'U'), ('మ', '|'), ('వి', '|'), ('న', '|'), ('ర', '|'), ('వే', 'U'), ('మ', '|')]",1.0,-1.0,1.0,1.0,1.0,-1.0
aataveladi,"_x000D_
మాయలోక మన్న మర్మంబు దెలియక
_x000D_
మాయఁజిక్కి యంత మాయఁబడిరి
_x000D_
మాయ దెలియ దివ్వె మాయదా జన్మంబు
_x000D_
విశ్వదాభిరామ వినర వేమ.",vupajaathi,Vemana,"[('మా', 'U'), ('య', '|'), ('లో', 'U'), ('క', '|'), ('మ', 'U'), ('న్న', '|'), ('మ', 'U'), ('ర్మం', 'U'), ('బు', '|'), ('దె', '|'), ('లి', '|'), ('య', '|'), ('క', '|'), ('మా', 'U'), ('య', '|'), ('జి', 'U'), ('క్కి', '|'), ('యం', 'U'), ('త', '|'), ('మా', 'U'), ('య', '|'), ('బ', '|'), ('డి', '|'), ('రి', '|'), ('మా', 'U'), ('య', '|'), ('దె', '|'), ('లి', '|'), ('య', '|'), ('ది', 'U'), ('వ్వె', '|'), ('మా', 'U'), ('య', '|'), ('దా', 'U'), ('జ', 'U'), ('న్మం', 'U'), ('బు', '|'), ('వి', 'U'), ('శ్వ', '|'), ('దా', 'U'), ('భి', '|'), ('రా', 'U'), ('మ', '|'), ('వి', '|'), ('న', '|'), ('ర', '|'), ('వే', 'U'), ('మ', '|')]",1.0,-1.0,1.0,1.0,1.0,-1.0
aataveladi,"_x000D_
సతులు సుతులు మాయ సంసారములు మాయ
_x000D_
ధనము ఘనము మాయ తనువు మాయ
_x000D_
మాయ గెల్చువాఁడు మర్మజ్ఞుఁడగు యోగి
_x000D_
విశ్వదాభిరామ వినర వేమ.",vupajaathi,Vemana,"[('స', '|'), ('తు', '|'), ('లు', '|'), ('సు', '|'), ('తు', '|'), ('లు', '|'), ('మా', 'U'), ('య', '|'), ('సం', 'U'), ('సా', 'U'), ('ర', '|'), ('ము', '|'), ('లు', '|'), ('మా', 'U'), ('య', '|'), ('ధ', '|'), ('న', '|'), ('ము', '|'), ('ఘ', '|'), ('న', '|'), ('ము', '|'), ('మా', 'U'), ('య', '|'), ('త', '|'), ('ను', '|'), ('వు', '|'), ('మా', 'U'), ('య', '|'), ('మా', 'U'), ('య', '|'), ('గె', 'U'), ('ల్చు', '|'), ('వా', 'U'), ('డు', '|'), ('మ', 'U'), ('ర్మ', 'U'), ('జ్ఞు', '|'), ('డ', '|'), ('గు', '|'), ('యో', 'U'), ('గి', '|'), ('వి', 'U'), ('శ్వ', '|'), ('దా', 'U'), ('భి', '|'), ('రా', 'U'), ('మ', '|'), ('వి', '|'), ('న', '|'), ('ర', '|'), ('వే', 'U'), ('మ', '|')]",1.0,-1.0,1.0,1.0,1.0,-1.0
aataveladi,"_x000D_
మాయలోనఁ బుట్టి మాయలోననె పెరిగి
_x000D_
మాయఁ దెలియలేని మనుజుఁడేల
_x000D_
మాయఁ దెలియువాఁడు మహిమీఁద ధన్యుండు
_x000D_
విశ్వదాభిరామ వినర వేమ.",vupajaathi,Vemana,"[('మా', 'U'), ('య', '|'), ('లో', 'U'), ('న', '|'), ('బు', 'U'), ('ట్టి', '|'), ('మా', 'U'), ('య', '|'), ('లో', 'U'), ('న', '|'), ('నె', '|'), ('పె', '|'), ('రి', '|'), ('గి', '|'), ('మా', 'U'), ('య', '|'), ('దె', '|'), ('లి', '|'), ('య', '|'), ('లే', 'U'), ('ని', '|'), ('మ', '|'), ('ను', '|'), ('జు', '|'), ('డే', 'U'), ('ల', '|'), ('మా', 'U'), ('య', '|'), ('దె', '|'), ('లి', '|'), ('యు', '|'), ('వా', 'U'), ('డు', '|'), ('మ', '|'), ('హి', '|'), ('మీ', 'U'), ('ద', '|'), ('ధ', 'U'), ('న్యుం', 'U'), ('డు', '|'), ('వి', 'U'), ('శ్వ', '|'), ('దా', 'U'), ('భి', '|'), ('రా', 'U'), ('మ', '|'), ('వి', '|'), ('న', '|'), ('ర', '|'), ('వే', 'U'), ('మ', '|')]",0.9,-1.0,1.0,0.95,0.75,-1.0
kandamu,"_x000D_
మాయల సంసారమునకు
_x000D_
మాయలనే తిరుగుచుండు మనుజుఁడులోనై
_x000D_
మాయలఁ దెలిసిన యంతట
_x000D_
మాయలనే ముక్తి గలుగు మహిలో వేమా.",jaathi,Vemana,"[('మా', 'U'), ('య', '|'), ('ల', '|'), ('సం', 'U'), ('సా', 'U'), ('ర', '|'), ('ము', '|'), ('న', '|'), ('కు', '|'), ('మా', 'U'), ('య', '|'), ('ల', '|'), ('నే', 'U'), ('తి', '|'), ('రు', '|'), ('గు', '|'), ('చుం', 'U'), ('డు', '|'), ('మ', '|'), ('ను', '|'), ('జు', '|'), ('డు', '|'), ('లో', 'U'), ('నై', 'U'), ('మా', 'U'), ('య', '|'), ('ల', '|'), ('దె', '|'), ('లి', '|'), ('సి', '|'), ('న', '|'), ('యం', 'U'), ('త', '|'), ('ట', '|'), ('మా', 'U'), ('య', '|'), ('ల', '|'), ('నే', 'U'), ('ము', 'U'), ('క్తి', '|'), ('గ', '|'), ('లు', '|'), ('గు', '|'), ('మ', '|'), ('హి', '|'), ('లో', 'U'), ('వే', 'U'), ('మా', 'U')]",1.0,-1.0,1.0,1.0,1.0,1.0
aataveladi,"_x000D_
సుప్తి జాగరముల సొలపులఁ దానుండి
_x000D_
కప్పుకొన్న మాయఁ గానలేక
_x000D_
దబ్బర నిజములను తానులెస్స గనక
_x000D_
గొబ్బున చెడిపోవు గుణము వేమా.",vupajaathi,Vemana,"[('సు', 'U'), ('ప్తి', '|'), ('జా', 'U'), ('గ', '|'), ('ర', '|'), ('ము', '|'), ('ల', '|'), ('సొ', '|'), ('ల', '|'), ('పు', '|'), ('ల', '|'), ('దా', 'U'), ('నుం', 'U'), ('డి', '|'), ('క', 'U'), ('ప్పు', '|'), ('కొ', 'U'), ('న్న', '|'), ('మా', 'U'), ('య', '|'), ('గా', 'U'), ('న', '|'), ('లే', 'U'), ('క', '|'), ('ద', 'U'), ('బ్బ', '|'), ('ర', '|'), ('ని', '|'), ('జ', '|'), ('ము', '|'), ('ల', '|'), ('ను', '|'), ('తా', 'U'), ('ను', '|'), ('లె', 'U'), ('స్స', '|'), ('గ', '|'), ('న', '|'), ('క', '|'), ('గొ', 'U'), ('బ్బు', '|'), ('న', '|'), ('చె', '|'), ('డి', '|'), ('పో', 'U'), ('వు', '|'), ('గు', '|'), ('ణ', '|'), ('ము', '|'), ('వే', 'U'), ('మా', 'U')]",0.9833333333333334,-1.0,1.0,0.95,1.0,-1.0
aataveladi,"_x000D_
మాయరూపు రూపు మాయ తాఁజేసియు
_x000D_
మాయరూపులఁ బెనుమాయఁజేసి
_x000D_
మాయలోని మాయమహిమ నెఱుంగురా
_x000D_
విశ్వదాభిరామ వినర వేమ.",vupajaathi,Vemana,"[('మా', 'U'), ('య', '|'), ('రూ', 'U'), ('పు', '|'), ('రూ', 'U'), ('పు', '|'), ('మా', 'U'), ('య', '|'), ('తా', 'U'), ('జే', 'U'), ('సి', '|'), ('యు', '|'), ('మా', 'U'), ('య', '|'), ('రూ', 'U'), ('పు', '|'), ('ల', '|'), ('బె', '|'), ('ను', '|'), ('మా', 'U'), ('య', '|'), ('జే', 'U'), ('సి', '|'), ('మా', 'U'), ('య', '|'), ('లో', 'U'), ('ని', '|'), ('మా', 'U'), ('య', '|'), ('మ', '|'), ('హి', '|'), ('మ', '|'), ('నె', '|'), ('ఱుం', 'U'), ('గు', '|'), ('రా', 'U'), ('వి', 'U'), ('శ్వ', '|'), ('దా', 'U'), ('భి', '|'), ('రా', 'U'), ('మ', '|'), ('వి', '|'), ('న', '|'), ('ర', '|'), ('వే', 'U'), ('మ', '|')]",1.0,-1.0,1.0,1.0,1.0,-1.0
aataveladi,"_x000D_
ముఱికికొంపలోన నిఱికించి జీవుని
_x000D_
కర్మపాశములను గట్టివేసి
_x000D_
నిట్టికర్మజీవి కెట్లొకో మోక్షంబు
_x000D_
విశ్వదాభిరామ వినర వేమ.",vupajaathi,Vemana,"[('ము', '|'), ('ఱి', '|'), ('కి', '|'), ('కొం', 'U'), ('ప', '|'), ('లో', 'U'), ('న', '|'), ('ని', '|'), ('ఱి', '|'), ('కిం', 'U'), ('చి', '|'), ('జీ', 'U'), ('వు', '|'), ('ని', '|'), ('క', 'U'), ('ర్మ', '|'), ('పా', 'U'), ('శ', '|'), ('ము', '|'), ('ల', '|'), ('ను', '|'), ('గ', 'U'), ('ట్టి', '|'), ('వే', 'U'), ('సి', '|'), ('ని', 'U'), ('ట్టి', '|'), ('క', 'U'), ('ర్మ', '|'), ('జీ', 'U'), ('వి', '|'), ('కె', 'U'), ('ట్లొ', '|'), ('కో', 'U'), ('మో', 'U'), ('క్షం', 'U'), ('బు', '|'), ('వి', 'U'), ('శ్వ', '|'), ('దా', 'U'), ('భి', '|'), ('రా', 'U'), ('మ', '|'), ('వి', '|'), ('న', '|'), ('ర', '|'), ('వే', 'U'), ('మ', '|')]",0.9166666666666666,-1.0,1.0,1.0,0.75,-1.0
aataveladi,"_x000D_
విత్తులేని వృక్షమొక్కటి పుట్టె
_x000D_
ఫలము లేని పువ్వు మొదలు పత్రిలేదు
_x000D_
స్వాదులేదు చూడ నాపాటుకును లెస్స
_x000D_
దీనిభావ మేమి తెలుపు వేమా.",vupajaathi,Vemana,"[('వి', 'U'), ('త్తు', '|'), ('లే', 'U'), ('ని', '|'), ('వృ', 'U'), ('క్ష', '|'), ('మొ', 'U'), ('క్క', '|'), ('టి', '|'), ('పు', 'U'), ('ట్టె', '|'), ('ఫ', '|'), ('ల', '|'), ('ము', '|'), ('లే', 'U'), ('ని', '|'), ('పు', 'U'), ('వ్వు', '|'), ('మొ', '|'), ('ద', '|'), ('లు', '|'), ('ప', '|'), ('త్రి', '|'), ('లే', 'U'), ('దు', 'U'), ('స్వా', 'U'), ('దు', '|'), ('లే', 'U'), ('దు', '|'), ('చూ', 'U'), ('డ', '|'), ('నా', 'U'), ('పా', 'U'), ('టు', '|'), ('కు', '|'), ('ను', '|'), ('లె', 'U'), ('స్స', '|'), ('దీ', 'U'), ('ని', '|'), ('భా', 'U'), ('వ', '|'), ('మే', 'U'), ('మి', '|'), ('తె', '|'), ('లు', '|'), ('పు', '|'), ('వే', 'U'), ('మా', 'U')]",0.5166666666666667,-1.0,1.0,0.55,0.0,-1.0
aataveladi,"_x000D_
మోదమునను గురుని ముఖ్యకరుణచేతఁ
_x000D_
దొమ్మిదిస్థలముల దొడ్డు పాయ
_x000D_
సర్వజీవుఁడాయె సర్వమ్ముఁ దానాయె
_x000D_
విశ్వదాభిరామ వినర వేమ.",vupajaathi,Vemana,"[('మో', 'U'), ('ద', '|'), ('ము', '|'), ('న', '|'), ('ను', '|'), ('గు', '|'), ('రు', '|'), ('ని', '|'), ('ము', 'U'), ('ఖ్య', '|'), ('క', '|'), ('రు', '|'), ('ణ', '|'), ('చే', 'U'), ('త', '|'), ('దొ', 'U'), ('మ్మి', '|'), ('ది', 'U'), ('స్థ', '|'), ('ల', '|'), ('ము', '|'), ('ల', '|'), ('దొ', 'U'), ('డ్డు', '|'), ('పా', 'U'), ('య', '|'), ('స', 'U'), ('ర్వ', '|'), ('జీ', 'U'), ('వు', '|'), ('డా', 'U'), ('యె', '|'), ('స', 'U'), ('ర్వ', 'U'), ('మ్ము', '|'), ('దా', 'U'), ('నా', 'U'), ('యె', '|'), ('వి', 'U'), ('శ్వ', '|'), ('దా', 'U'), ('భి', '|'), ('రా', 'U'), ('మ', '|'), ('వి', '|'), ('న', '|'), ('ర', '|'), ('వే', 'U'), ('మ', '|')]",1.0,-1.0,1.0,1.0,1.0,-1.0
kandamu,"_x000D_
పగయుడుగుఁ గోప ముడిగినఁ
_x000D_
బగ యుడుగ\న్‌ గోర్కులుడుగు పరజన్మముల\న్‌
_x000D_
దగు లుడుగు భేద ముడిగినఁ
_x000D_
ద్రిగుణము లుడుగంగ ముక్తి స్థిరమగు వేమా.",jaathi,Vemana,"[('ప', '|'), ('గ', '|'), ('యు', '|'), ('డు', '|'), ('గు', '|'), ('గో', 'U'), ('ప', '|'), ('ము', '|'), ('డి', '|'), ('గి', '|'), ('న', '|'), ('బ', '|'), ('గ', '|'), ('యు', '|'), ('డు', '|'), ('గ', 'U'), ('న్గో', 'U'), ('ర్కు', '|'), ('లు', '|'), ('డు', '|'), ('గు', '|'), ('ప', '|'), ('ర', '|'), ('జ', 'U'), ('న్మ', '|'), ('ము', '|'), ('లన్', 'U'), ('ద', '|'), ('గు', '|'), ('లు', '|'), ('డు', '|'), ('గు', '|'), ('భే', 'U'), ('ద', '|'), ('ము', '|'), ('డి', '|'), ('గి', '|'), ('న', '|'), ('ద్రి', '|'), ('గు', '|'), ('ణ', '|'), ('ము', '|'), ('లు', '|'), ('డు', '|'), ('గం', 'U'), ('గ', '|'), ('ము', 'U'), ('క్తి', 'U'), ('స్థి', '|'), ('ర', '|'), ('మ', '|'), ('గు', '|'), ('వే', 'U'), ('మా', 'U')]",0.828125,-1.0,1.0,0.8125,0.5,1.0
aataveladi,"_x000D_
ప్రణవ మెఱుఁగఁ బోఁడు భక్తుఁ డెప్పుడు గాఁడు
_x000D_
జ్యోతియెఱుఁగఁ బోడు యోగిగాఁడు
_x000D_
నిత్య మెఱుఁగ వాఁడు నిర్వాణిగాఁడయా
_x000D_
విశ్వదాభిరామ వినర వేమ.",vupajaathi,Vemana,"[('ప్ర', '|'), ('ణ', '|'), ('వ', '|'), ('మె', '|'), ('ఱు', '|'), ('గ', '|'), ('బో', 'U'), ('డు', '|'), ('భ', 'U'), ('క్తు', '|'), ('డె', 'U'), ('ప్పు', '|'), ('డు', '|'), ('గా', 'U'), ('డు', 'U'), ('జ్యో', 'U'), ('తి', '|'), ('యె', '|'), ('ఱు', '|'), ('గ', '|'), ('బో', 'U'), ('డు', '|'), ('యో', 'U'), ('గి', '|'), ('గా', 'U'), ('డు', '|'), ('ని', 'U'), ('త్య', '|'), ('మె', '|'), ('ఱు', '|'), ('గ', '|'), ('వా', 'U'), ('డు', '|'), ('ని', 'U'), ('ర్వా', 'U'), ('ణి', '|'), ('గా', 'U'), ('డ', '|'), ('యా', 'U'), ('వి', 'U'), ('శ్వ', '|'), ('దా', 'U'), ('భి', '|'), ('రా', 'U'), ('మ', '|'), ('వి', '|'), ('న', '|'), ('ర', '|'), ('వే', 'U'), ('మ', '|')]",0.9833333333333334,-1.0,1.0,0.95,1.0,-1.0
aataveladi,"_x000D_
పగలురేయి మరచి భావంబు లోపలఁ
_x000D_
దాను నేను ననెడు తలఁపు మఱచి
_x000D_
యున్నయట్టి యతఁడు నుత్తమ యోగిరా
_x000D_
విశ్వదాభిరామ వినర వేమ.",vupajaathi,Vemana,"[('ప', '|'), ('గ', '|'), ('లు', '|'), ('రే', 'U'), ('యి', '|'), ('మ', '|'), ('ర', '|'), ('చి', '|'), ('భా', 'U'), ('వం', 'U'), ('బు', '|'), ('లో', 'U'), ('ప', '|'), ('ల', '|'), ('దా', 'U'), ('ను', '|'), ('నే', 'U'), ('ను', '|'), ('న', '|'), ('నె', '|'), ('డు', '|'), ('త', '|'), ('ల', '|'), ('పు', '|'), ('మ', '|'), ('ఱ', '|'), ('చి', '|'), ('యు', 'U'), ('న్న', '|'), ('య', 'U'), ('ట్టి', '|'), ('య', '|'), ('త', '|'), ('డు', '|'), ('ను', 'U'), ('త్త', '|'), ('మ', '|'), ('యో', 'U'), ('గి', '|'), ('రా', 'U'), ('వి', 'U'), ('శ్వ', '|'), ('దా', 'U'), ('భి', '|'), ('రా', 'U'), ('మ', '|'), ('వి', '|'), ('న', '|'), ('ర', '|'), ('వే', 'U'), ('మ', '|')]",0.9166666666666666,-1.0,1.0,1.0,0.75,-1.0
aataveladi,"_x000D_
తన్ను వెదకిచూడఁ దానెపో జీవుండు
_x000D_
తత్వ మరసిచూడఁ దానె యాత్మ
_x000D_
మన్ను మిన్ను లేదు మాయరా లేదయా
_x000D_
విశ్వదాభిరామ వినర వేమ.",vupajaathi,Vemana,"[('త', 'U'), ('న్ను', '|'), ('వె', '|'), ('ద', '|'), ('కి', '|'), ('చూ', 'U'), ('డ', '|'), ('దా', 'U'), ('నె', '|'), ('పో', 'U'), ('జీ', 'U'), ('వుం', 'U'), ('డు', '|'), ('త', 'U'), ('త్వ', '|'), ('మ', '|'), ('ర', '|'), ('సి', '|'), ('చూ', 'U'), ('డ', '|'), ('దా', 'U'), ('నె', '|'), ('యా', 'U'), ('త్మ', '|'), ('మ', 'U'), ('న్ను', '|'), ('మి', 'U'), ('న్ను', '|'), ('లే', 'U'), ('దు', '|'), ('మా', 'U'), ('య', '|'), ('రా', 'U'), ('లే', 'U'), ('ద', '|'), ('యా', 'U'), ('వి', 'U'), ('శ్వ', '|'), ('దా', 'U'), ('భి', '|'), ('రా', 'U'), ('మ', '|'), ('వి', '|'), ('న', '|'), ('ర', '|'), ('వే', 'U'), ('మ', '|')]",1.0,-1.0,1.0,1.0,1.0,-1.0
aataveladi,"_x000D_
మూలచక్ర మట్టె మొనసి గట్టిఁగ బట్టి
_x000D_
శోధఁజేసి శక్తి చొరవ దెలిసి
_x000D_
భేదపరచి మనసు బాధించి మోక్షము
_x000D_
సాధ్యమైన యోగి సరణి వేమా.",vupajaathi,Vemana,"[('మూ', 'U'), ('ల', '|'), ('చ', '|'), ('క్ర', '|'), ('మ', 'U'), ('ట్టె', '|'), ('మొ', '|'), ('న', '|'), ('సి', '|'), ('గ', 'U'), ('ట్టి', '|'), ('గ', '|'), ('బ', 'U'), ('ట్టి', '|'), ('శో', 'U'), ('ధ', '|'), ('జే', 'U'), ('సి', '|'), ('శ', 'U'), ('క్తి', '|'), ('చొ', '|'), ('ర', '|'), ('వ', '|'), ('దె', '|'), ('లి', '|'), ('సి', '|'), ('భే', 'U'), ('ద', '|'), ('ప', '|'), ('ర', '|'), ('చి', '|'), ('మ', '|'), ('న', '|'), ('సు', '|'), ('బా', 'U'), ('ధిం', 'U'), ('చి', '|'), ('మో', 'U'), ('క్ష', '|'), ('ము', '|'), ('సా', 'U'), ('ధ్య', '|'), ('మై', 'U'), ('న', '|'), ('యో', 'U'), ('గి', '|'), ('స', '|'), ('ర', '|'), ('ణి', '|'), ('వే', 'U'), ('మా', 'U')]",0.5333333333333333,-1.0,1.0,0.6,0.0,-1.0
seesamu,"_x000D_
నేమమునను నుండ నిల్చును చిత్తంబు - తామసమున నుండ దలఁగిపోవు
_x000D_
నిలిచిన చిత్తము నిర్భీతి నొందించు - నిర్భీతి సఖ్యంబు నీరసించు
_x000D_
సఖ్యదూరగుణము సమమును బొందించు - సమగుణమునఁ జూడ సమతపుట్టు
_x000D_
నట్టి సమత విశ్వమంతయుఁ దానగుఁ - దానె విశ్వంబయిన తత్వమగును",vupajaathi,Vemana,"[('నే', 'U'), ('మ', '|'), ('ము', '|'), ('న', '|'), ('ను', '|'), ('నుం', 'U'), ('డ', '|'), ('ని', 'U'), ('ల్చు', '|'), ('ను', '|'), ('చి', 'U'), ('త్తం', 'U'), ('బు', '|'), ('తా', 'U'), ('మ', '|'), ('స', '|'), ('ము', '|'), ('న', '|'), ('నుం', 'U'), ('డ', '|'), ('ద', '|'), ('ల', '|'), ('గి', '|'), ('పో', 'U'), ('వు', '|'), ('ని', '|'), ('లి', '|'), ('చి', '|'), ('న', '|'), ('చి', 'U'), ('త్త', '|'), ('ము', '|'), ('ని', 'U'), ('ర్భీ', 'U'), ('తి', '|'), ('నొం', 'U'), ('దిం', 'U'), ('చు', '|'), ('ని', 'U'), ('ర్భీ', 'U'), ('తి', '|'), ('స', 'U'), ('ఖ్యం', 'U'), ('బు', '|'), ('నీ', 'U'), ('ర', '|'), ('సిం', 'U'), ('చు', '|'), ('స', 'U'), ('ఖ్య', '|'), ('దూ', 'U'), ('ర', '|'), ('గు', '|'), ('ణ', '|'), ('ము', '|'), ('స', '|'), ('మ', '|'), ('ము', '|'), ('ను', '|'), ('బొం', 'U'), ('దిం', 'U'), ('చు', '|'), ('స', '|'), ('మ', '|'), ('గు', '|'), ('ణ', '|'), ('ము', '|'), ('న', '|'), ('జూ', 'U'), ('డ', '|'), ('స', '|'), ('మ', '|'), ('త', '|'), ('పు', 'U'), ('ట్టు', '|'), ('న', 'U'), ('ట్టి', '|'), ('స', '|'), ('మ', '|'), ('త', '|'), ('వి', 'U'), ('శ్వ', '|'), ('మం', 'U'), ('త', '|'), ('యు', '|'), ('దా', 'U'), ('న', '|'), ('గు', '|'), ('దా', 'U'), ('నె', '|'), ('వి', 'U'), ('శ్వం', 'U'), ('బ', '|'), ('యి', '|'), ('న', '|'), ('త', 'U'), ('త్వ', '|'), ('మ', '|'), ('గు', '|'), ('ను', '|')]",0.90625,-1.0,1.0,0.96875,0.75,-1.0
teytageethi,"తత్వ మింద్రియముల దరిఁజూచి గెలుచును
దత్వవేత్తయైనఁ దానె మిగిలి
రాజయోగి యనుచుఁ దేజంబుచేతను
దెలిసియుండు జగతి వినర వేమ.",vupajaathi,Vemana,"[('త', 'U'), ('త్వ', '|'), ('మిం', 'U'), ('ద్రి', '|'), ('య', '|'), ('ము', '|'), ('ల', '|'), ('ద', '|'), ('రి', '|'), ('జూ', 'U'), ('చి', '|'), ('గె', '|'), ('లు', '|'), ('చు', '|'), ('ను', '|'), ('ద', 'U'), ('త్వ', '|'), ('వే', 'U'), ('త్త', '|'), ('యై', 'U'), ('న', '|'), ('దా', 'U'), ('నె', '|'), ('మి', '|'), ('గి', '|'), ('లి', '|'), ('రా', 'U'), ('జ', '|'), ('యో', 'U'), ('గి', '|'), ('య', '|'), ('ను', '|'), ('చు', '|'), ('దే', 'U'), ('జం', 'U'), ('బు', '|'), ('చే', 'U'), ('త', '|'), ('ను', '|'), ('దె', '|'), ('లి', '|'), ('సి', '|'), ('యుం', 'U'), ('డు', '|'), ('జ', '|'), ('గ', '|'), ('తి', '|'), ('వి', '|'), ('న', '|'), ('ర', '|'), ('వే', 'U'), ('మ', '|')]",0.5499999999999999,-1.0,1.0,0.65,0.0,-1.0
aataveladi,"_x000D_
మాటచెఱపు మూట మర్మము కర్మము
_x000D_
ఆశయ కడగట్టు అప్పుముప్పు
_x000D_
బాస దోస మెన్నఁ బలుకులు ములుకులు
_x000D_
లేశమయినఁ దెలియలేరు వేమా.",vupajaathi,Vemana,"[('మా', 'U'), ('ట', '|'), ('చె', '|'), ('ఱ', '|'), ('పు', '|'), ('మూ', 'U'), ('ట', '|'), ('మ', 'U'), ('ర్మ', '|'), ('ము', '|'), ('క', 'U'), ('ర్మ', '|'), ('ము', '|'), ('ఆ', 'U'), ('శ', '|'), ('య', '|'), ('క', '|'), ('డ', '|'), ('గ', 'U'), ('ట్టు', '|'), ('అ', 'U'), ('ప్పు', '|'), ('ము', 'U'), ('ప్పు', '|'), ('బా', 'U'), ('స', '|'), ('దో', 'U'), ('స', '|'), ('మె', 'U'), ('న్న', '|'), ('బ', '|'), ('లు', '|'), ('కు', '|'), ('లు', '|'), ('ము', '|'), ('లు', '|'), ('కు', '|'), ('లు', '|'), ('లే', 'U'), ('శ', '|'), ('మ', '|'), ('యి', '|'), ('న', '|'), ('దె', '|'), ('లి', '|'), ('య', '|'), ('లే', 'U'), ('రు', '|'), ('వే', 'U'), ('మా', 'U')]",0.9833333333333334,-1.0,1.0,0.95,1.0,-1.0
kandamu,"_x000D_
తొమ్మిది క్రంతపత్తికి
_x000D_
నిమ్మగు సొమ్ములును గులము నేటికిఁ జెపుమా
_x000D_
నమ్మకు దేహము నాదని
_x000D_
నెమ్మది బ్రహ్మంబు దెలియునే నని వేమా.",jaathi,Vemana,"[('తొ', 'U'), ('మ్మి', '|'), ('ది', '|'), ('క్రం', 'U'), ('త', '|'), ('ప', 'U'), ('త్తి', '|'), ('కి', '|'), ('ని', 'U'), ('మ్మ', '|'), ('గు', '|'), ('సొ', 'U'), ('మ్ము', '|'), ('లు', '|'), ('ను', '|'), ('గు', '|'), ('ల', '|'), ('ము', '|'), ('నే', 'U'), ('టి', '|'), ('కి', '|'), ('జె', '|'), ('పు', '|'), ('మా', 'U'), ('న', 'U'), ('మ్మ', '|'), ('కు', '|'), ('దే', 'U'), ('హ', '|'), ('ము', '|'), ('నా', 'U'), ('ద', '|'), ('ని', '|'), ('నె', 'U'), ('మ్మ', '|'), ('ది', '|'), ('బ్ర', 'U'), ('హ్మం', 'U'), ('బు', '|'), ('దె', '|'), ('లి', '|'), ('యు', '|'), ('నే', 'U'), ('న', '|'), ('ని', '|'), ('వే', 'U'), ('మా', 'U')]",0.484375,-1.0,1.0,0.4375,0.0,0.5
kandamu,"_x000D_
అరిషడ్వర్గంబులచే
_x000D_
నరులెల్లను జొక్కిచిక్కినయగతి యనుచు\న్‌
_x000D_
జరుగుదురు గాకతత్వము
_x000D_
నరయంగను లేరు నించుకైనను వేమా.",jaathi,Vemana,"[('అ', '|'), ('రి', '|'), ('ష', 'U'), ('డ్వ', 'U'), ('ర్గం', 'U'), ('బు', '|'), ('ల', '|'), ('చే', 'U'), ('న', '|'), ('రు', '|'), ('లె', 'U'), ('ల్ల', '|'), ('ను', '|'), ('జొ', 'U'), ('క్కి', '|'), ('చి', 'U'), ('క్కి', '|'), ('న', '|'), ('య', '|'), ('గ', '|'), ('తి', '|'), ('య', '|'), ('ను', '|'), ('చున్', 'U'), ('జ', '|'), ('రు', '|'), ('గు', '|'), ('దు', '|'), ('రు', '|'), ('గా', 'U'), ('క', '|'), ('త', 'U'), ('త్వ', '|'), ('ము', '|'), ('న', '|'), ('ర', '|'), ('యం', 'U'), ('గ', '|'), ('ను', '|'), ('లే', 'U'), ('రు', '|'), ('నిం', 'U'), ('చు', '|'), ('కై', 'U'), ('న', '|'), ('ను', '|'), ('వే', 'U'), ('మా', 'U')]",0.875,-1.0,1.0,1.0,0.5,1.0
aataveladi,"_x000D_
మ్రానుఁ గాలవేసి మహిమీఁద నొకజాణ
_x000D_
పూని తిరుగుచుండుఁ బొందుగాను
_x000D_
కాలవేయు మ్రాను కడురమ్యమైయుండు
_x000D_
విశ్వదాభిరామ వినర వేమ.",vupajaathi,Vemana,"[('మ్రా', 'U'), ('ను', '|'), ('గా', 'U'), ('ల', '|'), ('వే', 'U'), ('సి', '|'), ('మ', '|'), ('హి', '|'), ('మీ', 'U'), ('ద', '|'), ('నొ', '|'), ('క', '|'), ('జా', 'U'), ('ణ', '|'), ('పూ', 'U'), ('ని', '|'), ('తి', '|'), ('రు', '|'), ('గు', '|'), ('చుం', 'U'), ('డు', '|'), ('బొం', 'U'), ('దు', '|'), ('గా', 'U'), ('ను', '|'), ('కా', 'U'), ('ల', '|'), ('వే', 'U'), ('యు', '|'), ('మ్రా', 'U'), ('ను', '|'), ('క', '|'), ('డు', '|'), ('ర', 'U'), ('మ్య', '|'), ('మై', 'U'), ('యుం', 'U'), ('డు', '|'), ('వి', 'U'), ('శ్వ', '|'), ('దా', 'U'), ('భి', '|'), ('రా', 'U'), ('మ', '|'), ('వి', '|'), ('న', '|'), ('ర', '|'), ('వే', 'U'), ('మ', '|')]",1.0,-1.0,1.0,1.0,1.0,-1.0
kandamu,"_x000D_
బయలున బంధము గప్పను
_x000D_
బయలునఁ బరమాత్మునకును బంధము తొలఁగు\న్‌
_x000D_
బయలున బంధము లూడిన
_x000D_
నయవర్తన ముక్తిఁగాంచు నరుఁడటు వేమా.",jaathi,Vemana,"[('బ', '|'), ('య', '|'), ('లు', '|'), ('న', '|'), ('బం', 'U'), ('ధ', '|'), ('ము', '|'), ('గ', 'U'), ('ప్ప', '|'), ('ను', '|'), ('బ', '|'), ('య', '|'), ('లు', '|'), ('న', '|'), ('బ', '|'), ('ర', '|'), ('మా', 'U'), ('త్ము', '|'), ('న', '|'), ('కు', '|'), ('ను', '|'), ('బం', 'U'), ('ధ', '|'), ('ము', '|'), ('తొ', '|'), ('ల', '|'), ('గున్', 'U'), ('బ', '|'), ('య', '|'), ('లు', '|'), ('న', '|'), ('బం', 'U'), ('ధ', '|'), ('ము', '|'), ('లూ', 'U'), ('డి', '|'), ('న', '|'), ('న', '|'), ('య', '|'), ('వ', 'U'), ('ర్త', '|'), ('న', '|'), ('ము', 'U'), ('క్తి', '|'), ('గాం', 'U'), ('చు', '|'), ('న', '|'), ('రు', '|'), ('డ', '|'), ('టు', '|'), ('వే', 'U'), ('మా', 'U')]",1.0,-1.0,1.0,1.0,1.0,1.0
mattebhamu,"_x000D_
ఎప్పుడు చూచిన న్నితర మేమియుఁ జూడక ముక్తి యందుఁగ\న్‌
_x000D_
ఱెప్పల మూసి మూయకయ రేయిఁ బగ ళ్ళొకరీతి నుండఁగా
_x000D_
దప్పుల నొందఁ జేయు యమ ధర్ముని పాలికినొంద నేర్చునే
_x000D_
చెప్పఁగ నేమి వేమనకు జెల్లునుముక్తి విధానమంతయున్‌.",vruttamu,Vemana,"[('ఎ', 'U'), ('ప్పు', '|'), ('డు', '|'), ('చూ', 'U'), ('చి', '|'), ('న', 'U'), ('న్ని', '|'), ('త', '|'), ('ర', '|'), ('మే', 'U'), ('మి', '|'), ('యు', '|'), ('జూ', 'U'), ('డ', '|'), ('క', '|'), ('ము', 'U'), ('క్తి', '|'), ('యం', 'U'), ('దు', '|'), ('గన్', 'U'), ('ఱె', 'U'), ('ప్ప', '|'), ('ల', '|'), ('మూ', 'U'), ('సి', '|'), ('మూ', 'U'), ('య', '|'), ('క', '|'), ('య', '|'), ('రే', 'U'), ('యి', '|'), ('బ', '|'), ('గ', 'U'), ('ళ్ళొ', '|'), ('క', '|'), ('రీ', 'U'), ('తి', '|'), ('నుం', 'U'), ('డ', '|'), ('గా', 'U'), ('ద', 'U'), ('ప్పు', '|'), ('ల', '|'), ('నొం', 'U'), ('ద', '|'), ('జే', 'U'), ('యు', '|'), ('య', '|'), ('మ', '|'), ('ధ', 'U'), ('ర్ము', '|'), ('ని', '|'), ('పా', 'U'), ('లి', '|'), ('కి', '|'), ('నొం', 'U'), ('ద', '|'), ('నే', 'U'), ('ర్చు', '|'), ('నే', 'U'), ('చె', 'U'), ('ప్ప', '|'), ('గ', '|'), ('నే', 'U'), ('మి', '|'), ('వే', 'U'), ('మ', '|'), ('న', '|'), ('కు', '|'), ('జె', 'U'), ('ల్లు', '|'), ('ను', '|'), ('ము', 'U'), ('క్తి', '|'), ('వి', '|'), ('ధా', 'U'), ('న', '|'), ('మం', 'U'), ('త', '|'), ('యున్', 'U')]",0.6285714285714286,1.0,1.0,0.1428571428571428,0.0,1.0
aataveladi,"_x000D_
మాట లుడుగకున్న మంత్రంబు దొరకదు
_x000D_
మంత్ర ముడుగకున్న మనసు నిలదు
_x000D_
మనసు నిలుపకున్న మఱి ముక్తి లేదయా
_x000D_
విశ్వదాభిరామ వినర వేమ.",vupajaathi,Vemana,"[('మా', 'U'), ('ట', '|'), ('లు', '|'), ('డు', '|'), ('గ', '|'), ('కు', 'U'), ('న్న', '|'), ('మం', 'U'), ('త్రం', 'U'), ('బు', '|'), ('దొ', '|'), ('ర', '|'), ('క', '|'), ('దు', '|'), ('మం', 'U'), ('త్ర', '|'), ('ము', '|'), ('డు', '|'), ('గ', '|'), ('కు', 'U'), ('న్న', '|'), ('మ', '|'), ('న', '|'), ('సు', '|'), ('ని', '|'), ('ల', '|'), ('దు', '|'), ('మ', '|'), ('న', '|'), ('సు', '|'), ('ని', '|'), ('లు', '|'), ('ప', '|'), ('కు', 'U'), ('న్న', '|'), ('మ', '|'), ('ఱి', '|'), ('ము', 'U'), ('క్తి', '|'), ('లే', 'U'), ('ద', '|'), ('యా', 'U'), ('వి', 'U'), ('శ్వ', '|'), ('దా', 'U'), ('భి', '|'), ('రా', 'U'), ('మ', '|'), ('వి', '|'), ('న', '|'), ('ర', '|'), ('వే', 'U'), ('మ', '|')]",1.0,-1.0,1.0,1.0,1.0,-1.0
aataveladi,"_x000D_
ఎండచీఁకటులకు నిమ్మయియుండెడు
_x000D_
నిండు కుండలోన నిద్రమఱచి
_x000D_
దండియైన పరమతత్వంబు దెలియురా
_x000D_
విశ్వదాభిరామ వినర వేమ.",vupajaathi,Vemana,"[('ఎం', 'U'), ('డ', '|'), ('చీ', 'U'), ('క', '|'), ('టు', '|'), ('ల', '|'), ('కు', '|'), ('ని', 'U'), ('మ్మ', '|'), ('యి', '|'), ('యుం', 'U'), ('డె', '|'), ('డు', '|'), ('నిం', 'U'), ('డు', '|'), ('కుం', 'U'), ('డ', '|'), ('లో', 'U'), ('న', '|'), ('ని', '|'), ('ద్ర', '|'), ('మ', '|'), ('ఱ', '|'), ('చి', '|'), ('దం', 'U'), ('డి', '|'), ('యై', 'U'), ('న', '|'), ('ప', '|'), ('ర', '|'), ('మ', '|'), ('త', 'U'), ('త్వం', 'U'), ('బు', '|'), ('దె', '|'), ('లి', '|'), ('యు', '|'), ('రా', 'U'), ('వి', 'U'), ('శ్వ', '|'), ('దా', 'U'), ('భి', '|'), ('రా', 'U'), ('మ', '|'), ('వి', '|'), ('న', '|'), ('ర', '|'), ('వే', 'U'), ('మ', '|')]",0.7333333333333334,-1.0,1.0,0.7,0.5,-1.0
teytageethi,"_x000D_
కడఁగి సంకల్పములనెల్లఁ గట్టిపెట్టి
_x000D_
చిత్తమున నేమి తలఁపక చిత్రరూపు
_x000D_
కైవడిని నున్న యాతఁడు ఘనుఁడు దలఁప
_x000D_
నడవియందైనఁ బట్టణమందు వేమా.",vupajaathi,Vemana,"[('క', '|'), ('డ', '|'), ('గి', '|'), ('సం', 'U'), ('క', 'U'), ('ల్ప', '|'), ('ము', '|'), ('ల', '|'), ('నె', 'U'), ('ల్ల', '|'), ('గ', 'U'), ('ట్టి', '|'), ('పె', 'U'), ('ట్టి', '|'), ('చి', 'U'), ('త్త', '|'), ('ము', '|'), ('న', '|'), ('నే', 'U'), ('మి', '|'), ('త', '|'), ('ల', '|'), ('ప', '|'), ('క', '|'), ('చి', '|'), ('త్ర', '|'), ('రూ', 'U'), ('పు', '|'), ('కై', 'U'), ('వ', '|'), ('డి', '|'), ('ని', '|'), ('ను', 'U'), ('న్న', '|'), ('యా', 'U'), ('త', '|'), ('డు', '|'), ('ఘ', '|'), ('ను', '|'), ('డు', '|'), ('ద', '|'), ('ల', '|'), ('ప', '|'), ('న', '|'), ('డ', '|'), ('వి', '|'), ('యం', 'U'), ('దై', 'U'), ('న', '|'), ('బ', 'U'), ('ట్ట', '|'), ('ణ', '|'), ('మం', 'U'), ('దు', '|'), ('వే', 'U'), ('మా', 'U')]",0.7166666666666667,-1.0,1.0,0.65,0.5,-1.0
kandamu,"_x000D_
రెప్పలు మూసియు మూయఁగఁ
_x000D_
దప్పక తనమనమునందుఁ దత్వము గూడున్‌
_x000D_
ఎప్పుడు చూచెడువానికిఁ
_x000D_
జొప్పెడు నెచ్చోట ముక్తి సులభము వేమా.",jaathi,Vemana,"[('రె', 'U'), ('ప్ప', '|'), ('లు', '|'), ('మూ', 'U'), ('సి', '|'), ('యు', '|'), ('మూ', 'U'), ('య', '|'), ('గ', '|'), ('ద', 'U'), ('ప్ప', '|'), ('క', '|'), ('త', '|'), ('న', '|'), ('మ', '|'), ('న', '|'), ('ము', '|'), ('నం', 'U'), ('దు', '|'), ('ద', 'U'), ('త్వ', '|'), ('ము', '|'), ('గూ', 'U'), ('డున్', 'U'), ('ఎ', 'U'), ('ప్పు', '|'), ('డు', '|'), ('చూ', 'U'), ('చె', '|'), ('డు', '|'), ('వా', 'U'), ('ని', '|'), ('కి', '|'), ('జొ', 'U'), ('ప్పె', '|'), ('డు', '|'), ('నె', 'U'), ('చ్చో', 'U'), ('ట', '|'), ('ము', 'U'), ('క్తి', '|'), ('సు', '|'), ('ల', '|'), ('భ', '|'), ('ము', '|'), ('వే', 'U'), ('మా', 'U')]",1.0,-1.0,1.0,1.0,1.0,1.0
kandamu,"_x000D_
తలఁచిన దత్వంబగునా
_x000D_
తలఁపక తా నూరకున్నఁ దత్వంబగునా
_x000D_
తలఁచుట తలఁపమి రెండును
_x000D_
దలఁపక తానుండెనేని దత్వము వేమా.",jaathi,Vemana,"[('త', '|'), ('ల', '|'), ('చి', '|'), ('న', '|'), ('ద', 'U'), ('త్వం', 'U'), ('బ', '|'), ('గు', '|'), ('నా', 'U'), ('త', '|'), ('ల', '|'), ('ప', '|'), ('క', '|'), ('తా', 'U'), ('నూ', 'U'), ('ర', '|'), ('కు', 'U'), ('న్న', '|'), ('ద', 'U'), ('త్వం', 'U'), ('బ', '|'), ('గు', '|'), ('నా', 'U'), ('త', '|'), ('ల', '|'), ('చు', '|'), ('ట', '|'), ('త', '|'), ('ల', '|'), ('ప', '|'), ('మి', '|'), ('రెం', 'U'), ('డు', '|'), ('ను', '|'), ('ద', '|'), ('ల', '|'), ('ప', '|'), ('క', '|'), ('తా', 'U'), ('నుం', 'U'), ('డె', '|'), ('నే', 'U'), ('ని', '|'), ('ద', 'U'), ('త్వ', '|'), ('ము', '|'), ('వే', 'U'), ('మా', 'U')]",1.0,-1.0,1.0,1.0,1.0,1.0
aataveladi,"_x000D_
ఆఱుమతములందు నధికమైన మతము
_x000D_
లింగమతముకన్న లేదు జగతి
_x000D_
లింగధారికన్న దొంగలు లేరురా
_x000D_
విశ్వదాభిరామ వినర వేమ.",vupajaathi,Vemana,"[('ఆ', 'U'), ('ఱు', '|'), ('మ', '|'), ('త', '|'), ('ము', '|'), ('లం', 'U'), ('దు', '|'), ('న', '|'), ('ధి', '|'), ('క', '|'), ('మై', 'U'), ('న', '|'), ('మ', '|'), ('త', '|'), ('ము', '|'), ('లిం', 'U'), ('గ', '|'), ('మ', '|'), ('త', '|'), ('ము', '|'), ('క', 'U'), ('న్న', '|'), ('లే', 'U'), ('దు', '|'), ('జ', '|'), ('గ', '|'), ('తి', '|'), ('లిం', 'U'), ('గ', '|'), ('ధా', 'U'), ('రి', '|'), ('క', 'U'), ('న్న', '|'), ('దొం', 'U'), ('గ', '|'), ('లు', '|'), ('లే', 'U'), ('రు', '|'), ('రా', 'U'), ('వి', 'U'), ('శ్వ', '|'), ('దా', 'U'), ('భి', '|'), ('రా', 'U'), ('మ', '|'), ('వి', '|'), ('న', '|'), ('ర', '|'), ('వే', 'U'), ('మ', '|')]",0.9166666666666666,-1.0,1.0,1.0,0.75,-1.0
aataveladi,"_x000D_
సమమునైన దృష్టి సమముగా మదినిల్పి
_x000D_
బయలురుచులు మాని భద్రముగను
_x000D_
పరగఁజూడ బట్టబయలగు బ్రహ్మంబు
_x000D_
విశ్వదాభిరామ వినర వేమ.",vupajaathi,Vemana,"[('స', '|'), ('మ', '|'), ('ము', '|'), ('నై', 'U'), ('న', '|'), ('దృ', 'U'), ('ష్టి', '|'), ('స', '|'), ('మ', '|'), ('ము', '|'), ('గా', 'U'), ('మ', '|'), ('ది', '|'), ('ని', 'U'), ('ల్పి', '|'), ('బ', '|'), ('య', '|'), ('లు', '|'), ('రు', '|'), ('చు', '|'), ('లు', '|'), ('మా', 'U'), ('ని', '|'), ('భ', '|'), ('ద్ర', '|'), ('ము', '|'), ('గ', '|'), ('ను', '|'), ('ప', '|'), ('ర', '|'), ('గ', '|'), ('జూ', 'U'), ('డ', '|'), ('బ', 'U'), ('ట్ట', '|'), ('బ', '|'), ('య', '|'), ('ల', '|'), ('గు', '|'), ('బ్ర', 'U'), ('హ్మం', 'U'), ('బు', '|'), ('వి', 'U'), ('శ్వ', '|'), ('దా', 'U'), ('భి', '|'), ('రా', 'U'), ('మ', '|'), ('వి', '|'), ('న', '|'), ('ర', '|'), ('వే', 'U'), ('మ', '|')]",0.7333333333333334,-1.0,1.0,0.7,0.5,-1.0
aataveladi,"_x000D_
వినరననక మెల్ల వెలిమూసి వాయువుల్‌
_x000D_
మనసుతోడఁ గూర్చి మర్మ మెఱిఁగి
_x000D_
యాత్మలింగపూజ నంటిన ముక్తిరా
_x000D_
విశ్వదాభిరామ వినర వేమ.",vupajaathi,Vemana,"[('వి', '|'), ('న', '|'), ('ర', '|'), ('న', '|'), ('న', '|'), ('క', '|'), ('మె', 'U'), ('ల్ల', '|'), ('వె', '|'), ('లి', '|'), ('మూ', 'U'), ('సి', '|'), ('వా', 'U'), ('యు', '|'), ('వుల్', 'U'), ('మ', '|'), ('న', '|'), ('సు', '|'), ('తో', 'U'), ('డ', '|'), ('గూ', 'U'), ('ర్చి', '|'), ('మ', 'U'), ('ర్మ', '|'), ('మె', '|'), ('ఱి', '|'), ('గి', '|'), ('యా', 'U'), ('త్మ', '|'), ('లిం', 'U'), ('గ', '|'), ('పూ', 'U'), ('జ', '|'), ('నం', 'U'), ('టి', '|'), ('న', '|'), ('ము', 'U'), ('క్తి', '|'), ('రా', 'U'), ('వి', 'U'), ('శ్వ', '|'), ('దా', 'U'), ('భి', '|'), ('రా', 'U'), ('మ', '|'), ('వి', '|'), ('న', '|'), ('ర', '|'), ('వే', 'U'), ('మ', '|')]",0.9166666666666666,-1.0,1.0,1.0,0.75,-1.0
aataveladi,"_x000D_
నాసికంబునడుమ ననుఁజూచు యోగికి
_x000D_
వాసి వన్నె లేదు వసుధలోన
_x000D_
కాశినాథునైనఁ గనఁగలఁ డాయోగి
_x000D_
విశ్వదాభిరామ వినర వేమ.",vupajaathi,Vemana,"[('నా', 'U'), ('సి', '|'), ('కం', 'U'), ('బు', '|'), ('న', '|'), ('డు', '|'), ('మ', '|'), ('న', '|'), ('ను', '|'), ('జూ', 'U'), ('చు', '|'), ('యో', 'U'), ('గి', '|'), ('కి', '|'), ('వా', 'U'), ('సి', '|'), ('వ', 'U'), ('న్నె', '|'), ('లే', 'U'), ('దు', '|'), ('వ', '|'), ('సు', '|'), ('ధ', '|'), ('లో', 'U'), ('న', '|'), ('కా', 'U'), ('శి', '|'), ('నా', 'U'), ('థు', '|'), ('నై', 'U'), ('న', '|'), ('గ', '|'), ('న', '|'), ('గ', '|'), ('ల', '|'), ('డా', 'U'), ('యో', 'U'), ('గి', '|'), ('వి', 'U'), ('శ్వ', '|'), ('దా', 'U'), ('భి', '|'), ('రా', 'U'), ('మ', '|'), ('వి', '|'), ('న', '|'), ('ర', '|'), ('వే', 'U'), ('మ', '|')]",1.0,-1.0,1.0,1.0,1.0,-1.0
aataveladi,"_x000D_
సూచికాగ్రదృష్టి సొరిది భ్రూమద్యము
_x000D_
జూచి చూచి మఱియు చూచెనేని
_x000D_
ఆత్మరాకపోక లప్పుడె తెలియురా
_x000D_
విశ్వదాభిరామ వినర వేమ.",vupajaathi,Vemana,"[('సూ', 'U'), ('చి', '|'), ('కా', 'U'), ('గ్ర', '|'), ('దృ', 'U'), ('ష్టి', '|'), ('సొ', '|'), ('రి', '|'), ('ది', '|'), ('భ్రూ', 'U'), ('మ', 'U'), ('ద్య', '|'), ('ము', '|'), ('జూ', 'U'), ('చి', '|'), ('చూ', 'U'), ('చి', '|'), ('మ', '|'), ('ఱి', '|'), ('యు', '|'), ('చూ', 'U'), ('చె', '|'), ('నే', 'U'), ('ని', '|'), ('ఆ', 'U'), ('త్మ', '|'), ('రా', 'U'), ('క', '|'), ('పో', 'U'), ('క', '|'), ('ల', 'U'), ('ప్పు', '|'), ('డె', '|'), ('తె', '|'), ('లి', '|'), ('యు', '|'), ('రా', 'U'), ('వి', 'U'), ('శ్వ', '|'), ('దా', 'U'), ('భి', '|'), ('రా', 'U'), ('మ', '|'), ('వి', '|'), ('న', '|'), ('ర', '|'), ('వే', 'U'), ('మ', '|')]",0.9166666666666666,-1.0,1.0,1.0,0.75,-1.0
aataveladi,"_x000D_
నిద్రలోనినిద్ర నిజముగాఁ దెలిసిన
_x000D_
భద్రమౌను విద్య బ్రహ్మవిద్య
_x000D_
నిద్రదెలియువాఁడు నిర్మలయోగిరా
_x000D_
విశ్వదాభిరామ వినర వేమ.",vupajaathi,Vemana,"[('ని', '|'), ('ద్ర', '|'), ('లో', 'U'), ('ని', '|'), ('ని', '|'), ('ద్ర', '|'), ('ని', '|'), ('జ', '|'), ('ము', '|'), ('గా', 'U'), ('దె', '|'), ('లి', '|'), ('సి', '|'), ('న', '|'), ('భ', '|'), ('ద్ర', '|'), ('మౌ', 'U'), ('ను', '|'), ('వి', 'U'), ('ద్య', '|'), ('బ్ర', 'U'), ('హ్మ', '|'), ('వి', 'U'), ('ద్య', '|'), ('ని', '|'), ('ద్ర', '|'), ('దె', '|'), ('లి', '|'), ('యు', '|'), ('వా', 'U'), ('డు', '|'), ('ని', 'U'), ('ర్మ', '|'), ('ల', '|'), ('యో', 'U'), ('గి', '|'), ('రా', 'U'), ('వి', 'U'), ('శ్వ', '|'), ('దా', 'U'), ('భి', '|'), ('రా', 'U'), ('మ', '|'), ('వి', '|'), ('న', '|'), ('ర', '|'), ('వే', 'U'), ('మ', '|')]",0.5333333333333333,-1.0,1.0,0.6,0.0,-1.0
aataveladi,"_x000D_
ముక్కుతుదను దృష్టి ముదముతోడుత నిల్పి
_x000D_
హృదయమందుఁజూడ నొసగుముక్తి
_x000D_
పదవులెరుగకున్న పరమాత్మ యోగియౌ
_x000D_
విశ్వదాభిరామ వినర వేమ.",vupajaathi,Vemana,"[('ము', 'U'), ('క్కు', '|'), ('తు', '|'), ('ద', '|'), ('ను', '|'), ('దృ', 'U'), ('ష్టి', '|'), ('ము', '|'), ('ద', '|'), ('ము', '|'), ('తో', 'U'), ('డు', '|'), ('త', '|'), ('ని', 'U'), ('ల్పి', '|'), ('హృ', '|'), ('ద', '|'), ('య', '|'), ('మం', 'U'), ('దు', '|'), ('జూ', 'U'), ('డ', '|'), ('నొ', '|'), ('స', '|'), ('గు', '|'), ('ము', 'U'), ('క్తి', '|'), ('ప', '|'), ('ద', '|'), ('వు', '|'), ('లె', '|'), ('రు', '|'), ('గ', '|'), ('కు', 'U'), ('న్న', '|'), ('ప', '|'), ('ర', '|'), ('మా', 'U'), ('త్మ', '|'), ('యో', 'U'), ('గి', '|'), ('యౌ', 'U'), ('వి', 'U'), ('శ్వ', '|'), ('దా', 'U'), ('భి', '|'), ('రా', 'U'), ('మ', '|'), ('వి', '|'), ('న', '|'), ('ర', '|'), ('వే', 'U'), ('మ', '|')]",0.9166666666666666,-1.0,1.0,1.0,0.75,-1.0
aataveladi,"_x000D_
బయలులోని బయలు పరికించి చూడక
_x000D_
బయలు రూపుఁ జూచి వలచెఁగాక
_x000D_
ముఱికిదేహమందు మోహంబు విడదాయె
_x000D_
విశ్వదాభిరామ వినర వేమ.",vupajaathi,Vemana,"[('బ', '|'), ('య', '|'), ('లు', '|'), ('లో', 'U'), ('ని', '|'), ('బ', '|'), ('య', '|'), ('లు', '|'), ('ప', '|'), ('రి', '|'), ('కిం', 'U'), ('చి', '|'), ('చూ', 'U'), ('డ', '|'), ('క', '|'), ('బ', '|'), ('య', '|'), ('లు', '|'), ('రూ', 'U'), ('పు', '|'), ('జూ', 'U'), ('చి', '|'), ('వ', '|'), ('ల', '|'), ('చె', '|'), ('గా', 'U'), ('క', '|'), ('ము', '|'), ('ఱి', '|'), ('కి', '|'), ('దే', 'U'), ('హ', '|'), ('మం', 'U'), ('దు', '|'), ('మో', 'U'), ('హం', 'U'), ('బు', '|'), ('వి', '|'), ('డ', '|'), ('దా', 'U'), ('యె', '|'), ('వి', 'U'), ('శ్వ', '|'), ('దా', 'U'), ('భి', '|'), ('రా', 'U'), ('మ', '|'), ('వి', '|'), ('న', '|'), ('ర', '|'), ('వే', 'U'), ('మ', '|')]",0.9166666666666666,-1.0,1.0,1.0,0.75,-1.0
kandamu,"_x000D_
తలఁచినను శూన్యతత్వము
_x000D_
తలఁపక యుండినను శూన్యతత్వం బదియౌ
_x000D_
తలఁచిన తలఁపీడేఱును
_x000D_
దలఁచకయుండినను దానె తత్వము వేమా.",jaathi,Vemana,"[('త', '|'), ('ల', '|'), ('చి', '|'), ('న', '|'), ('ను', '|'), ('శూ', 'U'), ('న్య', '|'), ('త', 'U'), ('త్వ', '|'), ('ము', '|'), ('త', '|'), ('ల', '|'), ('ప', '|'), ('క', '|'), ('యుం', 'U'), ('డి', '|'), ('న', '|'), ('ను', '|'), ('శూ', 'U'), ('న్య', '|'), ('త', 'U'), ('త్వం', 'U'), ('బ', '|'), ('ది', '|'), ('యౌ', 'U'), ('త', '|'), ('ల', '|'), ('చి', '|'), ('న', '|'), ('త', '|'), ('ల', '|'), ('పీ', 'U'), ('డే', 'U'), ('ఱు', '|'), ('ను', '|'), ('ద', '|'), ('ల', '|'), ('చ', '|'), ('క', '|'), ('యుం', 'U'), ('డి', '|'), ('న', '|'), ('ను', '|'), ('దా', 'U'), ('నె', '|'), ('త', 'U'), ('త్వ', '|'), ('ము', '|'), ('వే', 'U'), ('మా', 'U')]",1.0,-1.0,1.0,1.0,1.0,1.0
aataveladi,"_x000D_
అంతరంగమందు నభవు నుద్దేశించి
_x000D_
నిల్పి చూడఁదలఁపు నిలుచుఁగాక
_x000D_
బాహ్యమందు శివుని భావింప నిలుచునా
_x000D_
విశ్వదాభిరామ వినర వేమ.",vupajaathi,Vemana,"[('అం', 'U'), ('త', '|'), ('రం', 'U'), ('గ', '|'), ('మం', 'U'), ('దు', '|'), ('న', '|'), ('భ', '|'), ('వు', '|'), ('ను', 'U'), ('ద్దే', 'U'), ('శిం', 'U'), ('చి', '|'), ('ని', 'U'), ('ల్పి', '|'), ('చూ', 'U'), ('డ', '|'), ('ద', '|'), ('ల', '|'), ('పు', '|'), ('ని', '|'), ('లు', '|'), ('చు', '|'), ('గా', 'U'), ('క', '|'), ('బా', 'U'), ('హ్య', '|'), ('మం', 'U'), ('దు', '|'), ('శి', '|'), ('వు', '|'), ('ని', '|'), ('భా', 'U'), ('విం', 'U'), ('ప', '|'), ('ని', '|'), ('లు', '|'), ('చు', '|'), ('నా', 'U'), ('వి', 'U'), ('శ్వ', '|'), ('దా', 'U'), ('భి', '|'), ('రా', 'U'), ('మ', '|'), ('వి', '|'), ('న', '|'), ('ర', '|'), ('వే', 'U'), ('మ', '|')]",0.9166666666666666,-1.0,1.0,1.0,0.75,-1.0
aataveladi,"_x000D_
ఆఱుగురిని జంపి హరిమీఁద ధ్యానంబు
_x000D_
నిలిపి నిశ్చలముగ నెగడి యాత్మ
_x000D_
నతని నొకనిఁ జేయ నాతఁడె యోగిరా
_x000D_
విశ్వదాభిరామ వినర వేమ.",vupajaathi,Vemana,"[('ఆ', 'U'), ('ఱు', '|'), ('గు', '|'), ('రి', '|'), ('ని', '|'), ('జం', 'U'), ('పి', '|'), ('హ', '|'), ('రి', '|'), ('మీ', 'U'), ('ద', 'U'), ('ధ్యా', 'U'), ('నం', 'U'), ('బు', '|'), ('ని', '|'), ('లి', '|'), ('పి', '|'), ('ని', 'U'), ('శ్చ', '|'), ('ల', '|'), ('ము', '|'), ('గ', '|'), ('నె', '|'), ('గ', '|'), ('డి', '|'), ('యా', 'U'), ('త్మ', '|'), ('న', '|'), ('త', '|'), ('ని', '|'), ('నొ', '|'), ('క', '|'), ('ని', '|'), ('జే', 'U'), ('య', '|'), ('నా', 'U'), ('త', '|'), ('డె', '|'), ('యో', 'U'), ('గి', '|'), ('రా', 'U'), ('వి', 'U'), ('శ్వ', '|'), ('దా', 'U'), ('భి', '|'), ('రా', 'U'), ('మ', '|'), ('వి', '|'), ('న', '|'), ('ర', '|'), ('వే', 'U'), ('మ', '|')]",0.9833333333333334,-1.0,1.0,0.95,1.0,-1.0
aataveladi,"_x000D_
తాను నేననియెడు తత్వభేదంబును
_x000D_
మాని కడువివేక మహిమఁ దనరి
_x000D_
యూరకున్నవాఁడు నుత్తమోత్తముఁడురా
_x000D_
విశ్వదాభిరామ వినర వేమ.",vupajaathi,Vemana,"[('తా', 'U'), ('ను', '|'), ('నే', 'U'), ('న', '|'), ('ని', '|'), ('యె', '|'), ('డు', '|'), ('త', 'U'), ('త్వ', '|'), ('భే', 'U'), ('దం', 'U'), ('బు', '|'), ('ను', '|'), ('మా', 'U'), ('ని', '|'), ('క', '|'), ('డు', '|'), ('వి', '|'), ('వే', 'U'), ('క', '|'), ('మ', '|'), ('హి', '|'), ('మ', '|'), ('ద', '|'), ('న', '|'), ('రి', '|'), ('యూ', 'U'), ('ర', '|'), ('కు', 'U'), ('న్న', '|'), ('వా', 'U'), ('డు', '|'), ('ను', 'U'), ('త్త', '|'), ('మో', 'U'), ('త్త', '|'), ('ము', '|'), ('డు', '|'), ('రా', 'U'), ('వి', 'U'), ('శ్వ', '|'), ('దా', 'U'), ('భి', '|'), ('రా', 'U'), ('మ', '|'), ('వి', '|'), ('న', '|'), ('ర', '|'), ('వే', 'U'), ('మ', '|')]",0.9166666666666666,-1.0,1.0,1.0,0.75,-1.0
kandamu,"_x000D_
తా నొకటి దెలియునన్నది
_x000D_
తానట్టిది లేక యెల్లతావులు దానై
_x000D_
తానేగి పరిణమించిన
_x000D_
మానవునకు ముక్తి గలదు మహిలో వేమా.",jaathi,Vemana,"[('తా', 'U'), ('నొ', '|'), ('క', '|'), ('టి', '|'), ('దె', '|'), ('లి', '|'), ('యు', '|'), ('న', 'U'), ('న్న', '|'), ('ది', '|'), ('తా', 'U'), ('న', 'U'), ('ట్టి', '|'), ('ది', '|'), ('లే', 'U'), ('క', '|'), ('యె', 'U'), ('ల్ల', '|'), ('తా', 'U'), ('వు', '|'), ('లు', '|'), ('దా', 'U'), ('నై', 'U'), ('తా', 'U'), ('నే', 'U'), ('గి', '|'), ('ప', '|'), ('రి', '|'), ('ణ', '|'), ('మిం', 'U'), ('చి', '|'), ('న', '|'), ('మా', 'U'), ('న', '|'), ('వు', '|'), ('న', '|'), ('కు', '|'), ('ము', 'U'), ('క్తి', '|'), ('గ', '|'), ('ల', '|'), ('దు', '|'), ('మ', '|'), ('హి', '|'), ('లో', 'U'), ('వే', 'U'), ('మా', 'U')]",1.0,-1.0,1.0,1.0,1.0,1.0
kandamu,"_x000D_
బైలున బంధము గలపక
_x000D_
వ్రాలెను పరమాత్మునకును వాంఛిత మొప్ప\న్‌
_x000D_
బైలున బంధము గలిపిన
_x000D_
కైలాసముఁజేరి ముక్తి గాంచుర వేమా.",jaathi,Vemana,"[('బై', 'U'), ('లు', '|'), ('న', '|'), ('బం', 'U'), ('ధ', '|'), ('ము', '|'), ('గ', '|'), ('ల', '|'), ('ప', '|'), ('క', '|'), ('వ్రా', 'U'), ('లె', '|'), ('ను', '|'), ('ప', '|'), ('ర', '|'), ('మా', 'U'), ('త్ము', '|'), ('న', '|'), ('కు', '|'), ('ను', '|'), ('వాం', 'U'), ('ఛి', '|'), ('త', '|'), ('మొ', 'U'), ('ప్పన్', 'U'), ('బై', 'U'), ('లు', '|'), ('న', '|'), ('బం', 'U'), ('ధ', '|'), ('ము', '|'), ('గ', '|'), ('లి', '|'), ('పి', '|'), ('న', '|'), ('కై', 'U'), ('లా', 'U'), ('స', '|'), ('ము', '|'), ('జే', 'U'), ('రి', '|'), ('ము', 'U'), ('క్తి', '|'), ('గాం', 'U'), ('చు', '|'), ('ర', '|'), ('వే', 'U'), ('మా', 'U')]",1.0,-1.0,1.0,1.0,1.0,1.0
aataveladi,"_x000D_
లోన బయలుచేసి లోకంబు దెగటార్చి
_x000D_
కులము గాలఁబెట్టి గుణము వదలి
_x000D_
చింతలోనిచింతఁ జేరిన యోగిరా
_x000D_
విశ్వదాభిరామ వినర వేమ.",vupajaathi,Vemana,"[('లో', 'U'), ('న', '|'), ('బ', '|'), ('య', '|'), ('లు', '|'), ('చే', 'U'), ('సి', '|'), ('లో', 'U'), ('కం', 'U'), ('బు', '|'), ('దె', '|'), ('గ', '|'), ('టా', 'U'), ('ర్చి', '|'), ('కు', '|'), ('ల', '|'), ('ము', '|'), ('గా', 'U'), ('ల', '|'), ('బె', 'U'), ('ట్టి', '|'), ('గు', '|'), ('ణ', '|'), ('ము', '|'), ('వ', '|'), ('ద', '|'), ('లి', '|'), ('చిం', 'U'), ('త', '|'), ('లో', 'U'), ('ని', '|'), ('చిం', 'U'), ('త', '|'), ('జే', 'U'), ('రి', '|'), ('న', '|'), ('యో', 'U'), ('గి', '|'), ('రా', 'U'), ('వి', 'U'), ('శ్వ', '|'), ('దా', 'U'), ('భి', '|'), ('రా', 'U'), ('మ', '|'), ('వి', '|'), ('న', '|'), ('ర', '|'), ('వే', 'U'), ('మ', '|')]",1.0,-1.0,1.0,1.0,1.0,-1.0
aataveladi,"_x000D_
రోయవచ్చుఁ బరము రూఢిగాఁ దెలిసిన
_x000D_
గానవచ్చు గ్రుడ్డు కదలకున్న
_x000D_
రెప్పలార్పకున్న రెంటి సందుననుండి
_x000D_
విశ్వదాభిరామ వినర వేమ.",vupajaathi,Vemana,"[('రో', 'U'), ('య', '|'), ('వ', 'U'), ('చ్చు', '|'), ('బ', '|'), ('ర', '|'), ('ము', '|'), ('రూ', 'U'), ('ఢి', '|'), ('గా', 'U'), ('దె', '|'), ('లి', '|'), ('సి', '|'), ('న', '|'), ('గా', 'U'), ('న', '|'), ('వ', 'U'), ('చ్చు', '|'), ('గ్రు', 'U'), ('డ్డు', '|'), ('క', '|'), ('ద', '|'), ('ల', '|'), ('కు', 'U'), ('న్న', '|'), ('రె', 'U'), ('ప్ప', '|'), ('లా', 'U'), ('ర్ప', '|'), ('కు', 'U'), ('న్న', '|'), ('రెం', 'U'), ('టి', '|'), ('సం', 'U'), ('దు', '|'), ('న', '|'), ('నుం', 'U'), ('డి', '|'), ('వి', 'U'), ('శ్వ', '|'), ('దా', 'U'), ('భి', '|'), ('రా', 'U'), ('మ', '|'), ('వి', '|'), ('న', '|'), ('ర', '|'), ('వే', 'U'), ('మ', '|')]",1.0,-1.0,1.0,1.0,1.0,-1.0
aataveladi,"_x000D_
కొంపలోన నున్న కోర్కెలు ఛేదించి
_x000D_
పరగ హృదయ మట్టె పదిలపఱచి
_x000D_
గృహము నిల్పువాఁడు బహుతత్త్వవేదిరా
_x000D_
విశ్వదాభిరామ వినర వేమ.",vupajaathi,Vemana,"[('కొం', 'U'), ('ప', '|'), ('లో', 'U'), ('న', '|'), ('ను', 'U'), ('న్న', '|'), ('కో', 'U'), ('ర్కె', '|'), ('లు', '|'), ('ఛే', 'U'), ('దిం', 'U'), ('చి', '|'), ('ప', '|'), ('ర', '|'), ('గ', '|'), ('హృ', '|'), ('ద', '|'), ('య', '|'), ('మ', 'U'), ('ట్టె', '|'), ('ప', '|'), ('ది', '|'), ('ల', '|'), ('ప', '|'), ('ఱ', '|'), ('చి', '|'), ('గృ', '|'), ('హ', '|'), ('ము', '|'), ('ని', 'U'), ('ల్పు', '|'), ('వా', 'U'), ('డు', '|'), ('బ', '|'), ('హు', '|'), ('త', 'U'), ('త్త్వ', '|'), ('వే', 'U'), ('ది', '|'), ('రా', 'U'), ('వి', 'U'), ('శ్వ', '|'), ('దా', 'U'), ('భి', '|'), ('రా', 'U'), ('మ', '|'), ('వి', '|'), ('న', '|'), ('ర', '|'), ('వే', 'U'), ('మ', '|')]",1.0,-1.0,1.0,1.0,1.0,-1.0
aataveladi,"_x000D_
దర్శనంబులందు ధర షణ్మతములందు
_x000D_
వర్ణకాశ్రమముల వదల కెపుడు
_x000D_
తిరుగుచున్నవాఁడు ధరలోన నధముండు
_x000D_
విశ్వదాభిరామ వినర వేమ.",vupajaathi,Vemana,"[('ద', 'U'), ('ర్శ', '|'), ('నం', 'U'), ('బు', '|'), ('లం', 'U'), ('దు', '|'), ('ధ', '|'), ('ర', '|'), ('ష', 'U'), ('ణ్మ', '|'), ('త', '|'), ('ము', '|'), ('లం', 'U'), ('దు', '|'), ('వ', 'U'), ('ర్ణ', '|'), ('కా', 'U'), ('శ్ర', '|'), ('మ', '|'), ('ము', '|'), ('ల', '|'), ('వ', '|'), ('ద', '|'), ('ల', '|'), ('కె', '|'), ('పు', '|'), ('డు', '|'), ('తి', '|'), ('రు', '|'), ('గు', '|'), ('చు', 'U'), ('న్న', '|'), ('వా', 'U'), ('డు', '|'), ('ధ', '|'), ('ర', '|'), ('లో', 'U'), ('న', '|'), ('న', '|'), ('ధ', '|'), ('ముం', 'U'), ('డు', '|'), ('వి', 'U'), ('శ్వ', '|'), ('దా', 'U'), ('భి', '|'), ('రా', 'U'), ('మ', '|'), ('వి', '|'), ('న', '|'), ('ర', '|'), ('వే', 'U'), ('మ', '|')]",1.0,-1.0,1.0,1.0,1.0,-1.0
kandamu,"_x000D_
అక్షరపుటడవిఁ బొరలక
_x000D_
యక్షరమగు మహిగాన నవనిం దొలుతౌ
_x000D_
నక్షరమును జపియించిన
_x000D_
నక్షరమగు నదియు చాల నరయఁగ వేమా.",jaathi,Vemana,"[('అ', 'U'), ('క్ష', '|'), ('ర', '|'), ('పు', '|'), ('ట', '|'), ('డ', '|'), ('వి', '|'), ('బొ', '|'), ('ర', '|'), ('ల', '|'), ('క', '|'), ('య', 'U'), ('క్ష', '|'), ('ర', '|'), ('మ', '|'), ('గు', '|'), ('మ', '|'), ('హి', '|'), ('గా', 'U'), ('న', '|'), ('న', '|'), ('వ', '|'), ('నిం', 'U'), ('దొ', '|'), ('లు', '|'), ('తౌ', 'U'), ('న', 'U'), ('క్ష', '|'), ('ర', '|'), ('ము', '|'), ('ను', '|'), ('జ', '|'), ('పి', '|'), ('యిం', 'U'), ('చి', '|'), ('న', '|'), ('న', 'U'), ('క్ష', '|'), ('ర', '|'), ('మ', '|'), ('గు', '|'), ('న', '|'), ('ది', '|'), ('యు', '|'), ('చా', 'U'), ('ల', '|'), ('న', '|'), ('ర', '|'), ('య', '|'), ('గ', '|'), ('వే', 'U'), ('మా', 'U')]",0.6875,-1.0,1.0,0.75,0.5,0.5
aataveladi,"_x000D_
బ్రహ్మ మనగవేఱె పరదేశమున లేదు
_x000D_
బ్రహ్మ మనగ దానె బట్టబయలు
_x000D_
తన్నుదా నెఱిఁగినఁ దానెపో బ్రహ్మంబు
_x000D_
విశ్వదాభిరామ వినర వేమ.",vupajaathi,Vemana,"[('బ్ర', 'U'), ('హ్మ', '|'), ('మ', '|'), ('న', '|'), ('గ', '|'), ('వే', 'U'), ('ఱె', '|'), ('ప', '|'), ('ర', '|'), ('దే', 'U'), ('శ', '|'), ('ము', '|'), ('న', '|'), ('లే', 'U'), ('దు', '|'), ('బ్ర', 'U'), ('హ్మ', '|'), ('మ', '|'), ('న', '|'), ('గ', '|'), ('దా', 'U'), ('నె', '|'), ('బ', 'U'), ('ట్ట', '|'), ('బ', '|'), ('య', '|'), ('లు', '|'), ('త', 'U'), ('న్ను', '|'), ('దా', 'U'), ('నె', '|'), ('ఱి', '|'), ('గి', '|'), ('న', '|'), ('దా', 'U'), ('నె', '|'), ('పో', 'U'), ('బ్ర', 'U'), ('హ్మం', 'U'), ('బు', '|'), ('వి', 'U'), ('శ్వ', '|'), ('దా', 'U'), ('భి', '|'), ('రా', 'U'), ('మ', '|'), ('వి', '|'), ('న', '|'), ('ర', '|'), ('వే', 'U'), ('మ', '|')]",1.0,-1.0,1.0,1.0,1.0,-1.0
aataveladi,"_x000D_
అణువులోన నుండు నఖిలజగంబులు
_x000D_
నణువు తనదులోన నణఁగియుండు
_x000D_
మనసు నిల్ప నరుఁడు మఱిముక్తిఁ జేరురా
_x000D_
విశ్వదాభిరామ వినర వేమ.",vupajaathi,Vemana,"[('అ', '|'), ('ణు', '|'), ('వు', '|'), ('లో', 'U'), ('న', '|'), ('నుం', 'U'), ('డు', '|'), ('న', '|'), ('ఖి', '|'), ('ల', '|'), ('జ', '|'), ('గం', 'U'), ('బు', '|'), ('లు', '|'), ('న', '|'), ('ణు', '|'), ('వు', '|'), ('త', '|'), ('న', '|'), ('దు', '|'), ('లో', 'U'), ('న', '|'), ('న', '|'), ('ణ', '|'), ('గి', '|'), ('యుం', 'U'), ('డు', '|'), ('మ', '|'), ('న', '|'), ('సు', '|'), ('ని', 'U'), ('ల్ప', '|'), ('న', '|'), ('రు', '|'), ('డు', '|'), ('మ', '|'), ('ఱి', '|'), ('ము', 'U'), ('క్తి', '|'), ('జే', 'U'), ('రు', '|'), ('రా', 'U'), ('వి', 'U'), ('శ్వ', '|'), ('దా', 'U'), ('భి', '|'), ('రా', 'U'), ('మ', '|'), ('వి', '|'), ('న', '|'), ('ర', '|'), ('వే', 'U'), ('మ', '|')]",0.9166666666666666,-1.0,1.0,1.0,0.75,-1.0
aataveladi,"_x000D_
వెన్న చేతఁబట్టి వివరంబు దెలియక
_x000D_
ఘృతముఁ గోరునట్టి యతనిభంగి
_x000D_
తాను దైవమయ్యు దైవంబుఁ దలఁచును
_x000D_
విశ్వదాభిరామ వినర వేమ.",vupajaathi,Vemana,"[('వె', 'U'), ('న్న', '|'), ('చే', 'U'), ('త', '|'), ('బ', 'U'), ('ట్టి', '|'), ('వి', '|'), ('వ', '|'), ('రం', 'U'), ('బు', '|'), ('దె', '|'), ('లి', '|'), ('య', '|'), ('క', '|'), ('ఘృ', '|'), ('త', '|'), ('ము', '|'), ('గో', 'U'), ('రు', '|'), ('న', 'U'), ('ట్టి', '|'), ('య', '|'), ('త', '|'), ('ని', '|'), ('భం', 'U'), ('గి', '|'), ('తా', 'U'), ('ను', '|'), ('దై', 'U'), ('వ', '|'), ('మ', 'U'), ('య్యు', '|'), ('దై', 'U'), ('వం', 'U'), ('బు', '|'), ('ద', '|'), ('ల', '|'), ('చు', '|'), ('ను', '|'), ('వి', 'U'), ('శ్వ', '|'), ('దా', 'U'), ('భి', '|'), ('రా', 'U'), ('మ', '|'), ('వి', '|'), ('న', '|'), ('ర', '|'), ('వే', 'U'), ('మ', '|')]",1.0,-1.0,1.0,1.0,1.0,-1.0
aataveladi,"_x000D_
అదిఁజూచుచుండ నన్నిటఁ దా నుండు
_x000D_
నాదిఁ జూప నొకని కలవిగాదు
_x000D_
ఆదిముక్తిఁ దెలుపు నాత్మనే యుండురా
_x000D_
విశ్వదాభిరామ వినర వేమ.",vupajaathi,Vemana,"[('అ', '|'), ('ది', '|'), ('జూ', 'U'), ('చు', '|'), ('చుం', 'U'), ('డ', '|'), ('న', 'U'), ('న్ని', '|'), ('ట', '|'), ('దా', 'U'), ('నుం', 'U'), ('డు', '|'), ('నా', 'U'), ('ది', '|'), ('జూ', 'U'), ('ప', '|'), ('నొ', '|'), ('క', '|'), ('ని', '|'), ('క', '|'), ('ల', '|'), ('వి', '|'), ('గా', 'U'), ('దు', '|'), ('ఆ', 'U'), ('ది', '|'), ('ము', 'U'), ('క్తి', '|'), ('దె', '|'), ('లు', '|'), ('పు', '|'), ('నా', 'U'), ('త్మ', '|'), ('నే', 'U'), ('యుం', 'U'), ('డు', '|'), ('రా', 'U'), ('వి', 'U'), ('శ్వ', '|'), ('దా', 'U'), ('భి', '|'), ('రా', 'U'), ('మ', '|'), ('వి', '|'), ('న', '|'), ('ర', '|'), ('వే', 'U'), ('మ', '|')]",0.6,-1.0,1.0,0.55,0.25,-1.0
aataveladi,"_x000D_
తన్నెఱుఁగనివాఁడు తానె తానై యుండుఁ
_x000D_
దన్నెఱుంగువాఁడు తానె తాను
_x000D_
తనువులేనివాఁడు తానె తానౌనయా
_x000D_
విశ్వదాభిరామ వినర వేమ.",vupajaathi,Vemana,"[('త', 'U'), ('న్నె', '|'), ('ఱు', '|'), ('గ', '|'), ('ని', '|'), ('వా', 'U'), ('డు', '|'), ('తా', 'U'), ('నె', '|'), ('తా', 'U'), ('నై', 'U'), ('యుం', 'U'), ('డు', '|'), ('ద', 'U'), ('న్నె', '|'), ('ఱుం', 'U'), ('గు', '|'), ('వా', 'U'), ('డు', '|'), ('తా', 'U'), ('నె', '|'), ('తా', 'U'), ('ను', '|'), ('త', '|'), ('ను', '|'), ('వు', '|'), ('లే', 'U'), ('ని', '|'), ('వా', 'U'), ('డు', '|'), ('తా', 'U'), ('నె', '|'), ('తా', 'U'), ('నౌ', 'U'), ('న', '|'), ('యా', 'U'), ('వి', 'U'), ('శ్వ', '|'), ('దా', 'U'), ('భి', '|'), ('రా', 'U'), ('మ', '|'), ('వి', '|'), ('న', '|'), ('ర', '|'), ('వే', 'U'), ('మ', '|')]",1.0,-1.0,1.0,1.0,1.0,-1.0
kandamu,"_x000D_
తానును సమస్తభువనము
_x000D_
లోనసువుల యంగఁదెలిసి లోనను వెలయు\న్‌
_x000D_
దానై వెలుఁగఁగ నేర్చిన
_x000D_
మానవునకు ముక్తి గలుగు మహిలో వేమా.",jaathi,Vemana,"[('తా', 'U'), ('ను', '|'), ('ను', '|'), ('స', '|'), ('మ', 'U'), ('స్త', '|'), ('భు', '|'), ('వ', '|'), ('న', '|'), ('ము', '|'), ('లో', 'U'), ('న', '|'), ('సు', '|'), ('వు', '|'), ('ల', '|'), ('యం', 'U'), ('గ', '|'), ('దె', '|'), ('లి', '|'), ('సి', '|'), ('లో', 'U'), ('న', '|'), ('ను', '|'), ('వె', '|'), ('ల', '|'), ('యున్', 'U'), ('దా', 'U'), ('నై', 'U'), ('వె', '|'), ('లు', '|'), ('గ', '|'), ('గ', '|'), ('నే', 'U'), ('ర్చి', '|'), ('న', '|'), ('మా', 'U'), ('న', '|'), ('వు', '|'), ('న', '|'), ('కు', '|'), ('ము', 'U'), ('క్తి', '|'), ('గ', '|'), ('లు', '|'), ('గు', '|'), ('మ', '|'), ('హి', '|'), ('లో', 'U'), ('వే', 'U'), ('మా', 'U')]",1.0,-1.0,1.0,1.0,1.0,1.0
kandamu,"_x000D_
బయలున సర్వము పుట్టును
_x000D_
బయలందే లీనమగును బ్రహ్మం బనఁగా
_x000D_
బయలని మదిలోఁ దెలిసిన
_x000D_
బయలందే ముక్తి బట్టబయలగు వేమ.",jaathi,Vemana,"[('బ', '|'), ('య', '|'), ('లు', '|'), ('న', '|'), ('స', 'U'), ('ర్వ', '|'), ('ము', '|'), ('పు', 'U'), ('ట్టు', '|'), ('ను', '|'), ('బ', '|'), ('య', '|'), ('లం', 'U'), ('దే', 'U'), ('లీ', 'U'), ('న', '|'), ('మ', '|'), ('గు', '|'), ('ను', '|'), ('బ్ర', 'U'), ('హ్మం', 'U'), ('బ', '|'), ('న', '|'), ('గా', 'U'), ('బ', '|'), ('య', '|'), ('ల', '|'), ('ని', '|'), ('మ', '|'), ('ది', '|'), ('లో', 'U'), ('దె', '|'), ('లి', '|'), ('సి', '|'), ('న', '|'), ('బ', '|'), ('య', '|'), ('లం', 'U'), ('దే', 'U'), ('ము', 'U'), ('క్తి', '|'), ('బ', 'U'), ('ట్ట', '|'), ('బ', '|'), ('య', '|'), ('ల', '|'), ('గు', '|'), ('వే', 'U'), ('మ', '|')]",0.984375,-1.0,1.0,0.9375,1.0,1.0
aataveladi,"_x000D_
బయలు రూపు రూపు బయలునుగాఁ జేసి
_x000D_
బయలు రూపు బట్టబయలు చేసి
_x000D_
బయలులోనివాని భావింపఁ దత్వంబు
_x000D_
విశ్వదాభిరామ వినర వేమ.",vupajaathi,Vemana,"[('బ', '|'), ('య', '|'), ('లు', '|'), ('రూ', 'U'), ('పు', '|'), ('రూ', 'U'), ('పు', '|'), ('బ', '|'), ('య', '|'), ('లు', '|'), ('ను', '|'), ('గా', 'U'), ('జే', 'U'), ('సి', '|'), ('బ', '|'), ('య', '|'), ('లు', '|'), ('రూ', 'U'), ('పు', '|'), ('బ', 'U'), ('ట్ట', '|'), ('బ', '|'), ('య', '|'), ('లు', '|'), ('చే', 'U'), ('సి', '|'), ('బ', '|'), ('య', '|'), ('లు', '|'), ('లో', 'U'), ('ని', '|'), ('వా', 'U'), ('ని', '|'), ('భా', 'U'), ('విం', 'U'), ('ప', '|'), ('ద', 'U'), ('త్వం', 'U'), ('బు', '|'), ('వి', 'U'), ('శ్వ', '|'), ('దా', 'U'), ('భి', '|'), ('రా', 'U'), ('మ', '|'), ('వి', '|'), ('న', '|'), ('ర', '|'), ('వే', 'U'), ('మ', '|')]",1.0,-1.0,1.0,1.0,1.0,-1.0
aataveladi,"_x000D_
కంటిలోనివానిఁ గఱకంఠుఁ డెఱుఁగును
_x000D_
గంటిలోనివాని మింటఁ జూడ
_x000D_
కన్నుమిన్ను హృదయంబాయె నెంచంగ
_x000D_
విశ్వదాభిరామ వినర వేమ.",vupajaathi,Vemana,"[('కం', 'U'), ('టి', '|'), ('లో', 'U'), ('ని', '|'), ('వా', 'U'), ('ని', '|'), ('గ', '|'), ('ఱ', '|'), ('కం', 'U'), ('ఠు', '|'), ('డె', '|'), ('ఱు', '|'), ('గు', '|'), ('ను', '|'), ('గం', 'U'), ('టి', '|'), ('లో', 'U'), ('ని', '|'), ('వా', 'U'), ('ని', '|'), ('మిం', 'U'), ('ట', '|'), ('జూ', 'U'), ('డ', '|'), ('క', 'U'), ('న్ను', '|'), ('మి', 'U'), ('న్ను', '|'), ('హృ', '|'), ('ద', '|'), ('యం', 'U'), ('బా', 'U'), ('యె', '|'), ('నెం', 'U'), ('చం', 'U'), ('గ', '|'), ('వి', 'U'), ('శ్వ', '|'), ('దా', 'U'), ('భి', '|'), ('రా', 'U'), ('మ', '|'), ('వి', '|'), ('న', '|'), ('ర', '|'), ('వే', 'U'), ('మ', '|')]",0.7833333333333333,-1.0,1.0,0.85,0.5,-1.0
aataveladi,"_x000D_
నిజము వరుస నెఱిఁగి నిత్యుండు గావలె
_x000D_
పలుకులోనిపలుకు పదిలపఱపు
_x000D_
పలుకుఁజూడ నెవరొ పరికించి చూడరా
_x000D_
విశ్వదాభిరామ వినర వేమ.",vupajaathi,Vemana,"[('ని', '|'), ('జ', '|'), ('ము', '|'), ('వ', '|'), ('రు', '|'), ('స', '|'), ('నె', '|'), ('ఱి', '|'), ('గి', '|'), ('ని', 'U'), ('త్యుం', 'U'), ('డు', '|'), ('గా', 'U'), ('వ', '|'), ('లె', '|'), ('ప', '|'), ('లు', '|'), ('కు', '|'), ('లో', 'U'), ('ని', '|'), ('ప', '|'), ('లు', '|'), ('కు', '|'), ('ప', '|'), ('ది', '|'), ('ల', '|'), ('ప', '|'), ('ఱ', '|'), ('పు', '|'), ('ప', '|'), ('లు', '|'), ('కు', '|'), ('జూ', 'U'), ('డ', '|'), ('నె', '|'), ('వ', '|'), ('రొ', '|'), ('ప', '|'), ('రి', '|'), ('కిం', 'U'), ('చి', '|'), ('చూ', 'U'), ('డ', '|'), ('రా', 'U'), ('వి', 'U'), ('శ్వ', '|'), ('దా', 'U'), ('భి', '|'), ('రా', 'U'), ('మ', '|'), ('వి', '|'), ('న', '|'), ('ర', '|'), ('వే', 'U'), ('మ', '|')]",1.0,-1.0,1.0,1.0,1.0,-1.0
aataveladi,"_x000D_
పంచవర్ణు నెఱుఁగఁ బరము నెఱుంగును
_x000D_
పరము నెఱుగ నిచ్ఛ ప్రజ్వరిల్లు
_x000D_
ప్రజ్వరిల్లునాఁడు పరముతా నౌనయా
_x000D_
విశ్వదాభిరామ వినర వేమ.",vupajaathi,Vemana,"[('పం', 'U'), ('చ', '|'), ('వ', 'U'), ('ర్ణు', '|'), ('నె', '|'), ('ఱు', '|'), ('గ', '|'), ('బ', '|'), ('ర', '|'), ('ము', '|'), ('నె', '|'), ('ఱుం', 'U'), ('గు', '|'), ('ను', '|'), ('ప', '|'), ('ర', '|'), ('ము', '|'), ('నె', '|'), ('ఱు', '|'), ('గ', '|'), ('ని', 'U'), ('చ్ఛ', '|'), ('ప్ర', 'U'), ('జ్వ', '|'), ('రి', 'U'), ('ల్లు', '|'), ('ప్ర', 'U'), ('జ్వ', '|'), ('రి', 'U'), ('ల్లు', '|'), ('నా', 'U'), ('డు', '|'), ('ప', '|'), ('ర', '|'), ('ము', '|'), ('తా', 'U'), ('నౌ', 'U'), ('న', '|'), ('యా', 'U'), ('వి', 'U'), ('శ్వ', '|'), ('దా', 'U'), ('భి', '|'), ('రా', 'U'), ('మ', '|'), ('వి', '|'), ('న', '|'), ('ర', '|'), ('వే', 'U'), ('మ', '|')]",1.0,-1.0,1.0,1.0,1.0,-1.0
aataveladi,"_x000D_
ఇహము విడువ ఫలము లింపుగఁ గలవని
_x000D_
మహిని బలుకువారి మాటకల్ల
_x000D_
యిహములోనఁ బరము నెరుఁగుట కానరో
_x000D_
విశ్వదాభిరామ వినర వేమ.",vupajaathi,Vemana,"[('ఇ', '|'), ('హ', '|'), ('ము', '|'), ('వి', '|'), ('డు', '|'), ('వ', '|'), ('ఫ', '|'), ('ల', '|'), ('ము', '|'), ('లిం', 'U'), ('పు', '|'), ('గ', '|'), ('గ', '|'), ('ల', '|'), ('వ', '|'), ('ని', '|'), ('మ', '|'), ('హి', '|'), ('ని', '|'), ('బ', '|'), ('లు', '|'), ('కు', '|'), ('వా', 'U'), ('రి', '|'), ('మా', 'U'), ('ట', '|'), ('క', 'U'), ('ల్ల', '|'), ('యి', '|'), ('హ', '|'), ('ము', '|'), ('లో', 'U'), ('న', '|'), ('బ', '|'), ('ర', '|'), ('ము', '|'), ('నె', '|'), ('రు', '|'), ('గు', '|'), ('ట', '|'), ('కా', 'U'), ('న', '|'), ('రో', 'U'), ('వి', 'U'), ('శ్వ', '|'), ('దా', 'U'), ('భి', '|'), ('రా', 'U'), ('మ', '|'), ('వి', '|'), ('న', '|'), ('ర', '|'), ('వే', 'U'), ('మ', '|')]",0.8333333333333334,-1.0,1.0,1.0,0.5,-1.0
aataveladi,"_x000D_
లింగమందుచూడ లీనమై యుండెనా
_x000D_
యంగమందు లింగ మమరియుండు
_x000D_
లింగభావమెఱిఁగి లీనమై యుండరు
_x000D_
విశ్వదాభిరామ వినర వేమ.",vupajaathi,Vemana,"[('లిం', 'U'), ('గ', '|'), ('మం', 'U'), ('దు', '|'), ('చూ', 'U'), ('డ', '|'), ('లీ', 'U'), ('న', '|'), ('మై', 'U'), ('యుం', 'U'), ('డె', '|'), ('నా', 'U'), ('యం', 'U'), ('గ', '|'), ('మం', 'U'), ('దు', '|'), ('లిం', 'U'), ('గ', '|'), ('మ', '|'), ('మ', '|'), ('రి', '|'), ('యుం', 'U'), ('డు', '|'), ('లిం', 'U'), ('గ', '|'), ('భా', 'U'), ('వ', '|'), ('మె', '|'), ('ఱి', '|'), ('గి', '|'), ('లీ', 'U'), ('న', '|'), ('మై', 'U'), ('యుం', 'U'), ('డ', '|'), ('రు', '|'), ('వి', 'U'), ('శ్వ', '|'), ('దా', 'U'), ('భి', '|'), ('రా', 'U'), ('మ', '|'), ('వి', '|'), ('న', '|'), ('ర', '|'), ('వే', 'U'), ('మ', '|')]",0.9166666666666666,-1.0,1.0,1.0,0.75,-1.0
aataveladi,"_x000D_
మూఁడులోకములను మొనసి యొక్కటిఁజేసి
_x000D_
యారులోకములను నట్లగూర్చి
_x000D_
స్థిరముగాను నుండు శివమూర్తి గురుఁడయా
_x000D_
విశ్వదాభిరామ వినర వేమ.",vupajaathi,Vemana,"[('మూ', 'U'), ('డు', '|'), ('లో', 'U'), ('క', '|'), ('ము', '|'), ('ల', '|'), ('ను', '|'), ('మొ', '|'), ('న', '|'), ('సి', '|'), ('యొ', 'U'), ('క్క', '|'), ('టి', '|'), ('జే', 'U'), ('సి', '|'), ('యా', 'U'), ('రు', '|'), ('లో', 'U'), ('క', '|'), ('ము', '|'), ('ల', '|'), ('ను', '|'), ('న', 'U'), ('ట్ల', '|'), ('గూ', 'U'), ('ర్చి', 'U'), ('స్థి', '|'), ('ర', '|'), ('ము', '|'), ('గా', 'U'), ('ను', '|'), ('నుం', 'U'), ('డు', '|'), ('శి', '|'), ('వ', '|'), ('మూ', 'U'), ('ర్తి', '|'), ('గు', '|'), ('రు', '|'), ('డ', '|'), ('యా', 'U'), ('వి', 'U'), ('శ్వ', '|'), ('దా', 'U'), ('భి', '|'), ('రా', 'U'), ('మ', '|'), ('వి', '|'), ('న', '|'), ('ర', '|'), ('వే', 'U'), ('మ', '|')]",0.6666666666666666,-1.0,1.0,0.75,0.25,-1.0
aataveladi,"_x000D_
ఆసనం బెఱుంగక యామర్మకర్మంబు
_x000D_
గురువుచేతఁ దెలిసి కూర్పకున్న
_x000D_
మనసు నిలుపకున్న మఱిద్విజుం డెట్లగు
_x000D_
విశ్వదాభిరామ వినర వేమ.",vupajaathi,Vemana,"[('ఆ', 'U'), ('స', '|'), ('నం', 'U'), ('బె', '|'), ('ఱుం', 'U'), ('గ', '|'), ('క', '|'), ('యా', 'U'), ('మ', 'U'), ('ర్మ', '|'), ('క', 'U'), ('ర్మం', 'U'), ('బు', '|'), ('గు', '|'), ('రు', '|'), ('వు', '|'), ('చే', 'U'), ('త', '|'), ('దె', '|'), ('లి', '|'), ('సి', '|'), ('కూ', 'U'), ('ర్ప', '|'), ('కు', 'U'), ('న్న', '|'), ('మ', '|'), ('న', '|'), ('సు', '|'), ('ని', '|'), ('లు', '|'), ('ప', '|'), ('కు', 'U'), ('న్న', '|'), ('మ', '|'), ('ఱి', 'U'), ('ద్వి', '|'), ('జుం', 'U'), ('డె', 'U'), ('ట్ల', '|'), ('గు', '|'), ('వి', 'U'), ('శ్వ', '|'), ('దా', 'U'), ('భి', '|'), ('రా', 'U'), ('మ', '|'), ('వి', '|'), ('న', '|'), ('ర', '|'), ('వే', 'U'), ('మ', '|')]",0.8833333333333333,-1.0,1.0,0.9,0.75,-1.0
aataveladi,"_x000D_
బ్రహ్మగ్రుడ్డు మేను ప్రాణమన్నది గాలి
_x000D_
కనులు చంద్రరవులు గారవింప
_x000D_
నింతకంటె బ్రహ్మ మెక్కడనున్నది
_x000D_
విశ్వదాభిరామ వినర వేమ.",vupajaathi,Vemana,"[('బ్ర', 'U'), ('హ్మ', '|'), ('గ్రు', 'U'), ('డ్డు', '|'), ('మే', 'U'), ('ను', '|'), ('ప్రా', 'U'), ('ణ', '|'), ('మ', 'U'), ('న్న', '|'), ('ది', '|'), ('గా', 'U'), ('లి', '|'), ('క', '|'), ('ను', '|'), ('లు', '|'), ('చం', 'U'), ('ద్ర', '|'), ('ర', '|'), ('వు', '|'), ('లు', '|'), ('గా', 'U'), ('ర', '|'), ('విం', 'U'), ('ప', '|'), ('నిం', 'U'), ('త', '|'), ('కం', 'U'), ('టె', '|'), ('బ్ర', 'U'), ('హ్మ', '|'), ('మె', 'U'), ('క్క', '|'), ('డ', '|'), ('ను', 'U'), ('న్న', '|'), ('ది', '|'), ('వి', 'U'), ('శ్వ', '|'), ('దా', 'U'), ('భి', '|'), ('రా', 'U'), ('మ', '|'), ('వి', '|'), ('న', '|'), ('ర', '|'), ('వే', 'U'), ('మ', '|')]",0.9166666666666666,-1.0,1.0,1.0,0.75,-1.0
aataveladi,"_x000D_
వాయువందె పుట్టి వాయువందె పెఱిగి
_x000D_
వాయువందు మేలు వరుసఁ దెలియ
_x000D_
వాయువందు ప్రాణవాయువు తత్వంబు
_x000D_
విశ్వదాభిరామ వినర వేమ.",vupajaathi,Vemana,"[('వా', 'U'), ('యు', '|'), ('వం', 'U'), ('దె', '|'), ('పు', 'U'), ('ట్టి', '|'), ('వా', 'U'), ('యు', '|'), ('వం', 'U'), ('దె', '|'), ('పె', '|'), ('ఱి', '|'), ('గి', '|'), ('వా', 'U'), ('యు', '|'), ('వం', 'U'), ('దు', '|'), ('మే', 'U'), ('లు', '|'), ('వ', '|'), ('రు', '|'), ('స', '|'), ('దె', '|'), ('లి', '|'), ('య', '|'), ('వా', 'U'), ('యు', '|'), ('వం', 'U'), ('దు', '|'), ('ప్రా', 'U'), ('ణ', '|'), ('వా', 'U'), ('యు', '|'), ('వు', '|'), ('త', 'U'), ('త్వం', 'U'), ('బు', '|'), ('వి', 'U'), ('శ్వ', '|'), ('దా', 'U'), ('భి', '|'), ('రా', 'U'), ('మ', '|'), ('వి', '|'), ('న', '|'), ('ర', '|'), ('వే', 'U'), ('మ', '|')]",1.0,-1.0,1.0,1.0,1.0,-1.0
aataveladi,"_x000D_
దానములలో నన్నదానము దొడ్డది
_x000D_
గానములను సామగాన మెచ్చు
_x000D_
ధ్యానములను శివునిధ్యానము శ్రేష్ఠము
_x000D_
విశ్వదాభిరామ వినర వేమ.",vupajaathi,Vemana,"[('దా', 'U'), ('న', '|'), ('ము', '|'), ('ల', '|'), ('లో', 'U'), ('న', 'U'), ('న్న', '|'), ('దా', 'U'), ('న', '|'), ('ము', '|'), ('దొ', 'U'), ('డ్డ', '|'), ('ది', '|'), ('గా', 'U'), ('న', '|'), ('ము', '|'), ('ల', '|'), ('ను', '|'), ('సా', 'U'), ('మ', '|'), ('గా', 'U'), ('న', '|'), ('మె', 'U'), ('చ్చు', 'U'), ('ధ్యా', 'U'), ('న', '|'), ('ము', '|'), ('ల', '|'), ('ను', '|'), ('శి', '|'), ('వు', '|'), ('ని', 'U'), ('ధ్యా', 'U'), ('న', '|'), ('ము', '|'), ('శ్రే', 'U'), ('ష్ఠ', '|'), ('ము', '|'), ('వి', 'U'), ('శ్వ', '|'), ('దా', 'U'), ('భి', '|'), ('రా', 'U'), ('మ', '|'), ('వి', '|'), ('న', '|'), ('ర', '|'), ('వే', 'U'), ('మ', '|')]",0.7166666666666667,-1.0,1.0,0.65,0.5,-1.0
aataveladi,"_x000D_
తలపులోని తలఁపు దలఁపోసి తెలియకా
_x000D_
తలఁపులెల్ల విడిచి తగినభంగి
_x000D_
తలఁపులోనితలఁపె తత్వంబు నాత్మరా
_x000D_
విశ్వదాభిరామ వినర వేమ.",vupajaathi,Vemana,"[('త', '|'), ('ల', '|'), ('పు', '|'), ('లో', 'U'), ('ని', '|'), ('త', '|'), ('ల', '|'), ('పు', '|'), ('ద', '|'), ('ల', '|'), ('పో', 'U'), ('సి', '|'), ('తె', '|'), ('లి', '|'), ('య', '|'), ('కా', 'U'), ('త', '|'), ('ల', '|'), ('పు', '|'), ('లె', 'U'), ('ల్ల', '|'), ('వి', '|'), ('డి', '|'), ('చి', '|'), ('త', '|'), ('గి', '|'), ('న', '|'), ('భం', 'U'), ('గి', '|'), ('త', '|'), ('ల', '|'), ('పు', '|'), ('లో', 'U'), ('ని', '|'), ('త', '|'), ('ల', '|'), ('పె', '|'), ('త', 'U'), ('త్వం', 'U'), ('బు', '|'), ('నా', 'U'), ('త్మ', '|'), ('రా', 'U'), ('వి', 'U'), ('శ్వ', '|'), ('దా', 'U'), ('భి', '|'), ('రా', 'U'), ('మ', '|'), ('వి', '|'), ('న', '|'), ('ర', '|'), ('వే', 'U'), ('మ', '|')]",1.0,-1.0,1.0,1.0,1.0,-1.0
aataveladi,"_x000D_
తాను సకలమైనఁ దనలోన సకలంబు
_x000D_
తనదులోని వెలుఁగు తానెఱింగి
_x000D_
యున్నమానవునకు నొనరంగ ముక్తిరా
_x000D_
విశ్వదాభిరామ వినర వేమ.",vupajaathi,Vemana,"[('తా', 'U'), ('ను', '|'), ('స', '|'), ('క', '|'), ('ల', '|'), ('మై', 'U'), ('న', '|'), ('ద', '|'), ('న', '|'), ('లో', 'U'), ('న', '|'), ('స', '|'), ('క', '|'), ('లం', 'U'), ('బు', '|'), ('త', '|'), ('న', '|'), ('దు', '|'), ('లో', 'U'), ('ని', '|'), ('వె', '|'), ('లు', '|'), ('గు', '|'), ('తా', 'U'), ('నె', '|'), ('ఱిం', 'U'), ('గి', '|'), ('యు', 'U'), ('న్న', '|'), ('మా', 'U'), ('న', '|'), ('వు', '|'), ('న', '|'), ('కు', '|'), ('నొ', '|'), ('న', '|'), ('రం', 'U'), ('గ', '|'), ('ము', 'U'), ('క్తి', '|'), ('రా', 'U'), ('వి', 'U'), ('శ్వ', '|'), ('దా', 'U'), ('భి', '|'), ('రా', 'U'), ('మ', '|'), ('వి', '|'), ('న', '|'), ('ర', '|'), ('వే', 'U'), ('మ', '|')]",0.9166666666666666,-1.0,1.0,1.0,0.75,-1.0
aataveladi,"_x000D_
సర్వ మొకటిఁ జూడ సమకూరును ధ్రువంబు
_x000D_
రెప్పవేయఁబోక రేయిఁబగలు
_x000D_
పగలులోని పగలు పరమాత్మ చూడరా
_x000D_
విశ్వదాభిరామ వినర వేమ.",vupajaathi,Vemana,"[('స', 'U'), ('ర్వ', '|'), ('మొ', '|'), ('క', '|'), ('టి', '|'), ('జూ', 'U'), ('డ', '|'), ('స', '|'), ('మ', '|'), ('కూ', 'U'), ('రు', '|'), ('ను', '|'), ('ధ్రు', '|'), ('వం', 'U'), ('బు', '|'), ('రె', 'U'), ('ప్ప', '|'), ('వే', 'U'), ('య', '|'), ('బో', 'U'), ('క', '|'), ('రే', 'U'), ('యి', '|'), ('బ', '|'), ('గ', '|'), ('లు', '|'), ('ప', '|'), ('గ', '|'), ('లు', '|'), ('లో', 'U'), ('ని', '|'), ('ప', '|'), ('గ', '|'), ('లు', '|'), ('ప', '|'), ('ర', '|'), ('మా', 'U'), ('త్మ', '|'), ('చూ', 'U'), ('డ', '|'), ('రా', 'U'), ('వి', 'U'), ('శ్వ', '|'), ('దా', 'U'), ('భి', '|'), ('రా', 'U'), ('మ', '|'), ('వి', '|'), ('న', '|'), ('ర', '|'), ('వే', 'U'), ('మ', '|')]",1.0,-1.0,1.0,1.0,1.0,-1.0
aataveladi,"_x000D_
రూపడఁగక జీవరూపంబుఁ గనరాదు
_x000D_
నట్టిరూప మడగ నలవిగాదు
_x000D_
బ్రహ్మ మడఁగకున్న బ్రహ్మంబుఁ గనఁరాదు
_x000D_
విశ్వదాభిరామ వినర వేమ.",vupajaathi,Vemana,"[('రూ', 'U'), ('ప', '|'), ('డ', '|'), ('గ', '|'), ('క', '|'), ('జీ', 'U'), ('వ', '|'), ('రూ', 'U'), ('పం', 'U'), ('బు', '|'), ('గ', '|'), ('న', '|'), ('రా', 'U'), ('దు', '|'), ('న', 'U'), ('ట్టి', '|'), ('రూ', 'U'), ('ప', '|'), ('మ', '|'), ('డ', '|'), ('గ', '|'), ('న', '|'), ('ల', '|'), ('వి', '|'), ('గా', 'U'), ('దు', '|'), ('బ్ర', 'U'), ('హ్మ', '|'), ('మ', '|'), ('డ', '|'), ('గ', '|'), ('కు', 'U'), ('న్న', '|'), ('బ్ర', 'U'), ('హ్మం', 'U'), ('బు', '|'), ('గ', '|'), ('న', '|'), ('రా', 'U'), ('దు', '|'), ('వి', 'U'), ('శ్వ', '|'), ('దా', 'U'), ('భి', '|'), ('రా', 'U'), ('మ', '|'), ('వి', '|'), ('న', '|'), ('ర', '|'), ('వే', 'U'), ('మ', '|')]",1.0,-1.0,1.0,1.0,1.0,-1.0
kandamu,"_x000D_
భయమంతయు దేహముదే
_x000D_
భయ ముడిగిన నిశ్చయంబు పరమాత్మునిదే
_x000D_
లయమంతయు దేహముదే
_x000D_
జయమంతయు జీవుఁడనుచుఁ జాటర వేమా.",jaathi,Vemana,"[('భ', '|'), ('య', '|'), ('మం', 'U'), ('త', '|'), ('యు', '|'), ('దే', 'U'), ('హ', '|'), ('ము', '|'), ('దే', 'U'), ('భ', '|'), ('య', '|'), ('ము', '|'), ('డి', '|'), ('గి', '|'), ('న', '|'), ('ని', 'U'), ('శ్చ', '|'), ('యం', 'U'), ('బు', '|'), ('ప', '|'), ('ర', '|'), ('మా', 'U'), ('త్ము', '|'), ('ని', '|'), ('దే', 'U'), ('ల', '|'), ('య', '|'), ('మం', 'U'), ('త', '|'), ('యు', '|'), ('దే', 'U'), ('హ', '|'), ('ము', '|'), ('దే', 'U'), ('జ', '|'), ('య', '|'), ('మం', 'U'), ('త', '|'), ('యు', '|'), ('జీ', 'U'), ('వు', '|'), ('డ', '|'), ('ను', '|'), ('చు', '|'), ('జా', 'U'), ('ట', '|'), ('ర', '|'), ('వే', 'U'), ('మా', 'U')]",1.0,-1.0,1.0,1.0,1.0,1.0
aataveladi,"_x000D_
ఏకమయినవర్ణ మెఱిఁగినయోగికిఁ
_x000D_
బరము నెఱిఁగిచూడ భావమొందు
_x000D_
నాకృతులును మఱియునన్నిటఁ దానౌను
_x000D_
విశ్వదాభిరామ వినర వేమ.",vupajaathi,Vemana,"[('ఏ', 'U'), ('క', '|'), ('మ', '|'), ('యి', '|'), ('న', '|'), ('వ', 'U'), ('ర్ణ', '|'), ('మె', '|'), ('ఱి', '|'), ('గి', '|'), ('న', '|'), ('యో', 'U'), ('గి', '|'), ('కి', '|'), ('బ', '|'), ('ర', '|'), ('ము', '|'), ('నె', '|'), ('ఱి', '|'), ('గి', '|'), ('చూ', 'U'), ('డ', '|'), ('భా', 'U'), ('వ', '|'), ('మొం', 'U'), ('దు', '|'), ('నా', 'U'), ('కృ', '|'), ('తు', '|'), ('లు', '|'), ('ను', '|'), ('మ', '|'), ('ఱి', '|'), ('యు', '|'), ('న', 'U'), ('న్ని', '|'), ('ట', '|'), ('దా', 'U'), ('నౌ', 'U'), ('ను', '|'), ('వి', 'U'), ('శ్వ', '|'), ('దా', 'U'), ('భి', '|'), ('రా', 'U'), ('మ', '|'), ('వి', '|'), ('న', '|'), ('ర', '|'), ('వే', 'U'), ('మ', '|')]",0.9166666666666666,-1.0,1.0,1.0,0.75,-1.0
kandamu,"_x000D_
తాను దప్పకుండ తనమనంబు నిల్పి
_x000D_
తావుఁ జేరునట్ల తంత్రపఱచి
_x000D_
తాను తావుఁ జేరి తావుఁదానేకమై
_x000D_
తాను దాన యగుచుఁడనరు వేమా.",jaathi,Vemana,"[('తా', 'U'), ('ను', '|'), ('ద', 'U'), ('ప్ప', '|'), ('కుం', 'U'), ('డ', '|'), ('త', '|'), ('న', '|'), ('మ', '|'), ('నం', 'U'), ('బు', '|'), ('ని', 'U'), ('ల్పి', '|'), ('తా', 'U'), ('వు', '|'), ('జే', 'U'), ('రు', '|'), ('న', 'U'), ('ట్ల', '|'), ('తం', 'U'), ('త్ర', '|'), ('ప', '|'), ('ఱ', '|'), ('చి', '|'), ('తా', 'U'), ('ను', '|'), ('తా', 'U'), ('వు', '|'), ('జే', 'U'), ('రి', '|'), ('తా', 'U'), ('వు', '|'), ('దా', 'U'), ('నే', 'U'), ('క', '|'), ('మై', 'U'), ('తా', 'U'), ('ను', '|'), ('దా', 'U'), ('న', '|'), ('య', '|'), ('గు', '|'), ('చు', '|'), ('డ', '|'), ('న', '|'), ('రు', '|'), ('వే', 'U'), ('మా', 'U')]",0.53125,-1.0,1.0,0.375,0.0,0.75
aataveladi,"_x000D_
భూమిలోనఁ బుట్టు భూభార మెల్లను
_x000D_
తనువులోనఁ బుట్టు దత్వమెల్ల
_x000D_
శ్రమములోనఁ బుట్టు సర్వంబుఁ దానౌను
_x000D_
విశ్వదాభిరామ వినర వేమ.",vupajaathi,Vemana,"[('భూ', 'U'), ('మి', '|'), ('లో', 'U'), ('న', '|'), ('బు', 'U'), ('ట్టు', '|'), ('భూ', 'U'), ('భా', 'U'), ('ర', '|'), ('మె', 'U'), ('ల్ల', '|'), ('ను', '|'), ('త', '|'), ('ను', '|'), ('వు', '|'), ('లో', 'U'), ('న', '|'), ('బు', 'U'), ('ట్టు', '|'), ('ద', 'U'), ('త్వ', '|'), ('మె', 'U'), ('ల్ల', '|'), ('శ్ర', '|'), ('మ', '|'), ('ము', '|'), ('లో', 'U'), ('న', '|'), ('బు', 'U'), ('ట్టు', '|'), ('స', 'U'), ('ర్వం', 'U'), ('బు', '|'), ('దా', 'U'), ('నౌ', 'U'), ('ను', '|'), ('వి', 'U'), ('శ్వ', '|'), ('దా', 'U'), ('భి', '|'), ('రా', 'U'), ('మ', '|'), ('వి', '|'), ('న', '|'), ('ర', '|'), ('వే', 'U'), ('మ', '|')]",1.0,-1.0,1.0,1.0,1.0,-1.0
aataveladi,"_x000D_
కాయముఁదగఁ గూడి కడఁగి యోగిగనున్న
_x000D_
కాయ ముండికాని ఘనుఁడు గాఁడు
_x000D_
కాయమునను ముక్తిగతి కేగవలెనయా
_x000D_
విశ్వదాభిరామ వినర వేమ.",vupajaathi,Vemana,"[('కా', 'U'), ('య', '|'), ('ము', '|'), ('ద', '|'), ('గ', '|'), ('గూ', 'U'), ('డి', '|'), ('క', '|'), ('డ', '|'), ('గి', '|'), ('యో', 'U'), ('గి', '|'), ('గ', '|'), ('ను', 'U'), ('న్న', '|'), ('కా', 'U'), ('య', '|'), ('ముం', 'U'), ('డి', '|'), ('కా', 'U'), ('ని', '|'), ('ఘ', '|'), ('ను', '|'), ('డు', '|'), ('గా', 'U'), ('డు', '|'), ('కా', 'U'), ('య', '|'), ('ము', '|'), ('న', '|'), ('ను', '|'), ('ము', 'U'), ('క్తి', '|'), ('గ', '|'), ('తి', '|'), ('కే', 'U'), ('గ', '|'), ('వ', '|'), ('లె', '|'), ('న', '|'), ('యా', 'U'), ('వి', 'U'), ('శ్వ', '|'), ('దా', 'U'), ('భి', '|'), ('రా', 'U'), ('మ', '|'), ('వి', '|'), ('న', '|'), ('ర', '|'), ('వే', 'U'), ('మ', '|')]",1.0,-1.0,1.0,1.0,1.0,-1.0
aataveladi,"_x000D_
ఆది నొకటి దెలిసియాదిని మదినిల్పి
_x000D_
యాదిఁబాయకున్న నభవుఁ డవును
_x000D_
ఆదిఁ బాయువాఁడు నంధకు రీతిరా
_x000D_
విశ్వదాభిరామ వినర వేమ.",vupajaathi,Vemana,"[('ఆ', 'U'), ('ది', '|'), ('నొ', '|'), ('క', '|'), ('టి', '|'), ('దె', '|'), ('లి', '|'), ('సి', '|'), ('యా', 'U'), ('ది', '|'), ('ని', '|'), ('మ', '|'), ('ది', '|'), ('ని', 'U'), ('ల్పి', '|'), ('యా', 'U'), ('ది', '|'), ('బా', 'U'), ('య', '|'), ('కు', 'U'), ('న్న', '|'), ('న', '|'), ('భ', '|'), ('వు', '|'), ('డ', '|'), ('వు', '|'), ('ను', '|'), ('ఆ', 'U'), ('ది', '|'), ('బా', 'U'), ('యు', '|'), ('వా', 'U'), ('డు', '|'), ('నం', 'U'), ('ధ', '|'), ('కు', '|'), ('రీ', 'U'), ('తి', '|'), ('రా', 'U'), ('వి', 'U'), ('శ్వ', '|'), ('దా', 'U'), ('భి', '|'), ('రా', 'U'), ('మ', '|'), ('వి', '|'), ('న', '|'), ('ర', '|'), ('వే', 'U'), ('మ', '|')]",0.8333333333333334,-1.0,1.0,1.0,0.5,-1.0
aataveladi,"_x000D_
అందు నిందుననక యన్నిటఁ బరికించి
_x000D_
విష్ణు వరయుచుండు విదితముగను
_x000D_
చక్రి తిరుగు భూమిచక్రంబులోపల
_x000D_
విశ్వదాభిరామ వినర వేమ.",vupajaathi,Vemana,"[('అం', 'U'), ('దు', '|'), ('నిం', 'U'), ('దు', '|'), ('న', '|'), ('న', '|'), ('క', '|'), ('య', 'U'), ('న్ని', '|'), ('ట', '|'), ('బ', '|'), ('రి', '|'), ('కిం', 'U'), ('చి', '|'), ('వి', 'U'), ('ష్ణు', '|'), ('వ', '|'), ('ర', '|'), ('యు', '|'), ('చుం', 'U'), ('డు', '|'), ('వి', '|'), ('ది', '|'), ('త', '|'), ('ము', '|'), ('గ', '|'), ('ను', '|'), ('చ', '|'), ('క్రి', '|'), ('తి', '|'), ('రు', '|'), ('గు', '|'), ('భూ', 'U'), ('మి', '|'), ('చ', '|'), ('క్రం', 'U'), ('బు', '|'), ('లో', 'U'), ('ప', '|'), ('ల', '|'), ('వి', 'U'), ('శ్వ', '|'), ('దా', 'U'), ('భి', '|'), ('రా', 'U'), ('మ', '|'), ('వి', '|'), ('న', '|'), ('ర', '|'), ('వే', 'U'), ('మ', '|')]",0.7333333333333334,-1.0,1.0,0.7,0.5,-1.0
aataveladi,"_x000D_
ఆకృతి యనఁగను నిరాకృతి యనఁదగు
_x000D_
నాకృతి నొగిఁదగు నిరాకృతిట్టు
_x000D_
లవియు రెండు లే యపురూపమై యుండు
_x000D_
విశ్వదాభిరామ వినర వేమ.",vupajaathi,Vemana,"[('ఆ', 'U'), ('కృ', '|'), ('తి', '|'), ('య', '|'), ('న', '|'), ('గ', '|'), ('ను', '|'), ('ని', '|'), ('రా', 'U'), ('కృ', '|'), ('తి', '|'), ('య', '|'), ('న', '|'), ('ద', '|'), ('గు', '|'), ('నా', 'U'), ('కృ', '|'), ('తి', '|'), ('నొ', '|'), ('గి', '|'), ('ద', '|'), ('గు', '|'), ('ని', '|'), ('రా', 'U'), ('కృ', '|'), ('తి', 'U'), ('ట్టు', '|'), ('ల', '|'), ('వి', '|'), ('యు', '|'), ('రెం', 'U'), ('డు', '|'), ('లే', 'U'), ('య', '|'), ('పు', '|'), ('రూ', 'U'), ('ప', '|'), ('మై', 'U'), ('యుం', 'U'), ('డు', '|'), ('వి', 'U'), ('శ్వ', '|'), ('దా', 'U'), ('భి', '|'), ('రా', 'U'), ('మ', '|'), ('వి', '|'), ('న', '|'), ('ర', '|'), ('వే', 'U'), ('మ', '|')]",0.7000000000000001,-1.0,1.0,0.85,0.25,-1.0
aataveladi,"_x000D_
లోను చూడఁజూడ లోకాభిరామంబు
_x000D_
బయలు చూడఁజూడ బంధనంబు
_x000D_
తన్నుఁజూడఁజూడ తారక బ్రహ్మంబు
_x000D_
విశ్వదాభిరామ వినర వేమ.",vupajaathi,Vemana,"[('లో', 'U'), ('ను', '|'), ('చూ', 'U'), ('డ', '|'), ('జూ', 'U'), ('డ', '|'), ('లో', 'U'), ('కా', 'U'), ('భి', '|'), ('రా', 'U'), ('మం', 'U'), ('బు', '|'), ('బ', '|'), ('య', '|'), ('లు', '|'), ('చూ', 'U'), ('డ', '|'), ('జూ', 'U'), ('డ', '|'), ('బం', 'U'), ('ధ', '|'), ('నం', 'U'), ('బు', '|'), ('త', 'U'), ('న్ను', '|'), ('జూ', 'U'), ('డ', '|'), ('జూ', 'U'), ('డ', '|'), ('తా', 'U'), ('ర', '|'), ('క', '|'), ('బ్ర', 'U'), ('హ్మం', 'U'), ('బు', '|'), ('వి', 'U'), ('శ్వ', '|'), ('దా', 'U'), ('భి', '|'), ('రా', 'U'), ('మ', '|'), ('వి', '|'), ('న', '|'), ('ర', '|'), ('వే', 'U'), ('మ', '|')]",1.0,-1.0,1.0,1.0,1.0,-1.0
aataveladi,"_x000D_
తలఁపుచేతఁగల్గు తారక బ్రహ్మంబు
_x000D_
తలచిఁచూడఁదానె తత్వమగును
_x000D_
తలఁపులోనె తలఁపు తానె తానెఱిఁగిన
_x000D_
విశ్వదాభిరామ వినర వేమ.",vupajaathi,Vemana,"[('త', '|'), ('ల', '|'), ('పు', '|'), ('చే', 'U'), ('త', '|'), ('గ', 'U'), ('ల్గు', '|'), ('తా', 'U'), ('ర', '|'), ('క', '|'), ('బ్ర', 'U'), ('హ్మం', 'U'), ('బు', '|'), ('త', '|'), ('ల', '|'), ('చి', '|'), ('చూ', 'U'), ('డ', '|'), ('దా', 'U'), ('నె', '|'), ('త', 'U'), ('త్వ', '|'), ('మ', '|'), ('గు', '|'), ('ను', '|'), ('త', '|'), ('ల', '|'), ('పు', '|'), ('లో', 'U'), ('నె', '|'), ('త', '|'), ('ల', '|'), ('పు', '|'), ('తా', 'U'), ('నె', '|'), ('తా', 'U'), ('నె', '|'), ('ఱి', '|'), ('గి', '|'), ('న', '|'), ('వి', 'U'), ('శ్వ', '|'), ('దా', 'U'), ('భి', '|'), ('రా', 'U'), ('మ', '|'), ('వి', '|'), ('న', '|'), ('ర', '|'), ('వే', 'U'), ('మ', '|')]",1.0,-1.0,1.0,1.0,1.0,-1.0
kandamu,"_x000D_
కమలభవాండం బెల్లను
_x000D_
విమలపుసుజ్ఞానులెల్ల నీక్షింతురయా
_x000D_
విమలంబౌ మనముదగ\న్‌
_x000D_
సుమహిత పిండాండ మెపుడు చూడర వేమా.",jaathi,Vemana,"[('క', '|'), ('మ', '|'), ('ల', '|'), ('భ', '|'), ('వాం', 'U'), ('డం', 'U'), ('బె', 'U'), ('ల్ల', '|'), ('ను', '|'), ('వి', '|'), ('మ', '|'), ('ల', '|'), ('పు', '|'), ('సు', 'U'), ('జ్ఞా', 'U'), ('ను', '|'), ('లె', 'U'), ('ల్ల', '|'), ('నీ', 'U'), ('క్షిం', 'U'), ('తు', '|'), ('ర', '|'), ('యా', 'U'), ('వి', '|'), ('మ', '|'), ('లం', 'U'), ('బౌ', 'U'), ('మ', '|'), ('న', '|'), ('ము', '|'), ('ద', '|'), ('గన్', 'U'), ('సు', '|'), ('మ', '|'), ('హి', '|'), ('త', '|'), ('పిం', 'U'), ('డాం', 'U'), ('డ', '|'), ('మె', '|'), ('పు', '|'), ('డు', '|'), ('చూ', 'U'), ('డ', '|'), ('ర', '|'), ('వే', 'U'), ('మా', 'U')]",0.875,-1.0,1.0,1.0,0.5,1.0
kandamu,"_x000D_
నరకులమునఁ దాఁబుట్టియు
_x000D_
నరకులమునఁ దాని బెరిగి నరుఁడయ్యును దా
_x000D_
నరకులమును ఛీ ఛీ యని
_x000D_
హరకులమునఁ దిరిగెనేని హరుఁడగు వేమా.",jaathi,Vemana,"[('న', '|'), ('ర', '|'), ('కు', '|'), ('ల', '|'), ('ము', '|'), ('న', '|'), ('దా', 'U'), ('బు', 'U'), ('ట్టి', '|'), ('యు', '|'), ('న', '|'), ('ర', '|'), ('కు', '|'), ('ల', '|'), ('ము', '|'), ('న', '|'), ('దా', 'U'), ('ని', '|'), ('బె', '|'), ('రి', '|'), ('గి', '|'), ('న', '|'), ('రు', '|'), ('డ', 'U'), ('య్యు', '|'), ('ను', '|'), ('దా', 'U'), ('న', '|'), ('ర', '|'), ('కు', '|'), ('ల', '|'), ('ము', '|'), ('ను', '|'), ('ఛీ', 'U'), ('ఛీ', 'U'), ('య', '|'), ('ని', '|'), ('హ', '|'), ('ర', '|'), ('కు', '|'), ('ల', '|'), ('ము', '|'), ('న', '|'), ('ది', '|'), ('రి', '|'), ('గె', '|'), ('నే', 'U'), ('ని', '|'), ('హ', '|'), ('రు', '|'), ('డ', '|'), ('గు', '|'), ('వే', 'U'), ('మా', 'U')]",1.0,-1.0,1.0,1.0,1.0,1.0
aataveladi,"_x000D_
ఎండయన తిరుగు నిర వెఱింగిన యోగి
_x000D_
యుండు నెల్లకాల ముర్విలోనఁ
_x000D_
దిండిపోతు వశమె తెలియంగ జ్ఞానంబు
_x000D_
విశ్వదాభిరామ వినర వేమ.",vupajaathi,Vemana,"[('ఎం', 'U'), ('డ', '|'), ('య', '|'), ('న', '|'), ('తి', '|'), ('రు', '|'), ('గు', '|'), ('ని', '|'), ('ర', '|'), ('వె', '|'), ('ఱిం', 'U'), ('గి', '|'), ('న', '|'), ('యో', 'U'), ('గి', '|'), ('యుం', 'U'), ('డు', '|'), ('నె', 'U'), ('ల్ల', '|'), ('కా', 'U'), ('ల', '|'), ('ము', 'U'), ('ర్వి', '|'), ('లో', 'U'), ('న', '|'), ('దిం', 'U'), ('డి', '|'), ('పో', 'U'), ('తు', '|'), ('వ', '|'), ('శ', '|'), ('మె', '|'), ('తె', '|'), ('లి', '|'), ('యం', 'U'), ('గ', 'U'), ('జ్ఞా', 'U'), ('నం', 'U'), ('బు', '|'), ('వి', 'U'), ('శ్వ', '|'), ('దా', 'U'), ('భి', '|'), ('రా', 'U'), ('మ', '|'), ('వి', '|'), ('న', '|'), ('ర', '|'), ('వే', 'U'), ('మ', '|')]",0.6333333333333333,-1.0,1.0,0.65,0.25,-1.0
kandamu,"_x000D_
తనుసంరక్షణ కొఱకయి
_x000D_
మనమున కార్యములు మానుమను తత్వముచే
_x000D_
దినదినము తిరిగి తిరిగియు
_x000D_
తనువునఁ గనుగొన్న నాత్మ తత్వము వేమా.",jaathi,Vemana,"[('త', '|'), ('ను', '|'), ('సం', 'U'), ('ర', 'U'), ('క్ష', '|'), ('ణ', '|'), ('కొ', '|'), ('ఱ', '|'), ('క', '|'), ('యి', '|'), ('మ', '|'), ('న', '|'), ('ము', '|'), ('న', '|'), ('కా', 'U'), ('ర్య', '|'), ('ము', '|'), ('లు', '|'), ('మా', 'U'), ('ను', '|'), ('మ', '|'), ('ను', '|'), ('త', 'U'), ('త్వ', '|'), ('ము', '|'), ('చే', 'U'), ('ది', '|'), ('న', '|'), ('ది', '|'), ('న', '|'), ('ము', '|'), ('తి', '|'), ('రి', '|'), ('గి', '|'), ('తి', '|'), ('రి', '|'), ('గి', '|'), ('యు', '|'), ('త', '|'), ('ను', '|'), ('వు', '|'), ('న', '|'), ('గ', '|'), ('ను', '|'), ('గొ', 'U'), ('న్న', '|'), ('నా', 'U'), ('త్మ', '|'), ('త', 'U'), ('త్వ', '|'), ('ము', '|'), ('వే', 'U'), ('మా', 'U')]",1.0,-1.0,1.0,1.0,1.0,1.0
aataveladi,"_x000D_
ఒక్కఘటములోనఁ బెక్కురూపులు నిల్చు
_x000D_
నెన్నియెన్నిరూపు లెసఁగుచుండు
_x000D_
నవియుఁదొలఁగెనేని యన్నియు బయలౌను
_x000D_
ఆత్మతత్వ మిట్టులౌర వేమా.",vupajaathi,Vemana,"[('ఒ', 'U'), ('క్క', '|'), ('ఘ', '|'), ('ట', '|'), ('ము', '|'), ('లో', 'U'), ('న', '|'), ('బె', 'U'), ('క్కు', '|'), ('రూ', 'U'), ('పు', '|'), ('లు', '|'), ('ని', 'U'), ('ల్చు', '|'), ('నె', 'U'), ('న్ని', '|'), ('యె', 'U'), ('న్ని', '|'), ('రూ', 'U'), ('పు', '|'), ('లె', '|'), ('స', '|'), ('గు', '|'), ('చుం', 'U'), ('డు', '|'), ('న', '|'), ('వి', '|'), ('యు', '|'), ('దొ', '|'), ('ల', '|'), ('గె', '|'), ('నే', 'U'), ('ని', '|'), ('య', 'U'), ('న్ని', '|'), ('యు', '|'), ('బ', '|'), ('య', '|'), ('లౌ', 'U'), ('ను', '|'), ('ఆ', 'U'), ('త్మ', '|'), ('త', 'U'), ('త్వ', '|'), ('మి', 'U'), ('ట్టు', '|'), ('లౌ', 'U'), ('ర', '|'), ('వే', 'U'), ('మా', 'U')]",0.7333333333333334,-1.0,1.0,0.95,0.25,-1.0
aataveladi,"_x000D_
హంగుమీరఁ దాను యతులజన్మంబుల
_x000D_
నరసి చెప్పునెంతవారికైన
_x000D_
ఆడకాడ కనువు నతిశయమై వచ్చు
_x000D_
విశ్వదాభిరామ వినర వేమ.",vupajaathi,Vemana,"[('హం', 'U'), ('గు', '|'), ('మీ', 'U'), ('ర', '|'), ('దా', 'U'), ('ను', '|'), ('య', '|'), ('తు', '|'), ('ల', '|'), ('జ', 'U'), ('న్మం', 'U'), ('బు', '|'), ('ల', '|'), ('న', '|'), ('ర', '|'), ('సి', '|'), ('చె', 'U'), ('ప్పు', '|'), ('నెం', 'U'), ('త', '|'), ('వా', 'U'), ('రి', '|'), ('కై', 'U'), ('న', '|'), ('ఆ', 'U'), ('డ', '|'), ('కా', 'U'), ('డ', '|'), ('క', '|'), ('ను', '|'), ('వు', '|'), ('న', '|'), ('తి', '|'), ('శ', '|'), ('య', '|'), ('మై', 'U'), ('వ', 'U'), ('చ్చు', '|'), ('వి', 'U'), ('శ్వ', '|'), ('దా', 'U'), ('భి', '|'), ('రా', 'U'), ('మ', '|'), ('వి', '|'), ('న', '|'), ('ర', '|'), ('వే', 'U'), ('మ', '|')]",0.8333333333333334,-1.0,1.0,1.0,0.5,-1.0
aataveladi,"_x000D_
తనువుఁ దా ననుకొనుఁ దనకుఁదా ననఁదగి
_x000D_
జనన మరణములను జిక్కిచిక్కి
_x000D_
పొలుపుపొం దెఱుఁగక పొర్లాడుచుండెడి
_x000D_
భ్రాంతిజీవి కేటిపరము వేమా.",vupajaathi,Vemana,"[('త', '|'), ('ను', '|'), ('వు', '|'), ('దా', 'U'), ('న', '|'), ('ను', '|'), ('కొ', '|'), ('ను', '|'), ('ద', '|'), ('న', '|'), ('కు', '|'), ('దా', 'U'), ('న', '|'), ('న', '|'), ('ద', '|'), ('గి', '|'), ('జ', '|'), ('న', '|'), ('న', '|'), ('మ', '|'), ('ర', '|'), ('ణ', '|'), ('ము', '|'), ('ల', '|'), ('ను', '|'), ('జి', 'U'), ('క్కి', '|'), ('చి', 'U'), ('క్కి', '|'), ('పొ', '|'), ('లు', '|'), ('పు', '|'), ('పొం', 'U'), ('దె', '|'), ('ఱు', '|'), ('గ', '|'), ('క', '|'), ('పొ', 'U'), ('ర్లా', 'U'), ('డు', '|'), ('చుం', 'U'), ('డె', '|'), ('డి', '|'), ('భ్రాం', 'U'), ('తి', '|'), ('జీ', 'U'), ('వి', '|'), ('కే', 'U'), ('టి', '|'), ('ప', '|'), ('ర', '|'), ('ము', '|'), ('వే', 'U'), ('మా', 'U')]",0.9,-1.0,1.0,0.95,0.75,-1.0
kandamu,"_x000D_
చిత్తము బుద్ధియు మఱచియు
_x000D_
హత్తు నహంకారములను నాత్మకు లోగా
_x000D_
మొత్తముగఁ జేయ నేరని
_x000D_
మత్తునకును ముక్తిలేదు మహిలో వేమా.",jaathi,Vemana,"[('చి', 'U'), ('త్త', '|'), ('ము', '|'), ('బు', 'U'), ('ద్ధి', '|'), ('యు', '|'), ('మ', '|'), ('ఱ', '|'), ('చి', '|'), ('యు', '|'), ('హ', 'U'), ('త్తు', '|'), ('న', '|'), ('హం', 'U'), ('కా', 'U'), ('ర', '|'), ('ము', '|'), ('ల', '|'), ('ను', '|'), ('నా', 'U'), ('త్మ', '|'), ('కు', '|'), ('లో', 'U'), ('గా', 'U'), ('మొ', 'U'), ('త్త', '|'), ('ము', '|'), ('గ', '|'), ('జే', 'U'), ('య', '|'), ('నే', 'U'), ('ర', '|'), ('ని', '|'), ('మ', 'U'), ('త్తు', '|'), ('న', '|'), ('కు', '|'), ('ను', '|'), ('ము', 'U'), ('క్తి', '|'), ('లే', 'U'), ('దు', '|'), ('మ', '|'), ('హి', '|'), ('లో', 'U'), ('వే', 'U'), ('మా', 'U')]",0.875,-1.0,1.0,1.0,0.5,1.0
aataveladi,"_x000D_
తాను తనువు యనుచు ద్వయమును బలుకుచు
_x000D_
మోహవారిరాశి మునిఁగియున్న
_x000D_
జనుల కెట్లు మోక్ష సంగతి సిద్ధించు
_x000D_
విశ్వదాభిరామ వినర వేమ.",vupajaathi,Vemana,"[('తా', 'U'), ('ను', '|'), ('త', '|'), ('ను', '|'), ('వు', '|'), ('య', '|'), ('ను', '|'), ('చు', 'U'), ('ద్వ', '|'), ('య', '|'), ('ము', '|'), ('ను', '|'), ('బ', '|'), ('లు', '|'), ('కు', '|'), ('చు', '|'), ('మో', 'U'), ('హ', '|'), ('వా', 'U'), ('రి', '|'), ('రా', 'U'), ('శి', '|'), ('ము', '|'), ('ని', '|'), ('గి', '|'), ('యు', 'U'), ('న్న', '|'), ('జ', '|'), ('ను', '|'), ('ల', '|'), ('కె', 'U'), ('ట్లు', '|'), ('మో', 'U'), ('క్ష', '|'), ('సం', 'U'), ('గ', '|'), ('తి', '|'), ('సి', 'U'), ('ద్ధిం', 'U'), ('చు', '|'), ('వి', 'U'), ('శ్వ', '|'), ('దా', 'U'), ('భి', '|'), ('రా', 'U'), ('మ', '|'), ('వి', '|'), ('న', '|'), ('ర', '|'), ('వే', 'U'), ('మ', '|')]",0.9833333333333334,-1.0,1.0,0.95,1.0,-1.0
kandamu,"_x000D_
నిఖిలాకారుం డాతఁడు
_x000D_
నిఖిలాత్ముఁడు సర్వసాక్షి నిజముగఁ దానై
_x000D_
నిఖిలంబు నిందుజూఁడగ
_x000D_
నిఖిలంబై యుండు నిచ్చ నిజముగ వేమా.",jaathi,Vemana,"[('ని', '|'), ('ఖి', '|'), ('లా', 'U'), ('కా', 'U'), ('రుం', 'U'), ('డా', 'U'), ('త', '|'), ('డు', '|'), ('ని', '|'), ('ఖి', '|'), ('లా', 'U'), ('త్ము', '|'), ('డు', '|'), ('స', 'U'), ('ర్వ', '|'), ('సా', 'U'), ('క్షి', '|'), ('ని', '|'), ('జ', '|'), ('ము', '|'), ('గ', '|'), ('దా', 'U'), ('నై', 'U'), ('ని', '|'), ('ఖి', '|'), ('లం', 'U'), ('బు', '|'), ('నిం', 'U'), ('దు', '|'), ('జూ', 'U'), ('డ', '|'), ('గ', '|'), ('ని', '|'), ('ఖి', '|'), ('లం', 'U'), ('బై', 'U'), ('యుం', 'U'), ('డు', '|'), ('ని', 'U'), ('చ్చ', '|'), ('ని', '|'), ('జ', '|'), ('ము', '|'), ('గ', '|'), ('వే', 'U'), ('మా', 'U')]",1.0,-1.0,1.0,1.0,1.0,1.0
aataveladi,"_x000D_
విన్నవానికన్నఁ గన్నవాఁ డధికుండు
_x000D_
కన్నవానికన్నఁ గలియువాఁడు
_x000D_
ఉన్నతోన్నతుఁడయి యుర్విలోపల నుండు
_x000D_
విశ్వదాభిరామ వినర వేమ.",vupajaathi,Vemana,"[('వి', 'U'), ('న్న', '|'), ('వా', 'U'), ('ని', '|'), ('క', 'U'), ('న్న', '|'), ('గ', 'U'), ('న్న', '|'), ('వా', 'U'), ('డ', '|'), ('ధి', '|'), ('కుం', 'U'), ('డు', '|'), ('క', 'U'), ('న్న', '|'), ('వా', 'U'), ('ని', '|'), ('క', 'U'), ('న్న', '|'), ('గ', '|'), ('లి', '|'), ('యు', '|'), ('వా', 'U'), ('డు', '|'), ('ఉ', 'U'), ('న్న', '|'), ('తో', 'U'), ('న్న', '|'), ('తు', '|'), ('డ', '|'), ('యి', '|'), ('యు', 'U'), ('ర్వి', '|'), ('లో', 'U'), ('ప', '|'), ('ల', '|'), ('నుం', 'U'), ('డు', '|'), ('వి', 'U'), ('శ్వ', '|'), ('దా', 'U'), ('భి', '|'), ('రా', 'U'), ('మ', '|'), ('వి', '|'), ('న', '|'), ('ర', '|'), ('వే', 'U'), ('మ', '|')]",0.9166666666666666,-1.0,1.0,1.0,0.75,-1.0
aataveladi,"_x000D_
బ్రహ్మమును దెలిసెడు భావమందున నిల్చి
_x000D_
తనువు గుడిని జేసి తన్ను నిలిపి
_x000D_
లోకమందు నిలిచి లోఁజూపు చూడరా
_x000D_
విశ్వదాభిరామ వినర వేమ.",vupajaathi,Vemana,"[('బ్ర', 'U'), ('హ్మ', '|'), ('ము', '|'), ('ను', '|'), ('దె', '|'), ('లి', '|'), ('సె', '|'), ('డు', '|'), ('భా', 'U'), ('వ', '|'), ('మం', 'U'), ('దు', '|'), ('న', '|'), ('ని', 'U'), ('ల్చి', '|'), ('త', '|'), ('ను', '|'), ('వు', '|'), ('గు', '|'), ('డి', '|'), ('ని', '|'), ('జే', 'U'), ('సి', '|'), ('త', 'U'), ('న్ను', '|'), ('ని', '|'), ('లి', '|'), ('పి', '|'), ('లో', 'U'), ('క', '|'), ('మం', 'U'), ('దు', '|'), ('ని', '|'), ('లి', '|'), ('చి', '|'), ('లో', 'U'), ('జూ', 'U'), ('పు', '|'), ('చూ', 'U'), ('డ', '|'), ('రా', 'U'), ('వి', 'U'), ('శ్వ', '|'), ('దా', 'U'), ('భి', '|'), ('రా', 'U'), ('మ', '|'), ('వి', '|'), ('న', '|'), ('ర', '|'), ('వే', 'U'), ('మ', '|')]",1.0,-1.0,1.0,1.0,1.0,-1.0
aataveladi,"_x000D_
జీవసంజ్ఞ గలుగు జీవుని తత్వంబ
_x000D_
జీవపరుని గురుని జెందఁజేసి
_x000D_
తన్ను నిల్పువాఁడు తానె తత్వజ్ఞుఁడౌ
_x000D_
విశ్వదాభిరామ వినర వేమ.",vupajaathi,Vemana,"[('జీ', 'U'), ('వ', '|'), ('సం', 'U'), ('జ్ఞ', '|'), ('గ', '|'), ('లు', '|'), ('గు', '|'), ('జీ', 'U'), ('వు', '|'), ('ని', '|'), ('త', 'U'), ('త్వం', 'U'), ('బ', '|'), ('జీ', 'U'), ('వ', '|'), ('ప', '|'), ('రు', '|'), ('ని', '|'), ('గు', '|'), ('రు', '|'), ('ని', '|'), ('జెం', 'U'), ('ద', '|'), ('జే', 'U'), ('సి', '|'), ('త', 'U'), ('న్ను', '|'), ('ని', 'U'), ('ల్పు', '|'), ('వా', 'U'), ('డు', '|'), ('తా', 'U'), ('నె', '|'), ('త', 'U'), ('త్వ', 'U'), ('జ్ఞు', '|'), ('డౌ', 'U'), ('వి', 'U'), ('శ్వ', '|'), ('దా', 'U'), ('భి', '|'), ('రా', 'U'), ('మ', '|'), ('వి', '|'), ('న', '|'), ('ర', '|'), ('వే', 'U'), ('మ', '|')]",1.0,-1.0,1.0,1.0,1.0,-1.0
kandamu,"_x000D_
తనలోననె సకలంబును
_x000D_
తనరందా నగుటయెఱిఁగి తారకమాత్మన్‌
_x000D_
దనువనుచుఁ బరిణమించిన
_x000D_
మనుజునకును ముక్తికలదు మహిలో వేమా.",jaathi,Vemana,"[('త', '|'), ('న', '|'), ('లో', 'U'), ('న', '|'), ('నె', '|'), ('స', '|'), ('క', '|'), ('లం', 'U'), ('బు', '|'), ('ను', '|'), ('త', '|'), ('న', '|'), ('రం', 'U'), ('దా', 'U'), ('న', '|'), ('గు', '|'), ('ట', '|'), ('యె', '|'), ('ఱి', '|'), ('గి', '|'), ('తా', 'U'), ('ర', '|'), ('క', '|'), ('మా', 'U'), ('త్మన్', 'U'), ('ద', '|'), ('ను', '|'), ('వ', '|'), ('ను', '|'), ('చు', '|'), ('బ', '|'), ('రి', '|'), ('ణ', '|'), ('మిం', 'U'), ('చి', '|'), ('న', '|'), ('మ', '|'), ('ను', '|'), ('జు', '|'), ('న', '|'), ('కు', '|'), ('ను', '|'), ('ము', 'U'), ('క్తి', '|'), ('క', '|'), ('ల', '|'), ('దు', '|'), ('మ', '|'), ('హి', '|'), ('లో', 'U'), ('వే', 'U'), ('మా', 'U')]",1.0,-1.0,1.0,1.0,1.0,1.0
aataveladi,"_x000D_
తాను దానె యనెడి తత్వాల లోపల
_x000D_
నన్య మెఱుఁగకుండు నబ్బతోడు
_x000D_
తానెతానునయిన దల్లడం బేలరా
_x000D_
విశ్వదాభిరామ వినర వేమ.",vupajaathi,Vemana,"[('తా', 'U'), ('ను', '|'), ('దా', 'U'), ('నె', '|'), ('య', '|'), ('నె', '|'), ('డి', '|'), ('త', 'U'), ('త్వా', 'U'), ('ల', '|'), ('లో', 'U'), ('ప', '|'), ('ల', '|'), ('న', 'U'), ('న్య', '|'), ('మె', '|'), ('ఱు', '|'), ('గ', '|'), ('కుం', 'U'), ('డు', '|'), ('న', 'U'), ('బ్బ', '|'), ('తో', 'U'), ('డు', '|'), ('తా', 'U'), ('నె', '|'), ('తా', 'U'), ('ను', '|'), ('న', '|'), ('యి', '|'), ('న', '|'), ('ద', 'U'), ('ల్ల', '|'), ('డం', 'U'), ('బే', 'U'), ('ల', '|'), ('రా', 'U'), ('వి', 'U'), ('శ్వ', '|'), ('దా', 'U'), ('భి', '|'), ('రా', 'U'), ('మ', '|'), ('వి', '|'), ('న', '|'), ('ర', '|'), ('వే', 'U'), ('మ', '|')]",1.0,-1.0,1.0,1.0,1.0,-1.0
kandamu,"_x000D_
తానే నేర్పరియయినం
_x000D_
తారకములఁ దానెతన్ను దప్పించుకొను\న్‌
_x000D_
దానెన్ని విధము లడరిన
_x000D_
తానే పరమాత్మ యనుచుఁ దలఁచర వేమా.",jaathi,Vemana,"[('తా', 'U'), ('నే', 'U'), ('నే', 'U'), ('ర్ప', '|'), ('రి', '|'), ('య', '|'), ('యి', '|'), ('నం', 'U'), ('తా', 'U'), ('ర', '|'), ('క', '|'), ('ము', '|'), ('ల', '|'), ('దా', 'U'), ('నె', '|'), ('త', 'U'), ('న్ను', '|'), ('ద', 'U'), ('ప్పిం', 'U'), ('చు', '|'), ('కొ', '|'), ('నున్', 'U'), ('దా', 'U'), ('నె', 'U'), ('న్ని', '|'), ('వి', '|'), ('ధ', '|'), ('ము', '|'), ('ల', '|'), ('డ', '|'), ('రి', '|'), ('న', '|'), ('తా', 'U'), ('నే', 'U'), ('ప', '|'), ('ర', '|'), ('మా', 'U'), ('త్మ', '|'), ('య', '|'), ('ను', '|'), ('చు', '|'), ('ద', '|'), ('ల', '|'), ('చ', '|'), ('ర', '|'), ('వే', 'U'), ('మా', 'U')]",0.9375,-1.0,1.0,1.0,1.0,0.75
kandamu,"_x000D_
తా నగుట యెఱిఁగి సర్వముఁ 
_x000D_
దా నగుటయుఁ దెలిసి యెల్లతత్వముదానై
_x000D_
తానెఱిఁగి పరిణమించిన
_x000D_
మానవులకు శక్తిలేదు మహిలో వేమా.",jaathi,Vemana,"[('తా', 'U'), ('న', '|'), ('గు', '|'), ('ట', '|'), ('యె', '|'), ('ఱి', '|'), ('గి', '|'), ('స', 'U'), ('ర్వ', '|'), ('ము', '|'), ('దా', 'U'), ('న', '|'), ('గు', '|'), ('ట', '|'), ('యు', '|'), ('దె', '|'), ('లి', '|'), ('సి', '|'), ('యె', 'U'), ('ల్ల', '|'), ('త', 'U'), ('త్వ', '|'), ('ము', '|'), ('దా', 'U'), ('నై', 'U'), ('తా', 'U'), ('నె', '|'), ('ఱి', '|'), ('గి', '|'), ('ప', '|'), ('రి', '|'), ('ణ', '|'), ('మిం', 'U'), ('చి', '|'), ('న', '|'), ('మా', 'U'), ('న', '|'), ('వు', '|'), ('ల', '|'), ('కు', '|'), ('శ', 'U'), ('క్తి', '|'), ('లే', 'U'), ('దు', '|'), ('మ', '|'), ('హి', '|'), ('లో', 'U'), ('వే', 'U'), ('మా', 'U')]",1.0,-1.0,1.0,1.0,1.0,1.0
kandamu,"_x000D_
ఇదినాకుఁ జాలఁదనుచును
_x000D_
వదలక మదిలోననైన వస్తువు భ్రమతల్‌
_x000D_
కదిసి విడనాడ కుండిన
_x000D_
నదియే సంసారబీజ మందుర వేమా.",jaathi,Vemana,"[('ఇ', '|'), ('ది', '|'), ('నా', 'U'), ('కు', '|'), ('జా', 'U'), ('ల', '|'), ('ద', '|'), ('ను', '|'), ('చు', '|'), ('ను', '|'), ('వ', '|'), ('ద', '|'), ('ల', '|'), ('క', '|'), ('మ', '|'), ('ది', '|'), ('లో', 'U'), ('న', '|'), ('నై', 'U'), ('న', '|'), ('వ', 'U'), ('స్తు', '|'), ('వు', '|'), ('భ్ర', '|'), ('మ', '|'), ('తల్', 'U'), ('క', '|'), ('ది', '|'), ('సి', '|'), ('వి', '|'), ('డ', '|'), ('నా', 'U'), ('డ', '|'), ('కుం', 'U'), ('డి', '|'), ('న', '|'), ('న', '|'), ('ది', '|'), ('యే', 'U'), ('సం', 'U'), ('సా', 'U'), ('ర', '|'), ('బీ', 'U'), ('జ', '|'), ('మం', 'U'), ('దు', '|'), ('ర', '|'), ('వే', 'U'), ('మా', 'U')]",0.875,-1.0,1.0,1.0,0.5,1.0
aataveladi,"_x000D_
రూపు పేరు రెండు రూఢితోఁ గలిసిన
_x000D_
పేరు రూపిక్రియలు పెనగిఁయుండు
_x000D_
నామరూపమ్ములు నాశ మొందుటమేలు
_x000D_
విశ్వదాభిరామ వినర వేమ.",vupajaathi,Vemana,"[('రూ', 'U'), ('పు', '|'), ('పే', 'U'), ('రు', '|'), ('రెం', 'U'), ('డు', '|'), ('రూ', 'U'), ('ఢి', '|'), ('తో', 'U'), ('గ', '|'), ('లి', '|'), ('సి', '|'), ('న', '|'), ('పే', 'U'), ('రు', '|'), ('రూ', 'U'), ('పి', '|'), ('క్రి', '|'), ('య', '|'), ('లు', '|'), ('పె', '|'), ('న', '|'), ('గి', '|'), ('యుం', 'U'), ('డు', '|'), ('నా', 'U'), ('మ', '|'), ('రూ', 'U'), ('ప', 'U'), ('మ్ము', '|'), ('లు', '|'), ('నా', 'U'), ('శ', '|'), ('మొం', 'U'), ('దు', '|'), ('ట', '|'), ('మే', 'U'), ('లు', '|'), ('వి', 'U'), ('శ్వ', '|'), ('దా', 'U'), ('భి', '|'), ('రా', 'U'), ('మ', '|'), ('వి', '|'), ('న', '|'), ('ర', '|'), ('వే', 'U'), ('మ', '|')]",0.7666666666666666,-1.0,1.0,0.8,0.5,-1.0
aataveladi,"_x000D_
దేహగుణము లెల్ల దెలిసిన శివయోగి
_x000D_
మోహమందుఁ జిక్కి మోసపోఁడు
_x000D_
ఇంద్రజాలకుండు నెందుకుఁ జిక్కురా
_x000D_
విశ్వదాభిరామ వినర వేమ.",vupajaathi,Vemana,"[('దే', 'U'), ('హ', '|'), ('గు', '|'), ('ణ', '|'), ('ము', '|'), ('లె', 'U'), ('ల్ల', '|'), ('దె', '|'), ('లి', '|'), ('సి', '|'), ('న', '|'), ('శి', '|'), ('వ', '|'), ('యో', 'U'), ('గి', '|'), ('మో', 'U'), ('హ', '|'), ('మం', 'U'), ('దు', '|'), ('జి', 'U'), ('క్కి', '|'), ('మో', 'U'), ('స', '|'), ('పో', 'U'), ('డు', '|'), ('ఇం', 'U'), ('ద్ర', '|'), ('జా', 'U'), ('ల', '|'), ('కుం', 'U'), ('డు', '|'), ('నెం', 'U'), ('దు', '|'), ('కు', '|'), ('జి', 'U'), ('క్కు', '|'), ('రా', 'U'), ('వి', 'U'), ('శ్వ', '|'), ('దా', 'U'), ('భి', '|'), ('రా', 'U'), ('మ', '|'), ('వి', '|'), ('న', '|'), ('ర', '|'), ('వే', 'U'), ('మ', '|')]",0.9166666666666666,-1.0,1.0,1.0,0.75,-1.0
kandamu,"_x000D_
చేతస్సంకల్పంబులు
_x000D_
నీతిని వర్జించి నపుడె నిర్మల పదవుల్‌
_x000D_
ప్రీతిం బొందు నటందురు
_x000D_
భూతములనఁ బరఁగ యోగ పురుషులు వేమా.",jaathi,Vemana,"[('చే', 'U'), ('త', 'U'), ('స్సం', 'U'), ('క', 'U'), ('ల్పం', 'U'), ('బు', '|'), ('లు', '|'), ('నీ', 'U'), ('తి', '|'), ('ని', '|'), ('వ', 'U'), ('ర్జిం', 'U'), ('చి', '|'), ('న', '|'), ('పు', '|'), ('డె', '|'), ('ని', 'U'), ('ర్మ', '|'), ('ల', '|'), ('ప', '|'), ('ద', '|'), ('వుల్', 'U'), ('ప్రీ', 'U'), ('తిం', 'U'), ('బొం', 'U'), ('దు', '|'), ('న', '|'), ('టం', 'U'), ('దు', '|'), ('రు', '|'), ('భూ', 'U'), ('త', '|'), ('ము', '|'), ('ల', '|'), ('న', '|'), ('బ', '|'), ('ర', '|'), ('గ', '|'), ('యో', 'U'), ('గ', '|'), ('పు', '|'), ('రు', '|'), ('షు', '|'), ('లు', '|'), ('వే', 'U'), ('మా', 'U')]",1.0,-1.0,1.0,1.0,1.0,1.0
aataveladi,"_x000D_
సుఖసుఖాన దాను సుగుణుఁడై యుండఁగఁ
_x000D_
బ్రకృతి పెండ్లిచేసి పరముఁ జెడిచి
_x000D_
విధులఁ బుట్టఁజేయు విధినిదాఁగానఁడు
_x000D_
విశ్వదాభిరామ వినర వేమ.",vupajaathi,Vemana,"[('సు', '|'), ('ఖ', '|'), ('సు', '|'), ('ఖా', 'U'), ('న', '|'), ('దా', 'U'), ('ను', '|'), ('సు', '|'), ('గు', '|'), ('ణు', '|'), ('డై', 'U'), ('యుం', 'U'), ('డ', '|'), ('గ', '|'), ('బ్ర', '|'), ('కృ', '|'), ('తి', '|'), ('పెం', 'U'), ('డ్లి', '|'), ('చే', 'U'), ('సి', '|'), ('ప', '|'), ('ర', '|'), ('ము', '|'), ('జె', '|'), ('డి', '|'), ('చి', '|'), ('వి', '|'), ('ధు', '|'), ('ల', '|'), ('బు', 'U'), ('ట్ట', '|'), ('జే', 'U'), ('యు', '|'), ('వి', '|'), ('ధి', '|'), ('ని', '|'), ('దా', 'U'), ('గా', 'U'), ('న', '|'), ('డు', '|'), ('వి', 'U'), ('శ్వ', '|'), ('దా', 'U'), ('భి', '|'), ('రా', 'U'), ('మ', '|'), ('వి', '|'), ('న', '|'), ('ర', '|'), ('వే', 'U'), ('మ', '|')]",1.0,-1.0,1.0,1.0,1.0,-1.0
aataveladi,"_x000D_
పడుచు పక్వమెన్నఁ బసివాఁ డెఱుంగునా
_x000D_
యెఱుక దివ్యయోగి యెఱుఁగుఁగాక
_x000D_
మోహగుణ మెఱింగి మోహంబు విడనాఁడు
_x000D_
విశ్వదాభిరామ వినర వేమ.",vupajaathi,Vemana,"[('ప', '|'), ('డు', '|'), ('చు', '|'), ('ప', 'U'), ('క్వ', '|'), ('మె', 'U'), ('న్న', '|'), ('బ', '|'), ('సి', '|'), ('వా', 'U'), ('డె', '|'), ('ఱుం', 'U'), ('గు', '|'), ('నా', 'U'), ('యె', '|'), ('ఱు', '|'), ('క', '|'), ('ది', 'U'), ('వ్య', '|'), ('యో', 'U'), ('గి', '|'), ('యె', '|'), ('ఱు', '|'), ('గు', '|'), ('గా', 'U'), ('క', '|'), ('మో', 'U'), ('హ', '|'), ('గు', '|'), ('ణ', '|'), ('మె', '|'), ('ఱిం', 'U'), ('గి', '|'), ('మో', 'U'), ('హం', 'U'), ('బు', '|'), ('వి', '|'), ('డ', '|'), ('నా', 'U'), ('డు', '|'), ('వి', 'U'), ('శ్వ', '|'), ('దా', 'U'), ('భి', '|'), ('రా', 'U'), ('మ', '|'), ('వి', '|'), ('న', '|'), ('ర', '|'), ('వే', 'U'), ('మ', '|')]",1.0,-1.0,1.0,1.0,1.0,-1.0
aataveladi,"_x000D_
రూపు మాయ చూపు రూఢియై వెలుగొందుఁ
_x000D_
గాదుమాయమ్రానుఁ గల్పతరువు
_x000D_
చూపు గ్రుంగఁ జేసి చూచుట సుఖమురా
_x000D_
విశ్వదాభిరామ వినర వేమ.",vupajaathi,Vemana,"[('రూ', 'U'), ('పు', '|'), ('మా', 'U'), ('య', '|'), ('చూ', 'U'), ('పు', '|'), ('రూ', 'U'), ('ఢి', '|'), ('యై', 'U'), ('వె', '|'), ('లు', '|'), ('గొం', 'U'), ('దు', '|'), ('గా', 'U'), ('దు', '|'), ('మా', 'U'), ('య', '|'), ('మ్రా', 'U'), ('ను', '|'), ('గ', 'U'), ('ల్ప', '|'), ('త', '|'), ('రు', '|'), ('వు', '|'), ('చూ', 'U'), ('పు', '|'), ('గ్రుం', 'U'), ('గ', '|'), ('జే', 'U'), ('సి', '|'), ('చూ', 'U'), ('చు', '|'), ('ట', '|'), ('సు', '|'), ('ఖ', '|'), ('ము', '|'), ('రా', 'U'), ('వి', 'U'), ('శ్వ', '|'), ('దా', 'U'), ('భి', '|'), ('రా', 'U'), ('మ', '|'), ('వి', '|'), ('న', '|'), ('ర', '|'), ('వే', 'U'), ('మ', '|')]",1.0,-1.0,1.0,1.0,1.0,-1.0
aataveladi,"_x000D_
సిగ్గునేడనుదాగుఁ జీక టేడను దాగు
_x000D_
నాఁకలేడదాగు నాత్మలోన
_x000D_
దాగియున్న నిద్ర దాగుట తెలియుఁడీ
_x000D_
విశ్వదాభిరామ వినర వేమ.",vupajaathi,Vemana,"[('సి', 'U'), ('గ్గు', '|'), ('నే', 'U'), ('డ', '|'), ('ను', '|'), ('దా', 'U'), ('గు', '|'), ('జీ', 'U'), ('క', '|'), ('టే', 'U'), ('డ', '|'), ('ను', '|'), ('దా', 'U'), ('గు', '|'), ('నా', 'U'), ('క', '|'), ('లే', 'U'), ('డ', '|'), ('దా', 'U'), ('గు', '|'), ('నా', 'U'), ('త్మ', '|'), ('లో', 'U'), ('న', '|'), ('దా', 'U'), ('గి', '|'), ('యు', 'U'), ('న్న', '|'), ('ని', '|'), ('ద్ర', '|'), ('దా', 'U'), ('గు', '|'), ('ట', '|'), ('తె', '|'), ('లి', '|'), ('యు', '|'), ('డీ', 'U'), ('వి', 'U'), ('శ్వ', '|'), ('దా', 'U'), ('భి', '|'), ('రా', 'U'), ('మ', '|'), ('వి', '|'), ('న', '|'), ('ర', '|'), ('వే', 'U'), ('మ', '|')]",0.7666666666666666,-1.0,1.0,0.8,0.5,-1.0
aataveladi,"_x000D_
శత్రువరుల నరసి సరగున ఖండించి
_x000D_
మిత్రవర్గమునకు మేలుచేసి
_x000D_
దండివెలుగుఁజూపి పిండమధ్యంబున
_x000D_
నర్థి నిలుచువాఁడు హరుఁడు వేమా.",vupajaathi,Vemana,"[('శ', '|'), ('త్రు', '|'), ('వ', '|'), ('రు', '|'), ('ల', '|'), ('న', '|'), ('ర', '|'), ('సి', '|'), ('స', '|'), ('ర', '|'), ('గు', '|'), ('న', '|'), ('ఖం', 'U'), ('డిం', 'U'), ('చి', '|'), ('మి', '|'), ('త్ర', '|'), ('వ', 'U'), ('ర్గ', '|'), ('ము', '|'), ('న', '|'), ('కు', '|'), ('మే', 'U'), ('లు', '|'), ('చే', 'U'), ('సి', '|'), ('దం', 'U'), ('డి', '|'), ('వె', '|'), ('లు', '|'), ('గు', '|'), ('జూ', 'U'), ('పి', '|'), ('పిం', 'U'), ('డ', '|'), ('మ', 'U'), ('ధ్యం', 'U'), ('బు', '|'), ('న', '|'), ('న', 'U'), ('ర్థి', '|'), ('ని', '|'), ('లు', '|'), ('చు', '|'), ('వా', 'U'), ('డు', '|'), ('హ', '|'), ('రు', '|'), ('డు', '|'), ('వే', 'U'), ('మా', 'U')]",0.5666666666666667,-1.0,1.0,0.7,0.0,-1.0
aataveladi,"_x000D_
దేహ సంకటమును దెగితేరకాండ్రకు
_x000D_
మోహదృష్టి విడిచి మూల మెఱిఁగి
_x000D_
వ్యూహ మొక్కటిపన్ని యుల్లంబు సంధించి
_x000D_
స్నేహ మెఱుఁగ యోగ సిద్ధి వేమ.",vupajaathi,Vemana,"[('దే', 'U'), ('హ', '|'), ('సం', 'U'), ('క', '|'), ('ట', '|'), ('ము', '|'), ('ను', '|'), ('దె', '|'), ('గి', '|'), ('తే', 'U'), ('ర', '|'), ('కాం', 'U'), ('డ్ర', '|'), ('కు', '|'), ('మో', 'U'), ('హ', '|'), ('దృ', 'U'), ('ష్టి', '|'), ('వి', '|'), ('డి', '|'), ('చి', '|'), ('మూ', 'U'), ('ల', '|'), ('మె', '|'), ('ఱి', '|'), ('గి', 'U'), ('వ్యూ', 'U'), ('హ', '|'), ('మొ', 'U'), ('క్క', '|'), ('టి', '|'), ('ప', 'U'), ('న్ని', '|'), ('యు', 'U'), ('ల్లం', 'U'), ('బు', '|'), ('సం', 'U'), ('ధిం', 'U'), ('చి', 'U'), ('స్నే', 'U'), ('హ', '|'), ('మె', '|'), ('ఱు', '|'), ('గ', '|'), ('యో', 'U'), ('గ', '|'), ('సి', 'U'), ('ద్ధి', '|'), ('వే', 'U'), ('మ', '|')]",0.8333333333333334,-1.0,1.0,0.75,0.75,-1.0
kandamu,"_x000D_
విషయము లొరసిన నొరయఁడు
_x000D_
విషయేంద్రియ పరదళంబు సేయగ మఱిదా
_x000D_
విషమాది షట్కమను దు
_x000D_
ర్విషయములను బొందకుండ వేమన నేర్చు\న్‌.",jaathi,Vemana,"[('వి', '|'), ('ష', '|'), ('య', '|'), ('ము', '|'), ('లొ', '|'), ('ర', '|'), ('సి', '|'), ('న', '|'), ('నొ', '|'), ('ర', '|'), ('య', '|'), ('డు', '|'), ('వి', '|'), ('ష', '|'), ('యేం', 'U'), ('ద్రి', '|'), ('య', '|'), ('ప', '|'), ('ర', '|'), ('ద', '|'), ('ళం', 'U'), ('బు', '|'), ('సే', 'U'), ('య', '|'), ('గ', '|'), ('మ', '|'), ('ఱి', '|'), ('దా', 'U'), ('వి', '|'), ('ష', '|'), ('మా', 'U'), ('ది', '|'), ('ష', 'U'), ('ట్క', '|'), ('మ', '|'), ('ను', '|'), ('దు', 'U'), ('ర్వి', '|'), ('ష', '|'), ('య', '|'), ('ము', '|'), ('ల', '|'), ('ను', '|'), ('బొం', 'U'), ('ద', '|'), ('కుం', 'U'), ('డ', '|'), ('వే', 'U'), ('మ', '|'), ('న', '|'), ('నే', 'U'), ('ర్చున్', 'U')]",0.875,-1.0,1.0,1.0,0.5,1.0
kandamu,"_x000D_
తన నిజరూపముఁ జూడఁగ
_x000D_
తన మాయను సిద్ధులయినఁ దపముల మాయన్‌
_x000D_
తానెంతటి ఘనుఁడయినను
_x000D_
తనిసినవాఁడైన జూడ ధరలో వేమా.",jaathi,Vemana,"[('త', '|'), ('న', '|'), ('ని', '|'), ('జ', '|'), ('రూ', 'U'), ('ప', '|'), ('ము', '|'), ('జూ', 'U'), ('డ', '|'), ('గ', '|'), ('త', '|'), ('న', '|'), ('మా', 'U'), ('య', '|'), ('ను', '|'), ('సి', 'U'), ('ద్ధు', '|'), ('ల', '|'), ('యి', '|'), ('న', '|'), ('ద', '|'), ('ప', '|'), ('ము', '|'), ('ల', '|'), ('మా', 'U'), ('యన్', 'U'), ('తా', 'U'), ('నెం', 'U'), ('త', '|'), ('టి', '|'), ('ఘ', '|'), ('ను', '|'), ('డ', '|'), ('యి', '|'), ('న', '|'), ('ను', '|'), ('త', '|'), ('ని', '|'), ('సి', '|'), ('న', '|'), ('వా', 'U'), ('డై', 'U'), ('న', '|'), ('జూ', 'U'), ('డ', '|'), ('ధ', '|'), ('ర', '|'), ('లో', 'U'), ('వే', 'U'), ('మా', 'U')]",1.0,-1.0,1.0,1.0,1.0,1.0
aataveladi,"_x000D_
తాను పుట్టుచోటు తాఁజూచి పలికెనా
_x000D_
తాను బుద్ధిదిరుగు ధరణిలోన
_x000D_
తాను బుట్టుచోటు తత్వంబు తలపోయ
_x000D_
విశ్వదాభిరామ వినర వేమ.",vupajaathi,Vemana,"[('తా', 'U'), ('ను', '|'), ('పు', 'U'), ('ట్టు', '|'), ('చో', 'U'), ('టు', '|'), ('తా', 'U'), ('జూ', 'U'), ('చి', '|'), ('ప', '|'), ('లి', '|'), ('కె', '|'), ('నా', 'U'), ('తా', 'U'), ('ను', '|'), ('బు', 'U'), ('ద్ధి', '|'), ('ది', '|'), ('రు', '|'), ('గు', '|'), ('ధ', '|'), ('ర', '|'), ('ణి', '|'), ('లో', 'U'), ('న', '|'), ('తా', 'U'), ('ను', '|'), ('బు', 'U'), ('ట్టు', '|'), ('చో', 'U'), ('టు', '|'), ('త', 'U'), ('త్వం', 'U'), ('బు', '|'), ('త', '|'), ('ల', '|'), ('పో', 'U'), ('య', '|'), ('వి', 'U'), ('శ్వ', '|'), ('దా', 'U'), ('భి', '|'), ('రా', 'U'), ('మ', '|'), ('వి', '|'), ('న', '|'), ('ర', '|'), ('వే', 'U'), ('మ', '|')]",1.0,-1.0,1.0,1.0,1.0,-1.0
kandamu,"_x000D_
అనలంబున జనియించియు
_x000D_
ననలంబున సలిలమగును నాకాశమున\న్‌
_x000D_
గనిపించి పుట్టుఁదానే
_x000D_
జనకుఁడు లేనట్టిదాయె చరితము వేమా.",jaathi,Vemana,"[('అ', '|'), ('న', '|'), ('లం', 'U'), ('బు', '|'), ('న', '|'), ('జ', '|'), ('ని', '|'), ('యిం', 'U'), ('చి', '|'), ('యు', '|'), ('న', '|'), ('న', '|'), ('లం', 'U'), ('బు', '|'), ('న', '|'), ('స', '|'), ('లి', '|'), ('ల', '|'), ('మ', '|'), ('గు', '|'), ('ను', '|'), ('నా', 'U'), ('కా', 'U'), ('శ', '|'), ('ము', '|'), ('నన్', 'U'), ('గ', '|'), ('ని', '|'), ('పిం', 'U'), ('చి', '|'), ('పు', 'U'), ('ట్టు', '|'), ('దా', 'U'), ('నే', 'U'), ('జ', '|'), ('న', '|'), ('కు', '|'), ('డు', '|'), ('లే', 'U'), ('న', 'U'), ('ట్టి', '|'), ('దా', 'U'), ('యె', '|'), ('చ', '|'), ('రి', '|'), ('త', '|'), ('ము', '|'), ('వే', 'U'), ('మా', 'U')]",1.0,-1.0,1.0,1.0,1.0,1.0
seesamu,"_x000D_
తమ తలంపులలోనఁ దత్వ శిఖామణిఁ, దలఁచిన వారెల్లఁ దత్వ విదులు
_x000D_
ఘనమైన నిబిఢాంధ కారంబునను జ్యోతి ననువునఁ జూచిన యతఁడె యోగి
_x000D_
శివునిలో జీవుని జీవునిలో శివు నొనరఁ దెలిసినవాఁడు యోగదృక్కు
_x000D_
సౌఖ్య యోగంబున సర్వంబు శివుఁడని నిశ్చయించినవాఁడు నిర్మలుండు",vupajaathi,Vemana,"[('త', '|'), ('మ', '|'), ('త', '|'), ('లం', 'U'), ('పు', '|'), ('ల', '|'), ('లో', 'U'), ('న', '|'), ('ద', 'U'), ('త్వ', '|'), ('శి', '|'), ('ఖా', 'U'), ('మ', '|'), ('ణి', '|'), ('ద', '|'), ('ల', '|'), ('చి', '|'), ('న', '|'), ('వా', 'U'), ('రె', 'U'), ('ల్ల', '|'), ('ద', 'U'), ('త్వ', '|'), ('వి', '|'), ('దు', '|'), ('లు', '|'), ('ఘ', '|'), ('న', '|'), ('మై', 'U'), ('న', '|'), ('ని', '|'), ('బి', '|'), ('ఢాం', 'U'), ('ధ', '|'), ('కా', 'U'), ('రం', 'U'), ('బు', '|'), ('న', '|'), ('ను', 'U'), ('జ్యో', 'U'), ('తి', '|'), ('న', '|'), ('ను', '|'), ('వు', '|'), ('న', '|'), ('జూ', 'U'), ('చి', '|'), ('న', '|'), ('య', '|'), ('త', '|'), ('డె', '|'), ('యో', 'U'), ('గి', '|'), ('శి', '|'), ('వు', '|'), ('ని', '|'), ('లో', 'U'), ('జీ', 'U'), ('వు', '|'), ('ని', '|'), ('జీ', 'U'), ('వు', '|'), ('ని', '|'), ('లో', 'U'), ('శి', '|'), ('వు', '|'), ('నొ', '|'), ('న', '|'), ('ర', '|'), ('దె', '|'), ('లి', '|'), ('సి', '|'), ('న', '|'), ('వా', 'U'), ('డు', '|'), ('యో', 'U'), ('గ', '|'), ('దృ', 'U'), ('క్కు', '|'), ('సౌ', 'U'), ('ఖ్య', '|'), ('యో', 'U'), ('గం', 'U'), ('బు', '|'), ('న', '|'), ('స', 'U'), ('ర్వం', 'U'), ('బు', '|'), ('శి', '|'), ('వు', '|'), ('డ', '|'), ('ని', '|'), ('ని', 'U'), ('శ్చ', '|'), ('యిం', 'U'), ('చి', '|'), ('న', '|'), ('వా', 'U'), ('డు', '|'), ('ని', 'U'), ('ర్మ', '|'), ('లుం', 'U'), ('డు', '|')]",0.8958333333333334,-1.0,1.0,0.9375,0.75,-1.0
aataveladi,"ఇట్టిజాడఁగాన నెందఱయిన నేమి
పుట్టఁ గాలశివుని పట్టఁగలరె
పొట్టనీవు పాసిపోగఁ దా నుబ్బురా
విశ్వదాభిరామ వినర వేమ.",vupajaathi,Vemana,"[('ఇ', 'U'), ('ట్టి', '|'), ('జా', 'U'), ('డ', '|'), ('గా', 'U'), ('న', '|'), ('నెం', 'U'), ('ద', '|'), ('ఱ', '|'), ('యి', '|'), ('న', '|'), ('నే', 'U'), ('మి', '|'), ('పు', 'U'), ('ట్ట', '|'), ('గా', 'U'), ('ల', '|'), ('శి', '|'), ('వు', '|'), ('ని', '|'), ('ప', 'U'), ('ట్ట', '|'), ('గ', '|'), ('ల', '|'), ('రె', '|'), ('పొ', 'U'), ('ట్ట', '|'), ('నీ', 'U'), ('వు', '|'), ('పా', 'U'), ('సి', '|'), ('పో', 'U'), ('గ', '|'), ('దా', 'U'), ('ను', 'U'), ('బ్బు', '|'), ('రా', 'U'), ('వి', 'U'), ('శ్వ', '|'), ('దా', 'U'), ('భి', '|'), ('రా', 'U'), ('మ', '|'), ('వి', '|'), ('న', '|'), ('ర', '|'), ('వే', 'U'), ('మ', '|')]",0.9166666666666666,-1.0,1.0,1.0,0.75,-1.0
aataveladi,"_x000D_
కర్మగుణము లన్ని కడఁబెట్టి నడువక
_x000D_
తత్వమేల దన్ను దగులుకొనును
_x000D_
నూనెలేక దివ్వె నువ్వులమండునా
_x000D_
విశ్వదాభిరామ వినర వేమ.",vupajaathi,Vemana,"[('క', 'U'), ('ర్మ', '|'), ('గు', '|'), ('ణ', '|'), ('ము', '|'), ('ల', 'U'), ('న్ని', '|'), ('క', '|'), ('డ', '|'), ('బె', 'U'), ('ట్టి', '|'), ('న', '|'), ('డు', '|'), ('వ', '|'), ('క', '|'), ('త', 'U'), ('త్వ', '|'), ('మే', 'U'), ('ల', '|'), ('ద', 'U'), ('న్ను', '|'), ('ద', '|'), ('గు', '|'), ('లు', '|'), ('కొ', '|'), ('ను', '|'), ('ను', '|'), ('నూ', 'U'), ('నె', '|'), ('లే', 'U'), ('క', '|'), ('ది', 'U'), ('వ్వె', '|'), ('ను', 'U'), ('వ్వు', '|'), ('ల', '|'), ('మం', 'U'), ('డు', '|'), ('నా', 'U'), ('వి', 'U'), ('శ్వ', '|'), ('దా', 'U'), ('భి', '|'), ('రా', 'U'), ('మ', '|'), ('వి', '|'), ('న', '|'), ('ర', '|'), ('వే', 'U'), ('మ', '|')]",1.0,-1.0,1.0,1.0,1.0,-1.0
kandamu,"_x000D_
విత్తును నుముకయుఁ ధరలోఁ
_x000D_
బొత్తున జనియించి పొట్టుపోయినభంగి\న్‌
_x000D_
వేత్తయగువానికర్మం
_x000D_
బత్తెఱగున విడిచిపోవు ననువున వేమా.",jaathi,Vemana,"[('వి', 'U'), ('త్తు', '|'), ('ను', '|'), ('ను', '|'), ('ము', '|'), ('క', '|'), ('యు', '|'), ('ధ', '|'), ('ర', '|'), ('లో', 'U'), ('బొ', 'U'), ('త్తు', '|'), ('న', '|'), ('జ', '|'), ('ని', '|'), ('యిం', 'U'), ('చి', '|'), ('పొ', 'U'), ('ట్టు', '|'), ('పో', 'U'), ('యి', '|'), ('న', '|'), ('భం', 'U'), ('గిన్', 'U'), ('వే', 'U'), ('త్త', '|'), ('య', '|'), ('గు', '|'), ('వా', 'U'), ('ని', '|'), ('క', 'U'), ('ర్మం', 'U'), ('బ', 'U'), ('త్తె', '|'), ('ఱ', '|'), ('గు', '|'), ('న', '|'), ('వి', '|'), ('డి', '|'), ('చి', '|'), ('పో', 'U'), ('వు', '|'), ('న', '|'), ('ను', '|'), ('వు', '|'), ('న', '|'), ('వే', 'U'), ('మా', 'U')]",0.875,-1.0,1.0,1.0,0.5,1.0
kandamu,"_x000D_
కర్మము జ్ఞానికి దవ్వగు
_x000D_
గర్మమునకు జ్ఞాని దవ్వుకలియుగ మందున్‌
_x000D_
గర్మజ్ఞానము లుడిగిన
_x000D_
నిర్మలునకుఁ గలుగు ముక్తి నిజముగ వేమా.",jaathi,Vemana,"[('క', 'U'), ('ర్మ', '|'), ('ము', 'U'), ('జ్ఞా', 'U'), ('ని', '|'), ('కి', '|'), ('ద', 'U'), ('వ్వ', '|'), ('గు', '|'), ('గ', 'U'), ('ర్మ', '|'), ('ము', '|'), ('న', '|'), ('కు', 'U'), ('జ్ఞా', 'U'), ('ని', '|'), ('ద', 'U'), ('వ్వు', '|'), ('క', '|'), ('లి', '|'), ('యు', '|'), ('గ', '|'), ('మం', 'U'), ('దున్', 'U'), ('గ', 'U'), ('ర్మ', 'U'), ('జ్ఞా', 'U'), ('న', '|'), ('ము', '|'), ('లు', '|'), ('డి', '|'), ('గి', '|'), ('న', '|'), ('ని', 'U'), ('ర్మ', '|'), ('లు', '|'), ('న', '|'), ('కు', '|'), ('గ', '|'), ('లు', '|'), ('గు', '|'), ('ము', 'U'), ('క్తి', '|'), ('ని', '|'), ('జ', '|'), ('ము', '|'), ('గ', '|'), ('వే', 'U'), ('మా', 'U')]",0.578125,-1.0,1.0,0.5625,0.5,0.25
aataveladi,"_x000D_
కర్మమయుఁడుగాక ధర్మంబు దెలియఁడు
_x000D_
కర్మజీవి మేలు గానలేఁడు
_x000D_
నీరుచొరక లోతు నికరము దెలియదు
_x000D_
విశ్వదాభిరామ వినర వేమ.",vupajaathi,Vemana,"[('క', 'U'), ('ర్మ', '|'), ('మ', '|'), ('యు', '|'), ('డు', '|'), ('గా', 'U'), ('క', '|'), ('ధ', 'U'), ('ర్మం', 'U'), ('బు', '|'), ('దె', '|'), ('లి', '|'), ('య', '|'), ('డు', '|'), ('క', 'U'), ('ర్మ', '|'), ('జీ', 'U'), ('వి', '|'), ('మే', 'U'), ('లు', '|'), ('గా', 'U'), ('న', '|'), ('లే', 'U'), ('డు', '|'), ('నీ', 'U'), ('రు', '|'), ('చొ', '|'), ('ర', '|'), ('క', '|'), ('లో', 'U'), ('తు', '|'), ('ని', '|'), ('క', '|'), ('ర', '|'), ('ము', '|'), ('దె', '|'), ('లి', '|'), ('య', '|'), ('దు', '|'), ('వి', 'U'), ('శ్వ', '|'), ('దా', 'U'), ('భి', '|'), ('రా', 'U'), ('మ', '|'), ('వి', '|'), ('న', '|'), ('ర', '|'), ('వే', 'U'), ('మ', '|')]",1.0,-1.0,1.0,1.0,1.0,-1.0
aataveladi,"_x000D_
కర్మఫలములన్ని కపటంబుగాఁ జూచి
_x000D_
ధర్మఫలములన్ని దగిలియుండు
_x000D_
ధర్మమర్మములను దాటుట ముక్తిరా
_x000D_
విశ్వదాభిరామ వినర వేమ.",vupajaathi,Vemana,"[('క', 'U'), ('ర్మ', '|'), ('ఫ', '|'), ('ల', '|'), ('ము', '|'), ('ల', 'U'), ('న్ని', '|'), ('క', '|'), ('ప', '|'), ('టం', 'U'), ('బు', '|'), ('గా', 'U'), ('జూ', 'U'), ('చి', '|'), ('ధ', 'U'), ('ర్మ', '|'), ('ఫ', '|'), ('ల', '|'), ('ము', '|'), ('ల', 'U'), ('న్ని', '|'), ('ద', '|'), ('గి', '|'), ('లి', '|'), ('యుం', 'U'), ('డు', '|'), ('ధ', 'U'), ('ర్మ', '|'), ('మ', 'U'), ('ర్మ', '|'), ('ము', '|'), ('ల', '|'), ('ను', '|'), ('దా', 'U'), ('టు', '|'), ('ట', '|'), ('ము', 'U'), ('క్తి', '|'), ('రా', 'U'), ('వి', 'U'), ('శ్వ', '|'), ('దా', 'U'), ('భి', '|'), ('రా', 'U'), ('మ', '|'), ('వి', '|'), ('న', '|'), ('ర', '|'), ('వే', 'U'), ('మ', '|')]",1.0,-1.0,1.0,1.0,1.0,-1.0
aataveladi,"_x000D_
చెట్టునందుఁబుట్టి చెలరేఁగి కాయలు
_x000D_
దనరుఁగాంతితోడఁ దగిలిపండ్లు
_x000D_
పండ్లు దినుచుఁ గాయవర్ణంబు దెలియుఁడీ
_x000D_
విశ్వదాభిరామ వినర వేమ.",vupajaathi,Vemana,"[('చె', 'U'), ('ట్టు', '|'), ('నం', 'U'), ('దు', '|'), ('బు', 'U'), ('ట్టి', '|'), ('చె', '|'), ('ల', '|'), ('రే', 'U'), ('గి', '|'), ('కా', 'U'), ('య', '|'), ('లు', '|'), ('ద', '|'), ('న', '|'), ('రు', '|'), ('గాం', 'U'), ('తి', '|'), ('తో', 'U'), ('డ', '|'), ('ద', '|'), ('గి', '|'), ('లి', '|'), ('పం', 'U'), ('డ్లు', '|'), ('పం', 'U'), ('డ్లు', '|'), ('ది', '|'), ('ను', '|'), ('చు', '|'), ('గా', 'U'), ('య', '|'), ('వ', 'U'), ('ర్ణం', 'U'), ('బు', '|'), ('దె', '|'), ('లి', '|'), ('యు', '|'), ('డీ', 'U'), ('వి', 'U'), ('శ్వ', '|'), ('దా', 'U'), ('భి', '|'), ('రా', 'U'), ('మ', '|'), ('వి', '|'), ('న', '|'), ('ర', '|'), ('వే', 'U'), ('మ', '|')]",0.9166666666666666,-1.0,1.0,1.0,0.75,-1.0
aataveladi,"_x000D_
హంస మానసోద మంటక తిరిగిన
_x000D_
యట్టు కర్మచయము నంటకుండ
_x000D_
యోగి తిరుగు సకలభోగంబుతోడను
_x000D_
విశ్వదాభిరామ వినర వేమ.",vupajaathi,Vemana,"[('హం', 'U'), ('స', '|'), ('మా', 'U'), ('న', '|'), ('సో', 'U'), ('ద', '|'), ('మం', 'U'), ('ట', '|'), ('క', '|'), ('తి', '|'), ('రి', '|'), ('గి', '|'), ('న', '|'), ('య', 'U'), ('ట్టు', '|'), ('క', 'U'), ('ర్మ', '|'), ('చ', '|'), ('య', '|'), ('ము', '|'), ('నం', 'U'), ('ట', '|'), ('కుం', 'U'), ('డ', '|'), ('యో', 'U'), ('గి', '|'), ('తి', '|'), ('రు', '|'), ('గు', '|'), ('స', '|'), ('క', '|'), ('ల', '|'), ('భో', 'U'), ('గం', 'U'), ('బు', '|'), ('తో', 'U'), ('డ', '|'), ('ను', '|'), ('వి', 'U'), ('శ్వ', '|'), ('దా', 'U'), ('భి', '|'), ('రా', 'U'), ('మ', '|'), ('వి', '|'), ('న', '|'), ('ర', '|'), ('వే', 'U'), ('మ', '|')]",0.8333333333333334,-1.0,1.0,1.0,0.5,-1.0
kandamu,"_x000D_
తనువు శోధఁజేసి దైవమ్ము మొనఁజేసి
_x000D_
ముందు కర్మములను మూలఁద్రోసి
_x000D_
మనము నిజముఁజేసి మమతలన్నియు రోసి
_x000D_
మొనసి నిల్చువాఁడు మోక్షి వేమా.",jaathi,Vemana,"[('త', '|'), ('ను', '|'), ('వు', '|'), ('శో', 'U'), ('ధ', '|'), ('జే', 'U'), ('సి', '|'), ('దై', 'U'), ('వ', 'U'), ('మ్ము', '|'), ('మొ', '|'), ('న', '|'), ('జే', 'U'), ('సి', '|'), ('ముం', 'U'), ('దు', '|'), ('క', 'U'), ('ర్మ', '|'), ('ము', '|'), ('ల', '|'), ('ను', '|'), ('మూ', 'U'), ('ల', '|'), ('ద్రో', 'U'), ('సి', '|'), ('మ', '|'), ('న', '|'), ('ము', '|'), ('ని', '|'), ('జ', '|'), ('ము', '|'), ('జే', 'U'), ('సి', '|'), ('మ', '|'), ('మ', '|'), ('త', '|'), ('ల', 'U'), ('న్ని', '|'), ('యు', '|'), ('రో', 'U'), ('సి', '|'), ('మొ', '|'), ('న', '|'), ('సి', '|'), ('ని', 'U'), ('ల్చు', '|'), ('వా', 'U'), ('డు', '|'), ('మో', 'U'), ('క్షి', '|'), ('వే', 'U'), ('మా', 'U')]",0.5625,-1.0,1.0,0.5,0.5,0.25
aataveladi,"_x000D_
అన్నమునకు నంటునైన నాత్మకునంటు
_x000D_
ఆత్మను పెనగొన్న నన్నమంటు
_x000D_
ఆత్మశుద్ధియన్న మన్న శుద్ధియునాత్మ
_x000D_
మిన్నుమన్నుమాడ్కి మెఱయు వేమా.",vupajaathi,Vemana,"[('అ', 'U'), ('న్న', '|'), ('ము', '|'), ('న', '|'), ('కు', '|'), ('నం', 'U'), ('టు', '|'), ('నై', 'U'), ('న', '|'), ('నా', 'U'), ('త్మ', '|'), ('కు', '|'), ('నం', 'U'), ('టు', '|'), ('ఆ', 'U'), ('త్మ', '|'), ('ను', '|'), ('పె', '|'), ('న', '|'), ('గొ', 'U'), ('న్న', '|'), ('న', 'U'), ('న్న', '|'), ('మం', 'U'), ('టు', '|'), ('ఆ', 'U'), ('త్మ', '|'), ('శు', 'U'), ('ద్ధి', '|'), ('య', 'U'), ('న్న', '|'), ('మ', 'U'), ('న్న', '|'), ('శు', 'U'), ('ద్ధి', '|'), ('యు', '|'), ('నా', 'U'), ('త్మ', '|'), ('మి', 'U'), ('న్ను', '|'), ('మ', 'U'), ('న్ను', '|'), ('మా', 'U'), ('డ్కి', '|'), ('మె', '|'), ('ఱ', '|'), ('యు', '|'), ('వే', 'U'), ('మా', 'U')]",0.7333333333333334,-1.0,1.0,0.95,0.25,-1.0
kandamu,"_x000D_
హరివిధిసురిమును లాదిని
_x000D_
మెరసియు జన్మించి పిదప మేలులకెడగా
_x000D_
జరయందు మరణమందును
_x000D_
వరుస న్వర్తిలిరి మాయవాసన వేమా.",jaathi,Vemana,"[('హ', '|'), ('రి', '|'), ('వి', '|'), ('ధి', '|'), ('సు', '|'), ('రి', '|'), ('ము', '|'), ('ను', '|'), ('లా', 'U'), ('ది', '|'), ('ని', '|'), ('మె', '|'), ('ర', '|'), ('సి', '|'), ('యు', '|'), ('జ', 'U'), ('న్మిం', 'U'), ('చి', '|'), ('పి', '|'), ('ద', '|'), ('ప', '|'), ('మే', 'U'), ('లు', '|'), ('ల', '|'), ('కె', '|'), ('డ', '|'), ('గా', 'U'), ('జ', '|'), ('ర', '|'), ('యం', 'U'), ('దు', '|'), ('మ', '|'), ('ర', '|'), ('ణ', '|'), ('మం', 'U'), ('దు', '|'), ('ను', '|'), ('వ', '|'), ('రు', '|'), ('స', 'U'), ('న్వ', 'U'), ('ర్తి', '|'), ('లి', '|'), ('రి', '|'), ('మా', 'U'), ('య', '|'), ('వా', 'U'), ('స', '|'), ('న', '|'), ('వే', 'U'), ('మా', 'U')]",1.0,-1.0,1.0,1.0,1.0,1.0
aataveladi,"_x000D_
మూల మెవ్వ రనుచు ముగ్గురిలోపల
_x000D_
మూల మెఱుఁగలేరు మూఢజనులు
_x000D_
మూలమందఱకును ముఖ్యమౌఁ గర్మము
_x000D_
విశ్వదాభిరామ వినర వేమ.",vupajaathi,Vemana,"[('మూ', 'U'), ('ల', '|'), ('మె', 'U'), ('వ్వ', '|'), ('ర', '|'), ('ను', '|'), ('చు', '|'), ('ము', 'U'), ('గ్గు', '|'), ('రి', '|'), ('లో', 'U'), ('ప', '|'), ('ల', '|'), ('మూ', 'U'), ('ల', '|'), ('మె', '|'), ('ఱు', '|'), ('గ', '|'), ('లే', 'U'), ('రు', '|'), ('మూ', 'U'), ('ఢ', '|'), ('జ', '|'), ('ను', '|'), ('లు', '|'), ('మూ', 'U'), ('ల', '|'), ('మం', 'U'), ('ద', '|'), ('ఱ', '|'), ('కు', '|'), ('ను', '|'), ('ము', 'U'), ('ఖ్య', '|'), ('మౌ', 'U'), ('గ', 'U'), ('ర్మ', '|'), ('ము', '|'), ('వి', 'U'), ('శ్వ', '|'), ('దా', 'U'), ('భి', '|'), ('రా', 'U'), ('మ', '|'), ('వి', '|'), ('న', '|'), ('ర', '|'), ('వే', 'U'), ('మ', '|')]",1.0,-1.0,1.0,1.0,1.0,-1.0
aataveladi,"_x000D_
ముగ్గురిలోన హెచ్చు ముందుగా కనలేక
_x000D_
నరకమునకుఁ బోవు నరులు గలరు
_x000D_
ముగ్గురికిందనట్టి మూలమూర్తి యొకండు
_x000D_
విశ్వదాభిరామ వినర వేమ.",vupajaathi,Vemana,"[('ము', 'U'), ('గ్గు', '|'), ('రి', '|'), ('లో', 'U'), ('న', '|'), ('హె', 'U'), ('చ్చు', '|'), ('ముం', 'U'), ('దు', '|'), ('గా', 'U'), ('క', '|'), ('న', '|'), ('లే', 'U'), ('క', '|'), ('న', '|'), ('ర', '|'), ('క', '|'), ('ము', '|'), ('న', '|'), ('కు', '|'), ('బో', 'U'), ('వు', '|'), ('న', '|'), ('రు', '|'), ('లు', '|'), ('గ', '|'), ('ల', '|'), ('రు', '|'), ('ము', 'U'), ('గ్గు', '|'), ('రి', '|'), ('కిం', 'U'), ('ద', '|'), ('న', 'U'), ('ట్టి', '|'), ('మూ', 'U'), ('ల', '|'), ('మూ', 'U'), ('ర్తి', '|'), ('యొ', '|'), ('కం', 'U'), ('డు', '|'), ('వి', 'U'), ('శ్వ', '|'), ('దా', 'U'), ('భి', '|'), ('రా', 'U'), ('మ', '|'), ('వి', '|'), ('న', '|'), ('ర', '|'), ('వే', 'U'), ('మ', '|')]",0.9666666666666667,-1.0,1.0,0.9,1.0,-1.0
aataveladi,"_x000D_
ముగ్గురి నెఱుఁగునట్టి మూలంబు నెఱిఁగియు
_x000D_
ముగ్గురిమీఁద నొకటి మునుపు తెలిసి
_x000D_
పరగఁజిహ్వచేతఁ బ్రస్తుతి చేయరా
_x000D_
విశ్వదాభిరామ వినర వేమ.",vupajaathi,Vemana,"[('ము', 'U'), ('గ్గు', '|'), ('రి', '|'), ('నె', '|'), ('ఱు', '|'), ('గు', '|'), ('న', 'U'), ('ట్టి', '|'), ('మూ', 'U'), ('లం', 'U'), ('బు', '|'), ('నె', '|'), ('ఱి', '|'), ('గి', '|'), ('యు', '|'), ('ము', 'U'), ('గ్గు', '|'), ('రి', '|'), ('మీ', 'U'), ('ద', '|'), ('నొ', '|'), ('క', '|'), ('టి', '|'), ('ము', '|'), ('ను', '|'), ('పు', '|'), ('తె', '|'), ('లి', '|'), ('సి', '|'), ('ప', '|'), ('ర', '|'), ('గ', '|'), ('జి', 'U'), ('హ్వ', '|'), ('చే', 'U'), ('త', '|'), ('బ్ర', 'U'), ('స్తు', '|'), ('తి', '|'), ('చే', 'U'), ('య', '|'), ('రా', 'U'), ('వి', 'U'), ('శ్వ', '|'), ('దా', 'U'), ('భి', '|'), ('రా', 'U'), ('మ', '|'), ('వి', '|'), ('న', '|'), ('ర', '|'), ('వే', 'U'), ('మ', '|')]",0.9666666666666667,-1.0,1.0,0.9,1.0,-1.0
kandamu,"_x000D_
విధికృతములందు రన్నియు
_x000D_
విధికిని విధి లెస్సయయ్యె విష్ణు జపింప\న్‌
_x000D_
విధియుభవురూప మందెను
_x000D_
విధి బ్రహ్మము సుమ్ముదలప వినరా వేమా.",jaathi,Vemana,"[('వి', '|'), ('ధి', '|'), ('కృ', '|'), ('త', '|'), ('ము', '|'), ('లం', 'U'), ('దు', '|'), ('ర', 'U'), ('న్ని', '|'), ('యు', '|'), ('వి', '|'), ('ధి', '|'), ('కి', '|'), ('ని', '|'), ('వి', '|'), ('ధి', '|'), ('లె', 'U'), ('స్స', '|'), ('య', 'U'), ('య్యె', '|'), ('వి', 'U'), ('ష్ణు', '|'), ('జ', '|'), ('పిం', 'U'), ('పన్', 'U'), ('వి', '|'), ('ధి', '|'), ('యు', '|'), ('భ', '|'), ('వు', '|'), ('రూ', 'U'), ('ప', '|'), ('మం', 'U'), ('దె', '|'), ('ను', '|'), ('వి', '|'), ('ధి', '|'), ('బ్ర', 'U'), ('హ్మ', '|'), ('ము', '|'), ('సు', 'U'), ('మ్ము', '|'), ('ద', '|'), ('ల', '|'), ('ప', '|'), ('వి', '|'), ('న', '|'), ('రా', 'U'), ('వే', 'U'), ('మా', 'U')]",1.0,-1.0,1.0,1.0,1.0,1.0
aataveladi,"_x000D_
కుండఁగుంభ మండ్రు కొండఁ బర్వతమండ్రు
_x000D_
ఉప్పు లవణ మండ్రు నొకటి గాదె
_x000D_
భాషలింతెవేఱు పరతత్వ మొక్కటి
_x000D_
విశ్వదాభిరామ వినర వేమ.",vupajaathi,Vemana,"[('కుం', 'U'), ('డ', '|'), ('గుం', 'U'), ('భ', '|'), ('మం', 'U'), ('డ్రు', '|'), ('కొం', 'U'), ('డ', '|'), ('బ', 'U'), ('ర్వ', '|'), ('త', '|'), ('మం', 'U'), ('డ్రు', '|'), ('ఉ', 'U'), ('ప్పు', '|'), ('ల', '|'), ('వ', '|'), ('ణ', '|'), ('మం', 'U'), ('డ్రు', '|'), ('నొ', '|'), ('క', '|'), ('టి', '|'), ('గా', 'U'), ('దె', '|'), ('భా', 'U'), ('ష', '|'), ('లిం', 'U'), ('తె', '|'), ('వే', 'U'), ('ఱు', '|'), ('ప', '|'), ('ర', '|'), ('త', 'U'), ('త్వ', '|'), ('మొ', 'U'), ('క్క', '|'), ('టి', '|'), ('వి', 'U'), ('శ్వ', '|'), ('దా', 'U'), ('భి', '|'), ('రా', 'U'), ('మ', '|'), ('వి', '|'), ('న', '|'), ('ర', '|'), ('వే', 'U'), ('మ', '|')]",0.9166666666666666,-1.0,1.0,1.0,0.75,-1.0
aataveladi,"_x000D_
ఆకు కానవచ్చు హరిహరాదులకును
_x000D_
కొమ్మ గానరాదు కోరిచూడ
_x000D_
కొమ్మగానరాగఁ గొనియాడ కుండురా
_x000D_
విశ్వదాభిరామ వినర వేమ.",vupajaathi,Vemana,"[('ఆ', 'U'), ('కు', '|'), ('కా', 'U'), ('న', '|'), ('వ', 'U'), ('చ్చు', '|'), ('హ', '|'), ('రి', '|'), ('హ', '|'), ('రా', 'U'), ('దు', '|'), ('ల', '|'), ('కు', '|'), ('ను', '|'), ('కొ', 'U'), ('మ్మ', '|'), ('గా', 'U'), ('న', '|'), ('రా', 'U'), ('దు', '|'), ('కో', 'U'), ('రి', '|'), ('చూ', 'U'), ('డ', '|'), ('కొ', 'U'), ('మ్మ', '|'), ('గా', 'U'), ('న', '|'), ('రా', 'U'), ('గ', '|'), ('గొ', '|'), ('ని', '|'), ('యా', 'U'), ('డ', '|'), ('కుం', 'U'), ('డు', '|'), ('రా', 'U'), ('వి', 'U'), ('శ్వ', '|'), ('దా', 'U'), ('భి', '|'), ('రా', 'U'), ('మ', '|'), ('వి', '|'), ('న', '|'), ('ర', '|'), ('వే', 'U'), ('మ', '|')]",1.0,-1.0,1.0,1.0,1.0,-1.0
aataveladi,"_x000D_
వాఁడు వాఁడు వాఁడు వానిలోపల నుండు
_x000D_
వాఁడు వాఁడు వాఁడు వాఁడుగాఁడు
_x000D_
వాని వానిగూర్చువాఁడెపో బ్రహ్మంబు
_x000D_
విశ్వదాభిరామ వినర వేమ.",vupajaathi,Vemana,"[('వా', 'U'), ('డు', '|'), ('వా', 'U'), ('డు', '|'), ('వా', 'U'), ('డు', '|'), ('వా', 'U'), ('ని', '|'), ('లో', 'U'), ('ప', '|'), ('ల', '|'), ('నుం', 'U'), ('డు', '|'), ('వా', 'U'), ('డు', '|'), ('వా', 'U'), ('డు', '|'), ('వా', 'U'), ('డు', '|'), ('వా', 'U'), ('డు', '|'), ('గా', 'U'), ('డు', '|'), ('వా', 'U'), ('ని', '|'), ('వా', 'U'), ('ని', '|'), ('గూ', 'U'), ('ర్చు', '|'), ('వా', 'U'), ('డె', '|'), ('పో', 'U'), ('బ్ర', 'U'), ('హ్మం', 'U'), ('బు', '|'), ('వి', 'U'), ('శ్వ', '|'), ('దా', 'U'), ('భి', '|'), ('రా', 'U'), ('మ', '|'), ('వి', '|'), ('న', '|'), ('ర', '|'), ('వే', 'U'), ('మ', '|')]",1.0,-1.0,1.0,1.0,1.0,-1.0
aataveladi,"_x000D_
అయిదు నక్షరముల యంగంబు దెలిసిన
_x000D_
నైదునందు ముక్తి యమరియుండు
_x000D_
నైదులోననున్న యతఁడెపో బ్రహంబు
_x000D_
విశ్వదాభిరామ వినర వేమ.",vupajaathi,Vemana,"[('అ', '|'), ('యి', '|'), ('దు', '|'), ('న', 'U'), ('క్ష', '|'), ('ర', '|'), ('ము', '|'), ('ల', '|'), ('యం', 'U'), ('గం', 'U'), ('బు', '|'), ('దె', '|'), ('లి', '|'), ('సి', '|'), ('న', '|'), ('నై', 'U'), ('దు', '|'), ('నం', 'U'), ('దు', '|'), ('ము', 'U'), ('క్తి', '|'), ('య', '|'), ('మ', '|'), ('రి', '|'), ('యుం', 'U'), ('డు', '|'), ('నై', 'U'), ('దు', '|'), ('లో', 'U'), ('న', '|'), ('ను', 'U'), ('న్న', '|'), ('య', '|'), ('త', '|'), ('డె', '|'), ('పో', 'U'), ('బ్ర', '|'), ('హం', 'U'), ('బు', '|'), ('వి', 'U'), ('శ్వ', '|'), ('దా', 'U'), ('భి', '|'), ('రా', 'U'), ('మ', '|'), ('వి', '|'), ('న', '|'), ('ర', '|'), ('వే', 'U'), ('మ', '|')]",0.7000000000000001,-1.0,1.0,0.85,0.25,-1.0
aataveladi,"_x000D_
బ్రహ్మఁ జంపి విష్ణుభాగంబులోఁ గల్పి
_x000D_
విష్ణుఁ జంపి శివునివెలయఁ గల్పి
_x000D_
శివునిఁ జంపి తాను శివయోగి కావలె
_x000D_
విశ్వదాభిరామ వినర వేమ.",vupajaathi,Vemana,"[('బ్ర', 'U'), ('హ్మ', '|'), ('జం', 'U'), ('పి', '|'), ('వి', 'U'), ('ష్ణు', '|'), ('భా', 'U'), ('గం', 'U'), ('బు', '|'), ('లో', 'U'), ('గ', 'U'), ('ల్పి', '|'), ('వి', 'U'), ('ష్ణు', '|'), ('జం', 'U'), ('పి', '|'), ('శి', '|'), ('వు', '|'), ('ని', '|'), ('వె', '|'), ('ల', '|'), ('య', '|'), ('గ', 'U'), ('ల్పి', '|'), ('శి', '|'), ('వు', '|'), ('ని', '|'), ('జం', 'U'), ('పి', '|'), ('తా', 'U'), ('ను', '|'), ('శి', '|'), ('వ', '|'), ('యో', 'U'), ('గి', '|'), ('కా', 'U'), ('వ', '|'), ('లె', '|'), ('వి', 'U'), ('శ్వ', '|'), ('దా', 'U'), ('భి', '|'), ('రా', 'U'), ('మ', '|'), ('వి', '|'), ('న', '|'), ('ర', '|'), ('వే', 'U'), ('మ', '|')]",1.0,-1.0,1.0,1.0,1.0,-1.0
aataveladi,"_x000D_
ఇంత వగవ వెలసె నేకాంత బుద్ధితా
_x000D_
హరిహరాదులందు నాశ లుడిగి
_x000D_
శాంతబుద్ధి నుండ సమకూరును సుఖంబు
_x000D_
విశ్వదాభిరామ వినర వేమ.",vupajaathi,Vemana,"[('ఇం', 'U'), ('త', '|'), ('వ', '|'), ('గ', '|'), ('వ', '|'), ('వె', '|'), ('ల', '|'), ('సె', '|'), ('నే', 'U'), ('కాం', 'U'), ('త', '|'), ('బు', 'U'), ('ద్ధి', '|'), ('తా', 'U'), ('హ', '|'), ('రి', '|'), ('హ', '|'), ('రా', 'U'), ('దు', '|'), ('లం', 'U'), ('దు', '|'), ('నా', 'U'), ('శ', '|'), ('లు', '|'), ('డి', '|'), ('గి', '|'), ('శాం', 'U'), ('త', '|'), ('బు', 'U'), ('ద్ధి', '|'), ('నుం', 'U'), ('డ', '|'), ('స', '|'), ('మ', '|'), ('కూ', 'U'), ('రు', '|'), ('ను', '|'), ('సు', '|'), ('ఖం', 'U'), ('బు', '|'), ('వి', 'U'), ('శ్వ', '|'), ('దా', 'U'), ('భి', '|'), ('రా', 'U'), ('మ', '|'), ('వి', '|'), ('న', '|'), ('ర', '|'), ('వే', 'U'), ('మ', '|')]",0.8333333333333334,-1.0,1.0,1.0,0.5,-1.0
aataveladi,"_x000D_
బ్రహ్మఘటము మేను ప్రాణంబు దగ గాలి
_x000D_
మిత్రచంద్రవహ్ని నేత్రచయము
_x000D_
మఱియుఁ బ్రహ్మ మనఁగ మహిమీదలేదయా
_x000D_
విశ్వదాభిరామ వినర వేమ.",vupajaathi,Vemana,"[('బ్ర', 'U'), ('హ్మ', '|'), ('ఘ', '|'), ('ట', '|'), ('ము', '|'), ('మే', 'U'), ('ను', '|'), ('ప్రా', 'U'), ('ణం', 'U'), ('బు', '|'), ('ద', '|'), ('గ', '|'), ('గా', 'U'), ('లి', '|'), ('మి', '|'), ('త్ర', '|'), ('చం', 'U'), ('ద్ర', '|'), ('వ', 'U'), ('హ్ని', '|'), ('నే', 'U'), ('త్ర', '|'), ('చ', '|'), ('య', '|'), ('ము', '|'), ('మ', '|'), ('ఱి', '|'), ('యు', '|'), ('బ్ర', 'U'), ('హ్మ', '|'), ('మ', '|'), ('న', '|'), ('గ', '|'), ('మ', '|'), ('హి', '|'), ('మీ', 'U'), ('ద', '|'), ('లే', 'U'), ('ద', '|'), ('యా', 'U'), ('వి', 'U'), ('శ్వ', '|'), ('దా', 'U'), ('భి', '|'), ('రా', 'U'), ('మ', '|'), ('వి', '|'), ('న', '|'), ('ర', '|'), ('వే', 'U'), ('మ', '|')]",0.6333333333333333,-1.0,1.0,0.65,0.25,-1.0
aataveladi,"_x000D_
పంచశత్రుఁ దెగడి పంచబాణుని గెల్చి
_x000D_
పంచవర్ణములను పఠనఁ జేసి
_x000D_
పంచముఖములు గల భవసంజ్ఞ గలవాని
_x000D_
పంచఁ జేరువాఁడు పరుఁడు వేమా.",vupajaathi,Vemana,"[('పం', 'U'), ('చ', '|'), ('శ', '|'), ('త్రు', '|'), ('దె', '|'), ('గ', '|'), ('డి', '|'), ('పం', 'U'), ('చ', '|'), ('బా', 'U'), ('ణు', '|'), ('ని', '|'), ('గె', 'U'), ('ల్చి', '|'), ('పం', 'U'), ('చ', '|'), ('వ', 'U'), ('ర్ణ', '|'), ('ము', '|'), ('ల', '|'), ('ను', '|'), ('ప', '|'), ('ఠ', '|'), ('న', '|'), ('జే', 'U'), ('సి', '|'), ('పం', 'U'), ('చ', '|'), ('ము', '|'), ('ఖ', '|'), ('ము', '|'), ('లు', '|'), ('గ', '|'), ('ల', '|'), ('భ', '|'), ('వ', '|'), ('సం', 'U'), ('జ్ఞ', '|'), ('గ', '|'), ('ల', '|'), ('వా', 'U'), ('ని', '|'), ('పం', 'U'), ('చ', '|'), ('జే', 'U'), ('రు', '|'), ('వా', 'U'), ('డు', '|'), ('ప', '|'), ('రు', '|'), ('డు', '|'), ('వే', 'U'), ('మా', 'U')]",0.5166666666666667,-1.0,1.0,0.55,0.0,-1.0
aataveladi,"_x000D_
అచరచరసమూహ మంగము లింగము
_x000D_
సరణి దెలియనట్టి శైవమేల
_x000D_
అష్టతనువు లమర హరుఁడౌట నెఱుఁగరో
_x000D_
విశ్వదాభిరామ వినర వేమ.",vupajaathi,Vemana,"[('అ', '|'), ('చ', '|'), ('ర', '|'), ('చ', '|'), ('ర', '|'), ('స', '|'), ('మూ', 'U'), ('హ', '|'), ('మం', 'U'), ('గ', '|'), ('ము', '|'), ('లిం', 'U'), ('గ', '|'), ('ము', '|'), ('స', '|'), ('ర', '|'), ('ణి', '|'), ('దె', '|'), ('లి', '|'), ('య', '|'), ('న', 'U'), ('ట్టి', '|'), ('శై', 'U'), ('వ', '|'), ('మే', 'U'), ('ల', '|'), ('అ', 'U'), ('ష్ట', '|'), ('త', '|'), ('ను', '|'), ('వు', '|'), ('ల', '|'), ('మ', '|'), ('ర', '|'), ('హ', '|'), ('రు', '|'), ('డౌ', 'U'), ('ట', '|'), ('నె', '|'), ('ఱు', '|'), ('గ', '|'), ('రో', 'U'), ('వి', 'U'), ('శ్వ', '|'), ('దా', 'U'), ('భి', '|'), ('రా', 'U'), ('మ', '|'), ('వి', '|'), ('న', '|'), ('ర', '|'), ('వే', 'U'), ('మ', '|')]",0.9166666666666666,-1.0,1.0,1.0,0.75,-1.0
aataveladi,"_x000D_
ఈశ్వరుని దలంప నేడుపాళ్లుగఁ జేసి
_x000D_
తనదుమూర్తినెల్ల ధారఁబోసి
_x000D_
నిత్యకర్మములను నిలుచురా నెఱయోగి
_x000D_
విశ్వదాభిరామ వినర వేమ.",vupajaathi,Vemana,"[('ఈ', 'U'), ('శ్వ', '|'), ('రు', '|'), ('ని', '|'), ('ద', '|'), ('లం', 'U'), ('ప', '|'), ('నే', 'U'), ('డు', '|'), ('పా', 'U'), ('ళ్లు', '|'), ('గ', '|'), ('జే', 'U'), ('సి', '|'), ('త', '|'), ('న', '|'), ('దు', '|'), ('మూ', 'U'), ('ర్తి', '|'), ('నె', 'U'), ('ల్ల', '|'), ('ధా', 'U'), ('ర', '|'), ('బో', 'U'), ('సి', '|'), ('ని', 'U'), ('త్య', '|'), ('క', 'U'), ('ర్మ', '|'), ('ము', '|'), ('ల', '|'), ('ను', '|'), ('ని', '|'), ('లు', '|'), ('చు', '|'), ('రా', 'U'), ('నె', '|'), ('ఱ', '|'), ('యో', 'U'), ('గి', '|'), ('వి', 'U'), ('శ్వ', '|'), ('దా', 'U'), ('భి', '|'), ('రా', 'U'), ('మ', '|'), ('వి', '|'), ('న', '|'), ('ర', '|'), ('వే', 'U'), ('మ', '|')]",0.9166666666666666,-1.0,1.0,1.0,0.75,-1.0
aataveladi,"_x000D_
ఏడె యక్షరముల నీయంద మొందిన
_x000D_
నందు నిందు ముక్తి యలరుచుండు
_x000D_
నందు నిందుఁ దెలియ నదియెపో బ్రహ్మంబు
_x000D_
విశ్వదాభిరామ వినర వేమ.",vupajaathi,Vemana,"[('ఏ', 'U'), ('డె', '|'), ('య', 'U'), ('క్ష', '|'), ('ర', '|'), ('ము', '|'), ('ల', '|'), ('నీ', 'U'), ('యం', 'U'), ('ద', '|'), ('మొం', 'U'), ('ది', '|'), ('న', '|'), ('నం', 'U'), ('దు', '|'), ('నిం', 'U'), ('దు', '|'), ('ము', 'U'), ('క్తి', '|'), ('య', '|'), ('ల', '|'), ('రు', '|'), ('చుం', 'U'), ('డు', '|'), ('నం', 'U'), ('దు', '|'), ('నిం', 'U'), ('దు', '|'), ('దె', '|'), ('లి', '|'), ('య', '|'), ('న', '|'), ('ది', '|'), ('యె', '|'), ('పో', 'U'), ('బ్ర', 'U'), ('హ్మం', 'U'), ('బు', '|'), ('వి', 'U'), ('శ్వ', '|'), ('దా', 'U'), ('భి', '|'), ('రా', 'U'), ('మ', '|'), ('వి', '|'), ('న', '|'), ('ర', '|'), ('వే', 'U'), ('మ', '|')]",0.8333333333333334,-1.0,1.0,1.0,0.5,-1.0
aataveladi,"_x000D_
ఎసఁగువేత్త యనుచు నెఱుగరే యీనరుల్‌
_x000D_
వేయిమార్గములను వేలు పజుఁడు
_x000D_
అవని సృష్టికర్త యంతకు గురుఁ డెన్న
_x000D_
నతనికి తలయేది యరయ వేమా.",vupajaathi,Vemana,"[('ఎ', '|'), ('స', '|'), ('గు', '|'), ('వే', 'U'), ('త్త', '|'), ('య', '|'), ('ను', '|'), ('చు', '|'), ('నె', '|'), ('ఱు', '|'), ('గ', '|'), ('రే', 'U'), ('యీ', 'U'), ('న', '|'), ('రుల్', 'U'), ('వే', 'U'), ('యి', '|'), ('మా', 'U'), ('ర్గ', '|'), ('ము', '|'), ('ల', '|'), ('ను', '|'), ('వే', 'U'), ('లు', '|'), ('ప', '|'), ('జు', '|'), ('డు', '|'), ('అ', '|'), ('వ', '|'), ('ని', '|'), ('సృ', 'U'), ('ష్టి', '|'), ('క', 'U'), ('ర్త', '|'), ('యం', 'U'), ('త', '|'), ('కు', '|'), ('గు', '|'), ('రు', '|'), ('డె', 'U'), ('న్న', '|'), ('న', '|'), ('త', '|'), ('ని', '|'), ('కి', '|'), ('త', '|'), ('ల', '|'), ('యే', 'U'), ('ది', '|'), ('య', '|'), ('ర', '|'), ('య', '|'), ('వే', 'U'), ('మా', 'U')]",0.8166666666666668,-1.0,1.0,0.95,0.5,-1.0
kandamu,"_x000D_
వేమన చెప్పిన మాటలు
_x000D_
సామంబున సకలవేద సారంబుగదా
_x000D_
సామెత పంచాక్షరిలో
_x000D_
నీమహిమలఁ దెలియకున్న నింపా వేమా.",jaathi,Vemana,"[('వే', 'U'), ('మ', '|'), ('న', '|'), ('చె', 'U'), ('ప్పి', '|'), ('న', '|'), ('మా', 'U'), ('ట', '|'), ('లు', '|'), ('సా', 'U'), ('మం', 'U'), ('బు', '|'), ('న', '|'), ('స', '|'), ('క', '|'), ('ల', '|'), ('వే', 'U'), ('ద', '|'), ('సా', 'U'), ('రం', 'U'), ('బు', '|'), ('గ', '|'), ('దా', 'U'), ('సా', 'U'), ('మె', '|'), ('త', '|'), ('పం', 'U'), ('చా', 'U'), ('క్ష', '|'), ('రి', '|'), ('లో', 'U'), ('నీ', 'U'), ('మ', '|'), ('హి', '|'), ('మ', '|'), ('ల', '|'), ('దె', '|'), ('లి', '|'), ('య', '|'), ('కు', 'U'), ('న్న', '|'), ('నిం', 'U'), ('పా', 'U'), ('వే', 'U'), ('మా', 'U')]",1.0,-1.0,1.0,1.0,1.0,1.0
aataveladi,"_x000D_
ప్రణవమంత్రమహిమ భావింప లింగంబు
_x000D_
మూడుమూర్తులందు మొనసియుండు
_x000D_
నతని నెఱిఁగి కొలువ నన్యుల వశమా
_x000D_
విశ్వదాభిరామ వినర వేమ.",vupajaathi,Vemana,"[('ప్ర', '|'), ('ణ', '|'), ('వ', '|'), ('మం', 'U'), ('త్ర', '|'), ('మ', '|'), ('హి', '|'), ('మ', '|'), ('భా', 'U'), ('విం', 'U'), ('ప', '|'), ('లిం', 'U'), ('గం', 'U'), ('బు', '|'), ('మూ', 'U'), ('డు', '|'), ('మూ', 'U'), ('ర్తు', '|'), ('లం', 'U'), ('దు', '|'), ('మొ', '|'), ('న', '|'), ('సి', '|'), ('యుం', 'U'), ('డు', '|'), ('న', '|'), ('త', '|'), ('ని', '|'), ('నె', '|'), ('ఱి', '|'), ('గి', '|'), ('కొ', '|'), ('లు', '|'), ('వ', '|'), ('న', 'U'), ('న్యు', '|'), ('ల', '|'), ('వ', '|'), ('శ', '|'), ('మా', 'U'), ('వి', 'U'), ('శ్వ', '|'), ('దా', 'U'), ('భి', '|'), ('రా', 'U'), ('మ', '|'), ('వి', '|'), ('న', '|'), ('ర', '|'), ('వే', 'U'), ('మ', '|')]",0.8666666666666667,-1.0,1.0,0.85,0.75,-1.0
aataveladi,"_x000D_
అక్షరపుట మిట్టి యండంబులోఁ గూర్చి
_x000D_
యమరునొక్క రవము ననుభవించు
_x000D_
నతని కన్న ముక్తి యక్షరమై యుండు
_x000D_
విశ్వదాభిరామ వినర వేమ.",vupajaathi,Vemana,"[('అ', 'U'), ('క్ష', '|'), ('ర', '|'), ('పు', '|'), ('ట', '|'), ('మి', 'U'), ('ట్టి', '|'), ('యం', 'U'), ('డం', 'U'), ('బు', '|'), ('లో', 'U'), ('గూ', 'U'), ('ర్చి', '|'), ('య', '|'), ('మ', '|'), ('రు', '|'), ('నొ', 'U'), ('క్క', '|'), ('ర', '|'), ('వ', '|'), ('ము', '|'), ('న', '|'), ('ను', '|'), ('భ', '|'), ('విం', 'U'), ('చు', '|'), ('న', '|'), ('త', '|'), ('ని', '|'), ('క', 'U'), ('న్న', '|'), ('ము', 'U'), ('క్తి', '|'), ('య', 'U'), ('క్ష', '|'), ('ర', '|'), ('మై', 'U'), ('యుం', 'U'), ('డు', '|'), ('వి', 'U'), ('శ్వ', '|'), ('దా', 'U'), ('భి', '|'), ('రా', 'U'), ('మ', '|'), ('వి', '|'), ('న', '|'), ('ర', '|'), ('వే', 'U'), ('మ', '|')]",0.8333333333333334,-1.0,1.0,1.0,0.5,-1.0
kandamu,"_x000D_
అక్షరపుటడవిఁజొర వే
_x000D_
లక్షలఁ జదువంగ నేల లాలితముగఁ బ్ర
_x000D_
త్యక్షముగను శివ యను రెం
_x000D_
డక్షరములు మనకి శుద్ధి యగురా వేమా.",jaathi,Vemana,"[('అ', 'U'), ('క్ష', '|'), ('ర', '|'), ('పు', '|'), ('ట', '|'), ('డ', '|'), ('వి', '|'), ('జొ', '|'), ('ర', '|'), ('వే', 'U'), ('ల', 'U'), ('క్ష', '|'), ('ల', '|'), ('జ', '|'), ('దు', '|'), ('వం', 'U'), ('గ', '|'), ('నే', 'U'), ('ల', '|'), ('లా', 'U'), ('లి', '|'), ('త', '|'), ('ము', '|'), ('గ', '|'), ('బ్ర', 'U'), ('త్య', 'U'), ('క్ష', '|'), ('ము', '|'), ('గ', '|'), ('ను', '|'), ('శి', '|'), ('వ', '|'), ('య', '|'), ('ను', '|'), ('రెం', 'U'), ('డ', 'U'), ('క్ష', '|'), ('ర', '|'), ('ము', '|'), ('లు', '|'), ('మ', '|'), ('న', '|'), ('కి', '|'), ('శు', 'U'), ('ద్ధి', '|'), ('య', '|'), ('గు', '|'), ('రా', 'U'), ('వే', 'U'), ('మా', 'U')]",0.875,-1.0,1.0,1.0,0.5,1.0
aataveladi,"_x000D_
లోను బదిలపఱచి లోనివికారముల్‌
_x000D_
దలఁచి మెట్టువారు తెలియువారు
_x000D_
ఆకసమున వేడ్కనరయంగ నుందురు
_x000D_
విశ్వదాభిరామ వినర వేమ.",vupajaathi,Vemana,"[('లో', 'U'), ('ను', '|'), ('బ', '|'), ('ది', '|'), ('ల', '|'), ('ప', '|'), ('ఱ', '|'), ('చి', '|'), ('లో', 'U'), ('ని', '|'), ('వి', '|'), ('కా', 'U'), ('ర', '|'), ('ముల్', 'U'), ('ద', '|'), ('ల', '|'), ('చి', '|'), ('మె', 'U'), ('ట్టు', '|'), ('వా', 'U'), ('రు', '|'), ('తె', '|'), ('లి', '|'), ('యు', '|'), ('వా', 'U'), ('రు', '|'), ('ఆ', 'U'), ('క', '|'), ('స', '|'), ('ము', '|'), ('న', '|'), ('వే', 'U'), ('డ్క', '|'), ('న', '|'), ('ర', '|'), ('యం', 'U'), ('గ', '|'), ('నుం', 'U'), ('దు', '|'), ('రు', '|'), ('వి', 'U'), ('శ్వ', '|'), ('దా', 'U'), ('భి', '|'), ('రా', 'U'), ('మ', '|'), ('వి', '|'), ('న', '|'), ('ర', '|'), ('వే', 'U'), ('మ', '|')]",0.9166666666666666,-1.0,1.0,1.0,0.75,-1.0
aataveladi,"_x000D_
సూక్ష్మమధ్యమునను సొరిది జీవుం డుండు
_x000D_
స్థూలమధ్యమందు సూర్యుఁ డుండు
_x000D_
నాదబిందుకళల నాబ్రహ్మ ముండురా
_x000D_
విశ్వదాభిరామ వినర వేమ.",vupajaathi,Vemana,"[('సూ', 'U'), ('క్ష్మ', '|'), ('మ', 'U'), ('ధ్య', '|'), ('ము', '|'), ('న', '|'), ('ను', '|'), ('సొ', '|'), ('రి', '|'), ('ది', '|'), ('జీ', 'U'), ('వుం', 'U'), ('డుం', 'U'), ('డు', 'U'), ('స్థూ', 'U'), ('ల', '|'), ('మ', 'U'), ('ధ్య', '|'), ('మం', 'U'), ('దు', '|'), ('సూ', 'U'), ('ర్యు', '|'), ('డుం', 'U'), ('డు', '|'), ('నా', 'U'), ('ద', '|'), ('బిం', 'U'), ('దు', '|'), ('క', '|'), ('ళ', '|'), ('ల', '|'), ('నా', 'U'), ('బ్ర', 'U'), ('హ్మ', '|'), ('ముం', 'U'), ('డు', '|'), ('రా', 'U'), ('వి', 'U'), ('శ్వ', '|'), ('దా', 'U'), ('భి', '|'), ('రా', 'U'), ('మ', '|'), ('వి', '|'), ('న', '|'), ('ర', '|'), ('వే', 'U'), ('మ', '|')]",0.65,-1.0,1.0,0.7,0.25,-1.0
aataveladi,"_x000D_
చూపులోనిచూపు సూక్ష్మమౌఁ దెలియంగఁ
_x000D_
జూపులోనిచూపు శుభ్రమాయె
_x000D_
జూపులోనిచూపు సురవరగమ్యము
_x000D_
విశ్వదాభిరామ వినర వేమ.",vupajaathi,Vemana,"[('చూ', 'U'), ('పు', '|'), ('లో', 'U'), ('ని', '|'), ('చూ', 'U'), ('పు', '|'), ('సూ', 'U'), ('క్ష్మ', '|'), ('మౌ', 'U'), ('దె', '|'), ('లి', '|'), ('యం', 'U'), ('గ', '|'), ('జూ', 'U'), ('పు', '|'), ('లో', 'U'), ('ని', '|'), ('చూ', 'U'), ('పు', '|'), ('శు', '|'), ('భ్ర', '|'), ('మా', 'U'), ('యె', '|'), ('జూ', 'U'), ('పు', '|'), ('లో', 'U'), ('ని', '|'), ('చూ', 'U'), ('పు', '|'), ('సు', '|'), ('ర', '|'), ('వ', '|'), ('ర', '|'), ('గ', 'U'), ('మ్య', '|'), ('ము', '|'), ('వి', 'U'), ('శ్వ', '|'), ('దా', 'U'), ('భి', '|'), ('రా', 'U'), ('మ', '|'), ('వి', '|'), ('న', '|'), ('ర', '|'), ('వే', 'U'), ('మ', '|')]",0.7333333333333334,-1.0,1.0,0.7,0.5,-1.0
aataveladi,"_x000D_
ప్రణవ మరయలేక భక్తుఁడు గాలేఁడు
_x000D_
జ్యోతి నరయలేక జోగికాఁడు
_x000D_
నిత్య మరయలేక నిర్వాణికాఁడయా
_x000D_
విశ్వదాభిరామ వినర వేమ.",vupajaathi,Vemana,"[('ప్ర', '|'), ('ణ', '|'), ('వ', '|'), ('మ', '|'), ('ర', '|'), ('య', '|'), ('లే', 'U'), ('క', '|'), ('భ', 'U'), ('క్తు', '|'), ('డు', '|'), ('గా', 'U'), ('లే', 'U'), ('డు', 'U'), ('జ్యో', 'U'), ('తి', '|'), ('న', '|'), ('ర', '|'), ('య', '|'), ('లే', 'U'), ('క', '|'), ('జో', 'U'), ('గి', '|'), ('కా', 'U'), ('డు', '|'), ('ని', 'U'), ('త్య', '|'), ('మ', '|'), ('ర', '|'), ('య', '|'), ('లే', 'U'), ('క', '|'), ('ని', 'U'), ('ర్వా', 'U'), ('ణి', '|'), ('కా', 'U'), ('డ', '|'), ('యా', 'U'), ('వి', 'U'), ('శ్వ', '|'), ('దా', 'U'), ('భి', '|'), ('రా', 'U'), ('మ', '|'), ('వి', '|'), ('న', '|'), ('ర', '|'), ('వే', 'U'), ('మ', '|')]",0.65,-1.0,1.0,0.7,0.25,-1.0
aataveladi,"_x000D_
ఆత్మయందు జ్యోతి యెఱుగుట లింగంబు
_x000D_
తెలిసిచూడగాను తేటపడును
_x000D_
అదియు గురువులేక యబ్బునా తెలియంగ
_x000D_
విశ్వదాభిరామ వినర వేమ.",vupajaathi,Vemana,"[('ఆ', 'U'), ('త్మ', '|'), ('యం', 'U'), ('దు', 'U'), ('జ్యో', 'U'), ('తి', '|'), ('యె', '|'), ('ఱు', '|'), ('గు', '|'), ('ట', '|'), ('లిం', 'U'), ('గం', 'U'), ('బు', '|'), ('తె', '|'), ('లి', '|'), ('సి', '|'), ('చూ', 'U'), ('డ', '|'), ('గా', 'U'), ('ను', '|'), ('తే', 'U'), ('ట', '|'), ('ప', '|'), ('డు', '|'), ('ను', '|'), ('అ', '|'), ('ది', '|'), ('యు', '|'), ('గు', '|'), ('రు', '|'), ('వు', '|'), ('లే', 'U'), ('క', '|'), ('య', 'U'), ('బ్బు', '|'), ('నా', 'U'), ('తె', '|'), ('లి', '|'), ('యం', 'U'), ('గ', '|'), ('వి', 'U'), ('శ్వ', '|'), ('దా', 'U'), ('భి', '|'), ('రా', 'U'), ('మ', '|'), ('వి', '|'), ('న', '|'), ('ర', '|'), ('వే', 'U'), ('మ', '|')]",0.6,-1.0,1.0,0.8,0.0,-1.0
kandamu,"_x000D_
ఘంటారావము మదిలో
_x000D_
వింటిన్నే కంటఁగంటి విమలపుకాంతి\న్‌
_x000D_
వెంటాడక బ్రహ్మంబును
_x000D_
గంటిని వగ కాదు నన్నుఁ గనుగొన వేమా.",jaathi,Vemana,"[('ఘం', 'U'), ('టా', 'U'), ('రా', 'U'), ('వ', '|'), ('ము', '|'), ('మ', '|'), ('ది', '|'), ('లో', 'U'), ('విం', 'U'), ('టి', 'U'), ('న్నే', 'U'), ('కం', 'U'), ('ట', '|'), ('గం', 'U'), ('టి', '|'), ('వి', '|'), ('మ', '|'), ('ల', '|'), ('పు', '|'), ('కాం', 'U'), ('తిన్', 'U'), ('వెం', 'U'), ('టా', 'U'), ('డ', '|'), ('క', '|'), ('బ్ర', 'U'), ('హ్మం', 'U'), ('బు', '|'), ('ను', '|'), ('గం', 'U'), ('టి', '|'), ('ని', '|'), ('వ', '|'), ('గ', '|'), ('కా', 'U'), ('దు', '|'), ('న', 'U'), ('న్ను', '|'), ('గ', '|'), ('ను', '|'), ('గొ', '|'), ('న', '|'), ('వే', 'U'), ('మా', 'U')]",1.0,-1.0,1.0,1.0,1.0,1.0
aataveladi,"_x000D_
మొదలు చూచిచూచి తుదిఁ జూడకుండెనా
_x000D_
చూపు తప్పినపుడె సొరగవలెను
_x000D_
సొరగకున్నవానిఁ జులకగాఁ జూతురు
_x000D_
విశ్వదాభిరామ వినర వేమ.",vupajaathi,Vemana,"[('మొ', '|'), ('ద', '|'), ('లు', '|'), ('చూ', 'U'), ('చి', '|'), ('చూ', 'U'), ('చి', '|'), ('తు', '|'), ('ది', '|'), ('జూ', 'U'), ('డ', '|'), ('కుం', 'U'), ('డె', '|'), ('నా', 'U'), ('చూ', 'U'), ('పు', '|'), ('త', 'U'), ('ప్పి', '|'), ('న', '|'), ('పు', '|'), ('డె', '|'), ('సొ', '|'), ('ర', '|'), ('గ', '|'), ('వ', '|'), ('లె', '|'), ('ను', '|'), ('సొ', '|'), ('ర', '|'), ('గ', '|'), ('కు', 'U'), ('న్న', '|'), ('వా', 'U'), ('ని', '|'), ('జు', '|'), ('ల', '|'), ('క', '|'), ('గా', 'U'), ('జూ', 'U'), ('తు', '|'), ('రు', '|'), ('వి', 'U'), ('శ్వ', '|'), ('దా', 'U'), ('భి', '|'), ('రా', 'U'), ('మ', '|'), ('వి', '|'), ('న', '|'), ('ర', '|'), ('వే', 'U'), ('మ', '|')]",1.0,-1.0,1.0,1.0,1.0,-1.0
aataveladi,"_x000D_
జ్ఞానముద్రచేతఁ గానవచ్చెడితళ్కు
_x000D_
నదియ మదికి శ్రేష్ఠ మనుచు మునులు
_x000D_
పలికి రదియుఁ దెలియఁ బరమార్థ మగునయా
_x000D_
విశ్వదాభిరామ వినర వేమ.",vupajaathi,Vemana,"[('జ్ఞా', 'U'), ('న', '|'), ('ము', '|'), ('ద్ర', '|'), ('చే', 'U'), ('త', '|'), ('గా', 'U'), ('న', '|'), ('వ', 'U'), ('చ్చె', '|'), ('డి', '|'), ('త', 'U'), ('ళ్కు', '|'), ('న', '|'), ('ది', '|'), ('య', '|'), ('మ', '|'), ('ది', '|'), ('కి', '|'), ('శ్రే', 'U'), ('ష్ఠ', '|'), ('మ', '|'), ('ను', '|'), ('చు', '|'), ('ము', '|'), ('ను', '|'), ('లు', '|'), ('ప', '|'), ('లి', '|'), ('కి', '|'), ('ర', '|'), ('ది', '|'), ('యు', '|'), ('దె', '|'), ('లి', '|'), ('య', '|'), ('బ', '|'), ('ర', '|'), ('మా', 'U'), ('ర్థ', '|'), ('మ', '|'), ('గు', '|'), ('న', '|'), ('యా', 'U'), ('వి', 'U'), ('శ్వ', '|'), ('దా', 'U'), ('భి', '|'), ('రా', 'U'), ('మ', '|'), ('వి', '|'), ('న', '|'), ('ర', '|'), ('వే', 'U'), ('మ', '|')]",0.5666666666666667,-1.0,1.0,0.7,0.0,-1.0
aataveladi,"_x000D_
నాదబిందుకళల నయమొంది యాత్మ
_x000D_
యం దంటి చపలచిత్త మమర నిల్పి
_x000D_
బ్రహ్మరంధ్రమునను బ్రబలిన యోగిరా
_x000D_
విశ్వదాభిరామ వినర వేమ.",vupajaathi,Vemana,"[('నా', 'U'), ('ద', '|'), ('బిం', 'U'), ('దు', '|'), ('క', '|'), ('ళ', '|'), ('ల', '|'), ('న', '|'), ('య', '|'), ('మొం', 'U'), ('ది', '|'), ('యా', 'U'), ('త్మ', '|'), ('యం', 'U'), ('దం', 'U'), ('టి', '|'), ('చ', '|'), ('ప', '|'), ('ల', '|'), ('చి', 'U'), ('త్త', '|'), ('మ', '|'), ('మ', '|'), ('ర', '|'), ('ని', 'U'), ('ల్పి', '|'), ('బ్ర', 'U'), ('హ్మ', '|'), ('రం', 'U'), ('ధ్ర', '|'), ('ము', '|'), ('న', '|'), ('ను', '|'), ('బ్ర', '|'), ('బ', '|'), ('లి', '|'), ('న', '|'), ('యో', 'U'), ('గి', '|'), ('రా', 'U'), ('వి', 'U'), ('శ్వ', '|'), ('దా', 'U'), ('భి', '|'), ('రా', 'U'), ('మ', '|'), ('వి', '|'), ('న', '|'), ('ర', '|'), ('వే', 'U'), ('మ', '|')]",0.9166666666666666,-1.0,1.0,1.0,0.75,-1.0
aataveladi,"_x000D_
మనసు హక్కు కర్మ మదియేమి లేకయ
_x000D_
రాకపోకలేని రాజవీధి
_x000D_
పరగ హాని గలదె పరతత్వయోగికి
_x000D_
విశ్వదాభిరామ వినర వేమ.",vupajaathi,Vemana,"[('మ', '|'), ('న', '|'), ('సు', '|'), ('హ', 'U'), ('క్కు', '|'), ('క', 'U'), ('ర్మ', '|'), ('మ', '|'), ('ది', '|'), ('యే', 'U'), ('మి', '|'), ('లే', 'U'), ('క', '|'), ('య', '|'), ('రా', 'U'), ('క', '|'), ('పో', 'U'), ('క', '|'), ('లే', 'U'), ('ని', '|'), ('రా', 'U'), ('జ', '|'), ('వీ', 'U'), ('ధి', '|'), ('ప', '|'), ('ర', '|'), ('గ', '|'), ('హా', 'U'), ('ని', '|'), ('గ', '|'), ('ల', '|'), ('దె', '|'), ('ప', '|'), ('ర', '|'), ('త', 'U'), ('త్వ', '|'), ('యో', 'U'), ('గి', '|'), ('కి', '|'), ('వి', 'U'), ('శ్వ', '|'), ('దా', 'U'), ('భి', '|'), ('రా', 'U'), ('మ', '|'), ('వి', '|'), ('న', '|'), ('ర', '|'), ('వే', 'U'), ('మ', '|')]",1.0,-1.0,1.0,1.0,1.0,-1.0
aataveladi,"_x000D_
సూక్ష్మరూప మెఱిగి సుఖమొందగా లేక
_x000D_
బహుళముగను జదువఁబడుచు నరుఁడు
_x000D_
చావుచేటెఱుఁగని చదువేల చదువునో
_x000D_
విశ్వదాభిరామ వినర వేమ.",vupajaathi,Vemana,"[('సూ', 'U'), ('క్ష్మ', '|'), ('రూ', 'U'), ('ప', '|'), ('మె', '|'), ('ఱి', '|'), ('గి', '|'), ('సు', '|'), ('ఖ', '|'), ('మొం', 'U'), ('ద', '|'), ('గా', 'U'), ('లే', 'U'), ('క', '|'), ('బ', '|'), ('హు', '|'), ('ళ', '|'), ('ము', '|'), ('గ', '|'), ('ను', '|'), ('జ', '|'), ('దు', '|'), ('వ', '|'), ('బ', '|'), ('డు', '|'), ('చు', '|'), ('న', '|'), ('రు', '|'), ('డు', '|'), ('చా', 'U'), ('వు', '|'), ('చే', 'U'), ('టె', '|'), ('ఱు', '|'), ('గ', '|'), ('ని', '|'), ('చ', '|'), ('దు', '|'), ('వే', 'U'), ('ల', '|'), ('చ', '|'), ('దు', '|'), ('వు', '|'), ('నో', 'U'), ('వి', 'U'), ('శ్వ', '|'), ('దా', 'U'), ('భి', '|'), ('రా', 'U'), ('మ', '|'), ('వి', '|'), ('న', '|'), ('ర', '|'), ('వే', 'U'), ('మ', '|')]",1.0,-1.0,1.0,1.0,1.0,-1.0
aataveladi,"_x000D_
ఉత్తముని కడుపున నోగు జన్మించిన
_x000D_
వాఁడు చెఱచువానివంశమెల్ల
_x000D_
చెఱకువెన్ను పుట్టి చెఱపదా తీపెల్ల
_x000D_
విశ్వదాభిరామ వినర వేమ.",vupajaathi,Vemana,"[('ఉ', 'U'), ('త్త', '|'), ('ము', '|'), ('ని', '|'), ('క', '|'), ('డు', '|'), ('పు', '|'), ('న', '|'), ('నో', 'U'), ('గు', '|'), ('జ', 'U'), ('న్మిం', 'U'), ('చి', '|'), ('న', '|'), ('వా', 'U'), ('డు', '|'), ('చె', '|'), ('ఱ', '|'), ('చు', '|'), ('వా', 'U'), ('ని', '|'), ('వం', 'U'), ('శ', '|'), ('మె', 'U'), ('ల్ల', '|'), ('చె', '|'), ('ఱ', '|'), ('కు', '|'), ('వె', 'U'), ('న్ను', '|'), ('పు', 'U'), ('ట్టి', '|'), ('చె', '|'), ('ఱ', '|'), ('ప', '|'), ('దా', 'U'), ('తీ', 'U'), ('పె', 'U'), ('ల్ల', '|'), ('వి', 'U'), ('శ్వ', '|'), ('దా', 'U'), ('భి', '|'), ('రా', 'U'), ('మ', '|'), ('వి', '|'), ('న', '|'), ('ర', '|'), ('వే', 'U'), ('మ', '|')]",0.9166666666666666,-1.0,1.0,1.0,0.75,-1.0
aataveladi,"_x000D_
తనువ దెవరిసొమ్ము తనదని పోషింప
_x000D_
ధనమదెవరిసొమ్ము దాచుకొనఁగ
_x000D_
ప్రాణ మెవరిసొమ్ము పాయకుండఁగ నిల్ప
_x000D_
విశ్వదాభిరామ వినర వేమ.",vupajaathi,Vemana,"[('త', '|'), ('ను', '|'), ('వ', '|'), ('దె', '|'), ('వ', '|'), ('రి', '|'), ('సొ', 'U'), ('మ్ము', '|'), ('త', '|'), ('న', '|'), ('ద', '|'), ('ని', '|'), ('పో', 'U'), ('షిం', 'U'), ('ప', '|'), ('ధ', '|'), ('న', '|'), ('మ', '|'), ('దె', '|'), ('వ', '|'), ('రి', '|'), ('సొ', 'U'), ('మ్ము', '|'), ('దా', 'U'), ('చు', '|'), ('కొ', '|'), ('న', '|'), ('గ', '|'), ('ప్రా', 'U'), ('ణ', '|'), ('మె', '|'), ('వ', '|'), ('రి', '|'), ('సొ', 'U'), ('మ్ము', '|'), ('పా', 'U'), ('య', '|'), ('కుం', 'U'), ('డ', '|'), ('గ', '|'), ('ని', 'U'), ('ల్ప', '|'), ('వి', 'U'), ('శ్వ', '|'), ('దా', 'U'), ('భి', '|'), ('రా', 'U'), ('మ', '|'), ('వి', '|'), ('న', '|'), ('ర', '|'), ('వే', 'U'), ('మ', '|')]",1.0,-1.0,1.0,1.0,1.0,-1.0
aataveladi,"_x000D_
జీవిఁజంపుటెల్ల శివభక్తి తప్పుట
_x000D_
జీవు నరసిచూడ శివుఁడు గాదె
_x000D_
జీవుఁడు శివుఁడగును సిద్ధంబు దెలియరో
_x000D_
విశ్వదాభిరామ వినర వేమ.",vupajaathi,Vemana,"[('జీ', 'U'), ('వి', '|'), ('జం', 'U'), ('పు', '|'), ('టె', 'U'), ('ల్ల', '|'), ('శి', '|'), ('వ', '|'), ('భ', 'U'), ('క్తి', '|'), ('త', 'U'), ('ప్పు', '|'), ('ట', '|'), ('జీ', 'U'), ('వు', '|'), ('న', '|'), ('ర', '|'), ('సి', '|'), ('చూ', 'U'), ('డ', '|'), ('శి', '|'), ('వు', '|'), ('డు', '|'), ('గా', 'U'), ('దె', '|'), ('జీ', 'U'), ('వు', '|'), ('డు', '|'), ('శి', '|'), ('వు', '|'), ('డ', '|'), ('గు', '|'), ('ను', '|'), ('సి', 'U'), ('ద్ధం', 'U'), ('బు', '|'), ('దె', '|'), ('లి', '|'), ('య', '|'), ('రో', 'U'), ('వి', 'U'), ('శ్వ', '|'), ('దా', 'U'), ('భి', '|'), ('రా', 'U'), ('మ', '|'), ('వి', '|'), ('న', '|'), ('ర', '|'), ('వే', 'U'), ('మ', '|')]",1.0,-1.0,1.0,1.0,1.0,-1.0
aataveladi,"_x000D_
పరగ చెట్టుఁబెట్టి పాలింప కుండెనా
_x000D_
వెలుగుదాటి వీధి వెళ్ళిరాఱు
_x000D_
ఆడువారి చిత్త మటువలె నుండురా
_x000D_
విశ్వదాభిరామ వినర వేమ.",vupajaathi,Vemana,"[('ప', '|'), ('ర', '|'), ('గ', '|'), ('చె', 'U'), ('ట్టు', '|'), ('బె', 'U'), ('ట్టి', '|'), ('పా', 'U'), ('లిం', 'U'), ('ప', '|'), ('కుం', 'U'), ('డె', '|'), ('నా', 'U'), ('వె', '|'), ('లు', '|'), ('గు', '|'), ('దా', 'U'), ('టి', '|'), ('వీ', 'U'), ('ధి', '|'), ('వె', 'U'), ('ళ్ళి', '|'), ('రా', 'U'), ('ఱు', '|'), ('ఆ', 'U'), ('డు', '|'), ('వా', 'U'), ('రి', '|'), ('చి', 'U'), ('త్త', '|'), ('మ', '|'), ('టు', '|'), ('వ', '|'), ('లె', '|'), ('నుం', 'U'), ('డు', '|'), ('రా', 'U'), ('వి', 'U'), ('శ్వ', '|'), ('దా', 'U'), ('భి', '|'), ('రా', 'U'), ('మ', '|'), ('వి', '|'), ('న', '|'), ('ర', '|'), ('వే', 'U'), ('మ', '|')]",0.9166666666666666,-1.0,1.0,1.0,0.75,-1.0
aataveladi,"_x000D_
కొంకణంబు పోఁవగుక్క సింహము గాదు
_x000D_
కాశిబోవఁబంది గజము గాదు
_x000D_
వేఱె జాతివాఁడు విప్రుఁడు గాఁడయా
_x000D_
విశ్వదాభిరామ వినర వేమ.",vupajaathi,Vemana,"[('కొం', 'U'), ('క', '|'), ('ణం', 'U'), ('బు', '|'), ('పో', 'U'), ('వ', '|'), ('గు', 'U'), ('క్క', '|'), ('సిం', 'U'), ('హ', '|'), ('ము', '|'), ('గా', 'U'), ('దు', '|'), ('కా', 'U'), ('శి', '|'), ('బో', 'U'), ('వ', '|'), ('బం', 'U'), ('ది', '|'), ('గ', '|'), ('జ', '|'), ('ము', '|'), ('గా', 'U'), ('దు', '|'), ('వే', 'U'), ('ఱె', '|'), ('జా', 'U'), ('తి', '|'), ('వా', 'U'), ('డు', '|'), ('వి', '|'), ('ప్రు', '|'), ('డు', '|'), ('గా', 'U'), ('డ', '|'), ('యా', 'U'), ('వి', 'U'), ('శ్వ', '|'), ('దా', 'U'), ('భి', '|'), ('రా', 'U'), ('మ', '|'), ('వి', '|'), ('న', '|'), ('ర', '|'), ('వే', 'U'), ('మ', '|')]",0.8833333333333333,-1.0,1.0,0.9,0.75,-1.0
aataveladi,"_x000D_
ఇచ్చువానియొద్ద నీయనివాడుండఁ
_x000D_
జచ్చుగాని యీవి సాగనీఁడు
_x000D_
కల్పతరువుక్రింద గ్రచ్చ చెట్టునట్లు
_x000D_
విశ్వదాభిరామ వినర వేమ.",vupajaathi,Vemana,"[('ఇ', 'U'), ('చ్చు', '|'), ('వా', 'U'), ('ని', '|'), ('యొ', 'U'), ('ద్ద', '|'), ('నీ', 'U'), ('య', '|'), ('ని', '|'), ('వా', 'U'), ('డుం', 'U'), ('డ', '|'), ('జ', 'U'), ('చ్చు', '|'), ('గా', 'U'), ('ని', '|'), ('యీ', 'U'), ('వి', '|'), ('సా', 'U'), ('గ', '|'), ('నీ', 'U'), ('డు', '|'), ('క', 'U'), ('ల్ప', '|'), ('త', '|'), ('రు', '|'), ('వు', '|'), ('క్రిం', 'U'), ('ద', '|'), ('గ్ర', 'U'), ('చ్చ', '|'), ('చె', 'U'), ('ట్టు', '|'), ('న', 'U'), ('ట్లు', '|'), ('వి', 'U'), ('శ్వ', '|'), ('దా', 'U'), ('భి', '|'), ('రా', 'U'), ('మ', '|'), ('వి', '|'), ('న', '|'), ('ర', '|'), ('వే', 'U'), ('మ', '|')]",0.7833333333333333,-1.0,1.0,0.85,0.5,-1.0
aataveladi,"_x000D_
అల్పబుద్ధివాని కధికార మిచ్చిన
_x000D_
దొడ్డవారినెల్లఁ దొలఁగఁగొట్టు
_x000D_
చెప్పుతినెడికుక్క చెఱకుతీ పెఱుఁగునా
_x000D_
విశ్వదాభిరామ వినర వేమ.",vupajaathi,Vemana,"[('అ', 'U'), ('ల్ప', '|'), ('బు', 'U'), ('ద్ధి', '|'), ('వా', 'U'), ('ని', '|'), ('క', '|'), ('ధి', '|'), ('కా', 'U'), ('ర', '|'), ('మి', 'U'), ('చ్చి', '|'), ('న', '|'), ('దొ', 'U'), ('డ్డ', '|'), ('వా', 'U'), ('రి', '|'), ('నె', 'U'), ('ల్ల', '|'), ('దొ', '|'), ('ల', '|'), ('గ', '|'), ('గొ', 'U'), ('ట్టు', '|'), ('చె', 'U'), ('ప్పు', '|'), ('తి', '|'), ('నె', '|'), ('డి', '|'), ('కు', 'U'), ('క్క', '|'), ('చె', '|'), ('ఱ', '|'), ('కు', '|'), ('తీ', 'U'), ('పె', '|'), ('ఱు', '|'), ('గు', '|'), ('నా', 'U'), ('వి', 'U'), ('శ్వ', '|'), ('దా', 'U'), ('భి', '|'), ('రా', 'U'), ('మ', '|'), ('వి', '|'), ('న', '|'), ('ర', '|'), ('వే', 'U'), ('మ', '|')]",0.9166666666666666,-1.0,1.0,1.0,0.75,-1.0
aataveladi,"_x000D_
ఆపదందుఁ జూడు మారయ బంధుల
_x000D_
భయమువేళఁజూడు బంటుగుణము
_x000D_
పేదపడ్డ వెనుక పెండ్లము మతిఁజూడు
_x000D_
విశ్వదాభిరామ వినర వేమ.",vupajaathi,Vemana,"[('ఆ', 'U'), ('ప', '|'), ('దం', 'U'), ('దు', '|'), ('జూ', 'U'), ('డు', '|'), ('మా', 'U'), ('ర', '|'), ('య', '|'), ('బం', 'U'), ('ధు', '|'), ('ల', '|'), ('భ', '|'), ('య', '|'), ('ము', '|'), ('వే', 'U'), ('ళ', '|'), ('జూ', 'U'), ('డు', '|'), ('బం', 'U'), ('టు', '|'), ('గు', '|'), ('ణ', '|'), ('ము', '|'), ('పే', 'U'), ('ద', '|'), ('ప', 'U'), ('డ్డ', '|'), ('వె', '|'), ('ను', '|'), ('క', '|'), ('పెం', 'U'), ('డ్ల', '|'), ('ము', '|'), ('మ', '|'), ('తి', '|'), ('జూ', 'U'), ('డు', '|'), ('వి', 'U'), ('శ్వ', '|'), ('దా', 'U'), ('భి', '|'), ('రా', 'U'), ('మ', '|'), ('వి', '|'), ('న', '|'), ('ర', '|'), ('వే', 'U'), ('మ', '|')]",0.9166666666666666,-1.0,1.0,1.0,0.75,-1.0
aataveladi,"_x000D_
మగఁడు మదనుఁడైన మంచికాఁపురమైన
_x000D_
సహజ మేల మాను జారకాంత
_x000D_
పాలుద్రావు కుక్క బడిబడి పోవదా
_x000D_
విశ్వదాభిరామ వినర వేమ.",vupajaathi,Vemana,"[('మ', '|'), ('గ', '|'), ('డు', '|'), ('మ', '|'), ('ద', '|'), ('ను', '|'), ('డై', 'U'), ('న', '|'), ('మం', 'U'), ('చి', '|'), ('కా', 'U'), ('పు', '|'), ('ర', '|'), ('మై', 'U'), ('న', '|'), ('స', '|'), ('హ', '|'), ('జ', '|'), ('మే', 'U'), ('ల', '|'), ('మా', 'U'), ('ను', '|'), ('జా', 'U'), ('ర', '|'), ('కాం', 'U'), ('త', '|'), ('పా', 'U'), ('లు', '|'), ('ద్రా', 'U'), ('వు', '|'), ('కు', 'U'), ('క్క', '|'), ('బ', '|'), ('డి', '|'), ('బ', '|'), ('డి', '|'), ('పో', 'U'), ('వ', '|'), ('దా', 'U'), ('వి', 'U'), ('శ్వ', '|'), ('దా', 'U'), ('భి', '|'), ('రా', 'U'), ('మ', '|'), ('వి', '|'), ('న', '|'), ('ర', '|'), ('వే', 'U'), ('మ', '|')]",1.0,-1.0,1.0,1.0,1.0,-1.0
aataveladi,"_x000D_
పురుషుఁ డెఱుఁగఁ జంపు భూపతి వినఁజేటు
_x000D_
నఖిలనిందలకును నాలయంబు
_x000D_
పరపురుష గమనము ప్రత్యక్ష నరకము
_x000D_
విశ్వదాభిరామ వినర వేమ.",vupajaathi,Vemana,"[('పు', '|'), ('రు', '|'), ('షు', '|'), ('డె', '|'), ('ఱు', '|'), ('గ', '|'), ('జం', 'U'), ('పు', '|'), ('భూ', 'U'), ('ప', '|'), ('తి', '|'), ('వి', '|'), ('న', '|'), ('జే', 'U'), ('టు', '|'), ('న', '|'), ('ఖి', '|'), ('ల', '|'), ('నిం', 'U'), ('ద', '|'), ('ల', '|'), ('కు', '|'), ('ను', '|'), ('నా', 'U'), ('ల', '|'), ('యం', 'U'), ('బు', '|'), ('ప', '|'), ('ర', '|'), ('పు', '|'), ('రు', '|'), ('ష', '|'), ('గ', '|'), ('మ', '|'), ('న', '|'), ('ము', '|'), ('ప్ర', 'U'), ('త్య', 'U'), ('క్ష', '|'), ('న', '|'), ('ర', '|'), ('క', '|'), ('ము', '|'), ('వి', 'U'), ('శ్వ', '|'), ('దా', 'U'), ('భి', '|'), ('రా', 'U'), ('మ', '|'), ('వి', '|'), ('న', '|'), ('ర', '|'), ('వే', 'U'), ('మ', '|')]",1.0,-1.0,1.0,1.0,1.0,-1.0
aataveladi,"_x000D_
ఆలి వంచలేక యధమత్వముననుండి
_x000D_
వెనుక వంతుననుట వెఱ్ఱితనము
_x000D_
చెట్టుముదర నిచ్చి చిదిమినఁ బోవునా
_x000D_
విశ్వదాభిరామ వినర వేమ.",vupajaathi,Vemana,"[('ఆ', 'U'), ('లి', '|'), ('వం', 'U'), ('చ', '|'), ('లే', 'U'), ('క', '|'), ('య', '|'), ('ధ', '|'), ('మ', 'U'), ('త్వ', '|'), ('ము', '|'), ('న', '|'), ('నుం', 'U'), ('డి', '|'), ('వె', '|'), ('ను', '|'), ('క', '|'), ('వం', 'U'), ('తు', '|'), ('న', '|'), ('ను', '|'), ('ట', '|'), ('వె', 'U'), ('ఱ్ఱి', '|'), ('త', '|'), ('న', '|'), ('ము', '|'), ('చె', 'U'), ('ట్టు', '|'), ('ము', '|'), ('ద', '|'), ('ర', '|'), ('ని', 'U'), ('చ్చి', '|'), ('చి', '|'), ('ది', '|'), ('మి', '|'), ('న', '|'), ('బో', 'U'), ('వు', '|'), ('నా', 'U'), ('వి', 'U'), ('శ్వ', '|'), ('దా', 'U'), ('భి', '|'), ('రా', 'U'), ('మ', '|'), ('వి', '|'), ('న', '|'), ('ర', '|'), ('వే', 'U'), ('మ', '|')]",1.0,-1.0,1.0,1.0,1.0,-1.0
aataveladi,"_x000D_
ఎలుకతోక దెచ్చి యెందాక నుతికిన
_x000D_
నలుపుగాక యేల తెలుపు గలుగు
_x000D_
కొయ్యబొమ్మ తెచ్చి కొట్టిన గుణియౌనె
_x000D_
విశ్వదాభిరామ వినర వేమ.",vupajaathi,Vemana,"[('ఎ', '|'), ('లు', '|'), ('క', '|'), ('తో', 'U'), ('క', '|'), ('దె', 'U'), ('చ్చి', '|'), ('యెం', 'U'), ('దా', 'U'), ('క', '|'), ('ను', '|'), ('తి', '|'), ('కి', '|'), ('న', '|'), ('న', '|'), ('లు', '|'), ('పు', '|'), ('గా', 'U'), ('క', '|'), ('యే', 'U'), ('ల', '|'), ('తె', '|'), ('లు', '|'), ('పు', '|'), ('గ', '|'), ('లు', '|'), ('గు', '|'), ('కొ', 'U'), ('య్య', '|'), ('బొ', 'U'), ('మ్మ', '|'), ('తె', 'U'), ('చ్చి', '|'), ('కొ', 'U'), ('ట్టి', '|'), ('న', '|'), ('గు', '|'), ('ణి', '|'), ('యౌ', 'U'), ('నె', '|'), ('వి', 'U'), ('శ్వ', '|'), ('దా', 'U'), ('భి', '|'), ('రా', 'U'), ('మ', '|'), ('వి', '|'), ('న', '|'), ('ర', '|'), ('వే', 'U'), ('మ', '|')]",0.9166666666666666,-1.0,1.0,1.0,0.75,-1.0
aataveladi,"_x000D_
కుక్కతోకఁ దెచ్చి గొట్టంబుఁ జేర్చిన
_x000D_
గ్రోవిచెంతనుండుఁ గొంతతడవు
_x000D_
ఎంతఁజెప్పఁ జెడుగు పంతంబు మానునా
_x000D_
విశ్వదాభిరామ వినర వేమ.",vupajaathi,Vemana,"[('కు', 'U'), ('క్క', '|'), ('తో', 'U'), ('క', '|'), ('దె', 'U'), ('చ్చి', '|'), ('గొ', 'U'), ('ట్టం', 'U'), ('బు', '|'), ('జే', 'U'), ('ర్చి', '|'), ('న', '|'), ('గ్రో', 'U'), ('వి', '|'), ('చెం', 'U'), ('త', '|'), ('నుం', 'U'), ('డు', '|'), ('గొం', 'U'), ('త', '|'), ('త', '|'), ('డ', '|'), ('వు', '|'), ('ఎం', 'U'), ('త', '|'), ('జె', 'U'), ('ప్ప', '|'), ('జె', '|'), ('డు', '|'), ('గు', '|'), ('పం', 'U'), ('తం', 'U'), ('బు', '|'), ('మా', 'U'), ('ను', '|'), ('నా', 'U'), ('వి', 'U'), ('శ్వ', '|'), ('దా', 'U'), ('భి', '|'), ('రా', 'U'), ('మ', '|'), ('వి', '|'), ('న', '|'), ('ర', '|'), ('వే', 'U'), ('మ', '|')]",1.0,-1.0,1.0,1.0,1.0,-1.0
aataveladi,"_x000D_
ఆలు మగనిమాట కడ్డంబు వచ్చెనా
_x000D_
యాలుఁగా దది మరగాలు కాని
_x000D_
యట్టియాలు విడచి యడవి నుండుట మేలు
_x000D_
విశ్వదాభిరామ వినర వేమ.",vupajaathi,Vemana,"[('ఆ', 'U'), ('లు', '|'), ('మ', '|'), ('గ', '|'), ('ని', '|'), ('మా', 'U'), ('ట', '|'), ('క', 'U'), ('డ్డం', 'U'), ('బు', '|'), ('వ', 'U'), ('చ్చె', '|'), ('నా', 'U'), ('యా', 'U'), ('లు', '|'), ('గా', 'U'), ('ద', '|'), ('ది', '|'), ('మ', '|'), ('ర', '|'), ('గా', 'U'), ('లు', '|'), ('కా', 'U'), ('ని', '|'), ('య', 'U'), ('ట్టి', '|'), ('యా', 'U'), ('లు', '|'), ('వి', '|'), ('డ', '|'), ('చి', '|'), ('య', '|'), ('డ', '|'), ('వి', '|'), ('నుం', 'U'), ('డు', '|'), ('ట', '|'), ('మే', 'U'), ('లు', '|'), ('వి', 'U'), ('శ్వ', '|'), ('దా', 'U'), ('భి', '|'), ('రా', 'U'), ('మ', '|'), ('వి', '|'), ('న', '|'), ('ర', '|'), ('వే', 'U'), ('మ', '|')]",0.9166666666666666,-1.0,1.0,1.0,0.75,-1.0
aataveladi,"_x000D_
మాటవిననియాలు మగనికి మృత్యువు
_x000D_
యోటిపడవ సర్ప మొంటిగృహము
_x000D_
తనకుఁగానియాలు దానవురాలయా
_x000D_
విశ్వదాభిరామ వినర వేమ.",vupajaathi,Vemana,"[('మా', 'U'), ('ట', '|'), ('వి', '|'), ('న', '|'), ('ని', '|'), ('యా', 'U'), ('లు', '|'), ('మ', '|'), ('గ', '|'), ('ని', '|'), ('కి', '|'), ('మృ', 'U'), ('త్యు', '|'), ('వు', '|'), ('యో', 'U'), ('టి', '|'), ('ప', '|'), ('డ', '|'), ('వ', '|'), ('స', 'U'), ('ర్ప', '|'), ('మొం', 'U'), ('టి', '|'), ('గృ', '|'), ('హ', '|'), ('ము', '|'), ('త', '|'), ('న', '|'), ('కు', '|'), ('గా', 'U'), ('ని', '|'), ('యా', 'U'), ('లు', '|'), ('దా', 'U'), ('న', '|'), ('వు', '|'), ('రా', 'U'), ('ల', '|'), ('యా', 'U'), ('వి', 'U'), ('శ్వ', '|'), ('దా', 'U'), ('భి', '|'), ('రా', 'U'), ('మ', '|'), ('వి', '|'), ('న', '|'), ('ర', '|'), ('వే', 'U'), ('మ', '|')]",1.0,-1.0,1.0,1.0,1.0,-1.0
aataveladi,"_x000D_
ఓజమాలుపొలతి యోలిమాడలు చేటు
_x000D_
పోటికెడలుబంటు కూటి చేటు
_x000D_
పనికిమాలినతొత్తు బత్తెంబు చేటురా
_x000D_
విశ్వదాభిరామ వినర వేమ.",vupajaathi,Vemana,"[('ఓ', 'U'), ('జ', '|'), ('మా', 'U'), ('లు', '|'), ('పొ', '|'), ('ల', '|'), ('తి', '|'), ('యో', 'U'), ('లి', '|'), ('మా', 'U'), ('డ', '|'), ('లు', '|'), ('చే', 'U'), ('టు', '|'), ('పో', 'U'), ('టి', '|'), ('కె', '|'), ('డ', '|'), ('లు', '|'), ('బం', 'U'), ('టు', '|'), ('కూ', 'U'), ('టి', '|'), ('చే', 'U'), ('టు', '|'), ('ప', '|'), ('ని', '|'), ('కి', '|'), ('మా', 'U'), ('లి', '|'), ('న', '|'), ('తొ', 'U'), ('త్తు', '|'), ('బ', 'U'), ('త్తెం', 'U'), ('బు', '|'), ('చే', 'U'), ('టు', '|'), ('రా', 'U'), ('వి', 'U'), ('శ్వ', '|'), ('దా', 'U'), ('భి', '|'), ('రా', 'U'), ('మ', '|'), ('వి', '|'), ('న', '|'), ('ర', '|'), ('వే', 'U'), ('మ', '|')]",0.9,-1.0,1.0,0.95,0.75,-1.0
aataveladi,"_x000D_
తప్పు లెన్నువారు తండోపతండము
_x000D_
లుర్వి జనులకెల్ల నుండుఁ దప్పు
_x000D_
తప్పు లెన్నువారు తమతప్పు నెఱుఁగరు
_x000D_
విశ్వదాభిరామ వినర వేమ.",vupajaathi,Vemana,"[('త', 'U'), ('ప్పు', '|'), ('లె', 'U'), ('న్ను', '|'), ('వా', 'U'), ('రు', '|'), ('తం', 'U'), ('డో', 'U'), ('ప', '|'), ('తం', 'U'), ('డ', '|'), ('ము', '|'), ('లు', 'U'), ('ర్వి', '|'), ('జ', '|'), ('ను', '|'), ('ల', '|'), ('కె', 'U'), ('ల్ల', '|'), ('నుం', 'U'), ('డు', '|'), ('ద', 'U'), ('ప్పు', '|'), ('త', 'U'), ('ప్పు', '|'), ('లె', 'U'), ('న్ను', '|'), ('వా', 'U'), ('రు', '|'), ('త', '|'), ('మ', '|'), ('త', 'U'), ('ప్పు', '|'), ('నె', '|'), ('ఱు', '|'), ('గ', '|'), ('రు', '|'), ('వి', 'U'), ('శ్వ', '|'), ('దా', 'U'), ('భి', '|'), ('రా', 'U'), ('మ', '|'), ('వి', '|'), ('న', '|'), ('ర', '|'), ('వే', 'U'), ('మ', '|')]",0.9166666666666666,-1.0,1.0,1.0,0.75,-1.0
aataveladi,"_x000D_
మ్రుచ్చు తీర్థమేగి ముల్లె విడుచును గాని
_x000D_
మ్రొక్కఁబ్రొద్దు లేదు మొనసి యెపుడు
_x000D_
కుక్క యిల్లుచొచ్చి కుండలు వెతుకదా
_x000D_
విశ్వదాభిరామ వినర వేమ.",vupajaathi,Vemana,"[('మ్రు', 'U'), ('చ్చు', '|'), ('తీ', 'U'), ('ర్థ', '|'), ('మే', 'U'), ('గి', '|'), ('ము', 'U'), ('ల్లె', '|'), ('వి', '|'), ('డు', '|'), ('చు', '|'), ('ను', '|'), ('గా', 'U'), ('ని', '|'), ('మ్రొ', 'U'), ('క్క', '|'), ('బ్రొ', 'U'), ('ద్దు', '|'), ('లే', 'U'), ('దు', '|'), ('మొ', '|'), ('న', '|'), ('సి', '|'), ('యె', '|'), ('పు', '|'), ('డు', '|'), ('కు', 'U'), ('క్క', '|'), ('యి', 'U'), ('ల్లు', '|'), ('చొ', 'U'), ('చ్చి', '|'), ('కుం', 'U'), ('డ', '|'), ('లు', '|'), ('వె', '|'), ('తు', '|'), ('క', '|'), ('దా', 'U'), ('వి', 'U'), ('శ్వ', '|'), ('దా', 'U'), ('భి', '|'), ('రా', 'U'), ('మ', '|'), ('వి', '|'), ('న', '|'), ('ర', '|'), ('వే', 'U'), ('మ', '|')]",0.9,-1.0,1.0,0.95,0.75,-1.0
aataveladi,"_x000D_
కల్లలాడువాని గ్రామకర్త యెఱుంగు
_x000D_
సత్యమాడువాని స్వామి యెఱుంగు
_x000D_
బెక్కుతిండిపోతుఁ బెండ్లా మెఱుంగురా
_x000D_
విశ్వదాభిరామ వినర వేమ.",vupajaathi,Vemana,"[('క', 'U'), ('ల్ల', '|'), ('లా', 'U'), ('డు', '|'), ('వా', 'U'), ('ని', '|'), ('గ్రా', 'U'), ('మ', '|'), ('క', 'U'), ('ర్త', '|'), ('యె', '|'), ('ఱుం', 'U'), ('గు', '|'), ('స', 'U'), ('త్య', '|'), ('మా', 'U'), ('డు', '|'), ('వా', 'U'), ('ని', 'U'), ('స్వా', 'U'), ('మి', '|'), ('యె', '|'), ('ఱుం', 'U'), ('గు', '|'), ('బె', 'U'), ('క్కు', '|'), ('తిం', 'U'), ('డి', '|'), ('పో', 'U'), ('తు', '|'), ('బెం', 'U'), ('డ్లా', 'U'), ('మె', '|'), ('ఱుం', 'U'), ('గు', '|'), ('రా', 'U'), ('వి', 'U'), ('శ్వ', '|'), ('దా', 'U'), ('భి', '|'), ('రా', 'U'), ('మ', '|'), ('వి', '|'), ('న', '|'), ('ర', '|'), ('వే', 'U'), ('మ', '|')]",0.6333333333333333,-1.0,1.0,0.65,0.25,-1.0
aataveladi,"_x000D_
పాగ పచ్చడంబు పైకిఁ గూసంబును
_x000D_
పోగు లుంగరములు బొజ్జకడుపు
_x000D_
గలిగినట్టివానిఁ గందురు చుట్టముల్‌
_x000D_
విశ్వదాభిరామ వినర వేమ.",vupajaathi,Vemana,"[('పా', 'U'), ('గ', '|'), ('ప', 'U'), ('చ్చ', '|'), ('డం', 'U'), ('బు', '|'), ('పై', 'U'), ('కి', '|'), ('గూ', 'U'), ('సం', 'U'), ('బు', '|'), ('ను', '|'), ('పో', 'U'), ('గు', '|'), ('లుం', 'U'), ('గ', '|'), ('ర', '|'), ('ము', '|'), ('లు', '|'), ('బొ', 'U'), ('జ్జ', '|'), ('క', '|'), ('డు', '|'), ('పు', '|'), ('గ', '|'), ('లి', '|'), ('గి', '|'), ('న', 'U'), ('ట్టి', '|'), ('వా', 'U'), ('ని', '|'), ('గం', 'U'), ('దు', '|'), ('రు', '|'), ('చు', 'U'), ('ట్ట', '|'), ('ముల్', 'U'), ('వి', 'U'), ('శ్వ', '|'), ('దా', 'U'), ('భి', '|'), ('రా', 'U'), ('మ', '|'), ('వి', '|'), ('న', '|'), ('ర', '|'), ('వే', 'U'), ('మ', '|')]",1.0,-1.0,1.0,1.0,1.0,-1.0
aataveladi,"_x000D_
ఈఁతకంటె లోతు నెంచంగఁ బనిలేదు
_x000D_
చావుకంటెఁ గీడు జగతిలేదు
_x000D_
గోచిపాతకంటె కొంచెంబు మఱిలేదు
_x000D_
విశ్వదాభిరామ వినర వేమ.",vupajaathi,Vemana,"[('ఈ', 'U'), ('త', '|'), ('కం', 'U'), ('టె', '|'), ('లో', 'U'), ('తు', '|'), ('నెం', 'U'), ('చం', 'U'), ('గ', '|'), ('బ', '|'), ('ని', '|'), ('లే', 'U'), ('దు', '|'), ('చా', 'U'), ('వు', '|'), ('కం', 'U'), ('టె', '|'), ('గీ', 'U'), ('డు', '|'), ('జ', '|'), ('గ', '|'), ('తి', '|'), ('లే', 'U'), ('దు', '|'), ('గో', 'U'), ('చి', '|'), ('పా', 'U'), ('త', '|'), ('కం', 'U'), ('టె', '|'), ('కొం', 'U'), ('చెం', 'U'), ('బు', '|'), ('మ', '|'), ('ఱి', '|'), ('లే', 'U'), ('దు', '|'), ('వి', 'U'), ('శ్వ', '|'), ('దా', 'U'), ('భి', '|'), ('రా', 'U'), ('మ', '|'), ('వి', '|'), ('న', '|'), ('ర', '|'), ('వే', 'U'), ('మ', '|')]",0.9166666666666666,-1.0,1.0,1.0,0.75,-1.0
aataveladi,"_x000D_
జాణలనయట్టి చపలాయతాక్షుల
_x000D_
వలపు లరసిచూచి బ్రమయకేల
_x000D_
బయలిరూపులరసి పరికింపగా నేల
_x000D_
విశ్వదాభిరామ వినర వేమ.",vupajaathi,Vemana,"[('జా', 'U'), ('ణ', '|'), ('ల', '|'), ('న', '|'), ('య', 'U'), ('ట్టి', '|'), ('చ', '|'), ('ప', '|'), ('లా', 'U'), ('య', '|'), ('తా', 'U'), ('క్షు', '|'), ('ల', '|'), ('వ', '|'), ('ల', '|'), ('పు', '|'), ('ల', '|'), ('ర', '|'), ('సి', '|'), ('చూ', 'U'), ('చి', '|'), ('బ్ర', '|'), ('మ', '|'), ('య', '|'), ('కే', 'U'), ('ల', '|'), ('బ', '|'), ('య', '|'), ('లి', '|'), ('రూ', 'U'), ('పు', '|'), ('ల', '|'), ('ర', '|'), ('సి', '|'), ('ప', '|'), ('రి', '|'), ('కిం', 'U'), ('ప', '|'), ('గా', 'U'), ('నే', 'U'), ('ల', '|'), ('వి', 'U'), ('శ్వ', '|'), ('దా', 'U'), ('భి', '|'), ('రా', 'U'), ('మ', '|'), ('వి', '|'), ('న', '|'), ('ర', '|'), ('వే', 'U'), ('మ', '|')]",0.5499999999999999,-1.0,1.0,0.65,0.0,-1.0
aataveladi,"_x000D_
ఇంతిఁ జూచెనేని యింతంత యనరాదు
_x000D_
కానవహ్నిలక్క కరఁగినట్లు
_x000D_
వట్టిమోహ మిట్లు రట్టులఁ జేసెరా
_x000D_
విశ్వదాభిరామ వినర వేమ.",vupajaathi,Vemana,"[('ఇం', 'U'), ('తి', '|'), ('జూ', 'U'), ('చె', '|'), ('నే', 'U'), ('ని', '|'), ('యిం', 'U'), ('తం', 'U'), ('త', '|'), ('య', '|'), ('న', '|'), ('రా', 'U'), ('దు', '|'), ('కా', 'U'), ('న', '|'), ('వ', 'U'), ('హ్ని', '|'), ('ల', 'U'), ('క్క', '|'), ('క', '|'), ('ర', '|'), ('గి', '|'), ('న', 'U'), ('ట్లు', '|'), ('వ', 'U'), ('ట్టి', '|'), ('మో', 'U'), ('హ', '|'), ('మి', 'U'), ('ట్లు', '|'), ('ర', 'U'), ('ట్టు', '|'), ('ల', '|'), ('జే', 'U'), ('సె', '|'), ('రా', 'U'), ('వి', 'U'), ('శ్వ', '|'), ('దా', 'U'), ('భి', '|'), ('రా', 'U'), ('మ', '|'), ('వి', '|'), ('న', '|'), ('ర', '|'), ('వే', 'U'), ('మ', '|')]",1.0,-1.0,1.0,1.0,1.0,-1.0
aataveladi,"_x000D_
కలిమి కలిగెనేని కాముగాఁజూతురు
_x000D_
లేమిచేతఁ జిక్క లేమ లధిపు
_x000D_
మదనువంటివాని మాలఁగాఁ జూతురు
_x000D_
విశ్వదాభిరామ వినర వేమ.",vupajaathi,Vemana,"[('క', '|'), ('లి', '|'), ('మి', '|'), ('క', '|'), ('లి', '|'), ('గె', '|'), ('నే', 'U'), ('ని', '|'), ('కా', 'U'), ('ము', '|'), ('గా', 'U'), ('జూ', 'U'), ('తు', '|'), ('రు', '|'), ('లే', 'U'), ('మి', '|'), ('చే', 'U'), ('త', '|'), ('జి', 'U'), ('క్క', '|'), ('లే', 'U'), ('మ', '|'), ('ల', '|'), ('ధి', '|'), ('పు', '|'), ('మ', '|'), ('ద', '|'), ('ను', '|'), ('వం', 'U'), ('టి', '|'), ('వా', 'U'), ('ని', '|'), ('మా', 'U'), ('ల', '|'), ('గా', 'U'), ('జూ', 'U'), ('తు', '|'), ('రు', '|'), ('వి', 'U'), ('శ్వ', '|'), ('దా', 'U'), ('భి', '|'), ('రా', 'U'), ('మ', '|'), ('వి', '|'), ('న', '|'), ('ర', '|'), ('వే', 'U'), ('మ', '|')]",1.0,-1.0,1.0,1.0,1.0,-1.0
aataveladi,"_x000D_
కలిగిన మనుజుండు కాముఁడుసోముఁడై
_x000D_
మిగులఁ దేజమునను మెఱయుచుండు
_x000D_
విత్తహీనుఁడైన రిత్తయై పోవును
_x000D_
విశ్వదాభిరామ వినర వేమ.",vupajaathi,Vemana,"[('క', '|'), ('లి', '|'), ('గి', '|'), ('న', '|'), ('మ', '|'), ('ను', '|'), ('జుం', 'U'), ('డు', '|'), ('కా', 'U'), ('ము', '|'), ('డు', '|'), ('సో', 'U'), ('ము', '|'), ('డై', 'U'), ('మి', '|'), ('గు', '|'), ('ల', '|'), ('దే', 'U'), ('జ', '|'), ('ము', '|'), ('న', '|'), ('ను', '|'), ('మె', '|'), ('ఱ', '|'), ('యు', '|'), ('చుం', 'U'), ('డు', '|'), ('వి', 'U'), ('త్త', '|'), ('హీ', 'U'), ('ను', '|'), ('డై', 'U'), ('న', '|'), ('రి', 'U'), ('త్త', '|'), ('యై', 'U'), ('పో', 'U'), ('వు', '|'), ('ను', '|'), ('వి', 'U'), ('శ్వ', '|'), ('దా', 'U'), ('భి', '|'), ('రా', 'U'), ('మ', '|'), ('వి', '|'), ('న', '|'), ('ర', '|'), ('వే', 'U'), ('మ', '|')]",1.0,-1.0,1.0,1.0,1.0,-1.0
aataveladi,"_x000D_
విటులకనుల కెంత విభ్రమమై యుండు
_x000D_
సాటిలేని పొలఁతి చక్కఁదనము
_x000D_
కంటిలోనిపాప కుంటెనకాఁడయా
_x000D_
విశ్వదాభిరామ వినర వేమ.",vupajaathi,Vemana,"[('వి', '|'), ('టు', '|'), ('ల', '|'), ('క', '|'), ('ను', '|'), ('ల', '|'), ('కెం', 'U'), ('త', '|'), ('వి', '|'), ('భ్ర', '|'), ('మ', '|'), ('మై', 'U'), ('యుం', 'U'), ('డు', '|'), ('సా', 'U'), ('టి', '|'), ('లే', 'U'), ('ని', '|'), ('పొ', '|'), ('ల', '|'), ('తి', '|'), ('చ', 'U'), ('క్క', '|'), ('ద', '|'), ('న', '|'), ('ము', '|'), ('కం', 'U'), ('టి', '|'), ('లో', 'U'), ('ని', '|'), ('పా', 'U'), ('ప', '|'), ('కుం', 'U'), ('టె', '|'), ('న', '|'), ('కా', 'U'), ('డ', '|'), ('యా', 'U'), ('వి', 'U'), ('శ్వ', '|'), ('దా', 'U'), ('భి', '|'), ('రా', 'U'), ('మ', '|'), ('వి', '|'), ('న', '|'), ('ర', '|'), ('వే', 'U'), ('మ', '|')]",0.6666666666666666,-1.0,1.0,0.75,0.25,-1.0
aataveladi,"_x000D_
గురువునకును పుచ్చకూరైన నియ్యరు
_x000D_
అరయ వేశ్యకిత్తు రర్థమెల్ల
_x000D_
గురుఁడు వేశ్యకన్న గుణహీనుఁ డేమొకో
_x000D_
విశ్వదాభిరామ వినర వేమ.",vupajaathi,Vemana,"[('గు', '|'), ('రు', '|'), ('వు', '|'), ('న', '|'), ('కు', '|'), ('ను', '|'), ('పు', 'U'), ('చ్చ', '|'), ('కూ', 'U'), ('రై', 'U'), ('న', '|'), ('ని', 'U'), ('య్య', '|'), ('రు', '|'), ('అ', '|'), ('ర', '|'), ('య', '|'), ('వే', 'U'), ('శ్య', '|'), ('కి', 'U'), ('త్తు', '|'), ('ర', 'U'), ('ర్థ', '|'), ('మె', 'U'), ('ల్ల', '|'), ('గు', '|'), ('రు', '|'), ('డు', '|'), ('వే', 'U'), ('శ్య', '|'), ('క', 'U'), ('న్న', '|'), ('గు', '|'), ('ణ', '|'), ('హీ', 'U'), ('ను', '|'), ('డే', 'U'), ('మొ', '|'), ('కో', 'U'), ('వి', 'U'), ('శ్వ', '|'), ('దా', 'U'), ('భి', '|'), ('రా', 'U'), ('మ', '|'), ('వి', '|'), ('న', '|'), ('ర', '|'), ('వే', 'U'), ('మ', '|')]",0.9166666666666666,-1.0,1.0,1.0,0.75,-1.0
aataveladi,"_x000D_
తీపులోన తీపు తెలియంగఁ బ్రాణంబు
_x000D_
ప్రాణవితతికన్నఁ బసిడి తీపు
_x000D_
పసిడికన్న మిగులఁ బడతిమాటలు తీపు
_x000D_
విశ్వదాభిరామ వినర వేమ.",vupajaathi,Vemana,"[('తీ', 'U'), ('పు', '|'), ('లో', 'U'), ('న', '|'), ('తీ', 'U'), ('పు', '|'), ('తె', '|'), ('లి', '|'), ('యం', 'U'), ('గ', '|'), ('బ్రా', 'U'), ('ణం', 'U'), ('బు', '|'), ('ప్రా', 'U'), ('ణ', '|'), ('వి', '|'), ('త', '|'), ('తి', '|'), ('క', 'U'), ('న్న', '|'), ('బ', '|'), ('సి', '|'), ('డి', '|'), ('తీ', 'U'), ('పు', '|'), ('ప', '|'), ('సి', '|'), ('డి', '|'), ('క', 'U'), ('న్న', '|'), ('మి', '|'), ('గు', '|'), ('ల', '|'), ('బ', '|'), ('డ', '|'), ('తి', '|'), ('మా', 'U'), ('ట', '|'), ('లు', '|'), ('తీ', 'U'), ('పు', '|'), ('వి', 'U'), ('శ్వ', '|'), ('దా', 'U'), ('భి', '|'), ('రా', 'U'), ('మ', '|'), ('వి', '|'), ('న', '|'), ('ర', '|'), ('వే', 'U'), ('మ', '|')]",1.0,-1.0,1.0,1.0,1.0,-1.0
aataveladi,"_x000D_
పనసతొనలకన్నఁ బంచదారలకన్న
_x000D_
జుంటితేనెకన్న జున్నుకన్నఁ
_x000D_
జెఱకురసముకన్నఁ జెలిమాట తీపురా
_x000D_
విశ్వదాభిరామ వినర వేమ.",vupajaathi,Vemana,"[('ప', '|'), ('న', '|'), ('స', '|'), ('తొ', '|'), ('న', '|'), ('ల', '|'), ('క', 'U'), ('న్న', '|'), ('బం', 'U'), ('చ', '|'), ('దా', 'U'), ('ర', '|'), ('ల', '|'), ('క', 'U'), ('న్న', '|'), ('జుం', 'U'), ('టి', '|'), ('తే', 'U'), ('నె', '|'), ('క', 'U'), ('న్న', '|'), ('జు', 'U'), ('న్ను', '|'), ('క', 'U'), ('న్న', '|'), ('జె', '|'), ('ఱ', '|'), ('కు', '|'), ('ర', '|'), ('స', '|'), ('ము', '|'), ('క', 'U'), ('న్న', '|'), ('జె', '|'), ('లి', '|'), ('మా', 'U'), ('ట', '|'), ('తీ', 'U'), ('పు', '|'), ('రా', 'U'), ('వి', 'U'), ('శ్వ', '|'), ('దా', 'U'), ('భి', '|'), ('రా', 'U'), ('మ', '|'), ('వి', '|'), ('న', '|'), ('ర', '|'), ('వే', 'U'), ('మ', '|')]",1.0,-1.0,1.0,1.0,1.0,-1.0
aataveladi,"_x000D_
కొమ్మదిమ్మరైనఁ ద్రిమ్మరులవలదు
_x000D_
సరసవిటులనేల సమ్మతించు
_x000D_
పేడతిన్న పురుగులెల్ల మేమెఱుఁగురా
_x000D_
విశ్వదాభిరామ వినర వేమ.",vupajaathi,Vemana,"[('కొ', 'U'), ('మ్మ', '|'), ('ది', 'U'), ('మ్మ', '|'), ('రై', 'U'), ('న', '|'), ('ద్రి', 'U'), ('మ్మ', '|'), ('రు', '|'), ('ల', '|'), ('వ', '|'), ('ల', '|'), ('దు', '|'), ('స', '|'), ('ర', '|'), ('స', '|'), ('వి', '|'), ('టు', '|'), ('ల', '|'), ('నే', 'U'), ('ల', '|'), ('స', 'U'), ('మ్మ', '|'), ('తిం', 'U'), ('చు', '|'), ('పే', 'U'), ('డ', '|'), ('తి', 'U'), ('న్న', '|'), ('పు', '|'), ('రు', '|'), ('గు', '|'), ('లె', 'U'), ('ల్ల', '|'), ('మే', 'U'), ('మె', '|'), ('ఱు', '|'), ('గు', '|'), ('రా', 'U'), ('వి', 'U'), ('శ్వ', '|'), ('దా', 'U'), ('భి', '|'), ('రా', 'U'), ('మ', '|'), ('వి', '|'), ('న', '|'), ('ర', '|'), ('వే', 'U'), ('మ', '|')]",0.9166666666666666,-1.0,1.0,1.0,0.75,-1.0
aataveladi,"_x000D_
ఆలివంకవార లాత్మబంధువు లైరి
_x000D_
తల్లివంకవారు తగినపాటి
_x000D_
తండ్రివంకవారు దాయాది తగవులౌ
_x000D_
విశ్వదాభిరామ వినర వేమ.",vupajaathi,Vemana,"[('ఆ', 'U'), ('లి', '|'), ('వం', 'U'), ('క', '|'), ('వా', 'U'), ('ర', '|'), ('లా', 'U'), ('త్మ', '|'), ('బం', 'U'), ('ధు', '|'), ('వు', '|'), ('లై', 'U'), ('రి', '|'), ('త', 'U'), ('ల్లి', '|'), ('వం', 'U'), ('క', '|'), ('వా', 'U'), ('రు', '|'), ('త', '|'), ('గి', '|'), ('న', '|'), ('పా', 'U'), ('టి', '|'), ('తం', 'U'), ('డ్రి', '|'), ('వం', 'U'), ('క', '|'), ('వా', 'U'), ('రు', '|'), ('దా', 'U'), ('యా', 'U'), ('ది', '|'), ('త', '|'), ('గ', '|'), ('వు', '|'), ('లౌ', 'U'), ('వి', 'U'), ('శ్వ', '|'), ('దా', 'U'), ('భి', '|'), ('రా', 'U'), ('మ', '|'), ('వి', '|'), ('న', '|'), ('ర', '|'), ('వే', 'U'), ('మ', '|')]",0.9166666666666666,-1.0,1.0,1.0,0.75,-1.0
aataveladi,"_x000D_
కుక్క యేమెఱుంగు గురులింగజంగంబుఁ
_x000D_
బిక్కనొడిసిపట్టి పీఁకుగాక
_x000D_
సంతపాకతొత్తు సన్యాసి నెఱుఁగునా
_x000D_
విశ్వదాభిరామ వినర వేమ.",vupajaathi,Vemana,"[('కు', 'U'), ('క్క', '|'), ('యే', 'U'), ('మె', '|'), ('ఱుం', 'U'), ('గు', '|'), ('గు', '|'), ('రు', '|'), ('లిం', 'U'), ('గ', '|'), ('జం', 'U'), ('గం', 'U'), ('బు', '|'), ('బి', 'U'), ('క్క', '|'), ('నొ', '|'), ('డి', '|'), ('సి', '|'), ('ప', 'U'), ('ట్టి', '|'), ('పీ', 'U'), ('కు', '|'), ('గా', 'U'), ('క', '|'), ('సం', 'U'), ('త', '|'), ('పా', 'U'), ('క', '|'), ('తొ', 'U'), ('త్తు', '|'), ('స', 'U'), ('న్యా', 'U'), ('సి', '|'), ('నె', '|'), ('ఱు', '|'), ('గు', '|'), ('నా', 'U'), ('వి', 'U'), ('శ్వ', '|'), ('దా', 'U'), ('భి', '|'), ('రా', 'U'), ('మ', '|'), ('వి', '|'), ('న', '|'), ('ర', '|'), ('వే', 'U'), ('మ', '|')]",1.0,-1.0,1.0,1.0,1.0,-1.0
aataveladi,"_x000D_
తొత్తుతోడిపొందు తొఱ్ఱిపెసలమూట
_x000D_
ముచ్చుతోడిపొందు తెచ్చునింద
_x000D_
తలవరింటిపొందు తలతోటిదీరురా
_x000D_
విశ్వదాభిరామ వినర వేమ.",vupajaathi,Vemana,"[('తొ', 'U'), ('త్తు', '|'), ('తో', 'U'), ('డి', '|'), ('పొం', 'U'), ('దు', '|'), ('తొ', 'U'), ('ఱ్ఱి', '|'), ('పె', '|'), ('స', '|'), ('ల', '|'), ('మూ', 'U'), ('ట', '|'), ('ము', 'U'), ('చ్చు', '|'), ('తో', 'U'), ('డి', '|'), ('పొం', 'U'), ('దు', '|'), ('తె', 'U'), ('చ్చు', '|'), ('నిం', 'U'), ('ద', '|'), ('త', '|'), ('ల', '|'), ('వ', '|'), ('రిం', 'U'), ('టి', '|'), ('పొం', 'U'), ('దు', '|'), ('త', '|'), ('ల', '|'), ('తో', 'U'), ('టి', '|'), ('దీ', 'U'), ('రు', '|'), ('రా', 'U'), ('వి', 'U'), ('శ్వ', '|'), ('దా', 'U'), ('భి', '|'), ('రా', 'U'), ('మ', '|'), ('వి', '|'), ('న', '|'), ('ర', '|'), ('వే', 'U'), ('మ', '|')]",1.0,-1.0,1.0,1.0,1.0,-1.0
aataveladi,"_x000D_
తనదునృపతితోడఁ దనయాయుధముతోడ
_x000D_
నగ్నితోడఁ బరులయాలితోడ
_x000D_
హాస్యమాడుటెల్ల హాని ప్రాణమునకు
_x000D_
విశ్వదాభిరామ వినర వేమ.",vupajaathi,Vemana,"[('త', '|'), ('న', '|'), ('దు', '|'), ('నృ', '|'), ('ప', '|'), ('తి', '|'), ('తో', 'U'), ('డ', '|'), ('ద', '|'), ('న', '|'), ('యా', 'U'), ('యు', '|'), ('ధ', '|'), ('ము', '|'), ('తో', 'U'), ('డ', '|'), ('న', 'U'), ('గ్ని', '|'), ('తో', 'U'), ('డ', '|'), ('బ', '|'), ('రు', '|'), ('ల', '|'), ('యా', 'U'), ('లి', '|'), ('తో', 'U'), ('డ', '|'), ('హా', 'U'), ('స్య', '|'), ('మా', 'U'), ('డు', '|'), ('టె', 'U'), ('ల్ల', '|'), ('హా', 'U'), ('ని', '|'), ('ప్రా', 'U'), ('ణ', '|'), ('ము', '|'), ('న', '|'), ('కు', '|'), ('వి', 'U'), ('శ్వ', '|'), ('దా', 'U'), ('భి', '|'), ('రా', 'U'), ('మ', '|'), ('వి', '|'), ('న', '|'), ('ర', '|'), ('వే', 'U'), ('మ', '|')]",0.9166666666666666,-1.0,1.0,1.0,0.75,-1.0
aataveladi,"_x000D_
మంచిరుచులను గోరు మంచిస్త్రీలను గోరు
_x000D_
మనుజుఁ డెంత చెడ్డమనసు చూడ
_x000D_
నించుకైన నేలని విడువఁడు
_x000D_
విశ్వదాభిరామ వినర వేమ.",vupajaathi,Vemana,"[('మం', 'U'), ('చి', '|'), ('రు', '|'), ('చు', '|'), ('ల', '|'), ('ను', '|'), ('గో', 'U'), ('రు', '|'), ('మం', 'U'), ('చి', 'U'), ('స్త్రీ', 'U'), ('ల', '|'), ('ను', '|'), ('గో', 'U'), ('రు', '|'), ('మ', '|'), ('ను', '|'), ('జు', '|'), ('డెం', 'U'), ('త', '|'), ('చె', 'U'), ('డ్డ', '|'), ('మ', '|'), ('న', '|'), ('సు', '|'), ('చూ', 'U'), ('డ', '|'), ('నిం', 'U'), ('చు', '|'), ('కై', 'U'), ('న', '|'), ('నే', 'U'), ('ల', '|'), ('ని', '|'), ('వి', '|'), ('డు', '|'), ('వ', '|'), ('డు', '|'), ('వి', 'U'), ('శ్వ', '|'), ('దా', 'U'), ('భి', '|'), ('రా', 'U'), ('మ', '|'), ('వి', '|'), ('న', '|'), ('ర', '|'), ('వే', 'U'), ('మ', '|')]",0.6,-1.0,1.0,0.55,0.25,-1.0
aataveladi,"_x000D_
తరుణి సొగసుఁగన్న తనయుని గన్నను
_x000D_
మరునికళల మించి మనము పాఱు
_x000D_
పాపజాతి మనము పట్టంగ రాదయా
_x000D_
విశ్వదాభిరామ వినర వేమ.",vupajaathi,Vemana,"[('త', '|'), ('రు', '|'), ('ణి', '|'), ('సొ', '|'), ('గ', '|'), ('సు', '|'), ('గ', 'U'), ('న్న', '|'), ('త', '|'), ('న', '|'), ('యు', '|'), ('ని', '|'), ('గ', 'U'), ('న్న', '|'), ('ను', '|'), ('మ', '|'), ('రు', '|'), ('ని', '|'), ('క', '|'), ('ళ', '|'), ('ల', '|'), ('మిం', 'U'), ('చి', '|'), ('మ', '|'), ('న', '|'), ('ము', '|'), ('పా', 'U'), ('ఱు', '|'), ('పా', 'U'), ('ప', '|'), ('జా', 'U'), ('తి', '|'), ('మ', '|'), ('న', '|'), ('ము', '|'), ('ప', 'U'), ('ట్టం', 'U'), ('గ', '|'), ('రా', 'U'), ('ద', '|'), ('యా', 'U'), ('వి', 'U'), ('శ్వ', '|'), ('దా', 'U'), ('భి', '|'), ('రా', 'U'), ('మ', '|'), ('వి', '|'), ('న', '|'), ('ర', '|'), ('వే', 'U'), ('మ', '|')]",1.0,-1.0,1.0,1.0,1.0,-1.0
aataveladi,"_x000D_
తేనె పంచదార తియ్యమామిడిపండు
_x000D_
తిన్నఁగాని తీపు తెలియగరాదు
_x000D_
కన్న నింపు పుట్టుఁ గామినియధరంబు
_x000D_
విశ్వదాభిరామ వినర వేమ.",vupajaathi,Vemana,"[('తే', 'U'), ('నె', '|'), ('పం', 'U'), ('చ', '|'), ('దా', 'U'), ('ర', '|'), ('తి', 'U'), ('య్య', '|'), ('మా', 'U'), ('మి', '|'), ('డి', '|'), ('పం', 'U'), ('డు', '|'), ('తి', 'U'), ('న్న', '|'), ('గా', 'U'), ('ని', '|'), ('తీ', 'U'), ('పు', '|'), ('తె', '|'), ('లి', '|'), ('య', '|'), ('గ', '|'), ('రా', 'U'), ('దు', '|'), ('క', 'U'), ('న్న', '|'), ('నిం', 'U'), ('పు', '|'), ('పు', 'U'), ('ట్టు', '|'), ('గా', 'U'), ('మి', '|'), ('ని', '|'), ('య', '|'), ('ధ', '|'), ('రం', 'U'), ('బు', '|'), ('వి', 'U'), ('శ్వ', '|'), ('దా', 'U'), ('భి', '|'), ('రా', 'U'), ('మ', '|'), ('వి', '|'), ('న', '|'), ('ర', '|'), ('వే', 'U'), ('మ', '|')]",0.9833333333333334,-1.0,1.0,0.95,1.0,-1.0
aataveladi,"_x000D_
ఎద్దుకన్న దున్న యేలాగు తక్కువ
_x000D_
యెరువులేకపోయి తిరిగె విలువ
_x000D_
నేర్పెఱుఁగనివాని నెఱయోగి యందురా
_x000D_
విశ్వదాభిరామ వినర వేమ.",vupajaathi,Vemana,"[('ఎ', 'U'), ('ద్దు', '|'), ('క', 'U'), ('న్న', '|'), ('దు', 'U'), ('న్న', '|'), ('యే', 'U'), ('లా', 'U'), ('గు', '|'), ('త', 'U'), ('క్కు', '|'), ('వ', '|'), ('యె', '|'), ('రు', '|'), ('వు', '|'), ('లే', 'U'), ('క', '|'), ('పో', 'U'), ('యి', '|'), ('తి', '|'), ('రి', '|'), ('గె', '|'), ('వి', '|'), ('లు', '|'), ('వ', '|'), ('నే', 'U'), ('ర్పె', '|'), ('ఱు', '|'), ('గ', '|'), ('ని', '|'), ('వా', 'U'), ('ని', '|'), ('నె', '|'), ('ఱ', '|'), ('యో', 'U'), ('గి', '|'), ('యం', 'U'), ('దు', '|'), ('రా', 'U'), ('వి', 'U'), ('శ్వ', '|'), ('దా', 'U'), ('భి', '|'), ('రా', 'U'), ('మ', '|'), ('వి', '|'), ('న', '|'), ('ర', '|'), ('వే', 'U'), ('మ', '|')]",0.9166666666666666,-1.0,1.0,1.0,0.75,-1.0
aataveladi,"_x000D_
పదుగు రాడుమాట పాటియై ధరఁజెల్లు
_x000D_
నొక్కఁడాడుమాట యెక్కదెందు
_x000D_
నూరకాడుకాని కూరెల్ల నోపదు
_x000D_
విశ్వదాభిరామ వినర వేమ.",vupajaathi,Vemana,"[('ప', '|'), ('దు', '|'), ('గు', '|'), ('రా', 'U'), ('డు', '|'), ('మా', 'U'), ('ట', '|'), ('పా', 'U'), ('టి', '|'), ('యై', 'U'), ('ధ', '|'), ('ర', '|'), ('జె', 'U'), ('ల్లు', '|'), ('నొ', 'U'), ('క్క', '|'), ('డా', 'U'), ('డు', '|'), ('మా', 'U'), ('ట', '|'), ('యె', 'U'), ('క్క', '|'), ('దెం', 'U'), ('దు', '|'), ('నూ', 'U'), ('ర', '|'), ('కా', 'U'), ('డు', '|'), ('కా', 'U'), ('ని', '|'), ('కూ', 'U'), ('రె', 'U'), ('ల్ల', '|'), ('నో', 'U'), ('ప', '|'), ('దు', '|'), ('వి', 'U'), ('శ్వ', '|'), ('దా', 'U'), ('భి', '|'), ('రా', 'U'), ('మ', '|'), ('వి', '|'), ('న', '|'), ('ర', '|'), ('వే', 'U'), ('మ', '|')]",1.0,-1.0,1.0,1.0,1.0,-1.0
aataveladi,"_x000D_
గుణయుతునకు మేలు గోరంతఁ జేసినఁ
_x000D_
గొండయౌను వానిగుణముచేత
_x000D_
కొండకొలఁదిమేలు గుణహీనుఁ డెఱుఁగునా
_x000D_
విశ్వదాభిరామ వినర వేమ.",vupajaathi,Vemana,"[('గు', '|'), ('ణ', '|'), ('యు', '|'), ('తు', '|'), ('న', '|'), ('కు', '|'), ('మే', 'U'), ('లు', '|'), ('గో', 'U'), ('రం', 'U'), ('త', '|'), ('జే', 'U'), ('సి', '|'), ('న', '|'), ('గొం', 'U'), ('డ', '|'), ('యౌ', 'U'), ('ను', '|'), ('వా', 'U'), ('ని', '|'), ('గు', '|'), ('ణ', '|'), ('ము', '|'), ('చే', 'U'), ('త', '|'), ('కొం', 'U'), ('డ', '|'), ('కొ', '|'), ('ల', '|'), ('ది', '|'), ('మే', 'U'), ('లు', '|'), ('గు', '|'), ('ణ', '|'), ('హీ', 'U'), ('ను', '|'), ('డె', '|'), ('ఱు', '|'), ('గు', '|'), ('నా', 'U'), ('వి', 'U'), ('శ్వ', '|'), ('దా', 'U'), ('భి', '|'), ('రా', 'U'), ('మ', '|'), ('వి', '|'), ('న', '|'), ('ర', '|'), ('వే', 'U'), ('మ', '|')]",1.0,-1.0,1.0,1.0,1.0,-1.0
aataveladi,"_x000D_
పతిని విడువరాదు పదివేలకైనను
_x000D_
పెట్టి చెప్పరాదు పేదకైన
_x000D_
పతిని దిట్టరాదు పతి రూపవతియైన
_x000D_
విశ్వదాభిరామ వినర వేమ.",vupajaathi,Vemana,"[('ప', '|'), ('తి', '|'), ('ని', '|'), ('వి', '|'), ('డు', '|'), ('వ', '|'), ('రా', 'U'), ('దు', '|'), ('ప', '|'), ('ది', '|'), ('వే', 'U'), ('ల', '|'), ('కై', 'U'), ('న', '|'), ('ను', '|'), ('పె', 'U'), ('ట్టి', '|'), ('చె', 'U'), ('ప్ప', '|'), ('రా', 'U'), ('దు', '|'), ('పే', 'U'), ('ద', '|'), ('కై', 'U'), ('న', '|'), ('ప', '|'), ('తి', '|'), ('ని', '|'), ('ది', 'U'), ('ట్ట', '|'), ('రా', 'U'), ('దు', '|'), ('ప', '|'), ('తి', '|'), ('రూ', 'U'), ('ప', '|'), ('వ', '|'), ('తి', '|'), ('యై', 'U'), ('న', '|'), ('వి', 'U'), ('శ్వ', '|'), ('దా', 'U'), ('భి', '|'), ('రా', 'U'), ('మ', '|'), ('వి', '|'), ('న', '|'), ('ర', '|'), ('వే', 'U'), ('మ', '|')]",1.0,-1.0,1.0,1.0,1.0,-1.0
aataveladi,"_x000D_
సుతులు పతులు మాయ సుఖదుఃఖములు మాయ
_x000D_
సంస్మృతియును మాయ జాతిమాయ
_x000D_
మాయబ్రతుకుకింత మాయ గల్పించెరా
_x000D_
విశ్వదాభిరామ వినర వేమ.",vupajaathi,Vemana,"[('సు', '|'), ('తు', '|'), ('లు', '|'), ('ప', '|'), ('తు', '|'), ('లు', '|'), ('మా', 'U'), ('య', '|'), ('సు', '|'), ('ఖ', '|'), ('దుః', 'U'), ('ఖ', '|'), ('ము', '|'), ('లు', '|'), ('మా', 'U'), ('య', '|'), ('సం', 'U'), ('స్మృ', '|'), ('తి', '|'), ('యు', '|'), ('ను', '|'), ('మా', 'U'), ('య', '|'), ('జా', 'U'), ('తి', '|'), ('మా', 'U'), ('య', '|'), ('మా', 'U'), ('య', '|'), ('బ్ర', '|'), ('తు', '|'), ('కు', '|'), ('కిం', 'U'), ('త', '|'), ('మా', 'U'), ('య', '|'), ('గ', 'U'), ('ల్పిం', 'U'), ('చె', '|'), ('రా', 'U'), ('వి', 'U'), ('శ్వ', '|'), ('దా', 'U'), ('భి', '|'), ('రా', 'U'), ('మ', '|'), ('వి', '|'), ('న', '|'), ('ర', '|'), ('వే', 'U'), ('మ', '|')]",1.0,-1.0,1.0,1.0,1.0,-1.0
aataveladi,"_x000D_
మాటనిలుపలేని మనుజుండు చండాలుఁ
_x000D_
డాజ్ఞ లేనిరాజు ఆఁడుముండ
_x000D_
మహిమలేని వేల్పుమంటిఁ జేసినపులి
_x000D_
విశ్వదాభిరామ వినర వేమ.",vupajaathi,Vemana,"[('మా', 'U'), ('ట', '|'), ('ని', '|'), ('లు', '|'), ('ప', '|'), ('లే', 'U'), ('ని', '|'), ('మ', '|'), ('ను', '|'), ('జుం', 'U'), ('డు', '|'), ('చం', 'U'), ('డా', 'U'), ('లు', '|'), ('డా', 'U'), ('జ్ఞ', '|'), ('లే', 'U'), ('ని', '|'), ('రా', 'U'), ('జు', '|'), ('ఆ', 'U'), ('డు', '|'), ('ముం', 'U'), ('డ', '|'), ('మ', '|'), ('హి', '|'), ('మ', '|'), ('లే', 'U'), ('ని', '|'), ('వే', 'U'), ('ల్పు', '|'), ('మం', 'U'), ('టి', '|'), ('జే', 'U'), ('సి', '|'), ('న', '|'), ('పు', '|'), ('లి', '|'), ('వి', 'U'), ('శ్వ', '|'), ('దా', 'U'), ('భి', '|'), ('రా', 'U'), ('మ', '|'), ('వి', '|'), ('న', '|'), ('ర', '|'), ('వే', 'U'), ('మ', '|')]",0.9166666666666666,-1.0,1.0,1.0,0.75,-1.0
aataveladi,"_x000D_
సిగ్గువారల మని సృష్టిలోపలివారు
_x000D_
వెఱ్ఱివేమనఁ గని వెఱఁగుపడిరి
_x000D_
తనకుఁ గలుగుసిగ్గు దైవ మెఱుంగురా
_x000D_
విశ్వదాభిరామ వినర వేమ.",vupajaathi,Vemana,"[('సి', 'U'), ('గ్గు', '|'), ('వా', 'U'), ('ర', '|'), ('ల', '|'), ('మ', '|'), ('ని', '|'), ('సృ', 'U'), ('ష్టి', '|'), ('లో', 'U'), ('ప', '|'), ('లి', '|'), ('వా', 'U'), ('రు', '|'), ('వె', 'U'), ('ఱ్ఱి', '|'), ('వే', 'U'), ('మ', '|'), ('న', '|'), ('గ', '|'), ('ని', '|'), ('వె', '|'), ('ఱ', '|'), ('గు', '|'), ('ప', '|'), ('డి', '|'), ('రి', '|'), ('త', '|'), ('న', '|'), ('కు', '|'), ('గ', '|'), ('లు', '|'), ('గు', '|'), ('సి', 'U'), ('గ్గు', '|'), ('దై', 'U'), ('వ', '|'), ('మె', '|'), ('ఱుం', 'U'), ('గు', '|'), ('రా', 'U'), ('వి', 'U'), ('శ్వ', '|'), ('దా', 'U'), ('భి', '|'), ('రా', 'U'), ('మ', '|'), ('వి', '|'), ('న', '|'), ('ర', '|'), ('వే', 'U'), ('మ', '|')]",0.9166666666666666,-1.0,1.0,1.0,0.75,-1.0
aataveladi,"_x000D_
విడువ ముడువ లేక కుడువఁ గట్టఁగ లేక
_x000D_
వెఱపులేక విద్య నొరయలేక
_x000D_
వెడలలేనివాని నడపీనుఁ గందురో
_x000D_
విశ్వదాభిరామ వినర వేమ.",vupajaathi,Vemana,"[('వి', '|'), ('డు', '|'), ('వ', '|'), ('ము', '|'), ('డు', '|'), ('వ', '|'), ('లే', 'U'), ('క', '|'), ('కు', '|'), ('డు', '|'), ('వ', '|'), ('గ', 'U'), ('ట్ట', '|'), ('గ', '|'), ('లే', 'U'), ('క', '|'), ('వె', '|'), ('ఱ', '|'), ('పు', '|'), ('లే', 'U'), ('క', '|'), ('వి', 'U'), ('ద్య', '|'), ('నొ', '|'), ('ర', '|'), ('య', '|'), ('లే', 'U'), ('క', '|'), ('వె', '|'), ('డ', '|'), ('ల', '|'), ('లే', 'U'), ('ని', '|'), ('వా', 'U'), ('ని', '|'), ('న', '|'), ('డ', '|'), ('పీ', 'U'), ('ను', '|'), ('గం', 'U'), ('దు', '|'), ('రో', 'U'), ('వి', 'U'), ('శ్వ', '|'), ('దా', 'U'), ('భి', '|'), ('రా', 'U'), ('మ', '|'), ('వి', '|'), ('న', '|'), ('ర', '|'), ('వే', 'U'), ('మ', '|')]",0.9166666666666666,-1.0,1.0,1.0,0.75,-1.0
aataveladi,"_x000D_
లేని కాలమునకు లేమిమనము నొందు
_x000D_
నీనిన పులిరీతి నెఱుఁగకుండు
_x000D_
కఠినబుద్ధి కిట్లు కలిమేమి గల్గురా
_x000D_
విశ్వదాభిరామ వినర వేమ.",vupajaathi,Vemana,"[('లే', 'U'), ('ని', '|'), ('కా', 'U'), ('ల', '|'), ('ము', '|'), ('న', '|'), ('కు', '|'), ('లే', 'U'), ('మి', '|'), ('మ', '|'), ('న', '|'), ('ము', '|'), ('నొం', 'U'), ('దు', '|'), ('నీ', 'U'), ('ని', '|'), ('న', '|'), ('పు', '|'), ('లి', '|'), ('రీ', 'U'), ('తి', '|'), ('నె', '|'), ('ఱు', '|'), ('గ', '|'), ('కుం', 'U'), ('డు', '|'), ('క', '|'), ('ఠి', '|'), ('న', '|'), ('బు', 'U'), ('ద్ధి', '|'), ('కి', 'U'), ('ట్లు', '|'), ('క', '|'), ('లి', '|'), ('మే', 'U'), ('మి', '|'), ('గ', 'U'), ('ల్గు', '|'), ('రా', 'U'), ('వి', 'U'), ('శ్వ', '|'), ('దా', 'U'), ('భి', '|'), ('రా', 'U'), ('మ', '|'), ('వి', '|'), ('న', '|'), ('ర', '|'), ('వే', 'U'), ('మ', '|')]",1.0,-1.0,1.0,1.0,1.0,-1.0
aataveladi,"_x000D_
ఇంచుకంతబోన మీశ్వరార్పణ మన్న
_x000D_
పుణ్యలోకమునకుఁ బోవు నతఁడు
_x000D_
అన్నదానమునకు నధికదానము లేదు
_x000D_
విశ్వదాభిరామ వినర వేమ.",vupajaathi,Vemana,"[('ఇం', 'U'), ('చు', '|'), ('కం', 'U'), ('త', '|'), ('బో', 'U'), ('న', '|'), ('మీ', 'U'), ('శ్వ', '|'), ('రా', 'U'), ('ర్ప', '|'), ('ణ', '|'), ('మ', 'U'), ('న్న', '|'), ('పు', 'U'), ('ణ్య', '|'), ('లో', 'U'), ('క', '|'), ('ము', '|'), ('న', '|'), ('కు', '|'), ('బో', 'U'), ('వు', '|'), ('న', '|'), ('త', '|'), ('డు', '|'), ('అ', 'U'), ('న్న', '|'), ('దా', 'U'), ('న', '|'), ('ము', '|'), ('న', '|'), ('కు', '|'), ('న', '|'), ('ధి', '|'), ('క', '|'), ('దా', 'U'), ('న', '|'), ('ము', '|'), ('లే', 'U'), ('దు', '|'), ('వి', 'U'), ('శ్వ', '|'), ('దా', 'U'), ('భి', '|'), ('రా', 'U'), ('మ', '|'), ('వి', '|'), ('న', '|'), ('ర', '|'), ('వే', 'U'), ('మ', '|')]",0.8333333333333334,-1.0,1.0,1.0,0.5,-1.0
aataveladi,"_x000D_
ప్రియములేని విందు పిండివంటలచేటు
_x000D_
భక్తిలేని పూజ పత్రిచేటు
_x000D_
పాత్ర మెఱుఁగ నీవి బంగారు చేటురా
_x000D_
విశ్వదాభిరామ వినర వేమ.",vupajaathi,Vemana,"[('ప్రి', '|'), ('య', '|'), ('ము', '|'), ('లే', 'U'), ('ని', '|'), ('విం', 'U'), ('దు', '|'), ('పిం', 'U'), ('డి', '|'), ('వం', 'U'), ('ట', '|'), ('ల', '|'), ('చే', 'U'), ('టు', '|'), ('భ', 'U'), ('క్తి', '|'), ('లే', 'U'), ('ని', '|'), ('పూ', 'U'), ('జ', '|'), ('ప', '|'), ('త్రి', '|'), ('చే', 'U'), ('టు', '|'), ('పా', 'U'), ('త్ర', '|'), ('మె', '|'), ('ఱు', '|'), ('గ', '|'), ('నీ', 'U'), ('వి', '|'), ('బం', 'U'), ('గా', 'U'), ('రు', '|'), ('చే', 'U'), ('టు', '|'), ('రా', 'U'), ('వి', 'U'), ('శ్వ', '|'), ('దా', 'U'), ('భి', '|'), ('రా', 'U'), ('మ', '|'), ('వి', '|'), ('న', '|'), ('ర', '|'), ('వే', 'U'), ('మ', '|')]",0.7333333333333334,-1.0,1.0,0.7,0.5,-1.0
aataveladi,"_x000D_
తన్నుఁ దానెఱుఁగఁడు తా నెవ్వరికి నేర్పు
_x000D_
ప్రాలుమాలితిరుగు పశువుకొడుకు
_x000D_
కాసులకొఱకైన కర్మముల్‌ గట్టురా
_x000D_
విశ్వదాభిరామ వినర వేమ.",vupajaathi,Vemana,"[('త', 'U'), ('న్ను', '|'), ('దా', 'U'), ('నె', '|'), ('ఱు', '|'), ('గ', '|'), ('డు', '|'), ('తా', 'U'), ('నె', 'U'), ('వ్వ', '|'), ('రి', '|'), ('కి', '|'), ('నే', 'U'), ('ర్పు', '|'), ('ప్రా', 'U'), ('లు', '|'), ('మా', 'U'), ('లి', '|'), ('తి', '|'), ('రు', '|'), ('గు', '|'), ('ప', '|'), ('శు', '|'), ('వు', '|'), ('కొ', '|'), ('డు', '|'), ('కు', '|'), ('కా', 'U'), ('సు', '|'), ('ల', '|'), ('కొ', '|'), ('ఱ', '|'), ('కై', 'U'), ('న', '|'), ('క', 'U'), ('ర్మ', '|'), ('ము', 'U'), ('ల్గ', 'U'), ('ట్టు', '|'), ('రా', 'U'), ('వి', 'U'), ('శ్వ', '|'), ('దా', 'U'), ('భి', '|'), ('రా', 'U'), ('మ', '|'), ('వి', '|'), ('న', '|'), ('ర', '|'), ('వే', 'U'), ('మ', '|')]",1.0,-1.0,1.0,1.0,1.0,-1.0
aataveladi,"_x000D_
సుతులచేతఁ బుణ్య సుఖముఁబొందుదు నని
_x000D_
మనుజుఁడుండు కర్మమతముఁ దగిలి
_x000D_
యేనుఁగు పడియున్న నెత్తునా మశకంబు
_x000D_
విశ్వదాభిరామ వినర వేమ.",vupajaathi,Vemana,"[('సు', '|'), ('తు', '|'), ('ల', '|'), ('చే', 'U'), ('త', '|'), ('బు', 'U'), ('ణ్య', '|'), ('సు', '|'), ('ఖ', '|'), ('ము', '|'), ('బొం', 'U'), ('దు', '|'), ('దు', '|'), ('న', '|'), ('ని', '|'), ('మ', '|'), ('ను', '|'), ('జు', '|'), ('డుం', 'U'), ('డు', '|'), ('క', 'U'), ('ర్మ', '|'), ('మ', '|'), ('త', '|'), ('ము', '|'), ('ద', '|'), ('గి', '|'), ('లి', '|'), ('యే', 'U'), ('ను', '|'), ('గు', '|'), ('ప', '|'), ('డి', '|'), ('యు', 'U'), ('న్న', '|'), ('నె', 'U'), ('త్తు', '|'), ('నా', 'U'), ('మ', '|'), ('శ', '|'), ('కం', 'U'), ('బు', '|'), ('వి', 'U'), ('శ్వ', '|'), ('దా', 'U'), ('భి', '|'), ('రా', 'U'), ('మ', '|'), ('వి', '|'), ('న', '|'), ('ర', '|'), ('వే', 'U'), ('మ', '|')]",0.9166666666666666,-1.0,1.0,1.0,0.75,-1.0
aataveladi,"_x000D_
ఎంతచదువుఁ జదివి యెన్ని విన్నను గాని
_x000D_
హీనుఁ డవగుణంబు మానలేఁడు
_x000D_
బొగ్గు పాలఁగడుగఁ బోవునా మలినంబు
_x000D_
విశ్వదాభిరామ వినర వేమ.",vupajaathi,Vemana,"[('ఎం', 'U'), ('త', '|'), ('చ', '|'), ('దు', '|'), ('వు', '|'), ('జ', '|'), ('ది', '|'), ('వి', '|'), ('యె', 'U'), ('న్ని', '|'), ('వి', 'U'), ('న్న', '|'), ('ను', '|'), ('గా', 'U'), ('ని', '|'), ('హీ', 'U'), ('ను', '|'), ('డ', '|'), ('వ', '|'), ('గు', '|'), ('ణం', 'U'), ('బు', '|'), ('మా', 'U'), ('న', '|'), ('లే', 'U'), ('డు', '|'), ('బొ', 'U'), ('గ్గు', '|'), ('పా', 'U'), ('ల', '|'), ('గ', '|'), ('డు', '|'), ('గ', '|'), ('బో', 'U'), ('వు', '|'), ('నా', 'U'), ('మ', '|'), ('లి', '|'), ('నం', 'U'), ('బు', '|'), ('వి', 'U'), ('శ్వ', '|'), ('దా', 'U'), ('భి', '|'), ('రా', 'U'), ('మ', '|'), ('వి', '|'), ('న', '|'), ('ర', '|'), ('వే', 'U'), ('మ', '|')]",0.9166666666666666,-1.0,1.0,1.0,0.75,-1.0
kandamu,"_x000D_
మొదటను మతమును వదలక
_x000D_
తుద నెవ్వరిమతమునైన దూషింపకయు\న్‌
_x000D_
పదిలుఁడయి కోర్కెఁగోరక
_x000D_
ముదమునఁ జరియించువాఁడె ముఖ్యుఁడు వేమా.",jaathi,Vemana,"[('మొ', '|'), ('ద', '|'), ('ట', '|'), ('ను', '|'), ('మ', '|'), ('త', '|'), ('ము', '|'), ('ను', '|'), ('వ', '|'), ('ద', '|'), ('ల', '|'), ('క', '|'), ('తు', '|'), ('ద', '|'), ('నె', 'U'), ('వ్వ', '|'), ('రి', '|'), ('మ', '|'), ('త', '|'), ('ము', '|'), ('నై', 'U'), ('న', '|'), ('దూ', 'U'), ('షిం', 'U'), ('ప', '|'), ('క', '|'), ('యున్', 'U'), ('ప', '|'), ('ది', '|'), ('లు', '|'), ('డ', '|'), ('యి', '|'), ('కో', 'U'), ('ర్కె', '|'), ('గో', 'U'), ('ర', '|'), ('క', '|'), ('ము', '|'), ('ద', '|'), ('ము', '|'), ('న', '|'), ('జ', '|'), ('రి', '|'), ('యిం', 'U'), ('చు', '|'), ('వా', 'U'), ('డె', '|'), ('ము', 'U'), ('ఖ్యు', '|'), ('డు', '|'), ('వే', 'U'), ('మా', 'U')]",1.0,-1.0,1.0,1.0,1.0,1.0
aataveladi,"_x000D_
తిరిపెగాని మిగుల దీపించఁ గనరాదు
_x000D_
వెఱ్ఱివానిమాట వినఁగ రాదు
_x000D_
వెఱ్ఱికుక్కఁ బట్టి వేటాడ వచ్చునా
_x000D_
విశ్వదాభిరామ వినర వేమ.",vupajaathi,Vemana,"[('తి', '|'), ('రి', '|'), ('పె', '|'), ('గా', 'U'), ('ని', '|'), ('మి', '|'), ('గు', '|'), ('ల', '|'), ('దీ', 'U'), ('పిం', 'U'), ('చ', '|'), ('గ', '|'), ('న', '|'), ('రా', 'U'), ('దు', '|'), ('వె', 'U'), ('ఱ్ఱి', '|'), ('వా', 'U'), ('ని', '|'), ('మా', 'U'), ('ట', '|'), ('వి', '|'), ('న', '|'), ('గ', '|'), ('రా', 'U'), ('దు', '|'), ('వె', 'U'), ('ఱ్ఱి', '|'), ('కు', 'U'), ('క్క', '|'), ('బ', 'U'), ('ట్టి', '|'), ('వే', 'U'), ('టా', 'U'), ('డ', '|'), ('వ', 'U'), ('చ్చు', '|'), ('నా', 'U'), ('వి', 'U'), ('శ్వ', '|'), ('దా', 'U'), ('భి', '|'), ('రా', 'U'), ('మ', '|'), ('వి', '|'), ('న', '|'), ('ర', '|'), ('వే', 'U'), ('మ', '|')]",1.0,-1.0,1.0,1.0,1.0,-1.0
aataveladi,"_x000D_
ఆలు బిడ్డలు ధన మరయఁ దల్లియుఁ దండ్రి
_x000D_
కలమనుజుఁడు మిగుల కష్టపడును
_x000D_
తనకు నెవరులేరు తాను బ్రహ్మముఁగన్న
_x000D_
విశ్వదాభిరామ వినర వేమ.",vupajaathi,Vemana,"[('ఆ', 'U'), ('లు', '|'), ('బి', 'U'), ('డ్డ', '|'), ('లు', '|'), ('ధ', '|'), ('న', '|'), ('మ', '|'), ('ర', '|'), ('య', '|'), ('ద', 'U'), ('ల్లి', '|'), ('యు', '|'), ('దం', 'U'), ('డ్రి', '|'), ('క', '|'), ('ల', '|'), ('మ', '|'), ('ను', '|'), ('జు', '|'), ('డు', '|'), ('మి', '|'), ('గు', '|'), ('ల', '|'), ('క', 'U'), ('ష్ట', '|'), ('ప', '|'), ('డు', '|'), ('ను', '|'), ('త', '|'), ('న', '|'), ('కు', '|'), ('నె', '|'), ('వ', '|'), ('రు', '|'), ('లే', 'U'), ('రు', '|'), ('తా', 'U'), ('ను', '|'), ('బ్ర', 'U'), ('హ్మ', '|'), ('ము', '|'), ('గ', 'U'), ('న్న', '|'), ('వి', 'U'), ('శ్వ', '|'), ('దా', 'U'), ('భి', '|'), ('రా', 'U'), ('మ', '|'), ('వి', '|'), ('న', '|'), ('ర', '|'), ('వే', 'U'), ('మ', '|')]",0.9166666666666666,-1.0,1.0,1.0,0.75,-1.0
aataveladi,"_x000D_
పూసపోగుపైడి పుట్టంబు విడియంబు
_x000D_
కాయపుష్టిమిగులఁ గలిగియున్న
_x000D_
హీనజాతి నైన నిందురమ్మందురు
_x000D_
విశ్వదాభిరామ వినర వేమ.",vupajaathi,Vemana,"[('పూ', 'U'), ('స', '|'), ('పో', 'U'), ('గు', '|'), ('పై', 'U'), ('డి', '|'), ('పు', 'U'), ('ట్టం', 'U'), ('బు', '|'), ('వి', '|'), ('డి', '|'), ('యం', 'U'), ('బు', '|'), ('కా', 'U'), ('య', '|'), ('పు', 'U'), ('ష్టి', '|'), ('మి', '|'), ('గు', '|'), ('ల', '|'), ('గ', '|'), ('లి', '|'), ('గి', '|'), ('యు', 'U'), ('న్న', '|'), ('హీ', 'U'), ('న', '|'), ('జా', 'U'), ('తి', '|'), ('నై', 'U'), ('న', '|'), ('నిం', 'U'), ('దు', '|'), ('ర', 'U'), ('మ్మం', 'U'), ('దు', '|'), ('రు', '|'), ('వి', 'U'), ('శ్వ', '|'), ('దా', 'U'), ('భి', '|'), ('రా', 'U'), ('మ', '|'), ('వి', '|'), ('న', '|'), ('ర', '|'), ('వే', 'U'), ('మ', '|')]",0.9166666666666666,-1.0,1.0,1.0,0.75,-1.0
aataveladi,"_x000D_
మాసిన తలతోడ మలినవస్త్రముతోడ
_x000D_
నొడల జడ్డుతోడ నుండెనేని
_x000D_
యగ్రజన్ముఁడయిన నట్టెపొమ్మందురు
_x000D_
విశ్వదాభిరామ వినర వేమ.",vupajaathi,Vemana,"[('మా', 'U'), ('సి', '|'), ('న', '|'), ('త', '|'), ('ల', '|'), ('తో', 'U'), ('డ', '|'), ('మ', '|'), ('లి', '|'), ('న', '|'), ('వ', 'U'), ('స్త్ర', '|'), ('ము', '|'), ('తో', 'U'), ('డ', '|'), ('నొ', '|'), ('డ', '|'), ('ల', '|'), ('జ', 'U'), ('డ్డు', '|'), ('తో', 'U'), ('డ', '|'), ('నుం', 'U'), ('డె', '|'), ('నే', 'U'), ('ని', '|'), ('య', '|'), ('గ్ర', '|'), ('జ', 'U'), ('న్ము', '|'), ('డ', '|'), ('యి', '|'), ('న', '|'), ('న', 'U'), ('ట్టె', '|'), ('పొ', 'U'), ('మ్మం', 'U'), ('దు', '|'), ('రు', '|'), ('వి', 'U'), ('శ్వ', '|'), ('దా', 'U'), ('భి', '|'), ('రా', 'U'), ('మ', '|'), ('వి', '|'), ('న', '|'), ('ర', '|'), ('వే', 'U'), ('మ', '|')]",0.7333333333333334,-1.0,1.0,0.7,0.5,-1.0
aataveladi,"_x000D_
కొండెగాఁడు చావఁ గొంపదనుకఁ బోక
_x000D_
వంతు కింతెకాని వగపులేదు
_x000D_
కొంకనక్క చావ గొఱ్ఱెలేమిటి కేడ్చు
_x000D_
విశ్వదాభిరామ వినర వేమ.",vupajaathi,Vemana,"[('కొం', 'U'), ('డె', '|'), ('గా', 'U'), ('డు', '|'), ('చా', 'U'), ('వ', '|'), ('గొం', 'U'), ('ప', '|'), ('ద', '|'), ('ను', '|'), ('క', '|'), ('బో', 'U'), ('క', '|'), ('వం', 'U'), ('తు', '|'), ('కిం', 'U'), ('తె', '|'), ('కా', 'U'), ('ని', '|'), ('వ', '|'), ('గ', '|'), ('పు', '|'), ('లే', 'U'), ('దు', '|'), ('కొం', 'U'), ('క', '|'), ('న', 'U'), ('క్క', '|'), ('చా', 'U'), ('వ', '|'), ('గొ', 'U'), ('ఱ్ఱె', '|'), ('లే', 'U'), ('మి', '|'), ('టి', '|'), ('కే', 'U'), ('డ్చు', '|'), ('వి', 'U'), ('శ్వ', '|'), ('దా', 'U'), ('భి', '|'), ('రా', 'U'), ('మ', '|'), ('వి', '|'), ('న', '|'), ('ర', '|'), ('వే', 'U'), ('మ', '|')]",1.0,-1.0,1.0,1.0,1.0,-1.0
aataveladi,"_x000D_
వాడకుఱికి తిట్టు వలదన్న మొఱఁబెట్టు
_x000D_
ముందు మగనిఁ దిట్టు ముసుఁగుపెట్టు
_x000D_
గడుసురాలు మగని గంపఁ బెట్టమ్మురా
_x000D_
విశ్వదాభిరామ వినర వేమ.",vupajaathi,Vemana,"[('వా', 'U'), ('డ', '|'), ('కు', '|'), ('ఱి', '|'), ('కి', '|'), ('తి', 'U'), ('ట్టు', '|'), ('వ', '|'), ('ల', '|'), ('ద', 'U'), ('న్న', '|'), ('మొ', '|'), ('ఱ', '|'), ('బె', 'U'), ('ట్టు', '|'), ('ముం', 'U'), ('దు', '|'), ('మ', '|'), ('గ', '|'), ('ని', '|'), ('ది', 'U'), ('ట్టు', '|'), ('ము', '|'), ('సు', '|'), ('గు', '|'), ('పె', 'U'), ('ట్టు', '|'), ('గ', '|'), ('డు', '|'), ('సు', '|'), ('రా', 'U'), ('లు', '|'), ('మ', '|'), ('గ', '|'), ('ని', '|'), ('గం', 'U'), ('ప', '|'), ('బె', 'U'), ('ట్ట', 'U'), ('మ్ము', '|'), ('రా', 'U'), ('వి', 'U'), ('శ్వ', '|'), ('దా', 'U'), ('భి', '|'), ('రా', 'U'), ('మ', '|'), ('వి', '|'), ('న', '|'), ('ర', '|'), ('వే', 'U'), ('మ', '|')]",1.0,-1.0,1.0,1.0,1.0,-1.0
aataveladi,"_x000D_
ఆడు పాపజాతి యన్నిటికంటెను
_x000D_
ఆశచేత యతులు మోసపోరె
_x000D_
చూచి విడుచువారు శుద్ధాత్ములెందును
_x000D_
విశ్వదాభిరామ వినర వేమ.",vupajaathi,Vemana,"[('ఆ', 'U'), ('డు', '|'), ('పా', 'U'), ('ప', '|'), ('జా', 'U'), ('తి', '|'), ('య', 'U'), ('న్ని', '|'), ('టి', '|'), ('కం', 'U'), ('టె', '|'), ('ను', '|'), ('ఆ', 'U'), ('శ', '|'), ('చే', 'U'), ('త', '|'), ('య', '|'), ('తు', '|'), ('లు', '|'), ('మో', 'U'), ('స', '|'), ('పో', 'U'), ('రె', '|'), ('చూ', 'U'), ('చి', '|'), ('వి', '|'), ('డు', '|'), ('చు', '|'), ('వా', 'U'), ('రు', '|'), ('శు', 'U'), ('ద్ధా', 'U'), ('త్ము', '|'), ('లెం', 'U'), ('దు', '|'), ('ను', '|'), ('వి', 'U'), ('శ్వ', '|'), ('దా', 'U'), ('భి', '|'), ('రా', 'U'), ('మ', '|'), ('వి', '|'), ('న', '|'), ('ర', '|'), ('వే', 'U'), ('మ', '|')]",0.9166666666666666,-1.0,1.0,1.0,0.75,-1.0
aataveladi,"_x000D_
నిజములాడువాని నిందించు జగమెల్ల
_x000D_
నిజము లాడరాదు నీచుతోడ
_x000D_
నిజమహాత్ముఁగూడ నిజమాడవలయురా
_x000D_
విశ్వదాభిరామ వినర వేమ.",vupajaathi,Vemana,"[('ని', '|'), ('జ', '|'), ('ము', '|'), ('లా', 'U'), ('డు', '|'), ('వా', 'U'), ('ని', '|'), ('నిం', 'U'), ('దిం', 'U'), ('చు', '|'), ('జ', '|'), ('గ', '|'), ('మె', 'U'), ('ల్ల', '|'), ('ని', '|'), ('జ', '|'), ('ము', '|'), ('లా', 'U'), ('డ', '|'), ('రా', 'U'), ('దు', '|'), ('నీ', 'U'), ('చు', '|'), ('తో', 'U'), ('డ', '|'), ('ని', '|'), ('జ', '|'), ('మ', '|'), ('హా', 'U'), ('త్ము', '|'), ('గూ', 'U'), ('డ', '|'), ('ని', '|'), ('జ', '|'), ('మా', 'U'), ('డ', '|'), ('వ', '|'), ('ల', '|'), ('యు', '|'), ('రా', 'U'), ('వి', 'U'), ('శ్వ', '|'), ('దా', 'U'), ('భి', '|'), ('రా', 'U'), ('మ', '|'), ('వి', '|'), ('న', '|'), ('ర', '|'), ('వే', 'U'), ('మ', '|')]",1.0,-1.0,1.0,1.0,1.0,-1.0
kandamu,"_x000D_
వెఱవవలెఁ బామునకు నిల
_x000D_
వెఱవఁగవలె మరణమునకు విశ్వములోన\న్‌
_x000D_
మఱవగవలె సంగమముల
_x000D_
మఱి మఱువగ వలదు మేలు మహిలో వేమా.",jaathi,Vemana,"[('వె', '|'), ('ఱ', '|'), ('వ', '|'), ('వ', '|'), ('లె', '|'), ('బా', 'U'), ('ము', '|'), ('న', '|'), ('కు', '|'), ('ని', '|'), ('ల', '|'), ('వె', '|'), ('ఱ', '|'), ('వ', '|'), ('గ', '|'), ('వ', '|'), ('లె', '|'), ('మ', '|'), ('ర', '|'), ('ణ', '|'), ('ము', '|'), ('న', '|'), ('కు', '|'), ('వి', 'U'), ('శ్వ', '|'), ('ము', '|'), ('లో', 'U'), ('నన్', 'U'), ('మ', '|'), ('ఱ', '|'), ('వ', '|'), ('గ', '|'), ('వ', '|'), ('లె', '|'), ('సం', 'U'), ('గ', '|'), ('మ', '|'), ('ము', '|'), ('ల', '|'), ('మ', '|'), ('ఱి', '|'), ('మ', '|'), ('ఱు', '|'), ('వ', '|'), ('గ', '|'), ('వ', '|'), ('ల', '|'), ('దు', '|'), ('మే', 'U'), ('లు', '|'), ('మ', '|'), ('హి', '|'), ('లో', 'U'), ('వే', 'U'), ('మా', 'U')]",1.0,-1.0,1.0,1.0,1.0,1.0
kandamu,"_x000D_
ఇచ్చకము భువిని వశ్యము
_x000D_
కుచ్చిత మీలోకనింద కోవిదునకు నీ
_x000D_
తుచ్చమున హాని వచ్చును
_x000D_
మచ్చరమే తన్నుఁ జెఱచు మహిలో వేమా.",jaathi,Vemana,"[('ఇ', 'U'), ('చ్చ', '|'), ('క', '|'), ('ము', '|'), ('భు', '|'), ('వి', '|'), ('ని', '|'), ('వ', 'U'), ('శ్య', '|'), ('ము', '|'), ('కు', 'U'), ('చ్చి', '|'), ('త', '|'), ('మీ', 'U'), ('లో', 'U'), ('క', '|'), ('నిం', 'U'), ('ద', '|'), ('కో', 'U'), ('వి', '|'), ('దు', '|'), ('న', '|'), ('కు', '|'), ('నీ', 'U'), ('తు', 'U'), ('చ్చ', '|'), ('ము', '|'), ('న', '|'), ('హా', 'U'), ('ని', '|'), ('వ', 'U'), ('చ్చు', '|'), ('ను', '|'), ('మ', 'U'), ('చ్చ', '|'), ('ర', '|'), ('మే', 'U'), ('త', 'U'), ('న్ను', '|'), ('జె', '|'), ('ఱ', '|'), ('చు', '|'), ('మ', '|'), ('హి', '|'), ('లో', 'U'), ('వే', 'U'), ('మా', 'U')]",1.0,-1.0,1.0,1.0,1.0,1.0
aataveladi,"_x000D_
కోఁతిఁ బట్టితెచ్చి క్రొత్తపుట్టముగట్టి
_x000D_
కొండమ్రుచ్చు లెల్లఁ గొలిచినట్లు
_x000D_
నీతిహీనునొద్ద నిర్భాగ్యు లుందురు
_x000D_
విశ్వదాభిరామ వినర వేమ.",vupajaathi,Vemana,"[('కో', 'U'), ('తి', '|'), ('బ', 'U'), ('ట్టి', '|'), ('తె', 'U'), ('చ్చి', '|'), ('క్రొ', 'U'), ('త్త', '|'), ('పు', 'U'), ('ట్ట', '|'), ('ము', '|'), ('గ', 'U'), ('ట్టి', '|'), ('కొం', 'U'), ('డ', '|'), ('మ్రు', 'U'), ('చ్చు', '|'), ('లె', 'U'), ('ల్ల', '|'), ('గొ', '|'), ('లి', '|'), ('చి', '|'), ('న', 'U'), ('ట్లు', '|'), ('నీ', 'U'), ('తి', '|'), ('హీ', 'U'), ('ను', '|'), ('నొ', 'U'), ('ద్ద', '|'), ('ని', 'U'), ('ర్భా', 'U'), ('గ్యు', '|'), ('లుం', 'U'), ('దు', '|'), ('రు', '|'), ('వి', 'U'), ('శ్వ', '|'), ('దా', 'U'), ('భి', '|'), ('రా', 'U'), ('మ', '|'), ('వి', '|'), ('న', '|'), ('ర', '|'), ('వే', 'U'), ('మ', '|')]",1.0,-1.0,1.0,1.0,1.0,-1.0
aataveladi,"_x000D_
గాడ్దెమేనునిండ గంధంబుఁ బూసిన
_x000D_
నేమి యెఱుఁగలేక యెగసితన్ను
_x000D_
నీడుకానివాని నిష్ట మీలాగురా
_x000D_
విశ్వదాభిరామ వినర వేమ.",vupajaathi,Vemana,"[('గా', 'U'), ('డ్దె', '|'), ('మే', 'U'), ('ను', '|'), ('నిం', 'U'), ('డ', '|'), ('గం', 'U'), ('ధం', 'U'), ('బు', '|'), ('బూ', 'U'), ('సి', '|'), ('న', '|'), ('నే', 'U'), ('మి', '|'), ('యె', '|'), ('ఱు', '|'), ('గ', '|'), ('లే', 'U'), ('క', '|'), ('యె', '|'), ('గ', '|'), ('సి', '|'), ('త', 'U'), ('న్ను', '|'), ('నీ', 'U'), ('డు', '|'), ('కా', 'U'), ('ని', '|'), ('వా', 'U'), ('ని', '|'), ('ని', 'U'), ('ష్ట', '|'), ('మీ', 'U'), ('లా', 'U'), ('గు', '|'), ('రా', 'U'), ('వి', 'U'), ('శ్వ', '|'), ('దా', 'U'), ('భి', '|'), ('రా', 'U'), ('మ', '|'), ('వి', '|'), ('న', '|'), ('ర', '|'), ('వే', 'U'), ('మ', '|')]",0.9166666666666666,-1.0,1.0,1.0,0.75,-1.0
aataveladi,"_x000D_
విడువవలయు నూరు విశ్రాంతి గాకున్న
_x000D_
విడువవలయు నాలి విధముఁ దెలిసి
_x000D_
విడువవలయు రాజు వితరణి గాకున్న
_x000D_
విశ్వదాభిరామ వినర వేమ.",vupajaathi,Vemana,"[('వి', '|'), ('డు', '|'), ('వ', '|'), ('వ', '|'), ('ల', '|'), ('యు', '|'), ('నూ', 'U'), ('రు', '|'), ('వి', '|'), ('శ్రాం', 'U'), ('తి', '|'), ('గా', 'U'), ('కు', 'U'), ('న్న', '|'), ('వి', '|'), ('డు', '|'), ('వ', '|'), ('వ', '|'), ('ల', '|'), ('యు', '|'), ('నా', 'U'), ('లి', '|'), ('వి', '|'), ('ధ', '|'), ('ము', '|'), ('దె', '|'), ('లి', '|'), ('సి', '|'), ('వి', '|'), ('డు', '|'), ('వ', '|'), ('వ', '|'), ('ల', '|'), ('యు', '|'), ('రా', 'U'), ('జు', '|'), ('వి', '|'), ('త', '|'), ('ర', '|'), ('ణి', '|'), ('గా', 'U'), ('కు', 'U'), ('న్న', '|'), ('వి', 'U'), ('శ్వ', '|'), ('దా', 'U'), ('భి', '|'), ('రా', 'U'), ('మ', '|'), ('వి', '|'), ('న', '|'), ('ర', '|'), ('వే', 'U'), ('మ', '|')]",0.6333333333333333,-1.0,1.0,0.65,0.25,-1.0
aataveladi,"_x000D_
అప్పుదీయ రోఁత హరిహరాదులకైన
_x000D_
మొప్పెతోడ మైత్రి మొదలె రోఁత
_x000D_
తప్పు బలుక రోఁత తాకట్టిడిన రోఁత
_x000D_
విశ్వదాభిరామ వినర వేమ.",vupajaathi,Vemana,"[('అ', 'U'), ('ప్పు', '|'), ('దీ', 'U'), ('య', '|'), ('రో', 'U'), ('త', '|'), ('హ', '|'), ('రి', '|'), ('హ', '|'), ('రా', 'U'), ('దు', '|'), ('ల', '|'), ('కై', 'U'), ('న', '|'), ('మొ', 'U'), ('ప్పె', '|'), ('తో', 'U'), ('డ', '|'), ('మై', 'U'), ('త్రి', '|'), ('మొ', '|'), ('ద', '|'), ('లె', '|'), ('రో', 'U'), ('త', '|'), ('త', 'U'), ('ప్పు', '|'), ('బ', '|'), ('లు', '|'), ('క', '|'), ('రో', 'U'), ('త', '|'), ('తా', 'U'), ('క', 'U'), ('ట్టి', '|'), ('డి', '|'), ('న', '|'), ('రో', 'U'), ('త', '|'), ('వి', 'U'), ('శ్వ', '|'), ('దా', 'U'), ('భి', '|'), ('రా', 'U'), ('మ', '|'), ('వి', '|'), ('న', '|'), ('ర', '|'), ('వే', 'U'), ('మ', '|')]",1.0,-1.0,1.0,1.0,1.0,-1.0
aataveladi,"_x000D_
ఎడ్డె దెలుపవచ్చు నేఁడాది కైనను
_x000D_
మౌనిఁ దెలుపవచ్చు మాసమందు
_x000D_
మొప్పెఁ దెలుపరాదు ముప్ప దేండ్లకు నైన
_x000D_
విశ్వదాభిరామ వినర వేమ.",vupajaathi,Vemana,"[('ఎ', 'U'), ('డ్డె', '|'), ('దె', '|'), ('లు', '|'), ('ప', '|'), ('వ', 'U'), ('చ్చు', '|'), ('నే', 'U'), ('డా', 'U'), ('ది', '|'), ('కై', 'U'), ('న', '|'), ('ను', '|'), ('మౌ', 'U'), ('ని', '|'), ('దె', '|'), ('లు', '|'), ('ప', '|'), ('వ', 'U'), ('చ్చు', '|'), ('మా', 'U'), ('స', '|'), ('మం', 'U'), ('దు', '|'), ('మొ', 'U'), ('ప్పె', '|'), ('దె', '|'), ('లు', '|'), ('ప', '|'), ('రా', 'U'), ('దు', '|'), ('ము', 'U'), ('ప్ప', '|'), ('దేం', 'U'), ('డ్ల', '|'), ('కు', '|'), ('నై', 'U'), ('న', '|'), ('వి', 'U'), ('శ్వ', '|'), ('దా', 'U'), ('భి', '|'), ('రా', 'U'), ('మ', '|'), ('వి', '|'), ('న', '|'), ('ర', '|'), ('వే', 'U'), ('మ', '|')]",0.9166666666666666,-1.0,1.0,1.0,0.75,-1.0
aataveladi,"_x000D_
చూపువలనఁ బుట్టు సుఖదుఃఖములు రెండు
_x000D_
పతికి సతికిఁ బుట్ట పరగ సుతుఁడు
_x000D_
సతికి సుతునివలన సౌఖ్యంబు గలుగును
_x000D_
విశ్వదాభిరామ వినర వేమ.",vupajaathi,Vemana,"[('చూ', 'U'), ('పు', '|'), ('వ', '|'), ('ల', '|'), ('న', '|'), ('బు', 'U'), ('ట్టు', '|'), ('సు', '|'), ('ఖ', '|'), ('దుః', 'U'), ('ఖ', '|'), ('ము', '|'), ('లు', '|'), ('రెం', 'U'), ('డు', '|'), ('ప', '|'), ('తి', '|'), ('కి', '|'), ('స', '|'), ('తి', '|'), ('కి', '|'), ('బు', 'U'), ('ట్ట', '|'), ('ప', '|'), ('ర', '|'), ('గ', '|'), ('సు', '|'), ('తు', '|'), ('డు', '|'), ('స', '|'), ('తి', '|'), ('కి', '|'), ('సు', '|'), ('తు', '|'), ('ని', '|'), ('వ', '|'), ('ల', '|'), ('న', '|'), ('సౌ', 'U'), ('ఖ్యం', 'U'), ('బు', '|'), ('గ', '|'), ('లు', '|'), ('గు', '|'), ('ను', '|'), ('వి', 'U'), ('శ్వ', '|'), ('దా', 'U'), ('భి', '|'), ('రా', 'U'), ('మ', '|'), ('వి', '|'), ('న', '|'), ('ర', '|'), ('వే', 'U'), ('మ', '|')]",1.0,-1.0,1.0,1.0,1.0,-1.0
aataveladi,"_x000D_
నీళ్ళమీదఁ జూడు నెరయ నోడలపర్వు
_x000D_
బయలుమీఁదఁ జూడు పక్షిపర్వు
_x000D_
నాఁడువారిగమన మీలాగు నుండురా
_x000D_
విశ్వదాభిరామ వినర వేమ.",vupajaathi,Vemana,"[('నీ', 'U'), ('ళ్ళ', '|'), ('మీ', 'U'), ('ద', '|'), ('జూ', 'U'), ('డు', '|'), ('నె', '|'), ('ర', '|'), ('య', '|'), ('నో', 'U'), ('డ', '|'), ('ల', '|'), ('ప', 'U'), ('ర్వు', '|'), ('బ', '|'), ('య', '|'), ('లు', '|'), ('మీ', 'U'), ('ద', '|'), ('జూ', 'U'), ('డు', '|'), ('ప', 'U'), ('క్షి', '|'), ('ప', 'U'), ('ర్వు', '|'), ('నా', 'U'), ('డు', '|'), ('వా', 'U'), ('రి', '|'), ('గ', '|'), ('మ', '|'), ('న', '|'), ('మీ', 'U'), ('లా', 'U'), ('గు', '|'), ('నుం', 'U'), ('డు', '|'), ('రా', 'U'), ('వి', 'U'), ('శ్వ', '|'), ('దా', 'U'), ('భి', '|'), ('రా', 'U'), ('మ', '|'), ('వి', '|'), ('న', '|'), ('ర', '|'), ('వే', 'U'), ('మ', '|')]",0.9166666666666666,-1.0,1.0,1.0,0.75,-1.0
aataveladi,"_x000D_
ఆలు రంభయైన నతిశీలయైన
_x000D_
జారపురుషుఁడేల జాడ మాను
_x000D_
మాలవాడ కుక్క మరగినచందంబు
_x000D_
విశ్వదాభిరామ వినర వేమ.",vupajaathi,Vemana,"[('ఆ', 'U'), ('లు', '|'), ('రం', 'U'), ('భ', '|'), ('యై', 'U'), ('న', '|'), ('న', '|'), ('తి', '|'), ('శీ', 'U'), ('ల', '|'), ('యై', 'U'), ('న', '|'), ('జా', 'U'), ('ర', '|'), ('పు', '|'), ('రు', '|'), ('షు', '|'), ('డే', 'U'), ('ల', '|'), ('జా', 'U'), ('డ', '|'), ('మా', 'U'), ('ను', '|'), ('మా', 'U'), ('ల', '|'), ('వా', 'U'), ('డ', '|'), ('కు', 'U'), ('క్క', '|'), ('మ', '|'), ('ర', '|'), ('గి', '|'), ('న', '|'), ('చం', 'U'), ('దం', 'U'), ('బు', '|'), ('వి', 'U'), ('శ్వ', '|'), ('దా', 'U'), ('భి', '|'), ('రా', 'U'), ('మ', '|'), ('వి', '|'), ('న', '|'), ('ర', '|'), ('వే', 'U'), ('మ', '|')]",0.5833333333333334,-1.0,1.0,0.75,0.0,-1.0
aataveladi,"_x000D_
చాకివాఁడు కోక చీకాకుపడఁ జేసి
_x000D_
మయిలఁబుచ్చి మంచిమడుపుఁ జేయు
_x000D_
బుద్ధిచెప్పువాఁడు గ్రుద్దిన నేమయా
_x000D_
విశ్వదాభిరామ వినర వేమ.",vupajaathi,Vemana,"[('చా', 'U'), ('కి', '|'), ('వా', 'U'), ('డు', '|'), ('కో', 'U'), ('క', '|'), ('చీ', 'U'), ('కా', 'U'), ('కు', '|'), ('ప', '|'), ('డ', '|'), ('జే', 'U'), ('సి', '|'), ('మ', '|'), ('యి', '|'), ('ల', '|'), ('బు', 'U'), ('చ్చి', '|'), ('మం', 'U'), ('చి', '|'), ('మ', '|'), ('డు', '|'), ('పు', '|'), ('జే', 'U'), ('యు', '|'), ('బు', 'U'), ('ద్ధి', '|'), ('చె', 'U'), ('ప్పు', '|'), ('వా', 'U'), ('డు', '|'), ('గ్రు', 'U'), ('ద్ది', '|'), ('న', '|'), ('నే', 'U'), ('మ', '|'), ('యా', 'U'), ('వి', 'U'), ('శ్వ', '|'), ('దా', 'U'), ('భి', '|'), ('రా', 'U'), ('మ', '|'), ('వి', '|'), ('న', '|'), ('ర', '|'), ('వే', 'U'), ('మ', '|')]",0.9166666666666666,-1.0,1.0,1.0,0.75,-1.0
aataveladi,"_x000D_
కలిమినాఁడు మగని కామిని చూచును
_x000D_
లేమిఁజిక్కునాఁడు లేవకుండు
_x000D_
మనినమగనినైన మడియంగఁ జూచును
_x000D_
విశ్వదాభిరామ వినర వేమ.",vupajaathi,Vemana,"[('క', '|'), ('లి', '|'), ('మి', '|'), ('నా', 'U'), ('డు', '|'), ('మ', '|'), ('గ', '|'), ('ని', '|'), ('కా', 'U'), ('మి', '|'), ('ని', '|'), ('చూ', 'U'), ('చు', '|'), ('ను', '|'), ('లే', 'U'), ('మి', '|'), ('జి', 'U'), ('క్కు', '|'), ('నా', 'U'), ('డు', '|'), ('లే', 'U'), ('వ', '|'), ('కుం', 'U'), ('డు', '|'), ('మ', '|'), ('ని', '|'), ('న', '|'), ('మ', '|'), ('గ', '|'), ('ని', '|'), ('నై', 'U'), ('న', '|'), ('మ', '|'), ('డి', '|'), ('యం', 'U'), ('గ', '|'), ('జూ', 'U'), ('చు', '|'), ('ను', '|'), ('వి', 'U'), ('శ్వ', '|'), ('దా', 'U'), ('భి', '|'), ('రా', 'U'), ('మ', '|'), ('వి', '|'), ('న', '|'), ('ర', '|'), ('వే', 'U'), ('మ', '|')]",1.0,-1.0,1.0,1.0,1.0,-1.0
aataveladi,"_x000D_
పాలు పంచదార పాపరపండ్లలో
_x000D_
చాలఁబోసి పండ్లఁ జవికిరావు
_x000D_
కుటిలమానవులకు గుణ మేల కలుగురా
_x000D_
విశ్వదాభిరామ వినర వేమ.",vupajaathi,Vemana,"[('పా', 'U'), ('లు', '|'), ('పం', 'U'), ('చ', '|'), ('దా', 'U'), ('ర', '|'), ('పా', 'U'), ('ప', '|'), ('ర', '|'), ('పం', 'U'), ('డ్ల', '|'), ('లో', 'U'), ('చా', 'U'), ('ల', '|'), ('బో', 'U'), ('సి', '|'), ('పం', 'U'), ('డ్ల', '|'), ('జ', '|'), ('వి', '|'), ('కి', '|'), ('రా', 'U'), ('వు', '|'), ('కు', '|'), ('టి', '|'), ('ల', '|'), ('మా', 'U'), ('న', '|'), ('వు', '|'), ('ల', '|'), ('కు', '|'), ('గు', '|'), ('ణ', '|'), ('మే', 'U'), ('ల', '|'), ('క', '|'), ('లు', '|'), ('గు', '|'), ('రా', 'U'), ('వి', 'U'), ('శ్వ', '|'), ('దా', 'U'), ('భి', '|'), ('రా', 'U'), ('మ', '|'), ('వి', '|'), ('న', '|'), ('ర', '|'), ('వే', 'U'), ('మ', '|')]",1.0,-1.0,1.0,1.0,1.0,-1.0
aataveladi,"_x000D_
భూమి నాదియన్న భూమి ఫక్కున నవ్వు
_x000D_
దానహీనుఁ జూచి ధనము నవ్వు
_x000D_
కదన భీతుఁ జూచి కాలుండు నవ్వును
_x000D_
విశ్వదాభిరామ వినర వేమ.",vupajaathi,Vemana,"[('భూ', 'U'), ('మి', '|'), ('నా', 'U'), ('ది', '|'), ('య', 'U'), ('న్న', '|'), ('భూ', 'U'), ('మి', '|'), ('ఫ', 'U'), ('క్కు', '|'), ('న', '|'), ('న', 'U'), ('వ్వు', '|'), ('దా', 'U'), ('న', '|'), ('హీ', 'U'), ('ను', '|'), ('జూ', 'U'), ('చి', '|'), ('ధ', '|'), ('న', '|'), ('ము', '|'), ('న', 'U'), ('వ్వు', '|'), ('క', '|'), ('ద', '|'), ('న', '|'), ('భీ', 'U'), ('తు', '|'), ('జూ', 'U'), ('చి', '|'), ('కా', 'U'), ('లుం', 'U'), ('డు', '|'), ('న', 'U'), ('వ్వు', '|'), ('ను', '|'), ('వి', 'U'), ('శ్వ', '|'), ('దా', 'U'), ('భి', '|'), ('రా', 'U'), ('మ', '|'), ('వి', '|'), ('న', '|'), ('ర', '|'), ('వే', 'U'), ('మ', '|')]",1.0,-1.0,1.0,1.0,1.0,-1.0
aataveladi,"_x000D_
తనదుభ్రాత లెల్ల దానంబు సేయంగ
_x000D_
తనకు ఫలమటంచుఁ దలఁచరాదు
_x000D_
తనదుకాలు కోయఁ దన తమ్ముఁడేడ్చునా
_x000D_
విశ్వదాభిరామ వినర వేమ.",vupajaathi,Vemana,"[('త', '|'), ('న', '|'), ('దు', '|'), ('భ్రా', 'U'), ('త', '|'), ('లె', 'U'), ('ల్ల', '|'), ('దా', 'U'), ('నం', 'U'), ('బు', '|'), ('సే', 'U'), ('యం', 'U'), ('గ', '|'), ('త', '|'), ('న', '|'), ('కు', '|'), ('ఫ', '|'), ('ల', '|'), ('మ', '|'), ('టం', 'U'), ('చు', '|'), ('ద', '|'), ('ల', '|'), ('చ', '|'), ('రా', 'U'), ('దు', '|'), ('త', '|'), ('న', '|'), ('దు', '|'), ('కా', 'U'), ('లు', '|'), ('కో', 'U'), ('య', '|'), ('ద', '|'), ('న', '|'), ('త', 'U'), ('మ్ము', '|'), ('డే', 'U'), ('డ్చు', '|'), ('నా', 'U'), ('వి', 'U'), ('శ్వ', '|'), ('దా', 'U'), ('భి', '|'), ('రా', 'U'), ('మ', '|'), ('వి', '|'), ('న', '|'), ('ర', '|'), ('వే', 'U'), ('మ', '|')]",1.0,-1.0,1.0,1.0,1.0,-1.0
aataveladi,"_x000D_
పంకజాక్షిఁ గన్న బంగరు పొడగన్న
_x000D_
దిమ్ముబట్టియుండు తెలివి కెల్ల
_x000D_
మనుజులకును తత్వమహి మెట్టు గల్గురా
_x000D_
విశ్వదాభిరామ వినర వేమ.",vupajaathi,Vemana,"[('పం', 'U'), ('క', '|'), ('జా', 'U'), ('క్షి', '|'), ('గ', 'U'), ('న్న', '|'), ('బం', 'U'), ('గ', '|'), ('రు', '|'), ('పొ', '|'), ('డ', '|'), ('గ', 'U'), ('న్న', '|'), ('ది', 'U'), ('మ్ము', '|'), ('బ', 'U'), ('ట్టి', '|'), ('యుం', 'U'), ('డు', '|'), ('తె', '|'), ('లి', '|'), ('వి', '|'), ('కె', 'U'), ('ల్ల', '|'), ('మ', '|'), ('ను', '|'), ('జు', '|'), ('ల', '|'), ('కు', '|'), ('ను', '|'), ('త', 'U'), ('త్వ', '|'), ('మ', '|'), ('హి', '|'), ('మె', 'U'), ('ట్టు', '|'), ('గ', 'U'), ('ల్గు', '|'), ('రా', 'U'), ('వి', 'U'), ('శ్వ', '|'), ('దా', 'U'), ('భి', '|'), ('రా', 'U'), ('మ', '|'), ('వి', '|'), ('న', '|'), ('ర', '|'), ('వే', 'U'), ('మ', '|')]",1.0,-1.0,1.0,1.0,1.0,-1.0
aataveladi,"_x000D_
దాతగానివాని తఱచుగా వేఁడిన
_x000D_
వాడుఁ దాతయగునె వసుధలోన
_x000D_
అవురు దర్భ యౌనె యబ్ధిలో ముంచిన
_x000D_
విశ్వదాభిరామ వినర వేమ.",vupajaathi,Vemana,"[('దా', 'U'), ('త', '|'), ('గా', 'U'), ('ని', '|'), ('వా', 'U'), ('ని', '|'), ('త', '|'), ('ఱ', '|'), ('చు', '|'), ('గా', 'U'), ('వే', 'U'), ('డి', '|'), ('న', '|'), ('వా', 'U'), ('డు', '|'), ('దా', 'U'), ('త', '|'), ('య', '|'), ('గు', '|'), ('నె', '|'), ('వ', '|'), ('సు', '|'), ('ధ', '|'), ('లో', 'U'), ('న', '|'), ('అ', '|'), ('వు', '|'), ('రు', '|'), ('ద', 'U'), ('ర్భ', '|'), ('యౌ', 'U'), ('నె', '|'), ('య', 'U'), ('బ్ధి', '|'), ('లో', 'U'), ('ముం', 'U'), ('చి', '|'), ('న', '|'), ('వి', 'U'), ('శ్వ', '|'), ('దా', 'U'), ('భి', '|'), ('రా', 'U'), ('మ', '|'), ('వి', '|'), ('న', '|'), ('ర', '|'), ('వే', 'U'), ('మ', '|')]",1.0,-1.0,1.0,1.0,1.0,-1.0
aataveladi,"_x000D_
మొండివాని కేల ముంజేతి కడియాలు
_x000D_
తొఱ్ఱివాని కేల కఱ్ఱపండ్లు
_x000D_
గాడిదలకు నేల గడ్డముల్‌ మీసముల్‌
_x000D_
విశ్వదాభిరామ వినర వేమ.",vupajaathi,Vemana,"[('మొం', 'U'), ('డి', '|'), ('వా', 'U'), ('ని', '|'), ('కే', 'U'), ('ల', '|'), ('ముం', 'U'), ('జే', 'U'), ('తి', '|'), ('క', '|'), ('డి', '|'), ('యా', 'U'), ('లు', '|'), ('తొ', 'U'), ('ఱ్ఱి', '|'), ('వా', 'U'), ('ని', '|'), ('కే', 'U'), ('ల', '|'), ('క', 'U'), ('ఱ్ఱ', '|'), ('పం', 'U'), ('డ్లు', '|'), ('గా', 'U'), ('డి', '|'), ('ద', '|'), ('ల', '|'), ('కు', '|'), ('నే', 'U'), ('ల', '|'), ('గ', 'U'), ('డ్డ', '|'), ('ము', 'U'), ('ల్మీ', 'U'), ('స', '|'), ('ముల్', 'U'), ('వి', 'U'), ('శ్వ', '|'), ('దా', 'U'), ('భి', '|'), ('రా', 'U'), ('మ', '|'), ('వి', '|'), ('న', '|'), ('ర', '|'), ('వే', 'U'), ('మ', '|')]",1.0,-1.0,1.0,1.0,1.0,-1.0
aataveladi,"_x000D_
దొడ్డవాండ్రమనుచుఁ ద్రోవడొంకలు బెట్టి
_x000D_
యడ్డమైన జనులనంటఁగట్టి
_x000D_
దోఁచుకున్న నట్టి దోష మెక్కడఁబోవు
_x000D_
విశ్వదాభిరామ వినర వేమ.",vupajaathi,Vemana,"[('దొ', 'U'), ('డ్డ', '|'), ('వాం', 'U'), ('డ్ర', '|'), ('మ', '|'), ('ను', '|'), ('చు', '|'), ('ద్రో', 'U'), ('వ', '|'), ('డొం', 'U'), ('క', '|'), ('లు', '|'), ('బె', 'U'), ('ట్టి', '|'), ('య', 'U'), ('డ్డ', '|'), ('మై', 'U'), ('న', '|'), ('జ', '|'), ('ను', '|'), ('ల', '|'), ('నం', 'U'), ('ట', '|'), ('గ', 'U'), ('ట్టి', '|'), ('దో', 'U'), ('చు', '|'), ('కు', 'U'), ('న్న', '|'), ('న', 'U'), ('ట్టి', '|'), ('దో', 'U'), ('ష', '|'), ('మె', 'U'), ('క్క', '|'), ('డ', '|'), ('బో', 'U'), ('వు', '|'), ('వి', 'U'), ('శ్వ', '|'), ('దా', 'U'), ('భి', '|'), ('రా', 'U'), ('మ', '|'), ('వి', '|'), ('న', '|'), ('ర', '|'), ('వే', 'U'), ('మ', '|')]",0.9166666666666666,-1.0,1.0,1.0,0.75,-1.0
aataveladi,"_x000D_
పట్టనేర్చు పాము పడగ నోరఁగఁజేయు
_x000D_
చెఱుపఁజూచువాఁడు చెలిమిఁజేయు
_x000D_
చంపఁ దలఁచురాజుచనువిచ్చు చూడరా
_x000D_
విశ్వదాభిరామ వినర వేమ.",vupajaathi,Vemana,"[('ప', 'U'), ('ట్ట', '|'), ('నే', 'U'), ('ర్చు', '|'), ('పా', 'U'), ('ము', '|'), ('ప', '|'), ('డ', '|'), ('గ', '|'), ('నో', 'U'), ('ర', '|'), ('గ', '|'), ('జే', 'U'), ('యు', '|'), ('చె', '|'), ('ఱు', '|'), ('ప', '|'), ('జూ', 'U'), ('చు', '|'), ('వా', 'U'), ('డు', '|'), ('చె', '|'), ('లి', '|'), ('మి', '|'), ('జే', 'U'), ('యు', '|'), ('చం', 'U'), ('ప', '|'), ('ద', '|'), ('ల', '|'), ('చు', '|'), ('రా', 'U'), ('జు', '|'), ('చ', '|'), ('ను', '|'), ('వి', 'U'), ('చ్చు', '|'), ('చూ', 'U'), ('డ', '|'), ('రా', 'U'), ('వి', 'U'), ('శ్వ', '|'), ('దా', 'U'), ('భి', '|'), ('రా', 'U'), ('మ', '|'), ('వి', '|'), ('న', '|'), ('ర', '|'), ('వే', 'U'), ('మ', '|')]",1.0,-1.0,1.0,1.0,1.0,-1.0
aataveladi,"_x000D_
ఎంతసేవఁజేసి యేపాటుపడినను
_x000D_
రాచమూక నమ్మరాదు రన్న
_x000D_
పాముతోడిపొందు పదివేలకైనను
_x000D_
విశ్వదాభిరామ వినర వేమ.",vupajaathi,Vemana,"[('ఎం', 'U'), ('త', '|'), ('సే', 'U'), ('వ', '|'), ('జే', 'U'), ('సి', '|'), ('యే', 'U'), ('పా', 'U'), ('టు', '|'), ('ప', '|'), ('డి', '|'), ('న', '|'), ('ను', '|'), ('రా', 'U'), ('చ', '|'), ('మూ', 'U'), ('క', '|'), ('న', 'U'), ('మ్మ', '|'), ('రా', 'U'), ('దు', '|'), ('ర', 'U'), ('న్న', '|'), ('పా', 'U'), ('ము', '|'), ('తో', 'U'), ('డి', '|'), ('పొం', 'U'), ('దు', '|'), ('ప', '|'), ('ది', '|'), ('వే', 'U'), ('ల', '|'), ('కై', 'U'), ('న', '|'), ('ను', '|'), ('వి', 'U'), ('శ్వ', '|'), ('దా', 'U'), ('భి', '|'), ('రా', 'U'), ('మ', '|'), ('వి', '|'), ('న', '|'), ('ర', '|'), ('వే', 'U'), ('మ', '|')]",0.9166666666666666,-1.0,1.0,1.0,0.75,-1.0
aataveladi,"_x000D_
మొదల క్రియను దప్పి మోసంబుచేసియు
_x000D_
పొట్టకొఱకు మనసుఁ బొందుపఱచి
_x000D_
బీద కుక్కరీతి పెరుగును మనుజుండు
_x000D_
విశ్వదాభిరామ వినర వేమ.",vupajaathi,Vemana,"[('మొ', '|'), ('ద', '|'), ('ల', '|'), ('క్రి', '|'), ('య', '|'), ('ను', '|'), ('ద', 'U'), ('ప్పి', '|'), ('మో', 'U'), ('సం', 'U'), ('బు', '|'), ('చే', 'U'), ('సి', '|'), ('యు', '|'), ('పొ', 'U'), ('ట్ట', '|'), ('కొ', '|'), ('ఱ', '|'), ('కు', '|'), ('మ', '|'), ('న', '|'), ('సు', '|'), ('బొం', 'U'), ('దు', '|'), ('ప', '|'), ('ఱ', '|'), ('చి', '|'), ('బీ', 'U'), ('ద', '|'), ('కు', 'U'), ('క్క', '|'), ('రీ', 'U'), ('తి', '|'), ('పె', '|'), ('రు', '|'), ('గు', '|'), ('ను', '|'), ('మ', '|'), ('ను', '|'), ('జుం', 'U'), ('డు', '|'), ('వి', 'U'), ('శ్వ', '|'), ('దా', 'U'), ('భి', '|'), ('రా', 'U'), ('మ', '|'), ('వి', '|'), ('న', '|'), ('ర', '|'), ('వే', 'U'), ('మ', '|')]",1.0,-1.0,1.0,1.0,1.0,-1.0
aataveladi,"_x000D_
కలికిచిత్ర మరయఁ గామునియంత్రంబు
_x000D_
పువ్వుఁ బోడిచుక్కబొట్టు గన్న
_x000D_
కాంతిబెళుకు గన్న కడు పొక్కు పుట్టురా
_x000D_
విశ్వదాభిరామ వినర వేమ.",vupajaathi,Vemana,"[('క', '|'), ('లి', '|'), ('కి', '|'), ('చి', '|'), ('త్ర', '|'), ('మ', '|'), ('ర', '|'), ('య', '|'), ('గా', 'U'), ('ము', '|'), ('ని', '|'), ('యం', 'U'), ('త్రం', 'U'), ('బు', '|'), ('పు', 'U'), ('వ్వు', '|'), ('బో', 'U'), ('డి', '|'), ('చు', 'U'), ('క్క', '|'), ('బొ', 'U'), ('ట్టు', '|'), ('గ', 'U'), ('న్న', '|'), ('కాం', 'U'), ('తి', '|'), ('బె', '|'), ('ళు', '|'), ('కు', '|'), ('గ', 'U'), ('న్న', '|'), ('క', '|'), ('డు', '|'), ('పొ', 'U'), ('క్కు', '|'), ('పు', 'U'), ('ట్టు', '|'), ('రా', 'U'), ('వి', 'U'), ('శ్వ', '|'), ('దా', 'U'), ('భి', '|'), ('రా', 'U'), ('మ', '|'), ('వి', '|'), ('న', '|'), ('ర', '|'), ('వే', 'U'), ('మ', '|')]",0.5,-1.0,1.0,0.5,0.0,-1.0
kandamu,"_x000D_
చక్కెర గలిపియు తినఁగా
_x000D_
ముక్కిన తవుడైన లెస్స మోహము గలుగ\న్‌
_x000D_
వెక్కురు బానిసయైన\న్‌
_x000D_
మక్కువఁ గను దివ్యభామ మహిలో వేమా.",jaathi,Vemana,"[('చ', 'U'), ('క్కె', '|'), ('ర', '|'), ('గ', '|'), ('లి', '|'), ('పి', '|'), ('యు', '|'), ('తి', '|'), ('న', '|'), ('గా', 'U'), ('ము', 'U'), ('క్కి', '|'), ('న', '|'), ('త', '|'), ('వు', '|'), ('డై', 'U'), ('న', '|'), ('లె', 'U'), ('స్స', '|'), ('మో', 'U'), ('హ', '|'), ('ము', '|'), ('గ', '|'), ('లు', '|'), ('గన్', 'U'), ('వె', 'U'), ('క్కు', '|'), ('రు', '|'), ('బా', 'U'), ('ని', '|'), ('స', '|'), ('యై', 'U'), ('నన్', 'U'), ('మ', 'U'), ('క్కు', '|'), ('వ', '|'), ('గ', '|'), ('ను', '|'), ('ది', 'U'), ('వ్య', '|'), ('భా', 'U'), ('మ', '|'), ('మ', '|'), ('హి', '|'), ('లో', 'U'), ('వే', 'U'), ('మా', 'U')]",1.0,-1.0,1.0,1.0,1.0,1.0
aataveladi,"_x000D_
ఎట్టివానికైనఁ బుట్టును మోహంబు
_x000D_
పుట్టు మోహమెల్లబ్రోవఁద్రొక్కి
_x000D_
గట్టిచేసి చూడఁ గాన్పించు బ్రహ్మంబు
_x000D_
విశ్వదాభిరామ వినర వేమ.",vupajaathi,Vemana,"[('ఎ', 'U'), ('ట్టి', '|'), ('వా', 'U'), ('ని', '|'), ('కై', 'U'), ('న', '|'), ('బు', 'U'), ('ట్టు', '|'), ('ను', '|'), ('మో', 'U'), ('హం', 'U'), ('బు', '|'), ('పు', 'U'), ('ట్టు', '|'), ('మో', 'U'), ('హ', '|'), ('మె', 'U'), ('ల్ల', '|'), ('బ్రో', 'U'), ('వ', '|'), ('ద్రొ', 'U'), ('క్కి', '|'), ('గ', 'U'), ('ట్టి', '|'), ('చే', 'U'), ('సి', '|'), ('చూ', 'U'), ('డ', '|'), ('గా', 'U'), ('న్పిం', 'U'), ('చు', '|'), ('బ్ర', 'U'), ('హ్మం', 'U'), ('బు', '|'), ('వి', 'U'), ('శ్వ', '|'), ('దా', 'U'), ('భి', '|'), ('రా', 'U'), ('మ', '|'), ('వి', '|'), ('న', '|'), ('ర', '|'), ('వే', 'U'), ('మ', '|')]",1.0,-1.0,1.0,1.0,1.0,-1.0
aataveladi,"_x000D_
పట్టుకొమ్మ లేక బలుపాట్ల బడువారు
_x000D_
పెట్టిపోయ లేక తిట్టువారు
_x000D_
ముట్టిశివునిపూజ మొదలు సేయరు వారు
_x000D_
విశ్వదాభిరామ వినర వేమ.",vupajaathi,Vemana,"[('ప', 'U'), ('ట్టు', '|'), ('కొ', 'U'), ('మ్మ', '|'), ('లే', 'U'), ('క', '|'), ('బ', '|'), ('లు', '|'), ('పా', 'U'), ('ట్ల', '|'), ('బ', '|'), ('డు', '|'), ('వా', 'U'), ('రు', '|'), ('పె', 'U'), ('ట్టి', '|'), ('పో', 'U'), ('య', '|'), ('లే', 'U'), ('క', '|'), ('తి', 'U'), ('ట్టు', '|'), ('వా', 'U'), ('రు', '|'), ('ము', 'U'), ('ట్టి', '|'), ('శి', '|'), ('వు', '|'), ('ని', '|'), ('పూ', 'U'), ('జ', '|'), ('మొ', '|'), ('ద', '|'), ('లు', '|'), ('సే', 'U'), ('య', '|'), ('రు', '|'), ('వా', 'U'), ('రు', '|'), ('వి', 'U'), ('శ్వ', '|'), ('దా', 'U'), ('భి', '|'), ('రా', 'U'), ('మ', '|'), ('వి', '|'), ('న', '|'), ('ర', '|'), ('వే', 'U'), ('మ', '|')]",1.0,-1.0,1.0,1.0,1.0,-1.0
aataveladi,"_x000D_
ఆత్మలోని శివుని ననువుగా శోధించి
_x000D_
నిశ్చలముగ భక్తి నిలిపెనేని
_x000D_
సర్వముక్తుడౌను సర్వంబుఁ దానౌను
_x000D_
విశ్వదాభిరామ వినర వేమ.",vupajaathi,Vemana,"[('ఆ', 'U'), ('త్మ', '|'), ('లో', 'U'), ('ని', '|'), ('శి', '|'), ('వు', '|'), ('ని', '|'), ('న', '|'), ('ను', '|'), ('వు', '|'), ('గా', 'U'), ('శో', 'U'), ('ధిం', 'U'), ('చి', '|'), ('ని', 'U'), ('శ్చ', '|'), ('ల', '|'), ('ము', '|'), ('గ', '|'), ('భ', 'U'), ('క్తి', '|'), ('ని', '|'), ('లి', '|'), ('పె', '|'), ('నే', 'U'), ('ని', '|'), ('స', 'U'), ('ర్వ', '|'), ('ము', 'U'), ('క్తు', '|'), ('డౌ', 'U'), ('ను', '|'), ('స', 'U'), ('ర్వం', 'U'), ('బు', '|'), ('దా', 'U'), ('నౌ', 'U'), ('ను', '|'), ('వి', 'U'), ('శ్వ', '|'), ('దా', 'U'), ('భి', '|'), ('రా', 'U'), ('మ', '|'), ('వి', '|'), ('న', '|'), ('ర', '|'), ('వే', 'U'), ('మ', '|')]",0.9166666666666666,-1.0,1.0,1.0,0.75,-1.0
aataveladi,"_x000D_
ఎఱిఁగిన శివపూజ యెన్నడు చెడిపోదు
_x000D_
మొదలఁబట్టుపట్టి వదల రాదు
_x000D_
మొదలు విడిచి గోడ తుదిఁ బెట్ట గల్గురా
_x000D_
విశ్వదాభిరామ వినర వేమ.",vupajaathi,Vemana,"[('ఎ', '|'), ('ఱి', '|'), ('గి', '|'), ('న', '|'), ('శి', '|'), ('వ', '|'), ('పూ', 'U'), ('జ', '|'), ('యె', 'U'), ('న్న', '|'), ('డు', '|'), ('చె', '|'), ('డి', '|'), ('పో', 'U'), ('దు', '|'), ('మొ', '|'), ('ద', '|'), ('ల', '|'), ('బ', 'U'), ('ట్టు', '|'), ('ప', 'U'), ('ట్టి', '|'), ('వ', '|'), ('ద', '|'), ('ల', '|'), ('రా', 'U'), ('దు', '|'), ('మొ', '|'), ('ద', '|'), ('లు', '|'), ('వి', '|'), ('డి', '|'), ('చి', '|'), ('గో', 'U'), ('డ', '|'), ('తు', '|'), ('ది', '|'), ('బె', 'U'), ('ట్ట', '|'), ('గ', 'U'), ('ల్గు', '|'), ('రా', 'U'), ('వి', 'U'), ('శ్వ', '|'), ('దా', 'U'), ('భి', '|'), ('రా', 'U'), ('మ', '|'), ('వి', '|'), ('న', '|'), ('ర', '|'), ('వే', 'U'), ('మ', '|')]",0.9166666666666666,-1.0,1.0,1.0,0.75,-1.0
aataveladi,"_x000D_
చేటు వచ్చెనేని చెడనాడు దైవంబు
_x000D_
మేలు వచ్చెనేని మెచ్చుఁ దన్ను
_x000D_
చేటు మేలుతలఁపుఁ జేసినకర్మముల్‌
_x000D_
విశ్వదాభిరామ వినర వేమ.",vupajaathi,Vemana,"[('చే', 'U'), ('టు', '|'), ('వ', 'U'), ('చ్చె', '|'), ('నే', 'U'), ('ని', '|'), ('చె', '|'), ('డ', '|'), ('నా', 'U'), ('డు', '|'), ('దై', 'U'), ('వం', 'U'), ('బు', '|'), ('మే', 'U'), ('లు', '|'), ('వ', 'U'), ('చ్చె', '|'), ('నే', 'U'), ('ని', '|'), ('మె', 'U'), ('చ్చు', '|'), ('ద', 'U'), ('న్ను', '|'), ('చే', 'U'), ('టు', '|'), ('మే', 'U'), ('లు', '|'), ('త', '|'), ('ల', '|'), ('పు', '|'), ('జే', 'U'), ('సి', '|'), ('న', '|'), ('క', 'U'), ('ర్మ', '|'), ('ముల్', 'U'), ('వి', 'U'), ('శ్వ', '|'), ('దా', 'U'), ('భి', '|'), ('రా', 'U'), ('మ', '|'), ('వి', '|'), ('న', '|'), ('ర', '|'), ('వే', 'U'), ('మ', '|')]",1.0,-1.0,1.0,1.0,1.0,-1.0
aataveladi,"_x000D_
కడుపుచిచ్చుచేత కామానలముచేత
_x000D_
క్రోధవహ్నిచేత కుతిలపడకను
_x000D_
యుక్తమనసుతోడ నుండినప్పుడె ముక్తి
_x000D_
విశ్వదాభిరామ వినర వేమ.",vupajaathi,Vemana,"[('క', '|'), ('డు', '|'), ('పు', '|'), ('చి', 'U'), ('చ్చు', '|'), ('చే', 'U'), ('త', '|'), ('కా', 'U'), ('మా', 'U'), ('న', '|'), ('ల', '|'), ('ము', '|'), ('చే', 'U'), ('త', '|'), ('క్రో', 'U'), ('ధ', '|'), ('వ', 'U'), ('హ్ని', '|'), ('చే', 'U'), ('త', '|'), ('కు', '|'), ('తి', '|'), ('ల', '|'), ('ప', '|'), ('డ', '|'), ('క', '|'), ('ను', '|'), ('యు', 'U'), ('క్త', '|'), ('మ', '|'), ('న', '|'), ('సు', '|'), ('తో', 'U'), ('డ', '|'), ('నుం', 'U'), ('డి', '|'), ('న', 'U'), ('ప్పు', '|'), ('డె', '|'), ('ము', 'U'), ('క్తి', '|'), ('వి', 'U'), ('శ్వ', '|'), ('దా', 'U'), ('భి', '|'), ('రా', 'U'), ('మ', '|'), ('వి', '|'), ('న', '|'), ('ర', '|'), ('వే', 'U'), ('మ', '|')]",0.9833333333333334,-1.0,1.0,0.95,1.0,-1.0
kandamu,"_x000D_
ఏవంక మనసు కలిగిన
_x000D_
నా వంకకు నింద్రియంబు లన్నియు నేగు\న్‌
_x000D_
నీ వంక మనసు కలిగిన
_x000D_
నే వంకకు నింద్రియంబు లేగవు వేమా.",jaathi,Vemana,"[('ఏ', 'U'), ('వం', 'U'), ('క', '|'), ('మ', '|'), ('న', '|'), ('సు', '|'), ('క', '|'), ('లి', '|'), ('గి', '|'), ('న', '|'), ('నా', 'U'), ('వం', 'U'), ('క', '|'), ('కు', '|'), ('నిం', 'U'), ('ద్రి', '|'), ('యం', 'U'), ('బు', '|'), ('ల', 'U'), ('న్ని', '|'), ('యు', '|'), ('నే', 'U'), ('గున్', 'U'), ('నీ', 'U'), ('వం', 'U'), ('క', '|'), ('మ', '|'), ('న', '|'), ('సు', '|'), ('క', '|'), ('లి', '|'), ('గి', '|'), ('న', '|'), ('నే', 'U'), ('వం', 'U'), ('క', '|'), ('కు', '|'), ('నిం', 'U'), ('ద్రి', '|'), ('యం', 'U'), ('బు', '|'), ('లే', 'U'), ('గ', '|'), ('వు', '|'), ('వే', 'U'), ('మా', 'U')]",0.75,-1.0,1.0,1.0,0.0,1.0
aataveladi,"_x000D_
పాలు పెరుగు వెన్న పాయసాన్నము నెయ్యి
_x000D_
జున్ను లెన్నియైనఁ జూడ పాలె
_x000D_
పొలవంటికులము బ్రహ్మంబు కానరో
_x000D_
విశ్వదాభిరామ వినర వేమ.",vupajaathi,Vemana,"[('పా', 'U'), ('లు', '|'), ('పె', '|'), ('రు', '|'), ('గు', '|'), ('వె', 'U'), ('న్న', '|'), ('పా', 'U'), ('య', '|'), ('సా', 'U'), ('న్న', '|'), ('ము', '|'), ('నె', 'U'), ('య్యి', '|'), ('జు', 'U'), ('న్ను', '|'), ('లె', 'U'), ('న్ని', '|'), ('యై', 'U'), ('న', '|'), ('జూ', 'U'), ('డ', '|'), ('పా', 'U'), ('లె', '|'), ('పొ', '|'), ('ల', '|'), ('వం', 'U'), ('టి', '|'), ('కు', '|'), ('ల', '|'), ('ము', '|'), ('బ్ర', 'U'), ('హ్మం', 'U'), ('బు', '|'), ('కా', 'U'), ('న', '|'), ('రో', 'U'), ('వి', 'U'), ('శ్వ', '|'), ('దా', 'U'), ('భి', '|'), ('రా', 'U'), ('మ', '|'), ('వి', '|'), ('న', '|'), ('ర', '|'), ('వే', 'U'), ('మ', '|')]",0.8166666666666668,-1.0,1.0,0.7,0.75,-1.0
aataveladi,"_x000D_
చదువులందు రాజపదవులందును పాడి
_x000D_
మొదవులందు స్త్రీల పెదవులందు
_x000D_
నాశ లుడుగునట్టి యయ్యలు ముక్తులు
_x000D_
విశ్వదాభిరామ వినర వేమ.",vupajaathi,Vemana,"[('చ', '|'), ('దు', '|'), ('వు', '|'), ('లం', 'U'), ('దు', '|'), ('రా', 'U'), ('జ', '|'), ('ప', '|'), ('ద', '|'), ('వు', '|'), ('లం', 'U'), ('దు', '|'), ('ను', '|'), ('పా', 'U'), ('డి', '|'), ('మొ', '|'), ('ద', '|'), ('వు', '|'), ('లం', 'U'), ('దు', 'U'), ('స్త్రీ', 'U'), ('ల', '|'), ('పె', '|'), ('ద', '|'), ('వు', '|'), ('లం', 'U'), ('దు', '|'), ('నా', 'U'), ('శ', '|'), ('లు', '|'), ('డు', '|'), ('గు', '|'), ('న', 'U'), ('ట్టి', '|'), ('య', 'U'), ('య్య', '|'), ('లు', '|'), ('ము', 'U'), ('క్తు', '|'), ('లు', '|'), ('వి', 'U'), ('శ్వ', '|'), ('దా', 'U'), ('భి', '|'), ('రా', 'U'), ('మ', '|'), ('వి', '|'), ('న', '|'), ('ర', '|'), ('వే', 'U'), ('మ', '|')]",0.7333333333333334,-1.0,1.0,0.7,0.5,-1.0
aataveladi,"_x000D_
కడుపు కేల మనసు కళవళపడియెడు
_x000D_
కడుపు కేలతృప్తి కలుగుచుండు
_x000D_
కరప రాతిలోని కప్పకుఁ గలుగదా
_x000D_
విశ్వదాభిరామ వినర వేమ.",vupajaathi,Vemana,"[('క', '|'), ('డు', '|'), ('పు', '|'), ('కే', 'U'), ('ల', '|'), ('మ', '|'), ('న', '|'), ('సు', '|'), ('క', '|'), ('ళ', '|'), ('వ', '|'), ('ళ', '|'), ('ప', '|'), ('డి', '|'), ('యె', '|'), ('డు', '|'), ('క', '|'), ('డు', '|'), ('పు', '|'), ('కే', 'U'), ('ల', '|'), ('తృ', 'U'), ('ప్తి', '|'), ('క', '|'), ('లు', '|'), ('గు', '|'), ('చుం', 'U'), ('డు', '|'), ('క', '|'), ('ర', '|'), ('ప', '|'), ('రా', 'U'), ('తి', '|'), ('లో', 'U'), ('ని', '|'), ('క', 'U'), ('ప్ప', '|'), ('కు', '|'), ('గ', '|'), ('లు', '|'), ('గ', '|'), ('దా', 'U'), ('వి', 'U'), ('శ్వ', '|'), ('దా', 'U'), ('భి', '|'), ('రా', 'U'), ('మ', '|'), ('వి', '|'), ('న', '|'), ('ర', '|'), ('వే', 'U'), ('మ', '|')]",1.0,-1.0,1.0,1.0,1.0,-1.0
aataveladi,"_x000D_
శూద్రతనము పోయె శూద్రుఁడఁ గానని
_x000D_
ద్విజుఁ డనుకొనుటెల్ల దెలివిలేమి
_x000D_
ఇత్త డెసఁగ పసిడి కీడన వచ్చునా
_x000D_
విశ్వదాభిరామ వినర వేమ.",vupajaathi,Vemana,"[('శూ', 'U'), ('ద్ర', '|'), ('త', '|'), ('న', '|'), ('ము', '|'), ('పో', 'U'), ('యె', '|'), ('శూ', 'U'), ('ద్రు', '|'), ('డ', '|'), ('గా', 'U'), ('న', '|'), ('ని', 'U'), ('ద్వి', '|'), ('జు', '|'), ('డ', '|'), ('ను', '|'), ('కొ', '|'), ('ను', '|'), ('టె', 'U'), ('ల్ల', '|'), ('దె', '|'), ('లి', '|'), ('వి', '|'), ('లే', 'U'), ('మి', '|'), ('ఇ', 'U'), ('త్త', '|'), ('డె', '|'), ('స', '|'), ('గ', '|'), ('ప', '|'), ('సి', '|'), ('డి', '|'), ('కీ', 'U'), ('డ', '|'), ('న', '|'), ('వ', 'U'), ('చ్చు', '|'), ('నా', 'U'), ('వి', 'U'), ('శ్వ', '|'), ('దా', 'U'), ('భి', '|'), ('రా', 'U'), ('మ', '|'), ('వి', '|'), ('న', '|'), ('ర', '|'), ('వే', 'U'), ('మ', '|')]",0.9166666666666666,-1.0,1.0,1.0,0.75,-1.0
aataveladi,"_x000D_
అధికమైన యజ్ఞ మల్పుండు తాఁ జేసి
_x000D_
మొనసి శాస్త్ర మనుచు మురువు దక్కు
_x000D_
దొబ్బ నేర్చుకుక్క దుత్తల మోచునా
_x000D_
విశ్వదాభిరామ వినర వేమ.",vupajaathi,Vemana,"[('అ', '|'), ('ధి', '|'), ('క', '|'), ('మై', 'U'), ('న', '|'), ('య', 'U'), ('జ్ఞ', '|'), ('మ', 'U'), ('ల్పుం', 'U'), ('డు', '|'), ('తా', 'U'), ('జే', 'U'), ('సి', '|'), ('మొ', '|'), ('న', '|'), ('సి', '|'), ('శా', 'U'), ('స్త్ర', '|'), ('మ', '|'), ('ను', '|'), ('చు', '|'), ('ము', '|'), ('రు', '|'), ('వు', '|'), ('ద', 'U'), ('క్కు', '|'), ('దొ', 'U'), ('బ్బ', '|'), ('నే', 'U'), ('ర్చు', '|'), ('కు', 'U'), ('క్క', '|'), ('దు', 'U'), ('త్త', '|'), ('ల', '|'), ('మో', 'U'), ('చు', '|'), ('నా', 'U'), ('వి', 'U'), ('శ్వ', '|'), ('దా', 'U'), ('భి', '|'), ('రా', 'U'), ('మ', '|'), ('వి', '|'), ('న', '|'), ('ర', '|'), ('వే', 'U'), ('మ', '|')]",0.9166666666666666,-1.0,1.0,1.0,0.75,-1.0
aataveladi,"_x000D_
శాంతమానసమునఁ జల్లనై శీతల
_x000D_
భాతి నున్నవాఁడు పరమయోగి
_x000D_
యట్టివాఁడు ముక్తి నతివేగఁ గైకొను
_x000D_
విశ్వదాభిరామ వినర వేమ.",vupajaathi,Vemana,"[('శాం', 'U'), ('త', '|'), ('మా', 'U'), ('న', '|'), ('స', '|'), ('ము', '|'), ('న', '|'), ('జ', 'U'), ('ల్ల', '|'), ('నై', 'U'), ('శీ', 'U'), ('త', '|'), ('ల', '|'), ('భా', 'U'), ('తి', '|'), ('ను', 'U'), ('న్న', '|'), ('వా', 'U'), ('డు', '|'), ('ప', '|'), ('ర', '|'), ('మ', '|'), ('యో', 'U'), ('గి', '|'), ('య', 'U'), ('ట్టి', '|'), ('వా', 'U'), ('డు', '|'), ('ము', 'U'), ('క్తి', '|'), ('న', '|'), ('తి', '|'), ('వే', 'U'), ('గ', '|'), ('గై', 'U'), ('కొ', '|'), ('ను', '|'), ('వి', 'U'), ('శ్వ', '|'), ('దా', 'U'), ('భి', '|'), ('రా', 'U'), ('మ', '|'), ('వి', '|'), ('న', '|'), ('ర', '|'), ('వే', 'U'), ('మ', '|')]",0.9166666666666666,-1.0,1.0,1.0,0.75,-1.0
aataveladi,"_x000D_
కనకమేడల మంచి కాంతలయెడలను
_x000D_
వలఁచియుందు రెంతవారలైన
_x000D_
తోయజాక్షిఁ బాయుదొర లెవ్వరును లేరు
_x000D_
విశ్వదాభిరామ వినర వేమ.",vupajaathi,Vemana,"[('క', '|'), ('న', '|'), ('క', '|'), ('మే', 'U'), ('డ', '|'), ('ల', '|'), ('మం', 'U'), ('చి', '|'), ('కాం', 'U'), ('త', '|'), ('ల', '|'), ('యె', '|'), ('డ', '|'), ('ల', '|'), ('ను', '|'), ('వ', '|'), ('ల', '|'), ('చి', '|'), ('యుం', 'U'), ('దు', '|'), ('రెం', 'U'), ('త', '|'), ('వా', 'U'), ('ర', '|'), ('లై', 'U'), ('న', '|'), ('తో', 'U'), ('య', '|'), ('జా', 'U'), ('క్షి', '|'), ('బా', 'U'), ('యు', '|'), ('దొ', '|'), ('ర', '|'), ('లె', 'U'), ('వ్వ', '|'), ('రు', '|'), ('ను', '|'), ('లే', 'U'), ('రు', '|'), ('వి', 'U'), ('శ్వ', '|'), ('దా', 'U'), ('భి', '|'), ('రా', 'U'), ('మ', '|'), ('వి', '|'), ('న', '|'), ('ర', '|'), ('వే', 'U'), ('మ', '|')]",0.9833333333333334,-1.0,1.0,0.95,1.0,-1.0
aataveladi,"_x000D_
మధురసములు గోరి మక్షికంబులు చేరి
_x000D_
చొచ్చి వెడలలేక చచ్చున్నట్లు
_x000D_
మునిగిఁ వెడల లేఁడు మోహంబు రాశిలో
_x000D_
విశ్వదాభిరామ వినర వేమ.",vupajaathi,Vemana,"[('మ', '|'), ('ధు', '|'), ('ర', '|'), ('స', '|'), ('ము', '|'), ('లు', '|'), ('గో', 'U'), ('రి', '|'), ('మ', 'U'), ('క్షి', '|'), ('కం', 'U'), ('బు', '|'), ('లు', '|'), ('చే', 'U'), ('రి', '|'), ('చొ', 'U'), ('చ్చి', '|'), ('వె', '|'), ('డ', '|'), ('ల', '|'), ('లే', 'U'), ('క', '|'), ('చ', 'U'), ('చ్చు', 'U'), ('న్న', 'U'), ('ట్లు', '|'), ('ము', '|'), ('ని', '|'), ('గి', '|'), ('వె', '|'), ('డ', '|'), ('ల', '|'), ('లే', 'U'), ('డు', '|'), ('మో', 'U'), ('హం', 'U'), ('బు', '|'), ('రా', 'U'), ('శి', '|'), ('లో', 'U'), ('వి', 'U'), ('శ్వ', '|'), ('దా', 'U'), ('భి', '|'), ('రా', 'U'), ('మ', '|'), ('వి', '|'), ('న', '|'), ('ర', '|'), ('వే', 'U'), ('మ', '|')]",0.7333333333333334,-1.0,1.0,0.7,0.5,-1.0
aataveladi,"_x000D_
ఒడలుఁ బెంచులంజ యుబ్బకంబుననైన
_x000D_
వేగ విటునిమీఁద విఱుఁగఁబడును
_x000D_
పందికొక్కుమీద బండికల్‌ పడ్డట్లు
_x000D_
విశ్వదాభిరామ వినర వేమ.",vupajaathi,Vemana,"[('ఒ', '|'), ('డ', '|'), ('లు', '|'), ('బెం', 'U'), ('చు', '|'), ('లం', 'U'), ('జ', '|'), ('యు', 'U'), ('బ్బ', '|'), ('కం', 'U'), ('బు', '|'), ('న', '|'), ('నై', 'U'), ('న', '|'), ('వే', 'U'), ('గ', '|'), ('వి', '|'), ('టు', '|'), ('ని', '|'), ('మీ', 'U'), ('ద', '|'), ('వి', '|'), ('ఱు', '|'), ('గ', '|'), ('బ', '|'), ('డు', '|'), ('ను', '|'), ('పం', 'U'), ('ది', '|'), ('కొ', 'U'), ('క్కు', '|'), ('మీ', 'U'), ('ద', '|'), ('బం', 'U'), ('డి', '|'), ('క', 'U'), ('ల్ప', 'U'), ('డ్డ', 'U'), ('ట్లు', '|'), ('వి', 'U'), ('శ్వ', '|'), ('దా', 'U'), ('భి', '|'), ('రా', 'U'), ('మ', '|'), ('వి', '|'), ('న', '|'), ('ర', '|'), ('వే', 'U'), ('మ', '|')]",0.9166666666666666,-1.0,1.0,1.0,0.75,-1.0
kandamu,"_x000D_
వెలయాలి వలనఁ గూరిమి
_x000D_
కలుగదు, మఱి కలిగెనేని కడతేరదురా
_x000D_
పలువురు నడిచెడి తెరువున
_x000D_
పులు మొలవదు, మొలిచెనేని పొదలదు వేమా.",jaathi,Vemana,"[('వె', '|'), ('ల', '|'), ('యా', 'U'), ('లి', '|'), ('వ', '|'), ('ల', '|'), ('న', '|'), ('గూ', 'U'), ('రి', '|'), ('మి', '|'), ('క', '|'), ('లు', '|'), ('గ', '|'), ('దు', '|'), ('మ', '|'), ('ఱి', '|'), ('క', '|'), ('లి', '|'), ('గె', '|'), ('నే', 'U'), ('ని', '|'), ('క', '|'), ('డ', '|'), ('తే', 'U'), ('ర', '|'), ('దు', '|'), ('రా', 'U'), ('ప', '|'), ('లు', '|'), ('వు', '|'), ('రు', '|'), ('న', '|'), ('డి', '|'), ('చె', '|'), ('డి', '|'), ('తె', '|'), ('రు', '|'), ('వు', '|'), ('న', '|'), ('పు', '|'), ('లు', '|'), ('మొ', '|'), ('ల', '|'), ('వ', '|'), ('దు', '|'), ('మొ', '|'), ('లి', '|'), ('చె', '|'), ('నే', 'U'), ('ని', '|'), ('పొ', '|'), ('ద', '|'), ('ల', '|'), ('దు', '|'), ('వే', 'U'), ('మా', 'U')]",1.0,-1.0,1.0,1.0,1.0,1.0
aataveladi,"_x000D_
తొత్తుతోడి పొందు దోషంబు దోషంబు
_x000D_
లంజతోడిపొందు లజ్జ చెడును
_x000D_
జారతోటిపొందు చావుకుమూలమౌ
_x000D_
విశ్వదాభిరామ వినర వేమ.",vupajaathi,Vemana,"[('తొ', 'U'), ('త్తు', '|'), ('తో', 'U'), ('డి', '|'), ('పొం', 'U'), ('దు', '|'), ('దో', 'U'), ('షం', 'U'), ('బు', '|'), ('దో', 'U'), ('షం', 'U'), ('బు', '|'), ('లం', 'U'), ('జ', '|'), ('తో', 'U'), ('డి', '|'), ('పొం', 'U'), ('దు', '|'), ('ల', 'U'), ('జ్జ', '|'), ('చె', '|'), ('డు', '|'), ('ను', '|'), ('జా', 'U'), ('ర', '|'), ('తో', 'U'), ('టి', '|'), ('పొం', 'U'), ('దు', '|'), ('చా', 'U'), ('వు', '|'), ('కు', '|'), ('మూ', 'U'), ('ల', '|'), ('మౌ', 'U'), ('వి', 'U'), ('శ్వ', '|'), ('దా', 'U'), ('భి', '|'), ('రా', 'U'), ('మ', '|'), ('వి', '|'), ('న', '|'), ('ర', '|'), ('వే', 'U'), ('మ', '|')]",1.0,-1.0,1.0,1.0,1.0,-1.0
aataveladi,"_x000D_
బ్రహ్మ మున్నచోటు పరగంగఁ దెలియక
_x000D_
యెందొవెదుక బ్రహ్మ మేల కలుగు
_x000D_
అంజనంబు లేక యా సొమ్ము దొరకదు
_x000D_
విశ్వదాభిరామ వినర వేమ.",vupajaathi,Vemana,"[('బ్ర', 'U'), ('హ్మ', '|'), ('ము', 'U'), ('న్న', '|'), ('చో', 'U'), ('టు', '|'), ('ప', '|'), ('ర', '|'), ('గం', 'U'), ('గ', '|'), ('దె', '|'), ('లి', '|'), ('య', '|'), ('క', '|'), ('యెం', 'U'), ('దొ', '|'), ('వె', '|'), ('దు', '|'), ('క', '|'), ('బ్ర', 'U'), ('హ్మ', '|'), ('మే', 'U'), ('ల', '|'), ('క', '|'), ('లు', '|'), ('గు', '|'), ('అం', 'U'), ('జ', '|'), ('నం', 'U'), ('బు', '|'), ('లే', 'U'), ('క', '|'), ('యా', 'U'), ('సొ', 'U'), ('మ్ము', '|'), ('దొ', '|'), ('ర', '|'), ('క', '|'), ('దు', '|'), ('వి', 'U'), ('శ్వ', '|'), ('దా', 'U'), ('భి', '|'), ('రా', 'U'), ('మ', '|'), ('వి', '|'), ('న', '|'), ('ర', '|'), ('వే', 'U'), ('మ', '|')]",0.9166666666666666,-1.0,1.0,1.0,0.75,-1.0
aataveladi,"_x000D_
వెఱ్ఱిమొద్దు కేల వేదశాస్త్రంబులు
_x000D_
ముద్దులాడి కేల ముసలిమగఁడు
_x000D_
చద్ది మిగులనింట సంసార మేలరా
_x000D_
విశ్వదాభిరామ వినర వేమ.",vupajaathi,Vemana,"[('వె', 'U'), ('ఱ్ఱి', '|'), ('మొ', 'U'), ('ద్దు', '|'), ('కే', 'U'), ('ల', '|'), ('వే', 'U'), ('ద', '|'), ('శా', 'U'), ('స్త్రం', 'U'), ('బు', '|'), ('లు', '|'), ('ము', 'U'), ('ద్దు', '|'), ('లా', 'U'), ('డి', '|'), ('కే', 'U'), ('ల', '|'), ('ము', '|'), ('స', '|'), ('లి', '|'), ('మ', '|'), ('గ', '|'), ('డు', '|'), ('చ', 'U'), ('ద్ది', '|'), ('మి', '|'), ('గు', '|'), ('ల', '|'), ('నిం', 'U'), ('ట', '|'), ('సం', 'U'), ('సా', 'U'), ('ర', '|'), ('మే', 'U'), ('ల', '|'), ('రా', 'U'), ('వి', 'U'), ('శ్వ', '|'), ('దా', 'U'), ('భి', '|'), ('రా', 'U'), ('మ', '|'), ('వి', '|'), ('న', '|'), ('ర', '|'), ('వే', 'U'), ('మ', '|')]",1.0,-1.0,1.0,1.0,1.0,-1.0
aataveladi,"_x000D_
సాధుచరితయైన సతి సత్ప్రవర్తన
_x000D_
జార యే మెఱుంగు సాధువైన
_x000D_
బ్రహ్మనిష్ఠ నెఱుఁగుఁ బ్రాకృతుఁ డెఱుఁగునా
_x000D_
విశ్వదాభిరామ వినర వేమ.",vupajaathi,Vemana,"[('సా', 'U'), ('ధు', '|'), ('చ', '|'), ('రి', '|'), ('త', '|'), ('యై', 'U'), ('న', '|'), ('స', '|'), ('తి', '|'), ('స', 'U'), ('త్ప్ర', '|'), ('వ', 'U'), ('ర్త', '|'), ('న', '|'), ('జా', 'U'), ('ర', '|'), ('యే', 'U'), ('మె', '|'), ('ఱుం', 'U'), ('గు', '|'), ('సా', 'U'), ('ధు', '|'), ('వై', 'U'), ('న', '|'), ('బ్ర', 'U'), ('హ్మ', '|'), ('ని', 'U'), ('ష్ఠ', '|'), ('నె', '|'), ('ఱు', '|'), ('గు', '|'), ('బ్రా', 'U'), ('కృ', '|'), ('తు', '|'), ('డె', '|'), ('ఱు', '|'), ('గు', '|'), ('నా', 'U'), ('వి', 'U'), ('శ్వ', '|'), ('దా', 'U'), ('భి', '|'), ('రా', 'U'), ('మ', '|'), ('వి', '|'), ('న', '|'), ('ర', '|'), ('వే', 'U'), ('మ', '|')]",1.0,-1.0,1.0,1.0,1.0,-1.0
aataveladi,"_x000D_
హీనుఁ డెన్నివిద్య లిల నభ్యసించిన
_x000D_
ఘనుఁడు గాఁడు హీనజనుఁడె కాని
_x000D_
పరిమళమ్ము గర్దభము మోయ ఘనమౌనె
_x000D_
విశ్వదాభిరామ వినర వేమ.",vupajaathi,Vemana,"[('హీ', 'U'), ('ను', '|'), ('డె', 'U'), ('న్ని', '|'), ('వి', 'U'), ('ద్య', '|'), ('లి', '|'), ('ల', '|'), ('న', 'U'), ('భ్య', '|'), ('సిం', 'U'), ('చి', '|'), ('న', '|'), ('ఘ', '|'), ('ను', '|'), ('డు', '|'), ('గా', 'U'), ('డు', '|'), ('హీ', 'U'), ('న', '|'), ('జ', '|'), ('ను', '|'), ('డె', '|'), ('కా', 'U'), ('ని', '|'), ('ప', '|'), ('రి', '|'), ('మ', '|'), ('ళ', 'U'), ('మ్ము', '|'), ('గ', 'U'), ('ర్ద', '|'), ('భ', '|'), ('ము', '|'), ('మో', 'U'), ('య', '|'), ('ఘ', '|'), ('న', '|'), ('మౌ', 'U'), ('నె', '|'), ('వి', 'U'), ('శ్వ', '|'), ('దా', 'U'), ('భి', '|'), ('రా', 'U'), ('మ', '|'), ('వి', '|'), ('న', '|'), ('ర', '|'), ('వే', 'U'), ('మ', '|')]",0.9166666666666666,-1.0,1.0,1.0,0.75,-1.0
aataveladi,"_x000D_
చక్కఁదనము లేల సంపత్కరము లేల
_x000D_
విద్యలేల భూమివిరివి యేల
_x000D_
పుత్రపదవికన్న పుట్టునె పదవులు
_x000D_
విశ్వదాభిరామ వినర వేమ.",vupajaathi,Vemana,"[('చ', 'U'), ('క్క', '|'), ('ద', '|'), ('న', '|'), ('ము', '|'), ('లే', 'U'), ('ల', '|'), ('సం', 'U'), ('ప', 'U'), ('త్క', '|'), ('ర', '|'), ('ము', '|'), ('లే', 'U'), ('ల', '|'), ('వి', 'U'), ('ద్య', '|'), ('లే', 'U'), ('ల', '|'), ('భూ', 'U'), ('మి', '|'), ('వి', '|'), ('రి', '|'), ('వి', '|'), ('యే', 'U'), ('ల', '|'), ('పు', '|'), ('త్ర', '|'), ('ప', '|'), ('ద', '|'), ('వి', '|'), ('క', 'U'), ('న్న', '|'), ('పు', 'U'), ('ట్టు', '|'), ('నె', '|'), ('ప', '|'), ('ద', '|'), ('వు', '|'), ('లు', '|'), ('వి', 'U'), ('శ్వ', '|'), ('దా', 'U'), ('భి', '|'), ('రా', 'U'), ('మ', '|'), ('వి', '|'), ('న', '|'), ('ర', '|'), ('వే', 'U'), ('మ', '|')]",0.7333333333333334,-1.0,1.0,0.7,0.5,-1.0
aataveladi,"_x000D_
భాగ్యవంతురాలు పరులయాఁకలి దప్పి
_x000D_
దెలిసి పెట్టనేర్చుఁ దీర్ప నేర్చు
_x000D_
తర దుష్టురాలు తన యాఁకలినె గాని
_x000D_
పరులయాఁక లెఱుంగ దరయ వేమ.",vupajaathi,Vemana,"[('భా', 'U'), ('గ్య', '|'), ('వం', 'U'), ('తు', '|'), ('రా', 'U'), ('లు', '|'), ('ప', '|'), ('రు', '|'), ('ల', '|'), ('యా', 'U'), ('క', '|'), ('లి', '|'), ('ద', 'U'), ('ప్పి', '|'), ('దె', '|'), ('లి', '|'), ('సి', '|'), ('పె', 'U'), ('ట్ట', '|'), ('నే', 'U'), ('ర్చు', '|'), ('దీ', 'U'), ('ర్ప', '|'), ('నే', 'U'), ('ర్చు', '|'), ('త', '|'), ('ర', '|'), ('దు', 'U'), ('ష్టు', '|'), ('రా', 'U'), ('లు', '|'), ('త', '|'), ('న', '|'), ('యా', 'U'), ('క', '|'), ('లి', '|'), ('నె', '|'), ('గా', 'U'), ('ని', '|'), ('ప', '|'), ('రు', '|'), ('ల', '|'), ('యా', 'U'), ('క', '|'), ('లె', '|'), ('ఱుం', 'U'), ('గ', '|'), ('ద', '|'), ('ర', '|'), ('య', '|'), ('వే', 'U'), ('మ', '|')]",0.75,-1.0,1.0,0.75,0.5,-1.0
aataveladi,"_x000D_
మనసులోన నున్న మమత లన్నియుఁ గోసి
_x000D_
దృఢముఁ జేసి మనసు తేటఁబఱచి
_x000D_
ఘటము నిల్పువాఁడు ఘనతరయోగిరా
_x000D_
విశ్వదాభిరామ వినర వేమ.",vupajaathi,Vemana,"[('మ', '|'), ('న', '|'), ('సు', '|'), ('లో', 'U'), ('న', '|'), ('ను', 'U'), ('న్న', '|'), ('మ', '|'), ('మ', '|'), ('త', '|'), ('ల', 'U'), ('న్ని', '|'), ('యు', '|'), ('గో', 'U'), ('సి', '|'), ('దృ', '|'), ('ఢ', '|'), ('ము', '|'), ('జే', 'U'), ('సి', '|'), ('మ', '|'), ('న', '|'), ('సు', '|'), ('తే', 'U'), ('ట', '|'), ('బ', '|'), ('ఱ', '|'), ('చి', '|'), ('ఘ', '|'), ('ట', '|'), ('ము', '|'), ('ని', 'U'), ('ల్పు', '|'), ('వా', 'U'), ('డు', '|'), ('ఘ', '|'), ('న', '|'), ('త', '|'), ('ర', '|'), ('యో', 'U'), ('గి', '|'), ('రా', 'U'), ('వి', 'U'), ('శ్వ', '|'), ('దా', 'U'), ('భి', '|'), ('రా', 'U'), ('మ', '|'), ('వి', '|'), ('న', '|'), ('ర', '|'), ('వే', 'U'), ('మ', '|')]",1.0,-1.0,1.0,1.0,1.0,-1.0
aataveladi,"_x000D_
పచ్చవిల్తుచేత గ్రచ్చఱ జను లెల్ల
_x000D_
తచ్చవాడఁ బడిరి ధరణిలోన
_x000D_
కులజుఁ డెవ్వఁ డిందుఁ గులహీనుఁ డెవ్వడు
_x000D_
విశ్వదాభిరామ వినర వేమ.",vupajaathi,Vemana,"[('ప', 'U'), ('చ్చ', '|'), ('వి', 'U'), ('ల్తు', '|'), ('చే', 'U'), ('త', '|'), ('గ్ర', 'U'), ('చ్చ', '|'), ('ఱ', '|'), ('జ', '|'), ('ను', '|'), ('లె', 'U'), ('ల్ల', '|'), ('త', 'U'), ('చ్చ', '|'), ('వా', 'U'), ('డ', '|'), ('బ', '|'), ('డి', '|'), ('రి', '|'), ('ధ', '|'), ('ర', '|'), ('ణి', '|'), ('లో', 'U'), ('న', '|'), ('కు', '|'), ('ల', '|'), ('జు', '|'), ('డె', 'U'), ('వ్వ', '|'), ('డిం', 'U'), ('దు', '|'), ('గు', '|'), ('ల', '|'), ('హీ', 'U'), ('ను', '|'), ('డె', 'U'), ('వ్వ', '|'), ('డు', '|'), ('వి', 'U'), ('శ్వ', '|'), ('దా', 'U'), ('భి', '|'), ('రా', 'U'), ('మ', '|'), ('వి', '|'), ('న', '|'), ('ర', '|'), ('వే', 'U'), ('మ', '|')]",1.0,-1.0,1.0,1.0,1.0,-1.0
aataveladi,"_x000D_
కాఁగల పను లెల్లగా కెట్లుపోవును
_x000D_
కాని పనులు భువిని కానె కావు
_x000D_
మహిమవేఱె యుండు మనతోడ నున్నదా
_x000D_
విశ్వదాభిరామ వినర వేమ.",vupajaathi,Vemana,"[('కా', 'U'), ('గ', '|'), ('ల', '|'), ('ప', '|'), ('ను', '|'), ('లె', 'U'), ('ల్ల', '|'), ('గా', 'U'), ('కె', 'U'), ('ట్లు', '|'), ('పో', 'U'), ('వు', '|'), ('ను', '|'), ('కా', 'U'), ('ని', '|'), ('ప', '|'), ('ను', '|'), ('లు', '|'), ('భు', '|'), ('వి', '|'), ('ని', '|'), ('కా', 'U'), ('నె', '|'), ('కా', 'U'), ('వు', '|'), ('మ', '|'), ('హి', '|'), ('మ', '|'), ('వే', 'U'), ('ఱె', '|'), ('యుం', 'U'), ('డు', '|'), ('మ', '|'), ('న', '|'), ('తో', 'U'), ('డ', '|'), ('ను', 'U'), ('న్న', '|'), ('దా', 'U'), ('వి', 'U'), ('శ్వ', '|'), ('దా', 'U'), ('భి', '|'), ('రా', 'U'), ('మ', '|'), ('వి', '|'), ('న', '|'), ('ర', '|'), ('వే', 'U'), ('మ', '|')]",1.0,-1.0,1.0,1.0,1.0,-1.0
aataveladi,"_x000D_
శత్రువులను ద్రుంచి శాంతంబు వహియించి
_x000D_
కృత్యములను నడుపు నిత్యు నెఱిగి
_x000D_
సత్యము చెడకుండ సాధించినటువంటి
_x000D_
పురుషుఁ డౌను పుణ్యపరుండు వేమ.",vupajaathi,Vemana,"[('శ', '|'), ('త్రు', '|'), ('వు', '|'), ('ల', '|'), ('ను', '|'), ('ద్రుం', 'U'), ('చి', '|'), ('శాం', 'U'), ('తం', 'U'), ('బు', '|'), ('వ', '|'), ('హి', '|'), ('యిం', 'U'), ('చి', '|'), ('కృ', 'U'), ('త్య', '|'), ('ము', '|'), ('ల', '|'), ('ను', '|'), ('న', '|'), ('డు', '|'), ('పు', '|'), ('ని', 'U'), ('త్యు', '|'), ('నె', '|'), ('ఱి', '|'), ('గి', '|'), ('స', 'U'), ('త్య', '|'), ('ము', '|'), ('చె', '|'), ('డ', '|'), ('కుం', 'U'), ('డ', '|'), ('సా', 'U'), ('ధిం', 'U'), ('చి', '|'), ('న', '|'), ('టు', '|'), ('వం', 'U'), ('టి', '|'), ('పు', '|'), ('రు', '|'), ('షు', '|'), ('డౌ', 'U'), ('ను', '|'), ('పు', 'U'), ('ణ్య', '|'), ('ప', '|'), ('రుం', 'U'), ('డు', '|'), ('వే', 'U'), ('మ', '|')]",0.4666666666666666,-1.0,1.0,0.4,0.0,-1.0
aataveladi,"_x000D_
తనదు దేహమందు తనకున్న పరివార
_x000D_
మందఱం బిగించి హర్ష మెసఁగ
_x000D_
నెల్లచావు లెఱిఁగి యిందందు నెఱిఁగియు
_x000D_
నడవ నేర్చుమేటి నరుఁడు వేమ.",vupajaathi,Vemana,"[('త', '|'), ('న', '|'), ('దు', '|'), ('దే', 'U'), ('హ', '|'), ('మం', 'U'), ('దు', '|'), ('త', '|'), ('న', '|'), ('కు', 'U'), ('న్న', '|'), ('ప', '|'), ('రి', '|'), ('వా', 'U'), ('ర', '|'), ('మం', 'U'), ('ద', '|'), ('ఱం', 'U'), ('బి', '|'), ('గిం', 'U'), ('చి', '|'), ('హ', 'U'), ('ర్ష', '|'), ('మె', '|'), ('స', '|'), ('గ', '|'), ('నె', 'U'), ('ల్ల', '|'), ('చా', 'U'), ('వు', '|'), ('లె', '|'), ('ఱి', '|'), ('గి', '|'), ('యిం', 'U'), ('దం', 'U'), ('దు', '|'), ('నె', '|'), ('ఱి', '|'), ('గి', '|'), ('యు', '|'), ('న', '|'), ('డ', '|'), ('వ', '|'), ('నే', 'U'), ('ర్చు', '|'), ('మే', 'U'), ('టి', '|'), ('న', '|'), ('రు', '|'), ('డు', '|'), ('వే', 'U'), ('మ', '|')]",0.8333333333333334,-1.0,1.0,1.0,0.5,-1.0
aataveladi,"_x000D_
మొదట నాకుఁ బెట్టి తుది లేదు పొమ్మను
_x000D_
పరమలోభులైన పాపులకును
_x000D_
వారియుసురు దాకి వగచెడి పోవరా
_x000D_
విశ్వదాభిరామ వినర వేమ.",vupajaathi,Vemana,"[('మొ', '|'), ('ద', '|'), ('ట', '|'), ('నా', 'U'), ('కు', '|'), ('బె', 'U'), ('ట్టి', '|'), ('తు', '|'), ('ది', '|'), ('లే', 'U'), ('దు', '|'), ('పొ', 'U'), ('మ్మ', '|'), ('ను', '|'), ('ప', '|'), ('ర', '|'), ('మ', '|'), ('లో', 'U'), ('భు', '|'), ('లై', 'U'), ('న', '|'), ('పా', 'U'), ('పు', '|'), ('ల', '|'), ('కు', '|'), ('ను', '|'), ('వా', 'U'), ('రి', '|'), ('యు', '|'), ('సు', '|'), ('రు', '|'), ('దా', 'U'), ('కి', '|'), ('వ', '|'), ('గ', '|'), ('చె', '|'), ('డి', '|'), ('పో', 'U'), ('వ', '|'), ('రా', 'U'), ('వి', 'U'), ('శ్వ', '|'), ('దా', 'U'), ('భి', '|'), ('రా', 'U'), ('మ', '|'), ('వి', '|'), ('న', '|'), ('ర', '|'), ('వే', 'U'), ('మ', '|')]",1.0,-1.0,1.0,1.0,1.0,-1.0
aataveladi,"_x000D_
బడుగు నెఱుఁగ లేని ప్రాభవం బది యేల
_x000D_
ప్రోదియిడని బంధు భూతి యేల
_x000D_
వ్యాధి దెలియలేని వైద్యుఁడు మఱియేల
_x000D_
విశ్వదాభిరామ వినర వేమ.",vupajaathi,Vemana,"[('బ', '|'), ('డు', '|'), ('గు', '|'), ('నె', '|'), ('ఱు', '|'), ('గ', '|'), ('లే', 'U'), ('ని', '|'), ('ప్రా', 'U'), ('భ', '|'), ('వం', 'U'), ('బ', '|'), ('ది', '|'), ('యే', 'U'), ('ల', '|'), ('ప్రో', 'U'), ('ది', '|'), ('యి', '|'), ('డ', '|'), ('ని', '|'), ('బం', 'U'), ('ధు', '|'), ('భూ', 'U'), ('తి', '|'), ('యే', 'U'), ('ల', 'U'), ('వ్యా', 'U'), ('ధి', '|'), ('దె', '|'), ('లి', '|'), ('య', '|'), ('లే', 'U'), ('ని', '|'), ('వై', 'U'), ('ద్యు', '|'), ('డు', '|'), ('మ', '|'), ('ఱి', '|'), ('యే', 'U'), ('ల', '|'), ('వి', 'U'), ('శ్వ', '|'), ('దా', 'U'), ('భి', '|'), ('రా', 'U'), ('మ', '|'), ('వి', '|'), ('న', '|'), ('ర', '|'), ('వే', 'U'), ('మ', '|')]",0.7333333333333334,-1.0,1.0,0.7,0.5,-1.0
aataveladi,"_x000D_
తుంటవింటివాని తూపుల ఘాతకు
_x000D_
మింటి మంట నడుమ మిడుకఁ దరమె
_x000D_
యింటియాలి విడిచి యెట్లుండవచ్చురా
_x000D_
విశ్వదాభిరామ వినర వేమ.",vupajaathi,Vemana,"[('తుం', 'U'), ('ట', '|'), ('విం', 'U'), ('టి', '|'), ('వా', 'U'), ('ని', '|'), ('తూ', 'U'), ('పు', '|'), ('ల', '|'), ('ఘా', 'U'), ('త', '|'), ('కు', '|'), ('మిం', 'U'), ('టి', '|'), ('మం', 'U'), ('ట', '|'), ('న', '|'), ('డు', '|'), ('మ', '|'), ('మి', '|'), ('డు', '|'), ('క', '|'), ('ద', '|'), ('ర', '|'), ('మె', '|'), ('యిం', 'U'), ('టి', '|'), ('యా', 'U'), ('లి', '|'), ('వి', '|'), ('డి', '|'), ('చి', '|'), ('యె', 'U'), ('ట్లుం', 'U'), ('డ', '|'), ('వ', 'U'), ('చ్చు', '|'), ('రా', 'U'), ('వి', 'U'), ('శ్వ', '|'), ('దా', 'U'), ('భి', '|'), ('రా', 'U'), ('మ', '|'), ('వి', '|'), ('న', '|'), ('ర', '|'), ('వే', 'U'), ('మ', '|')]",1.0,-1.0,1.0,1.0,1.0,-1.0
aataveladi,"_x000D_
పాముకన్న లేదు పాపిష్టిజీవము
_x000D_
అట్టిపాము చెప్పినట్టు వినును
_x000D_
ఇలను మూర్ఖుఁ దెలుప నెవ్వరి వశమౌ
_x000D_
విశ్వదాభిరామ వినర వేమ.",vupajaathi,Vemana,"[('పా', 'U'), ('ము', '|'), ('క', 'U'), ('న్న', '|'), ('లే', 'U'), ('దు', '|'), ('పా', 'U'), ('పి', 'U'), ('ష్టి', '|'), ('జీ', 'U'), ('వ', '|'), ('ము', '|'), ('అ', 'U'), ('ట్టి', '|'), ('పా', 'U'), ('ము', '|'), ('చె', 'U'), ('ప్పి', '|'), ('న', 'U'), ('ట్టు', '|'), ('వి', '|'), ('ను', '|'), ('ను', '|'), ('ఇ', '|'), ('ల', '|'), ('ను', '|'), ('మూ', 'U'), ('ర్ఖు', '|'), ('దె', '|'), ('లు', '|'), ('ప', '|'), ('నె', 'U'), ('వ్వ', '|'), ('రి', '|'), ('వ', '|'), ('శ', '|'), ('మౌ', 'U'), ('వి', 'U'), ('శ్వ', '|'), ('దా', 'U'), ('భి', '|'), ('రా', 'U'), ('మ', '|'), ('వి', '|'), ('న', '|'), ('ర', '|'), ('వే', 'U'), ('మ', '|')]",0.7833333333333333,-1.0,1.0,0.85,0.5,-1.0
aataveladi,"_x000D_
ఎవ్వ రెఱుఁగకుండ నెప్పుడు పోవునో
_x000D_
పోవు జీవ మకట బొంది విడిచి
_x000D_
అంతమాత్రమునకు నపకీర్తి నెఱుఁగక
_x000D_
విరుగఁబడును నరుఁడు వెఱ్ఱి వేమ.",vupajaathi,Vemana,"[('ఎ', 'U'), ('వ్వ', '|'), ('రె', '|'), ('ఱు', '|'), ('గ', '|'), ('కుం', 'U'), ('డ', '|'), ('నె', 'U'), ('ప్పు', '|'), ('డు', '|'), ('పో', 'U'), ('వు', '|'), ('నో', 'U'), ('పో', 'U'), ('వు', '|'), ('జీ', 'U'), ('వ', '|'), ('మ', '|'), ('క', '|'), ('ట', '|'), ('బొం', 'U'), ('ది', '|'), ('వి', '|'), ('డి', '|'), ('చి', '|'), ('అం', 'U'), ('త', '|'), ('మా', 'U'), ('త్ర', '|'), ('ము', '|'), ('న', '|'), ('కు', '|'), ('న', '|'), ('ప', '|'), ('కీ', 'U'), ('ర్తి', '|'), ('నె', '|'), ('ఱు', '|'), ('గ', '|'), ('క', '|'), ('వి', '|'), ('రు', '|'), ('గ', '|'), ('బ', '|'), ('డు', '|'), ('ను', '|'), ('న', '|'), ('రు', '|'), ('డు', '|'), ('వె', 'U'), ('ఱ్ఱి', '|'), ('వే', 'U'), ('మ', '|')]",0.8333333333333334,-1.0,1.0,1.0,0.5,-1.0
aataveladi,"_x000D_
తనువు విడిచి తాను తరలిపోయెడివేళ
_x000D_
తనదు భార్య సుతులు దగినవార
_x000D_
లొక్కరైన నేగ రుసురు మాత్రమె కాని
_x000D_
తనదుమంచి తోడు తనకు వేమ.",vupajaathi,Vemana,"[('త', '|'), ('ను', '|'), ('వు', '|'), ('వి', '|'), ('డి', '|'), ('చి', '|'), ('తా', 'U'), ('ను', '|'), ('త', '|'), ('ర', '|'), ('లి', '|'), ('పో', 'U'), ('యె', '|'), ('డి', '|'), ('వే', 'U'), ('ళ', '|'), ('త', '|'), ('న', '|'), ('దు', '|'), ('భా', 'U'), ('ర్య', '|'), ('సు', '|'), ('తు', '|'), ('లు', '|'), ('ద', '|'), ('గి', '|'), ('న', '|'), ('వా', 'U'), ('ర', '|'), ('లొ', 'U'), ('క్క', '|'), ('రై', 'U'), ('న', '|'), ('నే', 'U'), ('గ', '|'), ('రు', '|'), ('సు', '|'), ('రు', '|'), ('మా', 'U'), ('త్ర', '|'), ('మె', '|'), ('కా', 'U'), ('ని', '|'), ('త', '|'), ('న', '|'), ('దు', '|'), ('మం', 'U'), ('చి', '|'), ('తో', 'U'), ('డు', '|'), ('త', '|'), ('న', '|'), ('కు', '|'), ('వే', 'U'), ('మ', '|')]",0.9166666666666666,-1.0,1.0,1.0,0.75,-1.0
aataveladi,"_x000D_
పూర్వ వాసనగల పుణ్యాత్ము లెప్పుడు
_x000D_
నూటచెలమరీతి నూరునెప్పు
_x000D_
డెందఱికి నొసంగ నెప్పటి యట్లుండు
_x000D_
విశ్వదాభిరామ వినర వేమ.",vupajaathi,Vemana,"[('పూ', 'U'), ('ర్వ', '|'), ('వా', 'U'), ('స', '|'), ('న', '|'), ('గ', '|'), ('ల', '|'), ('పు', 'U'), ('ణ్యా', 'U'), ('త్ము', '|'), ('లె', 'U'), ('ప్పు', '|'), ('డు', '|'), ('నూ', 'U'), ('ట', '|'), ('చె', '|'), ('ల', '|'), ('మ', '|'), ('రీ', 'U'), ('తి', '|'), ('నూ', 'U'), ('రు', '|'), ('నె', 'U'), ('ప్పు', '|'), ('డెం', 'U'), ('ద', '|'), ('ఱి', '|'), ('కి', '|'), ('నొ', '|'), ('సం', 'U'), ('గ', '|'), ('నె', 'U'), ('ప్ప', '|'), ('టి', '|'), ('య', 'U'), ('ట్లుం', 'U'), ('డు', '|'), ('వి', 'U'), ('శ్వ', '|'), ('దా', 'U'), ('భి', '|'), ('రా', 'U'), ('మ', '|'), ('వి', '|'), ('న', '|'), ('ర', '|'), ('వే', 'U'), ('మ', '|')]",0.9166666666666666,-1.0,1.0,1.0,0.75,-1.0
aataveladi,"_x000D_
ఆడితప్పువార లభిమానహీనులు
_x000D_
గో డెఱుఁగనివారు కొద్దివారు
_x000D_
కూడి కీడు సేయఁగ్రూరుండు తలపోయ
_x000D_
విశ్వదాభిరామ వినర వేమ.",vupajaathi,Vemana,"[('ఆ', 'U'), ('డి', '|'), ('త', 'U'), ('ప్పు', '|'), ('వా', 'U'), ('ర', '|'), ('ల', '|'), ('భి', '|'), ('మా', 'U'), ('న', '|'), ('హీ', 'U'), ('ను', '|'), ('లు', '|'), ('గో', 'U'), ('డె', '|'), ('ఱు', '|'), ('గ', '|'), ('ని', '|'), ('వా', 'U'), ('రు', '|'), ('కొ', 'U'), ('ద్ది', '|'), ('వా', 'U'), ('రు', '|'), ('కూ', 'U'), ('డి', '|'), ('కీ', 'U'), ('డు', '|'), ('సే', 'U'), ('య', '|'), ('గ్రూ', 'U'), ('రుం', 'U'), ('డు', '|'), ('త', '|'), ('ల', '|'), ('పో', 'U'), ('య', '|'), ('వి', 'U'), ('శ్వ', '|'), ('దా', 'U'), ('భి', '|'), ('రా', 'U'), ('మ', '|'), ('వి', '|'), ('న', '|'), ('ర', '|'), ('వే', 'U'), ('మ', '|')]",0.9166666666666666,-1.0,1.0,1.0,0.75,-1.0
aataveladi,"_x000D_
వానరాకడ మఱి ప్రాణంబు పోకడ
_x000D_
కానఁబడదు ఘనుని కైనఁగాని
_x000D_
కానఁబడిన మీఁద కలి యిట్లునడుచునా
_x000D_
విశ్వదాభిరామ వినర వేమ.",vupajaathi,Vemana,"[('వా', 'U'), ('న', '|'), ('రా', 'U'), ('క', '|'), ('డ', '|'), ('మ', '|'), ('ఱి', '|'), ('ప్రా', 'U'), ('ణం', 'U'), ('బు', '|'), ('పో', 'U'), ('క', '|'), ('డ', '|'), ('కా', 'U'), ('న', '|'), ('బ', '|'), ('డ', '|'), ('దు', '|'), ('ఘ', '|'), ('ను', '|'), ('ని', '|'), ('కై', 'U'), ('న', '|'), ('గా', 'U'), ('ని', '|'), ('కా', 'U'), ('న', '|'), ('బ', '|'), ('డి', '|'), ('న', '|'), ('మీ', 'U'), ('ద', '|'), ('క', '|'), ('లి', '|'), ('యి', 'U'), ('ట్లు', '|'), ('న', '|'), ('డు', '|'), ('చు', '|'), ('నా', 'U'), ('వి', 'U'), ('శ్వ', '|'), ('దా', 'U'), ('భి', '|'), ('రా', 'U'), ('మ', '|'), ('వి', '|'), ('న', '|'), ('ర', '|'), ('వే', 'U'), ('మ', '|')]",0.9166666666666666,-1.0,1.0,1.0,0.75,-1.0
aataveladi,"_x000D_
తగినకులజుఁడైన తలయెత్తు ధనమైన
_x000D_
భాగ్యపురుషునేల పట్టనెంచు
_x000D_
పరమసాధ్వి చూడ పరులనంటదు సుమీ
_x000D_
విశ్వదాభిరామ వినర వేమ.",vupajaathi,Vemana,"[('త', '|'), ('గి', '|'), ('న', '|'), ('కు', '|'), ('ల', '|'), ('జు', '|'), ('డై', 'U'), ('న', '|'), ('త', '|'), ('ల', '|'), ('యె', 'U'), ('త్తు', '|'), ('ధ', '|'), ('న', '|'), ('మై', 'U'), ('న', '|'), ('భా', 'U'), ('గ్య', '|'), ('పు', '|'), ('రు', '|'), ('షు', '|'), ('నే', 'U'), ('ల', '|'), ('ప', 'U'), ('ట్ట', '|'), ('నెం', 'U'), ('చు', '|'), ('ప', '|'), ('ర', '|'), ('మ', '|'), ('సా', 'U'), ('ధ్వి', '|'), ('చూ', 'U'), ('డ', '|'), ('ప', '|'), ('రు', '|'), ('ల', '|'), ('నం', 'U'), ('ట', '|'), ('దు', '|'), ('సు', '|'), ('మీ', 'U'), ('వి', 'U'), ('శ్వ', '|'), ('దా', 'U'), ('భి', '|'), ('రా', 'U'), ('మ', '|'), ('వి', '|'), ('న', '|'), ('ర', '|'), ('వే', 'U'), ('మ', '|')]",1.0,-1.0,1.0,1.0,1.0,-1.0
aataveladi,"_x000D_
పరులదత్త మిట్లు పాలనఁ జేసిన
_x000D_
నిల స్వదత్తమునకు నినుమడియగు
_x000D_
నవని పరులదత్త మపహరించిన స్వద
_x000D_
త్తంబు నిష్ఫలంబు ధరణి వేమ.",vupajaathi,Vemana,"[('ప', '|'), ('రు', '|'), ('ల', '|'), ('ద', 'U'), ('త్త', '|'), ('మి', 'U'), ('ట్లు', '|'), ('పా', 'U'), ('ల', '|'), ('న', '|'), ('జే', 'U'), ('సి', '|'), ('న', '|'), ('ని', '|'), ('ల', 'U'), ('స్వ', '|'), ('ద', 'U'), ('త్త', '|'), ('ము', '|'), ('న', '|'), ('కు', '|'), ('ని', '|'), ('ను', '|'), ('మ', '|'), ('డి', '|'), ('య', '|'), ('గు', '|'), ('న', '|'), ('వ', '|'), ('ని', '|'), ('ప', '|'), ('రు', '|'), ('ల', '|'), ('ద', 'U'), ('త్త', '|'), ('మ', '|'), ('ప', '|'), ('హ', '|'), ('రిం', 'U'), ('చి', '|'), ('న', 'U'), ('స్వ', '|'), ('ద', 'U'), ('త్తం', 'U'), ('బు', '|'), ('ని', 'U'), ('ష్ఫ', '|'), ('లం', 'U'), ('బు', '|'), ('ధ', '|'), ('ర', '|'), ('ణి', '|'), ('వే', 'U'), ('మ', '|')]",0.8833333333333333,-1.0,1.0,0.9,0.75,-1.0
aataveladi,"_x000D_
తనదుదాన మవనిఁ దనకూఁతు సమమగు
_x000D_
తండ్రిదాన మెల్లఁ దనకుఁ దోడు
_x000D_
అన్యు లిచ్చుదాన మది తనవంటిది
_x000D_
విశ్వదాభిరామ వినర వేమ.",vupajaathi,Vemana,"[('త', '|'), ('న', '|'), ('దు', '|'), ('దా', 'U'), ('న', '|'), ('మ', '|'), ('వ', '|'), ('ని', '|'), ('ద', '|'), ('న', '|'), ('కూ', 'U'), ('తు', '|'), ('స', '|'), ('మ', '|'), ('మ', '|'), ('గు', '|'), ('తం', 'U'), ('డ్రి', '|'), ('దా', 'U'), ('న', '|'), ('మె', 'U'), ('ల్ల', '|'), ('ద', '|'), ('న', '|'), ('కు', '|'), ('దో', 'U'), ('డు', '|'), ('అ', 'U'), ('న్యు', '|'), ('లి', 'U'), ('చ్చు', '|'), ('దా', 'U'), ('న', '|'), ('మ', '|'), ('ది', '|'), ('త', '|'), ('న', '|'), ('వం', 'U'), ('టి', '|'), ('ది', '|'), ('వి', 'U'), ('శ్వ', '|'), ('దా', 'U'), ('భి', '|'), ('రా', 'U'), ('మ', '|'), ('వి', '|'), ('న', '|'), ('ర', '|'), ('వే', 'U'), ('మ', '|')]",0.9166666666666666,-1.0,1.0,1.0,0.75,-1.0
aataveladi,"_x000D_
గతము చేసినట్టి కర్మబంధము లన్ని
_x000D_
తరలిపోవు సత్యగురునివలన
_x000D_
కమ్మరి కొకయేఁడు గుదియకు నొకనాఁడు
_x000D_
విశ్వదాభిరామ వినర వేమ.",vupajaathi,Vemana,"[('గ', '|'), ('త', '|'), ('ము', '|'), ('చే', 'U'), ('సి', '|'), ('న', 'U'), ('ట్టి', '|'), ('క', 'U'), ('ర్మ', '|'), ('బం', 'U'), ('ధ', '|'), ('ము', '|'), ('ల', 'U'), ('న్ని', '|'), ('త', '|'), ('ర', '|'), ('లి', '|'), ('పో', 'U'), ('వు', '|'), ('స', 'U'), ('త్య', '|'), ('గు', '|'), ('రు', '|'), ('ని', '|'), ('వ', '|'), ('ల', '|'), ('న', '|'), ('క', 'U'), ('మ్మ', '|'), ('రి', '|'), ('కొ', '|'), ('క', '|'), ('యే', 'U'), ('డు', '|'), ('గు', '|'), ('ది', '|'), ('య', '|'), ('కు', '|'), ('నొ', '|'), ('క', '|'), ('నా', 'U'), ('డు', '|'), ('వి', 'U'), ('శ్వ', '|'), ('దా', 'U'), ('భి', '|'), ('రా', 'U'), ('మ', '|'), ('వి', '|'), ('న', '|'), ('ర', '|'), ('వే', 'U'), ('మ', '|')]",0.9166666666666666,-1.0,1.0,1.0,0.75,-1.0
aataveladi,"_x000D_
జాతులందు మిగుల జాతి యే దెక్కువో
_x000D_
యెఱుక లేక తిరుగు నేమిఫలము
_x000D_
ఎఱుక గలుగువాఁడె హెచ్చైన కులజుండు
_x000D_
విశ్వదాభిరామ వినర వేమ.",vupajaathi,Vemana,"[('జా', 'U'), ('తు', '|'), ('లం', 'U'), ('దు', '|'), ('మి', '|'), ('గు', '|'), ('ల', '|'), ('జా', 'U'), ('తి', '|'), ('యే', 'U'), ('దె', 'U'), ('క్కు', '|'), ('వో', 'U'), ('యె', '|'), ('ఱు', '|'), ('క', '|'), ('లే', 'U'), ('క', '|'), ('తి', '|'), ('రు', '|'), ('గు', '|'), ('నే', 'U'), ('మి', '|'), ('ఫ', '|'), ('ల', '|'), ('ము', '|'), ('ఎ', '|'), ('ఱు', '|'), ('క', '|'), ('గ', '|'), ('లు', '|'), ('గు', '|'), ('వా', 'U'), ('డె', '|'), ('హె', 'U'), ('చ్చై', 'U'), ('న', '|'), ('కు', '|'), ('ల', '|'), ('జుం', 'U'), ('డు', '|'), ('వి', 'U'), ('శ్వ', '|'), ('దా', 'U'), ('భి', '|'), ('రా', 'U'), ('మ', '|'), ('వి', '|'), ('న', '|'), ('ర', '|'), ('వే', 'U'), ('మ', '|')]",0.8333333333333334,-1.0,1.0,1.0,0.5,-1.0
aataveladi,"_x000D_
కూటికి వగలేక కూర్చున్నవారికి
_x000D_
నాఁడుదానిమీఁది యాస గలదె
_x000D_
యన్నమదముచేత నన్ని మదంబులౌ
_x000D_
విశ్వదాభిరామ వినర వేమ.",vupajaathi,Vemana,"[('కూ', 'U'), ('టి', '|'), ('కి', '|'), ('వ', '|'), ('గ', '|'), ('లే', 'U'), ('క', '|'), ('కూ', 'U'), ('ర్చు', 'U'), ('న్న', '|'), ('వా', 'U'), ('రి', '|'), ('కి', '|'), ('నా', 'U'), ('డు', '|'), ('దా', 'U'), ('ని', '|'), ('మీ', 'U'), ('ది', '|'), ('యా', 'U'), ('స', '|'), ('గ', '|'), ('ల', '|'), ('దె', '|'), ('య', 'U'), ('న్న', '|'), ('మ', '|'), ('ద', '|'), ('ము', '|'), ('చే', 'U'), ('త', '|'), ('న', 'U'), ('న్ని', '|'), ('మ', '|'), ('దం', 'U'), ('బు', '|'), ('లౌ', 'U'), ('వి', 'U'), ('శ్వ', '|'), ('దా', 'U'), ('భి', '|'), ('రా', 'U'), ('మ', '|'), ('వి', '|'), ('న', '|'), ('ర', '|'), ('వే', 'U'), ('మ', '|')]",0.9166666666666666,-1.0,1.0,1.0,0.75,-1.0
aataveladi,"_x000D_
ఒడ్డు పొడుగు గలిగి గడ్డంబుఁ బొడుగైన
_x000D_
దానగుణములేక దాత యగునె
_x000D_
యెనుము గొప్పదైన నేనుఁగుంబోలునా
_x000D_
విశ్వదాభిరామ వినర వేమ.",vupajaathi,Vemana,"[('ఒ', 'U'), ('డ్డు', '|'), ('పొ', '|'), ('డు', '|'), ('గు', '|'), ('గ', '|'), ('లి', '|'), ('గి', '|'), ('గ', 'U'), ('డ్డం', 'U'), ('బు', '|'), ('బొ', '|'), ('డు', '|'), ('గై', 'U'), ('న', '|'), ('దా', 'U'), ('న', '|'), ('గు', '|'), ('ణ', '|'), ('ము', '|'), ('లే', 'U'), ('క', '|'), ('దా', 'U'), ('త', '|'), ('య', '|'), ('గు', '|'), ('నె', '|'), ('యె', '|'), ('ను', '|'), ('ము', '|'), ('గొ', 'U'), ('ప్ప', '|'), ('దై', 'U'), ('న', '|'), ('నే', 'U'), ('ను', '|'), ('గుం', 'U'), ('బో', 'U'), ('లు', '|'), ('నా', 'U'), ('వి', 'U'), ('శ్వ', '|'), ('దా', 'U'), ('భి', '|'), ('రా', 'U'), ('మ', '|'), ('వి', '|'), ('న', '|'), ('ర', '|'), ('వే', 'U'), ('మ', '|')]",0.9166666666666666,-1.0,1.0,1.0,0.75,-1.0
aataveladi,"_x000D_
సతులఁ జూచి నరుఁడు సౌఖ్యంబు గోరును
_x000D_
గతులఁ గానలేఁడు కర్మమందు
_x000D_
గతుల సతులవలనఁ గానంగ లేఁడయా
_x000D_
విశ్వదాభిరామ వినర వేమ.",vupajaathi,Vemana,"[('స', '|'), ('తు', '|'), ('ల', '|'), ('జూ', 'U'), ('చి', '|'), ('న', '|'), ('రు', '|'), ('డు', '|'), ('సౌ', 'U'), ('ఖ్యం', 'U'), ('బు', '|'), ('గో', 'U'), ('రు', '|'), ('ను', '|'), ('గ', '|'), ('తు', '|'), ('ల', '|'), ('గా', 'U'), ('న', '|'), ('లే', 'U'), ('డు', '|'), ('క', 'U'), ('ర్మ', '|'), ('మం', 'U'), ('దు', '|'), ('గ', '|'), ('తు', '|'), ('ల', '|'), ('స', '|'), ('తు', '|'), ('ల', '|'), ('వ', '|'), ('ల', '|'), ('న', '|'), ('గా', 'U'), ('నం', 'U'), ('గ', '|'), ('లే', 'U'), ('డ', '|'), ('యా', 'U'), ('వి', 'U'), ('శ్వ', '|'), ('దా', 'U'), ('భి', '|'), ('రా', 'U'), ('మ', '|'), ('వి', '|'), ('న', '|'), ('ర', '|'), ('వే', 'U'), ('మ', '|')]",1.0,-1.0,1.0,1.0,1.0,-1.0
aataveladi,"_x000D_
అన్నిజాడ లుడిగి యానందగాముఁడై
_x000D_
నిన్ను నమ్మఁజూచు నిష్ఠతోడ
_x000D_
నిన్ను నమ్మ ముక్తి నిక్కంబు నీయాన
_x000D_
విశ్వదాభిరామ వినర వేమ.",vupajaathi,Vemana,"[('అ', 'U'), ('న్ని', '|'), ('జా', 'U'), ('డ', '|'), ('లు', '|'), ('డి', '|'), ('గి', '|'), ('యా', 'U'), ('నం', 'U'), ('ద', '|'), ('గా', 'U'), ('ము', '|'), ('డై', 'U'), ('ని', 'U'), ('న్ను', '|'), ('న', 'U'), ('మ్మ', '|'), ('జూ', 'U'), ('చు', '|'), ('ని', 'U'), ('ష్ఠ', '|'), ('తో', 'U'), ('డ', '|'), ('ని', 'U'), ('న్ను', '|'), ('న', 'U'), ('మ్మ', '|'), ('ము', 'U'), ('క్తి', '|'), ('ని', 'U'), ('క్కం', 'U'), ('బు', '|'), ('నీ', 'U'), ('యా', 'U'), ('న', '|'), ('వి', 'U'), ('శ్వ', '|'), ('దా', 'U'), ('భి', '|'), ('రా', 'U'), ('మ', '|'), ('వి', '|'), ('న', '|'), ('ర', '|'), ('వే', 'U'), ('మ', '|')]",1.0,-1.0,1.0,1.0,1.0,-1.0
aataveladi,"_x000D_
ఆలిమాటలు విని యన్నదమ్ముల రోసి
_x000D_
వేఱుపడెడువాఁడు వెఱ్ఱివాఁడు
_x000D_
కుక్కతోఁకఁ బట్టి గోదావ రీఁదునా
_x000D_
విశ్వదాభిరామ వినర వేమ.",vupajaathi,Vemana,"[('ఆ', 'U'), ('లి', '|'), ('మా', 'U'), ('ట', '|'), ('లు', '|'), ('వి', '|'), ('ని', '|'), ('య', 'U'), ('న్న', '|'), ('ద', 'U'), ('మ్ము', '|'), ('ల', '|'), ('రో', 'U'), ('సి', '|'), ('వే', 'U'), ('ఱు', '|'), ('ప', '|'), ('డె', '|'), ('డు', '|'), ('వా', 'U'), ('డు', '|'), ('వె', 'U'), ('ఱ్ఱి', '|'), ('వా', 'U'), ('డు', '|'), ('కు', 'U'), ('క్క', '|'), ('తో', 'U'), ('క', '|'), ('బ', 'U'), ('ట్టి', '|'), ('గో', 'U'), ('దా', 'U'), ('వ', '|'), ('రీ', 'U'), ('దు', '|'), ('నా', 'U'), ('వి', 'U'), ('శ్వ', '|'), ('దా', 'U'), ('భి', '|'), ('రా', 'U'), ('మ', '|'), ('వి', '|'), ('న', '|'), ('ర', '|'), ('వే', 'U'), ('మ', '|')]",1.0,-1.0,1.0,1.0,1.0,-1.0
aataveladi,"_x000D_
స్త్రీలు కల్గుచోట చెల్లాటములుకల్గు
_x000D_
స్త్రీలులేని చోటఁ జిన్నఁబోవు
_x000D_
స్త్రీలచేత నరులు చిక్కుచున్నారయా
_x000D_
విశ్వదాభిరామ వినర వేమ.",vupajaathi,Vemana,"[('స్త్రీ', 'U'), ('లు', '|'), ('క', 'U'), ('ల్గు', '|'), ('చో', 'U'), ('ట', '|'), ('చె', 'U'), ('ల్లా', 'U'), ('ట', '|'), ('ము', '|'), ('లు', '|'), ('క', 'U'), ('ల్గు', 'U'), ('స్త్రీ', 'U'), ('లు', '|'), ('లే', 'U'), ('ని', '|'), ('చో', 'U'), ('ట', '|'), ('జి', 'U'), ('న్న', '|'), ('బో', 'U'), ('వు', 'U'), ('స్త్రీ', 'U'), ('ల', '|'), ('చే', 'U'), ('త', '|'), ('న', '|'), ('రు', '|'), ('లు', '|'), ('చి', 'U'), ('క్కు', '|'), ('చు', 'U'), ('న్నా', 'U'), ('ర', '|'), ('యా', 'U'), ('వి', 'U'), ('శ్వ', '|'), ('దా', 'U'), ('భి', '|'), ('రా', 'U'), ('మ', '|'), ('వి', '|'), ('న', '|'), ('ర', '|'), ('వే', 'U'), ('మ', '|')]",0.7666666666666666,-1.0,1.0,0.8,0.5,-1.0
aataveladi,"_x000D_
మాల మాలగాఁడు మహిమీఁద నేప్రొద్దు
_x000D_
మాటతిరుగువాఁడు మాలగాక
_x000D_
వాని మాలయన్నవాఁడెపో పెనుమాల
_x000D_
విశ్వదాభిరామ వినర వేమ.",vupajaathi,Vemana,"[('మా', 'U'), ('ల', '|'), ('మా', 'U'), ('ల', '|'), ('గా', 'U'), ('డు', '|'), ('మ', '|'), ('హి', '|'), ('మీ', 'U'), ('ద', '|'), ('నే', 'U'), ('ప్రొ', 'U'), ('ద్దు', '|'), ('మా', 'U'), ('ట', '|'), ('తి', '|'), ('రు', '|'), ('గు', '|'), ('వా', 'U'), ('డు', '|'), ('మా', 'U'), ('ల', '|'), ('గా', 'U'), ('క', '|'), ('వా', 'U'), ('ని', '|'), ('మా', 'U'), ('ల', '|'), ('య', 'U'), ('న్న', '|'), ('వా', 'U'), ('డె', '|'), ('పో', 'U'), ('పె', '|'), ('ను', '|'), ('మా', 'U'), ('ల', '|'), ('వి', 'U'), ('శ్వ', '|'), ('దా', 'U'), ('భి', '|'), ('రా', 'U'), ('మ', '|'), ('వి', '|'), ('న', '|'), ('ర', '|'), ('వే', 'U'), ('మ', '|')]",1.0,-1.0,1.0,1.0,1.0,-1.0
aataveladi,"_x000D_
చిప్పలోనఁ బడ్డ చినుకు ముత్యం బాయె
_x000D_
నీళ్ళలోనఁగలిసి నీరె యాయె
_x000D_
ప్రాప్తము గలచోట ఫలమేల దప్పురా
_x000D_
విశ్వదాభిరామ వినర వేమ.",vupajaathi,Vemana,"[('చి', 'U'), ('ప్ప', '|'), ('లో', 'U'), ('న', '|'), ('బ', 'U'), ('డ్డ', '|'), ('చి', '|'), ('ను', '|'), ('కు', '|'), ('ము', 'U'), ('త్యం', 'U'), ('బా', 'U'), ('యె', '|'), ('నీ', 'U'), ('ళ్ళ', '|'), ('లో', 'U'), ('న', '|'), ('గ', '|'), ('లి', '|'), ('సి', '|'), ('నీ', 'U'), ('రె', '|'), ('యా', 'U'), ('యె', '|'), ('ప్రా', 'U'), ('ప్త', '|'), ('ము', '|'), ('గ', '|'), ('ల', '|'), ('చో', 'U'), ('ట', '|'), ('ఫ', '|'), ('ల', '|'), ('మే', 'U'), ('ల', '|'), ('ద', 'U'), ('ప్పు', '|'), ('రా', 'U'), ('వి', 'U'), ('శ్వ', '|'), ('దా', 'U'), ('భి', '|'), ('రా', 'U'), ('మ', '|'), ('వి', '|'), ('న', '|'), ('ర', '|'), ('వే', 'U'), ('మ', '|')]",1.0,-1.0,1.0,1.0,1.0,-1.0
aataveladi,"_x000D_
కులము గలుగువారు గోత్రంబు గలవారు
_x000D_
విద్యచేత విఱ్ఱవీగువారు
_x000D_
పసిఁడిగల్గువాని బానిసకొడుకులు
_x000D_
విశ్వదాభిరామ వినర వేమ.",vupajaathi,Vemana,"[('కు', '|'), ('ల', '|'), ('ము', '|'), ('గ', '|'), ('లు', '|'), ('గు', '|'), ('వా', 'U'), ('రు', '|'), ('గో', 'U'), ('త్రం', 'U'), ('బు', '|'), ('గ', '|'), ('ల', '|'), ('వా', 'U'), ('రు', '|'), ('వి', 'U'), ('ద్య', '|'), ('చే', 'U'), ('త', '|'), ('వి', 'U'), ('ఱ్ఱ', '|'), ('వీ', 'U'), ('గు', '|'), ('వా', 'U'), ('రు', '|'), ('ప', '|'), ('సి', '|'), ('డి', '|'), ('గ', 'U'), ('ల్గు', '|'), ('వా', 'U'), ('ని', '|'), ('బా', 'U'), ('ని', '|'), ('స', '|'), ('కొ', '|'), ('డు', '|'), ('కు', '|'), ('లు', '|'), ('వి', 'U'), ('శ్వ', '|'), ('దా', 'U'), ('భి', '|'), ('రా', 'U'), ('మ', '|'), ('వి', '|'), ('న', '|'), ('ర', '|'), ('వే', 'U'), ('మ', '|')]",1.0,-1.0,1.0,1.0,1.0,-1.0
aataveladi,"_x000D_
కానివాని తోడఁ గలసి వర్తించెనా
_x000D_
హాని వచ్చు నెంతవాని కైన
_x000D_
తాటిక్రింద పాలు ద్రాగిన చందమౌ
_x000D_
విశ్వదాభిరామ వినర వేమ.",vupajaathi,Vemana,"[('కా', 'U'), ('ని', '|'), ('వా', 'U'), ('ని', '|'), ('తో', 'U'), ('డ', '|'), ('గ', '|'), ('ల', '|'), ('సి', '|'), ('వ', 'U'), ('ర్తిం', 'U'), ('చె', '|'), ('నా', 'U'), ('హా', 'U'), ('ని', '|'), ('వ', 'U'), ('చ్చు', '|'), ('నెం', 'U'), ('త', '|'), ('వా', 'U'), ('ని', '|'), ('కై', 'U'), ('న', '|'), ('తా', 'U'), ('టి', '|'), ('క్రిం', 'U'), ('ద', '|'), ('పా', 'U'), ('లు', '|'), ('ద్రా', 'U'), ('గి', '|'), ('న', '|'), ('చం', 'U'), ('ద', '|'), ('మౌ', 'U'), ('వి', 'U'), ('శ్వ', '|'), ('దా', 'U'), ('భి', '|'), ('రా', 'U'), ('మ', '|'), ('వి', '|'), ('న', '|'), ('ర', '|'), ('వే', 'U'), ('మ', '|')]",1.0,-1.0,1.0,1.0,1.0,-1.0
aataveladi,"_x000D_
కరఁగకరగఁబుట్టు కనకంబునకు వన్నె
_x000D_
పెనఁగ పెనఁగబుట్టు ప్రేమసతికి
_x000D_
ముదియ ముదియఁ బుట్టు మోహంబు లోభంబు
_x000D_
విశ్వదాభిరామ వినర వేమ.",vupajaathi,Vemana,"[('క', '|'), ('ర', '|'), ('గ', '|'), ('క', '|'), ('ర', '|'), ('గ', '|'), ('బు', 'U'), ('ట్టు', '|'), ('క', '|'), ('న', '|'), ('కం', 'U'), ('బు', '|'), ('న', '|'), ('కు', '|'), ('వ', 'U'), ('న్నె', '|'), ('పె', '|'), ('న', '|'), ('గ', '|'), ('పె', '|'), ('న', '|'), ('గ', '|'), ('బు', 'U'), ('ట్టు', '|'), ('ప్రే', 'U'), ('మ', '|'), ('స', '|'), ('తి', '|'), ('కి', '|'), ('ము', '|'), ('ది', '|'), ('య', '|'), ('ము', '|'), ('ది', '|'), ('య', '|'), ('బు', 'U'), ('ట్టు', '|'), ('మో', 'U'), ('హం', 'U'), ('బు', '|'), ('లో', 'U'), ('భం', 'U'), ('బు', '|'), ('వి', 'U'), ('శ్వ', '|'), ('దా', 'U'), ('భి', '|'), ('రా', 'U'), ('మ', '|'), ('వి', '|'), ('న', '|'), ('ర', '|'), ('వే', 'U'), ('మ', '|')]",1.0,-1.0,1.0,1.0,1.0,-1.0
aataveladi,"_x000D_
ఎఱుక లేనిదొరల నెన్నాళ్ళు కొలిచిన
_x000D_
బ్రతుకులేదు వట్టి భ్రాంతి గాని
_x000D_
గొడ్డుటావు పాలుగోరిన చేపునా
_x000D_
విశ్వదాభిరామ వినర వేమ.",vupajaathi,Vemana,"[('ఎ', '|'), ('ఱు', '|'), ('క', '|'), ('లే', 'U'), ('ని', '|'), ('దొ', '|'), ('ర', '|'), ('ల', '|'), ('నె', 'U'), ('న్నా', 'U'), ('ళ్ళు', '|'), ('కొ', '|'), ('లి', '|'), ('చి', '|'), ('న', '|'), ('బ్ర', '|'), ('తు', '|'), ('కు', '|'), ('లే', 'U'), ('దు', '|'), ('వ', 'U'), ('ట్టి', '|'), ('భ్రాం', 'U'), ('తి', '|'), ('గా', 'U'), ('ని', '|'), ('గొ', 'U'), ('డ్డు', '|'), ('టా', 'U'), ('వు', '|'), ('పా', 'U'), ('లు', '|'), ('గో', 'U'), ('రి', '|'), ('న', '|'), ('చే', 'U'), ('పు', '|'), ('నా', 'U'), ('వి', 'U'), ('శ్వ', '|'), ('దా', 'U'), ('భి', '|'), ('రా', 'U'), ('మ', '|'), ('వి', '|'), ('న', '|'), ('ర', '|'), ('వే', 'U'), ('మ', '|')]",0.9166666666666666,-1.0,1.0,1.0,0.75,-1.0
aataveladi,"_x000D_
గొడ్డుటావుఁ బితుకకుండఁ గొంపోయిన
_x000D_
పండ్లు నూడఁదన్నుఁ బాలు రావు
_x000D_
లోభివాని నడుగ లాభంబు లేదయా
_x000D_
విశ్వదాభిరామ వినర వేమ.",vupajaathi,Vemana,"[('గొ', 'U'), ('డ్డు', '|'), ('టా', 'U'), ('వు', '|'), ('బి', '|'), ('తు', '|'), ('క', '|'), ('కుం', 'U'), ('డ', '|'), ('గొం', 'U'), ('పో', 'U'), ('యి', '|'), ('న', '|'), ('పం', 'U'), ('డ్లు', '|'), ('నూ', 'U'), ('డ', '|'), ('ద', 'U'), ('న్ను', '|'), ('బా', 'U'), ('లు', '|'), ('రా', 'U'), ('వు', '|'), ('లో', 'U'), ('భి', '|'), ('వా', 'U'), ('ని', '|'), ('న', '|'), ('డు', '|'), ('గ', '|'), ('లా', 'U'), ('భం', 'U'), ('బు', '|'), ('లే', 'U'), ('ద', '|'), ('యా', 'U'), ('వి', 'U'), ('శ్వ', '|'), ('దా', 'U'), ('భి', '|'), ('రా', 'U'), ('మ', '|'), ('వి', '|'), ('న', '|'), ('ర', '|'), ('వే', 'U'), ('మ', '|')]",1.0,-1.0,1.0,1.0,1.0,-1.0
aataveladi,"_x000D_
కులము లేనివాఁడు కలిమిచే వెలయును
_x000D_
కలిమిలేనివాని కులము దిగును
_x000D_
కులముకన్న మిగులకలిమి ప్రధానంబు
_x000D_
విశ్వదాభిరామ వినర వేమ.",vupajaathi,Vemana,"[('కు', '|'), ('ల', '|'), ('ము', '|'), ('లే', 'U'), ('ని', '|'), ('వా', 'U'), ('డు', '|'), ('క', '|'), ('లి', '|'), ('మి', '|'), ('చే', 'U'), ('వె', '|'), ('ల', '|'), ('యు', '|'), ('ను', '|'), ('క', '|'), ('లి', '|'), ('మి', '|'), ('లే', 'U'), ('ని', '|'), ('వా', 'U'), ('ని', '|'), ('కు', '|'), ('ల', '|'), ('ము', '|'), ('ది', '|'), ('గు', '|'), ('ను', '|'), ('కు', '|'), ('ల', '|'), ('ము', '|'), ('క', 'U'), ('న్న', '|'), ('మి', '|'), ('గు', '|'), ('ల', '|'), ('క', '|'), ('లి', '|'), ('మి', '|'), ('ప్ర', '|'), ('ధా', 'U'), ('నం', 'U'), ('బు', '|'), ('వి', 'U'), ('శ్వ', '|'), ('దా', 'U'), ('భి', '|'), ('రా', 'U'), ('మ', '|'), ('వి', '|'), ('న', '|'), ('ర', '|'), ('వే', 'U'), ('మ', '|')]",1.0,-1.0,1.0,1.0,1.0,-1.0
aataveladi,"_x000D_
నెయ్యి లేనికూడు నీయాన కసవది
_x000D_
కూరలేని తిండి కుక్కతిండి
_x000D_
ప్రియములేనికూడు పిండపుఁ గూడురా
_x000D_
విశ్వదాభిరామ వినర వేమ.",vupajaathi,Vemana,"[('నె', 'U'), ('య్యి', '|'), ('లే', 'U'), ('ని', '|'), ('కూ', 'U'), ('డు', '|'), ('నీ', 'U'), ('యా', 'U'), ('న', '|'), ('క', '|'), ('స', '|'), ('వ', '|'), ('ది', '|'), ('కూ', 'U'), ('ర', '|'), ('లే', 'U'), ('ని', '|'), ('తిం', 'U'), ('డి', '|'), ('కు', 'U'), ('క్క', '|'), ('తిం', 'U'), ('డి', '|'), ('ప్రి', '|'), ('య', '|'), ('ము', '|'), ('లే', 'U'), ('ని', '|'), ('కూ', 'U'), ('డు', '|'), ('పిం', 'U'), ('డ', '|'), ('పు', '|'), ('గూ', 'U'), ('డు', '|'), ('రా', 'U'), ('వి', 'U'), ('శ్వ', '|'), ('దా', 'U'), ('భి', '|'), ('రా', 'U'), ('మ', '|'), ('వి', '|'), ('న', '|'), ('ర', '|'), ('వే', 'U'), ('మ', '|')]",1.0,-1.0,1.0,1.0,1.0,-1.0
aataveladi,"_x000D_
నోటి పుప్పి కెల్ల నొప్పిలేకుంటకు
_x000D_
నాకు పోకసున్న మౌషధముగ
_x000D_
పెట్ట కుండెనేని పెనురోఁత వేయురా
_x000D_
విశ్వదాభిరామ వినర వేమ.",vupajaathi,Vemana,"[('నో', 'U'), ('టి', '|'), ('పు', 'U'), ('ప్పి', '|'), ('కె', 'U'), ('ల్ల', '|'), ('నొ', 'U'), ('ప్పి', '|'), ('లే', 'U'), ('కుం', 'U'), ('ట', '|'), ('కు', '|'), ('నా', 'U'), ('కు', '|'), ('పో', 'U'), ('క', '|'), ('సు', 'U'), ('న్న', '|'), ('మౌ', 'U'), ('ష', '|'), ('ధ', '|'), ('ము', '|'), ('గ', '|'), ('పె', 'U'), ('ట్ట', '|'), ('కుం', 'U'), ('డె', '|'), ('నే', 'U'), ('ని', '|'), ('పె', '|'), ('ను', '|'), ('రో', 'U'), ('త', '|'), ('వే', 'U'), ('యు', '|'), ('రా', 'U'), ('వి', 'U'), ('శ్వ', '|'), ('దా', 'U'), ('భి', '|'), ('రా', 'U'), ('మ', '|'), ('వి', '|'), ('న', '|'), ('ర', '|'), ('వే', 'U'), ('మ', '|')]",0.9166666666666666,-1.0,1.0,1.0,0.75,-1.0
aataveladi,"_x000D_
అన్నమదమువలన నతివలు పురుషులు
_x000D_
ఏపురేఁగి మదనుఁ డేఁచె నందు
_x000D_
రన్న ముడుగువెనుక నతఁ డెందుఁబోయెరా
_x000D_
విశ్వదాభిరామ వినర వేమ.",vupajaathi,Vemana,"[('అ', 'U'), ('న్న', '|'), ('మ', '|'), ('ద', '|'), ('ము', '|'), ('వ', '|'), ('ల', '|'), ('న', '|'), ('న', '|'), ('తి', '|'), ('వ', '|'), ('లు', '|'), ('పు', '|'), ('రు', '|'), ('షు', '|'), ('లు', '|'), ('ఏ', 'U'), ('పు', '|'), ('రే', 'U'), ('గి', '|'), ('మ', '|'), ('ద', '|'), ('ను', '|'), ('డే', 'U'), ('చె', '|'), ('నం', 'U'), ('దు', '|'), ('ర', 'U'), ('న్న', '|'), ('ము', '|'), ('డు', '|'), ('గు', '|'), ('వె', '|'), ('ను', '|'), ('క', '|'), ('న', '|'), ('త', '|'), ('డెం', 'U'), ('దు', '|'), ('బో', 'U'), ('యె', '|'), ('రా', 'U'), ('వి', 'U'), ('శ్వ', '|'), ('దా', 'U'), ('భి', '|'), ('రా', 'U'), ('మ', '|'), ('వి', '|'), ('న', '|'), ('ర', '|'), ('వే', 'U'), ('మ', '|')]",0.75,-1.0,1.0,1.0,0.25,-1.0
aataveladi,"_x000D_
ఎఱ్ఱనాఁడుదాని నేపారఁ జూచిన
_x000D_
వేకిపుట్టి చాల వెఱ్ఱిపట్టు
_x000D_
పల్లుదెఱవనట్టె పరఁగు పెన్భూతంబు
_x000D_
విశ్వదాభిరామ వినర వేమ.",vupajaathi,Vemana,"[('ఎ', 'U'), ('ఱ్ఱ', '|'), ('నా', 'U'), ('డు', '|'), ('దా', 'U'), ('ని', '|'), ('నే', 'U'), ('పా', 'U'), ('ర', '|'), ('జూ', 'U'), ('చి', '|'), ('న', '|'), ('వే', 'U'), ('కి', '|'), ('పు', 'U'), ('ట్టి', '|'), ('చా', 'U'), ('ల', '|'), ('వె', 'U'), ('ఱ్ఱి', '|'), ('ప', 'U'), ('ట్టు', '|'), ('ప', 'U'), ('ల్లు', '|'), ('దె', '|'), ('ఱ', '|'), ('వ', '|'), ('న', 'U'), ('ట్టె', '|'), ('ప', '|'), ('ర', '|'), ('గు', '|'), ('పె', 'U'), ('న్భూ', 'U'), ('తం', 'U'), ('బు', '|'), ('వి', 'U'), ('శ్వ', '|'), ('దా', 'U'), ('భి', '|'), ('రా', 'U'), ('మ', '|'), ('వి', '|'), ('న', '|'), ('ర', '|'), ('వే', 'U'), ('మ', '|')]",0.9166666666666666,-1.0,1.0,1.0,0.75,-1.0
aataveladi,"_x000D_
హీనజాతివాని నిలుఁజేర నిచ్చెనా
_x000D_
హాని వచ్చు నెంతవాని కైన
_x000D_
ఈఁగ కడుపుఁ జొచ్చి యిట్టట్టు చేయదా
_x000D_
విశ్వదాభిరామ వినర వేమ.",vupajaathi,Vemana,"[('హీ', 'U'), ('న', '|'), ('జా', 'U'), ('తి', '|'), ('వా', 'U'), ('ని', '|'), ('ని', '|'), ('లు', '|'), ('జే', 'U'), ('ర', '|'), ('ని', 'U'), ('చ్చె', '|'), ('నా', 'U'), ('హా', 'U'), ('ని', '|'), ('వ', 'U'), ('చ్చు', '|'), ('నెం', 'U'), ('త', '|'), ('వా', 'U'), ('ని', '|'), ('కై', 'U'), ('న', '|'), ('ఈ', 'U'), ('గ', '|'), ('క', '|'), ('డు', '|'), ('పు', '|'), ('జొ', 'U'), ('చ్చి', '|'), ('యి', 'U'), ('ట్ట', 'U'), ('ట్టు', '|'), ('చే', 'U'), ('య', '|'), ('దా', 'U'), ('వి', 'U'), ('శ్వ', '|'), ('దా', 'U'), ('భి', '|'), ('రా', 'U'), ('మ', '|'), ('వి', '|'), ('న', '|'), ('ర', '|'), ('వే', 'U'), ('మ', '|')]",0.8333333333333334,-1.0,1.0,1.0,0.5,-1.0
aataveladi,"_x000D_
తలఁప వశముగాదు తత్వంబు బ్రహ్మంబు
_x000D_
తెలియలేఁడు బ్రహ్మదేవుఁడైన
_x000D_
ఇసుక బావి త్రవ్వ నెవ్వరి వశమయా
_x000D_
విశ్వదాభిరామ వినర వేమ.",vupajaathi,Vemana,"[('త', '|'), ('ల', '|'), ('ప', '|'), ('వ', '|'), ('శ', '|'), ('ము', '|'), ('గా', 'U'), ('దు', '|'), ('త', 'U'), ('త్వం', 'U'), ('బు', '|'), ('బ్ర', 'U'), ('హ్మం', 'U'), ('బు', '|'), ('తె', '|'), ('లి', '|'), ('య', '|'), ('లే', 'U'), ('డు', '|'), ('బ్ర', 'U'), ('హ్మ', '|'), ('దే', 'U'), ('వు', '|'), ('డై', 'U'), ('న', '|'), ('ఇ', '|'), ('సు', '|'), ('క', '|'), ('బా', 'U'), ('వి', '|'), ('త్ర', 'U'), ('వ్వ', '|'), ('నె', 'U'), ('వ్వ', '|'), ('రి', '|'), ('వ', '|'), ('శ', '|'), ('మ', '|'), ('యా', 'U'), ('వి', 'U'), ('శ్వ', '|'), ('దా', 'U'), ('భి', '|'), ('రా', 'U'), ('మ', '|'), ('వి', '|'), ('న', '|'), ('ర', '|'), ('వే', 'U'), ('మ', '|')]",0.9166666666666666,-1.0,1.0,1.0,0.75,-1.0
aataveladi,"_x000D_
ఎట్టిస్త్రీలఁ గనిన నింతంత యనరాదు
_x000D_
కాలవహ్ని లక్క కరఁగినట్లు
_x000D_
ఇట్టిగాఢమోహ మెంతైనఁ జేయురా
_x000D_
విశ్వదాభిరామ వినర వేమ.",vupajaathi,Vemana,"[('ఎ', 'U'), ('ట్టి', 'U'), ('స్త్రీ', 'U'), ('ల', '|'), ('గ', '|'), ('ని', '|'), ('న', '|'), ('నిం', 'U'), ('తం', 'U'), ('త', '|'), ('య', '|'), ('న', '|'), ('రా', 'U'), ('దు', '|'), ('కా', 'U'), ('ల', '|'), ('వ', 'U'), ('హ్ని', '|'), ('ల', 'U'), ('క్క', '|'), ('క', '|'), ('ర', '|'), ('గి', '|'), ('న', 'U'), ('ట్లు', '|'), ('ఇ', 'U'), ('ట్టి', '|'), ('గా', 'U'), ('ఢ', '|'), ('మో', 'U'), ('హ', '|'), ('మెం', 'U'), ('తై', 'U'), ('న', '|'), ('జే', 'U'), ('యు', '|'), ('రా', 'U'), ('వి', 'U'), ('శ్వ', '|'), ('దా', 'U'), ('భి', '|'), ('రా', 'U'), ('మ', '|'), ('వి', '|'), ('న', '|'), ('ర', '|'), ('వే', 'U'), ('మ', '|')]",0.5166666666666667,-1.0,1.0,0.55,0.0,-1.0
aataveladi,"_x000D_
కాంత కుంకయైనఁ గానికులం బైనఁ
_x000D_
బాయలేక విటుఁడు బ్రమసియుండు
_x000D_
మరగి గ్రుడ్డికుక్క మాంసంబు గన్నట్లు
_x000D_
విశ్వదాభిరామ వినర వేమ.",vupajaathi,Vemana,"[('కాం', 'U'), ('త', '|'), ('కుం', 'U'), ('క', '|'), ('యై', 'U'), ('న', '|'), ('గా', 'U'), ('ని', '|'), ('కు', '|'), ('లం', 'U'), ('బై', 'U'), ('న', '|'), ('బా', 'U'), ('య', '|'), ('లే', 'U'), ('క', '|'), ('వి', '|'), ('టు', '|'), ('డు', '|'), ('బ్ర', '|'), ('మ', '|'), ('సి', '|'), ('యుం', 'U'), ('డు', '|'), ('మ', '|'), ('ర', '|'), ('గి', '|'), ('గ్రు', 'U'), ('డ్డి', '|'), ('కు', 'U'), ('క్క', '|'), ('మాం', 'U'), ('సం', 'U'), ('బు', '|'), ('గ', 'U'), ('న్న', 'U'), ('ట్లు', '|'), ('వి', 'U'), ('శ్వ', '|'), ('దా', 'U'), ('భి', '|'), ('రా', 'U'), ('మ', '|'), ('వి', '|'), ('న', '|'), ('ర', '|'), ('వే', 'U'), ('మ', '|')]",1.0,-1.0,1.0,1.0,1.0,-1.0
aataveladi,"_x000D_
పప్పులేని కూడు పరుల కసహ్యమౌ
_x000D_
నప్పులేనివాఁడె యధిక బలుఁడు
_x000D_
ముప్పులేనివాఁడు మొదల సుజ్ఞానుఁడు
_x000D_
విశ్వదాభిరామ వినర వేమ.",vupajaathi,Vemana,"[('ప', 'U'), ('ప్పు', '|'), ('లే', 'U'), ('ని', '|'), ('కూ', 'U'), ('డు', '|'), ('ప', '|'), ('రు', '|'), ('ల', '|'), ('క', '|'), ('స', 'U'), ('హ్య', '|'), ('మౌ', 'U'), ('న', 'U'), ('ప్పు', '|'), ('లే', 'U'), ('ని', '|'), ('వా', 'U'), ('డె', '|'), ('య', '|'), ('ధి', '|'), ('క', '|'), ('బ', '|'), ('లు', '|'), ('డు', '|'), ('ము', 'U'), ('ప్పు', '|'), ('లే', 'U'), ('ని', '|'), ('వా', 'U'), ('డు', '|'), ('మొ', '|'), ('ద', '|'), ('ల', '|'), ('సు', 'U'), ('జ్ఞా', 'U'), ('ను', '|'), ('డు', '|'), ('వి', 'U'), ('శ్వ', '|'), ('దా', 'U'), ('భి', '|'), ('రా', 'U'), ('మ', '|'), ('వి', '|'), ('న', '|'), ('ర', '|'), ('వే', 'U'), ('మ', '|')]",0.9166666666666666,-1.0,1.0,1.0,0.75,-1.0
kandamu,"_x000D_
పేదరిక మంతదోషము
_x000D_
లేదే యీ జగతిలోన నీశ్వరుఁ డెఱుఁగ\న్‌
_x000D_
పేదను పొడఁగనువాడు\న్‌
_x000D_
గాదము విధమునను జూచుఁ గదరా వేమా.",jaathi,Vemana,"[('పే', 'U'), ('ద', '|'), ('రి', '|'), ('క', '|'), ('మం', 'U'), ('త', '|'), ('దో', 'U'), ('ష', '|'), ('ము', '|'), ('లే', 'U'), ('దే', 'U'), ('యీ', 'U'), ('జ', '|'), ('గ', '|'), ('తి', '|'), ('లో', 'U'), ('న', '|'), ('నీ', 'U'), ('శ్వ', '|'), ('రు', '|'), ('డె', '|'), ('ఱు', '|'), ('గన్', 'U'), ('పే', 'U'), ('ద', '|'), ('ను', '|'), ('పొ', '|'), ('డ', '|'), ('గ', '|'), ('ను', '|'), ('వా', 'U'), ('డున్', 'U'), ('గా', 'U'), ('ద', '|'), ('ము', '|'), ('వి', '|'), ('ధ', '|'), ('ము', '|'), ('న', '|'), ('ను', '|'), ('జూ', 'U'), ('చు', '|'), ('గ', '|'), ('ద', '|'), ('రా', 'U'), ('వే', 'U'), ('మా', 'U')]",0.875,-1.0,1.0,1.0,0.5,1.0
aataveladi,"_x000D_
ధార్మికునకుఁ గాని ధర్మంబుఁ గనరాదు
_x000D_
కష్టజీవి కెట్లు కానఁబడును
_x000D_
నీరుచొరకలోతు నిజముగాఁ దెలియదు
_x000D_
విశ్వదాభిరామ వినర వేమ.",vupajaathi,Vemana,"[('ధా', 'U'), ('ర్మి', '|'), ('కు', '|'), ('న', '|'), ('కు', '|'), ('గా', 'U'), ('ని', '|'), ('ధ', 'U'), ('ర్మం', 'U'), ('బు', '|'), ('గ', '|'), ('న', '|'), ('రా', 'U'), ('దు', '|'), ('క', 'U'), ('ష్ట', '|'), ('జీ', 'U'), ('వి', '|'), ('కె', 'U'), ('ట్లు', '|'), ('కా', 'U'), ('న', '|'), ('బ', '|'), ('డు', '|'), ('ను', '|'), ('నీ', 'U'), ('రు', '|'), ('చొ', '|'), ('ర', '|'), ('క', '|'), ('లో', 'U'), ('తు', '|'), ('ని', '|'), ('జ', '|'), ('ము', '|'), ('గా', 'U'), ('దె', '|'), ('లి', '|'), ('య', '|'), ('దు', '|'), ('వి', 'U'), ('శ్వ', '|'), ('దా', 'U'), ('భి', '|'), ('రా', 'U'), ('మ', '|'), ('వి', '|'), ('న', '|'), ('ర', '|'), ('వే', 'U'), ('మ', '|')]",1.0,-1.0,1.0,1.0,1.0,-1.0
aataveladi,"_x000D_
మొగముఁ జూచినపుడె మోహంబు ఘన మౌను
_x000D_
ధనముఁ జూచినపుడె తగులు మనసు
_x000D_
కూలినప్పు డరయకుసులెల్ల విఱుగును
_x000D_
విశ్వదాభిరామ వినర వేమ.",vupajaathi,Vemana,"[('మొ', '|'), ('గ', '|'), ('ము', '|'), ('జూ', 'U'), ('చి', '|'), ('న', '|'), ('పు', '|'), ('డె', '|'), ('మో', 'U'), ('హం', 'U'), ('బు', '|'), ('ఘ', '|'), ('న', '|'), ('మౌ', 'U'), ('ను', '|'), ('ధ', '|'), ('న', '|'), ('ము', '|'), ('జూ', 'U'), ('చి', '|'), ('న', '|'), ('పు', '|'), ('డె', '|'), ('త', '|'), ('గు', '|'), ('లు', '|'), ('మ', '|'), ('న', '|'), ('సు', '|'), ('కూ', 'U'), ('లి', '|'), ('న', 'U'), ('ప్పు', '|'), ('డ', '|'), ('ర', '|'), ('య', '|'), ('కు', '|'), ('సు', '|'), ('లె', 'U'), ('ల్ల', '|'), ('వి', '|'), ('ఱు', '|'), ('గు', '|'), ('ను', '|'), ('వి', 'U'), ('శ్వ', '|'), ('దా', 'U'), ('భి', '|'), ('రా', 'U'), ('మ', '|'), ('వి', '|'), ('న', '|'), ('ర', '|'), ('వే', 'U'), ('మ', '|')]",1.0,-1.0,1.0,1.0,1.0,-1.0
aataveladi,"_x000D_
ఎన్ని మతములైన జరుగఁ దగదు
_x000D_
సత్య మింతలేక జరుగఁ దగదు
_x000D_
సత్యము గలవాఁడు జగతిలో ద్విజుఁ డయ్యె
_x000D_
విశ్వదాభిరామ వినర వేమ.",vupajaathi,Vemana,"[('ఎ', 'U'), ('న్ని', '|'), ('మ', '|'), ('త', '|'), ('ము', '|'), ('లై', 'U'), ('న', '|'), ('జ', '|'), ('రు', '|'), ('గ', '|'), ('ద', '|'), ('గ', '|'), ('దు', '|'), ('స', 'U'), ('త్య', '|'), ('మిం', 'U'), ('త', '|'), ('లే', 'U'), ('క', '|'), ('జ', '|'), ('రు', '|'), ('గ', '|'), ('ద', '|'), ('గ', '|'), ('దు', '|'), ('స', 'U'), ('త్య', '|'), ('ము', '|'), ('గ', '|'), ('ల', '|'), ('వా', 'U'), ('డు', '|'), ('జ', '|'), ('గ', '|'), ('తి', '|'), ('లో', 'U'), ('ద్వి', '|'), ('జు', '|'), ('డ', 'U'), ('య్యె', '|'), ('వి', 'U'), ('శ్వ', '|'), ('దా', 'U'), ('భి', '|'), ('రా', 'U'), ('మ', '|'), ('వి', '|'), ('న', '|'), ('ర', '|'), ('వే', 'U'), ('మ', '|')]",0.6333333333333333,-1.0,1.0,0.9,0.0,-1.0
aataveladi,"_x000D_
పరుల మోసపుచ్చి పరధన మార్జించి
_x000D_
కడుపునింపుకొనుట కానిపద్దు
_x000D_
ఋణముసేయు మనుజుఁ డెక్కువ కెక్కునా
_x000D_
విశ్వదాభిరామ వినర వేమ.",vupajaathi,Vemana,"[('ప', '|'), ('రు', '|'), ('ల', '|'), ('మో', 'U'), ('స', '|'), ('పు', 'U'), ('చ్చి', '|'), ('ప', '|'), ('ర', '|'), ('ధ', '|'), ('న', '|'), ('మా', 'U'), ('ర్జిం', 'U'), ('చి', '|'), ('క', '|'), ('డు', '|'), ('పు', '|'), ('నిం', 'U'), ('పు', '|'), ('కొ', '|'), ('ను', '|'), ('ట', '|'), ('కా', 'U'), ('ని', '|'), ('ప', 'U'), ('ద్దు', '|'), ('ఋ', '|'), ('ణ', '|'), ('ము', '|'), ('సే', 'U'), ('యు', '|'), ('మ', '|'), ('ను', '|'), ('జు', '|'), ('డె', 'U'), ('క్కు', '|'), ('వ', '|'), ('కె', 'U'), ('క్కు', '|'), ('నా', 'U'), ('వి', 'U'), ('శ్వ', '|'), ('దా', 'U'), ('భి', '|'), ('రా', 'U'), ('మ', '|'), ('వి', '|'), ('న', '|'), ('ర', '|'), ('వే', 'U'), ('మ', '|')]",0.9166666666666666,-1.0,1.0,1.0,0.75,-1.0
aataveladi,"_x000D_
స్థిరముగాని క్షుద్రపర నటనలుచేసి
_x000D_
హెచ్చుతగ్గు లొంది హీనమతులు
_x000D_
గాడ్దెపిల్ల లరుతుఁ గ్రక్కునఁ జెడుదురు
_x000D_
విశ్వదాభిరామ వినర వేమ.",vupajaathi,Vemana,"[('స్థి', '|'), ('ర', '|'), ('ము', '|'), ('గా', 'U'), ('ని', 'U'), ('క్షు', '|'), ('ద్ర', '|'), ('ప', '|'), ('ర', '|'), ('న', '|'), ('ట', '|'), ('న', '|'), ('లు', '|'), ('చే', 'U'), ('సి', '|'), ('హె', 'U'), ('చ్చు', '|'), ('త', 'U'), ('గ్గు', '|'), ('లొం', 'U'), ('ది', '|'), ('హీ', 'U'), ('న', '|'), ('మ', '|'), ('తు', '|'), ('లు', '|'), ('గా', 'U'), ('డ్దె', '|'), ('పి', 'U'), ('ల్ల', '|'), ('ల', '|'), ('రు', '|'), ('తు', '|'), ('గ్ర', 'U'), ('క్కు', '|'), ('న', '|'), ('జె', '|'), ('డు', '|'), ('దు', '|'), ('రు', '|'), ('వి', 'U'), ('శ్వ', '|'), ('దా', 'U'), ('భి', '|'), ('రా', 'U'), ('మ', '|'), ('వి', '|'), ('న', '|'), ('ర', '|'), ('వే', 'U'), ('మ', '|')]",0.65,-1.0,1.0,0.7,0.25,-1.0
aataveladi,"_x000D_
ధర్మమన్న వినరు తము నమ్మి భూనరుల్‌
_x000D_
యమునివారు వచ్చి యడలు నించి
_x000D_
చొచ్చి కట్టఁదారు చొరఁబారఁ గలరొకో
_x000D_
విశ్వదాభిరామ వినర వేమ.",vupajaathi,Vemana,"[('ధ', 'U'), ('ర్మ', '|'), ('మ', 'U'), ('న్న', '|'), ('వి', '|'), ('న', '|'), ('రు', '|'), ('త', '|'), ('ము', '|'), ('న', 'U'), ('మ్మి', '|'), ('భూ', 'U'), ('న', '|'), ('రుల్', 'U'), ('య', '|'), ('ము', '|'), ('ని', '|'), ('వా', 'U'), ('రు', '|'), ('వ', 'U'), ('చ్చి', '|'), ('య', '|'), ('డ', '|'), ('లు', '|'), ('నిం', 'U'), ('చి', '|'), ('చొ', 'U'), ('చ్చి', '|'), ('క', 'U'), ('ట్ట', '|'), ('దా', 'U'), ('రు', '|'), ('చొ', '|'), ('ర', '|'), ('బా', 'U'), ('ర', '|'), ('గ', '|'), ('ల', '|'), ('రొ', '|'), ('కో', 'U'), ('వి', 'U'), ('శ్వ', '|'), ('దా', 'U'), ('భి', '|'), ('రా', 'U'), ('మ', '|'), ('వి', '|'), ('న', '|'), ('ర', '|'), ('వే', 'U'), ('మ', '|')]",1.0,-1.0,1.0,1.0,1.0,-1.0
aataveladi,"_x000D_
దానమడుగువాఁడు ధరలోన నధముండు
_x000D_
దానమడుగఁడేని దైవసముఁడు
_x000D_
దానమీనివాఁడు ధన్యుండు కాఁడయా
_x000D_
విశ్వదాభిరామ వినర వేమ.",vupajaathi,Vemana,"[('దా', 'U'), ('న', '|'), ('మ', '|'), ('డు', '|'), ('గు', '|'), ('వా', 'U'), ('డు', '|'), ('ధ', '|'), ('ర', '|'), ('లో', 'U'), ('న', '|'), ('న', '|'), ('ధ', '|'), ('ముం', 'U'), ('డు', '|'), ('దా', 'U'), ('న', '|'), ('మ', '|'), ('డు', '|'), ('గ', '|'), ('డే', 'U'), ('ని', '|'), ('దై', 'U'), ('వ', '|'), ('స', '|'), ('ము', '|'), ('డు', '|'), ('దా', 'U'), ('న', '|'), ('మీ', 'U'), ('ని', '|'), ('వా', 'U'), ('డు', '|'), ('ధ', 'U'), ('న్యుం', 'U'), ('డు', '|'), ('కా', 'U'), ('డ', '|'), ('యా', 'U'), ('వి', 'U'), ('శ్వ', '|'), ('దా', 'U'), ('భి', '|'), ('రా', 'U'), ('మ', '|'), ('వి', '|'), ('న', '|'), ('ర', '|'), ('వే', 'U'), ('మ', '|')]",1.0,-1.0,1.0,1.0,1.0,-1.0
aataveladi,"_x000D_
తనకు ప్రాప్తిలేక దానమియ్యరటంచు
_x000D_
దోషబుద్ధిచేత దూరుటెల్ల
_x000D_
ముక్కువంకఁ జూచి ముక్కఱదూరుట
_x000D_
విశ్వదాభిరామ వినర వేమ.",vupajaathi,Vemana,"[('త', '|'), ('న', '|'), ('కు', '|'), ('ప్రా', 'U'), ('ప్తి', '|'), ('లే', 'U'), ('క', '|'), ('దా', 'U'), ('న', '|'), ('మి', 'U'), ('య్య', '|'), ('ర', '|'), ('టం', 'U'), ('చు', '|'), ('దో', 'U'), ('ష', '|'), ('బు', 'U'), ('ద్ధి', '|'), ('చే', 'U'), ('త', '|'), ('దూ', 'U'), ('రు', '|'), ('టె', 'U'), ('ల్ల', '|'), ('ము', 'U'), ('క్కు', '|'), ('వం', 'U'), ('క', '|'), ('జూ', 'U'), ('చి', '|'), ('ము', 'U'), ('క్క', '|'), ('ఱ', '|'), ('దూ', 'U'), ('రు', '|'), ('ట', '|'), ('వి', 'U'), ('శ్వ', '|'), ('దా', 'U'), ('భి', '|'), ('రా', 'U'), ('మ', '|'), ('వి', '|'), ('న', '|'), ('ర', '|'), ('వే', 'U'), ('మ', '|')]",1.0,-1.0,1.0,1.0,1.0,-1.0
aataveladi,"_x000D_
పెక్కుజనులఁ జంపి పేదల వధియించి
_x000D_
డొక్కకొరకు నూళ్లు దొంగలించి
_x000D_
యెక్కడికిని బోవ నెఱిఁగి యముఁడు చంపు
_x000D_
విశ్వదాభిరామ వినర వేమ.",vupajaathi,Vemana,"[('పె', 'U'), ('క్కు', '|'), ('జ', '|'), ('ను', '|'), ('ల', '|'), ('జం', 'U'), ('పి', '|'), ('పే', 'U'), ('ద', '|'), ('ల', '|'), ('వ', '|'), ('ధి', '|'), ('యిం', 'U'), ('చి', '|'), ('డొ', 'U'), ('క్క', '|'), ('కొ', '|'), ('ర', '|'), ('కు', '|'), ('నూ', 'U'), ('ళ్లు', '|'), ('దొం', 'U'), ('గ', '|'), ('లిం', 'U'), ('చి', '|'), ('యె', 'U'), ('క్క', '|'), ('డి', '|'), ('కి', '|'), ('ని', '|'), ('బో', 'U'), ('వ', '|'), ('నె', '|'), ('ఱి', '|'), ('గి', '|'), ('య', '|'), ('ము', '|'), ('డు', '|'), ('చం', 'U'), ('పు', '|'), ('వి', 'U'), ('శ్వ', '|'), ('దా', 'U'), ('భి', '|'), ('రా', 'U'), ('మ', '|'), ('వి', '|'), ('న', '|'), ('ర', '|'), ('వే', 'U'), ('మ', '|')]",0.9166666666666666,-1.0,1.0,1.0,0.75,-1.0
aataveladi,"_x000D_
తండ్రికన సుగుణి తనయుఁడు గల్గెనా
_x000D_
పిన్న తనము లెన్నఁదగదు
_x000D_
వాసుదేవు విడిచి వసుదేవు నెంతురా
_x000D_
విశ్వదాభిరామ వినర వేమ.",vupajaathi,Vemana,"[('తం', 'U'), ('డ్రి', '|'), ('క', '|'), ('న', '|'), ('సు', '|'), ('గు', '|'), ('ణి', '|'), ('త', '|'), ('న', '|'), ('యు', '|'), ('డు', '|'), ('గ', 'U'), ('ల్గె', '|'), ('నా', 'U'), ('పి', 'U'), ('న్న', '|'), ('త', '|'), ('న', '|'), ('ము', '|'), ('లె', 'U'), ('న్న', '|'), ('ద', '|'), ('గ', '|'), ('దు', '|'), ('వా', 'U'), ('సు', '|'), ('దే', 'U'), ('వు', '|'), ('వి', '|'), ('డి', '|'), ('చి', '|'), ('వ', '|'), ('సు', '|'), ('దే', 'U'), ('వు', '|'), ('నెం', 'U'), ('తు', '|'), ('రా', 'U'), ('వి', 'U'), ('శ్వ', '|'), ('దా', 'U'), ('భి', '|'), ('రా', 'U'), ('మ', '|'), ('వి', '|'), ('న', '|'), ('ర', '|'), ('వే', 'U'), ('మ', '|')]",0.5499999999999999,-1.0,1.0,0.65,0.0,-1.0
aataveladi,"_x000D_
పాల నీడిగింటఁ గ్రోలుచు నుండెనా
_x000D_
మనుజు లెల్లగూడి మద్యమండ్రు
_x000D_
నిలువఁదగనిచోట నిలువ నిందలు వచ్చు
_x000D_
విశ్వదాభిరామ వినర వేమ.",vupajaathi,Vemana,"[('పా', 'U'), ('ల', '|'), ('నీ', 'U'), ('డి', '|'), ('గిం', 'U'), ('ట', '|'), ('గ్రో', 'U'), ('లు', '|'), ('చు', '|'), ('నుం', 'U'), ('డె', '|'), ('నా', 'U'), ('మ', '|'), ('ను', '|'), ('జు', '|'), ('లె', 'U'), ('ల్ల', '|'), ('గూ', 'U'), ('డి', '|'), ('మ', 'U'), ('ద్య', '|'), ('మం', 'U'), ('డ్రు', '|'), ('ని', '|'), ('లు', '|'), ('వ', '|'), ('ద', '|'), ('గ', '|'), ('ని', '|'), ('చో', 'U'), ('ట', '|'), ('ని', '|'), ('లు', '|'), ('వ', '|'), ('నిం', 'U'), ('ద', '|'), ('లు', '|'), ('వ', 'U'), ('చ్చు', '|'), ('వి', 'U'), ('శ్వ', '|'), ('దా', 'U'), ('భి', '|'), ('రా', 'U'), ('మ', '|'), ('వి', '|'), ('న', '|'), ('ర', '|'), ('వే', 'U'), ('మ', '|')]",1.0,-1.0,1.0,1.0,1.0,-1.0
aataveladi,"_x000D_
కన్నపుత్రునాశ కనకంబుమీఁ దాస
_x000D_
స్త్రీలమీఁద నాశ చిత్తమెడలి
_x000D_
బ్రమలు విడువకున్న బ్రహ్మంబుఁ గానరొ
_x000D_
విశ్వదాభిరామ వినర వేమ.",vupajaathi,Vemana,"[('క', 'U'), ('న్న', '|'), ('పు', '|'), ('త్రు', '|'), ('నా', 'U'), ('శ', '|'), ('క', '|'), ('న', '|'), ('కం', 'U'), ('బు', '|'), ('మీ', 'U'), ('దా', 'U'), ('స', 'U'), ('స్త్రీ', 'U'), ('ల', '|'), ('మీ', 'U'), ('ద', '|'), ('నా', 'U'), ('శ', '|'), ('చి', 'U'), ('త్త', '|'), ('మె', '|'), ('డ', '|'), ('లి', '|'), ('బ్ర', '|'), ('మ', '|'), ('లు', '|'), ('వి', '|'), ('డు', '|'), ('వ', '|'), ('కు', 'U'), ('న్న', '|'), ('బ్ర', 'U'), ('హ్మం', 'U'), ('బు', '|'), ('గా', 'U'), ('న', '|'), ('రొ', '|'), ('వి', 'U'), ('శ్వ', '|'), ('దా', 'U'), ('భి', '|'), ('రా', 'U'), ('మ', '|'), ('వి', '|'), ('న', '|'), ('ర', '|'), ('వే', 'U'), ('మ', '|')]",0.7333333333333334,-1.0,1.0,0.7,0.5,-1.0
aataveladi,"_x000D_
చెట్టుచేనుగొట్టి చుట్టుగోడలఁబెట్టి
_x000D_
యిట్టునట్టుఁ బెద్దయిల్లు గట్టి
_x000D_
మిట్టిపడును నరుఁడు మీఁదిచే టెఱుంగక
_x000D_
విశ్వదాభిరామ వినర వేమ.",vupajaathi,Vemana,"[('చె', 'U'), ('ట్టు', '|'), ('చే', 'U'), ('ను', '|'), ('గొ', 'U'), ('ట్టి', '|'), ('చు', 'U'), ('ట్టు', '|'), ('గో', 'U'), ('డ', '|'), ('ల', '|'), ('బె', 'U'), ('ట్టి', '|'), ('యి', 'U'), ('ట్టు', '|'), ('న', 'U'), ('ట్టు', '|'), ('బె', 'U'), ('ద్ద', '|'), ('యి', 'U'), ('ల్లు', '|'), ('గ', 'U'), ('ట్టి', '|'), ('మి', 'U'), ('ట్టి', '|'), ('ప', '|'), ('డు', '|'), ('ను', '|'), ('న', '|'), ('రు', '|'), ('డు', '|'), ('మీ', 'U'), ('ది', '|'), ('చే', 'U'), ('టె', '|'), ('ఱుం', 'U'), ('గ', '|'), ('క', '|'), ('వి', 'U'), ('శ్వ', '|'), ('దా', 'U'), ('భి', '|'), ('రా', 'U'), ('మ', '|'), ('వి', '|'), ('న', '|'), ('ర', '|'), ('వే', 'U'), ('మ', '|')]",0.9833333333333334,-1.0,1.0,0.95,1.0,-1.0
kandamu,"_x000D_
వచ్చెడిది పోయెడిది మఱి
_x000D_
చచ్చెడిదియుఁ గనకలేక సహజము లనుచు\న్‌
_x000D_
విచ్చలవిడిగాఁ దిరుగుట
_x000D_
చిచ్చునఁబడునట్టి మిడుత చెలువము వేమా.",jaathi,Vemana,"[('వ', 'U'), ('చ్చె', '|'), ('డి', '|'), ('ది', '|'), ('పో', 'U'), ('యె', '|'), ('డి', '|'), ('ది', '|'), ('మ', '|'), ('ఱి', '|'), ('చ', 'U'), ('చ్చె', '|'), ('డి', '|'), ('ది', '|'), ('యు', '|'), ('గ', '|'), ('న', '|'), ('క', '|'), ('లే', 'U'), ('క', '|'), ('స', '|'), ('హ', '|'), ('జ', '|'), ('ము', '|'), ('ల', '|'), ('ను', '|'), ('చున్', 'U'), ('వి', 'U'), ('చ్చ', '|'), ('ల', '|'), ('వి', '|'), ('డి', '|'), ('గా', 'U'), ('ది', '|'), ('రు', '|'), ('గు', '|'), ('ట', '|'), ('చి', 'U'), ('చ్చు', '|'), ('న', '|'), ('బ', '|'), ('డు', '|'), ('న', 'U'), ('ట్టి', '|'), ('మి', '|'), ('డు', '|'), ('త', '|'), ('చె', '|'), ('లు', '|'), ('వ', '|'), ('ము', '|'), ('వే', 'U'), ('మా', 'U')]",1.0,-1.0,1.0,1.0,1.0,1.0
aataveladi,"_x000D_
కుక్కతోలు దెచ్చి యెఱుపుబొమ్మను జేసి
_x000D_
యాడునట్టుచేసి యట్టెవేసె
_x000D_
తన్నుఁ ద్రిప్పువానిఁ దానేలకానఁడో
_x000D_
విశ్వదాభిరామ వినర వేమ.",vupajaathi,Vemana,"[('కు', 'U'), ('క్క', '|'), ('తో', 'U'), ('లు', '|'), ('దె', 'U'), ('చ్చి', '|'), ('యె', '|'), ('ఱు', '|'), ('పు', '|'), ('బొ', 'U'), ('మ్మ', '|'), ('ను', '|'), ('జే', 'U'), ('సి', '|'), ('యా', 'U'), ('డు', '|'), ('న', 'U'), ('ట్టు', '|'), ('చే', 'U'), ('సి', '|'), ('య', 'U'), ('ట్టె', '|'), ('వే', 'U'), ('సె', '|'), ('త', 'U'), ('న్ను', '|'), ('ద్రి', 'U'), ('ప్పు', '|'), ('వా', 'U'), ('ని', '|'), ('దా', 'U'), ('నే', 'U'), ('ల', '|'), ('కా', 'U'), ('న', '|'), ('డో', 'U'), ('వి', 'U'), ('శ్వ', '|'), ('దా', 'U'), ('భి', '|'), ('రా', 'U'), ('మ', '|'), ('వి', '|'), ('న', '|'), ('ర', '|'), ('వే', 'U'), ('మ', '|')]",0.9166666666666666,-1.0,1.0,1.0,0.75,-1.0
aataveladi,"_x000D_
పరబలంబుఁజూచి ప్రాణరక్షణమున
_x000D_
కుఱికి పాఱిపోవు పిఱికినరుఁడు
_x000D_
యముఁడు కుపితుఁడైన నడ్డ మెవ్వండయా
_x000D_
విశ్వదాభిరామ వినర వేమ.",vupajaathi,Vemana,"[('ప', '|'), ('ర', '|'), ('బ', '|'), ('లం', 'U'), ('బు', '|'), ('జూ', 'U'), ('చి', '|'), ('ప్రా', 'U'), ('ణ', '|'), ('ర', 'U'), ('క్ష', '|'), ('ణ', '|'), ('ము', '|'), ('న', '|'), ('కు', '|'), ('ఱి', '|'), ('కి', '|'), ('పా', 'U'), ('ఱి', '|'), ('పో', 'U'), ('వు', '|'), ('పి', '|'), ('ఱి', '|'), ('కి', '|'), ('న', '|'), ('రు', '|'), ('డు', '|'), ('య', '|'), ('ము', '|'), ('డు', '|'), ('కు', '|'), ('పి', '|'), ('తు', '|'), ('డై', 'U'), ('న', '|'), ('న', 'U'), ('డ్డ', '|'), ('మె', 'U'), ('వ్వం', 'U'), ('డ', '|'), ('యా', 'U'), ('వి', 'U'), ('శ్వ', '|'), ('దా', 'U'), ('భి', '|'), ('రా', 'U'), ('మ', '|'), ('వి', '|'), ('న', '|'), ('ర', '|'), ('వే', 'U'), ('మ', '|')]",0.9166666666666666,-1.0,1.0,1.0,0.75,-1.0
aataveladi,"_x000D_
తల్లిదండ్రి చావఁ దనయుఁడు తానేడ్చు
_x000D_
మగఁడు చావ నాలు వగచుచుండు
_x000D_
కార్యవశము గాని కలుగదు మోహంబు
_x000D_
విశ్వదాభిరామ వినర వేమ.",vupajaathi,Vemana,"[('త', 'U'), ('ల్లి', '|'), ('దం', 'U'), ('డ్రి', '|'), ('చా', 'U'), ('వ', '|'), ('ద', '|'), ('న', '|'), ('యు', '|'), ('డు', '|'), ('తా', 'U'), ('నే', 'U'), ('డ్చు', '|'), ('మ', '|'), ('గ', '|'), ('డు', '|'), ('చా', 'U'), ('వ', '|'), ('నా', 'U'), ('లు', '|'), ('వ', '|'), ('గ', '|'), ('చు', '|'), ('చుం', 'U'), ('డు', '|'), ('కా', 'U'), ('ర్య', '|'), ('వ', '|'), ('శ', '|'), ('ము', '|'), ('గా', 'U'), ('ని', '|'), ('క', '|'), ('లు', '|'), ('గ', '|'), ('దు', '|'), ('మో', 'U'), ('హం', 'U'), ('బు', '|'), ('వి', 'U'), ('శ్వ', '|'), ('దా', 'U'), ('భి', '|'), ('రా', 'U'), ('మ', '|'), ('వి', '|'), ('న', '|'), ('ర', '|'), ('వే', 'U'), ('మ', '|')]",1.0,-1.0,1.0,1.0,1.0,-1.0
aataveladi,"_x000D_
మనసులోని ముక్తి మఱియొక్క చోటను
_x000D_
వెదుకఁబోవువాఁడు వెఱ్ఱివాఁడు
_x000D_
గొఱ్ఱెఁ జింకఁ బెట్టి గొల్ల వెదుకురీతి
_x000D_
విశ్వదాభిరామ వినర వేమ.",vupajaathi,Vemana,"[('మ', '|'), ('న', '|'), ('సు', '|'), ('లో', 'U'), ('ని', '|'), ('ము', 'U'), ('క్తి', '|'), ('మ', '|'), ('ఱి', '|'), ('యొ', 'U'), ('క్క', '|'), ('చో', 'U'), ('ట', '|'), ('ను', '|'), ('వె', '|'), ('దు', '|'), ('క', '|'), ('బో', 'U'), ('వు', '|'), ('వా', 'U'), ('డు', '|'), ('వె', 'U'), ('ఱ్ఱి', '|'), ('వా', 'U'), ('డు', '|'), ('గొ', 'U'), ('ఱ్ఱె', '|'), ('జిం', 'U'), ('క', '|'), ('బె', 'U'), ('ట్టి', '|'), ('గొ', 'U'), ('ల్ల', '|'), ('వె', '|'), ('దు', '|'), ('కు', '|'), ('రీ', 'U'), ('తి', '|'), ('వి', 'U'), ('శ్వ', '|'), ('దా', 'U'), ('భి', '|'), ('రా', 'U'), ('మ', '|'), ('వి', '|'), ('న', '|'), ('ర', '|'), ('వే', 'U'), ('మ', '|')]",1.0,-1.0,1.0,1.0,1.0,-1.0
aataveladi,"_x000D_
ఆశకన్న దుఃఖ మతిశయంబుగ లేదు
_x000D_
చూపు నిలుపకున్న సుఖము లేదు
_x000D_
మనసు నిల్పకున్న మఱి ముక్తి లేదయా
_x000D_
విశ్వదాభిరామ వినర వేమ.",vupajaathi,Vemana,"[('ఆ', 'U'), ('శ', '|'), ('క', 'U'), ('న్న', '|'), ('దుః', 'U'), ('ఖ', '|'), ('మ', '|'), ('తి', '|'), ('శ', '|'), ('యం', 'U'), ('బు', '|'), ('గ', '|'), ('లే', 'U'), ('దు', '|'), ('చూ', 'U'), ('పు', '|'), ('ని', '|'), ('లు', '|'), ('ప', '|'), ('కు', 'U'), ('న్న', '|'), ('సు', '|'), ('ఖ', '|'), ('ము', '|'), ('లే', 'U'), ('దు', '|'), ('మ', '|'), ('న', '|'), ('సు', '|'), ('ని', 'U'), ('ల్ప', '|'), ('కు', 'U'), ('న్న', '|'), ('మ', '|'), ('ఱి', '|'), ('ము', 'U'), ('క్తి', '|'), ('లే', 'U'), ('ద', '|'), ('యా', 'U'), ('వి', 'U'), ('శ్వ', '|'), ('దా', 'U'), ('భి', '|'), ('రా', 'U'), ('మ', '|'), ('వి', '|'), ('న', '|'), ('ర', '|'), ('వే', 'U'), ('మ', '|')]",0.9166666666666666,-1.0,1.0,1.0,0.75,-1.0
aataveladi,"_x000D_
తత్వహీను లుండ్రు తఱుచుగా భువిలోన
_x000D_
తత్త్వ మెఱుగువారు తఱుచులేరు
_x000D_
కలిగిలేనివారు కనిపింపరారయా
_x000D_
విశ్వదాభిరామ వినర వేమ.",vupajaathi,Vemana,"[('త', 'U'), ('త్వ', '|'), ('హీ', 'U'), ('ను', '|'), ('లుం', 'U'), ('డ్రు', '|'), ('త', '|'), ('ఱు', '|'), ('చు', '|'), ('గా', 'U'), ('భు', '|'), ('వి', '|'), ('లో', 'U'), ('న', '|'), ('త', 'U'), ('త్త్వ', '|'), ('మె', '|'), ('ఱు', '|'), ('గు', '|'), ('వా', 'U'), ('రు', '|'), ('త', '|'), ('ఱు', '|'), ('చు', '|'), ('లే', 'U'), ('రు', '|'), ('క', '|'), ('లి', '|'), ('గి', '|'), ('లే', 'U'), ('ని', '|'), ('వా', 'U'), ('రు', '|'), ('క', '|'), ('ని', '|'), ('పిం', 'U'), ('ప', '|'), ('రా', 'U'), ('ర', '|'), ('యా', 'U'), ('వి', 'U'), ('శ్వ', '|'), ('దా', 'U'), ('భి', '|'), ('రా', 'U'), ('మ', '|'), ('వి', '|'), ('న', '|'), ('ర', '|'), ('వే', 'U'), ('మ', '|')]",1.0,-1.0,1.0,1.0,1.0,-1.0
aataveladi,"_x000D_
తామసేంద్రియములఁ దనర జయించిన
_x000D_
తత్వ మరసి చూడఁ దాన యగును
_x000D_
రాజయోగి యిట్లు తేజరిల్లుచు నుండు
_x000D_
విశ్వదాభిరామ వినర వేమ.",vupajaathi,Vemana,"[('తా', 'U'), ('మ', '|'), ('సేం', 'U'), ('ద్రి', '|'), ('య', '|'), ('ము', '|'), ('ల', '|'), ('ద', '|'), ('న', '|'), ('ర', '|'), ('జ', '|'), ('యిం', 'U'), ('చి', '|'), ('న', '|'), ('త', 'U'), ('త్వ', '|'), ('మ', '|'), ('ర', '|'), ('సి', '|'), ('చూ', 'U'), ('డ', '|'), ('దా', 'U'), ('న', '|'), ('య', '|'), ('గు', '|'), ('ను', '|'), ('రా', 'U'), ('జ', '|'), ('యో', 'U'), ('గి', '|'), ('యి', 'U'), ('ట్లు', '|'), ('తే', 'U'), ('జ', '|'), ('రి', 'U'), ('ల్లు', '|'), ('చు', '|'), ('నుం', 'U'), ('డు', '|'), ('వి', 'U'), ('శ్వ', '|'), ('దా', 'U'), ('భి', '|'), ('రా', 'U'), ('మ', '|'), ('వి', '|'), ('న', '|'), ('ర', '|'), ('వే', 'U'), ('మ', '|')]",1.0,-1.0,1.0,1.0,1.0,-1.0
aataveladi,"_x000D_
స్త్రీలమాయచేతఁ జిక్కి తాఁ గొన్నాళ్ళు
_x000D_
తగులు గోరునట్లు తగిలిపోవు
_x000D_
తనిసిపోయి తాను దైవంబుచేఁజెడు
_x000D_
విశ్వదాభిరామ వినర వేమ.",vupajaathi,Vemana,"[('స్త్రీ', 'U'), ('ల', '|'), ('మా', 'U'), ('య', '|'), ('చే', 'U'), ('త', '|'), ('జి', 'U'), ('క్కి', '|'), ('తా', 'U'), ('గొ', 'U'), ('న్నా', 'U'), ('ళ్ళు', '|'), ('త', '|'), ('గు', '|'), ('లు', '|'), ('గో', 'U'), ('రు', '|'), ('న', 'U'), ('ట్లు', '|'), ('త', '|'), ('గి', '|'), ('లి', '|'), ('పో', 'U'), ('వు', '|'), ('త', '|'), ('ని', '|'), ('సి', '|'), ('పో', 'U'), ('యి', '|'), ('తా', 'U'), ('ను', '|'), ('దై', 'U'), ('వం', 'U'), ('బు', '|'), ('చే', 'U'), ('జె', '|'), ('డు', '|'), ('వి', 'U'), ('శ్వ', '|'), ('దా', 'U'), ('భి', '|'), ('రా', 'U'), ('మ', '|'), ('వి', '|'), ('న', '|'), ('ర', '|'), ('వే', 'U'), ('మ', '|')]",1.0,-1.0,1.0,1.0,1.0,-1.0
aataveladi,"_x000D_
చెప్పులోని రాయి చెవిలోని జోరీగ
_x000D_
కంటిలోని నలుసు కాలిముల్లు
_x000D_
ఇంటిలోని పోరు నింతింత కాదయా
_x000D_
విశ్వదాభిరామ వినర వేమ.",vupajaathi,Vemana,"[('చె', 'U'), ('ప్పు', '|'), ('లో', 'U'), ('ని', '|'), ('రా', 'U'), ('యి', '|'), ('చె', '|'), ('వి', '|'), ('లో', 'U'), ('ని', '|'), ('జో', 'U'), ('రీ', 'U'), ('గ', '|'), ('కం', 'U'), ('టి', '|'), ('లో', 'U'), ('ని', '|'), ('న', '|'), ('లు', '|'), ('సు', '|'), ('కా', 'U'), ('లి', '|'), ('ము', 'U'), ('ల్లు', '|'), ('ఇం', 'U'), ('టి', '|'), ('లో', 'U'), ('ని', '|'), ('పో', 'U'), ('రు', '|'), ('నిం', 'U'), ('తిం', 'U'), ('త', '|'), ('కా', 'U'), ('ద', '|'), ('యా', 'U'), ('వి', 'U'), ('శ్వ', '|'), ('దా', 'U'), ('భి', '|'), ('రా', 'U'), ('మ', '|'), ('వి', '|'), ('న', '|'), ('ర', '|'), ('వే', 'U'), ('మ', '|')]",0.9166666666666666,-1.0,1.0,1.0,0.75,-1.0
aataveladi,"_x000D_
వారకాంత లెల్ల వలచి యేతెంతురా
_x000D_
పొందుఁజేసి ధనము పుచ్చుకొఱకు
_x000D_
మాచలమ్మ వచ్చి మఱి యిల్లువెళ్లురా
_x000D_
విశ్వదాభిరామ వినర వేమ.",vupajaathi,Vemana,"[('వా', 'U'), ('ర', '|'), ('కాం', 'U'), ('త', '|'), ('లె', 'U'), ('ల్ల', '|'), ('వ', '|'), ('ల', '|'), ('చి', '|'), ('యే', 'U'), ('తెం', 'U'), ('తు', '|'), ('రా', 'U'), ('పొం', 'U'), ('దు', '|'), ('జే', 'U'), ('సి', '|'), ('ధ', '|'), ('న', '|'), ('ము', '|'), ('పు', 'U'), ('చ్చు', '|'), ('కొ', '|'), ('ఱ', '|'), ('కు', '|'), ('మా', 'U'), ('చ', '|'), ('ల', 'U'), ('మ్మ', '|'), ('వ', 'U'), ('చ్చి', '|'), ('మ', '|'), ('ఱి', '|'), ('యి', 'U'), ('ల్లు', '|'), ('వె', 'U'), ('ళ్లు', '|'), ('రా', 'U'), ('వి', 'U'), ('శ్వ', '|'), ('దా', 'U'), ('భి', '|'), ('రా', 'U'), ('మ', '|'), ('వి', '|'), ('న', '|'), ('ర', '|'), ('వే', 'U'), ('మ', '|')]",1.0,-1.0,1.0,1.0,1.0,-1.0
aataveladi,"_x000D_
గురువుఁగూడుఁజేసి గుణము వత్తిగఁజేసి
_x000D_
సరవిఁగర్మఁ జమితి సమురుఁ జేసి
_x000D_
మూల నొక్కజ్యోతి ముట్టించి చూడరా
_x000D_
విశ్వదాభిరామ వినర వేమ.",vupajaathi,Vemana,"[('గు', '|'), ('రు', '|'), ('వు', '|'), ('గూ', 'U'), ('డు', '|'), ('జే', 'U'), ('సి', '|'), ('గు', '|'), ('ణ', '|'), ('ము', '|'), ('వ', 'U'), ('త్తి', '|'), ('గ', '|'), ('జే', 'U'), ('సి', '|'), ('స', '|'), ('ర', '|'), ('వి', '|'), ('గ', 'U'), ('ర్మ', '|'), ('జ', '|'), ('మి', '|'), ('తి', '|'), ('స', '|'), ('ము', '|'), ('రు', '|'), ('జే', 'U'), ('సి', '|'), ('మూ', 'U'), ('ల', '|'), ('నొ', 'U'), ('క్క', 'U'), ('జ్యో', 'U'), ('తి', '|'), ('ము', 'U'), ('ట్టిం', 'U'), ('చి', '|'), ('చూ', 'U'), ('డ', '|'), ('రా', 'U'), ('వి', 'U'), ('శ్వ', '|'), ('దా', 'U'), ('భి', '|'), ('రా', 'U'), ('మ', '|'), ('వి', '|'), ('న', '|'), ('ర', '|'), ('వే', 'U'), ('మ', '|')]",0.7333333333333334,-1.0,1.0,0.7,0.5,-1.0
aataveladi,"_x000D_
ఎన్నియెన్ని పూజలెచటఁ జేసిన నేమి
_x000D_
భక్తిలేని పూజ ఫలములేదు
_x000D_
భక్తి గల్గుపూజ బహుళ కారణమురా
_x000D_
విశ్వదాభిరామ వినర వేమ.",vupajaathi,Vemana,"[('ఎ', 'U'), ('న్ని', '|'), ('యె', 'U'), ('న్ని', '|'), ('పూ', 'U'), ('జ', '|'), ('లె', '|'), ('చ', '|'), ('ట', '|'), ('జే', 'U'), ('సి', '|'), ('న', '|'), ('నే', 'U'), ('మి', '|'), ('భ', 'U'), ('క్తి', '|'), ('లే', 'U'), ('ని', '|'), ('పూ', 'U'), ('జ', '|'), ('ఫ', '|'), ('ల', '|'), ('ము', '|'), ('లే', 'U'), ('దు', '|'), ('భ', 'U'), ('క్తి', '|'), ('గ', 'U'), ('ల్గు', '|'), ('పూ', 'U'), ('జ', '|'), ('బ', '|'), ('హు', '|'), ('ళ', '|'), ('కా', 'U'), ('ర', '|'), ('ణ', '|'), ('ము', '|'), ('రా', 'U'), ('వి', 'U'), ('శ్వ', '|'), ('దా', 'U'), ('భి', '|'), ('రా', 'U'), ('మ', '|'), ('వి', '|'), ('న', '|'), ('ర', '|'), ('వే', 'U'), ('మ', '|')]",0.9166666666666666,-1.0,1.0,1.0,0.75,-1.0
kandamu,"_x000D_
శివుగుడిని దీప మిడినను
_x000D_
శివమందిర మెల్ల వెలుగు జేయుట యరుదా
_x000D_
శివయోగి జ్ఞానదీపము
_x000D_
భువనంబుల వెలుఁగఁ జేయు పొలుపుగ వేమా.",jaathi,Vemana,"[('శి', '|'), ('వు', '|'), ('గు', '|'), ('డి', '|'), ('ని', '|'), ('దీ', 'U'), ('ప', '|'), ('మి', '|'), ('డి', '|'), ('న', '|'), ('ను', '|'), ('శి', '|'), ('వ', '|'), ('మం', 'U'), ('ది', '|'), ('ర', '|'), ('మె', 'U'), ('ల్ల', '|'), ('వె', '|'), ('లు', '|'), ('గు', '|'), ('జే', 'U'), ('యు', '|'), ('ట', '|'), ('య', '|'), ('రు', '|'), ('దా', 'U'), ('శి', '|'), ('వ', '|'), ('యో', 'U'), ('గి', 'U'), ('జ్ఞా', 'U'), ('న', '|'), ('దీ', 'U'), ('ప', '|'), ('ము', '|'), ('భు', '|'), ('వ', '|'), ('నం', 'U'), ('బు', '|'), ('ల', '|'), ('వె', '|'), ('లు', '|'), ('గ', '|'), ('జే', 'U'), ('యు', '|'), ('పొ', '|'), ('లు', '|'), ('పు', '|'), ('గ', '|'), ('వే', 'U'), ('మా', 'U')]",0.984375,-1.0,1.0,0.9375,1.0,1.0
aataveladi,"_x000D_
ఆపగాళివెంట నడవులవెంటను
_x000D_
కొండరాళ్ళవెంట గొడవయేల
_x000D_
నుల్లమందె శివుఁడటుండుటఁ దెలియరు
_x000D_
విశ్వదాభిరామ వినర వేమ.",vupajaathi,Vemana,"[('ఆ', 'U'), ('ప', '|'), ('గా', 'U'), ('ళి', '|'), ('వెం', 'U'), ('ట', '|'), ('న', '|'), ('డ', '|'), ('వు', '|'), ('ల', '|'), ('వెం', 'U'), ('ట', '|'), ('ను', '|'), ('కొం', 'U'), ('డ', '|'), ('రా', 'U'), ('ళ్ళ', '|'), ('వెం', 'U'), ('ట', '|'), ('గొ', '|'), ('డ', '|'), ('వ', '|'), ('యే', 'U'), ('ల', '|'), ('ను', 'U'), ('ల్ల', '|'), ('మం', 'U'), ('దె', '|'), ('శి', '|'), ('వు', '|'), ('డ', '|'), ('టుం', 'U'), ('డు', '|'), ('ట', '|'), ('దె', '|'), ('లి', '|'), ('య', '|'), ('రు', '|'), ('వి', 'U'), ('శ్వ', '|'), ('దా', 'U'), ('భి', '|'), ('రా', 'U'), ('మ', '|'), ('వి', '|'), ('న', '|'), ('ర', '|'), ('వే', 'U'), ('మ', '|')]",0.8333333333333334,-1.0,1.0,1.0,0.5,-1.0
kandamu,"_x000D_
లలితశివ తత్వపదమునఁ
_x000D_
గలసిన శివయోగియేల కలియును జనుల\న్‌
_x000D_
జలబిందువు ముత్తియమై
_x000D_
కలియునె తొల్లింటి నీటఁగనరా వేమా.",jaathi,Vemana,"[('ల', '|'), ('లి', '|'), ('త', '|'), ('శి', '|'), ('వ', '|'), ('త', 'U'), ('త్వ', '|'), ('ప', '|'), ('ద', '|'), ('ము', '|'), ('న', '|'), ('గ', '|'), ('ల', '|'), ('సి', '|'), ('న', '|'), ('శి', '|'), ('వ', '|'), ('యో', 'U'), ('గి', '|'), ('యే', 'U'), ('ల', '|'), ('క', '|'), ('లి', '|'), ('యు', '|'), ('ను', '|'), ('జ', '|'), ('ను', '|'), ('లన్', 'U'), ('జ', '|'), ('ల', '|'), ('బిం', 'U'), ('దు', '|'), ('వు', '|'), ('ము', 'U'), ('త్తి', '|'), ('య', '|'), ('మై', 'U'), ('క', '|'), ('లి', '|'), ('యు', '|'), ('నె', '|'), ('తొ', 'U'), ('ల్లిం', 'U'), ('టి', '|'), ('నీ', 'U'), ('ట', '|'), ('గ', '|'), ('న', '|'), ('రా', 'U'), ('వే', 'U'), ('మా', 'U')]",1.0,-1.0,1.0,1.0,1.0,1.0
aataveladi,"_x000D_
గాడ్దె యేమెఱుంగు గంధంబు వాసన
_x000D_
కుక్క యేమెఱుంగు గొప్పబుద్ధి
_x000D_
అల్పుఁడే మెఱుంగు హరునిఁ గొల్చు విరక్తి
_x000D_
విశ్వదాభిరామ వినర వేమ.",vupajaathi,Vemana,"[('గా', 'U'), ('డ్దె', '|'), ('యే', 'U'), ('మె', '|'), ('ఱుం', 'U'), ('గు', '|'), ('గం', 'U'), ('ధం', 'U'), ('బు', '|'), ('వా', 'U'), ('స', '|'), ('న', '|'), ('కు', 'U'), ('క్క', '|'), ('యే', 'U'), ('మె', '|'), ('ఱుం', 'U'), ('గు', '|'), ('గొ', 'U'), ('ప్ప', '|'), ('బు', 'U'), ('ద్ధి', '|'), ('అ', 'U'), ('ల్పు', '|'), ('డే', 'U'), ('మె', '|'), ('ఱుం', 'U'), ('గు', '|'), ('హ', '|'), ('రు', '|'), ('ని', '|'), ('గొ', 'U'), ('ల్చు', '|'), ('వి', '|'), ('ర', 'U'), ('క్తి', '|'), ('వి', 'U'), ('శ్వ', '|'), ('దా', 'U'), ('భి', '|'), ('రా', 'U'), ('మ', '|'), ('వి', '|'), ('న', '|'), ('ర', '|'), ('వే', 'U'), ('మ', '|')]",1.0,-1.0,1.0,1.0,1.0,-1.0
aataveladi,"_x000D_
మూఁడువేళలందు ముదముతో శివు నాత్మఁ
_x000D_
బూజచేయువాఁడు పుణ్యమూర్తి
_x000D_
పూజలేక మోక్షభోగంబు దొరకునా
_x000D_
విశ్వదాభిరామ వినర వేమ.",vupajaathi,Vemana,"[('మూ', 'U'), ('డు', '|'), ('వే', 'U'), ('ళ', '|'), ('లం', 'U'), ('దు', '|'), ('ము', '|'), ('ద', '|'), ('ము', '|'), ('తో', 'U'), ('శి', '|'), ('వు', '|'), ('నా', 'U'), ('త్మ', '|'), ('బూ', 'U'), ('జ', '|'), ('చే', 'U'), ('యు', '|'), ('వా', 'U'), ('డు', '|'), ('పు', 'U'), ('ణ్య', '|'), ('మూ', 'U'), ('ర్తి', '|'), ('పూ', 'U'), ('జ', '|'), ('లే', 'U'), ('క', '|'), ('మో', 'U'), ('క్ష', '|'), ('భో', 'U'), ('గం', 'U'), ('బు', '|'), ('దొ', '|'), ('ర', '|'), ('కు', '|'), ('నా', 'U'), ('వి', 'U'), ('శ్వ', '|'), ('దా', 'U'), ('భి', '|'), ('రా', 'U'), ('మ', '|'), ('వి', '|'), ('న', '|'), ('ర', '|'), ('వే', 'U'), ('మ', '|')]",1.0,-1.0,1.0,1.0,1.0,-1.0
aataveladi,"_x000D_
రుద్రరూపుఁ దాల్చి రుద్రుని నిందించి
_x000D_
భ్రష్టుత్రోవఁ దిరుగు భ్రష్టజనులు
_x000D_
ఱంకులకునుదిరుగు రమణులవలె నుండు
_x000D_
విశ్వదాభిరామ వినర వేమ.",vupajaathi,Vemana,"[('రు', '|'), ('ద్ర', '|'), ('రూ', 'U'), ('పు', '|'), ('దా', 'U'), ('ల్చి', '|'), ('రు', '|'), ('ద్రు', '|'), ('ని', '|'), ('నిం', 'U'), ('దిం', 'U'), ('చి', '|'), ('భ్ర', 'U'), ('ష్టు', '|'), ('త్రో', 'U'), ('వ', '|'), ('ది', '|'), ('రు', '|'), ('గు', '|'), ('భ్ర', 'U'), ('ష్ట', '|'), ('జ', '|'), ('ను', '|'), ('లు', '|'), ('ఱం', 'U'), ('కు', '|'), ('ల', '|'), ('కు', '|'), ('ను', '|'), ('ది', '|'), ('రు', '|'), ('గు', '|'), ('ర', '|'), ('మ', '|'), ('ణు', '|'), ('ల', '|'), ('వ', '|'), ('లె', '|'), ('నుం', 'U'), ('డు', '|'), ('వి', 'U'), ('శ్వ', '|'), ('దా', 'U'), ('భి', '|'), ('రా', 'U'), ('మ', '|'), ('వి', '|'), ('న', '|'), ('ర', '|'), ('వే', 'U'), ('మ', '|')]",0.5333333333333333,-1.0,1.0,0.6,0.0,-1.0
aataveladi,"_x000D_
ఒడలు బడలఁజేసి యోగుల మనువారు
_x000D_
మనసు కల్మషంబు మాన్పలేరు
_x000D_
పుట్టమీదఁ గొట్ట భుజగంబు చచ్చునా
_x000D_
విశ్వదాభిరామ వినర వేమ.",vupajaathi,Vemana,"[('ఒ', '|'), ('డ', '|'), ('లు', '|'), ('బ', '|'), ('డ', '|'), ('ల', '|'), ('జే', 'U'), ('సి', '|'), ('యో', 'U'), ('గు', '|'), ('ల', '|'), ('మ', '|'), ('ను', '|'), ('వా', 'U'), ('రు', '|'), ('మ', '|'), ('న', '|'), ('సు', '|'), ('క', 'U'), ('ల్మ', '|'), ('షం', 'U'), ('బు', '|'), ('మా', 'U'), ('న్ప', '|'), ('లే', 'U'), ('రు', '|'), ('పు', 'U'), ('ట్ట', '|'), ('మీ', 'U'), ('ద', '|'), ('గొ', 'U'), ('ట్ట', '|'), ('భు', '|'), ('జ', '|'), ('గం', 'U'), ('బు', '|'), ('చ', 'U'), ('చ్చు', '|'), ('నా', 'U'), ('వి', 'U'), ('శ్వ', '|'), ('దా', 'U'), ('భి', '|'), ('రా', 'U'), ('మ', '|'), ('వి', '|'), ('న', '|'), ('ర', '|'), ('వే', 'U'), ('మ', '|')]",0.9166666666666666,-1.0,1.0,1.0,0.75,-1.0
aataveladi,"_x000D_
మాలవానిఁ జూచి యేల నిందింపఁగ
_x000D_
పాటిలేనిమాట పలుకు టొకటె
_x000D_
వానిలోనఁ బల్కు వానికులం బేది
_x000D_
విశ్వదాభిరామ వినర వేమ.",vupajaathi,Vemana,"[('మా', 'U'), ('ల', '|'), ('వా', 'U'), ('ని', '|'), ('జూ', 'U'), ('చి', '|'), ('యే', 'U'), ('ల', '|'), ('నిం', 'U'), ('దిం', 'U'), ('ప', '|'), ('గ', '|'), ('పా', 'U'), ('టి', '|'), ('లే', 'U'), ('ని', '|'), ('మా', 'U'), ('ట', '|'), ('ప', '|'), ('లు', '|'), ('కు', '|'), ('టొ', '|'), ('క', '|'), ('టె', '|'), ('వా', 'U'), ('ని', '|'), ('లో', 'U'), ('న', '|'), ('బ', 'U'), ('ల్కు', '|'), ('వా', 'U'), ('ని', '|'), ('కు', '|'), ('లం', 'U'), ('బే', 'U'), ('ది', '|'), ('వి', 'U'), ('శ్వ', '|'), ('దా', 'U'), ('భి', '|'), ('రా', 'U'), ('మ', '|'), ('వి', '|'), ('న', '|'), ('ర', '|'), ('వే', 'U'), ('మ', '|')]",1.0,-1.0,1.0,1.0,1.0,-1.0
aataveladi,"_x000D_
కుక్క యేకతంబు కొక్కెరధ్యానంబు
_x000D_
గాడ్దెరాగ మెన్నఁ గప్పుముసుఁగు
_x000D_
ఆత్మ యెఱుఁగుభావ మదియేల చేయరో
_x000D_
విశ్వదాభిరామ వినర వేమ.",vupajaathi,Vemana,"[('కు', 'U'), ('క్క', '|'), ('యే', 'U'), ('క', '|'), ('తం', 'U'), ('బు', '|'), ('కొ', 'U'), ('క్కె', '|'), ('ర', 'U'), ('ధ్యా', 'U'), ('నం', 'U'), ('బు', '|'), ('గా', 'U'), ('డ్దె', '|'), ('రా', 'U'), ('గ', '|'), ('మె', 'U'), ('న్న', '|'), ('గ', 'U'), ('ప్పు', '|'), ('ము', '|'), ('సు', '|'), ('గు', '|'), ('ఆ', 'U'), ('త్మ', '|'), ('యె', '|'), ('ఱు', '|'), ('గు', '|'), ('భా', 'U'), ('వ', '|'), ('మ', '|'), ('ది', '|'), ('యే', 'U'), ('ల', '|'), ('చే', 'U'), ('య', '|'), ('రో', 'U'), ('వి', 'U'), ('శ్వ', '|'), ('దా', 'U'), ('భి', '|'), ('రా', 'U'), ('మ', '|'), ('వి', '|'), ('న', '|'), ('ర', '|'), ('వే', 'U'), ('మ', '|')]",0.9166666666666666,-1.0,1.0,1.0,0.75,-1.0
aataveladi,"_x000D_
సకల శాస్త్రములను జదివియు వ్రాసియు
_x000D_
తెలియఁగలరు చావు దెలియ లేరు
_x000D_
చావు తెలియలేని చదువులవేలరా
_x000D_
విశ్వదాభిరామ వినర వేమ.",vupajaathi,Vemana,"[('స', '|'), ('క', '|'), ('ల', '|'), ('శా', 'U'), ('స్త్ర', '|'), ('ము', '|'), ('ల', '|'), ('ను', '|'), ('జ', '|'), ('ది', '|'), ('వి', '|'), ('యు', '|'), ('వ్రా', 'U'), ('సి', '|'), ('యు', '|'), ('తె', '|'), ('లి', '|'), ('య', '|'), ('గ', '|'), ('ల', '|'), ('రు', '|'), ('చా', 'U'), ('వు', '|'), ('దె', '|'), ('లి', '|'), ('య', '|'), ('లే', 'U'), ('రు', '|'), ('చా', 'U'), ('వు', '|'), ('తె', '|'), ('లి', '|'), ('య', '|'), ('లే', 'U'), ('ని', '|'), ('చ', '|'), ('దు', '|'), ('వు', '|'), ('ల', '|'), ('వే', 'U'), ('ల', '|'), ('రా', 'U'), ('వి', 'U'), ('శ్వ', '|'), ('దా', 'U'), ('భి', '|'), ('రా', 'U'), ('మ', '|'), ('వి', '|'), ('న', '|'), ('ర', '|'), ('వే', 'U'), ('మ', '|')]",1.0,-1.0,1.0,1.0,1.0,-1.0
aataveladi,"_x000D_
కొండరాళ్లు దెచ్చి కోరికఁ గట్టిన
_x000D_
గుళ్ళలోనఁదిరిగి కుళ్ళ నేల
_x000D_
పాయని శివుఁడు ప్రాణమై యుండంగ
_x000D_
విశ్వదాభిరామ వినర వేమ.",vupajaathi,Vemana,"[('కొం', 'U'), ('డ', '|'), ('రా', 'U'), ('ళ్లు', '|'), ('దె', 'U'), ('చ్చి', '|'), ('కో', 'U'), ('రి', '|'), ('క', '|'), ('గ', 'U'), ('ట్టి', '|'), ('న', '|'), ('గు', 'U'), ('ళ్ళ', '|'), ('లో', 'U'), ('న', '|'), ('ది', '|'), ('రి', '|'), ('గి', '|'), ('కు', 'U'), ('ళ్ళ', '|'), ('నే', 'U'), ('ల', '|'), ('పా', 'U'), ('య', '|'), ('ని', '|'), ('శి', '|'), ('వు', '|'), ('డు', '|'), ('ప్రా', 'U'), ('ణ', '|'), ('మై', 'U'), ('యుం', 'U'), ('డం', 'U'), ('గ', '|'), ('వి', 'U'), ('శ్వ', '|'), ('దా', 'U'), ('భి', '|'), ('రా', 'U'), ('మ', '|'), ('వి', '|'), ('న', '|'), ('ర', '|'), ('వే', 'U'), ('మ', '|')]",0.8333333333333334,-1.0,1.0,0.75,0.75,-1.0
aataveladi,"_x000D_
కులమువలనఁ గొంత బలిమివలనఁ గొంత
_x000D_
కలిమివలనఁ గొంత గర్వమునకు
_x000D_
ఱంకు చదువు చదివి ఱంకునఁ బడుదురు
_x000D_
విశ్వదాభిరామ వినర వేమ.",vupajaathi,Vemana,"[('కు', '|'), ('ల', '|'), ('ము', '|'), ('వ', '|'), ('ల', '|'), ('న', '|'), ('గొం', 'U'), ('త', '|'), ('బ', '|'), ('లి', '|'), ('మి', '|'), ('వ', '|'), ('ల', '|'), ('న', '|'), ('గొం', 'U'), ('త', '|'), ('క', '|'), ('లి', '|'), ('మి', '|'), ('వ', '|'), ('ల', '|'), ('న', '|'), ('గొం', 'U'), ('త', '|'), ('గ', 'U'), ('ర్వ', '|'), ('ము', '|'), ('న', '|'), ('కు', '|'), ('ఱం', 'U'), ('కు', '|'), ('చ', '|'), ('దు', '|'), ('వు', '|'), ('చ', '|'), ('ది', '|'), ('వి', '|'), ('ఱం', 'U'), ('కు', '|'), ('న', '|'), ('బ', '|'), ('డు', '|'), ('దు', '|'), ('రు', '|'), ('వి', 'U'), ('శ్వ', '|'), ('దా', 'U'), ('భి', '|'), ('రా', 'U'), ('మ', '|'), ('వి', '|'), ('న', '|'), ('ర', '|'), ('వే', 'U'), ('మ', '|')]",1.0,-1.0,1.0,1.0,1.0,-1.0
aataveladi,"_x000D_
విశ్వము నడుపంగ విశ్వేశ్వరుం డుండ
_x000D_
బ్రహ్మలకునునేల పాటిదక్కె
_x000D_
వనములోని క్రోతి వసుమతి నడుపునా
_x000D_
విశ్వదాభిరామ వినర వేమ.",vupajaathi,Vemana,"[('వి', 'U'), ('శ్వ', '|'), ('ము', '|'), ('న', '|'), ('డు', '|'), ('పం', 'U'), ('గ', '|'), ('వి', 'U'), ('శ్వే', 'U'), ('శ్వ', '|'), ('రుం', 'U'), ('డుం', 'U'), ('డ', '|'), ('బ్ర', 'U'), ('హ్మ', '|'), ('ల', '|'), ('కు', '|'), ('ను', '|'), ('నే', 'U'), ('ల', '|'), ('పా', 'U'), ('టి', '|'), ('ద', 'U'), ('క్కె', '|'), ('వ', '|'), ('న', '|'), ('ము', '|'), ('లో', 'U'), ('ని', '|'), ('క్రో', 'U'), ('తి', '|'), ('వ', '|'), ('సు', '|'), ('మ', '|'), ('తి', '|'), ('న', '|'), ('డు', '|'), ('పు', '|'), ('నా', 'U'), ('వి', 'U'), ('శ్వ', '|'), ('దా', 'U'), ('భి', '|'), ('రా', 'U'), ('మ', '|'), ('వి', '|'), ('న', '|'), ('ర', '|'), ('వే', 'U'), ('మ', '|')]",1.0,-1.0,1.0,1.0,1.0,-1.0
aataveladi,"_x000D_
చదువువానికన్న చాకలి తా మేలు
_x000D_
కులము వేల్పుకన్న కుక్క మేలు
_x000D_
సర్వసురలకన్న సకలేశ్వరుఁడు మేలు
_x000D_
విశ్వదాభిరామ వినర వేమ.",vupajaathi,Vemana,"[('చ', '|'), ('దు', '|'), ('వు', '|'), ('వా', 'U'), ('ని', '|'), ('క', 'U'), ('న్న', '|'), ('చా', 'U'), ('క', '|'), ('లి', '|'), ('తా', 'U'), ('మే', 'U'), ('లు', '|'), ('కు', '|'), ('ల', '|'), ('ము', '|'), ('వే', 'U'), ('ల్పు', '|'), ('క', 'U'), ('న్న', '|'), ('కు', 'U'), ('క్క', '|'), ('మే', 'U'), ('లు', '|'), ('స', 'U'), ('ర్వ', '|'), ('సు', '|'), ('ర', '|'), ('ల', '|'), ('క', 'U'), ('న్న', '|'), ('స', '|'), ('క', '|'), ('లే', 'U'), ('శ్వ', '|'), ('రు', '|'), ('డు', '|'), ('మే', 'U'), ('లు', '|'), ('వి', 'U'), ('శ్వ', '|'), ('దా', 'U'), ('భి', '|'), ('రా', 'U'), ('మ', '|'), ('వి', '|'), ('న', '|'), ('ర', '|'), ('వే', 'U'), ('మ', '|')]",1.0,-1.0,1.0,1.0,1.0,-1.0
aataveladi,"_x000D_
బూదిపూఁత లెన్న భుజముల పొంకాలు
_x000D_
వ్రాలు లింగములును వరుసమతము
_x000D_
తిక్కడగునుగాక యెక్కఁడ దగ దట్లు
_x000D_
విశ్వదాభిరామ వినర వేమ.",vupajaathi,Vemana,"[('బూ', 'U'), ('ది', '|'), ('పూ', 'U'), ('త', '|'), ('లె', 'U'), ('న్న', '|'), ('భు', '|'), ('జ', '|'), ('ము', '|'), ('ల', '|'), ('పొం', 'U'), ('కా', 'U'), ('లు', '|'), ('వ్రా', 'U'), ('లు', '|'), ('లిం', 'U'), ('గ', '|'), ('ము', '|'), ('లు', '|'), ('ను', '|'), ('వ', '|'), ('రు', '|'), ('స', '|'), ('మ', '|'), ('త', '|'), ('ము', '|'), ('తి', 'U'), ('క్క', '|'), ('డ', '|'), ('గు', '|'), ('ను', '|'), ('గా', 'U'), ('క', '|'), ('యె', 'U'), ('క్క', '|'), ('డ', '|'), ('ద', '|'), ('గ', '|'), ('ద', 'U'), ('ట్లు', '|'), ('వి', 'U'), ('శ్వ', '|'), ('దా', 'U'), ('భి', '|'), ('రా', 'U'), ('మ', '|'), ('వి', '|'), ('న', '|'), ('ర', '|'), ('వే', 'U'), ('మ', '|')]",1.0,-1.0,1.0,1.0,1.0,-1.0
kandamu,"_x000D_
అడుగ దగువారి నడుగమి
_x000D_
నిడినయెడ\న్‌ కొసరు చుంట యీలేననఁగా
_x000D_
గడుసుపడి యాసచేఁదా
_x000D_
నడుగుట దుర్మార్గవృత్తు లగురా వేమా.",jaathi,Vemana,"[('అ', '|'), ('డు', '|'), ('గ', '|'), ('ద', '|'), ('గు', '|'), ('వా', 'U'), ('రి', '|'), ('న', '|'), ('డు', '|'), ('గ', '|'), ('మి', '|'), ('ని', '|'), ('డి', '|'), ('న', '|'), ('యె', '|'), ('డ', 'U'), ('న్కొ', '|'), ('స', '|'), ('రు', '|'), ('చుం', 'U'), ('ట', '|'), ('యీ', 'U'), ('లే', 'U'), ('న', '|'), ('న', '|'), ('గా', 'U'), ('గ', '|'), ('డు', '|'), ('సు', '|'), ('ప', '|'), ('డి', '|'), ('యా', 'U'), ('స', '|'), ('చే', 'U'), ('దా', 'U'), ('న', '|'), ('డు', '|'), ('గు', '|'), ('ట', '|'), ('దు', 'U'), ('ర్మా', 'U'), ('ర్గ', '|'), ('వృ', 'U'), ('త్తు', '|'), ('ల', '|'), ('గు', '|'), ('రా', 'U'), ('వే', 'U'), ('మా', 'U')]",0.75,-1.0,1.0,1.0,0.0,1.0
aataveladi,"_x000D_
అద నెఱిఁగిన మగువ యనువెర్గు చనువెర్గు
_x000D_
ముదముతోడ మగని మోహ మెఱుఁగు
_x000D_
విభుని శ్రేష్ఠగుణము వేశ్యతా నెఱుఁగునా
_x000D_
విశ్వదాభిరామ వినర వేమ.",vupajaathi,Vemana,"[('అ', '|'), ('ద', '|'), ('నె', '|'), ('ఱి', '|'), ('గి', '|'), ('న', '|'), ('మ', '|'), ('గు', '|'), ('వ', '|'), ('య', '|'), ('ను', '|'), ('వె', 'U'), ('ర్గు', '|'), ('చ', '|'), ('ను', '|'), ('వె', 'U'), ('ర్గు', '|'), ('ము', '|'), ('ద', '|'), ('ము', '|'), ('తో', 'U'), ('డ', '|'), ('మ', '|'), ('గ', '|'), ('ని', '|'), ('మో', 'U'), ('హ', '|'), ('మె', '|'), ('ఱు', '|'), ('గు', '|'), ('వి', '|'), ('భు', '|'), ('ని', '|'), ('శ్రే', 'U'), ('ష్ఠ', '|'), ('గు', '|'), ('ణ', '|'), ('ము', '|'), ('వే', 'U'), ('శ్య', '|'), ('తా', 'U'), ('నె', '|'), ('ఱు', '|'), ('గు', '|'), ('నా', 'U'), ('వి', 'U'), ('శ్వ', '|'), ('దా', 'U'), ('భి', '|'), ('రా', 'U'), ('మ', '|'), ('వి', '|'), ('న', '|'), ('ర', '|'), ('వే', 'U'), ('మ', '|')]",1.0,-1.0,1.0,1.0,1.0,-1.0
aataveladi,"_x000D_
ఆఁకటికి దొలంగు నాచార విధు లెల్ల
_x000D_
చీఁకటికి దొలంగు చిత్తశుద్ధి
_x000D_
వేఁకటికిఁ దొలఁగు వెనుకటి బిగువెల్ల
_x000D_
విశ్వదాభిరామ వినర వేమ.",vupajaathi,Vemana,"[('ఆ', 'U'), ('క', '|'), ('టి', '|'), ('కి', '|'), ('దొ', '|'), ('లం', 'U'), ('గు', '|'), ('నా', 'U'), ('చా', 'U'), ('ర', '|'), ('వి', '|'), ('ధు', '|'), ('లె', 'U'), ('ల్ల', '|'), ('చీ', 'U'), ('క', '|'), ('టి', '|'), ('కి', '|'), ('దొ', '|'), ('లం', 'U'), ('గు', '|'), ('చి', 'U'), ('త్త', '|'), ('శు', 'U'), ('ద్ధి', '|'), ('వే', 'U'), ('క', '|'), ('టి', '|'), ('కి', '|'), ('దొ', '|'), ('ల', '|'), ('గు', '|'), ('వె', '|'), ('ను', '|'), ('క', '|'), ('టి', '|'), ('బి', '|'), ('గు', '|'), ('వె', 'U'), ('ల్ల', '|'), ('వి', 'U'), ('శ్వ', '|'), ('దా', 'U'), ('భి', '|'), ('రా', 'U'), ('మ', '|'), ('వి', '|'), ('న', '|'), ('ర', '|'), ('వే', 'U'), ('మ', '|')]",0.7000000000000001,-1.0,1.0,0.85,0.25,-1.0
kandamu,"_x000D_
త్రాసును పడియును లంజయు
_x000D_
భాసురగతి నొక్కరూపు పరికింపంగా
_x000D_
వీసంబధికంబిచ్చిన
_x000D_
వాసరమున నొక్కవంక వారలు వేమా.",jaathi,Vemana,"[('త్రా', 'U'), ('సు', '|'), ('ను', '|'), ('ప', '|'), ('డి', '|'), ('యు', '|'), ('ను', '|'), ('లం', 'U'), ('జ', '|'), ('యు', '|'), ('భా', 'U'), ('సు', '|'), ('ర', '|'), ('గ', '|'), ('తి', '|'), ('నొ', 'U'), ('క్క', '|'), ('రూ', 'U'), ('పు', '|'), ('ప', '|'), ('రి', '|'), ('కిం', 'U'), ('పం', 'U'), ('గా', 'U'), ('వీ', 'U'), ('సం', 'U'), ('బ', '|'), ('ధి', '|'), ('కం', 'U'), ('బి', 'U'), ('చ్చి', '|'), ('న', '|'), ('వా', 'U'), ('స', '|'), ('ర', '|'), ('ము', '|'), ('న', '|'), ('నొ', 'U'), ('క్క', '|'), ('వం', 'U'), ('క', '|'), ('వా', 'U'), ('ర', '|'), ('లు', '|'), ('వే', 'U'), ('మా', 'U')]",1.0,-1.0,1.0,1.0,1.0,1.0
kandamu,"_x000D_
నిరుపేదల రక్షించెడు
_x000D_
సరసుఁడు నెఱవాతగాక సంపన్నులఁ దా
_x000D_
భరియించువాఁడు దాతయె
_x000D_
మెరమెచ్చులదాత యతఁడు మేదిని వేమా.",jaathi,Vemana,"[('ని', '|'), ('రు', '|'), ('పే', 'U'), ('ద', '|'), ('ల', '|'), ('ర', 'U'), ('క్షిం', 'U'), ('చె', '|'), ('డు', '|'), ('స', '|'), ('ర', '|'), ('సు', '|'), ('డు', '|'), ('నె', '|'), ('ఱ', '|'), ('వా', 'U'), ('త', '|'), ('గా', 'U'), ('క', '|'), ('సం', 'U'), ('ప', 'U'), ('న్ను', '|'), ('ల', '|'), ('దా', 'U'), ('భ', '|'), ('రి', '|'), ('యిం', 'U'), ('చు', '|'), ('వా', 'U'), ('డు', '|'), ('దా', 'U'), ('త', '|'), ('యె', '|'), ('మె', '|'), ('ర', '|'), ('మె', 'U'), ('చ్చు', '|'), ('ల', '|'), ('దా', 'U'), ('త', '|'), ('య', '|'), ('త', '|'), ('డు', '|'), ('మే', 'U'), ('ది', '|'), ('ని', '|'), ('వే', 'U'), ('మా', 'U')]",1.0,-1.0,1.0,1.0,1.0,1.0
aataveladi,"_x000D_
తన్నుఁజూచి యొరులు దగ మెచ్చవలెనని
_x000D_
సొమ్ము లెలమిఁ బెట్టు నెమ్మిమీఱ
_x000D_
నొరులకొఱకుఁ దాన యుబ్బుచు నుండును
_x000D_
తన్ను దెలియ లేఁడు ధరణి వేమ.",vupajaathi,Vemana,"[('త', 'U'), ('న్ను', '|'), ('జూ', 'U'), ('చి', '|'), ('యొ', '|'), ('రు', '|'), ('లు', '|'), ('ద', '|'), ('గ', '|'), ('మె', 'U'), ('చ్చ', '|'), ('వ', '|'), ('లె', '|'), ('న', '|'), ('ని', '|'), ('సొ', 'U'), ('మ్ము', '|'), ('లె', '|'), ('ల', '|'), ('మి', '|'), ('బె', 'U'), ('ట్టు', '|'), ('నె', 'U'), ('మ్మి', '|'), ('మీ', 'U'), ('ఱ', '|'), ('నొ', '|'), ('రు', '|'), ('ల', '|'), ('కొ', '|'), ('ఱ', '|'), ('కు', '|'), ('దా', 'U'), ('న', '|'), ('యు', 'U'), ('బ్బు', '|'), ('చు', '|'), ('నుం', 'U'), ('డు', '|'), ('ను', '|'), ('త', 'U'), ('న్ను', '|'), ('దె', '|'), ('లి', '|'), ('య', '|'), ('లే', 'U'), ('డు', '|'), ('ధ', '|'), ('ర', '|'), ('ణి', '|'), ('వే', 'U'), ('మ', '|')]",0.9166666666666666,-1.0,1.0,1.0,0.75,-1.0
aataveladi,"_x000D_
ధనము లేకయున్న ధైర్యంబు నిలువదు
_x000D_
ధైర్య మొదవలేని ధనము లేదు
_x000D_
ధనము ధైర్య మరయ ధర భూమిపతులకు
_x000D_
విశ్వదాభిరామ వినర వేమ.",vupajaathi,Vemana,"[('ధ', '|'), ('న', '|'), ('ము', '|'), ('లే', 'U'), ('క', '|'), ('యు', 'U'), ('న్న', '|'), ('ధై', 'U'), ('ర్యం', 'U'), ('బు', '|'), ('ని', '|'), ('లు', '|'), ('వ', '|'), ('దు', '|'), ('ధై', 'U'), ('ర్య', '|'), ('మొ', '|'), ('ద', '|'), ('వ', '|'), ('లే', 'U'), ('ని', '|'), ('ధ', '|'), ('న', '|'), ('ము', '|'), ('లే', 'U'), ('దు', '|'), ('ధ', '|'), ('న', '|'), ('ము', '|'), ('ధై', 'U'), ('ర్య', '|'), ('మ', '|'), ('ర', '|'), ('య', '|'), ('ధ', '|'), ('ర', '|'), ('భూ', 'U'), ('మి', '|'), ('ప', '|'), ('తు', '|'), ('ల', '|'), ('కు', '|'), ('వి', 'U'), ('శ్వ', '|'), ('దా', 'U'), ('భి', '|'), ('రా', 'U'), ('మ', '|'), ('వి', '|'), ('న', '|'), ('ర', '|'), ('వే', 'U'), ('మ', '|')]",1.0,-1.0,1.0,1.0,1.0,-1.0
aataveladi,"_x000D_
ఇచ్చిపుచ్చుకొన్న హితమయిన మనువులు
_x000D_
తగ్గులేక యల్లు తామరవలె
_x000D_
కాచిపూచి పండి కడురమ్యమై యుండు
_x000D_
విశ్వదాభిరామ వినర వేమ.",vupajaathi,Vemana,"[('ఇ', 'U'), ('చ్చి', '|'), ('పు', 'U'), ('చ్చు', '|'), ('కొ', 'U'), ('న్న', '|'), ('హి', '|'), ('త', '|'), ('మ', '|'), ('యి', '|'), ('న', '|'), ('మ', '|'), ('ను', '|'), ('వు', '|'), ('లు', '|'), ('త', 'U'), ('గ్గు', '|'), ('లే', 'U'), ('క', '|'), ('య', 'U'), ('ల్లు', '|'), ('తా', 'U'), ('మ', '|'), ('ర', '|'), ('వ', '|'), ('లె', '|'), ('కా', 'U'), ('చి', '|'), ('పూ', 'U'), ('చి', '|'), ('పం', 'U'), ('డి', '|'), ('క', '|'), ('డు', '|'), ('ర', 'U'), ('మ్య', '|'), ('మై', 'U'), ('యుం', 'U'), ('డు', '|'), ('వి', 'U'), ('శ్వ', '|'), ('దా', 'U'), ('భి', '|'), ('రా', 'U'), ('మ', '|'), ('వి', '|'), ('న', '|'), ('ర', '|'), ('వే', 'U'), ('మ', '|')]",0.8166666666666668,-1.0,1.0,0.95,0.5,-1.0
aataveladi,"_x000D_
సతికి పతికినైన సంపద సంపదే
_x000D_
పుత్రసంపదలును భువిని మేలు
_x000D_
సరిగముదిసి బ్రతుకు సంపదే సంపద
_x000D_
విశ్వదాభిరామ వినర వేమ.",vupajaathi,Vemana,"[('స', '|'), ('తి', '|'), ('కి', '|'), ('ప', '|'), ('తి', '|'), ('కి', '|'), ('నై', 'U'), ('న', '|'), ('సం', 'U'), ('ప', '|'), ('ద', '|'), ('సం', 'U'), ('ప', '|'), ('దే', 'U'), ('పు', '|'), ('త్ర', '|'), ('సం', 'U'), ('ప', '|'), ('ద', '|'), ('లు', '|'), ('ను', '|'), ('భు', '|'), ('వి', '|'), ('ని', '|'), ('మే', 'U'), ('లు', '|'), ('స', '|'), ('రి', '|'), ('గ', '|'), ('ము', '|'), ('ది', '|'), ('సి', '|'), ('బ్ర', '|'), ('తు', '|'), ('కు', '|'), ('సం', 'U'), ('ప', '|'), ('దే', 'U'), ('సం', 'U'), ('ప', '|'), ('ద', '|'), ('వి', 'U'), ('శ్వ', '|'), ('దా', 'U'), ('భి', '|'), ('రా', 'U'), ('మ', '|'), ('వి', '|'), ('న', '|'), ('ర', '|'), ('వే', 'U'), ('మ', '|')]",0.65,-1.0,1.0,0.7,0.25,-1.0
aataveladi,"_x000D_
కడఁక నింద్రియములు గట్టి వేయగ లేక
_x000D_
చావు వచ్చునపుడు సన్యసించు
_x000D_
నాత్మ జితములేక యందునా మోక్షము
_x000D_
విశ్వదాభిరామ వినర వేమ.",vupajaathi,Vemana,"[('క', '|'), ('డ', '|'), ('క', '|'), ('నిం', 'U'), ('ద్రి', '|'), ('య', '|'), ('ము', '|'), ('లు', '|'), ('గ', 'U'), ('ట్టి', '|'), ('వే', 'U'), ('య', '|'), ('గ', '|'), ('లే', 'U'), ('క', '|'), ('చా', 'U'), ('వు', '|'), ('వ', 'U'), ('చ్చు', '|'), ('న', '|'), ('పు', '|'), ('డు', '|'), ('స', 'U'), ('న్య', '|'), ('సిం', 'U'), ('చు', '|'), ('నా', 'U'), ('త్మ', '|'), ('జి', '|'), ('త', '|'), ('ము', '|'), ('లే', 'U'), ('క', '|'), ('యం', 'U'), ('దు', '|'), ('నా', 'U'), ('మో', 'U'), ('క్ష', '|'), ('ము', '|'), ('వి', 'U'), ('శ్వ', '|'), ('దా', 'U'), ('భి', '|'), ('రా', 'U'), ('మ', '|'), ('వి', '|'), ('న', '|'), ('ర', '|'), ('వే', 'U'), ('మ', '|')]",0.9166666666666666,-1.0,1.0,1.0,0.75,-1.0
aataveladi,"_x000D_
అధిక సూక్ష్మమైన యానంద మెఱుఁగక
_x000D_
మతియు లేక చదివి మగ్నుఁ డయ్యె
_x000D_
నతిరహస్య మెల్ల నాజనుఁ డెఱుఁగునా
_x000D_
విశ్వదాభిరామ వినర వేమ.",vupajaathi,Vemana,"[('అ', '|'), ('ధి', '|'), ('క', '|'), ('సూ', 'U'), ('క్ష్మ', '|'), ('మై', 'U'), ('న', '|'), ('యా', 'U'), ('నం', 'U'), ('ద', '|'), ('మె', '|'), ('ఱు', '|'), ('గ', '|'), ('క', '|'), ('మ', '|'), ('తి', '|'), ('యు', '|'), ('లే', 'U'), ('క', '|'), ('చ', '|'), ('ది', '|'), ('వి', '|'), ('మ', 'U'), ('గ్ను', '|'), ('డ', 'U'), ('య్యె', '|'), ('న', '|'), ('తి', '|'), ('ర', '|'), ('హ', 'U'), ('స్య', '|'), ('మె', 'U'), ('ల్ల', '|'), ('నా', 'U'), ('జ', '|'), ('ను', '|'), ('డె', '|'), ('ఱు', '|'), ('గు', '|'), ('నా', 'U'), ('వి', 'U'), ('శ్వ', '|'), ('దా', 'U'), ('భి', '|'), ('రా', 'U'), ('మ', '|'), ('వి', '|'), ('న', '|'), ('ర', '|'), ('వే', 'U'), ('మ', '|')]",1.0,-1.0,1.0,1.0,1.0,-1.0
aataveladi,"_x000D_
కడక నఖిలమునకు నడినాళమం దున్న
_x000D_
వేఁగుచుక్కవంటి వెలుఁగు దిక్కు
_x000D_
వెలుఁగుకన్న దిక్కు వేఱెవ్వ రున్నారు
_x000D_
విశ్వదాభిరామ వినర వేమ.",vupajaathi,Vemana,"[('క', '|'), ('డ', '|'), ('క', '|'), ('న', '|'), ('ఖి', '|'), ('ల', '|'), ('ము', '|'), ('న', '|'), ('కు', '|'), ('న', '|'), ('డి', '|'), ('నా', 'U'), ('ళ', '|'), ('మం', 'U'), ('దు', 'U'), ('న్న', '|'), ('వే', 'U'), ('గు', '|'), ('చు', 'U'), ('క్క', '|'), ('వం', 'U'), ('టి', '|'), ('వె', '|'), ('లు', '|'), ('గు', '|'), ('ది', 'U'), ('క్కు', '|'), ('వె', '|'), ('లు', '|'), ('గు', '|'), ('క', 'U'), ('న్న', '|'), ('ది', 'U'), ('క్కు', '|'), ('వే', 'U'), ('ఱె', 'U'), ('వ్వ', '|'), ('రు', 'U'), ('న్నా', 'U'), ('రు', '|'), ('వి', 'U'), ('శ్వ', '|'), ('దా', 'U'), ('భి', '|'), ('రా', 'U'), ('మ', '|'), ('వి', '|'), ('న', '|'), ('ర', '|'), ('వే', 'U'), ('మ', '|')]",1.0,-1.0,1.0,1.0,1.0,-1.0
aataveladi,"_x000D_
రామనామపఠనమహిమచే వాల్మీకి
_x000D_
పరఁగ బోయ యయ్యు బాపఁడయ్యె
_x000D_
కులము ఘనము గాదు గుణము ఘనంబురా
_x000D_
విశ్వదాభిరామ వినర వేమ.",vupajaathi,Vemana,"[('రా', 'U'), ('మ', '|'), ('నా', 'U'), ('మ', '|'), ('ప', '|'), ('ఠ', '|'), ('న', '|'), ('మ', '|'), ('హి', '|'), ('మ', '|'), ('చే', 'U'), ('వా', 'U'), ('ల్మీ', 'U'), ('కి', '|'), ('ప', '|'), ('ర', '|'), ('గ', '|'), ('బో', 'U'), ('య', '|'), ('య', 'U'), ('య్యు', '|'), ('బా', 'U'), ('ప', '|'), ('డ', 'U'), ('య్యె', '|'), ('కు', '|'), ('ల', '|'), ('ము', '|'), ('ఘ', '|'), ('న', '|'), ('ము', '|'), ('గా', 'U'), ('దు', '|'), ('గు', '|'), ('ణ', '|'), ('ము', '|'), ('ఘ', '|'), ('నం', 'U'), ('బు', '|'), ('రా', 'U'), ('వి', 'U'), ('శ్వ', '|'), ('దా', 'U'), ('భి', '|'), ('రా', 'U'), ('మ', '|'), ('వి', '|'), ('న', '|'), ('ర', '|'), ('వే', 'U'), ('మ', '|')]",0.9166666666666666,-1.0,1.0,1.0,0.75,-1.0
aataveladi,"_x000D_
కలిమి కల్గనేమి కరుణలేకుండెనా
_x000D_
కలిమి యేలనల్ప కర్ములకును
_x000D_
తేనెఁగూర్చి యీఁగ తెరువునఁ బోవదా
_x000D_
విశ్వదాభిరామ వినర వేమ.",vupajaathi,Vemana,"[('క', '|'), ('లి', '|'), ('మి', '|'), ('క', 'U'), ('ల్గ', '|'), ('నే', 'U'), ('మి', '|'), ('క', '|'), ('రు', '|'), ('ణ', '|'), ('లే', 'U'), ('కుం', 'U'), ('డె', '|'), ('నా', 'U'), ('క', '|'), ('లి', '|'), ('మి', '|'), ('యే', 'U'), ('ల', '|'), ('న', 'U'), ('ల్ప', '|'), ('క', 'U'), ('ర్ము', '|'), ('ల', '|'), ('కు', '|'), ('ను', '|'), ('తే', 'U'), ('నె', '|'), ('గూ', 'U'), ('ర్చి', '|'), ('యీ', 'U'), ('గ', '|'), ('తె', '|'), ('రు', '|'), ('వు', '|'), ('న', '|'), ('బో', 'U'), ('వ', '|'), ('దా', 'U'), ('వి', 'U'), ('శ్వ', '|'), ('దా', 'U'), ('భి', '|'), ('రా', 'U'), ('మ', '|'), ('వి', '|'), ('న', '|'), ('ర', '|'), ('వే', 'U'), ('మ', '|')]",1.0,-1.0,1.0,1.0,1.0,-1.0
kandamu,"_x000D_
కన్నుఁగవరీతి సంపద
_x000D_
కొన్నాళ్ళకు వ్రేగుఁజూపి గొబ్బున వ్రాలు\న్‌
_x000D_
వెన్నెల చీఁకటి సరి యగు
_x000D_
నన్నా శివంగమాయ లన్నియు వేమా.",jaathi,Vemana,"[('క', 'U'), ('న్ను', '|'), ('గ', '|'), ('వ', '|'), ('రీ', 'U'), ('తి', '|'), ('సం', 'U'), ('ప', '|'), ('ద', '|'), ('కొ', 'U'), ('న్నా', 'U'), ('ళ్ళ', '|'), ('కు', '|'), ('వ్రే', 'U'), ('గు', '|'), ('జూ', 'U'), ('పి', '|'), ('గొ', 'U'), ('బ్బు', '|'), ('న', '|'), ('వ్రా', 'U'), ('లున్', 'U'), ('వె', 'U'), ('న్నె', '|'), ('ల', '|'), ('చీ', 'U'), ('క', '|'), ('టి', '|'), ('స', '|'), ('రి', '|'), ('య', '|'), ('గు', '|'), ('న', 'U'), ('న్నా', 'U'), ('శి', '|'), ('వం', 'U'), ('గ', '|'), ('మా', 'U'), ('య', '|'), ('ల', 'U'), ('న్ని', '|'), ('యు', '|'), ('వే', 'U'), ('మా', 'U')]",0.828125,-1.0,1.0,0.8125,0.5,1.0
kandamu,"_x000D_
ఆలు పతిసౌఖ్యముల కిల
_x000D_
నాలయ మగునేని దానినా లన వచ్చు\న్‌
_x000D_
ఆలాగునఁ గాకుండిన
_x000D_
కాలునిపెనుదూత యదియ కదరా వేమా.",jaathi,Vemana,"[('ఆ', 'U'), ('లు', '|'), ('ప', '|'), ('తి', '|'), ('సౌ', 'U'), ('ఖ్య', '|'), ('ము', '|'), ('ల', '|'), ('కి', '|'), ('ల', '|'), ('నా', 'U'), ('ల', '|'), ('య', '|'), ('మ', '|'), ('గు', '|'), ('నే', 'U'), ('ని', '|'), ('దా', 'U'), ('ని', '|'), ('నా', 'U'), ('ల', '|'), ('న', '|'), ('వ', 'U'), ('చ్చున్', 'U'), ('ఆ', 'U'), ('లా', 'U'), ('గు', '|'), ('న', '|'), ('గా', 'U'), ('కుం', 'U'), ('డి', '|'), ('న', '|'), ('కా', 'U'), ('లు', '|'), ('ని', '|'), ('పె', '|'), ('ను', '|'), ('దూ', 'U'), ('త', '|'), ('య', '|'), ('ది', '|'), ('య', '|'), ('క', '|'), ('ద', '|'), ('రా', 'U'), ('వే', 'U'), ('మా', 'U')]",1.0,-1.0,1.0,1.0,1.0,1.0
aataveladi,"_x000D_
తుమ్మచెట్ల ముండ్లు తోడనెపుట్టును
_x000D_
విత్తులోననుండి వెడలినట్లు
_x000D_
మూర్ఖునకును బుద్ధి ముందుగాఁ బుట్టును
_x000D_
విశ్వదాభిరామ వినర వేమ.",vupajaathi,Vemana,"[('తు', 'U'), ('మ్మ', '|'), ('చె', 'U'), ('ట్ల', '|'), ('ముం', 'U'), ('డ్లు', '|'), ('తో', 'U'), ('డ', '|'), ('నె', '|'), ('పు', 'U'), ('ట్టు', '|'), ('ను', '|'), ('వి', 'U'), ('త్తు', '|'), ('లో', 'U'), ('న', '|'), ('నుం', 'U'), ('డి', '|'), ('వె', '|'), ('డ', '|'), ('లి', '|'), ('న', 'U'), ('ట్లు', '|'), ('మూ', 'U'), ('ర్ఖు', '|'), ('న', '|'), ('కు', '|'), ('ను', '|'), ('బు', 'U'), ('ద్ధి', '|'), ('ముం', 'U'), ('దు', '|'), ('గా', 'U'), ('బు', 'U'), ('ట్టు', '|'), ('ను', '|'), ('వి', 'U'), ('శ్వ', '|'), ('దా', 'U'), ('భి', '|'), ('రా', 'U'), ('మ', '|'), ('వి', '|'), ('న', '|'), ('ర', '|'), ('వే', 'U'), ('మ', '|')]",1.0,-1.0,1.0,1.0,1.0,-1.0
aataveladi,"_x000D_
కామి కానివాఁడు కవి గాఁడు రవి గాడు
_x000D_
కామిగాక మోక్షకామి గాఁడు
_x000D_
కామియైనవాఁడు కవియగు రవియగు
_x000D_
విశ్వదాభిరామ వినర వేమ.",vupajaathi,Vemana,"[('కా', 'U'), ('మి', '|'), ('కా', 'U'), ('ని', '|'), ('వా', 'U'), ('డు', '|'), ('క', '|'), ('వి', '|'), ('గా', 'U'), ('డు', '|'), ('ర', '|'), ('వి', '|'), ('గా', 'U'), ('డు', '|'), ('కా', 'U'), ('మి', '|'), ('గా', 'U'), ('క', '|'), ('మో', 'U'), ('క్ష', '|'), ('కా', 'U'), ('మి', '|'), ('గా', 'U'), ('డు', '|'), ('కా', 'U'), ('మి', '|'), ('యై', 'U'), ('న', '|'), ('వా', 'U'), ('డు', '|'), ('క', '|'), ('వి', '|'), ('య', '|'), ('గు', '|'), ('ర', '|'), ('వి', '|'), ('య', '|'), ('గు', '|'), ('వి', 'U'), ('శ్వ', '|'), ('దా', 'U'), ('భి', '|'), ('రా', 'U'), ('మ', '|'), ('వి', '|'), ('న', '|'), ('ర', '|'), ('వే', 'U'), ('మ', '|')]",1.0,-1.0,1.0,1.0,1.0,-1.0
aataveladi,"_x000D_
కుక్క గోవు గాదు కుందేలు పులికాదు
_x000D_
దోమ గజము గాదు దొడ్డదైన
_x000D_
లోభి దాత గాఁడు లోకంబు లోపల
_x000D_
విశ్వదాభిరామ వినర వేమ.",vupajaathi,Vemana,"[('కు', 'U'), ('క్క', '|'), ('గో', 'U'), ('వు', '|'), ('గా', 'U'), ('దు', '|'), ('కుం', 'U'), ('దే', 'U'), ('లు', '|'), ('పు', '|'), ('లి', '|'), ('కా', 'U'), ('దు', '|'), ('దో', 'U'), ('మ', '|'), ('గ', '|'), ('జ', '|'), ('ము', '|'), ('గా', 'U'), ('దు', '|'), ('దొ', 'U'), ('డ్డ', '|'), ('దై', 'U'), ('న', '|'), ('లో', 'U'), ('భి', '|'), ('దా', 'U'), ('త', '|'), ('గా', 'U'), ('డు', '|'), ('లో', 'U'), ('కం', 'U'), ('బు', '|'), ('లో', 'U'), ('ప', '|'), ('ల', '|'), ('వి', 'U'), ('శ్వ', '|'), ('దా', 'U'), ('భి', '|'), ('రా', 'U'), ('మ', '|'), ('వి', '|'), ('న', '|'), ('ర', '|'), ('వే', 'U'), ('మ', '|')]",1.0,-1.0,1.0,1.0,1.0,-1.0
aataveladi,"_x000D_
కూడు గుడిచి లెస్స గూర్చున్నవాఁడైన
_x000D_
నాడుదానిఁ గన్న నట్టె తగులు
_x000D_
నన్న సారమొడలి కతిమదం బిడుసుమీ
_x000D_
విశ్వదాభిరామ వినర వేమ.",vupajaathi,Vemana,"[('కూ', 'U'), ('డు', '|'), ('గు', '|'), ('డి', '|'), ('చి', '|'), ('లె', 'U'), ('స్స', '|'), ('గూ', 'U'), ('ర్చు', 'U'), ('న్న', '|'), ('వా', 'U'), ('డై', 'U'), ('న', '|'), ('నా', 'U'), ('డు', '|'), ('దా', 'U'), ('ని', '|'), ('గ', 'U'), ('న్న', '|'), ('న', 'U'), ('ట్టె', '|'), ('త', '|'), ('గు', '|'), ('లు', '|'), ('న', 'U'), ('న్న', '|'), ('సా', 'U'), ('ర', '|'), ('మొ', '|'), ('డ', '|'), ('లి', '|'), ('క', '|'), ('తి', '|'), ('మ', '|'), ('దం', 'U'), ('బి', '|'), ('డు', '|'), ('సు', '|'), ('మీ', 'U'), ('వి', 'U'), ('శ్వ', '|'), ('దా', 'U'), ('భి', '|'), ('రా', 'U'), ('మ', '|'), ('వి', '|'), ('న', '|'), ('ర', '|'), ('వే', 'U'), ('మ', '|')]",0.9166666666666666,-1.0,1.0,1.0,0.75,-1.0
aataveladi,"_x000D_
దేవపూజ సేయ దివ్యభోగము గల్గు
_x000D_
తత్వ మెఱింగెనేని దైవసముఁడె
_x000D_
యేమిలేనినరున కేగతిలేదురా
_x000D_
విశ్వదాభిరామ వినర వేమ.",vupajaathi,Vemana,"[('దే', 'U'), ('వ', '|'), ('పూ', 'U'), ('జ', '|'), ('సే', 'U'), ('య', '|'), ('ది', 'U'), ('వ్య', '|'), ('భో', 'U'), ('గ', '|'), ('ము', '|'), ('గ', 'U'), ('ల్గు', '|'), ('త', 'U'), ('త్వ', '|'), ('మె', '|'), ('ఱిం', 'U'), ('గె', '|'), ('నే', 'U'), ('ని', '|'), ('దై', 'U'), ('వ', '|'), ('స', '|'), ('ము', '|'), ('డె', '|'), ('యే', 'U'), ('మి', '|'), ('లే', 'U'), ('ని', '|'), ('న', '|'), ('రు', '|'), ('న', '|'), ('కే', 'U'), ('గ', '|'), ('తి', '|'), ('లే', 'U'), ('దు', '|'), ('రా', 'U'), ('వి', 'U'), ('శ్వ', '|'), ('దా', 'U'), ('భి', '|'), ('రా', 'U'), ('మ', '|'), ('వి', '|'), ('న', '|'), ('ర', '|'), ('వే', 'U'), ('మ', '|')]",0.9,-1.0,1.0,0.95,0.75,-1.0
kandamu,"_x000D_
వానను దడియనివారును
_x000D_
పూనిక విడ మన్న చేఁత బొరయనివారు\న్‌
_x000D_
నానాదిక్కుల వెదకినఁ
_x000D_
గానమురా నెంతవాని గానము వేమ.",jaathi,Vemana,"[('వా', 'U'), ('న', '|'), ('ను', '|'), ('ద', '|'), ('డి', '|'), ('య', '|'), ('ని', '|'), ('వా', 'U'), ('రు', '|'), ('ను', '|'), ('పూ', 'U'), ('ని', '|'), ('క', '|'), ('వి', '|'), ('డ', '|'), ('మ', 'U'), ('న్న', '|'), ('చే', 'U'), ('త', '|'), ('బొ', '|'), ('ర', '|'), ('య', '|'), ('ని', '|'), ('వా', 'U'), ('రున్', 'U'), ('నా', 'U'), ('నా', 'U'), ('ది', 'U'), ('క్కు', '|'), ('ల', '|'), ('వె', '|'), ('ద', '|'), ('కి', '|'), ('న', '|'), ('గా', 'U'), ('న', '|'), ('ము', '|'), ('రా', 'U'), ('నెం', 'U'), ('త', '|'), ('వా', 'U'), ('ని', '|'), ('గా', 'U'), ('న', '|'), ('ము', '|'), ('వే', 'U'), ('మ', '|')]",0.984375,-1.0,1.0,0.9375,1.0,1.0
aataveladi,"_x000D_
బ్రహ్మవేత్తల మని పౌరుష మాడేరు
_x000D_
బ్రహ్మ మనఁగ దాని భావమేమి
_x000D_
తెలుపొ నలుపొ యెఱుపొ తెలిసినఁ బలుకుఁడీ
_x000D_
విశ్వదాభిరామ వినర వేమ.",vupajaathi,Vemana,"[('బ్ర', 'U'), ('హ్మ', '|'), ('వే', 'U'), ('త్త', '|'), ('ల', '|'), ('మ', '|'), ('ని', '|'), ('పౌ', 'U'), ('రు', '|'), ('ష', '|'), ('మా', 'U'), ('డే', 'U'), ('రు', '|'), ('బ్ర', 'U'), ('హ్మ', '|'), ('మ', '|'), ('న', '|'), ('గ', '|'), ('దా', 'U'), ('ని', '|'), ('భా', 'U'), ('వ', '|'), ('మే', 'U'), ('మి', '|'), ('తె', '|'), ('లు', '|'), ('పొ', '|'), ('న', '|'), ('లు', '|'), ('పొ', '|'), ('యె', '|'), ('ఱు', '|'), ('పొ', '|'), ('తె', '|'), ('లి', '|'), ('సి', '|'), ('న', '|'), ('బ', '|'), ('లు', '|'), ('కు', '|'), ('డీ', 'U'), ('వి', 'U'), ('శ్వ', '|'), ('దా', 'U'), ('భి', '|'), ('రా', 'U'), ('మ', '|'), ('వి', '|'), ('న', '|'), ('ర', '|'), ('వే', 'U'), ('మ', '|')]",1.0,-1.0,1.0,1.0,1.0,-1.0
aataveladi,"_x000D_
ఎట్టివాఁడు తానో యెఱుఁగడు తొలిపుట్టు
_x000D_
నీచబ్రతుకుకింత నీమమేల
_x000D_
కష్టనరుల కెల్ల కలుగునా మోక్షంబు
_x000D_
విశ్వదాభిరామ వినర వేమ.",vupajaathi,Vemana,"[('ఎ', 'U'), ('ట్టి', '|'), ('వా', 'U'), ('డు', '|'), ('తా', 'U'), ('నో', 'U'), ('యె', '|'), ('ఱు', '|'), ('గ', '|'), ('డు', '|'), ('తొ', '|'), ('లి', '|'), ('పు', 'U'), ('ట్టు', '|'), ('నీ', 'U'), ('చ', '|'), ('బ్ర', '|'), ('తు', '|'), ('కు', '|'), ('కిం', 'U'), ('త', '|'), ('నీ', 'U'), ('మ', '|'), ('మే', 'U'), ('ల', '|'), ('క', 'U'), ('ష్ట', '|'), ('న', '|'), ('రు', '|'), ('ల', '|'), ('కె', 'U'), ('ల్ల', '|'), ('క', '|'), ('లు', '|'), ('గు', '|'), ('నా', 'U'), ('మో', 'U'), ('క్షం', 'U'), ('బు', '|'), ('వి', 'U'), ('శ్వ', '|'), ('దా', 'U'), ('భి', '|'), ('రా', 'U'), ('మ', '|'), ('వి', '|'), ('న', '|'), ('ర', '|'), ('వే', 'U'), ('మ', '|')]",0.6333333333333333,-1.0,1.0,0.65,0.25,-1.0
aataveladi,"_x000D_
కూళకూళ మెచ్చు గుణవంతు విడనాడి
_x000D_
యెట్టివారు మెత్తు రట్టివారి
_x000D_
మ్రావిదూలమునకు జ్ఞానంబు తెలియునా
_x000D_
విశ్వదాభిరామ వినర వేమ.",vupajaathi,Vemana,"[('కూ', 'U'), ('ళ', '|'), ('కూ', 'U'), ('ళ', '|'), ('మె', 'U'), ('చ్చు', '|'), ('గు', '|'), ('ణ', '|'), ('వం', 'U'), ('తు', '|'), ('వి', '|'), ('డ', '|'), ('నా', 'U'), ('డి', '|'), ('యె', 'U'), ('ట్టి', '|'), ('వా', 'U'), ('రు', '|'), ('మె', 'U'), ('త్తు', '|'), ('ర', 'U'), ('ట్టి', '|'), ('వా', 'U'), ('రి', '|'), ('మ్రా', 'U'), ('వి', '|'), ('దూ', 'U'), ('ల', '|'), ('ము', '|'), ('న', '|'), ('కు', 'U'), ('జ్ఞా', 'U'), ('నం', 'U'), ('బు', '|'), ('తె', '|'), ('లి', '|'), ('యు', '|'), ('నా', 'U'), ('వి', 'U'), ('శ్వ', '|'), ('దా', 'U'), ('భి', '|'), ('రా', 'U'), ('మ', '|'), ('వి', '|'), ('న', '|'), ('ర', '|'), ('వే', 'U'), ('మ', '|')]",0.9,-1.0,1.0,0.95,0.75,-1.0
aataveladi,"_x000D_
శివ మతమునకైన వివరింపగా గుర్వు
_x000D_
హరిమతమునకైన నరయ గుర్వు
_x000D_
గురువు నెఱుఁగలేని గుణహీనుఁడేమెఱుఁగు
_x000D_
విశ్వదాభిరామ వినర వేమ.",vupajaathi,Vemana,"[('శి', '|'), ('వ', '|'), ('మ', '|'), ('త', '|'), ('ము', '|'), ('న', '|'), ('కై', 'U'), ('న', '|'), ('వి', '|'), ('వ', '|'), ('రిం', 'U'), ('ప', '|'), ('గా', 'U'), ('గు', 'U'), ('ర్వు', '|'), ('హ', '|'), ('రి', '|'), ('మ', '|'), ('త', '|'), ('ము', '|'), ('న', '|'), ('కై', 'U'), ('న', '|'), ('న', '|'), ('ర', '|'), ('య', '|'), ('గు', 'U'), ('ర్వు', '|'), ('గు', '|'), ('రు', '|'), ('వు', '|'), ('నె', '|'), ('ఱు', '|'), ('గ', '|'), ('లే', 'U'), ('ని', '|'), ('గు', '|'), ('ణ', '|'), ('హీ', 'U'), ('ను', '|'), ('డే', 'U'), ('మె', '|'), ('ఱు', '|'), ('గు', '|'), ('వి', 'U'), ('శ్వ', '|'), ('దా', 'U'), ('భి', '|'), ('రా', 'U'), ('మ', '|'), ('వి', '|'), ('న', '|'), ('ర', '|'), ('వే', 'U'), ('మ', '|')]",0.9,-1.0,1.0,0.95,0.75,-1.0
aataveladi,"_x000D_
మునిజనములు కలఁగ మునిఁగి వెళ్ళిన బావి
_x000D_
బ్రహ్మకుఁ దలయెత్తరాని బావి
_x000D_
మొలల బంటిగానుముంచు నెవ్వరినైన
_x000D_
విశ్వదాభిరామ వినర వేమ.",vupajaathi,Vemana,"[('ము', '|'), ('ని', '|'), ('జ', '|'), ('న', '|'), ('ము', '|'), ('లు', '|'), ('క', '|'), ('ల', '|'), ('గ', '|'), ('ము', '|'), ('ని', '|'), ('గి', '|'), ('వె', 'U'), ('ళ్ళి', '|'), ('న', '|'), ('బా', 'U'), ('వి', '|'), ('బ్ర', 'U'), ('హ్మ', '|'), ('కు', '|'), ('ద', '|'), ('ల', '|'), ('యె', 'U'), ('త్త', '|'), ('రా', 'U'), ('ని', '|'), ('బా', 'U'), ('వి', '|'), ('మొ', '|'), ('ల', '|'), ('ల', '|'), ('బం', 'U'), ('టి', '|'), ('గా', 'U'), ('ను', '|'), ('ముం', 'U'), ('చు', '|'), ('నె', 'U'), ('వ్వ', '|'), ('రి', '|'), ('నై', 'U'), ('న', '|'), ('వి', 'U'), ('శ్వ', '|'), ('దా', 'U'), ('భి', '|'), ('రా', 'U'), ('మ', '|'), ('వి', '|'), ('న', '|'), ('ర', '|'), ('వే', 'U'), ('మ', '|')]",1.0,-1.0,1.0,1.0,1.0,-1.0
aataveladi,"_x000D_
అమృతసాధనమున నందఱుబలుతురు
_x000D_
అమృతమెంచిచూడ నందలేరు
_x000D_
అమృతము విషమాయె నదియేమి చిత్రమౌ
_x000D_
విశ్వదాభిరామ వినర వేమ.",vupajaathi,Vemana,"[('అ', '|'), ('మృ', '|'), ('త', '|'), ('సా', 'U'), ('ధ', '|'), ('న', '|'), ('ము', '|'), ('న', '|'), ('నం', 'U'), ('ద', '|'), ('ఱు', '|'), ('బ', '|'), ('లు', '|'), ('తు', '|'), ('రు', '|'), ('అ', '|'), ('మృ', '|'), ('త', '|'), ('మెం', 'U'), ('చి', '|'), ('చూ', 'U'), ('డ', '|'), ('నం', 'U'), ('ద', '|'), ('లే', 'U'), ('రు', '|'), ('అ', '|'), ('మృ', '|'), ('త', '|'), ('ము', '|'), ('వి', '|'), ('ష', '|'), ('మా', 'U'), ('యె', '|'), ('న', '|'), ('ది', '|'), ('యే', 'U'), ('మి', '|'), ('చి', '|'), ('త్ర', '|'), ('మౌ', 'U'), ('వి', 'U'), ('శ్వ', '|'), ('దా', 'U'), ('భి', '|'), ('రా', 'U'), ('మ', '|'), ('వి', '|'), ('న', '|'), ('ర', '|'), ('వే', 'U'), ('మ', '|')]",0.6166666666666667,-1.0,1.0,0.85,0.0,-1.0
aataveladi,"_x000D_
కొండఱేఁడు మామ కొండకూతురు నాలు
_x000D_
కొండ యిల్లు పసిఁడికొండ విల్లు
_x000D_
కొండవంటి దొరకు గుండురూపంబురా
_x000D_
విశ్వదాభిరామ వినర వేమ.",vupajaathi,Vemana,"[('కొం', 'U'), ('డ', '|'), ('ఱే', 'U'), ('డు', '|'), ('మా', 'U'), ('మ', '|'), ('కొం', 'U'), ('డ', '|'), ('కూ', 'U'), ('తు', '|'), ('రు', '|'), ('నా', 'U'), ('లు', '|'), ('కొం', 'U'), ('డ', '|'), ('యి', 'U'), ('ల్లు', '|'), ('ప', '|'), ('సి', '|'), ('డి', '|'), ('కొం', 'U'), ('డ', '|'), ('వి', 'U'), ('ల్లు', '|'), ('కొం', 'U'), ('డ', '|'), ('వం', 'U'), ('టి', '|'), ('దొ', '|'), ('ర', '|'), ('కు', '|'), ('గుం', 'U'), ('డు', '|'), ('రూ', 'U'), ('పం', 'U'), ('బు', '|'), ('రా', 'U'), ('వి', 'U'), ('శ్వ', '|'), ('దా', 'U'), ('భి', '|'), ('రా', 'U'), ('మ', '|'), ('వి', '|'), ('న', '|'), ('ర', '|'), ('వే', 'U'), ('మ', '|')]",1.0,-1.0,1.0,1.0,1.0,-1.0
aataveladi,"_x000D_
వెలయ పరమతత్వ విభవంబు దెలియక
_x000D_
బాహ్యవిద్యచేత బరఁగు టెల్ల
_x000D_
పూరి మెసవఁగ హరి పోయినచందంబు
_x000D_
విశ్వదాభిరామ వినర వేమ.",vupajaathi,Vemana,"[('వె', '|'), ('ల', '|'), ('య', '|'), ('ప', '|'), ('ర', '|'), ('మ', '|'), ('త', 'U'), ('త్వ', '|'), ('వి', '|'), ('భ', '|'), ('వం', 'U'), ('బు', '|'), ('దె', '|'), ('లి', '|'), ('య', '|'), ('క', '|'), ('బా', 'U'), ('హ్య', '|'), ('వి', 'U'), ('ద్య', '|'), ('చే', 'U'), ('త', '|'), ('బ', '|'), ('ర', '|'), ('గు', '|'), ('టె', 'U'), ('ల్ల', '|'), ('పూ', 'U'), ('రి', '|'), ('మె', '|'), ('స', '|'), ('వ', '|'), ('గ', '|'), ('హ', '|'), ('రి', '|'), ('పో', 'U'), ('యి', '|'), ('న', '|'), ('చం', 'U'), ('దం', 'U'), ('బు', '|'), ('వి', 'U'), ('శ్వ', '|'), ('దా', 'U'), ('భి', '|'), ('రా', 'U'), ('మ', '|'), ('వి', '|'), ('న', '|'), ('ర', '|'), ('వే', 'U'), ('మ', '|')]",1.0,-1.0,1.0,1.0,1.0,-1.0
aataveladi,"_x000D_
ఒల్ల నన్నఁ బోదు నొల్ల ననఁగరాదు
_x000D_
తొల్లి చేయునట్టి ధూర్తఫలము
_x000D_
ఉల్లమందు వగవకుండుట యోగ్యంబు
_x000D_
విశ్వదాభిరామ వినర వేమ.",vupajaathi,Vemana,"[('ఒ', 'U'), ('ల్ల', '|'), ('న', 'U'), ('న్న', '|'), ('బో', 'U'), ('దు', '|'), ('నొ', 'U'), ('ల్ల', '|'), ('న', '|'), ('న', '|'), ('గ', '|'), ('రా', 'U'), ('దు', '|'), ('తొ', 'U'), ('ల్లి', '|'), ('చే', 'U'), ('యు', '|'), ('న', 'U'), ('ట్టి', '|'), ('ధూ', 'U'), ('ర్త', '|'), ('ఫ', '|'), ('ల', '|'), ('ము', '|'), ('ఉ', 'U'), ('ల్ల', '|'), ('మం', 'U'), ('దు', '|'), ('వ', '|'), ('గ', '|'), ('వ', '|'), ('కుం', 'U'), ('డు', '|'), ('ట', '|'), ('యో', 'U'), ('గ్యం', 'U'), ('బు', '|'), ('వి', 'U'), ('శ్వ', '|'), ('దా', 'U'), ('భి', '|'), ('రా', 'U'), ('మ', '|'), ('వి', '|'), ('న', '|'), ('ర', '|'), ('వే', 'U'), ('మ', '|')]",0.9166666666666666,-1.0,1.0,1.0,0.75,-1.0
aataveladi,"_x000D_
కంటిమంటచేత కాముని దహియించి
_x000D_
కామమునను కడఁగి గౌరిఁ గూడె
_x000D_
నట్టి శివుని తేజ మంటినంతనె చూడ
_x000D_
పూర్వకర్మ ఫలము పోవు వేమ.",vupajaathi,Vemana,"[('కం', 'U'), ('టి', '|'), ('మం', 'U'), ('ట', '|'), ('చే', 'U'), ('త', '|'), ('కా', 'U'), ('ము', '|'), ('ని', '|'), ('ద', '|'), ('హి', '|'), ('యిం', 'U'), ('చి', '|'), ('కా', 'U'), ('మ', '|'), ('ము', '|'), ('న', '|'), ('ను', '|'), ('క', '|'), ('డ', '|'), ('గి', '|'), ('గౌ', 'U'), ('రి', '|'), ('గూ', 'U'), ('డె', '|'), ('న', 'U'), ('ట్టి', '|'), ('శి', '|'), ('వు', '|'), ('ని', '|'), ('తే', 'U'), ('జ', '|'), ('మం', 'U'), ('టి', '|'), ('నం', 'U'), ('త', '|'), ('నె', '|'), ('చూ', 'U'), ('డ', '|'), ('పూ', 'U'), ('ర్వ', '|'), ('క', 'U'), ('ర్మ', '|'), ('ఫ', '|'), ('ల', '|'), ('ము', '|'), ('పో', 'U'), ('వు', '|'), ('వే', 'U'), ('మ', '|')]",0.9166666666666666,-1.0,1.0,1.0,0.75,-1.0
kandamu,"_x000D_
స్త్రీ నెత్తిన రుద్రునకును
_x000D_
స్త్రీ నోటను బ్రహ్మకెపుడు సిరి గుల్కంగా
_x000D_
స్త్రీ నెదిరి ఱొమ్మున హరికి
_x000D_
స్త్రీ నెడపఁగ గురుఁడ నీవు దేవర వేమా.",jaathi,Vemana,"[('స్త్రీ', 'U'), ('నె', 'U'), ('త్తి', '|'), ('న', '|'), ('రు', '|'), ('ద్రు', '|'), ('న', '|'), ('కు', '|'), ('ను', 'U'), ('స్త్రీ', 'U'), ('నో', 'U'), ('ట', '|'), ('ను', '|'), ('బ్ర', 'U'), ('హ్మ', '|'), ('కె', '|'), ('పు', '|'), ('డు', '|'), ('సి', '|'), ('రి', '|'), ('గు', 'U'), ('ల్కం', 'U'), ('గా', 'U'), ('స్త్రీ', 'U'), ('నె', '|'), ('ది', '|'), ('రి', '|'), ('ఱొ', 'U'), ('మ్ము', '|'), ('న', '|'), ('హ', '|'), ('రి', '|'), ('కి', 'U'), ('స్త్రీ', 'U'), ('నె', '|'), ('డ', '|'), ('ప', '|'), ('గ', '|'), ('గు', '|'), ('రు', '|'), ('డ', '|'), ('నీ', 'U'), ('వు', '|'), ('దే', 'U'), ('వ', '|'), ('ర', '|'), ('వే', 'U'), ('మా', 'U')]",0.984375,-1.0,1.0,0.9375,1.0,1.0
kandamu,"_x000D_
ఎఱుఁగక పుట్టును తనువులు
_x000D_
ముఱికి మునిఁగి తనువులెన్నొ మోయుటగాదా
_x000D_
యెఱుకగల తనువు నొందిన
_x000D_
మరియును జన్మించు టెట్లు మహిలో వేమా.",jaathi,Vemana,"[('ఎ', '|'), ('ఱు', '|'), ('గ', '|'), ('క', '|'), ('పు', 'U'), ('ట్టు', '|'), ('ను', '|'), ('త', '|'), ('ను', '|'), ('వు', '|'), ('లు', '|'), ('ము', '|'), ('ఱి', '|'), ('కి', '|'), ('ము', '|'), ('ని', '|'), ('గి', '|'), ('త', '|'), ('ను', '|'), ('వు', '|'), ('లె', 'U'), ('న్నొ', '|'), ('మో', 'U'), ('యు', '|'), ('ట', '|'), ('గా', 'U'), ('దా', 'U'), ('యె', '|'), ('ఱు', '|'), ('క', '|'), ('గ', '|'), ('ల', '|'), ('త', '|'), ('ను', '|'), ('వు', '|'), ('నొం', 'U'), ('ది', '|'), ('న', '|'), ('మ', '|'), ('రి', '|'), ('యు', '|'), ('ను', '|'), ('జ', 'U'), ('న్మిం', 'U'), ('చు', '|'), ('టె', 'U'), ('ట్లు', '|'), ('మ', '|'), ('హి', '|'), ('లో', 'U'), ('వే', 'U'), ('మా', 'U')]",0.9375,-1.0,1.0,1.0,1.0,0.75
aataveladi,"_x000D_
సతులఁ బడయ రాదు సుతులఁ బడయరాదు
_x000D_
వెతలఁ బడినవాఁడు వెఱ్ఱివాఁడు
_x000D_
నేలనున్న ఱాయి నెత్తి కెత్తినయట్లు
_x000D_
విశ్వదాభిరామ వినర వేమ.",vupajaathi,Vemana,"[('స', '|'), ('తు', '|'), ('ల', '|'), ('బ', '|'), ('డ', '|'), ('య', '|'), ('రా', 'U'), ('దు', '|'), ('సు', '|'), ('తు', '|'), ('ల', '|'), ('బ', '|'), ('డ', '|'), ('య', '|'), ('రా', 'U'), ('దు', '|'), ('వె', '|'), ('త', '|'), ('ల', '|'), ('బ', '|'), ('డి', '|'), ('న', '|'), ('వా', 'U'), ('డు', '|'), ('వె', 'U'), ('ఱ్ఱి', '|'), ('వా', 'U'), ('డు', '|'), ('నే', 'U'), ('ల', '|'), ('ను', 'U'), ('న్న', '|'), ('ఱా', 'U'), ('యి', '|'), ('నె', 'U'), ('త్తి', '|'), ('కె', 'U'), ('త్తి', '|'), ('న', '|'), ('య', 'U'), ('ట్లు', '|'), ('వి', 'U'), ('శ్వ', '|'), ('దా', 'U'), ('భి', '|'), ('రా', 'U'), ('మ', '|'), ('వి', '|'), ('న', '|'), ('ర', '|'), ('వే', 'U'), ('మ', '|')]",1.0,-1.0,1.0,1.0,1.0,-1.0
aataveladi,"_x000D_
ద్వార బంధమునను తనయులు సంపద
_x000D_
బంధువర్గ మెల్ల ప్రహరిగోడ
_x000D_
మూఢులైన నరులు మొక్కలి కాండ్రయా
_x000D_
విశ్వదాభిరామ వినర వేమ.",vupajaathi,Vemana,"[('ద్వా', 'U'), ('ర', '|'), ('బం', 'U'), ('ధ', '|'), ('ము', '|'), ('న', '|'), ('ను', '|'), ('త', '|'), ('న', '|'), ('యు', '|'), ('లు', '|'), ('సం', 'U'), ('ప', '|'), ('ద', '|'), ('బం', 'U'), ('ధు', '|'), ('వ', 'U'), ('ర్గ', '|'), ('మె', 'U'), ('ల్ల', '|'), ('ప్ర', '|'), ('హ', '|'), ('రి', '|'), ('గో', 'U'), ('డ', '|'), ('మూ', 'U'), ('ఢు', '|'), ('లై', 'U'), ('న', '|'), ('న', '|'), ('రు', '|'), ('లు', '|'), ('మొ', 'U'), ('క్క', '|'), ('లి', '|'), ('కాం', 'U'), ('డ్ర', '|'), ('యా', 'U'), ('వి', 'U'), ('శ్వ', '|'), ('దా', 'U'), ('భి', '|'), ('రా', 'U'), ('మ', '|'), ('వి', '|'), ('న', '|'), ('ర', '|'), ('వే', 'U'), ('మ', '|')]",1.0,-1.0,1.0,1.0,1.0,-1.0
aataveladi,"_x000D_
కాళ్ళ ముంద ఱేకు కడతేర నీదక
_x000D_
ముగ్గురు ముగురాండ్ర మునిఁగినారు
_x000D_
నరుఁడు నీఁదెదనుట నగుబాటు గాదయా
_x000D_
విశ్వదాభిరామ వినర వేమ.",vupajaathi,Vemana,"[('కా', 'U'), ('ళ్ళ', '|'), ('ముం', 'U'), ('ద', '|'), ('ఱే', 'U'), ('కు', '|'), ('క', '|'), ('డ', '|'), ('తే', 'U'), ('ర', '|'), ('నీ', 'U'), ('ద', '|'), ('క', '|'), ('ము', 'U'), ('గ్గు', '|'), ('రు', '|'), ('ము', '|'), ('గు', '|'), ('రాం', 'U'), ('డ్ర', '|'), ('ము', '|'), ('ని', '|'), ('గి', '|'), ('నా', 'U'), ('రు', '|'), ('న', '|'), ('రు', '|'), ('డు', '|'), ('నీ', 'U'), ('దె', '|'), ('ద', '|'), ('ను', '|'), ('ట', '|'), ('న', '|'), ('గు', '|'), ('బా', 'U'), ('టు', '|'), ('గా', 'U'), ('ద', '|'), ('యా', 'U'), ('వి', 'U'), ('శ్వ', '|'), ('దా', 'U'), ('భి', '|'), ('రా', 'U'), ('మ', '|'), ('వి', '|'), ('న', '|'), ('ర', '|'), ('వే', 'U'), ('మ', '|')]",1.0,-1.0,1.0,1.0,1.0,-1.0
aataveladi,"_x000D_
జీవి జీవిఁ జంపి జీవికి వేయఁగా
_x000D_
జీవి వలన నేమి చిక్కియుండె
_x000D_
జీవ హింసలకుఁ జిక్కునె మోక్షంబు
_x000D_
విశ్వదాభిరామ వినర వేమ.",vupajaathi,Vemana,"[('జీ', 'U'), ('వి', '|'), ('జీ', 'U'), ('వి', '|'), ('జం', 'U'), ('పి', '|'), ('జీ', 'U'), ('వి', '|'), ('కి', '|'), ('వే', 'U'), ('య', '|'), ('గా', 'U'), ('జీ', 'U'), ('వి', '|'), ('వ', '|'), ('ల', '|'), ('న', '|'), ('నే', 'U'), ('మి', '|'), ('చి', 'U'), ('క్కి', '|'), ('యుం', 'U'), ('డె', '|'), ('జీ', 'U'), ('వ', '|'), ('హిం', 'U'), ('స', '|'), ('ల', '|'), ('కు', '|'), ('జి', 'U'), ('క్కు', '|'), ('నె', '|'), ('మో', 'U'), ('క్షం', 'U'), ('బు', '|'), ('వి', 'U'), ('శ్వ', '|'), ('దా', 'U'), ('భి', '|'), ('రా', 'U'), ('మ', '|'), ('వి', '|'), ('న', '|'), ('ర', '|'), ('వే', 'U'), ('మ', '|')]",0.7333333333333334,-1.0,1.0,0.7,0.5,-1.0
aataveladi,"_x000D_
తంత్రవాదు లెన్న తఱచుగా నుందురు
_x000D_
మంత్రవాదు లెన్న మహిని లేరు
_x000D_
జంత్రగాని బొమ్మ చందంబు లాయెరా
_x000D_
విశ్వదాభిరామ వినర వేమ.",vupajaathi,Vemana,"[('తం', 'U'), ('త్ర', '|'), ('వా', 'U'), ('దు', '|'), ('లె', 'U'), ('న్న', '|'), ('త', '|'), ('ఱ', '|'), ('చు', '|'), ('గా', 'U'), ('నుం', 'U'), ('దు', '|'), ('రు', '|'), ('మం', 'U'), ('త్ర', '|'), ('వా', 'U'), ('దు', '|'), ('లె', 'U'), ('న్న', '|'), ('మ', '|'), ('హి', '|'), ('ని', '|'), ('లే', 'U'), ('రు', '|'), ('జం', 'U'), ('త్ర', '|'), ('గా', 'U'), ('ని', '|'), ('బొ', 'U'), ('మ్మ', '|'), ('చం', 'U'), ('దం', 'U'), ('బు', '|'), ('లా', 'U'), ('యె', '|'), ('రా', 'U'), ('వి', 'U'), ('శ్వ', '|'), ('దా', 'U'), ('భి', '|'), ('రా', 'U'), ('మ', '|'), ('వి', '|'), ('న', '|'), ('ర', '|'), ('వే', 'U'), ('మ', '|')]",1.0,-1.0,1.0,1.0,1.0,-1.0
aataveladi,"_x000D_
కల్లునీళ్లు ద్రాగి కడుపెద్ద వారిలో
_x000D_
చీర విడిచి తిరుగు సిద్ధురాలు
_x000D_
పనులు దీరువెనుక పాతలు గట్టురా
_x000D_
విశ్వదాభిరామ వినర వేమ.",vupajaathi,Vemana,"[('క', 'U'), ('ల్లు', '|'), ('నీ', 'U'), ('ళ్లు', '|'), ('ద్రా', 'U'), ('గి', '|'), ('క', '|'), ('డు', '|'), ('పె', 'U'), ('ద్ద', '|'), ('వా', 'U'), ('రి', '|'), ('లో', 'U'), ('చీ', 'U'), ('ర', '|'), ('వి', '|'), ('డి', '|'), ('చి', '|'), ('తి', '|'), ('రు', '|'), ('గు', '|'), ('సి', 'U'), ('ద్ధు', '|'), ('రా', 'U'), ('లు', '|'), ('ప', '|'), ('ను', '|'), ('లు', '|'), ('దీ', 'U'), ('రు', '|'), ('వె', '|'), ('ను', '|'), ('క', '|'), ('పా', 'U'), ('త', '|'), ('లు', '|'), ('గ', 'U'), ('ట్టు', '|'), ('రా', 'U'), ('వి', 'U'), ('శ్వ', '|'), ('దా', 'U'), ('భి', '|'), ('రా', 'U'), ('మ', '|'), ('వి', '|'), ('న', '|'), ('ర', '|'), ('వే', 'U'), ('మ', '|')]",1.0,-1.0,1.0,1.0,1.0,-1.0
aataveladi,"_x000D_
కుక్క తిన్నవాఁడు గురిలింగ జంగంబు
_x000D_
పంది తిన్నవాఁడు పరమయోగి
_x000D_
యేన్గుతిన్నవాఁడు నెంతసుజ్ఞానిరా
_x000D_
విశ్వదాభిరామ వినర వేమ.",vupajaathi,Vemana,"[('కు', 'U'), ('క్క', '|'), ('తి', 'U'), ('న్న', '|'), ('వా', 'U'), ('డు', '|'), ('గు', '|'), ('రి', '|'), ('లిం', 'U'), ('గ', '|'), ('జం', 'U'), ('గం', 'U'), ('బు', '|'), ('పం', 'U'), ('ది', '|'), ('తి', 'U'), ('న్న', '|'), ('వా', 'U'), ('డు', '|'), ('ప', '|'), ('ర', '|'), ('మ', '|'), ('యో', 'U'), ('గి', '|'), ('యే', 'U'), ('న్గు', '|'), ('తి', 'U'), ('న్న', '|'), ('వా', 'U'), ('డు', '|'), ('నెం', 'U'), ('త', '|'), ('సు', 'U'), ('జ్ఞా', 'U'), ('ని', '|'), ('రా', 'U'), ('వి', 'U'), ('శ్వ', '|'), ('దా', 'U'), ('భి', '|'), ('రా', 'U'), ('మ', '|'), ('వి', '|'), ('న', '|'), ('ర', '|'), ('వే', 'U'), ('మ', '|')]",0.9166666666666666,-1.0,1.0,1.0,0.75,-1.0
aataveladi,"_x000D_
ముండమోపితోడ మునుఁగుచుఁ దేలుచు
_x000D_
నుండఁగానె మోహ ముండెఁ గాక
_x000D_
అండఁబాయు వెనుక నాయాసలే లేవు
_x000D_
విశ్వదాభిరామ వినర వేమ.",vupajaathi,Vemana,"[('ముం', 'U'), ('డ', '|'), ('మో', 'U'), ('పి', '|'), ('తో', 'U'), ('డ', '|'), ('ము', '|'), ('ను', '|'), ('గు', '|'), ('చు', '|'), ('దే', 'U'), ('లు', '|'), ('చు', '|'), ('నుం', 'U'), ('డ', '|'), ('గా', 'U'), ('నె', '|'), ('మో', 'U'), ('హ', '|'), ('ముం', 'U'), ('డె', '|'), ('గా', 'U'), ('క', '|'), ('అం', 'U'), ('డ', '|'), ('బా', 'U'), ('యు', '|'), ('వె', '|'), ('ను', '|'), ('క', '|'), ('నా', 'U'), ('యా', 'U'), ('స', '|'), ('లే', 'U'), ('లే', 'U'), ('వు', '|'), ('వి', 'U'), ('శ్వ', '|'), ('దా', 'U'), ('భి', '|'), ('రా', 'U'), ('మ', '|'), ('వి', '|'), ('న', '|'), ('ర', '|'), ('వే', 'U'), ('మ', '|')]",0.9166666666666666,-1.0,1.0,1.0,0.75,-1.0
kandamu,"_x000D_
చరణంబులు పదితోఁకలు
_x000D_
పరగంగా మూడు తలలు బైటనె తిరుగు\న్‌
_x000D_
వరభూమి తల్లడిల్లగ
_x000D_
నిరవొందఁగ దీని దెలియ నీశుఁడు వేమా.",jaathi,Vemana,"[('చ', '|'), ('ర', '|'), ('ణం', 'U'), ('బు', '|'), ('లు', '|'), ('ప', '|'), ('ది', '|'), ('తో', 'U'), ('క', '|'), ('లు', '|'), ('ప', '|'), ('ర', '|'), ('గం', 'U'), ('గా', 'U'), ('మూ', 'U'), ('డు', '|'), ('త', '|'), ('ల', '|'), ('లు', '|'), ('బై', 'U'), ('ట', '|'), ('నె', '|'), ('తి', '|'), ('రు', '|'), ('గున్', 'U'), ('వ', '|'), ('ర', '|'), ('భూ', 'U'), ('మి', '|'), ('త', 'U'), ('ల్ల', '|'), ('డి', 'U'), ('ల్ల', '|'), ('గ', '|'), ('ని', '|'), ('ర', '|'), ('వొం', 'U'), ('ద', '|'), ('గ', '|'), ('దీ', 'U'), ('ని', '|'), ('దె', '|'), ('లి', '|'), ('య', '|'), ('నీ', 'U'), ('శు', '|'), ('డు', '|'), ('వే', 'U'), ('మా', 'U')]",1.0,-1.0,1.0,1.0,1.0,1.0
aataveladi,"_x000D_
ప్రజ లెఱుంగ బ్రదుకుఁ బట్టభద్రుఁడు గాఁడు
_x000D_
పైఁగిరీటముండు బ్రహ్మగాఁడు
_x000D_
ఓగుఁ దెలిసి పలుకు యోగీశ్వరుఁడు గాఁడు
_x000D_
అట్టివానిఁ దెలియ నగును వేమ.",vupajaathi,Vemana,"[('ప్ర', '|'), ('జ', '|'), ('లె', '|'), ('ఱుం', 'U'), ('గ', '|'), ('బ్ర', '|'), ('దు', '|'), ('కు', '|'), ('బ', 'U'), ('ట్ట', '|'), ('భ', '|'), ('ద్రు', '|'), ('డు', '|'), ('గా', 'U'), ('డు', '|'), ('పై', 'U'), ('గి', '|'), ('రీ', 'U'), ('ట', '|'), ('ముం', 'U'), ('డు', '|'), ('బ్ర', 'U'), ('హ్మ', '|'), ('గా', 'U'), ('డు', '|'), ('ఓ', 'U'), ('గు', '|'), ('దె', '|'), ('లి', '|'), ('సి', '|'), ('ప', '|'), ('లు', '|'), ('కు', '|'), ('యో', 'U'), ('గీ', 'U'), ('శ్వ', '|'), ('రు', '|'), ('డు', '|'), ('గా', 'U'), ('డు', '|'), ('అ', 'U'), ('ట్టి', '|'), ('వా', 'U'), ('ని', '|'), ('దె', '|'), ('లి', '|'), ('య', '|'), ('న', '|'), ('గు', '|'), ('ను', '|'), ('వే', 'U'), ('మ', '|')]",0.8333333333333334,-1.0,1.0,1.0,0.5,-1.0
aataveladi,"_x000D_
బూతులేని లంజ భూతంబు కూఁతురు
_x000D_
ప్రీతిలేనిపాటు ధాత్రిచేటు
_x000D_
దాతలేని యూరు దయ్యాల పేటరా
_x000D_
విశ్వదాభిరామ వినర వేమ.",vupajaathi,Vemana,"[('బూ', 'U'), ('తు', '|'), ('లే', 'U'), ('ని', '|'), ('లం', 'U'), ('జ', '|'), ('భూ', 'U'), ('తం', 'U'), ('బు', '|'), ('కూ', 'U'), ('తు', '|'), ('రు', '|'), ('ప్రీ', 'U'), ('తి', '|'), ('లే', 'U'), ('ని', '|'), ('పా', 'U'), ('టు', '|'), ('ధా', 'U'), ('త్రి', '|'), ('చే', 'U'), ('టు', '|'), ('దా', 'U'), ('త', '|'), ('లే', 'U'), ('ని', '|'), ('యూ', 'U'), ('రు', '|'), ('ద', 'U'), ('య్యా', 'U'), ('ల', '|'), ('పే', 'U'), ('ట', '|'), ('రా', 'U'), ('వి', 'U'), ('శ్వ', '|'), ('దా', 'U'), ('భి', '|'), ('రా', 'U'), ('మ', '|'), ('వి', '|'), ('న', '|'), ('ర', '|'), ('వే', 'U'), ('మ', '|')]",0.9166666666666666,-1.0,1.0,1.0,0.75,-1.0
aataveladi,"_x000D_
లంజ లంజకానిలాగెల్లఁ గొనియాడు
_x000D_
లంజతల్లివాని లజ్జ గడుగు
_x000D_
తల్లి గలుగులంజఁ దగులుట దోషంబు
_x000D_
విశ్వదాభిరామ వినర వేమ.",vupajaathi,Vemana,"[('లం', 'U'), ('జ', '|'), ('లం', 'U'), ('జ', '|'), ('కా', 'U'), ('ని', '|'), ('లా', 'U'), ('గె', 'U'), ('ల్ల', '|'), ('గొ', '|'), ('ని', '|'), ('యా', 'U'), ('డు', '|'), ('లం', 'U'), ('జ', '|'), ('త', 'U'), ('ల్లి', '|'), ('వా', 'U'), ('ని', '|'), ('ల', 'U'), ('జ్జ', '|'), ('గ', '|'), ('డు', '|'), ('గు', '|'), ('త', 'U'), ('ల్లి', '|'), ('గ', '|'), ('లు', '|'), ('గు', '|'), ('లం', 'U'), ('జ', '|'), ('ద', '|'), ('గు', '|'), ('లు', '|'), ('ట', '|'), ('దో', 'U'), ('షం', 'U'), ('బు', '|'), ('వి', 'U'), ('శ్వ', '|'), ('దా', 'U'), ('భి', '|'), ('రా', 'U'), ('మ', '|'), ('వి', '|'), ('న', '|'), ('ర', '|'), ('వే', 'U'), ('మ', '|')]",1.0,-1.0,1.0,1.0,1.0,-1.0
kandamu,"_x000D_
రతిలేక ముదియు నంగన
_x000D_
రతి కలిగిన ముదియు నశ్వరత్నము ధరలో
_x000D_
సతతము భ్రాంతిని చేసెడు
_x000D_
తతిరతిచే ముదియు నరుఁడు తథ్యము వేమా.",jaathi,Vemana,"[('ర', '|'), ('తి', '|'), ('లే', 'U'), ('క', '|'), ('ము', '|'), ('ది', '|'), ('యు', '|'), ('నం', 'U'), ('గ', '|'), ('న', '|'), ('ర', '|'), ('తి', '|'), ('క', '|'), ('లి', '|'), ('గి', '|'), ('న', '|'), ('ము', '|'), ('ది', '|'), ('యు', '|'), ('న', 'U'), ('శ్వ', '|'), ('ర', 'U'), ('త్న', '|'), ('ము', '|'), ('ధ', '|'), ('ర', '|'), ('లో', 'U'), ('స', '|'), ('త', '|'), ('త', '|'), ('ము', '|'), ('భ్రాం', 'U'), ('తి', '|'), ('ని', '|'), ('చే', 'U'), ('సె', '|'), ('డు', '|'), ('త', '|'), ('తి', '|'), ('ర', '|'), ('తి', '|'), ('చే', 'U'), ('ము', '|'), ('ది', '|'), ('యు', '|'), ('న', '|'), ('రు', '|'), ('డు', '|'), ('త', 'U'), ('థ్య', '|'), ('ము', '|'), ('వే', 'U'), ('మా', 'U')]",1.0,-1.0,1.0,1.0,1.0,1.0
aataveladi,"_x000D_
దొమ్మరీనిలంజతోఁ గూడ దోషంబు
_x000D_
పాపియైన మనసుఁ బట్టరాదు
_x000D_
వీడు గదలిపోవ వెళ్లుదు రెటులనో
_x000D_
విశ్వదాభిరామ వినర వేమ.",vupajaathi,Vemana,"[('దొ', 'U'), ('మ్మ', '|'), ('రీ', 'U'), ('ని', '|'), ('లం', 'U'), ('జ', '|'), ('తో', 'U'), ('గూ', 'U'), ('డ', '|'), ('దో', 'U'), ('షం', 'U'), ('బు', '|'), ('పా', 'U'), ('పి', '|'), ('యై', 'U'), ('న', '|'), ('మ', '|'), ('న', '|'), ('సు', '|'), ('బ', 'U'), ('ట్ట', '|'), ('రా', 'U'), ('దు', '|'), ('వీ', 'U'), ('డు', '|'), ('గ', '|'), ('ద', '|'), ('లి', '|'), ('పో', 'U'), ('వ', '|'), ('వె', 'U'), ('ళ్లు', '|'), ('దు', '|'), ('రె', '|'), ('టు', '|'), ('ల', '|'), ('నో', 'U'), ('వి', 'U'), ('శ్వ', '|'), ('దా', 'U'), ('భి', '|'), ('రా', 'U'), ('మ', '|'), ('వి', '|'), ('న', '|'), ('ర', '|'), ('వే', 'U'), ('మ', '|')]",1.0,-1.0,1.0,1.0,1.0,-1.0
aataveladi,"_x000D_
లంజ దానియొక్క లాలించిముద్దాడు
_x000D_
మిండ డరయ లంజమీఁది ప్రేమ
_x000D_
ఆడుదానివంక నందఱు చుట్టముల్‌
_x000D_
విశ్వదాభిరామ వినర వేమ.",vupajaathi,Vemana,"[('లం', 'U'), ('జ', '|'), ('దా', 'U'), ('ని', '|'), ('యొ', 'U'), ('క్క', '|'), ('లా', 'U'), ('లిం', 'U'), ('చి', '|'), ('ము', 'U'), ('ద్దా', 'U'), ('డు', '|'), ('మిం', 'U'), ('డ', '|'), ('డ', '|'), ('ర', '|'), ('య', '|'), ('లం', 'U'), ('జ', '|'), ('మీ', 'U'), ('ది', '|'), ('ప్రే', 'U'), ('మ', '|'), ('ఆ', 'U'), ('డు', '|'), ('దా', 'U'), ('ని', '|'), ('వం', 'U'), ('క', '|'), ('నం', 'U'), ('ద', '|'), ('ఱు', '|'), ('చు', 'U'), ('ట్ట', '|'), ('ముల్', 'U'), ('వి', 'U'), ('శ్వ', '|'), ('దా', 'U'), ('భి', '|'), ('రా', 'U'), ('మ', '|'), ('వి', '|'), ('న', '|'), ('ర', '|'), ('వే', 'U'), ('మ', '|')]",0.9166666666666666,-1.0,1.0,1.0,0.75,-1.0
aataveladi,"_x000D_
యోనియందె పుట్టి యోనికి రుచిఁజేయు
_x000D_
చన్నుగుడిచి పెరిగి చన్నుఁబట్టు
_x000D_
సృష్టిలోన నడఁగు సిగ్గెఱుగని జీవి
_x000D_
విశ్వదాభిరామ వినర వేమ.",vupajaathi,Vemana,"[('యో', 'U'), ('ని', '|'), ('యం', 'U'), ('దె', '|'), ('పు', 'U'), ('ట్టి', '|'), ('యో', 'U'), ('ని', '|'), ('కి', '|'), ('రు', '|'), ('చి', '|'), ('జే', 'U'), ('యు', '|'), ('చ', 'U'), ('న్ను', '|'), ('గు', '|'), ('డి', '|'), ('చి', '|'), ('పె', '|'), ('రి', '|'), ('గి', '|'), ('చ', 'U'), ('న్ను', '|'), ('బ', 'U'), ('ట్టు', '|'), ('సృ', 'U'), ('ష్టి', '|'), ('లో', 'U'), ('న', '|'), ('న', '|'), ('డ', '|'), ('గు', '|'), ('సి', 'U'), ('గ్గె', '|'), ('ఱు', '|'), ('గ', '|'), ('ని', '|'), ('జీ', 'U'), ('వి', '|'), ('వి', 'U'), ('శ్వ', '|'), ('దా', 'U'), ('భి', '|'), ('రా', 'U'), ('మ', '|'), ('వి', '|'), ('న', '|'), ('ర', '|'), ('వే', 'U'), ('మ', '|')]",1.0,-1.0,1.0,1.0,1.0,-1.0
aataveladi,"_x000D_
మొలక చనులనాఁడు మూఁడు కోటులు చేయు
_x000D_
కులుకు చనులనాఁడు కోటిసేయు
_x000D_
తటుకుచనులనాఁడు దమ్మిడి చేయదో
_x000D_
విశ్వదాభిరామ వినర వేమ.",vupajaathi,Vemana,"[('మొ', '|'), ('ల', '|'), ('క', '|'), ('చ', '|'), ('ను', '|'), ('ల', '|'), ('నా', 'U'), ('డు', '|'), ('మూ', 'U'), ('డు', '|'), ('కో', 'U'), ('టు', '|'), ('లు', '|'), ('చే', 'U'), ('యు', '|'), ('కు', '|'), ('లు', '|'), ('కు', '|'), ('చ', '|'), ('ను', '|'), ('ల', '|'), ('నా', 'U'), ('డు', '|'), ('కో', 'U'), ('టి', '|'), ('సే', 'U'), ('యు', '|'), ('త', '|'), ('టు', '|'), ('కు', '|'), ('చ', '|'), ('ను', '|'), ('ల', '|'), ('నా', 'U'), ('డు', '|'), ('ద', 'U'), ('మ్మి', '|'), ('డి', '|'), ('చే', 'U'), ('య', '|'), ('దో', 'U'), ('వి', 'U'), ('శ్వ', '|'), ('దా', 'U'), ('భి', '|'), ('రా', 'U'), ('మ', '|'), ('వి', '|'), ('న', '|'), ('ర', '|'), ('వే', 'U'), ('మ', '|')]",1.0,-1.0,1.0,1.0,1.0,-1.0
aataveladi,"_x000D_
ఇంచుకంత యోని కెగసెడు జనములు
_x000D_
కంచముకడ పిల్లి గాచినట్లు
_x000D_
పంచబాణునింటి బానిసె కొడుకులు
_x000D_
విశ్వదాభిరామ వినర వేమ.",vupajaathi,Vemana,"[('ఇం', 'U'), ('చు', '|'), ('కం', 'U'), ('త', '|'), ('యో', 'U'), ('ని', '|'), ('కె', '|'), ('గ', '|'), ('సె', '|'), ('డు', '|'), ('జ', '|'), ('న', '|'), ('ము', '|'), ('లు', '|'), ('కం', 'U'), ('చ', '|'), ('ము', '|'), ('క', '|'), ('డ', '|'), ('పి', 'U'), ('ల్లి', '|'), ('గా', 'U'), ('చి', '|'), ('న', 'U'), ('ట్లు', '|'), ('పం', 'U'), ('చ', '|'), ('బా', 'U'), ('ణు', '|'), ('నిం', 'U'), ('టి', '|'), ('బా', 'U'), ('ని', '|'), ('సె', '|'), ('కొ', '|'), ('డు', '|'), ('కు', '|'), ('లు', '|'), ('వి', 'U'), ('శ్వ', '|'), ('దా', 'U'), ('భి', '|'), ('రా', 'U'), ('మ', '|'), ('వి', '|'), ('న', '|'), ('ర', '|'), ('వే', 'U'), ('మ', '|')]",0.9166666666666666,-1.0,1.0,1.0,0.75,-1.0
aataveladi,"_x000D_
పండువలనఁ బుట్టె పరఁగ ప్రపంచంబు
_x000D_
పండువలనఁ బుట్టె పరము నిహము
_x000D_
పండు కాసపడిరి బ్రహ్మాది సురలెల్ల
_x000D_
విశ్వదాభిరామ వినర వేమ.",vupajaathi,Vemana,"[('పం', 'U'), ('డు', '|'), ('వ', '|'), ('ల', '|'), ('న', '|'), ('బు', 'U'), ('ట్టె', '|'), ('ప', '|'), ('ర', '|'), ('గ', '|'), ('ప్ర', '|'), ('పం', 'U'), ('చం', 'U'), ('బు', '|'), ('పం', 'U'), ('డు', '|'), ('వ', '|'), ('ల', '|'), ('న', '|'), ('బు', 'U'), ('ట్టె', '|'), ('ప', '|'), ('ర', '|'), ('ము', '|'), ('ని', '|'), ('హ', '|'), ('ము', '|'), ('పం', 'U'), ('డు', '|'), ('కా', 'U'), ('స', '|'), ('ప', '|'), ('డి', '|'), ('రి', '|'), ('బ్ర', 'U'), ('హ్మా', 'U'), ('ది', '|'), ('సు', '|'), ('ర', '|'), ('లె', 'U'), ('ల్ల', '|'), ('వి', 'U'), ('శ్వ', '|'), ('దా', 'U'), ('భి', '|'), ('రా', 'U'), ('మ', '|'), ('వి', '|'), ('న', '|'), ('ర', '|'), ('వే', 'U'), ('మ', '|')]",1.0,-1.0,1.0,1.0,1.0,-1.0
aataveladi,"_x000D_
తగులుసతిని గూడి బిగువుగా రమియింప
_x000D_
కడుబలుండు పుట్టు గట్టిగాను
_x000D_
పురుషుఁ డబలుఁడైనఁ బుత్రు లబలులురా
_x000D_
విశ్వదాభిరామ వినర వేమ.",vupajaathi,Vemana,"[('త', '|'), ('గు', '|'), ('లు', '|'), ('స', '|'), ('తి', '|'), ('ని', '|'), ('గూ', 'U'), ('డి', '|'), ('బి', '|'), ('గు', '|'), ('వు', '|'), ('గా', 'U'), ('ర', '|'), ('మి', '|'), ('యిం', 'U'), ('ప', '|'), ('క', '|'), ('డు', '|'), ('బ', '|'), ('లుం', 'U'), ('డు', '|'), ('పు', 'U'), ('ట్టు', '|'), ('గ', 'U'), ('ట్టి', '|'), ('గా', 'U'), ('ను', '|'), ('పు', '|'), ('రు', '|'), ('షు', '|'), ('డ', '|'), ('బ', '|'), ('లు', '|'), ('డై', 'U'), ('న', '|'), ('బు', '|'), ('త్రు', '|'), ('ల', '|'), ('బ', '|'), ('లు', '|'), ('లు', '|'), ('రా', 'U'), ('వి', 'U'), ('శ్వ', '|'), ('దా', 'U'), ('భి', '|'), ('రా', 'U'), ('మ', '|'), ('వి', '|'), ('న', '|'), ('ర', '|'), ('వే', 'U'), ('మ', '|')]",0.8666666666666667,-1.0,1.0,0.85,0.75,-1.0
aataveladi,"_x000D_
కాంతమేనుఁజూచి కళవళపడుదురు
_x000D_
కడుపులోని రోతఁ గాన లేరు
_x000D_
యింతరోఁత బ్రతుకు కీ దేహ మేలరా
_x000D_
విశ్వదాభిరామ వినర వేమ.",vupajaathi,Vemana,"[('కాం', 'U'), ('త', '|'), ('మే', 'U'), ('ను', '|'), ('జూ', 'U'), ('చి', '|'), ('క', '|'), ('ళ', '|'), ('వ', '|'), ('ళ', '|'), ('ప', '|'), ('డు', '|'), ('దు', '|'), ('రు', '|'), ('క', '|'), ('డు', '|'), ('పు', '|'), ('లో', 'U'), ('ని', '|'), ('రో', 'U'), ('త', '|'), ('గా', 'U'), ('న', '|'), ('లే', 'U'), ('రు', '|'), ('యిం', 'U'), ('త', '|'), ('రో', 'U'), ('త', '|'), ('బ్ర', '|'), ('తు', '|'), ('కు', '|'), ('కీ', 'U'), ('దే', 'U'), ('హ', '|'), ('మే', 'U'), ('ల', '|'), ('రా', 'U'), ('వి', 'U'), ('శ్వ', '|'), ('దా', 'U'), ('భి', '|'), ('రా', 'U'), ('మ', '|'), ('వి', '|'), ('న', '|'), ('ర', '|'), ('వే', 'U'), ('మ', '|')]",0.9166666666666666,-1.0,1.0,1.0,0.75,-1.0
aataveladi,"_x000D_
ముఱికిలోనఁ బుట్టి ముఱికిలోనఁ బెరిగి
_x000D_
ముఱికితనువు కింత మురిప మేల
_x000D_
ముఱికి తెలియు నరుఁడు ముఱుగునఁ బుట్టునా
_x000D_
విశ్వదాభిరామ వినర వేమ.",vupajaathi,Vemana,"[('ము', '|'), ('ఱి', '|'), ('కి', '|'), ('లో', 'U'), ('న', '|'), ('బు', 'U'), ('ట్టి', '|'), ('ము', '|'), ('ఱి', '|'), ('కి', '|'), ('లో', 'U'), ('న', '|'), ('బె', '|'), ('రి', '|'), ('గి', '|'), ('ము', '|'), ('ఱి', '|'), ('కి', '|'), ('త', '|'), ('ను', '|'), ('వు', '|'), ('కిం', 'U'), ('త', '|'), ('ము', '|'), ('రి', '|'), ('ప', '|'), ('మే', 'U'), ('ల', '|'), ('ము', '|'), ('ఱి', '|'), ('కి', '|'), ('తె', '|'), ('లి', '|'), ('యు', '|'), ('న', '|'), ('రు', '|'), ('డు', '|'), ('ము', '|'), ('ఱు', '|'), ('గు', '|'), ('న', '|'), ('బు', 'U'), ('ట్టు', '|'), ('నా', 'U'), ('వి', 'U'), ('శ్వ', '|'), ('దా', 'U'), ('భి', '|'), ('రా', 'U'), ('మ', '|'), ('వి', '|'), ('న', '|'), ('ర', '|'), ('వే', 'U'), ('మ', '|')]",1.0,-1.0,1.0,1.0,1.0,-1.0
kandamu,"_x000D_
చన్నులు పరసతి కొప్పిన
_x000D_
చన్నులపై పాప దృఢతఁ జన కటుయునుపే
_x000D_
చన్నులు తగ దాఁగుడిచియు
_x000D_
చన్నులపై తలఁపు వలదు సత్యము వేమా.",jaathi,Vemana,"[('చ', 'U'), ('న్ను', '|'), ('లు', '|'), ('ప', '|'), ('ర', '|'), ('స', '|'), ('తి', '|'), ('కొ', 'U'), ('ప్పి', '|'), ('న', '|'), ('చ', 'U'), ('న్ను', '|'), ('ల', '|'), ('పై', 'U'), ('పా', 'U'), ('ప', '|'), ('దృ', '|'), ('ఢ', '|'), ('త', '|'), ('జ', '|'), ('న', '|'), ('క', '|'), ('టు', '|'), ('యు', '|'), ('ను', '|'), ('పే', 'U'), ('చ', 'U'), ('న్ను', '|'), ('లు', '|'), ('త', '|'), ('గ', '|'), ('దా', 'U'), ('గు', '|'), ('డి', '|'), ('చి', '|'), ('యు', '|'), ('చ', 'U'), ('న్ను', '|'), ('ల', '|'), ('పై', 'U'), ('త', '|'), ('ల', '|'), ('పు', '|'), ('వ', '|'), ('ల', '|'), ('దు', '|'), ('స', 'U'), ('త్య', '|'), ('ము', '|'), ('వే', 'U'), ('మా', 'U')]",1.0,-1.0,1.0,1.0,1.0,1.0
kandamu,"_x000D_
చెట్టునన విత్తును బుట్టెను
_x000D_
చెట్టును విత్తున పుట్టెఁ జెలిమి దలిర్ప\న్‌
_x000D_
చెట్టును విత్తును రెండును
_x000D_
పుట్టిన విధిఁ దెలియవలయు భువిలో వేమా.",jaathi,Vemana,"[('చె', 'U'), ('ట్టు', '|'), ('న', '|'), ('న', '|'), ('వి', 'U'), ('త్తు', '|'), ('ను', '|'), ('బు', 'U'), ('ట్టె', '|'), ('ను', '|'), ('చె', 'U'), ('ట్టు', '|'), ('ను', '|'), ('వి', 'U'), ('త్తు', '|'), ('న', '|'), ('పు', 'U'), ('ట్టె', '|'), ('జె', '|'), ('లి', '|'), ('మి', '|'), ('ద', '|'), ('లి', 'U'), ('ర్పన్', 'U'), ('చె', 'U'), ('ట్టు', '|'), ('ను', '|'), ('వి', 'U'), ('త్తు', '|'), ('ను', '|'), ('రెం', 'U'), ('డు', '|'), ('ను', '|'), ('పు', 'U'), ('ట్టి', '|'), ('న', '|'), ('వి', '|'), ('ధి', '|'), ('దె', '|'), ('లి', '|'), ('య', '|'), ('వ', '|'), ('ల', '|'), ('యు', '|'), ('భు', '|'), ('వి', '|'), ('లో', 'U'), ('వే', 'U'), ('మా', 'U')]",0.578125,-1.0,1.0,0.8125,0.0,0.5
aataveladi,"_x000D_
తలి గర్భమందుఁ దాఁబుట్టి నప్పుడు
_x000D_
మొదల బట్ట లేదు తుదను లేదు
_x000D_
నడుమ బట్టగట్ట నగుఁబాటు గాదటో
_x000D_
విశ్వదాభిరామ వినర వేమ.",vupajaathi,Vemana,"[('త', '|'), ('లి', '|'), ('గ', 'U'), ('ర్భ', '|'), ('మం', 'U'), ('దు', '|'), ('దా', 'U'), ('బు', 'U'), ('ట్టి', '|'), ('న', 'U'), ('ప్పు', '|'), ('డు', '|'), ('మొ', '|'), ('ద', '|'), ('ల', '|'), ('బ', 'U'), ('ట్ట', '|'), ('లే', 'U'), ('దు', '|'), ('తు', '|'), ('ద', '|'), ('ను', '|'), ('లే', 'U'), ('దు', '|'), ('న', '|'), ('డు', '|'), ('మ', '|'), ('బ', 'U'), ('ట్ట', '|'), ('గ', 'U'), ('ట్ట', '|'), ('న', '|'), ('గు', '|'), ('బా', 'U'), ('టు', '|'), ('గా', 'U'), ('ద', '|'), ('టో', 'U'), ('వి', 'U'), ('శ్వ', '|'), ('దా', 'U'), ('భి', '|'), ('రా', 'U'), ('మ', '|'), ('వి', '|'), ('న', '|'), ('ర', '|'), ('వే', 'U'), ('మ', '|')]",0.5,-1.0,1.0,0.5,0.0,-1.0
aataveladi,"_x000D_
తవిటి కరయఁ బోఁవ దండులంబుల గంప
_x000D_
శ్వానమాశ్రయించు సామ్యమునకు
_x000D_
కోమటింటి సొమ్ము క్రూరులపా లౌను
_x000D_
విశ్వదాభిరామ వినర వేమ.",vupajaathi,Vemana,"[('త', '|'), ('వి', '|'), ('టి', '|'), ('క', '|'), ('ర', '|'), ('య', '|'), ('బో', 'U'), ('వ', '|'), ('దం', 'U'), ('డు', '|'), ('లం', 'U'), ('బు', '|'), ('ల', '|'), ('గం', 'U'), ('ప', 'U'), ('శ్వా', 'U'), ('న', '|'), ('మా', 'U'), ('శ్ర', '|'), ('యిం', 'U'), ('చు', '|'), ('సా', 'U'), ('మ్య', '|'), ('ము', '|'), ('న', '|'), ('కు', '|'), ('కో', 'U'), ('మ', '|'), ('టిం', 'U'), ('టి', '|'), ('సొ', 'U'), ('మ్ము', '|'), ('క్రూ', 'U'), ('రు', '|'), ('ల', '|'), ('పా', 'U'), ('లౌ', 'U'), ('ను', '|'), ('వి', 'U'), ('శ్వ', '|'), ('దా', 'U'), ('భి', '|'), ('రా', 'U'), ('మ', '|'), ('వి', '|'), ('న', '|'), ('ర', '|'), ('వే', 'U'), ('మ', '|')]",0.9833333333333334,-1.0,1.0,0.95,1.0,-1.0
aataveladi,"_x000D_
బాపఁ డెముకకూడు భక్షించుచుండును
_x000D_
పేరటంబుఁబోవు పెండ్లి మగువ
_x000D_
కులము మానము వీడ కోర్కెలు మెండాయె
_x000D_
విశ్వదాభిరామ వినర వేమ.",vupajaathi,Vemana,"[('బా', 'U'), ('ప', '|'), ('డె', '|'), ('ము', '|'), ('క', '|'), ('కూ', 'U'), ('డు', '|'), ('భ', 'U'), ('క్షిం', 'U'), ('చు', '|'), ('చుం', 'U'), ('డు', '|'), ('ను', '|'), ('పే', 'U'), ('ర', '|'), ('టం', 'U'), ('బు', '|'), ('బో', 'U'), ('వు', '|'), ('పెం', 'U'), ('డ్లి', '|'), ('మ', '|'), ('గు', '|'), ('వ', '|'), ('కు', '|'), ('ల', '|'), ('ము', '|'), ('మా', 'U'), ('న', '|'), ('ము', '|'), ('వీ', 'U'), ('డ', '|'), ('కో', 'U'), ('ర్కె', '|'), ('లు', '|'), ('మెం', 'U'), ('డా', 'U'), ('యె', '|'), ('వి', 'U'), ('శ్వ', '|'), ('దా', 'U'), ('భి', '|'), ('రా', 'U'), ('మ', '|'), ('వి', '|'), ('న', '|'), ('ర', '|'), ('వే', 'U'), ('మ', '|')]",0.9833333333333334,-1.0,1.0,0.95,1.0,-1.0
aataveladi,"_x000D_
మద్యమాంసరుచిని మాదిగె దైవాల
_x000D_
యెంగిలిదినువారి దెట్టికులము
_x000D_
భక్తిని హరిఁగొల్చి భవ్యులుగారైరి
_x000D_
విశ్వదాభిరామ వినర వేమ.",vupajaathi,Vemana,"[('మ', 'U'), ('ద్య', '|'), ('మాం', 'U'), ('స', '|'), ('రు', '|'), ('చి', '|'), ('ని', '|'), ('మా', 'U'), ('ది', '|'), ('గె', '|'), ('దై', 'U'), ('వా', 'U'), ('ల', '|'), ('యెం', 'U'), ('గి', '|'), ('లి', '|'), ('ది', '|'), ('ను', '|'), ('వా', 'U'), ('రి', '|'), ('దె', 'U'), ('ట్టి', '|'), ('కు', '|'), ('ల', '|'), ('ము', '|'), ('భ', 'U'), ('క్తి', '|'), ('ని', '|'), ('హ', '|'), ('రి', '|'), ('గొ', 'U'), ('ల్చి', '|'), ('భ', 'U'), ('వ్యు', '|'), ('లు', '|'), ('గా', 'U'), ('రై', 'U'), ('రి', '|'), ('వి', 'U'), ('శ్వ', '|'), ('దా', 'U'), ('భి', '|'), ('రా', 'U'), ('మ', '|'), ('వి', '|'), ('న', '|'), ('ర', '|'), ('వే', 'U'), ('మ', '|')]",0.9166666666666666,-1.0,1.0,1.0,0.75,-1.0
aataveladi,"_x000D_
ప్రళయకాలమందు ప్రమధులచేతను
_x000D_
నష్టమైరిగాదె నాటిజనులు
_x000D_
తెలియనేరరైరి దేవుని ద్విజులెల్ల
_x000D_
విశ్వదాభిరామ వినర వేమ.",vupajaathi,Vemana,"[('ప్ర', '|'), ('ళ', '|'), ('య', '|'), ('కా', 'U'), ('ల', '|'), ('మం', 'U'), ('దు', '|'), ('ప్ర', '|'), ('మ', '|'), ('ధు', '|'), ('ల', '|'), ('చే', 'U'), ('త', '|'), ('ను', '|'), ('న', 'U'), ('ష్ట', '|'), ('మై', 'U'), ('రి', '|'), ('గా', 'U'), ('దె', '|'), ('నా', 'U'), ('టి', '|'), ('జ', '|'), ('ను', '|'), ('లు', '|'), ('తె', '|'), ('లి', '|'), ('య', '|'), ('నే', 'U'), ('ర', '|'), ('రై', 'U'), ('రి', '|'), ('దే', 'U'), ('వు', '|'), ('ని', 'U'), ('ద్వి', '|'), ('జు', '|'), ('లె', 'U'), ('ల్ల', '|'), ('వి', 'U'), ('శ్వ', '|'), ('దా', 'U'), ('భి', '|'), ('రా', 'U'), ('మ', '|'), ('వి', '|'), ('న', '|'), ('ర', '|'), ('వే', 'U'), ('మ', '|')]",1.0,-1.0,1.0,1.0,1.0,-1.0
aataveladi,"_x000D_
వైష్ణవుల మటంచు వార్తమాత్రమె కాని
_x000D_
భ్రష్టు లంతకన్న వేఱులేరు
_x000D_
చారు బలమదైన నీరుగాఁ బోవునా
_x000D_
విశ్వదాభిరామ వినర వేమ.",vupajaathi,Vemana,"[('వై', 'U'), ('ష్ణ', '|'), ('వు', '|'), ('ల', '|'), ('మ', '|'), ('టం', 'U'), ('చు', '|'), ('వా', 'U'), ('ర్త', '|'), ('మా', 'U'), ('త్ర', '|'), ('మె', '|'), ('కా', 'U'), ('ని', '|'), ('భ్ర', 'U'), ('ష్టు', '|'), ('లం', 'U'), ('త', '|'), ('క', 'U'), ('న్న', '|'), ('వే', 'U'), ('ఱు', '|'), ('లే', 'U'), ('రు', '|'), ('చా', 'U'), ('రు', '|'), ('బ', '|'), ('ల', '|'), ('మ', '|'), ('దై', 'U'), ('న', '|'), ('నీ', 'U'), ('రు', '|'), ('గా', 'U'), ('బో', 'U'), ('వు', '|'), ('నా', 'U'), ('వి', 'U'), ('శ్వ', '|'), ('దా', 'U'), ('భి', '|'), ('రా', 'U'), ('మ', '|'), ('వి', '|'), ('న', '|'), ('ర', '|'), ('వే', 'U'), ('మ', '|')]",0.9166666666666666,-1.0,1.0,1.0,0.75,-1.0
aataveladi,"_x000D_
బ్రహ్మ యెవనికొడుకు పరికింపఁగా భువి
_x000D_
విష్ణు వెవనికొడుకు వెలయఁజూడ
_x000D_
శివుఁడు నెవనికొడుకు సిగ్గెఱుఁగరు జనుల్‌
_x000D_
విశ్వదాభిరామ వినర వేమ.",vupajaathi,Vemana,"[('బ్ర', 'U'), ('హ్మ', '|'), ('యె', '|'), ('వ', '|'), ('ని', '|'), ('కొ', '|'), ('డు', '|'), ('కు', '|'), ('ప', '|'), ('రి', '|'), ('కిం', 'U'), ('ప', '|'), ('గా', 'U'), ('భు', '|'), ('వి', '|'), ('వి', 'U'), ('ష్ణు', '|'), ('వె', '|'), ('వ', '|'), ('ని', '|'), ('కొ', '|'), ('డు', '|'), ('కు', '|'), ('వె', '|'), ('ల', '|'), ('య', '|'), ('జూ', 'U'), ('డ', '|'), ('శి', '|'), ('వు', '|'), ('డు', '|'), ('నె', '|'), ('వ', '|'), ('ని', '|'), ('కొ', '|'), ('డు', '|'), ('కు', '|'), ('సి', 'U'), ('గ్గె', '|'), ('ఱు', '|'), ('గ', '|'), ('రు', '|'), ('జ', '|'), ('నుల్', 'U'), ('వి', 'U'), ('శ్వ', '|'), ('దా', 'U'), ('భి', '|'), ('రా', 'U'), ('మ', '|'), ('వి', '|'), ('న', '|'), ('ర', '|'), ('వే', 'U'), ('మ', '|')]",1.0,-1.0,1.0,1.0,1.0,-1.0
aataveladi,"_x000D_
సోమయాజిని బట్టి సొడ్డు వేసెను రంభ
_x000D_
యందె సోమయా జనంగఁబట్టి
_x000D_
క్రతువుఁజేయు ఫలము గల్గెరా చేసెఁత
_x000D_
విశ్వదాభిరామ వినర వేమ.",vupajaathi,Vemana,"[('సో', 'U'), ('మ', '|'), ('యా', 'U'), ('జి', '|'), ('ని', '|'), ('బ', 'U'), ('ట్టి', '|'), ('సొ', 'U'), ('డ్డు', '|'), ('వే', 'U'), ('సె', '|'), ('ను', '|'), ('రం', 'U'), ('భ', '|'), ('యం', 'U'), ('దె', '|'), ('సో', 'U'), ('మ', '|'), ('యా', 'U'), ('జ', '|'), ('నం', 'U'), ('గ', '|'), ('బ', 'U'), ('ట్టి', '|'), ('క్ర', '|'), ('తు', '|'), ('వు', '|'), ('జే', 'U'), ('యు', '|'), ('ఫ', '|'), ('ల', '|'), ('ము', '|'), ('గ', 'U'), ('ల్గె', '|'), ('రా', 'U'), ('చే', 'U'), ('సె', '|'), ('త', '|'), ('వి', 'U'), ('శ్వ', '|'), ('దా', 'U'), ('భి', '|'), ('రా', 'U'), ('మ', '|'), ('వి', '|'), ('న', '|'), ('ర', '|'), ('వే', 'U'), ('మ', '|')]",0.9,-1.0,1.0,0.95,0.75,-1.0
aataveladi,"_x000D_
మునిఁగి బ్రాహ్మణుండు ముందుఁగానకపోయె
_x000D_
తిరిగి తిరిగి యతఁడు ద్రిమ్మ రాయె
_x000D_
కూసికూసితుదకు కుక్కయై పోయెరా
_x000D_
విశ్వదాభిరామ వినర వేమ.",vupajaathi,Vemana,"[('ము', '|'), ('ని', '|'), ('గి', '|'), ('బ్రా', 'U'), ('హ్మ', '|'), ('ణుం', 'U'), ('డు', '|'), ('ముం', 'U'), ('దు', '|'), ('గా', 'U'), ('న', '|'), ('క', '|'), ('పో', 'U'), ('యె', '|'), ('తి', '|'), ('రి', '|'), ('గి', '|'), ('తి', '|'), ('రి', '|'), ('గి', '|'), ('య', '|'), ('త', '|'), ('డు', '|'), ('ద్రి', 'U'), ('మ్మ', '|'), ('రా', 'U'), ('యె', '|'), ('కూ', 'U'), ('సి', '|'), ('కూ', 'U'), ('సి', '|'), ('తు', '|'), ('ద', '|'), ('కు', '|'), ('కు', 'U'), ('క్క', '|'), ('యై', 'U'), ('పో', 'U'), ('యె', '|'), ('రా', 'U'), ('వి', 'U'), ('శ్వ', '|'), ('దా', 'U'), ('భి', '|'), ('రా', 'U'), ('మ', '|'), ('వి', '|'), ('న', '|'), ('ర', '|'), ('వే', 'U'), ('మ', '|')]",1.0,-1.0,1.0,1.0,1.0,-1.0
aataveladi,"_x000D_
చచ్చువారిఁజూచి చావని పుట్టని
_x000D_
తత్వ మెల్ల నాత్మఁ దలఁపుఁ జేసి
_x000D_
యరసి చూచినట్టి యతనికి మోక్షంబు
_x000D_
విశ్వదాభిరామ వినర వేమ.",vupajaathi,Vemana,"[('చ', 'U'), ('చ్చు', '|'), ('వా', 'U'), ('రి', '|'), ('జూ', 'U'), ('చి', '|'), ('చా', 'U'), ('వ', '|'), ('ని', '|'), ('పు', 'U'), ('ట్ట', '|'), ('ని', '|'), ('త', 'U'), ('త్వ', '|'), ('మె', 'U'), ('ల్ల', '|'), ('నా', 'U'), ('త్మ', '|'), ('ద', '|'), ('ల', '|'), ('పు', '|'), ('జే', 'U'), ('సి', '|'), ('య', '|'), ('ర', '|'), ('సి', '|'), ('చూ', 'U'), ('చి', '|'), ('న', 'U'), ('ట్టి', '|'), ('య', '|'), ('త', '|'), ('ని', '|'), ('కి', '|'), ('మో', 'U'), ('క్షం', 'U'), ('బు', '|'), ('వి', 'U'), ('శ్వ', '|'), ('దా', 'U'), ('భి', '|'), ('రా', 'U'), ('మ', '|'), ('వి', '|'), ('న', '|'), ('ర', '|'), ('వే', 'U'), ('మ', '|')]",1.0,-1.0,1.0,1.0,1.0,-1.0
kandamu,"_x000D_
కప్పయు పామును బోరఁగ
_x000D_
కప్పను నాపాముమ్రింగె కడువేడుకతో
_x000D_
కప్పను చెడలందిగిచెడి
_x000D_
విప్పను నా చొప్పు దెలియ వేమననేర్చు\న్‌.",jaathi,Vemana,"[('క', 'U'), ('ప్ప', '|'), ('యు', '|'), ('పా', 'U'), ('ము', '|'), ('ను', '|'), ('బో', 'U'), ('ర', '|'), ('గ', '|'), ('క', 'U'), ('ప్ప', '|'), ('ను', '|'), ('నా', 'U'), ('పా', 'U'), ('ము', '|'), ('మ్రిం', 'U'), ('గె', '|'), ('క', '|'), ('డు', '|'), ('వే', 'U'), ('డు', '|'), ('క', '|'), ('తో', 'U'), ('క', 'U'), ('ప్ప', '|'), ('ను', '|'), ('చె', '|'), ('డ', '|'), ('లం', 'U'), ('ది', '|'), ('గి', '|'), ('చె', '|'), ('డి', '|'), ('వి', 'U'), ('ప్ప', '|'), ('ను', '|'), ('నా', 'U'), ('చొ', 'U'), ('ప్పు', '|'), ('దె', '|'), ('లి', '|'), ('య', '|'), ('వే', 'U'), ('మ', '|'), ('న', '|'), ('నే', 'U'), ('ర్చున్', 'U')]",1.0,-1.0,1.0,1.0,1.0,1.0
aataveladi,"_x000D_
మన్ను మిన్ను నంటి మహిమీఁద నొకకోట
_x000D_
కొమ్మ లమరియుండు కొనలుసాగి
_x000D_
దివ్వెలేని వెలుఁగు తేజరిల్లుచు నుండు
_x000D_
విశ్వదాభిరామ వినర వేమ.",vupajaathi,Vemana,"[('మ', 'U'), ('న్ను', '|'), ('మి', 'U'), ('న్ను', '|'), ('నం', 'U'), ('టి', '|'), ('మ', '|'), ('హి', '|'), ('మీ', 'U'), ('ద', '|'), ('నొ', '|'), ('క', '|'), ('కో', 'U'), ('ట', '|'), ('కొ', 'U'), ('మ్మ', '|'), ('ల', '|'), ('మ', '|'), ('రి', '|'), ('యుం', 'U'), ('డు', '|'), ('కొ', '|'), ('న', '|'), ('లు', '|'), ('సా', 'U'), ('గి', '|'), ('ది', 'U'), ('వ్వె', '|'), ('లే', 'U'), ('ని', '|'), ('వె', '|'), ('లు', '|'), ('గు', '|'), ('తే', 'U'), ('జ', '|'), ('రి', 'U'), ('ల్లు', '|'), ('చు', '|'), ('నుం', 'U'), ('డు', '|'), ('వి', 'U'), ('శ్వ', '|'), ('దా', 'U'), ('భి', '|'), ('రా', 'U'), ('మ', '|'), ('వి', '|'), ('న', '|'), ('ర', '|'), ('వే', 'U'), ('మ', '|')]",1.0,-1.0,1.0,1.0,1.0,-1.0
aataveladi,"_x000D_
మొదలమ్రాను నగును తుద పక్షియును గాదు
_x000D_
నోరు లేదు పండ్లు నాఱు గలుగు
_x000D_
జీవమొకటిలేదు జీవులఁజంపురా
_x000D_
విశ్వదాభిరామ వినర వేమ.",vupajaathi,Vemana,"[('మొ', '|'), ('ద', '|'), ('ల', '|'), ('మ్రా', 'U'), ('ను', '|'), ('న', '|'), ('గు', '|'), ('ను', '|'), ('తు', '|'), ('ద', '|'), ('ప', 'U'), ('క్షి', '|'), ('యు', '|'), ('ను', '|'), ('గా', 'U'), ('దు', '|'), ('నో', 'U'), ('రు', '|'), ('లే', 'U'), ('దు', '|'), ('పం', 'U'), ('డ్లు', '|'), ('నా', 'U'), ('ఱు', '|'), ('గ', '|'), ('లు', '|'), ('గు', '|'), ('జీ', 'U'), ('వ', '|'), ('మొ', '|'), ('క', '|'), ('టి', '|'), ('లే', 'U'), ('దు', '|'), ('జీ', 'U'), ('వు', '|'), ('ల', '|'), ('జం', 'U'), ('పు', '|'), ('రా', 'U'), ('వి', 'U'), ('శ్వ', '|'), ('దా', 'U'), ('భి', '|'), ('రా', 'U'), ('మ', '|'), ('వి', '|'), ('న', '|'), ('ర', '|'), ('వే', 'U'), ('మ', '|')]",0.9166666666666666,-1.0,1.0,1.0,0.75,-1.0
aataveladi,"_x000D_
కాలు చేయి లేదు కంచుకంబు గలదు
_x000D_
కొమ్మ లేదు ఉరికి చిమ్ము వేగ
_x000D_
గరిడిలేక చంపుఁగడు పెద్దచోద్యమౌ
_x000D_
విశ్వదాభిరామ వినర వేమ.",vupajaathi,Vemana,"[('కా', 'U'), ('లు', '|'), ('చే', 'U'), ('యి', '|'), ('లే', 'U'), ('దు', '|'), ('కం', 'U'), ('చు', '|'), ('కం', 'U'), ('బు', '|'), ('గ', '|'), ('ల', '|'), ('దు', '|'), ('కొ', 'U'), ('మ్మ', '|'), ('లే', 'U'), ('దు', '|'), ('ఉ', '|'), ('రి', '|'), ('కి', '|'), ('చి', 'U'), ('మ్ము', '|'), ('వే', 'U'), ('గ', '|'), ('గ', '|'), ('రి', '|'), ('డి', '|'), ('లే', 'U'), ('క', '|'), ('చం', 'U'), ('పు', '|'), ('గ', '|'), ('డు', '|'), ('పె', 'U'), ('ద్ద', '|'), ('చో', 'U'), ('ద్య', '|'), ('మౌ', 'U'), ('వి', 'U'), ('శ్వ', '|'), ('దా', 'U'), ('భి', '|'), ('రా', 'U'), ('మ', '|'), ('వి', '|'), ('న', '|'), ('ర', '|'), ('వే', 'U'), ('మ', '|')]",1.0,-1.0,1.0,1.0,1.0,-1.0
aataveladi,"_x000D_
వాఁత నాకు మేను వలపట మెడవాఁడు
_x000D_
ఒంటికాలువాఁడు నొప్పుచుండు
_x000D_
రాజసభలయందె రంజిల్ల మాట్లాడు
_x000D_
విశ్వదాభిరామ వినర వేమ.",vupajaathi,Vemana,"[('వా', 'U'), ('త', '|'), ('నా', 'U'), ('కు', '|'), ('మే', 'U'), ('ను', '|'), ('వ', '|'), ('ల', '|'), ('ప', '|'), ('ట', '|'), ('మె', '|'), ('డ', '|'), ('వా', 'U'), ('డు', '|'), ('ఒం', 'U'), ('టి', '|'), ('కా', 'U'), ('లు', '|'), ('వా', 'U'), ('డు', '|'), ('నొ', 'U'), ('ప్పు', '|'), ('చుం', 'U'), ('డు', '|'), ('రా', 'U'), ('జ', '|'), ('స', '|'), ('భ', '|'), ('ల', '|'), ('యం', 'U'), ('దె', '|'), ('రం', 'U'), ('జి', 'U'), ('ల్ల', '|'), ('మా', 'U'), ('ట్లా', 'U'), ('డు', '|'), ('వి', 'U'), ('శ్వ', '|'), ('దా', 'U'), ('భి', '|'), ('రా', 'U'), ('మ', '|'), ('వి', '|'), ('న', '|'), ('ర', '|'), ('వే', 'U'), ('మ', '|')]",0.9166666666666666,-1.0,1.0,1.0,0.75,-1.0
aataveladi,"_x000D_
బ్రహ్మ గుఱ్ఱ మాయె భవుఁడు పల్లం బాయె
_x000D_
నాదివిష్ణువెన్న నంకె మాయె
_x000D_
నందు మీఁదివాఁడు నాఁడుదో మగవాఁడొ
_x000D_
విశ్వదాభిరామ వినర వేమ.",vupajaathi,Vemana,"[('బ్ర', 'U'), ('హ్మ', '|'), ('గు', 'U'), ('ఱ్ఱ', '|'), ('మా', 'U'), ('యె', '|'), ('భ', '|'), ('వు', '|'), ('డు', '|'), ('ప', 'U'), ('ల్లం', 'U'), ('బా', 'U'), ('యె', '|'), ('నా', 'U'), ('ది', '|'), ('వి', 'U'), ('ష్ణు', '|'), ('వె', 'U'), ('న్న', '|'), ('నం', 'U'), ('కె', '|'), ('మా', 'U'), ('యె', '|'), ('నం', 'U'), ('దు', '|'), ('మీ', 'U'), ('ది', '|'), ('వా', 'U'), ('డు', '|'), ('నా', 'U'), ('డు', '|'), ('దో', 'U'), ('మ', '|'), ('గ', '|'), ('వా', 'U'), ('డొ', '|'), ('వి', 'U'), ('శ్వ', '|'), ('దా', 'U'), ('భి', '|'), ('రా', 'U'), ('మ', '|'), ('వి', '|'), ('న', '|'), ('ర', '|'), ('వే', 'U'), ('మ', '|')]",1.0,-1.0,1.0,1.0,1.0,-1.0
aataveladi,"_x000D_
రమణి నవ్వుచుండు రమణుఁడు నేడ్చును
_x000D_
రమణ సేయుచుండు ఱంకుమీర
_x000D_
ఱంకు చూడఁగానె పరమైన తత్వంబు
_x000D_
విశ్వదాభిరామ వినర వేమ.",vupajaathi,Vemana,"[('ర', '|'), ('మ', '|'), ('ణి', '|'), ('న', 'U'), ('వ్వు', '|'), ('చుం', 'U'), ('డు', '|'), ('ర', '|'), ('మ', '|'), ('ణు', '|'), ('డు', '|'), ('నే', 'U'), ('డ్చు', '|'), ('ను', '|'), ('ర', '|'), ('మ', '|'), ('ణ', '|'), ('సే', 'U'), ('యు', '|'), ('చుం', 'U'), ('డు', '|'), ('ఱం', 'U'), ('కు', '|'), ('మీ', 'U'), ('ర', '|'), ('ఱం', 'U'), ('కు', '|'), ('చూ', 'U'), ('డ', '|'), ('గా', 'U'), ('నె', '|'), ('ప', '|'), ('ర', '|'), ('మై', 'U'), ('న', '|'), ('త', 'U'), ('త్వం', 'U'), ('బు', '|'), ('వి', 'U'), ('శ్వ', '|'), ('దా', 'U'), ('భి', '|'), ('రా', 'U'), ('మ', '|'), ('వి', '|'), ('న', '|'), ('ర', '|'), ('వే', 'U'), ('మ', '|')]",0.9166666666666666,-1.0,1.0,1.0,0.75,-1.0
aataveladi,"_x000D_
రూపులేని వనితరూఢి పతివ్రత
_x000D_
నీటు లేనివాఁడు బంటు కాఁడు
_x000D_
తెలుప వచ్చువాఁడు దేవరబంటురా
_x000D_
విశ్వదాభిరామ వినర వేమ.",vupajaathi,Vemana,"[('రూ', 'U'), ('పు', '|'), ('లే', 'U'), ('ని', '|'), ('వ', '|'), ('ని', '|'), ('త', '|'), ('రూ', 'U'), ('ఢి', '|'), ('ప', '|'), ('తి', '|'), ('వ్ర', '|'), ('త', '|'), ('నీ', 'U'), ('టు', '|'), ('లే', 'U'), ('ని', '|'), ('వా', 'U'), ('డు', '|'), ('బం', 'U'), ('టు', '|'), ('కా', 'U'), ('డు', '|'), ('తె', '|'), ('లు', '|'), ('ప', '|'), ('వ', 'U'), ('చ్చు', '|'), ('వా', 'U'), ('డు', '|'), ('దే', 'U'), ('వ', '|'), ('ర', '|'), ('బం', 'U'), ('టు', '|'), ('రా', 'U'), ('వి', 'U'), ('శ్వ', '|'), ('దా', 'U'), ('భి', '|'), ('రా', 'U'), ('మ', '|'), ('వి', '|'), ('న', '|'), ('ర', '|'), ('వే', 'U'), ('మ', '|')]",0.6666666666666666,-1.0,1.0,0.75,0.25,-1.0
aataveladi,"_x000D_
ఇహమునందు నేమి యిడుములఁ బడినను
_x000D_
పరమ సాధనార్హ పదవి గాదు
_x000D_
పరులుకారు నెట్టి వెరవునఁ జూచిన
_x000D_
విశ్వదాభిరామ వినర వేమ.",vupajaathi,Vemana,"[('ఇ', '|'), ('హ', '|'), ('ము', '|'), ('నం', 'U'), ('దు', '|'), ('నే', 'U'), ('మి', '|'), ('యి', '|'), ('డు', '|'), ('ము', '|'), ('ల', '|'), ('బ', '|'), ('డి', '|'), ('న', '|'), ('ను', '|'), ('ప', '|'), ('ర', '|'), ('మ', '|'), ('సా', 'U'), ('ధ', '|'), ('నా', 'U'), ('ర్హ', '|'), ('ప', '|'), ('ద', '|'), ('వి', '|'), ('గా', 'U'), ('దు', '|'), ('ప', '|'), ('రు', '|'), ('లు', '|'), ('కా', 'U'), ('రు', '|'), ('నె', 'U'), ('ట్టి', '|'), ('వె', '|'), ('ర', '|'), ('వు', '|'), ('న', '|'), ('జూ', 'U'), ('చి', '|'), ('న', '|'), ('వి', 'U'), ('శ్వ', '|'), ('దా', 'U'), ('భి', '|'), ('రా', 'U'), ('మ', '|'), ('వి', '|'), ('న', '|'), ('ర', '|'), ('వే', 'U'), ('మ', '|')]",0.9166666666666666,-1.0,1.0,1.0,0.75,-1.0
aataveladi,"_x000D_
సతి యొనర్చు చెడ్డ పతి కవశ్యము వచ్చు
_x000D_
పతియొనర్చు మంచి సతికి సగము
_x000D_
పతి యొనర్చు చెడ్డ సతి కేల రాదురా
_x000D_
విశ్వదాభిరామ వినర వేమ.",vupajaathi,Vemana,"[('స', '|'), ('తి', '|'), ('యొ', '|'), ('న', 'U'), ('ర్చు', '|'), ('చె', 'U'), ('డ్డ', '|'), ('ప', '|'), ('తి', '|'), ('క', '|'), ('వ', 'U'), ('శ్య', '|'), ('ము', '|'), ('వ', 'U'), ('చ్చు', '|'), ('ప', '|'), ('తి', '|'), ('యొ', '|'), ('న', 'U'), ('ర్చు', '|'), ('మం', 'U'), ('చి', '|'), ('స', '|'), ('తి', '|'), ('కి', '|'), ('స', '|'), ('గ', '|'), ('ము', '|'), ('ప', '|'), ('తి', '|'), ('యొ', '|'), ('న', 'U'), ('ర్చు', '|'), ('చె', 'U'), ('డ్డ', '|'), ('స', '|'), ('తి', '|'), ('కే', 'U'), ('ల', '|'), ('రా', 'U'), ('దు', '|'), ('రా', 'U'), ('వి', 'U'), ('శ్వ', '|'), ('దా', 'U'), ('భి', '|'), ('రా', 'U'), ('మ', '|'), ('వి', '|'), ('న', '|'), ('ర', '|'), ('వే', 'U'), ('మ', '|')]",1.0,-1.0,1.0,1.0,1.0,-1.0
champakamaala,"_x000D_
కురుపులు గండముల్‌ కఠినకష్టపు రోగము లెన్నివచ్చిన\న్‌
_x000D_
గరిమను జీవరాసులకు గట్టిగ నాయువు గల్గినంత వే
_x000D_
మరు వగవంగ నేల క్షుధమాయను లేదననేల మూఢుఁడై
_x000D_
యరయ దయాళుఁడైన పరమాత్ముఁడె యొక్కఁడు దిక్కు వేమా.",vruttamu,Vemana,"[('కు', '|'), ('రు', '|'), ('పు', '|'), ('లు', '|'), ('గం', 'U'), ('డ', '|'), ('ము', 'U'), ('ల్క', '|'), ('ఠి', '|'), ('న', '|'), ('క', 'U'), ('ష్ట', '|'), ('పు', '|'), ('రో', 'U'), ('గ', '|'), ('ము', '|'), ('లె', 'U'), ('న్ని', '|'), ('వ', 'U'), ('చ్చి', '|'), ('నన్', 'U'), ('గ', '|'), ('రి', '|'), ('మ', '|'), ('ను', '|'), ('జీ', 'U'), ('వ', '|'), ('రా', 'U'), ('సు', '|'), ('ల', '|'), ('కు', '|'), ('గ', 'U'), ('ట్టి', '|'), ('గ', '|'), ('నా', 'U'), ('యు', '|'), ('వు', '|'), ('గ', 'U'), ('ల్గి', '|'), ('నం', 'U'), ('త', '|'), ('వే', 'U'), ('మ', '|'), ('రు', '|'), ('వ', '|'), ('గ', '|'), ('వం', 'U'), ('గ', '|'), ('నే', 'U'), ('ల', 'U'), ('క్షు', '|'), ('ధ', '|'), ('మా', 'U'), ('య', '|'), ('ను', '|'), ('లే', 'U'), ('ద', '|'), ('న', '|'), ('నే', 'U'), ('ల', '|'), ('మూ', 'U'), ('ఢు', '|'), ('డై', 'U'), ('య', '|'), ('ర', '|'), ('య', '|'), ('ద', '|'), ('యా', 'U'), ('ళు', '|'), ('డై', 'U'), ('న', '|'), ('ప', '|'), ('ర', '|'), ('మా', 'U'), ('త్ము', '|'), ('డె', '|'), ('యొ', 'U'), ('క్క', '|'), ('డు', '|'), ('ది', 'U'), ('క్కు', '|'), ('వే', 'U'), ('మా', 'U')]",0.8833333333333334,0.9880952380952381,1.0,0.9285714285714286,0.5,1.0
aataveladi,"_x000D_
ఘటము జలములందు గగనంబు కనఁబడు
_x000D_
ఘటము జలము లేమి గగనమేది
_x000D_
ఘటములోన జ్యోతిఁ గ్రమమునఁ దెలియుఁడీ
_x000D_
విశ్వదాభిరామ వినర వేమ.",vupajaathi,Vemana,"[('ఘ', '|'), ('ట', '|'), ('ము', '|'), ('జ', '|'), ('ల', '|'), ('ము', '|'), ('లం', 'U'), ('దు', '|'), ('గ', '|'), ('గ', '|'), ('నం', 'U'), ('బు', '|'), ('క', '|'), ('న', '|'), ('బ', '|'), ('డు', '|'), ('ఘ', '|'), ('ట', '|'), ('ము', '|'), ('జ', '|'), ('ల', '|'), ('ము', '|'), ('లే', 'U'), ('మి', '|'), ('గ', '|'), ('గ', '|'), ('న', '|'), ('మే', 'U'), ('ది', '|'), ('ఘ', '|'), ('ట', '|'), ('ము', '|'), ('లో', 'U'), ('న', 'U'), ('జ్యో', 'U'), ('తి', '|'), ('గ్ర', '|'), ('మ', '|'), ('ము', '|'), ('న', '|'), ('దె', '|'), ('లి', '|'), ('యు', '|'), ('డీ', 'U'), ('వి', 'U'), ('శ్వ', '|'), ('దా', 'U'), ('భి', '|'), ('రా', 'U'), ('మ', '|'), ('వి', '|'), ('న', '|'), ('ర', '|'), ('వే', 'U'), ('మ', '|')]",0.7833333333333333,-1.0,1.0,0.85,0.5,-1.0
aataveladi,"_x000D_
ఘటముఁగాన్గఁజేసి కామ మెద్దుగఁజేసి
_x000D_
తెలిసి కర్మములను తిలలుఁ జేసి
_x000D_
తెలిసి గాను గాఁడు తిలకార కాత్మయు
_x000D_
విశ్వదాభిరామ వినర వేమ.",vupajaathi,Vemana,"[('ఘ', '|'), ('ట', '|'), ('ము', '|'), ('గా', 'U'), ('న్గ', '|'), ('జే', 'U'), ('సి', '|'), ('కా', 'U'), ('మ', '|'), ('మె', 'U'), ('ద్దు', '|'), ('గ', '|'), ('జే', 'U'), ('సి', '|'), ('తె', '|'), ('లి', '|'), ('సి', '|'), ('క', 'U'), ('ర్మ', '|'), ('ము', '|'), ('ల', '|'), ('ను', '|'), ('తి', '|'), ('ల', '|'), ('లు', '|'), ('జే', 'U'), ('సి', '|'), ('తె', '|'), ('లి', '|'), ('సి', '|'), ('గా', 'U'), ('ను', '|'), ('గా', 'U'), ('డు', '|'), ('తి', '|'), ('ల', '|'), ('కా', 'U'), ('ర', '|'), ('కా', 'U'), ('త్మ', '|'), ('యు', '|'), ('వి', 'U'), ('శ్వ', '|'), ('దా', 'U'), ('భి', '|'), ('రా', 'U'), ('మ', '|'), ('వి', '|'), ('న', '|'), ('ర', '|'), ('వే', 'U'), ('మ', '|')]",1.0,-1.0,1.0,1.0,1.0,-1.0
kandamu,"_x000D_
ఆమడ కామడ కడవులు
_x000D_
గ్రామంబులు చెరువు నదులు కర్మము లింతే
_x000D_
తా మెందులోనఁ దిరిగిన
_x000D_
వేమన తోడగుచువచ్చు వెంటనె వేమా.",jaathi,Vemana,"[('ఆ', 'U'), ('మ', '|'), ('డ', '|'), ('కా', 'U'), ('మ', '|'), ('డ', '|'), ('క', '|'), ('డ', '|'), ('వు', '|'), ('లు', '|'), ('గ్రా', 'U'), ('మం', 'U'), ('బు', '|'), ('లు', '|'), ('చె', '|'), ('రు', '|'), ('వు', '|'), ('న', '|'), ('దు', '|'), ('లు', '|'), ('క', 'U'), ('ర్మ', '|'), ('ము', '|'), ('లిం', 'U'), ('తే', 'U'), ('తా', 'U'), ('మెం', 'U'), ('దు', '|'), ('లో', 'U'), ('న', '|'), ('ది', '|'), ('రి', '|'), ('గి', '|'), ('న', '|'), ('వే', 'U'), ('మ', '|'), ('న', '|'), ('తో', 'U'), ('డ', '|'), ('గు', '|'), ('చు', '|'), ('వ', 'U'), ('చ్చు', '|'), ('వెం', 'U'), ('ట', '|'), ('నె', '|'), ('వే', 'U'), ('మా', 'U')]",1.0,-1.0,1.0,1.0,1.0,1.0
aataveladi,"_x000D_
ఆత్మ దేహమందు నతిసూక్ష్మముగఁ జూచి
_x000D_
దేహమాత్మయందుఁ దేటపరచి
_x000D_
యాత్మ నెందుఁ జూడ నతఁడెపో బ్రహ్మంబు
_x000D_
విశ్వదాభిరామ వినర వేమ.",vupajaathi,Vemana,"[('ఆ', 'U'), ('త్మ', '|'), ('దే', 'U'), ('హ', '|'), ('మం', 'U'), ('దు', '|'), ('న', '|'), ('తి', '|'), ('సూ', 'U'), ('క్ష్మ', '|'), ('ము', '|'), ('గ', '|'), ('జూ', 'U'), ('చి', '|'), ('దే', 'U'), ('హ', '|'), ('మా', 'U'), ('త్మ', '|'), ('యం', 'U'), ('దు', '|'), ('దే', 'U'), ('ట', '|'), ('ప', '|'), ('ర', '|'), ('చి', '|'), ('యా', 'U'), ('త్మ', '|'), ('నెం', 'U'), ('దు', '|'), ('జూ', 'U'), ('డ', '|'), ('న', '|'), ('త', '|'), ('డె', '|'), ('పో', 'U'), ('బ్ర', 'U'), ('హ్మం', 'U'), ('బు', '|'), ('వి', 'U'), ('శ్వ', '|'), ('దా', 'U'), ('భి', '|'), ('రా', 'U'), ('మ', '|'), ('వి', '|'), ('న', '|'), ('ర', '|'), ('వే', 'U'), ('మ', '|')]",0.8333333333333334,-1.0,1.0,1.0,0.5,-1.0
aataveladi,"_x000D_
పుడమి నుప్పరంబుఁ బురిగొల్పి జగముల
_x000D_
రక్ష సేయగల్గు రాజు లెవరు
_x000D_
మహిసతి యనుపేర మనుజున కేడదో
_x000D_
విశ్వదాభిరామ వినర వేమ.",vupajaathi,Vemana,"[('పు', '|'), ('డ', '|'), ('మి', '|'), ('ను', 'U'), ('ప్ప', '|'), ('రం', 'U'), ('బు', '|'), ('బు', '|'), ('రి', '|'), ('గొ', 'U'), ('ల్పి', '|'), ('జ', '|'), ('గ', '|'), ('ము', '|'), ('ల', '|'), ('ర', 'U'), ('క్ష', '|'), ('సే', 'U'), ('య', '|'), ('గ', 'U'), ('ల్గు', '|'), ('రా', 'U'), ('జు', '|'), ('లె', '|'), ('వ', '|'), ('రు', '|'), ('మ', '|'), ('హి', '|'), ('స', '|'), ('తి', '|'), ('య', '|'), ('ను', '|'), ('పే', 'U'), ('ర', '|'), ('మ', '|'), ('ను', '|'), ('జు', '|'), ('న', '|'), ('కే', 'U'), ('డ', '|'), ('దో', 'U'), ('వి', 'U'), ('శ్వ', '|'), ('దా', 'U'), ('భి', '|'), ('రా', 'U'), ('మ', '|'), ('వి', '|'), ('న', '|'), ('ర', '|'), ('వే', 'U'), ('మ', '|')]",1.0,-1.0,1.0,1.0,1.0,-1.0
aataveladi,"_x000D_
ఎఱుకయుండువాని కెఱుకయేయుండును
_x000D_
ఎఱుకలేనివాని కెఱుకలేదు
_x000D_
ఎఱుకలేని యెఱుక నెఱుగుట తత్వంబు
_x000D_
విశ్వదాభిరామ వినర వేమ.",vupajaathi,Vemana,"[('ఎ', '|'), ('ఱు', '|'), ('క', '|'), ('యుం', 'U'), ('డు', '|'), ('వా', 'U'), ('ని', '|'), ('కె', '|'), ('ఱు', '|'), ('క', '|'), ('యే', 'U'), ('యుం', 'U'), ('డు', '|'), ('ను', '|'), ('ఎ', '|'), ('ఱు', '|'), ('క', '|'), ('లే', 'U'), ('ని', '|'), ('వా', 'U'), ('ని', '|'), ('కె', '|'), ('ఱు', '|'), ('క', '|'), ('లే', 'U'), ('దు', '|'), ('ఎ', '|'), ('ఱు', '|'), ('క', '|'), ('లే', 'U'), ('ని', '|'), ('యె', '|'), ('ఱు', '|'), ('క', '|'), ('నె', '|'), ('ఱు', '|'), ('గు', '|'), ('ట', '|'), ('త', 'U'), ('త్వం', 'U'), ('బు', '|'), ('వి', 'U'), ('శ్వ', '|'), ('దా', 'U'), ('భి', '|'), ('రా', 'U'), ('మ', '|'), ('వి', '|'), ('న', '|'), ('ర', '|'), ('వే', 'U'), ('మ', '|')]",1.0,-1.0,1.0,1.0,1.0,-1.0
aataveladi,"_x000D_
గింజఁ జెడగనాడ గీడు తోడనె తాకు
_x000D_
గింజ గల్గియున్నఁ గీడుపోవు
_x000D_
గింజలు గలవాని లంజలపంచను
_x000D_
గంజి కుండ్రు జనులు కడఁగి వేమా.",vupajaathi,Vemana,"[('గిం', 'U'), ('జ', '|'), ('జె', '|'), ('డ', '|'), ('గ', '|'), ('నా', 'U'), ('డ', '|'), ('గీ', 'U'), ('డు', '|'), ('తో', 'U'), ('డ', '|'), ('నె', '|'), ('తా', 'U'), ('కు', '|'), ('గిం', 'U'), ('జ', '|'), ('గ', 'U'), ('ల్గి', '|'), ('యు', 'U'), ('న్న', '|'), ('గీ', 'U'), ('డు', '|'), ('పో', 'U'), ('వు', '|'), ('గిం', 'U'), ('జ', '|'), ('లు', '|'), ('గ', '|'), ('ల', '|'), ('వా', 'U'), ('ని', '|'), ('లం', 'U'), ('జ', '|'), ('ల', '|'), ('పం', 'U'), ('చ', '|'), ('ను', '|'), ('గం', 'U'), ('జి', '|'), ('కుం', 'U'), ('డ్రు', '|'), ('జ', '|'), ('ను', '|'), ('లు', '|'), ('క', '|'), ('డ', '|'), ('గి', '|'), ('వే', 'U'), ('మా', 'U')]",0.9833333333333334,-1.0,1.0,0.95,1.0,-1.0
aataveladi,"_x000D_
అధిక భుక్తిచేత మొదటి సొమ్ముకుహాని
_x000D_
కుదువసొమ్ము కొన్నఁ గొంత హాని
_x000D_
మొదటి పక్షమునను మూలకర్తకు హాని
_x000D_
విశ్వదాభిరామ వినర వేమ.",vupajaathi,Vemana,"[('అ', '|'), ('ధి', '|'), ('క', '|'), ('భు', 'U'), ('క్తి', '|'), ('చే', 'U'), ('త', '|'), ('మొ', '|'), ('ద', '|'), ('టి', '|'), ('సొ', 'U'), ('మ్ము', '|'), ('కు', '|'), ('హా', 'U'), ('ని', '|'), ('కు', '|'), ('దు', '|'), ('వ', '|'), ('సొ', 'U'), ('మ్ము', '|'), ('కొ', 'U'), ('న్న', '|'), ('గొం', 'U'), ('త', '|'), ('హా', 'U'), ('ని', '|'), ('మొ', '|'), ('ద', '|'), ('టి', '|'), ('ప', 'U'), ('క్ష', '|'), ('ము', '|'), ('న', '|'), ('ను', '|'), ('మూ', 'U'), ('ల', '|'), ('క', 'U'), ('ర్త', '|'), ('కు', '|'), ('హా', 'U'), ('ని', '|'), ('వి', 'U'), ('శ్వ', '|'), ('దా', 'U'), ('భి', '|'), ('రా', 'U'), ('మ', '|'), ('వి', '|'), ('న', '|'), ('ర', '|'), ('వే', 'U'), ('మ', '|')]",0.9166666666666666,-1.0,1.0,1.0,0.75,-1.0
aataveladi,"_x000D_
మనసులోని శివుని మానుగాఁ దెలిసిన
_x000D_
యోగియండ్రు వాని యుర్విజనులు
_x000D_
జీవునిన్నెఱుఁగ నీవెపో శివుఁడవు
_x000D_
విశ్వదాభిరామ వినర వేమ.",vupajaathi,Vemana,"[('మ', '|'), ('న', '|'), ('సు', '|'), ('లో', 'U'), ('ని', '|'), ('శి', '|'), ('వు', '|'), ('ని', '|'), ('మా', 'U'), ('ను', '|'), ('గా', 'U'), ('దె', '|'), ('లి', '|'), ('సి', '|'), ('న', '|'), ('యో', 'U'), ('గి', '|'), ('యం', 'U'), ('డ్రు', '|'), ('వా', 'U'), ('ని', '|'), ('యు', 'U'), ('ర్వి', '|'), ('జ', '|'), ('ను', '|'), ('లు', '|'), ('జీ', 'U'), ('వు', '|'), ('ని', 'U'), ('న్నె', '|'), ('ఱు', '|'), ('గ', '|'), ('నీ', 'U'), ('వె', '|'), ('పో', 'U'), ('శి', '|'), ('వు', '|'), ('డ', '|'), ('వు', '|'), ('వి', 'U'), ('శ్వ', '|'), ('దా', 'U'), ('భి', '|'), ('రా', 'U'), ('మ', '|'), ('వి', '|'), ('న', '|'), ('ర', '|'), ('వే', 'U'), ('మ', '|')]",0.7833333333333333,-1.0,1.0,0.85,0.5,-1.0
aataveladi,"_x000D_
పృథివి కుదక మేగె పృథివిపై మొలకెత్తె
_x000D_
మగుడ పృథివి కేగె మగఁడె సుతుఁడు
_x000D_
ధరణి జనులకెల్ల తల్లియ పెండ్లాము
_x000D_
విశ్వదాభిరామ వినర వేమ.",vupajaathi,Vemana,"[('పృ', '|'), ('థి', '|'), ('వి', '|'), ('కు', '|'), ('ద', '|'), ('క', '|'), ('మే', 'U'), ('గె', '|'), ('పృ', '|'), ('థి', '|'), ('వి', '|'), ('పై', 'U'), ('మొ', '|'), ('ల', '|'), ('కె', 'U'), ('త్తె', '|'), ('మ', '|'), ('గు', '|'), ('డ', '|'), ('పృ', '|'), ('థి', '|'), ('వి', '|'), ('కే', 'U'), ('గె', '|'), ('మ', '|'), ('గ', '|'), ('డె', '|'), ('సు', '|'), ('తు', '|'), ('డు', '|'), ('ధ', '|'), ('ర', '|'), ('ణి', '|'), ('జ', '|'), ('ను', '|'), ('ల', '|'), ('కె', 'U'), ('ల్ల', '|'), ('త', 'U'), ('ల్లి', '|'), ('య', '|'), ('పెం', 'U'), ('డ్లా', 'U'), ('ము', '|'), ('వి', 'U'), ('శ్వ', '|'), ('దా', 'U'), ('భి', '|'), ('రా', 'U'), ('మ', '|'), ('వి', '|'), ('న', '|'), ('ర', '|'), ('వే', 'U'), ('మ', '|')]",1.0,-1.0,1.0,1.0,1.0,-1.0
aataveladi,"_x000D_
అవుటఁగా మెఱుఁగని యజ్ఞానజీవులు
_x000D_
మూలము దెలియకను ముట్టుచేత
_x000D_
ననుదినము సృజించి యాత్మఁ దెలియ లేక
_x000D_
చచ్చి పుట్టుచుండు జగతి వేమా.",vupajaathi,Vemana,"[('అ', '|'), ('వు', '|'), ('ట', '|'), ('గా', 'U'), ('మె', '|'), ('ఱు', '|'), ('గ', '|'), ('ని', '|'), ('య', 'U'), ('జ్ఞా', 'U'), ('న', '|'), ('జీ', 'U'), ('వు', '|'), ('లు', '|'), ('మూ', 'U'), ('ల', '|'), ('ము', '|'), ('దె', '|'), ('లి', '|'), ('య', '|'), ('క', '|'), ('ను', '|'), ('ము', 'U'), ('ట్టు', '|'), ('చే', 'U'), ('త', '|'), ('న', '|'), ('ను', '|'), ('ది', '|'), ('న', '|'), ('ము', '|'), ('సృ', '|'), ('జిం', 'U'), ('చి', '|'), ('యా', 'U'), ('త్మ', '|'), ('దె', '|'), ('లి', '|'), ('య', '|'), ('లే', 'U'), ('క', '|'), ('చ', 'U'), ('చ్చి', '|'), ('పు', 'U'), ('ట్టు', '|'), ('చుం', 'U'), ('డు', '|'), ('జ', '|'), ('గ', '|'), ('తి', '|'), ('వే', 'U'), ('మా', 'U')]",0.9,-1.0,1.0,0.95,0.75,-1.0
aataveladi,"_x000D_
తనువు లస్థిరములు ధర్మము నిత్యము
_x000D_
చేయుధర్మమెల్ల చెడని పదవి
_x000D_
కనివిని మఱి తెలియఁ గానరు నరపశుల్‌
_x000D_
విశ్వదాభిరామ వినర వేమ.",vupajaathi,Vemana,"[('త', '|'), ('ను', '|'), ('వు', '|'), ('ల', 'U'), ('స్థి', '|'), ('ర', '|'), ('ము', '|'), ('లు', '|'), ('ధ', 'U'), ('ర్మ', '|'), ('ము', '|'), ('ని', 'U'), ('త్య', '|'), ('ము', '|'), ('చే', 'U'), ('యు', '|'), ('ధ', 'U'), ('ర్మ', '|'), ('మె', 'U'), ('ల్ల', '|'), ('చె', '|'), ('డ', '|'), ('ని', '|'), ('ప', '|'), ('ద', '|'), ('వి', '|'), ('క', '|'), ('ని', '|'), ('వి', '|'), ('ని', '|'), ('మ', '|'), ('ఱి', '|'), ('తె', '|'), ('లి', '|'), ('య', '|'), ('గా', 'U'), ('న', '|'), ('రు', '|'), ('న', '|'), ('ర', '|'), ('ప', '|'), ('శుల్', 'U'), ('వి', 'U'), ('శ్వ', '|'), ('దా', 'U'), ('భి', '|'), ('రా', 'U'), ('మ', '|'), ('వి', '|'), ('న', '|'), ('ర', '|'), ('వే', 'U'), ('మ', '|')]",1.0,-1.0,1.0,1.0,1.0,-1.0
aataveladi,"_x000D_
ఆర్తవిద్య లెల్ల యపకీర్తి పాలాయె
_x000D_
వార్త కెక్కునంత వారికైన
_x000D_
ఆర్తవిద్య లెల్ల ధూర్తులపాలాయె
_x000D_
విశ్వదాభిరామ వినర వేమ.",vupajaathi,Vemana,"[('ఆ', 'U'), ('ర్త', '|'), ('వి', 'U'), ('ద్య', '|'), ('లె', 'U'), ('ల్ల', '|'), ('య', '|'), ('ప', '|'), ('కీ', 'U'), ('ర్తి', '|'), ('పా', 'U'), ('లా', 'U'), ('యె', '|'), ('వా', 'U'), ('ర్త', '|'), ('కె', 'U'), ('క్కు', '|'), ('నం', 'U'), ('త', '|'), ('వా', 'U'), ('రి', '|'), ('కై', 'U'), ('న', '|'), ('ఆ', 'U'), ('ర్త', '|'), ('వి', 'U'), ('ద్య', '|'), ('లె', 'U'), ('ల్ల', '|'), ('ధూ', 'U'), ('ర్తు', '|'), ('ల', '|'), ('పా', 'U'), ('లా', 'U'), ('యె', '|'), ('వి', 'U'), ('శ్వ', '|'), ('దా', 'U'), ('భి', '|'), ('రా', 'U'), ('మ', '|'), ('వి', '|'), ('న', '|'), ('ర', '|'), ('వే', 'U'), ('మ', '|')]",0.9166666666666666,-1.0,1.0,1.0,0.75,-1.0
aataveladi,"_x000D_
కడుపు కెంత నరులు కళవళపడుదురు
_x000D_
కడుపుకొఱకు నూళ్ళు గహనములును
_x000D_
కడుపు కెట్ల యయినఁ గలుగును భుక్తిరా
_x000D_
విశ్వదాభిరామ వినర వేమ.",vupajaathi,Vemana,"[('క', '|'), ('డు', '|'), ('పు', '|'), ('కెం', 'U'), ('త', '|'), ('న', '|'), ('రు', '|'), ('లు', '|'), ('క', '|'), ('ళ', '|'), ('వ', '|'), ('ళ', '|'), ('ప', '|'), ('డు', '|'), ('దు', '|'), ('రు', '|'), ('క', '|'), ('డు', '|'), ('పు', '|'), ('కొ', '|'), ('ఱ', '|'), ('కు', '|'), ('నూ', 'U'), ('ళ్ళు', '|'), ('గ', '|'), ('హ', '|'), ('న', '|'), ('ము', '|'), ('లు', '|'), ('ను', '|'), ('క', '|'), ('డు', '|'), ('పు', '|'), ('కె', 'U'), ('ట్ల', '|'), ('య', '|'), ('యి', '|'), ('న', '|'), ('గ', '|'), ('లు', '|'), ('గు', '|'), ('ను', '|'), ('భు', 'U'), ('క్తి', '|'), ('రా', 'U'), ('వి', 'U'), ('శ్వ', '|'), ('దా', 'U'), ('భి', '|'), ('రా', 'U'), ('మ', '|'), ('వి', '|'), ('న', '|'), ('ర', '|'), ('వే', 'U'), ('మ', '|')]",1.0,-1.0,1.0,1.0,1.0,-1.0
aataveladi,"_x000D_
దానధర్మములను తెగ రేపు నేఁడని
_x000D_
కాలవ్యయముఁ జేయు కష్టజనుఁడు
_x000D_
తానునేమి యౌనొ తనబ్రతు కేమౌనొ
_x000D_
మాయఁదెలియ లేదు మహిని వేమా.",vupajaathi,Vemana,"[('దా', 'U'), ('న', '|'), ('ధ', 'U'), ('ర్మ', '|'), ('ము', '|'), ('ల', '|'), ('ను', '|'), ('తె', '|'), ('గ', '|'), ('రే', 'U'), ('పు', '|'), ('నే', 'U'), ('డ', '|'), ('ని', '|'), ('కా', 'U'), ('ల', 'U'), ('వ్య', '|'), ('య', '|'), ('ము', '|'), ('జే', 'U'), ('యు', '|'), ('క', 'U'), ('ష్ట', '|'), ('జ', '|'), ('ను', '|'), ('డు', '|'), ('తా', 'U'), ('ను', '|'), ('నే', 'U'), ('మి', '|'), ('యౌ', 'U'), ('నొ', '|'), ('త', '|'), ('న', '|'), ('బ్ర', '|'), ('తు', '|'), ('కే', 'U'), ('మౌ', 'U'), ('నొ', '|'), ('మా', 'U'), ('య', '|'), ('దె', '|'), ('లి', '|'), ('య', '|'), ('లే', 'U'), ('దు', '|'), ('మ', '|'), ('హి', '|'), ('ని', '|'), ('వే', 'U'), ('మా', 'U')]",0.5333333333333333,-1.0,1.0,0.6,0.0,-1.0
aataveladi,"_x000D_
పరఁగ రాజకులు పాతిన ధనమెల్ల
_x000D_
భటులపాలు కవులపాలు తలఁప
_x000D_
నొనర హీనజనుని ధనము దాయాదుల
_x000D_
పాలు జారకాంత పాలు వేమా.",vupajaathi,Vemana,"[('ప', '|'), ('ర', '|'), ('గ', '|'), ('రా', 'U'), ('జ', '|'), ('కు', '|'), ('లు', '|'), ('పా', 'U'), ('తి', '|'), ('న', '|'), ('ధ', '|'), ('న', '|'), ('మె', 'U'), ('ల్ల', '|'), ('భ', '|'), ('టు', '|'), ('ల', '|'), ('పా', 'U'), ('లు', '|'), ('క', '|'), ('వు', '|'), ('ల', '|'), ('పా', 'U'), ('లు', '|'), ('త', '|'), ('ల', '|'), ('ప', '|'), ('నొ', '|'), ('న', '|'), ('ర', '|'), ('హీ', 'U'), ('న', '|'), ('జ', '|'), ('ను', '|'), ('ని', '|'), ('ధ', '|'), ('న', '|'), ('ము', '|'), ('దా', 'U'), ('యా', 'U'), ('దు', '|'), ('ల', '|'), ('పా', 'U'), ('లు', '|'), ('జా', 'U'), ('ర', '|'), ('కాం', 'U'), ('త', '|'), ('పా', 'U'), ('లు', '|'), ('వే', 'U'), ('మా', 'U')]",0.6166666666666667,-1.0,1.0,0.6,0.25,-1.0
aataveladi,"_x000D_
ప్రాకటమున నిట్టిలోకములోఁ గుంటి
_x000D_
పల్లెముత్తఁ డెన్న పరమగురుడు
_x000D_
అన్నదానమునను హరిపూజచేతను
_x000D_
హరుని లోనఁగలసె నరయ వేమా.",vupajaathi,Vemana,"[('ప్రా', 'U'), ('క', '|'), ('ట', '|'), ('ము', '|'), ('న', '|'), ('ని', 'U'), ('ట్టి', '|'), ('లో', 'U'), ('క', '|'), ('ము', '|'), ('లో', 'U'), ('గుం', 'U'), ('టి', '|'), ('ప', 'U'), ('ల్లె', '|'), ('ము', 'U'), ('త్త', '|'), ('డె', 'U'), ('న్న', '|'), ('ప', '|'), ('ర', '|'), ('మ', '|'), ('గు', '|'), ('రు', '|'), ('డు', '|'), ('అ', 'U'), ('న్న', '|'), ('దా', 'U'), ('న', '|'), ('ము', '|'), ('న', '|'), ('ను', '|'), ('హ', '|'), ('రి', '|'), ('పూ', 'U'), ('జ', '|'), ('చే', 'U'), ('త', '|'), ('ను', '|'), ('హ', '|'), ('రు', '|'), ('ని', '|'), ('లో', 'U'), ('న', '|'), ('గ', '|'), ('ల', '|'), ('సె', '|'), ('న', '|'), ('ర', '|'), ('య', '|'), ('వే', 'U'), ('మా', 'U')]",0.9833333333333334,-1.0,1.0,0.95,1.0,-1.0
aataveladi,"_x000D_
ఎంతకరువు నయిన నెంగిలి యన్నము
_x000D_
పరులకిడెడు ధర్మపరులు చూడ
_x000D_
భూమిమీద నెంగ్లిపుల్లెలు నాకెడు
_x000D_
కుక్కలై పుడుదురు కూడి వేమా.",vupajaathi,Vemana,"[('ఎం', 'U'), ('త', '|'), ('క', '|'), ('రు', '|'), ('వు', '|'), ('న', '|'), ('యి', '|'), ('న', '|'), ('నెం', 'U'), ('గి', '|'), ('లి', '|'), ('య', 'U'), ('న్న', '|'), ('ము', '|'), ('ప', '|'), ('రు', '|'), ('ల', '|'), ('కి', '|'), ('డె', '|'), ('డు', '|'), ('ధ', 'U'), ('ర్మ', '|'), ('ప', '|'), ('రు', '|'), ('లు', '|'), ('చూ', 'U'), ('డ', '|'), ('భూ', 'U'), ('మి', '|'), ('మీ', 'U'), ('ద', '|'), ('నెం', 'U'), ('గ్లి', '|'), ('పు', 'U'), ('ల్లె', '|'), ('లు', '|'), ('నా', 'U'), ('కె', '|'), ('డు', '|'), ('కు', 'U'), ('క్క', '|'), ('లై', 'U'), ('పు', '|'), ('డు', '|'), ('దు', '|'), ('రు', '|'), ('కూ', 'U'), ('డి', '|'), ('వే', 'U'), ('మా', 'U')]",0.9,-1.0,1.0,0.95,0.75,-1.0
aataveladi,"_x000D_
తనదుదత్తము పరదత్త మొకటిగాగఁ
_x000D_
జాడ కనుభవింపఁజోద్య మిలను
_x000D_
తొడగి యాలు నమ్మితొత్తును గొన్నట్టు
_x000D_
విశ్వదాభిరామ వినర వేమ.",vupajaathi,Vemana,"[('త', '|'), ('న', '|'), ('దు', '|'), ('ద', 'U'), ('త్త', '|'), ('ము', '|'), ('ప', '|'), ('ర', '|'), ('ద', 'U'), ('త్త', '|'), ('మొ', '|'), ('క', '|'), ('టి', '|'), ('గా', 'U'), ('గ', '|'), ('జా', 'U'), ('డ', '|'), ('క', '|'), ('ను', '|'), ('భ', '|'), ('విం', 'U'), ('ప', '|'), ('జో', 'U'), ('ద్య', '|'), ('మి', '|'), ('ల', '|'), ('ను', '|'), ('తొ', '|'), ('డ', '|'), ('గి', '|'), ('యా', 'U'), ('లు', '|'), ('న', 'U'), ('మ్మి', '|'), ('తొ', 'U'), ('త్తు', '|'), ('ను', '|'), ('గొ', 'U'), ('న్న', 'U'), ('ట్టు', '|'), ('వి', 'U'), ('శ్వ', '|'), ('దా', 'U'), ('భి', '|'), ('రా', 'U'), ('మ', '|'), ('వి', '|'), ('న', '|'), ('ర', '|'), ('వే', 'U'), ('మ', '|')]",0.9166666666666666,-1.0,1.0,1.0,0.75,-1.0
aataveladi,"_x000D_
ఈఁకె లండఁజేసి తోఁక లండలఁజేసి
_x000D_
కోక లండఁజేసి కొఱఁతమాపె
_x000D_
నాకు లండఁజేసి నఖిల జంతువులకు
_x000D_
విశ్వదాభిరామ వినర వేమ.",vupajaathi,Vemana,"[('ఈ', 'U'), ('కె', '|'), ('లం', 'U'), ('డ', '|'), ('జే', 'U'), ('సి', '|'), ('తో', 'U'), ('క', '|'), ('లం', 'U'), ('డ', '|'), ('ల', '|'), ('జే', 'U'), ('సి', '|'), ('కో', 'U'), ('క', '|'), ('లం', 'U'), ('డ', '|'), ('జే', 'U'), ('సి', '|'), ('కొ', '|'), ('ఱ', '|'), ('త', '|'), ('మా', 'U'), ('పె', '|'), ('నా', 'U'), ('కు', '|'), ('లం', 'U'), ('డ', '|'), ('జే', 'U'), ('సి', '|'), ('న', '|'), ('ఖి', '|'), ('ల', '|'), ('జం', 'U'), ('తు', '|'), ('వు', '|'), ('ల', '|'), ('కు', '|'), ('వి', 'U'), ('శ్వ', '|'), ('దా', 'U'), ('భి', '|'), ('రా', 'U'), ('మ', '|'), ('వి', '|'), ('న', '|'), ('ర', '|'), ('వే', 'U'), ('మ', '|')]",0.9166666666666666,-1.0,1.0,1.0,0.75,-1.0
kandamu,"_x000D_
ఒల్లనిపతి నొల్లనిసతి
_x000D_
నొల్లని చెలికాని విడువ నొల్లనివాఁడె
_x000D_
గొల్లండు గాక ధరలో
_x000D_
గొల్లనికిం గలవె వేఱె కొమ్ములు వేమా.",jaathi,Vemana,"[('ఒ', 'U'), ('ల్ల', '|'), ('ని', '|'), ('ప', '|'), ('తి', '|'), ('నొ', 'U'), ('ల్ల', '|'), ('ని', '|'), ('స', '|'), ('తి', '|'), ('నొ', 'U'), ('ల్ల', '|'), ('ని', '|'), ('చె', '|'), ('లి', '|'), ('కా', 'U'), ('ని', '|'), ('వి', '|'), ('డు', '|'), ('వ', '|'), ('నొ', 'U'), ('ల్ల', '|'), ('ని', '|'), ('వా', 'U'), ('డె', '|'), ('గొ', 'U'), ('ల్లం', 'U'), ('డు', '|'), ('గా', 'U'), ('క', '|'), ('ధ', '|'), ('ర', '|'), ('లో', 'U'), ('గొ', 'U'), ('ల్ల', '|'), ('ని', '|'), ('కిం', 'U'), ('గ', '|'), ('ల', '|'), ('వె', '|'), ('వే', 'U'), ('ఱె', '|'), ('కొ', 'U'), ('మ్ము', '|'), ('లు', '|'), ('వే', 'U'), ('మా', 'U')]",0.65625,-1.0,1.0,0.625,0.5,0.5
aataveladi,"_x000D_
ఎంత సంపదున్న నంత కష్టపుఁజింత
_x000D_
చింతచేత మిగుల చివుకు మనసు
_x000D_
చింతలేయుంట చెదలని సంపద
_x000D_
విశ్వదాభిరామ వినర వేమ.",vupajaathi,Vemana,"[('ఎం', 'U'), ('త', '|'), ('సం', 'U'), ('ప', '|'), ('దు', 'U'), ('న్న', '|'), ('నం', 'U'), ('త', '|'), ('క', 'U'), ('ష్ట', '|'), ('పు', '|'), ('జిం', 'U'), ('త', '|'), ('చిం', 'U'), ('త', '|'), ('చే', 'U'), ('త', '|'), ('మి', '|'), ('గు', '|'), ('ల', '|'), ('చి', '|'), ('వు', '|'), ('కు', '|'), ('మ', '|'), ('న', '|'), ('సు', '|'), ('చిం', 'U'), ('త', '|'), ('లే', 'U'), ('యుం', 'U'), ('ట', '|'), ('చె', '|'), ('ద', '|'), ('ల', '|'), ('ని', '|'), ('సం', 'U'), ('ప', '|'), ('ద', '|'), ('వి', 'U'), ('శ్వ', '|'), ('దా', 'U'), ('భి', '|'), ('రా', 'U'), ('మ', '|'), ('వి', '|'), ('న', '|'), ('ర', '|'), ('వే', 'U'), ('మ', '|')]",0.75,-1.0,1.0,0.75,0.5,-1.0
aataveladi,"_x000D_
జీవభేద మెఱిగి చెడిపోనివారికి
_x000D_
భావిజనుల చెలిమి పట్టుపడదు
_x000D_
ఈశ్వరునినెఱిఁగిన నెఱుగఁడీ జగమును
_x000D_
విశ్వదాభిరామ వినర వేమ.",vupajaathi,Vemana,"[('జీ', 'U'), ('వ', '|'), ('భే', 'U'), ('ద', '|'), ('మె', '|'), ('ఱి', '|'), ('గి', '|'), ('చె', '|'), ('డి', '|'), ('పో', 'U'), ('ని', '|'), ('వా', 'U'), ('రి', '|'), ('కి', '|'), ('భా', 'U'), ('వి', '|'), ('జ', '|'), ('ను', '|'), ('ల', '|'), ('చె', '|'), ('లి', '|'), ('మి', '|'), ('ప', 'U'), ('ట్టు', '|'), ('ప', '|'), ('డ', '|'), ('దు', '|'), ('ఈ', 'U'), ('శ్వ', '|'), ('రు', '|'), ('ని', '|'), ('నె', '|'), ('ఱి', '|'), ('గి', '|'), ('న', '|'), ('నె', '|'), ('ఱు', '|'), ('గ', '|'), ('డీ', 'U'), ('జ', '|'), ('గ', '|'), ('ము', '|'), ('ను', '|'), ('వి', 'U'), ('శ్వ', '|'), ('దా', 'U'), ('భి', '|'), ('రా', 'U'), ('మ', '|'), ('వి', '|'), ('న', '|'), ('ర', '|'), ('వే', 'U'), ('మ', '|')]",0.9166666666666666,-1.0,1.0,1.0,0.75,-1.0
aataveladi,"_x000D_
పతికి మాఱుపల్కు పడతియే శునకంబు
_x000D_
మీఱుసతిని గవయ మిగులు వగలు
_x000D_
పంది పంది కూడి పడదొకో రొంపిలో
_x000D_
విశ్వదాభిరామ వినర వేమ.",vupajaathi,Vemana,"[('ప', '|'), ('తి', '|'), ('కి', '|'), ('మా', 'U'), ('ఱు', '|'), ('ప', 'U'), ('ల్కు', '|'), ('ప', '|'), ('డ', '|'), ('తి', '|'), ('యే', 'U'), ('శు', '|'), ('న', '|'), ('కం', 'U'), ('బు', '|'), ('మీ', 'U'), ('ఱు', '|'), ('స', '|'), ('తి', '|'), ('ని', '|'), ('గ', '|'), ('వ', '|'), ('య', '|'), ('మి', '|'), ('గు', '|'), ('లు', '|'), ('వ', '|'), ('గ', '|'), ('లు', '|'), ('పం', 'U'), ('ది', '|'), ('పం', 'U'), ('ది', '|'), ('కూ', 'U'), ('డి', '|'), ('ప', '|'), ('డ', '|'), ('దొ', '|'), ('కో', 'U'), ('రొం', 'U'), ('పి', '|'), ('లో', 'U'), ('వి', 'U'), ('శ్వ', '|'), ('దా', 'U'), ('భి', '|'), ('రా', 'U'), ('మ', '|'), ('వి', '|'), ('న', '|'), ('ర', '|'), ('వే', 'U'), ('మ', '|')]",1.0,-1.0,1.0,1.0,1.0,-1.0
aataveladi,"_x000D_
పొట్టివాఁడు కీడు పొదిలపురుగు కీడు
_x000D_
వట్టియాస కీడు వరడు కీడు
_x000D_
పొట్టిచేయికాలు పొసగుట కీడురా
_x000D_
విశ్వదాభిరామ వినర వేమ.",vupajaathi,Vemana,"[('పొ', 'U'), ('ట్టి', '|'), ('వా', 'U'), ('డు', '|'), ('కీ', 'U'), ('డు', '|'), ('పొ', '|'), ('ది', '|'), ('ల', '|'), ('పు', '|'), ('రు', '|'), ('గు', '|'), ('కీ', 'U'), ('డు', '|'), ('వ', 'U'), ('ట్టి', '|'), ('యా', 'U'), ('స', '|'), ('కీ', 'U'), ('డు', '|'), ('వ', '|'), ('ర', '|'), ('డు', '|'), ('కీ', 'U'), ('డు', '|'), ('పొ', 'U'), ('ట్టి', '|'), ('చే', 'U'), ('యి', '|'), ('కా', 'U'), ('లు', '|'), ('పొ', '|'), ('స', '|'), ('గు', '|'), ('ట', '|'), ('కీ', 'U'), ('డు', '|'), ('రా', 'U'), ('వి', 'U'), ('శ్వ', '|'), ('దా', 'U'), ('భి', '|'), ('రా', 'U'), ('మ', '|'), ('వి', '|'), ('న', '|'), ('ర', '|'), ('వే', 'U'), ('మ', '|')]",1.0,-1.0,1.0,1.0,1.0,-1.0
aataveladi,"_x000D_
కట్టెపైన నున్న కట్టెకు ఘనమేమి
_x000D_
చెట్టు పైననున్నఁ జేరు ఘనము
_x000D_
కట్టెచెట్టుగూడి గలసె దైవంబులో
_x000D_
విశ్వదాభిరామ వినర వేమ.",vupajaathi,Vemana,"[('క', 'U'), ('ట్టె', '|'), ('పై', 'U'), ('న', '|'), ('ను', 'U'), ('న్న', '|'), ('క', 'U'), ('ట్టె', '|'), ('కు', '|'), ('ఘ', '|'), ('న', '|'), ('మే', 'U'), ('మి', '|'), ('చె', 'U'), ('ట్టు', '|'), ('పై', 'U'), ('న', '|'), ('ను', 'U'), ('న్న', '|'), ('జే', 'U'), ('రు', '|'), ('ఘ', '|'), ('న', '|'), ('ము', '|'), ('క', 'U'), ('ట్టె', '|'), ('చె', 'U'), ('ట్టు', '|'), ('గూ', 'U'), ('డి', '|'), ('గ', '|'), ('ల', '|'), ('సె', '|'), ('దై', 'U'), ('వం', 'U'), ('బు', '|'), ('లో', 'U'), ('వి', 'U'), ('శ్వ', '|'), ('దా', 'U'), ('భి', '|'), ('రా', 'U'), ('మ', '|'), ('వి', '|'), ('న', '|'), ('ర', '|'), ('వే', 'U'), ('మ', '|')]",1.0,-1.0,1.0,1.0,1.0,-1.0
kandamu,"_x000D_
కొట్టినఁ దిట్టినఁ గాని
_x000D_
కట్టు బిగించినను గాని కరకరి సేయ\న్‌
_x000D_
కట్టడివడి యన కుండును
_x000D_
దిట్ట మదిని శివుని దలఁప దీరదు వేమా.",jaathi,Vemana,"[('కొ', 'U'), ('ట్టి', '|'), ('న', '|'), ('ది', 'U'), ('ట్టి', '|'), ('న', '|'), ('గా', 'U'), ('ని', '|'), ('క', 'U'), ('ట్టు', '|'), ('బి', '|'), ('గిం', 'U'), ('చి', '|'), ('న', '|'), ('ను', '|'), ('గా', 'U'), ('ని', '|'), ('క', '|'), ('ర', '|'), ('క', '|'), ('రి', '|'), ('సే', 'U'), ('యన్', 'U'), ('క', 'U'), ('ట్ట', '|'), ('డి', '|'), ('వ', '|'), ('డి', '|'), ('య', '|'), ('న', '|'), ('కుం', 'U'), ('డు', '|'), ('ను', '|'), ('ది', 'U'), ('ట్ట', '|'), ('మ', '|'), ('ది', '|'), ('ని', '|'), ('శి', '|'), ('వు', '|'), ('ని', '|'), ('ద', '|'), ('ల', '|'), ('ప', '|'), ('దీ', 'U'), ('ర', '|'), ('దు', '|'), ('వే', 'U'), ('మా', 'U')]",0.453125,-1.0,1.0,0.5625,0.0,0.25
aataveladi,"_x000D_
సిగ్గటంచనఁ బడు సిగ్గునెచ్చోనుండు
_x000D_
ఆఁకలనుచు నుందు రాఁకలేది
_x000D_
దాఁగియున్న వానిఁ దానేల యెఱుఁగఁడో
_x000D_
విశ్వదాభిరామ వినర వేమ.",vupajaathi,Vemana,"[('సి', 'U'), ('గ్గ', '|'), ('టం', 'U'), ('చ', '|'), ('న', '|'), ('బ', '|'), ('డు', '|'), ('సి', 'U'), ('గ్గు', '|'), ('నె', 'U'), ('చ్చో', 'U'), ('నుం', 'U'), ('డు', '|'), ('ఆ', 'U'), ('క', '|'), ('ల', '|'), ('ను', '|'), ('చు', '|'), ('నుం', 'U'), ('దు', '|'), ('రా', 'U'), ('క', '|'), ('లే', 'U'), ('ది', '|'), ('దా', 'U'), ('గి', '|'), ('యు', 'U'), ('న్న', '|'), ('వా', 'U'), ('ని', '|'), ('దా', 'U'), ('నే', 'U'), ('ల', '|'), ('యె', '|'), ('ఱు', '|'), ('గ', '|'), ('డో', 'U'), ('వి', 'U'), ('శ్వ', '|'), ('దా', 'U'), ('భి', '|'), ('రా', 'U'), ('మ', '|'), ('వి', '|'), ('న', '|'), ('ర', '|'), ('వే', 'U'), ('మ', '|')]",0.9166666666666666,-1.0,1.0,1.0,0.75,-1.0
kandamu,"_x000D_
తన కేనాఁడు సుభిక్షము
_x000D_
తన కేనాఁడును భంగంబు తనకుఁదనుజుఁడు\న్‌
_x000D_
తానున్నయట్టి దశకును
_x000D_
మనసున నిల చివుకుచుండు మనుజుఁడు వేమా.",jaathi,Vemana,"[('త', '|'), ('న', '|'), ('కే', 'U'), ('నా', 'U'), ('డు', '|'), ('సు', '|'), ('భి', 'U'), ('క్ష', '|'), ('ము', '|'), ('త', '|'), ('న', '|'), ('కే', 'U'), ('నా', 'U'), ('డు', '|'), ('ను', '|'), ('భం', 'U'), ('గం', 'U'), ('బు', '|'), ('త', '|'), ('న', '|'), ('కు', '|'), ('ద', '|'), ('ను', '|'), ('జు', '|'), ('డున్', 'U'), ('తా', 'U'), ('ను', 'U'), ('న్న', '|'), ('య', 'U'), ('ట్టి', '|'), ('ద', '|'), ('శ', '|'), ('కు', '|'), ('ను', '|'), ('మ', '|'), ('న', '|'), ('సు', '|'), ('న', '|'), ('ని', '|'), ('ల', '|'), ('చి', '|'), ('వు', '|'), ('కు', '|'), ('చుం', 'U'), ('డు', '|'), ('మ', '|'), ('ను', '|'), ('జు', '|'), ('డు', '|'), ('వే', 'U'), ('మా', 'U')]",0.515625,-1.0,1.0,0.5625,0.0,0.5
aataveladi,"_x000D_
పెట్టిపోయ నొగిని విరుగుఁడు సౌఖ్యంబు
_x000D_
బలుచచ్చినగతి యదియుగాక
_x000D_
నుండు నాశివుండు నొగివానియందున
_x000D_
విశ్వదాభిరామ వినర వేమ.",vupajaathi,Vemana,"[('పె', 'U'), ('ట్టి', '|'), ('పో', 'U'), ('య', '|'), ('నొ', '|'), ('గి', '|'), ('ని', '|'), ('వి', '|'), ('రు', '|'), ('గు', '|'), ('డు', '|'), ('సౌ', 'U'), ('ఖ్యం', 'U'), ('బు', '|'), ('బ', '|'), ('లు', '|'), ('చ', 'U'), ('చ్చి', '|'), ('న', '|'), ('గ', '|'), ('తి', '|'), ('య', '|'), ('ది', '|'), ('యు', '|'), ('గా', 'U'), ('క', '|'), ('నుం', 'U'), ('డు', '|'), ('నా', 'U'), ('శి', '|'), ('వుం', 'U'), ('డు', '|'), ('నొ', '|'), ('గి', '|'), ('వా', 'U'), ('ని', '|'), ('యం', 'U'), ('దు', '|'), ('న', '|'), ('వి', 'U'), ('శ్వ', '|'), ('దా', 'U'), ('భి', '|'), ('రా', 'U'), ('మ', '|'), ('వి', '|'), ('న', '|'), ('ర', '|'), ('వే', 'U'), ('మ', '|')]",0.5499999999999999,-1.0,1.0,0.65,0.0,-1.0
aataveladi,"_x000D_
పొట్లకాయ రాయి పొడవు త్రాటను గట్ట
_x000D_
లీలతోడ వంక లేక పెరుఁగు
_x000D_
కుక్కతోఁక గట్టఁ జక్కఁగా వచ్చునా
_x000D_
విశ్వదాభిరామ వినర వేమ.",vupajaathi,Vemana,"[('పొ', 'U'), ('ట్ల', '|'), ('కా', 'U'), ('య', '|'), ('రా', 'U'), ('యి', '|'), ('పొ', '|'), ('డ', '|'), ('వు', '|'), ('త్రా', 'U'), ('ట', '|'), ('ను', '|'), ('గ', 'U'), ('ట్ట', '|'), ('లీ', 'U'), ('ల', '|'), ('తో', 'U'), ('డ', '|'), ('వం', 'U'), ('క', '|'), ('లే', 'U'), ('క', '|'), ('పె', '|'), ('రు', '|'), ('గు', '|'), ('కు', 'U'), ('క్క', '|'), ('తో', 'U'), ('క', '|'), ('గ', 'U'), ('ట్ట', '|'), ('జ', 'U'), ('క్క', '|'), ('గా', 'U'), ('వ', 'U'), ('చ్చు', '|'), ('నా', 'U'), ('వి', 'U'), ('శ్వ', '|'), ('దా', 'U'), ('భి', '|'), ('రా', 'U'), ('మ', '|'), ('వి', '|'), ('న', '|'), ('ర', '|'), ('వే', 'U'), ('మ', '|')]",1.0,-1.0,1.0,1.0,1.0,-1.0
kandamu,"_x000D_
నోరెఱిఁగి తాము నేమియు
_x000D_
నేరజంతువులఁ జంపి నెమ్మదిఁ దినునా
_x000D_
క్రూరపు సంకర జాతుల
_x000D_
మారణ మేమందు నింక మహిలో వేమా.",jaathi,Vemana,"[('నో', 'U'), ('రె', '|'), ('ఱి', '|'), ('గి', '|'), ('తా', 'U'), ('ము', '|'), ('నే', 'U'), ('మి', '|'), ('యు', '|'), ('నే', 'U'), ('ర', '|'), ('జం', 'U'), ('తు', '|'), ('వు', '|'), ('ల', '|'), ('జం', 'U'), ('పి', '|'), ('నె', 'U'), ('మ్మ', '|'), ('ది', '|'), ('ది', '|'), ('ను', '|'), ('నా', 'U'), ('క్రూ', 'U'), ('ర', '|'), ('పు', '|'), ('సం', 'U'), ('క', '|'), ('ర', '|'), ('జా', 'U'), ('తు', '|'), ('ల', '|'), ('మా', 'U'), ('ర', '|'), ('ణ', '|'), ('మే', 'U'), ('మం', 'U'), ('దు', '|'), ('నిం', 'U'), ('క', '|'), ('మ', '|'), ('హి', '|'), ('లో', 'U'), ('వే', 'U'), ('మా', 'U')]",0.515625,-1.0,1.0,0.5625,0.0,0.5
aataveladi,"_x000D_
వంటవారియింట తిన్నవంటకమును
_x000D_
వంట తినినయపుడె వెంటవచ్చు
_x000D_
వచ్చు నట్లగాక వరఁకు నుభయులకు
_x000D_
కంటకమగు వంటకమును వేమా.",vupajaathi,Vemana,"[('వం', 'U'), ('ట', '|'), ('వా', 'U'), ('రి', '|'), ('యిం', 'U'), ('ట', '|'), ('తి', 'U'), ('న్న', '|'), ('వం', 'U'), ('ట', '|'), ('క', '|'), ('ము', '|'), ('ను', '|'), ('వం', 'U'), ('ట', '|'), ('తి', '|'), ('ని', '|'), ('న', '|'), ('య', '|'), ('పు', '|'), ('డె', '|'), ('వెం', 'U'), ('ట', '|'), ('వ', 'U'), ('చ్చు', '|'), ('వ', 'U'), ('చ్చు', '|'), ('న', 'U'), ('ట్ల', '|'), ('గా', 'U'), ('క', '|'), ('వ', '|'), ('ర', '|'), ('కు', '|'), ('ను', '|'), ('భ', '|'), ('యు', '|'), ('ల', '|'), ('కు', '|'), ('కం', 'U'), ('ట', '|'), ('క', '|'), ('మ', '|'), ('గు', '|'), ('వం', 'U'), ('ట', '|'), ('క', '|'), ('ము', '|'), ('ను', '|'), ('వే', 'U'), ('మా', 'U')]",0.9,-1.0,1.0,0.95,0.75,-1.0
kandamu,"_x000D_
తామరపాకున నీర్వలె
_x000D_
వేమన చరియించుచుండు వెదకుచు శివుని\న్‌
_x000D_
నీమాయ నమ్మరాఁగా
_x000D_
దీమనమునఁ దెలియరాదు నీశుని వేమా.",jaathi,Vemana,"[('తా', 'U'), ('మ', '|'), ('ర', '|'), ('పా', 'U'), ('కు', '|'), ('న', '|'), ('నీ', 'U'), ('ర్వ', '|'), ('లె', '|'), ('వే', 'U'), ('మ', '|'), ('న', '|'), ('చ', '|'), ('రి', '|'), ('యిం', 'U'), ('చు', '|'), ('చుం', 'U'), ('డు', '|'), ('వె', '|'), ('ద', '|'), ('కు', '|'), ('చు', '|'), ('శి', '|'), ('వు', '|'), ('నిన్', 'U'), ('నీ', 'U'), ('మా', 'U'), ('య', '|'), ('న', 'U'), ('మ్మ', '|'), ('రా', 'U'), ('గా', 'U'), ('దీ', 'U'), ('మ', '|'), ('న', '|'), ('ము', '|'), ('న', '|'), ('దె', '|'), ('లి', '|'), ('య', '|'), ('రా', 'U'), ('దు', '|'), ('నీ', 'U'), ('శు', '|'), ('ని', '|'), ('వే', 'U'), ('మా', 'U')]",0.875,-1.0,1.0,1.0,0.5,1.0
kandamu,"_x000D_
వేమన్నా నీమహిమలు
_x000D_
నేమన్నా తెలియ దింక నెటువలె నన్నా
_x000D_
వేమన్నా నీచిత్త మ
_x000D_
దేమన్నా నీవె మాకు నెఱుక గదన్నా.",jaathi,Vemana,"[('వే', 'U'), ('మ', 'U'), ('న్నా', 'U'), ('నీ', 'U'), ('మ', '|'), ('హి', '|'), ('మ', '|'), ('లు', '|'), ('నే', 'U'), ('మ', 'U'), ('న్నా', 'U'), ('తె', '|'), ('లి', '|'), ('య', '|'), ('దిం', 'U'), ('క', '|'), ('నె', '|'), ('టు', '|'), ('వ', '|'), ('లె', '|'), ('న', 'U'), ('న్నా', 'U'), ('వే', 'U'), ('మ', 'U'), ('న్నా', 'U'), ('నీ', 'U'), ('చి', 'U'), ('త్త', '|'), ('మ', '|'), ('దే', 'U'), ('మ', 'U'), ('న్నా', 'U'), ('నీ', 'U'), ('వె', '|'), ('మా', 'U'), ('కు', '|'), ('నె', '|'), ('ఱు', '|'), ('క', '|'), ('గ', '|'), ('ద', 'U'), ('న్నా', 'U')]",0.875,-1.0,1.0,1.0,0.5,1.0
vutpalamaala,"_x000D_
కూటికి లేనివానివలెఁ గోపములేకయు నెల్లతావుల\న్‌
_x000D_
మాటికిమాటికి\న్‌ మఱియు మాటకుమాటకు పద్యపద్ధతి\న్‌
_x000D_
ధాటి నెఱుంగఁ జెప్పుచును ధారుణిలో శివరూపధారియై
_x000D_
మాటికి నున్న వేమన సమానము నెవ్వరు గల్గు వేమనా.",vruttamu,Vemana,"[('కూ', 'U'), ('టి', '|'), ('కి', '|'), ('లే', 'U'), ('ని', '|'), ('వా', 'U'), ('ని', '|'), ('వ', '|'), ('లె', '|'), ('గో', 'U'), ('ప', '|'), ('ము', '|'), ('లే', 'U'), ('క', '|'), ('యు', '|'), ('నె', 'U'), ('ల్ల', '|'), ('తా', 'U'), ('వు', '|'), ('లన్', 'U'), ('మా', 'U'), ('టి', '|'), ('కి', '|'), ('మా', 'U'), ('టి', '|'), ('కి', 'U'), ('న్మ', '|'), ('ఱి', '|'), ('యు', '|'), ('మా', 'U'), ('ట', '|'), ('కు', '|'), ('మా', 'U'), ('ట', '|'), ('కు', '|'), ('ప', 'U'), ('ద్య', '|'), ('ప', 'U'), ('ద్ధ', '|'), ('తిన్', 'U'), ('ధా', 'U'), ('టి', '|'), ('నె', '|'), ('ఱుం', 'U'), ('గ', '|'), ('జె', 'U'), ('ప్పు', '|'), ('చు', '|'), ('ను', '|'), ('ధా', 'U'), ('రు', '|'), ('ణి', '|'), ('లో', 'U'), ('శి', '|'), ('వ', '|'), ('రూ', 'U'), ('ప', '|'), ('ధా', 'U'), ('రి', '|'), ('యై', 'U'), ('మా', 'U'), ('టి', '|'), ('కి', '|'), ('ను', 'U'), ('న్న', '|'), ('వే', 'U'), ('మ', '|'), ('న', '|'), ('స', '|'), ('మా', 'U'), ('న', '|'), ('ము', '|'), ('నె', 'U'), ('వ్వ', '|'), ('రు', '|'), ('గ', 'U'), ('ల్గు', '|'), ('వే', 'U'), ('మ', '|'), ('నా', 'U')]",1.0,1.0,1.0,1.0,1.0,1.0
aataveladi,"_x000D_
ఎవ్వరేమెఱుంగు నింపయిన వస్తువు
_x000D_
దేహ మే మెఱుంగు దివ్యబోధ
_x000D_
విధముఁ దెలిసి మీరు వేదాంత మెఱుగుఁడీ
_x000D_
విశ్వదాభిరామ వినర వేమ.",vupajaathi,Vemana,"[('ఎ', 'U'), ('వ్వ', '|'), ('రే', 'U'), ('మె', '|'), ('ఱుం', 'U'), ('గు', '|'), ('నిం', 'U'), ('ప', '|'), ('యి', '|'), ('న', '|'), ('వ', 'U'), ('స్తు', '|'), ('వు', '|'), ('దే', 'U'), ('హ', '|'), ('మే', 'U'), ('మె', '|'), ('ఱుం', 'U'), ('గు', '|'), ('ది', 'U'), ('వ్య', '|'), ('బో', 'U'), ('ధ', '|'), ('వి', '|'), ('ధ', '|'), ('ము', '|'), ('దె', '|'), ('లి', '|'), ('సి', '|'), ('మీ', 'U'), ('రు', '|'), ('వే', 'U'), ('దాం', 'U'), ('త', '|'), ('మె', '|'), ('ఱు', '|'), ('గు', '|'), ('డీ', 'U'), ('వి', 'U'), ('శ్వ', '|'), ('దా', 'U'), ('భి', '|'), ('రా', 'U'), ('మ', '|'), ('వి', '|'), ('న', '|'), ('ర', '|'), ('వే', 'U'), ('మ', '|')]",0.9,-1.0,1.0,0.95,0.75,-1.0
kandamu,"_x000D_
యుగములఁ జల్లగఁ జూచును
_x000D_
తగలక యుగయుగమునందు తపసుల కైన\న్‌
_x000D_
వగవక యేవకయుండిన
_x000D_
నిగనిగమనుకాంతి మదిని నిలుచుర వేమా.",jaathi,Vemana,"[('యు', '|'), ('గ', '|'), ('ము', '|'), ('ల', '|'), ('జ', 'U'), ('ల్ల', '|'), ('గ', '|'), ('జూ', 'U'), ('చు', '|'), ('ను', '|'), ('త', '|'), ('గ', '|'), ('ల', '|'), ('క', '|'), ('యు', '|'), ('గ', '|'), ('యు', '|'), ('గ', '|'), ('ము', '|'), ('నం', 'U'), ('దు', '|'), ('త', '|'), ('ప', '|'), ('సు', '|'), ('ల', '|'), ('కై', 'U'), ('నన్', 'U'), ('వ', '|'), ('గ', '|'), ('వ', '|'), ('క', '|'), ('యే', 'U'), ('వ', '|'), ('క', '|'), ('యుం', 'U'), ('డి', '|'), ('న', '|'), ('ని', '|'), ('గ', '|'), ('ని', '|'), ('గ', '|'), ('మ', '|'), ('ను', '|'), ('కాం', 'U'), ('తి', '|'), ('మ', '|'), ('ది', '|'), ('ని', '|'), ('ని', '|'), ('లు', '|'), ('చు', '|'), ('ర', '|'), ('వే', 'U'), ('మా', 'U')]",1.0,-1.0,1.0,1.0,1.0,1.0
aataveladi,"_x000D_
వినియు వినకయుండు వెఱ్ఱివాఁడై యుండు
_x000D_
కనియుఁ గానకుండు కడఁగి యోగి
_x000D_
మనుజవరులచేత మఱిపూజఁ గొనుచుండు
_x000D_
విశ్వదాభిరామ వినర వేమ.",vupajaathi,Vemana,"[('వి', '|'), ('ని', '|'), ('యు', '|'), ('వి', '|'), ('న', '|'), ('క', '|'), ('యుం', 'U'), ('డు', '|'), ('వె', 'U'), ('ఱ్ఱి', '|'), ('వా', 'U'), ('డై', 'U'), ('యుం', 'U'), ('డు', '|'), ('క', '|'), ('ని', '|'), ('యు', '|'), ('గా', 'U'), ('న', '|'), ('కుం', 'U'), ('డు', '|'), ('క', '|'), ('డ', '|'), ('గి', '|'), ('యో', 'U'), ('గి', '|'), ('మ', '|'), ('ను', '|'), ('జ', '|'), ('వ', '|'), ('రు', '|'), ('ల', '|'), ('చే', 'U'), ('త', '|'), ('మ', '|'), ('ఱి', '|'), ('పూ', 'U'), ('జ', '|'), ('గొ', '|'), ('ను', '|'), ('చుం', 'U'), ('డు', '|'), ('వి', 'U'), ('శ్వ', '|'), ('దా', 'U'), ('భి', '|'), ('రా', 'U'), ('మ', '|'), ('వి', '|'), ('న', '|'), ('ర', '|'), ('వే', 'U'), ('మ', '|')]",1.0,-1.0,1.0,1.0,1.0,-1.0
aataveladi,"_x000D_
సుఖములెల్లఁ దెలిసి చూడంగ దుఃఖముల్‌
_x000D_
పుణ్యములును పాపపూర్వకములె
_x000D_
కొఱతవేయ దొంగ కోరినచందమా
_x000D_
విశ్వదాభిరామ వినర వేమ.",vupajaathi,Vemana,"[('సు', '|'), ('ఖ', '|'), ('ము', '|'), ('లె', 'U'), ('ల్ల', '|'), ('దె', '|'), ('లి', '|'), ('సి', '|'), ('చూ', 'U'), ('డం', 'U'), ('గ', '|'), ('దుః', 'U'), ('ఖ', '|'), ('ముల్', 'U'), ('పు', 'U'), ('ణ్య', '|'), ('ము', '|'), ('లు', '|'), ('ను', '|'), ('పా', 'U'), ('ప', '|'), ('పూ', 'U'), ('ర్వ', '|'), ('క', '|'), ('ము', '|'), ('లె', '|'), ('కొ', '|'), ('ఱ', '|'), ('త', '|'), ('వే', 'U'), ('య', '|'), ('దొం', 'U'), ('గ', '|'), ('కో', 'U'), ('రి', '|'), ('న', '|'), ('చం', 'U'), ('ద', '|'), ('మా', 'U'), ('వి', 'U'), ('శ్వ', '|'), ('దా', 'U'), ('భి', '|'), ('రా', 'U'), ('మ', '|'), ('వి', '|'), ('న', '|'), ('ర', '|'), ('వే', 'U'), ('మ', '|')]",1.0,-1.0,1.0,1.0,1.0,-1.0
aataveladi,"_x000D_
ఆలుబిడ్డ లనుచు నతిమోహమున నున్న
_x000D_
ధనముమీద వాంఛ తగిలియున్న
_x000D_
నట్టివానిముక్తి యవనిలో లేదయా
_x000D_
విశ్వదాభిరామ వినర వేమ.",vupajaathi,Vemana,"[('ఆ', 'U'), ('లు', '|'), ('బి', 'U'), ('డ్డ', '|'), ('ల', '|'), ('ను', '|'), ('చు', '|'), ('న', '|'), ('తి', '|'), ('మో', 'U'), ('హ', '|'), ('ము', '|'), ('న', '|'), ('ను', 'U'), ('న్న', '|'), ('ధ', '|'), ('న', '|'), ('ము', '|'), ('మీ', 'U'), ('ద', '|'), ('వాం', 'U'), ('ఛ', '|'), ('త', '|'), ('గి', '|'), ('లి', '|'), ('యు', 'U'), ('న్న', '|'), ('న', 'U'), ('ట్టి', '|'), ('వా', 'U'), ('ని', '|'), ('ము', 'U'), ('క్తి', '|'), ('య', '|'), ('వ', '|'), ('ని', '|'), ('లో', 'U'), ('లే', 'U'), ('ద', '|'), ('యా', 'U'), ('వి', 'U'), ('శ్వ', '|'), ('దా', 'U'), ('భి', '|'), ('రా', 'U'), ('మ', '|'), ('వి', '|'), ('న', '|'), ('ర', '|'), ('వే', 'U'), ('మ', '|')]",0.8333333333333334,-1.0,1.0,1.0,0.5,-1.0
aataveladi,"_x000D_
కాకు లున్నగూడు కోకిల కగునట్లు
_x000D_
భ్రమరి కీటకమయి బ్రతుకుమాడ్కి
_x000D_
సత్యముక్తలని చెలఁగును నరుఁడయా
_x000D_
విశ్వదాభిరామ వినర వేమ.",vupajaathi,Vemana,"[('కా', 'U'), ('కు', '|'), ('లు', 'U'), ('న్న', '|'), ('గూ', 'U'), ('డు', '|'), ('కో', 'U'), ('కి', '|'), ('ల', '|'), ('క', '|'), ('గు', '|'), ('న', 'U'), ('ట్లు', '|'), ('భ్ర', '|'), ('మ', '|'), ('రి', '|'), ('కీ', 'U'), ('ట', '|'), ('క', '|'), ('మ', '|'), ('యి', '|'), ('బ్ర', '|'), ('తు', '|'), ('కు', '|'), ('మా', 'U'), ('డ్కి', '|'), ('స', 'U'), ('త్య', '|'), ('ము', 'U'), ('క్త', '|'), ('ల', '|'), ('ని', '|'), ('చె', '|'), ('ల', '|'), ('గు', '|'), ('ను', '|'), ('న', '|'), ('రు', '|'), ('డ', '|'), ('యా', 'U'), ('వి', 'U'), ('శ్వ', '|'), ('దా', 'U'), ('భి', '|'), ('రా', 'U'), ('మ', '|'), ('వి', '|'), ('న', '|'), ('ర', '|'), ('వే', 'U'), ('మ', '|')]",0.7833333333333333,-1.0,1.0,0.85,0.5,-1.0
aataveladi,"_x000D_
విటునిఁగన్నయంత విశదమై వలపుండు
_x000D_
బోటిఁజూడకట్టిపాటి గలదె
_x000D_
కంటిలోనిపాప కన నెంతవాఁడురా
_x000D_
విశ్వదాభిరామ వినర వేమ.",vupajaathi,Vemana,"[('వి', '|'), ('టు', '|'), ('ని', '|'), ('గ', 'U'), ('న్న', '|'), ('యం', 'U'), ('త', '|'), ('వి', '|'), ('శ', '|'), ('ద', '|'), ('మై', 'U'), ('వ', '|'), ('ల', '|'), ('పుం', 'U'), ('డు', '|'), ('బో', 'U'), ('టి', '|'), ('జూ', 'U'), ('డ', '|'), ('క', 'U'), ('ట్టి', '|'), ('పా', 'U'), ('టి', '|'), ('గ', '|'), ('ల', '|'), ('దె', '|'), ('కం', 'U'), ('టి', '|'), ('లో', 'U'), ('ని', '|'), ('పా', 'U'), ('ప', '|'), ('క', '|'), ('న', '|'), ('నెం', 'U'), ('త', '|'), ('వా', 'U'), ('డు', '|'), ('రా', 'U'), ('వి', 'U'), ('శ్వ', '|'), ('దా', 'U'), ('భి', '|'), ('రా', 'U'), ('మ', '|'), ('వి', '|'), ('న', '|'), ('ర', '|'), ('వే', 'U'), ('మ', '|')]",1.0,-1.0,1.0,1.0,1.0,-1.0
aataveladi,"_x000D_
ప్రభుని కిచ్చునట్లు పేదలకియ్యరు
_x000D_
వనిత కిచ్చునట్లు వడుగు కీరు
_x000D_
సురకు నిచ్చునట్లు సుమతుల కియ్యరు
_x000D_
మనసు పదిలపడదు మహిని వేమా.",vupajaathi,Vemana,"[('ప్ర', '|'), ('భు', '|'), ('ని', '|'), ('కి', 'U'), ('చ్చు', '|'), ('న', 'U'), ('ట్లు', '|'), ('పే', 'U'), ('ద', '|'), ('ల', '|'), ('కి', 'U'), ('య్య', '|'), ('రు', '|'), ('వ', '|'), ('ని', '|'), ('త', '|'), ('కి', 'U'), ('చ్చు', '|'), ('న', 'U'), ('ట్లు', '|'), ('వ', '|'), ('డు', '|'), ('గు', '|'), ('కీ', 'U'), ('రు', '|'), ('సు', '|'), ('ర', '|'), ('కు', '|'), ('ని', 'U'), ('చ్చు', '|'), ('న', 'U'), ('ట్లు', '|'), ('సు', '|'), ('మ', '|'), ('తు', '|'), ('ల', '|'), ('కి', 'U'), ('య్య', '|'), ('రు', '|'), ('మ', '|'), ('న', '|'), ('సు', '|'), ('ప', '|'), ('ది', '|'), ('ల', '|'), ('ప', '|'), ('డ', '|'), ('దు', '|'), ('మ', '|'), ('హి', '|'), ('ని', '|'), ('వే', 'U'), ('మా', 'U')]",0.9,-1.0,1.0,0.95,0.75,-1.0
aataveladi,"_x000D_
ఊరు ననుచునుండ నొగి సంతసింతురు
_x000D_
అడవియనుచు నుండ నడలుచుందు
_x000D_
రూరు నడవి రెండు నొకటిగాఁ జూచిన
_x000D_
నారితేఱు యోగి యతఁడు వేమా.",vupajaathi,Vemana,"[('ఊ', 'U'), ('రు', '|'), ('న', '|'), ('ను', '|'), ('చు', '|'), ('నుం', 'U'), ('డ', '|'), ('నొ', '|'), ('గి', '|'), ('సం', 'U'), ('త', '|'), ('సిం', 'U'), ('తు', '|'), ('రు', '|'), ('అ', '|'), ('డ', '|'), ('వి', '|'), ('య', '|'), ('ను', '|'), ('చు', '|'), ('నుం', 'U'), ('డ', '|'), ('న', '|'), ('డ', '|'), ('లు', '|'), ('చుం', 'U'), ('దు', '|'), ('రూ', 'U'), ('రు', '|'), ('న', '|'), ('డ', '|'), ('వి', '|'), ('రెం', 'U'), ('డు', '|'), ('నొ', '|'), ('క', '|'), ('టి', '|'), ('గా', 'U'), ('జూ', 'U'), ('చి', '|'), ('న', '|'), ('నా', 'U'), ('రి', '|'), ('తే', 'U'), ('ఱు', '|'), ('యో', 'U'), ('గి', '|'), ('య', '|'), ('త', '|'), ('డు', '|'), ('వే', 'U'), ('మా', 'U')]",0.7333333333333334,-1.0,1.0,0.95,0.25,-1.0
kandamu,"_x000D_
నీచుల వినుతులు సేయుచు
_x000D_
యాచకమున తిరిగి తిరిగి యలయుటకంటె\న్‌
_x000D_
వీచిన నింద్రియపశువులఁ
_x000D_
గాచినవాఁ డిందు నందు ఘనుఁ డగు వేమా.",jaathi,Vemana,"[('నీ', 'U'), ('చు', '|'), ('ల', '|'), ('వి', '|'), ('ను', '|'), ('తు', '|'), ('లు', '|'), ('సే', 'U'), ('యు', '|'), ('చు', '|'), ('యా', 'U'), ('చ', '|'), ('క', '|'), ('ము', '|'), ('న', '|'), ('తి', '|'), ('రి', '|'), ('గి', '|'), ('తి', '|'), ('రి', '|'), ('గి', '|'), ('య', '|'), ('ల', '|'), ('యు', '|'), ('ట', '|'), ('కం', 'U'), ('టెన్', 'U'), ('వీ', 'U'), ('చి', '|'), ('న', '|'), ('నిం', 'U'), ('ద్రి', '|'), ('య', '|'), ('ప', '|'), ('శు', '|'), ('వు', '|'), ('ల', '|'), ('గా', 'U'), ('చి', '|'), ('న', '|'), ('వా', 'U'), ('డిం', 'U'), ('దు', '|'), ('నం', 'U'), ('దు', '|'), ('ఘ', '|'), ('ను', '|'), ('డ', '|'), ('గు', '|'), ('వే', 'U'), ('మా', 'U')]",1.0,-1.0,1.0,1.0,1.0,1.0
kandamu,"_x000D_
భోగంబుల కాశింపక
_x000D_
రాగ ద్వేషంబు లుడిగి రంగుగ భువిలో
_x000D_
వేగమె మోక్షము తనకును
_x000D_
రాఁగన్ననువాఁడు యోగిరాయఁడు వేమా.",jaathi,Vemana,"[('భో', 'U'), ('గం', 'U'), ('బు', '|'), ('ల', '|'), ('కా', 'U'), ('శిం', 'U'), ('ప', '|'), ('క', '|'), ('రా', 'U'), ('గ', 'U'), ('ద్వే', 'U'), ('షం', 'U'), ('బు', '|'), ('లు', '|'), ('డి', '|'), ('గి', '|'), ('రం', 'U'), ('గు', '|'), ('గ', '|'), ('భు', '|'), ('వి', '|'), ('లో', 'U'), ('వే', 'U'), ('గ', '|'), ('మె', '|'), ('మో', 'U'), ('క్ష', '|'), ('ము', '|'), ('త', '|'), ('న', '|'), ('కు', '|'), ('ను', '|'), ('రా', 'U'), ('గ', 'U'), ('న్న', '|'), ('ను', '|'), ('వా', 'U'), ('డు', '|'), ('యో', 'U'), ('గి', '|'), ('రా', 'U'), ('య', '|'), ('డు', '|'), ('వే', 'U'), ('మా', 'U')]",1.0,-1.0,1.0,1.0,1.0,1.0
aataveladi,"_x000D_
పేదవాని బాధ పెనుభూతమై యుండు
_x000D_
చూడ నట్టిబాధ జాడ కనదు
_x000D_
కలుగువాని బాధ కనులఁ జూడఁగ రామి
_x000D_
కేమి చెప్పవచ్చు నింక వేమా.",vupajaathi,Vemana,"[('పే', 'U'), ('ద', '|'), ('వా', 'U'), ('ని', '|'), ('బా', 'U'), ('ధ', '|'), ('పె', '|'), ('ను', '|'), ('భూ', 'U'), ('త', '|'), ('మై', 'U'), ('యుం', 'U'), ('డు', '|'), ('చూ', 'U'), ('డ', '|'), ('న', 'U'), ('ట్టి', '|'), ('బా', 'U'), ('ధ', '|'), ('జా', 'U'), ('డ', '|'), ('క', '|'), ('న', '|'), ('దు', '|'), ('క', '|'), ('లు', '|'), ('గు', '|'), ('వా', 'U'), ('ని', '|'), ('బా', 'U'), ('ధ', '|'), ('క', '|'), ('ను', '|'), ('ల', '|'), ('జూ', 'U'), ('డ', '|'), ('గ', '|'), ('రా', 'U'), ('మి', '|'), ('కే', 'U'), ('మి', '|'), ('చె', 'U'), ('ప్ప', '|'), ('వ', 'U'), ('చ్చు', '|'), ('నిం', 'U'), ('క', '|'), ('వే', 'U'), ('మా', 'U')]",0.9,-1.0,1.0,0.95,0.75,-1.0
aataveladi,"_x000D_
జీవగుణము గల్గుజీవుండు బ్రహ్మంబు
_x000D_
సాటివచ్చునెట్లు సరవితోడ
_x000D_
నూరికుక్క సింగమొకటి జేయురా
_x000D_
విశ్వదాభిరామ వినర వేమ.",vupajaathi,Vemana,"[('జీ', 'U'), ('వ', '|'), ('గు', '|'), ('ణ', '|'), ('ము', '|'), ('గ', 'U'), ('ల్గు', '|'), ('జీ', 'U'), ('వుం', 'U'), ('డు', '|'), ('బ్ర', 'U'), ('హ్మం', 'U'), ('బు', '|'), ('సా', 'U'), ('టి', '|'), ('వ', 'U'), ('చ్చు', '|'), ('నె', 'U'), ('ట్లు', '|'), ('స', '|'), ('ర', '|'), ('వి', '|'), ('తో', 'U'), ('డ', '|'), ('నూ', 'U'), ('రి', '|'), ('కు', 'U'), ('క్క', '|'), ('సిం', 'U'), ('గ', '|'), ('మొ', '|'), ('క', '|'), ('టి', '|'), ('జే', 'U'), ('యు', '|'), ('రా', 'U'), ('వి', 'U'), ('శ్వ', '|'), ('దా', 'U'), ('భి', '|'), ('రా', 'U'), ('మ', '|'), ('వి', '|'), ('న', '|'), ('ర', '|'), ('వే', 'U'), ('మ', '|')]",0.7999999999999999,-1.0,1.0,0.9,0.5,-1.0
aataveladi,"_x000D_
అరయ నాస్తి యనక యడ్డుమాటాడక
_x000D_
తట్టుపడక మదిని తన్నుకోక
_x000D_
తన్నుఁ దాఁ గనుగొని తాఁ బెట్టినది పెట్టు
_x000D_
విశ్వదాభిరామ వినర వేమ.",vupajaathi,Vemana,"[('అ', '|'), ('ర', '|'), ('య', '|'), ('నా', 'U'), ('స్తి', '|'), ('య', '|'), ('న', '|'), ('క', '|'), ('య', 'U'), ('డ్డు', '|'), ('మా', 'U'), ('టా', 'U'), ('డ', '|'), ('క', '|'), ('త', 'U'), ('ట్టు', '|'), ('ప', '|'), ('డ', '|'), ('క', '|'), ('మ', '|'), ('ది', '|'), ('ని', '|'), ('త', 'U'), ('న్ను', '|'), ('కో', 'U'), ('క', '|'), ('త', 'U'), ('న్ను', '|'), ('దా', 'U'), ('గ', '|'), ('ను', '|'), ('గొ', '|'), ('ని', '|'), ('తా', 'U'), ('బె', 'U'), ('ట్టి', '|'), ('న', '|'), ('ది', '|'), ('పె', 'U'), ('ట్టు', '|'), ('వి', 'U'), ('శ్వ', '|'), ('దా', 'U'), ('భి', '|'), ('రా', 'U'), ('మ', '|'), ('వి', '|'), ('న', '|'), ('ర', '|'), ('వే', 'U'), ('మ', '|')]",1.0,-1.0,1.0,1.0,1.0,-1.0
aataveladi,"_x000D_
పరుల నిందఁజేసి పరులు నావారని
_x000D_
స్థిరము నస్థిరము తెలియలేక
_x000D_
పరఁగ దన్నుఁ జేతఁబట్టుక పెట్టిన
_x000D_
పెట్టుగాదు కట్టిపెట్టు వేమా.",vupajaathi,Vemana,"[('ప', '|'), ('రు', '|'), ('ల', '|'), ('నిం', 'U'), ('ద', '|'), ('జే', 'U'), ('సి', '|'), ('ప', '|'), ('రు', '|'), ('లు', '|'), ('నా', 'U'), ('వా', 'U'), ('ర', '|'), ('ని', 'U'), ('స్థి', '|'), ('ర', '|'), ('ము', '|'), ('న', 'U'), ('స్థి', '|'), ('ర', '|'), ('ము', '|'), ('తె', '|'), ('లి', '|'), ('య', '|'), ('లే', 'U'), ('క', '|'), ('ప', '|'), ('ర', '|'), ('గ', '|'), ('ద', 'U'), ('న్ను', '|'), ('జే', 'U'), ('త', '|'), ('బ', 'U'), ('ట్టు', '|'), ('క', '|'), ('పె', 'U'), ('ట్టి', '|'), ('న', '|'), ('పె', 'U'), ('ట్టు', '|'), ('గా', 'U'), ('దు', '|'), ('క', 'U'), ('ట్టి', '|'), ('పె', 'U'), ('ట్టు', '|'), ('వే', 'U'), ('మా', 'U')]",0.7166666666666667,-1.0,1.0,0.65,0.5,-1.0
aataveladi,"_x000D_
ఒరులకొఱకు భూమి నొరసెటివారును
_x000D_
అవనిపతికి వశ్యులయినవారు
_x000D_
పాలవంటివారు పన్ను పెట్టెడువారు
_x000D_
వాకెఱుంగరు శాఖవారు వేమా.",vupajaathi,Vemana,"[('ఒ', '|'), ('రు', '|'), ('ల', '|'), ('కొ', '|'), ('ఱ', '|'), ('కు', '|'), ('భూ', 'U'), ('మి', '|'), ('నొ', '|'), ('ర', '|'), ('సె', '|'), ('టి', '|'), ('వా', 'U'), ('రు', '|'), ('ను', '|'), ('అ', '|'), ('వ', '|'), ('ని', '|'), ('ప', '|'), ('తి', '|'), ('కి', '|'), ('వ', 'U'), ('శ్యు', '|'), ('ల', '|'), ('యి', '|'), ('న', '|'), ('వా', 'U'), ('రు', '|'), ('పా', 'U'), ('ల', '|'), ('వం', 'U'), ('టి', '|'), ('వా', 'U'), ('రు', '|'), ('ప', 'U'), ('న్ను', '|'), ('పె', 'U'), ('ట్టె', '|'), ('డు', '|'), ('వా', 'U'), ('రు', '|'), ('వా', 'U'), ('కె', '|'), ('ఱుం', 'U'), ('గ', '|'), ('రు', '|'), ('శా', 'U'), ('ఖ', '|'), ('వా', 'U'), ('రు', '|'), ('వే', 'U'), ('మా', 'U')]",0.8833333333333333,-1.0,1.0,0.9,0.75,-1.0
aataveladi,"_x000D_
బీఱుబోవుకులకు బిరుదు మ్రింగుకులంబు
_x000D_
నెల్ల జీవులకు భరించుకులము
_x000D_
ఇట్టుకులమువారు హరదూరులు
_x000D_
పట్ట గలుగువాఁడు పరఁగ వేమా.",vupajaathi,Vemana,"[('బీ', 'U'), ('ఱు', '|'), ('బో', 'U'), ('వు', '|'), ('కు', '|'), ('ల', '|'), ('కు', '|'), ('బి', '|'), ('రు', '|'), ('దు', '|'), ('మ్రిం', 'U'), ('గు', '|'), ('కు', '|'), ('లం', 'U'), ('బు', '|'), ('నె', 'U'), ('ల్ల', '|'), ('జీ', 'U'), ('వు', '|'), ('ల', '|'), ('కు', '|'), ('భ', '|'), ('రిం', 'U'), ('చు', '|'), ('కు', '|'), ('ల', '|'), ('ము', '|'), ('ఇ', 'U'), ('ట్టు', '|'), ('కు', '|'), ('ల', '|'), ('ము', '|'), ('వా', 'U'), ('రు', '|'), ('హ', '|'), ('ర', '|'), ('దూ', 'U'), ('రు', '|'), ('లు', '|'), ('ప', 'U'), ('ట్ట', '|'), ('గ', '|'), ('లు', '|'), ('గు', '|'), ('వా', 'U'), ('డు', '|'), ('ప', '|'), ('ర', '|'), ('గ', '|'), ('వే', 'U'), ('మా', 'U')]",0.75,-1.0,1.0,0.75,0.5,-1.0
aataveladi,"_x000D_
కోమటికిక యాశ కొండలు వాములు
_x000D_
చందనంబు శోభ చంద్రకళలు
_x000D_
తనకు మితిలేదు నక్కడ గతిలేదు
_x000D_
వదన శుద్ధిలేనివాఁడు వేమా.",vupajaathi,Vemana,"[('కో', 'U'), ('మ', '|'), ('టి', '|'), ('కి', '|'), ('క', '|'), ('యా', 'U'), ('శ', '|'), ('కొం', 'U'), ('డ', '|'), ('లు', '|'), ('వా', 'U'), ('ము', '|'), ('లు', '|'), ('చం', 'U'), ('ద', '|'), ('నం', 'U'), ('బు', '|'), ('శో', 'U'), ('భ', '|'), ('చం', 'U'), ('ద్ర', '|'), ('క', '|'), ('ళ', '|'), ('లు', '|'), ('త', '|'), ('న', '|'), ('కు', '|'), ('మి', '|'), ('తి', '|'), ('లే', 'U'), ('దు', '|'), ('న', 'U'), ('క్క', '|'), ('డ', '|'), ('గ', '|'), ('తి', '|'), ('లే', 'U'), ('దు', '|'), ('వ', '|'), ('ద', '|'), ('న', '|'), ('శు', 'U'), ('ద్ధి', '|'), ('లే', 'U'), ('ని', '|'), ('వా', 'U'), ('డు', '|'), ('వే', 'U'), ('మా', 'U')]",0.7666666666666666,-1.0,1.0,0.8,0.5,-1.0
aataveladi,"_x000D_
ప్రజ యొనర్చుచెడ్డ ప్రభువుకు వచ్చును
_x000D_
ప్రభువు మంచికొరత ప్రజలకు సగము
_x000D_
ప్రభు వొనర్చు చెడ్డ ప్రజల కేలరాదురా
_x000D_
విశ్వదాభిరామ వినర వేమ.",vupajaathi,Vemana,"[('ప్ర', '|'), ('జ', '|'), ('యొ', '|'), ('న', 'U'), ('ర్చు', '|'), ('చె', 'U'), ('డ్డ', '|'), ('ప్ర', '|'), ('భు', '|'), ('వు', '|'), ('కు', '|'), ('వ', 'U'), ('చ్చు', '|'), ('ను', '|'), ('ప్ర', '|'), ('భు', '|'), ('వు', '|'), ('మం', 'U'), ('చి', '|'), ('కొ', '|'), ('ర', '|'), ('త', '|'), ('ప్ర', '|'), ('జ', '|'), ('ల', '|'), ('కు', '|'), ('స', '|'), ('గ', '|'), ('ము', '|'), ('ప్ర', '|'), ('భు', '|'), ('వొ', '|'), ('న', 'U'), ('ర్చు', '|'), ('చె', 'U'), ('డ్డ', '|'), ('ప్ర', '|'), ('జ', '|'), ('ల', '|'), ('కే', 'U'), ('ల', '|'), ('రా', 'U'), ('దు', '|'), ('రా', 'U'), ('వి', 'U'), ('శ్వ', '|'), ('దా', 'U'), ('భి', '|'), ('రా', 'U'), ('మ', '|'), ('వి', '|'), ('న', '|'), ('ర', '|'), ('వే', 'U'), ('మ', '|')]",0.8833333333333333,-1.0,1.0,0.9,0.75,-1.0
aataveladi,"_x000D_
ఆఁడు దానిబొంకు గోడపెట్టినయట్టు
_x000D_
పురుషవరుని బొంకు పూలతడిక
_x000D_
స్త్రీలనేర్పులు భువి చీకు రాయితపము
_x000D_
విశ్వదాభిరామ వినర వేమ.",vupajaathi,Vemana,"[('ఆ', 'U'), ('డు', '|'), ('దా', 'U'), ('ని', '|'), ('బొం', 'U'), ('కు', '|'), ('గో', 'U'), ('డ', '|'), ('పె', 'U'), ('ట్టి', '|'), ('న', '|'), ('య', 'U'), ('ట్టు', '|'), ('పు', '|'), ('రు', '|'), ('ష', '|'), ('వ', '|'), ('రు', '|'), ('ని', '|'), ('బొం', 'U'), ('కు', '|'), ('పూ', 'U'), ('ల', '|'), ('త', '|'), ('డి', '|'), ('క', 'U'), ('స్త్రీ', 'U'), ('ల', '|'), ('నే', 'U'), ('ర్పు', '|'), ('లు', '|'), ('భు', '|'), ('వి', '|'), ('చీ', 'U'), ('కు', '|'), ('రా', 'U'), ('యి', '|'), ('త', '|'), ('ప', '|'), ('ము', '|'), ('వి', 'U'), ('శ్వ', '|'), ('దా', 'U'), ('భి', '|'), ('రా', 'U'), ('మ', '|'), ('వి', '|'), ('న', '|'), ('ర', '|'), ('వే', 'U'), ('మ', '|')]",0.9,-1.0,1.0,0.95,0.75,-1.0
aataveladi,"_x000D_
అన్యులకును వచ్చునాపదఁ దనదిగా
_x000D_
నెన్నువాఁడు భువిని నున్నవాఁడు
_x000D_
ఎన్నువారిలోన నిహపరంబులు లెస్స
_x000D_
కన్నవాఁడు మిగుల ఘనుఁడు వేమా.",vupajaathi,Vemana,"[('అ', 'U'), ('న్యు', '|'), ('ల', '|'), ('కు', '|'), ('ను', '|'), ('వ', 'U'), ('చ్చు', '|'), ('నా', 'U'), ('ప', '|'), ('ద', '|'), ('ద', '|'), ('న', '|'), ('ది', '|'), ('గా', 'U'), ('నె', 'U'), ('న్ను', '|'), ('వా', 'U'), ('డు', '|'), ('భు', '|'), ('వి', '|'), ('ని', '|'), ('ను', 'U'), ('న్న', '|'), ('వా', 'U'), ('డు', '|'), ('ఎ', 'U'), ('న్ను', '|'), ('వా', 'U'), ('రి', '|'), ('లో', 'U'), ('న', '|'), ('ని', '|'), ('హ', '|'), ('ప', '|'), ('రం', 'U'), ('బు', '|'), ('లు', '|'), ('లె', 'U'), ('స్స', '|'), ('క', 'U'), ('న్న', '|'), ('వా', 'U'), ('డు', '|'), ('మి', '|'), ('గు', '|'), ('ల', '|'), ('ఘ', '|'), ('ను', '|'), ('డు', '|'), ('వే', 'U'), ('మా', 'U')]",0.8166666666666668,-1.0,1.0,0.95,0.5,-1.0
aataveladi,"_x000D_
కండలెల్లఁ గోయ కావికిఁజాలని
_x000D_
బండగోవు కాసపడినఁ గలదె
_x000D_
కొండఁ బసిఁడి కొండ గోరిన చందమౌ
_x000D_
విశ్వదాభిరామ వినర వేమ.",vupajaathi,Vemana,"[('కం', 'U'), ('డ', '|'), ('లె', 'U'), ('ల్ల', '|'), ('గో', 'U'), ('య', '|'), ('కా', 'U'), ('వి', '|'), ('కి', '|'), ('జా', 'U'), ('ల', '|'), ('ని', '|'), ('బం', 'U'), ('డ', '|'), ('గో', 'U'), ('వు', '|'), ('కా', 'U'), ('స', '|'), ('ప', '|'), ('డి', '|'), ('న', '|'), ('గ', '|'), ('ల', '|'), ('దె', '|'), ('కొం', 'U'), ('డ', '|'), ('బ', '|'), ('సి', '|'), ('డి', '|'), ('కొం', 'U'), ('డ', '|'), ('గో', 'U'), ('రి', '|'), ('న', '|'), ('చం', 'U'), ('ద', '|'), ('మౌ', 'U'), ('వి', 'U'), ('శ్వ', '|'), ('దా', 'U'), ('భి', '|'), ('రా', 'U'), ('మ', '|'), ('వి', '|'), ('న', '|'), ('ర', '|'), ('వే', 'U'), ('మ', '|')]",1.0,-1.0,1.0,1.0,1.0,-1.0
aataveladi,"_x000D_
ఎలమిని ధనకాంక్ష నెదిరిఁ దన్నెఱుఁగక
_x000D_
కన్నుఁ గాన కెల్ల కర్మలాగు
_x000D_
పుట్టినపుడు పుట్టె బుద్ధిహీనతవాని
_x000D_
నడుఁగబోవ కష్టమదియ వేమా.",vupajaathi,Vemana,"[('ఎ', '|'), ('ల', '|'), ('మి', '|'), ('ని', '|'), ('ధ', '|'), ('న', '|'), ('కాం', 'U'), ('క్ష', '|'), ('నె', '|'), ('ది', '|'), ('రి', '|'), ('ద', 'U'), ('న్నె', '|'), ('ఱు', '|'), ('గ', '|'), ('క', '|'), ('క', 'U'), ('న్ను', '|'), ('గా', 'U'), ('న', '|'), ('కె', 'U'), ('ల్ల', '|'), ('క', 'U'), ('ర్మ', '|'), ('లా', 'U'), ('గు', '|'), ('పు', 'U'), ('ట్టి', '|'), ('న', '|'), ('పు', '|'), ('డు', '|'), ('పు', 'U'), ('ట్టె', '|'), ('బు', 'U'), ('ద్ధి', '|'), ('హీ', 'U'), ('న', '|'), ('త', '|'), ('వా', 'U'), ('ని', '|'), ('న', '|'), ('డు', '|'), ('గ', '|'), ('బో', 'U'), ('వ', '|'), ('క', 'U'), ('ష్ట', '|'), ('మ', '|'), ('ది', '|'), ('య', '|'), ('వే', 'U'), ('మా', 'U')]",0.8166666666666668,-1.0,1.0,0.95,0.5,-1.0
aataveladi,"_x000D_
అష్టకష్టు బ్రదుకు నగ్నిపాలై పోవు
_x000D_
నిర్దయాత్ము బ్రతుకు నీటఁగలియు
_x000D_
క్రూరకర్ముబ్రతుకు చోరులపాలౌను
_x000D_
విశ్వదాభిరామ వినర వేమ.",vupajaathi,Vemana,"[('అ', 'U'), ('ష్ట', '|'), ('క', 'U'), ('ష్టు', '|'), ('బ్ర', '|'), ('దు', '|'), ('కు', '|'), ('న', 'U'), ('గ్ని', '|'), ('పా', 'U'), ('లై', 'U'), ('పో', 'U'), ('వు', '|'), ('ని', 'U'), ('ర్ద', '|'), ('యా', 'U'), ('త్ము', '|'), ('బ్ర', '|'), ('తు', '|'), ('కు', '|'), ('నీ', 'U'), ('ట', '|'), ('గ', '|'), ('లి', '|'), ('యు', '|'), ('క్రూ', 'U'), ('ర', '|'), ('క', 'U'), ('ర్ము', '|'), ('బ్ర', '|'), ('తు', '|'), ('కు', '|'), ('చో', 'U'), ('రు', '|'), ('ల', '|'), ('పా', 'U'), ('లౌ', 'U'), ('ను', '|'), ('వి', 'U'), ('శ్వ', '|'), ('దా', 'U'), ('భి', '|'), ('రా', 'U'), ('మ', '|'), ('వి', '|'), ('న', '|'), ('ర', '|'), ('వే', 'U'), ('మ', '|')]",0.9166666666666666,-1.0,1.0,1.0,0.75,-1.0
aataveladi,"_x000D_
బాలచనులఁ బూలబంతులఁ బోల్తురు
_x000D_
ప్రాలుమాలినట్టి భ్రష్టు లవని
_x000D_
మాంసఖండమందు మఱియేమియున్నది
_x000D_
విశ్వదాభిరామ వినర వేమ.",vupajaathi,Vemana,"[('బా', 'U'), ('ల', '|'), ('చ', '|'), ('ను', '|'), ('ల', '|'), ('బూ', 'U'), ('ల', '|'), ('బం', 'U'), ('తు', '|'), ('ల', '|'), ('బో', 'U'), ('ల్తు', '|'), ('రు', '|'), ('ప్రా', 'U'), ('లు', '|'), ('మా', 'U'), ('లి', '|'), ('న', 'U'), ('ట్టి', '|'), ('భ్ర', 'U'), ('ష్టు', '|'), ('ల', '|'), ('వ', '|'), ('ని', '|'), ('మాం', 'U'), ('స', '|'), ('ఖం', 'U'), ('డ', '|'), ('మం', 'U'), ('దు', '|'), ('మ', '|'), ('ఱి', '|'), ('యే', 'U'), ('మి', '|'), ('యు', 'U'), ('న్న', '|'), ('ది', '|'), ('వి', 'U'), ('శ్వ', '|'), ('దా', 'U'), ('భి', '|'), ('రా', 'U'), ('మ', '|'), ('వి', '|'), ('న', '|'), ('ర', '|'), ('వే', 'U'), ('మ', '|')]",1.0,-1.0,1.0,1.0,1.0,-1.0
aataveladi,"_x000D_
ఒకనికీడు వేఱెయొక్కని కియ్యఁడు
_x000D_
ఒకరిమేలు వేఱెయొకరి కీఁడు
_x000D_
కీడుమేలు వారు పోఁడిమి దెలియరు
_x000D_
కాలుఁ డెఱుఁగు వారిగతిని వేమా.",vupajaathi,Vemana,"[('ఒ', '|'), ('క', '|'), ('ని', '|'), ('కీ', 'U'), ('డు', '|'), ('వే', 'U'), ('ఱె', '|'), ('యొ', 'U'), ('క్క', '|'), ('ని', '|'), ('కి', 'U'), ('య్య', '|'), ('డు', '|'), ('ఒ', '|'), ('క', '|'), ('రి', '|'), ('మే', 'U'), ('లు', '|'), ('వే', 'U'), ('ఱె', '|'), ('యొ', '|'), ('క', '|'), ('రి', '|'), ('కీ', 'U'), ('డు', '|'), ('కీ', 'U'), ('డు', '|'), ('మే', 'U'), ('లు', '|'), ('వా', 'U'), ('రు', '|'), ('పో', 'U'), ('డి', '|'), ('మి', '|'), ('దె', '|'), ('లి', '|'), ('య', '|'), ('రు', '|'), ('కా', 'U'), ('లు', '|'), ('డె', '|'), ('ఱు', '|'), ('గు', '|'), ('వా', 'U'), ('రి', '|'), ('గ', '|'), ('తి', '|'), ('ని', '|'), ('వే', 'U'), ('మా', 'U')]",0.9,-1.0,1.0,0.95,0.75,-1.0
aataveladi,"_x000D_
పరగ నీవఱకును పడినపా ట్లెఱుగక
_x000D_
ఘనుఁడుగాగ మనుజుఁ డనఁగఁ బుట్టి
_x000D_
కీడు మే లెఱుఁగక క్రిందాయెఁ జూడరా
_x000D_
విశ్వదాభిరామ వినర వేమ.",vupajaathi,Vemana,"[('ప', '|'), ('ర', '|'), ('గ', '|'), ('నీ', 'U'), ('వ', '|'), ('ఱ', '|'), ('కు', '|'), ('ను', '|'), ('ప', '|'), ('డి', '|'), ('న', '|'), ('పా', 'U'), ('ట్లె', '|'), ('ఱు', '|'), ('గ', '|'), ('క', '|'), ('ఘ', '|'), ('ను', '|'), ('డు', '|'), ('గా', 'U'), ('గ', '|'), ('మ', '|'), ('ను', '|'), ('జు', '|'), ('డ', '|'), ('న', '|'), ('గ', '|'), ('బు', 'U'), ('ట్టి', '|'), ('కీ', 'U'), ('డు', '|'), ('మే', 'U'), ('లె', '|'), ('ఱు', '|'), ('గ', '|'), ('క', '|'), ('క్రిం', 'U'), ('దా', 'U'), ('యె', '|'), ('జూ', 'U'), ('డ', '|'), ('రా', 'U'), ('వి', 'U'), ('శ్వ', '|'), ('దా', 'U'), ('భి', '|'), ('రా', 'U'), ('మ', '|'), ('వి', '|'), ('న', '|'), ('ర', '|'), ('వే', 'U'), ('మ', '|')]",1.0,-1.0,1.0,1.0,1.0,-1.0
aataveladi,"_x000D_
పుట్టలోన తేనె పుట్టినరీతిని
_x000D_
గుట్టమీఁద మణియు పుట్టువిధము
_x000D_
కట్టెలోన నగ్ని పుట్టినవిధమున
_x000D_
పుట్టి పెట్టవలెను భువిని వేమా.",vupajaathi,Vemana,"[('పు', 'U'), ('ట్ట', '|'), ('లో', 'U'), ('న', '|'), ('తే', 'U'), ('నె', '|'), ('పు', 'U'), ('ట్టి', '|'), ('న', '|'), ('రీ', 'U'), ('తి', '|'), ('ని', '|'), ('గు', 'U'), ('ట్ట', '|'), ('మీ', 'U'), ('ద', '|'), ('మ', '|'), ('ణి', '|'), ('యు', '|'), ('పు', 'U'), ('ట్టు', '|'), ('వి', '|'), ('ధ', '|'), ('ము', '|'), ('క', 'U'), ('ట్టె', '|'), ('లో', 'U'), ('న', '|'), ('న', 'U'), ('గ్ని', '|'), ('పు', 'U'), ('ట్టి', '|'), ('న', '|'), ('వి', '|'), ('ధ', '|'), ('ము', '|'), ('న', '|'), ('పు', 'U'), ('ట్టి', '|'), ('పె', 'U'), ('ట్ట', '|'), ('వ', '|'), ('లె', '|'), ('ను', '|'), ('భు', '|'), ('వి', '|'), ('ని', '|'), ('వే', 'U'), ('మా', 'U')]",0.9833333333333334,-1.0,1.0,0.95,1.0,-1.0
aataveladi,"_x000D_
తనదునీడ శిశువు దాఁజూచుకొన్నట్టు
_x000D_
తనదునీడఁ జూచి తన్ను మఱచి
_x000D_
పతిని ననుమ నుడువు భ్రాంతుల నేమందు
_x000D_
విశ్వదాభిరామ వినర వేమ.",vupajaathi,Vemana,"[('త', '|'), ('న', '|'), ('దు', '|'), ('నీ', 'U'), ('డ', '|'), ('శి', '|'), ('శు', '|'), ('వు', '|'), ('దా', 'U'), ('జూ', 'U'), ('చు', '|'), ('కొ', 'U'), ('న్న', 'U'), ('ట్టు', '|'), ('త', '|'), ('న', '|'), ('దు', '|'), ('నీ', 'U'), ('డ', '|'), ('జూ', 'U'), ('చి', '|'), ('త', 'U'), ('న్ను', '|'), ('మ', '|'), ('ఱ', '|'), ('చి', '|'), ('ప', '|'), ('తి', '|'), ('ని', '|'), ('న', '|'), ('ను', '|'), ('మ', '|'), ('ను', '|'), ('డు', '|'), ('వు', '|'), ('భ్రాం', 'U'), ('తు', '|'), ('ల', '|'), ('నే', 'U'), ('మం', 'U'), ('దు', '|'), ('వి', 'U'), ('శ్వ', '|'), ('దా', 'U'), ('భి', '|'), ('రా', 'U'), ('మ', '|'), ('వి', '|'), ('న', '|'), ('ర', '|'), ('వే', 'U'), ('మ', '|')]",1.0,-1.0,1.0,1.0,1.0,-1.0
aataveladi,"_x000D_
తావులేనిచోట తాను తానె యుండు
_x000D_
తావు కలుగుచోట తానులేఁడు
_x000D_
తావు తానెయైన తత్వంబుఁ దెలియుఁడీ
_x000D_
విశ్వదాభిరామ వినర వేమ.",vupajaathi,Vemana,"[('తా', 'U'), ('వు', '|'), ('లే', 'U'), ('ని', '|'), ('చో', 'U'), ('ట', '|'), ('తా', 'U'), ('ను', '|'), ('తా', 'U'), ('నె', '|'), ('యుం', 'U'), ('డు', '|'), ('తా', 'U'), ('వు', '|'), ('క', '|'), ('లు', '|'), ('గు', '|'), ('చో', 'U'), ('ట', '|'), ('తా', 'U'), ('ను', '|'), ('లే', 'U'), ('డు', '|'), ('తా', 'U'), ('వు', '|'), ('తా', 'U'), ('నె', '|'), ('యై', 'U'), ('న', '|'), ('త', 'U'), ('త్వం', 'U'), ('బు', '|'), ('దె', '|'), ('లి', '|'), ('యు', '|'), ('డీ', 'U'), ('వి', 'U'), ('శ్వ', '|'), ('దా', 'U'), ('భి', '|'), ('రా', 'U'), ('మ', '|'), ('వి', '|'), ('న', '|'), ('ర', '|'), ('వే', 'U'), ('మ', '|')]",0.65,-1.0,1.0,0.7,0.25,-1.0
aataveladi,"_x000D_
తన్నువలె నవియును ధరఁబుట్టినవి గావొ
_x000D_
పరఁగఁదమ్మువంటి బ్రతుకు గాదొ
_x000D_
జ్ఞాని జ్ఞానిఁ జంపిఁ గారణమేమిరా
_x000D_
విశ్వదాభిరామ వినర వేమ.",vupajaathi,Vemana,"[('త', 'U'), ('న్ను', '|'), ('వ', '|'), ('లె', '|'), ('న', '|'), ('వి', '|'), ('యు', '|'), ('ను', '|'), ('ధ', '|'), ('ర', '|'), ('బు', 'U'), ('ట్టి', '|'), ('న', '|'), ('వి', '|'), ('గా', 'U'), ('వొ', '|'), ('ప', '|'), ('ర', '|'), ('గ', '|'), ('ద', 'U'), ('మ్ము', '|'), ('వం', 'U'), ('టి', '|'), ('బ్ర', '|'), ('తు', '|'), ('కు', '|'), ('గా', 'U'), ('దొ', 'U'), ('జ్ఞా', 'U'), ('ని', 'U'), ('జ్ఞా', 'U'), ('ని', '|'), ('జం', 'U'), ('పి', '|'), ('గా', 'U'), ('ర', '|'), ('ణ', '|'), ('మే', 'U'), ('మి', '|'), ('రా', 'U'), ('వి', 'U'), ('శ్వ', '|'), ('దా', 'U'), ('భి', '|'), ('రా', 'U'), ('మ', '|'), ('వి', '|'), ('న', '|'), ('ర', '|'), ('వే', 'U'), ('మ', '|')]",0.7333333333333334,-1.0,1.0,0.7,0.5,-1.0
aataveladi,"_x000D_
ఒక్కమనసుతోడ నున్నది సకలము
_x000D_
తిక్క బట్టి నరులు తెలియలేరు
_x000D_
తిక్క నెఱిఁగి నడువ నొక్కఁడే చాలురా
_x000D_
విశ్వదాభిరామ వినర వేమ.",vupajaathi,Vemana,"[('ఒ', 'U'), ('క్క', '|'), ('మ', '|'), ('న', '|'), ('సు', '|'), ('తో', 'U'), ('డ', '|'), ('ను', 'U'), ('న్న', '|'), ('ది', '|'), ('స', '|'), ('క', '|'), ('ల', '|'), ('ము', '|'), ('తి', 'U'), ('క్క', '|'), ('బ', 'U'), ('ట్టి', '|'), ('న', '|'), ('రు', '|'), ('లు', '|'), ('తె', '|'), ('లి', '|'), ('య', '|'), ('లే', 'U'), ('రు', '|'), ('తి', 'U'), ('క్క', '|'), ('నె', '|'), ('ఱి', '|'), ('గి', '|'), ('న', '|'), ('డు', '|'), ('వ', '|'), ('నొ', 'U'), ('క్క', '|'), ('డే', 'U'), ('చా', 'U'), ('లు', '|'), ('రా', 'U'), ('వి', 'U'), ('శ్వ', '|'), ('దా', 'U'), ('భి', '|'), ('రా', 'U'), ('మ', '|'), ('వి', '|'), ('న', '|'), ('ర', '|'), ('వే', 'U'), ('మ', '|')]",0.9166666666666666,-1.0,1.0,1.0,0.75,-1.0
aataveladi,"_x000D_
పరఁగ ముందఱ తమ బ్రతుకుతె ర్వెఱుఁగక
_x000D_
సకల సంపదలును సతము లనుచు
_x000D_
జలముఁ బాయు చేఁపచంద మేర్పడి తుద
_x000D_
గతియువేఱెలేక గలుగు వేమా.",vupajaathi,Vemana,"[('ప', '|'), ('ర', '|'), ('గ', '|'), ('ముం', 'U'), ('ద', '|'), ('ఱ', '|'), ('త', '|'), ('మ', '|'), ('బ్ర', '|'), ('తు', '|'), ('కు', '|'), ('తె', 'U'), ('ర్వె', '|'), ('ఱు', '|'), ('గ', '|'), ('క', '|'), ('స', '|'), ('క', '|'), ('ల', '|'), ('సం', 'U'), ('ప', '|'), ('ద', '|'), ('లు', '|'), ('ను', '|'), ('స', '|'), ('త', '|'), ('ము', '|'), ('ల', '|'), ('ను', '|'), ('చు', '|'), ('జ', '|'), ('ల', '|'), ('ము', '|'), ('బా', 'U'), ('యు', '|'), ('చే', 'U'), ('ప', '|'), ('చం', 'U'), ('ద', '|'), ('మే', 'U'), ('ర్ప', '|'), ('డి', '|'), ('తు', '|'), ('ద', '|'), ('గ', '|'), ('తి', '|'), ('యు', '|'), ('వే', 'U'), ('ఱె', '|'), ('లే', 'U'), ('క', '|'), ('గ', '|'), ('లు', '|'), ('గు', '|'), ('వే', 'U'), ('మా', 'U')]",0.9833333333333334,-1.0,1.0,0.95,1.0,-1.0
aataveladi,"_x000D_
తిట్టికొట్టిరేని తిరిగి మాటాడక
_x000D_
యడరుఁజూచి యదరింపకనీవు
_x000D_
తన్నుఁ గాదని నట్లు కాతఱపడకున్న
_x000D_
నట్టివాఁడు బ్రహ్మ మౌను వేమా.",vupajaathi,Vemana,"[('తి', 'U'), ('ట్టి', '|'), ('కొ', 'U'), ('ట్టి', '|'), ('రే', 'U'), ('ని', '|'), ('తి', '|'), ('రి', '|'), ('గి', '|'), ('మా', 'U'), ('టా', 'U'), ('డ', '|'), ('క', '|'), ('య', '|'), ('డ', '|'), ('రు', '|'), ('జూ', 'U'), ('చి', '|'), ('య', '|'), ('ద', '|'), ('రిం', 'U'), ('ప', '|'), ('క', '|'), ('నీ', 'U'), ('వు', '|'), ('త', 'U'), ('న్ను', '|'), ('గా', 'U'), ('ద', '|'), ('ని', '|'), ('న', 'U'), ('ట్లు', '|'), ('కా', 'U'), ('త', '|'), ('ఱ', '|'), ('ప', '|'), ('డ', '|'), ('కు', 'U'), ('న్న', '|'), ('న', 'U'), ('ట్టి', '|'), ('వా', 'U'), ('డు', '|'), ('బ్ర', 'U'), ('హ్మ', '|'), ('మౌ', 'U'), ('ను', '|'), ('వే', 'U'), ('మా', 'U')]",0.6,-1.0,1.0,0.55,0.25,-1.0
aataveladi,"_x000D_
పిడుగును నరచేతఁ బిగఁబట్టి యందులోఁ
_x000D_
గల్మషంబునెల్ల కడకఁదీసి
_x000D_
కడమచేతి చేత కలియుగమును బ్రోచు
_x000D_
కర్మ కర్మ నెఱుగఁ గదర వేమా.",vupajaathi,Vemana,"[('పి', '|'), ('డు', '|'), ('గు', '|'), ('ను', '|'), ('న', '|'), ('ర', '|'), ('చే', 'U'), ('త', '|'), ('బి', '|'), ('గ', '|'), ('బ', 'U'), ('ట్టి', '|'), ('యం', 'U'), ('దు', '|'), ('లో', 'U'), ('గ', 'U'), ('ల్మ', '|'), ('షం', 'U'), ('బు', '|'), ('నె', 'U'), ('ల్ల', '|'), ('క', '|'), ('డ', '|'), ('క', '|'), ('దీ', 'U'), ('సి', '|'), ('క', '|'), ('డ', '|'), ('మ', '|'), ('చే', 'U'), ('తి', '|'), ('చే', 'U'), ('త', '|'), ('క', '|'), ('లి', '|'), ('యు', '|'), ('గ', '|'), ('ము', '|'), ('ను', '|'), ('బ్రో', 'U'), ('చు', '|'), ('క', 'U'), ('ర్మ', '|'), ('క', 'U'), ('ర్మ', '|'), ('నె', '|'), ('ఱు', '|'), ('గ', '|'), ('గ', '|'), ('ద', '|'), ('ర', '|'), ('వే', 'U'), ('మా', 'U')]",0.9833333333333334,-1.0,1.0,0.95,1.0,-1.0
aataveladi,"_x000D_
పూర్ణమైన తనదు భుజబల్మిఁ జూడక
_x000D_
భువిని చెడుగుతోడ పోరరాదు
_x000D_
పాలకుండ కింత పొలసినా సారాయి
_x000D_
విశ్వదాభిరామ వినర వేమ.",vupajaathi,Vemana,"[('పూ', 'U'), ('ర్ణ', '|'), ('మై', 'U'), ('న', '|'), ('త', '|'), ('న', '|'), ('దు', '|'), ('భు', '|'), ('జ', '|'), ('బ', 'U'), ('ల్మి', '|'), ('జూ', 'U'), ('డ', '|'), ('క', '|'), ('భు', '|'), ('వి', '|'), ('ని', '|'), ('చె', '|'), ('డు', '|'), ('గు', '|'), ('తో', 'U'), ('డ', '|'), ('పో', 'U'), ('ర', '|'), ('రా', 'U'), ('దు', '|'), ('పా', 'U'), ('ల', '|'), ('కుం', 'U'), ('డ', '|'), ('కిం', 'U'), ('త', '|'), ('పొ', '|'), ('ల', '|'), ('సి', '|'), ('నా', 'U'), ('సా', 'U'), ('రా', 'U'), ('యి', '|'), ('వి', 'U'), ('శ్వ', '|'), ('దా', 'U'), ('భి', '|'), ('రా', 'U'), ('మ', '|'), ('వి', '|'), ('న', '|'), ('ర', '|'), ('వే', 'U'), ('మ', '|')]",0.9166666666666666,-1.0,1.0,1.0,0.75,-1.0
aataveladi,"_x000D_
పరుల కుపకరించి పరుసొమ్ము పరునకు
_x000D_
పరఁగ నిచ్చె నేని పరము గల్గు
_x000D_
పరముకన్న నేమి పావనమా సొమ్ము
_x000D_
విశ్వదాభిరామ వినర వేమ.",vupajaathi,Vemana,"[('ప', '|'), ('రు', '|'), ('ల', '|'), ('కు', '|'), ('ప', '|'), ('క', '|'), ('రిం', 'U'), ('చి', '|'), ('ప', '|'), ('రు', '|'), ('సొ', 'U'), ('మ్ము', '|'), ('ప', '|'), ('రు', '|'), ('న', '|'), ('కు', '|'), ('ప', '|'), ('ర', '|'), ('గ', '|'), ('ని', 'U'), ('చ్చె', '|'), ('నే', 'U'), ('ని', '|'), ('ప', '|'), ('ర', '|'), ('ము', '|'), ('గ', 'U'), ('ల్గు', '|'), ('ప', '|'), ('ర', '|'), ('ము', '|'), ('క', 'U'), ('న్న', '|'), ('నే', 'U'), ('మి', '|'), ('పా', 'U'), ('వ', '|'), ('న', '|'), ('మా', 'U'), ('సొ', 'U'), ('మ్ము', '|'), ('వి', 'U'), ('శ్వ', '|'), ('దా', 'U'), ('భి', '|'), ('రా', 'U'), ('మ', '|'), ('వి', '|'), ('న', '|'), ('ర', '|'), ('వే', 'U'), ('మ', '|')]",1.0,-1.0,1.0,1.0,1.0,-1.0
aataveladi,"_x000D_
పలుగువానికేల పదనమృద్ధి దలంప
_x000D_
పలుగువరుస వానిబలిమి దప్ప
_x000D_
చలమువాని కేల సాత్వికధర్మంబు
_x000D_
ఏమి యొకటి ఘనము నిలను వేమా.",vupajaathi,Vemana,"[('ప', '|'), ('లు', '|'), ('గు', '|'), ('వా', 'U'), ('ని', '|'), ('కే', 'U'), ('ల', '|'), ('ప', '|'), ('ద', '|'), ('న', '|'), ('మృ', 'U'), ('ద్ధి', '|'), ('ద', '|'), ('లం', 'U'), ('ప', '|'), ('ప', '|'), ('లు', '|'), ('గు', '|'), ('వ', '|'), ('రు', '|'), ('స', '|'), ('వా', 'U'), ('ని', '|'), ('బ', '|'), ('లి', '|'), ('మి', '|'), ('ద', 'U'), ('ప్ప', '|'), ('చ', '|'), ('ల', '|'), ('ము', '|'), ('వా', 'U'), ('ని', '|'), ('కే', 'U'), ('ల', '|'), ('సా', 'U'), ('త్వి', '|'), ('క', '|'), ('ధ', 'U'), ('ర్మం', 'U'), ('బు', '|'), ('ఏ', 'U'), ('మి', '|'), ('యొ', '|'), ('క', '|'), ('టి', '|'), ('ఘ', '|'), ('న', '|'), ('ము', '|'), ('ని', '|'), ('ల', '|'), ('ను', '|'), ('వే', 'U'), ('మా', 'U')]",0.9,-1.0,1.0,0.95,0.75,-1.0
aataveladi,"_x000D_
సాగి పాఱురారు సకలకార్యంబుల
_x000D_
వాక్ప్రగల్భములచె వరలుచుండ్రు
_x000D_
సాగిపాఱక సఱిసమకూడ దొక్కటి
_x000D_
ధనమదెంతయున్న ధరను వేమా.",vupajaathi,Vemana,"[('సా', 'U'), ('గి', '|'), ('పా', 'U'), ('ఱు', '|'), ('రా', 'U'), ('రు', '|'), ('స', '|'), ('క', '|'), ('ల', '|'), ('కా', 'U'), ('ర్యం', 'U'), ('బు', '|'), ('ల', '|'), ('వా', 'U'), ('క్ప్ర', '|'), ('గ', 'U'), ('ల్భ', '|'), ('ము', '|'), ('ల', '|'), ('చె', '|'), ('వ', '|'), ('ర', '|'), ('లు', '|'), ('చుం', 'U'), ('డ్రు', '|'), ('సా', 'U'), ('గి', '|'), ('పా', 'U'), ('ఱ', '|'), ('క', '|'), ('స', '|'), ('ఱి', '|'), ('స', '|'), ('మ', '|'), ('కూ', 'U'), ('డ', '|'), ('దొ', 'U'), ('క్క', '|'), ('టి', '|'), ('ధ', '|'), ('న', '|'), ('మ', '|'), ('దెం', 'U'), ('త', '|'), ('యు', 'U'), ('న్న', '|'), ('ధ', '|'), ('ర', '|'), ('ను', '|'), ('వే', 'U'), ('మా', 'U')]",0.9833333333333334,-1.0,1.0,0.95,1.0,-1.0
aataveladi,"_x000D_
అదయ హస్తమందు నభయహస్తంబీయ
_x000D_
దర్పకాంగుఁడైన తన్నుఁ జూచి
_x000D_
మంగళంబుచేయు మంగళహీనుఁడు
_x000D_
విశ్వదాభిరామ వినర వేమ.",vupajaathi,Vemana,"[('అ', '|'), ('ద', '|'), ('య', '|'), ('హ', 'U'), ('స్త', '|'), ('మం', 'U'), ('దు', '|'), ('న', '|'), ('భ', '|'), ('య', '|'), ('హ', 'U'), ('స్తం', 'U'), ('బీ', 'U'), ('య', '|'), ('ద', 'U'), ('ర్ప', '|'), ('కాం', 'U'), ('గు', '|'), ('డై', 'U'), ('న', '|'), ('త', 'U'), ('న్ను', '|'), ('జూ', 'U'), ('చి', '|'), ('మం', 'U'), ('గ', '|'), ('ళం', 'U'), ('బు', '|'), ('చే', 'U'), ('యు', '|'), ('మం', 'U'), ('గ', '|'), ('ళ', '|'), ('హీ', 'U'), ('ను', '|'), ('డు', '|'), ('వి', 'U'), ('శ్వ', '|'), ('దా', 'U'), ('భి', '|'), ('రా', 'U'), ('మ', '|'), ('వి', '|'), ('న', '|'), ('ర', '|'), ('వే', 'U'), ('మ', '|')]",0.9166666666666666,-1.0,1.0,1.0,0.75,-1.0
aataveladi,"_x000D_
ఎఱుక నెఱుగువాని కెఱుక యే నడుచును
_x000D_
ఎఱుకలేనివాఁడు నెఱుఁగలేఁడు
_x000D_
ఎఱుకలోని యెఱుక నెఱుఁగుట తత్వంబు
_x000D_
విశ్వదాభిరామ వినర వేమ.",vupajaathi,Vemana,"[('ఎ', '|'), ('ఱు', '|'), ('క', '|'), ('నె', '|'), ('ఱు', '|'), ('గు', '|'), ('వా', 'U'), ('ని', '|'), ('కె', '|'), ('ఱు', '|'), ('క', '|'), ('యే', 'U'), ('న', '|'), ('డు', '|'), ('చు', '|'), ('ను', '|'), ('ఎ', '|'), ('ఱు', '|'), ('క', '|'), ('లే', 'U'), ('ని', '|'), ('వా', 'U'), ('డు', '|'), ('నె', '|'), ('ఱు', '|'), ('గ', '|'), ('లే', 'U'), ('డు', '|'), ('ఎ', '|'), ('ఱు', '|'), ('క', '|'), ('లో', 'U'), ('ని', '|'), ('యె', '|'), ('ఱు', '|'), ('క', '|'), ('నె', '|'), ('ఱు', '|'), ('గు', '|'), ('ట', '|'), ('త', 'U'), ('త్వం', 'U'), ('బు', '|'), ('వి', 'U'), ('శ్వ', '|'), ('దా', 'U'), ('భి', '|'), ('రా', 'U'), ('మ', '|'), ('వి', '|'), ('న', '|'), ('ర', '|'), ('వే', 'U'), ('మ', '|')]",1.0,-1.0,1.0,1.0,1.0,-1.0
kandamu,"_x000D_
జన్మమరణ సుషుప్తుల జనము లెల్ల
_x000D_
జరుగుచుండంగ నరుఁడు తా జంగమమను
_x000D_
నదియుఁ దెలియంగలేర నీయజ్ఞులైన
_x000D_
భూప్రజలు బుద్ధిలేకయు పొసఁగు వేమా.",jaathi,Vemana,"[('జ', 'U'), ('న్మ', '|'), ('మ', '|'), ('ర', '|'), ('ణ', '|'), ('సు', '|'), ('షు', 'U'), ('ప్తు', '|'), ('ల', '|'), ('జ', '|'), ('న', '|'), ('ము', '|'), ('లె', 'U'), ('ల్ల', '|'), ('జ', '|'), ('రు', '|'), ('గు', '|'), ('చుం', 'U'), ('డం', 'U'), ('గ', '|'), ('న', '|'), ('రు', '|'), ('డు', '|'), ('తా', 'U'), ('జం', 'U'), ('గ', '|'), ('మ', '|'), ('మ', '|'), ('ను', '|'), ('న', '|'), ('ది', '|'), ('యు', '|'), ('దె', '|'), ('లి', '|'), ('యం', 'U'), ('గ', '|'), ('లే', 'U'), ('ర', '|'), ('నీ', 'U'), ('య', 'U'), ('జ్ఞు', '|'), ('లై', 'U'), ('న', '|'), ('భూ', 'U'), ('ప్ర', '|'), ('జ', '|'), ('లు', '|'), ('బు', 'U'), ('ద్ధి', '|'), ('లే', 'U'), ('క', '|'), ('యు', '|'), ('పొ', '|'), ('స', '|'), ('గు', '|'), ('వే', 'U'), ('మా', 'U')]",0.515625,-1.0,1.0,0.5625,0.0,0.5
aataveladi,"_x000D_
పుత్తడిగలవాని పుష్ట్రంబు పుండైన
_x000D_
వసుధలోన చాల వార్త కెక్కు
_x000D_
పేదవానియింట పెండ్లయిన నెఱుఁగరు
_x000D_
విశ్వదాభిరామ వినర వేమ.",vupajaathi,Vemana,"[('పు', 'U'), ('త్త', '|'), ('డి', '|'), ('గ', '|'), ('ల', '|'), ('వా', 'U'), ('ని', '|'), ('పు', 'U'), ('ష్ట్రం', 'U'), ('బు', '|'), ('పుం', 'U'), ('డై', 'U'), ('న', '|'), ('వ', '|'), ('సు', '|'), ('ధ', '|'), ('లో', 'U'), ('న', '|'), ('చా', 'U'), ('ల', '|'), ('వా', 'U'), ('ర్త', '|'), ('కె', 'U'), ('క్కు', '|'), ('పే', 'U'), ('ద', '|'), ('వా', 'U'), ('ని', '|'), ('యిం', 'U'), ('ట', '|'), ('పెం', 'U'), ('డ్ల', '|'), ('యి', '|'), ('న', '|'), ('నె', '|'), ('ఱు', '|'), ('గ', '|'), ('రు', '|'), ('వి', 'U'), ('శ్వ', '|'), ('దా', 'U'), ('భి', '|'), ('రా', 'U'), ('మ', '|'), ('వి', '|'), ('న', '|'), ('ర', '|'), ('వే', 'U'), ('మ', '|')]",0.9,-1.0,1.0,0.95,0.75,-1.0
aataveladi,"_x000D_
విద్దెదానిపొందు విడువఁ జాలక తుల్వ
_x000D_
చచ్చుదాఁకమోయు చాపగుడిసె
_x000D_
భాగవతులపట్టు పట్టంగ నోపఁడు
_x000D_
విశ్వదాభిరామ వినర వేమ.",vupajaathi,Vemana,"[('వి', 'U'), ('ద్దె', '|'), ('దా', 'U'), ('ని', '|'), ('పొం', 'U'), ('దు', '|'), ('వి', '|'), ('డు', '|'), ('వ', '|'), ('జా', 'U'), ('ల', '|'), ('క', '|'), ('తు', 'U'), ('ల్వ', '|'), ('చ', 'U'), ('చ్చు', '|'), ('దా', 'U'), ('క', '|'), ('మో', 'U'), ('యు', '|'), ('చా', 'U'), ('ప', '|'), ('గు', '|'), ('డి', '|'), ('సె', '|'), ('భా', 'U'), ('గ', '|'), ('వ', '|'), ('తు', '|'), ('ల', '|'), ('ప', 'U'), ('ట్టు', '|'), ('ప', 'U'), ('ట్టం', 'U'), ('గ', '|'), ('నో', 'U'), ('ప', '|'), ('డు', '|'), ('వి', 'U'), ('శ్వ', '|'), ('దా', 'U'), ('భి', '|'), ('రా', 'U'), ('మ', '|'), ('వి', '|'), ('న', '|'), ('ర', '|'), ('వే', 'U'), ('మ', '|')]",1.0,-1.0,1.0,1.0,1.0,-1.0
kandamu,"_x000D_
అనఘ పురుషుండు నొక్కఁడు
_x000D_
విను నిత్య మనిత్యమనెడివిధ మిట్టి దగు\న్‌
_x000D_
తన సంకల్పమె బంధము
_x000D_
తన సంకల్పక్షయంబె తత్వము వేమా.",jaathi,Vemana,"[('అ', '|'), ('న', '|'), ('ఘ', '|'), ('పు', '|'), ('రు', '|'), ('షుం', 'U'), ('డు', '|'), ('నొ', 'U'), ('క్క', '|'), ('డు', '|'), ('వి', '|'), ('ను', '|'), ('ని', 'U'), ('త్య', '|'), ('మ', '|'), ('ని', 'U'), ('త్య', '|'), ('మ', '|'), ('నె', '|'), ('డి', '|'), ('వి', '|'), ('ధ', '|'), ('మి', 'U'), ('ట్టి', '|'), ('ద', '|'), ('గున్', 'U'), ('త', '|'), ('న', '|'), ('సం', 'U'), ('క', 'U'), ('ల్ప', '|'), ('మె', '|'), ('బం', 'U'), ('ధ', '|'), ('ము', '|'), ('త', '|'), ('న', '|'), ('సం', 'U'), ('క', 'U'), ('ల్ప', 'U'), ('క్ష', '|'), ('యం', 'U'), ('బె', '|'), ('త', 'U'), ('త్వ', '|'), ('ము', '|'), ('వే', 'U'), ('మా', 'U')]",1.0,-1.0,1.0,1.0,1.0,1.0
aataveladi,"_x000D_
అమలమైన పలుకు లభిషేకవారిధి
_x000D_
తనువు దేవళంబు తాల్మి నొంది
_x000D_
యాత్మ శివునిఁజేర్చు నాతఁడే శివయోగి
_x000D_
విశ్వదాభిరామ వినర వేమ.",vupajaathi,Vemana,"[('అ', '|'), ('మ', '|'), ('ల', '|'), ('మై', 'U'), ('న', '|'), ('ప', '|'), ('లు', '|'), ('కు', '|'), ('ల', '|'), ('భి', '|'), ('షే', 'U'), ('క', '|'), ('వా', 'U'), ('రి', '|'), ('ధి', '|'), ('త', '|'), ('ను', '|'), ('వు', '|'), ('దే', 'U'), ('వ', '|'), ('ళం', 'U'), ('బు', '|'), ('తా', 'U'), ('ల్మి', '|'), ('నొం', 'U'), ('ది', '|'), ('యా', 'U'), ('త్మ', '|'), ('శి', '|'), ('వు', '|'), ('ని', '|'), ('జే', 'U'), ('ర్చు', '|'), ('నా', 'U'), ('త', '|'), ('డే', 'U'), ('శి', '|'), ('వ', '|'), ('యో', 'U'), ('గి', '|'), ('వి', 'U'), ('శ్వ', '|'), ('దా', 'U'), ('భి', '|'), ('రా', 'U'), ('మ', '|'), ('వి', '|'), ('న', '|'), ('ర', '|'), ('వే', 'U'), ('మ', '|')]",0.8333333333333334,-1.0,1.0,1.0,0.5,-1.0
aataveladi,"_x000D_
ఎన్ని తనువులైన మృతికి నడ్డముగావు
_x000D_
మృతిని గెలువలేని యెఱుఁకలేక
_x000D_
దొంగరీతి కాఁగ దొరుకునో మోక్షంబు
_x000D_
విశ్వదాభిరామ వినర వేమ.",vupajaathi,Vemana,"[('ఎ', 'U'), ('న్ని', '|'), ('త', '|'), ('ను', '|'), ('వు', '|'), ('లై', 'U'), ('న', '|'), ('మృ', '|'), ('తి', '|'), ('కి', '|'), ('న', 'U'), ('డ్డ', '|'), ('ము', '|'), ('గా', 'U'), ('వు', '|'), ('మృ', '|'), ('తి', '|'), ('ని', '|'), ('గె', '|'), ('లు', '|'), ('వ', '|'), ('లే', 'U'), ('ని', '|'), ('యె', '|'), ('ఱు', '|'), ('క', '|'), ('లే', 'U'), ('క', '|'), ('దొం', 'U'), ('గ', '|'), ('రీ', 'U'), ('తి', '|'), ('కా', 'U'), ('గ', '|'), ('దొ', '|'), ('రు', '|'), ('కు', '|'), ('నో', 'U'), ('మో', 'U'), ('క్షం', 'U'), ('బు', '|'), ('వి', 'U'), ('శ్వ', '|'), ('దా', 'U'), ('భి', '|'), ('రా', 'U'), ('మ', '|'), ('వి', '|'), ('న', '|'), ('ర', '|'), ('వే', 'U'), ('మ', '|')]",0.8333333333333334,-1.0,1.0,1.0,0.5,-1.0
aataveladi,"_x000D_
ఎట్టిరూపుఁ జూడ నీరూపు కనిపించు
_x000D_
నీదురూపుఁజూడ నెగడుఁ దెలివి
_x000D_
హెచ్చు తెలివి యున్న నీశ్వరుఁ డేతోఁచు
_x000D_
విశ్వదాభిరామ వినర వేమ.",vupajaathi,Vemana,"[('ఎ', 'U'), ('ట్టి', '|'), ('రూ', 'U'), ('పు', '|'), ('జూ', 'U'), ('డ', '|'), ('నీ', 'U'), ('రూ', 'U'), ('పు', '|'), ('క', '|'), ('ని', '|'), ('పిం', 'U'), ('చు', '|'), ('నీ', 'U'), ('దు', '|'), ('రూ', 'U'), ('పు', '|'), ('జూ', 'U'), ('డ', '|'), ('నె', '|'), ('గ', '|'), ('డు', '|'), ('దె', '|'), ('లి', '|'), ('వి', '|'), ('హె', 'U'), ('చ్చు', '|'), ('తె', '|'), ('లి', '|'), ('వి', '|'), ('యు', 'U'), ('న్న', '|'), ('నీ', 'U'), ('శ్వ', '|'), ('రు', '|'), ('డే', 'U'), ('తో', 'U'), ('చు', '|'), ('వి', 'U'), ('శ్వ', '|'), ('దా', 'U'), ('భి', '|'), ('రా', 'U'), ('మ', '|'), ('వి', '|'), ('న', '|'), ('ర', '|'), ('వే', 'U'), ('మ', '|')]",0.8333333333333334,-1.0,1.0,1.0,0.5,-1.0
aataveladi,"_x000D_
తెలివియైనలేక తిరమును తెలియక
_x000D_
తిరుగునస్థిరుఁ డయి దేహి జగతి
_x000D_
తిరుగ నేల యనుచుఁ దెలియఁడా యజ్ఞాని
_x000D_
విశ్వదాభిరామ వినర వేమ.",vupajaathi,Vemana,"[('తె', '|'), ('లి', '|'), ('వి', '|'), ('యై', 'U'), ('న', '|'), ('లే', 'U'), ('క', '|'), ('తి', '|'), ('ర', '|'), ('ము', '|'), ('ను', '|'), ('తె', '|'), ('లి', '|'), ('య', '|'), ('క', '|'), ('తి', '|'), ('రు', '|'), ('గు', '|'), ('న', 'U'), ('స్థి', '|'), ('రు', '|'), ('డ', '|'), ('యి', '|'), ('దే', 'U'), ('హి', '|'), ('జ', '|'), ('గ', '|'), ('తి', '|'), ('తి', '|'), ('రు', '|'), ('గ', '|'), ('నే', 'U'), ('ల', '|'), ('య', '|'), ('ను', '|'), ('చు', '|'), ('దె', '|'), ('లి', '|'), ('య', '|'), ('డా', 'U'), ('య', 'U'), ('జ్ఞా', 'U'), ('ని', '|'), ('వి', 'U'), ('శ్వ', '|'), ('దా', 'U'), ('భి', '|'), ('రా', 'U'), ('మ', '|'), ('వి', '|'), ('న', '|'), ('ర', '|'), ('వే', 'U'), ('మ', '|')]",1.0,-1.0,1.0,1.0,1.0,-1.0
aataveladi,"_x000D_
తపముజపములెన్నొ ధాత్రిజనుల కెల్ల
_x000D_
నొనర శివునిఁజూడ నుపమగలదు
_x000D_
మనసుఁజెదరనీక మదిలోనఁజూడరో
_x000D_
విశ్వదాభిరామ వినర వేమ.",vupajaathi,Vemana,"[('త', '|'), ('ప', '|'), ('ము', '|'), ('జ', '|'), ('ప', '|'), ('ము', '|'), ('లె', 'U'), ('న్నొ', '|'), ('ధా', 'U'), ('త్రి', '|'), ('జ', '|'), ('ను', '|'), ('ల', '|'), ('కె', 'U'), ('ల్ల', '|'), ('నొ', '|'), ('న', '|'), ('ర', '|'), ('శి', '|'), ('వు', '|'), ('ని', '|'), ('జూ', 'U'), ('డ', '|'), ('ను', '|'), ('ప', '|'), ('మ', '|'), ('గ', '|'), ('ల', '|'), ('దు', '|'), ('మ', '|'), ('న', '|'), ('సు', '|'), ('జె', '|'), ('ద', '|'), ('ర', '|'), ('నీ', 'U'), ('క', '|'), ('మ', '|'), ('ది', '|'), ('లో', 'U'), ('న', '|'), ('జూ', 'U'), ('డ', '|'), ('రో', 'U'), ('వి', 'U'), ('శ్వ', '|'), ('దా', 'U'), ('భి', '|'), ('రా', 'U'), ('మ', '|'), ('వి', '|'), ('న', '|'), ('ర', '|'), ('వే', 'U'), ('మ', '|')]",1.0,-1.0,1.0,1.0,1.0,-1.0
aataveladi,"_x000D_
మతము లెన్నియైన సతముగా నుండవు
_x000D_
సతము కర్మముండు జగతి నొకటి
_x000D_
ఆమతముల విడిచి యా బ్రహ్మమరయుము
_x000D_
విశ్వదాభిరామ వినర వేమ.",vupajaathi,Vemana,"[('మ', '|'), ('త', '|'), ('ము', '|'), ('లె', 'U'), ('న్ని', '|'), ('యై', 'U'), ('న', '|'), ('స', '|'), ('త', '|'), ('ము', '|'), ('గా', 'U'), ('నుం', 'U'), ('డ', '|'), ('వు', '|'), ('స', '|'), ('త', '|'), ('ము', '|'), ('క', 'U'), ('ర్మ', '|'), ('ముం', 'U'), ('డు', '|'), ('జ', '|'), ('గ', '|'), ('తి', '|'), ('నొ', '|'), ('క', '|'), ('టి', '|'), ('ఆ', 'U'), ('మ', '|'), ('త', '|'), ('ము', '|'), ('ల', '|'), ('వి', '|'), ('డి', '|'), ('చి', '|'), ('యా', 'U'), ('బ్ర', 'U'), ('హ్మ', '|'), ('మ', '|'), ('ర', '|'), ('యు', '|'), ('ము', '|'), ('వి', 'U'), ('శ్వ', '|'), ('దా', 'U'), ('భి', '|'), ('రా', 'U'), ('మ', '|'), ('వి', '|'), ('న', '|'), ('ర', '|'), ('వే', 'U'), ('మ', '|')]",1.0,-1.0,1.0,1.0,1.0,-1.0
aataveladi,"_x000D_
కోమటినిష్ఠలు గుఱికి రావెన్నఁడు
_x000D_
లోభగుణము చేతలోని కడఁగు
_x000D_
పులియు దాసరి కీడుపొలువగు చందమౌ
_x000D_
విశ్వదాభిరామ వినర వేమ.",vupajaathi,Vemana,"[('కో', 'U'), ('మ', '|'), ('టి', '|'), ('ని', 'U'), ('ష్ఠ', '|'), ('లు', '|'), ('గు', '|'), ('ఱి', '|'), ('కి', '|'), ('రా', 'U'), ('వె', 'U'), ('న్న', '|'), ('డు', '|'), ('లో', 'U'), ('భ', '|'), ('గు', '|'), ('ణ', '|'), ('ము', '|'), ('చే', 'U'), ('త', '|'), ('లో', 'U'), ('ని', '|'), ('క', '|'), ('డ', '|'), ('గు', '|'), ('పు', '|'), ('లి', '|'), ('యు', '|'), ('దా', 'U'), ('స', '|'), ('రి', '|'), ('కీ', 'U'), ('డు', '|'), ('పొ', '|'), ('లు', '|'), ('వ', '|'), ('గు', '|'), ('చం', 'U'), ('ద', '|'), ('మౌ', 'U'), ('వి', 'U'), ('శ్వ', '|'), ('దా', 'U'), ('భి', '|'), ('రా', 'U'), ('మ', '|'), ('వి', '|'), ('న', '|'), ('ర', '|'), ('వే', 'U'), ('మ', '|')]",0.4833333333333333,-1.0,1.0,0.45,0.0,-1.0
aataveladi,"_x000D_
గోపురములు గుడ్లు కోనేర్లు తేరులు
_x000D_
ఆకు లసురుగుడులు నడలఁగాను
_x000D_
నేఱు వంతదిఱిఁగియెగఁ బట్టుకొనెనయా
_x000D_
విశ్వదాభిరామ వినర వేమ.",vupajaathi,Vemana,"[('గో', 'U'), ('పు', '|'), ('ర', '|'), ('ము', '|'), ('లు', '|'), ('గు', 'U'), ('డ్లు', '|'), ('కో', 'U'), ('నే', 'U'), ('ర్లు', '|'), ('తే', 'U'), ('రు', '|'), ('లు', '|'), ('ఆ', 'U'), ('కు', '|'), ('ల', '|'), ('సు', '|'), ('రు', '|'), ('గు', '|'), ('డు', '|'), ('లు', '|'), ('న', '|'), ('డ', '|'), ('ల', '|'), ('గా', 'U'), ('ను', '|'), ('నే', 'U'), ('ఱు', '|'), ('వం', 'U'), ('త', '|'), ('ది', '|'), ('ఱి', '|'), ('గి', '|'), ('యె', '|'), ('గ', '|'), ('బ', 'U'), ('ట్టు', '|'), ('కొ', '|'), ('నె', '|'), ('న', '|'), ('యా', 'U'), ('వి', 'U'), ('శ్వ', '|'), ('దా', 'U'), ('భి', '|'), ('రా', 'U'), ('మ', '|'), ('వి', '|'), ('న', '|'), ('ర', '|'), ('వే', 'U'), ('మ', '|')]",0.8333333333333334,-1.0,1.0,1.0,0.5,-1.0
aataveladi,"_x000D_
చెట్టఁబట్టువెనుక చేతాఁకువై యుండు
_x000D_
రంతకాఁడు గట్టి పగఱకండ్రు
_x000D_
ఆఁడువారికింత యడఁగుట చెల్లదో
_x000D_
విశ్వదాభిరామ వినర వేమ.",vupajaathi,Vemana,"[('చె', 'U'), ('ట్ట', '|'), ('బ', 'U'), ('ట్టు', '|'), ('వె', '|'), ('ను', '|'), ('క', '|'), ('చే', 'U'), ('తా', 'U'), ('కు', '|'), ('వై', 'U'), ('యుం', 'U'), ('డు', '|'), ('రం', 'U'), ('త', '|'), ('కా', 'U'), ('డు', '|'), ('గ', 'U'), ('ట్టి', '|'), ('ప', '|'), ('గ', '|'), ('ఱ', '|'), ('కం', 'U'), ('డ్రు', '|'), ('ఆ', 'U'), ('డు', '|'), ('వా', 'U'), ('రి', '|'), ('కిం', 'U'), ('త', '|'), ('య', '|'), ('డ', '|'), ('గు', '|'), ('ట', '|'), ('చె', 'U'), ('ల్ల', '|'), ('దో', 'U'), ('వి', 'U'), ('శ్వ', '|'), ('దా', 'U'), ('భి', '|'), ('రా', 'U'), ('మ', '|'), ('వి', '|'), ('న', '|'), ('ర', '|'), ('వే', 'U'), ('మ', '|')]",0.9166666666666666,-1.0,1.0,1.0,0.75,-1.0
aataveladi,"_x000D_
తల్లిదండ్రులెన్నఁ దనతొలి గురులు
_x000D_
పార్వతీభవులును పరమగురువులు
_x000D_
కూలివాండ్ర జగతి గురు లన ద్రోహంబు
_x000D_
విశ్వదాభిరామ వినర వేమ.",vupajaathi,Vemana,"[('త', 'U'), ('ల్లి', '|'), ('దం', 'U'), ('డ్రు', '|'), ('లె', 'U'), ('న్న', '|'), ('ద', '|'), ('న', '|'), ('తొ', '|'), ('లి', '|'), ('గు', '|'), ('రు', '|'), ('లు', '|'), ('పా', 'U'), ('ర్వ', '|'), ('తీ', 'U'), ('భ', '|'), ('వు', '|'), ('లు', '|'), ('ను', '|'), ('ప', '|'), ('ర', '|'), ('మ', '|'), ('గు', '|'), ('రు', '|'), ('వు', '|'), ('లు', '|'), ('కూ', 'U'), ('లి', '|'), ('వాం', 'U'), ('డ్ర', '|'), ('జ', '|'), ('గ', '|'), ('తి', '|'), ('గు', '|'), ('రు', '|'), ('ల', '|'), ('న', '|'), ('ద్రో', 'U'), ('హం', 'U'), ('బు', '|'), ('వి', 'U'), ('శ్వ', '|'), ('దా', 'U'), ('భి', '|'), ('రా', 'U'), ('మ', '|'), ('వి', '|'), ('న', '|'), ('ర', '|'), ('వే', 'U'), ('మ', '|')]",0.65,-1.0,1.0,0.7,0.25,-1.0
kandamu,"_x000D_
నవ్వును చదువును పాడును
_x000D_
నొవ్వక తానిట్లు మెచ్చు నుడువును మఱచు\న్‌
_x000D_
నివ్వటిలియుండు ముదిమియు
_x000D_
నివ్విధమునఁ జూడఁజూడ నెవ్వడు వేమా.",jaathi,Vemana,"[('న', 'U'), ('వ్వు', '|'), ('ను', '|'), ('చ', '|'), ('దు', '|'), ('వు', '|'), ('ను', '|'), ('పా', 'U'), ('డు', '|'), ('ను', '|'), ('నొ', 'U'), ('వ్వ', '|'), ('క', '|'), ('తా', 'U'), ('ని', 'U'), ('ట్లు', '|'), ('మె', 'U'), ('చ్చు', '|'), ('ను', '|'), ('డు', '|'), ('వు', '|'), ('ను', '|'), ('మ', '|'), ('ఱ', '|'), ('చున్', 'U'), ('ని', 'U'), ('వ్వ', '|'), ('టి', '|'), ('లి', '|'), ('యుం', 'U'), ('డు', '|'), ('ము', '|'), ('ది', '|'), ('మి', '|'), ('యు', '|'), ('ని', 'U'), ('వ్వి', '|'), ('ధ', '|'), ('ము', '|'), ('న', '|'), ('జూ', 'U'), ('డ', '|'), ('జూ', 'U'), ('డ', '|'), ('నె', 'U'), ('వ్వ', '|'), ('డు', '|'), ('వే', 'U'), ('మా', 'U')]",1.0,-1.0,1.0,1.0,1.0,1.0
aataveladi,"_x000D_
నీళ్ళమీఁదజూడు నెఱయ నోడలబల్మి
_x000D_
బట్టబయలఁ జూడు బండిబలిమి
_x000D_
ఆఁడుదాని బలిమి నాడనే చూడరా
_x000D_
విశ్వదాభిరామ వినర వేమ.",vupajaathi,Vemana,"[('నీ', 'U'), ('ళ్ళ', '|'), ('మీ', 'U'), ('ద', '|'), ('జూ', 'U'), ('డు', '|'), ('నె', '|'), ('ఱ', '|'), ('య', '|'), ('నో', 'U'), ('డ', '|'), ('ల', '|'), ('బ', 'U'), ('ల్మి', '|'), ('బ', 'U'), ('ట్ట', '|'), ('బ', '|'), ('య', '|'), ('ల', '|'), ('జూ', 'U'), ('డు', '|'), ('బం', 'U'), ('డి', '|'), ('బ', '|'), ('లి', '|'), ('మి', '|'), ('ఆ', 'U'), ('డు', '|'), ('దా', 'U'), ('ని', '|'), ('బ', '|'), ('లి', '|'), ('మి', '|'), ('నా', 'U'), ('డ', '|'), ('నే', 'U'), ('చూ', 'U'), ('డ', '|'), ('రా', 'U'), ('వి', 'U'), ('శ్వ', '|'), ('దా', 'U'), ('భి', '|'), ('రా', 'U'), ('మ', '|'), ('వి', '|'), ('న', '|'), ('ర', '|'), ('వే', 'U'), ('మ', '|')]",0.9166666666666666,-1.0,1.0,1.0,0.75,-1.0
kandamu,"_x000D_
నే నెఁవడను తలపెట్టఁగ
_x000D_
మానసమునఁ దలపకున్న మనుజుని కకటా
_x000D_
కానఁబడు పడకముందే
_x000D_
మానుగఁ గనుగొనఁగవలయు మహిలో వేమా.",jaathi,Vemana,"[('నే', 'U'), ('నె', '|'), ('వ', '|'), ('డ', '|'), ('ను', '|'), ('త', '|'), ('ల', '|'), ('పె', 'U'), ('ట్ట', '|'), ('గ', '|'), ('మా', 'U'), ('న', '|'), ('స', '|'), ('ము', '|'), ('న', '|'), ('ద', '|'), ('ల', '|'), ('ప', '|'), ('కు', 'U'), ('న్న', '|'), ('మ', '|'), ('ను', '|'), ('జు', '|'), ('ని', '|'), ('క', '|'), ('క', '|'), ('టా', 'U'), ('కా', 'U'), ('న', '|'), ('బ', '|'), ('డు', '|'), ('ప', '|'), ('డ', '|'), ('క', '|'), ('ముం', 'U'), ('దే', 'U'), ('మా', 'U'), ('ను', '|'), ('గ', '|'), ('గ', '|'), ('ను', '|'), ('గొ', '|'), ('న', '|'), ('గ', '|'), ('వ', '|'), ('ల', '|'), ('యు', '|'), ('మ', '|'), ('హి', '|'), ('లో', 'U'), ('వే', 'U'), ('మా', 'U')]",1.0,-1.0,1.0,1.0,1.0,1.0
aataveladi,"_x000D_
బ్రతుకు నిత్య మనుచుఁ బదరుచు వగమీఱ
_x000D_
విఱ్ఱవీఁగువారు వెఱ్ఱివారు
_x000D_
ప్రాణులెల్ల యమునివారి గొఱ్ఱెలుసుమీ
_x000D_
విశ్వదాభిరామ వినర వేమ.",vupajaathi,Vemana,"[('బ్ర', '|'), ('తు', '|'), ('కు', '|'), ('ని', 'U'), ('త్య', '|'), ('మ', '|'), ('ను', '|'), ('చు', '|'), ('బ', '|'), ('ద', '|'), ('రు', '|'), ('చు', '|'), ('వ', '|'), ('గ', '|'), ('మీ', 'U'), ('ఱ', '|'), ('వి', 'U'), ('ఱ్ఱ', '|'), ('వీ', 'U'), ('గు', '|'), ('వా', 'U'), ('రు', '|'), ('వె', 'U'), ('ఱ్ఱి', '|'), ('వా', 'U'), ('రు', '|'), ('ప్రా', 'U'), ('ణు', '|'), ('లె', 'U'), ('ల్ల', '|'), ('య', '|'), ('ము', '|'), ('ని', '|'), ('వా', 'U'), ('రి', '|'), ('గొ', 'U'), ('ఱ్ఱె', '|'), ('లు', '|'), ('సు', '|'), ('మీ', 'U'), ('వి', 'U'), ('శ్వ', '|'), ('దా', 'U'), ('భి', '|'), ('రా', 'U'), ('మ', '|'), ('వి', '|'), ('న', '|'), ('ర', '|'), ('వే', 'U'), ('మ', '|')]",0.9166666666666666,-1.0,1.0,1.0,0.75,-1.0
aataveladi,"_x000D_
బ్రహ్మవాదు లెల్ల బ్రహ్మంబనంగను
_x000D_
వలను తెలిసిచూడ వద్దనుండు
_x000D_
ముందునున్న యట్టి ముద్రిక కానరో
_x000D_
విశ్వదాభిరామ వినర వేమ.",vupajaathi,Vemana,"[('బ్ర', 'U'), ('హ్మ', '|'), ('వా', 'U'), ('దు', '|'), ('లె', 'U'), ('ల్ల', '|'), ('బ్ర', 'U'), ('హ్మం', 'U'), ('బ', '|'), ('నం', 'U'), ('గ', '|'), ('ను', '|'), ('వ', '|'), ('ల', '|'), ('ను', '|'), ('తె', '|'), ('లి', '|'), ('సి', '|'), ('చూ', 'U'), ('డ', '|'), ('వ', 'U'), ('ద్ద', '|'), ('నుం', 'U'), ('డు', '|'), ('ముం', 'U'), ('దు', '|'), ('ను', 'U'), ('న్న', '|'), ('య', 'U'), ('ట్టి', '|'), ('ము', '|'), ('ద్రి', '|'), ('క', '|'), ('కా', 'U'), ('న', '|'), ('రో', 'U'), ('వి', 'U'), ('శ్వ', '|'), ('దా', 'U'), ('భి', '|'), ('రా', 'U'), ('మ', '|'), ('వి', '|'), ('న', '|'), ('ర', '|'), ('వే', 'U'), ('మ', '|')]",0.8833333333333333,-1.0,1.0,0.9,0.75,-1.0
aataveladi,"_x000D_
మదిని గానవలెను మఱిబ్రహ్మమూర్తిని
_x000D_
మదినిగన్నవారు మహినిలేరు
_x000D_
వెదకి తనువులోన వేడ్కతో నెఱిఁగిన
_x000D_
యతఁడె యోగివరుఁడు నగును వేమా.",vupajaathi,Vemana,"[('మ', '|'), ('ది', '|'), ('ని', '|'), ('గా', 'U'), ('న', '|'), ('వ', '|'), ('లె', '|'), ('ను', '|'), ('మ', '|'), ('ఱి', '|'), ('బ్ర', 'U'), ('హ్మ', '|'), ('మూ', 'U'), ('ర్తి', '|'), ('ని', '|'), ('మ', '|'), ('ది', '|'), ('ని', '|'), ('గ', 'U'), ('న్న', '|'), ('వా', 'U'), ('రు', '|'), ('మ', '|'), ('హి', '|'), ('ని', '|'), ('లే', 'U'), ('రు', '|'), ('వె', '|'), ('ద', '|'), ('కి', '|'), ('త', '|'), ('ను', '|'), ('వు', '|'), ('లో', 'U'), ('న', '|'), ('వే', 'U'), ('డ్క', '|'), ('తో', 'U'), ('నె', '|'), ('ఱి', '|'), ('గి', '|'), ('న', '|'), ('య', '|'), ('త', '|'), ('డె', '|'), ('యో', 'U'), ('గి', '|'), ('వ', '|'), ('రు', '|'), ('డు', '|'), ('న', '|'), ('గు', '|'), ('ను', '|'), ('వే', 'U'), ('మా', 'U')]",0.9,-1.0,1.0,0.95,0.75,-1.0
kandamu,"_x000D_
మనసనలము రెంటికినిల
_x000D_
ఘనమును కొంచెంబుఁ దెలియఁగావలె సుమ్మీ
_x000D_
కనుమూసి తెరచినంతనె
_x000D_
ఘనమై విహరించుమనసుఁగానరు వేమా.",jaathi,Vemana,"[('మ', '|'), ('న', '|'), ('స', '|'), ('న', '|'), ('ల', '|'), ('ము', '|'), ('రెం', 'U'), ('టి', '|'), ('కి', '|'), ('ని', '|'), ('ల', '|'), ('ఘ', '|'), ('న', '|'), ('ము', '|'), ('ను', '|'), ('కొం', 'U'), ('చెం', 'U'), ('బు', '|'), ('దె', '|'), ('లి', '|'), ('య', '|'), ('గా', 'U'), ('వ', '|'), ('లె', '|'), ('సు', 'U'), ('మ్మీ', 'U'), ('క', '|'), ('ను', '|'), ('మూ', 'U'), ('సి', '|'), ('తె', '|'), ('ర', '|'), ('చి', '|'), ('నం', 'U'), ('త', '|'), ('నె', '|'), ('ఘ', '|'), ('న', '|'), ('మై', 'U'), ('వి', '|'), ('హ', '|'), ('రిం', 'U'), ('చు', '|'), ('మ', '|'), ('న', '|'), ('సు', '|'), ('గా', 'U'), ('న', '|'), ('రు', '|'), ('వే', 'U'), ('మా', 'U')]",1.0,-1.0,1.0,1.0,1.0,1.0
aataveladi,"_x000D_
మర్మ మెఱుఁగలేక మతములఁ గల్పించి
_x000D_
యుర్విదుఃఖు లగుదు రొకరి కొకరు
_x000D_
గాజువంటిఁ గుక్క కళవళపడురీతి
_x000D_
విశ్వదాభిరామ వినర వేమ.",vupajaathi,Vemana,"[('మ', 'U'), ('ర్మ', '|'), ('మె', '|'), ('ఱు', '|'), ('గ', '|'), ('లే', 'U'), ('క', '|'), ('మ', '|'), ('త', '|'), ('ము', '|'), ('ల', '|'), ('గ', 'U'), ('ల్పిం', 'U'), ('చి', '|'), ('యు', 'U'), ('ర్వి', '|'), ('దుః', 'U'), ('ఖు', '|'), ('ల', '|'), ('గు', '|'), ('దు', '|'), ('రొ', '|'), ('క', '|'), ('రి', '|'), ('కొ', '|'), ('క', '|'), ('రు', '|'), ('గా', 'U'), ('జు', '|'), ('వం', 'U'), ('టి', '|'), ('గు', 'U'), ('క్క', '|'), ('క', '|'), ('ళ', '|'), ('వ', '|'), ('ళ', '|'), ('ప', '|'), ('డు', '|'), ('రీ', 'U'), ('తి', '|'), ('వి', 'U'), ('శ్వ', '|'), ('దా', 'U'), ('భి', '|'), ('రా', 'U'), ('మ', '|'), ('వి', '|'), ('న', '|'), ('ర', '|'), ('వే', 'U'), ('మ', '|')]",0.9166666666666666,-1.0,1.0,1.0,0.75,-1.0
aataveladi,"_x000D_
ఇహపరాదులకును నిది సాధనం బని
_x000D_
వ్రాసి చదివి విన్నవారికైన
_x000D_
మధ్యమకర్మములు మహిమతో నడచును
_x000D_
బడుగుకైన ముక్తిపదము వేమ.",vupajaathi,Vemana,"[('ఇ', '|'), ('హ', '|'), ('ప', '|'), ('రా', 'U'), ('దు', '|'), ('ల', '|'), ('కు', '|'), ('ను', '|'), ('ని', '|'), ('ది', '|'), ('సా', 'U'), ('ధ', '|'), ('నం', 'U'), ('బ', '|'), ('ని', '|'), ('వ్రా', 'U'), ('సి', '|'), ('చ', '|'), ('ది', '|'), ('వి', '|'), ('వి', 'U'), ('న్న', '|'), ('వా', 'U'), ('రి', '|'), ('కై', 'U'), ('న', '|'), ('మ', 'U'), ('ధ్య', '|'), ('మ', '|'), ('క', 'U'), ('ర్మ', '|'), ('ము', '|'), ('లు', '|'), ('మ', '|'), ('హి', '|'), ('మ', '|'), ('తో', 'U'), ('న', '|'), ('డ', '|'), ('చు', '|'), ('ను', '|'), ('బ', '|'), ('డు', '|'), ('గు', '|'), ('కై', 'U'), ('న', '|'), ('ము', 'U'), ('క్తి', '|'), ('ప', '|'), ('ద', '|'), ('ము', '|'), ('వే', 'U'), ('మ', '|')]",0.6833333333333332,-1.0,1.0,0.8,0.25,-1.0
aataveladi,"_x000D_
వేదవిద్య గాదు వీరవిద్యయుఁ గాదు
_x000D_
బాధవిద్యయుఁగాదు పరపు గాదు
_x000D_
మధురమైన యట్టి మనసు నిల్పెడివిద్య
_x000D_
సాధువిద్య యెన్న సరస వేమా.",vupajaathi,Vemana,"[('వే', 'U'), ('ద', '|'), ('వి', 'U'), ('ద్య', '|'), ('గా', 'U'), ('దు', '|'), ('వీ', 'U'), ('ర', '|'), ('వి', 'U'), ('ద్య', '|'), ('యు', '|'), ('గా', 'U'), ('దు', '|'), ('బా', 'U'), ('ధ', '|'), ('వి', 'U'), ('ద్య', '|'), ('యు', '|'), ('గా', 'U'), ('దు', '|'), ('ప', '|'), ('ర', '|'), ('పు', '|'), ('గా', 'U'), ('దు', '|'), ('మ', '|'), ('ధు', '|'), ('ర', '|'), ('మై', 'U'), ('న', '|'), ('య', 'U'), ('ట్టి', '|'), ('మ', '|'), ('న', '|'), ('సు', '|'), ('ని', 'U'), ('ల్పె', '|'), ('డి', '|'), ('వి', 'U'), ('ద్య', '|'), ('సా', 'U'), ('ధు', '|'), ('వి', 'U'), ('ద్య', '|'), ('యె', 'U'), ('న్న', '|'), ('స', '|'), ('ర', '|'), ('స', '|'), ('వే', 'U'), ('మా', 'U')]",0.9666666666666667,-1.0,1.0,0.9,1.0,-1.0
aataveladi,"_x000D_
వేయువిధము లమర వేమనపద్యంబు
_x000D_
లర్థ మిచ్చువాని నరసి చూడ
_x000D_
చూడఁజూడఁ గలుగుచోద్యమౌ జ్ఞానంబు
_x000D_
విశ్వదాభిరామ వినర వేమ.",vupajaathi,Vemana,"[('వే', 'U'), ('యు', '|'), ('వి', '|'), ('ధ', '|'), ('ము', '|'), ('ల', '|'), ('మ', '|'), ('ర', '|'), ('వే', 'U'), ('మ', '|'), ('న', '|'), ('ప', 'U'), ('ద్యం', 'U'), ('బు', '|'), ('ల', 'U'), ('ర్థ', '|'), ('మి', 'U'), ('చ్చు', '|'), ('వా', 'U'), ('ని', '|'), ('న', '|'), ('ర', '|'), ('సి', '|'), ('చూ', 'U'), ('డ', '|'), ('చూ', 'U'), ('డ', '|'), ('జూ', 'U'), ('డ', '|'), ('గ', '|'), ('లు', '|'), ('గు', '|'), ('చో', 'U'), ('ద్య', '|'), ('మౌ', 'U'), ('జ్ఞా', 'U'), ('నం', 'U'), ('బు', '|'), ('వి', 'U'), ('శ్వ', '|'), ('దా', 'U'), ('భి', '|'), ('రా', 'U'), ('మ', '|'), ('వి', '|'), ('న', '|'), ('ర', '|'), ('వే', 'U'), ('మ', '|')]",0.9166666666666666,-1.0,1.0,1.0,0.75,-1.0
kandamu,"_x000D_
వేమన పద్యము లన్నిటి
_x000D_
సామంబునఁ జదివినట్టి సజ్జను లెల్ల\న్‌
_x000D_
సోమనతల సుందరు కడు
_x000D_
నేమంబునఁ జూడరయ్య నేర్పున వేమ.",jaathi,Vemana,"[('వే', 'U'), ('మ', '|'), ('న', '|'), ('ప', 'U'), ('ద్య', '|'), ('ము', '|'), ('ల', 'U'), ('న్ని', '|'), ('టి', '|'), ('సా', 'U'), ('మం', 'U'), ('బు', '|'), ('న', '|'), ('జ', '|'), ('ది', '|'), ('వి', '|'), ('న', 'U'), ('ట్టి', '|'), ('స', 'U'), ('జ్జ', '|'), ('ను', '|'), ('లె', 'U'), ('ల్లన్', 'U'), ('సో', 'U'), ('మ', '|'), ('న', '|'), ('త', '|'), ('ల', '|'), ('సుం', 'U'), ('ద', '|'), ('రు', '|'), ('క', '|'), ('డు', '|'), ('నే', 'U'), ('మం', 'U'), ('బు', '|'), ('న', '|'), ('జూ', 'U'), ('డ', '|'), ('ర', 'U'), ('య్య', '|'), ('నే', 'U'), ('ర్పు', '|'), ('న', '|'), ('వే', 'U'), ('మ', '|')]",0.984375,-1.0,1.0,0.9375,1.0,1.0
aataveladi,"_x000D_
అల్లుఁడైన నేమి యన్యుఁడైన నేమి
_x000D_
చెప్పఁదగిన రీతిఁ జెప్పినాము
_x000D_
హరునియెఱుక లేక యాకులల్లాడునా
_x000D_
విశ్వదాభిరామ వినర వేమ.",vupajaathi,Vemana,"[('అ', 'U'), ('ల్లు', '|'), ('డై', 'U'), ('న', '|'), ('నే', 'U'), ('మి', '|'), ('య', 'U'), ('న్యు', '|'), ('డై', 'U'), ('న', '|'), ('నే', 'U'), ('మి', '|'), ('చె', 'U'), ('ప్ప', '|'), ('ద', '|'), ('గి', '|'), ('న', '|'), ('రీ', 'U'), ('తి', '|'), ('జె', 'U'), ('ప్పి', '|'), ('నా', 'U'), ('ము', '|'), ('హ', '|'), ('రు', '|'), ('ని', '|'), ('యె', '|'), ('ఱు', '|'), ('క', '|'), ('లే', 'U'), ('క', '|'), ('యా', 'U'), ('కు', '|'), ('ల', 'U'), ('ల్లా', 'U'), ('డు', '|'), ('నా', 'U'), ('వి', 'U'), ('శ్వ', '|'), ('దా', 'U'), ('భి', '|'), ('రా', 'U'), ('మ', '|'), ('వి', '|'), ('న', '|'), ('ర', '|'), ('వే', 'U'), ('మ', '|')]",0.7000000000000001,-1.0,1.0,0.85,0.25,-1.0
aataveladi,"_x000D_
నూఱుపలుకవచ్చు నొకటి వ్రాయఁగరాదు
_x000D_
వ్రాఁతకన్న సాక్షి వలవ దెన్న
_x000D_
పరగవ్రాతలేని పక్షానికప్పుడు
_x000D_
సుద్దిసాక్షి తగనిబుద్ధి వేమా.",vupajaathi,Vemana,"[('నూ', 'U'), ('ఱు', '|'), ('ప', '|'), ('లు', '|'), ('క', '|'), ('వ', 'U'), ('చ్చు', '|'), ('నొ', '|'), ('క', '|'), ('టి', '|'), ('వ్రా', 'U'), ('య', '|'), ('గ', '|'), ('రా', 'U'), ('దు', '|'), ('వ్రా', 'U'), ('త', '|'), ('క', 'U'), ('న్న', '|'), ('సా', 'U'), ('క్షి', '|'), ('వ', '|'), ('ల', '|'), ('వ', '|'), ('దె', 'U'), ('న్న', '|'), ('ప', '|'), ('ర', '|'), ('గ', '|'), ('వ్రా', 'U'), ('త', '|'), ('లే', 'U'), ('ని', '|'), ('ప', 'U'), ('క్షా', 'U'), ('ని', '|'), ('క', 'U'), ('ప్పు', '|'), ('డు', '|'), ('సు', 'U'), ('ద్ది', '|'), ('సా', 'U'), ('క్షి', '|'), ('త', '|'), ('గ', '|'), ('ని', '|'), ('బు', 'U'), ('ద్ధి', '|'), ('వే', 'U'), ('మా', 'U')]",0.9,-1.0,1.0,0.95,0.75,-1.0
aataveladi,"_x000D_
ధారదత్తమైన తామ్రపుఁబలకను
_x000D_
లావుటుంగరమున లంకెజేసి
_x000D_
యరయ మీఁదముద్ర యమరియుండంగను
_x000D_
నదియ శాసనంబు నవని వేమ.",vupajaathi,Vemana,"[('ధా', 'U'), ('ర', '|'), ('ద', 'U'), ('త్త', '|'), ('మై', 'U'), ('న', '|'), ('తా', 'U'), ('మ్ర', '|'), ('పు', '|'), ('బ', '|'), ('ల', '|'), ('క', '|'), ('ను', '|'), ('లా', 'U'), ('వు', '|'), ('టుం', 'U'), ('గ', '|'), ('ర', '|'), ('ము', '|'), ('న', '|'), ('లం', 'U'), ('కె', '|'), ('జే', 'U'), ('సి', '|'), ('య', '|'), ('ర', '|'), ('య', '|'), ('మీ', 'U'), ('ద', '|'), ('ము', '|'), ('ద్ర', '|'), ('య', '|'), ('మ', '|'), ('రి', '|'), ('యుం', 'U'), ('డం', 'U'), ('గ', '|'), ('ను', '|'), ('న', '|'), ('ది', '|'), ('య', '|'), ('శా', 'U'), ('స', '|'), ('నం', 'U'), ('బు', '|'), ('న', '|'), ('వ', '|'), ('ని', '|'), ('వే', 'U'), ('మ', '|')]",0.8666666666666667,-1.0,1.0,0.85,0.75,-1.0
kandamu,"_x000D_
నీతి వైరాగ్యభక్తిని నీచులకును
_x000D_
ఘాతకులు కాని జ్ఞానసంకలితులకును
_x000D_
వ్రాల కందని పద్యముల్‌ వేల సంఖ్య
_x000D_
చేత నందుగ భువినిదాఁ జెప్పె వేమ.",jaathi,Vemana,"[('నీ', 'U'), ('తి', '|'), ('వై', 'U'), ('రా', 'U'), ('గ్య', '|'), ('భ', 'U'), ('క్తి', '|'), ('ని', '|'), ('నీ', 'U'), ('చు', '|'), ('ల', '|'), ('కు', '|'), ('ను', '|'), ('ఘా', 'U'), ('త', '|'), ('కు', '|'), ('లు', '|'), ('కా', 'U'), ('ని', 'U'), ('జ్ఞా', 'U'), ('న', '|'), ('సం', 'U'), ('క', '|'), ('లి', '|'), ('తు', '|'), ('ల', '|'), ('కు', '|'), ('ను', '|'), ('వ్రా', 'U'), ('ల', '|'), ('కం', 'U'), ('ద', '|'), ('ని', '|'), ('ప', 'U'), ('ద్య', '|'), ('ము', 'U'), ('ల్వే', 'U'), ('ల', '|'), ('సం', 'U'), ('ఖ్య', '|'), ('చే', 'U'), ('త', '|'), ('నం', 'U'), ('దు', '|'), ('గ', '|'), ('భు', '|'), ('వి', '|'), ('ని', '|'), ('దా', 'U'), ('జె', 'U'), ('ప్పె', '|'), ('వే', 'U'), ('మ', '|')]",0.46875,-1.0,1.0,0.375,0.0,0.5
aataveladi,"_x000D_
గుఱుతు తిథులవలనఁ గులమెల్లఁ జెడిపోయె
_x000D_
స్త్రీల నడతవలన సిగ్గుపోయె
_x000D_
ఏహ్యపల్వలముల నిలయెల్లఁ జెడిపోయె
_x000D_
చాన్లవలన బ్రతుకు సమయు వేమా.",vupajaathi,Vemana,"[('గు', '|'), ('ఱు', '|'), ('తు', '|'), ('తి', '|'), ('థు', '|'), ('ల', '|'), ('వ', '|'), ('ల', '|'), ('న', '|'), ('గు', '|'), ('ల', '|'), ('మె', 'U'), ('ల్ల', '|'), ('జె', '|'), ('డి', '|'), ('పో', 'U'), ('యె', 'U'), ('స్త్రీ', 'U'), ('ల', '|'), ('న', '|'), ('డ', '|'), ('త', '|'), ('వ', '|'), ('ల', '|'), ('న', '|'), ('సి', 'U'), ('గ్గు', '|'), ('పో', 'U'), ('యె', '|'), ('ఏ', 'U'), ('హ్య', '|'), ('ప', 'U'), ('ల్వ', '|'), ('ల', '|'), ('ము', '|'), ('ల', '|'), ('ని', '|'), ('ల', '|'), ('యె', 'U'), ('ల్ల', '|'), ('జె', '|'), ('డి', '|'), ('పో', 'U'), ('యె', '|'), ('చా', 'U'), ('న్ల', '|'), ('వ', '|'), ('ల', '|'), ('న', '|'), ('బ్ర', '|'), ('తు', '|'), ('కు', '|'), ('స', '|'), ('మ', '|'), ('యు', '|'), ('వే', 'U'), ('మా', 'U')]",0.8833333333333333,-1.0,1.0,0.9,0.75,-1.0
aataveladi,"_x000D_
చిత్తవాజి నెక్కి శిక్షింప నేరక
_x000D_
తత్తఱించి రౌతు తరల నేల
_x000D_
వారణాసి తనకు వయ్యాళి కాబోలు
_x000D_
విశ్వదాభిరామ వినర వేమ.",vupajaathi,Vemana,"[('చి', 'U'), ('త్త', '|'), ('వా', 'U'), ('జి', '|'), ('నె', 'U'), ('క్కి', '|'), ('శి', 'U'), ('క్షిం', 'U'), ('ప', '|'), ('నే', 'U'), ('ర', '|'), ('క', '|'), ('త', 'U'), ('త్త', '|'), ('ఱిం', 'U'), ('చి', '|'), ('రౌ', 'U'), ('తు', '|'), ('త', '|'), ('ర', '|'), ('ల', '|'), ('నే', 'U'), ('ల', '|'), ('వా', 'U'), ('ర', '|'), ('ణా', 'U'), ('సి', '|'), ('త', '|'), ('న', '|'), ('కు', '|'), ('వ', 'U'), ('య్యా', 'U'), ('ళి', '|'), ('కా', 'U'), ('బో', 'U'), ('లు', '|'), ('వి', 'U'), ('శ్వ', '|'), ('దా', 'U'), ('భి', '|'), ('రా', 'U'), ('మ', '|'), ('వి', '|'), ('న', '|'), ('ర', '|'), ('వే', 'U'), ('మ', '|')]",1.0,-1.0,1.0,1.0,1.0,-1.0
aataveladi,"_x000D_
రాజయోగి మహిమ రాజయోగికి గాక
_x000D_
ఇతర జనులకెల్ల నేమిదెలియు
_x000D_
తాను దేవుఁడైన దైవముఁ గొలుచునా
_x000D_
విశ్వదాభిరామ వినర వేమ.",vupajaathi,Vemana,"[('రా', 'U'), ('జ', '|'), ('యో', 'U'), ('గి', '|'), ('మ', '|'), ('హి', '|'), ('మ', '|'), ('రా', 'U'), ('జ', '|'), ('యో', 'U'), ('గి', '|'), ('కి', '|'), ('గా', 'U'), ('క', '|'), ('ఇ', '|'), ('త', '|'), ('ర', '|'), ('జ', '|'), ('ను', '|'), ('ల', '|'), ('కె', 'U'), ('ల్ల', '|'), ('నే', 'U'), ('మి', '|'), ('దె', '|'), ('లి', '|'), ('యు', '|'), ('తా', 'U'), ('ను', '|'), ('దే', 'U'), ('వు', '|'), ('డై', 'U'), ('న', '|'), ('దై', 'U'), ('వ', '|'), ('ము', '|'), ('గొ', '|'), ('లు', '|'), ('చు', '|'), ('నా', 'U'), ('వి', 'U'), ('శ్వ', '|'), ('దా', 'U'), ('భి', '|'), ('రా', 'U'), ('మ', '|'), ('వి', '|'), ('న', '|'), ('ర', '|'), ('వే', 'U'), ('మ', '|')]",0.9166666666666666,-1.0,1.0,1.0,0.75,-1.0
aataveladi,"_x000D_
దేవభూములందు దేవాలయములందు
_x000D_
దేవుఁడంచుఁ జెప్పి తెరువుఁజూపె
_x000D_
తెలియ విశ్వమెల్ల దేవాది దేవుఁడౌ
_x000D_
విశ్వదాభిరామ వినర వేమ.",vupajaathi,Vemana,"[('దే', 'U'), ('వ', '|'), ('భూ', 'U'), ('ము', '|'), ('లం', 'U'), ('దు', '|'), ('దే', 'U'), ('వా', 'U'), ('ల', '|'), ('య', '|'), ('ము', '|'), ('లం', 'U'), ('దు', '|'), ('దే', 'U'), ('వు', '|'), ('డం', 'U'), ('చు', '|'), ('జె', 'U'), ('ప్పి', '|'), ('తె', '|'), ('రు', '|'), ('వు', '|'), ('జూ', 'U'), ('పె', '|'), ('తె', '|'), ('లి', '|'), ('య', '|'), ('వి', 'U'), ('శ్వ', '|'), ('మె', 'U'), ('ల్ల', '|'), ('దే', 'U'), ('వా', 'U'), ('ది', '|'), ('దే', 'U'), ('వు', '|'), ('డౌ', 'U'), ('వి', 'U'), ('శ్వ', '|'), ('దా', 'U'), ('భి', '|'), ('రా', 'U'), ('మ', '|'), ('వి', '|'), ('న', '|'), ('ర', '|'), ('వే', 'U'), ('మ', '|')]",1.0,-1.0,1.0,1.0,1.0,-1.0
aataveladi,"_x000D_
గంపెడంత తవుడు గంపలోఁ బెట్టక
_x000D_
చన్నుఁ బట్టనీదు కొన్నబఱ్ఱె
_x000D_
వారకాంత లేల వలతురు నూరక
_x000D_
విశ్వదాభిరామ వినర వేమ.",vupajaathi,Vemana,"[('గం', 'U'), ('పె', '|'), ('డం', 'U'), ('త', '|'), ('త', '|'), ('వు', '|'), ('డు', '|'), ('గం', 'U'), ('ప', '|'), ('లో', 'U'), ('బె', 'U'), ('ట్ట', '|'), ('క', '|'), ('చ', 'U'), ('న్ను', '|'), ('బ', 'U'), ('ట్ట', '|'), ('నీ', 'U'), ('దు', '|'), ('కొ', 'U'), ('న్న', '|'), ('బ', 'U'), ('ఱ్ఱె', '|'), ('వా', 'U'), ('ర', '|'), ('కాం', 'U'), ('త', '|'), ('లే', 'U'), ('ల', '|'), ('వ', '|'), ('ల', '|'), ('తు', '|'), ('రు', '|'), ('నూ', 'U'), ('ర', '|'), ('క', '|'), ('వి', 'U'), ('శ్వ', '|'), ('దా', 'U'), ('భి', '|'), ('రా', 'U'), ('మ', '|'), ('వి', '|'), ('న', '|'), ('ర', '|'), ('వే', 'U'), ('మ', '|')]",1.0,-1.0,1.0,1.0,1.0,-1.0
aataveladi,"_x000D_
తివిరి లేమియుంట తిరిపెకాఁ డెఱుగునె
_x000D_
మొఱ్ఱబెట్టి నెత్తి మొత్తుఁగాని
_x000D_
పతిస ధర్మ మెన్నపడుచు కత్తెఱుఁగునా
_x000D_
విశ్వదాభిరామ వినర వేమ.",vupajaathi,Vemana,"[('తి', '|'), ('వి', '|'), ('రి', '|'), ('లే', 'U'), ('మి', '|'), ('యుం', 'U'), ('ట', '|'), ('తి', '|'), ('రి', '|'), ('పె', '|'), ('కా', 'U'), ('డె', '|'), ('ఱు', '|'), ('గు', '|'), ('నె', '|'), ('మొ', 'U'), ('ఱ్ఱ', '|'), ('బె', 'U'), ('ట్టి', '|'), ('నె', 'U'), ('త్తి', '|'), ('మొ', 'U'), ('త్తు', '|'), ('గా', 'U'), ('ని', '|'), ('ప', '|'), ('తి', '|'), ('స', '|'), ('ధ', 'U'), ('ర్మ', '|'), ('మె', 'U'), ('న్న', '|'), ('ప', '|'), ('డు', '|'), ('చు', '|'), ('క', 'U'), ('త్తె', '|'), ('ఱు', '|'), ('గు', '|'), ('నా', 'U'), ('వి', 'U'), ('శ్వ', '|'), ('దా', 'U'), ('భి', '|'), ('రా', 'U'), ('మ', '|'), ('వి', '|'), ('న', '|'), ('ర', '|'), ('వే', 'U'), ('మ', '|')]",1.0,-1.0,1.0,1.0,1.0,-1.0
aataveladi,"_x000D_
దాత లేని కొంప దయ్యాల పెనువాడ
_x000D_
నీతిగాని పాట వాతిచేటు
_x000D_
ప్రీతిలేని లంజ ఘాతియై తోఁచురా
_x000D_
విశ్వదాభిరామ వినర వేమ.",vupajaathi,Vemana,"[('దా', 'U'), ('త', '|'), ('లే', 'U'), ('ని', '|'), ('కొం', 'U'), ('ప', '|'), ('ద', 'U'), ('య్యా', 'U'), ('ల', '|'), ('పె', '|'), ('ను', '|'), ('వా', 'U'), ('డ', '|'), ('నీ', 'U'), ('తి', '|'), ('గా', 'U'), ('ని', '|'), ('పా', 'U'), ('ట', '|'), ('వా', 'U'), ('తి', '|'), ('చే', 'U'), ('టు', '|'), ('ప్రీ', 'U'), ('తి', '|'), ('లే', 'U'), ('ని', '|'), ('లం', 'U'), ('జ', '|'), ('ఘా', 'U'), ('తి', '|'), ('యై', 'U'), ('తో', 'U'), ('చు', '|'), ('రా', 'U'), ('వి', 'U'), ('శ్వ', '|'), ('దా', 'U'), ('భి', '|'), ('రా', 'U'), ('మ', '|'), ('వి', '|'), ('న', '|'), ('ర', '|'), ('వే', 'U'), ('మ', '|')]",1.0,-1.0,1.0,1.0,1.0,-1.0
aataveladi,"_x000D_
చినుఁగు బట్ట కాదు చీనాంబరము గాని
_x000D_
ముఱికియొడలు గాదు ముక్తి గాని
_x000D_
పరమయోగిమహిమఁ బరికింప నరుదురా
_x000D_
విశ్వదాభిరామ వినర వేమ.",vupajaathi,Vemana,"[('చి', '|'), ('ను', '|'), ('గు', '|'), ('బ', 'U'), ('ట్ట', '|'), ('కా', 'U'), ('దు', '|'), ('చీ', 'U'), ('నాం', 'U'), ('బ', '|'), ('ర', '|'), ('ము', '|'), ('గా', 'U'), ('ని', '|'), ('ము', '|'), ('ఱి', '|'), ('కి', '|'), ('యొ', '|'), ('డ', '|'), ('లు', '|'), ('గా', 'U'), ('దు', '|'), ('ము', 'U'), ('క్తి', '|'), ('గా', 'U'), ('ని', '|'), ('ప', '|'), ('ర', '|'), ('మ', '|'), ('యో', 'U'), ('గి', '|'), ('మ', '|'), ('హి', '|'), ('మ', '|'), ('బ', '|'), ('రి', '|'), ('కిం', 'U'), ('ప', '|'), ('న', '|'), ('రు', '|'), ('దు', '|'), ('రా', 'U'), ('వి', 'U'), ('శ్వ', '|'), ('దా', 'U'), ('భి', '|'), ('రా', 'U'), ('మ', '|'), ('వి', '|'), ('న', '|'), ('ర', '|'), ('వే', 'U'), ('మ', '|')]",1.0,-1.0,1.0,1.0,1.0,-1.0
aataveladi,"_x000D_
అంధులైన వారు నందు నిం దనకుండు
_x000D_
నన్నితావులందు హరునివలెను
_x000D_
తెలియువారి కెల్ల దేవుఁడే కనుపించు
_x000D_
విశ్వదాభిరామ వినర వేమ.",vupajaathi,Vemana,"[('అం', 'U'), ('ధు', '|'), ('లై', 'U'), ('న', '|'), ('వా', 'U'), ('రు', '|'), ('నం', 'U'), ('దు', '|'), ('నిం', 'U'), ('ద', '|'), ('న', '|'), ('కుం', 'U'), ('డు', '|'), ('న', 'U'), ('న్ని', '|'), ('తా', 'U'), ('వు', '|'), ('లం', 'U'), ('దు', '|'), ('హ', '|'), ('రు', '|'), ('ని', '|'), ('వ', '|'), ('లె', '|'), ('ను', '|'), ('తె', '|'), ('లి', '|'), ('యు', '|'), ('వా', 'U'), ('రి', '|'), ('కె', 'U'), ('ల్ల', '|'), ('దే', 'U'), ('వు', '|'), ('డే', 'U'), ('క', '|'), ('ను', '|'), ('పిం', 'U'), ('చు', '|'), ('వి', 'U'), ('శ్వ', '|'), ('దా', 'U'), ('భి', '|'), ('రా', 'U'), ('మ', '|'), ('వి', '|'), ('న', '|'), ('ర', '|'), ('వే', 'U'), ('మ', '|')]",0.8333333333333334,-1.0,1.0,1.0,0.5,-1.0
aataveladi,"_x000D_
వాని గననివాఁడు వాఁడు కానేకాఁడు
_x000D_
వానిలోనివాఁడు వాఁడు సుమ్మి
_x000D_
వాని గన్నవాఁడు వాఁడెపో యోగిరా
_x000D_
విశ్వదాభిరామ వినర వేమ.",vupajaathi,Vemana,"[('వా', 'U'), ('ని', '|'), ('గ', '|'), ('న', '|'), ('ని', '|'), ('వా', 'U'), ('డు', '|'), ('వా', 'U'), ('డు', '|'), ('కా', 'U'), ('నే', 'U'), ('కా', 'U'), ('డు', '|'), ('వా', 'U'), ('ని', '|'), ('లో', 'U'), ('ని', '|'), ('వా', 'U'), ('డు', '|'), ('వా', 'U'), ('డు', '|'), ('సు', 'U'), ('మ్మి', '|'), ('వా', 'U'), ('ని', '|'), ('గ', 'U'), ('న్న', '|'), ('వా', 'U'), ('డు', '|'), ('వా', 'U'), ('డె', '|'), ('పో', 'U'), ('యో', 'U'), ('గి', '|'), ('రా', 'U'), ('వి', 'U'), ('శ్వ', '|'), ('దా', 'U'), ('భి', '|'), ('రా', 'U'), ('మ', '|'), ('వి', '|'), ('న', '|'), ('ర', '|'), ('వే', 'U'), ('మ', '|')]",1.0,-1.0,1.0,1.0,1.0,-1.0
aataveladi,"_x000D_
కుక్క యేమెఱుంగు గురులింగ దేవుని
_x000D_
నక్క యేమెఱుంగు నొక్కప్రొద్దు
_x000D_
మూర్ఖుఁడే మెఱుంగు మోక్షంబుత్రోవను
_x000D_
విశ్వదాభిరామ వినర వేమ.",vupajaathi,Vemana,"[('కు', 'U'), ('క్క', '|'), ('యే', 'U'), ('మె', '|'), ('ఱుం', 'U'), ('గు', '|'), ('గు', '|'), ('రు', '|'), ('లిం', 'U'), ('గ', '|'), ('దే', 'U'), ('వు', '|'), ('ని', '|'), ('న', 'U'), ('క్క', '|'), ('యే', 'U'), ('మె', '|'), ('ఱుం', 'U'), ('గు', '|'), ('నొ', 'U'), ('క్క', '|'), ('ప్రొ', 'U'), ('ద్దు', '|'), ('మూ', 'U'), ('ర్ఖు', '|'), ('డే', 'U'), ('మె', '|'), ('ఱుం', 'U'), ('గు', '|'), ('మో', 'U'), ('క్షం', 'U'), ('బు', '|'), ('త్రో', 'U'), ('వ', '|'), ('ను', '|'), ('వి', 'U'), ('శ్వ', '|'), ('దా', 'U'), ('భి', '|'), ('రా', 'U'), ('మ', '|'), ('వి', '|'), ('న', '|'), ('ర', '|'), ('వే', 'U'), ('మ', '|')]",1.0,-1.0,1.0,1.0,1.0,-1.0
kandamu,"_x000D_
వెయ్యారుగతుల జలనిధి
_x000D_
తియ్యగ ననిశంబు గలయ దిప్పుట యరుదౌ
_x000D_
కొయ్యకుఁదా సుజ్ఞానము
_x000D_
వెయ్యి విధంబులను జెప్ప వృథరా వేమా.",jaathi,Vemana,"[('వె', 'U'), ('య్యా', 'U'), ('రు', '|'), ('గ', '|'), ('తు', '|'), ('ల', '|'), ('జ', '|'), ('ల', '|'), ('ని', '|'), ('ధి', '|'), ('తి', 'U'), ('య్య', '|'), ('గ', '|'), ('న', '|'), ('ని', '|'), ('శం', 'U'), ('బు', '|'), ('గ', '|'), ('ల', '|'), ('య', '|'), ('ది', 'U'), ('ప్పు', '|'), ('ట', '|'), ('య', '|'), ('రు', '|'), ('దౌ', 'U'), ('కొ', 'U'), ('య్య', '|'), ('కు', '|'), ('దా', 'U'), ('సు', 'U'), ('జ్ఞా', 'U'), ('న', '|'), ('ము', '|'), ('వె', 'U'), ('య్యి', '|'), ('వి', '|'), ('ధం', 'U'), ('బు', '|'), ('ల', '|'), ('ను', '|'), ('జె', 'U'), ('ప్ప', '|'), ('వృ', '|'), ('థ', '|'), ('రా', 'U'), ('వే', 'U'), ('మా', 'U')]",0.875,-1.0,1.0,1.0,0.5,1.0
aataveladi,"_x000D_
వెదకి కానలేరు వేదాంత వేద్యుని
_x000D_
నుత్తముండు గాంచు నుర్విమీఁదఁ
_x000D_
గలిగెనేని వానిఁ గానంగ లేరయా
_x000D_
విశ్వదాభిరామ వినర వేమ.",vupajaathi,Vemana,"[('వె', '|'), ('ద', '|'), ('కి', '|'), ('కా', 'U'), ('న', '|'), ('లే', 'U'), ('రు', '|'), ('వే', 'U'), ('దాం', 'U'), ('త', '|'), ('వే', 'U'), ('ద్యు', '|'), ('ని', '|'), ('ను', 'U'), ('త్త', '|'), ('ముం', 'U'), ('డు', '|'), ('గాం', 'U'), ('చు', '|'), ('ను', 'U'), ('ర్వి', '|'), ('మీ', 'U'), ('ద', '|'), ('గ', '|'), ('లి', '|'), ('గె', '|'), ('నే', 'U'), ('ని', '|'), ('వా', 'U'), ('ని', '|'), ('గా', 'U'), ('నం', 'U'), ('గ', '|'), ('లే', 'U'), ('ర', '|'), ('యా', 'U'), ('వి', 'U'), ('శ్వ', '|'), ('దా', 'U'), ('భి', '|'), ('రా', 'U'), ('మ', '|'), ('వి', '|'), ('న', '|'), ('ర', '|'), ('వే', 'U'), ('మ', '|')]",1.0,-1.0,1.0,1.0,1.0,-1.0
aataveladi,"_x000D_
జ్ఞానవంతుఁ జూచి సహకర్మబుద్ధులు
_x000D_
వెఱ్ఱియండ్రు ప్రకృతి విడువలేరు
_x000D_
వెఱ్ఱి కవనిఁ బ్రకృతి వెదకినఁ గల్గునా
_x000D_
విశ్వదాభిరామ వినర వేమ.",vupajaathi,Vemana,"[('జ్ఞా', 'U'), ('న', '|'), ('వం', 'U'), ('తు', '|'), ('జూ', 'U'), ('చి', '|'), ('స', '|'), ('హ', '|'), ('క', 'U'), ('ర్మ', '|'), ('బు', 'U'), ('ద్ధు', '|'), ('లు', '|'), ('వె', 'U'), ('ఱ్ఱి', '|'), ('యం', 'U'), ('డ్రు', '|'), ('ప్ర', '|'), ('కృ', '|'), ('తి', '|'), ('వి', '|'), ('డు', '|'), ('వ', '|'), ('లే', 'U'), ('రు', '|'), ('వె', 'U'), ('ఱ్ఱి', '|'), ('క', '|'), ('వ', '|'), ('ని', '|'), ('బ్ర', '|'), ('కృ', '|'), ('తి', '|'), ('వె', '|'), ('ద', '|'), ('కి', '|'), ('న', '|'), ('గ', 'U'), ('ల్గు', '|'), ('నా', 'U'), ('వి', 'U'), ('శ్వ', '|'), ('దా', 'U'), ('భి', '|'), ('రా', 'U'), ('మ', '|'), ('వి', '|'), ('న', '|'), ('ర', '|'), ('వే', 'U'), ('మ', '|')]",1.0,-1.0,1.0,1.0,1.0,-1.0
aataveladi,"_x000D_
ఇంతికనులు చనులు నెంత లెస్సనిచూచి
_x000D_
మోహపడును బుద్ధి మోసపోయి
_x000D_
గరిసెలోనివానిఁ గానలే దాయెరా
_x000D_
విశ్వదాభిరామ వినర వేమ.",vupajaathi,Vemana,"[('ఇం', 'U'), ('తి', '|'), ('క', '|'), ('ను', '|'), ('లు', '|'), ('చ', '|'), ('ను', '|'), ('లు', '|'), ('నెం', 'U'), ('త', '|'), ('లె', 'U'), ('స్స', '|'), ('ని', '|'), ('చూ', 'U'), ('చి', '|'), ('మో', 'U'), ('హ', '|'), ('ప', '|'), ('డు', '|'), ('ను', '|'), ('బు', 'U'), ('ద్ధి', '|'), ('మో', 'U'), ('స', '|'), ('పో', 'U'), ('యి', '|'), ('గ', '|'), ('రి', '|'), ('సె', '|'), ('లో', 'U'), ('ని', '|'), ('వా', 'U'), ('ని', '|'), ('గా', 'U'), ('న', '|'), ('లే', 'U'), ('దా', 'U'), ('యె', '|'), ('రా', 'U'), ('వి', 'U'), ('శ్వ', '|'), ('దా', 'U'), ('భి', '|'), ('రా', 'U'), ('మ', '|'), ('వి', '|'), ('న', '|'), ('ర', '|'), ('వే', 'U'), ('మ', '|')]",1.0,-1.0,1.0,1.0,1.0,-1.0
aataveladi,"_x000D_
వాతగుణము చేత వలపున మగవాఁడు
_x000D_
లొట్టకనులదాని లోలతకును
_x000D_
పుట్టి జగతి నిలుచు పునరుద్భవంబగు
_x000D_
విశ్వదాభిరామ వినర వేమ.",vupajaathi,Vemana,"[('వా', 'U'), ('త', '|'), ('గు', '|'), ('ణ', '|'), ('ము', '|'), ('చే', 'U'), ('త', '|'), ('వ', '|'), ('ల', '|'), ('పు', '|'), ('న', '|'), ('మ', '|'), ('గ', '|'), ('వా', 'U'), ('డు', '|'), ('లొ', 'U'), ('ట్ట', '|'), ('క', '|'), ('ను', '|'), ('ల', '|'), ('దా', 'U'), ('ని', '|'), ('లో', 'U'), ('ల', '|'), ('త', '|'), ('కు', '|'), ('ను', '|'), ('పు', 'U'), ('ట్టి', '|'), ('జ', '|'), ('గ', '|'), ('తి', '|'), ('ని', '|'), ('లు', '|'), ('చు', '|'), ('పు', '|'), ('న', '|'), ('రు', 'U'), ('ద్భ', '|'), ('వం', 'U'), ('బ', '|'), ('గు', '|'), ('వి', 'U'), ('శ్వ', '|'), ('దా', 'U'), ('భి', '|'), ('రా', 'U'), ('మ', '|'), ('వి', '|'), ('న', '|'), ('ర', '|'), ('వే', 'U'), ('మ', '|')]",1.0,-1.0,1.0,1.0,1.0,-1.0
kandamu,"_x000D_
ఏసూత్ర మరసిచూచిన
_x000D_
స్త్రీ సూత్రం బదియుఁ గాక సిద్ధము కాఁగా
_x000D_
నా సూత్రముఁ స్త్రీ సూత్రము
_x000D_
నాసూత్రముఁ దెలియువాఁడు సాధుఁడు వేమా.",jaathi,Vemana,"[('ఏ', 'U'), ('సూ', 'U'), ('త్ర', '|'), ('మ', '|'), ('ర', '|'), ('సి', '|'), ('చూ', 'U'), ('చి', '|'), ('న', 'U'), ('స్త్రీ', 'U'), ('సూ', 'U'), ('త్రం', 'U'), ('బ', '|'), ('ది', '|'), ('యు', '|'), ('గా', 'U'), ('క', '|'), ('సి', 'U'), ('ద్ధ', '|'), ('ము', '|'), ('కా', 'U'), ('గా', 'U'), ('నా', 'U'), ('సూ', 'U'), ('త్ర', '|'), ('ము', 'U'), ('స్త్రీ', 'U'), ('సూ', 'U'), ('త్ర', '|'), ('ము', '|'), ('నా', 'U'), ('సూ', 'U'), ('త్ర', '|'), ('ము', '|'), ('దె', '|'), ('లి', '|'), ('యు', '|'), ('వా', 'U'), ('డు', '|'), ('సా', 'U'), ('ధు', '|'), ('డు', '|'), ('వే', 'U'), ('మా', 'U')]",0.484375,-1.0,1.0,0.4375,0.0,0.5
aataveladi,"_x000D_
బందెత్రాళ్ళఁ దెచ్చి బంధించి కట్టంగ
_x000D_
లింగఁడేమి దొంగిలించినాఁడొ
_x000D_
యాత్మలింగ మేల యర్చింపఁజూడరో
_x000D_
విశ్వదాభిరామ వినర వేమ.",vupajaathi,Vemana,"[('బం', 'U'), ('దె', '|'), ('త్రా', 'U'), ('ళ్ళ', '|'), ('దె', 'U'), ('చ్చి', '|'), ('బం', 'U'), ('ధిం', 'U'), ('చి', '|'), ('క', 'U'), ('ట్టం', 'U'), ('గ', '|'), ('లిం', 'U'), ('గ', '|'), ('డే', 'U'), ('మి', '|'), ('దొం', 'U'), ('గి', '|'), ('లిం', 'U'), ('చి', '|'), ('నా', 'U'), ('డొ', '|'), ('యా', 'U'), ('త్మ', '|'), ('లిం', 'U'), ('గ', '|'), ('మే', 'U'), ('ల', '|'), ('య', 'U'), ('ర్చిం', 'U'), ('ప', '|'), ('జూ', 'U'), ('డ', '|'), ('రో', 'U'), ('వి', 'U'), ('శ్వ', '|'), ('దా', 'U'), ('భి', '|'), ('రా', 'U'), ('మ', '|'), ('వి', '|'), ('న', '|'), ('ర', '|'), ('వే', 'U'), ('మ', '|')]",1.0,-1.0,1.0,1.0,1.0,-1.0
aataveladi,"_x000D_
మంత్రమెల్ల మఱచి మధురాధరముఁగోరు
_x000D_
నేవిధమున భక్తుఁ డెఱుఁగు నిన్ను
_x000D_
యోనిఁ జూచి పరమయోగంబు మఱచురా
_x000D_
విశ్వదాభిరామ వినర వేమ.",vupajaathi,Vemana,"[('మం', 'U'), ('త్ర', '|'), ('మె', 'U'), ('ల్ల', '|'), ('మ', '|'), ('ఱ', '|'), ('చి', '|'), ('మ', '|'), ('ధు', '|'), ('రా', 'U'), ('ధ', '|'), ('ర', '|'), ('ము', '|'), ('గో', 'U'), ('రు', '|'), ('నే', 'U'), ('వి', '|'), ('ధ', '|'), ('ము', '|'), ('న', '|'), ('భ', 'U'), ('క్తు', '|'), ('డె', '|'), ('ఱు', '|'), ('గు', '|'), ('ని', 'U'), ('న్ను', '|'), ('యో', 'U'), ('ని', '|'), ('జూ', 'U'), ('చి', '|'), ('ప', '|'), ('ర', '|'), ('మ', '|'), ('యో', 'U'), ('గం', 'U'), ('బు', '|'), ('మ', '|'), ('ఱ', '|'), ('చు', '|'), ('రా', 'U'), ('వి', 'U'), ('శ్వ', '|'), ('దా', 'U'), ('భి', '|'), ('రా', 'U'), ('మ', '|'), ('వి', '|'), ('న', '|'), ('ర', '|'), ('వే', 'U'), ('మ', '|')]",0.9166666666666666,-1.0,1.0,1.0,0.75,-1.0
aataveladi,"_x000D_
శైవవైష్ణవాది షణ్మతంబుల కెల్ల
_x000D_
దేవుఁ డొక్కఁ డనుచుఁ దెలియ లేరు
_x000D_
తమకు భేదమైన తత్వంబు భేదమా
_x000D_
విశ్వదాభిరామ వినర వేమ.",vupajaathi,Vemana,"[('శై', 'U'), ('వ', '|'), ('వై', 'U'), ('ష్ణ', '|'), ('వా', 'U'), ('ది', '|'), ('ష', 'U'), ('ణ్మ', '|'), ('తం', 'U'), ('బు', '|'), ('ల', '|'), ('కె', 'U'), ('ల్ల', '|'), ('దే', 'U'), ('వు', '|'), ('డొ', 'U'), ('క్క', '|'), ('డ', '|'), ('ను', '|'), ('చు', '|'), ('దె', '|'), ('లి', '|'), ('య', '|'), ('లే', 'U'), ('రు', '|'), ('త', '|'), ('మ', '|'), ('కు', '|'), ('భే', 'U'), ('ద', '|'), ('మై', 'U'), ('న', '|'), ('త', 'U'), ('త్వం', 'U'), ('బు', '|'), ('భే', 'U'), ('ద', '|'), ('మా', 'U'), ('వి', 'U'), ('శ్వ', '|'), ('దా', 'U'), ('భి', '|'), ('రా', 'U'), ('మ', '|'), ('వి', '|'), ('న', '|'), ('ర', '|'), ('వే', 'U'), ('మ', '|')]",1.0,-1.0,1.0,1.0,1.0,-1.0
aataveladi,"_x000D_
పూసపోగు బెట్టిపురుషునిభుజ మెక్కి
_x000D_
కన్నులార్ప వారకాంత గాదు
_x000D_
తనకు లొంగువారిఁ దడయక చంపురా
_x000D_
విశ్వదాభిరామ వినర వేమ.",vupajaathi,Vemana,"[('పూ', 'U'), ('స', '|'), ('పో', 'U'), ('గు', '|'), ('బె', 'U'), ('ట్టి', '|'), ('పు', '|'), ('రు', '|'), ('షు', '|'), ('ని', '|'), ('భు', '|'), ('జ', '|'), ('మె', 'U'), ('క్కి', '|'), ('క', 'U'), ('న్ను', '|'), ('లా', 'U'), ('ర్ప', '|'), ('వా', 'U'), ('ర', '|'), ('కాం', 'U'), ('త', '|'), ('గా', 'U'), ('దు', '|'), ('త', '|'), ('న', '|'), ('కు', '|'), ('లొం', 'U'), ('గు', '|'), ('వా', 'U'), ('రి', '|'), ('ద', '|'), ('డ', '|'), ('య', '|'), ('క', '|'), ('చం', 'U'), ('పు', '|'), ('రా', 'U'), ('వి', 'U'), ('శ్వ', '|'), ('దా', 'U'), ('భి', '|'), ('రా', 'U'), ('మ', '|'), ('వి', '|'), ('న', '|'), ('ర', '|'), ('వే', 'U'), ('మ', '|')]",1.0,-1.0,1.0,1.0,1.0,-1.0
aataveladi,"_x000D_
జదలుదాల్చు టెల్ల జగము ఛీయను టెల్ల
_x000D_
యొడలువిఱచుటెల్ల యోగ మెల్ల
_x000D_
ముక్తికాంతఁ బట్టి ముద్దాడుకొరకురా
_x000D_
విశ్వదాభిరామ వినర వేమ.",vupajaathi,Vemana,"[('జ', '|'), ('ద', '|'), ('లు', '|'), ('దా', 'U'), ('ల్చు', '|'), ('టె', 'U'), ('ల్ల', '|'), ('జ', '|'), ('గ', '|'), ('ము', '|'), ('ఛీ', 'U'), ('య', '|'), ('ను', '|'), ('టె', 'U'), ('ల్ల', '|'), ('యొ', '|'), ('డ', '|'), ('లు', '|'), ('వి', '|'), ('ఱ', '|'), ('చు', '|'), ('టె', 'U'), ('ల్ల', '|'), ('యో', 'U'), ('గ', '|'), ('మె', 'U'), ('ల్ల', '|'), ('ము', 'U'), ('క్తి', '|'), ('కాం', 'U'), ('త', '|'), ('బ', 'U'), ('ట్టి', '|'), ('ము', 'U'), ('ద్దా', 'U'), ('డు', '|'), ('కొ', '|'), ('ర', '|'), ('కు', '|'), ('రా', 'U'), ('వి', 'U'), ('శ్వ', '|'), ('దా', 'U'), ('భి', '|'), ('రా', 'U'), ('మ', '|'), ('వి', '|'), ('న', '|'), ('ర', '|'), ('వే', 'U'), ('మ', '|')]",1.0,-1.0,1.0,1.0,1.0,-1.0
kandamu,"_x000D_
తనలో సర్వంబుండఁగ
_x000D_
తనలోపల వెదుకలేక ధరవెదకెడు నీ
_x000D_
తనువుల మోసెడి యెద్దుల
_x000D_
మనములఁ దెల్పఁగ వశమె మహిలో వేమా.",jaathi,Vemana,"[('త', '|'), ('న', '|'), ('లో', 'U'), ('స', 'U'), ('ర్వం', 'U'), ('బుం', 'U'), ('డ', '|'), ('గ', '|'), ('త', '|'), ('న', '|'), ('లో', 'U'), ('ప', '|'), ('ల', '|'), ('వె', '|'), ('దు', '|'), ('క', '|'), ('లే', 'U'), ('క', '|'), ('ధ', '|'), ('ర', '|'), ('వె', '|'), ('ద', '|'), ('కె', '|'), ('డు', '|'), ('నీ', 'U'), ('త', '|'), ('ను', '|'), ('వు', '|'), ('ల', '|'), ('మో', 'U'), ('సె', '|'), ('డి', '|'), ('యె', 'U'), ('ద్దు', '|'), ('ల', '|'), ('మ', '|'), ('న', '|'), ('ము', '|'), ('ల', '|'), ('దె', 'U'), ('ల్ప', '|'), ('గ', '|'), ('వ', '|'), ('శ', '|'), ('మె', '|'), ('మ', '|'), ('హి', '|'), ('లో', 'U'), ('వే', 'U'), ('మా', 'U')]",0.84375,-1.0,1.0,0.875,0.5,1.0
aataveladi,"_x000D_
కరములందు తాము గంగాధరుని బట్టి
_x000D_
తీర్థములకు పోయి తిరుగుచుంద్రు
_x000D_
వెన్నఁ బట్టి నెయ్యి వెదకిన చందమౌ
_x000D_
విశ్వదాభిరామ వినర వేమ.",vupajaathi,Vemana,"[('క', '|'), ('ర', '|'), ('ము', '|'), ('లం', 'U'), ('దు', '|'), ('తా', 'U'), ('ము', '|'), ('గం', 'U'), ('గా', 'U'), ('ధ', '|'), ('రు', '|'), ('ని', '|'), ('బ', 'U'), ('ట్టి', '|'), ('తీ', 'U'), ('ర్థ', '|'), ('ము', '|'), ('ల', '|'), ('కు', '|'), ('పో', 'U'), ('యి', '|'), ('తి', '|'), ('రు', '|'), ('గు', '|'), ('చుం', 'U'), ('ద్రు', '|'), ('వె', 'U'), ('న్న', '|'), ('బ', 'U'), ('ట్టి', '|'), ('నె', 'U'), ('య్యి', '|'), ('వె', '|'), ('ద', '|'), ('కి', '|'), ('న', '|'), ('చం', 'U'), ('ద', '|'), ('మౌ', 'U'), ('వి', 'U'), ('శ్వ', '|'), ('దా', 'U'), ('భి', '|'), ('రా', 'U'), ('మ', '|'), ('వి', '|'), ('న', '|'), ('ర', '|'), ('వే', 'U'), ('మ', '|')]",1.0,-1.0,1.0,1.0,1.0,-1.0
aataveladi,"_x000D_
అఱుతలింగ ముంచి యదిగనఁజాలక
_x000D_
పర్వతమున కేగు పామరుండు
_x000D_
ముక్తిఁగాన నగునె మూఢాత్ముఁడగుఁగాక
_x000D_
విశ్వదాభిరామ వినర వేమ.",vupajaathi,Vemana,"[('అ', '|'), ('ఱు', '|'), ('త', '|'), ('లిం', 'U'), ('గ', '|'), ('ముం', 'U'), ('చి', '|'), ('య', '|'), ('ది', '|'), ('గ', '|'), ('న', '|'), ('జా', 'U'), ('ల', '|'), ('క', '|'), ('ప', 'U'), ('ర్వ', '|'), ('త', '|'), ('ము', '|'), ('న', '|'), ('కే', 'U'), ('గు', '|'), ('పా', 'U'), ('మ', '|'), ('రుం', 'U'), ('డు', '|'), ('ము', 'U'), ('క్తి', '|'), ('గా', 'U'), ('న', '|'), ('న', '|'), ('గు', '|'), ('నె', '|'), ('మూ', 'U'), ('ఢా', 'U'), ('త్ము', '|'), ('డ', '|'), ('గు', '|'), ('గా', 'U'), ('క', '|'), ('వి', 'U'), ('శ్వ', '|'), ('దా', 'U'), ('భి', '|'), ('రా', 'U'), ('మ', '|'), ('వి', '|'), ('న', '|'), ('ర', '|'), ('వే', 'U'), ('మ', '|')]",1.0,-1.0,1.0,1.0,1.0,-1.0
aataveladi,"_x000D_
స్నాన మొనరఁజేసి తద్ధర్మమీయక
_x000D_
నీళ్ళ మునుఁగ నగునె నేర్పు లేక
_x000D_
నీళ్ళయందు కోడినెలవుగా మునుఁగదా
_x000D_
విశ్వదాభిరామ వినర వేమ.",vupajaathi,Vemana,"[('స్నా', 'U'), ('న', '|'), ('మొ', '|'), ('న', '|'), ('ర', '|'), ('జే', 'U'), ('సి', '|'), ('త', 'U'), ('ద్ధ', 'U'), ('ర్మ', '|'), ('మీ', 'U'), ('య', '|'), ('క', '|'), ('నీ', 'U'), ('ళ్ళ', '|'), ('ము', '|'), ('ను', '|'), ('గ', '|'), ('న', '|'), ('గు', '|'), ('నె', '|'), ('నే', 'U'), ('ర్పు', '|'), ('లే', 'U'), ('క', '|'), ('నీ', 'U'), ('ళ్ళ', '|'), ('యం', 'U'), ('దు', '|'), ('కో', 'U'), ('డి', '|'), ('నె', '|'), ('ల', '|'), ('వు', '|'), ('గా', 'U'), ('ము', '|'), ('ను', '|'), ('గ', '|'), ('దా', 'U'), ('వి', 'U'), ('శ్వ', '|'), ('దా', 'U'), ('భి', '|'), ('రా', 'U'), ('మ', '|'), ('వి', '|'), ('న', '|'), ('ర', '|'), ('వే', 'U'), ('మ', '|')]",0.9166666666666666,-1.0,1.0,1.0,0.75,-1.0
aataveladi,"_x000D_
కాలచక్ర మెఱుఁగఁగా లేక యెప్పుడు
_x000D_
సంధ్యజపముసేయు జాణలార
_x000D_
సంధ్యజపములోన జాడ లెట్లుండును
_x000D_
విశ్వదాభిరామ వినర వేమ.",vupajaathi,Vemana,"[('కా', 'U'), ('ల', '|'), ('చ', '|'), ('క్ర', '|'), ('మె', '|'), ('ఱు', '|'), ('గ', '|'), ('గా', 'U'), ('లే', 'U'), ('క', '|'), ('యె', 'U'), ('ప్పు', '|'), ('డు', '|'), ('సం', 'U'), ('ధ్య', '|'), ('జ', '|'), ('ప', '|'), ('ము', '|'), ('సే', 'U'), ('యు', '|'), ('జా', 'U'), ('ణ', '|'), ('లా', 'U'), ('ర', '|'), ('సం', 'U'), ('ధ్య', '|'), ('జ', '|'), ('ప', '|'), ('ము', '|'), ('లో', 'U'), ('న', '|'), ('జా', 'U'), ('డ', '|'), ('లె', 'U'), ('ట్లుం', 'U'), ('డు', '|'), ('ను', '|'), ('వి', 'U'), ('శ్వ', '|'), ('దా', 'U'), ('భి', '|'), ('రా', 'U'), ('మ', '|'), ('వి', '|'), ('న', '|'), ('ర', '|'), ('వే', 'U'), ('మ', '|')]",0.5833333333333334,-1.0,1.0,0.75,0.0,-1.0
aataveladi,"_x000D_
కాశియాత్రఁ బోయి గంగదానముఁ జేసి
_x000D_
కష్టపడిరి ముక్తిఁ గానలేక
_x000D_
ఎనుము తిరుగుచుండదే యెద్దువెంబడి
_x000D_
విశ్వదాభిరామ వినర వేమ.",vupajaathi,Vemana,"[('కా', 'U'), ('శి', '|'), ('యా', 'U'), ('త్ర', '|'), ('బో', 'U'), ('యి', '|'), ('గం', 'U'), ('గ', '|'), ('దా', 'U'), ('న', '|'), ('ము', '|'), ('జే', 'U'), ('సి', '|'), ('క', 'U'), ('ష్ట', '|'), ('ప', '|'), ('డి', '|'), ('రి', '|'), ('ము', 'U'), ('క్తి', '|'), ('గా', 'U'), ('న', '|'), ('లే', 'U'), ('క', '|'), ('ఎ', '|'), ('ను', '|'), ('ము', '|'), ('తి', '|'), ('రు', '|'), ('గు', '|'), ('చుం', 'U'), ('డ', '|'), ('దే', 'U'), ('యె', 'U'), ('ద్దు', '|'), ('వెం', 'U'), ('బ', '|'), ('డి', '|'), ('వి', 'U'), ('శ్వ', '|'), ('దా', 'U'), ('భి', '|'), ('రా', 'U'), ('మ', '|'), ('వి', '|'), ('న', '|'), ('ర', '|'), ('వే', 'U'), ('మ', '|')]",0.9166666666666666,-1.0,1.0,1.0,0.75,-1.0
aataveladi,"_x000D_
కాశిఁబోవువాని కర్మ మేమని చెప్పఁ
_x000D_
బాపహేతువుండి వచ్చెనేని
_x000D_
మనసు కాశిఁజేరు మఱి ముక్తి లేదురా
_x000D_
విశ్వదాభిరామ వినర వేమ.",vupajaathi,Vemana,"[('కా', 'U'), ('శి', '|'), ('బో', 'U'), ('వు', '|'), ('వా', 'U'), ('ని', '|'), ('క', 'U'), ('ర్మ', '|'), ('మే', 'U'), ('మ', '|'), ('ని', '|'), ('చె', 'U'), ('ప్ప', '|'), ('బా', 'U'), ('ప', '|'), ('హే', 'U'), ('తు', '|'), ('వుం', 'U'), ('డి', '|'), ('వ', 'U'), ('చ్చె', '|'), ('నే', 'U'), ('ని', '|'), ('మ', '|'), ('న', '|'), ('సు', '|'), ('కా', 'U'), ('శి', '|'), ('జే', 'U'), ('రు', '|'), ('మ', '|'), ('ఱి', '|'), ('ము', 'U'), ('క్తి', '|'), ('లే', 'U'), ('దు', '|'), ('రా', 'U'), ('వి', 'U'), ('శ్వ', '|'), ('దా', 'U'), ('భి', '|'), ('రా', 'U'), ('మ', '|'), ('వి', '|'), ('న', '|'), ('ర', '|'), ('వే', 'U'), ('మ', '|')]",0.9166666666666666,-1.0,1.0,1.0,0.75,-1.0
aataveladi,"_x000D_
యోగి ననుచుఁ గొంత యోగము గూర్చుక
_x000D_
జగములోనివానిఁ జంపితినుచు
_x000D_
ధనము కొఱకు మిగుల తగవాడుచుండిన
_x000D_
యోగిగాఁడు వాఁడె యోగు వేమా.",vupajaathi,Vemana,"[('యో', 'U'), ('గి', '|'), ('న', '|'), ('ను', '|'), ('చు', '|'), ('గొం', 'U'), ('త', '|'), ('యో', 'U'), ('గ', '|'), ('ము', '|'), ('గూ', 'U'), ('ర్చు', '|'), ('క', '|'), ('జ', '|'), ('గ', '|'), ('ము', '|'), ('లో', 'U'), ('ని', '|'), ('వా', 'U'), ('ని', '|'), ('జం', 'U'), ('పి', '|'), ('తి', '|'), ('ను', '|'), ('చు', '|'), ('ధ', '|'), ('న', '|'), ('ము', '|'), ('కొ', '|'), ('ఱ', '|'), ('కు', '|'), ('మి', '|'), ('గు', '|'), ('ల', '|'), ('త', '|'), ('గ', '|'), ('వా', 'U'), ('డు', '|'), ('చుం', 'U'), ('డి', '|'), ('న', '|'), ('యో', 'U'), ('గి', '|'), ('గా', 'U'), ('డు', '|'), ('వా', 'U'), ('డె', '|'), ('యో', 'U'), ('గు', '|'), ('వే', 'U'), ('మా', 'U')]",0.9833333333333334,-1.0,1.0,0.95,1.0,-1.0
aataveladi,"_x000D_
పరమహంస ననుచు వరవఁ గట్టుక భూమి
_x000D_
పరధనముల కాసపఁడెను వాఁడు
_x000D_
పరమహంస గాఁడు పరమహింసుఁ డటండ్రు
_x000D_
విశ్వదాభిరామ వినర వేమ.",vupajaathi,Vemana,"[('ప', '|'), ('ర', '|'), ('మ', '|'), ('హం', 'U'), ('స', '|'), ('న', '|'), ('ను', '|'), ('చు', '|'), ('వ', '|'), ('ర', '|'), ('వ', '|'), ('గ', 'U'), ('ట్టు', '|'), ('క', '|'), ('భూ', 'U'), ('మి', '|'), ('ప', '|'), ('ర', '|'), ('ధ', '|'), ('న', '|'), ('ము', '|'), ('ల', '|'), ('కా', 'U'), ('స', '|'), ('ప', '|'), ('డె', '|'), ('ను', '|'), ('వా', 'U'), ('డు', '|'), ('ప', '|'), ('ర', '|'), ('మ', '|'), ('హం', 'U'), ('స', '|'), ('గా', 'U'), ('డు', '|'), ('ప', '|'), ('ర', '|'), ('మ', '|'), ('హిం', 'U'), ('సు', '|'), ('డ', '|'), ('టం', 'U'), ('డ్రు', '|'), ('వి', 'U'), ('శ్వ', '|'), ('దా', 'U'), ('భి', '|'), ('రా', 'U'), ('మ', '|'), ('వి', '|'), ('న', '|'), ('ర', '|'), ('వే', 'U'), ('మ', '|')]",1.0,-1.0,1.0,1.0,1.0,-1.0
aataveladi,"_x000D_
మునిఁగి మునిఁగి మునిఁగి ముద్దయై ముద్దయై
_x000D_
వనరి వనరి వనరి వక్కి వక్కి
_x000D_
తిరిగి తిరిగి తిరిగి దిమ్మరై యుండును
_x000D_
విశ్వదాభిరామ వినర వేమ.",vupajaathi,Vemana,"[('ము', '|'), ('ని', '|'), ('గి', '|'), ('ము', '|'), ('ని', '|'), ('గి', '|'), ('ము', '|'), ('ని', '|'), ('గి', '|'), ('ము', 'U'), ('ద్ద', '|'), ('యై', 'U'), ('ము', 'U'), ('ద్ద', '|'), ('యై', 'U'), ('వ', '|'), ('న', '|'), ('రి', '|'), ('వ', '|'), ('న', '|'), ('రి', '|'), ('వ', '|'), ('న', '|'), ('రి', '|'), ('వ', 'U'), ('క్కి', '|'), ('వ', 'U'), ('క్కి', '|'), ('తి', '|'), ('రి', '|'), ('గి', '|'), ('తి', '|'), ('రి', '|'), ('గి', '|'), ('తి', '|'), ('రి', '|'), ('గి', '|'), ('ది', 'U'), ('మ్మ', '|'), ('రై', 'U'), ('యుం', 'U'), ('డు', '|'), ('ను', '|'), ('వి', 'U'), ('శ్వ', '|'), ('దా', 'U'), ('భి', '|'), ('రా', 'U'), ('మ', '|'), ('వి', '|'), ('న', '|'), ('ర', '|'), ('వే', 'U'), ('మ', '|')]",1.0,-1.0,1.0,1.0,1.0,-1.0
aataveladi,"_x000D_
బారెడేసి జడలు భస్మంబుపూఁతలు
_x000D_
మరునితోడ మాఱుమలయఁ గలరు
_x000D_
ముంజికోకలెల్ల లంజెకోకలాయె
_x000D_
విశ్వదాభిరామ వినర వేమ.",vupajaathi,Vemana,"[('బా', 'U'), ('రె', '|'), ('డే', 'U'), ('సి', '|'), ('జ', '|'), ('డ', '|'), ('లు', '|'), ('భ', 'U'), ('స్మం', 'U'), ('బు', '|'), ('పూ', 'U'), ('త', '|'), ('లు', '|'), ('మ', '|'), ('రు', '|'), ('ని', '|'), ('తో', 'U'), ('డ', '|'), ('మా', 'U'), ('ఱు', '|'), ('మ', '|'), ('ల', '|'), ('య', '|'), ('గ', '|'), ('ల', '|'), ('రు', '|'), ('ముం', 'U'), ('జి', '|'), ('కో', 'U'), ('క', '|'), ('లె', 'U'), ('ల్ల', '|'), ('లం', 'U'), ('జె', '|'), ('కో', 'U'), ('క', '|'), ('లా', 'U'), ('యె', '|'), ('వి', 'U'), ('శ్వ', '|'), ('దా', 'U'), ('భి', '|'), ('రా', 'U'), ('మ', '|'), ('వి', '|'), ('న', '|'), ('ర', '|'), ('వే', 'U'), ('మ', '|')]",0.8666666666666667,-1.0,1.0,0.85,0.75,-1.0
aataveladi,"_x000D_
బోడితలల నెల్ల బూడిదెపూఁతల
_x000D_
నాసనముల మారు తాపనముల
_x000D_
యోగిగాఁడు లోన బాగు గాకుండిన
_x000D_
విశ్వదాభిరామ వినర వేమ.",vupajaathi,Vemana,"[('బో', 'U'), ('డి', '|'), ('త', '|'), ('ల', '|'), ('ల', '|'), ('నె', 'U'), ('ల్ల', '|'), ('బూ', 'U'), ('డి', '|'), ('దె', '|'), ('పూ', 'U'), ('త', '|'), ('ల', '|'), ('నా', 'U'), ('స', '|'), ('న', '|'), ('ము', '|'), ('ల', '|'), ('మా', 'U'), ('రు', '|'), ('తా', 'U'), ('ప', '|'), ('న', '|'), ('ము', '|'), ('ల', '|'), ('యో', 'U'), ('గి', '|'), ('గా', 'U'), ('డు', '|'), ('లో', 'U'), ('న', '|'), ('బా', 'U'), ('గు', '|'), ('గా', 'U'), ('కుం', 'U'), ('డి', '|'), ('న', '|'), ('వి', 'U'), ('శ్వ', '|'), ('దా', 'U'), ('భి', '|'), ('రా', 'U'), ('మ', '|'), ('వి', '|'), ('న', '|'), ('ర', '|'), ('వే', 'U'), ('మ', '|')]",0.9166666666666666,-1.0,1.0,1.0,0.75,-1.0
aataveladi,"_x000D_
ఆఱువేషములను నటుచూడ బహువింత
_x000D_
లాత్మయందు ధ్యాన మమర దెందు
_x000D_
భీకరంబె కాని బిరుదు లేదు విరక్తి
_x000D_
విశ్వదాభిరామ వినర వేమ.",vupajaathi,Vemana,"[('ఆ', 'U'), ('ఱు', '|'), ('వే', 'U'), ('ష', '|'), ('ము', '|'), ('ల', '|'), ('ను', '|'), ('న', '|'), ('టు', '|'), ('చూ', 'U'), ('డ', '|'), ('బ', '|'), ('హు', '|'), ('విం', 'U'), ('త', '|'), ('లా', 'U'), ('త్మ', '|'), ('యం', 'U'), ('దు', 'U'), ('ధ్యా', 'U'), ('న', '|'), ('మ', '|'), ('మ', '|'), ('ర', '|'), ('దెం', 'U'), ('దు', '|'), ('భీ', 'U'), ('క', '|'), ('రం', 'U'), ('బె', '|'), ('కా', 'U'), ('ని', '|'), ('బి', '|'), ('రు', '|'), ('దు', '|'), ('లే', 'U'), ('దు', '|'), ('వి', '|'), ('ర', 'U'), ('క్తి', '|'), ('వి', 'U'), ('శ్వ', '|'), ('దా', 'U'), ('భి', '|'), ('రా', 'U'), ('మ', '|'), ('వి', '|'), ('న', '|'), ('ర', '|'), ('వే', 'U'), ('మ', '|')]",0.6,-1.0,1.0,0.8,0.0,-1.0
aataveladi,"_x000D_
కుక్కుటమననంబు కొక్కెర ధ్యానంబు
_x000D_
యతుల నొసట నొనరునట్లు వ్రాసె
_x000D_
తొల్లి చేసినట్టి దోషంబు తగిలెనో
_x000D_
విశ్వదాభిరామ వినర వేమ.",vupajaathi,Vemana,"[('కు', 'U'), ('క్కు', '|'), ('ట', '|'), ('మ', '|'), ('న', '|'), ('నం', 'U'), ('బు', '|'), ('కొ', 'U'), ('క్కె', '|'), ('ర', 'U'), ('ధ్యా', 'U'), ('నం', 'U'), ('బు', '|'), ('య', '|'), ('తు', '|'), ('ల', '|'), ('నొ', '|'), ('స', '|'), ('ట', '|'), ('నొ', '|'), ('న', '|'), ('రు', '|'), ('న', 'U'), ('ట్లు', '|'), ('వ్రా', 'U'), ('సె', '|'), ('తొ', 'U'), ('ల్లి', '|'), ('చే', 'U'), ('సి', '|'), ('న', 'U'), ('ట్టి', '|'), ('దో', 'U'), ('షం', 'U'), ('బు', '|'), ('త', '|'), ('గి', '|'), ('లె', '|'), ('నో', 'U'), ('వి', 'U'), ('శ్వ', '|'), ('దా', 'U'), ('భి', '|'), ('రా', 'U'), ('మ', '|'), ('వి', '|'), ('న', '|'), ('ర', '|'), ('వే', 'U'), ('మ', '|')]",0.9166666666666666,-1.0,1.0,1.0,0.75,-1.0
aataveladi,"_x000D_
ఒడల భూతిఁ బూసి జడలు ధరించిన
_x000D_
నొడయుఁడైన ముక్తిఁ బడయలేఁడు
_x000D_
తడకబిఱ్ఱుపెట్టఁ దలపుతో సరియౌనె
_x000D_
విశ్వదాభిరామ వినర వేమ.",vupajaathi,Vemana,"[('ఒ', '|'), ('డ', '|'), ('ల', '|'), ('భూ', 'U'), ('తి', '|'), ('బూ', 'U'), ('సి', '|'), ('జ', '|'), ('డ', '|'), ('లు', '|'), ('ధ', '|'), ('రిం', 'U'), ('చి', '|'), ('న', '|'), ('నొ', '|'), ('డ', '|'), ('యు', '|'), ('డై', 'U'), ('న', '|'), ('ము', 'U'), ('క్తి', '|'), ('బ', '|'), ('డ', '|'), ('య', '|'), ('లే', 'U'), ('డు', '|'), ('త', '|'), ('డ', '|'), ('క', '|'), ('బి', 'U'), ('ఱ్ఱు', '|'), ('పె', 'U'), ('ట్ట', '|'), ('ద', '|'), ('ల', '|'), ('పు', '|'), ('తో', 'U'), ('స', '|'), ('రి', '|'), ('యౌ', 'U'), ('నె', '|'), ('వి', 'U'), ('శ్వ', '|'), ('దా', 'U'), ('భి', '|'), ('రా', 'U'), ('మ', '|'), ('వి', '|'), ('న', '|'), ('ర', '|'), ('వే', 'U'), ('మ', '|')]",1.0,-1.0,1.0,1.0,1.0,-1.0
aataveladi,"_x000D_
శివుఁడు బ్రహ్మ మనుచు స్మృతులెల్లఁ బలుకంగ
_x000D_
వేఱె దైవములను వేయిగొల్చి
_x000D_
బ్రహ్మజనులు చూడ భ్రష్టులైపోయిరి
_x000D_
విశ్వదాభిరామ వినర వేమ.",vupajaathi,Vemana,"[('శి', '|'), ('వు', '|'), ('డు', '|'), ('బ్ర', 'U'), ('హ్మ', '|'), ('మ', '|'), ('ను', '|'), ('చు', 'U'), ('స్మృ', '|'), ('తు', '|'), ('లె', 'U'), ('ల్ల', '|'), ('బ', '|'), ('లు', '|'), ('కం', 'U'), ('గ', '|'), ('వే', 'U'), ('ఱె', '|'), ('దై', 'U'), ('వ', '|'), ('ము', '|'), ('ల', '|'), ('ను', '|'), ('వే', 'U'), ('యి', '|'), ('గొ', 'U'), ('ల్చి', '|'), ('బ్ర', 'U'), ('హ్మ', '|'), ('జ', '|'), ('ను', '|'), ('లు', '|'), ('చూ', 'U'), ('డ', '|'), ('భ్ర', 'U'), ('ష్టు', '|'), ('లై', 'U'), ('పో', 'U'), ('యి', '|'), ('రి', '|'), ('వి', 'U'), ('శ్వ', '|'), ('దా', 'U'), ('భి', '|'), ('రా', 'U'), ('మ', '|'), ('వి', '|'), ('న', '|'), ('ర', '|'), ('వే', 'U'), ('మ', '|')]",0.9,-1.0,1.0,0.95,0.75,-1.0
aataveladi,"_x000D_
తలను వ్రేలవేసి తాలిమి నిలుచుక
_x000D_
మూసి తెఱచు గన్ను మూగి యగును
_x000D_
జ్ఞాన మదియుఁగాదు కష్టము శేషంబు
_x000D_
విశ్వదాభిరామ వినర వేమ.",vupajaathi,Vemana,"[('త', '|'), ('ల', '|'), ('ను', '|'), ('వ్రే', 'U'), ('ల', '|'), ('వే', 'U'), ('సి', '|'), ('తా', 'U'), ('లి', '|'), ('మి', '|'), ('ని', '|'), ('లు', '|'), ('చు', '|'), ('క', '|'), ('మూ', 'U'), ('సి', '|'), ('తె', '|'), ('ఱ', '|'), ('చు', '|'), ('గ', 'U'), ('న్ను', '|'), ('మూ', 'U'), ('గి', '|'), ('య', '|'), ('గు', '|'), ('ను', 'U'), ('జ్ఞా', 'U'), ('న', '|'), ('మ', '|'), ('ది', '|'), ('యు', '|'), ('గా', 'U'), ('దు', '|'), ('క', 'U'), ('ష్ట', '|'), ('ము', '|'), ('శే', 'U'), ('షం', 'U'), ('బు', '|'), ('వి', 'U'), ('శ్వ', '|'), ('దా', 'U'), ('భి', '|'), ('రా', 'U'), ('మ', '|'), ('వి', '|'), ('న', '|'), ('ర', '|'), ('వే', 'U'), ('మ', '|')]",0.9,-1.0,1.0,0.95,0.75,-1.0
aataveladi,"_x000D_
శివుని భక్తులెల్ల భువి మంటిపాలైరి
_x000D_
వాదమేల దైవభేదమేల
_x000D_
విష్ణుభక్తులెల్ల వెలిబూదిపాలైరి
_x000D_
విశ్వదాభిరామ వినర వేమ.",vupajaathi,Vemana,"[('శి', '|'), ('వు', '|'), ('ని', '|'), ('భ', 'U'), ('క్తు', '|'), ('లె', 'U'), ('ల్ల', '|'), ('భు', '|'), ('వి', '|'), ('మం', 'U'), ('టి', '|'), ('పా', 'U'), ('లై', 'U'), ('రి', '|'), ('వా', 'U'), ('ద', '|'), ('మే', 'U'), ('ల', '|'), ('దై', 'U'), ('వ', '|'), ('భే', 'U'), ('ద', '|'), ('మే', 'U'), ('ల', '|'), ('వి', 'U'), ('ష్ణు', '|'), ('భ', 'U'), ('క్తు', '|'), ('లె', 'U'), ('ల్ల', '|'), ('వె', '|'), ('లి', '|'), ('బూ', 'U'), ('ది', '|'), ('పా', 'U'), ('లై', 'U'), ('రి', '|'), ('వి', 'U'), ('శ్వ', '|'), ('దా', 'U'), ('భి', '|'), ('రా', 'U'), ('మ', '|'), ('వి', '|'), ('న', '|'), ('ర', '|'), ('వే', 'U'), ('మ', '|')]",1.0,-1.0,1.0,1.0,1.0,-1.0
aataveladi,"_x000D_
తన్నుఁ దెలియకున్న తగ వేదములు వెఱ్ఱి
_x000D_
సర్వ సంపదకు ముసాబు వెఱ్ఱి
_x000D_
యాఱు శాస్త్రములును నా పురాణములును
_x000D_
జబ్బు లనుచు జగతిఁ జాటు వేమా.",vupajaathi,Vemana,"[('త', 'U'), ('న్ను', '|'), ('దె', '|'), ('లి', '|'), ('య', '|'), ('కు', 'U'), ('న్న', '|'), ('త', '|'), ('గ', '|'), ('వే', 'U'), ('ద', '|'), ('ము', '|'), ('లు', '|'), ('వె', 'U'), ('ఱ్ఱి', '|'), ('స', 'U'), ('ర్వ', '|'), ('సం', 'U'), ('ప', '|'), ('ద', '|'), ('కు', '|'), ('ము', '|'), ('సా', 'U'), ('బు', '|'), ('వె', 'U'), ('ఱ్ఱి', '|'), ('యా', 'U'), ('ఱు', '|'), ('శా', 'U'), ('స్త్ర', '|'), ('ము', '|'), ('లు', '|'), ('ను', '|'), ('నా', 'U'), ('పు', '|'), ('రా', 'U'), ('ణ', '|'), ('ము', '|'), ('లు', '|'), ('ను', '|'), ('జ', 'U'), ('బ్బు', '|'), ('ల', '|'), ('ను', '|'), ('చు', '|'), ('జ', '|'), ('గ', '|'), ('తి', '|'), ('జా', 'U'), ('టు', '|'), ('వే', 'U'), ('మా', 'U')]",0.9,-1.0,1.0,0.95,0.75,-1.0
aataveladi,"_x000D_
వేముఁడిట్లు చెప్పె వేల పద్యంబులు
_x000D_
తప్పు లెన్నియున్న నొప్పియుండు
_x000D_
తత్తఱపడ కందుఁ జిత్తము నిల్పుము
_x000D_
విశ్వదాభిరామ వినర వేమ.",vupajaathi,Vemana,"[('వే', 'U'), ('ము', '|'), ('డి', 'U'), ('ట్లు', '|'), ('చె', 'U'), ('ప్పె', '|'), ('వే', 'U'), ('ల', '|'), ('ప', 'U'), ('ద్యం', 'U'), ('బు', '|'), ('లు', '|'), ('త', 'U'), ('ప్పు', '|'), ('లె', 'U'), ('న్ని', '|'), ('యు', 'U'), ('న్న', '|'), ('నొ', 'U'), ('ప్పి', '|'), ('యుం', 'U'), ('డు', '|'), ('త', 'U'), ('త్త', '|'), ('ఱ', '|'), ('ప', '|'), ('డ', '|'), ('కం', 'U'), ('దు', '|'), ('జి', 'U'), ('త్త', '|'), ('ము', '|'), ('ని', 'U'), ('ల్పు', '|'), ('ము', '|'), ('వి', 'U'), ('శ్వ', '|'), ('దా', 'U'), ('భి', '|'), ('రా', 'U'), ('మ', '|'), ('వి', '|'), ('న', '|'), ('ర', '|'), ('వే', 'U'), ('మ', '|')]",1.0,-1.0,1.0,1.0,1.0,-1.0
aataveladi,"_x000D_
వెఱ్ఱినక్కలవలె వేదముల్‌ చదివెద
_x000D_
రాశయంబు లెఱుఁగరయ్య వారు
_x000D_
వేదసారమంత వేమన యెఱుఁగును
_x000D_
విశ్వదాభిరామ వినర వేమ.",vupajaathi,Vemana,"[('వె', 'U'), ('ఱ్ఱి', '|'), ('న', 'U'), ('క్క', '|'), ('ల', '|'), ('వ', '|'), ('లె', '|'), ('వే', 'U'), ('ద', '|'), ('ము', 'U'), ('ల్చ', '|'), ('ది', '|'), ('వె', '|'), ('ద', '|'), ('రా', 'U'), ('శ', '|'), ('యం', 'U'), ('బు', '|'), ('లె', '|'), ('ఱు', '|'), ('గ', '|'), ('ర', 'U'), ('య్య', '|'), ('వా', 'U'), ('రు', '|'), ('వే', 'U'), ('ద', '|'), ('సా', 'U'), ('ర', '|'), ('మం', 'U'), ('త', '|'), ('వే', 'U'), ('మ', '|'), ('న', '|'), ('యె', '|'), ('ఱు', '|'), ('గు', '|'), ('ను', '|'), ('వి', 'U'), ('శ్వ', '|'), ('దా', 'U'), ('భి', '|'), ('రా', 'U'), ('మ', '|'), ('వి', '|'), ('న', '|'), ('ర', '|'), ('వే', 'U'), ('మ', '|')]",1.0,-1.0,1.0,1.0,1.0,-1.0
aataveladi,"_x000D_
ఆలిఱంకుఁ దెలుపు నఖిలయజ్ఞంబులు
_x000D_
తల్లిఱంకు తెలుపుఁ దద్దినములు
_x000D_
కానితెరువు కర్మ కాన కల్పితమాయె
_x000D_
విశ్వదాభిరామ వినర వేమ.",vupajaathi,Vemana,"[('ఆ', 'U'), ('లి', '|'), ('ఱం', 'U'), ('కు', '|'), ('దె', '|'), ('లు', '|'), ('పు', '|'), ('న', '|'), ('ఖి', '|'), ('ల', '|'), ('య', 'U'), ('జ్ఞం', 'U'), ('బు', '|'), ('లు', '|'), ('త', 'U'), ('ల్లి', '|'), ('ఱం', 'U'), ('కు', '|'), ('తె', '|'), ('లు', '|'), ('పు', '|'), ('ద', 'U'), ('ద్ది', '|'), ('న', '|'), ('ము', '|'), ('లు', '|'), ('కా', 'U'), ('ని', '|'), ('తె', '|'), ('రు', '|'), ('వు', '|'), ('క', 'U'), ('ర్మ', '|'), ('కా', 'U'), ('న', '|'), ('క', 'U'), ('ల్పి', '|'), ('త', '|'), ('మా', 'U'), ('యె', '|'), ('వి', 'U'), ('శ్వ', '|'), ('దా', 'U'), ('భి', '|'), ('రా', 'U'), ('మ', '|'), ('వి', '|'), ('న', '|'), ('ర', '|'), ('వే', 'U'), ('మ', '|')]",0.9166666666666666,-1.0,1.0,1.0,0.75,-1.0
aataveladi,"_x000D_
హింసఁ జేయకుండుటే ముఖ్య ధర్మంబు
_x000D_
ఆనక హింసచేసి రవనిసురులు
_x000D_
చావుపశువుఁ దినెడు చండాలుఁడే మేలు
_x000D_
విశ్వదాభిరామ వినర వేమ.",vupajaathi,Vemana,"[('హిం', 'U'), ('స', '|'), ('జే', 'U'), ('య', '|'), ('కుం', 'U'), ('డు', '|'), ('టే', 'U'), ('ము', 'U'), ('ఖ్య', '|'), ('ధ', 'U'), ('ర్మం', 'U'), ('బు', '|'), ('ఆ', 'U'), ('న', '|'), ('క', '|'), ('హిం', 'U'), ('స', '|'), ('చే', 'U'), ('సి', '|'), ('ర', '|'), ('వ', '|'), ('ని', '|'), ('సు', '|'), ('రు', '|'), ('లు', '|'), ('చా', 'U'), ('వు', '|'), ('ప', '|'), ('శు', '|'), ('వు', '|'), ('ది', '|'), ('నె', '|'), ('డు', '|'), ('చం', 'U'), ('డా', 'U'), ('లు', '|'), ('డే', 'U'), ('మే', 'U'), ('లు', '|'), ('వి', 'U'), ('శ్వ', '|'), ('దా', 'U'), ('భి', '|'), ('రా', 'U'), ('మ', '|'), ('వి', '|'), ('న', '|'), ('ర', '|'), ('వే', 'U'), ('మ', '|')]",0.8166666666666668,-1.0,1.0,0.95,0.5,-1.0
aataveladi,"_x000D_
ముక్కుత్రాళ్ళ గ్రుచ్చి ముఱికిపోవఁగఁ దోమి
_x000D_
కచ్చనీరు నించి కడిగి కడిగి
_x000D_
డొక్క దోమినంత దొరకునా తత్వంబు
_x000D_
విశ్వదాభిరామ వినర వేమ.",vupajaathi,Vemana,"[('ము', 'U'), ('క్కు', '|'), ('త్రా', 'U'), ('ళ్ళ', '|'), ('గ్రు', 'U'), ('చ్చి', '|'), ('ము', '|'), ('ఱి', '|'), ('కి', '|'), ('పో', 'U'), ('వ', '|'), ('గ', '|'), ('దో', 'U'), ('మి', '|'), ('క', 'U'), ('చ్చ', '|'), ('నీ', 'U'), ('రు', '|'), ('నిం', 'U'), ('చి', '|'), ('క', '|'), ('డి', '|'), ('గి', '|'), ('క', '|'), ('డి', '|'), ('గి', '|'), ('డొ', 'U'), ('క్క', '|'), ('దో', 'U'), ('మి', '|'), ('నం', 'U'), ('త', '|'), ('దొ', '|'), ('ర', '|'), ('కు', '|'), ('నా', 'U'), ('త', 'U'), ('త్వం', 'U'), ('బు', '|'), ('వి', 'U'), ('శ్వ', '|'), ('దా', 'U'), ('భి', '|'), ('రా', 'U'), ('మ', '|'), ('వి', '|'), ('న', '|'), ('ర', '|'), ('వే', 'U'), ('మ', '|')]",1.0,-1.0,1.0,1.0,1.0,-1.0
aataveladi,"_x000D_
జాతసూతకములు సత్యమై యుండంగ
_x000D_
నంటిన గుణములు హతమ్ముగాక
_x000D_
యతియుఁగాగనేల నవనిలో జీవుఁడు
_x000D_
విశ్వదాభిరామ వినర వేమ.",vupajaathi,Vemana,"[('జా', 'U'), ('త', '|'), ('సూ', 'U'), ('త', '|'), ('క', '|'), ('ము', '|'), ('లు', '|'), ('స', 'U'), ('త్య', '|'), ('మై', 'U'), ('యుం', 'U'), ('డం', 'U'), ('గ', '|'), ('నం', 'U'), ('టి', '|'), ('న', '|'), ('గు', '|'), ('ణ', '|'), ('ము', '|'), ('లు', '|'), ('హ', '|'), ('త', 'U'), ('మ్ము', '|'), ('గా', 'U'), ('క', '|'), ('య', '|'), ('తి', '|'), ('యు', '|'), ('గా', 'U'), ('గ', '|'), ('నే', 'U'), ('ల', '|'), ('న', '|'), ('వ', '|'), ('ని', '|'), ('లో', 'U'), ('జీ', 'U'), ('వు', '|'), ('డు', '|'), ('వి', 'U'), ('శ్వ', '|'), ('దా', 'U'), ('భి', '|'), ('రా', 'U'), ('మ', '|'), ('వి', '|'), ('న', '|'), ('ర', '|'), ('వే', 'U'), ('మ', '|')]",0.8333333333333334,-1.0,1.0,1.0,0.5,-1.0
aataveladi,"_x000D_
మదమువలనఁ గల్గు మాటల బహుపల్కి
_x000D_
మ్రుచ్చుసుద్దులఁ గొని మోసపుచ్చి
_x000D_
కాసురాఁబెనగెడు కష్టుండుగురుఁ డౌనె
_x000D_
విశ్వదాభిరామ వినర వేమ.",vupajaathi,Vemana,"[('మ', '|'), ('ద', '|'), ('ము', '|'), ('వ', '|'), ('ల', '|'), ('న', '|'), ('గ', 'U'), ('ల్గు', '|'), ('మా', 'U'), ('ట', '|'), ('ల', '|'), ('బ', '|'), ('హు', '|'), ('ప', 'U'), ('ల్కి', '|'), ('మ్రు', 'U'), ('చ్చు', '|'), ('సు', 'U'), ('ద్దు', '|'), ('ల', '|'), ('గొ', '|'), ('ని', '|'), ('మో', 'U'), ('స', '|'), ('పు', 'U'), ('చ్చి', '|'), ('కా', 'U'), ('సు', '|'), ('రా', 'U'), ('బె', '|'), ('న', '|'), ('గె', '|'), ('డు', '|'), ('క', 'U'), ('ష్టుం', 'U'), ('డు', '|'), ('గు', '|'), ('రు', '|'), ('డౌ', 'U'), ('నె', '|'), ('వి', 'U'), ('శ్వ', '|'), ('దా', 'U'), ('భి', '|'), ('రా', 'U'), ('మ', '|'), ('వి', '|'), ('న', '|'), ('ర', '|'), ('వే', 'U'), ('మ', '|')]",1.0,-1.0,1.0,1.0,1.0,-1.0
aataveladi,"_x000D_
పేరు సోమయాజి పెనుసింహబలుఁడయా
_x000D_
మేఁకపోతుఁబట్టి మెడలువిఱవఁ
_x000D_
గానిక్రతువువంకఁ గలుగునా మోక్షంబు
_x000D_
విశ్వదాభిరామ వినర వేమ.",vupajaathi,Vemana,"[('పే', 'U'), ('రు', '|'), ('సో', 'U'), ('మ', '|'), ('యా', 'U'), ('జి', '|'), ('పె', '|'), ('ను', '|'), ('సిం', 'U'), ('హ', '|'), ('బ', '|'), ('లు', '|'), ('డ', '|'), ('యా', 'U'), ('మే', 'U'), ('క', '|'), ('పో', 'U'), ('తు', '|'), ('బ', 'U'), ('ట్టి', '|'), ('మె', '|'), ('డ', '|'), ('లు', '|'), ('వి', '|'), ('ఱ', '|'), ('వ', '|'), ('గా', 'U'), ('ని', '|'), ('క్ర', '|'), ('తు', '|'), ('వు', '|'), ('వం', 'U'), ('క', '|'), ('గ', '|'), ('లు', '|'), ('గు', '|'), ('నా', 'U'), ('మో', 'U'), ('క్షం', 'U'), ('బు', '|'), ('వి', 'U'), ('శ్వ', '|'), ('దా', 'U'), ('భి', '|'), ('రా', 'U'), ('మ', '|'), ('వి', '|'), ('న', '|'), ('ర', '|'), ('వే', 'U'), ('మ', '|')]",1.0,-1.0,1.0,1.0,1.0,-1.0
aataveladi,"_x000D_
సందె వార్చఁగ నేమి జపము సేయగ నేమి
_x000D_
వేదశాస్త్రములను వెలయ నేమి
_x000D_
పడఁతిఁ గనినవాఁడు బాపఁడు గాఁడయా
_x000D_
విశ్వదాభిరామ వినర వేమ.",vupajaathi,Vemana,"[('సం', 'U'), ('దె', '|'), ('వా', 'U'), ('ర్చ', '|'), ('గ', '|'), ('నే', 'U'), ('మి', '|'), ('జ', '|'), ('ప', '|'), ('ము', '|'), ('సే', 'U'), ('య', '|'), ('గ', '|'), ('నే', 'U'), ('మి', '|'), ('వే', 'U'), ('ద', '|'), ('శా', 'U'), ('స్త్ర', '|'), ('ము', '|'), ('ల', '|'), ('ను', '|'), ('వె', '|'), ('ల', '|'), ('య', '|'), ('నే', 'U'), ('మి', '|'), ('ప', '|'), ('డ', '|'), ('తి', '|'), ('గ', '|'), ('ని', '|'), ('న', '|'), ('వా', 'U'), ('డు', '|'), ('బా', 'U'), ('ప', '|'), ('డు', '|'), ('గా', 'U'), ('డ', '|'), ('యా', 'U'), ('వి', 'U'), ('శ్వ', '|'), ('దా', 'U'), ('భి', '|'), ('రా', 'U'), ('మ', '|'), ('వి', '|'), ('న', '|'), ('ర', '|'), ('వే', 'U'), ('మ', '|')]",0.9833333333333334,-1.0,1.0,0.95,1.0,-1.0
kandamu,"_x000D_
కుక్కల దిని కడుబాపలు
_x000D_
నక్కను భుజియించువారు నాకేశులగు\న్‌
_x000D_
చొక్కముగ జీవహత్యల
_x000D_
మిక్కుటముగఁ జేసి తమిని మించిరి వేమా.",jaathi,Vemana,"[('కు', 'U'), ('క్క', '|'), ('ల', '|'), ('ది', '|'), ('ని', '|'), ('క', '|'), ('డు', '|'), ('బా', 'U'), ('ప', '|'), ('లు', '|'), ('న', 'U'), ('క్క', '|'), ('ను', '|'), ('భు', '|'), ('జి', '|'), ('యిం', 'U'), ('చు', '|'), ('వా', 'U'), ('రు', '|'), ('నా', 'U'), ('కే', 'U'), ('శు', '|'), ('ల', '|'), ('గున్', 'U'), ('చొ', 'U'), ('క్క', '|'), ('ము', '|'), ('గ', '|'), ('జీ', 'U'), ('వ', '|'), ('హ', 'U'), ('త్య', '|'), ('ల', '|'), ('మి', 'U'), ('క్కు', '|'), ('ట', '|'), ('ము', '|'), ('గ', '|'), ('జే', 'U'), ('సి', '|'), ('త', '|'), ('మి', '|'), ('ని', '|'), ('మిం', 'U'), ('చి', '|'), ('రి', '|'), ('వే', 'U'), ('మా', 'U')]",1.0,-1.0,1.0,1.0,1.0,1.0
aataveladi,"_x000D_
అరయఁదోచునాఁడు గురువని తా నెంచి
_x000D_
తిరుగువాఁడు తన్ను నరయలేఁడు
_x000D_
పనికిమాలినట్టి బానిసె కొడుకురా
_x000D_
విశ్వదాభిరామ వినర వేమ.",vupajaathi,Vemana,"[('అ', '|'), ('ర', '|'), ('య', '|'), ('దో', 'U'), ('చు', '|'), ('నా', 'U'), ('డు', '|'), ('గు', '|'), ('రు', '|'), ('వ', '|'), ('ని', '|'), ('తా', 'U'), ('నెం', 'U'), ('చి', '|'), ('తి', '|'), ('రు', '|'), ('గు', '|'), ('వా', 'U'), ('డు', '|'), ('త', 'U'), ('న్ను', '|'), ('న', '|'), ('ర', '|'), ('య', '|'), ('లే', 'U'), ('డు', '|'), ('ప', '|'), ('ని', '|'), ('కి', '|'), ('మా', 'U'), ('లి', '|'), ('న', 'U'), ('ట్టి', '|'), ('బా', 'U'), ('ని', '|'), ('సె', '|'), ('కొ', '|'), ('డు', '|'), ('కు', '|'), ('రా', 'U'), ('వి', 'U'), ('శ్వ', '|'), ('దా', 'U'), ('భి', '|'), ('రా', 'U'), ('మ', '|'), ('వి', '|'), ('న', '|'), ('ర', '|'), ('వే', 'U'), ('మ', '|')]",1.0,-1.0,1.0,1.0,1.0,-1.0
aataveladi,"_x000D_
చాడికానిమాట చావడిలో నిక్కు
_x000D_
వెంటఁ బో శునకము వెలయ నిక్కు
_x000D_
స్త్రీలఁజూచినపుడు శిశ్నంబు నిక్కురా
_x000D_
విశ్వదాభిరామ వినర వేమ.",vupajaathi,Vemana,"[('చా', 'U'), ('డి', '|'), ('కా', 'U'), ('ని', '|'), ('మా', 'U'), ('ట', '|'), ('చా', 'U'), ('వ', '|'), ('డి', '|'), ('లో', 'U'), ('ని', 'U'), ('క్కు', '|'), ('వెం', 'U'), ('ట', '|'), ('బో', 'U'), ('శు', '|'), ('న', '|'), ('క', '|'), ('ము', '|'), ('వె', '|'), ('ల', '|'), ('య', '|'), ('ని', 'U'), ('క్కు', 'U'), ('స్త్రీ', 'U'), ('ల', '|'), ('జూ', 'U'), ('చి', '|'), ('న', '|'), ('పు', '|'), ('డు', '|'), ('శి', 'U'), ('శ్నం', 'U'), ('బు', '|'), ('ని', 'U'), ('క్కు', '|'), ('రా', 'U'), ('వి', 'U'), ('శ్వ', '|'), ('దా', 'U'), ('భి', '|'), ('రా', 'U'), ('మ', '|'), ('వి', '|'), ('న', '|'), ('ర', '|'), ('వే', 'U'), ('మ', '|')]",0.7333333333333334,-1.0,1.0,0.7,0.5,-1.0
aataveladi,"_x000D_
పుట్టుశక్తు లైదు పుడమి నటింపగ
_x000D_
విప్రులెల్ల వేదవేత్తలండ్రు
_x000D_
శక్తిపుత్రుకులము జగతిలో నెఱుగరో
_x000D_
విశ్వదాభిరామ వినర వేమ.",vupajaathi,Vemana,"[('పు', 'U'), ('ట్టు', '|'), ('శ', 'U'), ('క్తు', '|'), ('లై', 'U'), ('దు', '|'), ('పు', '|'), ('డ', '|'), ('మి', '|'), ('న', '|'), ('టిం', 'U'), ('ప', '|'), ('గ', '|'), ('వి', '|'), ('ప్రు', '|'), ('లె', 'U'), ('ల్ల', '|'), ('వే', 'U'), ('ద', '|'), ('వే', 'U'), ('త్త', '|'), ('లం', 'U'), ('డ్రు', '|'), ('శ', 'U'), ('క్తి', '|'), ('పు', '|'), ('త్రు', '|'), ('కు', '|'), ('ల', '|'), ('ము', '|'), ('జ', '|'), ('గ', '|'), ('తి', '|'), ('లో', 'U'), ('నె', '|'), ('ఱు', '|'), ('గ', '|'), ('రో', 'U'), ('వి', 'U'), ('శ్వ', '|'), ('దా', 'U'), ('భి', '|'), ('రా', 'U'), ('మ', '|'), ('వి', '|'), ('న', '|'), ('ర', '|'), ('వే', 'U'), ('మ', '|')]",0.65,-1.0,1.0,0.7,0.25,-1.0
kandamu,"_x000D_
భేదాభేదంబులకును
_x000D_
వాదంబై జనముచూడ వర్తించును నా
_x000D_
భేదాభేదము లుడిగిన
_x000D_
వేదాంత ధ్యాని యగుచు వెలుఁగుర వేమా.",jaathi,Vemana,"[('భే', 'U'), ('దా', 'U'), ('భే', 'U'), ('దం', 'U'), ('బు', '|'), ('ల', '|'), ('కు', '|'), ('ను', '|'), ('వా', 'U'), ('దం', 'U'), ('బై', 'U'), ('జ', '|'), ('న', '|'), ('ము', '|'), ('చూ', 'U'), ('డ', '|'), ('వ', 'U'), ('ర్తిం', 'U'), ('చు', '|'), ('ను', '|'), ('నా', 'U'), ('భే', 'U'), ('దా', 'U'), ('భే', 'U'), ('ద', '|'), ('ము', '|'), ('లు', '|'), ('డి', '|'), ('గి', '|'), ('న', '|'), ('వే', 'U'), ('దాం', 'U'), ('త', 'U'), ('ధ్యా', 'U'), ('ని', '|'), ('య', '|'), ('గు', '|'), ('చు', '|'), ('వె', '|'), ('లు', '|'), ('గు', '|'), ('ర', '|'), ('వే', 'U'), ('మా', 'U')]",1.0,-1.0,1.0,1.0,1.0,1.0
aataveladi,"_x000D_
ద్విజవరుండు చెడ్డ పిండంబు దినఁబోయె
_x000D_
పేరటాలు మురువు పెండ్లిమొనసె
_x000D_
కులము మొదలుఁ బోయెఁ గూలెఁబో మానంబు
_x000D_
విశ్వదాభిరామ వినర వేమ.",vupajaathi,Vemana,"[('ద్వి', '|'), ('జ', '|'), ('వ', '|'), ('రుం', 'U'), ('డు', '|'), ('చె', 'U'), ('డ్డ', '|'), ('పిం', 'U'), ('డం', 'U'), ('బు', '|'), ('ది', '|'), ('న', '|'), ('బో', 'U'), ('యె', '|'), ('పే', 'U'), ('ర', '|'), ('టా', 'U'), ('లు', '|'), ('ము', '|'), ('రు', '|'), ('వు', '|'), ('పెం', 'U'), ('డ్లి', '|'), ('మొ', '|'), ('న', '|'), ('సె', '|'), ('కు', '|'), ('ల', '|'), ('ము', '|'), ('మొ', '|'), ('ద', '|'), ('లు', '|'), ('బో', 'U'), ('యె', '|'), ('గూ', 'U'), ('లె', '|'), ('బో', 'U'), ('మా', 'U'), ('నం', 'U'), ('బు', '|'), ('వి', 'U'), ('శ్వ', '|'), ('దా', 'U'), ('భి', '|'), ('రా', 'U'), ('మ', '|'), ('వి', '|'), ('న', '|'), ('ర', '|'), ('వే', 'U'), ('మ', '|')]",0.9166666666666666,-1.0,1.0,1.0,0.75,-1.0
aataveladi,"_x000D_
చీరగట్టి రాత్రి సిగ్గును నెఱిఁగుండు
_x000D_
పగలు చీరవిడుచు పను లదేల
_x000D_
చేడె గాదుర యిది చేవాడికత్తెర
_x000D_
విశ్వదాభిరామ వినర వేమ.",vupajaathi,Vemana,"[('చీ', 'U'), ('ర', '|'), ('గ', 'U'), ('ట్టి', '|'), ('రా', 'U'), ('త్రి', '|'), ('సి', 'U'), ('గ్గు', '|'), ('ను', '|'), ('నె', '|'), ('ఱి', '|'), ('గుం', 'U'), ('డు', '|'), ('ప', '|'), ('గ', '|'), ('లు', '|'), ('చీ', 'U'), ('ర', '|'), ('వి', '|'), ('డు', '|'), ('చు', '|'), ('ప', '|'), ('ను', '|'), ('ల', '|'), ('దే', 'U'), ('ల', '|'), ('చే', 'U'), ('డె', '|'), ('గా', 'U'), ('దు', '|'), ('ర', '|'), ('యి', '|'), ('ది', '|'), ('చే', 'U'), ('వా', 'U'), ('డి', '|'), ('క', 'U'), ('త్తె', '|'), ('ర', '|'), ('వి', 'U'), ('శ్వ', '|'), ('దా', 'U'), ('భి', '|'), ('రా', 'U'), ('మ', '|'), ('వి', '|'), ('న', '|'), ('ర', '|'), ('వే', 'U'), ('మ', '|')]",1.0,-1.0,1.0,1.0,1.0,-1.0
aataveladi,"_x000D_
శూద్రుఁడనుచు మిగుల శూద్రులఁ బోనాడు
_x000D_
మాలకంటె మగఁడు మాలయనుచు
_x000D_
ద్విజుఁడ నేనటన్న ద్విజుఁడు కానేర్చునా
_x000D_
విశ్వదాభిరామ వినర వేమ.",vupajaathi,Vemana,"[('శూ', 'U'), ('ద్రు', '|'), ('డ', '|'), ('ను', '|'), ('చు', '|'), ('మి', '|'), ('గు', '|'), ('ల', '|'), ('శూ', 'U'), ('ద్రు', '|'), ('ల', '|'), ('బో', 'U'), ('నా', 'U'), ('డు', '|'), ('మా', 'U'), ('ల', '|'), ('కం', 'U'), ('టె', '|'), ('మ', '|'), ('గ', '|'), ('డు', '|'), ('మా', 'U'), ('ల', '|'), ('య', '|'), ('ను', '|'), ('చు', 'U'), ('ద్వి', '|'), ('జు', '|'), ('డ', '|'), ('నే', 'U'), ('న', '|'), ('ట', 'U'), ('న్న', 'U'), ('ద్వి', '|'), ('జు', '|'), ('డు', '|'), ('కా', 'U'), ('నే', 'U'), ('ర్చు', '|'), ('నా', 'U'), ('వి', 'U'), ('శ్వ', '|'), ('దా', 'U'), ('భి', '|'), ('రా', 'U'), ('మ', '|'), ('వి', '|'), ('న', '|'), ('ర', '|'), ('వే', 'U'), ('మ', '|')]",0.75,-1.0,1.0,0.75,0.5,-1.0
aataveladi,"_x000D_
బ్రహ్మనృపతి వైశ్యపతులును శూద్రులు
_x000D_
బ్రహ్మవిష్ణుహరులు పశువు లెన్న
_x000D_
బ్రహ్మముం దెలియక బహురూపులైరిట్లు
_x000D_
విశ్వదాభిరామ వినర వేమ.",vupajaathi,Vemana,"[('బ్ర', 'U'), ('హ్మ', '|'), ('నృ', '|'), ('ప', '|'), ('తి', '|'), ('వై', 'U'), ('శ్య', '|'), ('ప', '|'), ('తు', '|'), ('లు', '|'), ('ను', '|'), ('శూ', 'U'), ('ద్రు', '|'), ('లు', '|'), ('బ్ర', 'U'), ('హ్మ', '|'), ('వి', 'U'), ('ష్ణు', '|'), ('హ', '|'), ('రు', '|'), ('లు', '|'), ('ప', '|'), ('శు', '|'), ('వు', '|'), ('లె', 'U'), ('న్న', '|'), ('బ్ర', 'U'), ('హ్మ', '|'), ('ముం', 'U'), ('దె', '|'), ('లి', '|'), ('య', '|'), ('క', '|'), ('బ', '|'), ('హు', '|'), ('రూ', 'U'), ('పు', '|'), ('లై', 'U'), ('రి', 'U'), ('ట్లు', '|'), ('వి', 'U'), ('శ్వ', '|'), ('దా', 'U'), ('భి', '|'), ('రా', 'U'), ('మ', '|'), ('వి', '|'), ('న', '|'), ('ర', '|'), ('వే', 'U'), ('మ', '|')]",1.0,-1.0,1.0,1.0,1.0,-1.0
aataveladi,"_x000D_
కలుషమొక్క యింత గాన్పింప దెందును
_x000D_
జూడ నెవరికైన సొంపుమీఱఁ
_x000D_
దామసం బడంగఁ దావెల్గు జ్ఞానంబు
_x000D_
విశ్వదాభిరామ వినర వేమ.",vupajaathi,Vemana,"[('క', '|'), ('లు', '|'), ('ష', '|'), ('మొ', 'U'), ('క్క', '|'), ('యిం', 'U'), ('త', '|'), ('గా', 'U'), ('న్పిం', 'U'), ('ప', '|'), ('దెం', 'U'), ('దు', '|'), ('ను', '|'), ('జూ', 'U'), ('డ', '|'), ('నె', '|'), ('వ', '|'), ('రి', '|'), ('కై', 'U'), ('న', '|'), ('సొం', 'U'), ('పు', '|'), ('మీ', 'U'), ('ఱ', '|'), ('దా', 'U'), ('మ', '|'), ('సం', 'U'), ('బ', '|'), ('డం', 'U'), ('గ', '|'), ('దా', 'U'), ('వె', 'U'), ('ల్గు', 'U'), ('జ్ఞా', 'U'), ('నం', 'U'), ('బు', '|'), ('వి', 'U'), ('శ్వ', '|'), ('దా', 'U'), ('భి', '|'), ('రా', 'U'), ('మ', '|'), ('వి', '|'), ('న', '|'), ('ర', '|'), ('వే', 'U'), ('మ', '|')]",0.8666666666666667,-1.0,1.0,0.85,0.75,-1.0
aataveladi,"_x000D_
తనువునందు నగ్ని దఱికొని కాల్పంగ
_x000D_
కాల్చుకొనుట యేమి కర్మమునకు
_x000D_
కాల్చుకొన్న యంత ఘనుఁడు తానాయెనా
_x000D_
విశ్వదాభిరామ వినర వేమ.",vupajaathi,Vemana,"[('త', '|'), ('ను', '|'), ('వు', '|'), ('నం', 'U'), ('దు', '|'), ('న', 'U'), ('గ్ని', '|'), ('ద', '|'), ('ఱి', '|'), ('కొ', '|'), ('ని', '|'), ('కా', 'U'), ('ల్పం', 'U'), ('గ', '|'), ('కా', 'U'), ('ల్చు', '|'), ('కొ', '|'), ('ను', '|'), ('ట', '|'), ('యే', 'U'), ('మి', '|'), ('క', 'U'), ('ర్మ', '|'), ('ము', '|'), ('న', '|'), ('కు', '|'), ('కా', 'U'), ('ల్చు', '|'), ('కొ', 'U'), ('న్న', '|'), ('యం', 'U'), ('త', '|'), ('ఘ', '|'), ('ను', '|'), ('డు', '|'), ('తా', 'U'), ('నా', 'U'), ('యె', '|'), ('నా', 'U'), ('వి', 'U'), ('శ్వ', '|'), ('దా', 'U'), ('భి', '|'), ('రా', 'U'), ('మ', '|'), ('వి', '|'), ('న', '|'), ('ర', '|'), ('వే', 'U'), ('మ', '|')]",1.0,-1.0,1.0,1.0,1.0,-1.0
aataveladi,"_x000D_
త్రాడు మెడనువేసి తనదు శూద్రత్వంబు
_x000D_
పోయె ననెడి దెల్ల బుద్ధి కొదువ
_x000D_
మనసులకును త్రాడు మఱివన్నెఁ దెచ్చునా
_x000D_
విశ్వదాభిరామ వినర వేమ.",vupajaathi,Vemana,"[('త్రా', 'U'), ('డు', '|'), ('మె', '|'), ('డ', '|'), ('ను', '|'), ('వే', 'U'), ('సి', '|'), ('త', '|'), ('న', '|'), ('దు', '|'), ('శూ', 'U'), ('ద్ర', 'U'), ('త్వం', 'U'), ('బు', '|'), ('పో', 'U'), ('యె', '|'), ('న', '|'), ('నె', '|'), ('డి', '|'), ('దె', 'U'), ('ల్ల', '|'), ('బు', 'U'), ('ద్ధి', '|'), ('కొ', '|'), ('దు', '|'), ('వ', '|'), ('మ', '|'), ('న', '|'), ('సు', '|'), ('ల', '|'), ('కు', '|'), ('ను', '|'), ('త్రా', 'U'), ('డు', '|'), ('మ', '|'), ('ఱి', '|'), ('వ', 'U'), ('న్నె', '|'), ('దె', 'U'), ('చ్చు', '|'), ('నా', 'U'), ('వి', 'U'), ('శ్వ', '|'), ('దా', 'U'), ('భి', '|'), ('రా', 'U'), ('మ', '|'), ('వి', '|'), ('న', '|'), ('ర', '|'), ('వే', 'U'), ('మ', '|')]",1.0,-1.0,1.0,1.0,1.0,-1.0
aataveladi,"_x000D_
పట్టుచీరఁ గట్టి పట్టె తిరుమణి నిడి
_x000D_
సృష్టివైష్ణవంబు శిఖలు మించె
_x000D_
చిన్నెలన్ని చేసి చేర వైష్ణవ మిట్లు
_x000D_
విశ్వదాభిరామ వినర వేమ.",vupajaathi,Vemana,"[('ప', 'U'), ('ట్టు', '|'), ('చీ', 'U'), ('ర', '|'), ('గ', 'U'), ('ట్టి', '|'), ('ప', 'U'), ('ట్టె', '|'), ('తి', '|'), ('రు', '|'), ('మ', '|'), ('ణి', '|'), ('ని', '|'), ('డి', '|'), ('సృ', 'U'), ('ష్టి', '|'), ('వై', 'U'), ('ష్ణ', '|'), ('వం', 'U'), ('బు', '|'), ('శి', '|'), ('ఖ', '|'), ('లు', '|'), ('మిం', 'U'), ('చె', '|'), ('చి', 'U'), ('న్నె', '|'), ('ల', 'U'), ('న్ని', '|'), ('చే', 'U'), ('సి', '|'), ('చే', 'U'), ('ర', '|'), ('వై', 'U'), ('ష్ణ', '|'), ('వ', '|'), ('మి', 'U'), ('ట్లు', '|'), ('వి', 'U'), ('శ్వ', '|'), ('దా', 'U'), ('భి', '|'), ('రా', 'U'), ('మ', '|'), ('వి', '|'), ('న', '|'), ('ర', '|'), ('వే', 'U'), ('మ', '|')]",0.9,-1.0,1.0,0.95,0.75,-1.0
aataveladi,"_x000D_
కసవు నేరి తినెడు పసరపు మైఁ దిన
_x000D_
మాలఁడండ్రు వాని మహిని నరులు
_x000D_
పట్టికోడిఁ దిన్న ప్రాజ్ఞులందురు జనుల్‌
_x000D_
విశ్వదాభిరామ వినర వేమ.",vupajaathi,Vemana,"[('క', '|'), ('స', '|'), ('వు', '|'), ('నే', 'U'), ('రి', '|'), ('తి', '|'), ('నె', '|'), ('డు', '|'), ('ప', '|'), ('స', '|'), ('ర', '|'), ('పు', '|'), ('మై', 'U'), ('ది', '|'), ('న', '|'), ('మా', 'U'), ('ల', '|'), ('డం', 'U'), ('డ్రు', '|'), ('వా', 'U'), ('ని', '|'), ('మ', '|'), ('హి', '|'), ('ని', '|'), ('న', '|'), ('రు', '|'), ('లు', '|'), ('ప', 'U'), ('ట్టి', '|'), ('కో', 'U'), ('డి', '|'), ('ది', 'U'), ('న్న', '|'), ('ప్రా', 'U'), ('జ్ఞు', '|'), ('లం', 'U'), ('దు', '|'), ('రు', '|'), ('జ', '|'), ('నుల్', 'U'), ('వి', 'U'), ('శ్వ', '|'), ('దా', 'U'), ('భి', '|'), ('రా', 'U'), ('మ', '|'), ('వి', '|'), ('న', '|'), ('ర', '|'), ('వే', 'U'), ('మ', '|')]",1.0,-1.0,1.0,1.0,1.0,-1.0
aataveladi,"_x000D_
ఊరిబావిలోని యుదకమ్ము నిందించి
_x000D_
పాదతీర్థమునకు భ్రమయువారు
_x000D_
పాదతీర్థములను ఫలమేమి కందురా
_x000D_
విశ్వదాభిరామ వినర వేమ.",vupajaathi,Vemana,"[('ఊ', 'U'), ('రి', '|'), ('బా', 'U'), ('వి', '|'), ('లో', 'U'), ('ని', '|'), ('యు', '|'), ('ద', '|'), ('క', 'U'), ('మ్ము', '|'), ('నిం', 'U'), ('దిం', 'U'), ('చి', '|'), ('పా', 'U'), ('ద', '|'), ('తీ', 'U'), ('ర్థ', '|'), ('ము', '|'), ('న', '|'), ('కు', '|'), ('భ్ర', '|'), ('మ', '|'), ('యు', '|'), ('వా', 'U'), ('రు', '|'), ('పా', 'U'), ('ద', '|'), ('తీ', 'U'), ('ర్థ', '|'), ('ము', '|'), ('ల', '|'), ('ను', '|'), ('ఫ', '|'), ('ల', '|'), ('మే', 'U'), ('మి', '|'), ('కం', 'U'), ('దు', '|'), ('రా', 'U'), ('వి', 'U'), ('శ్వ', '|'), ('దా', 'U'), ('భి', '|'), ('రా', 'U'), ('మ', '|'), ('వి', '|'), ('న', '|'), ('ర', '|'), ('వే', 'U'), ('మ', '|')]",0.9166666666666666,-1.0,1.0,1.0,0.75,-1.0
aataveladi,"_x000D_
మొనసి యింద్రియముల మొదట నిల్పఁగలేక
_x000D_
సమసిపోవు వేళ సన్యసించు
_x000D_
ఆత్మశుద్ధిలేక యంటునా మోక్షంబు
_x000D_
విశ్వదాభిరామ వినర వేమ.",vupajaathi,Vemana,"[('మొ', '|'), ('న', '|'), ('సి', '|'), ('యిం', 'U'), ('ద్రి', '|'), ('య', '|'), ('ము', '|'), ('ల', '|'), ('మొ', '|'), ('ద', '|'), ('ట', '|'), ('ని', 'U'), ('ల్ప', '|'), ('గ', '|'), ('లే', 'U'), ('క', '|'), ('స', '|'), ('మ', '|'), ('సి', '|'), ('పో', 'U'), ('వు', '|'), ('వే', 'U'), ('ళ', '|'), ('స', 'U'), ('న్య', '|'), ('సిం', 'U'), ('చు', '|'), ('ఆ', 'U'), ('త్మ', '|'), ('శు', 'U'), ('ద్ధి', '|'), ('లే', 'U'), ('క', '|'), ('యం', 'U'), ('టు', '|'), ('నా', 'U'), ('మో', 'U'), ('క్షం', 'U'), ('బు', '|'), ('వి', 'U'), ('శ్వ', '|'), ('దా', 'U'), ('భి', '|'), ('రా', 'U'), ('మ', '|'), ('వి', '|'), ('న', '|'), ('ర', '|'), ('వే', 'U'), ('మ', '|')]",1.0,-1.0,1.0,1.0,1.0,-1.0
aataveladi,"_x000D_
చావుఁ దెలియువాఁడు సన్యసించునదెల్ల
_x000D_
కడవలందు కులము చెడినయట్లు
_x000D_
పాపమొకటె మీఁద ఫలమేమి లేదురా
_x000D_
విశ్వదాభిరామ వినర వేమ.",vupajaathi,Vemana,"[('చా', 'U'), ('వు', '|'), ('దె', '|'), ('లి', '|'), ('యు', '|'), ('వా', 'U'), ('డు', '|'), ('స', 'U'), ('న్య', '|'), ('సిం', 'U'), ('చు', '|'), ('న', '|'), ('దె', 'U'), ('ల్ల', '|'), ('క', '|'), ('డ', '|'), ('వ', '|'), ('లం', 'U'), ('దు', '|'), ('కు', '|'), ('ల', '|'), ('ము', '|'), ('చె', '|'), ('డి', '|'), ('న', '|'), ('య', 'U'), ('ట్లు', '|'), ('పా', 'U'), ('ప', '|'), ('మొ', '|'), ('క', '|'), ('టె', '|'), ('మీ', 'U'), ('ద', '|'), ('ఫ', '|'), ('ల', '|'), ('మే', 'U'), ('మి', '|'), ('లే', 'U'), ('దు', '|'), ('రా', 'U'), ('వి', 'U'), ('శ్వ', '|'), ('దా', 'U'), ('భి', '|'), ('రా', 'U'), ('మ', '|'), ('వి', '|'), ('న', '|'), ('ర', '|'), ('వే', 'U'), ('మ', '|')]",1.0,-1.0,1.0,1.0,1.0,-1.0
teytageethi,"_x000D_
వెల్లకుక్కల యెంగిలి విశదమాయె
_x000D_
పడుచువేశ్యల యెంగిలి ప్రాప్తమాయె
_x000D_
చెడుగు నెంగిలి యెంతకు శ్రేష్ఠమాయె
_x000D_
ఇష్టమగువారి యెంగిలి యెగ్గు వేమ.",vupajaathi,Vemana,"[('వె', 'U'), ('ల్ల', '|'), ('కు', 'U'), ('క్క', '|'), ('ల', '|'), ('యెం', 'U'), ('గి', '|'), ('లి', '|'), ('వి', '|'), ('శ', '|'), ('ద', '|'), ('మా', 'U'), ('యె', '|'), ('ప', '|'), ('డు', '|'), ('చు', '|'), ('వే', 'U'), ('శ్య', '|'), ('ల', '|'), ('యెం', 'U'), ('గి', '|'), ('లి', '|'), ('ప్రా', 'U'), ('ప్త', '|'), ('మా', 'U'), ('యె', '|'), ('చె', '|'), ('డు', '|'), ('గు', '|'), ('నెం', 'U'), ('గి', '|'), ('లి', '|'), ('యెం', 'U'), ('త', '|'), ('కు', '|'), ('శ్రే', 'U'), ('ష్ఠ', '|'), ('మా', 'U'), ('యె', '|'), ('ఇ', 'U'), ('ష్ట', '|'), ('మ', '|'), ('గు', '|'), ('వా', 'U'), ('రి', '|'), ('యెం', 'U'), ('గి', '|'), ('లి', '|'), ('యె', 'U'), ('గ్గు', '|'), ('వే', 'U'), ('మ', '|')]",0.9166666666666666,-1.0,1.0,1.0,0.75,-1.0
aataveladi,"_x000D_
ప్రియము సత్యమెప్డు పృథివిఁ బల్కెడువాని
_x000D_
నోరె యమృతవాపి మారులేదు
_x000D_
అనుదినంబుచూడ ననృతమాడెడినోరు
_x000D_
నోరె కాదు క్రింది నోరు వేమ.",vupajaathi,Vemana,"[('ప్రి', '|'), ('య', '|'), ('ము', '|'), ('స', 'U'), ('త్య', '|'), ('మె', 'U'), ('ప్డు', '|'), ('పృ', '|'), ('థి', '|'), ('వి', '|'), ('బ', 'U'), ('ల్కె', '|'), ('డు', '|'), ('వా', 'U'), ('ని', '|'), ('నో', 'U'), ('రె', '|'), ('య', '|'), ('మృ', '|'), ('త', '|'), ('వా', 'U'), ('పి', '|'), ('మా', 'U'), ('రు', '|'), ('లే', 'U'), ('దు', '|'), ('అ', '|'), ('ను', '|'), ('ది', '|'), ('నం', 'U'), ('బు', '|'), ('చూ', 'U'), ('డ', '|'), ('న', '|'), ('నృ', '|'), ('త', '|'), ('మా', 'U'), ('డె', '|'), ('డి', '|'), ('నో', 'U'), ('రు', '|'), ('నో', 'U'), ('రె', '|'), ('కా', 'U'), ('దు', '|'), ('క్రిం', 'U'), ('ది', '|'), ('నో', 'U'), ('రు', '|'), ('వే', 'U'), ('మ', '|')]",0.9166666666666666,-1.0,1.0,1.0,0.75,-1.0
aataveladi,"_x000D_
అంగమందు లింగ మతిశయంబునఁ గట్టి
_x000D_
లింగమందు ముక్తి నిలుపలేరు
_x000D_
ముక్తిలేక తుదను మూర్ఖుఁడై పోవురా
_x000D_
విశ్వదాభిరామ వినర వేమ.",vupajaathi,Vemana,"[('అం', 'U'), ('గ', '|'), ('మం', 'U'), ('దు', '|'), ('లిం', 'U'), ('గ', '|'), ('మ', '|'), ('తి', '|'), ('శ', '|'), ('యం', 'U'), ('బు', '|'), ('న', '|'), ('గ', 'U'), ('ట్టి', '|'), ('లిం', 'U'), ('గ', '|'), ('మం', 'U'), ('దు', '|'), ('ము', 'U'), ('క్తి', '|'), ('ని', '|'), ('లు', '|'), ('ప', '|'), ('లే', 'U'), ('రు', '|'), ('ము', 'U'), ('క్తి', '|'), ('లే', 'U'), ('క', '|'), ('తు', '|'), ('ద', '|'), ('ను', '|'), ('మూ', 'U'), ('ర్ఖు', '|'), ('డై', 'U'), ('పో', 'U'), ('వు', '|'), ('రా', 'U'), ('వి', 'U'), ('శ్వ', '|'), ('దా', 'U'), ('భి', '|'), ('రా', 'U'), ('మ', '|'), ('వి', '|'), ('న', '|'), ('ర', '|'), ('వే', 'U'), ('మ', '|')]",0.8333333333333334,-1.0,1.0,1.0,0.5,-1.0
aataveladi,"_x000D_
విష్ణుభక్తులెల్ల వెలిబూదిపాలైరి
_x000D_
వాదమేల మతవిభేదమేల
_x000D_
తెలియ లింగధారులు తిరుమణిపాలైరి
_x000D_
విశ్వదాభిరామ వినర వేమ.",vupajaathi,Vemana,"[('వి', 'U'), ('ష్ణు', '|'), ('భ', 'U'), ('క్తు', '|'), ('లె', 'U'), ('ల్ల', '|'), ('వె', '|'), ('లి', '|'), ('బూ', 'U'), ('ది', '|'), ('పా', 'U'), ('లై', 'U'), ('రి', '|'), ('వా', 'U'), ('ద', '|'), ('మే', 'U'), ('ల', '|'), ('మ', '|'), ('త', '|'), ('వి', '|'), ('భే', 'U'), ('ద', '|'), ('మే', 'U'), ('ల', '|'), ('తె', '|'), ('లి', '|'), ('య', '|'), ('లిం', 'U'), ('గ', '|'), ('ధా', 'U'), ('రు', '|'), ('లు', '|'), ('తి', '|'), ('రు', '|'), ('మ', '|'), ('ణి', '|'), ('పా', 'U'), ('లై', 'U'), ('రి', '|'), ('వి', 'U'), ('శ్వ', '|'), ('దా', 'U'), ('భి', '|'), ('రా', 'U'), ('మ', '|'), ('వి', '|'), ('న', '|'), ('ర', '|'), ('వే', 'U'), ('మ', '|')]",0.9,-1.0,1.0,0.95,0.75,-1.0
aataveladi,"_x000D_
తల్లిగర్భమందు తాను వెడలువేళ
_x000D_
నఱుత లింగముండ దరసిచూడ
_x000D_
నడుమ లింగమూన నగుఁబాటు గాదటో
_x000D_
విశ్వదాభిరామ వినర వేమ.",vupajaathi,Vemana,"[('త', 'U'), ('ల్లి', '|'), ('గ', 'U'), ('ర్భ', '|'), ('మం', 'U'), ('దు', '|'), ('తా', 'U'), ('ను', '|'), ('వె', '|'), ('డ', '|'), ('లు', '|'), ('వే', 'U'), ('ళ', '|'), ('న', '|'), ('ఱు', '|'), ('త', '|'), ('లిం', 'U'), ('గ', '|'), ('ముం', 'U'), ('డ', '|'), ('ద', '|'), ('ర', '|'), ('సి', '|'), ('చూ', 'U'), ('డ', '|'), ('న', '|'), ('డు', '|'), ('మ', '|'), ('లిం', 'U'), ('గ', '|'), ('మూ', 'U'), ('న', '|'), ('న', '|'), ('గు', '|'), ('బా', 'U'), ('టు', '|'), ('గా', 'U'), ('ద', '|'), ('టో', 'U'), ('వి', 'U'), ('శ్వ', '|'), ('దా', 'U'), ('భి', '|'), ('రా', 'U'), ('మ', '|'), ('వి', '|'), ('న', '|'), ('ర', '|'), ('వే', 'U'), ('మ', '|')]",0.9166666666666666,-1.0,1.0,1.0,0.75,-1.0
aataveladi,"_x000D_
పట్టుపాగఁ జుట్టి పట్టుదోవతిఁ గట్టి
_x000D_
వట్టి వైష్ణవుండు మిట్టిపడును
_x000D_
చిన్నె లింతెకాని శ్రీవైష్ణవమతంబు
_x000D_
విశ్వదాభిరామ వినర వేమ.",vupajaathi,Vemana,"[('ప', 'U'), ('ట్టు', '|'), ('పా', 'U'), ('గ', '|'), ('జు', 'U'), ('ట్టి', '|'), ('ప', 'U'), ('ట్టు', '|'), ('దో', 'U'), ('వ', '|'), ('తి', '|'), ('గ', 'U'), ('ట్టి', '|'), ('వ', 'U'), ('ట్టి', '|'), ('వై', 'U'), ('ష్ణ', '|'), ('వుం', 'U'), ('డు', '|'), ('మి', 'U'), ('ట్టి', '|'), ('ప', '|'), ('డు', '|'), ('ను', '|'), ('చి', 'U'), ('న్నె', '|'), ('లిం', 'U'), ('తె', '|'), ('కా', 'U'), ('ని', '|'), ('శ్రీ', 'U'), ('వై', 'U'), ('ష్ణ', '|'), ('వ', '|'), ('మ', '|'), ('తం', 'U'), ('బు', '|'), ('వి', 'U'), ('శ్వ', '|'), ('దా', 'U'), ('భి', '|'), ('రా', 'U'), ('మ', '|'), ('వి', '|'), ('న', '|'), ('ర', '|'), ('వే', 'U'), ('మ', '|')]",1.0,-1.0,1.0,1.0,1.0,-1.0
aataveladi,"_x000D_
రూపవతులు ముగ్గురు రూపవంతులు చూడ
_x000D_
వారి వారి నేల గారవింప
_x000D_
మొద లెఱుగకయున్న మోక్షంబు గలుగునా
_x000D_
విశ్వదాభిరామ వినర వేమ.",vupajaathi,Vemana,"[('రూ', 'U'), ('ప', '|'), ('వ', '|'), ('తు', '|'), ('లు', '|'), ('ము', 'U'), ('గ్గు', '|'), ('రు', '|'), ('రూ', 'U'), ('ప', '|'), ('వం', 'U'), ('తు', '|'), ('లు', '|'), ('చూ', 'U'), ('డ', '|'), ('వా', 'U'), ('రి', '|'), ('వా', 'U'), ('రి', '|'), ('నే', 'U'), ('ల', '|'), ('గా', 'U'), ('ర', '|'), ('విం', 'U'), ('ప', '|'), ('మొ', '|'), ('ద', '|'), ('లె', '|'), ('ఱు', '|'), ('గ', '|'), ('క', '|'), ('యు', 'U'), ('న్న', '|'), ('మో', 'U'), ('క్షం', 'U'), ('బు', '|'), ('గ', '|'), ('లు', '|'), ('గు', '|'), ('నా', 'U'), ('వి', 'U'), ('శ్వ', '|'), ('దా', 'U'), ('భి', '|'), ('రా', 'U'), ('మ', '|'), ('వి', '|'), ('న', '|'), ('ర', '|'), ('వే', 'U'), ('మ', '|')]",0.9833333333333334,-1.0,1.0,0.95,1.0,-1.0
aataveladi,"_x000D_
మాలవాని నేల మఱిమఱి నిందింప
_x000D_
నొడల రక్తమాంస మొకటెగాదె
_x000D_
వానిలోన మెలఁగువాని కులంబేది
_x000D_
విశ్వదాభిరామ వినర వేమ.",vupajaathi,Vemana,"[('మా', 'U'), ('ల', '|'), ('వా', 'U'), ('ని', '|'), ('నే', 'U'), ('ల', '|'), ('మ', '|'), ('ఱి', '|'), ('మ', '|'), ('ఱి', '|'), ('నిం', 'U'), ('దిం', 'U'), ('ప', '|'), ('నొ', '|'), ('డ', '|'), ('ల', '|'), ('ర', 'U'), ('క్త', '|'), ('మాం', 'U'), ('స', '|'), ('మొ', '|'), ('క', '|'), ('టె', '|'), ('గా', 'U'), ('దె', '|'), ('వా', 'U'), ('ని', '|'), ('లో', 'U'), ('న', '|'), ('మె', '|'), ('ల', '|'), ('గు', '|'), ('వా', 'U'), ('ని', '|'), ('కు', '|'), ('లం', 'U'), ('బే', 'U'), ('ది', '|'), ('వి', 'U'), ('శ్వ', '|'), ('దా', 'U'), ('భి', '|'), ('రా', 'U'), ('మ', '|'), ('వి', '|'), ('న', '|'), ('ర', '|'), ('వే', 'U'), ('మ', '|')]",0.9166666666666666,-1.0,1.0,1.0,0.75,-1.0
kandamu,"_x000D_
స్థావరముల భక్షింతురు
_x000D_
భావింపగ జంగమములు బహువిధ రుచుల\న్‌
_x000D_
ఆవల సకలప్రాణులు
_x000D_
తీవరమునఁ దమ్ముఁ దామె తిందురు వేమా.",jaathi,Vemana,"[('స్థా', 'U'), ('వ', '|'), ('ర', '|'), ('ము', '|'), ('ల', '|'), ('భ', 'U'), ('క్షిం', 'U'), ('తు', '|'), ('రు', '|'), ('భా', 'U'), ('విం', 'U'), ('ప', '|'), ('గ', '|'), ('జం', 'U'), ('గ', '|'), ('మ', '|'), ('ము', '|'), ('లు', '|'), ('బ', '|'), ('హు', '|'), ('వి', '|'), ('ధ', '|'), ('రు', '|'), ('చు', '|'), ('లన్', 'U'), ('ఆ', 'U'), ('వ', '|'), ('ల', '|'), ('స', '|'), ('క', '|'), ('ల', '|'), ('ప్రా', 'U'), ('ణు', '|'), ('లు', '|'), ('తీ', 'U'), ('వ', '|'), ('ర', '|'), ('ము', '|'), ('న', '|'), ('ద', 'U'), ('మ్ము', '|'), ('దా', 'U'), ('మె', '|'), ('తిం', 'U'), ('దు', '|'), ('రు', '|'), ('వే', 'U'), ('మా', 'U')]",0.734375,-1.0,1.0,0.6875,0.5,0.75
aataveladi,"_x000D_
సతులు జపతపములు సలుపంగ సాగిన
_x000D_
పురుషు లేలయికను పుడమిలోన
_x000D_
పాప మెంచవద్దు పట్టి శిక్షింపుడీ
_x000D_
పుణ్యపురుషు లెల్ల భువిని వేమా.",vupajaathi,Vemana,"[('స', '|'), ('తు', '|'), ('లు', '|'), ('జ', '|'), ('ప', '|'), ('త', '|'), ('ప', '|'), ('ము', '|'), ('లు', '|'), ('స', '|'), ('లు', '|'), ('పం', 'U'), ('గ', '|'), ('సా', 'U'), ('గి', '|'), ('న', '|'), ('పు', '|'), ('రు', '|'), ('షు', '|'), ('లే', 'U'), ('ల', '|'), ('యి', '|'), ('క', '|'), ('ను', '|'), ('పు', '|'), ('డ', '|'), ('మి', '|'), ('లో', 'U'), ('న', '|'), ('పా', 'U'), ('ప', '|'), ('మెం', 'U'), ('చ', '|'), ('వ', 'U'), ('ద్దు', '|'), ('ప', 'U'), ('ట్టి', '|'), ('శి', 'U'), ('క్షిం', 'U'), ('పు', '|'), ('డీ', 'U'), ('పు', 'U'), ('ణ్య', '|'), ('పు', '|'), ('రు', '|'), ('షు', '|'), ('లె', 'U'), ('ల్ల', '|'), ('భు', '|'), ('వి', '|'), ('ని', '|'), ('వే', 'U'), ('మా', 'U')]",0.9833333333333334,-1.0,1.0,0.95,1.0,-1.0
aataveladi,"_x000D_
ప్రాణ లింగ మెన్నఁ బ్రార్థించి కీర్తించి
_x000D_
కట్టివేయ నేమి కల్గఁజేసె
_x000D_
నఖిలజనులకెల్ల నానందమే సాక్షి
_x000D_
విశ్వదాభిరామ వినర వేమ.",vupajaathi,Vemana,"[('ప్రా', 'U'), ('ణ', '|'), ('లిం', 'U'), ('గ', '|'), ('మె', 'U'), ('న్న', '|'), ('బ్రా', 'U'), ('ర్థిం', 'U'), ('చి', '|'), ('కీ', 'U'), ('ర్తిం', 'U'), ('చి', '|'), ('క', 'U'), ('ట్టి', '|'), ('వే', 'U'), ('య', '|'), ('నే', 'U'), ('మి', '|'), ('క', 'U'), ('ల్గ', '|'), ('జే', 'U'), ('సె', '|'), ('న', '|'), ('ఖి', '|'), ('ల', '|'), ('జ', '|'), ('ను', '|'), ('ల', '|'), ('కె', 'U'), ('ల్ల', '|'), ('నా', 'U'), ('నం', 'U'), ('ద', '|'), ('మే', 'U'), ('సా', 'U'), ('క్షి', '|'), ('వి', 'U'), ('శ్వ', '|'), ('దా', 'U'), ('భి', '|'), ('రా', 'U'), ('మ', '|'), ('వి', '|'), ('న', '|'), ('ర', '|'), ('వే', 'U'), ('మ', '|')]",1.0,-1.0,1.0,1.0,1.0,-1.0
aataveladi,"_x000D_
ఉపవసములనుండి యొగినీళ్ళ మునిగియు
_x000D_
కూడువండి వేల్పుఁ గుడువు మనుచు
_x000D_
దాని నోరుఁగొట్టి తమరె తిందురుగదా
_x000D_
విశ్వదాభిరామ వినర వేమ.",vupajaathi,Vemana,"[('ఉ', '|'), ('ప', '|'), ('వ', '|'), ('స', '|'), ('ము', '|'), ('ల', '|'), ('నుం', 'U'), ('డి', '|'), ('యొ', '|'), ('గి', '|'), ('నీ', 'U'), ('ళ్ళ', '|'), ('ము', '|'), ('ని', '|'), ('గి', '|'), ('యు', '|'), ('కూ', 'U'), ('డు', '|'), ('వం', 'U'), ('డి', '|'), ('వే', 'U'), ('ల్పు', '|'), ('గు', '|'), ('డు', '|'), ('వు', '|'), ('మ', '|'), ('ను', '|'), ('చు', '|'), ('దా', 'U'), ('ని', '|'), ('నో', 'U'), ('రు', '|'), ('గొ', 'U'), ('ట్టి', '|'), ('త', '|'), ('మ', '|'), ('రె', '|'), ('తిం', 'U'), ('దు', '|'), ('రు', '|'), ('గ', '|'), ('దా', 'U'), ('వి', 'U'), ('శ్వ', '|'), ('దా', 'U'), ('భి', '|'), ('రా', 'U'), ('మ', '|'), ('వి', '|'), ('న', '|'), ('ర', '|'), ('వే', 'U'), ('మ', '|')]",0.9166666666666666,-1.0,1.0,1.0,0.75,-1.0
aataveladi,"_x000D_
శిలలఁ జూచి నరులు శివుఁడని మెత్తురు
_x000D_
శిలలు శిలలె కాని శివుఁడుగాఁడు
_x000D_
తనదులోని శివునిఁ దా నేల తెలియఁడో
_x000D_
విశ్వదాభిరామ వినర వేమ.",vupajaathi,Vemana,"[('శి', '|'), ('ల', '|'), ('ల', '|'), ('జూ', 'U'), ('చి', '|'), ('న', '|'), ('రు', '|'), ('లు', '|'), ('శి', '|'), ('వు', '|'), ('డ', '|'), ('ని', '|'), ('మె', 'U'), ('త్తు', '|'), ('రు', '|'), ('శి', '|'), ('ల', '|'), ('లు', '|'), ('శి', '|'), ('ల', '|'), ('లె', '|'), ('కా', 'U'), ('ని', '|'), ('శి', '|'), ('వు', '|'), ('డు', '|'), ('గా', 'U'), ('డు', '|'), ('త', '|'), ('న', '|'), ('దు', '|'), ('లో', 'U'), ('ని', '|'), ('శి', '|'), ('వు', '|'), ('ని', '|'), ('దా', 'U'), ('నే', 'U'), ('ల', '|'), ('తె', '|'), ('లి', '|'), ('య', '|'), ('డో', 'U'), ('వి', 'U'), ('శ్వ', '|'), ('దా', 'U'), ('భి', '|'), ('రా', 'U'), ('మ', '|'), ('వి', '|'), ('న', '|'), ('ర', '|'), ('వే', 'U'), ('మ', '|')]",1.0,-1.0,1.0,1.0,1.0,-1.0
aataveladi,"_x000D_
తల్లి గౌరి తనకు దండ్రియే శంభుండు
_x000D_
ప్రమథగణము లఖిలబాంధవులు
_x000D_
తనకుఁ బుట్టినిల్లు తనరుఁ గైలాసంబు
_x000D_
విశ్వదాభిరామ వినర వేమ.",vupajaathi,Vemana,"[('త', 'U'), ('ల్లి', '|'), ('గౌ', 'U'), ('రి', '|'), ('త', '|'), ('న', '|'), ('కు', '|'), ('దం', 'U'), ('డ్రి', '|'), ('యే', 'U'), ('శం', 'U'), ('భుం', 'U'), ('డు', '|'), ('ప్ర', '|'), ('మ', '|'), ('థ', '|'), ('గ', '|'), ('ణ', '|'), ('ము', '|'), ('ల', '|'), ('ఖి', '|'), ('ల', '|'), ('బాం', 'U'), ('ధ', '|'), ('వు', '|'), ('లు', '|'), ('త', '|'), ('న', '|'), ('కు', '|'), ('బు', 'U'), ('ట్టి', '|'), ('ని', 'U'), ('ల్లు', '|'), ('త', '|'), ('న', '|'), ('రు', '|'), ('గై', 'U'), ('లా', 'U'), ('సం', 'U'), ('బు', '|'), ('వి', 'U'), ('శ్వ', '|'), ('దా', 'U'), ('భి', '|'), ('రా', 'U'), ('మ', '|'), ('వి', '|'), ('న', '|'), ('ర', '|'), ('వే', 'U'), ('మ', '|')]",0.7333333333333334,-1.0,1.0,0.7,0.5,-1.0
aataveladi,"_x000D_
తల్లిదండ్రులనెడి తత్వంబు నెఱుఁగరు
_x000D_
యోనిలింగములను నుద్భవించి
_x000D_
విష్ణువరయఁదల్లి వెలయరుద్రుఁడె తండ్రి
_x000D_
విశ్వదాభిరామ వినర వేమ.",vupajaathi,Vemana,"[('త', 'U'), ('ల్లి', '|'), ('దం', 'U'), ('డ్రు', '|'), ('ల', '|'), ('నె', '|'), ('డి', '|'), ('త', 'U'), ('త్వం', 'U'), ('బు', '|'), ('నె', '|'), ('ఱు', '|'), ('గ', '|'), ('రు', '|'), ('యో', 'U'), ('ని', '|'), ('లిం', 'U'), ('గ', '|'), ('ము', '|'), ('ల', '|'), ('ను', '|'), ('ను', 'U'), ('ద్భ', '|'), ('విం', 'U'), ('చి', '|'), ('వి', 'U'), ('ష్ణు', '|'), ('వ', '|'), ('ర', '|'), ('య', '|'), ('ద', 'U'), ('ల్లి', '|'), ('వె', '|'), ('ల', '|'), ('య', '|'), ('రు', '|'), ('ద్రు', '|'), ('డె', '|'), ('తం', 'U'), ('డ్రి', '|'), ('వి', 'U'), ('శ్వ', '|'), ('దా', 'U'), ('భి', '|'), ('రా', 'U'), ('మ', '|'), ('వి', '|'), ('న', '|'), ('ర', '|'), ('వే', 'U'), ('మ', '|')]",0.9166666666666666,-1.0,1.0,1.0,0.75,-1.0
aataveladi,"_x000D_
మనసు గెలచి పూని మన్నసుజ్ఞానులు
_x000D_
కడఁక మోక్షపదముఁ గనుచునుండ్రు
_x000D_
చెట్టుఁబెట్ట ఫలము చేకూర కుండునా
_x000D_
విశ్వదాభిరామ వినర వేమ.",vupajaathi,Vemana,"[('మ', '|'), ('న', '|'), ('సు', '|'), ('గె', '|'), ('ల', '|'), ('చి', '|'), ('పూ', 'U'), ('ని', '|'), ('మ', 'U'), ('న్న', '|'), ('సు', 'U'), ('జ్ఞా', 'U'), ('ను', '|'), ('లు', '|'), ('క', '|'), ('డ', '|'), ('క', '|'), ('మో', 'U'), ('క్ష', '|'), ('ప', '|'), ('ద', '|'), ('ము', '|'), ('గ', '|'), ('ను', '|'), ('చు', '|'), ('నుం', 'U'), ('డ్రు', '|'), ('చె', 'U'), ('ట్టు', '|'), ('బె', 'U'), ('ట్ట', '|'), ('ఫ', '|'), ('ల', '|'), ('ము', '|'), ('చే', 'U'), ('కూ', 'U'), ('ర', '|'), ('కుం', 'U'), ('డు', '|'), ('నా', 'U'), ('వి', 'U'), ('శ్వ', '|'), ('దా', 'U'), ('భి', '|'), ('రా', 'U'), ('మ', '|'), ('వి', '|'), ('న', '|'), ('ర', '|'), ('వే', 'U'), ('మ', '|')]",1.0,-1.0,1.0,1.0,1.0,-1.0
kandamu,"_x000D_
మోహము తీఱక యుండిన
_x000D_
దాహంబై దేహమంత దల్లడపడ నీ
_x000D_
గేహములోఁ బోరాడక
_x000D_
దేహమునం దున్న శివునిఁ దెలియర వేమా.",jaathi,Vemana,"[('మో', 'U'), ('హ', '|'), ('ము', '|'), ('తీ', 'U'), ('ఱ', '|'), ('క', '|'), ('యుం', 'U'), ('డి', '|'), ('న', '|'), ('దా', 'U'), ('హం', 'U'), ('బై', 'U'), ('దే', 'U'), ('హ', '|'), ('మం', 'U'), ('త', '|'), ('ద', 'U'), ('ల్ల', '|'), ('డ', '|'), ('ప', '|'), ('డ', '|'), ('నీ', 'U'), ('గే', 'U'), ('హ', '|'), ('ము', '|'), ('లో', 'U'), ('బో', 'U'), ('రా', 'U'), ('డ', '|'), ('క', '|'), ('దే', 'U'), ('హ', '|'), ('ము', '|'), ('నం', 'U'), ('దు', 'U'), ('న్న', '|'), ('శి', '|'), ('వు', '|'), ('ని', '|'), ('దె', '|'), ('లి', '|'), ('య', '|'), ('ర', '|'), ('వే', 'U'), ('మా', 'U')]",1.0,-1.0,1.0,1.0,1.0,1.0
aataveladi,"_x000D_
లింగ మంగమునను లీలఁ దెలియువెన్క
_x000D_
మనసు లింగమందు మరులుకొనును
_x000D_
మనసు నిల్పనందె మఱిలింగ ముండురా
_x000D_
విశ్వదాభిరామ వినర వేమ.",vupajaathi,Vemana,"[('లిం', 'U'), ('గ', '|'), ('మం', 'U'), ('గ', '|'), ('ము', '|'), ('న', '|'), ('ను', '|'), ('లీ', 'U'), ('ల', '|'), ('దె', '|'), ('లి', '|'), ('యు', '|'), ('వె', 'U'), ('న్క', '|'), ('మ', '|'), ('న', '|'), ('సు', '|'), ('లిం', 'U'), ('గ', '|'), ('మం', 'U'), ('దు', '|'), ('మ', '|'), ('రు', '|'), ('లు', '|'), ('కొ', '|'), ('ను', '|'), ('ను', '|'), ('మ', '|'), ('న', '|'), ('సు', '|'), ('ని', 'U'), ('ల్ప', '|'), ('నం', 'U'), ('దె', '|'), ('మ', '|'), ('ఱి', '|'), ('లిం', 'U'), ('గ', '|'), ('ముం', 'U'), ('డు', '|'), ('రా', 'U'), ('వి', 'U'), ('శ్వ', '|'), ('దా', 'U'), ('భి', '|'), ('రా', 'U'), ('మ', '|'), ('వి', '|'), ('న', '|'), ('ర', '|'), ('వే', 'U'), ('మ', '|')]",1.0,-1.0,1.0,1.0,1.0,-1.0
aataveladi,"_x000D_
శివుఁడు బ్రహ్మ మనుచు శ్రుతులెల్లఁ బలుకంగ
_x000D_
పరులఁ గొల్చు నేల బ్రాహ్మణుండు
_x000D_
హరునిభక్తజనుల యగ్రజు లగుఁ గాదె
_x000D_
విశ్వదాభిరామ వినర వేమ.",vupajaathi,Vemana,"[('శి', '|'), ('వు', '|'), ('డు', '|'), ('బ్ర', 'U'), ('హ్మ', '|'), ('మ', '|'), ('ను', '|'), ('చు', '|'), ('శ్రు', '|'), ('తు', '|'), ('లె', 'U'), ('ల్ల', '|'), ('బ', '|'), ('లు', '|'), ('కం', 'U'), ('గ', '|'), ('ప', '|'), ('రు', '|'), ('ల', '|'), ('గొ', 'U'), ('ల్చు', '|'), ('నే', 'U'), ('ల', '|'), ('బ్రా', 'U'), ('హ్మ', '|'), ('ణుం', 'U'), ('డు', '|'), ('హ', '|'), ('రు', '|'), ('ని', '|'), ('భ', 'U'), ('క్త', '|'), ('జ', '|'), ('ను', '|'), ('ల', '|'), ('య', '|'), ('గ్ర', '|'), ('జు', '|'), ('ల', '|'), ('గు', '|'), ('గా', 'U'), ('దె', '|'), ('వి', 'U'), ('శ్వ', '|'), ('దా', 'U'), ('భి', '|'), ('రా', 'U'), ('మ', '|'), ('వి', '|'), ('న', '|'), ('ర', '|'), ('వే', 'U'), ('మ', '|')]",0.7833333333333333,-1.0,1.0,0.85,0.5,-1.0
aataveladi,"_x000D_
అగ్ని చేతఁబట్టి యాపరమేశుని
_x000D_
నిండఁజేసి నరులు నీఱుగారె
_x000D_
దక్షుక్రతువులోని తల్లడ మెఱుఁగరా
_x000D_
విశ్వదాభిరామ వినర వేమ.",vupajaathi,Vemana,"[('అ', 'U'), ('గ్ని', '|'), ('చే', 'U'), ('త', '|'), ('బ', 'U'), ('ట్టి', '|'), ('యా', 'U'), ('ప', '|'), ('ర', '|'), ('మే', 'U'), ('శు', '|'), ('ని', '|'), ('నిం', 'U'), ('డ', '|'), ('జే', 'U'), ('సి', '|'), ('న', '|'), ('రు', '|'), ('లు', '|'), ('నీ', 'U'), ('ఱు', '|'), ('గా', 'U'), ('రె', '|'), ('ద', 'U'), ('క్షు', '|'), ('క్ర', '|'), ('తు', '|'), ('వు', '|'), ('లో', 'U'), ('ని', '|'), ('త', 'U'), ('ల్ల', '|'), ('డ', '|'), ('మె', '|'), ('ఱు', '|'), ('గ', '|'), ('రా', 'U'), ('వి', 'U'), ('శ్వ', '|'), ('దా', 'U'), ('భి', '|'), ('రా', 'U'), ('మ', '|'), ('వి', '|'), ('న', '|'), ('ర', '|'), ('వే', 'U'), ('మ', '|')]",1.0,-1.0,1.0,1.0,1.0,-1.0
aataveladi,"_x000D_
కలియుగముననున్న కాపు కులానకు
_x000D_
వేమన దనకీర్తి విక్రయించె
_x000D_
నున్న ధర్మమెల్లనుర్విలో నరులకు
_x000D_
కోరుఁ బెట్టె పరముఁ గోరి వేమ.",vupajaathi,Vemana,"[('క', '|'), ('లి', '|'), ('యు', '|'), ('గ', '|'), ('ము', '|'), ('న', '|'), ('ను', 'U'), ('న్న', '|'), ('కా', 'U'), ('పు', '|'), ('కు', '|'), ('లా', 'U'), ('న', '|'), ('కు', '|'), ('వే', 'U'), ('మ', '|'), ('న', '|'), ('ద', '|'), ('న', '|'), ('కీ', 'U'), ('ర్తి', '|'), ('వి', '|'), ('క్ర', '|'), ('యిం', 'U'), ('చె', '|'), ('ను', 'U'), ('న్న', '|'), ('ధ', 'U'), ('ర్మ', '|'), ('మె', 'U'), ('ల్ల', '|'), ('ను', 'U'), ('ర్వి', '|'), ('లో', 'U'), ('న', '|'), ('రు', '|'), ('ల', '|'), ('కు', '|'), ('కో', 'U'), ('రు', '|'), ('బె', 'U'), ('ట్టె', '|'), ('ప', '|'), ('ర', '|'), ('ము', '|'), ('గో', 'U'), ('రి', '|'), ('వే', 'U'), ('మ', '|')]",0.7833333333333333,-1.0,1.0,0.85,0.5,-1.0
aataveladi,"_x000D_
చెవిని నిలుగట్టి చెప్పెను వేమన
_x000D_
బట్టబయలనుండు బ్రహ్మమనుచు
_x000D_
బుద్ధిఁ గలిగి యందుఁ బొంది సుఖించుఁడీ
_x000D_
విశ్వదాభిరామ వినర వేమ.",vupajaathi,Vemana,"[('చె', '|'), ('వి', '|'), ('ని', '|'), ('ని', '|'), ('లు', '|'), ('గ', 'U'), ('ట్టి', '|'), ('చె', 'U'), ('ప్పె', '|'), ('ను', '|'), ('వే', 'U'), ('మ', '|'), ('న', '|'), ('బ', 'U'), ('ట్ట', '|'), ('బ', '|'), ('య', '|'), ('ల', '|'), ('నుం', 'U'), ('డు', '|'), ('బ్ర', 'U'), ('హ్మ', '|'), ('మ', '|'), ('ను', '|'), ('చు', '|'), ('బు', 'U'), ('ద్ధి', '|'), ('గ', '|'), ('లి', '|'), ('గి', '|'), ('యం', 'U'), ('దు', '|'), ('బొం', 'U'), ('ది', '|'), ('సు', '|'), ('ఖిం', 'U'), ('చు', '|'), ('డీ', 'U'), ('వి', 'U'), ('శ్వ', '|'), ('దా', 'U'), ('భి', '|'), ('రా', 'U'), ('మ', '|'), ('వి', '|'), ('న', '|'), ('ర', '|'), ('వే', 'U'), ('మ', '|')]",0.5833333333333334,-1.0,1.0,0.5,0.25,-1.0
aataveladi,"_x000D_
పొంకములకు మనసుఁ బోనీక సర్వేశు
_x000D_
వంక నిలుపువాఁడు వంశపరుఁడు
_x000D_
వంక నిల్పకున్న వచ్చునా పదవులు
_x000D_
విశ్వదాభిరామ వినర వేమ.",vupajaathi,Vemana,"[('పొం', 'U'), ('క', '|'), ('ము', '|'), ('ల', '|'), ('కు', '|'), ('మ', '|'), ('న', '|'), ('సు', '|'), ('బో', 'U'), ('నీ', 'U'), ('క', '|'), ('స', 'U'), ('ర్వే', 'U'), ('శు', '|'), ('వం', 'U'), ('క', '|'), ('ని', '|'), ('లు', '|'), ('పు', '|'), ('వా', 'U'), ('డు', '|'), ('వం', 'U'), ('శ', '|'), ('ప', '|'), ('రు', '|'), ('డు', '|'), ('వం', 'U'), ('క', '|'), ('ని', 'U'), ('ల్ప', '|'), ('కు', 'U'), ('న్న', '|'), ('వ', 'U'), ('చ్చు', '|'), ('నా', 'U'), ('ప', '|'), ('ద', '|'), ('వు', '|'), ('లు', '|'), ('వి', 'U'), ('శ్వ', '|'), ('దా', 'U'), ('భి', '|'), ('రా', 'U'), ('మ', '|'), ('వి', '|'), ('న', '|'), ('ర', '|'), ('వే', 'U'), ('మ', '|')]",1.0,-1.0,1.0,1.0,1.0,-1.0
aataveladi,"_x000D_
ఉండియుండు జ్ఞాని యుగములు చనినను
_x000D_
బ్రాణహాని లేదు ప్రళయమునను
_x000D_
బ్రాణహానియైనఁ బరమాత్ము గలియునో
_x000D_
విశ్వదాభిరామ వినర వేమ.",vupajaathi,Vemana,"[('ఉం', 'U'), ('డి', '|'), ('యుం', 'U'), ('డు', 'U'), ('జ్ఞా', 'U'), ('ని', '|'), ('యు', '|'), ('గ', '|'), ('ము', '|'), ('లు', '|'), ('చ', '|'), ('ని', '|'), ('న', '|'), ('ను', '|'), ('బ్రా', 'U'), ('ణ', '|'), ('హా', 'U'), ('ని', '|'), ('లే', 'U'), ('దు', '|'), ('ప్ర', '|'), ('ళ', '|'), ('య', '|'), ('ము', '|'), ('న', '|'), ('ను', '|'), ('బ్రా', 'U'), ('ణ', '|'), ('హా', 'U'), ('ని', '|'), ('యై', 'U'), ('న', '|'), ('బ', '|'), ('ర', '|'), ('మా', 'U'), ('త్ము', '|'), ('గ', '|'), ('లి', '|'), ('యు', '|'), ('నో', 'U'), ('వి', 'U'), ('శ్వ', '|'), ('దా', 'U'), ('భి', '|'), ('రా', 'U'), ('మ', '|'), ('వి', '|'), ('న', '|'), ('ర', '|'), ('వే', 'U'), ('మ', '|')]",0.6166666666666667,-1.0,1.0,0.85,0.0,-1.0
aataveladi,"_x000D_
గురువు తానయైన హరిని తాఁ జూచును
_x000D_
బ్రహ్మలోక మతఁడు పాఱఁజూచు
_x000D_
శిష్యు నరసిపట్టి చీఁకటిఁ బాపురా
_x000D_
విశ్వదాభిరామ వినర వేమ.",vupajaathi,Vemana,"[('గు', '|'), ('రు', '|'), ('వు', '|'), ('తా', 'U'), ('న', '|'), ('యై', 'U'), ('న', '|'), ('హ', '|'), ('రి', '|'), ('ని', '|'), ('తా', 'U'), ('జూ', 'U'), ('చు', '|'), ('ను', '|'), ('బ్ర', 'U'), ('హ్మ', '|'), ('లో', 'U'), ('క', '|'), ('మ', '|'), ('త', '|'), ('డు', '|'), ('పా', 'U'), ('ఱ', '|'), ('జూ', 'U'), ('చు', '|'), ('శి', 'U'), ('ష్యు', '|'), ('న', '|'), ('ర', '|'), ('సి', '|'), ('ప', 'U'), ('ట్టి', '|'), ('చీ', 'U'), ('క', '|'), ('టి', '|'), ('బా', 'U'), ('పు', '|'), ('రా', 'U'), ('వి', 'U'), ('శ్వ', '|'), ('దా', 'U'), ('భి', '|'), ('రా', 'U'), ('మ', '|'), ('వి', '|'), ('న', '|'), ('ర', '|'), ('వే', 'U'), ('మ', '|')]",1.0,-1.0,1.0,1.0,1.0,-1.0
kandamu,"_x000D_
ధనమే మూలము జగతికి
_x000D_
ధనమే మూలంబు సకలధర్మంబులకు\న్‌
_x000D_
గొనమే మూలము సిరులకు
_x000D_
మనమే మూలంబు ముక్తి మహిమకు వేమా.",jaathi,Vemana,"[('ధ', '|'), ('న', '|'), ('మే', 'U'), ('మూ', 'U'), ('ల', '|'), ('ము', '|'), ('జ', '|'), ('గ', '|'), ('తి', '|'), ('కి', '|'), ('ధ', '|'), ('న', '|'), ('మే', 'U'), ('మూ', 'U'), ('లం', 'U'), ('బు', '|'), ('స', '|'), ('క', '|'), ('ల', '|'), ('ధ', 'U'), ('ర్మం', 'U'), ('బు', '|'), ('ల', '|'), ('కున్', 'U'), ('గొ', '|'), ('న', '|'), ('మే', 'U'), ('మూ', 'U'), ('ల', '|'), ('ము', '|'), ('సి', '|'), ('రు', '|'), ('ల', '|'), ('కు', '|'), ('మ', '|'), ('న', '|'), ('మే', 'U'), ('మూ', 'U'), ('లం', 'U'), ('బు', '|'), ('ము', 'U'), ('క్తి', '|'), ('మ', '|'), ('హి', '|'), ('మ', '|'), ('కు', '|'), ('వే', 'U'), ('మా', 'U')]",1.0,-1.0,1.0,1.0,1.0,1.0
aataveladi,"_x000D_
కడగిఁ గాలిలేని గగనంబుభంగిని
_x000D_
బలుతరఁగలు లేని జలధిమాడ్కి
_x000D_
నిర్వికారమునను నిశ్చలత్వమునఁ దా
_x000D_
నుండెనేని ముక్తి యొనరు వేమ.",vupajaathi,Vemana,"[('క', '|'), ('డ', '|'), ('గి', '|'), ('గా', 'U'), ('లి', '|'), ('లే', 'U'), ('ని', '|'), ('గ', '|'), ('గ', '|'), ('నం', 'U'), ('బు', '|'), ('భం', 'U'), ('గి', '|'), ('ని', '|'), ('బ', '|'), ('లు', '|'), ('త', '|'), ('ర', '|'), ('గ', '|'), ('లు', '|'), ('లే', 'U'), ('ని', '|'), ('జ', '|'), ('ల', '|'), ('ధి', '|'), ('మా', 'U'), ('డ్కి', '|'), ('ని', 'U'), ('ర్వి', '|'), ('కా', 'U'), ('ర', '|'), ('ము', '|'), ('న', '|'), ('ను', '|'), ('ని', 'U'), ('శ్చ', '|'), ('ల', 'U'), ('త్వ', '|'), ('ము', '|'), ('న', '|'), ('దా', 'U'), ('నుం', 'U'), ('డె', '|'), ('నే', 'U'), ('ని', '|'), ('ము', 'U'), ('క్తి', '|'), ('యొ', '|'), ('న', '|'), ('రు', '|'), ('వే', 'U'), ('మ', '|')]",0.9166666666666666,-1.0,1.0,1.0,0.75,-1.0
aataveladi,"_x000D_
నీళ్ళఁబోసి కడిగి నిత్యంబు శోధించి
_x000D_
కూఁడుబెట్టి మీఁద కోకగట్టి
_x000D_
యేమి పాట్లఁబడుదు రీ దేహమున కిల
_x000D_
విశ్వదాభిరామ వినర వేమ.",vupajaathi,Vemana,"[('నీ', 'U'), ('ళ్ళ', '|'), ('బో', 'U'), ('సి', '|'), ('క', '|'), ('డి', '|'), ('గి', '|'), ('ని', 'U'), ('త్యం', 'U'), ('బు', '|'), ('శో', 'U'), ('ధిం', 'U'), ('చి', '|'), ('కూ', 'U'), ('డు', '|'), ('బె', 'U'), ('ట్టి', '|'), ('మీ', 'U'), ('ద', '|'), ('కో', 'U'), ('క', '|'), ('గ', 'U'), ('ట్టి', '|'), ('యే', 'U'), ('మి', '|'), ('పా', 'U'), ('ట్ల', '|'), ('బ', '|'), ('డు', '|'), ('దు', '|'), ('రీ', 'U'), ('దే', 'U'), ('హ', '|'), ('ము', '|'), ('న', '|'), ('కి', '|'), ('ల', '|'), ('వి', 'U'), ('శ్వ', '|'), ('దా', 'U'), ('భి', '|'), ('రా', 'U'), ('మ', '|'), ('వి', '|'), ('న', '|'), ('ర', '|'), ('వే', 'U'), ('మ', '|')]",0.9166666666666666,-1.0,1.0,1.0,0.75,-1.0
aataveladi,"_x000D_
గద్దె గణము నిద్ర కలలు కోరికలును
_x000D_
ముద మొసంగ శకునములకుఁ జెలఁగు
_x000D_
ప్రశ్నలు పదివేలు పరికించి చూడంగ
_x000D_
నవును కాకపోవునగును వేమా.",vupajaathi,Vemana,"[('గ', 'U'), ('ద్దె', '|'), ('గ', '|'), ('ణ', '|'), ('ము', '|'), ('ని', '|'), ('ద్ర', '|'), ('క', '|'), ('ల', '|'), ('లు', '|'), ('కో', 'U'), ('రి', '|'), ('క', '|'), ('లు', '|'), ('ను', '|'), ('ము', '|'), ('ద', '|'), ('మొ', '|'), ('సం', 'U'), ('గ', '|'), ('శ', '|'), ('కు', '|'), ('న', '|'), ('ము', '|'), ('ల', '|'), ('కు', '|'), ('జె', '|'), ('ల', '|'), ('గు', '|'), ('ప్ర', 'U'), ('శ్న', '|'), ('లు', '|'), ('ప', '|'), ('ది', '|'), ('వే', 'U'), ('లు', '|'), ('ప', '|'), ('రి', '|'), ('కిం', 'U'), ('చి', '|'), ('చూ', 'U'), ('డం', 'U'), ('గ', '|'), ('న', '|'), ('వు', '|'), ('ను', '|'), ('కా', 'U'), ('క', '|'), ('పో', 'U'), ('వు', '|'), ('న', '|'), ('గు', '|'), ('ను', '|'), ('వే', 'U'), ('మా', 'U')]",0.5333333333333333,-1.0,1.0,0.6,0.0,-1.0
aataveladi,"_x000D_
లేఁడు లేఁడనినను లేఁడు లేనేలేఁడు
_x000D_
కాఁడు కాఁడటన్న కానెకాఁడు
_x000D_
తోడు తోడనినను తోడనే తోడౌను
_x000D_
విశ్వదాభిరామ వినర వేమ.",vupajaathi,Vemana,"[('లే', 'U'), ('డు', '|'), ('లే', 'U'), ('డ', '|'), ('ని', '|'), ('న', '|'), ('ను', '|'), ('లే', 'U'), ('డు', '|'), ('లే', 'U'), ('నే', 'U'), ('లే', 'U'), ('డు', '|'), ('కా', 'U'), ('డు', '|'), ('కా', 'U'), ('డ', '|'), ('ట', 'U'), ('న్న', '|'), ('కా', 'U'), ('నె', '|'), ('కా', 'U'), ('డు', '|'), ('తో', 'U'), ('డు', '|'), ('తో', 'U'), ('డ', '|'), ('ని', '|'), ('న', '|'), ('ను', '|'), ('తో', 'U'), ('డ', '|'), ('నే', 'U'), ('తో', 'U'), ('డౌ', 'U'), ('ను', '|'), ('వి', 'U'), ('శ్వ', '|'), ('దా', 'U'), ('భి', '|'), ('రా', 'U'), ('మ', '|'), ('వి', '|'), ('న', '|'), ('ర', '|'), ('వే', 'U'), ('మ', '|')]",1.0,-1.0,1.0,1.0,1.0,-1.0
aataveladi,"_x000D_
శివునిమీఁద మనసు స్థిరముగా నుంచిన
_x000D_
నౌను మోక్ష మరయ నైనదౌను
_x000D_
శివునిమీఁద మనసు చీమంత తప్పిన
_x000D_
కాదుకాదు ముక్తి గాదు వేమా.",vupajaathi,Vemana,"[('శి', '|'), ('వు', '|'), ('ని', '|'), ('మీ', 'U'), ('ద', '|'), ('మ', '|'), ('న', '|'), ('సు', 'U'), ('స్థి', '|'), ('ర', '|'), ('ము', '|'), ('గా', 'U'), ('నుం', 'U'), ('చి', '|'), ('న', '|'), ('నౌ', 'U'), ('ను', '|'), ('మో', 'U'), ('క్ష', '|'), ('మ', '|'), ('ర', '|'), ('య', '|'), ('నై', 'U'), ('న', '|'), ('దౌ', 'U'), ('ను', '|'), ('శి', '|'), ('వు', '|'), ('ని', '|'), ('మీ', 'U'), ('ద', '|'), ('మ', '|'), ('న', '|'), ('సు', '|'), ('చీ', 'U'), ('మం', 'U'), ('త', '|'), ('త', 'U'), ('ప్పి', '|'), ('న', '|'), ('కా', 'U'), ('దు', '|'), ('కా', 'U'), ('దు', '|'), ('ము', 'U'), ('క్తి', '|'), ('గా', 'U'), ('దు', '|'), ('వే', 'U'), ('మా', 'U')]",0.9666666666666667,-1.0,1.0,0.9,1.0,-1.0
aataveladi,"_x000D_
తల్లి కెదురుకొనుట తండ్రి కెదురుకొనుట
_x000D_
యన్న కెదురుకొనుట యనఁగ మూఁడు
_x000D_
పాతకముల నెఱిఁగి వర్తింపఁగావలె
_x000D_
విశ్వదాభిరామ వినర వేమ.",vupajaathi,Vemana,"[('త', 'U'), ('ల్లి', '|'), ('కె', '|'), ('దు', '|'), ('రు', '|'), ('కొ', '|'), ('ను', '|'), ('ట', '|'), ('తం', 'U'), ('డ్రి', '|'), ('కె', '|'), ('దు', '|'), ('రు', '|'), ('కొ', '|'), ('ను', '|'), ('ట', '|'), ('య', 'U'), ('న్న', '|'), ('కె', '|'), ('దు', '|'), ('రు', '|'), ('కొ', '|'), ('ను', '|'), ('ట', '|'), ('య', '|'), ('న', '|'), ('గ', '|'), ('మూ', 'U'), ('డు', '|'), ('పా', 'U'), ('త', '|'), ('క', '|'), ('ము', '|'), ('ల', '|'), ('నె', '|'), ('ఱి', '|'), ('గి', '|'), ('వ', 'U'), ('ర్తిం', 'U'), ('ప', '|'), ('గా', 'U'), ('వ', '|'), ('లె', '|'), ('వి', 'U'), ('శ్వ', '|'), ('దా', 'U'), ('భి', '|'), ('రా', 'U'), ('మ', '|'), ('వి', '|'), ('న', '|'), ('ర', '|'), ('వే', 'U'), ('మ', '|')]",0.8166666666666668,-1.0,1.0,0.95,0.5,-1.0
aataveladi,"_x000D_
లోభమోహములును ప్రాభవములుదప్పు
_x000D_
దలఁచిన పనులెల్లఁ దప్పిచనును
_x000D_
తా మొకటి దలంప దైవమొక్కటిఁదల్చు
_x000D_
విశ్వదాభిరామ వినర వేమ.",vupajaathi,Vemana,"[('లో', 'U'), ('భ', '|'), ('మో', 'U'), ('హ', '|'), ('ము', '|'), ('లు', '|'), ('ను', '|'), ('ప్రా', 'U'), ('భ', '|'), ('వ', '|'), ('ము', '|'), ('లు', '|'), ('ద', 'U'), ('ప్పు', '|'), ('ద', '|'), ('ల', '|'), ('చి', '|'), ('న', '|'), ('ప', '|'), ('ను', '|'), ('లె', 'U'), ('ల్ల', '|'), ('ద', 'U'), ('ప్పి', '|'), ('చ', '|'), ('ను', '|'), ('ను', '|'), ('తా', 'U'), ('మొ', '|'), ('క', '|'), ('టి', '|'), ('ద', '|'), ('లం', 'U'), ('ప', '|'), ('దై', 'U'), ('వ', '|'), ('మొ', 'U'), ('క్క', '|'), ('టి', '|'), ('ద', 'U'), ('ల్చు', '|'), ('వి', 'U'), ('శ్వ', '|'), ('దా', 'U'), ('భి', '|'), ('రా', 'U'), ('మ', '|'), ('వి', '|'), ('న', '|'), ('ర', '|'), ('వే', 'U'), ('మ', '|')]",1.0,-1.0,1.0,1.0,1.0,-1.0
aataveladi,"_x000D_
వరలు రత్నసమితివలెఁ గూర్చుధాన్యంబుఁ
_x000D_
జక్కదంచి వండి మిక్కుటముగ
_x000D_
సుష్టుభోజనములఁ జూరగా నిడువాఁడు
_x000D_
చెప్పనేల వాఁడు శివుఁడు వేమ.",vupajaathi,Vemana,"[('వ', '|'), ('ర', '|'), ('లు', '|'), ('ర', 'U'), ('త్న', '|'), ('స', '|'), ('మి', '|'), ('తి', '|'), ('వ', '|'), ('లె', '|'), ('గూ', 'U'), ('ర్చు', '|'), ('ధా', 'U'), ('న్యం', 'U'), ('బు', '|'), ('జ', 'U'), ('క్క', '|'), ('దం', 'U'), ('చి', '|'), ('వం', 'U'), ('డి', '|'), ('మి', 'U'), ('క్కు', '|'), ('ట', '|'), ('ము', '|'), ('గ', '|'), ('సు', 'U'), ('ష్టు', '|'), ('భో', 'U'), ('జ', '|'), ('న', '|'), ('ము', '|'), ('ల', '|'), ('జూ', 'U'), ('ర', '|'), ('గా', 'U'), ('ని', '|'), ('డు', '|'), ('వా', 'U'), ('డు', '|'), ('చె', 'U'), ('ప్ప', '|'), ('నే', 'U'), ('ల', '|'), ('వా', 'U'), ('డు', '|'), ('శి', '|'), ('వు', '|'), ('డు', '|'), ('వే', 'U'), ('మ', '|')]",1.0,-1.0,1.0,1.0,1.0,-1.0
aataveladi,"_x000D_
ఒకటిక్రింద నొక్క డొనర లబ్ధముఁ బెట్టి
_x000D_
వలనుగ గుణియింప వరుసఁ బెరుఁగు
_x000D_
నట్టిరీతి నుండు నౌదార్యఫలములు
_x000D_
విశ్వదాభిరామ వినర వేమ.",vupajaathi,Vemana,"[('ఒ', '|'), ('క', '|'), ('టి', '|'), ('క్రిం', 'U'), ('ద', '|'), ('నొ', 'U'), ('క్క', '|'), ('డొ', '|'), ('న', '|'), ('ర', '|'), ('ల', 'U'), ('బ్ధ', '|'), ('ము', '|'), ('బె', 'U'), ('ట్టి', '|'), ('వ', '|'), ('ల', '|'), ('ను', '|'), ('గ', '|'), ('గు', '|'), ('ణి', '|'), ('యిం', 'U'), ('ప', '|'), ('వ', '|'), ('రు', '|'), ('స', '|'), ('బె', '|'), ('రు', '|'), ('గు', '|'), ('న', 'U'), ('ట్టి', '|'), ('రీ', 'U'), ('తి', '|'), ('నుం', 'U'), ('డు', '|'), ('నౌ', 'U'), ('దా', 'U'), ('ర్య', '|'), ('ఫ', '|'), ('ల', '|'), ('ము', '|'), ('లు', '|'), ('వి', 'U'), ('శ్వ', '|'), ('దా', 'U'), ('భి', '|'), ('రా', 'U'), ('మ', '|'), ('వి', '|'), ('న', '|'), ('ర', '|'), ('వే', 'U'), ('మ', '|')]",0.9166666666666666,-1.0,1.0,1.0,0.75,-1.0
aataveladi,"_x000D_
అన్న మడుగనతని కన్నంబుఁ బెట్టిన
_x000D_
బాఱవేయుదాన ఫలిత మేమి
_x000D_
ధనికునకు నొసంగు దానంబు నటువలె
_x000D_
విశ్వదాభిరామ వినర వేమ.",vupajaathi,Vemana,"[('అ', 'U'), ('న్న', '|'), ('మ', '|'), ('డు', '|'), ('గ', '|'), ('న', '|'), ('త', '|'), ('ని', '|'), ('క', 'U'), ('న్నం', 'U'), ('బు', '|'), ('బె', 'U'), ('ట్టి', '|'), ('న', '|'), ('బా', 'U'), ('ఱ', '|'), ('వే', 'U'), ('యు', '|'), ('దా', 'U'), ('న', '|'), ('ఫ', '|'), ('లి', '|'), ('త', '|'), ('మే', 'U'), ('మి', '|'), ('ధ', '|'), ('ని', '|'), ('కు', '|'), ('న', '|'), ('కు', '|'), ('నొ', '|'), ('సం', 'U'), ('గు', '|'), ('దా', 'U'), ('నం', 'U'), ('బు', '|'), ('న', '|'), ('టు', '|'), ('వ', '|'), ('లె', '|'), ('వి', 'U'), ('శ్వ', '|'), ('దా', 'U'), ('భి', '|'), ('రా', 'U'), ('మ', '|'), ('వి', '|'), ('న', '|'), ('ర', '|'), ('వే', 'U'), ('మ', '|')]",1.0,-1.0,1.0,1.0,1.0,-1.0
aataveladi,"_x000D_
ఇరుగుపొరుగువారి కెనయుసంపదఁ జూచి
_x000D_
తనకులే దటన్న ధర్మమేమి
_x000D_
ధర్మమన్నఁ దొల్లి తన్నుక చచ్చిరి
_x000D_
విశ్వదాభిరామ వినర వేమ.",vupajaathi,Vemana,"[('ఇ', '|'), ('రు', '|'), ('గు', '|'), ('పొ', '|'), ('రు', '|'), ('గు', '|'), ('వా', 'U'), ('రి', '|'), ('కె', '|'), ('న', '|'), ('యు', '|'), ('సం', 'U'), ('ప', '|'), ('ద', '|'), ('జూ', 'U'), ('చి', '|'), ('త', '|'), ('న', '|'), ('కు', '|'), ('లే', 'U'), ('ద', '|'), ('ట', 'U'), ('న్న', '|'), ('ధ', 'U'), ('ర్మ', '|'), ('మే', 'U'), ('మి', '|'), ('ధ', 'U'), ('ర్మ', '|'), ('మ', 'U'), ('న్న', '|'), ('దొ', 'U'), ('ల్లి', '|'), ('త', 'U'), ('న్ను', '|'), ('క', '|'), ('చ', 'U'), ('చ్చి', '|'), ('రి', '|'), ('వి', 'U'), ('శ్వ', '|'), ('దా', 'U'), ('భి', '|'), ('రా', 'U'), ('మ', '|'), ('వి', '|'), ('న', '|'), ('ర', '|'), ('వే', 'U'), ('మ', '|')]",0.9166666666666666,-1.0,1.0,1.0,0.75,-1.0
aataveladi,"_x000D_
ఆఁకలన్నవాని కన్నంబు పెట్టిన
_x000D_
హరున కర్పితముగ నారగించు
_x000D_
ధరవిహీనునకును దానము నటువలె
_x000D_
విశ్వదాభిరామ వినర వేమ.",vupajaathi,Vemana,"[('ఆ', 'U'), ('క', '|'), ('ల', 'U'), ('న్న', '|'), ('వా', 'U'), ('ని', '|'), ('క', 'U'), ('న్నం', 'U'), ('బు', '|'), ('పె', 'U'), ('ట్టి', '|'), ('న', '|'), ('హ', '|'), ('రు', '|'), ('న', '|'), ('క', 'U'), ('ర్పి', '|'), ('త', '|'), ('ము', '|'), ('గ', '|'), ('నా', 'U'), ('ర', '|'), ('గిం', 'U'), ('చు', '|'), ('ధ', '|'), ('ర', '|'), ('వి', '|'), ('హీ', 'U'), ('ను', '|'), ('న', '|'), ('కు', '|'), ('ను', '|'), ('దా', 'U'), ('న', '|'), ('ము', '|'), ('న', '|'), ('టు', '|'), ('వ', '|'), ('లె', '|'), ('వి', 'U'), ('శ్వ', '|'), ('దా', 'U'), ('భి', '|'), ('రా', 'U'), ('మ', '|'), ('వి', '|'), ('న', '|'), ('ర', '|'), ('వే', 'U'), ('మ', '|')]",0.8333333333333334,-1.0,1.0,1.0,0.5,-1.0
aataveladi,"_x000D_
కలిగి పెట్టలేని కర్మజీవులకెల్ల
_x000D_
తిరిపెమును దొరకదు దీనులార
_x000D_
తెలియఁ జూచుకొనుఁడు దృష్టాంత మిదిమీకు
_x000D_
విశ్వదాభిరామ వినర వేమ.",vupajaathi,Vemana,"[('క', '|'), ('లి', '|'), ('గి', '|'), ('పె', 'U'), ('ట్ట', '|'), ('లే', 'U'), ('ని', '|'), ('క', 'U'), ('ర్మ', '|'), ('జీ', 'U'), ('వు', '|'), ('ల', '|'), ('కె', 'U'), ('ల్ల', '|'), ('తి', '|'), ('రి', '|'), ('పె', '|'), ('ము', '|'), ('ను', '|'), ('దొ', '|'), ('ర', '|'), ('క', '|'), ('దు', '|'), ('దీ', 'U'), ('ను', '|'), ('లా', 'U'), ('ర', '|'), ('తె', '|'), ('లి', '|'), ('య', '|'), ('జూ', 'U'), ('చు', '|'), ('కొ', '|'), ('ను', '|'), ('డు', '|'), ('దృ', 'U'), ('ష్టాం', 'U'), ('త', '|'), ('మి', '|'), ('ది', '|'), ('మీ', 'U'), ('కు', '|'), ('వి', 'U'), ('శ్వ', '|'), ('దా', 'U'), ('భి', '|'), ('రా', 'U'), ('మ', '|'), ('వి', '|'), ('న', '|'), ('ర', '|'), ('వే', 'U'), ('మ', '|')]",0.9166666666666666,-1.0,1.0,1.0,0.75,-1.0
aataveladi,"_x000D_
తిరిపెగాఁ డయినను దిరిపెమెత్తిన యట్టి
_x000D_
తిరిపెమందుఁ దాను దిరిపె మిడినఁ
_x000D_
దిరిపెము తిరిపమున దిగఁబడిపోవురా
_x000D_
విశ్వదాభిరామ వినర వేమ.",vupajaathi,Vemana,"[('తి', '|'), ('రి', '|'), ('పె', '|'), ('గా', 'U'), ('డ', '|'), ('యి', '|'), ('న', '|'), ('ను', '|'), ('ది', '|'), ('రి', '|'), ('పె', '|'), ('మె', 'U'), ('త్తి', '|'), ('న', '|'), ('య', 'U'), ('ట్టి', '|'), ('తి', '|'), ('రి', '|'), ('పె', '|'), ('మం', 'U'), ('దు', '|'), ('దా', 'U'), ('ను', '|'), ('ది', '|'), ('రి', '|'), ('పె', '|'), ('మి', '|'), ('డి', '|'), ('న', '|'), ('ది', '|'), ('రి', '|'), ('పె', '|'), ('ము', '|'), ('తి', '|'), ('రి', '|'), ('ప', '|'), ('ము', '|'), ('న', '|'), ('ది', '|'), ('గ', '|'), ('బ', '|'), ('డి', '|'), ('పో', 'U'), ('వు', '|'), ('రా', 'U'), ('వి', 'U'), ('శ్వ', '|'), ('దా', 'U'), ('భి', '|'), ('రా', 'U'), ('మ', '|'), ('వి', '|'), ('న', '|'), ('ర', '|'), ('వే', 'U'), ('మ', '|')]",1.0,-1.0,1.0,1.0,1.0,-1.0
aataveladi,"_x000D_
తాము బలిమిఁబెట్ట తమకు తామే కల్గు
_x000D_
నడుగనిడినఁ దాము నడుగఁగలుగు
_x000D_
విందునీనివాని కెందునులేదయా
_x000D_
విశ్వదాభిరామ వినర వేమ.",vupajaathi,Vemana,"[('తా', 'U'), ('ము', '|'), ('బ', '|'), ('లి', '|'), ('మి', '|'), ('బె', 'U'), ('ట్ట', '|'), ('త', '|'), ('మ', '|'), ('కు', '|'), ('తా', 'U'), ('మే', 'U'), ('క', 'U'), ('ల్గు', '|'), ('న', '|'), ('డు', '|'), ('గ', '|'), ('ని', '|'), ('డి', '|'), ('న', '|'), ('దా', 'U'), ('ము', '|'), ('న', '|'), ('డు', '|'), ('గ', '|'), ('గ', '|'), ('లు', '|'), ('గు', '|'), ('విం', 'U'), ('దు', '|'), ('నీ', 'U'), ('ని', '|'), ('వా', 'U'), ('ని', '|'), ('కెం', 'U'), ('దు', '|'), ('ను', '|'), ('లే', 'U'), ('ద', '|'), ('యా', 'U'), ('వి', 'U'), ('శ్వ', '|'), ('దా', 'U'), ('భి', '|'), ('రా', 'U'), ('మ', '|'), ('వి', '|'), ('న', '|'), ('ర', '|'), ('వే', 'U'), ('మ', '|')]",1.0,-1.0,1.0,1.0,1.0,-1.0
aataveladi,"_x000D_
తాము గడనసేయు ధనము తమదియని
_x000D_
నమ్మియుండ్రు వెఱ్ఱి నరులు భువిని
_x000D_
తాము నొకరి కిచ్చుధన మింతియేకాక
_x000D_
కడమది తనకేల గలుగు వేమ.",vupajaathi,Vemana,"[('తా', 'U'), ('ము', '|'), ('గ', '|'), ('డ', '|'), ('న', '|'), ('సే', 'U'), ('యు', '|'), ('ధ', '|'), ('న', '|'), ('ము', '|'), ('త', '|'), ('మ', '|'), ('ది', '|'), ('య', '|'), ('ని', '|'), ('న', 'U'), ('మ్మి', '|'), ('యుం', 'U'), ('డ్రు', '|'), ('వె', 'U'), ('ఱ్ఱి', '|'), ('న', '|'), ('రు', '|'), ('లు', '|'), ('భు', '|'), ('వి', '|'), ('ని', '|'), ('తా', 'U'), ('ము', '|'), ('నొ', '|'), ('క', '|'), ('రి', '|'), ('కి', 'U'), ('చ్చు', '|'), ('ధ', '|'), ('న', '|'), ('మిం', 'U'), ('తి', '|'), ('యే', 'U'), ('కా', 'U'), ('క', '|'), ('క', '|'), ('డ', '|'), ('మ', '|'), ('ది', '|'), ('త', '|'), ('న', '|'), ('కే', 'U'), ('ల', '|'), ('గ', '|'), ('లు', '|'), ('గు', '|'), ('వే', 'U'), ('మ', '|')]",1.0,-1.0,1.0,1.0,1.0,-1.0
aataveladi,"_x000D_
తాను దినక యటుల ధర్మము సేయక
_x000D_
కొడుకుల కనిధనము కూడఁబెట్టి
_x000D_
తెలియఁజెప్పలేక తీఱిపోయినవెన్క
_x000D_
సొమ్ము పరులనందుఁ జూడు వేమ.",vupajaathi,Vemana,"[('తా', 'U'), ('ను', '|'), ('ది', '|'), ('న', '|'), ('క', '|'), ('య', '|'), ('టు', '|'), ('ల', '|'), ('ధ', 'U'), ('ర్మ', '|'), ('ము', '|'), ('సే', 'U'), ('య', '|'), ('క', '|'), ('కొ', '|'), ('డు', '|'), ('కు', '|'), ('ల', '|'), ('క', '|'), ('ని', '|'), ('ధ', '|'), ('న', '|'), ('ము', '|'), ('కూ', 'U'), ('డ', '|'), ('బె', 'U'), ('ట్టి', '|'), ('తె', '|'), ('లి', '|'), ('య', '|'), ('జె', 'U'), ('ప్ప', '|'), ('లే', 'U'), ('క', '|'), ('తీ', 'U'), ('ఱి', '|'), ('పో', 'U'), ('యి', '|'), ('న', '|'), ('వె', 'U'), ('న్క', '|'), ('సొ', 'U'), ('మ్ము', '|'), ('ప', '|'), ('రు', '|'), ('ల', '|'), ('నం', 'U'), ('దు', '|'), ('జూ', 'U'), ('డు', '|'), ('వే', 'U'), ('మ', '|')]",1.0,-1.0,1.0,1.0,1.0,-1.0
aataveladi,"_x000D_
రానిధనమునకును దానును కొడుకును
_x000D_
వాంఛఁబడుటె కాని వట్టి భ్రమలు
_x000D_
భాగ్యహీనునకును ఫలము లభించునా
_x000D_
విశ్వదాభిరామ వినర వేమ.",vupajaathi,Vemana,"[('రా', 'U'), ('ని', '|'), ('ధ', '|'), ('న', '|'), ('ము', '|'), ('న', '|'), ('కు', '|'), ('ను', '|'), ('దా', 'U'), ('ను', '|'), ('ను', '|'), ('కొ', '|'), ('డు', '|'), ('కు', '|'), ('ను', '|'), ('వాం', 'U'), ('ఛ', '|'), ('బ', '|'), ('డు', '|'), ('టె', '|'), ('కా', 'U'), ('ని', '|'), ('వ', 'U'), ('ట్టి', '|'), ('భ్ర', '|'), ('మ', '|'), ('లు', '|'), ('భా', 'U'), ('గ్య', '|'), ('హీ', 'U'), ('ను', '|'), ('న', '|'), ('కు', '|'), ('ను', '|'), ('ఫ', '|'), ('ల', '|'), ('ము', '|'), ('ల', '|'), ('భిం', 'U'), ('చు', '|'), ('నా', 'U'), ('వి', 'U'), ('శ్వ', '|'), ('దా', 'U'), ('భి', '|'), ('రా', 'U'), ('మ', '|'), ('వి', '|'), ('న', '|'), ('ర', '|'), ('వే', 'U'), ('మ', '|')]",1.0,-1.0,1.0,1.0,1.0,-1.0
aataveladi,"_x000D_
భాగ్యహీనులకును వరుసవేది దొరుక
_x000D_
నదియు నిల్వదపుడు వదలుఁగాక
_x000D_
వానతోడ వచ్చువడగండ్లు నిలుచునా
_x000D_
విశ్వదాభిరామ వినర వేమ.",vupajaathi,Vemana,"[('భా', 'U'), ('గ్య', '|'), ('హీ', 'U'), ('ను', '|'), ('ల', '|'), ('కు', '|'), ('ను', '|'), ('వ', '|'), ('రు', '|'), ('స', '|'), ('వే', 'U'), ('ది', '|'), ('దొ', '|'), ('రు', '|'), ('క', '|'), ('న', '|'), ('ది', '|'), ('యు', '|'), ('ని', 'U'), ('ల్వ', '|'), ('ద', '|'), ('పు', '|'), ('డు', '|'), ('వ', '|'), ('ద', '|'), ('లు', '|'), ('గా', 'U'), ('క', '|'), ('వా', 'U'), ('న', '|'), ('తో', 'U'), ('డ', '|'), ('వ', 'U'), ('చ్చు', '|'), ('వ', '|'), ('డ', '|'), ('గం', 'U'), ('డ్లు', '|'), ('ని', '|'), ('లు', '|'), ('చు', '|'), ('నా', 'U'), ('వి', 'U'), ('శ్వ', '|'), ('దా', 'U'), ('భి', '|'), ('రా', 'U'), ('మ', '|'), ('వి', '|'), ('న', '|'), ('ర', '|'), ('వే', 'U'), ('మ', '|')]",0.9166666666666666,-1.0,1.0,1.0,0.75,-1.0
aataveladi,"_x000D_
ధనవిహీనుఁడైన తండ్రి గర్భంబున
_x000D_
భాగ్యపురుషుఁ డొకఁడు పరఁగఁబుట్టి
_x000D_
బహుళధనము గూర్చి భద్రమార్గంబున
_x000D_
పరుల కుపకరించి పరఁగు వేమ.",vupajaathi,Vemana,"[('ధ', '|'), ('న', '|'), ('వి', '|'), ('హీ', 'U'), ('ను', '|'), ('డై', 'U'), ('న', '|'), ('తం', 'U'), ('డ్రి', '|'), ('గ', 'U'), ('ర్భం', 'U'), ('బు', '|'), ('న', '|'), ('భా', 'U'), ('గ్య', '|'), ('పు', '|'), ('రు', '|'), ('షు', '|'), ('డొ', '|'), ('క', '|'), ('డు', '|'), ('ప', '|'), ('ర', '|'), ('గ', '|'), ('బు', 'U'), ('ట్టి', '|'), ('బ', '|'), ('హు', '|'), ('ళ', '|'), ('ధ', '|'), ('న', '|'), ('ము', '|'), ('గూ', 'U'), ('ర్చి', '|'), ('భ', '|'), ('ద్ర', '|'), ('మా', 'U'), ('ర్గం', 'U'), ('బు', '|'), ('న', '|'), ('ప', '|'), ('రు', '|'), ('ల', '|'), ('కు', '|'), ('ప', '|'), ('క', '|'), ('రిం', 'U'), ('చి', '|'), ('ప', '|'), ('ర', '|'), ('గు', '|'), ('వే', 'U'), ('మ', '|')]",0.8666666666666667,-1.0,1.0,0.85,0.75,-1.0
aataveladi,"_x000D_
ఇహమునందు బాధలెన్నైనఁ బడవచ్చు
_x000D_
యముని బాధలేక యమరవలెను
_x000D_
పరుల బాధలేక బ్రతుకుఁడీ నరులార
_x000D_
విశ్వదాభిరామ వినర వేమ.",vupajaathi,Vemana,"[('ఇ', '|'), ('హ', '|'), ('ము', '|'), ('నం', 'U'), ('దు', '|'), ('బా', 'U'), ('ధ', '|'), ('లె', 'U'), ('న్నై', 'U'), ('న', '|'), ('బ', '|'), ('డ', '|'), ('వ', 'U'), ('చ్చు', '|'), ('య', '|'), ('ము', '|'), ('ని', '|'), ('బా', 'U'), ('ధ', '|'), ('లే', 'U'), ('క', '|'), ('య', '|'), ('మ', '|'), ('ర', '|'), ('వ', '|'), ('లె', '|'), ('ను', '|'), ('ప', '|'), ('రు', '|'), ('ల', '|'), ('బా', 'U'), ('ధ', '|'), ('లే', 'U'), ('క', '|'), ('బ్ర', '|'), ('తు', '|'), ('కు', '|'), ('డీ', 'U'), ('న', '|'), ('రు', '|'), ('లా', 'U'), ('ర', '|'), ('వి', 'U'), ('శ్వ', '|'), ('దా', 'U'), ('భి', '|'), ('రా', 'U'), ('మ', '|'), ('వి', '|'), ('న', '|'), ('ర', '|'), ('వే', 'U'), ('మ', '|')]",0.9166666666666666,-1.0,1.0,1.0,0.75,-1.0
aataveladi,"_x000D_
వల్లవైపులేక వాగ్దత్త మటుచేసి
_x000D_
యదిగొయిదిగొ యనుచు నాసఁబెట్టి
_x000D_
గడువుఁ బెట్టి రేపు గడియ కానిమ్మని
_x000D_
గడియలోనఁ బడియెఁ గదర వేమ.",vupajaathi,Vemana,"[('వ', 'U'), ('ల్ల', '|'), ('వై', 'U'), ('పు', '|'), ('లే', 'U'), ('క', '|'), ('వా', 'U'), ('గ్ద', 'U'), ('త్త', '|'), ('మ', '|'), ('టు', '|'), ('చే', 'U'), ('సి', '|'), ('య', '|'), ('ది', '|'), ('గొ', '|'), ('యి', '|'), ('ది', '|'), ('గొ', '|'), ('య', '|'), ('ను', '|'), ('చు', '|'), ('నా', 'U'), ('స', '|'), ('బె', 'U'), ('ట్టి', '|'), ('గ', '|'), ('డు', '|'), ('వు', '|'), ('బె', 'U'), ('ట్టి', '|'), ('రే', 'U'), ('పు', '|'), ('గ', '|'), ('డి', '|'), ('య', '|'), ('కా', 'U'), ('ని', 'U'), ('మ్మ', '|'), ('ని', '|'), ('గ', '|'), ('డి', '|'), ('య', '|'), ('లో', 'U'), ('న', '|'), ('బ', '|'), ('డి', '|'), ('యె', '|'), ('గ', '|'), ('ద', '|'), ('ర', '|'), ('వే', 'U'), ('మ', '|')]",0.9166666666666666,-1.0,1.0,1.0,0.75,-1.0
aataveladi,"_x000D_
పరుల కుపకరింప పాపక్షయంబగు
_x000D_
పరుల కుపకరింపఁ బట్టుకొమ్మ
_x000D_
పరుల కుపకరింపఁ బరలోక సిద్ధియు
_x000D_
పరుల కుపకరింప బలిమి వేమ.",vupajaathi,Vemana,"[('ప', '|'), ('రు', '|'), ('ల', '|'), ('కు', '|'), ('ప', '|'), ('క', '|'), ('రిం', 'U'), ('ప', '|'), ('పా', 'U'), ('ప', 'U'), ('క్ష', '|'), ('యం', 'U'), ('బ', '|'), ('గు', '|'), ('ప', '|'), ('రు', '|'), ('ల', '|'), ('కు', '|'), ('ప', '|'), ('క', '|'), ('రిం', 'U'), ('ప', '|'), ('బ', 'U'), ('ట్టు', '|'), ('కొ', 'U'), ('మ్మ', '|'), ('ప', '|'), ('రు', '|'), ('ల', '|'), ('కు', '|'), ('ప', '|'), ('క', '|'), ('రిం', 'U'), ('ప', '|'), ('బ', '|'), ('ర', '|'), ('లో', 'U'), ('క', '|'), ('సి', 'U'), ('ద్ధి', '|'), ('యు', '|'), ('ప', '|'), ('రు', '|'), ('ల', '|'), ('కు', '|'), ('ప', '|'), ('క', '|'), ('రిం', 'U'), ('ప', '|'), ('బ', '|'), ('లి', '|'), ('మి', '|'), ('వే', 'U'), ('మ', '|')]",1.0,-1.0,1.0,1.0,1.0,-1.0
aataveladi,"_x000D_
అర్థవంతుల సొమ్ము నాసింతు రర్థులు
_x000D_
యర్థికీయ సొమ్ము వ్యర్థమౌను
_x000D_
వ్యర్థమైన సొమ్ము వ్యర్థులఁ జేరురా
_x000D_
విశ్వదాభిరామ వినర వేమ.",vupajaathi,Vemana,"[('అ', 'U'), ('ర్థ', '|'), ('వం', 'U'), ('తు', '|'), ('ల', '|'), ('సొ', 'U'), ('మ్ము', '|'), ('నా', 'U'), ('సిం', 'U'), ('తు', '|'), ('ర', 'U'), ('ర్థు', '|'), ('లు', '|'), ('య', 'U'), ('ర్థి', '|'), ('కీ', 'U'), ('య', '|'), ('సొ', 'U'), ('మ్ము', 'U'), ('వ్య', 'U'), ('ర్థ', '|'), ('మౌ', 'U'), ('ను', 'U'), ('వ్య', 'U'), ('ర్థ', '|'), ('మై', 'U'), ('న', '|'), ('సొ', 'U'), ('మ్ము', 'U'), ('వ్య', 'U'), ('ర్థు', '|'), ('ల', '|'), ('జే', 'U'), ('రు', '|'), ('రా', 'U'), ('వి', 'U'), ('శ్వ', '|'), ('దా', 'U'), ('భి', '|'), ('రా', 'U'), ('మ', '|'), ('వి', '|'), ('న', '|'), ('ర', '|'), ('వే', 'U'), ('మ', '|')]",0.5,-1.0,1.0,0.5,0.0,-1.0
aataveladi,"_x000D_
ధర్మకంటకుండు ధనముచే గర్వించి
_x000D_
సకలసంపదలను జాలఁ బొరసి
_x000D_
కడకు తాను మేలు గానక చెడిపోవు
_x000D_
విశ్వదాభిరామ వినర వేమ.",vupajaathi,Vemana,"[('ధ', 'U'), ('ర్మ', '|'), ('కం', 'U'), ('ట', '|'), ('కుం', 'U'), ('డు', '|'), ('ధ', '|'), ('న', '|'), ('ము', '|'), ('చే', 'U'), ('గ', 'U'), ('ర్విం', 'U'), ('చి', '|'), ('స', '|'), ('క', '|'), ('ల', '|'), ('సం', 'U'), ('ప', '|'), ('ద', '|'), ('ల', '|'), ('ను', '|'), ('జా', 'U'), ('ల', '|'), ('బొ', '|'), ('ర', '|'), ('సి', '|'), ('క', '|'), ('డ', '|'), ('కు', '|'), ('తా', 'U'), ('ను', '|'), ('మే', 'U'), ('లు', '|'), ('గా', 'U'), ('న', '|'), ('క', '|'), ('చె', '|'), ('డి', '|'), ('పో', 'U'), ('వు', '|'), ('వి', 'U'), ('శ్వ', '|'), ('దా', 'U'), ('భి', '|'), ('రా', 'U'), ('మ', '|'), ('వి', '|'), ('న', '|'), ('ర', '|'), ('వే', 'U'), ('మ', '|')]",1.0,-1.0,1.0,1.0,1.0,-1.0
aataveladi,"_x000D_
ఇంతి తనదుపేరు నెల్లకాలంబును
_x000D_
ప్రజలు దలఁచునట్టి ప్రతిభఁ గాంచె
_x000D_
నింతికి పతిభక్తి యెంతనవచ్చును
_x000D_
విశ్వదాభిరామ వినర వేమ.",vupajaathi,Vemana,"[('ఇం', 'U'), ('తి', '|'), ('త', '|'), ('న', '|'), ('దు', '|'), ('పే', 'U'), ('రు', '|'), ('నె', 'U'), ('ల్ల', '|'), ('కా', 'U'), ('లం', 'U'), ('బు', '|'), ('ను', '|'), ('ప్ర', '|'), ('జ', '|'), ('లు', '|'), ('ద', '|'), ('ల', '|'), ('చు', '|'), ('న', 'U'), ('ట్టి', '|'), ('ప్ర', '|'), ('తి', '|'), ('భ', '|'), ('గాం', 'U'), ('చె', '|'), ('నిం', 'U'), ('తి', '|'), ('కి', '|'), ('ప', '|'), ('తి', '|'), ('భ', 'U'), ('క్తి', '|'), ('యెం', 'U'), ('త', '|'), ('న', '|'), ('వ', 'U'), ('చ్చు', '|'), ('ను', '|'), ('వి', 'U'), ('శ్వ', '|'), ('దా', 'U'), ('భి', '|'), ('రా', 'U'), ('మ', '|'), ('వి', '|'), ('న', '|'), ('ర', '|'), ('వే', 'U'), ('మ', '|')]",0.9166666666666666,-1.0,1.0,1.0,0.75,-1.0
aataveladi,"_x000D_
ధర్మమునకుఁ గీడు తలఁచినవాఁడు తా
_x000D_
దుష్టమార్గుఁ డవును ద్రోవ చెడును
_x000D_
గురువుపత్నిగవయఁ గోరెడువాఁడు తా
_x000D_
మొదలెచెడును ముప్పు మొనసి వేమ.",vupajaathi,Vemana,"[('ధ', 'U'), ('ర్మ', '|'), ('ము', '|'), ('న', '|'), ('కు', '|'), ('గీ', 'U'), ('డు', '|'), ('త', '|'), ('ల', '|'), ('చి', '|'), ('న', '|'), ('వా', 'U'), ('డు', '|'), ('తా', 'U'), ('దు', 'U'), ('ష్ట', '|'), ('మా', 'U'), ('ర్గు', '|'), ('డ', '|'), ('వు', '|'), ('ను', '|'), ('ద్రో', 'U'), ('వ', '|'), ('చె', '|'), ('డు', '|'), ('ను', '|'), ('గు', '|'), ('రు', '|'), ('వు', '|'), ('ప', 'U'), ('త్ని', '|'), ('గ', '|'), ('వ', '|'), ('య', '|'), ('గో', 'U'), ('రె', '|'), ('డు', '|'), ('వా', 'U'), ('డు', '|'), ('తా', 'U'), ('మొ', '|'), ('ద', '|'), ('లె', '|'), ('చె', '|'), ('డు', '|'), ('ను', '|'), ('ము', 'U'), ('ప్పు', '|'), ('మొ', '|'), ('న', '|'), ('సి', '|'), ('వే', 'U'), ('మ', '|')]",1.0,-1.0,1.0,1.0,1.0,-1.0
aataveladi,"_x000D_
అలయఁజేసి మలఁచి యడిగండ్లు మలిగండ్లు
_x000D_
తిరిపెమిడెడు కటికిదేబెలెల్ల
_x000D_
నెలమి మన్నుదినెడు నెఱ్ఱలౌదురు సుమీ
_x000D_
విశ్వదాభిరామ వినర వేమ.",vupajaathi,Vemana,"[('అ', '|'), ('ల', '|'), ('య', '|'), ('జే', 'U'), ('సి', '|'), ('మ', '|'), ('ల', '|'), ('చి', '|'), ('య', '|'), ('డి', '|'), ('గం', 'U'), ('డ్లు', '|'), ('మ', '|'), ('లి', '|'), ('గం', 'U'), ('డ్లు', '|'), ('తి', '|'), ('రి', '|'), ('పె', '|'), ('మి', '|'), ('డె', '|'), ('డు', '|'), ('క', '|'), ('టి', '|'), ('కి', '|'), ('దే', 'U'), ('బె', '|'), ('లె', 'U'), ('ల్ల', '|'), ('నె', '|'), ('ల', '|'), ('మి', '|'), ('మ', 'U'), ('న్ను', '|'), ('ది', '|'), ('నె', '|'), ('డు', '|'), ('నె', 'U'), ('ఱ్ఱ', '|'), ('లౌ', 'U'), ('దు', '|'), ('రు', '|'), ('సు', '|'), ('మీ', 'U'), ('వి', 'U'), ('శ్వ', '|'), ('దా', 'U'), ('భి', '|'), ('రా', 'U'), ('మ', '|'), ('వి', '|'), ('న', '|'), ('ర', '|'), ('వే', 'U'), ('మ', '|')]",1.0,-1.0,1.0,1.0,1.0,-1.0
aataveladi,"_x000D_
మత్సరంబు మదము మమకార మనియెడి
_x000D_
వ్యసనములను దగిలి మసలఁబోక
_x000D_
పరుల కుపకరించి పరము నమ్మిక నుండ
_x000D_
నొనరుచుండు రాజయోగి వేమ.",vupajaathi,Vemana,"[('మ', 'U'), ('త్స', '|'), ('రం', 'U'), ('బు', '|'), ('మ', '|'), ('ద', '|'), ('ము', '|'), ('మ', '|'), ('మ', '|'), ('కా', 'U'), ('ర', '|'), ('మ', '|'), ('ని', '|'), ('యె', '|'), ('డి', 'U'), ('వ్య', '|'), ('స', '|'), ('న', '|'), ('ము', '|'), ('ల', '|'), ('ను', '|'), ('ద', '|'), ('గి', '|'), ('లి', '|'), ('మ', '|'), ('స', '|'), ('ల', '|'), ('బో', 'U'), ('క', '|'), ('ప', '|'), ('రు', '|'), ('ల', '|'), ('కు', '|'), ('ప', '|'), ('క', '|'), ('రిం', 'U'), ('చి', '|'), ('ప', '|'), ('ర', '|'), ('ము', '|'), ('న', 'U'), ('మ్మి', '|'), ('క', '|'), ('నుం', 'U'), ('డ', '|'), ('నొ', '|'), ('న', '|'), ('రు', '|'), ('చుం', 'U'), ('డు', '|'), ('రా', 'U'), ('జ', '|'), ('యో', 'U'), ('గి', '|'), ('వే', 'U'), ('మ', '|')]",0.9166666666666666,-1.0,1.0,1.0,0.75,-1.0
aataveladi,"_x000D_
దానధర్మములును దయయు సత్యము నీతి
_x000D_
వినయ ధైర్య శౌర్య వితరణములు
_x000D_
రాజుపాలిటి కివి రాజయోగంబులు
_x000D_
విశ్వదాభిరామ వినర వేమ.",vupajaathi,Vemana,"[('దా', 'U'), ('న', '|'), ('ధ', 'U'), ('ర్మ', '|'), ('ము', '|'), ('లు', '|'), ('ను', '|'), ('ద', '|'), ('య', '|'), ('యు', '|'), ('స', 'U'), ('త్య', '|'), ('ము', '|'), ('నీ', 'U'), ('తి', '|'), ('వి', '|'), ('న', '|'), ('య', '|'), ('ధై', 'U'), ('ర్య', '|'), ('శౌ', 'U'), ('ర్య', '|'), ('వి', '|'), ('త', '|'), ('ర', '|'), ('ణ', '|'), ('ము', '|'), ('లు', '|'), ('రా', 'U'), ('జు', '|'), ('పా', 'U'), ('లి', '|'), ('టి', '|'), ('కి', '|'), ('వి', '|'), ('రా', 'U'), ('జ', '|'), ('యో', 'U'), ('గం', 'U'), ('బు', '|'), ('లు', '|'), ('వి', 'U'), ('శ్వ', '|'), ('దా', 'U'), ('భి', '|'), ('రా', 'U'), ('మ', '|'), ('వి', '|'), ('న', '|'), ('ర', '|'), ('వే', 'U'), ('మ', '|')]",1.0,-1.0,1.0,1.0,1.0,-1.0
aataveladi,"_x000D_
క్రొవ్వు పొట్టపొరలు క్రూరకర్ములపొరల్‌
_x000D_
నొవ్వఁ జేసినట్టి రవ్వపొరలు
_x000D_
నెవ్వరైన నేమి యినజువాకిటఁ గాని
_x000D_
యవ్వలికిని బోవునటర వేమ.",vupajaathi,Vemana,"[('క్రొ', 'U'), ('వ్వు', '|'), ('పొ', 'U'), ('ట్ట', '|'), ('పొ', '|'), ('ర', '|'), ('లు', '|'), ('క్రూ', 'U'), ('ర', '|'), ('క', 'U'), ('ర్ము', '|'), ('ల', '|'), ('పొ', '|'), ('రల్', 'U'), ('నొ', 'U'), ('వ్వ', '|'), ('జే', 'U'), ('సి', '|'), ('న', 'U'), ('ట్టి', '|'), ('ర', 'U'), ('వ్వ', '|'), ('పొ', '|'), ('ర', '|'), ('లు', '|'), ('నె', 'U'), ('వ్వ', '|'), ('రై', 'U'), ('న', '|'), ('నే', 'U'), ('మి', '|'), ('యి', '|'), ('న', '|'), ('జు', '|'), ('వా', 'U'), ('కి', '|'), ('ట', '|'), ('గా', 'U'), ('ని', '|'), ('య', 'U'), ('వ్వ', '|'), ('లి', '|'), ('కి', '|'), ('ని', '|'), ('బో', 'U'), ('వు', '|'), ('న', '|'), ('ట', '|'), ('ర', '|'), ('వే', 'U'), ('మ', '|')]",0.8333333333333334,-1.0,1.0,1.0,0.5,-1.0
aataveladi,"_x000D_
లోక మరసినట్టి లోకోపకారులు
_x000D_
భోగభాగ్యములను బొంది తుదను
_x000D_
పూర్వవాసన విడిపురహరు తావున
_x000D_
మ్రోగుచుంద్రు తారు మొనసి వేమ.",vupajaathi,Vemana,"[('లో', 'U'), ('క', '|'), ('మ', '|'), ('ర', '|'), ('సి', '|'), ('న', 'U'), ('ట్టి', '|'), ('లో', 'U'), ('కో', 'U'), ('ప', '|'), ('కా', 'U'), ('రు', '|'), ('లు', '|'), ('భో', 'U'), ('గ', '|'), ('భా', 'U'), ('గ్య', '|'), ('ము', '|'), ('ల', '|'), ('ను', '|'), ('బొం', 'U'), ('ది', '|'), ('తు', '|'), ('ద', '|'), ('ను', '|'), ('పూ', 'U'), ('ర్వ', '|'), ('వా', 'U'), ('స', '|'), ('న', '|'), ('వి', '|'), ('డి', '|'), ('పు', '|'), ('ర', '|'), ('హ', '|'), ('రు', '|'), ('తా', 'U'), ('వు', '|'), ('న', '|'), ('మ్రో', 'U'), ('గు', '|'), ('చుం', 'U'), ('ద్రు', '|'), ('తా', 'U'), ('రు', '|'), ('మొ', '|'), ('న', '|'), ('సి', '|'), ('వే', 'U'), ('మ', '|')]",1.0,-1.0,1.0,1.0,1.0,-1.0
aataveladi,"_x000D_
జ్ఞానమెన్న గురువు జ్ఞానహీనము బుద్ధి
_x000D_
రెంటిసందు రిమ్మరేచు నపుడు
_x000D_
రిమ్మ తెలిసెనేని రెండొకరూపురా
_x000D_
విశ్వదాభిరామ వినర వేమ.",vupajaathi,Vemana,"[('జ్ఞా', 'U'), ('న', '|'), ('మె', 'U'), ('న్న', '|'), ('గు', '|'), ('రు', '|'), ('వు', 'U'), ('జ్ఞా', 'U'), ('న', '|'), ('హీ', 'U'), ('న', '|'), ('ము', '|'), ('బు', 'U'), ('ద్ధి', '|'), ('రెం', 'U'), ('టి', '|'), ('సం', 'U'), ('దు', '|'), ('రి', 'U'), ('మ్మ', '|'), ('రే', 'U'), ('చు', '|'), ('న', '|'), ('పు', '|'), ('డు', '|'), ('రి', 'U'), ('మ్మ', '|'), ('తె', '|'), ('లి', '|'), ('సె', '|'), ('నే', 'U'), ('ని', '|'), ('రెం', 'U'), ('డొ', '|'), ('క', '|'), ('రూ', 'U'), ('పు', '|'), ('రా', 'U'), ('వి', 'U'), ('శ్వ', '|'), ('దా', 'U'), ('భి', '|'), ('రా', 'U'), ('మ', '|'), ('వి', '|'), ('న', '|'), ('ర', '|'), ('వే', 'U'), ('మ', '|')]",0.9833333333333334,-1.0,1.0,0.95,1.0,-1.0
kandamu,"_x000D_
సకలాకారుఁ డనంతుఁడు
_x000D_
సకలాత్ములయందు సర్వసాక్షియుఁ దానే
_x000D_
సకలమున నిర్వికారుం
_x000D_
డకలంకస్థితిని బ్రహ్మ మగునుర వేమా.",jaathi,Vemana,"[('స', '|'), ('క', '|'), ('లా', 'U'), ('కా', 'U'), ('రు', '|'), ('డ', '|'), ('నం', 'U'), ('తు', '|'), ('డు', '|'), ('స', '|'), ('క', '|'), ('లా', 'U'), ('త్ము', '|'), ('ల', '|'), ('యం', 'U'), ('దు', '|'), ('స', 'U'), ('ర్వ', '|'), ('సా', 'U'), ('క్షి', '|'), ('యు', '|'), ('దా', 'U'), ('నే', 'U'), ('స', '|'), ('క', '|'), ('ల', '|'), ('ము', '|'), ('న', '|'), ('ని', 'U'), ('ర్వి', '|'), ('కా', 'U'), ('రుం', 'U'), ('డ', '|'), ('క', '|'), ('లం', 'U'), ('క', 'U'), ('స్థి', '|'), ('తి', '|'), ('ని', '|'), ('బ్ర', 'U'), ('హ్మ', '|'), ('మ', '|'), ('గు', '|'), ('ను', '|'), ('ర', '|'), ('వే', 'U'), ('మా', 'U')]",0.875,-1.0,1.0,1.0,0.5,1.0
kandamu,"_x000D_
నే నెవ్వండని వలపడు
_x000D_
మానసమునఁ బుడమిలోని మనుజుండటరా
_x000D_
కానడు తనశవమును దా
_x000D_
మానుగఁ గనుగొనుట యెట్లు మహిలో వేమా.",jaathi,Vemana,"[('నే', 'U'), ('నె', 'U'), ('వ్వం', 'U'), ('డ', '|'), ('ని', '|'), ('వ', '|'), ('ల', '|'), ('ప', '|'), ('డు', '|'), ('మా', 'U'), ('న', '|'), ('స', '|'), ('ము', '|'), ('న', '|'), ('బు', '|'), ('డ', '|'), ('మి', '|'), ('లో', 'U'), ('ని', '|'), ('మ', '|'), ('ను', '|'), ('జుం', 'U'), ('డ', '|'), ('ట', '|'), ('రా', 'U'), ('కా', 'U'), ('న', '|'), ('డు', '|'), ('త', '|'), ('న', '|'), ('శ', '|'), ('వ', '|'), ('ము', '|'), ('ను', '|'), ('దా', 'U'), ('మా', 'U'), ('ను', '|'), ('గ', '|'), ('గ', '|'), ('ను', '|'), ('గొ', '|'), ('ను', '|'), ('ట', '|'), ('యె', 'U'), ('ట్లు', '|'), ('మ', '|'), ('హి', '|'), ('లో', 'U'), ('వే', 'U'), ('మా', 'U')]",1.0,-1.0,1.0,1.0,1.0,1.0
aataveladi,"_x000D_
జనుఁడు తెలివినొంద చంచలింపదు మది
_x000D_
దయయు దైవమొగిని దగులు బుద్ధి
_x000D_
తివురుభానుఁ జూచి తిమిరంబు నిలుచునా
_x000D_
విశ్వదాభిరామ వినర వేమ.",vupajaathi,Vemana,"[('జ', '|'), ('ను', '|'), ('డు', '|'), ('తె', '|'), ('లి', '|'), ('వి', '|'), ('నొం', 'U'), ('ద', '|'), ('చం', 'U'), ('చ', '|'), ('లిం', 'U'), ('ప', '|'), ('దు', '|'), ('మ', '|'), ('ది', '|'), ('ద', '|'), ('య', '|'), ('యు', '|'), ('దై', 'U'), ('వ', '|'), ('మొ', '|'), ('గి', '|'), ('ని', '|'), ('ద', '|'), ('గు', '|'), ('లు', '|'), ('బు', 'U'), ('ద్ధి', '|'), ('తి', '|'), ('వు', '|'), ('రు', '|'), ('భా', 'U'), ('ను', '|'), ('జూ', 'U'), ('చి', '|'), ('తి', '|'), ('మి', '|'), ('రం', 'U'), ('బు', '|'), ('ని', '|'), ('లు', '|'), ('చు', '|'), ('నా', 'U'), ('వి', 'U'), ('శ్వ', '|'), ('దా', 'U'), ('భి', '|'), ('రా', 'U'), ('మ', '|'), ('వి', '|'), ('న', '|'), ('ర', '|'), ('వే', 'U'), ('మ', '|')]",1.0,-1.0,1.0,1.0,1.0,-1.0
aataveladi,"_x000D_
పగలురేయి మఱచి భావంబు మఱచియుఁ
_x000D_
దాను నేననియెడు తలఁపు మఱచి
_x000D_
యుండువాని నెంచ నుత్తమయోగిరా
_x000D_
విశ్వదాభిరామ వినర వేమ.",vupajaathi,Vemana,"[('ప', '|'), ('గ', '|'), ('లు', '|'), ('రే', 'U'), ('యి', '|'), ('మ', '|'), ('ఱ', '|'), ('చి', '|'), ('భా', 'U'), ('వం', 'U'), ('బు', '|'), ('మ', '|'), ('ఱ', '|'), ('చి', '|'), ('యు', '|'), ('దా', 'U'), ('ను', '|'), ('నే', 'U'), ('న', '|'), ('ని', '|'), ('యె', '|'), ('డు', '|'), ('త', '|'), ('ల', '|'), ('పు', '|'), ('మ', '|'), ('ఱ', '|'), ('చి', '|'), ('యుం', 'U'), ('డు', '|'), ('వా', 'U'), ('ని', '|'), ('నెం', 'U'), ('చ', '|'), ('ను', 'U'), ('త్త', '|'), ('మ', '|'), ('యో', 'U'), ('గి', '|'), ('రా', 'U'), ('వి', 'U'), ('శ్వ', '|'), ('దా', 'U'), ('భి', '|'), ('రా', 'U'), ('మ', '|'), ('వి', '|'), ('న', '|'), ('ర', '|'), ('వే', 'U'), ('మ', '|')]",0.9166666666666666,-1.0,1.0,1.0,0.75,-1.0
aataveladi,"_x000D_
మంటలోహమందు మ్రాకులు శిలలందు
_x000D_
పటము గోడలందుఁ బ్రతిమలందు
_x000D_
తన్నుఁ దెలియుకొఱకు తగులదా పరమాత్మ
_x000D_
విశ్వదాభిరామ వినర వేమ.",vupajaathi,Vemana,"[('మం', 'U'), ('ట', '|'), ('లో', 'U'), ('హ', '|'), ('మం', 'U'), ('దు', '|'), ('మ్రా', 'U'), ('కు', '|'), ('లు', '|'), ('శి', '|'), ('ల', '|'), ('లం', 'U'), ('దు', '|'), ('ప', '|'), ('ట', '|'), ('ము', '|'), ('గో', 'U'), ('డ', '|'), ('లం', 'U'), ('దు', '|'), ('బ్ర', '|'), ('తి', '|'), ('మ', '|'), ('లం', 'U'), ('దు', '|'), ('త', 'U'), ('న్ను', '|'), ('దె', '|'), ('లి', '|'), ('యు', '|'), ('కొ', '|'), ('ఱ', '|'), ('కు', '|'), ('త', '|'), ('గు', '|'), ('ల', '|'), ('దా', 'U'), ('ప', '|'), ('ర', '|'), ('మా', 'U'), ('త్మ', '|'), ('వి', 'U'), ('శ్వ', '|'), ('దా', 'U'), ('భి', '|'), ('రా', 'U'), ('మ', '|'), ('వి', '|'), ('న', '|'), ('ర', '|'), ('వే', 'U'), ('మ', '|')]",1.0,-1.0,1.0,1.0,1.0,-1.0
aataveladi,"_x000D_
మనసులోనివాని మానుగాఁ దెలిసిన
_x000D_
నుర్విజనులువాని యోగి యండ్రు
_x000D_
నీవె నిన్నెఱుంగ నీవెపో శివుఁడవు
_x000D_
విశ్వదాభిరామ వినర వేమ.",vupajaathi,Vemana,"[('మ', '|'), ('న', '|'), ('సు', '|'), ('లో', 'U'), ('ని', '|'), ('వా', 'U'), ('ని', '|'), ('మా', 'U'), ('ను', '|'), ('గా', 'U'), ('దె', '|'), ('లి', '|'), ('సి', '|'), ('న', '|'), ('ను', 'U'), ('ర్వి', '|'), ('జ', '|'), ('ను', '|'), ('లు', '|'), ('వా', 'U'), ('ని', '|'), ('యో', 'U'), ('గి', '|'), ('యం', 'U'), ('డ్రు', '|'), ('నీ', 'U'), ('వె', '|'), ('ని', 'U'), ('న్నె', '|'), ('ఱుం', 'U'), ('గ', '|'), ('నీ', 'U'), ('వె', '|'), ('పో', 'U'), ('శి', '|'), ('వు', '|'), ('డ', '|'), ('వు', '|'), ('వి', 'U'), ('శ్వ', '|'), ('దా', 'U'), ('భి', '|'), ('రా', 'U'), ('మ', '|'), ('వి', '|'), ('న', '|'), ('ర', '|'), ('వే', 'U'), ('మ', '|')]",0.9166666666666666,-1.0,1.0,1.0,0.75,-1.0
aataveladi,"_x000D_
మాటలోనివాని మహిమఁ దాఁ దెలియక
_x000D_
మాటబయలె లేక మమతఁ జిక్కె
_x000D_
మాట దెలిసెనేని మఱియాత్మ యోగిరా
_x000D_
విశ్వదాభిరామ వినర వేమ.",vupajaathi,Vemana,"[('మా', 'U'), ('ట', '|'), ('లో', 'U'), ('ని', '|'), ('వా', 'U'), ('ని', '|'), ('మ', '|'), ('హి', '|'), ('మ', '|'), ('దా', 'U'), ('దె', '|'), ('లి', '|'), ('య', '|'), ('క', '|'), ('మా', 'U'), ('ట', '|'), ('బ', '|'), ('య', '|'), ('లె', '|'), ('లే', 'U'), ('క', '|'), ('మ', '|'), ('మ', '|'), ('త', '|'), ('జి', 'U'), ('క్కె', '|'), ('మా', 'U'), ('ట', '|'), ('దె', '|'), ('లి', '|'), ('సె', '|'), ('నే', 'U'), ('ని', '|'), ('మ', '|'), ('ఱి', '|'), ('యా', 'U'), ('త్మ', '|'), ('యో', 'U'), ('గి', '|'), ('రా', 'U'), ('వి', 'U'), ('శ్వ', '|'), ('దా', 'U'), ('భి', '|'), ('రా', 'U'), ('మ', '|'), ('వి', '|'), ('న', '|'), ('ర', '|'), ('వే', 'U'), ('మ', '|')]",1.0,-1.0,1.0,1.0,1.0,-1.0
aataveladi,"_x000D_
వ్రేయవ్రేయనదియ విత్తన మనిపించు
_x000D_
వ్రేయవ్రేయఁ బ్రబల వృక్షమగును
_x000D_
తెలియఁ దెలియవాఁడు దేవుఁడనందగు
_x000D_
విశ్వదాభిరామ వినర వేమ.",vupajaathi,Vemana,"[('వ్రే', 'U'), ('య', '|'), ('వ్రే', 'U'), ('య', '|'), ('న', '|'), ('ది', '|'), ('య', '|'), ('వి', 'U'), ('త్త', '|'), ('న', '|'), ('మ', '|'), ('ని', '|'), ('పిం', 'U'), ('చు', '|'), ('వ్రే', 'U'), ('య', '|'), ('వ్రే', 'U'), ('య', '|'), ('బ్ర', '|'), ('బ', '|'), ('ల', '|'), ('వృ', 'U'), ('క్ష', '|'), ('మ', '|'), ('గు', '|'), ('ను', '|'), ('తె', '|'), ('లి', '|'), ('య', '|'), ('దె', '|'), ('లి', '|'), ('య', '|'), ('వా', 'U'), ('డు', '|'), ('దే', 'U'), ('వు', '|'), ('డ', '|'), ('నం', 'U'), ('ద', '|'), ('గు', '|'), ('వి', 'U'), ('శ్వ', '|'), ('దా', 'U'), ('భి', '|'), ('రా', 'U'), ('మ', '|'), ('వి', '|'), ('న', '|'), ('ర', '|'), ('వే', 'U'), ('మ', '|')]",0.9166666666666666,-1.0,1.0,1.0,0.75,-1.0
kandamu,"_x000D_
గడనగల పురుషుఁ గనుగొని
_x000D_
యడుగులకును మడుగు లిడుదు రతివలు ధరలో
_x000D_
గడన విడుపురుషుఁగనుగొని
_x000D_
నడపీనుగ వచ్చెనండ్రు నాతులు వేమా.",jaathi,Vemana,"[('గ', '|'), ('డ', '|'), ('న', '|'), ('గ', '|'), ('ల', '|'), ('పు', '|'), ('రు', '|'), ('షు', '|'), ('గ', '|'), ('ను', '|'), ('గొ', '|'), ('ని', '|'), ('య', '|'), ('డు', '|'), ('గు', '|'), ('ల', '|'), ('కు', '|'), ('ను', '|'), ('మ', '|'), ('డు', '|'), ('గు', '|'), ('లి', '|'), ('డు', '|'), ('దు', '|'), ('ర', '|'), ('తి', '|'), ('వ', '|'), ('లు', '|'), ('ధ', '|'), ('ర', '|'), ('లో', 'U'), ('గ', '|'), ('డ', '|'), ('న', '|'), ('వి', '|'), ('డు', '|'), ('పు', '|'), ('రు', '|'), ('షు', '|'), ('గ', '|'), ('ను', '|'), ('గొ', '|'), ('ని', '|'), ('న', '|'), ('డ', '|'), ('పీ', 'U'), ('ను', '|'), ('గ', '|'), ('వ', 'U'), ('చ్చె', '|'), ('నం', 'U'), ('డ్రు', '|'), ('నా', 'U'), ('తు', '|'), ('లు', '|'), ('వే', 'U'), ('మా', 'U')]",0.875,-1.0,1.0,1.0,0.5,1.0
aataveladi,"_x000D_
వంటదప్పునపుడు వంటకము విషంబు
_x000D_
కంటఁ జూడఁగానె కంటగించుఁ
_x000D_
గంటకమునఁ దిన్నకడి గండమైవచ్చు
_x000D_
విశ్వదాభిరామ వినర వేమ.",vupajaathi,Vemana,"[('వం', 'U'), ('ట', '|'), ('ద', 'U'), ('ప్పు', '|'), ('న', '|'), ('పు', '|'), ('డు', '|'), ('వం', 'U'), ('ట', '|'), ('క', '|'), ('ము', '|'), ('వి', '|'), ('షం', 'U'), ('బు', '|'), ('కం', 'U'), ('ట', '|'), ('జూ', 'U'), ('డ', '|'), ('గా', 'U'), ('నె', '|'), ('కం', 'U'), ('ట', '|'), ('గిం', 'U'), ('చు', '|'), ('గం', 'U'), ('ట', '|'), ('క', '|'), ('ము', '|'), ('న', '|'), ('ది', 'U'), ('న్న', '|'), ('క', '|'), ('డి', '|'), ('గం', 'U'), ('డ', '|'), ('మై', 'U'), ('వ', 'U'), ('చ్చు', '|'), ('వి', 'U'), ('శ్వ', '|'), ('దా', 'U'), ('భి', '|'), ('రా', 'U'), ('మ', '|'), ('వి', '|'), ('న', '|'), ('ర', '|'), ('వే', 'U'), ('మ', '|')]",1.0,-1.0,1.0,1.0,1.0,-1.0
aataveladi,"_x000D_
వండివచ్చునపుడు వంటక మమృతంబు
_x000D_
కంటికింపుగాను కానుపించు
_x000D_
నొడలతినినదిండి వడిమించ గడిదేఱు
_x000D_
విశ్వదాభిరామ వినర వేమ.",vupajaathi,Vemana,"[('వం', 'U'), ('డి', '|'), ('వ', 'U'), ('చ్చు', '|'), ('న', '|'), ('పు', '|'), ('డు', '|'), ('వం', 'U'), ('ట', '|'), ('క', '|'), ('మ', '|'), ('మృ', '|'), ('తం', 'U'), ('బు', '|'), ('కం', 'U'), ('టి', '|'), ('కిం', 'U'), ('పు', '|'), ('గా', 'U'), ('ను', '|'), ('కా', 'U'), ('ను', '|'), ('పిం', 'U'), ('చు', '|'), ('నొ', '|'), ('డ', '|'), ('ల', '|'), ('తి', '|'), ('ని', '|'), ('న', '|'), ('దిం', 'U'), ('డి', '|'), ('వ', '|'), ('డి', '|'), ('మిం', 'U'), ('చ', '|'), ('గ', '|'), ('డి', '|'), ('దే', 'U'), ('ఱు', '|'), ('వి', 'U'), ('శ్వ', '|'), ('దా', 'U'), ('భి', '|'), ('రా', 'U'), ('మ', '|'), ('వి', '|'), ('న', '|'), ('ర', '|'), ('వే', 'U'), ('మ', '|')]",1.0,-1.0,1.0,1.0,1.0,-1.0
aataveladi,"_x000D_
కలిగి ధర్మమీయఁ గాననివారును
_x000D_
కలిగి తినక చాలగ్రాఁగువారు
_x000D_
కలిమి నెచటఁ జూడఁ గానక చెడుదురు
_x000D_
విశ్వదాభిరామ వినర వేమ.",vupajaathi,Vemana,"[('క', '|'), ('లి', '|'), ('గి', '|'), ('ధ', 'U'), ('ర్మ', '|'), ('మీ', 'U'), ('య', '|'), ('గా', 'U'), ('న', '|'), ('ని', '|'), ('వా', 'U'), ('రు', '|'), ('ను', '|'), ('క', '|'), ('లి', '|'), ('గి', '|'), ('తి', '|'), ('న', '|'), ('క', '|'), ('చా', 'U'), ('ల', '|'), ('గ్రా', 'U'), ('గు', '|'), ('వా', 'U'), ('రు', '|'), ('క', '|'), ('లి', '|'), ('మి', '|'), ('నె', '|'), ('చ', '|'), ('ట', '|'), ('జూ', 'U'), ('డ', '|'), ('గా', 'U'), ('న', '|'), ('క', '|'), ('చె', '|'), ('డు', '|'), ('దు', '|'), ('రు', '|'), ('వి', 'U'), ('శ్వ', '|'), ('దా', 'U'), ('భి', '|'), ('రా', 'U'), ('మ', '|'), ('వి', '|'), ('న', '|'), ('ర', '|'), ('వే', 'U'), ('మ', '|')]",1.0,-1.0,1.0,1.0,1.0,-1.0
aataveladi,"_x000D_
అల్లువాని మృతికి నాత్మఁ జింతించును
_x000D_
తనయుమృతికిఁ దానె తల్లడిల్లుఁ
_x000D_
బుణ్యపురుషు మృతికి భూమిలో జనులకు
_x000D_
యుగము గ్రుంగినట్టు లుండు వేమ.",vupajaathi,Vemana,"[('అ', 'U'), ('ల్లు', '|'), ('వా', 'U'), ('ని', '|'), ('మృ', '|'), ('తి', '|'), ('కి', '|'), ('నా', 'U'), ('త్మ', '|'), ('జిం', 'U'), ('తిం', 'U'), ('చు', '|'), ('ను', '|'), ('త', '|'), ('న', '|'), ('యు', '|'), ('మృ', '|'), ('తి', '|'), ('కి', '|'), ('దా', 'U'), ('నె', '|'), ('త', 'U'), ('ల్ల', '|'), ('డి', 'U'), ('ల్లు', '|'), ('బు', 'U'), ('ణ్య', '|'), ('పు', '|'), ('రు', '|'), ('షు', '|'), ('మృ', '|'), ('తి', '|'), ('కి', '|'), ('భూ', 'U'), ('మి', '|'), ('లో', 'U'), ('జ', '|'), ('ను', '|'), ('ల', '|'), ('కు', '|'), ('యు', '|'), ('గ', '|'), ('ము', '|'), ('గ్రుం', 'U'), ('గి', '|'), ('న', 'U'), ('ట్టు', '|'), ('లుం', 'U'), ('డు', '|'), ('వే', 'U'), ('మ', '|')]",0.8333333333333334,-1.0,1.0,1.0,0.5,-1.0
aataveladi,"_x000D_
సకలవిద్య లరసి చచ్చి బ్రతుకువిద్య
_x000D_
యొకటినేర మనుచు నుర్విజనులు
_x000D_
కటకటఁ బడుదురు కడహానిఁ దెలియరు
_x000D_
విశ్వదాభిరామ వినర వేమ.",vupajaathi,Vemana,"[('స', '|'), ('క', '|'), ('ల', '|'), ('వి', 'U'), ('ద్య', '|'), ('ల', '|'), ('ర', '|'), ('సి', '|'), ('చ', 'U'), ('చ్చి', '|'), ('బ్ర', '|'), ('తు', '|'), ('కు', '|'), ('వి', 'U'), ('ద్య', '|'), ('యొ', '|'), ('క', '|'), ('టి', '|'), ('నే', 'U'), ('ర', '|'), ('మ', '|'), ('ను', '|'), ('చు', '|'), ('ను', 'U'), ('ర్వి', '|'), ('జ', '|'), ('ను', '|'), ('లు', '|'), ('క', '|'), ('ట', '|'), ('క', '|'), ('ట', '|'), ('బ', '|'), ('డు', '|'), ('దు', '|'), ('రు', '|'), ('క', '|'), ('డ', '|'), ('హా', 'U'), ('ని', '|'), ('దె', '|'), ('లి', '|'), ('య', '|'), ('రు', '|'), ('వి', 'U'), ('శ్వ', '|'), ('దా', 'U'), ('భి', '|'), ('రా', 'U'), ('మ', '|'), ('వి', '|'), ('న', '|'), ('ర', '|'), ('వే', 'U'), ('మ', '|')]",0.7000000000000001,-1.0,1.0,0.85,0.25,-1.0
aataveladi,"_x000D_
దూరదృష్టిఁ గనరు దుడుకుడువదలక
_x000D_
బారప ట్టెఱుగరు పడినదనుక
_x000D_
దండసాధ్యు లయిరి ధర్మసాధ్యులుగాక
_x000D_
భూమిజనులు వెఱ్ఱిబుద్ధి వేమ.",vupajaathi,Vemana,"[('దూ', 'U'), ('ర', '|'), ('దృ', 'U'), ('ష్టి', '|'), ('గ', '|'), ('న', '|'), ('రు', '|'), ('దు', '|'), ('డు', '|'), ('కు', '|'), ('డు', '|'), ('వ', '|'), ('ద', '|'), ('ల', '|'), ('క', '|'), ('బా', 'U'), ('ర', '|'), ('ప', 'U'), ('ట్టె', '|'), ('ఱు', '|'), ('గ', '|'), ('రు', '|'), ('ప', '|'), ('డి', '|'), ('న', '|'), ('ద', '|'), ('ను', '|'), ('క', '|'), ('దం', 'U'), ('డ', '|'), ('సా', 'U'), ('ధ్యు', '|'), ('ల', '|'), ('యి', '|'), ('రి', '|'), ('ధ', 'U'), ('ర్మ', '|'), ('సా', 'U'), ('ధ్యు', '|'), ('లు', '|'), ('గా', 'U'), ('క', '|'), ('భూ', 'U'), ('మి', '|'), ('జ', '|'), ('ను', '|'), ('లు', '|'), ('వె', 'U'), ('ఱ్ఱి', '|'), ('బు', 'U'), ('ద్ధి', '|'), ('వే', 'U'), ('మ', '|')]",1.0,-1.0,1.0,1.0,1.0,-1.0
aataveladi,"_x000D_
ముష్టి వేపచెట్టు మొదలుగా ప్రజలకు
_x000D_
పరఁగ మూలికలకు పనికివచ్చు
_x000D_
నిర్దయాత్మకుండు నీచుఁడెందునకును
_x000D_
పనికిరాఁడు గదర పరఁగ వేమ.",vupajaathi,Vemana,"[('ము', 'U'), ('ష్టి', '|'), ('వే', 'U'), ('ప', '|'), ('చె', 'U'), ('ట్టు', '|'), ('మొ', '|'), ('ద', '|'), ('లు', '|'), ('గా', 'U'), ('ప్ర', '|'), ('జ', '|'), ('ల', '|'), ('కు', '|'), ('ప', '|'), ('ర', '|'), ('గ', '|'), ('మూ', 'U'), ('లి', '|'), ('క', '|'), ('ల', '|'), ('కు', '|'), ('ప', '|'), ('ని', '|'), ('కి', '|'), ('వ', 'U'), ('చ్చు', '|'), ('ని', 'U'), ('ర్ద', '|'), ('యా', 'U'), ('త్మ', '|'), ('కుం', 'U'), ('డు', '|'), ('నీ', 'U'), ('చు', '|'), ('డెం', 'U'), ('దు', '|'), ('న', '|'), ('కు', '|'), ('ను', '|'), ('ప', '|'), ('ని', '|'), ('కి', '|'), ('రా', 'U'), ('డు', '|'), ('గ', '|'), ('ద', '|'), ('ర', '|'), ('ప', '|'), ('ర', '|'), ('గ', '|'), ('వే', 'U'), ('మ', '|')]",1.0,-1.0,1.0,1.0,1.0,-1.0
aataveladi,"_x000D_
ప్రభువు కోఁతియైనఁ బ్రగ్గడ పందియౌ
_x000D_
సైనికుండు పక్కి సేన పసులు
_x000D_
ఏనుఁగు లశ్వము లెలుకలు పిల్లులు
_x000D_
విశ్వదాభిరామ వినర వేమ.",vupajaathi,Vemana,"[('ప్ర', '|'), ('భు', '|'), ('వు', '|'), ('కో', 'U'), ('తి', '|'), ('యై', 'U'), ('న', '|'), ('బ్ర', 'U'), ('గ్గ', '|'), ('డ', '|'), ('పం', 'U'), ('ది', '|'), ('యౌ', 'U'), ('సై', 'U'), ('ని', '|'), ('కుం', 'U'), ('డు', '|'), ('ప', 'U'), ('క్కి', '|'), ('సే', 'U'), ('న', '|'), ('ప', '|'), ('సు', '|'), ('లు', '|'), ('ఏ', 'U'), ('ను', '|'), ('గు', '|'), ('ల', 'U'), ('శ్వ', '|'), ('ము', '|'), ('లె', '|'), ('లు', '|'), ('క', '|'), ('లు', '|'), ('పి', 'U'), ('ల్లు', '|'), ('లు', '|'), ('వి', 'U'), ('శ్వ', '|'), ('దా', 'U'), ('భి', '|'), ('రా', 'U'), ('మ', '|'), ('వి', '|'), ('న', '|'), ('ర', '|'), ('వే', 'U'), ('మ', '|')]",0.75,-1.0,1.0,0.75,0.5,-1.0
aataveladi,"_x000D_
తిట్టెనేని మొట్టు మొట్టినఁ గొట్టును
_x000D_
కొట్టెనేని యముఁడు కొద్దిపఱచుఁ
_x000D_
గోప మెంచ చెడ్డపాపము నరహత్య
_x000D_
విశ్వదాభిరామ వినర వేమ.",vupajaathi,Vemana,"[('తి', 'U'), ('ట్టె', '|'), ('నే', 'U'), ('ని', '|'), ('మొ', 'U'), ('ట్టు', '|'), ('మొ', 'U'), ('ట్టి', '|'), ('న', '|'), ('గొ', 'U'), ('ట్టు', '|'), ('ను', '|'), ('కొ', 'U'), ('ట్టె', '|'), ('నే', 'U'), ('ని', '|'), ('య', '|'), ('ము', '|'), ('డు', '|'), ('కొ', 'U'), ('ద్ది', '|'), ('ప', '|'), ('ఱ', '|'), ('చు', '|'), ('గో', 'U'), ('ప', '|'), ('మెం', 'U'), ('చ', '|'), ('చె', 'U'), ('డ్డ', '|'), ('పా', 'U'), ('ప', '|'), ('ము', '|'), ('న', '|'), ('ర', '|'), ('హ', 'U'), ('త్య', '|'), ('వి', 'U'), ('శ్వ', '|'), ('దా', 'U'), ('భి', '|'), ('రా', 'U'), ('మ', '|'), ('వి', '|'), ('న', '|'), ('ర', '|'), ('వే', 'U'), ('మ', '|')]",1.0,-1.0,1.0,1.0,1.0,-1.0
aataveladi,"_x000D_
కోపమునను ఘనత కొంచెమై పోవును
_x000D_
కోపమునను మిగుల గోడుఁజెందుఁ
_x000D_
గోపమడచెనేని గోరిక లీడేరు
_x000D_
విశ్వదాభిరామ వినర వేమ.",vupajaathi,Vemana,"[('కో', 'U'), ('ప', '|'), ('ము', '|'), ('న', '|'), ('ను', '|'), ('ఘ', '|'), ('న', '|'), ('త', '|'), ('కొం', 'U'), ('చె', '|'), ('మై', 'U'), ('పో', 'U'), ('వు', '|'), ('ను', '|'), ('కో', 'U'), ('ప', '|'), ('ము', '|'), ('న', '|'), ('ను', '|'), ('మి', '|'), ('గు', '|'), ('ల', '|'), ('గో', 'U'), ('డు', '|'), ('జెం', 'U'), ('దు', '|'), ('గో', 'U'), ('ప', '|'), ('మ', '|'), ('డ', '|'), ('చె', '|'), ('నే', 'U'), ('ని', '|'), ('గో', 'U'), ('రి', '|'), ('క', '|'), ('లీ', 'U'), ('డే', 'U'), ('రు', '|'), ('వి', 'U'), ('శ్వ', '|'), ('దా', 'U'), ('భి', '|'), ('రా', 'U'), ('మ', '|'), ('వి', '|'), ('న', '|'), ('ర', '|'), ('వే', 'U'), ('మ', '|')]",1.0,-1.0,1.0,1.0,1.0,-1.0
aataveladi,"_x000D_
కోపమునను నరక కూపముఁ జెందును
_x000D_
కోపమునను గుణము కొంచె మగును
_x000D_
కోపమునను బ్రతుకు కొంచెమై పోవును
_x000D_
విశ్వదాభిరామ వినర వేమ.",vupajaathi,Vemana,"[('కో', 'U'), ('ప', '|'), ('ము', '|'), ('న', '|'), ('ను', '|'), ('న', '|'), ('ర', '|'), ('క', '|'), ('కూ', 'U'), ('ప', '|'), ('ము', '|'), ('జెం', 'U'), ('దు', '|'), ('ను', '|'), ('కో', 'U'), ('ప', '|'), ('ము', '|'), ('న', '|'), ('ను', '|'), ('గు', '|'), ('ణ', '|'), ('ము', '|'), ('కొం', 'U'), ('చె', '|'), ('మ', '|'), ('గు', '|'), ('ను', '|'), ('కో', 'U'), ('ప', '|'), ('ము', '|'), ('న', '|'), ('ను', '|'), ('బ్ర', '|'), ('తు', '|'), ('కు', '|'), ('కొం', 'U'), ('చె', '|'), ('మై', 'U'), ('పో', 'U'), ('వు', '|'), ('ను', '|'), ('వి', 'U'), ('శ్వ', '|'), ('దా', 'U'), ('భి', '|'), ('రా', 'U'), ('మ', '|'), ('వి', '|'), ('న', '|'), ('ర', '|'), ('వే', 'U'), ('మ', '|')]",1.0,-1.0,1.0,1.0,1.0,-1.0
aataveladi,"_x000D_
రాజుమాటవలెను రసికుఁ డాడగవలె
_x000D_
నెంతపనికి నుబికి యెగురరాదు
_x000D_
కదిసి యెగిరెనేని గ్రహసమానము గాదె
_x000D_
దొడ్డ కొంచె మేల దొరకు వేమ.",vupajaathi,Vemana,"[('రా', 'U'), ('జు', '|'), ('మా', 'U'), ('ట', '|'), ('వ', '|'), ('లె', '|'), ('ను', '|'), ('ర', '|'), ('సి', '|'), ('కు', '|'), ('డా', 'U'), ('డ', '|'), ('గ', '|'), ('వ', '|'), ('లె', '|'), ('నెం', 'U'), ('త', '|'), ('ప', '|'), ('ని', '|'), ('కి', '|'), ('ను', '|'), ('బి', '|'), ('కి', '|'), ('యె', '|'), ('గు', '|'), ('ర', '|'), ('రా', 'U'), ('దు', '|'), ('క', '|'), ('ది', '|'), ('సి', '|'), ('యె', '|'), ('గి', '|'), ('రె', '|'), ('నే', 'U'), ('ని', '|'), ('గ్ర', '|'), ('హ', '|'), ('స', '|'), ('మా', 'U'), ('న', '|'), ('ము', '|'), ('గా', 'U'), ('దె', '|'), ('దొ', 'U'), ('డ్డ', '|'), ('కొం', 'U'), ('చె', '|'), ('మే', 'U'), ('ల', '|'), ('దొ', '|'), ('ర', '|'), ('కు', '|'), ('వే', 'U'), ('మ', '|')]",0.9166666666666666,-1.0,1.0,1.0,0.75,-1.0
kandamu,"_x000D_
సాధుసజ్జనులను సంతరించినవాఁడు
_x000D_
ప్రజల సంతసంబు పఱచువాఁడు
_x000D_
కదిసి శాత్రవులను గరుణఁజూచినవాఁడు
_x000D_
పాదుకొన్న ముక్తిపరుఁడు వేమ.",jaathi,Vemana,"[('సా', 'U'), ('ధు', '|'), ('స', 'U'), ('జ్జ', '|'), ('ను', '|'), ('ల', '|'), ('ను', '|'), ('సం', 'U'), ('త', '|'), ('రిం', 'U'), ('చి', '|'), ('న', '|'), ('వా', 'U'), ('డు', '|'), ('ప్ర', '|'), ('జ', '|'), ('ల', '|'), ('సం', 'U'), ('త', '|'), ('సం', 'U'), ('బు', '|'), ('ప', '|'), ('ఱ', '|'), ('చు', '|'), ('వా', 'U'), ('డు', '|'), ('క', '|'), ('ది', '|'), ('సి', '|'), ('శా', 'U'), ('త్ర', '|'), ('వు', '|'), ('ల', '|'), ('ను', '|'), ('గ', '|'), ('రు', '|'), ('ణ', '|'), ('జూ', 'U'), ('చి', '|'), ('న', '|'), ('వా', 'U'), ('డు', '|'), ('పా', 'U'), ('దు', '|'), ('కొ', 'U'), ('న్న', '|'), ('ము', 'U'), ('క్తి', '|'), ('ప', '|'), ('రు', '|'), ('డు', '|'), ('వే', 'U'), ('మ', '|')]",0.4375,-1.0,1.0,0.25,0.0,0.5
aataveladi,"_x000D_
పరఁగ లేమిచేత బంధువుల్‌ పగవారు
_x000D_
పరఁగ లేమిచేతఁ బరము తప్పు
_x000D_
పరఁగ లేమిచేతఁ బరపతి దప్పురా
_x000D_
విశ్వదాభిరామ వినర వేమ.",vupajaathi,Vemana,"[('ప', '|'), ('ర', '|'), ('గ', '|'), ('లే', 'U'), ('మి', '|'), ('చే', 'U'), ('త', '|'), ('బం', 'U'), ('ధు', '|'), ('వు', 'U'), ('ల్ప', '|'), ('గ', '|'), ('వా', 'U'), ('రు', '|'), ('ప', '|'), ('ర', '|'), ('గ', '|'), ('లే', 'U'), ('మి', '|'), ('చే', 'U'), ('త', '|'), ('బ', '|'), ('ర', '|'), ('ము', '|'), ('త', 'U'), ('ప్పు', '|'), ('ప', '|'), ('ర', '|'), ('గ', '|'), ('లే', 'U'), ('మి', '|'), ('చే', 'U'), ('త', '|'), ('బ', '|'), ('ర', '|'), ('ప', '|'), ('తి', '|'), ('ద', 'U'), ('ప్పు', '|'), ('రా', 'U'), ('వి', 'U'), ('శ్వ', '|'), ('దా', 'U'), ('భి', '|'), ('రా', 'U'), ('మ', '|'), ('వి', '|'), ('న', '|'), ('ర', '|'), ('వే', 'U'), ('మ', '|')]",1.0,-1.0,1.0,1.0,1.0,-1.0
aataveladi,"_x000D_
నేర్చి నడుతునన్న నేరమి తా వచ్చు
_x000D_
నోర్చి నడతునన్న నోర్పురాదు
_x000D_
కూర్చి నడతునన్నఁ గూడంగ నీయదు
_x000D_
విశ్వదాభిరామ వినర వేమ.",vupajaathi,Vemana,"[('నే', 'U'), ('ర్చి', '|'), ('న', '|'), ('డు', '|'), ('తు', '|'), ('న', 'U'), ('న్న', '|'), ('నే', 'U'), ('ర', '|'), ('మి', '|'), ('తా', 'U'), ('వ', 'U'), ('చ్చు', '|'), ('నో', 'U'), ('ర్చి', '|'), ('న', '|'), ('డ', '|'), ('తు', '|'), ('న', 'U'), ('న్న', '|'), ('నో', 'U'), ('ర్పు', '|'), ('రా', 'U'), ('దు', '|'), ('కూ', 'U'), ('ర్చి', '|'), ('న', '|'), ('డ', '|'), ('తు', '|'), ('న', 'U'), ('న్న', '|'), ('గూ', 'U'), ('డం', 'U'), ('గ', '|'), ('నీ', 'U'), ('య', '|'), ('దు', '|'), ('వి', 'U'), ('శ్వ', '|'), ('దా', 'U'), ('భి', '|'), ('రా', 'U'), ('మ', '|'), ('వి', '|'), ('న', '|'), ('ర', '|'), ('వే', 'U'), ('మ', '|')]",1.0,-1.0,1.0,1.0,1.0,-1.0
aataveladi,"_x000D_
ధనము లేమి యనెడు దావానలం బది
_x000D_
తన్నుఁ జెఱచును దరిదాపుఁ జెఱచు
_x000D_
ధనములేమి చూడఁదలఁచగా పాపంబు
_x000D_
విశ్వదాభిరామ వినర వేమ.",vupajaathi,Vemana,"[('ధ', '|'), ('న', '|'), ('ము', '|'), ('లే', 'U'), ('మి', '|'), ('య', '|'), ('నె', '|'), ('డు', '|'), ('దా', 'U'), ('వా', 'U'), ('న', '|'), ('లం', 'U'), ('బ', '|'), ('ది', '|'), ('త', 'U'), ('న్ను', '|'), ('జె', '|'), ('ఱ', '|'), ('చు', '|'), ('ను', '|'), ('ద', '|'), ('రి', '|'), ('దా', 'U'), ('పు', '|'), ('జె', '|'), ('ఱ', '|'), ('చు', '|'), ('ధ', '|'), ('న', '|'), ('ము', '|'), ('లే', 'U'), ('మి', '|'), ('చూ', 'U'), ('డ', '|'), ('ద', '|'), ('ల', '|'), ('చ', '|'), ('గా', 'U'), ('పా', 'U'), ('పం', 'U'), ('బు', '|'), ('వి', 'U'), ('శ్వ', '|'), ('దా', 'U'), ('భి', '|'), ('రా', 'U'), ('మ', '|'), ('వి', '|'), ('న', '|'), ('ర', '|'), ('వే', 'U'), ('మ', '|')]",1.0,-1.0,1.0,1.0,1.0,-1.0
aataveladi,"_x000D_
కాఁపు బల్మియున్నఁ గరణాన కది బల్మి
_x000D_
కరణముబలిమెల్ల గాఁపుబలిమి
_x000D_
కాఁపుసంతసంబు కరణముసంతోష
_x000D_
మరసిచూడ లోకమందు వేమ.",vupajaathi,Vemana,"[('కా', 'U'), ('పు', '|'), ('బ', 'U'), ('ల్మి', '|'), ('యు', 'U'), ('న్న', '|'), ('గ', '|'), ('ర', '|'), ('ణా', 'U'), ('న', '|'), ('క', '|'), ('ది', '|'), ('బ', 'U'), ('ల్మి', '|'), ('క', '|'), ('ర', '|'), ('ణ', '|'), ('ము', '|'), ('బ', '|'), ('లి', '|'), ('మె', 'U'), ('ల్ల', '|'), ('గా', 'U'), ('పు', '|'), ('బ', '|'), ('లి', '|'), ('మి', '|'), ('కా', 'U'), ('పు', '|'), ('సం', 'U'), ('త', '|'), ('సం', 'U'), ('బు', '|'), ('క', '|'), ('ర', '|'), ('ణ', '|'), ('ము', '|'), ('సం', 'U'), ('తో', 'U'), ('ష', '|'), ('మ', '|'), ('ర', '|'), ('సి', '|'), ('చూ', 'U'), ('డ', '|'), ('లో', 'U'), ('క', '|'), ('మం', 'U'), ('దు', '|'), ('వే', 'U'), ('మ', '|')]",1.0,-1.0,1.0,1.0,1.0,-1.0
aataveladi,"_x000D_
కనుక గ్రామమునకుఁ గారణకర్తలి
_x000D_
ట్లుండయగుచు నుభయులుండిరేని
_x000D_
గండపక్షియుగళ ముండినరీతిని
_x000D_
నుద్దిగూడి బ్రతుకుచుంద్రు వేమ.",vupajaathi,Vemana,"[('క', '|'), ('ను', '|'), ('క', '|'), ('గ్రా', 'U'), ('మ', '|'), ('ము', '|'), ('న', '|'), ('కు', '|'), ('గా', 'U'), ('ర', '|'), ('ణ', '|'), ('క', 'U'), ('ర్త', '|'), ('లి', 'U'), ('ట్లుం', 'U'), ('డ', '|'), ('య', '|'), ('గు', '|'), ('చు', '|'), ('ను', '|'), ('భ', '|'), ('యు', '|'), ('లుం', 'U'), ('డి', '|'), ('రే', 'U'), ('ని', '|'), ('గం', 'U'), ('డ', '|'), ('ప', 'U'), ('క్షి', '|'), ('యు', '|'), ('గ', '|'), ('ళ', '|'), ('ముం', 'U'), ('డి', '|'), ('న', '|'), ('రీ', 'U'), ('తి', '|'), ('ని', '|'), ('ను', 'U'), ('ద్ది', '|'), ('గూ', 'U'), ('డి', '|'), ('బ్ర', '|'), ('తు', '|'), ('కు', '|'), ('చుం', 'U'), ('ద్రు', '|'), ('వే', 'U'), ('మ', '|')]",0.9166666666666666,-1.0,1.0,1.0,0.75,-1.0
aataveladi,"_x000D_
చేకొనుచును తనకుఁ జేరి సాగినంతలోఁ
_x000D_
జెడిన ప్రజల రక్షసేయకున్న
_x000D_
తనదుసాగుటేమి తనతనువదియేమి
_x000D_
విశ్వదాభిరామ వినర వేమ.",vupajaathi,Vemana,"[('చే', 'U'), ('కొ', '|'), ('ను', '|'), ('చు', '|'), ('ను', '|'), ('త', '|'), ('న', '|'), ('కు', '|'), ('జే', 'U'), ('రి', '|'), ('సా', 'U'), ('గి', '|'), ('నం', 'U'), ('త', '|'), ('లో', 'U'), ('జె', '|'), ('డి', '|'), ('న', '|'), ('ప్ర', '|'), ('జ', '|'), ('ల', '|'), ('ర', 'U'), ('క్ష', '|'), ('సే', 'U'), ('య', '|'), ('కు', 'U'), ('న్న', '|'), ('త', '|'), ('న', '|'), ('దు', '|'), ('సా', 'U'), ('గు', '|'), ('టే', 'U'), ('మి', '|'), ('త', '|'), ('న', '|'), ('త', '|'), ('ను', '|'), ('వ', '|'), ('ది', '|'), ('యే', 'U'), ('మి', '|'), ('వి', 'U'), ('శ్వ', '|'), ('దా', 'U'), ('భి', '|'), ('రా', 'U'), ('మ', '|'), ('వి', '|'), ('న', '|'), ('ర', '|'), ('వే', 'U'), ('మ', '|')]",0.9833333333333334,-1.0,1.0,0.95,1.0,-1.0
aataveladi,"_x000D_
దోపునిచ్చువాఁడు తులలేని నెఱదాత
_x000D_
దోఁచుకొన్నవాఁడు ద్రోహి యయ్యె
_x000D_
ప్రాపుఁ జూపువాఁడు పరమపుణ్యుం డయ్యె
_x000D_
ప్రాపుఁజెఱచువాఁడు పశువు వేమ.",vupajaathi,Vemana,"[('దో', 'U'), ('పు', '|'), ('ని', 'U'), ('చ్చు', '|'), ('వా', 'U'), ('డు', '|'), ('తు', '|'), ('ల', '|'), ('లే', 'U'), ('ని', '|'), ('నె', '|'), ('ఱ', '|'), ('దా', 'U'), ('త', '|'), ('దో', 'U'), ('చు', '|'), ('కొ', 'U'), ('న్న', '|'), ('వా', 'U'), ('డు', '|'), ('ద్రో', 'U'), ('హి', '|'), ('య', 'U'), ('య్యె', '|'), ('ప్రా', 'U'), ('పు', '|'), ('జూ', 'U'), ('పు', '|'), ('వా', 'U'), ('డు', '|'), ('ప', '|'), ('ర', '|'), ('మ', '|'), ('పు', 'U'), ('ణ్యుం', 'U'), ('డ', 'U'), ('య్యె', '|'), ('ప్రా', 'U'), ('పు', '|'), ('జె', '|'), ('ఱ', '|'), ('చు', '|'), ('వా', 'U'), ('డు', '|'), ('ప', '|'), ('శు', '|'), ('వు', '|'), ('వే', 'U'), ('మ', '|')]",1.0,-1.0,1.0,1.0,1.0,-1.0
kandamu,"_x000D_
కాలము తన కిక చాలా
_x000D_
కాలము గలదంచునున్న కాలమునందు\న్‌
_x000D_
కూళఁడు తను దాఁదెలియక
_x000D_
కూలును తొలిజామునందు గొబ్బున వేమా.",jaathi,Vemana,"[('కా', 'U'), ('ల', '|'), ('ము', '|'), ('త', '|'), ('న', '|'), ('కి', '|'), ('క', '|'), ('చా', 'U'), ('లా', 'U'), ('కా', 'U'), ('ల', '|'), ('ము', '|'), ('గ', '|'), ('ల', '|'), ('దం', 'U'), ('చు', '|'), ('ను', 'U'), ('న్న', '|'), ('కా', 'U'), ('ల', '|'), ('ము', '|'), ('నం', 'U'), ('దున్', 'U'), ('కూ', 'U'), ('ళ', '|'), ('డు', '|'), ('త', '|'), ('ను', '|'), ('దా', 'U'), ('దె', '|'), ('లి', '|'), ('య', '|'), ('క', '|'), ('కూ', 'U'), ('లు', '|'), ('ను', '|'), ('తొ', '|'), ('లి', '|'), ('జా', 'U'), ('ము', '|'), ('నం', 'U'), ('దు', '|'), ('గొ', 'U'), ('బ్బు', '|'), ('న', '|'), ('వే', 'U'), ('మా', 'U')]",0.9375,-1.0,1.0,1.0,1.0,0.75
aataveladi,"_x000D_
కూటవాసి యగుచు గుణములఁ బచరించి
_x000D_
నీటనీడవలెను నిలిచియుండు
_x000D_
నుదకఘటములందు నొగిఁదోఁచుటే గాని
_x000D_
సూర్యుఁడొకఁడు గాఁడె చూడ వేమ.",vupajaathi,Vemana,"[('కూ', 'U'), ('ట', '|'), ('వా', 'U'), ('సి', '|'), ('య', '|'), ('గు', '|'), ('చు', '|'), ('గు', '|'), ('ణ', '|'), ('ము', '|'), ('ల', '|'), ('బ', '|'), ('చ', '|'), ('రిం', 'U'), ('చి', '|'), ('నీ', 'U'), ('ట', '|'), ('నీ', 'U'), ('డ', '|'), ('వ', '|'), ('లె', '|'), ('ను', '|'), ('ని', '|'), ('లి', '|'), ('చి', '|'), ('యుం', 'U'), ('డు', '|'), ('ను', '|'), ('ద', '|'), ('క', '|'), ('ఘ', '|'), ('ట', '|'), ('ము', '|'), ('లం', 'U'), ('దు', '|'), ('నొ', '|'), ('గి', '|'), ('దో', 'U'), ('చు', '|'), ('టే', 'U'), ('గా', 'U'), ('ని', '|'), ('సూ', 'U'), ('ర్యు', '|'), ('డొ', '|'), ('క', '|'), ('డు', '|'), ('గా', 'U'), ('డె', '|'), ('చూ', 'U'), ('డ', '|'), ('వే', 'U'), ('మ', '|')]",1.0,-1.0,1.0,1.0,1.0,-1.0
teytageethi,"_x000D_
ప్రాఁతచేసిన నర్తనల్‌ పదటఁగలిపి
_x000D_
క్రొత్తనర్తనఁ జేతురు కోడెకాండ్రు
_x000D_
కన్నతల్లిని విడనాడి కష్టపెట్టి
_x000D_
యన్యకాంతలఁ బోషించునట్లు వేమ.",vupajaathi,Vemana,"[('ప్రా', 'U'), ('త', '|'), ('చే', 'U'), ('సి', '|'), ('న', '|'), ('న', 'U'), ('ర్త', '|'), ('న', 'U'), ('ల్ప', '|'), ('ద', '|'), ('ట', '|'), ('గ', '|'), ('లి', '|'), ('పి', '|'), ('క్రొ', 'U'), ('త్త', '|'), ('న', 'U'), ('ర్త', '|'), ('న', '|'), ('జే', 'U'), ('తు', '|'), ('రు', '|'), ('కో', 'U'), ('డె', '|'), ('కాం', 'U'), ('డ్రు', '|'), ('క', 'U'), ('న్న', '|'), ('త', 'U'), ('ల్లి', '|'), ('ని', '|'), ('వి', '|'), ('డ', '|'), ('నా', 'U'), ('డి', '|'), ('క', 'U'), ('ష్ట', '|'), ('పె', 'U'), ('ట్టి', '|'), ('య', 'U'), ('న్య', '|'), ('కాం', 'U'), ('త', '|'), ('ల', '|'), ('బో', 'U'), ('షిం', 'U'), ('చు', '|'), ('న', 'U'), ('ట్లు', '|'), ('వే', 'U'), ('మ', '|')]",0.9166666666666666,-1.0,1.0,1.0,0.75,-1.0
aataveladi,"_x000D_
వావివర్తనలును వరుసలు మర్యాద
_x000D_
దప్పి నడచెనేని తగులుఁ గీడు
_x000D_
వదల దపుడు తాకు నది దప్పినం దుది
_x000D_
ముసలిముప్పునైన మునుగు వేమా.",vupajaathi,Vemana,"[('వా', 'U'), ('వి', '|'), ('వ', 'U'), ('ర్త', '|'), ('న', '|'), ('లు', '|'), ('ను', '|'), ('వ', '|'), ('రు', '|'), ('స', '|'), ('లు', '|'), ('మ', 'U'), ('ర్యా', 'U'), ('ద', '|'), ('ద', 'U'), ('ప్పి', '|'), ('న', '|'), ('డ', '|'), ('చె', '|'), ('నే', 'U'), ('ని', '|'), ('త', '|'), ('గు', '|'), ('లు', '|'), ('గీ', 'U'), ('డు', '|'), ('వ', '|'), ('ద', '|'), ('ల', '|'), ('ద', '|'), ('పు', '|'), ('డు', '|'), ('తా', 'U'), ('కు', '|'), ('న', '|'), ('ది', '|'), ('ద', 'U'), ('ప్పి', '|'), ('నం', 'U'), ('దు', '|'), ('ది', '|'), ('ము', '|'), ('స', '|'), ('లి', '|'), ('ము', 'U'), ('ప్పు', '|'), ('నై', 'U'), ('న', '|'), ('ము', '|'), ('ను', '|'), ('గు', '|'), ('వే', 'U'), ('మా', 'U')]",0.9833333333333334,-1.0,1.0,0.95,1.0,-1.0
aataveladi,"_x000D_
ఇంగలంబుతోడ నిలనల్పుతోడను
_x000D_
పరునియాలితోడ పతితుతోడ
_x000D_
సరసమాడు టెల్లచావుకు మూలంబు
_x000D_
విశ్వదాభిరామ వినర వేమ.",vupajaathi,Vemana,"[('ఇం', 'U'), ('గ', '|'), ('లం', 'U'), ('బు', '|'), ('తో', 'U'), ('డ', '|'), ('ని', '|'), ('ల', '|'), ('న', 'U'), ('ల్పు', '|'), ('తో', 'U'), ('డ', '|'), ('ను', '|'), ('ప', '|'), ('రు', '|'), ('ని', '|'), ('యా', 'U'), ('లి', '|'), ('తో', 'U'), ('డ', '|'), ('ప', '|'), ('తి', '|'), ('తు', '|'), ('తో', 'U'), ('డ', '|'), ('స', '|'), ('ర', '|'), ('స', '|'), ('మా', 'U'), ('డు', '|'), ('టె', 'U'), ('ల్ల', '|'), ('చా', 'U'), ('వు', '|'), ('కు', '|'), ('మూ', 'U'), ('లం', 'U'), ('బు', '|'), ('వి', 'U'), ('శ్వ', '|'), ('దా', 'U'), ('భి', '|'), ('రా', 'U'), ('మ', '|'), ('వి', '|'), ('న', '|'), ('ర', '|'), ('వే', 'U'), ('మ', '|')]",0.9166666666666666,-1.0,1.0,1.0,0.75,-1.0
aataveladi,"_x000D_
మనసు నిల్పినట్టి మర్మజ్ఞులగువారు
_x000D_
గరిమ మోక్షపదముఁ గన్నవారు
_x000D_
చెట్టుఁబెట్ట ఫలము చేకొనఁడాతాను
_x000D_
విశ్వదాభిరామ వినర వేమ.",vupajaathi,Vemana,"[('మ', '|'), ('న', '|'), ('సు', '|'), ('ని', 'U'), ('ల్పి', '|'), ('న', 'U'), ('ట్టి', '|'), ('మ', 'U'), ('ర్మ', 'U'), ('జ్ఞు', '|'), ('ల', '|'), ('గు', '|'), ('వా', 'U'), ('రు', '|'), ('గ', '|'), ('రి', '|'), ('మ', '|'), ('మో', 'U'), ('క్ష', '|'), ('ప', '|'), ('ద', '|'), ('ము', '|'), ('గ', 'U'), ('న్న', '|'), ('వా', 'U'), ('రు', '|'), ('చె', 'U'), ('ట్టు', '|'), ('బె', 'U'), ('ట్ట', '|'), ('ఫ', '|'), ('ల', '|'), ('ము', '|'), ('చే', 'U'), ('కొ', '|'), ('న', '|'), ('డా', 'U'), ('తా', 'U'), ('ను', '|'), ('వి', 'U'), ('శ్వ', '|'), ('దా', 'U'), ('భి', '|'), ('రా', 'U'), ('మ', '|'), ('వి', '|'), ('న', '|'), ('ర', '|'), ('వే', 'U'), ('మ', '|')]",1.0,-1.0,1.0,1.0,1.0,-1.0
kandamu,"_x000D_
తనుఁదాఁ దెలియుట తత్త్వము
_x000D_
తన కన్యులు బోధసేయ ధరలోఁ గలరే
_x000D_
తనుఁదాఁ దెలియక యుండినఁ
_x000D_
దన కెవరుం దెలుపలేరు తథ్యము వేమ.",jaathi,Vemana,"[('త', '|'), ('ను', '|'), ('దా', 'U'), ('దె', '|'), ('లి', '|'), ('యు', '|'), ('ట', '|'), ('త', 'U'), ('త్త్వ', '|'), ('ము', '|'), ('త', '|'), ('న', '|'), ('క', 'U'), ('న్యు', '|'), ('లు', '|'), ('బో', 'U'), ('ధ', '|'), ('సే', 'U'), ('య', '|'), ('ధ', '|'), ('ర', '|'), ('లో', 'U'), ('గ', '|'), ('ల', '|'), ('రే', 'U'), ('త', '|'), ('ను', '|'), ('దా', 'U'), ('దె', '|'), ('లి', '|'), ('య', '|'), ('క', '|'), ('యుం', 'U'), ('డి', '|'), ('న', '|'), ('ద', '|'), ('న', '|'), ('కె', '|'), ('వ', '|'), ('రుం', 'U'), ('దె', '|'), ('లు', '|'), ('ప', '|'), ('లే', 'U'), ('రు', '|'), ('త', 'U'), ('థ్య', '|'), ('ము', '|'), ('వే', 'U'), ('మ', '|')]",0.984375,-1.0,1.0,0.9375,1.0,1.0
aataveladi,"_x000D_
మంచివారు లేరు మహిమీఁద వెదకినఁ
_x000D_
గష్టు లెందరైనఁ గలరు భువిని
_x000D_
పసిఁడి లేదె గాని సదడెంత లేదయా
_x000D_
విశ్వదాభిరామ వినర వేమ.",vupajaathi,Vemana,"[('మం', 'U'), ('చి', '|'), ('వా', 'U'), ('రు', '|'), ('లే', 'U'), ('రు', '|'), ('మ', '|'), ('హి', '|'), ('మీ', 'U'), ('ద', '|'), ('వె', '|'), ('ద', '|'), ('కి', '|'), ('న', '|'), ('గ', 'U'), ('ష్టు', '|'), ('లెం', 'U'), ('ద', '|'), ('రై', 'U'), ('న', '|'), ('గ', '|'), ('ల', '|'), ('రు', '|'), ('భు', '|'), ('వి', '|'), ('ని', '|'), ('ప', '|'), ('సి', '|'), ('డి', '|'), ('లే', 'U'), ('దె', '|'), ('గా', 'U'), ('ని', '|'), ('స', '|'), ('ద', '|'), ('డెం', 'U'), ('త', '|'), ('లే', 'U'), ('ద', '|'), ('యా', 'U'), ('వి', 'U'), ('శ్వ', '|'), ('దా', 'U'), ('భి', '|'), ('రా', 'U'), ('మ', '|'), ('వి', '|'), ('న', '|'), ('ర', '|'), ('వే', 'U'), ('మ', '|')]",0.9166666666666666,-1.0,1.0,1.0,0.75,-1.0
aataveladi,"_x000D_
మాటలాడ నేర్చి మనసు కరుఁగఁజేసి
_x000D_
పరఁగ ప్రియముపుట్టఁ బలుకకున్న
_x000D_
నొకరిచేత సొమ్ము లూరకవచ్చునా
_x000D_
విశ్వదాభిరామ వినర వేమ.",vupajaathi,Vemana,"[('మా', 'U'), ('ట', '|'), ('లా', 'U'), ('డ', '|'), ('నే', 'U'), ('ర్చి', '|'), ('మ', '|'), ('న', '|'), ('సు', '|'), ('క', '|'), ('రు', '|'), ('గ', '|'), ('జే', 'U'), ('సి', '|'), ('ప', '|'), ('ర', '|'), ('గ', '|'), ('ప్రి', '|'), ('య', '|'), ('ము', '|'), ('పు', 'U'), ('ట్ట', '|'), ('బ', '|'), ('లు', '|'), ('క', '|'), ('కు', 'U'), ('న్న', '|'), ('నొ', '|'), ('క', '|'), ('రి', '|'), ('చే', 'U'), ('త', '|'), ('సొ', 'U'), ('మ్ము', '|'), ('లూ', 'U'), ('ర', '|'), ('క', '|'), ('వ', 'U'), ('చ్చు', '|'), ('నా', 'U'), ('వి', 'U'), ('శ్వ', '|'), ('దా', 'U'), ('భి', '|'), ('రా', 'U'), ('మ', '|'), ('వి', '|'), ('న', '|'), ('ర', '|'), ('వే', 'U'), ('మ', '|')]",0.9166666666666666,-1.0,1.0,1.0,0.75,-1.0
aataveladi,"_x000D_
అండములను బుట్టు నలరు ప్రాణులు కొన్ని
_x000D_
బుద్బుదములఁ బుట్టుఁ బురుగు లెల్ల
_x000D_
స్వేదముననుబుట్టు జీవులు కొన్నిరా
_x000D_
విశ్వదాభిరామ వినర వేమ.",vupajaathi,Vemana,"[('అం', 'U'), ('డ', '|'), ('ము', '|'), ('ల', '|'), ('ను', '|'), ('బు', 'U'), ('ట్టు', '|'), ('న', '|'), ('ల', '|'), ('రు', '|'), ('ప్రా', 'U'), ('ణు', '|'), ('లు', '|'), ('కొ', 'U'), ('న్ని', '|'), ('బు', 'U'), ('ద్బు', '|'), ('ద', '|'), ('ము', '|'), ('ల', '|'), ('బు', 'U'), ('ట్టు', '|'), ('బు', '|'), ('రు', '|'), ('గు', '|'), ('లె', 'U'), ('ల్ల', 'U'), ('స్వే', 'U'), ('ద', '|'), ('ము', '|'), ('న', '|'), ('ను', '|'), ('బు', 'U'), ('ట్టు', '|'), ('జీ', 'U'), ('వు', '|'), ('లు', '|'), ('కొ', 'U'), ('న్ని', '|'), ('రా', 'U'), ('వి', 'U'), ('శ్వ', '|'), ('దా', 'U'), ('భి', '|'), ('రా', 'U'), ('మ', '|'), ('వి', '|'), ('న', '|'), ('ర', '|'), ('వే', 'U'), ('మ', '|')]",0.65,-1.0,1.0,0.7,0.25,-1.0
aataveladi,"_x000D_
అన్న మధికమైన నది తనుఁజంపును
_x000D_
నన్న మంటకున్న నాత్మ నొచ్చుఁ
_x000D_
జంప నొంప బువ్వ చాలదా వెయ్యేల
_x000D_
విశ్వదాభిరామ వినర వేమ.",vupajaathi,Vemana,"[('అ', 'U'), ('న్న', '|'), ('మ', '|'), ('ధి', '|'), ('క', '|'), ('మై', 'U'), ('న', '|'), ('న', '|'), ('ది', '|'), ('త', '|'), ('ను', '|'), ('జం', 'U'), ('పు', '|'), ('ను', '|'), ('న', 'U'), ('న్న', '|'), ('మం', 'U'), ('ట', '|'), ('కు', 'U'), ('న్న', '|'), ('నా', 'U'), ('త్మ', '|'), ('నొ', 'U'), ('చ్చు', '|'), ('జం', 'U'), ('ప', '|'), ('నొం', 'U'), ('ప', '|'), ('బు', 'U'), ('వ్వ', '|'), ('చా', 'U'), ('ల', '|'), ('దా', 'U'), ('వె', 'U'), ('య్యే', 'U'), ('ల', '|'), ('వి', 'U'), ('శ్వ', '|'), ('దా', 'U'), ('భి', '|'), ('రా', 'U'), ('మ', '|'), ('వి', '|'), ('న', '|'), ('ర', '|'), ('వే', 'U'), ('మ', '|')]",0.9166666666666666,-1.0,1.0,1.0,0.75,-1.0
aataveladi,"_x000D_
ఆశ లుడుగఁగాని పాశముక్తుఁడు గాఁడు
_x000D_
ముక్తుఁ డైనఁగాని మునియుఁగాఁడు
_x000D_
మునియు నయినఁగాని మోహంబు లుడుగవు
_x000D_
విశ్వదాభిరామ వినర వేమ.",vupajaathi,Vemana,"[('ఆ', 'U'), ('శ', '|'), ('లు', '|'), ('డు', '|'), ('గ', '|'), ('గా', 'U'), ('ని', '|'), ('పా', 'U'), ('శ', '|'), ('ము', 'U'), ('క్తు', '|'), ('డు', '|'), ('గా', 'U'), ('డు', '|'), ('ము', 'U'), ('క్తు', '|'), ('డై', 'U'), ('న', '|'), ('గా', 'U'), ('ని', '|'), ('ము', '|'), ('ని', '|'), ('యు', '|'), ('గా', 'U'), ('డు', '|'), ('ము', '|'), ('ని', '|'), ('యు', '|'), ('న', '|'), ('యి', '|'), ('న', '|'), ('గా', 'U'), ('ని', '|'), ('మో', 'U'), ('హం', 'U'), ('బు', '|'), ('లు', '|'), ('డు', '|'), ('గ', '|'), ('వు', '|'), ('వి', 'U'), ('శ్వ', '|'), ('దా', 'U'), ('భి', '|'), ('రా', 'U'), ('మ', '|'), ('వి', '|'), ('న', '|'), ('ర', '|'), ('వే', 'U'), ('మ', '|')]",0.9166666666666666,-1.0,1.0,1.0,0.75,-1.0
aataveladi,"_x000D_
చంపఁదలఁచురాజు చనవగ్గలం బిచ్చుఁ
_x000D_
జెఱుపనున్న పగఱ చెలిమిసేయుఁ
_x000D_
గఱవనున్న పాము నెఱికాచుకొనియుండు
_x000D_
విశ్వదాభిరామ వినర వేమ.",vupajaathi,Vemana,"[('చం', 'U'), ('ప', '|'), ('ద', '|'), ('ల', '|'), ('చు', '|'), ('రా', 'U'), ('జు', '|'), ('చ', '|'), ('న', '|'), ('వ', 'U'), ('గ్గ', '|'), ('లం', 'U'), ('బి', 'U'), ('చ్చు', '|'), ('జె', '|'), ('ఱు', '|'), ('ప', '|'), ('ను', 'U'), ('న్న', '|'), ('ప', '|'), ('గ', '|'), ('ఱ', '|'), ('చె', '|'), ('లి', '|'), ('మి', '|'), ('సే', 'U'), ('యు', '|'), ('గ', '|'), ('ఱ', '|'), ('వ', '|'), ('ను', 'U'), ('న్న', '|'), ('పా', 'U'), ('ము', '|'), ('నె', '|'), ('ఱి', '|'), ('కా', 'U'), ('చు', '|'), ('కొ', '|'), ('ని', '|'), ('యుం', 'U'), ('డు', '|'), ('వి', 'U'), ('శ్వ', '|'), ('దా', 'U'), ('భి', '|'), ('రా', 'U'), ('మ', '|'), ('వి', '|'), ('న', '|'), ('ర', '|'), ('వే', 'U'), ('మ', '|')]",1.0,-1.0,1.0,1.0,1.0,-1.0
aataveladi,"_x000D_
చెఱకులోననైనఁ జెడ్డగుణం బున్నఁ
_x000D_
దీసివేయకున్నఁ దినగఁ బొసగ
_x000D_
దంతిపురము ద్రోహి యాతఁడెట్లుండురా
_x000D_
విశ్వదాభిరామ వినర వేమ.",vupajaathi,Vemana,"[('చె', '|'), ('ఱ', '|'), ('కు', '|'), ('లో', 'U'), ('న', '|'), ('నై', 'U'), ('న', '|'), ('జె', 'U'), ('డ్డ', '|'), ('గు', '|'), ('ణం', 'U'), ('బు', 'U'), ('న్న', '|'), ('దీ', 'U'), ('సి', '|'), ('వే', 'U'), ('య', '|'), ('కు', 'U'), ('న్న', '|'), ('ది', '|'), ('న', '|'), ('గ', '|'), ('బొ', '|'), ('స', '|'), ('గ', '|'), ('దం', 'U'), ('తి', '|'), ('పు', '|'), ('ర', '|'), ('ము', '|'), ('ద్రో', 'U'), ('హి', '|'), ('యా', 'U'), ('త', '|'), ('డె', 'U'), ('ట్లుం', 'U'), ('డు', '|'), ('రా', 'U'), ('వి', 'U'), ('శ్వ', '|'), ('దా', 'U'), ('భి', '|'), ('రా', 'U'), ('మ', '|'), ('వి', '|'), ('న', '|'), ('ర', '|'), ('వే', 'U'), ('మ', '|')]",1.0,-1.0,1.0,1.0,1.0,-1.0
aataveladi,"_x000D_
తనకు లేనివాఁడు దైవముందూఱును
_x000D_
తనకుఁ గలిగెనేని దైవ మేల
_x000D_
తనకు దైవమునకుఁ దగులాటమేశాంతి
_x000D_
విశ్వదాభిరామ వినర వేమ.",vupajaathi,Vemana,"[('త', '|'), ('న', '|'), ('కు', '|'), ('లే', 'U'), ('ని', '|'), ('వా', 'U'), ('డు', '|'), ('దై', 'U'), ('వ', '|'), ('ముం', 'U'), ('దూ', 'U'), ('ఱు', '|'), ('ను', '|'), ('త', '|'), ('న', '|'), ('కు', '|'), ('గ', '|'), ('లి', '|'), ('గె', '|'), ('నే', 'U'), ('ని', '|'), ('దై', 'U'), ('వ', '|'), ('మే', 'U'), ('ల', '|'), ('త', '|'), ('న', '|'), ('కు', '|'), ('దై', 'U'), ('వ', '|'), ('ము', '|'), ('న', '|'), ('కు', '|'), ('ద', '|'), ('గు', '|'), ('లా', 'U'), ('ట', '|'), ('మే', 'U'), ('శాం', 'U'), ('తి', '|'), ('వి', 'U'), ('శ్వ', '|'), ('దా', 'U'), ('భి', '|'), ('రా', 'U'), ('మ', '|'), ('వి', '|'), ('న', '|'), ('ర', '|'), ('వే', 'U'), ('మ', '|')]",1.0,-1.0,1.0,1.0,1.0,-1.0
aataveladi,"_x000D_
తనదుమనసుచేతఁ దర్శించి జ్యోతిష
_x000D_
మెంతచేసెననుచు నెంచిచూడఁ
_x000D_
దనయదృష్ట మెల్ల దైవమ్ము తెలియురా
_x000D_
విశ్వదాభిరామ వినర వేమ.",vupajaathi,Vemana,"[('త', '|'), ('న', '|'), ('దు', '|'), ('మ', '|'), ('న', '|'), ('సు', '|'), ('చే', 'U'), ('త', '|'), ('ద', 'U'), ('ర్శిం', 'U'), ('చి', 'U'), ('జ్యో', 'U'), ('తి', '|'), ('ష', '|'), ('మెం', 'U'), ('త', '|'), ('చే', 'U'), ('సె', '|'), ('న', '|'), ('ను', '|'), ('చు', '|'), ('నెం', 'U'), ('చి', '|'), ('చూ', 'U'), ('డ', '|'), ('ద', '|'), ('న', '|'), ('య', '|'), ('దృ', 'U'), ('ష్ట', '|'), ('మె', 'U'), ('ల్ల', '|'), ('దై', 'U'), ('వ', 'U'), ('మ్ము', '|'), ('తె', '|'), ('లి', '|'), ('యు', '|'), ('రా', 'U'), ('వి', 'U'), ('శ్వ', '|'), ('దా', 'U'), ('భి', '|'), ('రా', 'U'), ('మ', '|'), ('వి', '|'), ('న', '|'), ('ర', '|'), ('వే', 'U'), ('మ', '|')]",0.75,-1.0,1.0,0.75,0.5,-1.0
aataveladi,"_x000D_
తన్నుఁ దెలియువారు దైవజ్ఞు లెంతయు
_x000D_
నిన్నుఁ దెలియరేని నిలువరైరి
_x000D_
మాయఁ దెలియకుండ మంటపాలైరయా
_x000D_
విశ్వదాభిరామ వినర వేమ.",vupajaathi,Vemana,"[('త', 'U'), ('న్ను', '|'), ('దె', '|'), ('లి', '|'), ('యు', '|'), ('వా', 'U'), ('రు', '|'), ('దై', 'U'), ('వ', 'U'), ('జ్ఞు', '|'), ('లెం', 'U'), ('త', '|'), ('యు', '|'), ('ని', 'U'), ('న్ను', '|'), ('దె', '|'), ('లి', '|'), ('య', '|'), ('రే', 'U'), ('ని', '|'), ('ని', '|'), ('లు', '|'), ('వ', '|'), ('రై', 'U'), ('రి', '|'), ('మా', 'U'), ('య', '|'), ('దె', '|'), ('లి', '|'), ('య', '|'), ('కుం', 'U'), ('డ', '|'), ('మం', 'U'), ('ట', '|'), ('పా', 'U'), ('లై', 'U'), ('ర', '|'), ('యా', 'U'), ('వి', 'U'), ('శ్వ', '|'), ('దా', 'U'), ('భి', '|'), ('రా', 'U'), ('మ', '|'), ('వి', '|'), ('న', '|'), ('ర', '|'), ('వే', 'U'), ('మ', '|')]",1.0,-1.0,1.0,1.0,1.0,-1.0
aataveladi,"_x000D_
దైవమతుల నరులు తమవంటివా రని
_x000D_
యరసి గూఢతత్వ మరయ లేరు
_x000D_
ఇల్లు మూయఁబడిన నెట్లు మర్మ మెఱుఁగు
_x000D_
విశ్వదాభిరామ వినర వేమ.",vupajaathi,Vemana,"[('దై', 'U'), ('వ', '|'), ('మ', '|'), ('తు', '|'), ('ల', '|'), ('న', '|'), ('రు', '|'), ('లు', '|'), ('త', '|'), ('మ', '|'), ('వం', 'U'), ('టి', '|'), ('వా', 'U'), ('ర', '|'), ('ని', '|'), ('య', '|'), ('ర', '|'), ('సి', '|'), ('గూ', 'U'), ('ఢ', '|'), ('త', 'U'), ('త్వ', '|'), ('మ', '|'), ('ర', '|'), ('య', '|'), ('లే', 'U'), ('రు', '|'), ('ఇ', 'U'), ('ల్లు', '|'), ('మూ', 'U'), ('య', '|'), ('బ', '|'), ('డి', '|'), ('న', '|'), ('నె', 'U'), ('ట్లు', '|'), ('మ', 'U'), ('ర్మ', '|'), ('మె', '|'), ('ఱు', '|'), ('గు', '|'), ('వి', 'U'), ('శ్వ', '|'), ('దా', 'U'), ('భి', '|'), ('రా', 'U'), ('మ', '|'), ('వి', '|'), ('న', '|'), ('ర', '|'), ('వే', 'U'), ('మ', '|')]",0.9166666666666666,-1.0,1.0,1.0,0.75,-1.0
aataveladi,"_x000D_
నీవుగలుగుచోటు నెళువు దెలియువాఁడు
_x000D_
వసుధయందు త్రోవ వదలఁ డెందుఁ
_x000D_
కాలు కదలనీక గ్రక్కునఁ జేరురా
_x000D_
విశ్వదాభిరామ వినర వేమ.",vupajaathi,Vemana,"[('నీ', 'U'), ('వు', '|'), ('గ', '|'), ('లు', '|'), ('గు', '|'), ('చో', 'U'), ('టు', '|'), ('నె', '|'), ('ళు', '|'), ('వు', '|'), ('దె', '|'), ('లి', '|'), ('యు', '|'), ('వా', 'U'), ('డు', '|'), ('వ', '|'), ('సు', '|'), ('ధ', '|'), ('యం', 'U'), ('దు', '|'), ('త్రో', 'U'), ('వ', '|'), ('వ', '|'), ('ద', '|'), ('ల', '|'), ('డెం', 'U'), ('దు', '|'), ('కా', 'U'), ('లు', '|'), ('క', '|'), ('ద', '|'), ('ల', '|'), ('నీ', 'U'), ('క', '|'), ('గ్ర', 'U'), ('క్కు', '|'), ('న', '|'), ('జే', 'U'), ('రు', '|'), ('రా', 'U'), ('వి', 'U'), ('శ్వ', '|'), ('దా', 'U'), ('భి', '|'), ('రా', 'U'), ('మ', '|'), ('వి', '|'), ('న', '|'), ('ర', '|'), ('వే', 'U'), ('మ', '|')]",1.0,-1.0,1.0,1.0,1.0,-1.0
aataveladi,"_x000D_
నీవు నిలిచియుండు నిఖిలంబు నిలువదు
_x000D_
నిలిచియుండు నెండు నీరువలెను
_x000D_
నీవు నిశ్చయంబు నిఖిలంబు మాయయౌ
_x000D_
విశ్వదాభిరామ వినర వేమ.",vupajaathi,Vemana,"[('నీ', 'U'), ('వు', '|'), ('ని', '|'), ('లి', '|'), ('చి', '|'), ('యుం', 'U'), ('డు', '|'), ('ని', '|'), ('ఖి', '|'), ('లం', 'U'), ('బు', '|'), ('ని', '|'), ('లు', '|'), ('వ', '|'), ('దు', '|'), ('ని', '|'), ('లి', '|'), ('చి', '|'), ('యుం', 'U'), ('డు', '|'), ('నెం', 'U'), ('డు', '|'), ('నీ', 'U'), ('రు', '|'), ('వ', '|'), ('లె', '|'), ('ను', '|'), ('నీ', 'U'), ('వు', '|'), ('ని', 'U'), ('శ్చ', '|'), ('యం', 'U'), ('బు', '|'), ('ని', '|'), ('ఖి', '|'), ('లం', 'U'), ('బు', '|'), ('మా', 'U'), ('య', '|'), ('యౌ', 'U'), ('వి', 'U'), ('శ్వ', '|'), ('దా', 'U'), ('భి', '|'), ('రా', 'U'), ('మ', '|'), ('వి', '|'), ('న', '|'), ('ర', '|'), ('వే', 'U'), ('మ', '|')]",1.0,-1.0,1.0,1.0,1.0,-1.0
aataveladi,"_x000D_
మొదట నతఁడు జ్ఞాన ముద్రాంకితుఁడు గాక
_x000D_
యావిధమును దెలియ సజ్ఞుఁ డగును
_x000D_
నడుమ జ్ఞాన మొదవ నగుఁబాటు గాదయా
_x000D_
విశ్వదాభిరామ వినర వేమ.",vupajaathi,Vemana,"[('మొ', '|'), ('ద', '|'), ('ట', '|'), ('న', '|'), ('త', '|'), ('డు', 'U'), ('జ్ఞా', 'U'), ('న', '|'), ('ము', '|'), ('ద్రాం', 'U'), ('కి', '|'), ('తు', '|'), ('డు', '|'), ('గా', 'U'), ('క', '|'), ('యా', 'U'), ('వి', '|'), ('ధ', '|'), ('ము', '|'), ('ను', '|'), ('దె', '|'), ('లి', '|'), ('య', '|'), ('స', 'U'), ('జ్ఞు', '|'), ('డ', '|'), ('గు', '|'), ('ను', '|'), ('న', '|'), ('డు', '|'), ('మ', 'U'), ('జ్ఞా', 'U'), ('న', '|'), ('మొ', '|'), ('ద', '|'), ('వ', '|'), ('న', '|'), ('గు', '|'), ('బా', 'U'), ('టు', '|'), ('గా', 'U'), ('ద', '|'), ('యా', 'U'), ('వి', 'U'), ('శ్వ', '|'), ('దా', 'U'), ('భి', '|'), ('రా', 'U'), ('మ', '|'), ('వి', '|'), ('న', '|'), ('ర', '|'), ('వే', 'U'), ('మ', '|')]",0.5833333333333334,-1.0,1.0,0.5,0.25,-1.0
aataveladi,"_x000D_
పికము వనములోన విలసిల్ల పలికిన
_x000D_
భంగి ప్రాజ్ఞుడనుల పలుకుకులుకు
_x000D_
కాకికూతఁ బోలుఁ గర్మబంధులకూఁత
_x000D_
విశ్వదాభిరామ వినర వేమ.",vupajaathi,Vemana,"[('పి', '|'), ('క', '|'), ('ము', '|'), ('వ', '|'), ('న', '|'), ('ము', '|'), ('లో', 'U'), ('న', '|'), ('వి', '|'), ('ల', '|'), ('సి', 'U'), ('ల్ల', '|'), ('ప', '|'), ('లి', '|'), ('కి', '|'), ('న', '|'), ('భం', 'U'), ('గి', '|'), ('ప్రా', 'U'), ('జ్ఞు', '|'), ('డ', '|'), ('ను', '|'), ('ల', '|'), ('ప', '|'), ('లు', '|'), ('కు', '|'), ('కు', '|'), ('లు', '|'), ('కు', '|'), ('కా', 'U'), ('కి', '|'), ('కూ', 'U'), ('త', '|'), ('బో', 'U'), ('లు', '|'), ('గ', 'U'), ('ర్మ', '|'), ('బం', 'U'), ('ధు', '|'), ('ల', '|'), ('కూ', 'U'), ('త', '|'), ('వి', 'U'), ('శ్వ', '|'), ('దా', 'U'), ('భి', '|'), ('రా', 'U'), ('మ', '|'), ('వి', '|'), ('న', '|'), ('ర', '|'), ('వే', 'U'), ('మ', '|')]",0.9166666666666666,-1.0,1.0,1.0,0.75,-1.0
aataveladi,"_x000D_
చిక్కియున్న వేళ సింహంబునైనను
_x000D_
బక్కకుక్క చేరి బాధచేయు
_x000D_
బలిమిలేనివేళఁ బంతంబు చెల్లదు
_x000D_
విశ్వదాభిరామ వినర వేమ.",vupajaathi,Vemana,"[('చి', 'U'), ('క్కి', '|'), ('యు', 'U'), ('న్న', '|'), ('వే', 'U'), ('ళ', '|'), ('సిం', 'U'), ('హం', 'U'), ('బు', '|'), ('నై', 'U'), ('న', '|'), ('ను', '|'), ('బ', 'U'), ('క్క', '|'), ('కు', 'U'), ('క్క', '|'), ('చే', 'U'), ('రి', '|'), ('బా', 'U'), ('ధ', '|'), ('చే', 'U'), ('యు', '|'), ('బ', '|'), ('లి', '|'), ('మి', '|'), ('లే', 'U'), ('ని', '|'), ('వే', 'U'), ('ళ', '|'), ('బం', 'U'), ('తం', 'U'), ('బు', '|'), ('చె', 'U'), ('ల్ల', '|'), ('దు', '|'), ('వి', 'U'), ('శ్వ', '|'), ('దా', 'U'), ('భి', '|'), ('రా', 'U'), ('మ', '|'), ('వి', '|'), ('న', '|'), ('ర', '|'), ('వే', 'U'), ('మ', '|')]",1.0,-1.0,1.0,1.0,1.0,-1.0
aataveladi,"_x000D_
జ్ఞానుల మని యెంచి చపలాత్ము లగువారు
_x000D_
తెలివిలేక తమ్ముఁ దెలియలేరు
_x000D_
కష్టగహనమందు కాడ్పడియున్నారు
_x000D_
విశ్వదాభిరామ వినర వేమ.",vupajaathi,Vemana,"[('జ్ఞా', 'U'), ('ను', '|'), ('ల', '|'), ('మ', '|'), ('ని', '|'), ('యెం', 'U'), ('చి', '|'), ('చ', '|'), ('ప', '|'), ('లా', 'U'), ('త్ము', '|'), ('ల', '|'), ('గు', '|'), ('వా', 'U'), ('రు', '|'), ('తె', '|'), ('లి', '|'), ('వి', '|'), ('లే', 'U'), ('క', '|'), ('త', 'U'), ('మ్ము', '|'), ('దె', '|'), ('లి', '|'), ('య', '|'), ('లే', 'U'), ('రు', '|'), ('క', 'U'), ('ష్ట', '|'), ('గ', '|'), ('హ', '|'), ('న', '|'), ('మం', 'U'), ('దు', '|'), ('కా', 'U'), ('డ్ప', '|'), ('డి', '|'), ('యు', 'U'), ('న్నా', 'U'), ('రు', '|'), ('వి', 'U'), ('శ్వ', '|'), ('దా', 'U'), ('భి', '|'), ('రా', 'U'), ('మ', '|'), ('వి', '|'), ('న', '|'), ('ర', '|'), ('వే', 'U'), ('మ', '|')]",1.0,-1.0,1.0,1.0,1.0,-1.0
aataveladi,"_x000D_
పాపపుణ్యములును పసిమిగా పెఱిగినా
_x000D_
ధరను నరయ యోగి యెఱుగుఁగాక
_x000D_
లోనిపొందికఁగని లోహముల్‌ గూర్పరో
_x000D_
విశ్వదాభిరామ వినర వేమ.",vupajaathi,Vemana,"[('పా', 'U'), ('ప', '|'), ('పు', 'U'), ('ణ్య', '|'), ('ము', '|'), ('లు', '|'), ('ను', '|'), ('ప', '|'), ('సి', '|'), ('మి', '|'), ('గా', 'U'), ('పె', '|'), ('ఱి', '|'), ('గి', '|'), ('నా', 'U'), ('ధ', '|'), ('ర', '|'), ('ను', '|'), ('న', '|'), ('ర', '|'), ('య', '|'), ('యో', 'U'), ('గి', '|'), ('యె', '|'), ('ఱు', '|'), ('గు', '|'), ('గా', 'U'), ('క', '|'), ('లో', 'U'), ('ని', '|'), ('పొం', 'U'), ('ది', '|'), ('క', '|'), ('గ', '|'), ('ని', '|'), ('లో', 'U'), ('హ', '|'), ('ము', 'U'), ('ల్గూ', 'U'), ('ర్ప', '|'), ('రో', 'U'), ('వి', 'U'), ('శ్వ', '|'), ('దా', 'U'), ('భి', '|'), ('రా', 'U'), ('మ', '|'), ('వి', '|'), ('న', '|'), ('ర', '|'), ('వే', 'U'), ('మ', '|')]",0.9166666666666666,-1.0,1.0,1.0,0.75,-1.0
aataveladi,"_x000D_
పెద్దల వచనములఁ బ్రేమతోఁ జూచి తా
_x000D_
నటుల నడవఁబోవ ననువుపడదు
_x000D_
పులిని చూచి నక్క పూతఁపూసిన యట్లు
_x000D_
విశ్వదాభిరామ వినర వేమ.",vupajaathi,Vemana,"[('పె', 'U'), ('ద్ద', '|'), ('ల', '|'), ('వ', '|'), ('చ', '|'), ('న', '|'), ('ము', '|'), ('ల', '|'), ('బ్రే', 'U'), ('మ', '|'), ('తో', 'U'), ('జూ', 'U'), ('చి', '|'), ('తా', 'U'), ('న', '|'), ('టు', '|'), ('ల', '|'), ('న', '|'), ('డ', '|'), ('వ', '|'), ('బో', 'U'), ('వ', '|'), ('న', '|'), ('ను', '|'), ('వు', '|'), ('ప', '|'), ('డ', '|'), ('దు', '|'), ('పు', '|'), ('లి', '|'), ('ని', '|'), ('చూ', 'U'), ('చి', '|'), ('న', 'U'), ('క్క', '|'), ('పూ', 'U'), ('త', '|'), ('పూ', 'U'), ('సి', '|'), ('న', '|'), ('య', 'U'), ('ట్లు', '|'), ('వి', 'U'), ('శ్వ', '|'), ('దా', 'U'), ('భి', '|'), ('రా', 'U'), ('మ', '|'), ('వి', '|'), ('న', '|'), ('ర', '|'), ('వే', 'U'), ('మ', '|')]",1.0,-1.0,1.0,1.0,1.0,-1.0
aataveladi,"_x000D_
బుద్ధియుతున కేల పొసఁగని సౌఖ్యంబు
_x000D_
కార్యవాదికేల కడుచలంబు
_x000D_
కుత్సితునకు నేల గురుదేవతాభక్తి
_x000D_
విశ్వదాభిరామ వినర వేమ.",vupajaathi,Vemana,"[('బు', 'U'), ('ద్ధి', '|'), ('యు', '|'), ('తు', '|'), ('న', '|'), ('కే', 'U'), ('ల', '|'), ('పొ', '|'), ('స', '|'), ('గ', '|'), ('ని', '|'), ('సౌ', 'U'), ('ఖ్యం', 'U'), ('బు', '|'), ('కా', 'U'), ('ర్య', '|'), ('వా', 'U'), ('ది', '|'), ('కే', 'U'), ('ల', '|'), ('క', '|'), ('డు', '|'), ('చ', '|'), ('లం', 'U'), ('బు', '|'), ('కు', 'U'), ('త్సి', '|'), ('తు', '|'), ('న', '|'), ('కు', '|'), ('నే', 'U'), ('ల', '|'), ('గు', '|'), ('రు', '|'), ('దే', 'U'), ('వ', '|'), ('తా', 'U'), ('భ', 'U'), ('క్తి', '|'), ('వి', 'U'), ('శ్వ', '|'), ('దా', 'U'), ('భి', '|'), ('రా', 'U'), ('మ', '|'), ('వి', '|'), ('న', '|'), ('ర', '|'), ('వే', 'U'), ('మ', '|')]",1.0,-1.0,1.0,1.0,1.0,-1.0
kandamu,"_x000D_
వినుకలి కనుకలి గోరము
_x000D_
కనుకలియాకాంతగూడి కవయగ గోరు\న్‌
_x000D_
గనుగొని ప్రేమన్బొరలును
_x000D_
ఘనతరమోహంబుచోటు గదరా వేమా.",jaathi,Vemana,"[('వి', '|'), ('ను', '|'), ('క', '|'), ('లి', '|'), ('క', '|'), ('ను', '|'), ('క', '|'), ('లి', '|'), ('గో', 'U'), ('ర', '|'), ('ము', '|'), ('క', '|'), ('ను', '|'), ('క', '|'), ('లి', '|'), ('యా', 'U'), ('కాం', 'U'), ('త', '|'), ('గూ', 'U'), ('డి', '|'), ('క', '|'), ('వ', '|'), ('య', '|'), ('గ', '|'), ('గో', 'U'), ('రున్', 'U'), ('గ', '|'), ('ను', '|'), ('గొ', '|'), ('ని', '|'), ('ప్రే', 'U'), ('మ', 'U'), ('న్బొ', '|'), ('ర', '|'), ('లు', '|'), ('ను', '|'), ('ఘ', '|'), ('న', '|'), ('త', '|'), ('ర', '|'), ('మో', 'U'), ('హం', 'U'), ('బు', '|'), ('చో', 'U'), ('టు', '|'), ('గ', '|'), ('ద', '|'), ('రా', 'U'), ('వే', 'U'), ('మా', 'U')]",1.0,-1.0,1.0,1.0,1.0,1.0
aataveladi,"_x000D_
ఎల్లి రేపు నేఁడు నేలాగునైనను
_x000D_
మనసునిల్పువాఁడు మంచివాఁడు
_x000D_
శివుఁడు భర్త కర్త చింతింపనేలరా
_x000D_
విశ్వదాభిరామ వినర వేమ.",vupajaathi,Vemana,"[('ఎ', 'U'), ('ల్లి', '|'), ('రే', 'U'), ('పు', '|'), ('నే', 'U'), ('డు', '|'), ('నే', 'U'), ('లా', 'U'), ('గు', '|'), ('నై', 'U'), ('న', '|'), ('ను', '|'), ('మ', '|'), ('న', '|'), ('సు', '|'), ('ని', 'U'), ('ల్పు', '|'), ('వా', 'U'), ('డు', '|'), ('మం', 'U'), ('చి', '|'), ('వా', 'U'), ('డు', '|'), ('శి', '|'), ('వు', '|'), ('డు', '|'), ('భ', 'U'), ('ర్త', '|'), ('క', 'U'), ('ర్త', '|'), ('చిం', 'U'), ('తిం', 'U'), ('ప', '|'), ('నే', 'U'), ('ల', '|'), ('రా', 'U'), ('వి', 'U'), ('శ్వ', '|'), ('దా', 'U'), ('భి', '|'), ('రా', 'U'), ('మ', '|'), ('వి', '|'), ('న', '|'), ('ర', '|'), ('వే', 'U'), ('మ', '|')]",0.9166666666666666,-1.0,1.0,1.0,0.75,-1.0
kandamu,"_x000D_
మఱవవలె భావసంగతి
_x000D_
మఱవంగావలెను దురము మఱి విశ్వములో
_x000D_
మఱవవలెఁ బరులనేరము
_x000D_
మఱవంగా వలదు మేలు మహిలో వేమా.",jaathi,Vemana,"[('మ', '|'), ('ఱ', '|'), ('వ', '|'), ('వ', '|'), ('లె', '|'), ('భా', 'U'), ('వ', '|'), ('సం', 'U'), ('గ', '|'), ('తి', '|'), ('మ', '|'), ('ఱ', '|'), ('వం', 'U'), ('గా', 'U'), ('వ', '|'), ('లె', '|'), ('ను', '|'), ('దు', '|'), ('ర', '|'), ('ము', '|'), ('మ', '|'), ('ఱి', '|'), ('వి', 'U'), ('శ్వ', '|'), ('ము', '|'), ('లో', 'U'), ('మ', '|'), ('ఱ', '|'), ('వ', '|'), ('వ', '|'), ('లె', '|'), ('బ', '|'), ('రు', '|'), ('ల', '|'), ('నే', 'U'), ('ర', '|'), ('ము', '|'), ('మ', '|'), ('ఱ', '|'), ('వం', 'U'), ('గా', 'U'), ('వ', '|'), ('ల', '|'), ('దు', '|'), ('మే', 'U'), ('లు', '|'), ('మ', '|'), ('హి', '|'), ('లో', 'U'), ('వే', 'U'), ('మా', 'U')]",1.0,-1.0,1.0,1.0,1.0,1.0
aataveladi,"_x000D_
ఏమి గొంచువచ్చె నేమి తాఁగొనిపోవుఁ
_x000D_
బుట్టువేళ నరుఁడు గిట్టువేళ
_x000D_
ధనము లెచటి కేఁగు దానేగు నెచటికి
_x000D_
విశ్వదాభిరామ వినర వేమ.",vupajaathi,Vemana,"[('ఏ', 'U'), ('మి', '|'), ('గొం', 'U'), ('చు', '|'), ('వ', 'U'), ('చ్చె', '|'), ('నే', 'U'), ('మి', '|'), ('తా', 'U'), ('గొ', '|'), ('ని', '|'), ('పో', 'U'), ('వు', '|'), ('బు', 'U'), ('ట్టు', '|'), ('వే', 'U'), ('ళ', '|'), ('న', '|'), ('రు', '|'), ('డు', '|'), ('గి', 'U'), ('ట్టు', '|'), ('వే', 'U'), ('ళ', '|'), ('ధ', '|'), ('న', '|'), ('ము', '|'), ('లె', '|'), ('చ', '|'), ('టి', '|'), ('కే', 'U'), ('గు', '|'), ('దా', 'U'), ('నే', 'U'), ('గు', '|'), ('నె', '|'), ('చ', '|'), ('టి', '|'), ('కి', '|'), ('వి', 'U'), ('శ్వ', '|'), ('దా', 'U'), ('భి', '|'), ('రా', 'U'), ('మ', '|'), ('వి', '|'), ('న', '|'), ('ర', '|'), ('వే', 'U'), ('మ', '|')]",0.9166666666666666,-1.0,1.0,1.0,0.75,-1.0
aataveladi,"_x000D_
కడుపులోనిరోఁత కడు నోటియెంగిలి
_x000D_
కడుగ వశమె బ్రహ్మకొడుకుకైన
_x000D_
సత్యమున్న కొంత జగతిపై సిద్ధించు
_x000D_
విశ్వదాభిరామ వినర వేమ.",vupajaathi,Vemana,"[('క', '|'), ('డు', '|'), ('పు', '|'), ('లో', 'U'), ('ని', '|'), ('రో', 'U'), ('త', '|'), ('క', '|'), ('డు', '|'), ('నో', 'U'), ('టి', '|'), ('యెం', 'U'), ('గి', '|'), ('లి', '|'), ('క', '|'), ('డు', '|'), ('గ', '|'), ('వ', '|'), ('శ', '|'), ('మె', '|'), ('బ్ర', 'U'), ('హ్మ', '|'), ('కొ', '|'), ('డు', '|'), ('కు', '|'), ('కై', 'U'), ('న', '|'), ('స', 'U'), ('త్య', '|'), ('ము', 'U'), ('న్న', '|'), ('కొం', 'U'), ('త', '|'), ('జ', '|'), ('గ', '|'), ('తి', '|'), ('పై', 'U'), ('సి', 'U'), ('ద్ధిం', 'U'), ('చు', '|'), ('వి', 'U'), ('శ్వ', '|'), ('దా', 'U'), ('భి', '|'), ('రా', 'U'), ('మ', '|'), ('వి', '|'), ('న', '|'), ('ర', '|'), ('వే', 'U'), ('మ', '|')]",1.0,-1.0,1.0,1.0,1.0,-1.0
aataveladi,"_x000D_
అన్నిగోసివేసి యనలంబు చల్లార్చి
_x000D_
గోచిబిగియఁగట్టి కోప మడచి
_x000D_
యాసవిడిచెనేని యతఁడు తా యోగిరా
_x000D_
విశ్వదాభిరామ వినర వేమ.",vupajaathi,Vemana,"[('అ', 'U'), ('న్ని', '|'), ('గో', 'U'), ('సి', '|'), ('వే', 'U'), ('సి', '|'), ('య', '|'), ('న', '|'), ('లం', 'U'), ('బు', '|'), ('చ', 'U'), ('ల్లా', 'U'), ('ర్చి', '|'), ('గో', 'U'), ('చి', '|'), ('బి', '|'), ('గి', '|'), ('య', '|'), ('గ', 'U'), ('ట్టి', '|'), ('కో', 'U'), ('ప', '|'), ('మ', '|'), ('డ', '|'), ('చి', '|'), ('యా', 'U'), ('స', '|'), ('వి', '|'), ('డి', '|'), ('చె', '|'), ('నే', 'U'), ('ని', '|'), ('య', '|'), ('త', '|'), ('డు', '|'), ('తా', 'U'), ('యో', 'U'), ('గి', '|'), ('రా', 'U'), ('వి', 'U'), ('శ్వ', '|'), ('దా', 'U'), ('భి', '|'), ('రా', 'U'), ('మ', '|'), ('వి', '|'), ('న', '|'), ('ర', '|'), ('వే', 'U'), ('మ', '|')]",1.0,-1.0,1.0,1.0,1.0,-1.0
aataveladi,"_x000D_
గుణహీనజనుని గుణ మెంచగా నేల
_x000D_
బుద్ధిలేనివాని పూజలేల
_x000D_
మనసు లేనివాని మంత్రంబు లేలరా
_x000D_
విశ్వదాభిరామ వినర వేమ.",vupajaathi,Vemana,"[('గు', '|'), ('ణ', '|'), ('హీ', 'U'), ('న', '|'), ('జ', '|'), ('ను', '|'), ('ని', '|'), ('గు', '|'), ('ణ', '|'), ('మెం', 'U'), ('చ', '|'), ('గా', 'U'), ('నే', 'U'), ('ల', '|'), ('బు', 'U'), ('ద్ధి', '|'), ('లే', 'U'), ('ని', '|'), ('వా', 'U'), ('ని', '|'), ('పూ', 'U'), ('జ', '|'), ('లే', 'U'), ('ల', '|'), ('మ', '|'), ('న', '|'), ('సు', '|'), ('లే', 'U'), ('ని', '|'), ('వా', 'U'), ('ని', '|'), ('మం', 'U'), ('త్రం', 'U'), ('బు', '|'), ('లే', 'U'), ('ల', '|'), ('రా', 'U'), ('వి', 'U'), ('శ్వ', '|'), ('దా', 'U'), ('భి', '|'), ('రా', 'U'), ('మ', '|'), ('వి', '|'), ('న', '|'), ('ర', '|'), ('వే', 'U'), ('మ', '|')]",0.65,-1.0,1.0,0.7,0.25,-1.0
teytageethi,"_x000D_
కూడుఁగుడిచియు శతకోటిపడిగ లెత్తి
_x000D_
మాటిమాటికిఁ దినియును మంటఁగలిపి
_x000D_
కాటికేగువేళను రిత్తకూటి కగును
_x000D_
దాటిపోదురు నిజముగ దరికి వేమ.",vupajaathi,Vemana,"[('కూ', 'U'), ('డు', '|'), ('గు', '|'), ('డి', '|'), ('చి', '|'), ('యు', '|'), ('శ', '|'), ('త', '|'), ('కో', 'U'), ('టి', '|'), ('ప', '|'), ('డి', '|'), ('గ', '|'), ('లె', 'U'), ('త్తి', '|'), ('మా', 'U'), ('టి', '|'), ('మా', 'U'), ('టి', '|'), ('కి', '|'), ('ది', '|'), ('ని', '|'), ('యు', '|'), ('ను', '|'), ('మం', 'U'), ('ట', '|'), ('గ', '|'), ('లి', '|'), ('పి', '|'), ('కా', 'U'), ('టి', '|'), ('కే', 'U'), ('గు', '|'), ('వే', 'U'), ('ళ', '|'), ('ను', '|'), ('రి', 'U'), ('త్త', '|'), ('కూ', 'U'), ('టి', '|'), ('క', '|'), ('గు', '|'), ('ను', '|'), ('దా', 'U'), ('టి', '|'), ('పో', 'U'), ('దు', '|'), ('రు', '|'), ('ని', '|'), ('జ', '|'), ('ము', '|'), ('గ', '|'), ('ద', '|'), ('రి', '|'), ('కి', '|'), ('వే', 'U'), ('మ', '|')]",0.9166666666666666,-1.0,1.0,1.0,0.75,-1.0
aataveladi,"_x000D_
గీము విడిచి సుగుడి గిక్కురుమన కుండు
_x000D_
జీవు విడుచువేళ శివునిఁ దలఁచు
_x000D_
మనసు గొల్పకయును మాయచేఁ బొరలెడు
_x000D_
పాపనరుల కేటి పరము వేమ.",vupajaathi,Vemana,"[('గీ', 'U'), ('ము', '|'), ('వి', '|'), ('డి', '|'), ('చి', '|'), ('సు', '|'), ('గు', '|'), ('డి', '|'), ('గి', 'U'), ('క్కు', '|'), ('రు', '|'), ('మ', '|'), ('న', '|'), ('కుం', 'U'), ('డు', '|'), ('జీ', 'U'), ('వు', '|'), ('వి', '|'), ('డు', '|'), ('చు', '|'), ('వే', 'U'), ('ళ', '|'), ('శి', '|'), ('వు', '|'), ('ని', '|'), ('ద', '|'), ('ల', '|'), ('చు', '|'), ('మ', '|'), ('న', '|'), ('సు', '|'), ('గొ', 'U'), ('ల్ప', '|'), ('క', '|'), ('యు', '|'), ('ను', '|'), ('మా', 'U'), ('య', '|'), ('చే', 'U'), ('బొ', '|'), ('ర', '|'), ('లె', '|'), ('డు', '|'), ('పా', 'U'), ('ప', '|'), ('న', '|'), ('రు', '|'), ('ల', '|'), ('కే', 'U'), ('టి', '|'), ('ప', '|'), ('ర', '|'), ('ము', '|'), ('వే', 'U'), ('మ', '|')]",1.0,-1.0,1.0,1.0,1.0,-1.0
aataveladi,"_x000D_
తనకుఁ జేయుమేలుఁ దాఁ దెలియగ నేర్చు
_x000D_
నెలమితోడకుక్క యెఱుఁగు భువిని
_x000D_
తనకుఁ జేయుమేలు దాఁదెలియగలేని
_x000D_
మనుజుఁ డెంతఖలుఁడు మహిని వేమా.",vupajaathi,Vemana,"[('త', '|'), ('న', '|'), ('కు', '|'), ('జే', 'U'), ('యు', '|'), ('మే', 'U'), ('లు', '|'), ('దా', 'U'), ('దె', '|'), ('లి', '|'), ('య', '|'), ('గ', '|'), ('నే', 'U'), ('ర్చు', '|'), ('నె', '|'), ('ల', '|'), ('మి', '|'), ('తో', 'U'), ('డ', '|'), ('కు', 'U'), ('క్క', '|'), ('యె', '|'), ('ఱు', '|'), ('గు', '|'), ('భు', '|'), ('వి', '|'), ('ని', '|'), ('త', '|'), ('న', '|'), ('కు', '|'), ('జే', 'U'), ('యు', '|'), ('మే', 'U'), ('లు', '|'), ('దా', 'U'), ('దె', '|'), ('లి', '|'), ('య', '|'), ('గ', '|'), ('లే', 'U'), ('ని', '|'), ('మ', '|'), ('ను', '|'), ('జు', '|'), ('డెం', 'U'), ('త', '|'), ('ఖ', '|'), ('లు', '|'), ('డు', '|'), ('మ', '|'), ('హి', '|'), ('ని', '|'), ('వే', 'U'), ('మా', 'U')]",0.9,-1.0,1.0,0.95,0.75,-1.0
aataveladi,"_x000D_
హీననరులతోడ నింతులతోడను
_x000D_
పడుచువాండ్రతోడ ప్రభువుతోడ
_x000D_
ప్రాజ్ఞ జనులతోడ బ్రహ్మఘ్న జనులతో
_x000D_
వైపు దెలిసి పలుకవలయు వేమ.",vupajaathi,Vemana,"[('హీ', 'U'), ('న', '|'), ('న', '|'), ('రు', '|'), ('ల', '|'), ('తో', 'U'), ('డ', '|'), ('నిం', 'U'), ('తు', '|'), ('ల', '|'), ('తో', 'U'), ('డ', '|'), ('ను', '|'), ('ప', '|'), ('డు', '|'), ('చు', '|'), ('వాం', 'U'), ('డ్ర', '|'), ('తో', 'U'), ('డ', '|'), ('ప్ర', '|'), ('భు', '|'), ('వు', '|'), ('తో', 'U'), ('డ', '|'), ('ప్రా', 'U'), ('జ్ఞ', '|'), ('జ', '|'), ('ను', '|'), ('ల', '|'), ('తో', 'U'), ('డ', '|'), ('బ్ర', 'U'), ('హ్మ', 'U'), ('ఘ్న', '|'), ('జ', '|'), ('ను', '|'), ('ల', '|'), ('తో', 'U'), ('వై', 'U'), ('పు', '|'), ('దె', '|'), ('లి', '|'), ('సి', '|'), ('ప', '|'), ('లు', '|'), ('క', '|'), ('వ', '|'), ('ల', '|'), ('యు', '|'), ('వే', 'U'), ('మ', '|')]",0.9166666666666666,-1.0,1.0,1.0,0.75,-1.0
aataveladi,"_x000D_
అధికజనులతోడ నాప్తులతోడను
_x000D_
పరువు గురు తెఱింగి పలుకకున్న
_x000D_
వచ్చు చెడ్డతనము హెచ్చుగా గాంభీర్య
_x000D_
హానిచెందుఁ దనకు నపుడు వేమ.",vupajaathi,Vemana,"[('అ', '|'), ('ధి', '|'), ('క', '|'), ('జ', '|'), ('ను', '|'), ('ల', '|'), ('తో', 'U'), ('డ', '|'), ('నా', 'U'), ('ప్తు', '|'), ('ల', '|'), ('తో', 'U'), ('డ', '|'), ('ను', '|'), ('ప', '|'), ('రు', '|'), ('వు', '|'), ('గు', '|'), ('రు', '|'), ('తె', '|'), ('ఱిం', 'U'), ('గి', '|'), ('ప', '|'), ('లు', '|'), ('క', '|'), ('కు', 'U'), ('న్న', '|'), ('వ', 'U'), ('చ్చు', '|'), ('చె', 'U'), ('డ్డ', '|'), ('త', '|'), ('న', '|'), ('ము', '|'), ('హె', 'U'), ('చ్చు', '|'), ('గా', 'U'), ('గాం', 'U'), ('భీ', 'U'), ('ర్య', '|'), ('హా', 'U'), ('ని', '|'), ('చెం', 'U'), ('దు', '|'), ('ద', '|'), ('న', '|'), ('కు', '|'), ('న', '|'), ('పు', '|'), ('డు', '|'), ('వే', 'U'), ('మ', '|')]",0.8333333333333334,-1.0,1.0,1.0,0.5,-1.0
aataveladi,"_x000D_
అరుదుగా నడిగిన యతఁడర్థిగాఁబోడు
_x000D_
తఱచుగా నొసగక దాతగాఁడు
_x000D_
దాత కర్థి కింత తారతమ్యము సుమా
_x000D_
విశ్వదాభిరామ వినర వేమ.",vupajaathi,Vemana,"[('అ', '|'), ('రు', '|'), ('దు', '|'), ('గా', 'U'), ('న', '|'), ('డి', '|'), ('గి', '|'), ('న', '|'), ('య', '|'), ('త', '|'), ('డ', 'U'), ('ర్థి', '|'), ('గా', 'U'), ('బో', 'U'), ('డు', '|'), ('త', '|'), ('ఱ', '|'), ('చు', '|'), ('గా', 'U'), ('నొ', '|'), ('స', '|'), ('గ', '|'), ('క', '|'), ('దా', 'U'), ('త', '|'), ('గా', 'U'), ('డు', '|'), ('దా', 'U'), ('త', '|'), ('క', 'U'), ('ర్థి', '|'), ('కిం', 'U'), ('త', '|'), ('తా', 'U'), ('ర', '|'), ('త', 'U'), ('మ్య', '|'), ('ము', '|'), ('సు', '|'), ('మా', 'U'), ('వి', 'U'), ('శ్వ', '|'), ('దా', 'U'), ('భి', '|'), ('రా', 'U'), ('మ', '|'), ('వి', '|'), ('న', '|'), ('ర', '|'), ('వే', 'U'), ('మ', '|')]",1.0,-1.0,1.0,1.0,1.0,-1.0
aataveladi,"_x000D_
తల్లిదండ్రులందు దారిద్ర్యయుతులందు
_x000D_
నమ్మని నిరుపేద నరులయందు
_x000D_
ప్రభువులందుఁ జూడ భయభక్తు లమరిన
_x000D_
నిహముఫలము కల్గు నెసఁగు వేమ.",vupajaathi,Vemana,"[('త', 'U'), ('ల్లి', '|'), ('దం', 'U'), ('డ్రు', '|'), ('లం', 'U'), ('దు', '|'), ('దా', 'U'), ('రి', 'U'), ('ద్ర్య', '|'), ('యు', '|'), ('తు', '|'), ('లం', 'U'), ('దు', '|'), ('న', 'U'), ('మ్మ', '|'), ('ని', '|'), ('ని', '|'), ('రు', '|'), ('పే', 'U'), ('ద', '|'), ('న', '|'), ('రు', '|'), ('ల', '|'), ('యం', 'U'), ('దు', '|'), ('ప్ర', '|'), ('భు', '|'), ('వు', '|'), ('లం', 'U'), ('దు', '|'), ('జూ', 'U'), ('డ', '|'), ('భ', '|'), ('య', '|'), ('భ', 'U'), ('క్తు', '|'), ('ల', '|'), ('మ', '|'), ('రి', '|'), ('న', '|'), ('ని', '|'), ('హ', '|'), ('ము', '|'), ('ఫ', '|'), ('ల', '|'), ('ము', '|'), ('క', 'U'), ('ల్గు', '|'), ('నె', '|'), ('స', '|'), ('గు', '|'), ('వే', 'U'), ('మ', '|')]",1.0,-1.0,1.0,1.0,1.0,-1.0
aataveladi,"_x000D_
ముట్టుముట్టనుచును ముట్టరా దందురు
_x000D_
ముట్టుకు దరి యేమి మూలమేమి
_x000D_
నవబిలములముఱికి నరుల కందఱకును
_x000D_
విశ్వదాభిరామ వినర వేమ.",vupajaathi,Vemana,"[('ము', 'U'), ('ట్టు', '|'), ('ము', 'U'), ('ట్ట', '|'), ('ను', '|'), ('చు', '|'), ('ను', '|'), ('ము', 'U'), ('ట్ట', '|'), ('రా', 'U'), ('దం', 'U'), ('దు', '|'), ('రు', '|'), ('ము', 'U'), ('ట్టు', '|'), ('కు', '|'), ('ద', '|'), ('రి', '|'), ('యే', 'U'), ('మి', '|'), ('మూ', 'U'), ('ల', '|'), ('మే', 'U'), ('మి', '|'), ('న', '|'), ('వ', '|'), ('బి', '|'), ('ల', '|'), ('ము', '|'), ('ల', '|'), ('ము', '|'), ('ఱి', '|'), ('కి', '|'), ('న', '|'), ('రు', '|'), ('ల', '|'), ('కం', 'U'), ('ద', '|'), ('ఱ', '|'), ('కు', '|'), ('ను', '|'), ('వి', 'U'), ('శ్వ', '|'), ('దా', 'U'), ('భి', '|'), ('రా', 'U'), ('మ', '|'), ('వి', '|'), ('న', '|'), ('ర', '|'), ('వే', 'U'), ('మ', '|')]",1.0,-1.0,1.0,1.0,1.0,-1.0
aataveladi,"_x000D_
పరఁగఁదానొసఁగక పరులు చెప్పినదైన
_x000D_
నియ్యజాలకవిధి నెసఁగువాఁడు
_x000D_
పొట్టుఁదినెడులండి బువ్వలు పెట్టునా
_x000D_
విశ్వదాభిరామ వినర వేమ.",vupajaathi,Vemana,"[('ప', '|'), ('ర', '|'), ('గ', '|'), ('దా', 'U'), ('నొ', '|'), ('స', '|'), ('గ', '|'), ('క', '|'), ('ప', '|'), ('రు', '|'), ('లు', '|'), ('చె', 'U'), ('ప్పి', '|'), ('న', '|'), ('దై', 'U'), ('న', '|'), ('ని', 'U'), ('య్య', '|'), ('జా', 'U'), ('ల', '|'), ('క', '|'), ('వి', '|'), ('ధి', '|'), ('నె', '|'), ('స', '|'), ('గు', '|'), ('వా', 'U'), ('డు', '|'), ('పొ', 'U'), ('ట్టు', '|'), ('ది', '|'), ('నె', '|'), ('డు', '|'), ('లం', 'U'), ('డి', '|'), ('బు', 'U'), ('వ్వ', '|'), ('లు', '|'), ('పె', 'U'), ('ట్టు', '|'), ('నా', 'U'), ('వి', 'U'), ('శ్వ', '|'), ('దా', 'U'), ('భి', '|'), ('రా', 'U'), ('మ', '|'), ('వి', '|'), ('న', '|'), ('ర', '|'), ('వే', 'U'), ('మ', '|')]",1.0,-1.0,1.0,1.0,1.0,-1.0
aataveladi,"_x000D_
అండదప్పిన నరుఁడతిధార్మికునియిల్లు
_x000D_
చేరవలయు బ్రతుకఁజేయు నతఁడు
_x000D_
ఆ విభీషణునకు నతిగౌరవంబీడె
_x000D_
భూతలమున రామమూర్తి వేమ.",vupajaathi,Vemana,"[('అం', 'U'), ('డ', '|'), ('ద', 'U'), ('ప్పి', '|'), ('న', '|'), ('న', '|'), ('రు', '|'), ('డ', '|'), ('తి', '|'), ('ధా', 'U'), ('ర్మి', '|'), ('కు', '|'), ('ని', '|'), ('యి', 'U'), ('ల్లు', '|'), ('చే', 'U'), ('ర', '|'), ('వ', '|'), ('ల', '|'), ('యు', '|'), ('బ్ర', '|'), ('తు', '|'), ('క', '|'), ('జే', 'U'), ('యు', '|'), ('న', '|'), ('త', '|'), ('డు', '|'), ('ఆ', 'U'), ('వి', '|'), ('భీ', 'U'), ('ష', '|'), ('ణు', '|'), ('న', '|'), ('కు', '|'), ('న', '|'), ('తి', '|'), ('గౌ', 'U'), ('ర', '|'), ('వం', 'U'), ('బీ', 'U'), ('డె', '|'), ('భూ', 'U'), ('త', '|'), ('ల', '|'), ('ము', '|'), ('న', '|'), ('రా', 'U'), ('మ', '|'), ('మూ', 'U'), ('ర్తి', '|'), ('వే', 'U'), ('మ', '|')]",0.8333333333333334,-1.0,1.0,1.0,0.5,-1.0
aataveladi,"_x000D_
సకలవిద్య లరసి సంతోషపడవచ్చుఁ
_x000D_
జెయ్యిసాచి కాసు లియ్యఁలేడు
_x000D_
చెలఁగి యొరులకైన చెప్పవచ్చునుగాని
_x000D_
తాను చేయలేఁడు ధరను వేమ.",vupajaathi,Vemana,"[('స', '|'), ('క', '|'), ('ల', '|'), ('వి', 'U'), ('ద్య', '|'), ('ల', '|'), ('ర', '|'), ('సి', '|'), ('సం', 'U'), ('తో', 'U'), ('ష', '|'), ('ప', '|'), ('డ', '|'), ('వ', 'U'), ('చ్చు', '|'), ('జె', 'U'), ('య్యి', '|'), ('సా', 'U'), ('చి', '|'), ('కా', 'U'), ('సు', '|'), ('లి', 'U'), ('య్య', '|'), ('లే', 'U'), ('డు', '|'), ('చె', '|'), ('ల', '|'), ('గి', '|'), ('యొ', '|'), ('రు', '|'), ('ల', '|'), ('కై', 'U'), ('న', '|'), ('చె', 'U'), ('ప్ప', '|'), ('వ', 'U'), ('చ్చు', '|'), ('ను', '|'), ('గా', 'U'), ('ని', '|'), ('తా', 'U'), ('ను', '|'), ('చే', 'U'), ('య', '|'), ('లే', 'U'), ('డు', '|'), ('ధ', '|'), ('ర', '|'), ('ను', '|'), ('వే', 'U'), ('మ', '|')]",1.0,-1.0,1.0,1.0,1.0,-1.0
aataveladi,"_x000D_
ధర్మసత్యములను దప్పకచేయని
_x000D_
కర్మజీవి మేలుఁ గానఁలేఁడు
_x000D_
నిర్మలహృదయుండు నీరూపమున నుండు
_x000D_
విశ్వదాభిరామ వినర వేమ.",vupajaathi,Vemana,"[('ధ', 'U'), ('ర్మ', '|'), ('స', 'U'), ('త్య', '|'), ('ము', '|'), ('ల', '|'), ('ను', '|'), ('ద', 'U'), ('ప్ప', '|'), ('క', '|'), ('చే', 'U'), ('య', '|'), ('ని', '|'), ('క', 'U'), ('ర్మ', '|'), ('జీ', 'U'), ('వి', '|'), ('మే', 'U'), ('లు', '|'), ('గా', 'U'), ('న', '|'), ('లే', 'U'), ('డు', '|'), ('ని', 'U'), ('ర్మ', '|'), ('ల', '|'), ('హృ', '|'), ('ద', '|'), ('యుం', 'U'), ('డు', '|'), ('నీ', 'U'), ('రూ', 'U'), ('ప', '|'), ('ము', '|'), ('న', '|'), ('నుం', 'U'), ('డు', '|'), ('వి', 'U'), ('శ్వ', '|'), ('దా', 'U'), ('భి', '|'), ('రా', 'U'), ('మ', '|'), ('వి', '|'), ('న', '|'), ('ర', '|'), ('వే', 'U'), ('మ', '|')]",1.0,-1.0,1.0,1.0,1.0,-1.0
aataveladi,"_x000D_
ధనములేమి కులము తక్కువపడవచ్చు
_x000D_
ధనములేమి కీర్తి దలఁగిపోవు
_x000D_
ధనములేమి శుచిని దగఁబుట్టనియ్యదు
_x000D_
ధనములేమి ఘనత తప్పు వేమ.",vupajaathi,Vemana,"[('ధ', '|'), ('న', '|'), ('ము', '|'), ('లే', 'U'), ('మి', '|'), ('కు', '|'), ('ల', '|'), ('ము', '|'), ('త', 'U'), ('క్కు', '|'), ('వ', '|'), ('ప', '|'), ('డ', '|'), ('వ', 'U'), ('చ్చు', '|'), ('ధ', '|'), ('న', '|'), ('ము', '|'), ('లే', 'U'), ('మి', '|'), ('కీ', 'U'), ('ర్తి', '|'), ('ద', '|'), ('ల', '|'), ('గి', '|'), ('పో', 'U'), ('వు', '|'), ('ధ', '|'), ('న', '|'), ('ము', '|'), ('లే', 'U'), ('మి', '|'), ('శు', '|'), ('చి', '|'), ('ని', '|'), ('ద', '|'), ('గ', '|'), ('బు', 'U'), ('ట్ట', '|'), ('ని', 'U'), ('య్య', '|'), ('దు', '|'), ('ధ', '|'), ('న', '|'), ('ము', '|'), ('లే', 'U'), ('మి', '|'), ('ఘ', '|'), ('న', '|'), ('త', '|'), ('త', 'U'), ('ప్పు', '|'), ('వే', 'U'), ('మ', '|')]",1.0,-1.0,1.0,1.0,1.0,-1.0
aataveladi,"_x000D_
ధనములేమి సుతులు తప్పుల నిడుదురు
_x000D_
ధనములేమి పత్నిఁ దాకరాదు
_x000D_
ధనములే మెవరికి తాళిక యుండదు
_x000D_
విశ్వదాభిరామ వినర వేమ.",vupajaathi,Vemana,"[('ధ', '|'), ('న', '|'), ('ము', '|'), ('లే', 'U'), ('మి', '|'), ('సు', '|'), ('తు', '|'), ('లు', '|'), ('త', 'U'), ('ప్పు', '|'), ('ల', '|'), ('ని', '|'), ('డు', '|'), ('దు', '|'), ('రు', '|'), ('ధ', '|'), ('న', '|'), ('ము', '|'), ('లే', 'U'), ('మి', '|'), ('ప', 'U'), ('త్ని', '|'), ('దా', 'U'), ('క', '|'), ('రా', 'U'), ('దు', '|'), ('ధ', '|'), ('న', '|'), ('ము', '|'), ('లే', 'U'), ('మె', '|'), ('వ', '|'), ('రి', '|'), ('కి', '|'), ('తా', 'U'), ('ళి', '|'), ('క', '|'), ('యుం', 'U'), ('డ', '|'), ('దు', '|'), ('వి', 'U'), ('శ్వ', '|'), ('దా', 'U'), ('భి', '|'), ('రా', 'U'), ('మ', '|'), ('వి', '|'), ('న', '|'), ('ర', '|'), ('వే', 'U'), ('మ', '|')]",1.0,-1.0,1.0,1.0,1.0,-1.0
aataveladi,"_x000D_
చచ్చువార లెవరు చావనివా రేరి
_x000D_
చచ్చి బ్రతికియుండుజన్ము లెవరు
_x000D_
విచ్చలవిడిగాను వివరించి చూడరా
_x000D_
విశ్వదాభిరామ వినర వేమ.",vupajaathi,Vemana,"[('చ', 'U'), ('చ్చు', '|'), ('వా', 'U'), ('ర', '|'), ('లె', '|'), ('వ', '|'), ('రు', '|'), ('చా', 'U'), ('వ', '|'), ('ని', '|'), ('వా', 'U'), ('రే', 'U'), ('రి', '|'), ('చ', 'U'), ('చ్చి', '|'), ('బ్ర', '|'), ('తి', '|'), ('కి', '|'), ('యుం', 'U'), ('డు', '|'), ('జ', 'U'), ('న్ము', '|'), ('లె', '|'), ('వ', '|'), ('రు', '|'), ('వి', 'U'), ('చ్చ', '|'), ('ల', '|'), ('వి', '|'), ('డి', '|'), ('గా', 'U'), ('ను', '|'), ('వి', '|'), ('వ', '|'), ('రిం', 'U'), ('చి', '|'), ('చూ', 'U'), ('డ', '|'), ('రా', 'U'), ('వి', 'U'), ('శ్వ', '|'), ('దా', 'U'), ('భి', '|'), ('రా', 'U'), ('మ', '|'), ('వి', '|'), ('న', '|'), ('ర', '|'), ('వే', 'U'), ('మ', '|')]",1.0,-1.0,1.0,1.0,1.0,-1.0
aataveladi,"_x000D_
బ్రతుకువార లెవరు బ్రతుకకుందు రెవరు
_x000D_
బ్రతికిబ్రతుకలేని ప్రాణు లెవరు
_x000D_
క్షితిని శోధఁజేసి స్థిరమునఁజూడరా
_x000D_
విశ్వదాభిరామ వినర వేమ.",vupajaathi,Vemana,"[('బ్ర', '|'), ('తు', '|'), ('కు', '|'), ('వా', 'U'), ('ర', '|'), ('లె', '|'), ('వ', '|'), ('రు', '|'), ('బ్ర', '|'), ('తు', '|'), ('క', '|'), ('కుం', 'U'), ('దు', '|'), ('రె', '|'), ('వ', '|'), ('రు', '|'), ('బ్ర', '|'), ('తి', '|'), ('కి', '|'), ('బ్ర', '|'), ('తు', '|'), ('క', '|'), ('లే', 'U'), ('ని', '|'), ('ప్రా', 'U'), ('ణు', '|'), ('లె', '|'), ('వ', '|'), ('రు', 'U'), ('క్షి', '|'), ('తి', '|'), ('ని', '|'), ('శో', 'U'), ('ధ', '|'), ('జే', 'U'), ('సి', 'U'), ('స్థి', '|'), ('ర', '|'), ('ము', '|'), ('న', '|'), ('జూ', 'U'), ('డ', '|'), ('రా', 'U'), ('వి', 'U'), ('శ్వ', '|'), ('దా', 'U'), ('భి', '|'), ('రా', 'U'), ('మ', '|'), ('వి', '|'), ('న', '|'), ('ర', '|'), ('వే', 'U'), ('మ', '|')]",0.7666666666666666,-1.0,1.0,0.8,0.5,-1.0
aataveladi,"_x000D_
పెట్టువార లెవరు పెట్టకుందు రెవరు
_x000D_
పెట్టిపుట్టినట్టిదిట్ట లెవరు
_x000D_
పట్టుదప్పకుండ భావించి చూడరా
_x000D_
విశ్వదాభిరామ వినర వేమ.",vupajaathi,Vemana,"[('పె', 'U'), ('ట్టు', '|'), ('వా', 'U'), ('ర', '|'), ('లె', '|'), ('వ', '|'), ('రు', '|'), ('పె', 'U'), ('ట్ట', '|'), ('కుం', 'U'), ('దు', '|'), ('రె', '|'), ('వ', '|'), ('రు', '|'), ('పె', 'U'), ('ట్టి', '|'), ('పు', 'U'), ('ట్టి', '|'), ('న', 'U'), ('ట్టి', '|'), ('ది', 'U'), ('ట్ట', '|'), ('లె', '|'), ('వ', '|'), ('రు', '|'), ('ప', 'U'), ('ట్టు', '|'), ('ద', 'U'), ('ప్ప', '|'), ('కుం', 'U'), ('డ', '|'), ('భా', 'U'), ('విం', 'U'), ('చి', '|'), ('చూ', 'U'), ('డ', '|'), ('రా', 'U'), ('వి', 'U'), ('శ్వ', '|'), ('దా', 'U'), ('భి', '|'), ('రా', 'U'), ('మ', '|'), ('వి', '|'), ('న', '|'), ('ర', '|'), ('వే', 'U'), ('మ', '|')]",1.0,-1.0,1.0,1.0,1.0,-1.0
aataveladi,"_x000D_
పుట్టువార లెవరు పుట్టకుందు రెవరు
_x000D_
పుట్టిగిట్టినట్టి పురుషు లెవరు
_x000D_
పుట్టిపుట్టనియట్లు బోధించి చూడరా
_x000D_
విశ్వదాభిరామ వినర వేమ.",vupajaathi,Vemana,"[('పు', 'U'), ('ట్టు', '|'), ('వా', 'U'), ('ర', '|'), ('లె', '|'), ('వ', '|'), ('రు', '|'), ('పు', 'U'), ('ట్ట', '|'), ('కుం', 'U'), ('దు', '|'), ('రె', '|'), ('వ', '|'), ('రు', '|'), ('పు', 'U'), ('ట్టి', '|'), ('గి', 'U'), ('ట్టి', '|'), ('న', 'U'), ('ట్టి', '|'), ('పు', '|'), ('రు', '|'), ('షు', '|'), ('లె', '|'), ('వ', '|'), ('రు', '|'), ('పు', 'U'), ('ట్టి', '|'), ('పు', 'U'), ('ట్ట', '|'), ('ని', '|'), ('య', 'U'), ('ట్లు', '|'), ('బో', 'U'), ('ధిం', 'U'), ('చి', '|'), ('చూ', 'U'), ('డ', '|'), ('రా', 'U'), ('వి', 'U'), ('శ్వ', '|'), ('దా', 'U'), ('భి', '|'), ('రా', 'U'), ('మ', '|'), ('వి', '|'), ('న', '|'), ('ర', '|'), ('వే', 'U'), ('మ', '|')]",0.9833333333333334,-1.0,1.0,0.95,1.0,-1.0
aataveladi,"_x000D_
కట్టువార లేరి కట్టినవారేరి
_x000D_
కట్టికట్ట లేని కర్ము లేరి
_x000D_
గట్టిపఱచిలెస్స గనుగల్గి చూడరా
_x000D_
విశ్వదాభిరామ వినర వేమ.",vupajaathi,Vemana,"[('క', 'U'), ('ట్టు', '|'), ('వా', 'U'), ('ర', '|'), ('లే', 'U'), ('రి', '|'), ('క', 'U'), ('ట్టి', '|'), ('న', '|'), ('వా', 'U'), ('రే', 'U'), ('రి', '|'), ('క', 'U'), ('ట్టి', '|'), ('క', 'U'), ('ట్ట', '|'), ('లే', 'U'), ('ని', '|'), ('క', 'U'), ('ర్ము', '|'), ('లే', 'U'), ('రి', '|'), ('గ', 'U'), ('ట్టి', '|'), ('ప', '|'), ('ఱ', '|'), ('చి', '|'), ('లె', 'U'), ('స్స', '|'), ('గ', '|'), ('ను', '|'), ('గ', 'U'), ('ల్గి', '|'), ('చూ', 'U'), ('డ', '|'), ('రా', 'U'), ('వి', 'U'), ('శ్వ', '|'), ('దా', 'U'), ('భి', '|'), ('రా', 'U'), ('మ', '|'), ('వి', '|'), ('న', '|'), ('ర', '|'), ('వే', 'U'), ('మ', '|')]",1.0,-1.0,1.0,1.0,1.0,-1.0
aataveladi,"_x000D_
ఇట్టిపంచజనుని యేష్యము దెలిసిన
_x000D_
పెట్టి పుట్టి కట్టి పృథివి బ్రతికి
_x000D_
చచ్చి సిద్ధుఁడగుచు సర్వజ్ఞుఁడయినిల్చు
_x000D_
నెల్లమహిమ నీకు చెల్లు వేమ.",vupajaathi,Vemana,"[('ఇ', 'U'), ('ట్టి', '|'), ('పం', 'U'), ('చ', '|'), ('జ', '|'), ('ను', '|'), ('ని', '|'), ('యే', 'U'), ('ష్య', '|'), ('ము', '|'), ('దె', '|'), ('లి', '|'), ('సి', '|'), ('న', '|'), ('పె', 'U'), ('ట్టి', '|'), ('పు', 'U'), ('ట్టి', '|'), ('క', 'U'), ('ట్టి', '|'), ('పృ', '|'), ('థి', '|'), ('వి', '|'), ('బ్ర', '|'), ('తి', '|'), ('కి', '|'), ('చ', 'U'), ('చ్చి', '|'), ('సి', 'U'), ('ద్ధు', '|'), ('డ', '|'), ('గు', '|'), ('చు', '|'), ('స', 'U'), ('ర్వ', 'U'), ('జ్ఞు', '|'), ('డ', '|'), ('యి', '|'), ('ని', 'U'), ('ల్చు', '|'), ('నె', 'U'), ('ల్ల', '|'), ('మ', '|'), ('హి', '|'), ('మ', '|'), ('నీ', 'U'), ('కు', '|'), ('చె', 'U'), ('ల్లు', '|'), ('వే', 'U'), ('మ', '|')]",0.8333333333333334,-1.0,1.0,1.0,0.5,-1.0
aataveladi,"_x000D_
మూఢకోపములను మోహలాభంబులు
_x000D_
నక్కజంపు క్రూర మధిక మయ్యె
_x000D_
కక్కసంబుచేతఁ గాలునిచేతను
_x000D_
మొక్కఁబోదురు తుది మొనసి వేమ.",vupajaathi,Vemana,"[('మూ', 'U'), ('ఢ', '|'), ('కో', 'U'), ('ప', '|'), ('ము', '|'), ('ల', '|'), ('ను', '|'), ('మో', 'U'), ('హ', '|'), ('లా', 'U'), ('భం', 'U'), ('బు', '|'), ('లు', '|'), ('న', 'U'), ('క్క', '|'), ('జం', 'U'), ('పు', '|'), ('క్రూ', 'U'), ('ర', '|'), ('మ', '|'), ('ధి', '|'), ('క', '|'), ('మ', 'U'), ('య్యె', '|'), ('క', 'U'), ('క్క', '|'), ('సం', 'U'), ('బు', '|'), ('చే', 'U'), ('త', '|'), ('గా', 'U'), ('లు', '|'), ('ని', '|'), ('చే', 'U'), ('త', '|'), ('ను', '|'), ('మొ', 'U'), ('క్క', '|'), ('బో', 'U'), ('దు', '|'), ('రు', '|'), ('తు', '|'), ('ది', '|'), ('మొ', '|'), ('న', '|'), ('సి', '|'), ('వే', 'U'), ('మ', '|')]",0.9166666666666666,-1.0,1.0,1.0,0.75,-1.0
aataveladi,"_x000D_
చిత్తముగలయోగి శివునివలనే యుండు
_x000D_
మిథ్యయోగి యుండు మిడుతవలెనె
_x000D_
నిత్యుఁడైన యోగి నీవలె నుండురా
_x000D_
విశ్వదాభిరామ వినర వేమ.",vupajaathi,Vemana,"[('చి', 'U'), ('త్త', '|'), ('ము', '|'), ('గ', '|'), ('ల', '|'), ('యో', 'U'), ('గి', '|'), ('శి', '|'), ('వు', '|'), ('ని', '|'), ('వ', '|'), ('ల', '|'), ('నే', 'U'), ('యుం', 'U'), ('డు', '|'), ('మి', 'U'), ('థ్య', '|'), ('యో', 'U'), ('గి', '|'), ('యుం', 'U'), ('డు', '|'), ('మి', '|'), ('డు', '|'), ('త', '|'), ('వ', '|'), ('లె', '|'), ('నె', '|'), ('ని', 'U'), ('త్యు', '|'), ('డై', 'U'), ('న', '|'), ('యో', 'U'), ('గి', '|'), ('నీ', 'U'), ('వ', '|'), ('లె', '|'), ('నుం', 'U'), ('డు', '|'), ('రా', 'U'), ('వి', 'U'), ('శ్వ', '|'), ('దా', 'U'), ('భి', '|'), ('రా', 'U'), ('మ', '|'), ('వి', '|'), ('న', '|'), ('ర', '|'), ('వే', 'U'), ('మ', '|')]",0.9833333333333334,-1.0,1.0,0.95,1.0,-1.0
aataveladi,"_x000D_
ఉన్న సరికి మనుజుఁ డుపకారి గాలేక
_x000D_
కన్నుగనక పల్కుగర్వములను
_x000D_
దీనులయినవారి దిగువారిగాఁజూచి
_x000D_
పరము గనకనూత బడును వేమ.",vupajaathi,Vemana,"[('ఉ', 'U'), ('న్న', '|'), ('స', '|'), ('రి', '|'), ('కి', '|'), ('మ', '|'), ('ను', '|'), ('జు', '|'), ('డు', '|'), ('ప', '|'), ('కా', 'U'), ('రి', '|'), ('గా', 'U'), ('లే', 'U'), ('క', '|'), ('క', 'U'), ('న్ను', '|'), ('గ', '|'), ('న', '|'), ('క', '|'), ('ప', 'U'), ('ల్కు', '|'), ('గ', 'U'), ('ర్వ', '|'), ('ము', '|'), ('ల', '|'), ('ను', '|'), ('దీ', 'U'), ('ను', '|'), ('ల', '|'), ('యి', '|'), ('న', '|'), ('వా', 'U'), ('రి', '|'), ('ది', '|'), ('గు', '|'), ('వా', 'U'), ('రి', '|'), ('గా', 'U'), ('జూ', 'U'), ('చి', '|'), ('ప', '|'), ('ర', '|'), ('ము', '|'), ('గ', '|'), ('న', '|'), ('క', '|'), ('నూ', 'U'), ('త', '|'), ('బ', '|'), ('డు', '|'), ('ను', '|'), ('వే', 'U'), ('మ', '|')]",0.9166666666666666,-1.0,1.0,1.0,0.75,-1.0
aataveladi,"_x000D_
రోగియైనవాఁడు రోగి నెఱుంగును
_x000D_
రోగి నరసిచూచి రూఢిగాను
_x000D_
రోగి కిడినవానిరాగి బంగా రౌను
_x000D_
విశ్వదాభిరామ వినర వేమ.",vupajaathi,Vemana,"[('రో', 'U'), ('గి', '|'), ('యై', 'U'), ('న', '|'), ('వా', 'U'), ('డు', '|'), ('రో', 'U'), ('గి', '|'), ('నె', '|'), ('ఱుం', 'U'), ('గు', '|'), ('ను', '|'), ('రో', 'U'), ('గి', '|'), ('న', '|'), ('ర', '|'), ('సి', '|'), ('చూ', 'U'), ('చి', '|'), ('రూ', 'U'), ('ఢి', '|'), ('గా', 'U'), ('ను', '|'), ('రో', 'U'), ('గి', '|'), ('కి', '|'), ('డి', '|'), ('న', '|'), ('వా', 'U'), ('ని', '|'), ('రా', 'U'), ('గి', '|'), ('బం', 'U'), ('గా', 'U'), ('రౌ', 'U'), ('ను', '|'), ('వి', 'U'), ('శ్వ', '|'), ('దా', 'U'), ('భి', '|'), ('రా', 'U'), ('మ', '|'), ('వి', '|'), ('న', '|'), ('ర', '|'), ('వే', 'U'), ('మ', '|')]",1.0,-1.0,1.0,1.0,1.0,-1.0
aataveladi,"_x000D_
ఎదుటితనబలంబు లెంచుకోనేరక
_x000D_
డీకొని చలమున నెదిర్చెనేని
_x000D_
యెలుగు పందిసేత కేర్పడు చందంబు
_x000D_
విశ్వదాభిరామ వినర వేమ.",vupajaathi,Vemana,"[('ఎ', '|'), ('దు', '|'), ('టి', '|'), ('త', '|'), ('న', '|'), ('బ', '|'), ('లం', 'U'), ('బు', '|'), ('లెం', 'U'), ('చు', '|'), ('కో', 'U'), ('నే', 'U'), ('ర', '|'), ('క', '|'), ('డీ', 'U'), ('కొ', '|'), ('ని', '|'), ('చ', '|'), ('ల', '|'), ('ము', '|'), ('న', '|'), ('నె', '|'), ('ది', 'U'), ('ర్చె', '|'), ('నే', 'U'), ('ని', '|'), ('యె', '|'), ('లు', '|'), ('గు', '|'), ('పం', 'U'), ('ది', '|'), ('సే', 'U'), ('త', '|'), ('కే', 'U'), ('ర్ప', '|'), ('డు', '|'), ('చం', 'U'), ('దం', 'U'), ('బు', '|'), ('వి', 'U'), ('శ్వ', '|'), ('దా', 'U'), ('భి', '|'), ('రా', 'U'), ('మ', '|'), ('వి', '|'), ('న', '|'), ('ర', '|'), ('వే', 'U'), ('మ', '|')]",0.8333333333333334,-1.0,1.0,1.0,0.5,-1.0
aataveladi,"_x000D_
ఓగుబాగెఱుఁగని యుత్తమూఢజనంబు
_x000D_
లిలను ధీ జనముల నెంచుటెల్ల
_x000D_
కరినిజూచి కుక్క మొఱిగిన సామ్యమౌ
_x000D_
విశ్వదాభిరామ వినర వేమ.",vupajaathi,Vemana,"[('ఓ', 'U'), ('గు', '|'), ('బా', 'U'), ('గె', '|'), ('ఱు', '|'), ('గ', '|'), ('ని', '|'), ('యు', 'U'), ('త్త', '|'), ('మూ', 'U'), ('ఢ', '|'), ('జ', '|'), ('నం', 'U'), ('బు', '|'), ('లి', '|'), ('ల', '|'), ('ను', '|'), ('ధీ', 'U'), ('జ', '|'), ('న', '|'), ('ము', '|'), ('ల', '|'), ('నెం', 'U'), ('చు', '|'), ('టె', 'U'), ('ల్ల', '|'), ('క', '|'), ('రి', '|'), ('ని', '|'), ('జూ', 'U'), ('చి', '|'), ('కు', 'U'), ('క్క', '|'), ('మొ', '|'), ('ఱి', '|'), ('గి', '|'), ('న', '|'), ('సా', 'U'), ('మ్య', '|'), ('మౌ', 'U'), ('వి', 'U'), ('శ్వ', '|'), ('దా', 'U'), ('భి', '|'), ('రా', 'U'), ('మ', '|'), ('వి', '|'), ('న', '|'), ('ర', '|'), ('వే', 'U'), ('మ', '|')]",0.75,-1.0,1.0,1.0,0.25,-1.0
aataveladi,"_x000D_
నేరనిజనులకును నేర్పు నేరము లెల్లఁ
_x000D_
జక్కఁజేయరిల నసాధుజనము
_x000D_
లొప్పుదుర్జనులను తప్పుగనెంతురు
_x000D_
విశ్వదాభిరామ వినర వేమ.",vupajaathi,Vemana,"[('నే', 'U'), ('ర', '|'), ('ని', '|'), ('జ', '|'), ('ను', '|'), ('ల', '|'), ('కు', '|'), ('ను', '|'), ('నే', 'U'), ('ర్పు', '|'), ('నే', 'U'), ('ర', '|'), ('ము', '|'), ('లె', 'U'), ('ల్ల', '|'), ('జ', 'U'), ('క్క', '|'), ('జే', 'U'), ('య', '|'), ('రి', '|'), ('ల', '|'), ('న', '|'), ('సా', 'U'), ('ధు', '|'), ('జ', '|'), ('న', '|'), ('ము', '|'), ('లొ', 'U'), ('ప్పు', '|'), ('దు', 'U'), ('ర్జ', '|'), ('ను', '|'), ('ల', '|'), ('ను', '|'), ('త', 'U'), ('ప్పు', '|'), ('గ', '|'), ('నెం', 'U'), ('తు', '|'), ('రు', '|'), ('వి', 'U'), ('శ్వ', '|'), ('దా', 'U'), ('భి', '|'), ('రా', 'U'), ('మ', '|'), ('వి', '|'), ('న', '|'), ('ర', '|'), ('వే', 'U'), ('మ', '|')]",1.0,-1.0,1.0,1.0,1.0,-1.0
aataveladi,"_x000D_
దిక్కులేనిరోఁత దీనతఁ బాపిన
_x000D_
పురుషుఁడిహమునందు పూజ్యుఁడగును
_x000D_
పరమునందు వాని భాగ్య మేమనవచ్చు
_x000D_
విశ్వదాభిరామ వినర వేమ.",vupajaathi,Vemana,"[('ది', 'U'), ('క్కు', '|'), ('లే', 'U'), ('ని', '|'), ('రో', 'U'), ('త', '|'), ('దీ', 'U'), ('న', '|'), ('త', '|'), ('బా', 'U'), ('పి', '|'), ('న', '|'), ('పు', '|'), ('రు', '|'), ('షు', '|'), ('డి', '|'), ('హ', '|'), ('ము', '|'), ('నం', 'U'), ('దు', '|'), ('పూ', 'U'), ('జ్యు', '|'), ('డ', '|'), ('గు', '|'), ('ను', '|'), ('ప', '|'), ('ర', '|'), ('ము', '|'), ('నం', 'U'), ('దు', '|'), ('వా', 'U'), ('ని', '|'), ('భా', 'U'), ('గ్య', '|'), ('మే', 'U'), ('మ', '|'), ('న', '|'), ('వ', 'U'), ('చ్చు', '|'), ('వి', 'U'), ('శ్వ', '|'), ('దా', 'U'), ('భి', '|'), ('రా', 'U'), ('మ', '|'), ('వి', '|'), ('న', '|'), ('ర', '|'), ('వే', 'U'), ('మ', '|')]",1.0,-1.0,1.0,1.0,1.0,-1.0
aataveladi,"_x000D_
పలుగువాని కేల పరసమృద్ధి దలంప
_x000D_
పలుగువాని కేల భక్తిపదము
_x000D_
పలుగువాని కేల పరమార్థ తత్వంబు
_x000D_
విశ్వదాభిరామ వినర వేమ.",vupajaathi,Vemana,"[('ప', '|'), ('లు', '|'), ('గు', '|'), ('వా', 'U'), ('ని', '|'), ('కే', 'U'), ('ల', '|'), ('ప', '|'), ('ర', '|'), ('స', '|'), ('మృ', 'U'), ('ద్ధి', '|'), ('ద', '|'), ('లం', 'U'), ('ప', '|'), ('ప', '|'), ('లు', '|'), ('గు', '|'), ('వా', 'U'), ('ని', '|'), ('కే', 'U'), ('ల', '|'), ('భ', 'U'), ('క్తి', '|'), ('ప', '|'), ('ద', '|'), ('ము', '|'), ('ప', '|'), ('లు', '|'), ('గు', '|'), ('వా', 'U'), ('ని', '|'), ('కే', 'U'), ('ల', '|'), ('ప', '|'), ('ర', '|'), ('మా', 'U'), ('ర్థ', '|'), ('త', 'U'), ('త్వం', 'U'), ('బు', '|'), ('వి', 'U'), ('శ్వ', '|'), ('దా', 'U'), ('భి', '|'), ('రా', 'U'), ('మ', '|'), ('వి', '|'), ('న', '|'), ('ర', '|'), ('వే', 'U'), ('మ', '|')]",1.0,-1.0,1.0,1.0,1.0,-1.0
aataveladi,"_x000D_
తండ్రిసొమ్మునైన దాయాదిసొమ్మైనఁ
_x000D_
బరులసొమ్మునయినఁ బ్రాప్తధనము
_x000D_
దయను దీనులకును దాన మిచ్చినవాఁడె
_x000D_
బహుళపుణ్యజనుఁడు పరఁగ వేమ.",vupajaathi,Vemana,"[('తం', 'U'), ('డ్రి', '|'), ('సొ', 'U'), ('మ్ము', '|'), ('నై', 'U'), ('న', '|'), ('దా', 'U'), ('యా', 'U'), ('ది', '|'), ('సొ', 'U'), ('మ్మై', 'U'), ('న', '|'), ('బ', '|'), ('రు', '|'), ('ల', '|'), ('సొ', 'U'), ('మ్ము', '|'), ('న', '|'), ('యి', '|'), ('న', '|'), ('బ్రా', 'U'), ('ప్త', '|'), ('ధ', '|'), ('న', '|'), ('ము', '|'), ('ద', '|'), ('య', '|'), ('ను', '|'), ('దీ', 'U'), ('ను', '|'), ('ల', '|'), ('కు', '|'), ('ను', '|'), ('దా', 'U'), ('న', '|'), ('మి', 'U'), ('చ్చి', '|'), ('న', '|'), ('వా', 'U'), ('డె', '|'), ('బ', '|'), ('హు', '|'), ('ళ', '|'), ('పు', 'U'), ('ణ్య', '|'), ('జ', '|'), ('ను', '|'), ('డు', '|'), ('ప', '|'), ('ర', '|'), ('గ', '|'), ('వే', 'U'), ('మ', '|')]",1.0,-1.0,1.0,1.0,1.0,-1.0
aataveladi,"_x000D_
తనదుసొమ్ముఁజూడ దాన మియ్యగవచ్చు
_x000D_
నవని దొడ్డగాద దెవరికైన
_x000D_
నదురు బెదురు లేక యన్యులసొమ్ముల
_x000D_
దానమిచ్చువాఁడు దాత వేమ.",vupajaathi,Vemana,"[('త', '|'), ('న', '|'), ('దు', '|'), ('సొ', 'U'), ('మ్ము', '|'), ('జూ', 'U'), ('డ', '|'), ('దా', 'U'), ('న', '|'), ('మి', 'U'), ('య్య', '|'), ('గ', '|'), ('వ', 'U'), ('చ్చు', '|'), ('న', '|'), ('వ', '|'), ('ని', '|'), ('దొ', 'U'), ('డ్డ', '|'), ('గా', 'U'), ('ద', '|'), ('దె', '|'), ('వ', '|'), ('రి', '|'), ('కై', 'U'), ('న', '|'), ('న', '|'), ('దు', '|'), ('రు', '|'), ('బె', '|'), ('దు', '|'), ('రు', '|'), ('లే', 'U'), ('క', '|'), ('య', 'U'), ('న్యు', '|'), ('ల', '|'), ('సొ', 'U'), ('మ్ము', '|'), ('ల', '|'), ('దా', 'U'), ('న', '|'), ('మి', 'U'), ('చ్చు', '|'), ('వా', 'U'), ('డు', '|'), ('దా', 'U'), ('త', '|'), ('వే', 'U'), ('మ', '|')]",0.9166666666666666,-1.0,1.0,1.0,0.75,-1.0
aataveladi,"_x000D_
ధైర్యయుతుని కితరధనమైన నదురేమి
_x000D_
దాన మిచ్చునపుడె తనకుఁదక్కె
_x000D_
నెలమి మించుపనికినెవ రేమిసేయుదు
_x000D_
రడుగుదప్ప తప్పు పిడుగు వేమ.",vupajaathi,Vemana,"[('ధై', 'U'), ('ర్య', '|'), ('యు', '|'), ('తు', '|'), ('ని', '|'), ('కి', '|'), ('త', '|'), ('ర', '|'), ('ధ', '|'), ('న', '|'), ('మై', 'U'), ('న', '|'), ('న', '|'), ('దు', '|'), ('రే', 'U'), ('మి', '|'), ('దా', 'U'), ('న', '|'), ('మి', 'U'), ('చ్చు', '|'), ('న', '|'), ('పు', '|'), ('డె', '|'), ('త', '|'), ('న', '|'), ('కు', '|'), ('ద', 'U'), ('క్కె', '|'), ('నె', '|'), ('ల', '|'), ('మి', '|'), ('మిం', 'U'), ('చు', '|'), ('ప', '|'), ('ని', '|'), ('కి', '|'), ('నె', '|'), ('వ', '|'), ('రే', 'U'), ('మి', '|'), ('సే', 'U'), ('యు', '|'), ('దు', '|'), ('ర', '|'), ('డు', '|'), ('గు', '|'), ('ద', 'U'), ('ప్ప', '|'), ('త', 'U'), ('ప్పు', '|'), ('పి', '|'), ('డు', '|'), ('గు', '|'), ('వే', 'U'), ('మ', '|')]",1.0,-1.0,1.0,1.0,1.0,-1.0
aataveladi,"_x000D_
ద్రోహబుద్ధినైన దొంగఱికమునైన
_x000D_
నటననైన సాహసముననైన
_x000D_
సంపదధికునుండి సాధించి ధనమును
_x000D_
బడుగు కిచ్చి బాగుపడును వేమ.",vupajaathi,Vemana,"[('ద్రో', 'U'), ('హ', '|'), ('బు', 'U'), ('ద్ధి', '|'), ('నై', 'U'), ('న', '|'), ('దొం', 'U'), ('గ', '|'), ('ఱి', '|'), ('క', '|'), ('ము', '|'), ('నై', 'U'), ('న', '|'), ('న', '|'), ('ట', '|'), ('న', '|'), ('నై', 'U'), ('న', '|'), ('సా', 'U'), ('హ', '|'), ('స', '|'), ('ము', '|'), ('న', '|'), ('నై', 'U'), ('న', '|'), ('సం', 'U'), ('ప', '|'), ('ద', '|'), ('ధి', '|'), ('కు', '|'), ('నుం', 'U'), ('డి', '|'), ('సా', 'U'), ('ధిం', 'U'), ('చి', '|'), ('ధ', '|'), ('న', '|'), ('ము', '|'), ('ను', '|'), ('బ', '|'), ('డు', '|'), ('గు', '|'), ('కి', 'U'), ('చ్చి', '|'), ('బా', 'U'), ('గు', '|'), ('ప', '|'), ('డు', '|'), ('ను', '|'), ('వే', 'U'), ('మ', '|')]",0.9166666666666666,-1.0,1.0,1.0,0.75,-1.0
aataveladi,"_x000D_
నరుఁడటు పరమాత్మ గురుని జేరునపుడు
_x000D_
హస్తమందె మోక్ష మపుడె చూపు
_x000D_
విఱివిసంపదలను విఱ్ఱవీగినజీవి
_x000D_
పర మెఱుఁగక యమునిపాలు వేమ.",vupajaathi,Vemana,"[('న', '|'), ('రు', '|'), ('డ', '|'), ('టు', '|'), ('ప', '|'), ('ర', '|'), ('మా', 'U'), ('త్మ', '|'), ('గు', '|'), ('రు', '|'), ('ని', '|'), ('జే', 'U'), ('రు', '|'), ('న', '|'), ('పు', '|'), ('డు', '|'), ('హ', 'U'), ('స్త', '|'), ('మం', 'U'), ('దె', '|'), ('మో', 'U'), ('క్ష', '|'), ('మ', '|'), ('పు', '|'), ('డె', '|'), ('చూ', 'U'), ('పు', '|'), ('వి', '|'), ('ఱి', '|'), ('వి', '|'), ('సం', 'U'), ('ప', '|'), ('ద', '|'), ('ల', '|'), ('ను', '|'), ('వి', 'U'), ('ఱ్ఱ', '|'), ('వీ', 'U'), ('గి', '|'), ('న', '|'), ('జీ', 'U'), ('వి', '|'), ('ప', '|'), ('ర', '|'), ('మె', '|'), ('ఱు', '|'), ('గ', '|'), ('క', '|'), ('య', '|'), ('ము', '|'), ('ని', '|'), ('పా', 'U'), ('లు', '|'), ('వే', 'U'), ('మ', '|')]",0.9166666666666666,-1.0,1.0,1.0,0.75,-1.0
aataveladi,"_x000D_
బిడ్డలను సతులను వేఱైనచుట్టాల
_x000D_
సంపదల తనువులఁ జాలనమ్మి
_x000D_
సంతసిల్లుచుండు క్షణభంగురము లన్ని
_x000D_
దెలియ నేరఁడేమి దెల్ప వేమ.",vupajaathi,Vemana,"[('బి', 'U'), ('డ్డ', '|'), ('ల', '|'), ('ను', '|'), ('స', '|'), ('తు', '|'), ('ల', '|'), ('ను', '|'), ('వే', 'U'), ('ఱై', 'U'), ('న', '|'), ('చు', 'U'), ('ట్టా', 'U'), ('ల', '|'), ('సం', 'U'), ('ప', '|'), ('ద', '|'), ('ల', '|'), ('త', '|'), ('ను', '|'), ('వు', '|'), ('ల', '|'), ('జా', 'U'), ('ల', '|'), ('న', 'U'), ('మ్మి', '|'), ('సం', 'U'), ('త', '|'), ('సి', 'U'), ('ల్లు', '|'), ('చుం', 'U'), ('డు', 'U'), ('క్ష', '|'), ('ణ', '|'), ('భం', 'U'), ('గు', '|'), ('ర', '|'), ('ము', '|'), ('ల', 'U'), ('న్ని', '|'), ('దె', '|'), ('లి', '|'), ('య', '|'), ('నే', 'U'), ('ర', '|'), ('డే', 'U'), ('మి', '|'), ('దె', 'U'), ('ల్ప', '|'), ('వే', 'U'), ('మ', '|')]",0.65,-1.0,1.0,0.7,0.25,-1.0
aataveladi,"_x000D_
ఉచితవంతుఁడైన నుద్యోగపరుఁడైన
_x000D_
సాగుబాటునున్న సమయమునను
_x000D_
పరుల కుపకరించి పరఁగ రక్షించును
_x000D_
విశ్వదాభిరామ వినర వేమ.",vupajaathi,Vemana,"[('ఉ', '|'), ('చి', '|'), ('త', '|'), ('వం', 'U'), ('తు', '|'), ('డై', 'U'), ('న', '|'), ('ను', 'U'), ('ద్యో', 'U'), ('గ', '|'), ('ప', '|'), ('రు', '|'), ('డై', 'U'), ('న', '|'), ('సా', 'U'), ('గు', '|'), ('బా', 'U'), ('టు', '|'), ('ను', 'U'), ('న్న', '|'), ('స', '|'), ('మ', '|'), ('య', '|'), ('ము', '|'), ('న', '|'), ('ను', '|'), ('ప', '|'), ('రు', '|'), ('ల', '|'), ('కు', '|'), ('ప', '|'), ('క', '|'), ('రిం', 'U'), ('చి', '|'), ('ప', '|'), ('ర', '|'), ('గ', '|'), ('ర', 'U'), ('క్షిం', 'U'), ('చు', '|'), ('ను', '|'), ('వి', 'U'), ('శ్వ', '|'), ('దా', 'U'), ('భి', '|'), ('రా', 'U'), ('మ', '|'), ('వి', '|'), ('న', '|'), ('ర', '|'), ('వే', 'U'), ('మ', '|')]",0.9166666666666666,-1.0,1.0,1.0,0.75,-1.0
aataveladi,"_x000D_
పట్టువస్త్రములను పరఁగ భూషణములు
_x000D_
కుదువ లిడుటలెల్ల గొదువవద్దు
_x000D_
లనుభవింపఁగూడఁ డతఁడెంతవాఁడైన
_x000D_
విశ్వదాభిరామ వినర వేమ.",vupajaathi,Vemana,"[('ప', 'U'), ('ట్టు', '|'), ('వ', 'U'), ('స్త్ర', '|'), ('ము', '|'), ('ల', '|'), ('ను', '|'), ('ప', '|'), ('ర', '|'), ('గ', '|'), ('భూ', 'U'), ('ష', '|'), ('ణ', '|'), ('ము', '|'), ('లు', '|'), ('కు', '|'), ('దు', '|'), ('వ', '|'), ('లి', '|'), ('డు', '|'), ('ట', '|'), ('లె', 'U'), ('ల్ల', '|'), ('గొ', '|'), ('దు', '|'), ('వ', '|'), ('వ', 'U'), ('ద్దు', '|'), ('ల', '|'), ('ను', '|'), ('భ', '|'), ('విం', 'U'), ('ప', '|'), ('గూ', 'U'), ('డ', '|'), ('డ', '|'), ('త', '|'), ('డెం', 'U'), ('త', '|'), ('వా', 'U'), ('డై', 'U'), ('న', '|'), ('వి', 'U'), ('శ్వ', '|'), ('దా', 'U'), ('భి', '|'), ('రా', 'U'), ('మ', '|'), ('వి', '|'), ('న', '|'), ('ర', '|'), ('వే', 'U'), ('మ', '|')]",1.0,-1.0,1.0,1.0,1.0,-1.0
kandamu,"_x000D_
వినియుండెడి జనమెల్లను
_x000D_
చనిపోయినవారి పుణ్యసత్కథ లెలమి\న్‌
_x000D_
వినవలెఁ గనవలె ననవలె
_x000D_
ననిమిషునకునైనఁ దెలియ దంత్యము వేమ.",jaathi,Vemana,"[('వి', '|'), ('ని', '|'), ('యుం', 'U'), ('డె', '|'), ('డి', '|'), ('జ', '|'), ('న', '|'), ('మె', 'U'), ('ల్ల', '|'), ('ను', '|'), ('చ', '|'), ('ని', '|'), ('పో', 'U'), ('యి', '|'), ('న', '|'), ('వా', 'U'), ('రి', '|'), ('పు', 'U'), ('ణ్య', '|'), ('స', 'U'), ('త్క', '|'), ('థ', '|'), ('లె', '|'), ('ల', '|'), ('మిన్', 'U'), ('వి', '|'), ('న', '|'), ('వ', '|'), ('లె', '|'), ('గ', '|'), ('న', '|'), ('వ', '|'), ('లె', '|'), ('న', '|'), ('న', '|'), ('వ', '|'), ('లె', '|'), ('న', '|'), ('ని', '|'), ('మి', '|'), ('షు', '|'), ('న', '|'), ('కు', '|'), ('నై', 'U'), ('న', '|'), ('దె', '|'), ('లి', '|'), ('య', '|'), ('దం', 'U'), ('త్య', '|'), ('ము', '|'), ('వే', 'U'), ('మ', '|')]",0.859375,-1.0,1.0,0.9375,0.5,1.0
aataveladi,"_x000D_
పచ్చఁజూచువారు పచ్చ మెచ్చెడివారు
_x000D_
పచ్చబడెడువారు చెడ్డవారు
_x000D_
పచ్చ విడుచువాని ప్రభువుఁగా జూతురు
_x000D_
విశ్వదాభిరామ వినర వేమ.",vupajaathi,Vemana,"[('ప', 'U'), ('చ్చ', '|'), ('జూ', 'U'), ('చు', '|'), ('వా', 'U'), ('రు', '|'), ('ప', 'U'), ('చ్చ', '|'), ('మె', 'U'), ('చ్చె', '|'), ('డి', '|'), ('వా', 'U'), ('రు', '|'), ('ప', 'U'), ('చ్చ', '|'), ('బ', '|'), ('డె', '|'), ('డు', '|'), ('వా', 'U'), ('రు', '|'), ('చె', 'U'), ('డ్డ', '|'), ('వా', 'U'), ('రు', '|'), ('ప', 'U'), ('చ్చ', '|'), ('వి', '|'), ('డు', '|'), ('చు', '|'), ('వా', 'U'), ('ని', '|'), ('ప్ర', '|'), ('భు', '|'), ('వు', '|'), ('గా', 'U'), ('జూ', 'U'), ('తు', '|'), ('రు', '|'), ('వి', 'U'), ('శ్వ', '|'), ('దా', 'U'), ('భి', '|'), ('రా', 'U'), ('మ', '|'), ('వి', '|'), ('న', '|'), ('ర', '|'), ('వే', 'U'), ('మ', '|')]",0.9166666666666666,-1.0,1.0,1.0,0.75,-1.0
aataveladi,"_x000D_
ప్రస్తుతించువేళ బద్యంబుఁ జదివినఁ
_x000D_
దప్పుదగిలియున్న నొప్పియుండు
_x000D_
వెలఁది సురతవేళ బిత్తరై యొప్పదా
_x000D_
విశ్వదాభిరామ వినర వేమ.",vupajaathi,Vemana,"[('ప్ర', 'U'), ('స్తు', '|'), ('తిం', 'U'), ('చు', '|'), ('వే', 'U'), ('ళ', '|'), ('బ', 'U'), ('ద్యం', 'U'), ('బు', '|'), ('జ', '|'), ('ది', '|'), ('వి', '|'), ('న', '|'), ('ద', 'U'), ('ప్పు', '|'), ('ద', '|'), ('గి', '|'), ('లి', '|'), ('యు', 'U'), ('న్న', '|'), ('నొ', 'U'), ('ప్పి', '|'), ('యుం', 'U'), ('డు', '|'), ('వె', '|'), ('ల', '|'), ('ది', '|'), ('సు', '|'), ('ర', '|'), ('త', '|'), ('వే', 'U'), ('ళ', '|'), ('బి', 'U'), ('త్త', '|'), ('రై', 'U'), ('యొ', 'U'), ('ప్ప', '|'), ('దా', 'U'), ('వి', 'U'), ('శ్వ', '|'), ('దా', 'U'), ('భి', '|'), ('రా', 'U'), ('మ', '|'), ('వి', '|'), ('న', '|'), ('ర', '|'), ('వే', 'U'), ('మ', '|')]",0.9166666666666666,-1.0,1.0,1.0,0.75,-1.0
aataveladi,"_x000D_
బంగరుఁ బొడఁగన్న భామలఁ బొడఁగన్న
_x000D_
చిత్తమునను చింత సేయఁడేని
_x000D_
వాఁడె పరమయోగి వర్ణింప జంగమందు
_x000D_
విశ్వదాభిరామ వినర వేమ.",vupajaathi,Vemana,"[('బం', 'U'), ('గ', '|'), ('రు', '|'), ('బొ', '|'), ('డ', '|'), ('గ', 'U'), ('న్న', '|'), ('భా', 'U'), ('మ', '|'), ('ల', '|'), ('బొ', '|'), ('డ', '|'), ('గ', 'U'), ('న్న', '|'), ('చి', 'U'), ('త్త', '|'), ('ము', '|'), ('న', '|'), ('ను', '|'), ('చిం', 'U'), ('త', '|'), ('సే', 'U'), ('య', '|'), ('డే', 'U'), ('ని', '|'), ('వా', 'U'), ('డె', '|'), ('ప', '|'), ('ర', '|'), ('మ', '|'), ('యో', 'U'), ('గి', '|'), ('వ', 'U'), ('ర్ణిం', 'U'), ('ప', '|'), ('జం', 'U'), ('గ', '|'), ('మం', 'U'), ('దు', '|'), ('వి', 'U'), ('శ్వ', '|'), ('దా', 'U'), ('భి', '|'), ('రా', 'U'), ('మ', '|'), ('వి', '|'), ('న', '|'), ('ర', '|'), ('వే', 'U'), ('మ', '|')]",0.9,-1.0,1.0,0.95,0.75,-1.0
kandamu,"_x000D_
పతియొప్పిన సతి యొప్పును
_x000D_
సతిపతు లొకటైనఁ బరమపావన మందూ
_x000D_
స్సతిపతిన్యాయమె మోక్షం
_x000D_
బతులితపరమాత్మ నైక్య మగురా వేమ.",jaathi,Vemana,"[('ప', '|'), ('తి', '|'), ('యొ', 'U'), ('ప్పి', '|'), ('న', '|'), ('స', '|'), ('తి', '|'), ('యొ', 'U'), ('ప్పు', '|'), ('ను', '|'), ('స', '|'), ('తి', '|'), ('ప', '|'), ('తు', '|'), ('లొ', '|'), ('క', '|'), ('టై', 'U'), ('న', '|'), ('బ', '|'), ('ర', '|'), ('మ', '|'), ('పా', 'U'), ('వ', '|'), ('న', '|'), ('మం', 'U'), ('దూ', 'U'), ('స్స', '|'), ('తి', '|'), ('ప', '|'), ('తి', 'U'), ('న్యా', 'U'), ('య', '|'), ('మె', '|'), ('మో', 'U'), ('క్షం', 'U'), ('బ', '|'), ('తు', '|'), ('లి', '|'), ('త', '|'), ('ప', '|'), ('ర', '|'), ('మా', 'U'), ('త్మ', '|'), ('నై', 'U'), ('క్య', '|'), ('మ', '|'), ('గు', '|'), ('రా', 'U'), ('వే', 'U'), ('మ', '|')]",0.84375,-1.0,1.0,0.875,0.5,1.0
kandamu,"_x000D_
ఆకాశంబున వాయువు
_x000D_
మ్రాకునదావాగ్ని యటుల మానసమందు\న్‌
_x000D_
ఏకాకారుఁడు జగమున
_x000D_
జోకైతనుదానె వెల్గు సుమ్ముర వేమ.",jaathi,Vemana,"[('ఆ', 'U'), ('కా', 'U'), ('శం', 'U'), ('బు', '|'), ('న', '|'), ('వా', 'U'), ('యు', '|'), ('వు', '|'), ('మ్రా', 'U'), ('కు', '|'), ('న', '|'), ('దా', 'U'), ('వా', 'U'), ('గ్ని', '|'), ('య', '|'), ('టు', '|'), ('ల', '|'), ('మా', 'U'), ('న', '|'), ('స', '|'), ('మం', 'U'), ('దున్', 'U'), ('ఏ', 'U'), ('కా', 'U'), ('కా', 'U'), ('రు', '|'), ('డు', '|'), ('జ', '|'), ('గ', '|'), ('ము', '|'), ('న', '|'), ('జో', 'U'), ('కై', 'U'), ('త', '|'), ('ను', '|'), ('దా', 'U'), ('నె', '|'), ('వె', 'U'), ('ల్గు', '|'), ('సు', 'U'), ('మ్ము', '|'), ('ర', '|'), ('వే', 'U'), ('మ', '|')]",0.984375,-1.0,1.0,0.9375,1.0,1.0
aataveladi,"_x000D_
కండకావరమునఁ గానఁడు మరణంబు
_x000D_
మదముచేతఁ దత్వమహిమఁ గనఁడు
_x000D_
భోగవాంఛచేతఁ బుణ్యంబుఁ గానఁడు
_x000D_
విశ్వదాభిరామ వినర వేమ.",vupajaathi,Vemana,"[('కం', 'U'), ('డ', '|'), ('కా', 'U'), ('వ', '|'), ('ర', '|'), ('ము', '|'), ('న', '|'), ('గా', 'U'), ('న', '|'), ('డు', '|'), ('మ', '|'), ('ర', '|'), ('ణం', 'U'), ('బు', '|'), ('మ', '|'), ('ద', '|'), ('ము', '|'), ('చే', 'U'), ('త', '|'), ('ద', 'U'), ('త్వ', '|'), ('మ', '|'), ('హి', '|'), ('మ', '|'), ('గ', '|'), ('న', '|'), ('డు', '|'), ('భో', 'U'), ('గ', '|'), ('వాం', 'U'), ('ఛ', '|'), ('చే', 'U'), ('త', '|'), ('బు', 'U'), ('ణ్యం', 'U'), ('బు', '|'), ('గా', 'U'), ('న', '|'), ('డు', '|'), ('వి', 'U'), ('శ్వ', '|'), ('దా', 'U'), ('భి', '|'), ('రా', 'U'), ('మ', '|'), ('వి', '|'), ('న', '|'), ('ర', '|'), ('వే', 'U'), ('మ', '|')]",1.0,-1.0,1.0,1.0,1.0,-1.0
aataveladi,"_x000D_
తెలుపు మాపుచేసి దిట్టతనంబునఁ
_x000D_
దెలుపు భస్మముగను దేటపఱుచు
_x000D_
విధముకన్నఁ బరుసవేదియు లేదురా
_x000D_
విశ్వదాభిరామ వినర వేమ.",vupajaathi,Vemana,"[('తె', '|'), ('లు', '|'), ('పు', '|'), ('మా', 'U'), ('పు', '|'), ('చే', 'U'), ('సి', '|'), ('ది', 'U'), ('ట్ట', '|'), ('త', '|'), ('నం', 'U'), ('బు', '|'), ('న', '|'), ('దె', '|'), ('లు', '|'), ('పు', '|'), ('భ', 'U'), ('స్మ', '|'), ('ము', '|'), ('గ', '|'), ('ను', '|'), ('దే', 'U'), ('ట', '|'), ('ప', '|'), ('ఱు', '|'), ('చు', '|'), ('వి', '|'), ('ధ', '|'), ('ము', '|'), ('క', 'U'), ('న్న', '|'), ('బ', '|'), ('రు', '|'), ('స', '|'), ('వే', 'U'), ('ది', '|'), ('యు', '|'), ('లే', 'U'), ('దు', '|'), ('రా', 'U'), ('వి', 'U'), ('శ్వ', '|'), ('దా', 'U'), ('భి', '|'), ('రా', 'U'), ('మ', '|'), ('వి', '|'), ('న', '|'), ('ర', '|'), ('వే', 'U'), ('మ', '|')]",1.0,-1.0,1.0,1.0,1.0,-1.0
aataveladi,"_x000D_
దుండగీడు కొడుకు కొండీడు చెలికాఁడు
_x000D_
బండరాజునకును బడుగుమంత్రి
_x000D_
కొండముచ్చునకును గోఁతియు సరియౌను
_x000D_
విశ్వదాభిరామ వినర వేమ.",vupajaathi,Vemana,"[('దుం', 'U'), ('డ', '|'), ('గీ', 'U'), ('డు', '|'), ('కొ', '|'), ('డు', '|'), ('కు', '|'), ('కొం', 'U'), ('డీ', 'U'), ('డు', '|'), ('చె', '|'), ('లి', '|'), ('కా', 'U'), ('డు', '|'), ('బం', 'U'), ('డ', '|'), ('రా', 'U'), ('జు', '|'), ('న', '|'), ('కు', '|'), ('ను', '|'), ('బ', '|'), ('డు', '|'), ('గు', '|'), ('మం', 'U'), ('త్రి', '|'), ('కొం', 'U'), ('డ', '|'), ('ము', 'U'), ('చ్చు', '|'), ('న', '|'), ('కు', '|'), ('ను', '|'), ('గో', 'U'), ('తి', '|'), ('యు', '|'), ('స', '|'), ('రి', '|'), ('యౌ', 'U'), ('ను', '|'), ('వి', 'U'), ('శ్వ', '|'), ('దా', 'U'), ('భి', '|'), ('రా', 'U'), ('మ', '|'), ('వి', '|'), ('న', '|'), ('ర', '|'), ('వే', 'U'), ('మ', '|')]",1.0,-1.0,1.0,1.0,1.0,-1.0
aataveladi,"_x000D_
పుట్టుదుఃఖమునను పొరలుదుఃఖమునను
_x000D_
గిట్టుదుఃఖమునను క్రిం దగుదురు
_x000D_
మనుజదుఃఖమువలె మఱిలేదు దుఃఖంబు
_x000D_
విశ్వదాభిరామ వినర వేమ.",vupajaathi,Vemana,"[('పు', 'U'), ('ట్టు', '|'), ('దుః', 'U'), ('ఖ', '|'), ('ము', '|'), ('న', '|'), ('ను', '|'), ('పొ', '|'), ('ర', '|'), ('లు', '|'), ('దుః', 'U'), ('ఖ', '|'), ('ము', '|'), ('న', '|'), ('ను', '|'), ('గి', 'U'), ('ట్టు', '|'), ('దుః', 'U'), ('ఖ', '|'), ('ము', '|'), ('న', '|'), ('ను', '|'), ('క్రిం', 'U'), ('ద', '|'), ('గు', '|'), ('దు', '|'), ('రు', '|'), ('మ', '|'), ('ను', '|'), ('జ', '|'), ('దుః', 'U'), ('ఖ', '|'), ('ము', '|'), ('వ', '|'), ('లె', '|'), ('మ', '|'), ('ఱి', '|'), ('లే', 'U'), ('దు', '|'), ('దుః', 'U'), ('ఖం', 'U'), ('బు', '|'), ('వి', 'U'), ('శ్వ', '|'), ('దా', 'U'), ('భి', '|'), ('రా', 'U'), ('మ', '|'), ('వి', '|'), ('న', '|'), ('ర', '|'), ('వే', 'U'), ('మ', '|')]",1.0,-1.0,1.0,1.0,1.0,-1.0
aataveladi,"_x000D_
పెట్టినంత ఫలము పెక్కండ్ర కుపహతిఁ
_x000D_
జేయకున్నఁ దాను జెఱుపకున్న
_x000D_
పెండ్లిసేయునట్టి పెద్దఫలంబురా
_x000D_
విశ్వదాభిరామ వినర వేమ.",vupajaathi,Vemana,"[('పె', 'U'), ('ట్టి', '|'), ('నం', 'U'), ('త', '|'), ('ఫ', '|'), ('ల', '|'), ('ము', '|'), ('పె', 'U'), ('క్కం', 'U'), ('డ్ర', '|'), ('కు', '|'), ('ప', '|'), ('హ', '|'), ('తి', '|'), ('జే', 'U'), ('య', '|'), ('కు', 'U'), ('న్న', '|'), ('దా', 'U'), ('ను', '|'), ('జె', '|'), ('ఱు', '|'), ('ప', '|'), ('కు', 'U'), ('న్న', '|'), ('పెం', 'U'), ('డ్లి', '|'), ('సే', 'U'), ('యు', '|'), ('న', 'U'), ('ట్టి', '|'), ('పె', 'U'), ('ద్ద', '|'), ('ఫ', '|'), ('లం', 'U'), ('బు', '|'), ('రా', 'U'), ('వి', 'U'), ('శ్వ', '|'), ('దా', 'U'), ('భి', '|'), ('రా', 'U'), ('మ', '|'), ('వి', '|'), ('న', '|'), ('ర', '|'), ('వే', 'U'), ('మ', '|')]",1.0,-1.0,1.0,1.0,1.0,-1.0
aataveladi,"_x000D_
మేకఁ జంకఁబెట్టి మెలఁగుచు మందలో
_x000D_
బ్రమసి తిరుగు గొల్లపగిది గాక
_x000D_
దైవ మెఱుఁగక పరదైవముల్‌ దలఁచును
_x000D_
విశ్వదాభిరామ వినర వేమ.",vupajaathi,Vemana,"[('మే', 'U'), ('క', '|'), ('జం', 'U'), ('క', '|'), ('బె', 'U'), ('ట్టి', '|'), ('మె', '|'), ('ల', '|'), ('గు', '|'), ('చు', '|'), ('మం', 'U'), ('ద', '|'), ('లో', 'U'), ('బ్ర', '|'), ('మ', '|'), ('సి', '|'), ('తి', '|'), ('రు', '|'), ('గు', '|'), ('గొ', 'U'), ('ల్ల', '|'), ('ప', '|'), ('గి', '|'), ('ది', '|'), ('గా', 'U'), ('క', '|'), ('దై', 'U'), ('వ', '|'), ('మె', '|'), ('ఱు', '|'), ('గ', '|'), ('క', '|'), ('ప', '|'), ('ర', '|'), ('దై', 'U'), ('వ', '|'), ('ము', 'U'), ('ల్ద', '|'), ('ల', '|'), ('చు', '|'), ('ను', '|'), ('వి', 'U'), ('శ్వ', '|'), ('దా', 'U'), ('భి', '|'), ('రా', 'U'), ('మ', '|'), ('వి', '|'), ('న', '|'), ('ర', '|'), ('వే', 'U'), ('మ', '|')]",1.0,-1.0,1.0,1.0,1.0,-1.0
aataveladi,"_x000D_
వేడబంబువాని వినయంబు లధికంబు
_x000D_
చెడ్డముండ ముసుఁగు చెలఁగిపెట్టు
_x000D_
చెడిపెకొడుకు మిగులచేయు నాచారంబు
_x000D_
విశ్వదాభిరామ వినర వేమ.",vupajaathi,Vemana,"[('వే', 'U'), ('డ', '|'), ('బం', 'U'), ('బు', '|'), ('వా', 'U'), ('ని', '|'), ('వి', '|'), ('న', '|'), ('యం', 'U'), ('బు', '|'), ('ల', '|'), ('ధి', '|'), ('కం', 'U'), ('బు', '|'), ('చె', 'U'), ('డ్డ', '|'), ('ముం', 'U'), ('డ', '|'), ('ము', '|'), ('సు', '|'), ('గు', '|'), ('చె', '|'), ('ల', '|'), ('గి', '|'), ('పె', 'U'), ('ట్టు', '|'), ('చె', '|'), ('డి', '|'), ('పె', '|'), ('కొ', '|'), ('డు', '|'), ('కు', '|'), ('మి', '|'), ('గు', '|'), ('ల', '|'), ('చే', 'U'), ('యు', '|'), ('నా', 'U'), ('చా', 'U'), ('రం', 'U'), ('బు', '|'), ('వి', 'U'), ('శ్వ', '|'), ('దా', 'U'), ('భి', '|'), ('రా', 'U'), ('మ', '|'), ('వి', '|'), ('న', '|'), ('ర', '|'), ('వే', 'U'), ('మ', '|')]",1.0,-1.0,1.0,1.0,1.0,-1.0
aataveladi,"_x000D_
పరధనమ్ములకును బారుగా చెయిపట్టి
_x000D_
సత్యమింతలేక చారుఁడయ్యె
_x000D_
ద్విజుఁ డనుకొనుఁదాదు తేజమింతయు లేక
_x000D_
విశ్వదాభిరామ వినర వేమ.",vupajaathi,Vemana,"[('ప', '|'), ('ర', '|'), ('ధ', '|'), ('న', 'U'), ('మ్ము', '|'), ('ల', '|'), ('కు', '|'), ('ను', '|'), ('బా', 'U'), ('రు', '|'), ('గా', 'U'), ('చె', '|'), ('యి', '|'), ('ప', 'U'), ('ట్టి', '|'), ('స', 'U'), ('త్య', '|'), ('మిం', 'U'), ('త', '|'), ('లే', 'U'), ('క', '|'), ('చా', 'U'), ('రు', '|'), ('డ', 'U'), ('య్యె', 'U'), ('ద్వి', '|'), ('జు', '|'), ('డ', '|'), ('ను', '|'), ('కొ', '|'), ('ను', '|'), ('దా', 'U'), ('దు', '|'), ('తే', 'U'), ('జ', '|'), ('మిం', 'U'), ('త', '|'), ('యు', '|'), ('లే', 'U'), ('క', '|'), ('వి', 'U'), ('శ్వ', '|'), ('దా', 'U'), ('భి', '|'), ('రా', 'U'), ('మ', '|'), ('వి', '|'), ('న', '|'), ('ర', '|'), ('వే', 'U'), ('మ', '|')]",0.75,-1.0,1.0,0.75,0.5,-1.0
aataveladi,"_x000D_
ఇమ్ము దప్పువేళ నెమ్మెలన్నియుఁ దక్కి
_x000D_
కాల మొక్క రీతిఁ గడుపవలయు
_x000D_
విజయుఁ డనువుదప్పి విరటుని గొలువఁడా
_x000D_
విశ్వదాభిరామ వినర వేమ.",vupajaathi,Vemana,"[('ఇ', 'U'), ('మ్ము', '|'), ('ద', 'U'), ('ప్పు', '|'), ('వే', 'U'), ('ళ', '|'), ('నె', 'U'), ('మ్మె', '|'), ('ల', 'U'), ('న్ని', '|'), ('యు', '|'), ('ద', 'U'), ('క్కి', '|'), ('కా', 'U'), ('ల', '|'), ('మొ', 'U'), ('క్క', '|'), ('రీ', 'U'), ('తి', '|'), ('గ', '|'), ('డు', '|'), ('ప', '|'), ('వ', '|'), ('ల', '|'), ('యు', '|'), ('వి', '|'), ('జ', '|'), ('యు', '|'), ('డ', '|'), ('ను', '|'), ('వు', '|'), ('ద', 'U'), ('ప్పి', '|'), ('వి', '|'), ('ర', '|'), ('టు', '|'), ('ని', '|'), ('గొ', '|'), ('లు', '|'), ('వ', '|'), ('డా', 'U'), ('వి', 'U'), ('శ్వ', '|'), ('దా', 'U'), ('భి', '|'), ('రా', 'U'), ('మ', '|'), ('వి', '|'), ('న', '|'), ('ర', '|'), ('వే', 'U'), ('మ', '|')]",1.0,-1.0,1.0,1.0,1.0,-1.0
aataveladi,"_x000D_
మెలత నడవినుంచి మృగమువెంటనె పోయె
_x000D_
రామచంద్రుకన్న రసికుఁడేడి
_x000D_
చేటుకాలమునకు చెడుబుద్ధి పుట్టును
_x000D_
విశ్వదాభిరామ వినర వేమ.",vupajaathi,Vemana,"[('మె', '|'), ('ల', '|'), ('త', '|'), ('న', '|'), ('డ', '|'), ('వి', '|'), ('నుం', 'U'), ('చి', '|'), ('మృ', '|'), ('గ', '|'), ('ము', '|'), ('వెం', 'U'), ('ట', '|'), ('నె', '|'), ('పో', 'U'), ('యె', '|'), ('రా', 'U'), ('మ', '|'), ('చం', 'U'), ('ద్రు', '|'), ('క', 'U'), ('న్న', '|'), ('ర', '|'), ('సి', '|'), ('కు', '|'), ('డే', 'U'), ('డి', '|'), ('చే', 'U'), ('టు', '|'), ('కా', 'U'), ('ల', '|'), ('ము', '|'), ('న', '|'), ('కు', '|'), ('చె', '|'), ('డు', '|'), ('బు', 'U'), ('ద్ధి', '|'), ('పు', 'U'), ('ట్టు', '|'), ('ను', '|'), ('వి', 'U'), ('శ్వ', '|'), ('దా', 'U'), ('భి', '|'), ('రా', 'U'), ('మ', '|'), ('వి', '|'), ('న', '|'), ('ర', '|'), ('వే', 'U'), ('మ', '|')]",0.9166666666666666,-1.0,1.0,1.0,0.75,-1.0
aataveladi,"_x000D_
లంకపోవునాఁడు లంకాధిపతి రాజ్య
_x000D_
మంత కీశసేన లాక్రమించె
_x000D_
చేటుకాలమైనఁ జెఱుప నల్పుఁడె చాలు
_x000D_
విశ్వదాభిరామ వినర వేమ.",vupajaathi,Vemana,"[('లం', 'U'), ('క', '|'), ('పో', 'U'), ('వు', '|'), ('నా', 'U'), ('డు', '|'), ('లం', 'U'), ('కా', 'U'), ('ధి', '|'), ('ప', '|'), ('తి', '|'), ('రా', 'U'), ('జ్య', '|'), ('మం', 'U'), ('త', '|'), ('కీ', 'U'), ('శ', '|'), ('సే', 'U'), ('న', '|'), ('లా', 'U'), ('క్ర', '|'), ('మిం', 'U'), ('చె', '|'), ('చే', 'U'), ('టు', '|'), ('కా', 'U'), ('ల', '|'), ('మై', 'U'), ('న', '|'), ('జె', '|'), ('ఱు', '|'), ('ప', '|'), ('న', 'U'), ('ల్పు', '|'), ('డె', '|'), ('చా', 'U'), ('లు', '|'), ('వి', 'U'), ('శ్వ', '|'), ('దా', 'U'), ('భి', '|'), ('రా', 'U'), ('మ', '|'), ('వి', '|'), ('న', '|'), ('ర', '|'), ('వే', 'U'), ('మ', '|')]",0.9166666666666666,-1.0,1.0,1.0,0.75,-1.0
aataveladi,"_x000D_
రామవిభుఁడు పుట్టి రఘుకులం బలరించె
_x000D_
గురువిభుండు పుట్టి కులముచెఱచె
_x000D_
ఎవరి మంచిచెడ్డ లెంచిచూచినఁ దేట
_x000D_
విశ్వదాభిరామ వినర వేమ.",vupajaathi,Vemana,"[('రా', 'U'), ('మ', '|'), ('వి', '|'), ('భు', '|'), ('డు', '|'), ('పు', 'U'), ('ట్టి', '|'), ('ర', '|'), ('ఘు', '|'), ('కు', '|'), ('లం', 'U'), ('బ', '|'), ('ల', '|'), ('రిం', 'U'), ('చె', '|'), ('గు', '|'), ('రు', '|'), ('వి', '|'), ('భుం', 'U'), ('డు', '|'), ('పు', 'U'), ('ట్టి', '|'), ('కు', '|'), ('ల', '|'), ('ము', '|'), ('చె', '|'), ('ఱ', '|'), ('చె', '|'), ('ఎ', '|'), ('వ', '|'), ('రి', '|'), ('మం', 'U'), ('చి', '|'), ('చె', 'U'), ('డ్డ', '|'), ('లెం', 'U'), ('చి', '|'), ('చూ', 'U'), ('చి', '|'), ('న', '|'), ('దే', 'U'), ('ట', '|'), ('వి', 'U'), ('శ్వ', '|'), ('దా', 'U'), ('భి', '|'), ('రా', 'U'), ('మ', '|'), ('వి', '|'), ('న', '|'), ('ర', '|'), ('వే', 'U'), ('మ', '|')]",0.9166666666666666,-1.0,1.0,1.0,0.75,-1.0
aataveladi,"_x000D_
పురహరునకు నేఁతపరువు తానేసిన
_x000D_
స్థిరముగల్గు జ్ఞానజీవ మయ్యె
_x000D_
నేత కేమివచ్చె నిజభక్తి హేతువు
_x000D_
విశ్వదాభిరామ వినర వేమ.",vupajaathi,Vemana,"[('పు', '|'), ('ర', '|'), ('హ', '|'), ('రు', '|'), ('న', '|'), ('కు', '|'), ('నే', 'U'), ('త', '|'), ('ప', '|'), ('రు', '|'), ('వు', '|'), ('తా', 'U'), ('నే', 'U'), ('సి', '|'), ('న', 'U'), ('స్థి', '|'), ('ర', '|'), ('ము', '|'), ('గ', 'U'), ('ల్గు', 'U'), ('జ్ఞా', 'U'), ('న', '|'), ('జీ', 'U'), ('వ', '|'), ('మ', 'U'), ('య్యె', '|'), ('నే', 'U'), ('త', '|'), ('కే', 'U'), ('మి', '|'), ('వ', 'U'), ('చ్చె', '|'), ('ని', '|'), ('జ', '|'), ('భ', 'U'), ('క్తి', '|'), ('హే', 'U'), ('తు', '|'), ('వు', '|'), ('వి', 'U'), ('శ్వ', '|'), ('దా', 'U'), ('భి', '|'), ('రా', 'U'), ('మ', '|'), ('వి', '|'), ('న', '|'), ('ర', '|'), ('వే', 'U'), ('మ', '|')]",0.7166666666666667,-1.0,1.0,0.65,0.5,-1.0
aataveladi,"_x000D_
శుద్ధదృష్టిఁ దెలిసి శుక్రునంతటివాఁడు
_x000D_
పట్టలేక మనసు పాఱవిడిచి
_x000D_
కన్నుపోయి పిదప కాకిచందం బయ్యె
_x000D_
విశ్వదాభిరామ వినర వేమ.",vupajaathi,Vemana,"[('శు', 'U'), ('ద్ధ', '|'), ('దృ', 'U'), ('ష్టి', '|'), ('దె', '|'), ('లి', '|'), ('సి', '|'), ('శు', '|'), ('క్రు', '|'), ('నం', 'U'), ('త', '|'), ('టి', '|'), ('వా', 'U'), ('డు', '|'), ('ప', 'U'), ('ట్ట', '|'), ('లే', 'U'), ('క', '|'), ('మ', '|'), ('న', '|'), ('సు', '|'), ('పా', 'U'), ('ఱ', '|'), ('వి', '|'), ('డి', '|'), ('చి', '|'), ('క', 'U'), ('న్ను', '|'), ('పో', 'U'), ('యి', '|'), ('పి', '|'), ('ద', '|'), ('ప', '|'), ('కా', 'U'), ('కి', '|'), ('చం', 'U'), ('దం', 'U'), ('బ', 'U'), ('య్యె', '|'), ('వి', 'U'), ('శ్వ', '|'), ('దా', 'U'), ('భి', '|'), ('రా', 'U'), ('మ', '|'), ('వి', '|'), ('న', '|'), ('ర', '|'), ('వే', 'U'), ('మ', '|')]",0.65,-1.0,1.0,0.7,0.25,-1.0
kandamu,"_x000D_
పంచాక్షరి పూజలచే
_x000D_
సంచితముగ నెఱుఁగు నాతఁ డఖిలజ్ఞుండై
_x000D_
వంచన మెఱుఁగక కువలయ
_x000D_
సంచారము సేయు నతఁడు శంభుఁడు వేమా.",jaathi,Vemana,"[('పం', 'U'), ('చా', 'U'), ('క్ష', '|'), ('రి', '|'), ('పూ', 'U'), ('జ', '|'), ('ల', '|'), ('చే', 'U'), ('సం', 'U'), ('చి', '|'), ('త', '|'), ('ము', '|'), ('గ', '|'), ('నె', '|'), ('ఱు', '|'), ('గు', '|'), ('నా', 'U'), ('త', '|'), ('డ', '|'), ('ఖి', '|'), ('ల', 'U'), ('జ్ఞుం', 'U'), ('డై', 'U'), ('వం', 'U'), ('చ', '|'), ('న', '|'), ('మె', '|'), ('ఱు', '|'), ('గ', '|'), ('క', '|'), ('కు', '|'), ('వ', '|'), ('ల', '|'), ('య', '|'), ('సం', 'U'), ('చా', 'U'), ('ర', '|'), ('ము', '|'), ('సే', 'U'), ('యు', '|'), ('న', '|'), ('త', '|'), ('డు', '|'), ('శం', 'U'), ('భు', '|'), ('డు', '|'), ('వే', 'U'), ('మా', 'U')]",0.875,-1.0,1.0,1.0,0.5,1.0
aataveladi,"_x000D_
శూద్రులందుఁబుట్టి శూద్రుల దూషించి
_x000D_
ద్విజుఁడ ననెడిపేరు నిజముఁజేసి
_x000D_
మనసు నిల్పకున్న మఱిశూద్ర నీచుండు
_x000D_
విశ్వదాభిరామ వినర వేమ.",vupajaathi,Vemana,"[('శూ', 'U'), ('ద్రు', '|'), ('లం', 'U'), ('దు', '|'), ('బు', 'U'), ('ట్టి', '|'), ('శూ', 'U'), ('ద్రు', '|'), ('ల', '|'), ('దూ', 'U'), ('షిం', 'U'), ('చి', 'U'), ('ద్వి', '|'), ('జు', '|'), ('డ', '|'), ('న', '|'), ('నె', '|'), ('డి', '|'), ('పే', 'U'), ('రు', '|'), ('ని', '|'), ('జ', '|'), ('ము', '|'), ('జే', 'U'), ('సి', '|'), ('మ', '|'), ('న', '|'), ('సు', '|'), ('ని', 'U'), ('ల్ప', '|'), ('కు', 'U'), ('న్న', '|'), ('మ', '|'), ('ఱి', '|'), ('శూ', 'U'), ('ద్ర', '|'), ('నీ', 'U'), ('చుం', 'U'), ('డు', '|'), ('వి', 'U'), ('శ్వ', '|'), ('దా', 'U'), ('భి', '|'), ('రా', 'U'), ('మ', '|'), ('వి', '|'), ('న', '|'), ('ర', '|'), ('వే', 'U'), ('మ', '|')]",0.6166666666666667,-1.0,1.0,0.6,0.25,-1.0
aataveladi,"_x000D_
నొసలు బత్తుఁడయ్యె నోరు తోడే లయ్యె
_x000D_
మనసు భూతమువలె మలయఁగాను
_x000D_
శివునిఁ గనియె నన్నసిగ్గెట్లు గాదొకొ
_x000D_
విశ్వదాభిరామ వినర వేమ.",vupajaathi,Vemana,"[('నొ', '|'), ('స', '|'), ('లు', '|'), ('బ', 'U'), ('త్తు', '|'), ('డ', 'U'), ('య్యె', '|'), ('నో', 'U'), ('రు', '|'), ('తో', 'U'), ('డే', 'U'), ('ల', 'U'), ('య్యె', '|'), ('మ', '|'), ('న', '|'), ('సు', '|'), ('భూ', 'U'), ('త', '|'), ('ము', '|'), ('వ', '|'), ('లె', '|'), ('మ', '|'), ('ల', '|'), ('య', '|'), ('గా', 'U'), ('ను', '|'), ('శి', '|'), ('వు', '|'), ('ని', '|'), ('గ', '|'), ('ని', '|'), ('యె', '|'), ('న', 'U'), ('న్న', '|'), ('సి', 'U'), ('గ్గె', 'U'), ('ట్లు', '|'), ('గా', 'U'), ('దొ', '|'), ('కొ', '|'), ('వి', 'U'), ('శ్వ', '|'), ('దా', 'U'), ('భి', '|'), ('రా', 'U'), ('మ', '|'), ('వి', '|'), ('న', '|'), ('ర', '|'), ('వే', 'U'), ('మ', '|')]",1.0,-1.0,1.0,1.0,1.0,-1.0
aataveladi,"_x000D_
మాదిగ చెవులను మనసులోఁ బెట్టుక
_x000D_
మాదిగలను దెగడు మాదిగపుడు
_x000D_
మంచిగుణములేక మఱిద్విజుఁ డెట్లగు
_x000D_
విశ్వదాభిరామ వినర వేమ.",vupajaathi,Vemana,"[('మా', 'U'), ('ది', '|'), ('గ', '|'), ('చె', '|'), ('వు', '|'), ('ల', '|'), ('ను', '|'), ('మ', '|'), ('న', '|'), ('సు', '|'), ('లో', 'U'), ('బె', 'U'), ('ట్టు', '|'), ('క', '|'), ('మా', 'U'), ('ది', '|'), ('గ', '|'), ('ల', '|'), ('ను', '|'), ('దె', '|'), ('గ', '|'), ('డు', '|'), ('మా', 'U'), ('ది', '|'), ('గ', '|'), ('పు', '|'), ('డు', '|'), ('మం', 'U'), ('చి', '|'), ('గు', '|'), ('ణ', '|'), ('ము', '|'), ('లే', 'U'), ('క', '|'), ('మ', '|'), ('ఱి', 'U'), ('ద్వి', '|'), ('జు', '|'), ('డె', 'U'), ('ట్ల', '|'), ('గు', '|'), ('వి', 'U'), ('శ్వ', '|'), ('దా', 'U'), ('భి', '|'), ('రా', 'U'), ('మ', '|'), ('వి', '|'), ('న', '|'), ('ర', '|'), ('వే', 'U'), ('మ', '|')]",0.65,-1.0,1.0,0.7,0.25,-1.0
aataveladi,"_x000D_
కల్లలాడుకంటె కష్టంబు మఱిలేదు
_x000D_
కష్టమెపుడు కీడుఁ గలిగియుండు
_x000D_
ద్విజుఁడననుట చూడఁ ద్రిమ్మరితన మది
_x000D_
విశ్వదాభిరామ వినర వేమ.",vupajaathi,Vemana,"[('క', 'U'), ('ల్ల', '|'), ('లా', 'U'), ('డు', '|'), ('కం', 'U'), ('టె', '|'), ('క', 'U'), ('ష్టం', 'U'), ('బు', '|'), ('మ', '|'), ('ఱి', '|'), ('లే', 'U'), ('దు', '|'), ('క', 'U'), ('ష్ట', '|'), ('మె', '|'), ('పు', '|'), ('డు', '|'), ('కీ', 'U'), ('డు', '|'), ('గ', '|'), ('లి', '|'), ('గి', '|'), ('యుం', 'U'), ('డు', 'U'), ('ద్వి', '|'), ('జు', '|'), ('డ', '|'), ('న', '|'), ('ను', '|'), ('ట', '|'), ('చూ', 'U'), ('డ', '|'), ('ద్రి', 'U'), ('మ్మ', '|'), ('రి', '|'), ('త', '|'), ('న', '|'), ('మ', '|'), ('ది', '|'), ('వి', 'U'), ('శ్వ', '|'), ('దా', 'U'), ('భి', '|'), ('రా', 'U'), ('మ', '|'), ('వి', '|'), ('న', '|'), ('ర', '|'), ('వే', 'U'), ('మ', '|')]",0.7166666666666667,-1.0,1.0,0.65,0.5,-1.0
aataveladi,"_x000D_
విప్రవరుల మనుచు వేదంబుఁ జదువక
_x000D_
ప్రాకృతులను జూచి పరిహసించు
_x000D_
ధరణిసురులకన్న దాసరిమత మెచ్చు
_x000D_
విశ్వదాభిరామ వినర వేమ.",vupajaathi,Vemana,"[('వి', '|'), ('ప్ర', '|'), ('వ', '|'), ('రు', '|'), ('ల', '|'), ('మ', '|'), ('ను', '|'), ('చు', '|'), ('వే', 'U'), ('దం', 'U'), ('బు', '|'), ('జ', '|'), ('దు', '|'), ('వ', '|'), ('క', '|'), ('ప్రా', 'U'), ('కృ', '|'), ('తు', '|'), ('ల', '|'), ('ను', '|'), ('జూ', 'U'), ('చి', '|'), ('ప', '|'), ('రి', '|'), ('హ', '|'), ('సిం', 'U'), ('చు', '|'), ('ధ', '|'), ('ర', '|'), ('ణి', '|'), ('సు', '|'), ('రు', '|'), ('ల', '|'), ('క', 'U'), ('న్న', '|'), ('దా', 'U'), ('స', '|'), ('రి', '|'), ('మ', '|'), ('త', '|'), ('మె', 'U'), ('చ్చు', '|'), ('వి', 'U'), ('శ్వ', '|'), ('దా', 'U'), ('భి', '|'), ('రా', 'U'), ('మ', '|'), ('వి', '|'), ('న', '|'), ('ర', '|'), ('వే', 'U'), ('మ', '|')]",0.5666666666666667,-1.0,1.0,0.7,0.0,-1.0
aataveladi,"_x000D_
వేష మొనరఁగట్టి వెలయ శూద్రత్వంబు
_x000D_
తనకు లేదనుకొను ధరణి ద్విజుఁడు
_x000D_
అరిది గిట్టువేళ నడఁగు ద్విజత్వంబు
_x000D_
విశ్వదాభిరామ వినర వేమ.",vupajaathi,Vemana,"[('వే', 'U'), ('ష', '|'), ('మొ', '|'), ('న', '|'), ('ర', '|'), ('గ', 'U'), ('ట్టి', '|'), ('వె', '|'), ('ల', '|'), ('య', '|'), ('శూ', 'U'), ('ద్ర', 'U'), ('త్వం', 'U'), ('బు', '|'), ('త', '|'), ('న', '|'), ('కు', '|'), ('లే', 'U'), ('ద', '|'), ('ను', '|'), ('కొ', '|'), ('ను', '|'), ('ధ', '|'), ('ర', '|'), ('ణి', 'U'), ('ద్వి', '|'), ('జు', '|'), ('డు', '|'), ('అ', '|'), ('రి', '|'), ('ది', '|'), ('గి', 'U'), ('ట్టు', '|'), ('వే', 'U'), ('ళ', '|'), ('న', '|'), ('డ', '|'), ('గు', 'U'), ('ద్వి', '|'), ('జ', 'U'), ('త్వం', 'U'), ('బు', '|'), ('వి', 'U'), ('శ్వ', '|'), ('దా', 'U'), ('భి', '|'), ('రా', 'U'), ('మ', '|'), ('వి', '|'), ('న', '|'), ('ర', '|'), ('వే', 'U'), ('మ', '|')]",0.9,-1.0,1.0,0.95,0.75,-1.0
aataveladi,"_x000D_
సోమయాజి ననుచు సొంపుగా వేషంబు
_x000D_
గట్టి మాంసమెల్లఁ గాల్చితినును
_x000D_
ద్విజుఁడనంగ నేమితేజంబు తనవల్ల
_x000D_
విశ్వదాభిరామ వినర వేమ.",vupajaathi,Vemana,"[('సో', 'U'), ('మ', '|'), ('యా', 'U'), ('జి', '|'), ('న', '|'), ('ను', '|'), ('చు', '|'), ('సొం', 'U'), ('పు', '|'), ('గా', 'U'), ('వే', 'U'), ('షం', 'U'), ('బు', '|'), ('గ', 'U'), ('ట్టి', '|'), ('మాం', 'U'), ('స', '|'), ('మె', 'U'), ('ల్ల', '|'), ('గా', 'U'), ('ల్చి', '|'), ('తి', '|'), ('ను', '|'), ('ను', 'U'), ('ద్వి', '|'), ('జు', '|'), ('డ', '|'), ('నం', 'U'), ('గ', '|'), ('నే', 'U'), ('మి', '|'), ('తే', 'U'), ('జం', 'U'), ('బు', '|'), ('త', '|'), ('న', '|'), ('వ', 'U'), ('ల్ల', '|'), ('వి', 'U'), ('శ్వ', '|'), ('దా', 'U'), ('భి', '|'), ('రా', 'U'), ('మ', '|'), ('వి', '|'), ('న', '|'), ('ర', '|'), ('వే', 'U'), ('మ', '|')]",0.9833333333333334,-1.0,1.0,0.95,1.0,-1.0
aataveladi,"_x000D_
అంతరాత్మఁ గనక యల్పబుద్ధులతోడ
_x000D_
మెలఁగునట్టి ద్విజులు మేదినందు
_x000D_
యమునినరకములకు నరుగంగ నది సాక్షి
_x000D_
విశ్వదాభిరామ వినర వేమ.",vupajaathi,Vemana,"[('అం', 'U'), ('త', '|'), ('రా', 'U'), ('త్మ', '|'), ('గ', '|'), ('న', '|'), ('క', '|'), ('య', 'U'), ('ల్ప', '|'), ('బు', 'U'), ('ద్ధు', '|'), ('ల', '|'), ('తో', 'U'), ('డ', '|'), ('మె', '|'), ('ల', '|'), ('గు', '|'), ('న', 'U'), ('ట్టి', 'U'), ('ద్వి', '|'), ('జు', '|'), ('లు', '|'), ('మే', 'U'), ('ది', '|'), ('నం', 'U'), ('దు', '|'), ('య', '|'), ('ము', '|'), ('ని', '|'), ('న', '|'), ('ర', '|'), ('క', '|'), ('ము', '|'), ('ల', '|'), ('కు', '|'), ('న', '|'), ('రు', '|'), ('గం', 'U'), ('గ', '|'), ('న', '|'), ('ది', '|'), ('సా', 'U'), ('క్షి', '|'), ('వి', 'U'), ('శ్వ', '|'), ('దా', 'U'), ('భి', '|'), ('రా', 'U'), ('మ', '|'), ('వి', '|'), ('న', '|'), ('ర', '|'), ('వే', 'U'), ('మ', '|')]",0.6166666666666667,-1.0,1.0,0.6,0.25,-1.0
aataveladi,"_x000D_
కల్లటికెకు భూతి గట్టిగాఁ బెట్టిన
_x000D_
నందులోని కంపు లడఁగనట్లు
_x000D_
మెడను త్రాడు వేయ మెఱపుతో ద్విజుఁడౌనె
_x000D_
విశ్వదాభిరామ వినర వేమ.",vupajaathi,Vemana,"[('క', 'U'), ('ల్ల', '|'), ('టి', '|'), ('కె', '|'), ('కు', '|'), ('భూ', 'U'), ('తి', '|'), ('గ', 'U'), ('ట్టి', '|'), ('గా', 'U'), ('బె', 'U'), ('ట్టి', '|'), ('న', '|'), ('నం', 'U'), ('దు', '|'), ('లో', 'U'), ('ని', '|'), ('కం', 'U'), ('పు', '|'), ('ల', '|'), ('డ', '|'), ('గ', '|'), ('న', 'U'), ('ట్లు', '|'), ('మె', '|'), ('డ', '|'), ('ను', '|'), ('త్రా', 'U'), ('డు', '|'), ('వే', 'U'), ('య', '|'), ('మె', '|'), ('ఱ', '|'), ('పు', '|'), ('తో', 'U'), ('ద్వి', '|'), ('జు', '|'), ('డౌ', 'U'), ('నె', '|'), ('వి', 'U'), ('శ్వ', '|'), ('దా', 'U'), ('భి', '|'), ('రా', 'U'), ('మ', '|'), ('వి', '|'), ('న', '|'), ('ర', '|'), ('వే', 'U'), ('మ', '|')]",0.9166666666666666,-1.0,1.0,1.0,0.75,-1.0
aataveladi,"_x000D_
బిందురక్తములను బెరసిన దేహంబు
_x000D_
చంద మెఱుఁగక ద్విజశబ్ద మిడఁగ
_x000D_
నడచిన విడుచున నరకంబు మృత్యువు
_x000D_
విశ్వదాభిరామ వినర వేమ.",vupajaathi,Vemana,"[('బిం', 'U'), ('దు', '|'), ('ర', 'U'), ('క్త', '|'), ('ము', '|'), ('ల', '|'), ('ను', '|'), ('బె', '|'), ('ర', '|'), ('సి', '|'), ('న', '|'), ('దే', 'U'), ('హం', 'U'), ('బు', '|'), ('చం', 'U'), ('ద', '|'), ('మె', '|'), ('ఱు', '|'), ('గ', '|'), ('క', 'U'), ('ద్వి', '|'), ('జ', '|'), ('శ', 'U'), ('బ్ద', '|'), ('మి', '|'), ('డ', '|'), ('గ', '|'), ('న', '|'), ('డ', '|'), ('చి', '|'), ('న', '|'), ('వి', '|'), ('డు', '|'), ('చు', '|'), ('న', '|'), ('న', '|'), ('ర', '|'), ('కం', 'U'), ('బు', '|'), ('మృ', 'U'), ('త్యు', '|'), ('వు', '|'), ('వి', 'U'), ('శ్వ', '|'), ('దా', 'U'), ('భి', '|'), ('రా', 'U'), ('మ', '|'), ('వి', '|'), ('న', '|'), ('ర', '|'), ('వే', 'U'), ('మ', '|')]",0.7833333333333333,-1.0,1.0,0.85,0.5,-1.0
aataveladi,"_x000D_
భూతి దేహమందుఁ బూసిన నాయెనా
_x000D_
నిష్ఠ శివునియందె నిలుపవలయుఁ
_x000D_
గాని భస్మమందు గాడిదె పొర్లదా
_x000D_
విశ్వదాభిరామ వినర వేమ.",vupajaathi,Vemana,"[('భూ', 'U'), ('తి', '|'), ('దే', 'U'), ('హ', '|'), ('మం', 'U'), ('దు', '|'), ('బూ', 'U'), ('సి', '|'), ('న', '|'), ('నా', 'U'), ('యె', '|'), ('నా', 'U'), ('ని', 'U'), ('ష్ఠ', '|'), ('శి', '|'), ('వు', '|'), ('ని', '|'), ('యం', 'U'), ('దె', '|'), ('ని', '|'), ('లు', '|'), ('ప', '|'), ('వ', '|'), ('ల', '|'), ('యు', '|'), ('గా', 'U'), ('ని', '|'), ('భ', 'U'), ('స్మ', '|'), ('మం', 'U'), ('దు', '|'), ('గా', 'U'), ('డి', '|'), ('దె', '|'), ('పొ', 'U'), ('ర్ల', '|'), ('దా', 'U'), ('వి', 'U'), ('శ్వ', '|'), ('దా', 'U'), ('భి', '|'), ('రా', 'U'), ('మ', '|'), ('వి', '|'), ('న', '|'), ('ర', '|'), ('వే', 'U'), ('మ', '|')]",1.0,-1.0,1.0,1.0,1.0,-1.0
aataveladi,"_x000D_
ఆకులెల్లఁదిన్న మేఁకపోతుల కేల
_x000D_
గాకపోవునయ్య కాయసిద్ధి
_x000D_
లోకులెల్ల వెఱ్ఱి పోకళ్ళఁ బోదురు
_x000D_
విశ్వదాభిరామ వినర వేమ.",vupajaathi,Vemana,"[('ఆ', 'U'), ('కు', '|'), ('లె', 'U'), ('ల్ల', '|'), ('ది', 'U'), ('న్న', '|'), ('మే', 'U'), ('క', '|'), ('పో', 'U'), ('తు', '|'), ('ల', '|'), ('కే', 'U'), ('ల', '|'), ('గా', 'U'), ('క', '|'), ('పో', 'U'), ('వు', '|'), ('న', 'U'), ('య్య', '|'), ('కా', 'U'), ('య', '|'), ('సి', 'U'), ('ద్ధి', '|'), ('లో', 'U'), ('కు', '|'), ('లె', 'U'), ('ల్ల', '|'), ('వె', 'U'), ('ఱ్ఱి', '|'), ('పో', 'U'), ('క', 'U'), ('ళ్ళ', '|'), ('బో', 'U'), ('దు', '|'), ('రు', '|'), ('వి', 'U'), ('శ్వ', '|'), ('దా', 'U'), ('భి', '|'), ('రా', 'U'), ('మ', '|'), ('వి', '|'), ('న', '|'), ('ర', '|'), ('వే', 'U'), ('మ', '|')]",0.9166666666666666,-1.0,1.0,1.0,0.75,-1.0
aataveladi,"_x000D_
బోడితలల జడల బూడిదెపూఁతల
_x000D_
భాషణాసనముల వేషములను
_x000D_
యోగిగాఁడు లోన బాగుగాకుండెనా
_x000D_
విశ్వదాభిరామ వినర వేమ.",vupajaathi,Vemana,"[('బో', 'U'), ('డి', '|'), ('త', '|'), ('ల', '|'), ('ల', '|'), ('జ', '|'), ('డ', '|'), ('ల', '|'), ('బూ', 'U'), ('డి', '|'), ('దె', '|'), ('పూ', 'U'), ('త', '|'), ('ల', '|'), ('భా', 'U'), ('ష', '|'), ('ణా', 'U'), ('స', '|'), ('న', '|'), ('ము', '|'), ('ల', '|'), ('వే', 'U'), ('ష', '|'), ('ము', '|'), ('ల', '|'), ('ను', '|'), ('యో', 'U'), ('గి', '|'), ('గా', 'U'), ('డు', '|'), ('లో', 'U'), ('న', '|'), ('బా', 'U'), ('గు', '|'), ('గా', 'U'), ('కుం', 'U'), ('డె', '|'), ('నా', 'U'), ('వి', 'U'), ('శ్వ', '|'), ('దా', 'U'), ('భి', '|'), ('రా', 'U'), ('మ', '|'), ('వి', '|'), ('న', '|'), ('ర', '|'), ('వే', 'U'), ('మ', '|')]",1.0,-1.0,1.0,1.0,1.0,-1.0
aataveladi,"_x000D_
కాయగూరలుతిని కాషాయవస్త్రముల్‌
_x000D_
బోడినెత్తి గలిగి పొరయుచుండ్రు
_x000D_
తలలు బోడులైనఁ దలఁపులు బోడులా
_x000D_
విశ్వదాభిరామ వినర వేమ.",vupajaathi,Vemana,"[('కా', 'U'), ('య', '|'), ('గూ', 'U'), ('ర', '|'), ('లు', '|'), ('తి', '|'), ('ని', '|'), ('కా', 'U'), ('షా', 'U'), ('య', '|'), ('వ', 'U'), ('స్త్ర', '|'), ('ముల్', 'U'), ('బో', 'U'), ('డి', '|'), ('నె', 'U'), ('త్తి', '|'), ('గ', '|'), ('లి', '|'), ('గి', '|'), ('పొ', '|'), ('ర', '|'), ('యు', '|'), ('చుం', 'U'), ('డ్రు', '|'), ('త', '|'), ('ల', '|'), ('లు', '|'), ('బో', 'U'), ('డు', '|'), ('లై', 'U'), ('న', '|'), ('ద', '|'), ('ల', '|'), ('పు', '|'), ('లు', '|'), ('బో', 'U'), ('డు', '|'), ('లా', 'U'), ('వి', 'U'), ('శ్వ', '|'), ('దా', 'U'), ('భి', '|'), ('రా', 'U'), ('మ', '|'), ('వి', '|'), ('న', '|'), ('ర', '|'), ('వే', 'U'), ('మ', '|')]",1.0,-1.0,1.0,1.0,1.0,-1.0
aataveladi,"_x000D_
కాలు చేయి వంచి గాలి నిండఁగఁజేర్చి
_x000D_
నేలవ్రాలి కొన్ని నిలిచికొన్ని
_x000D_
యాసనముఖవిద్య లభ్యాస విద్యలు
_x000D_
విశ్వదాభిరామ వినర వేమ.",vupajaathi,Vemana,"[('కా', 'U'), ('లు', '|'), ('చే', 'U'), ('యి', '|'), ('వం', 'U'), ('చి', '|'), ('గా', 'U'), ('లి', '|'), ('నిం', 'U'), ('డ', '|'), ('గ', '|'), ('జే', 'U'), ('ర్చి', '|'), ('నే', 'U'), ('ల', '|'), ('వ్రా', 'U'), ('లి', '|'), ('కొ', 'U'), ('న్ని', '|'), ('ని', '|'), ('లి', '|'), ('చి', '|'), ('కొ', 'U'), ('న్ని', '|'), ('యా', 'U'), ('స', '|'), ('న', '|'), ('ము', '|'), ('ఖ', '|'), ('వి', 'U'), ('ద్య', '|'), ('ల', 'U'), ('భ్యా', 'U'), ('స', '|'), ('వి', 'U'), ('ద్య', '|'), ('లు', '|'), ('వి', 'U'), ('శ్వ', '|'), ('దా', 'U'), ('భి', '|'), ('రా', 'U'), ('మ', '|'), ('వి', '|'), ('న', '|'), ('ర', '|'), ('వే', 'U'), ('మ', '|')]",0.9166666666666666,-1.0,1.0,1.0,0.75,-1.0
aataveladi,"_x000D_
కావిపంచె గట్టికడుయోగివలెనుండి
_x000D_
వెదకి కోర్కులెల్ల విడిచిపెట్టి
_x000D_
తొడరి తిరుగువాఁడు దొంగసన్యాసిరా
_x000D_
విశ్వదాభిరామ వినర వేమ.",vupajaathi,Vemana,"[('కా', 'U'), ('వి', '|'), ('పం', 'U'), ('చె', '|'), ('గ', 'U'), ('ట్టి', '|'), ('క', '|'), ('డు', '|'), ('యో', 'U'), ('గి', '|'), ('వ', '|'), ('లె', '|'), ('నుం', 'U'), ('డి', '|'), ('వె', '|'), ('ద', '|'), ('కి', '|'), ('కో', 'U'), ('ర్కు', '|'), ('లె', 'U'), ('ల్ల', '|'), ('వి', '|'), ('డి', '|'), ('చి', '|'), ('పె', 'U'), ('ట్టి', '|'), ('తొ', '|'), ('డ', '|'), ('రి', '|'), ('తి', '|'), ('రు', '|'), ('గు', '|'), ('వా', 'U'), ('డు', '|'), ('దొం', 'U'), ('గ', '|'), ('స', 'U'), ('న్యా', 'U'), ('సి', '|'), ('రా', 'U'), ('వి', 'U'), ('శ్వ', '|'), ('దా', 'U'), ('భి', '|'), ('రా', 'U'), ('మ', '|'), ('వి', '|'), ('న', '|'), ('ర', '|'), ('వే', 'U'), ('మ', '|')]",1.0,-1.0,1.0,1.0,1.0,-1.0
aataveladi,"_x000D_
కలియుగమునఁ బుట్టి కడతేఱఁగా లేక
_x000D_
యొడలు బడలఁజేసి యుగ్రతపము
_x000D_
తపసు చేసియేమి తత్వంబుఁ గనలేరు
_x000D_
విశ్వదాభిరామ వినర వేమ.",vupajaathi,Vemana,"[('క', '|'), ('లి', '|'), ('యు', '|'), ('గ', '|'), ('ము', '|'), ('న', '|'), ('బు', 'U'), ('ట్టి', '|'), ('క', '|'), ('డ', '|'), ('తే', 'U'), ('ఱ', '|'), ('గా', 'U'), ('లే', 'U'), ('క', '|'), ('యొ', '|'), ('డ', '|'), ('లు', '|'), ('బ', '|'), ('డ', '|'), ('ల', '|'), ('జే', 'U'), ('సి', '|'), ('యు', '|'), ('గ్ర', '|'), ('త', '|'), ('ప', '|'), ('ము', '|'), ('త', '|'), ('ప', '|'), ('సు', '|'), ('చే', 'U'), ('సి', '|'), ('యే', 'U'), ('మి', '|'), ('త', 'U'), ('త్వం', 'U'), ('బు', '|'), ('గ', '|'), ('న', '|'), ('లే', 'U'), ('రు', '|'), ('వి', 'U'), ('శ్వ', '|'), ('దా', 'U'), ('భి', '|'), ('రా', 'U'), ('మ', '|'), ('వి', '|'), ('న', '|'), ('ర', '|'), ('వే', 'U'), ('మ', '|')]",0.7333333333333334,-1.0,1.0,0.7,0.5,-1.0
aataveladi,"_x000D_
ఇల్లునాలివిడిచి యినుపకచ్చలఁ గట్టి
_x000D_
వంటకంబు నీరువాంఛ లుడిగి
_x000D_
యొంటినున్న యంత నొదవునా తత్వంబు
_x000D_
విశ్వదాభిరామ వినర వేమ.",vupajaathi,Vemana,"[('ఇ', 'U'), ('ల్లు', '|'), ('నా', 'U'), ('లి', '|'), ('వి', '|'), ('డి', '|'), ('చి', '|'), ('యి', '|'), ('ను', '|'), ('ప', '|'), ('క', 'U'), ('చ్చ', '|'), ('ల', '|'), ('గ', 'U'), ('ట్టి', '|'), ('వం', 'U'), ('ట', '|'), ('కం', 'U'), ('బు', '|'), ('నీ', 'U'), ('రు', '|'), ('వాం', 'U'), ('ఛ', '|'), ('లు', '|'), ('డి', '|'), ('గి', '|'), ('యొం', 'U'), ('టి', '|'), ('ను', 'U'), ('న్న', '|'), ('యం', 'U'), ('త', '|'), ('నొ', '|'), ('ద', '|'), ('వు', '|'), ('నా', 'U'), ('త', 'U'), ('త్వం', 'U'), ('బు', '|'), ('వి', 'U'), ('శ్వ', '|'), ('దా', 'U'), ('భి', '|'), ('రా', 'U'), ('మ', '|'), ('వి', '|'), ('న', '|'), ('ర', '|'), ('వే', 'U'), ('మ', '|')]",0.8333333333333334,-1.0,1.0,1.0,0.5,-1.0
aataveladi,"_x000D_
జీవలింగపూజఁ జేసినవారికి
_x000D_
శిలలరూపమందుఁ జింతయేల
_x000D_
చెలఁగి మధువు గ్రోలఁజేదు రుచించునా
_x000D_
విశ్వదాభిరామ వినర వేమ.",vupajaathi,Vemana,"[('జీ', 'U'), ('వ', '|'), ('లిం', 'U'), ('గ', '|'), ('పూ', 'U'), ('జ', '|'), ('జే', 'U'), ('సి', '|'), ('న', '|'), ('వా', 'U'), ('రి', '|'), ('కి', '|'), ('శి', '|'), ('ల', '|'), ('ల', '|'), ('రూ', 'U'), ('ప', '|'), ('మం', 'U'), ('దు', '|'), ('జిం', 'U'), ('త', '|'), ('యే', 'U'), ('ల', '|'), ('చె', '|'), ('ల', '|'), ('గి', '|'), ('మ', '|'), ('ధు', '|'), ('వు', '|'), ('గ్రో', 'U'), ('ల', '|'), ('జే', 'U'), ('దు', '|'), ('రు', '|'), ('చిం', 'U'), ('చు', '|'), ('నా', 'U'), ('వి', 'U'), ('శ్వ', '|'), ('దా', 'U'), ('భి', '|'), ('రా', 'U'), ('మ', '|'), ('వి', '|'), ('న', '|'), ('ర', '|'), ('వే', 'U'), ('మ', '|')]",1.0,-1.0,1.0,1.0,1.0,-1.0
aataveladi,"_x000D_
శివుఁడు గలఁడటంచు శిలలకు మ్రొక్కెడి
_x000D_
వెఱ్ఱిజీవులార వెతల విడుడి
_x000D_
జీవులందె కాక శిలల నేమున్నది
_x000D_
విశ్వదాభిరామ వినర వేమ.",vupajaathi,Vemana,"[('శి', '|'), ('వు', '|'), ('డు', '|'), ('గ', '|'), ('ల', '|'), ('డ', '|'), ('టం', 'U'), ('చు', '|'), ('శి', '|'), ('ల', '|'), ('ల', '|'), ('కు', '|'), ('మ్రొ', 'U'), ('క్కె', '|'), ('డి', '|'), ('వె', 'U'), ('ఱ్ఱి', '|'), ('జీ', 'U'), ('వు', '|'), ('లా', 'U'), ('ర', '|'), ('వె', '|'), ('త', '|'), ('ల', '|'), ('వి', '|'), ('డు', '|'), ('డి', '|'), ('జీ', 'U'), ('వు', '|'), ('లం', 'U'), ('దె', '|'), ('కా', 'U'), ('క', '|'), ('శి', '|'), ('ల', '|'), ('ల', '|'), ('నే', 'U'), ('ము', 'U'), ('న్న', '|'), ('ది', '|'), ('వి', 'U'), ('శ్వ', '|'), ('దా', 'U'), ('భి', '|'), ('రా', 'U'), ('మ', '|'), ('వి', '|'), ('న', '|'), ('ర', '|'), ('వే', 'U'), ('మ', '|')]",1.0,-1.0,1.0,1.0,1.0,-1.0
aataveladi,"_x000D_
రాతిప్రతిమ దెచ్చి రాజసంబుననుంచి
_x000D_
పూజసేయు నరుఁడు బుద్ధిమాలి
_x000D_
భావమందుఁ బరము భావించ నేరఁడు
_x000D_
విశ్వదాభిరామ వినర వేమ.",vupajaathi,Vemana,"[('రా', 'U'), ('తి', '|'), ('ప్ర', '|'), ('తి', '|'), ('మ', '|'), ('దె', 'U'), ('చ్చి', '|'), ('రా', 'U'), ('జ', '|'), ('సం', 'U'), ('బు', '|'), ('న', '|'), ('నుం', 'U'), ('చి', '|'), ('పూ', 'U'), ('జ', '|'), ('సే', 'U'), ('యు', '|'), ('న', '|'), ('రు', '|'), ('డు', '|'), ('బు', 'U'), ('ద్ధి', '|'), ('మా', 'U'), ('లి', '|'), ('భా', 'U'), ('వ', '|'), ('మం', 'U'), ('దు', '|'), ('బ', '|'), ('ర', '|'), ('ము', '|'), ('భా', 'U'), ('విం', 'U'), ('చ', '|'), ('నే', 'U'), ('ర', '|'), ('డు', '|'), ('వి', 'U'), ('శ్వ', '|'), ('దా', 'U'), ('భి', '|'), ('రా', 'U'), ('మ', '|'), ('వి', '|'), ('న', '|'), ('ర', '|'), ('వే', 'U'), ('మ', '|')]",1.0,-1.0,1.0,1.0,1.0,-1.0
aataveladi,"_x000D_
జంగమాఖ్య భక్తి సంధివేఱుగలేదు
_x000D_
సగుణభావ మదియ శాస్త్ర విధియు
_x000D_
నిర్గుణంబు వీడు నెఱినేదియెఱుఁగఁడు
_x000D_
విశ్వదాభిరామ వినర వేమ.",vupajaathi,Vemana,"[('జం', 'U'), ('గ', '|'), ('మా', 'U'), ('ఖ్య', '|'), ('భ', 'U'), ('క్తి', '|'), ('సం', 'U'), ('ధి', '|'), ('వే', 'U'), ('ఱు', '|'), ('గ', '|'), ('లే', 'U'), ('దు', '|'), ('స', '|'), ('గు', '|'), ('ణ', '|'), ('భా', 'U'), ('వ', '|'), ('మ', '|'), ('ది', '|'), ('య', '|'), ('శా', 'U'), ('స్త్ర', '|'), ('వి', '|'), ('ధి', '|'), ('యు', '|'), ('ని', 'U'), ('ర్గు', '|'), ('ణం', 'U'), ('బు', '|'), ('వీ', 'U'), ('డు', '|'), ('నె', '|'), ('ఱి', '|'), ('నే', 'U'), ('ది', '|'), ('యె', '|'), ('ఱు', '|'), ('గ', '|'), ('డు', '|'), ('వి', 'U'), ('శ్వ', '|'), ('దా', 'U'), ('భి', '|'), ('రా', 'U'), ('మ', '|'), ('వి', '|'), ('న', '|'), ('ర', '|'), ('వే', 'U'), ('మ', '|')]",1.0,-1.0,1.0,1.0,1.0,-1.0
aataveladi,"_x000D_
ఎంబెరుమతమని యెసఁగ మాంసము తిని
_x000D_
మారుపేరుఁ బెట్టి మధువు ద్రావి
_x000D_
వావివరుస దప్పి పలికి పాడౌదురు
_x000D_
విశ్వదాభిరామ వినర వేమ.",vupajaathi,Vemana,"[('ఎం', 'U'), ('బె', '|'), ('రు', '|'), ('మ', '|'), ('త', '|'), ('మ', '|'), ('ని', '|'), ('యె', '|'), ('స', '|'), ('గ', '|'), ('మాం', 'U'), ('స', '|'), ('ము', '|'), ('తి', '|'), ('ని', '|'), ('మా', 'U'), ('రు', '|'), ('పే', 'U'), ('రు', '|'), ('బె', 'U'), ('ట్టి', '|'), ('మ', '|'), ('ధు', '|'), ('వు', '|'), ('ద్రా', 'U'), ('వి', '|'), ('వా', 'U'), ('వి', '|'), ('వ', '|'), ('రు', '|'), ('స', '|'), ('ద', 'U'), ('ప్పి', '|'), ('ప', '|'), ('లి', '|'), ('కి', '|'), ('పా', 'U'), ('డౌ', 'U'), ('దు', '|'), ('రు', '|'), ('వి', 'U'), ('శ్వ', '|'), ('దా', 'U'), ('భి', '|'), ('రా', 'U'), ('మ', '|'), ('వి', '|'), ('న', '|'), ('ర', '|'), ('వే', 'U'), ('మ', '|')]",0.5833333333333334,-1.0,1.0,0.75,0.0,-1.0
aataveladi,"_x000D_
జాతిమతము విడిచి చని యోగిగా మేలు
_x000D_
జాతితోనెయుండె నీతులెల్ల
_x000D_
మతముఁబట్టి జాతి మానకుంట కొఱంత
_x000D_
విశ్వదాభిరామ వినర వేమ.",vupajaathi,Vemana,"[('జా', 'U'), ('తి', '|'), ('మ', '|'), ('త', '|'), ('ము', '|'), ('వి', '|'), ('డి', '|'), ('చి', '|'), ('చ', '|'), ('ని', '|'), ('యో', 'U'), ('గి', '|'), ('గా', 'U'), ('మే', 'U'), ('లు', '|'), ('జా', 'U'), ('తి', '|'), ('తో', 'U'), ('నె', '|'), ('యుం', 'U'), ('డె', '|'), ('నీ', 'U'), ('తు', '|'), ('లె', 'U'), ('ల్ల', '|'), ('మ', '|'), ('త', '|'), ('ము', '|'), ('బ', 'U'), ('ట్టి', '|'), ('జా', 'U'), ('తి', '|'), ('మా', 'U'), ('న', '|'), ('కుం', 'U'), ('ట', '|'), ('కొ', '|'), ('ఱం', 'U'), ('త', '|'), ('వి', 'U'), ('శ్వ', '|'), ('దా', 'U'), ('భి', '|'), ('రా', 'U'), ('మ', '|'), ('వి', '|'), ('న', '|'), ('ర', '|'), ('వే', 'U'), ('మ', '|')]",1.0,-1.0,1.0,1.0,1.0,-1.0
aataveladi,"_x000D_
కట్టెపేరు లోలిగట్టి చెప్పఁగ రాదు
_x000D_
కానరాదు లోని కలిమితనము
_x000D_
జంగమయినపిదప జాతి నెంచరాదు
_x000D_
విశ్వదాభిరామ వినర వేమ.",vupajaathi,Vemana,"[('క', 'U'), ('ట్టె', '|'), ('పే', 'U'), ('రు', '|'), ('లో', 'U'), ('లి', '|'), ('గ', 'U'), ('ట్టి', '|'), ('చె', 'U'), ('ప్ప', '|'), ('గ', '|'), ('రా', 'U'), ('దు', '|'), ('కా', 'U'), ('న', '|'), ('రా', 'U'), ('దు', '|'), ('లో', 'U'), ('ని', '|'), ('క', '|'), ('లి', '|'), ('మి', '|'), ('త', '|'), ('న', '|'), ('ము', '|'), ('జం', 'U'), ('గ', '|'), ('మ', '|'), ('యి', '|'), ('న', '|'), ('పి', '|'), ('ద', '|'), ('ప', '|'), ('జా', 'U'), ('తి', '|'), ('నెం', 'U'), ('చ', '|'), ('రా', 'U'), ('దు', '|'), ('వి', 'U'), ('శ్వ', '|'), ('దా', 'U'), ('భి', '|'), ('రా', 'U'), ('మ', '|'), ('వి', '|'), ('న', '|'), ('ర', '|'), ('వే', 'U'), ('మ', '|')]",0.8666666666666667,-1.0,1.0,0.85,0.75,-1.0
aataveladi,"_x000D_
వేదవిద్యలెల్ల వేశ్యలవంటివి
_x000D_
భ్రమలపెట్టి తేటపడగ నీవు
_x000D_
గుప్తవిద్య యొకటె కులకాంతవంటిది
_x000D_
విశ్వదాభిరామ వినర వేమ.",vupajaathi,Vemana,"[('వే', 'U'), ('ద', '|'), ('వి', 'U'), ('ద్య', '|'), ('లె', 'U'), ('ల్ల', '|'), ('వే', 'U'), ('శ్య', '|'), ('ల', '|'), ('వం', 'U'), ('టి', '|'), ('వి', '|'), ('భ్ర', '|'), ('మ', '|'), ('ల', '|'), ('పె', 'U'), ('ట్టి', '|'), ('తే', 'U'), ('ట', '|'), ('ప', '|'), ('డ', '|'), ('గ', '|'), ('నీ', 'U'), ('వు', '|'), ('గు', 'U'), ('ప్త', '|'), ('వి', 'U'), ('ద్య', '|'), ('యొ', '|'), ('క', '|'), ('టె', '|'), ('కు', '|'), ('ల', '|'), ('కాం', 'U'), ('త', '|'), ('వం', 'U'), ('టి', '|'), ('ది', '|'), ('వి', 'U'), ('శ్వ', '|'), ('దా', 'U'), ('భి', '|'), ('రా', 'U'), ('మ', '|'), ('వి', '|'), ('న', '|'), ('ర', '|'), ('వే', 'U'), ('మ', '|')]",1.0,-1.0,1.0,1.0,1.0,-1.0
aataveladi,"_x000D_
వేదశాస్త్రములను విని యేమి కుడిచిరి
_x000D_
యరిగితిరిగి సొత్తు రందఱిల్లు
_x000D_
బ్రహ్మమహిమఁ దెలిసి బ్రతుకుట నిజమయా
_x000D_
విశ్వదాభిరామ వినర వేమ.",vupajaathi,Vemana,"[('వే', 'U'), ('ద', '|'), ('శా', 'U'), ('స్త్ర', '|'), ('ము', '|'), ('ల', '|'), ('ను', '|'), ('వి', '|'), ('ని', '|'), ('యే', 'U'), ('మి', '|'), ('కు', '|'), ('డి', '|'), ('చి', '|'), ('రి', '|'), ('య', '|'), ('రి', '|'), ('గి', '|'), ('తి', '|'), ('రి', '|'), ('గి', '|'), ('సొ', 'U'), ('త్తు', '|'), ('రం', 'U'), ('ద', '|'), ('ఱి', 'U'), ('ల్లు', '|'), ('బ్ర', 'U'), ('హ్మ', '|'), ('మ', '|'), ('హి', '|'), ('మ', '|'), ('దె', '|'), ('లి', '|'), ('సి', '|'), ('బ్ర', '|'), ('తు', '|'), ('కు', '|'), ('ట', '|'), ('ని', '|'), ('జ', '|'), ('మ', '|'), ('యా', 'U'), ('వి', 'U'), ('శ్వ', '|'), ('దా', 'U'), ('భి', '|'), ('రా', 'U'), ('మ', '|'), ('వి', '|'), ('న', '|'), ('ర', '|'), ('వే', 'U'), ('మ', '|')]",0.9166666666666666,-1.0,1.0,1.0,0.75,-1.0
aataveladi,"_x000D_
వ్రతము లెన్నియైన వట్టిచిక్కులె కాని
_x000D_
యాత్మచిక్కుఁ గాన నలవిగాదు
_x000D_
ఆత్మచిక్కుఁ బాపునతఁడెపో ఘనయోగి
_x000D_
విశ్వదాభిరామ వినర వేమ.",vupajaathi,Vemana,"[('వ్ర', '|'), ('త', '|'), ('ము', '|'), ('లె', 'U'), ('న్ని', '|'), ('యై', 'U'), ('న', '|'), ('వ', 'U'), ('ట్టి', '|'), ('చి', 'U'), ('క్కు', '|'), ('లె', '|'), ('కా', 'U'), ('ని', '|'), ('యా', 'U'), ('త్మ', '|'), ('చి', 'U'), ('క్కు', '|'), ('గా', 'U'), ('న', '|'), ('న', '|'), ('ల', '|'), ('వి', '|'), ('గా', 'U'), ('దు', '|'), ('ఆ', 'U'), ('త్మ', '|'), ('చి', 'U'), ('క్కు', '|'), ('బా', 'U'), ('పు', '|'), ('న', '|'), ('త', '|'), ('డె', '|'), ('పో', 'U'), ('ఘ', '|'), ('న', '|'), ('యో', 'U'), ('గి', '|'), ('వి', 'U'), ('శ్వ', '|'), ('దా', 'U'), ('భి', '|'), ('రా', 'U'), ('మ', '|'), ('వి', '|'), ('న', '|'), ('ర', '|'), ('వే', 'U'), ('మ', '|')]",0.8333333333333334,-1.0,1.0,1.0,0.5,-1.0
aataveladi,"_x000D_
జననమరణములకు సంధ్యత్రాడును లేదు
_x000D_
సంధ్యత్రాడునులేదు జనని కెపుడు
_x000D_
తల్లి శూద్రురాలు దానెట్లు బాగురా
_x000D_
విశ్వదాభిరామ వినర వేమ.",vupajaathi,Vemana,"[('జ', '|'), ('న', '|'), ('న', '|'), ('మ', '|'), ('ర', '|'), ('ణ', '|'), ('ము', '|'), ('ల', '|'), ('కు', '|'), ('సం', 'U'), ('ధ్య', '|'), ('త్రా', 'U'), ('డు', '|'), ('ను', '|'), ('లే', 'U'), ('దు', '|'), ('సం', 'U'), ('ధ్య', '|'), ('త్రా', 'U'), ('డు', '|'), ('ను', '|'), ('లే', 'U'), ('దు', '|'), ('జ', '|'), ('న', '|'), ('ని', '|'), ('కె', '|'), ('పు', '|'), ('డు', '|'), ('త', 'U'), ('ల్లి', '|'), ('శూ', 'U'), ('ద్రు', '|'), ('రా', 'U'), ('లు', '|'), ('దా', 'U'), ('నె', 'U'), ('ట్లు', '|'), ('బా', 'U'), ('గు', '|'), ('రా', 'U'), ('వి', 'U'), ('శ్వ', '|'), ('దా', 'U'), ('భి', '|'), ('రా', 'U'), ('మ', '|'), ('వి', '|'), ('న', '|'), ('ర', '|'), ('వే', 'U'), ('మ', '|')]",0.9833333333333334,-1.0,1.0,0.95,1.0,-1.0
aataveladi,"_x000D_
ప్రేతయన్న మనుచుఁ బ్రీతితోఁ బిలిపించి
_x000D_
కాకులకును బెట్టు కర్ములార
_x000D_
కాకులందు నేమి ఘనులకుఁ బెట్టుఁడీ
_x000D_
విశ్వదాభిరామ వినర వేమ.",vupajaathi,Vemana,"[('ప్రే', 'U'), ('త', '|'), ('య', 'U'), ('న్న', '|'), ('మ', '|'), ('ను', '|'), ('చు', '|'), ('బ్రీ', 'U'), ('తి', '|'), ('తో', 'U'), ('బి', '|'), ('లి', '|'), ('పిం', 'U'), ('చి', '|'), ('కా', 'U'), ('కు', '|'), ('ల', '|'), ('కు', '|'), ('ను', '|'), ('బె', 'U'), ('ట్టు', '|'), ('క', 'U'), ('ర్ము', '|'), ('లా', 'U'), ('ర', '|'), ('కా', 'U'), ('కు', '|'), ('లం', 'U'), ('దు', '|'), ('నే', 'U'), ('మి', '|'), ('ఘ', '|'), ('ను', '|'), ('ల', '|'), ('కు', '|'), ('బె', 'U'), ('ట్టు', '|'), ('డీ', 'U'), ('వి', 'U'), ('శ్వ', '|'), ('దా', 'U'), ('భి', '|'), ('రా', 'U'), ('మ', '|'), ('వి', '|'), ('న', '|'), ('ర', '|'), ('వే', 'U'), ('మ', '|')]",1.0,-1.0,1.0,1.0,1.0,-1.0
aataveladi,"_x000D_
పిండములను జేసి పితరులఁదలపోసి
_x000D_
కాకులకును బెట్టు గాడ్దెలార
_x000D_
పెంటఁదినెడు కాకి పితరుఁ డెట్లాయెనో
_x000D_
విశ్వదాభిరామ వినర వేమ.",vupajaathi,Vemana,"[('పిం', 'U'), ('డ', '|'), ('ము', '|'), ('ల', '|'), ('ను', '|'), ('జే', 'U'), ('సి', '|'), ('పి', '|'), ('త', '|'), ('రు', '|'), ('ల', '|'), ('ద', '|'), ('ల', '|'), ('పో', 'U'), ('సి', '|'), ('కా', 'U'), ('కు', '|'), ('ల', '|'), ('కు', '|'), ('ను', '|'), ('బె', 'U'), ('ట్టు', '|'), ('గా', 'U'), ('డ్దె', '|'), ('లా', 'U'), ('ర', '|'), ('పెం', 'U'), ('ట', '|'), ('ది', '|'), ('నె', '|'), ('డు', '|'), ('కా', 'U'), ('కి', '|'), ('పి', '|'), ('త', '|'), ('రు', '|'), ('డె', 'U'), ('ట్లా', 'U'), ('యె', '|'), ('నో', 'U'), ('వి', 'U'), ('శ్వ', '|'), ('దా', 'U'), ('భి', '|'), ('రా', 'U'), ('మ', '|'), ('వి', '|'), ('న', '|'), ('ర', '|'), ('వే', 'U'), ('మ', '|')]",1.0,-1.0,1.0,1.0,1.0,-1.0
aataveladi,"_x000D_
నల్లబోడితలలు తెల్లనిగొంగళ్లు
_x000D_
ఒడల బూడ్దెపూత యొంటిరోఁత
_x000D_
యిట్టివేషములును పొట్టకోసము సుమీ
_x000D_
విశ్వదాభిరామ వినర వేమ.",vupajaathi,Vemana,"[('న', 'U'), ('ల్ల', '|'), ('బో', 'U'), ('డి', '|'), ('త', '|'), ('ల', '|'), ('లు', '|'), ('తె', 'U'), ('ల్ల', '|'), ('ని', '|'), ('గొం', 'U'), ('గ', 'U'), ('ళ్లు', '|'), ('ఒ', '|'), ('డ', '|'), ('ల', '|'), ('బూ', 'U'), ('డ్దె', '|'), ('పూ', 'U'), ('త', '|'), ('యొం', 'U'), ('టి', '|'), ('రో', 'U'), ('త', '|'), ('యి', 'U'), ('ట్టి', '|'), ('వే', 'U'), ('ష', '|'), ('ము', '|'), ('లు', '|'), ('ను', '|'), ('పొ', 'U'), ('ట్ట', '|'), ('కో', 'U'), ('స', '|'), ('ము', '|'), ('సు', '|'), ('మీ', 'U'), ('వి', 'U'), ('శ్వ', '|'), ('దా', 'U'), ('భి', '|'), ('రా', 'U'), ('మ', '|'), ('వి', '|'), ('న', '|'), ('ర', '|'), ('వే', 'U'), ('మ', '|')]",0.9166666666666666,-1.0,1.0,1.0,0.75,-1.0
aataveladi,"_x000D_
కంబళములఁ గట్టి గంటలు గజ్జలు
_x000D_
బోడితలలు కావి బొంతచిటికె
_x000D_
లాత్మదేవపూజ లవి సేయనేరవు
_x000D_
విశ్వదాభిరామ వినర వేమ.",vupajaathi,Vemana,"[('కం', 'U'), ('బ', '|'), ('ళ', '|'), ('ము', '|'), ('ల', '|'), ('గ', 'U'), ('ట్టి', '|'), ('గం', 'U'), ('ట', '|'), ('లు', '|'), ('గ', 'U'), ('జ్జ', '|'), ('లు', '|'), ('బో', 'U'), ('డి', '|'), ('త', '|'), ('ల', '|'), ('లు', '|'), ('కా', 'U'), ('వి', '|'), ('బొం', 'U'), ('త', '|'), ('చి', '|'), ('టి', '|'), ('కె', '|'), ('లా', 'U'), ('త్మ', '|'), ('దే', 'U'), ('వ', '|'), ('పూ', 'U'), ('జ', '|'), ('ల', '|'), ('వి', '|'), ('సే', 'U'), ('య', '|'), ('నే', 'U'), ('ర', '|'), ('వు', '|'), ('వి', 'U'), ('శ్వ', '|'), ('దా', 'U'), ('భి', '|'), ('రా', 'U'), ('మ', '|'), ('వి', '|'), ('న', '|'), ('ర', '|'), ('వే', 'U'), ('మ', '|')]",1.0,-1.0,1.0,1.0,1.0,-1.0
aataveladi,"_x000D_
మానసంపురక్తి మసలక యాత్మలో
_x000D_
బోడితలల సొంపు పొల్పుమీఱ
_x000D_
కడుపుకొఱకుఁ దిరుగు కష్టంపుమతితోడ
_x000D_
విశ్వదాభిరామ వినర వేమ.",vupajaathi,Vemana,"[('మా', 'U'), ('న', '|'), ('సం', 'U'), ('పు', '|'), ('ర', 'U'), ('క్తి', '|'), ('మ', '|'), ('స', '|'), ('ల', '|'), ('క', '|'), ('యా', 'U'), ('త్మ', '|'), ('లో', 'U'), ('బో', 'U'), ('డి', '|'), ('త', '|'), ('ల', '|'), ('ల', '|'), ('సొం', 'U'), ('పు', '|'), ('పొ', 'U'), ('ల్పు', '|'), ('మీ', 'U'), ('ఱ', '|'), ('క', '|'), ('డు', '|'), ('పు', '|'), ('కొ', '|'), ('ఱ', '|'), ('కు', '|'), ('ది', '|'), ('రు', '|'), ('గు', '|'), ('క', 'U'), ('ష్టం', 'U'), ('పు', '|'), ('మ', '|'), ('తి', '|'), ('తో', 'U'), ('డ', '|'), ('వి', 'U'), ('శ్వ', '|'), ('దా', 'U'), ('భి', '|'), ('రా', 'U'), ('మ', '|'), ('వి', '|'), ('న', '|'), ('ర', '|'), ('వే', 'U'), ('మ', '|')]",1.0,-1.0,1.0,1.0,1.0,-1.0
aataveladi,"_x000D_
పుస్తకములు జడలు పులితోలు బెత్తంబు
_x000D_
కక్షపాలలు పది లక్షలైన
_x000D_
మోత చేటు గాని మోక్షంబు లేదయా
_x000D_
విశ్వదాభిరామ వినర వేమ.",vupajaathi,Vemana,"[('పు', 'U'), ('స్త', '|'), ('క', '|'), ('ము', '|'), ('లు', '|'), ('జ', '|'), ('డ', '|'), ('లు', '|'), ('పు', '|'), ('లి', '|'), ('తో', 'U'), ('లు', '|'), ('బె', 'U'), ('త్తం', 'U'), ('బు', '|'), ('క', 'U'), ('క్ష', '|'), ('పా', 'U'), ('ల', '|'), ('లు', '|'), ('ప', '|'), ('ది', '|'), ('ల', 'U'), ('క్ష', '|'), ('లై', 'U'), ('న', '|'), ('మో', 'U'), ('త', '|'), ('చే', 'U'), ('టు', '|'), ('గా', 'U'), ('ని', '|'), ('మో', 'U'), ('క్షం', 'U'), ('బు', '|'), ('లే', 'U'), ('ద', '|'), ('యా', 'U'), ('వి', 'U'), ('శ్వ', '|'), ('దా', 'U'), ('భి', '|'), ('రా', 'U'), ('మ', '|'), ('వి', '|'), ('న', '|'), ('ర', '|'), ('వే', 'U'), ('మ', '|')]",1.0,-1.0,1.0,1.0,1.0,-1.0
kandamu,"_x000D_
హృదయము పదిలంబైనను
_x000D_
గుదికొను సన్యాసమునకుఁ గొమ్మలు గలవా
_x000D_
యిదియెఱుఁగరు చదువరులటు
_x000D_
మది ముక్తికి నాస్పదంబు మహిలో వేమా.",jaathi,Vemana,"[('హృ', '|'), ('ద', '|'), ('య', '|'), ('ము', '|'), ('ప', '|'), ('ది', '|'), ('లం', 'U'), ('బై', 'U'), ('న', '|'), ('ను', '|'), ('గు', '|'), ('ది', '|'), ('కొ', '|'), ('ను', '|'), ('స', 'U'), ('న్యా', 'U'), ('స', '|'), ('ము', '|'), ('న', '|'), ('కు', '|'), ('గొ', 'U'), ('మ్మ', '|'), ('లు', '|'), ('గ', '|'), ('ల', '|'), ('వా', 'U'), ('యి', '|'), ('ది', '|'), ('యె', '|'), ('ఱు', '|'), ('గ', '|'), ('రు', '|'), ('చ', '|'), ('దు', '|'), ('వ', '|'), ('రు', '|'), ('ల', '|'), ('టు', '|'), ('మ', '|'), ('ది', '|'), ('ము', 'U'), ('క్తి', '|'), ('కి', '|'), ('నా', 'U'), ('స్ప', '|'), ('దం', 'U'), ('బు', '|'), ('మ', '|'), ('హి', '|'), ('లో', 'U'), ('వే', 'U'), ('మా', 'U')]",1.0,-1.0,1.0,1.0,1.0,1.0
aataveladi,"_x000D_
ఆసనములు పన్ని యంగంబు బిగియించి
_x000D_
యొడలు విఱుచుకొనెడి యోగమెల్ల
_x000D_
జెట్టిసాముకన్నఁ జింతాకు తక్కువ
_x000D_
విశ్వదాభిరామ వినర వేమ.",vupajaathi,Vemana,"[('ఆ', 'U'), ('స', '|'), ('న', '|'), ('ము', '|'), ('లు', '|'), ('ప', 'U'), ('న్ని', '|'), ('యం', 'U'), ('గం', 'U'), ('బు', '|'), ('బి', '|'), ('గి', '|'), ('యిం', 'U'), ('చి', '|'), ('యొ', '|'), ('డ', '|'), ('లు', '|'), ('వి', '|'), ('ఱు', '|'), ('చు', '|'), ('కొ', '|'), ('నె', '|'), ('డి', '|'), ('యో', 'U'), ('గ', '|'), ('మె', 'U'), ('ల్ల', '|'), ('జె', 'U'), ('ట్టి', '|'), ('సా', 'U'), ('ము', '|'), ('క', 'U'), ('న్న', '|'), ('జిం', 'U'), ('తా', 'U'), ('కు', '|'), ('త', 'U'), ('క్కు', '|'), ('వ', '|'), ('వి', 'U'), ('శ్వ', '|'), ('దా', 'U'), ('భి', '|'), ('రా', 'U'), ('మ', '|'), ('వి', '|'), ('న', '|'), ('ర', '|'), ('వే', 'U'), ('మ', '|')]",1.0,-1.0,1.0,1.0,1.0,-1.0
aataveladi,"_x000D_
కడుపు బోరగించి కన్నులు ముకుళించి
_x000D_
బిఱ్ఱబిగిసికొన్న బీదయోగి
_x000D_
యమునిబాఱిగొఱ్ఱె యతఁ డేమిసేయును
_x000D_
విశ్వదాభిరామ వినర వేమ.",vupajaathi,Vemana,"[('క', '|'), ('డు', '|'), ('పు', '|'), ('బో', 'U'), ('ర', '|'), ('గిం', 'U'), ('చి', '|'), ('క', 'U'), ('న్ను', '|'), ('లు', '|'), ('ము', '|'), ('కు', '|'), ('ళిం', 'U'), ('చి', '|'), ('బి', 'U'), ('ఱ్ఱ', '|'), ('బి', '|'), ('గి', '|'), ('సి', '|'), ('కొ', 'U'), ('న్న', '|'), ('బీ', 'U'), ('ద', '|'), ('యో', 'U'), ('గి', '|'), ('య', '|'), ('ము', '|'), ('ని', '|'), ('బా', 'U'), ('ఱి', '|'), ('గొ', 'U'), ('ఱ్ఱె', '|'), ('య', '|'), ('త', '|'), ('డే', 'U'), ('మి', '|'), ('సే', 'U'), ('యు', '|'), ('ను', '|'), ('వి', 'U'), ('శ్వ', '|'), ('దా', 'U'), ('భి', '|'), ('రా', 'U'), ('మ', '|'), ('వి', '|'), ('న', '|'), ('ర', '|'), ('వే', 'U'), ('మ', '|')]",1.0,-1.0,1.0,1.0,1.0,-1.0
kandamu,"_x000D_
రేచకపూరక కుంభక
_x000D_
సూచకములు రాజయోగి సుస్థిరమతియై
_x000D_
లోచూపుచూడనొల్లక
_x000D_
వాచాబ్రహ్మంబు పలుకవద్దుర వేమా.",jaathi,Vemana,"[('రే', 'U'), ('చ', '|'), ('క', '|'), ('పూ', 'U'), ('ర', '|'), ('క', '|'), ('కుం', 'U'), ('భ', '|'), ('క', '|'), ('సూ', 'U'), ('చ', '|'), ('క', '|'), ('ము', '|'), ('లు', '|'), ('రా', 'U'), ('జ', '|'), ('యో', 'U'), ('గి', '|'), ('సు', 'U'), ('స్థి', '|'), ('ర', '|'), ('మ', '|'), ('తి', '|'), ('యై', 'U'), ('లో', 'U'), ('చూ', 'U'), ('పు', '|'), ('చూ', 'U'), ('డ', '|'), ('నొ', 'U'), ('ల్ల', '|'), ('క', '|'), ('వా', 'U'), ('చా', 'U'), ('బ్ర', 'U'), ('హ్మం', 'U'), ('బు', '|'), ('ప', '|'), ('లు', '|'), ('క', '|'), ('వ', 'U'), ('ద్దు', '|'), ('ర', '|'), ('వే', 'U'), ('మా', 'U')]",1.0,-1.0,1.0,1.0,1.0,1.0
kandamu,"_x000D_
పడిపడి మ్రొక్కఁగ నేటికి
_x000D_
గుడిలోపలి కఠినశిలల గుణములు చెడునా
_x000D_
గుడి దేహ మాత్మదేవుఁడు
_x000D_
చెడురాళ్ళకు వట్టిపూజ సేయకు వేమా.",jaathi,Vemana,"[('ప', '|'), ('డి', '|'), ('ప', '|'), ('డి', '|'), ('మ్రొ', 'U'), ('క్క', '|'), ('గ', '|'), ('నే', 'U'), ('టి', '|'), ('కి', '|'), ('గు', '|'), ('డి', '|'), ('లో', 'U'), ('ప', '|'), ('లి', '|'), ('క', '|'), ('ఠి', '|'), ('న', '|'), ('శి', '|'), ('ల', '|'), ('ల', '|'), ('గు', '|'), ('ణ', '|'), ('ము', '|'), ('లు', '|'), ('చె', '|'), ('డు', '|'), ('నా', 'U'), ('గు', '|'), ('డి', '|'), ('దే', 'U'), ('హ', '|'), ('మా', 'U'), ('త్మ', '|'), ('దే', 'U'), ('వు', '|'), ('డు', '|'), ('చె', '|'), ('డు', '|'), ('రా', 'U'), ('ళ్ళ', '|'), ('కు', '|'), ('వ', 'U'), ('ట్టి', '|'), ('పూ', 'U'), ('జ', '|'), ('సే', 'U'), ('య', '|'), ('కు', '|'), ('వే', 'U'), ('మా', 'U')]",1.0,-1.0,1.0,1.0,1.0,1.0
aataveladi,"_x000D_
పలుగురాళ్ళఁ దెచ్చి పరఁగగుడులు కట్టి
_x000D_
చెలఁగిశిలలసేవఁ జేయనేల
_x000D_
శిలలసేవఁ జేయ ఫలమేమి గల్గురా
_x000D_
విశ్వదాభిరామ వినర వేమ.",vupajaathi,Vemana,"[('ప', '|'), ('లు', '|'), ('గు', '|'), ('రా', 'U'), ('ళ్ళ', '|'), ('దె', 'U'), ('చ్చి', '|'), ('ప', '|'), ('ర', '|'), ('గ', '|'), ('గు', '|'), ('డు', '|'), ('లు', '|'), ('క', 'U'), ('ట్టి', '|'), ('చె', '|'), ('ల', '|'), ('గి', '|'), ('శి', '|'), ('ల', '|'), ('ల', '|'), ('సే', 'U'), ('వ', '|'), ('జే', 'U'), ('య', '|'), ('నే', 'U'), ('ల', '|'), ('శి', '|'), ('ల', '|'), ('ల', '|'), ('సే', 'U'), ('వ', '|'), ('జే', 'U'), ('య', '|'), ('ఫ', '|'), ('ల', '|'), ('మే', 'U'), ('మి', '|'), ('గ', 'U'), ('ల్గు', '|'), ('రా', 'U'), ('వి', 'U'), ('శ్వ', '|'), ('దా', 'U'), ('భి', '|'), ('రా', 'U'), ('మ', '|'), ('వి', '|'), ('న', '|'), ('ర', '|'), ('వే', 'U'), ('మ', '|')]",1.0,-1.0,1.0,1.0,1.0,-1.0
aataveladi,"_x000D_
ఉపవసములనున్న నూరపందిగఁబుట్టుఁ
_x000D_
దపసియై దరిద్రతను వహించు
_x000D_
శిలకు మ్రొక్కనగునె జీవమడుగు పొమ్ము
_x000D_
విశ్వదాభిరామ వినర వేమ.",vupajaathi,Vemana,"[('ఉ', '|'), ('ప', '|'), ('వ', '|'), ('స', '|'), ('ము', '|'), ('ల', '|'), ('ను', 'U'), ('న్న', '|'), ('నూ', 'U'), ('ర', '|'), ('పం', 'U'), ('ది', '|'), ('గ', '|'), ('బు', 'U'), ('ట్టు', '|'), ('ద', '|'), ('ప', '|'), ('సి', '|'), ('యై', 'U'), ('ద', '|'), ('రి', '|'), ('ద్ర', '|'), ('త', '|'), ('ను', '|'), ('వ', '|'), ('హిం', 'U'), ('చు', '|'), ('శి', '|'), ('ల', '|'), ('కు', '|'), ('మ్రొ', 'U'), ('క్క', '|'), ('న', '|'), ('గు', '|'), ('నె', '|'), ('జీ', 'U'), ('వ', '|'), ('మ', '|'), ('డు', '|'), ('గు', '|'), ('పొ', 'U'), ('మ్ము', '|'), ('వి', 'U'), ('శ్వ', '|'), ('దా', 'U'), ('భి', '|'), ('రా', 'U'), ('మ', '|'), ('వి', '|'), ('న', '|'), ('ర', '|'), ('వే', 'U'), ('మ', '|')]",0.5666666666666667,-1.0,1.0,0.7,0.0,-1.0
aataveladi,"_x000D_
ఇహము విడచి ఫలము లింపుగఁ గలవని
_x000D_
మహిని బల్కు వారిమతము కల్ల
_x000D_
యిహములోనఁ బరము నెసఁగుట గానరో
_x000D_
విశ్వదాభిరామ వినర వేమ.",vupajaathi,Vemana,"[('ఇ', '|'), ('హ', '|'), ('ము', '|'), ('వి', '|'), ('డ', '|'), ('చి', '|'), ('ఫ', '|'), ('ల', '|'), ('ము', '|'), ('లిం', 'U'), ('పు', '|'), ('గ', '|'), ('గ', '|'), ('ల', '|'), ('వ', '|'), ('ని', '|'), ('మ', '|'), ('హి', '|'), ('ని', '|'), ('బ', 'U'), ('ల్కు', '|'), ('వా', 'U'), ('రి', '|'), ('మ', '|'), ('త', '|'), ('ము', '|'), ('క', 'U'), ('ల్ల', '|'), ('యి', '|'), ('హ', '|'), ('ము', '|'), ('లో', 'U'), ('న', '|'), ('బ', '|'), ('ర', '|'), ('ము', '|'), ('నె', '|'), ('స', '|'), ('గు', '|'), ('ట', '|'), ('గా', 'U'), ('న', '|'), ('రో', 'U'), ('వి', 'U'), ('శ్వ', '|'), ('దా', 'U'), ('భి', '|'), ('రా', 'U'), ('మ', '|'), ('వి', '|'), ('న', '|'), ('ర', '|'), ('వే', 'U'), ('మ', '|')]",0.8333333333333334,-1.0,1.0,1.0,0.5,-1.0
aataveladi,"_x000D_
వ్రాఁత వెంటఁగాని వరమీడు దైవంబు
_x000D_
సేఁతకొలదిగాని వ్రాఁతగాదు
_x000D_
వ్రాఁతకజుఁడు కర్త చేఁతకుఁ దాఁగర్త
_x000D_
విశ్వదాభిరామ వినర వేమ.",vupajaathi,Vemana,"[('వ్రా', 'U'), ('త', '|'), ('వెం', 'U'), ('ట', '|'), ('గా', 'U'), ('ని', '|'), ('వ', '|'), ('ర', '|'), ('మీ', 'U'), ('డు', '|'), ('దై', 'U'), ('వం', 'U'), ('బు', '|'), ('సే', 'U'), ('త', '|'), ('కొ', '|'), ('ల', '|'), ('ది', '|'), ('గా', 'U'), ('ని', '|'), ('వ్రా', 'U'), ('త', '|'), ('గా', 'U'), ('దు', '|'), ('వ్రా', 'U'), ('త', '|'), ('క', '|'), ('జు', '|'), ('డు', '|'), ('క', 'U'), ('ర్త', '|'), ('చే', 'U'), ('త', '|'), ('కు', '|'), ('దా', 'U'), ('గ', 'U'), ('ర్త', '|'), ('వి', 'U'), ('శ్వ', '|'), ('దా', 'U'), ('భి', '|'), ('రా', 'U'), ('మ', '|'), ('వి', '|'), ('న', '|'), ('ర', '|'), ('వే', 'U'), ('మ', '|')]",1.0,-1.0,1.0,1.0,1.0,-1.0
aataveladi,"_x000D_
దోసకారియైన దూసరికాఁడైనఁ
_x000D_
బతితుఁడైన వేదబాహ్యుఁడైన
_x000D_
వట్టిలేని పేదవాని కీఁదగు నీవి
_x000D_
ధనికునకు నొసంగఁ దగదు వేమ.",vupajaathi,Vemana,"[('దో', 'U'), ('స', '|'), ('కా', 'U'), ('రి', '|'), ('యై', 'U'), ('న', '|'), ('దూ', 'U'), ('స', '|'), ('రి', '|'), ('కా', 'U'), ('డై', 'U'), ('న', '|'), ('బ', '|'), ('తి', '|'), ('తు', '|'), ('డై', 'U'), ('న', '|'), ('వే', 'U'), ('ద', '|'), ('బా', 'U'), ('హ్యు', '|'), ('డై', 'U'), ('న', '|'), ('వ', 'U'), ('ట్టి', '|'), ('లే', 'U'), ('ని', '|'), ('పే', 'U'), ('ద', '|'), ('వా', 'U'), ('ని', '|'), ('కీ', 'U'), ('ద', '|'), ('గు', '|'), ('నీ', 'U'), ('వి', '|'), ('ధ', '|'), ('ని', '|'), ('కు', '|'), ('న', '|'), ('కు', '|'), ('నొ', '|'), ('సం', 'U'), ('గ', '|'), ('ద', '|'), ('గ', '|'), ('దు', '|'), ('వే', 'U'), ('మ', '|')]",1.0,-1.0,1.0,1.0,1.0,-1.0
aataveladi,"_x000D_
కంటికంటి ననుచుఁ గర్మాధికారంబు
_x000D_
వెంటఁబట్టి చెడును వెఱ్ఱినరుఁడు
_x000D_
బట్టబయట ముక్తి చాటించిచూడరో
_x000D_
విశ్వదాభిరామ వినర వేమ.",vupajaathi,Vemana,"[('కం', 'U'), ('టి', '|'), ('కం', 'U'), ('టి', '|'), ('న', '|'), ('ను', '|'), ('చు', '|'), ('గ', 'U'), ('ర్మా', 'U'), ('ధి', '|'), ('కా', 'U'), ('రం', 'U'), ('బు', '|'), ('వెం', 'U'), ('ట', '|'), ('బ', 'U'), ('ట్టి', '|'), ('చె', '|'), ('డు', '|'), ('ను', '|'), ('వె', 'U'), ('ఱ్ఱి', '|'), ('న', '|'), ('రు', '|'), ('డు', '|'), ('బ', 'U'), ('ట్ట', '|'), ('బ', '|'), ('య', '|'), ('ట', '|'), ('ము', 'U'), ('క్తి', '|'), ('చా', 'U'), ('టిం', 'U'), ('చి', '|'), ('చూ', 'U'), ('డ', '|'), ('రో', 'U'), ('వి', 'U'), ('శ్వ', '|'), ('దా', 'U'), ('భి', '|'), ('రా', 'U'), ('మ', '|'), ('వి', '|'), ('న', '|'), ('ర', '|'), ('వే', 'U'), ('మ', '|')]",0.9166666666666666,-1.0,1.0,1.0,0.75,-1.0
aataveladi,"_x000D_
తాను విమలుఁడైనఁ దనగుణ మంతయు
_x000D_
శివుని కీనిగురువు చెడుగురుండు
_x000D_
గ్రుడ్డిగుఱ్ఱ మెక్కి గుడి దిరిగినటుల
_x000D_
విశ్వదాభిరామ వినర వేమ.",vupajaathi,Vemana,"[('తా', 'U'), ('ను', '|'), ('వి', '|'), ('మ', '|'), ('లు', '|'), ('డై', 'U'), ('న', '|'), ('ద', '|'), ('న', '|'), ('గు', '|'), ('ణ', '|'), ('మం', 'U'), ('త', '|'), ('యు', '|'), ('శి', '|'), ('వు', '|'), ('ని', '|'), ('కీ', 'U'), ('ని', '|'), ('గు', '|'), ('రు', '|'), ('వు', '|'), ('చె', '|'), ('డు', '|'), ('గు', '|'), ('రుం', 'U'), ('డు', '|'), ('గ్రు', 'U'), ('డ్డి', '|'), ('గు', 'U'), ('ఱ్ఱ', '|'), ('మె', 'U'), ('క్కి', '|'), ('గు', '|'), ('డి', '|'), ('ది', '|'), ('రి', '|'), ('గి', '|'), ('న', '|'), ('టు', '|'), ('ల', '|'), ('వి', 'U'), ('శ్వ', '|'), ('దా', 'U'), ('భి', '|'), ('రా', 'U'), ('మ', '|'), ('వి', '|'), ('న', '|'), ('ర', '|'), ('వే', 'U'), ('మ', '|')]",1.0,-1.0,1.0,1.0,1.0,-1.0
aataveladi,"_x000D_
జార పురుషుమీఁద సద్భక్తి నిలుపుచు
_x000D_
పతికి నిచ్చకంబు బడయుభంగి
_x000D_
పరముకొఱకు యోగి పాటించు దేహంబు
_x000D_
విశ్వదాభిరామ వినర వేమ.",vupajaathi,Vemana,"[('జా', 'U'), ('ర', '|'), ('పు', '|'), ('రు', '|'), ('షు', '|'), ('మీ', 'U'), ('ద', '|'), ('స', 'U'), ('ద్భ', 'U'), ('క్తి', '|'), ('ని', '|'), ('లు', '|'), ('పు', '|'), ('చు', '|'), ('ప', '|'), ('తి', '|'), ('కి', '|'), ('ని', 'U'), ('చ్చ', '|'), ('కం', 'U'), ('బు', '|'), ('బ', '|'), ('డ', '|'), ('యు', '|'), ('భం', 'U'), ('గి', '|'), ('ప', '|'), ('ర', '|'), ('ము', '|'), ('కొ', '|'), ('ఱ', '|'), ('కు', '|'), ('యో', 'U'), ('గి', '|'), ('పా', 'U'), ('టిం', 'U'), ('చు', '|'), ('దే', 'U'), ('హం', 'U'), ('బు', '|'), ('వి', 'U'), ('శ్వ', '|'), ('దా', 'U'), ('భి', '|'), ('రా', 'U'), ('మ', '|'), ('వి', '|'), ('న', '|'), ('ర', '|'), ('వే', 'U'), ('మ', '|')]",1.0,-1.0,1.0,1.0,1.0,-1.0
aataveladi,"_x000D_
తనువులోన జీవతత్వ మెఱుంగక
_x000D_
వేఱె కలదటంచు వెదుకనేల
_x000D_
భానుడుండ దివ్వెఁబట్టి వెదుకు రీతి
_x000D_
విశ్వదాభిరామ వినర వేమ.",vupajaathi,Vemana,"[('త', '|'), ('ను', '|'), ('వు', '|'), ('లో', 'U'), ('న', '|'), ('జీ', 'U'), ('వ', '|'), ('త', 'U'), ('త్వ', '|'), ('మె', '|'), ('ఱుం', 'U'), ('గ', '|'), ('క', '|'), ('వే', 'U'), ('ఱె', '|'), ('క', '|'), ('ల', '|'), ('ద', '|'), ('టం', 'U'), ('చు', '|'), ('వె', '|'), ('దు', '|'), ('క', '|'), ('నే', 'U'), ('ల', '|'), ('భా', 'U'), ('ను', '|'), ('డుం', 'U'), ('డ', '|'), ('ది', 'U'), ('వ్వె', '|'), ('బ', 'U'), ('ట్టి', '|'), ('వె', '|'), ('దు', '|'), ('కు', '|'), ('రీ', 'U'), ('తి', '|'), ('వి', 'U'), ('శ్వ', '|'), ('దా', 'U'), ('భి', '|'), ('రా', 'U'), ('మ', '|'), ('వి', '|'), ('న', '|'), ('ర', '|'), ('వే', 'U'), ('మ', '|')]",1.0,-1.0,1.0,1.0,1.0,-1.0
aataveladi,"_x000D_
చదువులందు లేదు శాస్త్రంబులను లేదు
_x000D_
వేదములను దైవభేదములను
_x000D_
బైటనున్న ముక్తి పాటించ లేఁడయా
_x000D_
విశ్వదాభిరామ వినర వేమ.",vupajaathi,Vemana,"[('చ', '|'), ('దు', '|'), ('వు', '|'), ('లం', 'U'), ('దు', '|'), ('లే', 'U'), ('దు', '|'), ('శా', 'U'), ('స్త్రం', 'U'), ('బు', '|'), ('ల', '|'), ('ను', '|'), ('లే', 'U'), ('దు', '|'), ('వే', 'U'), ('ద', '|'), ('ము', '|'), ('ల', '|'), ('ను', '|'), ('దై', 'U'), ('వ', '|'), ('భే', 'U'), ('ద', '|'), ('ము', '|'), ('ల', '|'), ('ను', '|'), ('బై', 'U'), ('ట', '|'), ('ను', 'U'), ('న్న', '|'), ('ము', 'U'), ('క్తి', '|'), ('పా', 'U'), ('టిం', 'U'), ('చ', '|'), ('లే', 'U'), ('డ', '|'), ('యా', 'U'), ('వి', 'U'), ('శ్వ', '|'), ('దా', 'U'), ('భి', '|'), ('రా', 'U'), ('మ', '|'), ('వి', '|'), ('న', '|'), ('ర', '|'), ('వే', 'U'), ('మ', '|')]",1.0,-1.0,1.0,1.0,1.0,-1.0
aataveladi,"_x000D_
చచ్చువారిని గని చావు నిశ్చయమని
_x000D_
తత్వమెల్ల నాత్మఁదలచి తెలివి
_x000D_
నదరు బెదరులేక యడరిన ముక్తుఁడు
_x000D_
విశ్వదాభిరామ వినర వేమ.",vupajaathi,Vemana,"[('చ', 'U'), ('చ్చు', '|'), ('వా', 'U'), ('రి', '|'), ('ని', '|'), ('గ', '|'), ('ని', '|'), ('చా', 'U'), ('వు', '|'), ('ని', 'U'), ('శ్చ', '|'), ('య', '|'), ('మ', '|'), ('ని', '|'), ('త', 'U'), ('త్వ', '|'), ('మె', 'U'), ('ల్ల', '|'), ('నా', 'U'), ('త్మ', '|'), ('ద', '|'), ('ల', '|'), ('చి', '|'), ('తె', '|'), ('లి', '|'), ('వి', '|'), ('న', '|'), ('ద', '|'), ('రు', '|'), ('బె', '|'), ('ద', '|'), ('రు', '|'), ('లే', 'U'), ('క', '|'), ('య', '|'), ('డ', '|'), ('రి', '|'), ('న', '|'), ('ము', 'U'), ('క్తు', '|'), ('డు', '|'), ('వి', 'U'), ('శ్వ', '|'), ('దా', 'U'), ('భి', '|'), ('రా', 'U'), ('మ', '|'), ('వి', '|'), ('న', '|'), ('ర', '|'), ('వే', 'U'), ('మ', '|')]",0.9166666666666666,-1.0,1.0,1.0,0.75,-1.0
aataveladi,"_x000D_
బొమ్మలాటవాఁడు బొమ్మల నాడించు
_x000D_
భువిని జనులుచూఁడ బొలుపుమీఱ
_x000D_
తానుమఱిగియుండి దైవ మాడించురా
_x000D_
విశ్వదాభిరామ వినర వేమ.",vupajaathi,Vemana,"[('బొ', 'U'), ('మ్మ', '|'), ('లా', 'U'), ('ట', '|'), ('వా', 'U'), ('డు', '|'), ('బొ', 'U'), ('మ్మ', '|'), ('ల', '|'), ('నా', 'U'), ('డిం', 'U'), ('చు', '|'), ('భు', '|'), ('వి', '|'), ('ని', '|'), ('జ', '|'), ('ను', '|'), ('లు', '|'), ('చూ', 'U'), ('డ', '|'), ('బొ', '|'), ('లు', '|'), ('పు', '|'), ('మీ', 'U'), ('ఱ', '|'), ('తా', 'U'), ('ను', '|'), ('మ', '|'), ('ఱి', '|'), ('గి', '|'), ('యుం', 'U'), ('డి', '|'), ('దై', 'U'), ('వ', '|'), ('మా', 'U'), ('డిం', 'U'), ('చు', '|'), ('రా', 'U'), ('వి', 'U'), ('శ్వ', '|'), ('దా', 'U'), ('భి', '|'), ('రా', 'U'), ('మ', '|'), ('వి', '|'), ('న', '|'), ('ర', '|'), ('వే', 'U'), ('మ', '|')]",1.0,-1.0,1.0,1.0,1.0,-1.0
aataveladi,"_x000D_
పరయువతిరతంబు పాటించి కోరిన
_x000D_
కోటిపూజలెల్లఁ గొల్లఁబోవు
_x000D_
సెగకు పొంతనున్న చెడదె తాపముచేత
_x000D_
విశ్వదాభిరామ వినర వేమ.",vupajaathi,Vemana,"[('ప', '|'), ('ర', '|'), ('యు', '|'), ('వ', '|'), ('తి', '|'), ('ర', '|'), ('తం', 'U'), ('బు', '|'), ('పా', 'U'), ('టిం', 'U'), ('చి', '|'), ('కో', 'U'), ('రి', '|'), ('న', '|'), ('కో', 'U'), ('టి', '|'), ('పూ', 'U'), ('జ', '|'), ('లె', 'U'), ('ల్ల', '|'), ('గొ', 'U'), ('ల్ల', '|'), ('బో', 'U'), ('వు', '|'), ('సె', '|'), ('గ', '|'), ('కు', '|'), ('పొం', 'U'), ('త', '|'), ('ను', 'U'), ('న్న', '|'), ('చె', '|'), ('డ', '|'), ('దె', '|'), ('తా', 'U'), ('ప', '|'), ('ము', '|'), ('చే', 'U'), ('త', '|'), ('వి', 'U'), ('శ్వ', '|'), ('దా', 'U'), ('భి', '|'), ('రా', 'U'), ('మ', '|'), ('వి', '|'), ('న', '|'), ('ర', '|'), ('వే', 'U'), ('మ', '|')]",1.0,-1.0,1.0,1.0,1.0,-1.0
aataveladi,"_x000D_
తప్పురూపు గట్టి ధరలోనఁ దిరిగెడు
_x000D_
సేఁతలెల్ల మిత్తిఁజేరుకొఱకె
_x000D_
కడుపునిండ నింత కష్టంబు లేలరా
_x000D_
విశ్వదాభిరామ వినర వేమ.",vupajaathi,Vemana,"[('త', 'U'), ('ప్పు', '|'), ('రూ', 'U'), ('పు', '|'), ('గ', 'U'), ('ట్టి', '|'), ('ధ', '|'), ('ర', '|'), ('లో', 'U'), ('న', '|'), ('ది', '|'), ('రి', '|'), ('గె', '|'), ('డు', '|'), ('సే', 'U'), ('త', '|'), ('లె', 'U'), ('ల్ల', '|'), ('మి', 'U'), ('త్తి', '|'), ('జే', 'U'), ('రు', '|'), ('కొ', '|'), ('ఱ', '|'), ('కె', '|'), ('క', '|'), ('డు', '|'), ('పు', '|'), ('నిం', 'U'), ('డ', '|'), ('నిం', 'U'), ('త', '|'), ('క', 'U'), ('ష్టం', 'U'), ('బు', '|'), ('లే', 'U'), ('ల', '|'), ('రా', 'U'), ('వి', 'U'), ('శ్వ', '|'), ('దా', 'U'), ('భి', '|'), ('రా', 'U'), ('మ', '|'), ('వి', '|'), ('న', '|'), ('ర', '|'), ('వే', 'U'), ('మ', '|')]",1.0,-1.0,1.0,1.0,1.0,-1.0
aataveladi,"_x000D_
వాక్కుశుద్ధి లేనివాఁడు చండాలుండు
_x000D_
ప్రేమశుద్ధిలేని పెట్టులేల
_x000D_
నొసలు భక్తుఁడైన నోరు తోడేలయా
_x000D_
విశ్వదాభిరామ వినర వేమ.",vupajaathi,Vemana,"[('వా', 'U'), ('క్కు', '|'), ('శు', 'U'), ('ద్ధి', '|'), ('లే', 'U'), ('ని', '|'), ('వా', 'U'), ('డు', '|'), ('చం', 'U'), ('డా', 'U'), ('లుం', 'U'), ('డు', '|'), ('ప్రే', 'U'), ('మ', '|'), ('శు', 'U'), ('ద్ధి', '|'), ('లే', 'U'), ('ని', '|'), ('పె', 'U'), ('ట్టు', '|'), ('లే', 'U'), ('ల', '|'), ('నొ', '|'), ('స', '|'), ('లు', '|'), ('భ', 'U'), ('క్తు', '|'), ('డై', 'U'), ('న', '|'), ('నో', 'U'), ('రు', '|'), ('తో', 'U'), ('డే', 'U'), ('ల', '|'), ('యా', 'U'), ('వి', 'U'), ('శ్వ', '|'), ('దా', 'U'), ('భి', '|'), ('రా', 'U'), ('మ', '|'), ('వి', '|'), ('న', '|'), ('ర', '|'), ('వే', 'U'), ('మ', '|')]",1.0,-1.0,1.0,1.0,1.0,-1.0
aataveladi,"_x000D_
పరఁగ బొమ్మగుడ్డు పరికించి చూచిన
_x000D_
కులముల నిలయందుఁ గూడఁబెట్టు
_x000D_
నందఱొకటఁ గలియ నన్నదమ్ములె కదా
_x000D_
విశ్వదాభిరామ వినర వేమ.",vupajaathi,Vemana,"[('ప', '|'), ('ర', '|'), ('గ', '|'), ('బొ', 'U'), ('మ్మ', '|'), ('గు', 'U'), ('డ్డు', '|'), ('ప', '|'), ('రి', '|'), ('కిం', 'U'), ('చి', '|'), ('చూ', 'U'), ('చి', '|'), ('న', '|'), ('కు', '|'), ('ల', '|'), ('ము', '|'), ('ల', '|'), ('ని', '|'), ('ల', '|'), ('యం', 'U'), ('దు', '|'), ('గూ', 'U'), ('డ', '|'), ('బె', 'U'), ('ట్టు', '|'), ('నం', 'U'), ('ద', '|'), ('ఱొ', '|'), ('క', '|'), ('ట', '|'), ('గ', '|'), ('లి', '|'), ('య', '|'), ('న', 'U'), ('న్న', '|'), ('ద', 'U'), ('మ్ము', '|'), ('లె', '|'), ('క', '|'), ('దా', 'U'), ('వి', 'U'), ('శ్వ', '|'), ('దా', 'U'), ('భి', '|'), ('రా', 'U'), ('మ', '|'), ('వి', '|'), ('న', '|'), ('ర', '|'), ('వే', 'U'), ('మ', '|')]",1.0,-1.0,1.0,1.0,1.0,-1.0
aataveladi,"_x000D_
కూడ దేమిచేసె గులమేమి చేసెను
_x000D_
భూమి యేమిచేసె బొందికట్టె
_x000D_
నరుఁడు పడెడుపాట్లు నగుబాట్లు చూడరా
_x000D_
విశ్వదాభిరామ వినర వేమ.",vupajaathi,Vemana,"[('కూ', 'U'), ('డ', '|'), ('దే', 'U'), ('మి', '|'), ('చే', 'U'), ('సె', '|'), ('గు', '|'), ('ల', '|'), ('మే', 'U'), ('మి', '|'), ('చే', 'U'), ('సె', '|'), ('ను', '|'), ('భూ', 'U'), ('మి', '|'), ('యే', 'U'), ('మి', '|'), ('చే', 'U'), ('సె', '|'), ('బొం', 'U'), ('ది', '|'), ('క', 'U'), ('ట్టె', '|'), ('న', '|'), ('రు', '|'), ('డు', '|'), ('ప', '|'), ('డె', '|'), ('డు', '|'), ('పా', 'U'), ('ట్లు', '|'), ('న', '|'), ('గు', '|'), ('బా', 'U'), ('ట్లు', '|'), ('చూ', 'U'), ('డ', '|'), ('రా', 'U'), ('వి', 'U'), ('శ్వ', '|'), ('దా', 'U'), ('భి', '|'), ('రా', 'U'), ('మ', '|'), ('వి', '|'), ('న', '|'), ('ర', '|'), ('వే', 'U'), ('మ', '|')]",1.0,-1.0,1.0,1.0,1.0,-1.0
kandamu,"_x000D_
కానలేరు గాని కలియుగంబుననున్న
_x000D_
మనుజులందఱికిని మాన మొకటి
_x000D_
దౌష్టికు లగువారు తమవలెఁ జూడక
_x000D_
పరులఁదూల నాడుదురుగ వేమ.",jaathi,Vemana,"[('కా', 'U'), ('న', '|'), ('లే', 'U'), ('రు', '|'), ('గా', 'U'), ('ని', '|'), ('క', '|'), ('లి', '|'), ('యు', '|'), ('గం', 'U'), ('బు', '|'), ('న', '|'), ('ను', 'U'), ('న్న', '|'), ('మ', '|'), ('ను', '|'), ('జు', '|'), ('లం', 'U'), ('ద', '|'), ('ఱి', '|'), ('కి', '|'), ('ని', '|'), ('మా', 'U'), ('న', '|'), ('మొ', '|'), ('క', '|'), ('టి', '|'), ('దౌ', 'U'), ('ష్టి', '|'), ('కు', '|'), ('ల', '|'), ('గు', '|'), ('వా', 'U'), ('రు', '|'), ('త', '|'), ('మ', '|'), ('వ', '|'), ('లె', '|'), ('జూ', 'U'), ('డ', '|'), ('క', '|'), ('ప', '|'), ('రు', '|'), ('ల', '|'), ('దూ', 'U'), ('ల', '|'), ('నా', 'U'), ('డు', '|'), ('దు', '|'), ('రు', '|'), ('గ', '|'), ('వే', 'U'), ('మ', '|')]",0.515625,-1.0,1.0,0.5625,0.0,0.5
aataveladi,"_x000D_
జాతులందు నెట్టిజాతి ముఖ్యముచూడు
_x000D_
మెఱుఁగలేక దిరుగ నేమిగలదు
_x000D_
యెఱుక గలుగు మనుజుఁ డేజాతి గలవాఁడు
_x000D_
విశ్వదాభిరామ వినర వేమ.",vupajaathi,Vemana,"[('జా', 'U'), ('తు', '|'), ('లం', 'U'), ('దు', '|'), ('నె', 'U'), ('ట్టి', '|'), ('జా', 'U'), ('తి', '|'), ('ము', 'U'), ('ఖ్య', '|'), ('ము', '|'), ('చూ', 'U'), ('డు', '|'), ('మె', '|'), ('ఱు', '|'), ('గ', '|'), ('లే', 'U'), ('క', '|'), ('ది', '|'), ('రు', '|'), ('గ', '|'), ('నే', 'U'), ('మి', '|'), ('గ', '|'), ('ల', '|'), ('దు', '|'), ('యె', '|'), ('ఱు', '|'), ('క', '|'), ('గ', '|'), ('లు', '|'), ('గు', '|'), ('మ', '|'), ('ను', '|'), ('జు', '|'), ('డే', 'U'), ('జా', 'U'), ('తి', '|'), ('గ', '|'), ('ల', '|'), ('వా', 'U'), ('డు', '|'), ('వి', 'U'), ('శ్వ', '|'), ('దా', 'U'), ('భి', '|'), ('రా', 'U'), ('మ', '|'), ('వి', '|'), ('న', '|'), ('ర', '|'), ('వే', 'U'), ('మ', '|')]",0.8333333333333334,-1.0,1.0,1.0,0.5,-1.0
aataveladi,"_x000D_
చావు వచ్చినపుడు సన్యసించునదెట్లు
_x000D_
కడకు మొదటికులము చెడినదగును
_x000D_
పాప మొకటి గలదు ఫలమేమి లేదయా
_x000D_
విశ్వదాభిరామ వినర వేమ.",vupajaathi,Vemana,"[('చా', 'U'), ('వు', '|'), ('వ', 'U'), ('చ్చి', '|'), ('న', '|'), ('పు', '|'), ('డు', '|'), ('స', 'U'), ('న్య', '|'), ('సిం', 'U'), ('చు', '|'), ('న', '|'), ('దె', 'U'), ('ట్లు', '|'), ('క', '|'), ('డ', '|'), ('కు', '|'), ('మొ', '|'), ('ద', '|'), ('టి', '|'), ('కు', '|'), ('ల', '|'), ('ము', '|'), ('చె', '|'), ('డి', '|'), ('న', '|'), ('ద', '|'), ('గు', '|'), ('ను', '|'), ('పా', 'U'), ('ప', '|'), ('మొ', '|'), ('క', '|'), ('టి', '|'), ('గ', '|'), ('ల', '|'), ('దు', '|'), ('ఫ', '|'), ('ల', '|'), ('మే', 'U'), ('మి', '|'), ('లే', 'U'), ('ద', '|'), ('యా', 'U'), ('వి', 'U'), ('శ్వ', '|'), ('దా', 'U'), ('భి', '|'), ('రా', 'U'), ('మ', '|'), ('వి', '|'), ('న', '|'), ('ర', '|'), ('వే', 'U'), ('మ', '|')]",1.0,-1.0,1.0,1.0,1.0,-1.0
kandamu,"_x000D_
ఊరులు పల్లెలు మానుక
_x000D_
వారక యడవిం జరించువాఁ డరుదెంచు\న్‌
_x000D_
పెరుగులు కూరలు మెసవెడు
_x000D_
వీఱిఁడికెట మోక్షపదవి వినరా వేమా.",jaathi,Vemana,"[('ఊ', 'U'), ('రు', '|'), ('లు', '|'), ('ప', 'U'), ('ల్లె', '|'), ('లు', '|'), ('మా', 'U'), ('ను', '|'), ('క', '|'), ('వా', 'U'), ('ర', '|'), ('క', '|'), ('య', '|'), ('డ', '|'), ('విం', 'U'), ('జ', '|'), ('రిం', 'U'), ('చు', '|'), ('వా', 'U'), ('డ', '|'), ('రు', '|'), ('దెం', 'U'), ('చున్', 'U'), ('పె', '|'), ('రు', '|'), ('గు', '|'), ('లు', '|'), ('కూ', 'U'), ('ర', '|'), ('లు', '|'), ('మె', '|'), ('స', '|'), ('వె', '|'), ('డు', '|'), ('వీ', 'U'), ('ఱి', '|'), ('డి', '|'), ('కె', '|'), ('ట', '|'), ('మో', 'U'), ('క్ష', '|'), ('ప', '|'), ('ద', '|'), ('వి', '|'), ('వి', '|'), ('న', '|'), ('రా', 'U'), ('వే', 'U'), ('మా', 'U')]",0.9375,-1.0,1.0,1.0,1.0,0.75
aataveladi,"_x000D_
శూద్రు లనుచు భువిని శూద్రులఁ బోనాఁడు
_x000D_
మాలకన్న చెడుగు మహినిలేఁడు
_x000D_
నరకమునకు నేగు నష్టమైన వెనుక
_x000D_
విశ్వదాభిరామ వినర వేమ.",vupajaathi,Vemana,"[('శూ', 'U'), ('ద్రు', '|'), ('ల', '|'), ('ను', '|'), ('చు', '|'), ('భు', '|'), ('వి', '|'), ('ని', '|'), ('శూ', 'U'), ('ద్రు', '|'), ('ల', '|'), ('బో', 'U'), ('నా', 'U'), ('డు', '|'), ('మా', 'U'), ('ల', '|'), ('క', 'U'), ('న్న', '|'), ('చె', '|'), ('డు', '|'), ('గు', '|'), ('మ', '|'), ('హి', '|'), ('ని', '|'), ('లే', 'U'), ('డు', '|'), ('న', '|'), ('ర', '|'), ('క', '|'), ('ము', '|'), ('న', '|'), ('కు', '|'), ('నే', 'U'), ('గు', '|'), ('న', 'U'), ('ష్ట', '|'), ('మై', 'U'), ('న', '|'), ('వె', '|'), ('ను', '|'), ('క', '|'), ('వి', 'U'), ('శ్వ', '|'), ('దా', 'U'), ('భి', '|'), ('రా', 'U'), ('మ', '|'), ('వి', '|'), ('న', '|'), ('ర', '|'), ('వే', 'U'), ('మ', '|')]",1.0,-1.0,1.0,1.0,1.0,-1.0
aataveladi,"_x000D_
పూజకన్న నెంచ బుద్ధి నిధానంబు
_x000D_
మాటకన్న నెంచ మనసు దృఢము
_x000D_
కులముకన్న మిగుల గుణమే ప్రధానంబు
_x000D_
విశ్వదాభిరామ వినర వేమ.",vupajaathi,Vemana,"[('పూ', 'U'), ('జ', '|'), ('క', 'U'), ('న్న', '|'), ('నెం', 'U'), ('చ', '|'), ('బు', 'U'), ('ద్ధి', '|'), ('ని', '|'), ('ధా', 'U'), ('నం', 'U'), ('బు', '|'), ('మా', 'U'), ('ట', '|'), ('క', 'U'), ('న్న', '|'), ('నెం', 'U'), ('చ', '|'), ('మ', '|'), ('న', '|'), ('సు', '|'), ('దృ', '|'), ('ఢ', '|'), ('ము', '|'), ('కు', '|'), ('ల', '|'), ('ము', '|'), ('క', 'U'), ('న్న', '|'), ('మి', '|'), ('గు', '|'), ('ల', '|'), ('గు', '|'), ('ణ', '|'), ('మే', 'U'), ('ప్ర', '|'), ('ధా', 'U'), ('నం', 'U'), ('బు', '|'), ('వి', 'U'), ('శ్వ', '|'), ('దా', 'U'), ('భి', '|'), ('రా', 'U'), ('మ', '|'), ('వి', '|'), ('న', '|'), ('ర', '|'), ('వే', 'U'), ('మ', '|')]",1.0,-1.0,1.0,1.0,1.0,-1.0
aataveladi,"_x000D_
కులము హెచ్చుతగ్గు గొడవలు పనిలేదు
_x000D_
సానుజాత మయ్యె సకలకులము
_x000D_
హెచ్చుతగ్గుమాట లెటులెఱుంగఁగ వచ్చు
_x000D_
విశ్వదాభిరామ వినర వేమ.",vupajaathi,Vemana,"[('కు', '|'), ('ల', '|'), ('ము', '|'), ('హె', 'U'), ('చ్చు', '|'), ('త', 'U'), ('గ్గు', '|'), ('గొ', '|'), ('డ', '|'), ('వ', '|'), ('లు', '|'), ('ప', '|'), ('ని', '|'), ('లే', 'U'), ('దు', '|'), ('సా', 'U'), ('ను', '|'), ('జా', 'U'), ('త', '|'), ('మ', 'U'), ('య్యె', '|'), ('స', '|'), ('క', '|'), ('ల', '|'), ('కు', '|'), ('ల', '|'), ('ము', '|'), ('హె', 'U'), ('చ్చు', '|'), ('త', 'U'), ('గ్గు', '|'), ('మా', 'U'), ('ట', '|'), ('లె', '|'), ('టు', '|'), ('లె', '|'), ('ఱుం', 'U'), ('గ', '|'), ('గ', '|'), ('వ', 'U'), ('చ్చు', '|'), ('వి', 'U'), ('శ్వ', '|'), ('దా', 'U'), ('భి', '|'), ('రా', 'U'), ('మ', '|'), ('వి', '|'), ('న', '|'), ('ర', '|'), ('వే', 'U'), ('మ', '|')]",0.9166666666666666,-1.0,1.0,1.0,0.75,-1.0
kandamu,"_x000D_
గ్రామము భూముల మానుక
_x000D_
ప్రేమోదయమింత లేక భీకరమతులై
_x000D_
భామల సుతులను వదలుక
_x000D_
బాములఁ బడనేల యడవిపట్టున వేమా.",jaathi,Vemana,"[('గ్రా', 'U'), ('మ', '|'), ('ము', '|'), ('భూ', 'U'), ('ము', '|'), ('ల', '|'), ('మా', 'U'), ('ను', '|'), ('క', '|'), ('ప్రే', 'U'), ('మో', 'U'), ('ద', '|'), ('య', '|'), ('మిం', 'U'), ('త', '|'), ('లే', 'U'), ('క', '|'), ('భీ', 'U'), ('క', '|'), ('ర', '|'), ('మ', '|'), ('తు', '|'), ('లై', 'U'), ('భా', 'U'), ('మ', '|'), ('ల', '|'), ('సు', '|'), ('తు', '|'), ('ల', '|'), ('ను', '|'), ('వ', '|'), ('ద', '|'), ('లు', '|'), ('క', '|'), ('బా', 'U'), ('ము', '|'), ('ల', '|'), ('బ', '|'), ('డ', '|'), ('నే', 'U'), ('ల', '|'), ('య', '|'), ('డ', '|'), ('వి', '|'), ('ప', 'U'), ('ట్టు', '|'), ('న', '|'), ('వే', 'U'), ('మా', 'U')]",1.0,-1.0,1.0,1.0,1.0,1.0
aataveladi,"_x000D_
మాలవాని నేల మహిమీఁద నిందింప
_x000D_
నొడలరక్తమాంస మొకటిగాదె
_x000D_
వానిలోన మెలఁగువాని కులంబేది
_x000D_
విశ్వదాభిరామ వినర వేమ.",vupajaathi,Vemana,"[('మా', 'U'), ('ల', '|'), ('వా', 'U'), ('ని', '|'), ('నే', 'U'), ('ల', '|'), ('మ', '|'), ('హి', '|'), ('మీ', 'U'), ('ద', '|'), ('నిం', 'U'), ('దిం', 'U'), ('ప', '|'), ('నొ', '|'), ('డ', '|'), ('ల', '|'), ('ర', 'U'), ('క్త', '|'), ('మాం', 'U'), ('స', '|'), ('మొ', '|'), ('క', '|'), ('టి', '|'), ('గా', 'U'), ('దె', '|'), ('వా', 'U'), ('ని', '|'), ('లో', 'U'), ('న', '|'), ('మె', '|'), ('ల', '|'), ('గు', '|'), ('వా', 'U'), ('ని', '|'), ('కు', '|'), ('లం', 'U'), ('బే', 'U'), ('ది', '|'), ('వి', 'U'), ('శ్వ', '|'), ('దా', 'U'), ('భి', '|'), ('రా', 'U'), ('మ', '|'), ('వి', '|'), ('న', '|'), ('ర', '|'), ('వే', 'U'), ('మ', '|')]",0.9166666666666666,-1.0,1.0,1.0,0.75,-1.0
aataveladi,"_x000D_
మాలవాని నంటి మఱినీళ్ళ మునిగేరు
_x000D_
మనుజకర్మచేత మాలఁడయ్యె
_x000D_
నేలతెలియలేరో యీ నరపశువులు
_x000D_
విశ్వదాభిరామ వినర వేమ.",vupajaathi,Vemana,"[('మా', 'U'), ('ల', '|'), ('వా', 'U'), ('ని', '|'), ('నం', 'U'), ('టి', '|'), ('మ', '|'), ('ఱి', '|'), ('నీ', 'U'), ('ళ్ళ', '|'), ('ము', '|'), ('ని', '|'), ('గే', 'U'), ('రు', '|'), ('మ', '|'), ('ను', '|'), ('జ', '|'), ('క', 'U'), ('ర్మ', '|'), ('చే', 'U'), ('త', '|'), ('మా', 'U'), ('ల', '|'), ('డ', 'U'), ('య్యె', '|'), ('నే', 'U'), ('ల', '|'), ('తె', '|'), ('లి', '|'), ('య', '|'), ('లే', 'U'), ('రో', 'U'), ('యీ', 'U'), ('న', '|'), ('ర', '|'), ('ప', '|'), ('శు', '|'), ('వు', '|'), ('లు', '|'), ('వి', 'U'), ('శ్వ', '|'), ('దా', 'U'), ('భి', '|'), ('రా', 'U'), ('మ', '|'), ('వి', '|'), ('న', '|'), ('ర', '|'), ('వే', 'U'), ('మ', '|')]",0.7999999999999999,-1.0,1.0,0.9,0.5,-1.0
aataveladi,"_x000D_
మాదిగయనవద్దు మఱిగుణ మొనసిన
_x000D_
మాదిగది వసిష్ఠుమగువ చేడె
_x000D_
మాదిగ గుణమున్న మఱి ద్విజుఁడగునయా
_x000D_
విశ్వదాభిరామ వినర వేమ.",vupajaathi,Vemana,"[('మా', 'U'), ('ది', '|'), ('గ', '|'), ('య', '|'), ('న', '|'), ('వ', 'U'), ('ద్దు', '|'), ('మ', '|'), ('ఱి', '|'), ('గు', '|'), ('ణ', '|'), ('మొ', '|'), ('న', '|'), ('సి', '|'), ('న', '|'), ('మా', 'U'), ('ది', '|'), ('గ', '|'), ('ది', '|'), ('వ', '|'), ('సి', 'U'), ('ష్ఠు', '|'), ('మ', '|'), ('గు', '|'), ('వ', '|'), ('చే', 'U'), ('డె', '|'), ('మా', 'U'), ('ది', '|'), ('గ', '|'), ('గు', '|'), ('ణ', '|'), ('ము', 'U'), ('న్న', '|'), ('మ', '|'), ('ఱి', 'U'), ('ద్వి', '|'), ('జు', '|'), ('డ', '|'), ('గు', '|'), ('న', '|'), ('యా', 'U'), ('వి', 'U'), ('శ్వ', '|'), ('దా', 'U'), ('భి', '|'), ('రా', 'U'), ('మ', '|'), ('వి', '|'), ('న', '|'), ('ర', '|'), ('వే', 'U'), ('మ', '|')]",0.9833333333333334,-1.0,1.0,0.95,1.0,-1.0
aataveladi,"_x000D_
శిలను ప్రతిమఁజేసి చీఁకటింటను బెట్టి
_x000D_
మ్రొక్కవలదు మహిని మూఢులార
_x000D_
ఉల్లమందు బ్రహ్మముండుట దెలియరు
_x000D_
విశ్వదాభిరామ వినర వేమ.",vupajaathi,Vemana,"[('శి', '|'), ('ల', '|'), ('ను', '|'), ('ప్ర', '|'), ('తి', '|'), ('మ', '|'), ('జే', 'U'), ('సి', '|'), ('చీ', 'U'), ('క', '|'), ('టిం', 'U'), ('ట', '|'), ('ను', '|'), ('బె', 'U'), ('ట్టి', '|'), ('మ్రొ', 'U'), ('క్క', '|'), ('వ', '|'), ('ల', '|'), ('దు', '|'), ('మ', '|'), ('హి', '|'), ('ని', '|'), ('మూ', 'U'), ('ఢు', '|'), ('లా', 'U'), ('ర', '|'), ('ఉ', 'U'), ('ల్ల', '|'), ('మం', 'U'), ('దు', '|'), ('బ్ర', 'U'), ('హ్మ', '|'), ('ముం', 'U'), ('డు', '|'), ('ట', '|'), ('దె', '|'), ('లి', '|'), ('య', '|'), ('రు', '|'), ('వి', 'U'), ('శ్వ', '|'), ('దా', 'U'), ('భి', '|'), ('రా', 'U'), ('మ', '|'), ('వి', '|'), ('న', '|'), ('ర', '|'), ('వే', 'U'), ('మ', '|')]",0.9166666666666666,-1.0,1.0,1.0,0.75,-1.0
aataveladi,"_x000D_
మాలవాఁడయినను మఱియాత్మమీఁదను
_x000D_
మనసు నిల్పెనేని మాలగాఁడు
_x000D_
మనసు నిల్పకున్న మహిమీఁద మాలఁడు
_x000D_
విశ్వదాభిరామ వినర వేమ.",vupajaathi,Vemana,"[('మా', 'U'), ('ల', '|'), ('వా', 'U'), ('డ', '|'), ('యి', '|'), ('న', '|'), ('ను', '|'), ('మ', '|'), ('ఱి', '|'), ('యా', 'U'), ('త్మ', '|'), ('మీ', 'U'), ('ద', '|'), ('ను', '|'), ('మ', '|'), ('న', '|'), ('సు', '|'), ('ని', 'U'), ('ల్పె', '|'), ('నే', 'U'), ('ని', '|'), ('మా', 'U'), ('ల', '|'), ('గా', 'U'), ('డు', '|'), ('మ', '|'), ('న', '|'), ('సు', '|'), ('ని', 'U'), ('ల్ప', '|'), ('కు', 'U'), ('న్న', '|'), ('మ', '|'), ('హి', '|'), ('మీ', 'U'), ('ద', '|'), ('మా', 'U'), ('ల', '|'), ('డు', '|'), ('వి', 'U'), ('శ్వ', '|'), ('దా', 'U'), ('భి', '|'), ('రా', 'U'), ('మ', '|'), ('వి', '|'), ('న', '|'), ('ర', '|'), ('వే', 'U'), ('మ', '|')]",1.0,-1.0,1.0,1.0,1.0,-1.0
aataveladi,"_x000D_
తాతఁ గన్నతల్లి తనతండ్రిఁ గనుతల్లి
_x000D_
తన్నుఁగన్న తల్లి తల్లితల్లి
_x000D_
తల్లి శూద్రురాలు తానెట్లు బాపఁడో
_x000D_
విశ్వదాభిరామ వినర వేమ.",vupajaathi,Vemana,"[('తా', 'U'), ('త', '|'), ('గ', 'U'), ('న్న', '|'), ('త', 'U'), ('ల్లి', '|'), ('త', '|'), ('న', '|'), ('తం', 'U'), ('డ్రి', '|'), ('గ', '|'), ('ను', '|'), ('త', 'U'), ('ల్లి', '|'), ('త', 'U'), ('న్ను', '|'), ('గ', 'U'), ('న్న', '|'), ('త', 'U'), ('ల్లి', '|'), ('త', 'U'), ('ల్లి', '|'), ('త', 'U'), ('ల్లి', '|'), ('త', 'U'), ('ల్లి', '|'), ('శూ', 'U'), ('ద్రు', '|'), ('రా', 'U'), ('లు', '|'), ('తా', 'U'), ('నె', 'U'), ('ట్లు', '|'), ('బా', 'U'), ('ప', '|'), ('డో', 'U'), ('వి', 'U'), ('శ్వ', '|'), ('దా', 'U'), ('భి', '|'), ('రా', 'U'), ('మ', '|'), ('వి', '|'), ('న', '|'), ('ర', '|'), ('వే', 'U'), ('మ', '|')]",1.0,-1.0,1.0,1.0,1.0,-1.0
vutpalamaala,"_x000D_
తాతజనించెఁ గన్యకకు తండ్రులు తామును కుండగోళకుల్‌
_x000D_
మాతపరానుకూలి మరి యెక్కువ ద్రౌపతి భర్తలేవురు\న్‌
_x000D_
నీతులు చెప్ప పాండవులనీమము లిట్టి వటంచు నెన్నుచు\న్‌
_x000D_
భూతలమందు మిక్కిలిగఁ బూజలఁ జేసిరి వెఱ్ఱి వేమనా.",vruttamu,Vemana,"[('తా', 'U'), ('త', '|'), ('జ', '|'), ('నిం', 'U'), ('చె', '|'), ('గ', 'U'), ('న్య', '|'), ('క', '|'), ('కు', '|'), ('తం', 'U'), ('డ్రు', '|'), ('లు', '|'), ('తా', 'U'), ('ము', '|'), ('ను', '|'), ('కుం', 'U'), ('డ', '|'), ('గో', 'U'), ('ళ', '|'), ('కుల్', 'U'), ('మా', 'U'), ('త', '|'), ('ప', '|'), ('రా', 'U'), ('ను', '|'), ('కూ', 'U'), ('లి', '|'), ('మ', '|'), ('రి', '|'), ('యె', 'U'), ('క్కు', '|'), ('వ', '|'), ('ద్రౌ', 'U'), ('ప', '|'), ('తి', '|'), ('భ', 'U'), ('ర్త', '|'), ('లే', 'U'), ('వు', '|'), ('రున్', 'U'), ('నీ', 'U'), ('తు', '|'), ('లు', '|'), ('చె', 'U'), ('ప్ప', '|'), ('పాం', 'U'), ('డ', '|'), ('వు', '|'), ('ల', '|'), ('నీ', 'U'), ('మ', '|'), ('ము', '|'), ('లి', 'U'), ('ట్టి', '|'), ('వ', '|'), ('టం', 'U'), ('చు', '|'), ('నె', 'U'), ('న్ను', '|'), ('చున్', 'U'), ('భూ', 'U'), ('త', '|'), ('ల', '|'), ('మం', 'U'), ('దు', '|'), ('మి', 'U'), ('క్కి', '|'), ('లి', '|'), ('గ', '|'), ('బూ', 'U'), ('జ', '|'), ('ల', '|'), ('జే', 'U'), ('సి', '|'), ('రి', '|'), ('వె', 'U'), ('ఱ్ఱి', '|'), ('వే', 'U'), ('మ', '|'), ('నా', 'U')]",0.95,1.0,1.0,1.0,0.75,1.0
aataveladi,"_x000D_
తనదు తల్లి లంజె తనయాలు మాదిగ
_x000D_
శ్రీపతికి గురువసిష్ఠుఁ డరయ
_x000D_
తపముచేత ద్విజుఁడు తర్కింప కులమెట్లు
_x000D_
విశ్వదాభిరామ వినర వేమ.",vupajaathi,Vemana,"[('త', '|'), ('న', '|'), ('దు', '|'), ('త', 'U'), ('ల్లి', '|'), ('లం', 'U'), ('జె', '|'), ('త', '|'), ('న', '|'), ('యా', 'U'), ('లు', '|'), ('మా', 'U'), ('ది', '|'), ('గ', '|'), ('శ్రీ', 'U'), ('ప', '|'), ('తి', '|'), ('కి', '|'), ('గు', '|'), ('రు', '|'), ('వ', '|'), ('సి', 'U'), ('ష్ఠు', '|'), ('డ', '|'), ('ర', '|'), ('య', '|'), ('త', '|'), ('ప', '|'), ('ము', '|'), ('చే', 'U'), ('త', 'U'), ('ద్వి', '|'), ('జు', '|'), ('డు', '|'), ('త', 'U'), ('ర్కిం', 'U'), ('ప', '|'), ('కు', '|'), ('ల', '|'), ('మె', 'U'), ('ట్లు', '|'), ('వి', 'U'), ('శ్వ', '|'), ('దా', 'U'), ('భి', '|'), ('రా', 'U'), ('మ', '|'), ('వి', '|'), ('న', '|'), ('ర', '|'), ('వే', 'U'), ('మ', '|')]",0.65,-1.0,1.0,0.7,0.25,-1.0
aataveladi,"_x000D_
జాతివేఱు లేక జన్మక్రమంబున
_x000D_
నెమ్మదిని నభవుని నిల్పెనేని
_x000D_
అఖిలజనులకెల్ల నాతఁడె ఘనయోగి
_x000D_
విశ్వదాభిరామ వినర వేమ.",vupajaathi,Vemana,"[('జా', 'U'), ('తి', '|'), ('వే', 'U'), ('ఱు', '|'), ('లే', 'U'), ('క', '|'), ('జ', 'U'), ('న్మ', '|'), ('క్ర', '|'), ('మం', 'U'), ('బు', '|'), ('న', '|'), ('నె', 'U'), ('మ్మ', '|'), ('ది', '|'), ('ని', '|'), ('న', '|'), ('భ', '|'), ('వు', '|'), ('ని', '|'), ('ని', 'U'), ('ల్పె', '|'), ('నే', 'U'), ('ని', '|'), ('అ', '|'), ('ఖి', '|'), ('ల', '|'), ('జ', '|'), ('ను', '|'), ('ల', '|'), ('కె', 'U'), ('ల్ల', '|'), ('నా', 'U'), ('త', '|'), ('డె', '|'), ('ఘ', '|'), ('న', '|'), ('యో', 'U'), ('గి', '|'), ('వి', 'U'), ('శ్వ', '|'), ('దా', 'U'), ('భి', '|'), ('రా', 'U'), ('మ', '|'), ('వి', '|'), ('న', '|'), ('ర', '|'), ('వే', 'U'), ('మ', '|')]",0.9166666666666666,-1.0,1.0,1.0,0.75,-1.0
kandamu,"_x000D_
ధర గిరులు జలధు లన్నియు
_x000D_
పరికింపగఁ బ్రళయమునను భస్మావృతులౌ
_x000D_
సురలును మునులును జనఁగా
_x000D_
నెరయోగులు నుండఁగలరె నేర్పున వేమా.",jaathi,Vemana,"[('ధ', '|'), ('ర', '|'), ('గి', '|'), ('రు', '|'), ('లు', '|'), ('జ', '|'), ('ల', '|'), ('ధు', '|'), ('ల', 'U'), ('న్ని', '|'), ('యు', '|'), ('ప', '|'), ('రి', '|'), ('కిం', 'U'), ('ప', '|'), ('గ', '|'), ('బ్ర', '|'), ('ళ', '|'), ('య', '|'), ('ము', '|'), ('న', '|'), ('ను', '|'), ('భ', 'U'), ('స్మా', 'U'), ('వృ', '|'), ('తు', '|'), ('లౌ', 'U'), ('సు', '|'), ('ర', '|'), ('లు', '|'), ('ను', '|'), ('ము', '|'), ('ను', '|'), ('లు', '|'), ('ను', '|'), ('జ', '|'), ('న', '|'), ('గా', 'U'), ('నె', '|'), ('ర', '|'), ('యో', 'U'), ('గు', '|'), ('లు', '|'), ('నుం', 'U'), ('డ', '|'), ('గ', '|'), ('ల', '|'), ('రె', '|'), ('నే', 'U'), ('ర్పు', '|'), ('న', '|'), ('వే', 'U'), ('మా', 'U')]",1.0,-1.0,1.0,1.0,1.0,1.0
aataveladi,"_x000D_
ఉర్వివారికెల్ల నొక్కకంచముఁబెట్టి
_x000D_
పొత్తుఁ గుడిపికులము పొలయఁ జేసి
_x000D_
తలను చేయిపెట్టి తగ నమ్మఁజెప్పరా
_x000D_
విశ్వదాభిరామ వినర వేమ.",vupajaathi,Vemana,"[('ఉ', 'U'), ('ర్వి', '|'), ('వా', 'U'), ('రి', '|'), ('కె', 'U'), ('ల్ల', '|'), ('నొ', 'U'), ('క్క', '|'), ('కం', 'U'), ('చ', '|'), ('ము', '|'), ('బె', 'U'), ('ట్టి', '|'), ('పొ', 'U'), ('త్తు', '|'), ('గు', '|'), ('డి', '|'), ('పి', '|'), ('కు', '|'), ('ల', '|'), ('ము', '|'), ('పొ', '|'), ('ల', '|'), ('య', '|'), ('జే', 'U'), ('సి', '|'), ('త', '|'), ('ల', '|'), ('ను', '|'), ('చే', 'U'), ('యి', '|'), ('పె', 'U'), ('ట్టి', '|'), ('త', '|'), ('గ', '|'), ('న', 'U'), ('మ్మ', '|'), ('జె', 'U'), ('ప్ప', '|'), ('రా', 'U'), ('వి', 'U'), ('శ్వ', '|'), ('దా', 'U'), ('భి', '|'), ('రా', 'U'), ('మ', '|'), ('వి', '|'), ('న', '|'), ('ర', '|'), ('వే', 'U'), ('మ', '|')]",0.9166666666666666,-1.0,1.0,1.0,0.75,-1.0
aataveladi,"_x000D_
గట్టురాళ్ళఁ దెచ్చి కాళ్ళచేతులఁ ద్రొక్కి
_x000D_
కాసెయులులచేతఁ గాసిఁజేసి
_x000D_
మొఱుపురాళ్ళ కెఱగుమొప్పెల నేమందు
_x000D_
విశ్వదాభిరామ వినర వేమ.",vupajaathi,Vemana,"[('గ', 'U'), ('ట్టు', '|'), ('రా', 'U'), ('ళ్ళ', '|'), ('దె', 'U'), ('చ్చి', '|'), ('కా', 'U'), ('ళ్ళ', '|'), ('చే', 'U'), ('తు', '|'), ('ల', '|'), ('ద్రొ', 'U'), ('క్కి', '|'), ('కా', 'U'), ('సె', '|'), ('యు', '|'), ('లు', '|'), ('ల', '|'), ('చే', 'U'), ('త', '|'), ('గా', 'U'), ('సి', '|'), ('జే', 'U'), ('సి', '|'), ('మొ', '|'), ('ఱు', '|'), ('పు', '|'), ('రా', 'U'), ('ళ్ళ', '|'), ('కె', '|'), ('ఱ', '|'), ('గు', '|'), ('మొ', 'U'), ('ప్పె', '|'), ('ల', '|'), ('నే', 'U'), ('మం', 'U'), ('దు', '|'), ('వి', 'U'), ('శ్వ', '|'), ('దా', 'U'), ('భి', '|'), ('రా', 'U'), ('మ', '|'), ('వి', '|'), ('న', '|'), ('ర', '|'), ('వే', 'U'), ('మ', '|')]",1.0,-1.0,1.0,1.0,1.0,-1.0
aataveladi,"_x000D_
తోలుకడుపులోన దొడ్డవాఁ డుండఁగ
_x000D_
రాతిగుళ్ళలోన రాశిఁబోయ
_x000D_
రాళ్లుదేవుఁడైన రాసుల మ్రింగవా
_x000D_
విశ్వదాభిరామ వినర వేమ.",vupajaathi,Vemana,"[('తో', 'U'), ('లు', '|'), ('క', '|'), ('డు', '|'), ('పు', '|'), ('లో', 'U'), ('న', '|'), ('దొ', 'U'), ('డ్డ', '|'), ('వా', 'U'), ('డుం', 'U'), ('డ', '|'), ('గ', '|'), ('రా', 'U'), ('తి', '|'), ('గు', 'U'), ('ళ్ళ', '|'), ('లో', 'U'), ('న', '|'), ('రా', 'U'), ('శి', '|'), ('బో', 'U'), ('య', '|'), ('రా', 'U'), ('ళ్లు', '|'), ('దే', 'U'), ('వు', '|'), ('డై', 'U'), ('న', '|'), ('రా', 'U'), ('సు', '|'), ('ల', '|'), ('మ్రిం', 'U'), ('గ', '|'), ('వా', 'U'), ('వి', 'U'), ('శ్వ', '|'), ('దా', 'U'), ('భి', '|'), ('రా', 'U'), ('మ', '|'), ('వి', '|'), ('న', '|'), ('ర', '|'), ('వే', 'U'), ('మ', '|')]",1.0,-1.0,1.0,1.0,1.0,-1.0
aataveladi,"_x000D_
రాతిబసవని గని రంగుగా మ్రొక్కుచు
_x000D_
గునుకుబసవని గని గ్రుద్దుచుండ్రు
_x000D_
బసవభక్తులెల్ల పాపులె తలపోయ
_x000D_
విశ్వదాభిరామ వినర వేమ.",vupajaathi,Vemana,"[('రా', 'U'), ('తి', '|'), ('బ', '|'), ('స', '|'), ('వ', '|'), ('ని', '|'), ('గ', '|'), ('ని', '|'), ('రం', 'U'), ('గు', '|'), ('గా', 'U'), ('మ్రొ', 'U'), ('క్కు', '|'), ('చు', '|'), ('గు', '|'), ('ను', '|'), ('కు', '|'), ('బ', '|'), ('స', '|'), ('వ', '|'), ('ని', '|'), ('గ', '|'), ('ని', '|'), ('గ్రు', 'U'), ('ద్దు', '|'), ('చుం', 'U'), ('డ్రు', '|'), ('బ', '|'), ('స', '|'), ('వ', '|'), ('భ', 'U'), ('క్తు', '|'), ('లె', 'U'), ('ల్ల', '|'), ('పా', 'U'), ('పు', '|'), ('లె', '|'), ('త', '|'), ('ల', '|'), ('పో', 'U'), ('య', '|'), ('వి', 'U'), ('శ్వ', '|'), ('దా', 'U'), ('భి', '|'), ('రా', 'U'), ('మ', '|'), ('వి', '|'), ('న', '|'), ('ర', '|'), ('వే', 'U'), ('మ', '|')]",1.0,-1.0,1.0,1.0,1.0,-1.0
aataveladi,"_x000D_
మన్నుమెత్తి కడిగి మఱిరూపు గావించి
_x000D_
గుంతనిండఁ బూడ్చి గుఱుతు నిల్పి
_x000D_
మనుజులెల్లఁ గూడి మఱిదేవుఁ డందురు
_x000D_
విశ్వదాభిరామ వినర వేమ.",vupajaathi,Vemana,"[('మ', 'U'), ('న్ను', '|'), ('మె', 'U'), ('త్తి', '|'), ('క', '|'), ('డి', '|'), ('గి', '|'), ('మ', '|'), ('ఱి', '|'), ('రూ', 'U'), ('పు', '|'), ('గా', 'U'), ('విం', 'U'), ('చి', '|'), ('గుం', 'U'), ('త', '|'), ('నిం', 'U'), ('డ', '|'), ('బూ', 'U'), ('డ్చి', '|'), ('గు', '|'), ('ఱు', '|'), ('తు', '|'), ('ని', 'U'), ('ల్పి', '|'), ('మ', '|'), ('ను', '|'), ('జు', '|'), ('లె', 'U'), ('ల్ల', '|'), ('గూ', 'U'), ('డి', '|'), ('మ', '|'), ('ఱి', '|'), ('దే', 'U'), ('వు', '|'), ('డం', 'U'), ('దు', '|'), ('రు', '|'), ('వి', 'U'), ('శ్వ', '|'), ('దా', 'U'), ('భి', '|'), ('రా', 'U'), ('మ', '|'), ('వి', '|'), ('న', '|'), ('ర', '|'), ('వే', 'U'), ('మ', '|')]",1.0,-1.0,1.0,1.0,1.0,-1.0
aataveladi,"_x000D_
మంచిశకునము లని యెంచి పెండ్లియాడు
_x000D_
వార లొకరు లేరు వసుధలోన
_x000D_
జనులకర్మములను శకునము ల్నిల్చునా
_x000D_
విశ్వదాభిరామ వినర వేమ.",vupajaathi,Vemana,"[('మం', 'U'), ('చి', '|'), ('శ', '|'), ('కు', '|'), ('న', '|'), ('ము', '|'), ('ల', '|'), ('ని', '|'), ('యెం', 'U'), ('చి', '|'), ('పెం', 'U'), ('డ్లి', '|'), ('యా', 'U'), ('డు', '|'), ('వా', 'U'), ('ర', '|'), ('లొ', '|'), ('క', '|'), ('రు', '|'), ('లే', 'U'), ('రు', '|'), ('వ', '|'), ('సు', '|'), ('ధ', '|'), ('లో', 'U'), ('న', '|'), ('జ', '|'), ('ను', '|'), ('ల', '|'), ('క', 'U'), ('ర్మ', '|'), ('ము', '|'), ('ల', '|'), ('ను', '|'), ('శ', '|'), ('కు', '|'), ('న', '|'), ('ము', 'U'), ('ల్ని', 'U'), ('ల్చు', '|'), ('నా', 'U'), ('వి', 'U'), ('శ్వ', '|'), ('దా', 'U'), ('భి', '|'), ('రా', 'U'), ('మ', '|'), ('వి', '|'), ('న', '|'), ('ర', '|'), ('వే', 'U'), ('మ', '|')]",0.7000000000000001,-1.0,1.0,0.85,0.25,-1.0
aataveladi,"_x000D_
విషసహితులు నరులు విషధరు లెన్నఁగ
_x000D_
విష విషధరములను విరియఁగొట్ట
_x000D_
నఘము వచ్చుకడకు నాయువుకొదువగు
_x000D_
విశ్వదాభిరామ వినర వేమ.",vupajaathi,Vemana,"[('వి', '|'), ('ష', '|'), ('స', '|'), ('హి', '|'), ('తు', '|'), ('లు', '|'), ('న', '|'), ('రు', '|'), ('లు', '|'), ('వి', '|'), ('ష', '|'), ('ధ', '|'), ('రు', '|'), ('లె', 'U'), ('న్న', '|'), ('గ', '|'), ('వి', '|'), ('ష', '|'), ('వి', '|'), ('ష', '|'), ('ధ', '|'), ('ర', '|'), ('ము', '|'), ('ల', '|'), ('ను', '|'), ('వి', '|'), ('రి', '|'), ('య', '|'), ('గొ', 'U'), ('ట్ట', '|'), ('న', '|'), ('ఘ', '|'), ('ము', '|'), ('వ', 'U'), ('చ్చు', '|'), ('క', '|'), ('డ', '|'), ('కు', '|'), ('నా', 'U'), ('యు', '|'), ('వు', '|'), ('కొ', '|'), ('దు', '|'), ('వ', '|'), ('గు', '|'), ('వి', 'U'), ('శ్వ', '|'), ('దా', 'U'), ('భి', '|'), ('రా', 'U'), ('మ', '|'), ('వి', '|'), ('న', '|'), ('ర', '|'), ('వే', 'U'), ('మ', '|')]",1.0,-1.0,1.0,1.0,1.0,-1.0
aataveladi,"_x000D_
వేము పాలఁబోసి వెయ్యేండ్లు పెంచిన
_x000D_
చేదువిడిచి తీపు చెందదెపుడు
_x000D_
నోగుగుణము విడిచి యుచితజ్ఞుఁ డగునట్లు
_x000D_
విశ్వదాభిరామ వినర వేమ.",vupajaathi,Vemana,"[('వే', 'U'), ('ము', '|'), ('పా', 'U'), ('ల', '|'), ('బో', 'U'), ('సి', '|'), ('వె', 'U'), ('య్యేం', 'U'), ('డ్లు', '|'), ('పెం', 'U'), ('చి', '|'), ('న', '|'), ('చే', 'U'), ('దు', '|'), ('వి', '|'), ('డి', '|'), ('చి', '|'), ('తీ', 'U'), ('పు', '|'), ('చెం', 'U'), ('ద', '|'), ('దె', '|'), ('పు', '|'), ('డు', '|'), ('నో', 'U'), ('గు', '|'), ('గు', '|'), ('ణ', '|'), ('ము', '|'), ('వి', '|'), ('డి', '|'), ('చి', '|'), ('యు', '|'), ('చి', '|'), ('త', 'U'), ('జ్ఞు', '|'), ('డ', '|'), ('గు', '|'), ('న', 'U'), ('ట్లు', '|'), ('వి', 'U'), ('శ్వ', '|'), ('దా', 'U'), ('భి', '|'), ('రా', 'U'), ('మ', '|'), ('వి', '|'), ('న', '|'), ('ర', '|'), ('వే', 'U'), ('మ', '|')]",0.9166666666666666,-1.0,1.0,1.0,0.75,-1.0
aataveladi,"_x000D_
వాడవదినెకేల వావివర్తనములు
_x000D_
చాడివాని కేల జాడబుద్ధి
_x000D_
మూఢసతులకేల ముదముతో జ్ఞానంబు
_x000D_
విశ్వదాభిరామ వినర వేమ.",vupajaathi,Vemana,"[('వా', 'U'), ('డ', '|'), ('వ', '|'), ('ది', '|'), ('నె', '|'), ('కే', 'U'), ('ల', '|'), ('వా', 'U'), ('వి', '|'), ('వ', 'U'), ('ర్త', '|'), ('న', '|'), ('ము', '|'), ('లు', '|'), ('చా', 'U'), ('డి', '|'), ('వా', 'U'), ('ని', '|'), ('కే', 'U'), ('ల', '|'), ('జా', 'U'), ('డ', '|'), ('బు', 'U'), ('ద్ధి', '|'), ('మూ', 'U'), ('ఢ', '|'), ('స', '|'), ('తు', '|'), ('ల', '|'), ('కే', 'U'), ('ల', '|'), ('ము', '|'), ('ద', '|'), ('ము', '|'), ('తో', 'U'), ('జ్ఞా', 'U'), ('నం', 'U'), ('బు', '|'), ('వి', 'U'), ('శ్వ', '|'), ('దా', 'U'), ('భి', '|'), ('రా', 'U'), ('మ', '|'), ('వి', '|'), ('న', '|'), ('ర', '|'), ('వే', 'U'), ('మ', '|')]",1.0,-1.0,1.0,1.0,1.0,-1.0
aataveladi,"_x000D_
నేరనన్నవాఁడు నెరజాణ మహిలోన
_x000D_
నేర్తునన్నవాఁడు వార్తకాఁడు
_x000D_
ఊరకున్నవాఁడె యుత్తమోత్తముఁ డెందు
_x000D_
విశ్వదాభిరామ వినర వేమ.",vupajaathi,Vemana,"[('నే', 'U'), ('ర', '|'), ('న', 'U'), ('న్న', '|'), ('వా', 'U'), ('డు', '|'), ('నె', '|'), ('ర', '|'), ('జా', 'U'), ('ణ', '|'), ('మ', '|'), ('హి', '|'), ('లో', 'U'), ('న', '|'), ('నే', 'U'), ('ర్తు', '|'), ('న', 'U'), ('న్న', '|'), ('వా', 'U'), ('డు', '|'), ('వా', 'U'), ('ర్త', '|'), ('కా', 'U'), ('డు', '|'), ('ఊ', 'U'), ('ర', '|'), ('కు', 'U'), ('న్న', '|'), ('వా', 'U'), ('డె', '|'), ('యు', 'U'), ('త్త', '|'), ('మో', 'U'), ('త్త', '|'), ('ము', '|'), ('డెం', 'U'), ('దు', '|'), ('వి', 'U'), ('శ్వ', '|'), ('దా', 'U'), ('భి', '|'), ('రా', 'U'), ('మ', '|'), ('వి', '|'), ('న', '|'), ('ర', '|'), ('వే', 'U'), ('మ', '|')]",0.9166666666666666,-1.0,1.0,1.0,0.75,-1.0
kandamu,"_x000D_
దూలాలు టెంకినుండిన
_x000D_
వాలాయము చేటు వచ్చు వసుమతిలోన\న్‌
_x000D_
లోలాక్ష విడిచిపెట్టిన
_x000D_
మేలిమిగా బ్రతుకవచ్చు మేదిని వేమా.",jaathi,Vemana,"[('దూ', 'U'), ('లా', 'U'), ('లు', '|'), ('టెం', 'U'), ('కి', '|'), ('నుం', 'U'), ('డి', '|'), ('న', '|'), ('వా', 'U'), ('లా', 'U'), ('య', '|'), ('ము', '|'), ('చే', 'U'), ('టు', '|'), ('వ', 'U'), ('చ్చు', '|'), ('వ', '|'), ('సు', '|'), ('మ', '|'), ('తి', '|'), ('లో', 'U'), ('నన్', 'U'), ('లో', 'U'), ('లా', 'U'), ('క్ష', '|'), ('వి', '|'), ('డి', '|'), ('చి', '|'), ('పె', 'U'), ('ట్టి', '|'), ('న', '|'), ('మే', 'U'), ('లి', '|'), ('మి', '|'), ('గా', 'U'), ('బ్ర', '|'), ('తు', '|'), ('క', '|'), ('వ', 'U'), ('చ్చు', '|'), ('మే', 'U'), ('ది', '|'), ('ని', '|'), ('వే', 'U'), ('మా', 'U')]",1.0,-1.0,1.0,1.0,1.0,1.0
aataveladi,"_x000D_
మానినీమనోజమంది రానందైక
_x000D_
లోలురెల్ల రూర్ధ్వలోకసుఖము
_x000D_
మాలవాడకుక్క మధురాన్న మెఱుఁగునా
_x000D_
విశ్వదాభిరామ వినర వేమ.",vupajaathi,Vemana,"[('మా', 'U'), ('ని', '|'), ('నీ', 'U'), ('మ', '|'), ('నో', 'U'), ('జ', '|'), ('మం', 'U'), ('ది', '|'), ('రా', 'U'), ('నం', 'U'), ('దై', 'U'), ('క', '|'), ('లో', 'U'), ('లు', '|'), ('రె', 'U'), ('ల్ల', '|'), ('రూ', 'U'), ('ర్ధ్వ', '|'), ('లో', 'U'), ('క', '|'), ('సు', '|'), ('ఖ', '|'), ('ము', '|'), ('మా', 'U'), ('ల', '|'), ('వా', 'U'), ('డ', '|'), ('కు', 'U'), ('క్క', '|'), ('మ', '|'), ('ధు', '|'), ('రా', 'U'), ('న్న', '|'), ('మె', '|'), ('ఱు', '|'), ('గు', '|'), ('నా', 'U'), ('వి', 'U'), ('శ్వ', '|'), ('దా', 'U'), ('భి', '|'), ('రా', 'U'), ('మ', '|'), ('వి', '|'), ('న', '|'), ('ర', '|'), ('వే', 'U'), ('మ', '|')]",1.0,-1.0,1.0,1.0,1.0,-1.0
aataveladi,"_x000D_
తొత్తు తొత్తెగాని దొరసాని గాఁబోదు
_x000D_
అడఁచుటింతె దానికైన గుణము
_x000D_
మిత్తికూళ్ళ దొంగ మేలెఱుఁగ నేర్చునా
_x000D_
విశ్వదాభిరామ వినర వేమ.",vupajaathi,Vemana,"[('తొ', 'U'), ('త్తు', '|'), ('తొ', 'U'), ('త్తె', '|'), ('గా', 'U'), ('ని', '|'), ('దొ', '|'), ('ర', '|'), ('సా', 'U'), ('ని', '|'), ('గా', 'U'), ('బో', 'U'), ('దు', '|'), ('అ', '|'), ('డ', '|'), ('చు', '|'), ('టిం', 'U'), ('తె', '|'), ('దా', 'U'), ('ని', '|'), ('కై', 'U'), ('న', '|'), ('గు', '|'), ('ణ', '|'), ('ము', '|'), ('మి', 'U'), ('త్తి', '|'), ('కూ', 'U'), ('ళ్ళ', '|'), ('దొం', 'U'), ('గ', '|'), ('మే', 'U'), ('లె', '|'), ('ఱు', '|'), ('గ', '|'), ('నే', 'U'), ('ర్చు', '|'), ('నా', 'U'), ('వి', 'U'), ('శ్వ', '|'), ('దా', 'U'), ('భి', '|'), ('రా', 'U'), ('మ', '|'), ('వి', '|'), ('న', '|'), ('ర', '|'), ('వే', 'U'), ('మ', '|')]",0.9,-1.0,1.0,0.95,0.75,-1.0
aataveladi,"_x000D_
నాణెమైన చెడిప నయ మెఱింగి తిరుగు
_x000D_
విటుని కుస్తరించు వివర మెఱుఁగు
_x000D_
బానిసైనతొత్తు పాటింపరాదయా
_x000D_
విశ్వదాభిరామ వినర వేమ.",vupajaathi,Vemana,"[('నా', 'U'), ('ణె', '|'), ('మై', 'U'), ('న', '|'), ('చె', '|'), ('డి', '|'), ('ప', '|'), ('న', '|'), ('య', '|'), ('మె', '|'), ('ఱిం', 'U'), ('గి', '|'), ('తి', '|'), ('రు', '|'), ('గు', '|'), ('వి', '|'), ('టు', '|'), ('ని', '|'), ('కు', 'U'), ('స్త', '|'), ('రిం', 'U'), ('చు', '|'), ('వి', '|'), ('వ', '|'), ('ర', '|'), ('మె', '|'), ('ఱు', '|'), ('గు', '|'), ('బా', 'U'), ('ని', '|'), ('సై', 'U'), ('న', '|'), ('తొ', 'U'), ('త్తు', '|'), ('పా', 'U'), ('టిం', 'U'), ('ప', '|'), ('రా', 'U'), ('ద', '|'), ('యా', 'U'), ('వి', 'U'), ('శ్వ', '|'), ('దా', 'U'), ('భి', '|'), ('రా', 'U'), ('మ', '|'), ('వి', '|'), ('న', '|'), ('ర', '|'), ('వే', 'U'), ('మ', '|')]",1.0,-1.0,1.0,1.0,1.0,-1.0
aataveladi,"_x000D_
పంద నధికుఁ జేసి బవరంబునకుఁ బంపఁ
_x000D_
బాఱిపోవుఁ గార్యభంగమౌను
_x000D_
పాఱునట్టిబంటు పనికిరాఁ డెందును
_x000D_
విశ్వదాభిరామ వినర వేమ.",vupajaathi,Vemana,"[('పం', 'U'), ('ద', '|'), ('న', '|'), ('ధి', '|'), ('కు', '|'), ('జే', 'U'), ('సి', '|'), ('బ', '|'), ('వ', '|'), ('రం', 'U'), ('బు', '|'), ('న', '|'), ('కు', '|'), ('బం', 'U'), ('ప', '|'), ('బా', 'U'), ('ఱి', '|'), ('పో', 'U'), ('వు', '|'), ('గా', 'U'), ('ర్య', '|'), ('భం', 'U'), ('గ', '|'), ('మౌ', 'U'), ('ను', '|'), ('పా', 'U'), ('ఱు', '|'), ('న', 'U'), ('ట్టి', '|'), ('బం', 'U'), ('టు', '|'), ('ప', '|'), ('ని', '|'), ('కి', '|'), ('రా', 'U'), ('డెం', 'U'), ('దు', '|'), ('ను', '|'), ('వి', 'U'), ('శ్వ', '|'), ('దా', 'U'), ('భి', '|'), ('రా', 'U'), ('మ', '|'), ('వి', '|'), ('న', '|'), ('ర', '|'), ('వే', 'U'), ('మ', '|')]",1.0,-1.0,1.0,1.0,1.0,-1.0
aataveladi,"_x000D_
తిరుమలకును బోవఁ దుఱక దాసరి గాఁడు
_x000D_
కాశిబోవ లంజ గరిత గాదు
_x000D_
గుక్క సింహ మగునె గోదావరికిఁ బోవ
_x000D_
విశ్వదాభిరామ వినర వేమ.",vupajaathi,Vemana,"[('తి', '|'), ('రు', '|'), ('మ', '|'), ('ల', '|'), ('కు', '|'), ('ను', '|'), ('బో', 'U'), ('వ', '|'), ('దు', '|'), ('ఱ', '|'), ('క', '|'), ('దా', 'U'), ('స', '|'), ('రి', '|'), ('గా', 'U'), ('డు', '|'), ('కా', 'U'), ('శి', '|'), ('బో', 'U'), ('వ', '|'), ('లం', 'U'), ('జ', '|'), ('గ', '|'), ('రి', '|'), ('త', '|'), ('గా', 'U'), ('దు', '|'), ('గు', 'U'), ('క్క', '|'), ('సిం', 'U'), ('హ', '|'), ('మ', '|'), ('గు', '|'), ('నె', '|'), ('గో', 'U'), ('దా', 'U'), ('వ', '|'), ('రి', '|'), ('కి', '|'), ('బో', 'U'), ('వ', '|'), ('వి', 'U'), ('శ్వ', '|'), ('దా', 'U'), ('భి', '|'), ('రా', 'U'), ('మ', '|'), ('వి', '|'), ('న', '|'), ('ర', '|'), ('వే', 'U'), ('మ', '|')]",0.9166666666666666,-1.0,1.0,1.0,0.75,-1.0
aataveladi,"_x000D_
కులుకుగుబ్బఁ జూపి గొబ్బున గరిగించి
_x000D_
చేతికానులెల్లఁ జేరఁ దీయు
_x000D_
అతనుచేతికత్తు లమరికకాంతలు
_x000D_
విశ్వదాభిరామ వినర వేమ.",vupajaathi,Vemana,"[('కు', '|'), ('లు', '|'), ('కు', '|'), ('గు', 'U'), ('బ్బ', '|'), ('జూ', 'U'), ('పి', '|'), ('గొ', 'U'), ('బ్బు', '|'), ('న', '|'), ('గ', '|'), ('రి', '|'), ('గిం', 'U'), ('చి', '|'), ('చే', 'U'), ('తి', '|'), ('కా', 'U'), ('ను', '|'), ('లె', 'U'), ('ల్ల', '|'), ('జే', 'U'), ('ర', '|'), ('దీ', 'U'), ('యు', '|'), ('అ', '|'), ('త', '|'), ('ను', '|'), ('చే', 'U'), ('తి', '|'), ('క', 'U'), ('త్తు', '|'), ('ల', '|'), ('మ', '|'), ('రి', '|'), ('క', '|'), ('కాం', 'U'), ('త', '|'), ('లు', '|'), ('వి', 'U'), ('శ్వ', '|'), ('దా', 'U'), ('భి', '|'), ('రా', 'U'), ('మ', '|'), ('వి', '|'), ('న', '|'), ('ర', '|'), ('వే', 'U'), ('మ', '|')]",0.9166666666666666,-1.0,1.0,1.0,0.75,-1.0
aataveladi,"_x000D_
అనుకూల్యముగల యంగన కలిగిన
_x000D_
సతికిపతికి పరమసౌఖ్య మమరు
_x000D_
ప్రాతికూల్యమైన పరిహరింప సుఖంబు
_x000D_
విశ్వదాభిరామ వినర వేమ.",vupajaathi,Vemana,"[('అ', '|'), ('ను', '|'), ('కూ', 'U'), ('ల్య', '|'), ('ము', '|'), ('గ', '|'), ('ల', '|'), ('యం', 'U'), ('గ', '|'), ('న', '|'), ('క', '|'), ('లి', '|'), ('గి', '|'), ('న', '|'), ('స', '|'), ('తి', '|'), ('కి', '|'), ('ప', '|'), ('తి', '|'), ('కి', '|'), ('ప', '|'), ('ర', '|'), ('మ', '|'), ('సౌ', 'U'), ('ఖ్య', '|'), ('మ', '|'), ('మ', '|'), ('రు', '|'), ('ప్రా', 'U'), ('తి', '|'), ('కూ', 'U'), ('ల్య', '|'), ('మై', 'U'), ('న', '|'), ('ప', '|'), ('రి', '|'), ('హ', '|'), ('రిం', 'U'), ('ప', '|'), ('సు', '|'), ('ఖం', 'U'), ('బు', '|'), ('వి', 'U'), ('శ్వ', '|'), ('దా', 'U'), ('భి', '|'), ('రా', 'U'), ('మ', '|'), ('వి', '|'), ('న', '|'), ('ర', '|'), ('వే', 'U'), ('మ', '|')]",0.6833333333333332,-1.0,1.0,0.8,0.25,-1.0
aataveladi,"_x000D_
గొప్పపిఱుఁదు గన్న కుచకుంభములఁ గన్న
_x000D_
చెప్పరానిచోటి చెలువుగన్న
_x000D_
ముప్పిరి గొనునయ్య మొనసిన మోహంబు
_x000D_
విశ్వదాభిరామ వినర వేమ.",vupajaathi,Vemana,"[('గొ', 'U'), ('ప్ప', '|'), ('పి', '|'), ('ఱు', '|'), ('దు', '|'), ('గ', 'U'), ('న్న', '|'), ('కు', '|'), ('చ', '|'), ('కుం', 'U'), ('భ', '|'), ('ము', '|'), ('ల', '|'), ('గ', 'U'), ('న్న', '|'), ('చె', 'U'), ('ప్ప', '|'), ('రా', 'U'), ('ని', '|'), ('చో', 'U'), ('టి', '|'), ('చె', '|'), ('లు', '|'), ('వు', '|'), ('గ', 'U'), ('న్న', '|'), ('ము', 'U'), ('ప్పి', '|'), ('రి', '|'), ('గొ', '|'), ('ను', '|'), ('న', 'U'), ('య్య', '|'), ('మొ', '|'), ('న', '|'), ('సి', '|'), ('న', '|'), ('మో', 'U'), ('హం', 'U'), ('బు', '|'), ('వి', 'U'), ('శ్వ', '|'), ('దా', 'U'), ('భి', '|'), ('రా', 'U'), ('మ', '|'), ('వి', '|'), ('న', '|'), ('ర', '|'), ('వే', 'U'), ('మ', '|')]",1.0,-1.0,1.0,1.0,1.0,-1.0
aataveladi,"_x000D_
కాశి కాశి యనుచుఁ గడువేడ్కతోఁ బోదు
_x000D_
రందుఁగల్గు దేవుఁడిందు లేఁడె
_x000D_
యిందు నందు గలఁడు హృదయంబు లెస్సైన
_x000D_
విశ్వదాభిరామ వినర వేమ.",vupajaathi,Vemana,"[('కా', 'U'), ('శి', '|'), ('కా', 'U'), ('శి', '|'), ('య', '|'), ('ను', '|'), ('చు', '|'), ('గ', '|'), ('డు', '|'), ('వే', 'U'), ('డ్క', '|'), ('తో', 'U'), ('బో', 'U'), ('దు', '|'), ('రం', 'U'), ('దు', '|'), ('గ', 'U'), ('ల్గు', '|'), ('దే', 'U'), ('వు', '|'), ('డిం', 'U'), ('దు', '|'), ('లే', 'U'), ('డె', '|'), ('యిం', 'U'), ('దు', '|'), ('నం', 'U'), ('దు', '|'), ('గ', '|'), ('ల', '|'), ('డు', '|'), ('హృ', '|'), ('ద', '|'), ('యం', 'U'), ('బు', '|'), ('లె', 'U'), ('స్సై', 'U'), ('న', '|'), ('వి', 'U'), ('శ్వ', '|'), ('దా', 'U'), ('భి', '|'), ('రా', 'U'), ('మ', '|'), ('వి', '|'), ('న', '|'), ('ర', '|'), ('వే', 'U'), ('మ', '|')]",0.9166666666666666,-1.0,1.0,1.0,0.75,-1.0
aataveladi,"_x000D_
మతముదారి యగుచు మధురాధరముఁ జూచి
_x000D_
మగువరూపుఁ జూచి మనసు మఱచు
_x000D_
యోనిఁజూచి సర్వయోగముల్‌ మఱచురా
_x000D_
విశ్వదాభిరామ వినర వేమ.",vupajaathi,Vemana,"[('మ', '|'), ('త', '|'), ('ము', '|'), ('దా', 'U'), ('రి', '|'), ('య', '|'), ('గు', '|'), ('చు', '|'), ('మ', '|'), ('ధు', '|'), ('రా', 'U'), ('ధ', '|'), ('ర', '|'), ('ము', '|'), ('జూ', 'U'), ('చి', '|'), ('మ', '|'), ('గు', '|'), ('వ', '|'), ('రూ', 'U'), ('పు', '|'), ('జూ', 'U'), ('చి', '|'), ('మ', '|'), ('న', '|'), ('సు', '|'), ('మ', '|'), ('ఱ', '|'), ('చు', '|'), ('యో', 'U'), ('ని', '|'), ('జూ', 'U'), ('చి', '|'), ('స', 'U'), ('ర్వ', '|'), ('యో', 'U'), ('గ', '|'), ('ము', 'U'), ('ల్మ', '|'), ('ఱ', '|'), ('చు', '|'), ('రా', 'U'), ('వి', 'U'), ('శ్వ', '|'), ('దా', 'U'), ('భి', '|'), ('రా', 'U'), ('మ', '|'), ('వి', '|'), ('న', '|'), ('ర', '|'), ('వే', 'U'), ('మ', '|')]",1.0,-1.0,1.0,1.0,1.0,-1.0
aataveladi,"_x000D_
నీళ్ళ మునుఁగనేల నిధుల మెట్టఁగనేల
_x000D_
మొనసి వేల్పులకును మ్రొక్కనేల
_x000D_
కపటకల్మషములు కడుపులో నుండఁగా
_x000D_
విశ్వదాభిరామ వినర వేమ.",vupajaathi,Vemana,"[('నీ', 'U'), ('ళ్ళ', '|'), ('ము', '|'), ('ను', '|'), ('గ', '|'), ('నే', 'U'), ('ల', '|'), ('ని', '|'), ('ధు', '|'), ('ల', '|'), ('మె', 'U'), ('ట్ట', '|'), ('గ', '|'), ('నే', 'U'), ('ల', '|'), ('మొ', '|'), ('న', '|'), ('సి', '|'), ('వే', 'U'), ('ల్పు', '|'), ('ల', '|'), ('కు', '|'), ('ను', '|'), ('మ్రొ', 'U'), ('క్క', '|'), ('నే', 'U'), ('ల', '|'), ('క', '|'), ('ప', '|'), ('ట', '|'), ('క', 'U'), ('ల్మ', '|'), ('ష', '|'), ('ము', '|'), ('లు', '|'), ('క', '|'), ('డు', '|'), ('పు', '|'), ('లో', 'U'), ('నుం', 'U'), ('డ', '|'), ('గా', 'U'), ('వి', 'U'), ('శ్వ', '|'), ('దా', 'U'), ('భి', '|'), ('రా', 'U'), ('మ', '|'), ('వి', '|'), ('న', '|'), ('ర', '|'), ('వే', 'U'), ('మ', '|')]",1.0,-1.0,1.0,1.0,1.0,-1.0
aataveladi,"_x000D_
కూడు చీరఁ బాసి గుళ్ళపంచలఁబడు
_x000D_
నట్లువ్రాసె బ్రహ్మ యతులనుదుట
_x000D_
తోయజాక్షు లుండ దోషంబు లంటునా
_x000D_
విశ్వదాభిరామ వినర వేమ.",vupajaathi,Vemana,"[('కూ', 'U'), ('డు', '|'), ('చీ', 'U'), ('ర', '|'), ('బా', 'U'), ('సి', '|'), ('గు', 'U'), ('ళ్ళ', '|'), ('పం', 'U'), ('చ', '|'), ('ల', '|'), ('బ', '|'), ('డు', '|'), ('న', 'U'), ('ట్లు', '|'), ('వ్రా', 'U'), ('సె', '|'), ('బ్ర', 'U'), ('హ్మ', '|'), ('య', '|'), ('తు', '|'), ('ల', '|'), ('ను', '|'), ('దు', '|'), ('ట', '|'), ('తో', 'U'), ('య', '|'), ('జా', 'U'), ('క్షు', '|'), ('లుం', 'U'), ('డ', '|'), ('దో', 'U'), ('షం', 'U'), ('బు', '|'), ('లం', 'U'), ('టు', '|'), ('నా', 'U'), ('వి', 'U'), ('శ్వ', '|'), ('దా', 'U'), ('భి', '|'), ('రా', 'U'), ('మ', '|'), ('వి', '|'), ('న', '|'), ('ర', '|'), ('వే', 'U'), ('మ', '|')]",0.9166666666666666,-1.0,1.0,1.0,0.75,-1.0
aataveladi,"_x000D_
కుంటికుక్క కేల కుందేటిపరువులు
_x000D_
పిరికిబంటుకేల బిరుదుగొడుగు
_x000D_
ముసలిముండ కేల ముసిముసినవ్వులు
_x000D_
విశ్వదాభిరామ వినర వేమ.",vupajaathi,Vemana,"[('కుం', 'U'), ('టి', '|'), ('కు', 'U'), ('క్క', '|'), ('కే', 'U'), ('ల', '|'), ('కుం', 'U'), ('దే', 'U'), ('టి', '|'), ('ప', '|'), ('రు', '|'), ('వు', '|'), ('లు', '|'), ('పి', '|'), ('రి', '|'), ('కి', '|'), ('బం', 'U'), ('టు', '|'), ('కే', 'U'), ('ల', '|'), ('బి', '|'), ('రు', '|'), ('దు', '|'), ('గొ', '|'), ('డు', '|'), ('గు', '|'), ('ము', '|'), ('స', '|'), ('లి', '|'), ('ముం', 'U'), ('డ', '|'), ('కే', 'U'), ('ల', '|'), ('ము', '|'), ('సి', '|'), ('ము', '|'), ('సి', '|'), ('న', 'U'), ('వ్వు', '|'), ('లు', '|'), ('వి', 'U'), ('శ్వ', '|'), ('దా', 'U'), ('భి', '|'), ('రా', 'U'), ('మ', '|'), ('వి', '|'), ('న', '|'), ('ర', '|'), ('వే', 'U'), ('మ', '|')]",1.0,-1.0,1.0,1.0,1.0,-1.0
aataveladi,"_x000D_
ఎంతభూమి దిరిగి యేపాటు పడుచున్న
_x000D_
నంటనీకప్రాప్తి వెంటదిరుగు
_x000D_
భూమిక్రొత్తదైన భోక్తలుక్రొత్తలా
_x000D_
విశ్వదాభిరామ వినర వేమ.",vupajaathi,Vemana,"[('ఎం', 'U'), ('త', '|'), ('భూ', 'U'), ('మి', '|'), ('ది', '|'), ('రి', '|'), ('గి', '|'), ('యే', 'U'), ('పా', 'U'), ('టు', '|'), ('ప', '|'), ('డు', '|'), ('చు', 'U'), ('న్న', '|'), ('నం', 'U'), ('ట', '|'), ('నీ', 'U'), ('క', '|'), ('ప్రా', 'U'), ('ప్తి', '|'), ('వెం', 'U'), ('ట', '|'), ('ది', '|'), ('రు', '|'), ('గు', '|'), ('భూ', 'U'), ('మి', '|'), ('క్రొ', 'U'), ('త్త', '|'), ('దై', 'U'), ('న', '|'), ('భో', 'U'), ('క్త', '|'), ('లు', '|'), ('క్రొ', 'U'), ('త్త', '|'), ('లా', 'U'), ('వి', 'U'), ('శ్వ', '|'), ('దా', 'U'), ('భి', '|'), ('రా', 'U'), ('మ', '|'), ('వి', '|'), ('న', '|'), ('ర', '|'), ('వే', 'U'), ('మ', '|')]",0.9166666666666666,-1.0,1.0,1.0,0.75,-1.0
aataveladi,"_x000D_
పరఁగ జలకమాడి పట్టెనామముదీర్చి
_x000D_
నీరుకావిపంచె నెగడఁగట్టి
_x000D_
వారకాంతఁజూచి వ్రతమెల్ల మఱచురా
_x000D_
విశ్వదాభిరామ వినర వేమ.",vupajaathi,Vemana,"[('ప', '|'), ('ర', '|'), ('గ', '|'), ('జ', '|'), ('ల', '|'), ('క', '|'), ('మా', 'U'), ('డి', '|'), ('ప', 'U'), ('ట్టె', '|'), ('నా', 'U'), ('మ', '|'), ('ము', '|'), ('దీ', 'U'), ('ర్చి', '|'), ('నీ', 'U'), ('రు', '|'), ('కా', 'U'), ('వి', '|'), ('పం', 'U'), ('చె', '|'), ('నె', '|'), ('గ', '|'), ('డ', '|'), ('గ', 'U'), ('ట్టి', '|'), ('వా', 'U'), ('ర', '|'), ('కాం', 'U'), ('త', '|'), ('జూ', 'U'), ('చి', '|'), ('వ్ర', '|'), ('త', '|'), ('మె', 'U'), ('ల్ల', '|'), ('మ', '|'), ('ఱ', '|'), ('చు', '|'), ('రా', 'U'), ('వి', 'U'), ('శ్వ', '|'), ('దా', 'U'), ('భి', '|'), ('రా', 'U'), ('మ', '|'), ('వి', '|'), ('న', '|'), ('ర', '|'), ('వే', 'U'), ('మ', '|')]",1.0,-1.0,1.0,1.0,1.0,-1.0
aataveladi,"_x000D_
మనసు నిల్పలేని మాయావిరక్తులు
_x000D_
మనసుపడుదు రొక్క మగువమీదఁ
_x000D_
నిట్టివ్యర్థజన్మ మీ బ్రతుకేటికి
_x000D_
విశ్వదాభిరామ వినర వేమ.",vupajaathi,Vemana,"[('మ', '|'), ('న', '|'), ('సు', '|'), ('ని', 'U'), ('ల్ప', '|'), ('లే', 'U'), ('ని', '|'), ('మా', 'U'), ('యా', 'U'), ('వి', '|'), ('ర', 'U'), ('క్తు', '|'), ('లు', '|'), ('మ', '|'), ('న', '|'), ('సు', '|'), ('ప', '|'), ('డు', '|'), ('దు', '|'), ('రొ', 'U'), ('క్క', '|'), ('మ', '|'), ('గు', '|'), ('వ', '|'), ('మీ', 'U'), ('ద', '|'), ('ని', 'U'), ('ట్టి', 'U'), ('వ్య', 'U'), ('ర్థ', '|'), ('జ', 'U'), ('న్మ', '|'), ('మీ', 'U'), ('బ్ర', '|'), ('తు', '|'), ('కే', 'U'), ('టి', '|'), ('కి', '|'), ('వి', 'U'), ('శ్వ', '|'), ('దా', 'U'), ('భి', '|'), ('రా', 'U'), ('మ', '|'), ('వి', '|'), ('న', '|'), ('ర', '|'), ('వే', 'U'), ('మ', '|')]",0.7333333333333334,-1.0,1.0,0.7,0.5,-1.0
aataveladi,"_x000D_
తొడలమెఱుపుసొంపు తోరంపుకుచములు
_x000D_
వారకొప్పుగలుగు వనితఁజూచి
_x000D_
విటుఁడు నిలుచుటెట్లు విరహాగ్ని కొగ్గును
_x000D_
విశ్వదాభిరామ వినర వేమ.",vupajaathi,Vemana,"[('తొ', '|'), ('డ', '|'), ('ల', '|'), ('మె', '|'), ('ఱు', '|'), ('పు', '|'), ('సొం', 'U'), ('పు', '|'), ('తో', 'U'), ('రం', 'U'), ('పు', '|'), ('కు', '|'), ('చ', '|'), ('ము', '|'), ('లు', '|'), ('వా', 'U'), ('ర', '|'), ('కొ', 'U'), ('ప్పు', '|'), ('గ', '|'), ('లు', '|'), ('గు', '|'), ('వ', '|'), ('ని', '|'), ('త', '|'), ('జూ', 'U'), ('చి', '|'), ('వి', '|'), ('టు', '|'), ('డు', '|'), ('ని', '|'), ('లు', '|'), ('చు', '|'), ('టె', 'U'), ('ట్లు', '|'), ('వి', '|'), ('ర', '|'), ('హా', 'U'), ('గ్ని', '|'), ('కొ', 'U'), ('గ్గు', '|'), ('ను', '|'), ('వి', 'U'), ('శ్వ', '|'), ('దా', 'U'), ('భి', '|'), ('రా', 'U'), ('మ', '|'), ('వి', '|'), ('న', '|'), ('ర', '|'), ('వే', 'U'), ('మ', '|')]",1.0,-1.0,1.0,1.0,1.0,-1.0
aataveladi,"_x000D_
కాశినీళ్ళు మోసి కాళ్లు మొగము వాచి
_x000D_
యెందు సుఖము లేక యెండి యెండి
_x000D_
చచ్చివెనుక ముక్తి సాధించఁగలరొకో
_x000D_
విశ్వదాభిరామ వినర వేమ.",vupajaathi,Vemana,"[('కా', 'U'), ('శి', '|'), ('నీ', 'U'), ('ళ్ళు', '|'), ('మో', 'U'), ('సి', '|'), ('కా', 'U'), ('ళ్లు', '|'), ('మొ', '|'), ('గ', '|'), ('ము', '|'), ('వా', 'U'), ('చి', '|'), ('యెం', 'U'), ('దు', '|'), ('సు', '|'), ('ఖ', '|'), ('ము', '|'), ('లే', 'U'), ('క', '|'), ('యెం', 'U'), ('డి', '|'), ('యెం', 'U'), ('డి', '|'), ('చ', 'U'), ('చ్చి', '|'), ('వె', '|'), ('ను', '|'), ('క', '|'), ('ము', 'U'), ('క్తి', '|'), ('సా', 'U'), ('ధిం', 'U'), ('చ', '|'), ('గ', '|'), ('ల', '|'), ('రొ', '|'), ('కో', 'U'), ('వి', 'U'), ('శ్వ', '|'), ('దా', 'U'), ('భి', '|'), ('రా', 'U'), ('మ', '|'), ('వి', '|'), ('న', '|'), ('ర', '|'), ('వే', 'U'), ('మ', '|')]",1.0,-1.0,1.0,1.0,1.0,-1.0
aataveladi,"_x000D_
దేశదేశములను దిరిగిగాసిలినొంద
_x000D_
నాత్మయందు ధ్యాన మంటుకొనునె
_x000D_
కాసులకును దిరుగఁ గలుగునా మోక్షంబు
_x000D_
విశ్వదాభిరామ వినర వేమ.",vupajaathi,Vemana,"[('దే', 'U'), ('శ', '|'), ('దే', 'U'), ('శ', '|'), ('ము', '|'), ('ల', '|'), ('ను', '|'), ('ది', '|'), ('రి', '|'), ('గి', '|'), ('గా', 'U'), ('సి', '|'), ('లి', '|'), ('నొం', 'U'), ('ద', '|'), ('నా', 'U'), ('త్మ', '|'), ('యం', 'U'), ('దు', 'U'), ('ధ్యా', 'U'), ('న', '|'), ('మం', 'U'), ('టు', '|'), ('కొ', '|'), ('ను', '|'), ('నె', '|'), ('కా', 'U'), ('సు', '|'), ('ల', '|'), ('కు', '|'), ('ను', '|'), ('ది', '|'), ('రు', '|'), ('గ', '|'), ('గ', '|'), ('లు', '|'), ('గు', '|'), ('నా', 'U'), ('మో', 'U'), ('క్షం', 'U'), ('బు', '|'), ('వి', 'U'), ('శ్వ', '|'), ('దా', 'U'), ('భి', '|'), ('రా', 'U'), ('మ', '|'), ('వి', '|'), ('న', '|'), ('ర', '|'), ('వే', 'U'), ('మ', '|')]",0.65,-1.0,1.0,0.7,0.25,-1.0
aataveladi,"_x000D_
కచ్చమీఁద నాస కనకంబుపై నాస
_x000D_
లేనివాఁడు పుడమి లేనివాఁడు
_x000D_
కలిగెనేని యతఁడు గానంగ రాఁడయా
_x000D_
విశ్వదాభిరామ వినర వేమ.",vupajaathi,Vemana,"[('క', 'U'), ('చ్చ', '|'), ('మీ', 'U'), ('ద', '|'), ('నా', 'U'), ('స', '|'), ('క', '|'), ('న', '|'), ('కం', 'U'), ('బు', '|'), ('పై', 'U'), ('నా', 'U'), ('స', '|'), ('లే', 'U'), ('ని', '|'), ('వా', 'U'), ('డు', '|'), ('పు', '|'), ('డ', '|'), ('మి', '|'), ('లే', 'U'), ('ని', '|'), ('వా', 'U'), ('డు', '|'), ('క', '|'), ('లి', '|'), ('గె', '|'), ('నే', 'U'), ('ని', '|'), ('య', '|'), ('త', '|'), ('డు', '|'), ('గా', 'U'), ('నం', 'U'), ('గ', '|'), ('రా', 'U'), ('డ', '|'), ('యా', 'U'), ('వి', 'U'), ('శ్వ', '|'), ('దా', 'U'), ('భి', '|'), ('రా', 'U'), ('మ', '|'), ('వి', '|'), ('న', '|'), ('ర', '|'), ('వే', 'U'), ('మ', '|')]",1.0,-1.0,1.0,1.0,1.0,-1.0
aataveladi,"_x000D_
వలపు తీఱువెనుక వనజాక్షి యధరంబు
_x000D_
ములకపంటిగిజరు ముష్టిరసము
_x000D_
చింతలేనివేళ జీడిసమానమౌ
_x000D_
విశ్వదాభిరామ వినర వేమ.",vupajaathi,Vemana,"[('వ', '|'), ('ల', '|'), ('పు', '|'), ('తీ', 'U'), ('ఱు', '|'), ('వె', '|'), ('ను', '|'), ('క', '|'), ('వ', '|'), ('న', '|'), ('జా', 'U'), ('క్షి', '|'), ('య', '|'), ('ధ', '|'), ('రం', 'U'), ('బు', '|'), ('ము', '|'), ('ల', '|'), ('క', '|'), ('పం', 'U'), ('టి', '|'), ('గి', '|'), ('జ', '|'), ('రు', '|'), ('ము', 'U'), ('ష్టి', '|'), ('ర', '|'), ('స', '|'), ('ము', '|'), ('చిం', 'U'), ('త', '|'), ('లే', 'U'), ('ని', '|'), ('వే', 'U'), ('ళ', '|'), ('జీ', 'U'), ('డి', '|'), ('స', '|'), ('మా', 'U'), ('న', '|'), ('మౌ', 'U'), ('వి', 'U'), ('శ్వ', '|'), ('దా', 'U'), ('భి', '|'), ('రా', 'U'), ('మ', '|'), ('వి', '|'), ('న', '|'), ('ర', '|'), ('వే', 'U'), ('మ', '|')]",1.0,-1.0,1.0,1.0,1.0,-1.0
aataveladi,"_x000D_
చదువులెల్ల చదివి సర్వజ్ఞుఁడై యుండు
_x000D_
బ్రహ్మవిద్యలెల్ల పదటఁ గలిపి
_x000D_
యిఱుకుయోనిఁ జూచి పరమయోగము మాను
_x000D_
విశ్వదాభిరామ వినర వేమ.",vupajaathi,Vemana,"[('చ', '|'), ('దు', '|'), ('వు', '|'), ('లె', 'U'), ('ల్ల', '|'), ('చ', '|'), ('ది', '|'), ('వి', '|'), ('స', 'U'), ('ర్వ', 'U'), ('జ్ఞు', '|'), ('డై', 'U'), ('యుం', 'U'), ('డు', '|'), ('బ్ర', 'U'), ('హ్మ', '|'), ('వి', 'U'), ('ద్య', '|'), ('లె', 'U'), ('ల్ల', '|'), ('ప', '|'), ('ద', '|'), ('ట', '|'), ('గ', '|'), ('లి', '|'), ('పి', '|'), ('యి', '|'), ('ఱు', '|'), ('కు', '|'), ('యో', 'U'), ('ని', '|'), ('జూ', 'U'), ('చి', '|'), ('ప', '|'), ('ర', '|'), ('మ', '|'), ('యో', 'U'), ('గ', '|'), ('ము', '|'), ('మా', 'U'), ('ను', '|'), ('వి', 'U'), ('శ్వ', '|'), ('దా', 'U'), ('భి', '|'), ('రా', 'U'), ('మ', '|'), ('వి', '|'), ('న', '|'), ('ర', '|'), ('వే', 'U'), ('మ', '|')]",0.9166666666666666,-1.0,1.0,1.0,0.75,-1.0
kandamu,"_x000D_
తాము నిలుచుచోట దైవములేదని
_x000D_
పామర జనులు తిరుపతులు దిరిగి
_x000D_
జోకవీడి చేతిసొమ్మెలఁ బోఁజేసి
_x000D_
చెడిగృహంబు తాను జేరు వేమ.",jaathi,Vemana,"[('తా', 'U'), ('ము', '|'), ('ని', '|'), ('లు', '|'), ('చు', '|'), ('చో', 'U'), ('ట', '|'), ('దై', 'U'), ('వ', '|'), ('ము', '|'), ('లే', 'U'), ('ద', '|'), ('ని', '|'), ('పా', 'U'), ('మ', '|'), ('ర', '|'), ('జ', '|'), ('ను', '|'), ('లు', '|'), ('తి', '|'), ('రు', '|'), ('ప', '|'), ('తు', '|'), ('లు', '|'), ('ది', '|'), ('రి', '|'), ('గి', '|'), ('జో', 'U'), ('క', '|'), ('వీ', 'U'), ('డి', '|'), ('చే', 'U'), ('తి', '|'), ('సొ', 'U'), ('మ్మె', '|'), ('ల', '|'), ('బో', 'U'), ('జే', 'U'), ('సి', '|'), ('చె', '|'), ('డి', '|'), ('గృ', '|'), ('హం', 'U'), ('బు', '|'), ('తా', 'U'), ('ను', '|'), ('జే', 'U'), ('రు', '|'), ('వే', 'U'), ('మ', '|')]",0.421875,-1.0,1.0,0.4375,0.0,0.25
aataveladi,"_x000D_
కాశిమధురకాంచి గయప్రయాగము సేతు
_x000D_
వాస తోడ వీని నాత్మఁ జూచి
_x000D_
వాసనను దెలియఁడు వట్టివెఱ్ఱివిధంబు
_x000D_
విశ్వదాభిరామ వినర వేమ.",vupajaathi,Vemana,"[('కా', 'U'), ('శి', '|'), ('మ', '|'), ('ధు', '|'), ('ర', '|'), ('కాం', 'U'), ('చి', '|'), ('గ', '|'), ('య', '|'), ('ప్ర', '|'), ('యా', 'U'), ('గ', '|'), ('ము', '|'), ('సే', 'U'), ('తు', '|'), ('వా', 'U'), ('స', '|'), ('తో', 'U'), ('డ', '|'), ('వీ', 'U'), ('ని', '|'), ('నా', 'U'), ('త్మ', '|'), ('జూ', 'U'), ('చి', '|'), ('వా', 'U'), ('స', '|'), ('న', '|'), ('ను', '|'), ('దె', '|'), ('లి', '|'), ('య', '|'), ('డు', '|'), ('వ', 'U'), ('ట్టి', '|'), ('వె', 'U'), ('ఱ్ఱి', '|'), ('వి', '|'), ('ధం', 'U'), ('బు', '|'), ('వి', 'U'), ('శ్వ', '|'), ('దా', 'U'), ('భి', '|'), ('రా', 'U'), ('మ', '|'), ('వి', '|'), ('న', '|'), ('ర', '|'), ('వే', 'U'), ('మ', '|')]",0.9166666666666666,-1.0,1.0,1.0,0.75,-1.0
aataveladi,"_x000D_
చదువు చదువ నేల సన్యాసి గానేల
_x000D_
షణ్మతములఁజిక్కి చావ నేల
_x000D_
అతని భజనఁజేసి యాత్మలోఁ దెలియుఁడీ
_x000D_
విశ్వదాభిరామ వినర వేమ.",vupajaathi,Vemana,"[('చ', '|'), ('దు', '|'), ('వు', '|'), ('చ', '|'), ('దు', '|'), ('వ', '|'), ('నే', 'U'), ('ల', '|'), ('స', 'U'), ('న్యా', 'U'), ('సి', '|'), ('గా', 'U'), ('నే', 'U'), ('ల', '|'), ('ష', 'U'), ('ణ్మ', '|'), ('త', '|'), ('ము', '|'), ('ల', '|'), ('జి', 'U'), ('క్కి', '|'), ('చా', 'U'), ('వ', '|'), ('నే', 'U'), ('ల', '|'), ('అ', '|'), ('త', '|'), ('ని', '|'), ('భ', '|'), ('జ', '|'), ('న', '|'), ('జే', 'U'), ('సి', '|'), ('యా', 'U'), ('త్మ', '|'), ('లో', 'U'), ('దె', '|'), ('లి', '|'), ('యు', '|'), ('డీ', 'U'), ('వి', 'U'), ('శ్వ', '|'), ('దా', 'U'), ('భి', '|'), ('రా', 'U'), ('మ', '|'), ('వి', '|'), ('న', '|'), ('ర', '|'), ('వే', 'U'), ('మ', '|')]",1.0,-1.0,1.0,1.0,1.0,-1.0
aataveladi,"_x000D_
మనములోనఁ బుట్టు మఱికోర్కులన్నియు
_x000D_
కోర్కులందు ముక్తి కుదురుపడదు
_x000D_
మనము బ్రహ్మమనుచు మదినెఱుంగఁగ లేరు
_x000D_
విశ్వదాభిరామ వినర వేమ.",vupajaathi,Vemana,"[('మ', '|'), ('న', '|'), ('ము', '|'), ('లో', 'U'), ('న', '|'), ('బు', 'U'), ('ట్టు', '|'), ('మ', '|'), ('ఱి', '|'), ('కో', 'U'), ('ర్కు', '|'), ('ల', 'U'), ('న్ని', '|'), ('యు', '|'), ('కో', 'U'), ('ర్కు', '|'), ('లం', 'U'), ('దు', '|'), ('ము', 'U'), ('క్తి', '|'), ('కు', '|'), ('దు', '|'), ('రు', '|'), ('ప', '|'), ('డ', '|'), ('దు', '|'), ('మ', '|'), ('న', '|'), ('ము', '|'), ('బ్ర', 'U'), ('హ్మ', '|'), ('మ', '|'), ('ను', '|'), ('చు', '|'), ('మ', '|'), ('ది', '|'), ('నె', '|'), ('ఱుం', 'U'), ('గ', '|'), ('గ', '|'), ('లే', 'U'), ('రు', '|'), ('వి', 'U'), ('శ్వ', '|'), ('దా', 'U'), ('భి', '|'), ('రా', 'U'), ('మ', '|'), ('వి', '|'), ('న', '|'), ('ర', '|'), ('వే', 'U'), ('మ', '|')]",1.0,-1.0,1.0,1.0,1.0,-1.0
aataveladi,"_x000D_
చదువులన్ని చదివి చాలవివేకియౌ
_x000D_
కపటికెన్న నెట్లు కలుగుముక్తి
_x000D_
దాలిగుంటఁగుక్క తలఁచిన చందము
_x000D_
విశ్వదాభిరామ వినర వేమ.",vupajaathi,Vemana,"[('చ', '|'), ('దు', '|'), ('వు', '|'), ('ల', 'U'), ('న్ని', '|'), ('చ', '|'), ('ది', '|'), ('వి', '|'), ('చా', 'U'), ('ల', '|'), ('వి', '|'), ('వే', 'U'), ('కి', '|'), ('యౌ', 'U'), ('క', '|'), ('ప', '|'), ('టి', '|'), ('కె', 'U'), ('న్న', '|'), ('నె', 'U'), ('ట్లు', '|'), ('క', '|'), ('లు', '|'), ('గు', '|'), ('ము', 'U'), ('క్తి', '|'), ('దా', 'U'), ('లి', '|'), ('గుం', 'U'), ('ట', '|'), ('గు', 'U'), ('క్క', '|'), ('త', '|'), ('ల', '|'), ('చి', '|'), ('న', '|'), ('చం', 'U'), ('ద', '|'), ('ము', '|'), ('వి', 'U'), ('శ్వ', '|'), ('దా', 'U'), ('భి', '|'), ('రా', 'U'), ('మ', '|'), ('వి', '|'), ('న', '|'), ('ర', '|'), ('వే', 'U'), ('మ', '|')]",1.0,-1.0,1.0,1.0,1.0,-1.0
aataveladi,"_x000D_
తఱచు చదువు చదువఁ దర్కవాదమె కాని
_x000D_
దివ్యజ్ఞాన మన్న తేటపడదు
_x000D_
పసిరికాయపురుగు పగిదిని చెడిపోవు
_x000D_
విశ్వదాభిరామ వినర వేమ.",vupajaathi,Vemana,"[('త', '|'), ('ఱ', '|'), ('చు', '|'), ('చ', '|'), ('దు', '|'), ('వు', '|'), ('చ', '|'), ('దు', '|'), ('వ', '|'), ('ద', 'U'), ('ర్క', '|'), ('వా', 'U'), ('ద', '|'), ('మె', '|'), ('కా', 'U'), ('ని', '|'), ('ది', 'U'), ('వ్య', 'U'), ('జ్ఞా', 'U'), ('న', '|'), ('మ', 'U'), ('న్న', '|'), ('తే', 'U'), ('ట', '|'), ('ప', '|'), ('డ', '|'), ('దు', '|'), ('ప', '|'), ('సి', '|'), ('రి', '|'), ('కా', 'U'), ('య', '|'), ('పు', '|'), ('రు', '|'), ('గు', '|'), ('ప', '|'), ('గి', '|'), ('ది', '|'), ('ని', '|'), ('చె', '|'), ('డి', '|'), ('పో', 'U'), ('వు', '|'), ('వి', 'U'), ('శ్వ', '|'), ('దా', 'U'), ('భి', '|'), ('రా', 'U'), ('మ', '|'), ('వి', '|'), ('న', '|'), ('ర', '|'), ('వే', 'U'), ('మ', '|')]",0.65,-1.0,1.0,0.7,0.25,-1.0
teytageethi,"_x000D_
అవని వేమన్న చెప్పిన యాత్మబుద్ధిఁ
_x000D_
దెలియలేనట్టి యజ్ఞాని తేజమెల్ల
_x000D_
తలనుఁ బాసిన వెంట్రుకవలెను జూడ
_x000D_
భుక్తి ముక్తులు హీనమైపోవు వేమ.",vupajaathi,Vemana,"[('అ', '|'), ('వ', '|'), ('ని', '|'), ('వే', 'U'), ('మ', 'U'), ('న్న', '|'), ('చె', 'U'), ('ప్పి', '|'), ('న', '|'), ('యా', 'U'), ('త్మ', '|'), ('బు', 'U'), ('ద్ధి', '|'), ('దె', '|'), ('లి', '|'), ('య', '|'), ('లే', 'U'), ('న', 'U'), ('ట్టి', '|'), ('య', 'U'), ('జ్ఞా', 'U'), ('ని', '|'), ('తే', 'U'), ('జ', '|'), ('మె', 'U'), ('ల్ల', '|'), ('త', '|'), ('ల', '|'), ('ను', '|'), ('బా', 'U'), ('సి', '|'), ('న', '|'), ('వెం', 'U'), ('ట్రు', '|'), ('క', '|'), ('వ', '|'), ('లె', '|'), ('ను', '|'), ('జూ', 'U'), ('డ', '|'), ('భు', 'U'), ('క్తి', '|'), ('ము', 'U'), ('క్తు', '|'), ('లు', '|'), ('హీ', 'U'), ('న', '|'), ('మై', 'U'), ('పో', 'U'), ('వు', '|'), ('వే', 'U'), ('మ', '|')]",1.0,-1.0,1.0,1.0,1.0,-1.0
aataveladi,"_x000D_
ఇట్టి సాధువిద్య యెందులేదని చూచి
_x000D_
గాఢవిద్య నేర్చి కానలేక
_x000D_
సాధుసజ్జనముల సాంగత్యమెఱుఁగక
_x000D_
బాధపడుదురు తుది పరులు వేమ.",vupajaathi,Vemana,"[('ఇ', 'U'), ('ట్టి', '|'), ('సా', 'U'), ('ధు', '|'), ('వి', 'U'), ('ద్య', '|'), ('యెం', 'U'), ('దు', '|'), ('లే', 'U'), ('ద', '|'), ('ని', '|'), ('చూ', 'U'), ('చి', '|'), ('గా', 'U'), ('ఢ', '|'), ('వి', 'U'), ('ద్య', '|'), ('నే', 'U'), ('ర్చి', '|'), ('కా', 'U'), ('న', '|'), ('లే', 'U'), ('క', '|'), ('సా', 'U'), ('ధు', '|'), ('స', 'U'), ('జ్జ', '|'), ('న', '|'), ('ము', '|'), ('ల', '|'), ('సాం', 'U'), ('గ', 'U'), ('త్య', '|'), ('మె', '|'), ('ఱు', '|'), ('గ', '|'), ('క', '|'), ('బా', 'U'), ('ధ', '|'), ('ప', '|'), ('డు', '|'), ('దు', '|'), ('రు', '|'), ('తు', '|'), ('ది', '|'), ('ప', '|'), ('రు', '|'), ('లు', '|'), ('వే', 'U'), ('మ', '|')]",0.9166666666666666,-1.0,1.0,1.0,0.75,-1.0
aataveladi,"_x000D_
ఇదియ పరమటంచు నితరచింతలు వీడి
_x000D_
మనసుఁ జెదరనీక మట్టుపఱచి
_x000D_
కొదువలేక నిలువ కోర్కెలు ఫలియించు
_x000D_
మనసులోన నుండు మహిమ వేమ.",vupajaathi,Vemana,"[('ఇ', '|'), ('ది', '|'), ('య', '|'), ('ప', '|'), ('ర', '|'), ('మ', '|'), ('టం', 'U'), ('చు', '|'), ('ని', '|'), ('త', '|'), ('ర', '|'), ('చిం', 'U'), ('త', '|'), ('లు', '|'), ('వీ', 'U'), ('డి', '|'), ('మ', '|'), ('న', '|'), ('సు', '|'), ('జె', '|'), ('ద', '|'), ('ర', '|'), ('నీ', 'U'), ('క', '|'), ('మ', 'U'), ('ట్టు', '|'), ('ప', '|'), ('ఱ', '|'), ('చి', '|'), ('కొ', '|'), ('దు', '|'), ('వ', '|'), ('లే', 'U'), ('క', '|'), ('ని', '|'), ('లు', '|'), ('వ', '|'), ('కో', 'U'), ('ర్కె', '|'), ('లు', '|'), ('ఫ', '|'), ('లి', '|'), ('యిం', 'U'), ('చు', '|'), ('మ', '|'), ('న', '|'), ('సు', '|'), ('లో', 'U'), ('న', '|'), ('నుం', 'U'), ('డు', '|'), ('మ', '|'), ('హి', '|'), ('మ', '|'), ('వే', 'U'), ('మ', '|')]",0.9166666666666666,-1.0,1.0,1.0,0.75,-1.0
vutpalamaala,"శ్రీసతి నీల జాంబవతి శ్రీయమునాసతి సత్యభామ ధా
త్రీసతి రుక్మిణీరమణి దేవియిలాసతి వీర లందఱు\న్‌
జేసినసేవ చేసెదను జేకొను శ్రీయలమేలుమంగ నీ
మూసినముత్యమై యురము ముంగిటఁ జెంగట వేంకటేశ్వరా!",vruttamu,Venkateswara,"[('శ్రీ', 'U'), ('స', '|'), ('తి', '|'), ('నీ', 'U'), ('ల', '|'), ('జాం', 'U'), ('బ', '|'), ('వ', '|'), ('తి', '|'), ('శ్రీ', 'U'), ('య', '|'), ('ము', '|'), ('నా', 'U'), ('స', '|'), ('తి', '|'), ('స', 'U'), ('త్య', '|'), ('భా', 'U'), ('మ', '|'), ('ధా', 'U'), ('త్రీ', 'U'), ('స', '|'), ('తి', '|'), ('రు', 'U'), ('క్మి', '|'), ('ణీ', 'U'), ('ర', '|'), ('మ', '|'), ('ణి', '|'), ('దే', 'U'), ('వి', '|'), ('యి', '|'), ('లా', 'U'), ('స', '|'), ('తి', '|'), ('వీ', 'U'), ('ర', '|'), ('లం', 'U'), ('ద', '|'), ('ఱున్', 'U'), ('జే', 'U'), ('సి', '|'), ('న', '|'), ('సే', 'U'), ('వ', '|'), ('చే', 'U'), ('సె', '|'), ('ద', '|'), ('ను', '|'), ('జే', 'U'), ('కొ', '|'), ('ను', '|'), ('శ్రీ', 'U'), ('య', '|'), ('ల', '|'), ('మే', 'U'), ('లు', '|'), ('మం', 'U'), ('గ', '|'), ('నీ', 'U'), ('మూ', 'U'), ('సి', '|'), ('న', '|'), ('ము', 'U'), ('త్య', '|'), ('మై', 'U'), ('యు', '|'), ('ర', '|'), ('ము', '|'), ('ముం', 'U'), ('గి', '|'), ('ట', '|'), ('జెం', 'U'), ('గ', '|'), ('ట', '|'), ('వేం', 'U'), ('క', '|'), ('టే', 'U'), ('శ్వ', '|'), ('రా', 'U')]",1.0,1.0,1.0,1.0,1.0,1.0
vutpalamaala,"కన్నులుగల్గి కొమ్మ నిను గప్పముఁ జేకొన లేఁతనవ్వు నీ
కెన్నఁడు మోవి నిచ్చినదో యేగతి మెచ్చితో యెట్టులుండెనో
యన్నిట, నేనెజాణ నని యుందువు శ్రీయలమేలుమంగకే
మన్నన నెట్టు లిచ్చితివో మాటలఁ జిక్కవు వేంకటేశ్వరా!",vruttamu,Venkateswara,"[('క', 'U'), ('న్ను', '|'), ('లు', '|'), ('గ', 'U'), ('ల్గి', '|'), ('కొ', 'U'), ('మ్మ', '|'), ('ని', '|'), ('ను', '|'), ('గ', 'U'), ('ప్ప', '|'), ('ము', '|'), ('జే', 'U'), ('కొ', '|'), ('న', '|'), ('లే', 'U'), ('త', '|'), ('న', 'U'), ('వ్వు', '|'), ('నీ', 'U'), ('కె', 'U'), ('న్న', '|'), ('డు', '|'), ('మో', 'U'), ('వి', '|'), ('ని', 'U'), ('చ్చి', '|'), ('న', '|'), ('దో', 'U'), ('యే', 'U'), ('గ', '|'), ('తి', '|'), ('మె', 'U'), ('చ్చి', '|'), ('తో', 'U'), ('యె', 'U'), ('ట్టు', '|'), ('లుం', 'U'), ('డె', '|'), ('నో', 'U'), ('య', 'U'), ('న్ని', '|'), ('ట', '|'), ('నే', 'U'), ('నె', '|'), ('జా', 'U'), ('ణ', '|'), ('న', '|'), ('ని', '|'), ('యుం', 'U'), ('దు', '|'), ('వు', '|'), ('శ్రీ', 'U'), ('య', '|'), ('ల', '|'), ('మే', 'U'), ('లు', '|'), ('మం', 'U'), ('గ', '|'), ('కే', 'U'), ('మ', 'U'), ('న్న', '|'), ('న', '|'), ('నె', 'U'), ('ట్టు', '|'), ('లి', 'U'), ('చ్చి', '|'), ('తి', '|'), ('వో', 'U'), ('మా', 'U'), ('ట', '|'), ('ల', '|'), ('జి', 'U'), ('క్క', '|'), ('వు', '|'), ('వేం', 'U'), ('క', '|'), ('టే', 'U'), ('శ్వ', '|'), ('రా', 'U')]",0.8785714285714284,1.0,1.0,0.8928571428571429,0.5,1.0
champakamaala,"కిలకిల నవ్వు నవ్వి తిలకించితి మంచి సుధారసంబు నీ
పలుకులతేనెలన్‌ విభునిఁ బట్టముఁ గట్టితి నీదుకౌఁగిట\న్‌
వలదని చెప్పినన్‌ వినవు వద్దు సుమీ యలమేలుమంగ నీ
కెలవు లటంచు నెచ్చెలులు కీర్తన సేతురు వేంకటేశ్వరా!",vruttamu,Venkateswara,"[('కి', '|'), ('ల', '|'), ('కి', '|'), ('ల', '|'), ('న', 'U'), ('వ్వు', '|'), ('న', 'U'), ('వ్వి', '|'), ('తి', '|'), ('ల', '|'), ('కిం', 'U'), ('చి', '|'), ('తి', '|'), ('మం', 'U'), ('చి', '|'), ('సు', '|'), ('ధా', 'U'), ('ర', '|'), ('సం', 'U'), ('బు', '|'), ('నీ', 'U'), ('ప', '|'), ('లు', '|'), ('కు', '|'), ('ల', '|'), ('తే', 'U'), ('నె', '|'), ('ల', 'U'), ('న్వి', '|'), ('భు', '|'), ('ని', '|'), ('బ', 'U'), ('ట్ట', '|'), ('ము', '|'), ('గ', 'U'), ('ట్టి', '|'), ('తి', '|'), ('నీ', 'U'), ('దు', '|'), ('కౌ', 'U'), ('గి', '|'), ('టన్', 'U'), ('వ', '|'), ('ల', '|'), ('ద', '|'), ('ని', '|'), ('చె', 'U'), ('ప్పి', '|'), ('న', 'U'), ('న్వి', '|'), ('న', '|'), ('వు', '|'), ('వ', 'U'), ('ద్దు', '|'), ('సు', '|'), ('మీ', 'U'), ('య', '|'), ('ల', '|'), ('మే', 'U'), ('లు', '|'), ('మం', 'U'), ('గ', '|'), ('నీ', 'U'), ('కె', '|'), ('ల', '|'), ('వు', '|'), ('ల', '|'), ('టం', 'U'), ('చు', '|'), ('నె', 'U'), ('చ్చె', '|'), ('లు', '|'), ('లు', '|'), ('కీ', 'U'), ('ర్త', '|'), ('న', '|'), ('సే', 'U'), ('తు', '|'), ('రు', '|'), ('వేం', 'U'), ('క', '|'), ('టే', 'U'), ('శ్వ', '|'), ('రా', 'U')]",1.0,1.0,1.0,1.0,1.0,1.0
vutpalamaala,"నీవును దాను గూడెఁ దరుణీమణి శ్రీయలమేలుమంగ నా
నావిధవైభవంబుల ననారతముం జెలువొందు నేఁడు నీ
వావలిమోము చేసి తన యప్పటినుండియుఁ బల్కవిట్టులా
దేవర చిత్తమెవ్వరికిఁ దేర్పఁగ శక్యమె వేంకటేశ్వరా!",vruttamu,Venkateswara,"[('నీ', 'U'), ('వు', '|'), ('ను', '|'), ('దా', 'U'), ('ను', '|'), ('గూ', 'U'), ('డె', '|'), ('ద', '|'), ('రు', '|'), ('ణీ', 'U'), ('మ', '|'), ('ణి', '|'), ('శ్రీ', 'U'), ('య', '|'), ('ల', '|'), ('మే', 'U'), ('లు', '|'), ('మం', 'U'), ('గ', '|'), ('నా', 'U'), ('నా', 'U'), ('వి', '|'), ('ధ', '|'), ('వై', 'U'), ('భ', '|'), ('వం', 'U'), ('బు', '|'), ('ల', '|'), ('న', '|'), ('నా', 'U'), ('ర', '|'), ('త', '|'), ('ముం', 'U'), ('జె', '|'), ('లు', '|'), ('వొం', 'U'), ('దు', '|'), ('నే', 'U'), ('డు', '|'), ('నీ', 'U'), ('వా', 'U'), ('వ', '|'), ('లి', '|'), ('మో', 'U'), ('ము', '|'), ('చే', 'U'), ('సి', '|'), ('త', '|'), ('న', '|'), ('య', 'U'), ('ప్ప', '|'), ('టి', '|'), ('నుం', 'U'), ('డి', '|'), ('యు', '|'), ('బ', 'U'), ('ల్క', '|'), ('వి', 'U'), ('ట్టు', '|'), ('లా', 'U'), ('దే', 'U'), ('వ', '|'), ('ర', '|'), ('చి', 'U'), ('త్త', '|'), ('మె', 'U'), ('వ్వ', '|'), ('రి', '|'), ('కి', '|'), ('దే', 'U'), ('ర్ప', '|'), ('గ', '|'), ('శ', 'U'), ('క్య', '|'), ('మె', '|'), ('వేం', 'U'), ('క', '|'), ('టే', 'U'), ('శ్వ', '|'), ('రా', 'U')]",0.95,1.0,1.0,1.0,0.75,1.0
vutpalamaala,"ఓలలితాంగి! యోకలికి! యోయెలజవ్వని! యోవధూటి! యో
గోల! మెఱుంగుఁజూపుకనుఁగోనల నోయలమేలుమంగ మ
మ్మేలినతల్లి నీవిభున కించుక మాదెసఁ జూపు మంచు నీ
పాలికిఁ జేరి మ్రొక్కుదురు పద్మభవాదులు వేంకటేశ్వరా!",vruttamu,Venkateswara,"[('ఓ', 'U'), ('ల', '|'), ('లి', '|'), ('తాం', 'U'), ('గి', '|'), ('యో', 'U'), ('క', '|'), ('లి', '|'), ('కి', '|'), ('యో', 'U'), ('యె', '|'), ('ల', '|'), ('జ', 'U'), ('వ్వ', '|'), ('ని', '|'), ('యో', 'U'), ('వ', '|'), ('ధూ', 'U'), ('టి', '|'), ('యో', 'U'), ('గో', 'U'), ('ల', '|'), ('మె', '|'), ('ఱుం', 'U'), ('గు', '|'), ('జూ', 'U'), ('పు', '|'), ('క', '|'), ('ను', '|'), ('గో', 'U'), ('న', '|'), ('ల', '|'), ('నో', 'U'), ('య', '|'), ('ల', '|'), ('మే', 'U'), ('లు', '|'), ('మం', 'U'), ('గ', '|'), ('మ', 'U'), ('మ్మే', 'U'), ('లి', '|'), ('న', '|'), ('త', 'U'), ('ల్లి', '|'), ('నీ', 'U'), ('వి', '|'), ('భు', '|'), ('న', '|'), ('కిం', 'U'), ('చు', '|'), ('క', '|'), ('మా', 'U'), ('దె', '|'), ('స', '|'), ('జూ', 'U'), ('పు', '|'), ('మం', 'U'), ('చు', '|'), ('నీ', 'U'), ('పా', 'U'), ('లి', '|'), ('కి', '|'), ('జే', 'U'), ('రి', '|'), ('మ్రొ', 'U'), ('క్కు', '|'), ('దు', '|'), ('రు', '|'), ('ప', 'U'), ('ద్మ', '|'), ('భ', '|'), ('వా', 'U'), ('దు', '|'), ('లు', '|'), ('వేం', 'U'), ('క', '|'), ('టే', 'U'), ('శ్వ', '|'), ('రా', 'U')]",0.9,1.0,1.0,1.0,0.5,1.0
champakamaala,"చికురభరంబుచే (నదిమి) శ్రీలలితాంగివి నీవు నాగుణా
ధికునియురంబుపై రతులఁ దేలుచు శ్రీయలమేలుమంగ నీ
లికుచకుచ ప్రభావమున లేఁతవయస్సున నింత నేతురా
వెకలి వటండ్రు నెచ్చెలులు వేడ్కల నీసతి వేంకటేశ్వరా!",vruttamu,Venkateswara,"[('చి', '|'), ('కు', '|'), ('ర', '|'), ('భ', '|'), ('రం', 'U'), ('బు', '|'), ('చే', 'U'), ('న', '|'), ('ది', '|'), ('మి', '|'), ('శ్రీ', 'U'), ('ల', '|'), ('లి', '|'), ('తాం', 'U'), ('గి', '|'), ('వి', '|'), ('నీ', 'U'), ('వు', '|'), ('నా', 'U'), ('గు', '|'), ('ణా', 'U'), ('ధి', '|'), ('కు', '|'), ('ని', '|'), ('యు', '|'), ('రం', 'U'), ('బు', '|'), ('పై', 'U'), ('ర', '|'), ('తు', '|'), ('ల', '|'), ('దే', 'U'), ('లు', '|'), ('చు', '|'), ('శ్రీ', 'U'), ('య', '|'), ('ల', '|'), ('మే', 'U'), ('లు', '|'), ('మం', 'U'), ('గ', '|'), ('నీ', 'U'), ('లి', '|'), ('కు', '|'), ('చ', '|'), ('కు', '|'), ('చ', '|'), ('ప్ర', '|'), ('భా', 'U'), ('వ', '|'), ('ము', '|'), ('న', '|'), ('లే', 'U'), ('త', '|'), ('వ', '|'), ('య', 'U'), ('స్సు', '|'), ('న', '|'), ('నిం', 'U'), ('త', '|'), ('నే', 'U'), ('తు', '|'), ('రా', 'U'), ('వె', '|'), ('క', '|'), ('లి', '|'), ('వ', '|'), ('టం', 'U'), ('డ్రు', '|'), ('నె', 'U'), ('చ్చె', '|'), ('లు', '|'), ('లు', '|'), ('వే', 'U'), ('డ్క', '|'), ('ల', '|'), ('నీ', 'U'), ('స', '|'), ('తి', '|'), ('వేం', 'U'), ('క', '|'), ('టే', 'U'), ('శ్వ', '|'), ('రా', 'U')]",0.9928571428571429,1.0,1.0,0.9642857142857143,1.0,1.0
champakamaala,"ఒకమఱి నీవు కన్గొనల నొయ్యనఁ జూచిన నీవిభుండు లోఁ
గకవికఁ దర్చుఁ జేరునట కౌఁగిటి కోయలమేలుమంగ నీ
వికచవిలాస మంచు నరవిందమరందపుఁ దేనెపల్కులన్‌
బికశుకపంక్తి నీకుఁ దలఁపించును నీసతి వేంకటేశ్వరా!",vruttamu,Venkateswara,"[('ఒ', '|'), ('క', '|'), ('మ', '|'), ('ఱి', '|'), ('నీ', 'U'), ('వు', '|'), ('క', 'U'), ('న్గొ', '|'), ('న', '|'), ('ల', '|'), ('నొ', 'U'), ('య్య', '|'), ('న', '|'), ('జూ', 'U'), ('చి', '|'), ('న', '|'), ('నీ', 'U'), ('వి', '|'), ('భుం', 'U'), ('డు', '|'), ('లో', 'U'), ('గ', '|'), ('క', '|'), ('వి', '|'), ('క', '|'), ('ద', 'U'), ('ర్చు', '|'), ('జే', 'U'), ('రు', '|'), ('న', '|'), ('ట', '|'), ('కౌ', 'U'), ('గి', '|'), ('టి', '|'), ('కో', 'U'), ('య', '|'), ('ల', '|'), ('మే', 'U'), ('లు', '|'), ('మం', 'U'), ('గ', '|'), ('నీ', 'U'), ('వి', '|'), ('క', '|'), ('చ', '|'), ('వి', '|'), ('లా', 'U'), ('స', '|'), ('మం', 'U'), ('చు', '|'), ('న', '|'), ('ర', '|'), ('విం', 'U'), ('ద', '|'), ('మ', '|'), ('రం', 'U'), ('ద', '|'), ('పు', '|'), ('దే', 'U'), ('నె', '|'), ('ప', 'U'), ('ల్కు', '|'), ('లన్', 'U'), ('బి', '|'), ('క', '|'), ('శు', '|'), ('క', '|'), ('పం', 'U'), ('క్తి', '|'), ('నీ', 'U'), ('కు', '|'), ('ద', '|'), ('ల', '|'), ('పిం', 'U'), ('చు', '|'), ('ను', '|'), ('నీ', 'U'), ('స', '|'), ('తి', '|'), ('వేం', 'U'), ('క', '|'), ('టే', 'U'), ('శ్వ', '|'), ('రా', 'U')]",0.95,1.0,1.0,1.0,0.75,1.0
vutpalamaala,"కూరిమి సానవట్టిన చకోరపుఁ గన్నుఁగొన\న్‌ దళుక్కునన్‌
జేరువ మించులై మెఱయఁ జిమ్ములబొమ్మలఁ బంపు నవ్వు దై
వారఁగఁ గాంచి నీతరుణి వన్నెల శ్రీయలమేలుమంగ నీ
సారపు నేర్పుఁ జక్కగొనెఁ జక్కని మోమున వేంకటేశ్వరా!",vruttamu,Venkateswara,"[('కూ', 'U'), ('రి', '|'), ('మి', '|'), ('సా', 'U'), ('న', '|'), ('వ', 'U'), ('ట్టి', '|'), ('న', '|'), ('చ', '|'), ('కో', 'U'), ('ర', '|'), ('పు', '|'), ('గ', 'U'), ('న్ను', '|'), ('గొ', '|'), ('న', 'U'), ('న్ద', '|'), ('ళు', 'U'), ('క్కు', '|'), ('నన్', 'U'), ('జే', 'U'), ('రు', '|'), ('వ', '|'), ('మిం', 'U'), ('చు', '|'), ('లై', 'U'), ('మె', '|'), ('ఱ', '|'), ('య', '|'), ('జి', 'U'), ('మ్ము', '|'), ('ల', '|'), ('బొ', 'U'), ('మ్మ', '|'), ('ల', '|'), ('బం', 'U'), ('పు', '|'), ('న', 'U'), ('వ్వు', '|'), ('దై', 'U'), ('వా', 'U'), ('ర', '|'), ('గ', '|'), ('గాం', 'U'), ('చి', '|'), ('నీ', 'U'), ('త', '|'), ('రు', '|'), ('ణి', '|'), ('వ', 'U'), ('న్నె', '|'), ('ల', '|'), ('శ్రీ', 'U'), ('య', '|'), ('ల', '|'), ('మే', 'U'), ('లు', '|'), ('మం', 'U'), ('గ', '|'), ('నీ', 'U'), ('సా', 'U'), ('ర', '|'), ('పు', '|'), ('నే', 'U'), ('ర్పు', '|'), ('జ', 'U'), ('క్క', '|'), ('గొ', '|'), ('నె', '|'), ('జ', 'U'), ('క్క', '|'), ('ని', '|'), ('మో', 'U'), ('ము', '|'), ('న', '|'), ('వేం', 'U'), ('క', '|'), ('టే', 'U'), ('శ్వ', '|'), ('రా', 'U')]",1.0,1.0,1.0,1.0,1.0,1.0
vutpalamaala,"ఆయలసంబు లానడపు లాకనుఁగ్రేవల ముద్దుచూపు లా
యాయెలనవ్వు మాటల ప్రియంబులు నీ కలమేలుమంగ నీ
మాయలొ ప్రాణవల్లభుని మక్కువ చేఁతలొ చెప్పు మంచు లేఁ
బ్రాయపు నీసతిం జెలులు పల్కిరి పల్మఱు వేంకటేశ్వరా!",vruttamu,Venkateswara,"[('ఆ', 'U'), ('య', '|'), ('ల', '|'), ('సం', 'U'), ('బు', '|'), ('లా', 'U'), ('న', '|'), ('డ', '|'), ('పు', '|'), ('లా', 'U'), ('క', '|'), ('ను', '|'), ('గ్రే', 'U'), ('వ', '|'), ('ల', '|'), ('ము', 'U'), ('ద్దు', '|'), ('చూ', 'U'), ('పు', '|'), ('లా', 'U'), ('యా', 'U'), ('యె', '|'), ('ల', '|'), ('న', 'U'), ('వ్వు', '|'), ('మా', 'U'), ('ట', '|'), ('ల', '|'), ('ప్రి', '|'), ('యం', 'U'), ('బు', '|'), ('లు', '|'), ('నీ', 'U'), ('క', '|'), ('ల', '|'), ('మే', 'U'), ('లు', '|'), ('మం', 'U'), ('గ', '|'), ('నీ', 'U'), ('మా', 'U'), ('య', '|'), ('లొ', '|'), ('ప్రా', 'U'), ('ణ', '|'), ('వ', 'U'), ('ల్ల', '|'), ('భు', '|'), ('ని', '|'), ('మ', 'U'), ('క్కు', '|'), ('వ', '|'), ('చే', 'U'), ('త', '|'), ('లొ', '|'), ('చె', 'U'), ('ప్పు', '|'), ('మం', 'U'), ('చు', '|'), ('లే', 'U'), ('బ్రా', 'U'), ('య', '|'), ('పు', '|'), ('నీ', 'U'), ('స', '|'), ('తిం', 'U'), ('జె', '|'), ('లు', '|'), ('లు', '|'), ('ప', 'U'), ('ల్కి', '|'), ('రి', '|'), ('ప', 'U'), ('ల్మ', '|'), ('ఱు', '|'), ('వేం', 'U'), ('క', '|'), ('టే', 'U'), ('శ్వ', '|'), ('రా', 'U')]",0.95,1.0,1.0,1.0,0.75,1.0
vutpalamaala,"కిన్నెర మీటి పులకించి తలంచి మనోజలీలఁ దా
నున్న తెఱంగు నెచ్చెలుల కొయ్యనఁ జెప్పఁగబూనుఁ జెప్పరా
కన్నువ సిగ్గుతో నలరు నల్లన శ్రీయలమేలుమంగ నీ
వన్నెలసేఁత లెట్టివో సువాళము లెట్టివో వేంకటేశ్వరా!",vruttamu,Venkateswara,"[('కి', 'U'), ('న్నె', '|'), ('ర', '|'), ('మీ', 'U'), ('టి', '|'), ('పు', '|'), ('ల', '|'), ('కిం', 'U'), ('చి', '|'), ('త', '|'), ('లం', 'U'), ('చి', '|'), ('మ', '|'), ('నో', 'U'), ('జ', '|'), ('లీ', 'U'), ('ల', '|'), ('దా', 'U'), ('ను', 'U'), ('న్న', '|'), ('తె', '|'), ('ఱం', 'U'), ('గు', '|'), ('నె', 'U'), ('చ్చె', '|'), ('లు', '|'), ('ల', '|'), ('కొ', 'U'), ('య్య', '|'), ('న', '|'), ('జె', 'U'), ('ప్ప', '|'), ('గ', '|'), ('బూ', 'U'), ('ను', '|'), ('జె', 'U'), ('ప్ప', '|'), ('రా', 'U'), ('క', 'U'), ('న్ను', '|'), ('వ', '|'), ('సి', 'U'), ('గ్గు', '|'), ('తో', 'U'), ('న', '|'), ('ల', '|'), ('రు', '|'), ('న', 'U'), ('ల్ల', '|'), ('న', '|'), ('శ్రీ', 'U'), ('య', '|'), ('ల', '|'), ('మే', 'U'), ('లు', '|'), ('మం', 'U'), ('గ', '|'), ('నీ', 'U'), ('వ', 'U'), ('న్నె', '|'), ('ల', '|'), ('సే', 'U'), ('త', '|'), ('లె', 'U'), ('ట్టి', '|'), ('వో', 'U'), ('సు', '|'), ('వా', 'U'), ('ళ', '|'), ('ము', '|'), ('లె', 'U'), ('ట్టి', '|'), ('వో', 'U'), ('వేం', 'U'), ('క', '|'), ('టే', 'U'), ('శ్వ', '|'), ('రా', 'U')]",0.5378571428571428,0.975,1.0,0.2142857142857143,0.0,0.5
champakamaala,"సరసిజసంభవాది దివిజప్రకరంబులసంపదల్‌ సువి
స్తరములు గాఁగఁ గన్గొనలఁ జల్లెడు శ్రీయలమేలుమంగ నీ
తరుణీయురంబునం జెలఁగఁ దన్మయ మందెడు నీకు బ్రాఁతియే
పరమపద ప్రభుత్వము నపారమహత్త్వము వేంకటేశ్వరా!",vruttamu,Venkateswara,"[('స', '|'), ('ర', '|'), ('సి', '|'), ('జ', '|'), ('సం', 'U'), ('భ', '|'), ('వా', 'U'), ('ది', '|'), ('ది', '|'), ('వి', '|'), ('జ', '|'), ('ప్ర', '|'), ('క', '|'), ('రం', 'U'), ('బు', '|'), ('ల', '|'), ('సం', 'U'), ('ప', '|'), ('ద', 'U'), ('ల్సు', '|'), ('వి', 'U'), ('స్త', '|'), ('ర', '|'), ('ము', '|'), ('లు', '|'), ('గా', 'U'), ('గ', '|'), ('గ', 'U'), ('న్గొ', '|'), ('న', '|'), ('ల', '|'), ('జ', 'U'), ('ల్లె', '|'), ('డు', '|'), ('శ్రీ', 'U'), ('య', '|'), ('ల', '|'), ('మే', 'U'), ('లు', '|'), ('మం', 'U'), ('గ', '|'), ('నీ', 'U'), ('త', '|'), ('రు', '|'), ('ణీ', 'U'), ('యు', '|'), ('రం', 'U'), ('బు', '|'), ('నం', 'U'), ('జె', '|'), ('ల', '|'), ('గ', '|'), ('ద', 'U'), ('న్మ', '|'), ('య', '|'), ('మం', 'U'), ('దె', '|'), ('డు', '|'), ('నీ', 'U'), ('కు', '|'), ('బ్రా', 'U'), ('తి', '|'), ('యే', 'U'), ('ప', '|'), ('ర', '|'), ('మ', '|'), ('ప', '|'), ('ద', '|'), ('ప్ర', '|'), ('భు', 'U'), ('త్వ', '|'), ('ము', '|'), ('న', '|'), ('పా', 'U'), ('ర', '|'), ('మ', '|'), ('హ', 'U'), ('త్త్వ', '|'), ('ము', '|'), ('వేం', 'U'), ('క', '|'), ('టే', 'U'), ('శ్వ', '|'), ('రా', 'U')]",0.9785714285714284,1.0,1.0,0.8928571428571429,1.0,1.0
champakamaala,"తరుణీ! మహానిధానమ! సుధామయకూపసమస్త వైభవా
భరణమ! దేవదేవుని కృపామతి! యోయలమేలుమంగ! నీ
కరుణయ చాలు లోకములఁ గావఁగ నంచు మునీంద్రులున్‌
సురల్‌ నిరతి నుతించి మ్రొక్కుదురు నీ ప్రియకాంతను వేంకటేశ్వరా!",vruttamu,Venkateswara,"[('త', '|'), ('రు', '|'), ('ణీ', 'U'), ('మ', '|'), ('హా', 'U'), ('ని', '|'), ('ధా', 'U'), ('న', '|'), ('మ', '|'), ('సు', '|'), ('ధా', 'U'), ('మ', '|'), ('య', '|'), ('కూ', 'U'), ('ప', '|'), ('స', '|'), ('మ', 'U'), ('స్త', '|'), ('వై', 'U'), ('భ', '|'), ('వా', 'U'), ('భ', '|'), ('ర', '|'), ('ణ', '|'), ('మ', '|'), ('దే', 'U'), ('వ', '|'), ('దే', 'U'), ('వు', '|'), ('ని', '|'), ('కృ', '|'), ('పా', 'U'), ('మ', '|'), ('తి', '|'), ('యో', 'U'), ('య', '|'), ('ల', '|'), ('మే', 'U'), ('లు', '|'), ('మం', 'U'), ('గ', '|'), ('నీ', 'U'), ('క', '|'), ('రు', '|'), ('ణ', '|'), ('య', '|'), ('చా', 'U'), ('లు', '|'), ('లో', 'U'), ('క', '|'), ('ము', '|'), ('ల', '|'), ('గా', 'U'), ('వ', '|'), ('గ', '|'), ('నం', 'U'), ('చు', '|'), ('ము', '|'), ('నీం', 'U'), ('ద్రు', '|'), ('లున్', 'U'), ('సు', '|'), ('ర', 'U'), ('ల్ని', '|'), ('ర', '|'), ('తి', '|'), ('ను', '|'), ('తిం', 'U'), ('చి', '|'), ('మ్రొ', 'U'), ('క్కు', '|'), ('దు', '|'), ('రు', '|'), ('నీ', 'U'), ('ప్రి', '|'), ('య', '|'), ('కాం', 'U'), ('త', '|'), ('ను', '|'), ('వేం', 'U'), ('క', '|'), ('టే', 'U'), ('శ్వ', '|'), ('రా', 'U')]",0.9928571428571429,1.0,1.0,0.9642857142857143,1.0,1.0
champakamaala,"చెదరిన చిన్ని లేఁగురులు చెక్కున జాఱఁగ ముద్దుమోముతో
వదలినకొప్పుతోడ నిడువాలిక కన్నులు నిగ్గు దేఱఁగా
నుదుటున నిన్నుఁగూడి మహిమోన్నతితో నలమేలుమంగ నీ
యెదుట మనోజసంపదల నేగతి నుండెనొ వేంకటేశ్వరా!",vruttamu,Venkateswara,"[('చె', '|'), ('ద', '|'), ('రి', '|'), ('న', '|'), ('చి', 'U'), ('న్ని', '|'), ('లే', 'U'), ('గు', '|'), ('రు', '|'), ('లు', '|'), ('చె', 'U'), ('క్కు', '|'), ('న', '|'), ('జా', 'U'), ('ఱ', '|'), ('గ', '|'), ('ము', 'U'), ('ద్దు', '|'), ('మో', 'U'), ('ము', '|'), ('తో', 'U'), ('వ', '|'), ('ద', '|'), ('లి', '|'), ('న', '|'), ('కొ', 'U'), ('ప్పు', '|'), ('తో', 'U'), ('డ', '|'), ('ని', '|'), ('డు', '|'), ('వా', 'U'), ('లి', '|'), ('క', '|'), ('క', 'U'), ('న్ను', '|'), ('లు', '|'), ('ని', 'U'), ('గ్గు', '|'), ('దే', 'U'), ('ఱ', '|'), ('గా', 'U'), ('ను', '|'), ('దు', '|'), ('టు', '|'), ('న', '|'), ('ని', 'U'), ('న్ను', '|'), ('గూ', 'U'), ('డి', '|'), ('మ', '|'), ('హి', '|'), ('మో', 'U'), ('న్న', '|'), ('తి', '|'), ('తో', 'U'), ('న', '|'), ('ల', '|'), ('మే', 'U'), ('లు', '|'), ('మం', 'U'), ('గ', '|'), ('నీ', 'U'), ('యె', '|'), ('దు', '|'), ('ట', '|'), ('మ', '|'), ('నో', 'U'), ('జ', '|'), ('సం', 'U'), ('ప', '|'), ('ద', '|'), ('ల', '|'), ('నే', 'U'), ('గ', '|'), ('తి', '|'), ('నుం', 'U'), ('డె', '|'), ('నొ', '|'), ('వేం', 'U'), ('క', '|'), ('టే', 'U'), ('శ్వ', '|'), ('రా', 'U')]",0.9,1.0,1.0,1.0,0.5,1.0
champakamaala,"తొలకరించు తొయ్యలి వధూమణి చక్కనితల్లి మానినీ
తిలకమ దేవదేవుని సతీమణి యోయలమేలుమంగ నీ
సొలపులచూపులే విభునిచూపులవిందు లటంచు నెచ్చెలుల్‌
పలుకఁగ నిన్నుఁ జూచి నగుఁ బైకొని నీసతి వేంకటేశ్వరా!",vruttamu,Venkateswara,"[('తొ', '|'), ('ల', '|'), ('క', '|'), ('రిం', 'U'), ('చు', '|'), ('తొ', 'U'), ('య్య', '|'), ('లి', '|'), ('వ', '|'), ('ధూ', 'U'), ('మ', '|'), ('ణి', '|'), ('చ', 'U'), ('క్క', '|'), ('ని', '|'), ('త', 'U'), ('ల్లి', '|'), ('మా', 'U'), ('ని', '|'), ('నీ', 'U'), ('తి', '|'), ('ల', '|'), ('క', '|'), ('మ', '|'), ('దే', 'U'), ('వ', '|'), ('దే', 'U'), ('వు', '|'), ('ని', '|'), ('స', '|'), ('తీ', 'U'), ('మ', '|'), ('ణి', '|'), ('యో', 'U'), ('య', '|'), ('ల', '|'), ('మే', 'U'), ('లు', '|'), ('మం', 'U'), ('గ', '|'), ('నీ', 'U'), ('సొ', '|'), ('ల', '|'), ('పు', '|'), ('ల', '|'), ('చూ', 'U'), ('పు', '|'), ('లే', 'U'), ('వి', '|'), ('భు', '|'), ('ని', '|'), ('చూ', 'U'), ('పు', '|'), ('ల', '|'), ('విం', 'U'), ('దు', '|'), ('ల', '|'), ('టం', 'U'), ('చు', '|'), ('నె', 'U'), ('చ్చె', '|'), ('లుల్', 'U'), ('ప', '|'), ('లు', '|'), ('క', '|'), ('గ', '|'), ('ని', 'U'), ('న్ను', '|'), ('జూ', 'U'), ('చి', '|'), ('న', '|'), ('గు', '|'), ('బై', 'U'), ('కొ', '|'), ('ని', '|'), ('నీ', 'U'), ('స', '|'), ('తి', '|'), ('వేం', 'U'), ('క', '|'), ('టే', 'U'), ('శ్వ', '|'), ('రా', 'U')]",0.5261904761904762,0.9880952380952381,1.0,0.1428571428571428,0.0,0.5
champakamaala,"తలఁచుఁ గరంగు మైమఱచుఁ దన్మయ మందును జిత్తజాగ్ని ని
న్నలయుచు దూరు నుస్సురను నర్మిలితో నలమేలుమంగ నీ
వలిగిననంతనే కడుఁ బ్రియంబిఁక నేమని చెప్ప నేఁడువో
కలిగినప్రేమ మింతయుఁ బ్రకాశము తోఁచెడు వేంకటేశ్వరా!",vruttamu,Venkateswara,"[('త', '|'), ('ల', '|'), ('చు', '|'), ('గ', '|'), ('రం', 'U'), ('గు', '|'), ('మై', 'U'), ('మ', '|'), ('ఱ', '|'), ('చు', '|'), ('ద', 'U'), ('న్మ', '|'), ('య', '|'), ('మం', 'U'), ('దు', '|'), ('ను', '|'), ('జి', 'U'), ('త్త', '|'), ('జా', 'U'), ('గ్ని', '|'), ('ని', 'U'), ('న్న', '|'), ('ల', '|'), ('యు', '|'), ('చు', '|'), ('దూ', 'U'), ('రు', '|'), ('ను', 'U'), ('స్సు', '|'), ('ర', '|'), ('ను', '|'), ('న', 'U'), ('ర్మి', '|'), ('లి', '|'), ('తో', 'U'), ('న', '|'), ('ల', '|'), ('మే', 'U'), ('లు', '|'), ('మం', 'U'), ('గ', '|'), ('నీ', 'U'), ('వ', '|'), ('లి', '|'), ('గి', '|'), ('న', '|'), ('నం', 'U'), ('త', '|'), ('నే', 'U'), ('క', '|'), ('డు', '|'), ('బ్రి', '|'), ('యం', 'U'), ('బి', '|'), ('క', '|'), ('నే', 'U'), ('మ', '|'), ('ని', '|'), ('చె', 'U'), ('ప్ప', '|'), ('నే', 'U'), ('డు', '|'), ('వో', 'U'), ('క', '|'), ('లి', '|'), ('గి', '|'), ('న', '|'), ('ప్రే', 'U'), ('మ', '|'), ('మిం', 'U'), ('త', '|'), ('యు', '|'), ('బ్ర', '|'), ('కా', 'U'), ('శ', '|'), ('ము', '|'), ('తో', 'U'), ('చె', '|'), ('డు', '|'), ('వేం', 'U'), ('క', '|'), ('టే', 'U'), ('శ్వ', '|'), ('రా', 'U')]",0.95,1.0,1.0,1.0,0.75,1.0
vutpalamaala,"నించిన పంచదారలును నేతుఁలు దేనెలు గమ్మ గాఁగఁ దా
లించినకూరలున్‌ బరిమళించగ నయ్యలమేలుమంగ వ
డ్డించిన నిర్మలాన్నములు డెంద మెలర్పఁగ నారగింతు నీ
మించిన వేయుచేతులును మేలములాడుచు వేంకటేశ్వరా!",vruttamu,Venkateswara,"[('నిం', 'U'), ('చి', '|'), ('న', '|'), ('పం', 'U'), ('చ', '|'), ('దా', 'U'), ('ర', '|'), ('లు', '|'), ('ను', '|'), ('నే', 'U'), ('తు', '|'), ('లు', '|'), ('దే', 'U'), ('నె', '|'), ('లు', '|'), ('గ', 'U'), ('మ్మ', '|'), ('గా', 'U'), ('గ', '|'), ('దా', 'U'), ('లిం', 'U'), ('చి', '|'), ('న', '|'), ('కూ', 'U'), ('ర', '|'), ('లు', 'U'), ('న్బ', '|'), ('రి', '|'), ('మ', '|'), ('ళిం', 'U'), ('చ', '|'), ('గ', '|'), ('న', 'U'), ('య్య', '|'), ('ల', '|'), ('మే', 'U'), ('లు', '|'), ('మం', 'U'), ('గ', '|'), ('వ', 'U'), ('డ్డిం', 'U'), ('చి', '|'), ('న', '|'), ('ని', 'U'), ('ర్మ', '|'), ('లా', 'U'), ('న్న', '|'), ('ము', '|'), ('లు', '|'), ('డెం', 'U'), ('ద', '|'), ('మె', '|'), ('ల', 'U'), ('ర్ప', '|'), ('గ', '|'), ('నా', 'U'), ('ర', '|'), ('గిం', 'U'), ('తు', '|'), ('నీ', 'U'), ('మిం', 'U'), ('చి', '|'), ('న', '|'), ('వే', 'U'), ('యు', '|'), ('చే', 'U'), ('తు', '|'), ('లు', '|'), ('ను', '|'), ('మే', 'U'), ('ల', '|'), ('ము', '|'), ('లా', 'U'), ('డు', '|'), ('చు', '|'), ('వేం', 'U'), ('క', '|'), ('టే', 'U'), ('శ్వ', '|'), ('రా', 'U')]",1.0,1.0,1.0,1.0,1.0,1.0
vutpalamaala,"అతఁడె నీవు, నీ వనఁగ నాతఁడు, నీ పలుకే తలంపఁగా
నాతనిపల్కు నీ హృదయ మాతఁడె పో యలమేలుమంగ నీ
చేతిదె సర్వజంతువుల జీవన మంతయు నంచు సన్ముని
వ్రాతము సన్నుతించు ననివారణ నీసతి వేంకటేశ్వరా!",vruttamu,Venkateswara,"[('అ', '|'), ('త', '|'), ('డె', '|'), ('నీ', 'U'), ('వు', '|'), ('నీ', 'U'), ('వ', '|'), ('న', '|'), ('గ', '|'), ('నా', 'U'), ('త', '|'), ('డు', '|'), ('నీ', 'U'), ('ప', '|'), ('లు', '|'), ('కే', 'U'), ('త', '|'), ('లం', 'U'), ('ప', '|'), ('గా', 'U'), ('నా', 'U'), ('త', '|'), ('ని', '|'), ('ప', 'U'), ('ల్కు', '|'), ('నీ', 'U'), ('హృ', '|'), ('ద', '|'), ('య', '|'), ('మా', 'U'), ('త', '|'), ('డె', '|'), ('పో', 'U'), ('య', '|'), ('ల', '|'), ('మే', 'U'), ('లు', '|'), ('మం', 'U'), ('గ', '|'), ('నీ', 'U'), ('చే', 'U'), ('తి', '|'), ('దె', '|'), ('స', 'U'), ('ర్వ', '|'), ('జం', 'U'), ('తు', '|'), ('వు', '|'), ('ల', '|'), ('జీ', 'U'), ('వ', '|'), ('న', '|'), ('మం', 'U'), ('త', '|'), ('యు', '|'), ('నం', 'U'), ('చు', '|'), ('స', 'U'), ('న్ము', '|'), ('ని', '|'), ('వ్రా', 'U'), ('త', '|'), ('ము', '|'), ('స', 'U'), ('న్ను', '|'), ('తిం', 'U'), ('చు', '|'), ('న', '|'), ('ని', '|'), ('వా', 'U'), ('ర', '|'), ('ణ', '|'), ('నీ', 'U'), ('స', '|'), ('తి', '|'), ('వేం', 'U'), ('క', '|'), ('టే', 'U'), ('శ్వ', '|'), ('రా', 'U')]",0.8857142857142858,1.0,1.0,0.9285714285714286,0.5,1.0
vutpalamaala,"లోలవిలోలనేత్రకుఁ దళుక్కున ఱెప్పలు వంచి యెత్తినన్‌
మేలిమిఁ జెక్కుటద్దముల మేలములై యలమేలుమంగకున్‌
నీలపయోదపుందుఱుము నిగ్గుతటిల్లతలే యటంచు ను
న్మీలనిమీలనంబులకె మెత్తువు నీవును వేంకటేశ్వరా!",vruttamu,Venkateswara,"[('లో', 'U'), ('ల', '|'), ('వి', '|'), ('లో', 'U'), ('ల', '|'), ('నే', 'U'), ('త్ర', '|'), ('కు', '|'), ('ద', '|'), ('ళు', 'U'), ('క్కు', '|'), ('న', '|'), ('ఱె', 'U'), ('ప్ప', '|'), ('లు', '|'), ('వం', 'U'), ('చి', '|'), ('యె', 'U'), ('త్తి', '|'), ('నన్', 'U'), ('మే', 'U'), ('లి', '|'), ('మి', '|'), ('జె', 'U'), ('క్కు', '|'), ('ట', 'U'), ('ద్ద', '|'), ('ము', '|'), ('ల', '|'), ('మే', 'U'), ('ల', '|'), ('ము', '|'), ('లై', 'U'), ('య', '|'), ('ల', '|'), ('మే', 'U'), ('లు', '|'), ('మం', 'U'), ('గ', '|'), ('కున్', 'U'), ('నీ', 'U'), ('ల', '|'), ('ప', '|'), ('యో', 'U'), ('ద', '|'), ('పుం', 'U'), ('దు', '|'), ('ఱు', '|'), ('ము', '|'), ('ని', 'U'), ('గ్గు', '|'), ('త', '|'), ('టి', 'U'), ('ల్ల', '|'), ('త', '|'), ('లే', 'U'), ('య', '|'), ('టం', 'U'), ('చు', '|'), ('ను', 'U'), ('న్మీ', 'U'), ('ల', '|'), ('ని', '|'), ('మీ', 'U'), ('ల', '|'), ('నం', 'U'), ('బు', '|'), ('ల', '|'), ('కె', '|'), ('మె', 'U'), ('త్తు', '|'), ('వు', '|'), ('నీ', 'U'), ('వు', '|'), ('ను', '|'), ('వేం', 'U'), ('క', '|'), ('టే', 'U'), ('శ్వ', '|'), ('రా', 'U')]",1.0,1.0,1.0,1.0,1.0,1.0
vutpalamaala,"పక్ష్మలనేత్ర! యోచిలుకుపల్కులకల్కి! సరోజవల్లి! యో
లక్ష్మి! లతాంగి! యోబహుకళావతి! యోయలమేలుమంగ! నీ
సూక్ష్మవివేకలీలలకుఁ జొక్కితి నంచు నఖేందువల్లికా
లక్ష్మివికాసత\న్‌ సతిఁ జెలంగఁగఁజేతువు వేంకటేశ్వరా!",vruttamu,Venkateswara,"[('ప', 'U'), ('క్ష్మ', '|'), ('ల', '|'), ('నే', 'U'), ('త్ర', '|'), ('యో', 'U'), ('చి', '|'), ('లు', '|'), ('కు', '|'), ('ప', 'U'), ('ల్కు', '|'), ('ల', '|'), ('క', 'U'), ('ల్కి', '|'), ('స', '|'), ('రో', 'U'), ('జ', '|'), ('వ', 'U'), ('ల్లి', '|'), ('యో', 'U'), ('ల', 'U'), ('క్ష్మి', '|'), ('ల', '|'), ('తాం', 'U'), ('గి', '|'), ('యో', 'U'), ('బ', '|'), ('హు', '|'), ('క', '|'), ('ళా', 'U'), ('వ', '|'), ('తి', '|'), ('యో', 'U'), ('య', '|'), ('ల', '|'), ('మే', 'U'), ('లు', '|'), ('మం', 'U'), ('గ', '|'), ('నీ', 'U'), ('సూ', 'U'), ('క్ష్మ', '|'), ('వి', '|'), ('వే', 'U'), ('క', '|'), ('లీ', 'U'), ('ల', '|'), ('ల', '|'), ('కు', '|'), ('జొ', 'U'), ('క్కి', '|'), ('తి', '|'), ('నం', 'U'), ('చు', '|'), ('న', '|'), ('ఖేం', 'U'), ('దు', '|'), ('వ', 'U'), ('ల్లి', '|'), ('కా', 'U'), ('ల', 'U'), ('క్ష్మి', '|'), ('వి', '|'), ('కా', 'U'), ('స', '|'), ('త', 'U'), ('న్స', '|'), ('తి', '|'), ('జె', '|'), ('లం', 'U'), ('గ', '|'), ('గ', '|'), ('జే', 'U'), ('తు', '|'), ('వు', '|'), ('వేం', 'U'), ('క', '|'), ('టే', 'U'), ('శ్వ', '|'), ('రా', 'U')]",1.0,1.0,1.0,1.0,1.0,1.0
champakamaala,"లలితపుఁగంకణాంగదకలధ్వని ఘల్లని మ్రోయ నుంగరం
బులు మణినీల కాంతుల ప్రభుత్వముతో నలమేలుమంగ గు
బ్బల పెనువ్రేఁగుతోఁ దుఱుముభారముతో నినుఁ జేరవచ్చు నం
దెలు మొలనూలు ఘంటలుఁ బ్రతిధ్వను లీనఁగ వేంకటేశ్వరా!",vruttamu,Venkateswara,"[('ల', '|'), ('లి', '|'), ('త', '|'), ('పు', '|'), ('గం', 'U'), ('క', '|'), ('ణాం', 'U'), ('గ', '|'), ('ద', '|'), ('క', '|'), ('ల', 'U'), ('ధ్వ', '|'), ('ని', '|'), ('ఘ', 'U'), ('ల్ల', '|'), ('ని', '|'), ('మ్రో', 'U'), ('య', '|'), ('నుం', 'U'), ('గ', '|'), ('రం', 'U'), ('బు', '|'), ('లు', '|'), ('మ', '|'), ('ణి', '|'), ('నీ', 'U'), ('ల', '|'), ('కాం', 'U'), ('తు', '|'), ('ల', '|'), ('ప్ర', '|'), ('భు', 'U'), ('త్వ', '|'), ('ము', '|'), ('తో', 'U'), ('న', '|'), ('ల', '|'), ('మే', 'U'), ('లు', '|'), ('మం', 'U'), ('గ', '|'), ('గు', 'U'), ('బ్బ', '|'), ('ల', '|'), ('పె', '|'), ('ను', '|'), ('వ్రే', 'U'), ('గు', '|'), ('తో', 'U'), ('దు', '|'), ('ఱు', '|'), ('ము', '|'), ('భా', 'U'), ('ర', '|'), ('ము', '|'), ('తో', 'U'), ('ని', '|'), ('ను', '|'), ('జే', 'U'), ('ర', '|'), ('వ', 'U'), ('చ్చు', '|'), ('నం', 'U'), ('దె', '|'), ('లు', '|'), ('మొ', '|'), ('ల', '|'), ('నూ', 'U'), ('లు', '|'), ('ఘం', 'U'), ('ట', '|'), ('లు', '|'), ('బ్ర', '|'), ('తి', 'U'), ('ధ్వ', '|'), ('ను', '|'), ('లీ', 'U'), ('న', '|'), ('గ', '|'), ('వేం', 'U'), ('క', '|'), ('టే', 'U'), ('శ్వ', '|'), ('రా', 'U')]",1.0,1.0,1.0,1.0,1.0,1.0
vutpalamaala,"కుంకుమకస్తురీ ప్రభ బుగుల్కొనఁ జెక్కుల జాఱ దివ్యతా
టంకమణిప్రభాప్రతివిడంబముతో నలమేలుమంగ భ్రూ
జంకెల నందలింపఁగనె జల్లనెఁ జిత్తము నీకు నంతలో
నంకన మించు మిమ్ముఁ బులకాంకురకోటులు వేంకటేశ్వరా!",vruttamu,Venkateswara,"[('కుం', 'U'), ('కు', '|'), ('మ', '|'), ('క', 'U'), ('స్తు', '|'), ('రీ', 'U'), ('ప్ర', '|'), ('భ', '|'), ('బు', '|'), ('గు', 'U'), ('ల్కొ', '|'), ('న', '|'), ('జె', 'U'), ('క్కు', '|'), ('ల', '|'), ('జా', 'U'), ('ఱ', '|'), ('ది', 'U'), ('వ్య', '|'), ('తా', 'U'), ('టం', 'U'), ('క', '|'), ('మ', '|'), ('ణి', '|'), ('ప్ర', '|'), ('భా', 'U'), ('ప్ర', '|'), ('తి', '|'), ('వి', '|'), ('డం', 'U'), ('బ', '|'), ('ము', '|'), ('తో', 'U'), ('న', '|'), ('ల', '|'), ('మే', 'U'), ('లు', '|'), ('మం', 'U'), ('గ', '|'), ('భ్రూ', 'U'), ('జం', 'U'), ('కె', '|'), ('ల', '|'), ('నం', 'U'), ('ద', '|'), ('లిం', 'U'), ('ప', '|'), ('గ', '|'), ('నె', '|'), ('జ', 'U'), ('ల్ల', '|'), ('నె', '|'), ('జి', 'U'), ('త్త', '|'), ('ము', '|'), ('నీ', 'U'), ('కు', '|'), ('నం', 'U'), ('త', '|'), ('లో', 'U'), ('నం', 'U'), ('క', '|'), ('న', '|'), ('మిం', 'U'), ('చు', '|'), ('మి', 'U'), ('మ్ము', '|'), ('బు', '|'), ('ల', '|'), ('కాం', 'U'), ('కు', '|'), ('ర', '|'), ('కో', 'U'), ('టు', '|'), ('లు', '|'), ('వేం', 'U'), ('క', '|'), ('టే', 'U'), ('శ్వ', '|'), ('రా', 'U')]",0.9428571428571428,1.0,1.0,0.9642857142857143,0.75,1.0
vutpalamaala,"కస్తురి పచ్చకప్పురముఁ గమ్మనిపుప్పొడి ధూళ్లు హత్తి శ్రీ
హస్తమునందుఁ దట్టిపునుఁగందుచు శ్రీయలమేలుమంగ భా
రస్తనవైభవంబులఁ గరంగుచు నిన్ను గఱంగ మెత్తు నీ
కౌస్తుభరత్న సౌధమునఁ గౌఁగిటిపాన్పున వేంకటేశ్వరా!",vruttamu,Venkateswara,"[('క', 'U'), ('స్తు', '|'), ('రి', '|'), ('ప', 'U'), ('చ్చ', '|'), ('క', 'U'), ('ప్పు', '|'), ('ర', '|'), ('ము', '|'), ('గ', 'U'), ('మ్మ', '|'), ('ని', '|'), ('పు', 'U'), ('ప్పొ', '|'), ('డి', '|'), ('ధూ', 'U'), ('ళ్లు', '|'), ('హ', 'U'), ('త్తి', '|'), ('శ్రీ', 'U'), ('హ', 'U'), ('స్త', '|'), ('ము', '|'), ('నం', 'U'), ('దు', '|'), ('ద', 'U'), ('ట్టి', '|'), ('పు', '|'), ('ను', '|'), ('గం', 'U'), ('దు', '|'), ('చు', '|'), ('శ్రీ', 'U'), ('య', '|'), ('ల', '|'), ('మే', 'U'), ('లు', '|'), ('మం', 'U'), ('గ', '|'), ('భా', 'U'), ('ర', 'U'), ('స్త', '|'), ('న', '|'), ('వై', 'U'), ('భ', '|'), ('వం', 'U'), ('బు', '|'), ('ల', '|'), ('గ', '|'), ('రం', 'U'), ('గు', '|'), ('చు', '|'), ('ని', 'U'), ('న్ను', '|'), ('గ', '|'), ('ఱం', 'U'), ('గ', '|'), ('మె', 'U'), ('త్తు', '|'), ('నీ', 'U'), ('కౌ', 'U'), ('స్తు', '|'), ('భ', '|'), ('ర', 'U'), ('త్న', '|'), ('సౌ', 'U'), ('ధ', '|'), ('ము', '|'), ('న', '|'), ('గౌ', 'U'), ('గి', '|'), ('టి', '|'), ('పా', 'U'), ('న్పు', '|'), ('న', '|'), ('వేం', 'U'), ('క', '|'), ('టే', 'U'), ('శ్వ', '|'), ('రా', 'U')]",0.95,1.0,1.0,1.0,0.75,1.0
vutpalamaala,"అందవు కోసి యిమ్ము విరు లంచును జే రలమేలుమంగ ని
న్నందగఁగోరఁ జెక్కులటు నొక్కిన నాకును నందవంచు న
య్యిందుముఖిం బ్రియంబలర నెత్తుచుఁ బువ్వులు కోయఁజేయ ని
ష్యందమరందఘర్మరససంగతు లబ్బెను వేంకటేశ్వరా!",vruttamu,Venkateswara,"[('అం', 'U'), ('ద', '|'), ('వు', '|'), ('కో', 'U'), ('సి', '|'), ('యి', 'U'), ('మ్ము', '|'), ('వి', '|'), ('రు', '|'), ('లం', 'U'), ('చు', '|'), ('ను', '|'), ('జే', 'U'), ('ర', '|'), ('ల', '|'), ('మే', 'U'), ('లు', '|'), ('మం', 'U'), ('గ', '|'), ('ని', 'U'), ('న్నం', 'U'), ('ద', '|'), ('గ', '|'), ('గో', 'U'), ('ర', '|'), ('జె', 'U'), ('క్కు', '|'), ('ల', '|'), ('టు', '|'), ('నొ', 'U'), ('క్కి', '|'), ('న', '|'), ('నా', 'U'), ('కు', '|'), ('ను', '|'), ('నం', 'U'), ('ద', '|'), ('వం', 'U'), ('చు', '|'), ('న', 'U'), ('య్యిం', 'U'), ('దు', '|'), ('ము', '|'), ('ఖిం', 'U'), ('బ్రి', '|'), ('యం', 'U'), ('బ', '|'), ('ల', '|'), ('ర', '|'), ('నె', 'U'), ('త్తు', '|'), ('చు', '|'), ('బు', 'U'), ('వ్వు', '|'), ('లు', '|'), ('కో', 'U'), ('య', '|'), ('జే', 'U'), ('య', '|'), ('ని', 'U'), ('ష్యం', 'U'), ('ద', '|'), ('మ', '|'), ('రం', 'U'), ('ద', '|'), ('ఘ', 'U'), ('ర్మ', '|'), ('ర', '|'), ('స', '|'), ('సం', 'U'), ('గ', '|'), ('తు', '|'), ('ల', 'U'), ('బ్బె', '|'), ('ను', '|'), ('వేం', 'U'), ('క', '|'), ('టే', 'U'), ('శ్వ', '|'), ('రా', 'U')]",0.85,1.0,1.0,1.0,0.25,1.0
vutpalamaala,"ఒక్కొకనాఁటి రాత్రి సకలోన్నతుఁడైన ఖగేంద్ర మూర్తిపై
నెక్కి వినోదలీలఁ జరియించుచు నయ్యలమేలుమంగ మో
మక్కునఁ జేర్చుచు\న్‌ బహువిహారముల\న్‌ వనవీథులంబ్రియం
బెక్కువగాఁ జెలంగువిధ మే మని చెప్పుదు వేంకటేశ్వరా!",vruttamu,Venkateswara,"[('ఒ', 'U'), ('క్కొ', '|'), ('క', '|'), ('నా', 'U'), ('టి', '|'), ('రా', 'U'), ('త్రి', '|'), ('స', '|'), ('క', '|'), ('లో', 'U'), ('న్న', '|'), ('తు', '|'), ('డై', 'U'), ('న', '|'), ('ఖ', '|'), ('గేం', 'U'), ('ద్ర', '|'), ('మూ', 'U'), ('ర్తి', '|'), ('పై', 'U'), ('నె', 'U'), ('క్కి', '|'), ('వి', '|'), ('నో', 'U'), ('ద', '|'), ('లీ', 'U'), ('ల', '|'), ('జ', '|'), ('రి', '|'), ('యిం', 'U'), ('చు', '|'), ('చు', '|'), ('న', 'U'), ('య్య', '|'), ('ల', '|'), ('మే', 'U'), ('లు', '|'), ('మం', 'U'), ('గ', '|'), ('మో', 'U'), ('మ', 'U'), ('క్కు', '|'), ('న', '|'), ('జే', 'U'), ('ర్చు', '|'), ('చు', 'U'), ('న్బ', '|'), ('హు', '|'), ('వి', '|'), ('హా', 'U'), ('ర', '|'), ('ము', '|'), ('ల', 'U'), ('న్వ', '|'), ('న', '|'), ('వీ', 'U'), ('థు', '|'), ('లం', 'U'), ('బ్రి', '|'), ('యం', 'U'), ('బె', 'U'), ('క్కు', '|'), ('వ', '|'), ('గా', 'U'), ('జె', '|'), ('లం', 'U'), ('గు', '|'), ('వి', '|'), ('ధ', '|'), ('మే', 'U'), ('మ', '|'), ('ని', '|'), ('చె', 'U'), ('ప్పు', '|'), ('దు', '|'), ('వేం', 'U'), ('క', '|'), ('టే', 'U'), ('శ్వ', '|'), ('రా', 'U')]",0.85,1.0,1.0,1.0,0.25,1.0
vutpalamaala,"దుగ్ధపయోధికన్య జలధుల్‌ జగముల్‌ దనకుక్షినున్న సు
స్నిగ్ధకృశోదరాంగి తులసిం బ్రియురాలలమేలుమంగ యీ
... ... ... ... ... ... నుచు నిన్ను మునీంద్ర కన్యకల్‌
దిగ్ధరణీధరంబుల నుతింతురు నవ్వుచు వేంకటేశ్వరా!",vruttamu,Venkateswara,"[('దు', 'U'), ('గ్ధ', '|'), ('ప', '|'), ('యో', 'U'), ('ధి', '|'), ('క', 'U'), ('న్య', '|'), ('జ', '|'), ('ల', '|'), ('ధు', 'U'), ('ల్జ', '|'), ('గ', '|'), ('ము', 'U'), ('ల్ద', '|'), ('న', '|'), ('కు', 'U'), ('క్షి', '|'), ('ను', 'U'), ('న్న', '|'), ('సు', 'U'), ('స్ని', 'U'), ('గ్ధ', '|'), ('కృ', '|'), ('శో', 'U'), ('ద', '|'), ('రాం', 'U'), ('గి', '|'), ('తు', '|'), ('ల', '|'), ('సిం', 'U'), ('బ్రి', '|'), ('యు', '|'), ('రా', 'U'), ('ల', '|'), ('ల', '|'), ('మే', 'U'), ('లు', '|'), ('మం', 'U'), ('గ', '|'), ('యీ', 'U'), ('ను', '|'), ('చు', '|'), ('ని', 'U'), ('న్ను', '|'), ('ము', '|'), ('నీం', 'U'), ('ద్ర', '|'), ('క', 'U'), ('న్య', '|'), ('కల్', 'U'), ('ది', 'U'), ('గ్ధ', '|'), ('ర', '|'), ('ణీ', 'U'), ('ధ', '|'), ('రం', 'U'), ('బు', '|'), ('ల', '|'), ('ను', '|'), ('తిం', 'U'), ('తు', '|'), ('రు', '|'), ('న', 'U'), ('వ్వు', '|'), ('చు', '|'), ('వేం', 'U'), ('క', '|'), ('టే', 'U'), ('శ్వ', '|'), ('రా', 'U')]",0.6821428571428572,0.875,1.0,0.5357142857142857,0.5,0.5
vutpalamaala,"పాయని జాజిపువ్వులనె పట్టుక బాయు ... ... ...
... ... ... రాహుతుఁడవైనపు డాయల మేలుమంగ ని
శ్శ్రేయసలక్ష్మి నీశరము చెంగట నొప్పెఁ దురుష్క దేశబి
బ్బీయెలపువ్వు పయ్యెదనె ప్రేమపునవ్వున వేంకటేశ్వరా!",vruttamu,Venkateswara,"[('పా', 'U'), ('య', '|'), ('ని', '|'), ('జా', 'U'), ('జి', '|'), ('పు', 'U'), ('వ్వు', '|'), ('ల', '|'), ('నె', '|'), ('ప', 'U'), ('ట్టు', '|'), ('క', '|'), ('బా', 'U'), ('యు', '|'), ('రా', 'U'), ('హు', '|'), ('తు', '|'), ('డ', '|'), ('వై', 'U'), ('న', '|'), ('పు', '|'), ('డా', 'U'), ('య', '|'), ('ల', '|'), ('మే', 'U'), ('లు', '|'), ('మం', 'U'), ('గ', '|'), ('ని', 'U'), ('శ్శ్రే', 'U'), ('య', '|'), ('స', '|'), ('ల', 'U'), ('క్ష్మి', '|'), ('నీ', 'U'), ('శ', '|'), ('ర', '|'), ('ము', '|'), ('చెం', 'U'), ('గ', '|'), ('ట', '|'), ('నొ', 'U'), ('ప్పె', '|'), ('దు', '|'), ('రు', 'U'), ('ష్క', '|'), ('దే', 'U'), ('శ', '|'), ('బి', 'U'), ('బ్బీ', 'U'), ('యె', '|'), ('ల', '|'), ('పు', 'U'), ('వ్వు', '|'), ('ప', 'U'), ('య్యె', '|'), ('ద', '|'), ('నె', '|'), ('ప్రే', 'U'), ('మ', '|'), ('పు', '|'), ('న', 'U'), ('వ్వు', '|'), ('న', '|'), ('వేం', 'U'), ('క', '|'), ('టే', 'U'), ('శ్వ', '|'), ('రా', 'U')]",0.5653571428571429,0.8625,1.0,0.2142857142857143,0.25,0.5
vutpalamaala,"ఓచెలి! యోలతాప్రతిమ! యోమృగలోచ! యోచకోరిరో!
యోచదురాల! యోచిలుక! యో ... ... ... యలమేలుమంగ నీ
చూచినచూపులే విభుఁడు చూచినచూపు లటంచు నీసతిన్‌
ఖేచరసిద్ధకామినులు కీర్తనసేతురు వేంకటేశ్వరా!",vruttamu,Venkateswara,"[('ఓ', 'U'), ('చె', '|'), ('లి', '|'), ('యో', 'U'), ('ల', '|'), ('తా', 'U'), ('ప్ర', '|'), ('తి', '|'), ('మ', '|'), ('యో', 'U'), ('మృ', '|'), ('గ', '|'), ('లో', 'U'), ('చ', '|'), ('యో', 'U'), ('చ', '|'), ('కో', 'U'), ('రి', '|'), ('రో', 'U'), ('యో', 'U'), ('చ', '|'), ('దు', '|'), ('రా', 'U'), ('ల', '|'), ('యో', 'U'), ('చి', '|'), ('లు', '|'), ('క', '|'), ('యో', 'U'), ('య', '|'), ('ల', '|'), ('మే', 'U'), ('లు', '|'), ('మం', 'U'), ('గ', '|'), ('నీ', 'U'), ('చూ', 'U'), ('చి', '|'), ('న', '|'), ('చూ', 'U'), ('పు', '|'), ('లే', 'U'), ('వి', '|'), ('భు', '|'), ('డు', '|'), ('చూ', 'U'), ('చి', '|'), ('న', '|'), ('చూ', 'U'), ('పు', '|'), ('ల', '|'), ('టం', 'U'), ('చు', '|'), ('నీ', 'U'), ('స', '|'), ('తిన్', 'U'), ('ఖే', 'U'), ('చ', '|'), ('ర', '|'), ('సి', 'U'), ('ద్ధ', '|'), ('కా', 'U'), ('మి', '|'), ('ను', '|'), ('లు', '|'), ('కీ', 'U'), ('ర్త', '|'), ('న', '|'), ('సే', 'U'), ('తు', '|'), ('రు', '|'), ('వేం', 'U'), ('క', '|'), ('టే', 'U'), ('శ్వ', '|'), ('రా', 'U')]",0.5328571428571428,0.95,1.0,0.2142857142857143,0.25,0.25
vutpalamaala,"మంగళ మమ్మకున్‌ సకల మంగళ మంబుజ నేత్రకున్‌ జయా
మంగళ మిందిరాసతికి మంగళ మీయలమేలుమంగకున్‌
మంగళమందు నే మఱియు మంగళమందును దేవలోక ది
వ్యాంగన లెల్ల నీసతికి నారతు లిత్తురు వేంకటేశ్వరా!",vruttamu,Venkateswara,"[('మం', 'U'), ('గ', '|'), ('ళ', '|'), ('మ', 'U'), ('మ్మ', '|'), ('కు', 'U'), ('న్స', '|'), ('క', '|'), ('ల', '|'), ('మం', 'U'), ('గ', '|'), ('ళ', '|'), ('మం', 'U'), ('బు', '|'), ('జ', '|'), ('నే', 'U'), ('త్ర', '|'), ('కు', 'U'), ('న్జ', '|'), ('యా', 'U'), ('మం', 'U'), ('గ', '|'), ('ళ', '|'), ('మిం', 'U'), ('ది', '|'), ('రా', 'U'), ('స', '|'), ('తి', '|'), ('కి', '|'), ('మం', 'U'), ('గ', '|'), ('ళ', '|'), ('మీ', 'U'), ('య', '|'), ('ల', '|'), ('మే', 'U'), ('లు', '|'), ('మం', 'U'), ('గ', '|'), ('కున్', 'U'), ('మం', 'U'), ('గ', '|'), ('ళ', '|'), ('మం', 'U'), ('దు', '|'), ('నే', 'U'), ('మ', '|'), ('ఱి', '|'), ('యు', '|'), ('మం', 'U'), ('గ', '|'), ('ళ', '|'), ('మం', 'U'), ('దు', '|'), ('ను', '|'), ('దే', 'U'), ('వ', '|'), ('లో', 'U'), ('క', '|'), ('ది', 'U'), ('వ్యాం', 'U'), ('గ', '|'), ('న', '|'), ('లె', 'U'), ('ల్ల', '|'), ('నీ', 'U'), ('స', '|'), ('తి', '|'), ('కి', '|'), ('నా', 'U'), ('ర', '|'), ('తు', '|'), ('లి', 'U'), ('త్తు', '|'), ('రు', '|'), ('వేం', 'U'), ('క', '|'), ('టే', 'U'), ('శ్వ', '|'), ('రా', 'U')]",0.95,1.0,1.0,1.0,0.75,1.0
vutpalamaala,"వెలదిఁ మహాపరాధములు వేయును జేసితిఁ గావుమన్న నీ
పులకలు మేనిఘాతలును బూఁతలు జూ చలమేలుమంగ నీ
యలకలు దీర్చి చెక్కు చెమ టల్లన గోళ్లను జిమ్మి పయ్యెదన్‌
బలుచనినవ్వుతో విసరుఁ బై చెమ టారఁగ వేంకటేశ్వరా!",vruttamu,Venkateswara,"[('వె', '|'), ('ల', '|'), ('ది', '|'), ('మ', '|'), ('హా', 'U'), ('ప', '|'), ('రా', 'U'), ('ధ', '|'), ('ము', '|'), ('లు', '|'), ('వే', 'U'), ('యు', '|'), ('ను', '|'), ('జే', 'U'), ('సి', '|'), ('తి', '|'), ('గా', 'U'), ('వు', '|'), ('మ', 'U'), ('న్న', '|'), ('నీ', 'U'), ('పు', '|'), ('ల', '|'), ('క', '|'), ('లు', '|'), ('మే', 'U'), ('ని', '|'), ('ఘా', 'U'), ('త', '|'), ('లు', '|'), ('ను', '|'), ('బూ', 'U'), ('త', '|'), ('లు', '|'), ('జూ', 'U'), ('చ', '|'), ('ల', '|'), ('మే', 'U'), ('లు', '|'), ('మం', 'U'), ('గ', '|'), ('నీ', 'U'), ('య', '|'), ('ల', '|'), ('క', '|'), ('లు', '|'), ('దీ', 'U'), ('ర్చి', '|'), ('చె', 'U'), ('క్కు', '|'), ('చె', '|'), ('మ', '|'), ('ట', 'U'), ('ల్ల', '|'), ('న', '|'), ('గో', 'U'), ('ళ్ల', '|'), ('ను', '|'), ('జి', 'U'), ('మ్మి', '|'), ('ప', 'U'), ('య్యె', '|'), ('దన్', 'U'), ('బ', '|'), ('లు', '|'), ('చ', '|'), ('ని', '|'), ('న', 'U'), ('వ్వు', '|'), ('తో', 'U'), ('వి', '|'), ('స', '|'), ('రు', '|'), ('బై', 'U'), ('చె', '|'), ('మ', '|'), ('టా', 'U'), ('ర', '|'), ('గ', '|'), ('వేం', 'U'), ('క', '|'), ('టే', 'U'), ('శ్వ', '|'), ('రా', 'U')]",0.4757142857142857,0.95,1.0,0.1785714285714286,0.0,0.25
vutpalamaala,"ఏచతురత్వ మేమహిమ మేమి విలాస మదేమి విభ్రమం
బీ చెలువంపు సంపదయు నిందుముఖుల్‌ జగదేకమోహినుల్‌
చూచి తలంట వేడ్కపడి చూతురు నీయలమేలుమంగ లీ
లాచికురంపుఁ గ్రుమ్ముడి కెలంకుల నిగ్గులు వేంకటేశ్వరా!",vruttamu,Venkateswara,"[('ఏ', 'U'), ('చ', '|'), ('తు', '|'), ('ర', 'U'), ('త్వ', '|'), ('మే', 'U'), ('మ', '|'), ('హి', '|'), ('మ', '|'), ('మే', 'U'), ('మి', '|'), ('వి', '|'), ('లా', 'U'), ('స', '|'), ('మ', '|'), ('దే', 'U'), ('మి', '|'), ('వి', '|'), ('భ్ర', '|'), ('మం', 'U'), ('బీ', 'U'), ('చె', '|'), ('లు', '|'), ('వం', 'U'), ('పు', '|'), ('సం', 'U'), ('ప', '|'), ('ద', '|'), ('యు', '|'), ('నిం', 'U'), ('దు', '|'), ('ము', '|'), ('ఖు', 'U'), ('ల్జ', '|'), ('గ', '|'), ('దే', 'U'), ('క', '|'), ('మో', 'U'), ('హి', '|'), ('నుల్', 'U'), ('చూ', 'U'), ('చి', '|'), ('త', '|'), ('లం', 'U'), ('ట', '|'), ('వే', 'U'), ('డ్క', '|'), ('ప', '|'), ('డి', '|'), ('చూ', 'U'), ('తు', '|'), ('రు', '|'), ('నీ', 'U'), ('య', '|'), ('ల', '|'), ('మే', 'U'), ('లు', '|'), ('మం', 'U'), ('గ', '|'), ('లీ', 'U'), ('లా', 'U'), ('చి', '|'), ('కు', '|'), ('రం', 'U'), ('పు', '|'), ('గ్రు', 'U'), ('మ్ము', '|'), ('డి', '|'), ('కె', '|'), ('లం', 'U'), ('కు', '|'), ('ల', '|'), ('ని', 'U'), ('గ్గు', '|'), ('లు', '|'), ('వేం', 'U'), ('క', '|'), ('టే', 'U'), ('శ్వ', '|'), ('రా', 'U')]",0.8928571428571429,1.0,1.0,0.9642857142857143,0.5,1.0
champakamaala,"పరిమళమో కదంబమొ ప్రభల్‌ విడ నించిననిగ్గొ నిర్మలా
భరణమొ నిత్యవైభవమొ భాగ్యమొ శ్రీయలమేలుమంగ భూ
ధరునకు నాదిలక్ష్మి యని తత్త్వమహత్త్వ రహస్యవేత్తలం
బరమున నుండి నీవనితఁ బ్రస్తుతి సేతురు వేంకటేశ్వరా!",vruttamu,Venkateswara,"[('ప', '|'), ('రి', '|'), ('మ', '|'), ('ళ', '|'), ('మో', 'U'), ('క', '|'), ('దం', 'U'), ('బ', '|'), ('మొ', '|'), ('ప్ర', '|'), ('భ', 'U'), ('ల్వి', '|'), ('డ', '|'), ('నిం', 'U'), ('చి', '|'), ('న', '|'), ('ని', 'U'), ('గ్గొ', '|'), ('ని', 'U'), ('ర్మ', '|'), ('లా', 'U'), ('భ', '|'), ('ర', '|'), ('ణ', '|'), ('మొ', '|'), ('ని', 'U'), ('త్య', '|'), ('వై', 'U'), ('భ', '|'), ('వ', '|'), ('మొ', '|'), ('భా', 'U'), ('గ్య', '|'), ('మొ', '|'), ('శ్రీ', 'U'), ('య', '|'), ('ల', '|'), ('మే', 'U'), ('లు', '|'), ('మం', 'U'), ('గ', '|'), ('భూ', 'U'), ('ధ', '|'), ('రు', '|'), ('న', '|'), ('కు', '|'), ('నా', 'U'), ('ది', '|'), ('ల', 'U'), ('క్ష్మి', '|'), ('య', '|'), ('ని', '|'), ('త', 'U'), ('త్త్వ', '|'), ('మ', '|'), ('హ', 'U'), ('త్త్వ', '|'), ('ర', '|'), ('హ', 'U'), ('స్య', '|'), ('వే', 'U'), ('త్త', '|'), ('లం', 'U'), ('బ', '|'), ('ర', '|'), ('ము', '|'), ('న', '|'), ('నుం', 'U'), ('డి', '|'), ('నీ', 'U'), ('వ', '|'), ('ని', '|'), ('త', '|'), ('బ్ర', 'U'), ('స్తు', '|'), ('తి', '|'), ('సే', 'U'), ('తు', '|'), ('రు', '|'), ('వేం', 'U'), ('క', '|'), ('టే', 'U'), ('శ్వ', '|'), ('రా', 'U')]",1.0,1.0,1.0,1.0,1.0,1.0
champakamaala,"తిరుమగు మంచి కుందనపుఁ దీగపయిన్‌ ఘనచక్రవాకముల్‌
పరగినరీతిఁ జన్నుఁగవ భావముతో నలమేలుమంగ నీ
యురముపయిం జెలంగఁగని యోగిజనంబులు నీలమేఘవి
స్ఫురణముతోడి మిం చనుచుఁ జూచి నుతింతురు వేంకటేశ్వరా!",vruttamu,Venkateswara,"[('తి', '|'), ('రు', '|'), ('మ', '|'), ('గు', '|'), ('మం', 'U'), ('చి', '|'), ('కుం', 'U'), ('ద', '|'), ('న', '|'), ('పు', '|'), ('దీ', 'U'), ('గ', '|'), ('ప', '|'), ('యి', 'U'), ('న్ఘ', '|'), ('న', '|'), ('చ', '|'), ('క్ర', '|'), ('వా', 'U'), ('క', '|'), ('ముల్', 'U'), ('ప', '|'), ('ర', '|'), ('గి', '|'), ('న', '|'), ('రీ', 'U'), ('తి', '|'), ('జ', 'U'), ('న్ను', '|'), ('గ', '|'), ('వ', '|'), ('భా', 'U'), ('వ', '|'), ('ము', '|'), ('తో', 'U'), ('న', '|'), ('ల', '|'), ('మే', 'U'), ('లు', '|'), ('మం', 'U'), ('గ', '|'), ('నీ', 'U'), ('యు', '|'), ('ర', '|'), ('ము', '|'), ('ప', '|'), ('యిం', 'U'), ('జె', '|'), ('లం', 'U'), ('గ', '|'), ('గ', '|'), ('ని', '|'), ('యో', 'U'), ('గి', '|'), ('జ', '|'), ('నం', 'U'), ('బు', '|'), ('లు', '|'), ('నీ', 'U'), ('ల', '|'), ('మే', 'U'), ('ఘ', '|'), ('వి', 'U'), ('స్ఫు', '|'), ('ర', '|'), ('ణ', '|'), ('ము', '|'), ('తో', 'U'), ('డి', '|'), ('మిం', 'U'), ('చ', '|'), ('ను', '|'), ('చు', '|'), ('జూ', 'U'), ('చి', '|'), ('ను', '|'), ('తిం', 'U'), ('తు', '|'), ('రు', '|'), ('వేం', 'U'), ('క', '|'), ('టే', 'U'), ('శ్వ', '|'), ('రా', 'U')]",0.9928571428571429,1.0,1.0,0.9642857142857143,1.0,1.0
champakamaala,"కొలఁదికిమీఱుఁ గ్రొవ్విరులు కొప్పునఁ జాఱఁగఁ జూపుకన్నుల\న్‌
గులుకుచు నుండ నెన్నుదుటికుంకుమతో నలమేలుమంగ వె
న్నెలనునుఁదీఁగయై కళలునించినఁపుత్తడి బొమ్మయై నినుం
గలికి కరంబునం జెనయఁగంటిరిగా తమి వేంకటేశ్వరా!",vruttamu,Venkateswara,"[('కొ', '|'), ('ల', '|'), ('ది', '|'), ('కి', '|'), ('మీ', 'U'), ('ఱు', '|'), ('గ్రొ', 'U'), ('వ్వి', '|'), ('రు', '|'), ('లు', '|'), ('కొ', 'U'), ('ప్పు', '|'), ('న', '|'), ('జా', 'U'), ('ఱ', '|'), ('గ', '|'), ('జూ', 'U'), ('పు', '|'), ('క', 'U'), ('న్ను', '|'), ('లన్', 'U'), ('గు', '|'), ('లు', '|'), ('కు', '|'), ('చు', '|'), ('నుం', 'U'), ('డ', '|'), ('నె', 'U'), ('న్ను', '|'), ('దు', '|'), ('టి', '|'), ('కుం', 'U'), ('కు', '|'), ('మ', '|'), ('తో', 'U'), ('న', '|'), ('ల', '|'), ('మే', 'U'), ('లు', '|'), ('మం', 'U'), ('గ', '|'), ('వె', 'U'), ('న్నె', '|'), ('ల', '|'), ('ను', '|'), ('ను', '|'), ('దీ', 'U'), ('గ', '|'), ('యై', 'U'), ('క', '|'), ('ళ', '|'), ('లు', '|'), ('నిం', 'U'), ('చి', '|'), ('న', '|'), ('పు', 'U'), ('త్త', '|'), ('డి', '|'), ('బొ', 'U'), ('మ్మ', '|'), ('యై', 'U'), ('ని', '|'), ('నుం', 'U'), ('గ', '|'), ('లి', '|'), ('కి', '|'), ('క', '|'), ('రం', 'U'), ('బు', '|'), ('నం', 'U'), ('జె', '|'), ('న', '|'), ('య', '|'), ('గం', 'U'), ('టి', '|'), ('రి', '|'), ('గా', 'U'), ('త', '|'), ('మి', '|'), ('వేం', 'U'), ('క', '|'), ('టే', 'U'), ('శ్వ', '|'), ('రా', 'U')]",1.0,1.0,1.0,1.0,1.0,1.0
champakamaala,"పెడమర చూచి చూపు జళిపించిన నెట్లు ధరింతువో ప్రియం
బడరఁగఁ గౌనుదీగ నులియన్‌ ... ... ... ... ... నన్‌
సడివడి యెంతవేఁగుదువొ చక్కని శ్రీయలమేలుమంగ నీ
వెడవగు మోముఁజూచి నగి వెన్నెల చల్లిన వేంకటేశ్వరా!",vruttamu,Venkateswara,"[('పె', '|'), ('డ', '|'), ('మ', '|'), ('ర', '|'), ('చూ', 'U'), ('చి', '|'), ('చూ', 'U'), ('పు', '|'), ('జ', '|'), ('ళి', '|'), ('పిం', 'U'), ('చి', '|'), ('న', '|'), ('నె', 'U'), ('ట్లు', '|'), ('ధ', '|'), ('రిం', 'U'), ('తు', '|'), ('వో', 'U'), ('ప్రి', '|'), ('యం', 'U'), ('బ', '|'), ('డ', '|'), ('ర', '|'), ('గ', '|'), ('గౌ', 'U'), ('ను', '|'), ('దీ', 'U'), ('గ', '|'), ('ను', '|'), ('లి', '|'), ('య', 'U'), ('న్నన్', 'U'), ('స', '|'), ('డి', '|'), ('వ', '|'), ('డి', '|'), ('యెం', 'U'), ('త', '|'), ('వే', 'U'), ('గు', '|'), ('దు', '|'), ('వొ', '|'), ('చ', 'U'), ('క్క', '|'), ('ని', '|'), ('శ్రీ', 'U'), ('య', '|'), ('ల', '|'), ('మే', 'U'), ('లు', '|'), ('మం', 'U'), ('గ', '|'), ('నీ', 'U'), ('వె', '|'), ('డ', '|'), ('వ', '|'), ('గు', '|'), ('మో', 'U'), ('ము', '|'), ('జూ', 'U'), ('చి', '|'), ('న', '|'), ('గి', '|'), ('వె', 'U'), ('న్నె', '|'), ('ల', '|'), ('చ', 'U'), ('ల్లి', '|'), ('న', '|'), ('వేం', 'U'), ('క', '|'), ('టే', 'U'), ('శ్వ', '|'), ('రా', 'U')]",0.6285714285714286,0.8928571428571429,1.0,0.5,0.25,0.5
vutpalamaala,"... ... ... ... ... గుజ్జెన గూళ్ళును బైఁడిపొళ్ళు మా
యమ్మకు బొమ్మరిళ్లు లలితాంగికి మాయలమేలుమంగకున్‌
బొమ్మలు బొమ్మపొత్తికలు బోనపుదొంతు లటంచు నీసతిన్‌
నెమ్మి భజించి మ్రొక్కుదురు నిర్జరకాంతలు వేంకటేశ్వరా!",vruttamu,Venkateswara,"[('గు', 'U'), ('జ్జె', '|'), ('న', '|'), ('గూ', 'U'), ('ళ్ళు', '|'), ('ను', '|'), ('బై', 'U'), ('డి', '|'), ('పొ', 'U'), ('ళ్ళు', '|'), ('మా', 'U'), ('య', 'U'), ('మ్మ', '|'), ('కు', '|'), ('బొ', 'U'), ('మ్మ', '|'), ('రి', 'U'), ('ళ్లు', '|'), ('ల', '|'), ('లి', '|'), ('తాం', 'U'), ('గి', '|'), ('కి', '|'), ('మా', 'U'), ('య', '|'), ('ల', '|'), ('మే', 'U'), ('లు', '|'), ('మం', 'U'), ('గ', '|'), ('కున్', 'U'), ('బొ', 'U'), ('మ్మ', '|'), ('లు', '|'), ('బొ', 'U'), ('మ్మ', '|'), ('పొ', 'U'), ('త్తి', '|'), ('క', '|'), ('లు', '|'), ('బో', 'U'), ('న', '|'), ('పు', '|'), ('దొం', 'U'), ('తు', '|'), ('ల', '|'), ('టం', 'U'), ('చు', '|'), ('నీ', 'U'), ('స', '|'), ('తిన్', 'U'), ('నె', 'U'), ('మ్మి', '|'), ('భ', '|'), ('జిం', 'U'), ('చి', '|'), ('మ్రొ', 'U'), ('క్కు', '|'), ('దు', '|'), ('రు', '|'), ('ని', 'U'), ('ర్జ', '|'), ('ర', '|'), ('కాం', 'U'), ('త', '|'), ('లు', '|'), ('వేం', 'U'), ('క', '|'), ('టే', 'U'), ('శ్వ', '|'), ('రా', 'U')]",0.4560714285714285,0.8875,1.0,0.1428571428571428,0.0,0.25
vutpalamaala,"ఓ కమనీయకంజముఖి! యోవలరాయనితల్లి! యోసుధా
సైకతచాతురీజఘన చక్రిణి! యోయలమేలుమంగ! నీ
వే కరుణించి కావుమని వేడ్కల నింద్రపురంధ్రు లందఱున్‌
బైకొని నీలతాప్రతిమ బ్రస్తుతిసేతురు వేంకటేశ్వరా!",vruttamu,Venkateswara,"[('ఓ', 'U'), ('క', '|'), ('మ', '|'), ('నీ', 'U'), ('య', '|'), ('కం', 'U'), ('జ', '|'), ('ము', '|'), ('ఖి', '|'), ('యో', 'U'), ('వ', '|'), ('ల', '|'), ('రా', 'U'), ('య', '|'), ('ని', '|'), ('త', 'U'), ('ల్లి', '|'), ('యో', 'U'), ('సు', '|'), ('ధా', 'U'), ('సై', 'U'), ('క', '|'), ('త', '|'), ('చా', 'U'), ('తు', '|'), ('రీ', 'U'), ('జ', '|'), ('ఘ', '|'), ('న', '|'), ('చ', '|'), ('క్రి', '|'), ('ణి', '|'), ('యో', 'U'), ('య', '|'), ('ల', '|'), ('మే', 'U'), ('లు', '|'), ('మం', 'U'), ('గ', '|'), ('నీ', 'U'), ('వే', 'U'), ('క', '|'), ('రు', '|'), ('ణిం', 'U'), ('చి', '|'), ('కా', 'U'), ('వు', '|'), ('మ', '|'), ('ని', '|'), ('వే', 'U'), ('డ్క', '|'), ('ల', '|'), ('నిం', 'U'), ('ద్ర', '|'), ('పు', '|'), ('రం', 'U'), ('ధ్రు', '|'), ('లం', 'U'), ('ద', '|'), ('ఱున్', 'U'), ('బై', 'U'), ('కొ', '|'), ('ని', '|'), ('నీ', 'U'), ('ల', '|'), ('తా', 'U'), ('ప్ర', '|'), ('తి', '|'), ('మ', '|'), ('బ్ర', 'U'), ('స్తు', '|'), ('తి', '|'), ('సే', 'U'), ('తు', '|'), ('రు', '|'), ('వేం', 'U'), ('క', '|'), ('టే', 'U'), ('శ్వ', '|'), ('రా', 'U')]",0.9428571428571428,1.0,1.0,0.9642857142857143,0.75,1.0
vutpalamaala,"జాగరమేల చేసెదవు చంద్రనిభానన పవ్వళింపు నీ
భోగపరిశ్రమంబులకు భూషణమై యలమేలుమంగ నీ
యోగవియోగలీల లని యోగికన్యలు నీవధూటి నా
యాగతి బుజ్జగింతురు మహావినయంబున వేంకటేశ్వరా!",vruttamu,Venkateswara,"[('జా', 'U'), ('గ', '|'), ('ర', '|'), ('మే', 'U'), ('ల', '|'), ('చే', 'U'), ('సె', '|'), ('ద', '|'), ('వు', '|'), ('చం', 'U'), ('ద్ర', '|'), ('ని', '|'), ('భా', 'U'), ('న', '|'), ('న', '|'), ('ప', 'U'), ('వ్వ', '|'), ('ళిం', 'U'), ('పు', '|'), ('నీ', 'U'), ('భో', 'U'), ('గ', '|'), ('ప', '|'), ('రి', '|'), ('శ్ర', '|'), ('మం', 'U'), ('బు', '|'), ('ల', '|'), ('కు', '|'), ('భూ', 'U'), ('ష', '|'), ('ణ', '|'), ('మై', 'U'), ('య', '|'), ('ల', '|'), ('మే', 'U'), ('లు', '|'), ('మం', 'U'), ('గ', '|'), ('నీ', 'U'), ('యో', 'U'), ('గ', '|'), ('వి', '|'), ('యో', 'U'), ('గ', '|'), ('లీ', 'U'), ('ల', '|'), ('ల', '|'), ('ని', '|'), ('యో', 'U'), ('గి', '|'), ('క', 'U'), ('న్య', '|'), ('లు', '|'), ('నీ', 'U'), ('వ', '|'), ('ధూ', 'U'), ('టి', '|'), ('నా', 'U'), ('యా', 'U'), ('గ', '|'), ('తి', '|'), ('బు', 'U'), ('జ్జ', '|'), ('గిం', 'U'), ('తు', '|'), ('రు', '|'), ('మ', '|'), ('హా', 'U'), ('వి', '|'), ('న', '|'), ('యం', 'U'), ('బు', '|'), ('న', '|'), ('వేం', 'U'), ('క', '|'), ('టే', 'U'), ('శ్వ', '|'), ('రా', 'U')]",0.8117857142857142,0.9875,1.0,0.5714285714285714,0.75,0.75
vutpalamaala,"పల్లవపాణి విశ్వగురుభామిని యిట్టి ప్రపంచ మంతకున్‌
దల్లి సమస్తజీవులనిధానమ శ్రీయలమేలుమంగ నీ
చల్లనిచూపు చిల్కి వెదచల్లఁగఁ బుణ్యులమైతి మండ్రు భూ
మెల్లను నీ వధూమణి ననేకవిధంబుల వేంకటేశ్వరా!",vruttamu,Venkateswara,"[('ప', 'U'), ('ల్ల', '|'), ('వ', '|'), ('పా', 'U'), ('ణి', '|'), ('వి', 'U'), ('శ్వ', '|'), ('గు', '|'), ('రు', '|'), ('భా', 'U'), ('మి', '|'), ('ని', '|'), ('యి', 'U'), ('ట్టి', '|'), ('ప్ర', '|'), ('పం', 'U'), ('చ', '|'), ('మం', 'U'), ('త', '|'), ('కున్', 'U'), ('ద', 'U'), ('ల్లి', '|'), ('స', '|'), ('మ', 'U'), ('స్త', '|'), ('జీ', 'U'), ('వు', '|'), ('ల', '|'), ('ని', '|'), ('ధా', 'U'), ('న', '|'), ('మ', '|'), ('శ్రీ', 'U'), ('య', '|'), ('ల', '|'), ('మే', 'U'), ('లు', '|'), ('మం', 'U'), ('గ', '|'), ('నీ', 'U'), ('చ', 'U'), ('ల్ల', '|'), ('ని', '|'), ('చూ', 'U'), ('పు', '|'), ('చి', 'U'), ('ల్కి', '|'), ('వె', '|'), ('ద', '|'), ('చ', 'U'), ('ల్ల', '|'), ('గ', '|'), ('బు', 'U'), ('ణ్యు', '|'), ('ల', '|'), ('మై', 'U'), ('తి', '|'), ('మం', 'U'), ('డ్రు', '|'), ('భూ', 'U'), ('మె', 'U'), ('ల్ల', '|'), ('ను', '|'), ('నీ', 'U'), ('వ', '|'), ('ధూ', 'U'), ('మ', '|'), ('ణి', '|'), ('న', '|'), ('నే', 'U'), ('క', '|'), ('వి', '|'), ('ధం', 'U'), ('బు', '|'), ('ల', '|'), ('వేం', 'U'), ('క', '|'), ('టే', 'U'), ('శ్వ', '|'), ('రా', 'U')]",0.95,1.0,1.0,1.0,0.75,1.0
champakamaala,"చెఱఁ గిడఁగా నదల్చెదవు చేరినఁ దిట్టెదు కౌఁగిలించినన్‌
గొఱఁతలె యెన్నఁజూచెదవు కోపము న ద్దలమేలుమంగ నా
వెఱ పిఁకనైనఁ దీర్పుమని వేడ్కల నీవు మనోజలీలలన్‌
దఱితఱి నింతిఁ గూడుటలుఁ దత్తఱపాటులు వేంకటేశ్వరా!",vruttamu,Venkateswara,"[('చె', '|'), ('ఱ', '|'), ('గి', '|'), ('డ', '|'), ('గా', 'U'), ('న', '|'), ('ద', 'U'), ('ల్చె', '|'), ('ద', '|'), ('వు', '|'), ('చే', 'U'), ('రి', '|'), ('న', '|'), ('ది', 'U'), ('ట్టె', '|'), ('దు', '|'), ('కౌ', 'U'), ('గి', '|'), ('లిం', 'U'), ('చి', '|'), ('నన్', 'U'), ('గొ', '|'), ('ఱ', '|'), ('త', '|'), ('లె', '|'), ('యె', 'U'), ('న్న', '|'), ('జూ', 'U'), ('చె', '|'), ('ద', '|'), ('వు', '|'), ('కో', 'U'), ('ప', '|'), ('ము', '|'), ('న', 'U'), ('ద్ద', '|'), ('ల', '|'), ('మే', 'U'), ('లు', '|'), ('మం', 'U'), ('గ', '|'), ('నా', 'U'), ('వె', '|'), ('ఱ', '|'), ('పి', '|'), ('క', '|'), ('నై', 'U'), ('న', '|'), ('దీ', 'U'), ('ర్పు', '|'), ('మ', '|'), ('ని', '|'), ('వే', 'U'), ('డ్క', '|'), ('ల', '|'), ('నీ', 'U'), ('వు', '|'), ('మ', '|'), ('నో', 'U'), ('జ', '|'), ('లీ', 'U'), ('ల', '|'), ('లన్', 'U'), ('ద', '|'), ('ఱి', '|'), ('త', '|'), ('ఱి', '|'), ('నిం', 'U'), ('తి', '|'), ('గూ', 'U'), ('డు', '|'), ('ట', '|'), ('లు', '|'), ('ద', 'U'), ('త్త', '|'), ('ఱ', '|'), ('పా', 'U'), ('టు', '|'), ('లు', '|'), ('వేం', 'U'), ('క', '|'), ('టే', 'U'), ('శ్వ', '|'), ('రా', 'U')]",1.0,1.0,1.0,1.0,1.0,1.0
vutpalamaala,"రాపుగ మమ్ము నేయునపరాధశతంబుల సంతముల్‌ సదా
... ... ... ... ... ... ... ... ... ... ... ... ... ...
... ... ... ... ... ... ... ... ... ... ... ... ... ...
కాపురమున్‌ నిరంతము గల్కితనంబును వేంకటేశ్వరా!",vruttamu,Venkateswara,"[('రా', 'U'), ('పు', '|'), ('గ', '|'), ('మ', 'U'), ('మ్ము', '|'), ('నే', 'U'), ('యు', '|'), ('న', '|'), ('ప', '|'), ('రా', 'U'), ('ధ', '|'), ('శ', '|'), ('తం', 'U'), ('బు', '|'), ('ల', '|'), ('సం', 'U'), ('త', '|'), ('ము', 'U'), ('ల్స', '|'), ('దా', 'U'), ('కా', 'U'), ('పు', '|'), ('ర', '|'), ('ము', 'U'), ('న్ని', '|'), ('రం', 'U'), ('త', '|'), ('ము', '|'), ('గ', 'U'), ('ల్కి', '|'), ('త', '|'), ('నం', 'U'), ('బు', '|'), ('ను', '|'), ('వేం', 'U'), ('క', '|'), ('టే', 'U'), ('శ్వ', '|'), ('రా', 'U')]",0.4117857142857143,0.4875,0.5,0.3214285714285715,0.25,0.5
champakamaala,"వెలయ వసంతవేళ వనవీథుల సంపగిపువ్వుటిండ్లలో
నలరుచుఁ బుష్పవృష్టి నలపార్చుచు నీ వలమేలుమంగతో
నలరఁగ నేఁగి వచ్చి యలపారఁగఁ గస్తురినీట మజ్జనం
బెలమి వహించి గంధతతు లన్నియుఁ గ్రమ్మఱ మజ్జనంబు పెం
పొలయఁగ నాడు తీర్థముల నుబ్బు పయోధులు వేంకటేశ్వరా!",vruttamu,Venkateswara,"[('వె', '|'), ('ల', '|'), ('య', '|'), ('వ', '|'), ('సం', 'U'), ('త', '|'), ('వే', 'U'), ('ళ', '|'), ('వ', '|'), ('న', '|'), ('వీ', 'U'), ('థు', '|'), ('ల', '|'), ('సం', 'U'), ('ప', '|'), ('గి', '|'), ('పు', 'U'), ('వ్వు', '|'), ('టిం', 'U'), ('డ్ల', '|'), ('లో', 'U'), ('న', '|'), ('ల', '|'), ('రు', '|'), ('చు', '|'), ('బు', 'U'), ('ష్ప', '|'), ('వృ', 'U'), ('ష్టి', '|'), ('న', '|'), ('ల', '|'), ('పా', 'U'), ('ర్చు', '|'), ('చు', '|'), ('నీ', 'U'), ('వ', '|'), ('ల', '|'), ('మే', 'U'), ('లు', '|'), ('మం', 'U'), ('గ', '|'), ('తో', 'U'), ('న', '|'), ('ల', '|'), ('ర', '|'), ('గ', '|'), ('నే', 'U'), ('గి', '|'), ('వ', 'U'), ('చ్చి', '|'), ('య', '|'), ('ల', '|'), ('పా', 'U'), ('ర', '|'), ('గ', '|'), ('గ', 'U'), ('స్తు', '|'), ('రి', '|'), ('నీ', 'U'), ('ట', '|'), ('మ', 'U'), ('జ్జ', '|'), ('నం', 'U'), ('బె', '|'), ('ల', '|'), ('మి', '|'), ('వ', '|'), ('హిం', 'U'), ('చి', '|'), ('గం', 'U'), ('ధ', '|'), ('త', '|'), ('తు', '|'), ('ల', 'U'), ('న్ని', '|'), ('యు', '|'), ('గ్ర', 'U'), ('మ్మ', '|'), ('ఱ', '|'), ('మ', 'U'), ('జ్జ', '|'), ('నం', 'U'), ('బు', '|'), ('పెం', 'U'), ('పొ', '|'), ('ల', '|'), ('య', '|'), ('గ', '|'), ('నా', 'U'), ('డు', '|'), ('తీ', 'U'), ('ర్థ', '|'), ('ము', '|'), ('ల', '|'), ('ను', 'U'), ('బ్బు', '|'), ('ప', '|'), ('యో', 'U'), ('ధు', '|'), ('లు', '|'), ('వేం', 'U'), ('క', '|'), ('టే', 'U'), ('శ్వ', '|'), ('రా', 'U')]",0.8,0.75,1.0,1.0,0.25,1.0
champakamaala,"వెలయఁగ వేంకటాచలమువీథులఁ గమ్మనిపుష్పవృష్టి కిం
పలరఁగ నేఁగి వచ్చి యలపారఁగ నయ్యల మేలుమంగతో
నలరఁగఁ గోరకమ్ముల లతాంగన లిమ్ముల సేసఁ జల్లఁగాఁ
గలకల నవ్వు మిమ్ముఁ గలకంఠశుకావళి వేంకటేశ్వరా!",vruttamu,Venkateswara,"[('వె', '|'), ('ల', '|'), ('య', '|'), ('గ', '|'), ('వేం', 'U'), ('క', '|'), ('టా', 'U'), ('చ', '|'), ('ల', '|'), ('ము', '|'), ('వీ', 'U'), ('థు', '|'), ('ల', '|'), ('గ', 'U'), ('మ్మ', '|'), ('ని', '|'), ('పు', 'U'), ('ష్ప', '|'), ('వృ', 'U'), ('ష్టి', '|'), ('కిం', 'U'), ('ప', '|'), ('ల', '|'), ('ర', '|'), ('గ', '|'), ('నే', 'U'), ('గి', '|'), ('వ', 'U'), ('చ్చి', '|'), ('య', '|'), ('ల', '|'), ('పా', 'U'), ('ర', '|'), ('గ', '|'), ('న', 'U'), ('య్య', '|'), ('ల', '|'), ('మే', 'U'), ('లు', '|'), ('మం', 'U'), ('గ', '|'), ('తో', 'U'), ('న', '|'), ('ల', '|'), ('ర', '|'), ('గ', '|'), ('గో', 'U'), ('ర', '|'), ('క', 'U'), ('మ్ము', '|'), ('ల', '|'), ('ల', '|'), ('తాం', 'U'), ('గ', '|'), ('న', '|'), ('లి', 'U'), ('మ్ము', '|'), ('ల', '|'), ('సే', 'U'), ('స', '|'), ('జ', 'U'), ('ల్ల', '|'), ('గా', 'U'), ('గ', '|'), ('ల', '|'), ('క', '|'), ('ల', '|'), ('న', 'U'), ('వ్వు', '|'), ('మి', 'U'), ('మ్ము', '|'), ('గ', '|'), ('ల', '|'), ('కం', 'U'), ('ఠ', '|'), ('శు', '|'), ('కా', 'U'), ('వ', '|'), ('ళి', '|'), ('వేం', 'U'), ('క', '|'), ('టే', 'U'), ('శ్వ', '|'), ('రా', 'U')]",0.95,1.0,1.0,1.0,0.75,1.0
vutpalamaala,"ఎక్కడి కేఁగి వచ్చితి రమేశ్వర నీతనుదివ్యగంధ మే
చక్కనియింతిమేని దని సారెకు నీయలమేలుమంగ నీ
చెక్కు గళంబు గోళ్లవడిఁ జేర్చుచు నీయలపార్చి వేఁడుటల్‌
మక్కువగల్గుకాంతలకు మర్మరహస్యము వేంకటేశ్వరా!",vruttamu,Venkateswara,"[('ఎ', 'U'), ('క్క', '|'), ('డి', '|'), ('కే', 'U'), ('గి', '|'), ('వ', 'U'), ('చ్చి', '|'), ('తి', '|'), ('ర', '|'), ('మే', 'U'), ('శ్వ', '|'), ('ర', '|'), ('నీ', 'U'), ('త', '|'), ('ను', '|'), ('ది', 'U'), ('వ్య', '|'), ('గం', 'U'), ('ధ', '|'), ('మే', 'U'), ('చ', 'U'), ('క్క', '|'), ('ని', '|'), ('యిం', 'U'), ('తి', '|'), ('మే', 'U'), ('ని', '|'), ('ద', '|'), ('ని', '|'), ('సా', 'U'), ('రె', '|'), ('కు', '|'), ('నీ', 'U'), ('య', '|'), ('ల', '|'), ('మే', 'U'), ('లు', '|'), ('మం', 'U'), ('గ', '|'), ('నీ', 'U'), ('చె', 'U'), ('క్కు', '|'), ('గ', '|'), ('ళం', 'U'), ('బు', '|'), ('గో', 'U'), ('ళ్ల', '|'), ('వ', '|'), ('డి', '|'), ('జే', 'U'), ('ర్చు', '|'), ('చు', '|'), ('నీ', 'U'), ('య', '|'), ('ల', '|'), ('పా', 'U'), ('ర్చి', '|'), ('వే', 'U'), ('డు', '|'), ('టల్', 'U'), ('మ', 'U'), ('క్కు', '|'), ('వ', '|'), ('గ', 'U'), ('ల్గు', '|'), ('కాం', 'U'), ('త', '|'), ('ల', '|'), ('కు', '|'), ('మ', 'U'), ('ర్మ', '|'), ('ర', '|'), ('హ', 'U'), ('స్య', '|'), ('ము', '|'), ('వేం', 'U'), ('క', '|'), ('టే', 'U'), ('శ్వ', '|'), ('రా', 'U')]",0.95,1.0,1.0,1.0,0.75,1.0
vutpalamaala,"... ... ... ... లును బబ్బిలికాయలు పైఁడిమట్టియల్‌
మోద మెలర్ప నందియలు మ్రోయఁగనయ్యలమేలుమంగ క
త్యాదరలీలఁబాడ బలువంచును వేదము ... ... ...
... ... ... ... ... ... ... ... ... ... ను వేంకటేశ్వరా!",vruttamu,Venkateswara,"[('లు', '|'), ('ను', '|'), ('బ', 'U'), ('బ్బి', '|'), ('లి', '|'), ('కా', 'U'), ('య', '|'), ('లు', '|'), ('పై', 'U'), ('డి', '|'), ('మ', 'U'), ('ట్టి', '|'), ('యల్', 'U'), ('మో', 'U'), ('ద', '|'), ('మె', '|'), ('ల', 'U'), ('ర్ప', '|'), ('నం', 'U'), ('ది', '|'), ('య', '|'), ('లు', '|'), ('మ్రో', 'U'), ('య', '|'), ('గ', '|'), ('న', 'U'), ('య్య', '|'), ('ల', '|'), ('మే', 'U'), ('లు', '|'), ('మం', 'U'), ('గ', '|'), ('క', 'U'), ('త్యా', 'U'), ('ద', '|'), ('ర', '|'), ('లీ', 'U'), ('ల', '|'), ('బా', 'U'), ('డ', '|'), ('బ', '|'), ('లు', '|'), ('వం', 'U'), ('చు', '|'), ('ను', '|'), ('వే', 'U'), ('ద', '|'), ('ము', '|'), ('ను', '|'), ('వేం', 'U'), ('క', '|'), ('టే', 'U'), ('శ్వ', '|'), ('రా', 'U')]",0.3921428571428572,0.675,0.75,0.03571428571428571,0.0,0.5
vutpalamaala,"కాంచనరత్న నూత్న కటకంబులు సందులదండలు\న్‌ బ్రభల్‌
ముంచిన మేఖలావళులు మ్రోయగ నయ్యలమేలుమంగ నే
త్రాంచలగర్వవీక్షణ సుహాసముతో నినుఁ గోరి భ్రూలతన్‌
వంచినఁ దియ్యవిల్లు కడవంచు మరుండును వేంకటేశ్వరా!",vruttamu,Venkateswara,"[('కాం', 'U'), ('చ', '|'), ('న', '|'), ('ర', 'U'), ('త్న', '|'), ('నూ', 'U'), ('త్న', '|'), ('క', '|'), ('ట', '|'), ('కం', 'U'), ('బు', '|'), ('లు', '|'), ('సం', 'U'), ('దు', '|'), ('ల', '|'), ('దం', 'U'), ('డ', '|'), ('లు', 'U'), ('న్బ్ర', '|'), ('భల్', 'U'), ('ముం', 'U'), ('చి', '|'), ('న', '|'), ('మే', 'U'), ('ఖ', '|'), ('లా', 'U'), ('వ', '|'), ('ళు', '|'), ('లు', '|'), ('మ్రో', 'U'), ('య', '|'), ('గ', '|'), ('న', 'U'), ('య్య', '|'), ('ల', '|'), ('మే', 'U'), ('లు', '|'), ('మం', 'U'), ('గ', '|'), ('నే', 'U'), ('త్రాం', 'U'), ('చ', '|'), ('ల', '|'), ('గ', 'U'), ('ర్వ', '|'), ('వీ', 'U'), ('క్ష', '|'), ('ణ', '|'), ('సు', '|'), ('హా', 'U'), ('స', '|'), ('ము', '|'), ('తో', 'U'), ('ని', '|'), ('ను', '|'), ('గో', 'U'), ('రి', '|'), ('భ్రూ', 'U'), ('ల', '|'), ('తన్', 'U'), ('వం', 'U'), ('చి', '|'), ('న', '|'), ('ది', 'U'), ('య్య', '|'), ('వి', 'U'), ('ల్లు', '|'), ('క', '|'), ('డ', '|'), ('వం', 'U'), ('చు', '|'), ('మ', '|'), ('రుం', 'U'), ('డు', '|'), ('ను', '|'), ('వేం', 'U'), ('క', '|'), ('టే', 'U'), ('శ్వ', '|'), ('రా', 'U')]",0.95,1.0,1.0,1.0,0.75,1.0
vutpalamaala,"ఒప్పగు తూఁగుటుయ్యెలల నూఁగుచు నీ వలమేలుమంగతో
నప్పుడు కౌఁగిట న్రతుల నాఁకటిపెల్లున నప్పళించుచున్‌
ఱెప్పలనవ్వుతో మనసుఱిచ్చలతో నఱగన్నులార్చుచున్‌
దెప్పలఁదేలు సౌఖ్య మిదె దేవరహస్యము వేంకటేశ్వరా!",vruttamu,Venkateswara,"[('ఒ', 'U'), ('ప్ప', '|'), ('గు', '|'), ('తూ', 'U'), ('గు', '|'), ('టు', 'U'), ('య్యె', '|'), ('ల', '|'), ('ల', '|'), ('నూ', 'U'), ('గు', '|'), ('చు', '|'), ('నీ', 'U'), ('వ', '|'), ('ల', '|'), ('మే', 'U'), ('లు', '|'), ('మం', 'U'), ('గ', '|'), ('తో', 'U'), ('న', 'U'), ('ప్పు', '|'), ('డు', '|'), ('కౌ', 'U'), ('గి', '|'), ('ట', '|'), ('న్ర', '|'), ('తు', '|'), ('ల', '|'), ('నా', 'U'), ('క', '|'), ('టి', '|'), ('పె', 'U'), ('ల్లు', '|'), ('న', '|'), ('న', 'U'), ('ప్ప', '|'), ('ళిం', 'U'), ('చు', '|'), ('చున్', 'U'), ('ఱె', 'U'), ('ప్ప', '|'), ('ల', '|'), ('న', 'U'), ('వ్వు', '|'), ('తో', 'U'), ('మ', '|'), ('న', '|'), ('సు', '|'), ('ఱి', 'U'), ('చ్చ', '|'), ('ల', '|'), ('తో', 'U'), ('న', '|'), ('ఱ', '|'), ('గ', 'U'), ('న్ను', '|'), ('లా', 'U'), ('ర్చు', '|'), ('చున్', 'U'), ('దె', 'U'), ('ప్ప', '|'), ('ల', '|'), ('దే', 'U'), ('లు', '|'), ('సౌ', 'U'), ('ఖ్య', '|'), ('మి', '|'), ('దె', '|'), ('దే', 'U'), ('వ', '|'), ('ర', '|'), ('హ', 'U'), ('స్య', '|'), ('ము', '|'), ('వేం', 'U'), ('క', '|'), ('టే', 'U'), ('శ్వ', '|'), ('రా', 'U')]",0.9428571428571428,1.0,1.0,0.9642857142857143,0.75,1.0
vutpalamaala,"గీసినగోళ్లచేఁ బసిఁడి కిన్నరకంపితముల్‌ కదల్చుచున్‌
రాసెడిగుబ్బచన్నులభరంబున నయ్యలమేలుమంగతో
మూసియు మూయ కక్షు లరమోడ్చుచు ఱెప్పలఁ దేలఁజే
యఁగా నాసల నీవు తన్మయము నందుట చిత్రము వేంకటేశ్వరా!",vruttamu,Venkateswara,"[('గీ', 'U'), ('సి', '|'), ('న', '|'), ('గో', 'U'), ('ళ్ల', '|'), ('చే', 'U'), ('బ', '|'), ('సి', '|'), ('డి', '|'), ('కి', 'U'), ('న్న', '|'), ('ర', '|'), ('కం', 'U'), ('పి', '|'), ('త', '|'), ('ము', 'U'), ('ల్క', '|'), ('ద', 'U'), ('ల్చు', '|'), ('చున్', 'U'), ('రా', 'U'), ('సె', '|'), ('డి', '|'), ('గు', 'U'), ('బ్బ', '|'), ('చ', 'U'), ('న్ను', '|'), ('ల', '|'), ('భ', '|'), ('రం', 'U'), ('బు', '|'), ('న', '|'), ('న', 'U'), ('య్య', '|'), ('ల', '|'), ('మే', 'U'), ('లు', '|'), ('మం', 'U'), ('గ', '|'), ('తో', 'U'), ('మూ', 'U'), ('సి', '|'), ('యు', '|'), ('మూ', 'U'), ('య', '|'), ('క', 'U'), ('క్షు', '|'), ('ల', '|'), ('ర', '|'), ('మో', 'U'), ('డ్చు', '|'), ('చు', '|'), ('ఱె', 'U'), ('ప్ప', '|'), ('ల', '|'), ('దే', 'U'), ('ల', '|'), ('జే', 'U'), ('య', '|'), ('గా', 'U'), ('నా', 'U'), ('స', '|'), ('ల', '|'), ('నీ', 'U'), ('వు', '|'), ('త', 'U'), ('న్మ', '|'), ('య', '|'), ('ము', '|'), ('నం', 'U'), ('దు', '|'), ('ట', '|'), ('చి', '|'), ('త్ర', '|'), ('ము', '|'), ('వేం', 'U'), ('క', '|'), ('టే', 'U'), ('శ్వ', '|'), ('రా', 'U')]",0.9928571428571429,1.0,1.0,0.9642857142857143,1.0,1.0
champakamaala,"దొరలిన మేనిగందపొడిధూళి వసంతము ఘర్మవారిపైఁ
జఱచినపువ్వుఁదేనెల వసంతము నీ కలమేలుమంగకున్‌
నెఱసి కరంగు చిత్తముల నీళ్లవసంతము మీకు మీకు నీ
యొఱపులు నీప్రియంబులు మహోన్నతు లెట్టివో వేంకటేశ్వరా!",vruttamu,Venkateswara,"[('దొ', '|'), ('ర', '|'), ('లి', '|'), ('న', '|'), ('మే', 'U'), ('ని', '|'), ('గం', 'U'), ('ద', '|'), ('పొ', '|'), ('డి', '|'), ('ధూ', 'U'), ('ళి', '|'), ('వ', '|'), ('సం', 'U'), ('త', '|'), ('ము', '|'), ('ఘ', 'U'), ('ర్మ', '|'), ('వా', 'U'), ('రి', '|'), ('పై', 'U'), ('జ', '|'), ('ఱ', '|'), ('చి', '|'), ('న', '|'), ('పు', 'U'), ('వ్వు', '|'), ('దే', 'U'), ('నె', '|'), ('ల', '|'), ('వ', '|'), ('సం', 'U'), ('త', '|'), ('ము', '|'), ('నీ', 'U'), ('క', '|'), ('ల', '|'), ('మే', 'U'), ('లు', '|'), ('మం', 'U'), ('గ', '|'), ('కున్', 'U'), ('నె', '|'), ('ఱ', '|'), ('సి', '|'), ('క', '|'), ('రం', 'U'), ('గు', '|'), ('చి', 'U'), ('త్త', '|'), ('ము', '|'), ('ల', '|'), ('నీ', 'U'), ('ళ్ల', '|'), ('వ', '|'), ('సం', 'U'), ('త', '|'), ('ము', '|'), ('మీ', 'U'), ('కు', '|'), ('మీ', 'U'), ('కు', '|'), ('నీ', 'U'), ('యొ', '|'), ('ఱ', '|'), ('పు', '|'), ('లు', '|'), ('నీ', 'U'), ('ప్రి', '|'), ('యం', 'U'), ('బు', '|'), ('లు', '|'), ('మ', '|'), ('హో', 'U'), ('న్న', '|'), ('తు', '|'), ('లె', 'U'), ('ట్టి', '|'), ('వో', 'U'), ('వేం', 'U'), ('క', '|'), ('టే', 'U'), ('శ్వ', '|'), ('రా', 'U')]",0.9428571428571428,1.0,1.0,0.9642857142857143,1.0,0.75
vutpalamaala,"చక్కనితల్లికిన్‌ నవరసంబుల వెల్లికిఁ బుష్పవల్లికిం
జక్కనిమోవిముత్తియపుజల్లికి శ్రీయలమేలుమంగకున్‌
జెక్కులు మించుటద్దములు చేతులు క్రొత్తమెఱుంగుఁదీగ లా
క్రిక్కిరిగుబ్బలే పసిఁడికిన్నరకాయలు వేంకటేశ్వరా!",vruttamu,Venkateswara,"[('చ', 'U'), ('క్క', '|'), ('ని', '|'), ('త', 'U'), ('ల్లి', '|'), ('కి', 'U'), ('న్న', '|'), ('వ', '|'), ('ర', '|'), ('సం', 'U'), ('బు', '|'), ('ల', '|'), ('వె', 'U'), ('ల్లి', '|'), ('కి', '|'), ('బు', 'U'), ('ష్ప', '|'), ('వ', 'U'), ('ల్లి', '|'), ('కిం', 'U'), ('జ', 'U'), ('క్క', '|'), ('ని', '|'), ('మో', 'U'), ('వి', '|'), ('ము', 'U'), ('త్తి', '|'), ('య', '|'), ('పు', '|'), ('జ', 'U'), ('ల్లి', '|'), ('కి', '|'), ('శ్రీ', 'U'), ('య', '|'), ('ల', '|'), ('మే', 'U'), ('లు', '|'), ('మం', 'U'), ('గ', '|'), ('కున్', 'U'), ('జె', 'U'), ('క్కు', '|'), ('లు', '|'), ('మిం', 'U'), ('చు', '|'), ('ట', 'U'), ('ద్ద', '|'), ('ము', '|'), ('లు', '|'), ('చే', 'U'), ('తు', '|'), ('లు', '|'), ('క్రొ', 'U'), ('త్త', '|'), ('మె', '|'), ('ఱుం', 'U'), ('గు', '|'), ('దీ', 'U'), ('గ', '|'), ('లా', 'U'), ('క్రి', 'U'), ('క్కి', '|'), ('రి', '|'), ('గు', 'U'), ('బ్బ', '|'), ('లే', 'U'), ('ప', '|'), ('సి', '|'), ('డి', '|'), ('కి', 'U'), ('న్న', '|'), ('ర', '|'), ('కా', 'U'), ('య', '|'), ('లు', '|'), ('వేం', 'U'), ('క', '|'), ('టే', 'U'), ('శ్వ', '|'), ('రా', 'U')]",1.0,1.0,1.0,1.0,1.0,1.0
champakamaala,"అరిసెలు నూనెబూరియలు నౌఁగులుఁ జక్కెరమండిగల్‌ వడల్‌
బురుడలు పాలమండిగ లపూపముల య్యలమేలుమంగ నీ
కరుదుగ విందువెట్టు పరమాన్నచయంబులు సూపకోటియు\న్‌
నిరతి వినిర్మలాన్నములు నేతులసోనలు వేంకటేశ్వరా!",vruttamu,Venkateswara,"[('అ', '|'), ('రి', '|'), ('సె', '|'), ('లు', '|'), ('నూ', 'U'), ('నె', '|'), ('బూ', 'U'), ('రి', '|'), ('య', '|'), ('లు', '|'), ('నౌ', 'U'), ('గు', '|'), ('లు', '|'), ('జ', 'U'), ('క్కె', '|'), ('ర', '|'), ('మం', 'U'), ('డి', '|'), ('గ', 'U'), ('ల్వ', '|'), ('డల్', 'U'), ('బు', '|'), ('రు', '|'), ('డ', '|'), ('లు', '|'), ('పా', 'U'), ('ల', '|'), ('మం', 'U'), ('డి', '|'), ('గ', '|'), ('ల', '|'), ('పూ', 'U'), ('ప', '|'), ('ము', '|'), ('ల', 'U'), ('య్య', '|'), ('ల', '|'), ('మే', 'U'), ('లు', '|'), ('మం', 'U'), ('గ', '|'), ('నీ', 'U'), ('క', '|'), ('రు', '|'), ('దు', '|'), ('గ', '|'), ('విం', 'U'), ('దు', '|'), ('వె', 'U'), ('ట్టు', '|'), ('ప', '|'), ('ర', '|'), ('మా', 'U'), ('న్న', '|'), ('చ', '|'), ('యం', 'U'), ('బు', '|'), ('లు', '|'), ('సూ', 'U'), ('ప', '|'), ('కో', 'U'), ('టి', '|'), ('యున్', 'U'), ('ని', '|'), ('ర', '|'), ('తి', '|'), ('వి', '|'), ('ని', 'U'), ('ర్మ', '|'), ('లా', 'U'), ('న్న', '|'), ('ము', '|'), ('లు', '|'), ('నే', 'U'), ('తు', '|'), ('ల', '|'), ('సో', 'U'), ('న', '|'), ('లు', '|'), ('వేం', 'U'), ('క', '|'), ('టే', 'U'), ('శ్వ', '|'), ('రా', 'U')]",0.9,1.0,1.0,1.0,0.5,1.0
vutpalamaala,"కానిక లిచ్చె నీవిభుఁడు కౌఁగిటఁ బాన్పునఁ గమ్మవల్పుపూఁ
దేనెల ఘర్మబిందువుల దేహమునం దలమేలుమంగ నీ
వానగుమోముతో విభుని కంచుఁదలిర్చినఁ గాని తన్మయం
బైనను బాయ దంచుఁ జెలు లందురు నీసతి వేంకటేశ్వరా!",vruttamu,Venkateswara,"[('కా', 'U'), ('ని', '|'), ('క', '|'), ('లి', 'U'), ('చ్చె', '|'), ('నీ', 'U'), ('వి', '|'), ('భు', '|'), ('డు', '|'), ('కౌ', 'U'), ('గి', '|'), ('ట', '|'), ('బా', 'U'), ('న్పు', '|'), ('న', '|'), ('గ', 'U'), ('మ్మ', '|'), ('వ', 'U'), ('ల్పు', '|'), ('పూ', 'U'), ('దే', 'U'), ('నె', '|'), ('ల', '|'), ('ఘ', 'U'), ('ర్మ', '|'), ('బిం', 'U'), ('దు', '|'), ('వు', '|'), ('ల', '|'), ('దే', 'U'), ('హ', '|'), ('ము', '|'), ('నం', 'U'), ('ద', '|'), ('ల', '|'), ('మే', 'U'), ('లు', '|'), ('మం', 'U'), ('గ', '|'), ('నీ', 'U'), ('వా', 'U'), ('న', '|'), ('గు', '|'), ('మో', 'U'), ('ము', '|'), ('తో', 'U'), ('వి', '|'), ('భు', '|'), ('ని', '|'), ('కం', 'U'), ('చు', '|'), ('ద', '|'), ('లి', 'U'), ('ర్చి', '|'), ('న', '|'), ('గా', 'U'), ('ని', '|'), ('త', 'U'), ('న్మ', '|'), ('యం', 'U'), ('బై', 'U'), ('న', '|'), ('ను', '|'), ('బా', 'U'), ('య', '|'), ('దం', 'U'), ('చు', '|'), ('జె', '|'), ('లు', '|'), ('లం', 'U'), ('దు', '|'), ('రు', '|'), ('నీ', 'U'), ('స', '|'), ('తి', '|'), ('వేం', 'U'), ('క', '|'), ('టే', 'U'), ('శ్వ', '|'), ('రా', 'U')]",0.9,1.0,1.0,1.0,0.5,1.0
champakamaala,"పెనఁగకుమమ్మ! చిమ్ము జళిపించిన చూపుల గర్వరేఖ రాఁ
జెనకకు మమ్మ! లేఁ జెమటచెక్కుల నోయలమేలుమంగ నీ
ఘనుఁడు కళావినోది రతికాంత విలాససహస్రమూర్తి వ
ద్దని పొలయల్క దీర్తురు లతాంగులు నీసతి వేంకటేశ్వరా!",vruttamu,Venkateswara,"[('పె', '|'), ('న', '|'), ('గ', '|'), ('కు', '|'), ('మ', 'U'), ('మ్మ', '|'), ('చి', 'U'), ('మ్ము', '|'), ('జ', '|'), ('ళి', '|'), ('పిం', 'U'), ('చి', '|'), ('న', '|'), ('చూ', 'U'), ('పు', '|'), ('ల', '|'), ('గ', 'U'), ('ర్వ', '|'), ('రే', 'U'), ('ఖ', '|'), ('రా', 'U'), ('జె', '|'), ('న', '|'), ('క', '|'), ('కు', '|'), ('మ', 'U'), ('మ్మ', '|'), ('లే', 'U'), ('జె', '|'), ('మ', '|'), ('ట', '|'), ('చె', 'U'), ('క్కు', '|'), ('ల', '|'), ('నో', 'U'), ('య', '|'), ('ల', '|'), ('మే', 'U'), ('లు', '|'), ('మం', 'U'), ('గ', '|'), ('నీ', 'U'), ('ఘ', '|'), ('ను', '|'), ('డు', '|'), ('క', '|'), ('ళా', 'U'), ('వి', '|'), ('నో', 'U'), ('ది', '|'), ('ర', '|'), ('తి', '|'), ('కాం', 'U'), ('త', '|'), ('వి', '|'), ('లా', 'U'), ('స', '|'), ('స', '|'), ('హ', '|'), ('స్ర', '|'), ('మూ', 'U'), ('ర్తి', '|'), ('వ', 'U'), ('ద్ద', '|'), ('ని', '|'), ('పొ', '|'), ('ల', '|'), ('య', 'U'), ('ల్క', '|'), ('దీ', 'U'), ('ర్తు', '|'), ('రు', '|'), ('ల', '|'), ('తాం', 'U'), ('గు', '|'), ('లు', '|'), ('నీ', 'U'), ('స', '|'), ('తి', '|'), ('వేం', 'U'), ('క', '|'), ('టే', 'U'), ('శ్వ', '|'), ('రా', 'U')]",0.9928571428571429,1.0,1.0,0.9642857142857143,1.0,1.0
champakamaala,"కులుకకుమమ్మ చిమ్మజిలుకుం గొనచూపుల బిత్తరంబుగా
నులుచకుమమ్మ బొమ్మముడి నూల్కొనఁగోపము లేఁతనవ్వు గా
సొలయకుమమ్మ కలి నునుసోఁగల నోయలమేలుమంగ నీ
చెలువున నంచు నెచ్చెలులు చేర్తురు నీసతి వేంకటేశ్వరా!",vruttamu,Venkateswara,"[('కు', '|'), ('లు', '|'), ('క', '|'), ('కు', '|'), ('మ', 'U'), ('మ్మ', '|'), ('చి', 'U'), ('మ్మ', '|'), ('జి', '|'), ('లు', '|'), ('కుం', 'U'), ('గొ', '|'), ('న', '|'), ('చూ', 'U'), ('పు', '|'), ('ల', '|'), ('బి', 'U'), ('త్త', '|'), ('రం', 'U'), ('బు', '|'), ('గా', 'U'), ('ను', '|'), ('లు', '|'), ('చ', '|'), ('కు', '|'), ('మ', 'U'), ('మ్మ', '|'), ('బొ', 'U'), ('మ్మ', '|'), ('ము', '|'), ('డి', '|'), ('నూ', 'U'), ('ల్కొ', '|'), ('న', '|'), ('గో', 'U'), ('ప', '|'), ('ము', '|'), ('లే', 'U'), ('త', '|'), ('న', 'U'), ('వ్వు', '|'), ('గా', 'U'), ('సొ', '|'), ('ల', '|'), ('య', '|'), ('కు', '|'), ('మ', 'U'), ('మ్మ', '|'), ('క', '|'), ('లి', '|'), ('ను', '|'), ('ను', '|'), ('సో', 'U'), ('గ', '|'), ('ల', '|'), ('నో', 'U'), ('య', '|'), ('ల', '|'), ('మే', 'U'), ('లు', '|'), ('మం', 'U'), ('గ', '|'), ('నీ', 'U'), ('చె', '|'), ('లు', '|'), ('వు', '|'), ('న', '|'), ('నం', 'U'), ('చు', '|'), ('నె', 'U'), ('చ్చె', '|'), ('లు', '|'), ('లు', '|'), ('చే', 'U'), ('ర్తు', '|'), ('రు', '|'), ('నీ', 'U'), ('స', '|'), ('తి', '|'), ('వేం', 'U'), ('క', '|'), ('టే', 'U'), ('శ్వ', '|'), ('రా', 'U')]",0.9928571428571429,1.0,1.0,0.9642857142857143,1.0,1.0
vutpalamaala,"చాఁగు బళా జగత్పతికి జాఁగు బళా జగదేకమాతకున్‌
చాఁగు బళా రమేశునకుఁ జాఁగు బళా యలమేలుమంగకు\న్‌
జాఁగు బళా యటంచుఁ గడుఁ జక్కని కాంతను వీథివీథిమీ
రేఁగఁగ నిత్తు రారతు లనేకవిధంబుల వేంకటేశ్వరా!",vruttamu,Venkateswara,"[('చా', 'U'), ('గు', '|'), ('బ', '|'), ('ళా', 'U'), ('జ', '|'), ('గ', 'U'), ('త్ప', '|'), ('తి', '|'), ('కి', '|'), ('జా', 'U'), ('గు', '|'), ('బ', '|'), ('ళా', 'U'), ('జ', '|'), ('గ', '|'), ('దే', 'U'), ('క', '|'), ('మా', 'U'), ('త', '|'), ('కున్', 'U'), ('చా', 'U'), ('గు', '|'), ('బ', '|'), ('ళా', 'U'), ('ర', '|'), ('మే', 'U'), ('శు', '|'), ('న', '|'), ('కు', '|'), ('జా', 'U'), ('గు', '|'), ('బ', '|'), ('ళా', 'U'), ('య', '|'), ('ల', '|'), ('మే', 'U'), ('లు', '|'), ('మం', 'U'), ('గ', '|'), ('కున్', 'U'), ('జా', 'U'), ('గు', '|'), ('బ', '|'), ('ళా', 'U'), ('య', '|'), ('టం', 'U'), ('చు', '|'), ('గ', '|'), ('డు', '|'), ('జ', 'U'), ('క్క', '|'), ('ని', '|'), ('కాం', 'U'), ('త', '|'), ('ను', '|'), ('వీ', 'U'), ('థి', '|'), ('వీ', 'U'), ('థి', '|'), ('మీ', 'U'), ('రే', 'U'), ('గ', '|'), ('గ', '|'), ('ని', 'U'), ('త్తు', '|'), ('రా', 'U'), ('ర', '|'), ('తు', '|'), ('ల', '|'), ('నే', 'U'), ('క', '|'), ('వి', '|'), ('ధం', 'U'), ('బు', '|'), ('ల', '|'), ('వేం', 'U'), ('క', '|'), ('టే', 'U'), ('శ్వ', '|'), ('రా', 'U')]",0.95,1.0,1.0,1.0,0.75,1.0
champakamaala,"చొచ్చితిఁ దల్లి నీమఱుఁగు సొంపుఁగ నీకరుణాకటాక్ష మె
ట్లిచ్చెదొ నాకు నేఁడు పరమేశ్వరి! యోయలమేలుమంగ నీ
మచ్చిక నంచు నీతరుణి మన్నన నే నినుఁ గంటి నీకు నా
బచ్చెనమాట లేమిటికిఁ బ్రాఁ తిదె చూడఁగ వేంకటేశ్వరా!",vruttamu,Venkateswara,"[('చొ', 'U'), ('చ్చి', '|'), ('తి', '|'), ('ద', 'U'), ('ల్లి', '|'), ('నీ', 'U'), ('మ', '|'), ('ఱు', '|'), ('గు', '|'), ('సొం', 'U'), ('పు', '|'), ('గ', '|'), ('నీ', 'U'), ('క', '|'), ('రు', '|'), ('ణా', 'U'), ('క', '|'), ('టా', 'U'), ('క్ష', '|'), ('మె', 'U'), ('ట్లి', 'U'), ('చ్చె', '|'), ('దొ', '|'), ('నా', 'U'), ('కు', '|'), ('నే', 'U'), ('డు', '|'), ('ప', '|'), ('ర', '|'), ('మే', 'U'), ('శ్వ', '|'), ('రి', '|'), ('యో', 'U'), ('య', '|'), ('ల', '|'), ('మే', 'U'), ('లు', '|'), ('మం', 'U'), ('గ', '|'), ('నీ', 'U'), ('మ', 'U'), ('చ్చి', '|'), ('క', '|'), ('నం', 'U'), ('చు', '|'), ('నీ', 'U'), ('త', '|'), ('రు', '|'), ('ణి', '|'), ('మ', 'U'), ('న్న', '|'), ('న', '|'), ('నే', 'U'), ('ని', '|'), ('ను', '|'), ('గం', 'U'), ('టి', '|'), ('నీ', 'U'), ('కు', '|'), ('నా', 'U'), ('బ', 'U'), ('చ్చె', '|'), ('న', '|'), ('మా', 'U'), ('ట', '|'), ('లే', 'U'), ('మి', '|'), ('టి', '|'), ('కి', '|'), ('బ్రా', 'U'), ('తి', '|'), ('దె', '|'), ('చూ', 'U'), ('డ', '|'), ('గ', '|'), ('వేం', 'U'), ('క', '|'), ('టే', 'U'), ('శ్వ', '|'), ('రా', 'U')]",0.4761904761904762,0.9523809523809523,1.0,0.1785714285714286,0.0,0.25
vutpalamaala,"ఎచ్చరికమ్ము పాదములు నిందిరసింధురయాన తమ్మిపూ
నెచ్చెలి క్రొత్తక్రొత్తపలునిగ్గులతో నలమేలుమంగ నీ
వచ్చిన దాఁక నీవిభుఁడు వంచిన మోమును నెత్తఁడంచు నీ
మచ్చిక యింతి నింతులు మమత్త్వము నెంతురు వేంకటేశ్వరా!",vruttamu,Venkateswara,"[('ఎ', 'U'), ('చ్చ', '|'), ('రి', '|'), ('క', 'U'), ('మ్ము', '|'), ('పా', 'U'), ('ద', '|'), ('ము', '|'), ('లు', '|'), ('నిం', 'U'), ('ది', '|'), ('ర', '|'), ('సిం', 'U'), ('ధు', '|'), ('ర', '|'), ('యా', 'U'), ('న', '|'), ('త', 'U'), ('మ్మి', '|'), ('పూ', 'U'), ('నె', 'U'), ('చ్చె', '|'), ('లి', '|'), ('క్రొ', 'U'), ('త్త', '|'), ('క్రొ', 'U'), ('త్త', '|'), ('ప', '|'), ('లు', '|'), ('ని', 'U'), ('గ్గు', '|'), ('ల', '|'), ('తో', 'U'), ('న', '|'), ('ల', '|'), ('మే', 'U'), ('లు', '|'), ('మం', 'U'), ('గ', '|'), ('నీ', 'U'), ('వ', 'U'), ('చ్చి', '|'), ('న', '|'), ('దా', 'U'), ('క', '|'), ('నీ', 'U'), ('వి', '|'), ('భు', '|'), ('డు', '|'), ('వం', 'U'), ('చి', '|'), ('న', '|'), ('మో', 'U'), ('ము', '|'), ('ను', '|'), ('నె', 'U'), ('త్త', '|'), ('డం', 'U'), ('చు', '|'), ('నీ', 'U'), ('మ', 'U'), ('చ్చి', '|'), ('క', '|'), ('యిం', 'U'), ('తి', '|'), ('నిం', 'U'), ('తు', '|'), ('లు', '|'), ('మ', '|'), ('మ', 'U'), ('త్త్వ', '|'), ('ము', '|'), ('నెం', 'U'), ('తు', '|'), ('రు', '|'), ('వేం', 'U'), ('క', '|'), ('టే', 'U'), ('శ్వ', '|'), ('రా', 'U')]",0.95,1.0,1.0,1.0,0.75,1.0
champakamaala,"కనకపుఁబీఠి నెక్కి రతికాంతశరాకృతి నీవు వీథులం
జనునెడ నీదు చెంగటఁ బ్రసన్నతతో నలమేలుమంగ కాం
చననవకింకిణీరవము సన్నపుఁదాళగతి\న్‌ రచింపఁగాఁ
గనుఁగవ మోడ్చి మోడ్చి రతిఁ గౌఁగిటఁ జేర్తువు వేంకటేశ్వరా!",vruttamu,Venkateswara,"[('క', '|'), ('న', '|'), ('క', '|'), ('పు', '|'), ('బీ', 'U'), ('ఠి', '|'), ('నె', 'U'), ('క్కి', '|'), ('ర', '|'), ('తి', '|'), ('కాం', 'U'), ('త', '|'), ('శ', '|'), ('రా', 'U'), ('కృ', '|'), ('తి', '|'), ('నీ', 'U'), ('వు', '|'), ('వీ', 'U'), ('థు', '|'), ('లం', 'U'), ('జ', '|'), ('ను', '|'), ('నె', '|'), ('డ', '|'), ('నీ', 'U'), ('దు', '|'), ('చెం', 'U'), ('గ', '|'), ('ట', '|'), ('బ్ర', '|'), ('స', 'U'), ('న్న', '|'), ('త', '|'), ('తో', 'U'), ('న', '|'), ('ల', '|'), ('మే', 'U'), ('లు', '|'), ('మం', 'U'), ('గ', '|'), ('కాం', 'U'), ('చ', '|'), ('న', '|'), ('న', '|'), ('వ', '|'), ('కిం', 'U'), ('కి', '|'), ('ణీ', 'U'), ('ర', '|'), ('వ', '|'), ('ము', '|'), ('స', 'U'), ('న్న', '|'), ('పు', '|'), ('దా', 'U'), ('ళ', '|'), ('గ', '|'), ('తి', '|'), ('న్ర', '|'), ('చిం', 'U'), ('ప', '|'), ('గా', 'U'), ('గ', '|'), ('ను', '|'), ('గ', '|'), ('వ', '|'), ('మో', 'U'), ('డ్చి', '|'), ('మో', 'U'), ('డ్చి', '|'), ('ర', '|'), ('తి', '|'), ('గౌ', 'U'), ('గి', '|'), ('ట', '|'), ('జే', 'U'), ('ర్తు', '|'), ('వు', '|'), ('వేం', 'U'), ('క', '|'), ('టే', 'U'), ('శ్వ', '|'), ('రా', 'U')]",0.9928571428571429,1.0,1.0,0.9642857142857143,1.0,1.0
champakamaala,"ఒఱపగుమీ విహారతతు లుప్పనబట్టెలు బిల్లటీపు ల
చ్చెరువుగ బల్లకోటులు ప్రసిద్ధిగ నయ్యలమేలుమంగకున్‌
మెఱుపులు ముచ్చటల్‌ రతులమ్రొక్కులుఁ దక్కులు వచ్చి వచ్చి మీ
చిఱునగవుం బ్రమోదములు చెక్కులనొక్కులు వేంకటేశ్వరా!",vruttamu,Venkateswara,"[('ఒ', '|'), ('ఱ', '|'), ('ప', '|'), ('గు', '|'), ('మీ', 'U'), ('వి', '|'), ('హా', 'U'), ('ర', '|'), ('త', '|'), ('తు', '|'), ('లు', 'U'), ('ప్ప', '|'), ('న', '|'), ('బ', 'U'), ('ట్టె', '|'), ('లు', '|'), ('బి', 'U'), ('ల్ల', '|'), ('టీ', 'U'), ('పు', '|'), ('ల', 'U'), ('చ్చె', '|'), ('రు', '|'), ('వు', '|'), ('గ', '|'), ('బ', 'U'), ('ల్ల', '|'), ('కో', 'U'), ('టు', '|'), ('లు', '|'), ('ప్ర', '|'), ('సి', 'U'), ('ద్ధి', '|'), ('గ', '|'), ('న', 'U'), ('య్య', '|'), ('ల', '|'), ('మే', 'U'), ('లు', '|'), ('మం', 'U'), ('గ', '|'), ('కున్', 'U'), ('మె', '|'), ('ఱు', '|'), ('పు', '|'), ('లు', '|'), ('ము', 'U'), ('చ్చ', '|'), ('ట', '|'), ('ల్ర', '|'), ('తు', '|'), ('ల', '|'), ('మ్రొ', 'U'), ('క్కు', '|'), ('లు', '|'), ('ద', 'U'), ('క్కు', '|'), ('లు', '|'), ('వ', 'U'), ('చ్చి', '|'), ('వ', 'U'), ('చ్చి', '|'), ('మీ', 'U'), ('చి', '|'), ('ఱు', '|'), ('న', '|'), ('గ', '|'), ('వుం', 'U'), ('బ్ర', '|'), ('మో', 'U'), ('ద', '|'), ('ము', '|'), ('లు', '|'), ('చె', 'U'), ('క్కు', '|'), ('ల', '|'), ('నొ', 'U'), ('క్కు', '|'), ('లు', '|'), ('వేం', 'U'), ('క', '|'), ('టే', 'U'), ('శ్వ', '|'), ('రా', 'U')]",0.8428571428571429,1.0,1.0,0.9642857142857143,0.5,0.75
vutpalamaala,"చక్కెర బొమ్మ చెక్కులనె సానలు పట్టిన పువ్వుటమ్ములో
గ్రుక్కినజవ్వనంబు పెనుగుబ్బలో శ్రీయలమేలుమంగ నీ
వక్కునఁ జేర్చి పట్ట సకలాధిప సౌఖ్యము నీకు నబ్బెఁగా
కెక్కువ లంటు కందువల యింపుల సొంపుల వేంకటేశ్వరా!",vruttamu,Venkateswara,"[('చ', 'U'), ('క్కె', '|'), ('ర', '|'), ('బొ', 'U'), ('మ్మ', '|'), ('చె', 'U'), ('క్కు', '|'), ('ల', '|'), ('నె', '|'), ('సా', 'U'), ('న', '|'), ('లు', '|'), ('ప', 'U'), ('ట్టి', '|'), ('న', '|'), ('పు', 'U'), ('వ్వు', '|'), ('ట', 'U'), ('మ్ము', '|'), ('లో', 'U'), ('గ్రు', 'U'), ('క్కి', '|'), ('న', '|'), ('జ', 'U'), ('వ్వ', '|'), ('నం', 'U'), ('బు', '|'), ('పె', '|'), ('ను', '|'), ('గు', 'U'), ('బ్బ', '|'), ('లో', 'U'), ('శ్రీ', 'U'), ('య', '|'), ('ల', '|'), ('మే', 'U'), ('లు', '|'), ('మం', 'U'), ('గ', '|'), ('నీ', 'U'), ('వ', 'U'), ('క్కు', '|'), ('న', '|'), ('జే', 'U'), ('ర్చి', '|'), ('ప', 'U'), ('ట్ట', '|'), ('స', '|'), ('క', '|'), ('లా', 'U'), ('ధి', '|'), ('ప', '|'), ('సౌ', 'U'), ('ఖ్య', '|'), ('ము', '|'), ('నీ', 'U'), ('కు', '|'), ('న', 'U'), ('బ్బె', '|'), ('గా', 'U'), ('కె', 'U'), ('క్కు', '|'), ('వ', '|'), ('లం', 'U'), ('టు', '|'), ('కం', 'U'), ('దు', '|'), ('వ', '|'), ('ల', '|'), ('యిం', 'U'), ('పు', '|'), ('ల', '|'), ('సొం', 'U'), ('పు', '|'), ('ల', '|'), ('వేం', 'U'), ('క', '|'), ('టే', 'U'), ('శ్వ', '|'), ('రా', 'U')]",0.8928571428571429,1.0,1.0,0.9642857142857143,0.5,1.0
champakamaala,"పరిమళముం బ్రభావము శుభస్థితి నిత్యవిభూతి విభ్రమ
స్ఫురణము దివ్యవైభవము భోగము శ్రీయలమేలుమంగ నీ
యురమున నంచు సన్మునులు యోగిజనంబులు మెచ్చి మెచ్చి నీ
వరవనితాశిరోమణి నవారణఁ గొల్తురు వేంకటేశ్వరా!",vruttamu,Venkateswara,"[('ప', '|'), ('రి', '|'), ('మ', '|'), ('ళ', '|'), ('ముం', 'U'), ('బ్ర', '|'), ('భా', 'U'), ('వ', '|'), ('ము', '|'), ('శు', '|'), ('భ', 'U'), ('స్థి', '|'), ('తి', '|'), ('ని', 'U'), ('త్య', '|'), ('వి', '|'), ('భూ', 'U'), ('తి', '|'), ('వి', '|'), ('భ్ర', '|'), ('మ', 'U'), ('స్ఫు', '|'), ('ర', '|'), ('ణ', '|'), ('ము', '|'), ('ది', 'U'), ('వ్య', '|'), ('వై', 'U'), ('భ', '|'), ('వ', '|'), ('ము', '|'), ('భో', 'U'), ('గ', '|'), ('ము', '|'), ('శ్రీ', 'U'), ('య', '|'), ('ల', '|'), ('మే', 'U'), ('లు', '|'), ('మం', 'U'), ('గ', '|'), ('నీ', 'U'), ('యు', '|'), ('ర', '|'), ('ము', '|'), ('న', '|'), ('నం', 'U'), ('చు', '|'), ('స', 'U'), ('న్ము', '|'), ('ను', '|'), ('లు', '|'), ('యో', 'U'), ('గి', '|'), ('జ', '|'), ('నం', 'U'), ('బు', '|'), ('లు', '|'), ('మె', 'U'), ('చ్చి', '|'), ('మె', 'U'), ('చ్చి', '|'), ('నీ', 'U'), ('వ', '|'), ('ర', '|'), ('వ', '|'), ('ని', '|'), ('తా', 'U'), ('శి', '|'), ('రో', 'U'), ('మ', '|'), ('ణి', '|'), ('న', '|'), ('వా', 'U'), ('ర', '|'), ('ణ', '|'), ('గొ', 'U'), ('ల్తు', '|'), ('రు', '|'), ('వేం', 'U'), ('క', '|'), ('టే', 'U'), ('శ్వ', '|'), ('రా', 'U')]",0.9928571428571429,1.0,1.0,0.9642857142857143,1.0,1.0
champakamaala,"కులికెడు పండుటామనులఁ గోయిలకూఁతల గుండె ఝల్లనన్‌
జెలువము గల్గు రాకలను జెంగట శ్రీయలమేలుమంగ కో
విలకలనాదకోటులచవిం బచరింపఁగ నెట్టు లోర్తువో
వలపులవార్ధిలోన ననివారణఁ దేలుచు వేంకటేశ్వరా!",vruttamu,Venkateswara,"[('కు', '|'), ('లి', '|'), ('కె', '|'), ('డు', '|'), ('పం', 'U'), ('డు', '|'), ('టా', 'U'), ('మ', '|'), ('ను', '|'), ('ల', '|'), ('గో', 'U'), ('యి', '|'), ('ల', '|'), ('కూ', 'U'), ('త', '|'), ('ల', '|'), ('గుం', 'U'), ('డె', '|'), ('ఝ', 'U'), ('ల్ల', '|'), ('నన్', 'U'), ('జె', '|'), ('లు', '|'), ('వ', '|'), ('ము', '|'), ('గ', 'U'), ('ల్గు', '|'), ('రా', 'U'), ('క', '|'), ('ల', '|'), ('ను', '|'), ('జెం', 'U'), ('గ', '|'), ('ట', '|'), ('శ్రీ', 'U'), ('య', '|'), ('ల', '|'), ('మే', 'U'), ('లు', '|'), ('మం', 'U'), ('గ', '|'), ('కో', 'U'), ('వి', '|'), ('ల', '|'), ('క', '|'), ('ల', '|'), ('నా', 'U'), ('ద', '|'), ('కో', 'U'), ('టు', '|'), ('ల', '|'), ('చ', '|'), ('విం', 'U'), ('బ', '|'), ('చ', '|'), ('రిం', 'U'), ('ప', '|'), ('గ', '|'), ('నె', 'U'), ('ట్టు', '|'), ('లో', 'U'), ('ర్తు', '|'), ('వో', 'U'), ('వ', '|'), ('ల', '|'), ('పు', '|'), ('ల', '|'), ('వా', 'U'), ('ర్ధి', '|'), ('లో', 'U'), ('న', '|'), ('న', '|'), ('ని', '|'), ('వా', 'U'), ('ర', '|'), ('ణ', '|'), ('దే', 'U'), ('లు', '|'), ('చు', '|'), ('వేం', 'U'), ('క', '|'), ('టే', 'U'), ('శ్వ', '|'), ('రా', 'U')]",1.0,1.0,1.0,1.0,1.0,1.0
champakamaala,"తొలఁకెడుకొప్పులో నెరులొ తుమ్మెదదాటులొ చూపువంపులో
గులుకులొ మంచివెన్నెలల గుంపులొ శ్రీయలమేలుమంగకున్‌
బలుకులు పచ్చకప్పురపుఁ బల్కులు తావులె దివ్యగంధముల్‌
పలుచనినవ్వులే విరులపాన్పులు నీకును వేంకటేశ్వరా!",vruttamu,Venkateswara,"[('తొ', '|'), ('ల', '|'), ('కె', '|'), ('డు', '|'), ('కొ', 'U'), ('ప్పు', '|'), ('లో', 'U'), ('నె', '|'), ('రు', '|'), ('లొ', '|'), ('తు', 'U'), ('మ్మె', '|'), ('ద', '|'), ('దా', 'U'), ('టు', '|'), ('లొ', '|'), ('చూ', 'U'), ('పు', '|'), ('వం', 'U'), ('పు', '|'), ('లో', 'U'), ('గు', '|'), ('లు', '|'), ('కు', '|'), ('లొ', '|'), ('మం', 'U'), ('చి', '|'), ('వె', 'U'), ('న్నె', '|'), ('ల', '|'), ('ల', '|'), ('గుం', 'U'), ('పు', '|'), ('లొ', '|'), ('శ్రీ', 'U'), ('య', '|'), ('ల', '|'), ('మే', 'U'), ('లు', '|'), ('మం', 'U'), ('గ', '|'), ('కున్', 'U'), ('బ', '|'), ('లు', '|'), ('కు', '|'), ('లు', '|'), ('ప', 'U'), ('చ్చ', '|'), ('క', 'U'), ('ప్పు', '|'), ('ర', '|'), ('పు', '|'), ('బ', 'U'), ('ల్కు', '|'), ('లు', '|'), ('తా', 'U'), ('వు', '|'), ('లె', '|'), ('ది', 'U'), ('వ్య', '|'), ('గం', 'U'), ('ధ', '|'), ('ముల్', 'U'), ('ప', '|'), ('లు', '|'), ('చ', '|'), ('ని', '|'), ('న', 'U'), ('వ్వు', '|'), ('లే', 'U'), ('వి', '|'), ('రు', '|'), ('ల', '|'), ('పా', 'U'), ('న్పు', '|'), ('లు', '|'), ('నీ', 'U'), ('కు', '|'), ('ను', '|'), ('వేం', 'U'), ('క', '|'), ('టే', 'U'), ('శ్వ', '|'), ('రా', 'U')]",1.0,1.0,1.0,1.0,1.0,1.0
vutpalamaala,"అందము చూతు రుప్పవడమై ఘను లాయలమేలుమంగ మో
మందము గాఁగఁ జూతువు ప్రియంబున మెల్లన నీవటుండఁబో
యందఱి మోముటద్దములు నవ్వల నవ్వుల గోటికొండలై
యందములోన నందములునై వెలుగొందుచు వేంకటేశ్వరా!",vruttamu,Venkateswara,"[('అం', 'U'), ('ద', '|'), ('ము', '|'), ('చూ', 'U'), ('తు', '|'), ('రు', 'U'), ('ప్ప', '|'), ('వ', '|'), ('డ', '|'), ('మై', 'U'), ('ఘ', '|'), ('ను', '|'), ('లా', 'U'), ('య', '|'), ('ల', '|'), ('మే', 'U'), ('లు', '|'), ('మం', 'U'), ('గ', '|'), ('మో', 'U'), ('మం', 'U'), ('ద', '|'), ('ము', '|'), ('గా', 'U'), ('గ', '|'), ('జూ', 'U'), ('తు', '|'), ('వు', '|'), ('ప్రి', '|'), ('యం', 'U'), ('బు', '|'), ('న', '|'), ('మె', 'U'), ('ల్ల', '|'), ('న', '|'), ('నీ', 'U'), ('వ', '|'), ('టుం', 'U'), ('డ', '|'), ('బో', 'U'), ('యం', 'U'), ('ద', '|'), ('ఱి', '|'), ('మో', 'U'), ('ము', '|'), ('ట', 'U'), ('ద్ద', '|'), ('ము', '|'), ('లు', '|'), ('న', 'U'), ('వ్వ', '|'), ('ల', '|'), ('న', 'U'), ('వ్వు', '|'), ('ల', '|'), ('గో', 'U'), ('టి', '|'), ('కొం', 'U'), ('డ', '|'), ('లై', 'U'), ('యం', 'U'), ('ద', '|'), ('ము', '|'), ('లో', 'U'), ('న', '|'), ('నం', 'U'), ('ద', '|'), ('ము', '|'), ('లు', '|'), ('నై', 'U'), ('వె', '|'), ('లు', '|'), ('గొం', 'U'), ('దు', '|'), ('చు', '|'), ('వేం', 'U'), ('క', '|'), ('టే', 'U'), ('శ్వ', '|'), ('రా', 'U')]",0.8,1.0,1.0,1.0,0.0,1.0
champakamaala,"తలఁచిన గుండె జల్లనును దల్లడమందెడు నేమిసేతు నా
చెలువుఁడు రాఁడటంచు లలసీనవి వో యలమేలుమంగ నీ
తొలకరిమించు నెమ్మనముతొయ్యలిఁ జూడక యెట్టులోర్తువో
యలుగకు మన్న మాన విఁకనైనను నెన్నఁడు వేంకటేశ్వరా!",vruttamu,Venkateswara,"[('త', '|'), ('ల', '|'), ('చి', '|'), ('న', '|'), ('గుం', 'U'), ('డె', '|'), ('జ', 'U'), ('ల్ల', '|'), ('ను', '|'), ('ను', '|'), ('ద', 'U'), ('ల్ల', '|'), ('డ', '|'), ('మం', 'U'), ('దె', '|'), ('డు', '|'), ('నే', 'U'), ('మి', '|'), ('సే', 'U'), ('తు', '|'), ('నా', 'U'), ('చె', '|'), ('లు', '|'), ('వు', '|'), ('డు', '|'), ('రా', 'U'), ('డ', '|'), ('టం', 'U'), ('చు', '|'), ('ల', '|'), ('ల', '|'), ('సీ', 'U'), ('న', '|'), ('వి', '|'), ('వో', 'U'), ('య', '|'), ('ల', '|'), ('మే', 'U'), ('లు', '|'), ('మం', 'U'), ('గ', '|'), ('నీ', 'U'), ('తొ', '|'), ('ల', '|'), ('క', '|'), ('రి', '|'), ('మిం', 'U'), ('చు', '|'), ('నె', 'U'), ('మ్మ', '|'), ('న', '|'), ('ము', '|'), ('తొ', 'U'), ('య్య', '|'), ('లి', '|'), ('జూ', 'U'), ('డ', '|'), ('క', '|'), ('యె', 'U'), ('ట్టు', '|'), ('లో', 'U'), ('ర్తు', '|'), ('వో', 'U'), ('య', '|'), ('లు', '|'), ('గ', '|'), ('కు', '|'), ('మ', 'U'), ('న్న', '|'), ('మా', 'U'), ('న', '|'), ('వి', '|'), ('క', '|'), ('నై', 'U'), ('న', '|'), ('ను', '|'), ('నె', 'U'), ('న్న', '|'), ('డు', '|'), ('వేం', 'U'), ('క', '|'), ('టే', 'U'), ('శ్వ', '|'), ('రా', 'U')]",0.95,1.0,1.0,1.0,0.75,1.0
vutpalamaala,"ఆయలమేలుమంగ కమలాననయుం గలుహార నేత్రియుం
బాయక తానయై చెలఁగుబద్మ హితాక్షముఁజంద్ర నేత్రము\న్‌
సోయగలీల మించు నెటుచూచినఁ బొందిక నెద్ది నిద్ర నీ
కేయెడ మేల్కొనంగఁ దఱి యెయ్యది చూడఁగ వేంకటేశ్వరా!",vruttamu,Venkateswara,"[('ఆ', 'U'), ('య', '|'), ('ల', '|'), ('మే', 'U'), ('లు', '|'), ('మం', 'U'), ('గ', '|'), ('క', '|'), ('మ', '|'), ('లా', 'U'), ('న', '|'), ('న', '|'), ('యుం', 'U'), ('గ', '|'), ('లు', '|'), ('హా', 'U'), ('ర', '|'), ('నే', 'U'), ('త్రి', '|'), ('యుం', 'U'), ('బా', 'U'), ('య', '|'), ('క', '|'), ('తా', 'U'), ('న', '|'), ('యై', 'U'), ('చె', '|'), ('ల', '|'), ('గు', '|'), ('బ', 'U'), ('ద్మ', '|'), ('హి', '|'), ('తా', 'U'), ('క్ష', '|'), ('ము', '|'), ('జం', 'U'), ('ద్ర', '|'), ('నే', 'U'), ('త్ర', '|'), ('మున్', 'U'), ('సో', 'U'), ('య', '|'), ('గ', '|'), ('లీ', 'U'), ('ల', '|'), ('మిం', 'U'), ('చు', '|'), ('నె', '|'), ('టు', '|'), ('చూ', 'U'), ('చి', '|'), ('న', '|'), ('బొం', 'U'), ('ది', '|'), ('క', '|'), ('నె', 'U'), ('ద్ది', '|'), ('ని', '|'), ('ద్ర', '|'), ('నీ', 'U'), ('కే', 'U'), ('యె', '|'), ('డ', '|'), ('మే', 'U'), ('ల్కొ', '|'), ('నం', 'U'), ('గ', '|'), ('ద', '|'), ('ఱి', '|'), ('యె', 'U'), ('య్య', '|'), ('ది', '|'), ('చూ', 'U'), ('డ', '|'), ('గ', '|'), ('వేం', 'U'), ('క', '|'), ('టే', 'U'), ('శ్వ', '|'), ('రా', 'U')]",0.8928571428571429,1.0,1.0,0.9642857142857143,0.5,1.0
champakamaala,"నెఱి నలమేలుమంగకును నీకును పద్మభవాండభాండమే
మెఱసిన బొమ్మరిల్లు తగుమేడలు మీఁదటిలోకముల్‌ ప్రభల్‌
తెఱలఁగ మించు నయ్యినుఁడె దీపము గుజ్జనఁగూడు చంద్రుడే
తొఱలిన దేవసంఘములె తొత్తులు బంట్లును వేంకటేశ్వరా!",vruttamu,Venkateswara,"[('నె', '|'), ('ఱి', '|'), ('న', '|'), ('ల', '|'), ('మే', 'U'), ('లు', '|'), ('మం', 'U'), ('గ', '|'), ('కు', '|'), ('ను', '|'), ('నీ', 'U'), ('కు', '|'), ('ను', '|'), ('ప', 'U'), ('ద్మ', '|'), ('భ', '|'), ('వాం', 'U'), ('డ', '|'), ('భాం', 'U'), ('డ', '|'), ('మే', 'U'), ('మె', '|'), ('ఱ', '|'), ('సి', '|'), ('న', '|'), ('బొ', 'U'), ('మ్మ', '|'), ('రి', 'U'), ('ల్లు', '|'), ('త', '|'), ('గు', '|'), ('మే', 'U'), ('డ', '|'), ('లు', '|'), ('మీ', 'U'), ('ద', '|'), ('టి', '|'), ('లో', 'U'), ('క', '|'), ('ము', 'U'), ('ల్ప్ర', '|'), ('భల్', 'U'), ('తె', '|'), ('ఱ', '|'), ('ల', '|'), ('గ', '|'), ('మిం', 'U'), ('చు', '|'), ('న', 'U'), ('య్యి', '|'), ('ను', '|'), ('డె', '|'), ('దీ', 'U'), ('ప', '|'), ('ము', '|'), ('గు', 'U'), ('జ్జ', '|'), ('న', '|'), ('గూ', 'U'), ('డు', '|'), ('చం', 'U'), ('ద్రు', '|'), ('డే', 'U'), ('తొ', '|'), ('ఱ', '|'), ('లి', '|'), ('న', '|'), ('దే', 'U'), ('వ', '|'), ('సం', 'U'), ('ఘ', '|'), ('ము', '|'), ('లె', '|'), ('తొ', 'U'), ('త్తు', '|'), ('లు', '|'), ('బం', 'U'), ('ట్లు', '|'), ('ను', '|'), ('వేం', 'U'), ('క', '|'), ('టే', 'U'), ('శ్వ', '|'), ('రా', 'U')]",1.0,1.0,1.0,1.0,1.0,1.0
champakamaala,"వడి నలమేలుమంగ నిడువాలికచూపునివాళి నీపయి\న్‌
సుడిసిన తమ్మిరేకులంబ్రసూనశరంబులు గల్వరేకుల\న్‌
బడిబడి మీఁదమీఁద రసభావనగా దిగఁబోసినట్ల పో
పొడవగు పువ్వుజొంపముల పూజలు నీకును వేంకటేశ్వరా!",vruttamu,Venkateswara,"[('వ', '|'), ('డి', '|'), ('న', '|'), ('ల', '|'), ('మే', 'U'), ('లు', '|'), ('మం', 'U'), ('గ', '|'), ('ని', '|'), ('డు', '|'), ('వా', 'U'), ('లి', '|'), ('క', '|'), ('చూ', 'U'), ('పు', '|'), ('ని', '|'), ('వా', 'U'), ('ళి', '|'), ('నీ', 'U'), ('ప', '|'), ('యిన్', 'U'), ('సు', '|'), ('డి', '|'), ('సి', '|'), ('న', '|'), ('త', 'U'), ('మ్మి', '|'), ('రే', 'U'), ('కు', '|'), ('లం', 'U'), ('బ్ర', '|'), ('సూ', 'U'), ('న', '|'), ('శ', '|'), ('రం', 'U'), ('బు', '|'), ('లు', '|'), ('గ', 'U'), ('ల్వ', '|'), ('రే', 'U'), ('కు', '|'), ('లన్', 'U'), ('బ', '|'), ('డి', '|'), ('బ', '|'), ('డి', '|'), ('మీ', 'U'), ('ద', '|'), ('మీ', 'U'), ('ద', '|'), ('ర', '|'), ('స', '|'), ('భా', 'U'), ('వ', '|'), ('న', '|'), ('గా', 'U'), ('ది', '|'), ('గ', '|'), ('బో', 'U'), ('సి', '|'), ('న', 'U'), ('ట్ల', '|'), ('పో', 'U'), ('పొ', '|'), ('డ', '|'), ('వ', '|'), ('గు', '|'), ('పు', 'U'), ('వ్వు', '|'), ('జొం', 'U'), ('ప', '|'), ('ము', '|'), ('ల', '|'), ('పూ', 'U'), ('జ', '|'), ('లు', '|'), ('నీ', 'U'), ('కు', '|'), ('ను', '|'), ('వేం', 'U'), ('క', '|'), ('టే', 'U'), ('శ్వ', '|'), ('రా', 'U')]",0.9928571428571429,1.0,1.0,0.9642857142857143,1.0,1.0
champakamaala,"నిను నలమేలుమంగ ఘననీరజపంక్తులు దాఁక నేసిన\న్‌
జనుఁగవ నొత్తినట్లు కెరజంబుల వాండ్లును నొత్తినట్లు ని
గ్గునఁగనుదోయితామరలఁ గొంకక సారెకు నొత్తినట్లు మైఁ
జెనకి మరుండు బాణములు చిమ్మినయట్లగు వేంకటేశ్వరా!",vruttamu,Venkateswara,"[('ని', '|'), ('ను', '|'), ('న', '|'), ('ల', '|'), ('మే', 'U'), ('లు', '|'), ('మం', 'U'), ('గ', '|'), ('ఘ', '|'), ('న', '|'), ('నీ', 'U'), ('ర', '|'), ('జ', '|'), ('పం', 'U'), ('క్తు', '|'), ('లు', '|'), ('దా', 'U'), ('క', '|'), ('నే', 'U'), ('సి', '|'), ('నన్', 'U'), ('జ', '|'), ('ను', '|'), ('గ', '|'), ('వ', '|'), ('నొ', 'U'), ('త్తి', '|'), ('న', 'U'), ('ట్లు', '|'), ('కె', '|'), ('ర', '|'), ('జం', 'U'), ('బు', '|'), ('ల', '|'), ('వాం', 'U'), ('డ్లు', '|'), ('ను', '|'), ('నొ', 'U'), ('త్తి', '|'), ('న', 'U'), ('ట్లు', '|'), ('ని', 'U'), ('గ్గు', '|'), ('న', '|'), ('గ', '|'), ('ను', '|'), ('దో', 'U'), ('యి', '|'), ('తా', 'U'), ('మ', '|'), ('ర', '|'), ('ల', '|'), ('గొం', 'U'), ('క', '|'), ('క', '|'), ('సా', 'U'), ('రె', '|'), ('కు', '|'), ('నొ', 'U'), ('త్తి', '|'), ('న', 'U'), ('ట్లు', '|'), ('మై', 'U'), ('జె', '|'), ('న', '|'), ('కి', '|'), ('మ', '|'), ('రుం', 'U'), ('డు', '|'), ('బా', 'U'), ('ణ', '|'), ('ము', '|'), ('లు', '|'), ('చి', 'U'), ('మ్మి', '|'), ('న', '|'), ('య', 'U'), ('ట్ల', '|'), ('గు', '|'), ('వేం', 'U'), ('క', '|'), ('టే', 'U'), ('శ్వ', '|'), ('రా', 'U')]",1.0,1.0,1.0,1.0,1.0,1.0
champakamaala,"అపు డలమేలుమంగ పొలయల్కలు వద్దని చాఁటి చెప్పిన\న్‌
గపటపుటల్క లల్లితివి గర్వితనంబునఁ గాంత కోరమే
రపమునఁ జూతుగా కలుక రాజసలీలల నింత దీఱునా
విపులవియోగతాపమున వేడుకకూటమి వేంకటేశ్వరా!",vruttamu,Venkateswara,"[('అ', '|'), ('పు', '|'), ('డ', '|'), ('ల', '|'), ('మే', 'U'), ('లు', '|'), ('మం', 'U'), ('గ', '|'), ('పొ', '|'), ('ల', '|'), ('య', 'U'), ('ల్క', '|'), ('లు', '|'), ('వ', 'U'), ('ద్ద', '|'), ('ని', '|'), ('చా', 'U'), ('టి', '|'), ('చె', 'U'), ('ప్పి', '|'), ('నన్', 'U'), ('గ', '|'), ('ప', '|'), ('ట', '|'), ('పు', '|'), ('ట', 'U'), ('ల్క', '|'), ('ల', 'U'), ('ల్లి', '|'), ('తి', '|'), ('వి', '|'), ('గ', 'U'), ('ర్వి', '|'), ('త', '|'), ('నం', 'U'), ('బు', '|'), ('న', '|'), ('గాం', 'U'), ('త', '|'), ('కో', 'U'), ('ర', '|'), ('మే', 'U'), ('ర', '|'), ('ప', '|'), ('ము', '|'), ('న', '|'), ('జూ', 'U'), ('తు', '|'), ('గా', 'U'), ('క', '|'), ('లు', '|'), ('క', '|'), ('రా', 'U'), ('జ', '|'), ('స', '|'), ('లీ', 'U'), ('ల', '|'), ('ల', '|'), ('నిం', 'U'), ('త', '|'), ('దీ', 'U'), ('ఱు', '|'), ('నా', 'U'), ('వి', '|'), ('పు', '|'), ('ల', '|'), ('వి', '|'), ('యో', 'U'), ('గ', '|'), ('తా', 'U'), ('ప', '|'), ('ము', '|'), ('న', '|'), ('వే', 'U'), ('డు', '|'), ('క', '|'), ('కూ', 'U'), ('ట', '|'), ('మి', '|'), ('వేం', 'U'), ('క', '|'), ('టే', 'U'), ('శ్వ', '|'), ('రా', 'U')]",1.0,1.0,1.0,1.0,1.0,1.0
champakamaala,"ఇల నలమేలుమంగ నిను నేమని తిట్టునొ యేకతంబున\న్‌
గలికి మెఱుంగుడాలు తెలికన్నులజంకెన నద్దలింపుచు\న్‌
బలుకులముద్దు లింపొలయ భారపుగుబ్బల దూర నెత్తుచు\న్‌
జలజల కొప్పుసంపెఁగలు జాజులు రాలఁగ వేంకటేశ్వరా!",vruttamu,Venkateswara,"[('ఇ', '|'), ('ల', '|'), ('న', '|'), ('ల', '|'), ('మే', 'U'), ('లు', '|'), ('మం', 'U'), ('గ', '|'), ('ని', '|'), ('ను', '|'), ('నే', 'U'), ('మ', '|'), ('ని', '|'), ('తి', 'U'), ('ట్టు', '|'), ('నొ', '|'), ('యే', 'U'), ('క', '|'), ('తం', 'U'), ('బు', '|'), ('నన్', 'U'), ('గ', '|'), ('లి', '|'), ('కి', '|'), ('మె', '|'), ('ఱుం', 'U'), ('గు', '|'), ('డా', 'U'), ('లు', '|'), ('తె', '|'), ('లి', '|'), ('క', 'U'), ('న్ను', '|'), ('ల', '|'), ('జం', 'U'), ('కె', '|'), ('న', '|'), ('న', 'U'), ('ద్ద', '|'), ('లిం', 'U'), ('పు', '|'), ('చున్', 'U'), ('బ', '|'), ('లు', '|'), ('కు', '|'), ('ల', '|'), ('ము', 'U'), ('ద్దు', '|'), ('లిం', 'U'), ('పొ', '|'), ('ల', '|'), ('య', '|'), ('భా', 'U'), ('ర', '|'), ('పు', '|'), ('గు', 'U'), ('బ్బ', '|'), ('ల', '|'), ('దూ', 'U'), ('ర', '|'), ('నె', 'U'), ('త్తు', '|'), ('చున్', 'U'), ('జ', '|'), ('ల', '|'), ('జ', '|'), ('ల', '|'), ('కొ', 'U'), ('ప్పు', '|'), ('సం', 'U'), ('పె', '|'), ('గ', '|'), ('లు', '|'), ('జా', 'U'), ('జు', '|'), ('లు', '|'), ('రా', 'U'), ('ల', '|'), ('గ', '|'), ('వేం', 'U'), ('క', '|'), ('టే', 'U'), ('శ్వ', '|'), ('రా', 'U')]",0.95,1.0,1.0,1.0,0.75,1.0
champakamaala,"తగు నలమేలుమంగకును దన్మయమందెడునీకు మేనిలో
బగటులు బచ్చిమాటలను బచ్చెనయెచ్చరికల్‌ వివేకముల్‌
మొగముల లేఁతనవ్వులను మోవులనాటులుతమ్మితూటులు\న్‌
జగడపుఁబొందులు\న్‌ రతులసంపదవిందులు వేంకటేశ్వరా!",vruttamu,Venkateswara,"[('త', '|'), ('గు', '|'), ('న', '|'), ('ల', '|'), ('మే', 'U'), ('లు', '|'), ('మం', 'U'), ('గ', '|'), ('కు', '|'), ('ను', '|'), ('ద', 'U'), ('న్మ', '|'), ('య', '|'), ('మం', 'U'), ('దె', '|'), ('డు', '|'), ('నీ', 'U'), ('కు', '|'), ('మే', 'U'), ('ని', '|'), ('లో', 'U'), ('బ', '|'), ('గ', '|'), ('టు', '|'), ('లు', '|'), ('బ', 'U'), ('చ్చి', '|'), ('మా', 'U'), ('ట', '|'), ('ల', '|'), ('ను', '|'), ('బ', 'U'), ('చ్చె', '|'), ('న', '|'), ('యె', 'U'), ('చ్చ', '|'), ('రి', '|'), ('క', 'U'), ('ల్వి', '|'), ('వే', 'U'), ('క', '|'), ('ముల్', 'U'), ('మొ', '|'), ('గ', '|'), ('ము', '|'), ('ల', '|'), ('లే', 'U'), ('త', '|'), ('న', 'U'), ('వ్వు', '|'), ('ల', '|'), ('ను', '|'), ('మో', 'U'), ('వు', '|'), ('ల', '|'), ('నా', 'U'), ('టు', '|'), ('లు', '|'), ('త', 'U'), ('మ్మి', '|'), ('తూ', 'U'), ('టు', '|'), ('లున్', 'U'), ('జ', '|'), ('గ', '|'), ('డ', '|'), ('పు', '|'), ('బొం', 'U'), ('దు', '|'), ('లు', '|'), ('న్ర', '|'), ('తు', '|'), ('ల', '|'), ('సం', 'U'), ('ప', '|'), ('ద', '|'), ('విం', 'U'), ('దు', '|'), ('లు', '|'), ('వేం', 'U'), ('క', '|'), ('టే', 'U'), ('శ్వ', '|'), ('రా', 'U')]",0.9928571428571429,1.0,1.0,0.9642857142857143,1.0,1.0
champakamaala,"సరి నలమేలుమంగకును జక్కనిమీకును మీకుమీకు లో
నరుదుగ నేకతస్ఫురణ నమ్ముడు వోయితి రొక్కరొక్కరు\న్‌
ఇరువురు నింక నేటితెలి వెక్కడినేరుపు లేటిసైరణల్‌
గిరపులపుచ్చె మేనఁ బులకింతలు వింతలు వేంకటేశ్వరా!",vruttamu,Venkateswara,"[('స', '|'), ('రి', '|'), ('న', '|'), ('ల', '|'), ('మే', 'U'), ('లు', '|'), ('మం', 'U'), ('గ', '|'), ('కు', '|'), ('ను', '|'), ('జ', 'U'), ('క్క', '|'), ('ని', '|'), ('మీ', 'U'), ('కు', '|'), ('ను', '|'), ('మీ', 'U'), ('కు', '|'), ('మీ', 'U'), ('కు', '|'), ('లో', 'U'), ('న', '|'), ('రు', '|'), ('దు', '|'), ('గ', '|'), ('నే', 'U'), ('క', '|'), ('త', 'U'), ('స్ఫు', '|'), ('ర', '|'), ('ణ', '|'), ('న', 'U'), ('మ్ము', '|'), ('డు', '|'), ('వో', 'U'), ('యి', '|'), ('తి', '|'), ('రొ', 'U'), ('క్క', '|'), ('రొ', 'U'), ('క్క', '|'), ('రున్', 'U'), ('ఇ', '|'), ('రు', '|'), ('వు', '|'), ('రు', '|'), ('నిం', 'U'), ('క', '|'), ('నే', 'U'), ('టి', '|'), ('తె', '|'), ('లి', '|'), ('వె', 'U'), ('క్క', '|'), ('డి', '|'), ('నే', 'U'), ('రు', '|'), ('పు', '|'), ('లే', 'U'), ('టి', '|'), ('సై', 'U'), ('ర', '|'), ('ణల్', 'U'), ('గి', '|'), ('ర', '|'), ('పు', '|'), ('ల', '|'), ('పు', 'U'), ('చ్చె', '|'), ('మే', 'U'), ('న', '|'), ('బు', '|'), ('ల', '|'), ('కిం', 'U'), ('త', '|'), ('లు', '|'), ('విం', 'U'), ('త', '|'), ('లు', '|'), ('వేం', 'U'), ('క', '|'), ('టే', 'U'), ('శ్వ', '|'), ('రా', 'U')]",0.95,1.0,1.0,1.0,0.75,1.0
champakamaala,"ఒకయలమేలుమంగ మహిమోన్నతిఁ జిక్కితి యోగలీలచేఁ
జికురభరంబు జాఱ నలసె\న్‌ నిఖిలోన్నతుఁ డంచు నీకృప\న్‌
బ్రకటములైన కాంత ... ... యింతురు శీతల క్రియ\న్‌
మొకముల నిగ్గు దేఱఁగను ముచ్చటలాడుచు వేంకటేశ్వరా!",vruttamu,Venkateswara,"[('ఒ', '|'), ('క', '|'), ('య', '|'), ('ల', '|'), ('మే', 'U'), ('లు', '|'), ('మం', 'U'), ('గ', '|'), ('మ', '|'), ('హి', '|'), ('మో', 'U'), ('న్న', '|'), ('తి', '|'), ('జి', 'U'), ('క్కి', '|'), ('తి', '|'), ('యో', 'U'), ('గ', '|'), ('లీ', 'U'), ('ల', '|'), ('చే', 'U'), ('జి', '|'), ('కు', '|'), ('ర', '|'), ('భ', '|'), ('రం', 'U'), ('బు', '|'), ('జా', 'U'), ('ఱ', '|'), ('న', '|'), ('ల', '|'), ('సె', 'U'), ('న్ని', '|'), ('ఖి', '|'), ('లో', 'U'), ('న్న', '|'), ('తు', '|'), ('డం', 'U'), ('చు', '|'), ('నీ', 'U'), ('కృ', '|'), ('పన్', 'U'), ('బ్ర', '|'), ('క', '|'), ('ట', '|'), ('ము', '|'), ('లై', 'U'), ('న', '|'), ('కాం', 'U'), ('త', '|'), ('యిం', 'U'), ('తు', '|'), ('రు', '|'), ('శీ', 'U'), ('త', '|'), ('ల', '|'), ('క్రి', '|'), ('యన్', 'U'), ('మొ', '|'), ('క', '|'), ('ము', '|'), ('ల', '|'), ('ని', 'U'), ('గ్గు', '|'), ('దే', 'U'), ('ఱ', '|'), ('గ', '|'), ('ను', '|'), ('ము', 'U'), ('చ్చ', '|'), ('ట', '|'), ('లా', 'U'), ('డు', '|'), ('చు', '|'), ('వేం', 'U'), ('క', '|'), ('టే', 'U'), ('శ్వ', '|'), ('రా', 'U')]",0.7095238095238094,0.9404761904761905,1.0,0.6071428571428571,0.25,0.75
champakamaala,"నగ వలమేలుమంగకును నాటవవల్కలు నీకు మాటల\న్‌
బగ డలమేలుమంగకును బచ్చెనగర్వము నీకుఁ జూపుల\న్‌
జిగి యలమేలుమంగకును శ్రీమల వేడుక నీకు నిట్ల పో
మిగిలిన మోహసంపదలు మీరును మీరును వేంకటేశ్వరా!",vruttamu,Venkateswara,"[('న', '|'), ('గ', '|'), ('వ', '|'), ('ల', '|'), ('మే', 'U'), ('లు', '|'), ('మం', 'U'), ('గ', '|'), ('కు', '|'), ('ను', '|'), ('నా', 'U'), ('ట', '|'), ('వ', '|'), ('వ', 'U'), ('ల్క', '|'), ('లు', '|'), ('నీ', 'U'), ('కు', '|'), ('మా', 'U'), ('ట', '|'), ('లన్', 'U'), ('బ', '|'), ('గ', '|'), ('డ', '|'), ('ల', '|'), ('మే', 'U'), ('లు', '|'), ('మం', 'U'), ('గ', '|'), ('కు', '|'), ('ను', '|'), ('బ', 'U'), ('చ్చె', '|'), ('న', '|'), ('గ', 'U'), ('ర్వ', '|'), ('ము', '|'), ('నీ', 'U'), ('కు', '|'), ('జూ', 'U'), ('పు', '|'), ('లన్', 'U'), ('జి', '|'), ('గి', '|'), ('య', '|'), ('ల', '|'), ('మే', 'U'), ('లు', '|'), ('మం', 'U'), ('గ', '|'), ('కు', '|'), ('ను', '|'), ('శ్రీ', 'U'), ('మ', '|'), ('ల', '|'), ('వే', 'U'), ('డు', '|'), ('క', '|'), ('నీ', 'U'), ('కు', '|'), ('ని', 'U'), ('ట్ల', '|'), ('పో', 'U'), ('మి', '|'), ('గి', '|'), ('లి', '|'), ('న', '|'), ('మో', 'U'), ('హ', '|'), ('సం', 'U'), ('ప', '|'), ('ద', '|'), ('లు', '|'), ('మీ', 'U'), ('రు', '|'), ('ను', '|'), ('మీ', 'U'), ('రు', '|'), ('ను', '|'), ('వేం', 'U'), ('క', '|'), ('టే', 'U'), ('శ్వ', '|'), ('రా', 'U')]",1.0,1.0,1.0,1.0,1.0,1.0
vutpalamaala,"ఈయలమేలుమంగ మణిహేమకటీరశనాకలాపముల్‌
రాయఁగఁ రాలుఁ బైఁడిపొడి రంతులు మీఱినవజ్రపుంబొడి\న్‌
శ్రీయలరారుకొప్పునఁ బ్రసిద్ధిగ రాలెడు కమ్మపుప్పొడి\న్‌
నీయనుఁగుంగవుంగిటికి నిచ్చె వసంతము వేంకటేశ్వరా!",vruttamu,Venkateswara,"[('ఈ', 'U'), ('య', '|'), ('ల', '|'), ('మే', 'U'), ('లు', '|'), ('మం', 'U'), ('గ', '|'), ('మ', '|'), ('ణి', '|'), ('హే', 'U'), ('మ', '|'), ('క', '|'), ('టీ', 'U'), ('ర', '|'), ('శ', '|'), ('నా', 'U'), ('క', '|'), ('లా', 'U'), ('ప', '|'), ('ముల్', 'U'), ('రా', 'U'), ('య', '|'), ('గ', '|'), ('రా', 'U'), ('లు', '|'), ('బై', 'U'), ('డి', '|'), ('పొ', '|'), ('డి', '|'), ('రం', 'U'), ('తు', '|'), ('లు', '|'), ('మీ', 'U'), ('ఱి', '|'), ('న', '|'), ('వ', '|'), ('జ్ర', '|'), ('పుం', 'U'), ('బొ', '|'), ('డిన్', 'U'), ('శ్రీ', 'U'), ('య', '|'), ('ల', '|'), ('రా', 'U'), ('రు', '|'), ('కొ', 'U'), ('ప్పు', '|'), ('న', '|'), ('బ్ర', '|'), ('సి', 'U'), ('ద్ధి', '|'), ('గ', '|'), ('రా', 'U'), ('లె', '|'), ('డు', '|'), ('క', 'U'), ('మ్మ', '|'), ('పు', 'U'), ('ప్పొ', '|'), ('డిన్', 'U'), ('నీ', 'U'), ('య', '|'), ('ను', '|'), ('గుం', 'U'), ('గ', '|'), ('వుం', 'U'), ('గి', '|'), ('టి', '|'), ('కి', '|'), ('ని', 'U'), ('చ్చె', '|'), ('వ', '|'), ('సం', 'U'), ('త', '|'), ('ము', '|'), ('వేం', 'U'), ('క', '|'), ('టే', 'U'), ('శ్వ', '|'), ('రా', 'U')]",0.9428571428571428,1.0,1.0,0.9642857142857143,0.75,1.0
vutpalamaala,"ఓయలమేలుమంగ యిది యొక్కటిపో జగదేక భర్తకు\న్‌
బాయనినీకునుం గడమ ప్రాణము ప్రాణము నేకమాయె నీ
కాయము కాయముం గలసెఁ గౌఁగిటకాంక్ష యటంచు నీసతి\న్‌
బ్రాయము నిండుజవ్వనముఁ బల్మఱు మెత్తురు వేంకటేశ్వరా!",vruttamu,Venkateswara,"[('ఓ', 'U'), ('య', '|'), ('ల', '|'), ('మే', 'U'), ('లు', '|'), ('మం', 'U'), ('గ', '|'), ('యి', '|'), ('ది', '|'), ('యొ', 'U'), ('క్క', '|'), ('టి', '|'), ('పో', 'U'), ('జ', '|'), ('గ', '|'), ('దే', 'U'), ('క', '|'), ('భ', 'U'), ('ర్త', '|'), ('కున్', 'U'), ('బా', 'U'), ('య', '|'), ('ని', '|'), ('నీ', 'U'), ('కు', '|'), ('నుం', 'U'), ('గ', '|'), ('డ', '|'), ('మ', '|'), ('ప్రా', 'U'), ('ణ', '|'), ('ము', '|'), ('ప్రా', 'U'), ('ణ', '|'), ('ము', '|'), ('నే', 'U'), ('క', '|'), ('మా', 'U'), ('యె', '|'), ('నీ', 'U'), ('కా', 'U'), ('య', '|'), ('ము', '|'), ('కా', 'U'), ('య', '|'), ('ముం', 'U'), ('గ', '|'), ('ల', '|'), ('సె', '|'), ('గౌ', 'U'), ('గి', '|'), ('ట', '|'), ('కాం', 'U'), ('క్ష', '|'), ('య', '|'), ('టం', 'U'), ('చు', '|'), ('నీ', 'U'), ('స', '|'), ('తిన్', 'U'), ('బ్రా', 'U'), ('య', '|'), ('ము', '|'), ('నిం', 'U'), ('డు', '|'), ('జ', 'U'), ('వ్వ', '|'), ('న', '|'), ('ము', '|'), ('బ', 'U'), ('ల్మ', '|'), ('ఱు', '|'), ('మె', 'U'), ('త్తు', '|'), ('రు', '|'), ('వేం', 'U'), ('క', '|'), ('టే', 'U'), ('శ్వ', '|'), ('రా', 'U')]",0.95,1.0,1.0,1.0,0.75,1.0
champakamaala,"ఇతఁ డలమేలుమంగ విభుఁ డీతఁడెవో కలశాబ్ధికన్యకు\న్‌
సతతముఁ జిత్త మిచ్చిన రసజ్ఞుఁడు ప్రాజ్ఞుఁడు సర్వవైభవో
న్నతుఁడు రమాసతీ ప్రియుఁడు నందకశార్ఙ్గధరుం డటంచు ని
న్నతివలు మెచ్చి మెచ్చి కొనియాడుదు రెప్పుడు వేంకటేశ్వరా!",vruttamu,Venkateswara,"[('ఇ', '|'), ('త', '|'), ('డ', '|'), ('ల', '|'), ('మే', 'U'), ('లు', '|'), ('మం', 'U'), ('గ', '|'), ('వి', '|'), ('భు', '|'), ('డీ', 'U'), ('త', '|'), ('డె', '|'), ('వో', 'U'), ('క', '|'), ('ల', '|'), ('శా', 'U'), ('బ్ధి', '|'), ('క', 'U'), ('న్య', '|'), ('కున్', 'U'), ('స', '|'), ('త', '|'), ('త', '|'), ('ము', '|'), ('జి', 'U'), ('త్త', '|'), ('మి', 'U'), ('చ్చి', '|'), ('న', '|'), ('ర', '|'), ('స', 'U'), ('జ్ఞు', '|'), ('డు', '|'), ('ప్రా', 'U'), ('జ్ఞు', '|'), ('డు', '|'), ('స', 'U'), ('ర్వ', '|'), ('వై', 'U'), ('భ', '|'), ('వో', 'U'), ('న్న', '|'), ('తు', '|'), ('డు', '|'), ('ర', '|'), ('మా', 'U'), ('స', '|'), ('తీ', 'U'), ('ప్రి', '|'), ('యు', '|'), ('డు', '|'), ('నం', 'U'), ('ద', '|'), ('క', '|'), ('శా', 'U'), ('ర్ఙ్గ', '|'), ('ధ', '|'), ('రుం', 'U'), ('డ', '|'), ('టం', 'U'), ('చు', '|'), ('ని', 'U'), ('న్న', '|'), ('తి', '|'), ('వ', '|'), ('లు', '|'), ('మె', 'U'), ('చ్చి', '|'), ('మె', 'U'), ('చ్చి', '|'), ('కొ', '|'), ('ని', '|'), ('యా', 'U'), ('డు', '|'), ('దు', '|'), ('రె', 'U'), ('ప్పు', '|'), ('డు', '|'), ('వేం', 'U'), ('క', '|'), ('టే', 'U'), ('శ్వ', '|'), ('రా', 'U')]",0.9,1.0,1.0,1.0,0.5,1.0
vutpalamaala,"మాయలమేలుమంగ చలమా యలయించెద వెంతసేసిన\న్‌
దోయజగంధి నీకు మతితోడనె తక్కిన దల్క నోపు నా
చేయఁగ నేర్చుచేఁత లివె చేయుదుగాక లతాంతసాయకుం
డీయెడఁ జేయు వేదన లకిన్నియుఁ దోడుగ వేంకటేశ్వరా!",vruttamu,Venkateswara,"[('మా', 'U'), ('య', '|'), ('ల', '|'), ('మే', 'U'), ('లు', '|'), ('మం', 'U'), ('గ', '|'), ('చ', '|'), ('ల', '|'), ('మా', 'U'), ('య', '|'), ('ల', '|'), ('యిం', 'U'), ('చె', '|'), ('ద', '|'), ('వెం', 'U'), ('త', '|'), ('సే', 'U'), ('సి', '|'), ('నన్', 'U'), ('దో', 'U'), ('య', '|'), ('జ', '|'), ('గం', 'U'), ('ధి', '|'), ('నీ', 'U'), ('కు', '|'), ('మ', '|'), ('తి', '|'), ('తో', 'U'), ('డ', '|'), ('నె', '|'), ('త', 'U'), ('క్కి', '|'), ('న', '|'), ('ద', 'U'), ('ల్క', '|'), ('నో', 'U'), ('పు', '|'), ('నా', 'U'), ('చే', 'U'), ('య', '|'), ('గ', '|'), ('నే', 'U'), ('ర్చు', '|'), ('చే', 'U'), ('త', '|'), ('లి', '|'), ('వె', '|'), ('చే', 'U'), ('యు', '|'), ('దు', '|'), ('గా', 'U'), ('క', '|'), ('ల', '|'), ('తాం', 'U'), ('త', '|'), ('సా', 'U'), ('య', '|'), ('కుం', 'U'), ('డీ', 'U'), ('యె', '|'), ('డ', '|'), ('జే', 'U'), ('యు', '|'), ('వే', 'U'), ('ద', '|'), ('న', '|'), ('ల', '|'), ('కి', 'U'), ('న్ని', '|'), ('యు', '|'), ('దో', 'U'), ('డు', '|'), ('గ', '|'), ('వేం', 'U'), ('క', '|'), ('టే', 'U'), ('శ్వ', '|'), ('రా', 'U')]",0.95,1.0,1.0,1.0,0.75,1.0
champakamaala,"మతి నలమేలుమంగకును మంతనమాడెడు నీవిలాసముల్‌
తతిఁ దలపోఁతలై సురతతాండవసంభ్రమలీలలై సమం
చిత సరసప్రసంగములు చిమ్మనిదొంతరలై ప్రియంబులై
వితతమనోజవిద్యల నవీనము లైనవి వేంకటేశ్వరా!",vruttamu,Venkateswara,"[('మ', '|'), ('తి', '|'), ('న', '|'), ('ల', '|'), ('మే', 'U'), ('లు', '|'), ('మం', 'U'), ('గ', '|'), ('కు', '|'), ('ను', '|'), ('మం', 'U'), ('త', '|'), ('న', '|'), ('మా', 'U'), ('డె', '|'), ('డు', '|'), ('నీ', 'U'), ('వి', '|'), ('లా', 'U'), ('స', '|'), ('ముల్', 'U'), ('త', '|'), ('తి', '|'), ('ద', '|'), ('ల', '|'), ('పో', 'U'), ('త', '|'), ('లై', 'U'), ('సు', '|'), ('ర', '|'), ('త', '|'), ('తాం', 'U'), ('డ', '|'), ('వ', '|'), ('సం', 'U'), ('భ్ర', '|'), ('మ', '|'), ('లీ', 'U'), ('ల', '|'), ('లై', 'U'), ('స', '|'), ('మం', 'U'), ('చి', '|'), ('త', '|'), ('స', '|'), ('ర', '|'), ('స', '|'), ('ప్ర', '|'), ('సం', 'U'), ('గ', '|'), ('ము', '|'), ('లు', '|'), ('చి', 'U'), ('మ్మ', '|'), ('ని', '|'), ('దొం', 'U'), ('త', '|'), ('ర', '|'), ('లై', 'U'), ('ప్రి', '|'), ('యం', 'U'), ('బు', '|'), ('లై', 'U'), ('వి', '|'), ('త', '|'), ('త', '|'), ('మ', '|'), ('నో', 'U'), ('జ', '|'), ('వి', 'U'), ('ద్య', '|'), ('ల', '|'), ('న', '|'), ('వీ', 'U'), ('న', '|'), ('ము', '|'), ('లై', 'U'), ('న', '|'), ('వి', '|'), ('వేం', 'U'), ('క', '|'), ('టే', 'U'), ('శ్వ', '|'), ('రా', 'U')]",0.9928571428571429,1.0,1.0,0.9642857142857143,1.0,1.0
champakamaala,"కసిగలచూపు చిమ్ముదును కంకణహస్తము సాఁచి కుంచెచే
విసరకు రమ్మనంగ వడి వెన్నెలమోమున ముద్దుగుల్కెడి\న్‌
రసికున కంచుఁ జక్కనిపురంధ్రిని నీయలమేలుమంగతో
ముసిముసినవ్వు నవ్వుదురు ముచ్చటలాడుచు వేంకటేశ్వరా!",vruttamu,Venkateswara,"[('క', '|'), ('సి', '|'), ('గ', '|'), ('ల', '|'), ('చూ', 'U'), ('పు', '|'), ('చి', 'U'), ('మ్ము', '|'), ('దు', '|'), ('ను', '|'), ('కం', 'U'), ('క', '|'), ('ణ', '|'), ('హ', 'U'), ('స్త', '|'), ('ము', '|'), ('సా', 'U'), ('చి', '|'), ('కుం', 'U'), ('చె', '|'), ('చే', 'U'), ('వి', '|'), ('స', '|'), ('ర', '|'), ('కు', '|'), ('ర', 'U'), ('మ్మ', '|'), ('నం', 'U'), ('గ', '|'), ('వ', '|'), ('డి', '|'), ('వె', 'U'), ('న్నె', '|'), ('ల', '|'), ('మో', 'U'), ('ము', '|'), ('న', '|'), ('ము', 'U'), ('ద్దు', '|'), ('గు', 'U'), ('ల్కె', '|'), ('డిన్', 'U'), ('ర', '|'), ('సి', '|'), ('కు', '|'), ('న', '|'), ('కం', 'U'), ('చు', '|'), ('జ', 'U'), ('క్క', '|'), ('ని', '|'), ('పు', '|'), ('రం', 'U'), ('ధ్రి', '|'), ('ని', '|'), ('నీ', 'U'), ('య', '|'), ('ల', '|'), ('మే', 'U'), ('లు', '|'), ('మం', 'U'), ('గ', '|'), ('తో', 'U'), ('ము', '|'), ('సి', '|'), ('ము', '|'), ('సి', '|'), ('న', 'U'), ('వ్వు', '|'), ('న', 'U'), ('వ్వు', '|'), ('దు', '|'), ('రు', '|'), ('ము', 'U'), ('చ్చ', '|'), ('ట', '|'), ('లా', 'U'), ('డు', '|'), ('చు', '|'), ('వేం', 'U'), ('క', '|'), ('టే', 'U'), ('శ్వ', '|'), ('రా', 'U')]",1.0,1.0,1.0,1.0,1.0,1.0
vutpalamaala,"నాఁడలమేలుమంగ జననంబుకై కలశాబ్ధిఁద్రచ్చియీ
మూఁడుజగంబులందును బ్రమోదము నించితి వట్ల నుండుచో
నాఁడుఁదనంపుబృంద ముదయంబును బొందఁగ నిత్యసంపదల్‌
నేఁ డిఁక నేమిటం గడమ నీకృప వారికి వేంకటేశ్వరా!",vruttamu,Venkateswara,"[('నా', 'U'), ('డ', '|'), ('ల', '|'), ('మే', 'U'), ('లు', '|'), ('మం', 'U'), ('గ', '|'), ('జ', '|'), ('న', '|'), ('నం', 'U'), ('బు', '|'), ('కై', 'U'), ('క', '|'), ('ల', '|'), ('శా', 'U'), ('బ్ధి', '|'), ('ద్ర', 'U'), ('చ్చి', '|'), ('యీ', 'U'), ('మూ', 'U'), ('డు', '|'), ('జ', '|'), ('గం', 'U'), ('బు', '|'), ('లం', 'U'), ('దు', '|'), ('ను', '|'), ('బ్ర', '|'), ('మో', 'U'), ('ద', '|'), ('ము', '|'), ('నిం', 'U'), ('చి', '|'), ('తి', '|'), ('వ', 'U'), ('ట్ల', '|'), ('నుం', 'U'), ('డు', '|'), ('చో', 'U'), ('నా', 'U'), ('డు', '|'), ('ద', '|'), ('నం', 'U'), ('పు', '|'), ('బృం', 'U'), ('ద', '|'), ('ము', '|'), ('ద', '|'), ('యం', 'U'), ('బు', '|'), ('ను', '|'), ('బొం', 'U'), ('ద', '|'), ('గ', '|'), ('ని', 'U'), ('త్య', '|'), ('సం', 'U'), ('ప', '|'), ('దల్', 'U'), ('నే', 'U'), ('డి', '|'), ('క', '|'), ('నే', 'U'), ('మి', '|'), ('టం', 'U'), ('గ', '|'), ('డ', '|'), ('మ', '|'), ('నీ', 'U'), ('కృ', '|'), ('ప', '|'), ('వా', 'U'), ('రి', '|'), ('కి', '|'), ('వేం', 'U'), ('క', '|'), ('టే', 'U'), ('శ్వ', '|'), ('రా', 'U')]",0.5189285714285715,0.9875,1.0,0.1071428571428571,0.25,0.25
vutpalamaala,"ఈతరుణీమణీ విభునియిచ్చకుఁ జాలుతలంప నీయనా
యీతని మోహినీగజము యీవని కాయలమేలుమంగ నేఁ
డీతనువల్లి చక్కఁదనము ... ... ... ... చెలువంబు చాలదా
యీ తెలిమిం చటంచు నుతియింతురు నీసతి వేంకటేశ్వరా!",vruttamu,Venkateswara,"[('ఈ', 'U'), ('త', '|'), ('రు', '|'), ('ణీ', 'U'), ('మ', '|'), ('ణీ', 'U'), ('వి', '|'), ('భు', '|'), ('ని', '|'), ('యి', 'U'), ('చ్చ', '|'), ('కు', '|'), ('జా', 'U'), ('లు', '|'), ('త', '|'), ('లం', 'U'), ('ప', '|'), ('నీ', 'U'), ('య', '|'), ('నా', 'U'), ('యీ', 'U'), ('త', '|'), ('ని', '|'), ('మో', 'U'), ('హి', '|'), ('నీ', 'U'), ('గ', '|'), ('జ', '|'), ('ము', '|'), ('యీ', 'U'), ('వ', '|'), ('ని', '|'), ('కా', 'U'), ('య', '|'), ('ల', '|'), ('మే', 'U'), ('లు', '|'), ('మం', 'U'), ('గ', '|'), ('నే', 'U'), ('డీ', 'U'), ('త', '|'), ('ను', '|'), ('వ', 'U'), ('ల్లి', '|'), ('చ', 'U'), ('క్క', '|'), ('ద', '|'), ('న', '|'), ('ము', '|'), ('చె', '|'), ('లు', '|'), ('వం', 'U'), ('బు', '|'), ('చా', 'U'), ('ల', '|'), ('దా', 'U'), ('యీ', 'U'), ('తె', '|'), ('లి', '|'), ('మిం', 'U'), ('చ', '|'), ('టం', 'U'), ('చు', '|'), ('ను', '|'), ('తి', '|'), ('యిం', 'U'), ('తు', '|'), ('రు', '|'), ('నీ', 'U'), ('స', '|'), ('తి', '|'), ('వేం', 'U'), ('క', '|'), ('టే', 'U'), ('శ్వ', '|'), ('రా', 'U')]",0.7210714285714286,0.9625,1.0,0.6428571428571429,0.25,0.75
champakamaala,"మణుల వెలుంగు దీపవనమాలికలై పొగడొందఁ గంకణ
క్వణనము మేఖలావళులఘంటలు శ్రీయలమేలుమంగకు\న్‌
బ్రణయవినోద సంపదకుఁ బాయక నీ కొనరించుపూజకై
ప్రణుతనుతప్రభావముల భాగ్యము లైనవి వేంకటేశ్వరా!",vruttamu,Venkateswara,"[('మ', '|'), ('ణు', '|'), ('ల', '|'), ('వె', '|'), ('లుం', 'U'), ('గు', '|'), ('దీ', 'U'), ('ప', '|'), ('వ', '|'), ('న', '|'), ('మా', 'U'), ('లి', '|'), ('క', '|'), ('లై', 'U'), ('పొ', '|'), ('గ', '|'), ('డొం', 'U'), ('ద', '|'), ('గం', 'U'), ('క', '|'), ('ణ', 'U'), ('క్వ', '|'), ('ణ', '|'), ('న', '|'), ('ము', '|'), ('మే', 'U'), ('ఖ', '|'), ('లా', 'U'), ('వ', '|'), ('ళు', '|'), ('ల', '|'), ('ఘం', 'U'), ('ట', '|'), ('లు', '|'), ('శ్రీ', 'U'), ('య', '|'), ('ల', '|'), ('మే', 'U'), ('లు', '|'), ('మం', 'U'), ('గ', '|'), ('కున్', 'U'), ('బ్ర', '|'), ('ణ', '|'), ('య', '|'), ('వి', '|'), ('నో', 'U'), ('ద', '|'), ('సం', 'U'), ('ప', '|'), ('ద', '|'), ('కు', '|'), ('బా', 'U'), ('య', '|'), ('క', '|'), ('నీ', 'U'), ('కొ', '|'), ('న', '|'), ('రిం', 'U'), ('చు', '|'), ('పూ', 'U'), ('జ', '|'), ('కై', 'U'), ('ప్ర', '|'), ('ణు', '|'), ('త', '|'), ('ను', '|'), ('త', '|'), ('ప్ర', '|'), ('భా', 'U'), ('వ', '|'), ('ము', '|'), ('ల', '|'), ('భా', 'U'), ('గ్య', '|'), ('ము', '|'), ('లై', 'U'), ('న', '|'), ('వి', '|'), ('వేం', 'U'), ('క', '|'), ('టే', 'U'), ('శ్వ', '|'), ('రా', 'U')]",0.9928571428571429,1.0,1.0,0.9642857142857143,1.0,1.0
champakamaala,"కదిసిన సేసము తైముల కంఠసరుల్‌ ఘనరత్న కంకణాం
గదరశనా ... ... నికాయము శ్రీయలమేలుమంగకు\న్‌
బొదివి వివాహవేళ దిగఁ బోసిన ముత్తెపుఁ బ్రాల నందమై
ముదమగు నీకుఁ గన్నుఁగవ ముందఱ నెప్పుడు వేంకటేశ్వరా!",vruttamu,Venkateswara,"[('క', '|'), ('ది', '|'), ('సి', '|'), ('న', '|'), ('సే', 'U'), ('స', '|'), ('ము', '|'), ('తై', 'U'), ('ము', '|'), ('ల', '|'), ('కం', 'U'), ('ఠ', '|'), ('స', '|'), ('రు', 'U'), ('ల్ఘ', '|'), ('న', '|'), ('ర', 'U'), ('త్న', '|'), ('కం', 'U'), ('క', '|'), ('ణాం', 'U'), ('గ', '|'), ('ద', '|'), ('ర', '|'), ('శ', '|'), ('నా', 'U'), ('ని', '|'), ('కా', 'U'), ('య', '|'), ('ము', '|'), ('శ్రీ', 'U'), ('య', '|'), ('ల', '|'), ('మే', 'U'), ('లు', '|'), ('మం', 'U'), ('గ', '|'), ('కున్', 'U'), ('బొ', '|'), ('ది', '|'), ('వి', '|'), ('వి', '|'), ('వా', 'U'), ('హ', '|'), ('వే', 'U'), ('ళ', '|'), ('ది', '|'), ('గ', '|'), ('బో', 'U'), ('సి', '|'), ('న', '|'), ('ము', 'U'), ('త్తె', '|'), ('పు', '|'), ('బ్రా', 'U'), ('ల', '|'), ('నం', 'U'), ('ద', '|'), ('మై', 'U'), ('ము', '|'), ('ద', '|'), ('మ', '|'), ('గు', '|'), ('నీ', 'U'), ('కు', '|'), ('గ', 'U'), ('న్ను', '|'), ('గ', '|'), ('వ', '|'), ('ముం', 'U'), ('ద', '|'), ('ఱ', '|'), ('నె', 'U'), ('ప్పు', '|'), ('డు', '|'), ('వేం', 'U'), ('క', '|'), ('టే', 'U'), ('శ్వ', '|'), ('రా', 'U')]",0.6333333333333334,0.9523809523809523,1.0,0.4642857142857143,0.25,0.5
champakamaala,"నిగిడి పయోధిఁ ద్రచ్చు నెడ నిర్జరసంఘము నిక్కి చూడఁగా
ధగధగ యంచు దిక్కుల నుదగ్రతటిల్లత లుల్లసిల్లఁగాఁ
దగ నుదయించి మించిన సుధాప్రతి మీయలమేలుమంగ నీ
మగువ యటంచు మెత్తురు సమస్తమునీంద్రులు వేంకటేశ్వరా!",vruttamu,Venkateswara,"[('ని', '|'), ('గి', '|'), ('డి', '|'), ('ప', '|'), ('యో', 'U'), ('ధి', '|'), ('ద్ర', 'U'), ('చ్చు', '|'), ('నె', '|'), ('డ', '|'), ('ని', 'U'), ('ర్జ', '|'), ('ర', '|'), ('సం', 'U'), ('ఘ', '|'), ('ము', '|'), ('ని', 'U'), ('క్కి', '|'), ('చూ', 'U'), ('డ', '|'), ('గా', 'U'), ('ధ', '|'), ('గ', '|'), ('ధ', '|'), ('గ', '|'), ('యం', 'U'), ('చు', '|'), ('ది', 'U'), ('క్కు', '|'), ('ల', '|'), ('ను', '|'), ('ద', '|'), ('గ్ర', '|'), ('త', '|'), ('టి', 'U'), ('ల్ల', '|'), ('త', '|'), ('లు', 'U'), ('ల్ల', '|'), ('సి', 'U'), ('ల్ల', '|'), ('గా', 'U'), ('ద', '|'), ('గ', '|'), ('ను', '|'), ('ద', '|'), ('యిం', 'U'), ('చి', '|'), ('మిం', 'U'), ('చి', '|'), ('న', '|'), ('సు', '|'), ('ధా', 'U'), ('ప్ర', '|'), ('తి', '|'), ('మీ', 'U'), ('య', '|'), ('ల', '|'), ('మే', 'U'), ('లు', '|'), ('మం', 'U'), ('గ', '|'), ('నీ', 'U'), ('మ', '|'), ('గు', '|'), ('వ', '|'), ('య', '|'), ('టం', 'U'), ('చు', '|'), ('మె', 'U'), ('త్తు', '|'), ('రు', '|'), ('స', '|'), ('మ', 'U'), ('స్త', '|'), ('ము', '|'), ('నీం', 'U'), ('ద్రు', '|'), ('లు', '|'), ('వేం', 'U'), ('క', '|'), ('టే', 'U'), ('శ్వ', '|'), ('రా', 'U')]",0.9928571428571429,1.0,1.0,0.9642857142857143,1.0,1.0
champakamaala,"నడవకుమమ్మ పాదనలినంబులు గందెడి, మాట బెట్టుగా
నొడువకుమమ్మ, చెక్కునును నొక్కులతో నలమేలుమంగ నీ
వెడనగ కీమొగంబునకు వెన్నెలలాయె నటంచు నీసతి\న్‌
బడఁతులు మేలమాడుదురు పల్కుల తేనెల వేంకటేశ్వరా!",vruttamu,Venkateswara,"[('న', '|'), ('డ', '|'), ('వ', '|'), ('కు', '|'), ('మ', 'U'), ('మ్మ', '|'), ('పా', 'U'), ('ద', '|'), ('న', '|'), ('లి', '|'), ('నం', 'U'), ('బు', '|'), ('లు', '|'), ('గం', 'U'), ('దె', '|'), ('డి', '|'), ('మా', 'U'), ('ట', '|'), ('బె', 'U'), ('ట్టు', '|'), ('గా', 'U'), ('నొ', '|'), ('డు', '|'), ('వ', '|'), ('కు', '|'), ('మ', 'U'), ('మ్మ', '|'), ('చె', 'U'), ('క్కు', '|'), ('ను', '|'), ('ను', '|'), ('నొ', 'U'), ('క్కు', '|'), ('ల', '|'), ('తో', 'U'), ('న', '|'), ('ల', '|'), ('మే', 'U'), ('లు', '|'), ('మం', 'U'), ('గ', '|'), ('నీ', 'U'), ('వె', '|'), ('డ', '|'), ('న', '|'), ('గ', '|'), ('కీ', 'U'), ('మొ', '|'), ('గం', 'U'), ('బు', '|'), ('న', '|'), ('కు', '|'), ('వె', 'U'), ('న్నె', '|'), ('ల', '|'), ('లా', 'U'), ('యె', '|'), ('న', '|'), ('టం', 'U'), ('చు', '|'), ('నీ', 'U'), ('స', '|'), ('తిన్', 'U'), ('బ', '|'), ('డ', '|'), ('తు', '|'), ('లు', '|'), ('మే', 'U'), ('ల', '|'), ('మా', 'U'), ('డు', '|'), ('దు', '|'), ('రు', '|'), ('ప', 'U'), ('ల్కు', '|'), ('ల', '|'), ('తే', 'U'), ('నె', '|'), ('ల', '|'), ('వేం', 'U'), ('క', '|'), ('టే', 'U'), ('శ్వ', '|'), ('రా', 'U')]",1.0,1.0,1.0,1.0,1.0,1.0
vutpalamaala,"బూతలబండ్లనే వలపుఁబుక్కిట నించితి వాఁడిగోళ్లనే
ఘాతలు గాఁగఁ జించితివి కాయముపై నలమేలుమంగ నీ
చేతిదె యంచు నీతరుణి చెంతలఁ దట్టపునుంగుఁ గస్తురి\న్‌
జాతుదు రోలి నీదు పరిచారిక కాంతలు వేంకటేశ్వరా!",vruttamu,Venkateswara,"[('బూ', 'U'), ('త', '|'), ('ల', '|'), ('బం', 'U'), ('డ్ల', '|'), ('నే', 'U'), ('వ', '|'), ('ల', '|'), ('పు', '|'), ('బు', 'U'), ('క్కి', '|'), ('ట', '|'), ('నిం', 'U'), ('చి', '|'), ('తి', '|'), ('వా', 'U'), ('డి', '|'), ('గో', 'U'), ('ళ్ల', '|'), ('నే', 'U'), ('ఘా', 'U'), ('త', '|'), ('లు', '|'), ('గా', 'U'), ('గ', '|'), ('జిం', 'U'), ('చి', '|'), ('తి', '|'), ('వి', '|'), ('కా', 'U'), ('య', '|'), ('ము', '|'), ('పై', 'U'), ('న', '|'), ('ల', '|'), ('మే', 'U'), ('లు', '|'), ('మం', 'U'), ('గ', '|'), ('నీ', 'U'), ('చే', 'U'), ('తి', '|'), ('దె', '|'), ('యం', 'U'), ('చు', '|'), ('నీ', 'U'), ('త', '|'), ('రు', '|'), ('ణి', '|'), ('చెం', 'U'), ('త', '|'), ('ల', '|'), ('ద', 'U'), ('ట్ట', '|'), ('పు', '|'), ('నుం', 'U'), ('గు', '|'), ('గ', 'U'), ('స్తు', '|'), ('రిన్', 'U'), ('జా', 'U'), ('తు', '|'), ('దు', '|'), ('రో', 'U'), ('లి', '|'), ('నీ', 'U'), ('దు', '|'), ('ప', '|'), ('రి', '|'), ('చా', 'U'), ('రి', '|'), ('క', '|'), ('కాం', 'U'), ('త', '|'), ('లు', '|'), ('వేం', 'U'), ('క', '|'), ('టే', 'U'), ('శ్వ', '|'), ('రా', 'U')]",1.0,1.0,1.0,1.0,1.0,1.0
vutpalamaala,"పచ్చల సందిదండలును బాహుపురుల్‌ మణినూపురంబులు\న్‌
మచ్చరికంబులుం బసిఁడిమట్టెలమ్రోతలుఁ బెల్లు మ్రోయఁగా
నెచ్చెలు లోలిఁ గొల్వఁ దరుణీమణి శ్రీయలమేలుమంగ నీ
ముచ్చట దీర్చు నొక్కపరి ముందఱ నిల్చిన వేంకటేశ్వరా!",vruttamu,Venkateswara,"[('ప', 'U'), ('చ్చ', '|'), ('ల', '|'), ('సం', 'U'), ('ది', '|'), ('దం', 'U'), ('డ', '|'), ('లు', '|'), ('ను', '|'), ('బా', 'U'), ('హు', '|'), ('పు', '|'), ('రు', 'U'), ('ల్మ', '|'), ('ణి', '|'), ('నూ', 'U'), ('పు', '|'), ('రం', 'U'), ('బు', '|'), ('లున్', 'U'), ('మ', 'U'), ('చ్చ', '|'), ('రి', '|'), ('కం', 'U'), ('బు', '|'), ('లుం', 'U'), ('బ', '|'), ('సి', '|'), ('డి', '|'), ('మ', 'U'), ('ట్టె', '|'), ('ల', '|'), ('మ్రో', 'U'), ('త', '|'), ('లు', '|'), ('బె', 'U'), ('ల్లు', '|'), ('మ్రో', 'U'), ('య', '|'), ('గా', 'U'), ('నె', 'U'), ('చ్చె', '|'), ('లు', '|'), ('లో', 'U'), ('లి', '|'), ('గొ', 'U'), ('ల్వ', '|'), ('ద', '|'), ('రు', '|'), ('ణీ', 'U'), ('మ', '|'), ('ణి', '|'), ('శ్రీ', 'U'), ('య', '|'), ('ల', '|'), ('మే', 'U'), ('లు', '|'), ('మం', 'U'), ('గ', '|'), ('నీ', 'U'), ('ము', 'U'), ('చ్చ', '|'), ('ట', '|'), ('దీ', 'U'), ('ర్చు', '|'), ('నొ', 'U'), ('క్క', '|'), ('ప', '|'), ('రి', '|'), ('ముం', 'U'), ('ద', '|'), ('ఱ', '|'), ('ని', 'U'), ('ల్చి', '|'), ('న', '|'), ('వేం', 'U'), ('క', '|'), ('టే', 'U'), ('శ్వ', '|'), ('రా', 'U')]",1.0,1.0,1.0,1.0,1.0,1.0
vutpalamaala,"ఏచిన పాతకంబులకు నిన్నిటికి న్నిరవైనవాఁడ నేఁ
గాచినకష్టవృత్తి కరిగాఁపనె యోయలమేలుమంగ నీ
చూచుకృపానిరీక్షణమె చూచెద నంచును నీప్రియాంగన\న్‌
బూచిన వాక్ప్రసూనములఁ బూజలు సేసెద వేంకటేశ్వరా!",vruttamu,Venkateswara,"[('ఏ', 'U'), ('చి', '|'), ('న', '|'), ('పా', 'U'), ('త', '|'), ('కం', 'U'), ('బు', '|'), ('ల', '|'), ('కు', '|'), ('ని', 'U'), ('న్ని', '|'), ('టి', '|'), ('కి', 'U'), ('న్ని', '|'), ('ర', '|'), ('వై', 'U'), ('న', '|'), ('వా', 'U'), ('డ', '|'), ('నే', 'U'), ('గా', 'U'), ('చి', '|'), ('న', '|'), ('క', 'U'), ('ష్ట', '|'), ('వృ', 'U'), ('త్తి', '|'), ('క', '|'), ('రి', '|'), ('గా', 'U'), ('ప', '|'), ('నె', '|'), ('యో', 'U'), ('య', '|'), ('ల', '|'), ('మే', 'U'), ('లు', '|'), ('మం', 'U'), ('గ', '|'), ('నీ', 'U'), ('చూ', 'U'), ('చు', '|'), ('కృ', '|'), ('పా', 'U'), ('ని', '|'), ('రీ', 'U'), ('క్ష', '|'), ('ణ', '|'), ('మె', '|'), ('చూ', 'U'), ('చె', '|'), ('ద', '|'), ('నం', 'U'), ('చు', '|'), ('ను', '|'), ('నీ', 'U'), ('ప్రి', '|'), ('యాం', 'U'), ('గ', '|'), ('నన్', 'U'), ('బూ', 'U'), ('చి', '|'), ('న', '|'), ('వా', 'U'), ('క్ప్ర', '|'), ('సూ', 'U'), ('న', '|'), ('ము', '|'), ('ల', '|'), ('బూ', 'U'), ('జ', '|'), ('లు', '|'), ('సే', 'U'), ('సె', '|'), ('ద', '|'), ('వేం', 'U'), ('క', '|'), ('టే', 'U'), ('శ్వ', '|'), ('రా', 'U')]",0.95,1.0,1.0,1.0,0.75,1.0
vutpalamaala,"యోగ్యతలేనికష్టుఁడ నయోగ్యుఁడ నన్నిటఁ జూడ గర్భని
ర్భాగ్యుఁడ నీకృపామతికిఁ బ్రాప్తుఁడ నోయలమేలుమంగ నా
భాగ్యము నీగృపాకరుణఁ బ్రాప్యము కావుమటంచు సారెనీ
భాగ్యవతీ శిరోమణినిఁ బ్రస్తుతిసేసెద వేంకటేశ్వరా!",vruttamu,Venkateswara,"[('యో', 'U'), ('గ్య', '|'), ('త', '|'), ('లే', 'U'), ('ని', '|'), ('క', 'U'), ('ష్టు', '|'), ('డ', '|'), ('న', '|'), ('యో', 'U'), ('గ్యు', '|'), ('డ', '|'), ('న', 'U'), ('న్ని', '|'), ('ట', '|'), ('జూ', 'U'), ('డ', '|'), ('గ', 'U'), ('ర్భ', '|'), ('ని', 'U'), ('ర్భా', 'U'), ('గ్యు', '|'), ('డ', '|'), ('నీ', 'U'), ('కృ', '|'), ('పా', 'U'), ('మ', '|'), ('తి', '|'), ('కి', '|'), ('బ్రా', 'U'), ('ప్తు', '|'), ('డ', '|'), ('నో', 'U'), ('య', '|'), ('ల', '|'), ('మే', 'U'), ('లు', '|'), ('మం', 'U'), ('గ', '|'), ('నా', 'U'), ('భా', 'U'), ('గ్య', '|'), ('ము', '|'), ('నీ', 'U'), ('గృ', '|'), ('పా', 'U'), ('క', '|'), ('రు', '|'), ('ణ', '|'), ('బ్రా', 'U'), ('ప్య', '|'), ('ము', '|'), ('కా', 'U'), ('వు', '|'), ('మ', '|'), ('టం', 'U'), ('చు', '|'), ('సా', 'U'), ('రె', '|'), ('నీ', 'U'), ('భా', 'U'), ('గ్య', '|'), ('వ', '|'), ('తీ', 'U'), ('శి', '|'), ('రో', 'U'), ('మ', '|'), ('ణి', '|'), ('ని', '|'), ('బ్ర', 'U'), ('స్తు', '|'), ('తి', '|'), ('సే', 'U'), ('సె', '|'), ('ద', '|'), ('వేం', 'U'), ('క', '|'), ('టే', 'U'), ('శ్వ', '|'), ('రా', 'U')]",1.0,1.0,1.0,1.0,1.0,1.0
champakamaala,"తుఱు మఱవీడెఁ బయ్యెదయుఁ దోడనె జాఱె మెఱుంగు ఱెప్పల\న్‌
బరవశభావ మేర్పడియెఁ బాయక నీ వలమేలుమంగ నీ
వరునిఁ దలంచితో యనుచు వాసనమేనుల దేవ కామినుల్‌
సరగున నీలతాంగి కుపచారము సేతురు వేంకటేశ్వరా!",vruttamu,Venkateswara,"[('తు', '|'), ('ఱు', '|'), ('మ', '|'), ('ఱ', '|'), ('వీ', 'U'), ('డె', '|'), ('బ', 'U'), ('య్యె', '|'), ('ద', '|'), ('యు', '|'), ('దో', 'U'), ('డ', '|'), ('నె', '|'), ('జా', 'U'), ('ఱె', '|'), ('మె', '|'), ('ఱుం', 'U'), ('గు', '|'), ('ఱె', 'U'), ('ప్ప', '|'), ('లన్', 'U'), ('బ', '|'), ('ర', '|'), ('వ', '|'), ('శ', '|'), ('భా', 'U'), ('వ', '|'), ('మే', 'U'), ('ర్ప', '|'), ('డి', '|'), ('యె', '|'), ('బా', 'U'), ('య', '|'), ('క', '|'), ('నీ', 'U'), ('వ', '|'), ('ల', '|'), ('మే', 'U'), ('లు', '|'), ('మం', 'U'), ('గ', '|'), ('నీ', 'U'), ('వ', '|'), ('రు', '|'), ('ని', '|'), ('ద', '|'), ('లం', 'U'), ('చి', '|'), ('తో', 'U'), ('య', '|'), ('ను', '|'), ('చు', '|'), ('వా', 'U'), ('స', '|'), ('న', '|'), ('మే', 'U'), ('ను', '|'), ('ల', '|'), ('దే', 'U'), ('వ', '|'), ('కా', 'U'), ('మి', '|'), ('నుల్', 'U'), ('స', '|'), ('ర', '|'), ('గు', '|'), ('న', '|'), ('నీ', 'U'), ('ల', '|'), ('తాం', 'U'), ('గి', '|'), ('కు', '|'), ('ప', '|'), ('చా', 'U'), ('ర', '|'), ('ము', '|'), ('సే', 'U'), ('తు', '|'), ('రు', '|'), ('వేం', 'U'), ('క', '|'), ('టే', 'U'), ('శ్వ', '|'), ('రా', 'U')]",0.95,1.0,1.0,1.0,1.0,0.75
vutpalamaala,"రాజసలీల నన్నును గరంబునఁ బట్టకు చూప వేల నీ
తేజము నాకటంచు సుదతీమణి శ్రీయలమేలుమంగ ని
న్నీ జగదేకనాయకుని నింపొలయించుచు సారెసారెకు\న్‌
జాజులకొప్పువీడ సరసంబున వీచును వేంకటేశ్వరా!",vruttamu,Venkateswara,"[('రా', 'U'), ('జ', '|'), ('స', '|'), ('లీ', 'U'), ('ల', '|'), ('న', 'U'), ('న్ను', '|'), ('ను', '|'), ('గ', '|'), ('రం', 'U'), ('బు', '|'), ('న', '|'), ('బ', 'U'), ('ట్ట', '|'), ('కు', '|'), ('చూ', 'U'), ('ప', '|'), ('వే', 'U'), ('ల', '|'), ('నీ', 'U'), ('తే', 'U'), ('జ', '|'), ('ము', '|'), ('నా', 'U'), ('క', '|'), ('టం', 'U'), ('చు', '|'), ('సు', '|'), ('ద', '|'), ('తీ', 'U'), ('మ', '|'), ('ణి', '|'), ('శ్రీ', 'U'), ('య', '|'), ('ల', '|'), ('మే', 'U'), ('లు', '|'), ('మం', 'U'), ('గ', '|'), ('ని', 'U'), ('న్నీ', 'U'), ('జ', '|'), ('గ', '|'), ('దే', 'U'), ('క', '|'), ('నా', 'U'), ('య', '|'), ('కు', '|'), ('ని', '|'), ('నిం', 'U'), ('పొ', '|'), ('ల', '|'), ('యిం', 'U'), ('చు', '|'), ('చు', '|'), ('సా', 'U'), ('రె', '|'), ('సా', 'U'), ('రె', '|'), ('కున్', 'U'), ('జా', 'U'), ('జు', '|'), ('ల', '|'), ('కొ', 'U'), ('ప్పు', '|'), ('వీ', 'U'), ('డ', '|'), ('స', '|'), ('ర', '|'), ('సం', 'U'), ('బు', '|'), ('న', '|'), ('వీ', 'U'), ('చు', '|'), ('ను', '|'), ('వేం', 'U'), ('క', '|'), ('టే', 'U'), ('శ్వ', '|'), ('రా', 'U')]",1.0,1.0,1.0,1.0,1.0,1.0
vutpalamaala,"చక్కదనంబు రాశి నునుసానల\న్‌ బట్టినపువ్వుటమ్ములోఁ
జక్కెర నించి చేసిన రసస్థితి శ్రీయలమేలుమంగ నీ
మక్కువఁ జిక్కి మాతలభ్రమం దగులై కలవంత నిట్ల నీ
వక్కుఁనఁ జేర్పఁగా నలరె నన్నువ కౌఁగిట వేంకటేశ్వరా!",vruttamu,Venkateswara,"[('చ', 'U'), ('క్క', '|'), ('ద', '|'), ('నం', 'U'), ('బు', '|'), ('రా', 'U'), ('శి', '|'), ('ను', '|'), ('ను', '|'), ('సా', 'U'), ('న', '|'), ('ల', 'U'), ('న్బ', 'U'), ('ట్టి', '|'), ('న', '|'), ('పు', 'U'), ('వ్వు', '|'), ('ట', 'U'), ('మ్ము', '|'), ('లో', 'U'), ('జ', 'U'), ('క్కె', '|'), ('ర', '|'), ('నిం', 'U'), ('చి', '|'), ('చే', 'U'), ('సి', '|'), ('న', '|'), ('ర', '|'), ('స', 'U'), ('స్థి', '|'), ('తి', '|'), ('శ్రీ', 'U'), ('య', '|'), ('ల', '|'), ('మే', 'U'), ('లు', '|'), ('మం', 'U'), ('గ', '|'), ('నీ', 'U'), ('మ', 'U'), ('క్కు', '|'), ('వ', '|'), ('జి', 'U'), ('క్కి', '|'), ('మా', 'U'), ('త', '|'), ('ల', '|'), ('భ్ర', '|'), ('మం', 'U'), ('ద', '|'), ('గు', '|'), ('లై', 'U'), ('క', '|'), ('ల', '|'), ('వం', 'U'), ('త', '|'), ('ని', 'U'), ('ట్ల', '|'), ('నీ', 'U'), ('వ', 'U'), ('క్కు', '|'), ('న', '|'), ('జే', 'U'), ('ర్ప', '|'), ('గా', 'U'), ('న', '|'), ('ల', '|'), ('రె', '|'), ('న', 'U'), ('న్ను', '|'), ('వ', '|'), ('కౌ', 'U'), ('గి', '|'), ('ట', '|'), ('వేం', 'U'), ('క', '|'), ('టే', 'U'), ('శ్వ', '|'), ('రా', 'U')]",0.9428571428571428,1.0,1.0,0.9642857142857143,0.75,1.0
vutpalamaala,"మానవతీశిరోమణికి మంజులవాణికి మోవితేనియల్‌
కానిక లిచ్చినాఁడవట కౌఁగిట నాయలమేలుమంగకు\న్‌
మీనచకోరనేత్రి నిను మెచ్చి మదంబునఁ గౌఁగిలించి నీ
పానుపుమీఁది చేఁత లివి పచ్చితలంపులు వేంకటేశ్వరా!",vruttamu,Venkateswara,"[('మా', 'U'), ('న', '|'), ('వ', '|'), ('తీ', 'U'), ('శి', '|'), ('రో', 'U'), ('మ', '|'), ('ణి', '|'), ('కి', '|'), ('మం', 'U'), ('జు', '|'), ('ల', '|'), ('వా', 'U'), ('ణి', '|'), ('కి', '|'), ('మో', 'U'), ('వి', '|'), ('తే', 'U'), ('ని', '|'), ('యల్', 'U'), ('కా', 'U'), ('ని', '|'), ('క', '|'), ('లి', 'U'), ('చ్చి', '|'), ('నా', 'U'), ('డ', '|'), ('వ', '|'), ('ట', '|'), ('కౌ', 'U'), ('గి', '|'), ('ట', '|'), ('నా', 'U'), ('య', '|'), ('ల', '|'), ('మే', 'U'), ('లు', '|'), ('మం', 'U'), ('గ', '|'), ('కున్', 'U'), ('మీ', 'U'), ('న', '|'), ('చ', '|'), ('కో', 'U'), ('ర', '|'), ('నే', 'U'), ('త్రి', '|'), ('ని', '|'), ('ను', '|'), ('మె', 'U'), ('చ్చి', '|'), ('మ', '|'), ('దం', 'U'), ('బు', '|'), ('న', '|'), ('గౌ', 'U'), ('గి', '|'), ('లిం', 'U'), ('చి', '|'), ('నీ', 'U'), ('పా', 'U'), ('ను', '|'), ('పు', '|'), ('మీ', 'U'), ('ది', '|'), ('చే', 'U'), ('త', '|'), ('లి', '|'), ('వి', '|'), ('ప', 'U'), ('చ్చి', '|'), ('త', '|'), ('లం', 'U'), ('పు', '|'), ('లు', '|'), ('వేం', 'U'), ('క', '|'), ('టే', 'U'), ('శ్వ', '|'), ('రా', 'U')]",1.0,1.0,1.0,1.0,1.0,1.0
champakamaala,"ధళధళ మించు కన్నుఁగవ తమ్ముల మిమ్ములఁ జూపు చిమ్మిన\న్‌
గళవళమందకుండుదురె గ్రక్కున శ్రీయలమేలుమంగకు\న్‌
సళువుల నవ్వుఁ గొంత నునుసోనలగర్వముఁ గొంతనవ్వుఁగా
కెలపులఁ గొంతకొంత పులకింతలు వింతలు వేంకటేశ్వరా!",vruttamu,Venkateswara,"[('ధ', '|'), ('ళ', '|'), ('ధ', '|'), ('ళ', '|'), ('మిం', 'U'), ('చు', '|'), ('క', 'U'), ('న్ను', '|'), ('గ', '|'), ('వ', '|'), ('త', 'U'), ('మ్ము', '|'), ('ల', '|'), ('మి', 'U'), ('మ్ము', '|'), ('ల', '|'), ('జూ', 'U'), ('పు', '|'), ('చి', 'U'), ('మ్మి', '|'), ('నన్', 'U'), ('గ', '|'), ('ళ', '|'), ('వ', '|'), ('ళ', '|'), ('మం', 'U'), ('ద', '|'), ('కుం', 'U'), ('డు', '|'), ('దు', '|'), ('రె', '|'), ('గ్ర', 'U'), ('క్కు', '|'), ('న', '|'), ('శ్రీ', 'U'), ('య', '|'), ('ల', '|'), ('మే', 'U'), ('లు', '|'), ('మం', 'U'), ('గ', '|'), ('కున్', 'U'), ('స', '|'), ('ళు', '|'), ('వు', '|'), ('ల', '|'), ('న', 'U'), ('వ్వు', '|'), ('గొం', 'U'), ('త', '|'), ('ను', '|'), ('ను', '|'), ('సో', 'U'), ('న', '|'), ('ల', '|'), ('గ', 'U'), ('ర్వ', '|'), ('ము', '|'), ('గొం', 'U'), ('త', '|'), ('న', 'U'), ('వ్వు', '|'), ('గా', 'U'), ('కె', '|'), ('ల', '|'), ('పు', '|'), ('ల', '|'), ('గొం', 'U'), ('త', '|'), ('కొం', 'U'), ('త', '|'), ('పు', '|'), ('ల', '|'), ('కిం', 'U'), ('త', '|'), ('లు', '|'), ('విం', 'U'), ('త', '|'), ('లు', '|'), ('వేం', 'U'), ('క', '|'), ('టే', 'U'), ('శ్వ', '|'), ('రా', 'U')]",0.9,1.0,1.0,1.0,0.75,0.75
vutpalamaala,"దర్పక రాజ్యసంపదలు తన్మయకోటులు రాగిలోకసం
తర్పణముల్‌ లతాధరసుధాపరిధానము లాననవ్రతుల్‌
కర్పురగంధసౌఖ్యములు గ్రక్కున శ్రీయలమేలుమంగకు\న్‌
మార్పడు దేహసంగతుల మర్మిపుఁజేతలు వేంకటేశ్వరా!",vruttamu,Venkateswara,"[('ద', 'U'), ('ర్ప', '|'), ('క', '|'), ('రా', 'U'), ('జ్య', '|'), ('సం', 'U'), ('ప', '|'), ('ద', '|'), ('లు', '|'), ('త', 'U'), ('న్మ', '|'), ('య', '|'), ('కో', 'U'), ('టు', '|'), ('లు', '|'), ('రా', 'U'), ('గి', '|'), ('లో', 'U'), ('క', '|'), ('సం', 'U'), ('త', 'U'), ('ర్ప', '|'), ('ణ', '|'), ('ము', 'U'), ('ల్ల', '|'), ('తా', 'U'), ('ధ', '|'), ('ర', '|'), ('సు', '|'), ('ధా', 'U'), ('ప', '|'), ('రి', '|'), ('ధా', 'U'), ('న', '|'), ('ము', '|'), ('లా', 'U'), ('న', '|'), ('న', '|'), ('వ్ర', '|'), ('తుల్', 'U'), ('క', 'U'), ('ర్పు', '|'), ('ర', '|'), ('గం', 'U'), ('ధ', '|'), ('సౌ', 'U'), ('ఖ్య', '|'), ('ము', '|'), ('లు', '|'), ('గ్ర', 'U'), ('క్కు', '|'), ('న', '|'), ('శ్రీ', 'U'), ('య', '|'), ('ల', '|'), ('మే', 'U'), ('లు', '|'), ('మం', 'U'), ('గ', '|'), ('కున్', 'U'), ('మా', 'U'), ('ర్ప', '|'), ('డు', '|'), ('దే', 'U'), ('హ', '|'), ('సం', 'U'), ('గ', '|'), ('తు', '|'), ('ల', '|'), ('మ', 'U'), ('ర్మి', '|'), ('పు', '|'), ('జే', 'U'), ('త', '|'), ('లు', '|'), ('వేం', 'U'), ('క', '|'), ('టే', 'U'), ('శ్వ', '|'), ('రా', 'U')]",0.9928571428571429,1.0,1.0,0.9642857142857143,1.0,1.0
vutpalamaala,"అంబరమెల్లఁ జంద్రమయ మైనటులామదనాంకముల్‌ మెయి\న్‌
బంబిన నేడ వంచు సిరి పల్కిన నయ్యలమేలుమంగ పా
దంబుల యానవెట్టితివి తమ్మియిగుళ్లని నీకు బొంకులే
నెంబళమాయె నెవ్వరికిఁ జెల్లవు రంతులు వేంకటేశ్వరా!",vruttamu,Venkateswara,"[('అం', 'U'), ('బ', '|'), ('ర', '|'), ('మె', 'U'), ('ల్ల', '|'), ('జం', 'U'), ('ద్ర', '|'), ('మ', '|'), ('య', '|'), ('మై', 'U'), ('న', '|'), ('టు', '|'), ('లా', 'U'), ('మ', '|'), ('ద', '|'), ('నాం', 'U'), ('క', '|'), ('ము', 'U'), ('ల్మె', '|'), ('యిన్', 'U'), ('బం', 'U'), ('బి', '|'), ('న', '|'), ('నే', 'U'), ('డ', '|'), ('వం', 'U'), ('చు', '|'), ('సి', '|'), ('రి', '|'), ('ప', 'U'), ('ల్కి', '|'), ('న', '|'), ('న', 'U'), ('య్య', '|'), ('ల', '|'), ('మే', 'U'), ('లు', '|'), ('మం', 'U'), ('గ', '|'), ('పా', 'U'), ('దం', 'U'), ('బు', '|'), ('ల', '|'), ('యా', 'U'), ('న', '|'), ('వె', 'U'), ('ట్టి', '|'), ('తి', '|'), ('వి', '|'), ('త', 'U'), ('మ్మి', '|'), ('యి', '|'), ('గు', 'U'), ('ళ్ల', '|'), ('ని', '|'), ('నీ', 'U'), ('కు', '|'), ('బొం', 'U'), ('కు', '|'), ('లే', 'U'), ('నెం', 'U'), ('బ', '|'), ('ళ', '|'), ('మా', 'U'), ('యె', '|'), ('నె', 'U'), ('వ్వ', '|'), ('రి', '|'), ('కి', '|'), ('జె', 'U'), ('ల్ల', '|'), ('వు', '|'), ('రం', 'U'), ('తు', '|'), ('లు', '|'), ('వేం', 'U'), ('క', '|'), ('టే', 'U'), ('శ్వ', '|'), ('రా', 'U')]",0.9,1.0,1.0,1.0,0.5,1.0
champakamaala,"చెఱఁగులు చూపి క్రొవ్విరులు చిందెడు తేనెలు నాల్గువంకల\న్‌
వఱదలువాఱె ఘర్మములు వాహినులై యలమేలుమంగతోఁ
గఱఁగుచు నీవు కౌఁగిట సుఖస్థితిఁ గూడుచు బంధుసంగతి\న్‌
దెఱ దిగనేసి వేడుకలు తెప్పలఁ దేలఁగ వేంకటేశ్వరా!",vruttamu,Venkateswara,"[('చె', '|'), ('ఱ', '|'), ('గు', '|'), ('లు', '|'), ('చూ', 'U'), ('పి', '|'), ('క్రొ', 'U'), ('వ్వి', '|'), ('రు', '|'), ('లు', '|'), ('చిం', 'U'), ('దె', '|'), ('డు', '|'), ('తే', 'U'), ('నె', '|'), ('లు', '|'), ('నా', 'U'), ('ల్గు', '|'), ('వం', 'U'), ('క', '|'), ('లన్', 'U'), ('వ', '|'), ('ఱ', '|'), ('ద', '|'), ('లు', '|'), ('వా', 'U'), ('ఱె', '|'), ('ఘ', 'U'), ('ర్మ', '|'), ('ము', '|'), ('లు', '|'), ('వా', 'U'), ('హి', '|'), ('ను', '|'), ('లై', 'U'), ('య', '|'), ('ల', '|'), ('మే', 'U'), ('లు', '|'), ('మం', 'U'), ('గ', '|'), ('తో', 'U'), ('గ', '|'), ('ఱ', '|'), ('గు', '|'), ('చు', '|'), ('నీ', 'U'), ('వు', '|'), ('కౌ', 'U'), ('గి', '|'), ('ట', '|'), ('సు', '|'), ('ఖ', 'U'), ('స్థి', '|'), ('తి', '|'), ('గూ', 'U'), ('డు', '|'), ('చు', '|'), ('బం', 'U'), ('ధు', '|'), ('సం', 'U'), ('గ', '|'), ('తిన్', 'U'), ('దె', '|'), ('ఱ', '|'), ('ది', '|'), ('గ', '|'), ('నే', 'U'), ('సి', '|'), ('వే', 'U'), ('డు', '|'), ('క', '|'), ('లు', '|'), ('తె', 'U'), ('ప్ప', '|'), ('ల', '|'), ('దే', 'U'), ('ల', '|'), ('గ', '|'), ('వేం', 'U'), ('క', '|'), ('టే', 'U'), ('శ్వ', '|'), ('రా', 'U')]",1.0,1.0,1.0,1.0,1.0,1.0
vutpalamaala,"వాలికనేత్రపద్మములు వంచినయావదనంబు పద్మినీ
పాల జనింపనందుననె పద్మినియై యలమేలుమంగ గో
పాలకచక్రవర్తి నినుఁ బాయనికౌఁగిట భోగలీలఁ బాం
చాలునిఁ జేసె పుష్పశరశాస్త్రవిదగ్ధుని వేంకటేశ్వరా!",vruttamu,Venkateswara,"[('వా', 'U'), ('లి', '|'), ('క', '|'), ('నే', 'U'), ('త్ర', '|'), ('ప', 'U'), ('ద్మ', '|'), ('ము', '|'), ('లు', '|'), ('వం', 'U'), ('చి', '|'), ('న', '|'), ('యా', 'U'), ('వ', '|'), ('ద', '|'), ('నం', 'U'), ('బు', '|'), ('ప', 'U'), ('ద్మి', '|'), ('నీ', 'U'), ('పా', 'U'), ('ల', '|'), ('జ', '|'), ('నిం', 'U'), ('ప', '|'), ('నం', 'U'), ('దు', '|'), ('న', '|'), ('నె', '|'), ('ప', 'U'), ('ద్మి', '|'), ('ని', '|'), ('యై', 'U'), ('య', '|'), ('ల', '|'), ('మే', 'U'), ('లు', '|'), ('మం', 'U'), ('గ', '|'), ('గో', 'U'), ('పా', 'U'), ('ల', '|'), ('క', '|'), ('చ', '|'), ('క్ర', '|'), ('వ', 'U'), ('ర్తి', '|'), ('ని', '|'), ('ను', '|'), ('బా', 'U'), ('య', '|'), ('ని', '|'), ('కౌ', 'U'), ('గి', '|'), ('ట', '|'), ('భో', 'U'), ('గ', '|'), ('లీ', 'U'), ('ల', '|'), ('బాం', 'U'), ('చా', 'U'), ('లు', '|'), ('ని', '|'), ('జే', 'U'), ('సె', '|'), ('పు', 'U'), ('ష్ప', '|'), ('శ', '|'), ('ర', '|'), ('శా', 'U'), ('స్త్ర', '|'), ('వి', '|'), ('ద', 'U'), ('గ్ధు', '|'), ('ని', '|'), ('వేం', 'U'), ('క', '|'), ('టే', 'U'), ('శ్వ', '|'), ('రా', 'U')]",0.9928571428571429,1.0,1.0,0.9642857142857143,1.0,1.0
vutpalamaala,"అమ్మకుఁ దాళ్లపాకఘనుఁ డన్నఁడు పద్యశతంబుఁ జెప్పెఁగో
కొమ్మని వాక్ప్రసూనములఁ గూరిమితో నలమేలుమంగకు\న్‌
నెమ్మది నీవు చేకొని యనేకయుగంబులు బ్రహ్మకల్పముల్‌
సమ్మది మంది వర్ధిలను జవ్వన లీలల వేంకటేశ్వరా!",vruttamu,Venkateswara,"[('అ', 'U'), ('మ్మ', '|'), ('కు', '|'), ('దా', 'U'), ('ళ్ల', '|'), ('పా', 'U'), ('క', '|'), ('ఘ', '|'), ('ను', '|'), ('డ', 'U'), ('న్న', '|'), ('డు', '|'), ('ప', 'U'), ('ద్య', '|'), ('శ', '|'), ('తం', 'U'), ('బు', '|'), ('జె', 'U'), ('ప్పె', '|'), ('గో', 'U'), ('కొ', 'U'), ('మ్మ', '|'), ('ని', '|'), ('వా', 'U'), ('క్ప్ర', '|'), ('సూ', 'U'), ('న', '|'), ('ము', '|'), ('ల', '|'), ('గూ', 'U'), ('రి', '|'), ('మి', '|'), ('తో', 'U'), ('న', '|'), ('ల', '|'), ('మే', 'U'), ('లు', '|'), ('మం', 'U'), ('గ', '|'), ('కున్', 'U'), ('నె', 'U'), ('మ్మ', '|'), ('ది', '|'), ('నీ', 'U'), ('వు', '|'), ('చే', 'U'), ('కొ', '|'), ('ని', '|'), ('య', '|'), ('నే', 'U'), ('క', '|'), ('యు', '|'), ('గం', 'U'), ('బు', '|'), ('లు', '|'), ('బ్ర', 'U'), ('హ్మ', '|'), ('క', 'U'), ('ల్ప', '|'), ('ముల్', 'U'), ('స', 'U'), ('మ్మ', '|'), ('ది', '|'), ('మం', 'U'), ('ది', '|'), ('వ', 'U'), ('ర్ధి', '|'), ('ల', '|'), ('ను', '|'), ('జ', 'U'), ('వ్వ', '|'), ('న', '|'), ('లీ', 'U'), ('ల', '|'), ('ల', '|'), ('వేం', 'U'), ('క', '|'), ('టే', 'U'), ('శ్వ', '|'), ('రా', 'U')]",0.95,1.0,1.0,1.0,0.75,1.0
seesamu,"కౌస్తుభవక్ష శ్రీకరపాదరాజీవ । దీనశరణ్య మహానుభావ
కరిరాజవరద భాస్కరకోటిసంకాశ । పవనభుగ్వరశాయి పరమపురుష
వేదవేద్యానంతవిభవ చతుర్దశ- । భువనశోభనకీర్తి పుణ్యమూర్తి
వైకుంఠపట్టణవాస యోగానంద । విహగరాడ్వాహన విశ్వరూప",vupajaathi,Venugopaala,"[('కౌ', 'U'), ('స్తు', '|'), ('భ', '|'), ('వ', 'U'), ('క్ష', '|'), ('శ్రీ', 'U'), ('క', '|'), ('ర', '|'), ('పా', 'U'), ('ద', '|'), ('రా', 'U'), ('జీ', 'U'), ('వ', '|'), ('దీ', 'U'), ('న', '|'), ('శ', '|'), ('ర', 'U'), ('ణ్య', '|'), ('మ', '|'), ('హా', 'U'), ('ను', '|'), ('భా', 'U'), ('వ', '|'), ('క', '|'), ('రి', '|'), ('రా', 'U'), ('జ', '|'), ('వ', '|'), ('ర', '|'), ('ద', '|'), ('భా', 'U'), ('స్క', '|'), ('ర', '|'), ('కో', 'U'), ('టి', '|'), ('సం', 'U'), ('కా', 'U'), ('శ', '|'), ('ప', '|'), ('వ', '|'), ('న', '|'), ('భు', 'U'), ('గ్వ', '|'), ('ర', '|'), ('శా', 'U'), ('యి', '|'), ('ప', '|'), ('ర', '|'), ('మ', '|'), ('పు', '|'), ('రు', '|'), ('ష', '|'), ('వే', 'U'), ('ద', '|'), ('వే', 'U'), ('ద్యా', 'U'), ('నం', 'U'), ('త', '|'), ('వి', '|'), ('భ', '|'), ('వ', '|'), ('చ', '|'), ('తు', 'U'), ('ర్ద', '|'), ('శ', '|'), ('భు', '|'), ('వ', '|'), ('న', '|'), ('శో', 'U'), ('భ', '|'), ('న', '|'), ('కీ', 'U'), ('ర్తి', '|'), ('పు', 'U'), ('ణ్య', '|'), ('మూ', 'U'), ('ర్తి', '|'), ('వై', 'U'), ('కుం', 'U'), ('ఠ', '|'), ('ప', 'U'), ('ట్ట', '|'), ('ణ', '|'), ('వా', 'U'), ('స', '|'), ('యో', 'U'), ('గా', 'U'), ('నం', 'U'), ('ద', '|'), ('వి', '|'), ('హ', '|'), ('గ', '|'), ('రా', 'U'), ('డ్వా', 'U'), ('హ', '|'), ('న', '|'), ('వి', 'U'), ('శ్వ', '|'), ('రూ', 'U'), ('ప', '|')]",1.0,-1.0,1.0,1.0,1.0,-1.0
teytageethi,"నీలనిభగాత్ర శ్రీరమణీకళత్ర । సద్గుణస్తోమ యదుకులసార్వభౌమ
మదరిపువిఫాల మునిజనహృదయలోల । వేణుగోపాల భక్తసంత్రాణశీల!",vupajaathi,Venugopaala,"[('నీ', 'U'), ('ల', '|'), ('ని', '|'), ('భ', '|'), ('గా', 'U'), ('త్ర', '|'), ('శ్రీ', 'U'), ('ర', '|'), ('మ', '|'), ('ణీ', 'U'), ('క', '|'), ('ళ', '|'), ('త్ర', '|'), ('స', 'U'), ('ద్గు', '|'), ('ణ', 'U'), ('స్తో', 'U'), ('మ', '|'), ('య', '|'), ('దు', '|'), ('కు', '|'), ('ల', '|'), ('సా', 'U'), ('ర్వ', '|'), ('భౌ', 'U'), ('మ', '|'), ('మ', '|'), ('ద', '|'), ('రి', '|'), ('పు', '|'), ('వి', '|'), ('ఫా', 'U'), ('ల', '|'), ('ము', '|'), ('ని', '|'), ('జ', '|'), ('న', '|'), ('హృ', '|'), ('ద', '|'), ('య', '|'), ('లో', 'U'), ('ల', '|'), ('వే', 'U'), ('ణు', '|'), ('గో', 'U'), ('పా', 'U'), ('ల', '|'), ('భ', 'U'), ('క్త', '|'), ('సం', 'U'), ('త్రా', 'U'), ('ణ', '|'), ('శీ', 'U'), ('ల', '|')]",0.6166666666666667,-1.0,1.0,0.6,0.25,-1.0
seesamu,"నిను సదా హృత్కంజమునఁ బాయకుండ నా । ప్రహ్లాదువలెను నేర్పరిని గాను
ఏవేళ నిను ధ్యానించుచుండుటకు నా । దృఢచిత్తుఁ డైనట్టి ధ్రువుఁడ గాను
సతతంబు నిన్ను సంస్తుతి చేయుచుండ నా । వేశిరంబుల సర్పవిభుఁడ గాను
నీ విశ్వరూపంబు సేవించుటకు సహ- । స్రాక్షముల్ గల్గు వాసవుఁడఁ గాను",vupajaathi,Venugopaala,"[('ని', '|'), ('ను', '|'), ('స', '|'), ('దా', 'U'), ('హృ', 'U'), ('త్కం', 'U'), ('జ', '|'), ('ము', '|'), ('న', '|'), ('బా', 'U'), ('య', '|'), ('కుం', 'U'), ('డ', '|'), ('నా', 'U'), ('ప్ర', 'U'), ('హ్లా', 'U'), ('దు', '|'), ('వ', '|'), ('లె', '|'), ('ను', '|'), ('నే', 'U'), ('ర్ప', '|'), ('రి', '|'), ('ని', '|'), ('గా', 'U'), ('ను', '|'), ('ఏ', 'U'), ('వే', 'U'), ('ళ', '|'), ('ని', '|'), ('ను', 'U'), ('ధ్యా', 'U'), ('నిం', 'U'), ('చు', '|'), ('చుం', 'U'), ('డు', '|'), ('ట', '|'), ('కు', '|'), ('నా', 'U'), ('దృ', '|'), ('ఢ', '|'), ('చి', 'U'), ('త్తు', '|'), ('డై', 'U'), ('న', 'U'), ('ట్టి', '|'), ('ధ్రు', '|'), ('వు', '|'), ('డ', '|'), ('గా', 'U'), ('ను', '|'), ('స', '|'), ('త', '|'), ('తం', 'U'), ('బు', '|'), ('ని', 'U'), ('న్ను', '|'), ('సం', 'U'), ('స్తు', '|'), ('తి', '|'), ('చే', 'U'), ('యు', '|'), ('చుం', 'U'), ('డ', '|'), ('నా', 'U'), ('వే', 'U'), ('శి', '|'), ('రం', 'U'), ('బు', '|'), ('ల', '|'), ('స', 'U'), ('ర్ప', '|'), ('వి', '|'), ('భు', '|'), ('డ', '|'), ('గా', 'U'), ('ను', '|'), ('నీ', 'U'), ('వి', 'U'), ('శ్వ', '|'), ('రూ', 'U'), ('పం', 'U'), ('బు', '|'), ('సే', 'U'), ('విం', 'U'), ('చు', '|'), ('ట', '|'), ('కు', '|'), ('స', '|'), ('హ', '|'), ('స్రా', 'U'), ('క్ష', '|'), ('ము', 'U'), ('ల్గ', 'U'), ('ల్గు', '|'), ('వా', 'U'), ('స', '|'), ('వు', '|'), ('డ', '|'), ('గా', 'U'), ('ను', '|')]",0.6354166666666666,-1.0,1.0,0.65625,0.25,-1.0
teytageethi,"ఇట్టివారలఁ గృపజూచు టెచ్చుగాదు । దేవ నా వంటి దీనుని బ్రోవవలయు
మదరిపువిఫాల మునిజనహృదయలోల । వేణుగోపాల భక్తసంత్రాణశీల!",vupajaathi,Venugopaala,"[('ఇ', 'U'), ('ట్టి', '|'), ('వా', 'U'), ('ర', '|'), ('ల', '|'), ('గృ', '|'), ('ప', '|'), ('జూ', 'U'), ('చు', '|'), ('టె', 'U'), ('చ్చు', '|'), ('గా', 'U'), ('దు', '|'), ('దే', 'U'), ('వ', '|'), ('నా', 'U'), ('వం', 'U'), ('టి', '|'), ('దీ', 'U'), ('ను', '|'), ('ని', '|'), ('బ్రో', 'U'), ('వ', '|'), ('వ', '|'), ('ల', '|'), ('యు', '|'), ('మ', '|'), ('ద', '|'), ('రి', '|'), ('పు', '|'), ('వి', '|'), ('ఫా', 'U'), ('ల', '|'), ('ము', '|'), ('ని', '|'), ('జ', '|'), ('న', '|'), ('హృ', '|'), ('ద', '|'), ('య', '|'), ('లో', 'U'), ('ల', '|'), ('వే', 'U'), ('ణు', '|'), ('గో', 'U'), ('పా', 'U'), ('ల', '|'), ('భ', 'U'), ('క్త', '|'), ('సం', 'U'), ('త్రా', 'U'), ('ణ', '|'), ('శీ', 'U'), ('ల', '|')]",0.9166666666666666,-1.0,1.0,1.0,0.75,-1.0
seesamu,"శ్రీరుక్మిణీ ముఖసారసమార్తాండ । సత్యభామా మనశ్శశిచకోర
జాంబవతీ కుచశైలకంధర మిత్ర- । విందా సుధాధరబింబకీర
భద్రా వయోవనభద్రేభరాజ క- । శిందాత్మజా చిదానందనిలయ
లక్షణా శృంగారవీక్షణకాసార- । హంస సుధేష్ణా గుణాపహార",vupajaathi,Venugopaala,"[('శ్రీ', 'U'), ('రు', 'U'), ('క్మి', '|'), ('ణీ', 'U'), ('ము', '|'), ('ఖ', '|'), ('సా', 'U'), ('ర', '|'), ('స', '|'), ('మా', 'U'), ('ర్తాం', 'U'), ('డ', '|'), ('స', 'U'), ('త్య', '|'), ('భా', 'U'), ('మా', 'U'), ('మ', '|'), ('న', 'U'), ('శ్శ', '|'), ('శి', '|'), ('చ', '|'), ('కో', 'U'), ('ర', '|'), ('జాం', 'U'), ('బ', '|'), ('వ', '|'), ('తీ', 'U'), ('కు', '|'), ('చ', '|'), ('శై', 'U'), ('ల', '|'), ('కం', 'U'), ('ధ', '|'), ('ర', '|'), ('మి', '|'), ('త్ర', '|'), ('విం', 'U'), ('దా', 'U'), ('సు', '|'), ('ధా', 'U'), ('ధ', '|'), ('ర', '|'), ('బిం', 'U'), ('బ', '|'), ('కీ', 'U'), ('ర', '|'), ('భ', '|'), ('ద్రా', 'U'), ('వ', '|'), ('యో', 'U'), ('వ', '|'), ('న', '|'), ('భ', '|'), ('ద్రే', 'U'), ('భ', '|'), ('రా', 'U'), ('జ', '|'), ('క', '|'), ('శిం', 'U'), ('దా', 'U'), ('త్మ', '|'), ('జా', 'U'), ('చి', '|'), ('దా', 'U'), ('నం', 'U'), ('ద', '|'), ('ని', '|'), ('ల', '|'), ('య', '|'), ('ల', 'U'), ('క్ష', '|'), ('ణా', 'U'), ('శృం', 'U'), ('గా', 'U'), ('ర', '|'), ('వీ', 'U'), ('క్ష', '|'), ('ణ', '|'), ('కా', 'U'), ('సా', 'U'), ('ర', '|'), ('హం', 'U'), ('స', '|'), ('సు', '|'), ('ధే', 'U'), ('ష్ణా', 'U'), ('గు', '|'), ('ణా', 'U'), ('ప', '|'), ('హా', 'U'), ('ర', '|')]",0.7395833333333334,-1.0,1.0,0.71875,0.5,-1.0
teytageethi,"సుందరకపోల విబుధసంస్తుత కృపాల- । వాల ధృతశైల కాంచనవర్ణచేల
మదరిపువిఫాల మునిజనహృదయలోల । వేణుగోపాల భక్తసంత్రాణశీల!",vupajaathi,Venugopaala,"[('సుం', 'U'), ('ద', '|'), ('ర', '|'), ('క', '|'), ('పో', 'U'), ('ల', '|'), ('వి', '|'), ('బు', '|'), ('ధ', '|'), ('సం', 'U'), ('స్తు', '|'), ('త', '|'), ('కృ', '|'), ('పా', 'U'), ('ల', '|'), ('వా', 'U'), ('ల', '|'), ('ధృ', '|'), ('త', '|'), ('శై', 'U'), ('ల', '|'), ('కాం', 'U'), ('చ', '|'), ('న', '|'), ('వ', 'U'), ('ర్ణ', '|'), ('చే', 'U'), ('ల', '|'), ('మ', '|'), ('ద', '|'), ('రి', '|'), ('పు', '|'), ('వి', '|'), ('ఫా', 'U'), ('ల', '|'), ('ము', '|'), ('ని', '|'), ('జ', '|'), ('న', '|'), ('హృ', '|'), ('ద', '|'), ('య', '|'), ('లో', 'U'), ('ల', '|'), ('వే', 'U'), ('ణు', '|'), ('గో', 'U'), ('పా', 'U'), ('ల', '|'), ('భ', 'U'), ('క్త', '|'), ('సం', 'U'), ('త్రా', 'U'), ('ణ', '|'), ('శీ', 'U'), ('ల', '|')]",1.0,-1.0,1.0,1.0,1.0,-1.0
seesamu,"భానుకోటి ప్రభాభాసురంబగు వెల్గు । పరులు చూచినఁ గానఁబడని వెల్గు
గురుకృపచేఁ గాక నరయనేరని వెల్గు । నమృతంపు వృష్టిచే నమరు వెల్గు
విద్యుల్లతాపరివేష్టితంబగు వెల్గు । ఘననీలకాంతులఁ గ్రక్కు వెల్గు
దశవిధప్రణవనాదములు గల్గిన వెల్గు । మౌనులెన్నఁగ రమ్యమైన వెల్గు",vupajaathi,Venugopaala,"[('భా', 'U'), ('ను', '|'), ('కో', 'U'), ('టి', '|'), ('ప్ర', '|'), ('భా', 'U'), ('భా', 'U'), ('సు', '|'), ('రం', 'U'), ('బ', '|'), ('గు', '|'), ('వె', 'U'), ('ల్గు', '|'), ('ప', '|'), ('రు', '|'), ('లు', '|'), ('చూ', 'U'), ('చి', '|'), ('న', '|'), ('గా', 'U'), ('న', '|'), ('బ', '|'), ('డ', '|'), ('ని', '|'), ('వె', 'U'), ('ల్గు', '|'), ('గు', '|'), ('రు', '|'), ('కృ', '|'), ('ప', '|'), ('చే', 'U'), ('గా', 'U'), ('క', '|'), ('న', '|'), ('ర', '|'), ('య', '|'), ('నే', 'U'), ('ర', '|'), ('ని', '|'), ('వె', 'U'), ('ల్గు', '|'), ('న', '|'), ('మృ', '|'), ('తం', 'U'), ('పు', '|'), ('వృ', 'U'), ('ష్టి', '|'), ('చే', 'U'), ('న', '|'), ('మ', '|'), ('రు', '|'), ('వె', 'U'), ('ల్గు', '|'), ('వి', 'U'), ('ద్యు', 'U'), ('ల్ల', '|'), ('తా', 'U'), ('ప', '|'), ('రి', '|'), ('వే', 'U'), ('ష్టి', '|'), ('తం', 'U'), ('బ', '|'), ('గు', '|'), ('వె', 'U'), ('ల్గు', '|'), ('ఘ', '|'), ('న', '|'), ('నీ', 'U'), ('ల', '|'), ('కాం', 'U'), ('తు', '|'), ('ల', '|'), ('గ్ర', 'U'), ('క్కు', '|'), ('వె', 'U'), ('ల్గు', '|'), ('ద', '|'), ('శ', '|'), ('వి', '|'), ('ధ', '|'), ('ప్ర', '|'), ('ణ', '|'), ('వ', '|'), ('నా', 'U'), ('ద', '|'), ('ము', '|'), ('లు', '|'), ('గ', 'U'), ('ల్గి', '|'), ('న', '|'), ('వె', 'U'), ('ల్గు', '|'), ('మౌ', 'U'), ('ను', '|'), ('లె', 'U'), ('న్న', '|'), ('గ', '|'), ('ర', 'U'), ('మ్య', '|'), ('మై', 'U'), ('న', '|'), ('వె', 'U'), ('ల్గు', '|')]",0.5625,-1.0,1.0,0.5625,0.125,-1.0
teytageethi,"ఆదిమధ్యాంతరరహితమైనట్టి వెల్గు । నిట్టి వెల్గును సేవింపనట్టి చెట్ట-
వారికే లభించు కైవల్యపదము
మదరిపువిఫాల మునిజనహృదయలోల । వేణుగోపాల భక్తసంత్రాణశీల!",vupajaathi,Venugopaala,"[('ఆ', 'U'), ('ది', '|'), ('మ', 'U'), ('ధ్యాం', 'U'), ('త', '|'), ('ర', '|'), ('ర', '|'), ('హి', '|'), ('త', '|'), ('మై', 'U'), ('న', 'U'), ('ట్టి', '|'), ('వె', 'U'), ('ల్గు', '|'), ('ని', 'U'), ('ట్టి', '|'), ('వె', 'U'), ('ల్గు', '|'), ('ను', '|'), ('సే', 'U'), ('విం', 'U'), ('ప', '|'), ('న', 'U'), ('ట్టి', '|'), ('చె', 'U'), ('ట్ట', '|'), ('వా', 'U'), ('రి', '|'), ('కే', 'U'), ('ల', '|'), ('భిం', 'U'), ('చు', '|'), ('కై', 'U'), ('వ', 'U'), ('ల్య', '|'), ('ప', '|'), ('ద', '|'), ('ము', '|'), ('మ', '|'), ('ద', '|'), ('రి', '|'), ('పు', '|'), ('వి', '|'), ('ఫా', 'U'), ('ల', '|'), ('ము', '|'), ('ని', '|'), ('జ', '|'), ('న', '|'), ('హృ', '|'), ('ద', '|'), ('య', '|'), ('లో', 'U'), ('ల', '|'), ('వే', 'U'), ('ణు', '|'), ('గో', 'U'), ('పా', 'U'), ('ల', '|'), ('భ', 'U'), ('క్త', '|'), ('సం', 'U'), ('త్రా', 'U'), ('ణ', '|'), ('శీ', 'U'), ('ల', '|')]",0.7000000000000001,-1.0,1.0,0.85,0.25,-1.0
seesamu,"వేదంబులును నీవె వేదాంగములు నీవె । జలధులు నీవె భూజములు నీవె
క్రతువులు నీవె సద్వ్రతములు నీవె కో- । విదుఁ డటంచన నీవె నదులు నీవె
కనకాద్రి నీవె యాకాశంబు నీవె ప- । ద్మాప్తసోములు నీవె యగ్ని నీవె
యణురూపములు నీవె యవనీతలము నీవె । బ్రహ్మము నీవె గోపతియు నీవె",vupajaathi,Venugopaala,"[('వే', 'U'), ('దం', 'U'), ('బు', '|'), ('లు', '|'), ('ను', '|'), ('నీ', 'U'), ('వె', '|'), ('వే', 'U'), ('దాం', 'U'), ('గ', '|'), ('ము', '|'), ('లు', '|'), ('నీ', 'U'), ('వె', '|'), ('జ', '|'), ('ల', '|'), ('ధు', '|'), ('లు', '|'), ('నీ', 'U'), ('వె', '|'), ('భూ', 'U'), ('జ', '|'), ('ము', '|'), ('లు', '|'), ('నీ', 'U'), ('వె', '|'), ('క్ర', '|'), ('తు', '|'), ('వు', '|'), ('లు', '|'), ('నీ', 'U'), ('వె', '|'), ('స', 'U'), ('ద్వ్ర', '|'), ('త', '|'), ('ము', '|'), ('లు', '|'), ('నీ', 'U'), ('వె', '|'), ('కో', 'U'), ('వి', '|'), ('దు', '|'), ('డ', '|'), ('టం', 'U'), ('చ', '|'), ('న', '|'), ('నీ', 'U'), ('వె', '|'), ('న', '|'), ('దు', '|'), ('లు', '|'), ('నీ', 'U'), ('వె', '|'), ('క', '|'), ('న', '|'), ('కా', 'U'), ('ద్రి', '|'), ('నీ', 'U'), ('వె', '|'), ('యా', 'U'), ('కా', 'U'), ('శం', 'U'), ('బు', '|'), ('నీ', 'U'), ('వె', '|'), ('ప', 'U'), ('ద్మా', 'U'), ('ప్త', '|'), ('సో', 'U'), ('ము', '|'), ('లు', '|'), ('నీ', 'U'), ('వె', '|'), ('య', 'U'), ('గ్ని', '|'), ('నీ', 'U'), ('వె', '|'), ('య', '|'), ('ణు', '|'), ('రూ', 'U'), ('ప', '|'), ('ము', '|'), ('లు', '|'), ('నీ', 'U'), ('వె', '|'), ('య', '|'), ('వ', '|'), ('నీ', 'U'), ('త', '|'), ('ల', '|'), ('ము', '|'), ('నీ', 'U'), ('వె', '|'), ('బ్ర', 'U'), ('హ్మ', '|'), ('ము', '|'), ('నీ', 'U'), ('వె', '|'), ('గో', 'U'), ('ప', '|'), ('తి', '|'), ('యు', '|'), ('నీ', 'U'), ('వె', '|')]",0.9583333333333334,-1.0,1.0,1.0,0.875,-1.0
teytageethi,"ఇట్టి నిన్ను సన్నుతింప నేనెంతవాఁడ । గించనుఁడ నన్ను బ్రోవుని కింకరునిగ
మదరిపువిఫాల మునిజనహృదయలోల । వేణుగోపాల భక్తసంత్రాణశీల!",vupajaathi,Venugopaala,"[('ఇ', 'U'), ('ట్టి', '|'), ('ని', 'U'), ('న్ను', '|'), ('స', 'U'), ('న్ను', '|'), ('తిం', 'U'), ('ప', '|'), ('నే', 'U'), ('నెం', 'U'), ('త', '|'), ('వా', 'U'), ('డ', '|'), ('గిం', 'U'), ('చ', '|'), ('ను', '|'), ('డ', '|'), ('న', 'U'), ('న్ను', '|'), ('బ్రో', 'U'), ('వు', '|'), ('ని', '|'), ('కిం', 'U'), ('క', '|'), ('రు', '|'), ('ని', '|'), ('గ', '|'), ('మ', '|'), ('ద', '|'), ('రి', '|'), ('పు', '|'), ('వి', '|'), ('ఫా', 'U'), ('ల', '|'), ('ము', '|'), ('ని', '|'), ('జ', '|'), ('న', '|'), ('హృ', '|'), ('ద', '|'), ('య', '|'), ('లో', 'U'), ('ల', '|'), ('వే', 'U'), ('ణు', '|'), ('గో', 'U'), ('పా', 'U'), ('ల', '|'), ('భ', 'U'), ('క్త', '|'), ('సం', 'U'), ('త్రా', 'U'), ('ణ', '|'), ('శీ', 'U'), ('ల', '|')]",0.9,-1.0,1.0,0.95,0.75,-1.0
seesamu,"వేదాంతమనుచు బ్రహ్మాదులెంచిన వెల్గు । నాదాంతసీమల నడరు వెల్గు
సాధుజనానందసంపూర్ణమౌ వెల్గు । బోధకు నిలయమై పొసగు వెల్గు
ద్విదశాబ్జమధ్యమందుదయమౌ వెల్గు । సుషుమ్ననాళంబునఁ జొచ్చు వెల్గు
చూడఁజూడఁగ మహాశోభితంబగు వెల్గు । నిఖిలజగంబుల నిండు వెల్గు",vupajaathi,Venugopaala,"[('వే', 'U'), ('దాం', 'U'), ('త', '|'), ('మ', '|'), ('ను', '|'), ('చు', '|'), ('బ్ర', 'U'), ('హ్మా', 'U'), ('దు', '|'), ('లెం', 'U'), ('చి', '|'), ('న', '|'), ('వె', 'U'), ('ల్గు', '|'), ('నా', 'U'), ('దాం', 'U'), ('త', '|'), ('సీ', 'U'), ('మ', '|'), ('ల', '|'), ('న', '|'), ('డ', '|'), ('రు', '|'), ('వె', 'U'), ('ల్గు', '|'), ('సా', 'U'), ('ధు', '|'), ('జ', '|'), ('నా', 'U'), ('నం', 'U'), ('ద', '|'), ('సం', 'U'), ('పూ', 'U'), ('ర్ణ', '|'), ('మౌ', 'U'), ('వె', 'U'), ('ల్గు', '|'), ('బో', 'U'), ('ధ', '|'), ('కు', '|'), ('ని', '|'), ('ల', '|'), ('య', '|'), ('మై', 'U'), ('పొ', '|'), ('స', '|'), ('గు', '|'), ('వె', 'U'), ('ల్గు', 'U'), ('ద్వి', '|'), ('ద', '|'), ('శా', 'U'), ('బ్జ', '|'), ('మ', 'U'), ('ధ్య', '|'), ('మం', 'U'), ('దు', '|'), ('ద', '|'), ('య', '|'), ('మౌ', 'U'), ('వె', 'U'), ('ల్గు', '|'), ('సు', '|'), ('షు', 'U'), ('మ్న', '|'), ('నా', 'U'), ('ళం', 'U'), ('బు', '|'), ('న', '|'), ('జొ', 'U'), ('చ్చు', '|'), ('వె', 'U'), ('ల్గు', '|'), ('చూ', 'U'), ('డ', '|'), ('జూ', 'U'), ('డ', '|'), ('గ', '|'), ('మ', '|'), ('హా', 'U'), ('శో', 'U'), ('భి', '|'), ('తం', 'U'), ('బ', '|'), ('గు', '|'), ('వె', 'U'), ('ల్గు', '|'), ('ని', '|'), ('ఖి', '|'), ('ల', '|'), ('జ', '|'), ('గం', 'U'), ('బు', '|'), ('ల', '|'), ('నిం', 'U'), ('డు', '|'), ('వె', 'U'), ('ల్గు', '|')]",0.71875,-1.0,1.0,0.65625,0.5,-1.0
teytageethi,"శతకోటిసారస హితుల మించిన వెల్గు । మేరువు శిఖరంబుమీఁది వెల్గు
మదరిపువిఫాల మునిజనహృదయలోల । వేణుగోపాల భక్తసంత్రాణశీల!",vupajaathi,Venugopaala,"[('శ', '|'), ('త', '|'), ('కో', 'U'), ('టి', '|'), ('సా', 'U'), ('ర', '|'), ('స', '|'), ('హి', '|'), ('తు', '|'), ('ల', '|'), ('మిం', 'U'), ('చి', '|'), ('న', '|'), ('వె', 'U'), ('ల్గు', '|'), ('మే', 'U'), ('రు', '|'), ('వు', '|'), ('శి', '|'), ('ఖ', '|'), ('రం', 'U'), ('బు', '|'), ('మీ', 'U'), ('ది', '|'), ('వె', 'U'), ('ల్గు', '|'), ('మ', '|'), ('ద', '|'), ('రి', '|'), ('పు', '|'), ('వి', '|'), ('ఫా', 'U'), ('ల', '|'), ('ము', '|'), ('ని', '|'), ('జ', '|'), ('న', '|'), ('హృ', '|'), ('ద', '|'), ('య', '|'), ('లో', 'U'), ('ల', '|'), ('వే', 'U'), ('ణు', '|'), ('గో', 'U'), ('పా', 'U'), ('ల', '|'), ('భ', 'U'), ('క్త', '|'), ('సం', 'U'), ('త్రా', 'U'), ('ణ', '|'), ('శీ', 'U'), ('ల', '|')]",0.45,-1.0,1.0,0.35,0.0,-1.0
seesamu,"వేదాంతయుక్తులు విని రెండు నేర్చుక । వాగునాతఁడు రాజయోగి గాఁడు
కల్లు లొట్టెడు త్రాగి కైపెక్కి తెలియక । వదరినంతనె శాస్త్రవిదుఁడు గాఁడు
పట్టపురాజు చేపట్టి యుంచంగానె । గుడిసెవాటికి బారి గుణము రాదు
ముండపై వలపున రెండెఱుంగక మోవి । యానఁగానె జొల్లు తేనె గాదు",vupajaathi,Venugopaala,"[('వే', 'U'), ('దాం', 'U'), ('త', '|'), ('యు', 'U'), ('క్తు', '|'), ('లు', '|'), ('వి', '|'), ('ని', '|'), ('రెం', 'U'), ('డు', '|'), ('నే', 'U'), ('ర్చు', '|'), ('క', '|'), ('వా', 'U'), ('గు', '|'), ('నా', 'U'), ('త', '|'), ('డు', '|'), ('రా', 'U'), ('జ', '|'), ('యో', 'U'), ('గి', '|'), ('గా', 'U'), ('డు', '|'), ('క', 'U'), ('ల్లు', '|'), ('లొ', 'U'), ('ట్టె', '|'), ('డు', '|'), ('త్రా', 'U'), ('గి', '|'), ('కై', 'U'), ('పె', 'U'), ('క్కి', '|'), ('తె', '|'), ('లి', '|'), ('య', '|'), ('క', '|'), ('వ', '|'), ('ద', '|'), ('రి', '|'), ('నం', 'U'), ('త', '|'), ('నె', '|'), ('శా', 'U'), ('స్త్ర', '|'), ('వి', '|'), ('దు', '|'), ('డు', '|'), ('గా', 'U'), ('డు', '|'), ('ప', 'U'), ('ట్ట', '|'), ('పు', '|'), ('రా', 'U'), ('జు', '|'), ('చే', 'U'), ('ప', 'U'), ('ట్టి', '|'), ('యుం', 'U'), ('చం', 'U'), ('గా', 'U'), ('నె', '|'), ('గు', '|'), ('డి', '|'), ('సె', '|'), ('వా', 'U'), ('టి', '|'), ('కి', '|'), ('బా', 'U'), ('రి', '|'), ('గు', '|'), ('ణ', '|'), ('ము', '|'), ('రా', 'U'), ('దు', '|'), ('ముం', 'U'), ('డ', '|'), ('పై', 'U'), ('వ', '|'), ('ల', '|'), ('పు', '|'), ('న', '|'), ('రెం', 'U'), ('డె', '|'), ('ఱుం', 'U'), ('గ', '|'), ('క', '|'), ('మో', 'U'), ('వి', '|'), ('యా', 'U'), ('న', '|'), ('గా', 'U'), ('నె', '|'), ('జొ', 'U'), ('ల్లు', '|'), ('తే', 'U'), ('నె', '|'), ('గా', 'U'), ('దు', '|')]",0.9270833333333334,-1.0,1.0,0.90625,0.875,-1.0
teytageethi,"కోఁతిపై నున్న సింగపుఁగొదమ కాదు । ఎంత చదివిన గుణహీనుఁ డెచ్చుగాఁడు
మదరిపువిఫాల మునిజనహృదయలోల । వేణుగోపాల భక్తసంత్రాణశీల!",vupajaathi,Venugopaala,"[('కో', 'U'), ('తి', '|'), ('పై', 'U'), ('ను', 'U'), ('న్న', '|'), ('సిం', 'U'), ('గ', '|'), ('పు', '|'), ('గొ', '|'), ('ద', '|'), ('మ', '|'), ('కా', 'U'), ('దు', '|'), ('ఎం', 'U'), ('త', '|'), ('చ', '|'), ('ది', '|'), ('వి', '|'), ('న', '|'), ('గు', '|'), ('ణ', '|'), ('హీ', 'U'), ('ను', '|'), ('డె', 'U'), ('చ్చు', '|'), ('గా', 'U'), ('డు', '|'), ('మ', '|'), ('ద', '|'), ('రి', '|'), ('పు', '|'), ('వి', '|'), ('ఫా', 'U'), ('ల', '|'), ('ము', '|'), ('ని', '|'), ('జ', '|'), ('న', '|'), ('హృ', '|'), ('ద', '|'), ('య', '|'), ('లో', 'U'), ('ల', '|'), ('వే', 'U'), ('ణు', '|'), ('గో', 'U'), ('పా', 'U'), ('ల', '|'), ('భ', 'U'), ('క్త', '|'), ('సం', 'U'), ('త్రా', 'U'), ('ణ', '|'), ('శీ', 'U'), ('ల', '|')]",0.9166666666666666,-1.0,1.0,1.0,0.75,-1.0
seesamu,"దండకమండలుధారులై కాషాయ- । ములు ధరించిన దాన ముక్తి లేదు
భూతి గంపెడు పూసి పులిచర్మమును బూని । ముక్కుమూసిన దాన ముక్తి లేదు
తిరుమణి పట్టెఁడు తీసి పట్టెలు తీర్చి । భుజము గాల్చిన దాన ముక్తి లేదు
వాయువుల్ బంధించి ప్రాణంబు నలయఁగ । మూత వేసిన దాన ముక్తిలేదు",vupajaathi,Venugopaala,"[('దం', 'U'), ('డ', '|'), ('క', '|'), ('మం', 'U'), ('డ', '|'), ('లు', '|'), ('ధా', 'U'), ('రు', '|'), ('లై', 'U'), ('కా', 'U'), ('షా', 'U'), ('య', '|'), ('ము', '|'), ('లు', '|'), ('ధ', '|'), ('రిం', 'U'), ('చి', '|'), ('న', '|'), ('దా', 'U'), ('న', '|'), ('ము', 'U'), ('క్తి', '|'), ('లే', 'U'), ('దు', '|'), ('భూ', 'U'), ('తి', '|'), ('గం', 'U'), ('పె', '|'), ('డు', '|'), ('పూ', 'U'), ('సి', '|'), ('పు', '|'), ('లి', '|'), ('చ', 'U'), ('ర్మ', '|'), ('ము', '|'), ('ను', '|'), ('బూ', 'U'), ('ని', '|'), ('ము', 'U'), ('క్కు', '|'), ('మూ', 'U'), ('సి', '|'), ('న', '|'), ('దా', 'U'), ('న', '|'), ('ము', 'U'), ('క్తి', '|'), ('లే', 'U'), ('దు', '|'), ('తి', '|'), ('రు', '|'), ('మ', '|'), ('ణి', '|'), ('ప', 'U'), ('ట్టె', '|'), ('డు', '|'), ('తీ', 'U'), ('సి', '|'), ('ప', 'U'), ('ట్టె', '|'), ('లు', '|'), ('తీ', 'U'), ('ర్చి', '|'), ('భు', '|'), ('జ', '|'), ('ము', '|'), ('గా', 'U'), ('ల్చి', '|'), ('న', '|'), ('దా', 'U'), ('న', '|'), ('ము', 'U'), ('క్తి', '|'), ('లే', 'U'), ('దు', '|'), ('వా', 'U'), ('యు', '|'), ('వు', 'U'), ('ల్బం', 'U'), ('ధిం', 'U'), ('చి', '|'), ('ప్రా', 'U'), ('ణం', 'U'), ('బు', '|'), ('న', '|'), ('ల', '|'), ('య', '|'), ('గ', '|'), ('మూ', 'U'), ('త', '|'), ('వే', 'U'), ('సి', '|'), ('న', '|'), ('దా', 'U'), ('న', '|'), ('ము', 'U'), ('క్తి', '|'), ('లే', 'U'), ('దు', '|')]",0.9583333333333334,-1.0,1.0,1.0,0.875,-1.0
teytageethi,"గురుపదాంబుజముల భక్తి కుదిరి తమ్ముఁ । దా మెఱుంగక ముక్తి లేదవనియందు
మదరిపువిఫాల మునిజనహృదయలోల । వేణుగోపాల భక్తసంత్రాణశీల!",vupajaathi,Venugopaala,"[('గు', '|'), ('రు', '|'), ('ప', '|'), ('దాం', 'U'), ('బు', '|'), ('జ', '|'), ('ము', '|'), ('ల', '|'), ('భ', 'U'), ('క్తి', '|'), ('కు', '|'), ('ది', '|'), ('రి', '|'), ('త', 'U'), ('మ్ము', '|'), ('దా', 'U'), ('మె', '|'), ('ఱుం', 'U'), ('గ', '|'), ('క', '|'), ('ము', 'U'), ('క్తి', '|'), ('లే', 'U'), ('ద', '|'), ('వ', '|'), ('ని', '|'), ('యం', 'U'), ('దు', '|'), ('మ', '|'), ('ద', '|'), ('రి', '|'), ('పు', '|'), ('వి', '|'), ('ఫా', 'U'), ('ల', '|'), ('ము', '|'), ('ని', '|'), ('జ', '|'), ('న', '|'), ('హృ', '|'), ('ద', '|'), ('య', '|'), ('లో', 'U'), ('ల', '|'), ('వే', 'U'), ('ణు', '|'), ('గో', 'U'), ('పా', 'U'), ('ల', '|'), ('భ', 'U'), ('క్త', '|'), ('సం', 'U'), ('త్రా', 'U'), ('ణ', '|'), ('శీ', 'U'), ('ల', '|')]",1.0,-1.0,1.0,1.0,1.0,-1.0
seesamu,"దారిద్ర్యమనెడు భూధరచయంబులు గూల్ప । హరి నీదు భక్తి వజ్రాయుధంబు
అజ్ఞానమనెడు గాఢాంధకార మణంప । నీదు సపర్య భానూదయంబు
ఘోరమౌ దుష్కృతాంభోరాశి నింకింపఁ- । గా నీదు సేవ దావానలంబు
చపలం బనెడు రోగసమితిని మాన్ప న- । బ్జాక్ష నీ స్మరణ దివ్యౌషధంబు",vupajaathi,Venugopaala,"[('దా', 'U'), ('రి', 'U'), ('ద్ర్య', '|'), ('మ', '|'), ('నె', '|'), ('డు', '|'), ('భూ', 'U'), ('ధ', '|'), ('ర', '|'), ('చ', '|'), ('యం', 'U'), ('బు', '|'), ('లు', '|'), ('గూ', 'U'), ('ల్ప', '|'), ('హ', '|'), ('రి', '|'), ('నీ', 'U'), ('దు', '|'), ('భ', 'U'), ('క్తి', '|'), ('వ', '|'), ('జ్రా', 'U'), ('యు', '|'), ('ధం', 'U'), ('బు', '|'), ('అ', 'U'), ('జ్ఞా', 'U'), ('న', '|'), ('మ', '|'), ('నె', '|'), ('డు', '|'), ('గా', 'U'), ('ఢాం', 'U'), ('ధ', '|'), ('కా', 'U'), ('ర', '|'), ('మ', '|'), ('ణం', 'U'), ('ప', '|'), ('నీ', 'U'), ('దు', '|'), ('స', '|'), ('ప', 'U'), ('ర్య', '|'), ('భా', 'U'), ('నూ', 'U'), ('ద', '|'), ('యం', 'U'), ('బు', '|'), ('ఘో', 'U'), ('ర', '|'), ('మౌ', 'U'), ('దు', 'U'), ('ష్కృ', '|'), ('తాం', 'U'), ('భో', 'U'), ('రా', 'U'), ('శి', '|'), ('నిం', 'U'), ('కిం', 'U'), ('ప', '|'), ('గా', 'U'), ('నీ', 'U'), ('దు', '|'), ('సే', 'U'), ('వ', '|'), ('దా', 'U'), ('వా', 'U'), ('న', '|'), ('లం', 'U'), ('బు', '|'), ('చ', '|'), ('ప', '|'), ('లం', 'U'), ('బ', '|'), ('నె', '|'), ('డు', '|'), ('రో', 'U'), ('గ', '|'), ('స', '|'), ('మి', '|'), ('తి', '|'), ('ని', '|'), ('మా', 'U'), ('న్ప', '|'), ('న', 'U'), ('బ్జా', 'U'), ('క్ష', '|'), ('నీ', 'U'), ('స్మ', '|'), ('ర', '|'), ('ణ', '|'), ('ది', 'U'), ('వ్యౌ', 'U'), ('ష', '|'), ('ధం', 'U'), ('బు', '|')]",0.875,-1.0,1.0,1.0,0.625,-1.0
teytageethi,"వెన్న గలిగియు నేతికి వెదకినటుల । పరుల దలతురు మీ మహత్తెఱుఁగ లేక
మదరిపువిఫాల మునిజనహృదయలోల । వేణుగోపాల భక్తసంత్రాణశీల!",vupajaathi,Venugopaala,"[('వె', 'U'), ('న్న', '|'), ('గ', '|'), ('లి', '|'), ('గి', '|'), ('యు', '|'), ('నే', 'U'), ('తి', '|'), ('కి', '|'), ('వె', '|'), ('ద', '|'), ('కి', '|'), ('న', '|'), ('టు', '|'), ('ల', '|'), ('ప', '|'), ('రు', '|'), ('ల', '|'), ('ద', '|'), ('ల', '|'), ('తు', '|'), ('రు', '|'), ('మీ', 'U'), ('మ', '|'), ('హ', 'U'), ('త్తె', '|'), ('ఱు', '|'), ('గ', '|'), ('లే', 'U'), ('క', '|'), ('మ', '|'), ('ద', '|'), ('రి', '|'), ('పు', '|'), ('వి', '|'), ('ఫా', 'U'), ('ల', '|'), ('ము', '|'), ('ని', '|'), ('జ', '|'), ('న', '|'), ('హృ', '|'), ('ద', '|'), ('య', '|'), ('లో', 'U'), ('ల', '|'), ('వే', 'U'), ('ణు', '|'), ('గో', 'U'), ('పా', 'U'), ('ల', '|'), ('భ', 'U'), ('క్త', '|'), ('సం', 'U'), ('త్రా', 'U'), ('ణ', '|'), ('శీ', 'U'), ('ల', '|')]",0.9166666666666666,-1.0,1.0,1.0,0.75,-1.0
seesamu,"సూక్ష్మస్నానము చేసి సొక్కినవేళ సా- । మితధారణము చేసి మెలఁగువేళ
బడలిక పైనంబు నడచి వచ్చినవేళ । సురతాప్తి ‘హా’ యని సొక్కువేళ
నొంటరిగాఁ జీఁకటింట నుండినవేళ । నలుకతోఁ బవళించునట్టివేళ
దెఱఁగొప్ప మనమున దిగులు చెందినవేళ । భక్తి గన్నట్టి విరక్తివేళ",vupajaathi,Venugopaala,"[('సూ', 'U'), ('క్ష్మ', 'U'), ('స్నా', 'U'), ('న', '|'), ('ము', '|'), ('చే', 'U'), ('సి', '|'), ('సొ', 'U'), ('క్కి', '|'), ('న', '|'), ('వే', 'U'), ('ళ', '|'), ('సా', 'U'), ('మి', '|'), ('త', '|'), ('ధా', 'U'), ('ర', '|'), ('ణ', '|'), ('ము', '|'), ('చే', 'U'), ('సి', '|'), ('మె', '|'), ('ల', '|'), ('గు', '|'), ('వే', 'U'), ('ళ', '|'), ('బ', '|'), ('డ', '|'), ('లి', '|'), ('క', '|'), ('పై', 'U'), ('నం', 'U'), ('బు', '|'), ('న', '|'), ('డ', '|'), ('చి', '|'), ('వ', 'U'), ('చ్చి', '|'), ('న', '|'), ('వే', 'U'), ('ళ', '|'), ('సు', '|'), ('ర', '|'), ('తా', 'U'), ('ప్తి', '|'), ('హా', 'U'), ('య', '|'), ('ని', '|'), ('సొ', 'U'), ('క్కు', '|'), ('వే', 'U'), ('ళ', '|'), ('నొం', 'U'), ('ట', '|'), ('రి', '|'), ('గా', 'U'), ('జీ', 'U'), ('క', '|'), ('టిం', 'U'), ('ట', '|'), ('నుం', 'U'), ('డి', '|'), ('న', '|'), ('వే', 'U'), ('ళ', '|'), ('న', '|'), ('లు', '|'), ('క', '|'), ('తో', 'U'), ('బ', '|'), ('వ', '|'), ('ళిం', 'U'), ('చు', '|'), ('న', 'U'), ('ట్టి', '|'), ('వే', 'U'), ('ళ', '|'), ('దె', '|'), ('ఱ', '|'), ('గొ', 'U'), ('ప్ప', '|'), ('మ', '|'), ('న', '|'), ('ము', '|'), ('న', '|'), ('ది', '|'), ('గు', '|'), ('లు', '|'), ('చెం', 'U'), ('ది', '|'), ('న', '|'), ('వే', 'U'), ('ళ', '|'), ('భ', 'U'), ('క్తి', '|'), ('గ', 'U'), ('న్న', 'U'), ('ట్టి', '|'), ('వి', '|'), ('ర', 'U'), ('క్తి', '|'), ('వే', 'U'), ('ళ', '|')]",0.6145833333333334,-1.0,1.0,0.71875,0.125,-1.0
teytageethi,"లక్ష్యభావంబుఁ జూడ సలక్షణముగ । బండువెన్నెల గతిఁ గానబడును ముక్తి
మదరిపువిఫాల మునిజనహృదయలోల । వేణుగోపాల భక్తసంత్రాణశీల!",vupajaathi,Venugopaala,"[('ల', 'U'), ('క్ష్య', '|'), ('భా', 'U'), ('వం', 'U'), ('బు', '|'), ('జూ', 'U'), ('డ', '|'), ('స', '|'), ('ల', 'U'), ('క్ష', '|'), ('ణ', '|'), ('ము', '|'), ('గ', '|'), ('బం', 'U'), ('డు', '|'), ('వె', 'U'), ('న్నె', '|'), ('ల', '|'), ('గ', '|'), ('తి', '|'), ('గా', 'U'), ('న', '|'), ('బ', '|'), ('డు', '|'), ('ను', '|'), ('ము', 'U'), ('క్తి', '|'), ('మ', '|'), ('ద', '|'), ('రి', '|'), ('పు', '|'), ('వి', '|'), ('ఫా', 'U'), ('ల', '|'), ('ము', '|'), ('ని', '|'), ('జ', '|'), ('న', '|'), ('హృ', '|'), ('ద', '|'), ('య', '|'), ('లో', 'U'), ('ల', '|'), ('వే', 'U'), ('ణు', '|'), ('గో', 'U'), ('పా', 'U'), ('ల', '|'), ('భ', 'U'), ('క్త', '|'), ('సం', 'U'), ('త్రా', 'U'), ('ణ', '|'), ('శీ', 'U'), ('ల', '|')]",1.0,-1.0,1.0,1.0,1.0,-1.0
seesamu,"అగ్రజన్మము తీరమందు వాసంబును । వితరణము ననుభవించు నేర్పు
సంగీతసాహిత్యసంపన్నతయు మఱి । రసికత బంధుసంరక్షణంబు
ననుకూలమైన చక్కని భార్య రాజస- । న్మానంబు ప్రఖ్యాతి మానుషంబు
సౌందర్య మతిదృఢశక్తి విలాసంబు । జ్ఞానంబు నీ పదధ్యాననిష్ఠ",vupajaathi,Venugopaala,"[('అ', '|'), ('గ్ర', '|'), ('జ', 'U'), ('న్మ', '|'), ('ము', '|'), ('తీ', 'U'), ('ర', '|'), ('మం', 'U'), ('దు', '|'), ('వా', 'U'), ('సం', 'U'), ('బు', '|'), ('ను', '|'), ('వి', '|'), ('త', '|'), ('ర', '|'), ('ణ', '|'), ('ము', '|'), ('న', '|'), ('ను', '|'), ('భ', '|'), ('విం', 'U'), ('చు', '|'), ('నే', 'U'), ('ర్పు', '|'), ('సం', 'U'), ('గీ', 'U'), ('త', '|'), ('సా', 'U'), ('హి', 'U'), ('త్య', '|'), ('సం', 'U'), ('ప', 'U'), ('న్న', '|'), ('త', '|'), ('యు', '|'), ('మ', '|'), ('ఱి', '|'), ('ర', '|'), ('సి', '|'), ('క', '|'), ('త', '|'), ('బం', 'U'), ('ధు', '|'), ('సం', 'U'), ('ర', 'U'), ('క్ష', '|'), ('ణం', 'U'), ('బు', '|'), ('న', '|'), ('ను', '|'), ('కూ', 'U'), ('ల', '|'), ('మై', 'U'), ('న', '|'), ('చ', 'U'), ('క్క', '|'), ('ని', '|'), ('భా', 'U'), ('ర్య', '|'), ('రా', 'U'), ('జ', '|'), ('స', 'U'), ('న్మా', 'U'), ('నం', 'U'), ('బు', '|'), ('ప్ర', 'U'), ('ఖ్యా', 'U'), ('తి', '|'), ('మా', 'U'), ('ను', '|'), ('షం', 'U'), ('బు', '|'), ('సౌం', 'U'), ('ద', 'U'), ('ర్య', '|'), ('మ', '|'), ('తి', '|'), ('దృ', '|'), ('ఢ', '|'), ('శ', 'U'), ('క్తి', '|'), ('వి', '|'), ('లా', 'U'), ('సం', 'U'), ('బు', 'U'), ('జ్ఞా', 'U'), ('నం', 'U'), ('బు', '|'), ('నీ', 'U'), ('ప', '|'), ('ద', 'U'), ('ధ్యా', 'U'), ('న', '|'), ('ని', 'U'), ('ష్ఠ', '|')]",0.4791666666666667,-1.0,0.875,0.4375,0.125,-1.0
teytageethi,"ఇన్నివిధములు గలిగి వర్తించు నరుఁడు । భూతలస్వర్గపదములు బొందుచుండు
మదరిపువిఫాల మునిజనహృదయలోల । వేణుగోపాల భక్తసంత్రాణశీల!",vupajaathi,Venugopaala,"[('ఇ', 'U'), ('న్ని', '|'), ('వి', '|'), ('ధ', '|'), ('ము', '|'), ('లు', '|'), ('గ', '|'), ('లి', '|'), ('గి', '|'), ('వ', 'U'), ('ర్తిం', 'U'), ('చు', '|'), ('న', '|'), ('రు', '|'), ('డు', '|'), ('భూ', 'U'), ('త', '|'), ('ల', 'U'), ('స్వ', 'U'), ('ర్గ', '|'), ('ప', '|'), ('ద', '|'), ('ము', '|'), ('లు', '|'), ('బొం', 'U'), ('దు', '|'), ('చుం', 'U'), ('డు', '|'), ('మ', '|'), ('ద', '|'), ('రి', '|'), ('పు', '|'), ('వి', '|'), ('ఫా', 'U'), ('ల', '|'), ('ము', '|'), ('ని', '|'), ('జ', '|'), ('న', '|'), ('హృ', '|'), ('ద', '|'), ('య', '|'), ('లో', 'U'), ('ల', '|'), ('వే', 'U'), ('ణు', '|'), ('గో', 'U'), ('పా', 'U'), ('ల', '|'), ('భ', 'U'), ('క్త', '|'), ('సం', 'U'), ('త్రా', 'U'), ('ణ', '|'), ('శీ', 'U'), ('ల', '|')]",0.9166666666666666,-1.0,1.0,1.0,0.75,-1.0
seesamu,"అబ్బ మేలోర్వలేనట్టివాఁడైనను । మోహంబుగల తల్లి మూఁగదైన
ఆలు రక్కసియైన నల్లుఁ డనదయైనఁ । గూతురు పెనుఱంకుఁబోతుదైనఁ
గొడుకు తుందుడుకైనఁ గోడలు దొంగైనఁ । దనకు సాధ్యుఁడుగాని తమ్ముఁడైన
గృహకృత్యములు పొరుగిండ్ల వెంబడిఁ బోయి । చెప్పి యేడ్చెడు చెడ్డచెల్లెలైన",vupajaathi,Venugopaala,"[('అ', 'U'), ('బ్బ', '|'), ('మే', 'U'), ('లో', 'U'), ('ర్వ', '|'), ('లే', 'U'), ('న', 'U'), ('ట్టి', '|'), ('వా', 'U'), ('డై', 'U'), ('న', '|'), ('ను', '|'), ('మో', 'U'), ('హం', 'U'), ('బు', '|'), ('గ', '|'), ('ల', '|'), ('త', 'U'), ('ల్లి', '|'), ('మూ', 'U'), ('గ', '|'), ('దై', 'U'), ('న', '|'), ('ఆ', 'U'), ('లు', '|'), ('ర', 'U'), ('క్క', '|'), ('సి', '|'), ('యై', 'U'), ('న', '|'), ('న', 'U'), ('ల్లు', '|'), ('డ', '|'), ('న', '|'), ('ద', '|'), ('యై', 'U'), ('న', '|'), ('గూ', 'U'), ('తు', '|'), ('రు', '|'), ('పె', '|'), ('ను', '|'), ('ఱం', 'U'), ('కు', '|'), ('బో', 'U'), ('తు', '|'), ('దై', 'U'), ('న', '|'), ('గొ', '|'), ('డు', '|'), ('కు', '|'), ('తుం', 'U'), ('దు', '|'), ('డు', '|'), ('కై', 'U'), ('న', '|'), ('గో', 'U'), ('డ', '|'), ('లు', '|'), ('దొం', 'U'), ('గై', 'U'), ('న', '|'), ('ద', '|'), ('న', '|'), ('కు', '|'), ('సా', 'U'), ('ధ్యు', '|'), ('డు', '|'), ('గా', 'U'), ('ని', '|'), ('త', 'U'), ('మ్ము', '|'), ('డై', 'U'), ('న', '|'), ('గృ', '|'), ('హ', '|'), ('కృ', 'U'), ('త్య', '|'), ('ము', '|'), ('లు', '|'), ('పొ', '|'), ('రు', '|'), ('గిం', 'U'), ('డ్ల', '|'), ('వెం', 'U'), ('బ', '|'), ('డి', '|'), ('బో', 'U'), ('యి', '|'), ('చె', 'U'), ('ప్పి', '|'), ('యే', 'U'), ('డ్చె', '|'), ('డు', '|'), ('చె', 'U'), ('డ్డ', '|'), ('చె', 'U'), ('ల్లె', '|'), ('లై', 'U'), ('న', '|')]",0.9166666666666666,-1.0,1.0,1.0,0.75,-1.0
teytageethi,"నరుని ఖేదంబు వర్ణింపఁ దరము గాదు । అంతటను సన్యసింపంగనగును మేలు
మదరిపువిఫాల మునిజనహృదయలోల । వేణుగోపాల భక్తసంత్రాణశీల!",vupajaathi,Venugopaala,"[('న', '|'), ('రు', '|'), ('ని', '|'), ('ఖే', 'U'), ('దం', 'U'), ('బు', '|'), ('వ', 'U'), ('ర్ణిం', 'U'), ('ప', '|'), ('ద', '|'), ('ర', '|'), ('ము', '|'), ('గా', 'U'), ('దు', '|'), ('అం', 'U'), ('త', '|'), ('ట', '|'), ('ను', '|'), ('స', 'U'), ('న్య', '|'), ('సిం', 'U'), ('పం', 'U'), ('గ', '|'), ('న', '|'), ('గు', '|'), ('ను', '|'), ('మే', 'U'), ('లు', '|'), ('మ', '|'), ('ద', '|'), ('రి', '|'), ('పు', '|'), ('వి', '|'), ('ఫా', 'U'), ('ల', '|'), ('ము', '|'), ('ని', '|'), ('జ', '|'), ('న', '|'), ('హృ', '|'), ('ద', '|'), ('య', '|'), ('లో', 'U'), ('ల', '|'), ('వే', 'U'), ('ణు', '|'), ('గో', 'U'), ('పా', 'U'), ('ల', '|'), ('భ', 'U'), ('క్త', '|'), ('సం', 'U'), ('త్రా', 'U'), ('ణ', '|'), ('శీ', 'U'), ('ల', '|')]",0.9166666666666666,-1.0,1.0,1.0,0.75,-1.0
seesamu,"విధవ చెవులకేల యరిది వజ్రపుఁ గమ్మ । లురుకు తొత్తుకు విటుఁ డుండనేల
గ్రుడ్డిముండకు మంచి గొప్పయద్దంబేల । సరవి గుడిసెకు బల్ చాందినేల
యూరఁబందులకుఁ బన్నీరుగంధంబేల । బధిరున కల వీణపాటలేల
కుక్కపోతుకు జరీకుచ్చుల జీనేల । పూఁటకూళ్ళమ్మకుఁ బుణ్యమేల",vupajaathi,Venugopaala,"[('వి', '|'), ('ధ', '|'), ('వ', '|'), ('చె', '|'), ('వు', '|'), ('ల', '|'), ('కే', 'U'), ('ల', '|'), ('య', '|'), ('రి', '|'), ('ది', '|'), ('వ', '|'), ('జ్ర', '|'), ('పు', '|'), ('గ', 'U'), ('మ్మ', '|'), ('లు', '|'), ('రు', '|'), ('కు', '|'), ('తొ', 'U'), ('త్తు', '|'), ('కు', '|'), ('వి', '|'), ('టు', '|'), ('డుం', 'U'), ('డ', '|'), ('నే', 'U'), ('ల', '|'), ('గ్రు', 'U'), ('డ్డి', '|'), ('ముం', 'U'), ('డ', '|'), ('కు', '|'), ('మం', 'U'), ('చి', '|'), ('గొ', 'U'), ('ప్ప', '|'), ('య', 'U'), ('ద్దం', 'U'), ('బే', 'U'), ('ల', '|'), ('స', '|'), ('ర', '|'), ('వి', '|'), ('గు', '|'), ('డి', '|'), ('సె', '|'), ('కు', '|'), ('బ', 'U'), ('ల్చాం', 'U'), ('ది', '|'), ('నే', 'U'), ('ల', '|'), ('యూ', 'U'), ('ర', '|'), ('బం', 'U'), ('దు', '|'), ('ల', '|'), ('కు', '|'), ('బ', 'U'), ('న్నీ', 'U'), ('రు', '|'), ('గం', 'U'), ('ధం', 'U'), ('బే', 'U'), ('ల', '|'), ('బ', '|'), ('ధి', '|'), ('రు', '|'), ('న', '|'), ('క', '|'), ('ల', '|'), ('వీ', 'U'), ('ణ', '|'), ('పా', 'U'), ('ట', '|'), ('లే', 'U'), ('ల', '|'), ('కు', 'U'), ('క్క', '|'), ('పో', 'U'), ('తు', '|'), ('కు', '|'), ('జ', '|'), ('రీ', 'U'), ('కు', 'U'), ('చ్చు', '|'), ('ల', '|'), ('జీ', 'U'), ('నే', 'U'), ('ల', '|'), ('పూ', 'U'), ('ట', '|'), ('కూ', 'U'), ('ళ్ళ', 'U'), ('మ్మ', '|'), ('కు', '|'), ('బు', 'U'), ('ణ్య', '|'), ('మే', 'U'), ('ల', '|')]",0.9583333333333334,-1.0,1.0,1.0,0.875,-1.0
teytageethi,"తనకు గతిలేక యొకఁడిచ్చు తఱిని వారి । మతులు చెరపెడి రండకుఁ గ్రతువులేల
మదరిపువిఫాల మునిజనహృదయలోల । వేణుగోపాల భక్తసంత్రాణశీల!",vupajaathi,Venugopaala,"[('త', '|'), ('న', '|'), ('కు', '|'), ('గ', '|'), ('తి', '|'), ('లే', 'U'), ('క', '|'), ('యొ', '|'), ('క', '|'), ('డి', 'U'), ('చ్చు', '|'), ('త', '|'), ('ఱి', '|'), ('ని', '|'), ('వా', 'U'), ('రి', '|'), ('మ', '|'), ('తు', '|'), ('లు', '|'), ('చె', '|'), ('ర', '|'), ('పె', '|'), ('డి', '|'), ('రం', 'U'), ('డ', '|'), ('కు', '|'), ('గ్ర', '|'), ('తు', '|'), ('వు', '|'), ('లే', 'U'), ('ల', '|'), ('మ', '|'), ('ద', '|'), ('రి', '|'), ('పు', '|'), ('వి', '|'), ('ఫా', 'U'), ('ల', '|'), ('ము', '|'), ('ని', '|'), ('జ', '|'), ('న', '|'), ('హృ', '|'), ('ద', '|'), ('య', '|'), ('లో', 'U'), ('ల', '|'), ('వే', 'U'), ('ణు', '|'), ('గో', 'U'), ('పా', 'U'), ('ల', '|'), ('భ', 'U'), ('క్త', '|'), ('సం', 'U'), ('త్రా', 'U'), ('ణ', '|'), ('శీ', 'U'), ('ల', '|')]",1.0,-1.0,1.0,1.0,1.0,-1.0
seesamu,"అలకాధిపతి నేస్తమైనప్పటికిని బా- । లేందుమౌళికి బిచ్చమెత్తవలసెఁ
గమలాసనుని కెంత కరుణ రా నడచినఁ । గలహంసలకుఁ దూటి కాడలేదు
క్షీరాబ్ధి లంకలోఁ జేరినప్పటికైనఁ । గొంగతిండికి నత్తగుల్లలేను
పరగ సాహేబు సుబా యెల్ల నేలిన । బేగంబులకుఁ గుట్టుప్రోగులేను",vupajaathi,Venugopaala,"[('అ', '|'), ('ల', '|'), ('కా', 'U'), ('ధి', '|'), ('ప', '|'), ('తి', '|'), ('నే', 'U'), ('స్త', '|'), ('మై', 'U'), ('న', 'U'), ('ప్ప', '|'), ('టి', '|'), ('కి', '|'), ('ని', '|'), ('బా', 'U'), ('లేం', 'U'), ('దు', '|'), ('మౌ', 'U'), ('ళి', '|'), ('కి', '|'), ('బి', 'U'), ('చ్చ', '|'), ('మె', 'U'), ('త్త', '|'), ('వ', '|'), ('ల', '|'), ('సె', '|'), ('గ', '|'), ('మ', '|'), ('లా', 'U'), ('స', '|'), ('ను', '|'), ('ని', '|'), ('కెం', 'U'), ('త', '|'), ('క', '|'), ('రు', '|'), ('ణ', '|'), ('రా', 'U'), ('న', '|'), ('డ', '|'), ('చి', '|'), ('న', '|'), ('గ', '|'), ('ల', '|'), ('హం', 'U'), ('స', '|'), ('ల', '|'), ('కు', '|'), ('దూ', 'U'), ('టి', '|'), ('కా', 'U'), ('డ', '|'), ('లే', 'U'), ('దు', 'U'), ('క్షీ', 'U'), ('రా', 'U'), ('బ్ధి', '|'), ('లం', 'U'), ('క', '|'), ('లో', 'U'), ('జే', 'U'), ('రి', '|'), ('న', 'U'), ('ప్ప', '|'), ('టి', '|'), ('కై', 'U'), ('న', '|'), ('గొం', 'U'), ('గ', '|'), ('తిం', 'U'), ('డి', '|'), ('కి', '|'), ('న', 'U'), ('త్త', '|'), ('గు', 'U'), ('ల్ల', '|'), ('లే', 'U'), ('ను', '|'), ('ప', '|'), ('ర', '|'), ('గ', '|'), ('సా', 'U'), ('హే', 'U'), ('బు', '|'), ('సు', '|'), ('బా', 'U'), ('యె', 'U'), ('ల్ల', '|'), ('నే', 'U'), ('లి', '|'), ('న', '|'), ('బే', 'U'), ('గం', 'U'), ('బు', '|'), ('ల', '|'), ('కు', '|'), ('గు', 'U'), ('ట్టు', '|'), ('ప్రో', 'U'), ('గు', '|'), ('లే', 'U'), ('ను', '|')]",0.6770833333333334,-1.0,1.0,0.78125,0.25,-1.0
teytageethi,"ఒకరికుండెనటంచు మేలోర్వలేక । నేడ్వఁగరాదు తన ప్రాప్తి నెన్నవలయు
మదరిపువిఫాల మునిజనహృదయలోల । వేణుగోపాల భక్తసంత్రాణశీల!",vupajaathi,Venugopaala,"[('ఒ', '|'), ('క', '|'), ('రి', '|'), ('కుం', 'U'), ('డె', '|'), ('న', '|'), ('టం', 'U'), ('చు', '|'), ('మే', 'U'), ('లో', 'U'), ('ర్వ', '|'), ('లే', 'U'), ('క', '|'), ('నే', 'U'), ('డ్వ', '|'), ('గ', '|'), ('రా', 'U'), ('దు', '|'), ('త', '|'), ('న', '|'), ('ప్రా', 'U'), ('ప్తి', '|'), ('నె', 'U'), ('న్న', '|'), ('వ', '|'), ('ల', '|'), ('యు', '|'), ('మ', '|'), ('ద', '|'), ('రి', '|'), ('పు', '|'), ('వి', '|'), ('ఫా', 'U'), ('ల', '|'), ('ము', '|'), ('ని', '|'), ('జ', '|'), ('న', '|'), ('హృ', '|'), ('ద', '|'), ('య', '|'), ('లో', 'U'), ('ల', '|'), ('వే', 'U'), ('ణు', '|'), ('గో', 'U'), ('పా', 'U'), ('ల', '|'), ('భ', 'U'), ('క్త', '|'), ('సం', 'U'), ('త్రా', 'U'), ('ణ', '|'), ('శీ', 'U'), ('ల', '|')]",0.5499999999999999,-1.0,1.0,0.65,0.0,-1.0
seesamu,"అల్పునిఁ జేర్చిన నధికప్రసంగియౌ । ముద్దు చేసినఁ గుక్క మూతి నాకు
గోళ్ళ సాఁకినఁ బొంతకుండలో విష్ఠించుఁ । గొద్దితొత్తుల పొందు రద్ది కీడ్చు
గూబలు వ్రాలినఁ గొంప నాశముఁ జేయుఁ । జనవీయఁగ నాలు చంక కెక్కుఁ
బలువతో సరసంబు ప్రాణహాని యొనర్చు । దుష్టుడు మంత్రైన దొరను జెఱచుఁ",vupajaathi,Venugopaala,"[('అ', 'U'), ('ల్పు', '|'), ('ని', '|'), ('జే', 'U'), ('ర్చి', '|'), ('న', '|'), ('న', '|'), ('ధి', '|'), ('క', '|'), ('ప్ర', '|'), ('సం', 'U'), ('గి', '|'), ('యౌ', 'U'), ('ము', 'U'), ('ద్దు', '|'), ('చే', 'U'), ('సి', '|'), ('న', '|'), ('గు', 'U'), ('క్క', '|'), ('మూ', 'U'), ('తి', '|'), ('నా', 'U'), ('కు', '|'), ('గో', 'U'), ('ళ్ళ', '|'), ('సా', 'U'), ('కి', '|'), ('న', '|'), ('బొం', 'U'), ('త', '|'), ('కుం', 'U'), ('డ', '|'), ('లో', 'U'), ('వి', 'U'), ('ష్ఠిం', 'U'), ('చు', '|'), ('గొ', 'U'), ('ద్ది', '|'), ('తొ', 'U'), ('త్తు', '|'), ('ల', '|'), ('పొం', 'U'), ('దు', '|'), ('ర', 'U'), ('ద్ది', '|'), ('కీ', 'U'), ('డ్చు', '|'), ('గూ', 'U'), ('బ', '|'), ('లు', '|'), ('వ్రా', 'U'), ('లి', '|'), ('న', '|'), ('గొం', 'U'), ('ప', '|'), ('నా', 'U'), ('శ', '|'), ('ము', '|'), ('జే', 'U'), ('యు', '|'), ('జ', '|'), ('న', '|'), ('వీ', 'U'), ('య', '|'), ('గ', '|'), ('నా', 'U'), ('లు', '|'), ('చం', 'U'), ('క', '|'), ('కె', 'U'), ('క్కు', '|'), ('బ', '|'), ('లు', '|'), ('వ', '|'), ('తో', 'U'), ('స', '|'), ('ర', '|'), ('సం', 'U'), ('బు', '|'), ('ప్రా', 'U'), ('ణ', '|'), ('హా', 'U'), ('ని', '|'), ('యొ', '|'), ('న', 'U'), ('ర్చు', '|'), ('దు', 'U'), ('ష్టు', '|'), ('డు', '|'), ('మం', 'U'), ('త్రై', 'U'), ('న', '|'), ('దొ', '|'), ('ర', '|'), ('ను', '|'), ('జె', '|'), ('ఱ', '|'), ('చు', '|')]",0.78125,-1.0,1.0,0.84375,0.5,-1.0
teytageethi,"కనుక విని దెల్సి జాగ్రత్తగాను ప్రజలఁ । బాలనముఁ జేయు టది రాజపద్ధతి యగు
మదరిపువిఫాల మునిజనహృదయలోల । వేణుగోపాల భక్తసంత్రాణశీల!",vupajaathi,Venugopaala,"[('క', '|'), ('ను', '|'), ('క', '|'), ('వి', '|'), ('ని', '|'), ('దె', 'U'), ('ల్సి', '|'), ('జా', 'U'), ('గ్ర', 'U'), ('త్త', '|'), ('గా', 'U'), ('ను', '|'), ('ప్ర', '|'), ('జ', '|'), ('ల', '|'), ('బా', 'U'), ('ల', '|'), ('న', '|'), ('ము', '|'), ('జే', 'U'), ('యు', '|'), ('ట', '|'), ('ది', '|'), ('రా', 'U'), ('జ', '|'), ('ప', 'U'), ('ద్ధ', '|'), ('తి', '|'), ('య', '|'), ('గు', '|'), ('మ', '|'), ('ద', '|'), ('రి', '|'), ('పు', '|'), ('వి', '|'), ('ఫా', 'U'), ('ల', '|'), ('ము', '|'), ('ని', '|'), ('జ', '|'), ('న', '|'), ('హృ', '|'), ('ద', '|'), ('య', '|'), ('లో', 'U'), ('ల', '|'), ('వే', 'U'), ('ణు', '|'), ('గో', 'U'), ('పా', 'U'), ('ల', '|'), ('భ', 'U'), ('క్త', '|'), ('సం', 'U'), ('త్రా', 'U'), ('ణ', '|'), ('శీ', 'U'), ('ల', '|')]",1.0,-1.0,1.0,1.0,1.0,-1.0
seesamu,"అవనీశ్వరుఁడు మందుఁడైన నర్థుల కియ్య- । వద్దని వద్ది దివాను చెప్పు
మునిషీ యొకడు చెప్పు మొనసి బక్షీ చెప్పుఁ । దరువాత నా మజుందారు చెప్పుఁ
దల ద్రిప్పుచును శిరస్తా చెప్పు వెంటనే । కేలు మొగిడ్చి వకీలు చెప్పు
దేశపాండ్యా తాను దినవలెనని చెప్పు । ముసరద్ది చెవిలోన మొనసి చెప్పు",vupajaathi,Venugopaala,"[('అ', '|'), ('వ', '|'), ('నీ', 'U'), ('శ్వ', '|'), ('రు', '|'), ('డు', '|'), ('మం', 'U'), ('దు', '|'), ('డై', 'U'), ('న', '|'), ('న', 'U'), ('ర్థు', '|'), ('ల', '|'), ('కి', 'U'), ('య్య', '|'), ('వ', 'U'), ('ద్ద', '|'), ('ని', '|'), ('వ', 'U'), ('ద్ది', '|'), ('ది', '|'), ('వా', 'U'), ('ను', '|'), ('చె', 'U'), ('ప్పు', '|'), ('ము', '|'), ('ని', '|'), ('షీ', 'U'), ('యొ', '|'), ('క', '|'), ('డు', '|'), ('చె', 'U'), ('ప్పు', '|'), ('మొ', '|'), ('న', '|'), ('సి', '|'), ('బ', 'U'), ('క్షీ', 'U'), ('చె', 'U'), ('ప్పు', '|'), ('ద', '|'), ('రు', '|'), ('వా', 'U'), ('త', '|'), ('నా', 'U'), ('మ', '|'), ('జుం', 'U'), ('దా', 'U'), ('రు', '|'), ('చె', 'U'), ('ప్పు', '|'), ('ద', '|'), ('ల', '|'), ('ద్రి', 'U'), ('ప్పు', '|'), ('చు', '|'), ('ను', '|'), ('శి', '|'), ('ర', 'U'), ('స్తా', 'U'), ('చె', 'U'), ('ప్పు', '|'), ('వెం', 'U'), ('ట', '|'), ('నే', 'U'), ('కే', 'U'), ('లు', '|'), ('మొ', '|'), ('గి', 'U'), ('డ్చి', '|'), ('వ', '|'), ('కీ', 'U'), ('లు', '|'), ('చె', 'U'), ('ప్పు', '|'), ('దే', 'U'), ('శ', '|'), ('పాం', 'U'), ('డ్యా', 'U'), ('తా', 'U'), ('ను', '|'), ('ది', '|'), ('న', '|'), ('వ', '|'), ('లె', '|'), ('న', '|'), ('ని', '|'), ('చె', 'U'), ('ప్పు', '|'), ('ము', '|'), ('స', '|'), ('ర', 'U'), ('ద్ది', '|'), ('చె', '|'), ('వి', '|'), ('లో', 'U'), ('న', '|'), ('మొ', '|'), ('న', '|'), ('సి', '|'), ('చె', 'U'), ('ప్పు', '|')]",0.9583333333333334,-1.0,1.0,1.0,0.875,-1.0
teytageethi,"యశము గోరిన దొరకొడుకైనవాఁడు । ఇన్ని చెప్పులు కడఁ ద్రోసి యియ్యవలయు
మదరిపువిఫాల మునిజనహృదయలోల । వేణుగోపాల భక్తసంత్రాణశీల!",vupajaathi,Venugopaala,"[('య', '|'), ('శ', '|'), ('ము', '|'), ('గో', 'U'), ('రి', '|'), ('న', '|'), ('దొ', '|'), ('ర', '|'), ('కొ', '|'), ('డు', '|'), ('కై', 'U'), ('న', '|'), ('వా', 'U'), ('డు', '|'), ('ఇ', 'U'), ('న్ని', '|'), ('చె', 'U'), ('ప్పు', '|'), ('లు', '|'), ('క', '|'), ('డ', '|'), ('ద్రో', 'U'), ('సి', '|'), ('యి', 'U'), ('య్య', '|'), ('వ', '|'), ('ల', '|'), ('యు', '|'), ('మ', '|'), ('ద', '|'), ('రి', '|'), ('పు', '|'), ('వి', '|'), ('ఫా', 'U'), ('ల', '|'), ('ము', '|'), ('ని', '|'), ('జ', '|'), ('న', '|'), ('హృ', '|'), ('ద', '|'), ('య', '|'), ('లో', 'U'), ('ల', '|'), ('వే', 'U'), ('ణు', '|'), ('గో', 'U'), ('పా', 'U'), ('ల', '|'), ('భ', 'U'), ('క్త', '|'), ('సం', 'U'), ('త్రా', 'U'), ('ణ', '|'), ('శీ', 'U'), ('ల', '|')]",0.8333333333333334,-1.0,1.0,1.0,0.5,-1.0
seesamu,"ఆత్మ తెలియని యోగి కద్వైతములు మెండు । నెఱఱంకులాఁడికి నిష్ఠ మెండు
పాలు పిండని గొడ్డుబఱ్ఱె కదుపు మెండు । కల్లపసిండికిఁ గాంతి మెండు
గెలువని రాజుకు బలుగచ్చులును మెండు । వంధ్యకు విభునిపై వాంఛ మెండు
దబ్బరవాటకుఁ దలద్రిప్పుటలు మెండు । పసిమిరోగపు లొత్తు మిసిమి మెండు
వండలేనక్కకు వగపులు బలుమెండు । లేలేని యన్నకు తిండి మెండు",vupajaathi,Venugopaala,"[('ఆ', 'U'), ('త్మ', '|'), ('తె', '|'), ('లి', '|'), ('య', '|'), ('ని', '|'), ('యో', 'U'), ('గి', '|'), ('క', 'U'), ('ద్వై', 'U'), ('త', '|'), ('ము', '|'), ('లు', '|'), ('మెం', 'U'), ('డు', '|'), ('నె', '|'), ('ఱ', '|'), ('ఱం', 'U'), ('కు', '|'), ('లా', 'U'), ('డి', '|'), ('కి', '|'), ('ని', 'U'), ('ష్ఠ', '|'), ('మెం', 'U'), ('డు', '|'), ('పా', 'U'), ('లు', '|'), ('పిం', 'U'), ('డ', '|'), ('ని', '|'), ('గొ', 'U'), ('డ్డు', '|'), ('బ', 'U'), ('ఱ్ఱె', '|'), ('క', '|'), ('దు', '|'), ('పు', '|'), ('మెం', 'U'), ('డు', '|'), ('క', 'U'), ('ల్ల', '|'), ('ప', '|'), ('సిం', 'U'), ('డి', '|'), ('కి', '|'), ('గాం', 'U'), ('తి', '|'), ('మెం', 'U'), ('డు', '|'), ('గె', '|'), ('లు', '|'), ('వ', '|'), ('ని', '|'), ('రా', 'U'), ('జు', '|'), ('కు', '|'), ('బ', '|'), ('లు', '|'), ('గ', 'U'), ('చ్చు', '|'), ('లు', '|'), ('ను', '|'), ('మెం', 'U'), ('డు', '|'), ('వం', 'U'), ('ధ్య', '|'), ('కు', '|'), ('వి', '|'), ('భు', '|'), ('ని', '|'), ('పై', 'U'), ('వాం', 'U'), ('ఛ', '|'), ('మెం', 'U'), ('డు', '|'), ('ద', 'U'), ('బ్బ', '|'), ('ర', '|'), ('వా', 'U'), ('ట', '|'), ('కు', '|'), ('ద', '|'), ('ల', '|'), ('ద్రి', 'U'), ('ప్పు', '|'), ('ట', '|'), ('లు', '|'), ('మెం', 'U'), ('డు', '|'), ('ప', '|'), ('సి', '|'), ('మి', '|'), ('రో', 'U'), ('గ', '|'), ('పు', '|'), ('లొ', 'U'), ('త్తు', '|'), ('మి', '|'), ('సి', '|'), ('మి', '|'), ('మెం', 'U'), ('డు', '|'), ('వం', 'U'), ('డ', '|'), ('లే', 'U'), ('న', 'U'), ('క్క', '|'), ('కు', '|'), ('వ', '|'), ('గ', '|'), ('పు', '|'), ('లు', '|'), ('బ', '|'), ('లు', '|'), ('మెం', 'U'), ('డు', '|'), ('లే', 'U'), ('లే', 'U'), ('ని', '|'), ('య', 'U'), ('న్న', '|'), ('కు', '|'), ('తిం', 'U'), ('డి', '|'), ('మెం', 'U'), ('డు', '|')]",0.9479166666666666,-1.0,1.0,0.96875,0.875,-1.0
teytageethi,"కూటికియ్యని విటకాని పోటు మెండు । మాచకమ్మకు మోహంబు మదిని మెండు
మదరిపువిఫాల మునిజనహృదయలోల । వేణుగోపాల భక్తసంత్రాణశీల!",vupajaathi,Venugopaala,"[('కూ', 'U'), ('టి', '|'), ('కి', 'U'), ('య్య', '|'), ('ని', '|'), ('వి', '|'), ('ట', '|'), ('కా', 'U'), ('ని', '|'), ('పో', 'U'), ('టు', '|'), ('మెం', 'U'), ('డు', '|'), ('మా', 'U'), ('చ', '|'), ('క', 'U'), ('మ్మ', '|'), ('కు', '|'), ('మో', 'U'), ('హం', 'U'), ('బు', '|'), ('మ', '|'), ('ది', '|'), ('ని', '|'), ('మెం', 'U'), ('డు', '|'), ('మ', '|'), ('ద', '|'), ('రి', '|'), ('పు', '|'), ('వి', '|'), ('ఫా', 'U'), ('ల', '|'), ('ము', '|'), ('ని', '|'), ('జ', '|'), ('న', '|'), ('హృ', '|'), ('ద', '|'), ('య', '|'), ('లో', 'U'), ('ల', '|'), ('వే', 'U'), ('ణు', '|'), ('గో', 'U'), ('పా', 'U'), ('ల', '|'), ('భ', 'U'), ('క్త', '|'), ('సం', 'U'), ('త్రా', 'U'), ('ణ', '|'), ('శీ', 'U'), ('ల', '|')]",1.0,-1.0,1.0,1.0,1.0,-1.0
seesamu,"ఆలిని వంచుకోఁజాలక తగవర్ల । బ్రతిమాలుకొనువాని బ్రతుకు రోఁత
నర్తనాంగనల వెన్కను జేరి తాళముల్ । వాయించువాని జీవనము రోఁత
వ్యభిచరించెడి వారవనిత గర్భంబునఁ । బురుషత్వము వహించి పుట్ట రోఁత
బంధుకోటికి సరిపడని దుర్వృత్తిని । బడియున్న మనుజుని నడత రోఁత",vupajaathi,Venugopaala,"[('ఆ', 'U'), ('లి', '|'), ('ని', '|'), ('వం', 'U'), ('చు', '|'), ('కో', 'U'), ('జా', 'U'), ('ల', '|'), ('క', '|'), ('త', '|'), ('గ', '|'), ('వ', 'U'), ('ర్ల', '|'), ('బ్ర', '|'), ('తి', '|'), ('మా', 'U'), ('లు', '|'), ('కొ', '|'), ('ను', '|'), ('వా', 'U'), ('ని', '|'), ('బ్ర', '|'), ('తు', '|'), ('కు', '|'), ('రో', 'U'), ('త', '|'), ('న', 'U'), ('ర్త', '|'), ('నాం', 'U'), ('గ', '|'), ('న', '|'), ('ల', '|'), ('వె', 'U'), ('న్క', '|'), ('ను', '|'), ('జే', 'U'), ('రి', '|'), ('తా', 'U'), ('ళ', '|'), ('ము', 'U'), ('ల్వా', 'U'), ('యిం', 'U'), ('చు', '|'), ('వా', 'U'), ('ని', '|'), ('జీ', 'U'), ('వ', '|'), ('న', '|'), ('ము', '|'), ('రో', 'U'), ('త', 'U'), ('వ్య', '|'), ('భి', '|'), ('చ', '|'), ('రిం', 'U'), ('చె', '|'), ('డి', '|'), ('వా', 'U'), ('ర', '|'), ('వ', '|'), ('ని', '|'), ('త', '|'), ('గ', 'U'), ('ర్భం', 'U'), ('బు', '|'), ('న', '|'), ('బు', '|'), ('రు', '|'), ('ష', 'U'), ('త్వ', '|'), ('ము', '|'), ('వ', '|'), ('హిం', 'U'), ('చి', '|'), ('పు', 'U'), ('ట్ట', '|'), ('రో', 'U'), ('త', '|'), ('బం', 'U'), ('ధు', '|'), ('కో', 'U'), ('టి', '|'), ('కి', '|'), ('స', '|'), ('రి', '|'), ('ప', '|'), ('డ', '|'), ('ని', '|'), ('దు', 'U'), ('ర్వృ', 'U'), ('త్తి', '|'), ('ని', '|'), ('బ', '|'), ('డి', '|'), ('యు', 'U'), ('న్న', '|'), ('మ', '|'), ('ను', '|'), ('జు', '|'), ('ని', '|'), ('న', '|'), ('డ', '|'), ('త', '|'), ('రో', 'U'), ('త', '|')]",0.71875,-1.0,1.0,0.78125,0.375,-1.0
teytageethi,"యరసికుండైన నరపతి నాశ్రయించి । కృతులొనర్చెడి కవి నెత్తిగీఁత రోఁత
మదరిపువిఫాల మునిజనహృదయలోల । వేణుగోపాల భక్తసంత్రాణశీల!",vupajaathi,Venugopaala,"[('య', '|'), ('ర', '|'), ('సి', '|'), ('కుం', 'U'), ('డై', 'U'), ('న', '|'), ('న', '|'), ('ర', '|'), ('ప', '|'), ('తి', '|'), ('నా', 'U'), ('శ్ర', '|'), ('యిం', 'U'), ('చి', '|'), ('కృ', '|'), ('తు', '|'), ('లొ', '|'), ('న', 'U'), ('ర్చె', '|'), ('డి', '|'), ('క', '|'), ('వి', '|'), ('నె', 'U'), ('త్తి', '|'), ('గీ', 'U'), ('త', '|'), ('రో', 'U'), ('త', '|'), ('మ', '|'), ('ద', '|'), ('రి', '|'), ('పు', '|'), ('వి', '|'), ('ఫా', 'U'), ('ల', '|'), ('ము', '|'), ('ని', '|'), ('జ', '|'), ('న', '|'), ('హృ', '|'), ('ద', '|'), ('య', '|'), ('లో', 'U'), ('ల', '|'), ('వే', 'U'), ('ణు', '|'), ('గో', 'U'), ('పా', 'U'), ('ల', '|'), ('భ', 'U'), ('క్త', '|'), ('సం', 'U'), ('త్రా', 'U'), ('ణ', '|'), ('శీ', 'U'), ('ల', '|')]",0.9166666666666666,-1.0,1.0,1.0,0.75,-1.0
seesamu,"ఆస్థానమందు విద్వాంసుల గని లేచి । మ్రొక్కులేయని వారమోహినులను
దల గొరిగించి మెత్తని సున్నమును బూసి । బొగ్గుగంధమున బొట్టమర్చి
చెప్పులు మెడఁ గట్టి చింపిచేటలఁ గొట్టి । గాడిదపైఁబెట్టి కాల మెట్టి
తటుకునఁ గ్రామప్రదక్షిణం బొనరించి । నిల్చినచోటఁ బేణ్ణీళ్ళు చల్లి",vupajaathi,Venugopaala,"[('ఆ', 'U'), ('స్థా', 'U'), ('న', '|'), ('మం', 'U'), ('దు', '|'), ('వి', 'U'), ('ద్వాం', 'U'), ('సు', '|'), ('ల', '|'), ('గ', '|'), ('ని', '|'), ('లే', 'U'), ('చి', '|'), ('మ్రొ', 'U'), ('క్కు', '|'), ('లే', 'U'), ('య', '|'), ('ని', '|'), ('వా', 'U'), ('ర', '|'), ('మో', 'U'), ('హి', '|'), ('ను', '|'), ('ల', '|'), ('ను', '|'), ('ద', '|'), ('ల', '|'), ('గొ', '|'), ('రి', '|'), ('గిం', 'U'), ('చి', '|'), ('మె', 'U'), ('త్త', '|'), ('ని', '|'), ('సు', 'U'), ('న్న', '|'), ('ము', '|'), ('ను', '|'), ('బూ', 'U'), ('సి', '|'), ('బొ', 'U'), ('గ్గు', '|'), ('గం', 'U'), ('ధ', '|'), ('ము', '|'), ('న', '|'), ('బొ', 'U'), ('ట్ట', '|'), ('మ', 'U'), ('ర్చి', '|'), ('చె', 'U'), ('ప్పు', '|'), ('లు', '|'), ('మె', '|'), ('డ', '|'), ('గ', 'U'), ('ట్టి', '|'), ('చిం', 'U'), ('పి', '|'), ('చే', 'U'), ('ట', '|'), ('ల', '|'), ('గొ', 'U'), ('ట్టి', '|'), ('గా', 'U'), ('డి', '|'), ('ద', '|'), ('పై', 'U'), ('బె', 'U'), ('ట్టి', '|'), ('కా', 'U'), ('ల', '|'), ('మె', 'U'), ('ట్టి', '|'), ('త', '|'), ('టు', '|'), ('కు', '|'), ('న', '|'), ('గ్రా', 'U'), ('మ', '|'), ('ప్ర', '|'), ('ద', 'U'), ('క్షి', '|'), ('ణం', 'U'), ('బొ', '|'), ('న', '|'), ('రిం', 'U'), ('చి', '|'), ('ని', 'U'), ('ల్చి', '|'), ('న', '|'), ('చో', 'U'), ('ట', '|'), ('బే', 'U'), ('ణ్ణీ', 'U'), ('ళ్ళు', '|'), ('చ', 'U'), ('ల్లి', '|')]",0.6875,-1.0,1.0,0.8125,0.25,-1.0
teytageethi,"విప్రదూషకులగువారి వెంట నిచ్చి । సాగ నంపించవలయును శమనపురికి
మదరిపువిఫాల మునిజనహృదయలోల । వేణుగోపాల భక్తసంత్రాణశీల!",vupajaathi,Venugopaala,"[('వి', '|'), ('ప్ర', '|'), ('దూ', 'U'), ('ష', '|'), ('కు', '|'), ('ల', '|'), ('గు', '|'), ('వా', 'U'), ('రి', '|'), ('వెం', 'U'), ('ట', '|'), ('ని', 'U'), ('చ్చి', '|'), ('సా', 'U'), ('గ', '|'), ('నం', 'U'), ('పిం', 'U'), ('చ', '|'), ('వ', '|'), ('ల', '|'), ('యు', '|'), ('ను', '|'), ('శ', '|'), ('మ', '|'), ('న', '|'), ('పు', '|'), ('రి', '|'), ('కి', '|'), ('మ', '|'), ('ద', '|'), ('రి', '|'), ('పు', '|'), ('వి', '|'), ('ఫా', 'U'), ('ల', '|'), ('ము', '|'), ('ని', '|'), ('జ', '|'), ('న', '|'), ('హృ', '|'), ('ద', '|'), ('య', '|'), ('లో', 'U'), ('ల', '|'), ('వే', 'U'), ('ణు', '|'), ('గో', 'U'), ('పా', 'U'), ('ల', '|'), ('భ', 'U'), ('క్త', '|'), ('సం', 'U'), ('త్రా', 'U'), ('ణ', '|'), ('శీ', 'U'), ('ల', '|')]",0.5166666666666667,-1.0,1.0,0.55,0.0,-1.0
seesamu,"పెట్టనేరని రండ పెక్కునీతులఁ బెద్ద । గొడ్రాలిముండకు గొంతు పెద్ద
మంకుబుద్ధికిఁ దన మాట సాగుటె పెద్ద । రిక్తుని మదిని కోరికలు పెద్ద
అల్పవిద్వాంసుండు నాక్షేపణకుఁ బెద్ద । మూర్ఖచిత్తుఁడుఁ కోపమునకుఁ బెద్ద
గుడ్డిగుఱ్ఱము తట్టగుగ్గిళ్ళు తినఁ బెద్ద । వెలయ నాఁబోతుకండలను బెద్ద",vupajaathi,Venugopaala,"[('పె', 'U'), ('ట్ట', '|'), ('నే', 'U'), ('ర', '|'), ('ని', '|'), ('రం', 'U'), ('డ', '|'), ('పె', 'U'), ('క్కు', '|'), ('నీ', 'U'), ('తు', '|'), ('ల', '|'), ('బె', 'U'), ('ద్ద', '|'), ('గొ', '|'), ('డ్రా', 'U'), ('లి', '|'), ('ముం', 'U'), ('డ', '|'), ('కు', '|'), ('గొం', 'U'), ('తు', '|'), ('పె', 'U'), ('ద్ద', '|'), ('మం', 'U'), ('కు', '|'), ('బు', 'U'), ('ద్ధి', '|'), ('కి', '|'), ('ద', '|'), ('న', '|'), ('మా', 'U'), ('ట', '|'), ('సా', 'U'), ('గు', '|'), ('టె', '|'), ('పె', 'U'), ('ద్ద', '|'), ('రి', 'U'), ('క్తు', '|'), ('ని', '|'), ('మ', '|'), ('ది', '|'), ('ని', '|'), ('కో', 'U'), ('రి', '|'), ('క', '|'), ('లు', '|'), ('పె', 'U'), ('ద్ద', '|'), ('అ', 'U'), ('ల్ప', '|'), ('వి', 'U'), ('ద్వాం', 'U'), ('సుం', 'U'), ('డు', '|'), ('నా', 'U'), ('క్షే', 'U'), ('ప', '|'), ('ణ', '|'), ('కు', '|'), ('బె', 'U'), ('ద్ద', '|'), ('మూ', 'U'), ('ర్ఖ', '|'), ('చి', 'U'), ('త్తు', '|'), ('డు', '|'), ('కో', 'U'), ('ప', '|'), ('ము', '|'), ('న', '|'), ('కు', '|'), ('బె', 'U'), ('ద్ద', '|'), ('గు', 'U'), ('డ్డి', '|'), ('గు', 'U'), ('ఱ్ఱ', '|'), ('ము', '|'), ('త', 'U'), ('ట్ట', '|'), ('గు', 'U'), ('గ్గి', 'U'), ('ళ్ళు', '|'), ('తి', '|'), ('న', '|'), ('బె', 'U'), ('ద్ద', '|'), ('వె', '|'), ('ల', '|'), ('య', '|'), ('నా', 'U'), ('బో', 'U'), ('తు', '|'), ('కం', 'U'), ('డ', '|'), ('ల', '|'), ('ను', '|'), ('బె', 'U'), ('ద్ద', '|')]",0.5833333333333334,-1.0,1.0,0.625,0.125,-1.0
teytageethi,"మధ్యవైష్ణవునకు నామములు పెద్ద । పెట్టనేరని విభుఁడు కోపించ పెద్ద
మదరిపువిఫాల మునిజనహృదయలోల । వేణుగోపాల భక్తసంత్రాణశీల!",vupajaathi,Venugopaala,"[('మ', 'U'), ('ధ్య', '|'), ('వై', 'U'), ('ష్ణ', '|'), ('వు', '|'), ('న', '|'), ('కు', '|'), ('నా', 'U'), ('మ', '|'), ('ము', '|'), ('లు', '|'), ('పె', 'U'), ('ద్ద', '|'), ('పె', 'U'), ('ట్ట', '|'), ('నే', 'U'), ('ర', '|'), ('ని', '|'), ('వి', '|'), ('భు', '|'), ('డు', '|'), ('కో', 'U'), ('పిం', 'U'), ('చ', '|'), ('పె', 'U'), ('ద్ద', '|'), ('మ', '|'), ('ద', '|'), ('రి', '|'), ('పు', '|'), ('వి', '|'), ('ఫా', 'U'), ('ల', '|'), ('ము', '|'), ('ని', '|'), ('జ', '|'), ('న', '|'), ('హృ', '|'), ('ద', '|'), ('య', '|'), ('లో', 'U'), ('ల', '|'), ('వే', 'U'), ('ణు', '|'), ('గో', 'U'), ('పా', 'U'), ('ల', '|'), ('భ', 'U'), ('క్త', '|'), ('సం', 'U'), ('త్రా', 'U'), ('ణ', '|'), ('శీ', 'U'), ('ల', '|')]",0.5666666666666667,-1.0,1.0,0.7,0.0,-1.0
seesamu,"ఈడిగె ముత్తికి జోడుశాలువలిస్తి । కురుబ గంగికి జరీకోకలిస్తి
కడియాలు కుమ్మర కనకంకు దీసిస్తి । పోఁగులు గోసంగి పోలికిస్తి
పోచీలు చాకలి పుల్లి చేతుల వేస్తి । దాని తల్లికి నూఱు దారబోస్తి
దాసరచ్చికి దేవతార్చన లమ్మిస్తి । గుఱ్ఱాల యుప్పర కొండికిస్తి",vupajaathi,Venugopaala,"[('ఈ', 'U'), ('డి', '|'), ('గె', '|'), ('ము', 'U'), ('త్తి', '|'), ('కి', '|'), ('జో', 'U'), ('డు', '|'), ('శా', 'U'), ('లు', '|'), ('వ', '|'), ('లి', 'U'), ('స్తి', '|'), ('కు', '|'), ('రు', '|'), ('బ', '|'), ('గం', 'U'), ('గి', '|'), ('కి', '|'), ('జ', '|'), ('రీ', 'U'), ('కో', 'U'), ('క', '|'), ('లి', 'U'), ('స్తి', '|'), ('క', '|'), ('డి', '|'), ('యా', 'U'), ('లు', '|'), ('కు', 'U'), ('మ్మ', '|'), ('ర', '|'), ('క', '|'), ('న', '|'), ('కం', 'U'), ('కు', '|'), ('దీ', 'U'), ('సి', 'U'), ('స్తి', '|'), ('పో', 'U'), ('గు', '|'), ('లు', '|'), ('గో', 'U'), ('సం', 'U'), ('గి', '|'), ('పో', 'U'), ('లి', '|'), ('కి', 'U'), ('స్తి', '|'), ('పో', 'U'), ('చీ', 'U'), ('లు', '|'), ('చా', 'U'), ('క', '|'), ('లి', '|'), ('పు', 'U'), ('ల్లి', '|'), ('చే', 'U'), ('తు', '|'), ('ల', '|'), ('వే', 'U'), ('స్తి', '|'), ('దా', 'U'), ('ని', '|'), ('త', 'U'), ('ల్లి', '|'), ('కి', '|'), ('నూ', 'U'), ('ఱు', '|'), ('దా', 'U'), ('ర', '|'), ('బో', 'U'), ('స్తి', '|'), ('దా', 'U'), ('స', '|'), ('ర', 'U'), ('చ్చి', '|'), ('కి', '|'), ('దే', 'U'), ('వ', '|'), ('తా', 'U'), ('ర్చ', '|'), ('న', '|'), ('ల', 'U'), ('మ్మి', 'U'), ('స్తి', '|'), ('గు', 'U'), ('ఱ్ఱా', 'U'), ('ల', '|'), ('యు', 'U'), ('ప్ప', '|'), ('ర', '|'), ('కొం', 'U'), ('డి', '|'), ('కి', 'U'), ('స్తి', '|')]",0.9583333333333334,-1.0,1.0,1.0,0.875,-1.0
teytageethi,"ననుచుఁ బాత్ర మపాత్రము ననక యిచ్చి । చెప్పుకొందురు మూఢులు సిగ్గులేక
మదరిపువిఫాల మునిజనహృదయలోల । వేణుగోపాల భక్తసంత్రాణశీల!",vupajaathi,Venugopaala,"[('న', '|'), ('ను', '|'), ('చు', '|'), ('బా', 'U'), ('త్ర', '|'), ('మ', '|'), ('పా', 'U'), ('త్ర', '|'), ('ము', '|'), ('న', '|'), ('న', '|'), ('క', '|'), ('యి', 'U'), ('చ్చి', '|'), ('చె', 'U'), ('ప్పు', '|'), ('కొం', 'U'), ('దు', '|'), ('రు', '|'), ('మూ', 'U'), ('ఢు', '|'), ('లు', '|'), ('సి', 'U'), ('గ్గు', '|'), ('లే', 'U'), ('క', '|'), ('మ', '|'), ('ద', '|'), ('రి', '|'), ('పు', '|'), ('వి', '|'), ('ఫా', 'U'), ('ల', '|'), ('ము', '|'), ('ని', '|'), ('జ', '|'), ('న', '|'), ('హృ', '|'), ('ద', '|'), ('య', '|'), ('లో', 'U'), ('ల', '|'), ('వే', 'U'), ('ణు', '|'), ('గో', 'U'), ('పా', 'U'), ('ల', '|'), ('భ', 'U'), ('క్త', '|'), ('సం', 'U'), ('త్రా', 'U'), ('ణ', '|'), ('శీ', 'U'), ('ల', '|')]",1.0,-1.0,1.0,1.0,1.0,-1.0
seesamu,"ఈనెగాండ్లంటరో యీండ్లను బగిసార- । సెన్నంగిసుద్దులు సెప్పలేరు
యేదగాండ్లంటరో యీండ్లింట పొగవెల్ల । గొర్లాల బిగ్గెన గొసుగుతారు
కయితగాండ్లంటరో కాల్పంగటించుక । చిన్నచ్చరము సేరు చెప్పలేరు
వాసివేలంట తమాసగా ఱొమ్మున । దప్పెట వేసుక తట్టలేరు",vupajaathi,Venugopaala,"[('ఈ', 'U'), ('నె', '|'), ('గాం', 'U'), ('డ్లం', 'U'), ('ట', '|'), ('రో', 'U'), ('యీం', 'U'), ('డ్ల', '|'), ('ను', '|'), ('బ', '|'), ('గి', '|'), ('సా', 'U'), ('ర', '|'), ('సె', 'U'), ('న్నం', 'U'), ('గి', '|'), ('సు', 'U'), ('ద్దు', '|'), ('లు', '|'), ('సె', 'U'), ('ప్ప', '|'), ('లే', 'U'), ('రు', '|'), ('యే', 'U'), ('ద', '|'), ('గాం', 'U'), ('డ్లం', 'U'), ('ట', '|'), ('రో', 'U'), ('యీం', 'U'), ('డ్లిం', 'U'), ('ట', '|'), ('పొ', '|'), ('గ', '|'), ('వె', 'U'), ('ల్ల', '|'), ('గొ', 'U'), ('ర్లా', 'U'), ('ల', '|'), ('బి', 'U'), ('గ్గె', '|'), ('న', '|'), ('గొ', '|'), ('సు', '|'), ('గు', '|'), ('తా', 'U'), ('రు', '|'), ('క', '|'), ('యి', '|'), ('త', '|'), ('గాం', 'U'), ('డ్లం', 'U'), ('ట', '|'), ('రో', 'U'), ('కా', 'U'), ('ల్పం', 'U'), ('గ', '|'), ('టిం', 'U'), ('చు', '|'), ('క', '|'), ('చి', 'U'), ('న్న', 'U'), ('చ్చ', '|'), ('ర', '|'), ('ము', '|'), ('సే', 'U'), ('రు', '|'), ('చె', 'U'), ('ప్ప', '|'), ('లే', 'U'), ('రు', '|'), ('వా', 'U'), ('సి', '|'), ('వే', 'U'), ('లం', 'U'), ('ట', '|'), ('త', '|'), ('మా', 'U'), ('స', '|'), ('గా', 'U'), ('ఱొ', 'U'), ('మ్ము', '|'), ('న', '|'), ('ద', 'U'), ('ప్పె', '|'), ('ట', '|'), ('వే', 'U'), ('సు', '|'), ('క', '|'), ('త', 'U'), ('ట్ట', '|'), ('లే', 'U'), ('రు', '|')]",0.9583333333333334,-1.0,1.0,1.0,0.875,-1.0
teytageethi,"అనుచు విప్రోత్తములఁ గన్నయట్టివేళ । మోటుమనుజు లనియెడి మాటలిట్లు
మదరిపువిఫాల మునిజనహృదయలోల । వేణుగోపాల భక్తసంత్రాణశీల!",vupajaathi,Venugopaala,"[('అ', '|'), ('ను', '|'), ('చు', '|'), ('వి', '|'), ('ప్రో', 'U'), ('త్త', '|'), ('ము', '|'), ('ల', '|'), ('గ', 'U'), ('న్న', '|'), ('య', 'U'), ('ట్టి', '|'), ('వే', 'U'), ('ళ', '|'), ('మో', 'U'), ('టు', '|'), ('మ', '|'), ('ను', '|'), ('జు', '|'), ('ల', '|'), ('ని', '|'), ('యె', '|'), ('డి', '|'), ('మా', 'U'), ('ట', '|'), ('లి', 'U'), ('ట్లు', '|'), ('మ', '|'), ('ద', '|'), ('రి', '|'), ('పు', '|'), ('వి', '|'), ('ఫా', 'U'), ('ల', '|'), ('ము', '|'), ('ని', '|'), ('జ', '|'), ('న', '|'), ('హృ', '|'), ('ద', '|'), ('య', '|'), ('లో', 'U'), ('ల', '|'), ('వే', 'U'), ('ణు', '|'), ('గో', 'U'), ('పా', 'U'), ('ల', '|'), ('భ', 'U'), ('క్త', '|'), ('సం', 'U'), ('త్రా', 'U'), ('ణ', '|'), ('శీ', 'U'), ('ల', '|')]",0.5333333333333333,-1.0,1.0,0.6,0.0,-1.0
seesamu,"ఉండి యియ్యని లోభి రండకొంపను శ్రాద్ధ- । మైననేమి శుభంబులైననేమి
చండాలు వాకిట వండుకొన్నది యంబ- । లైననే మతిరసాలైననేమి
మాచకమ్మ సమర్త మఖపుబ్బహస్తచి- । త్తయిననేమి పునర్వసైననేమి
కులనాశకుండయిన కొడుకు దీర్ఘాయువై । యుండిననేమి లేకున్ననేమి",vupajaathi,Venugopaala,"[('ఉం', 'U'), ('డి', '|'), ('యి', 'U'), ('య్య', '|'), ('ని', '|'), ('లో', 'U'), ('భి', '|'), ('రం', 'U'), ('డ', '|'), ('కొం', 'U'), ('ప', '|'), ('ను', '|'), ('శ్రా', 'U'), ('ద్ధ', '|'), ('మై', 'U'), ('న', '|'), ('నే', 'U'), ('మి', '|'), ('శు', '|'), ('భం', 'U'), ('బు', '|'), ('లై', 'U'), ('న', '|'), ('నే', 'U'), ('మి', '|'), ('చం', 'U'), ('డా', 'U'), ('లు', '|'), ('వా', 'U'), ('కి', '|'), ('ట', '|'), ('వం', 'U'), ('డు', '|'), ('కొ', 'U'), ('న్న', '|'), ('ది', '|'), ('యం', 'U'), ('బ', '|'), ('లై', 'U'), ('న', '|'), ('నే', 'U'), ('మ', '|'), ('తి', '|'), ('ర', '|'), ('సా', 'U'), ('లై', 'U'), ('న', '|'), ('నే', 'U'), ('మి', '|'), ('మా', 'U'), ('చ', '|'), ('క', 'U'), ('మ్మ', '|'), ('స', '|'), ('మ', 'U'), ('ర్త', '|'), ('మ', '|'), ('ఖ', '|'), ('పు', 'U'), ('బ్బ', '|'), ('హ', 'U'), ('స్త', '|'), ('చి', 'U'), ('త్త', '|'), ('యి', '|'), ('న', '|'), ('నే', 'U'), ('మి', '|'), ('పు', '|'), ('న', 'U'), ('ర్వ', '|'), ('సై', 'U'), ('న', '|'), ('నే', 'U'), ('మి', '|'), ('కు', '|'), ('ల', '|'), ('నా', 'U'), ('శ', '|'), ('కుం', 'U'), ('డ', '|'), ('యి', '|'), ('న', '|'), ('కొ', '|'), ('డు', '|'), ('కు', '|'), ('దీ', 'U'), ('ర్ఘా', 'U'), ('యు', '|'), ('వై', 'U'), ('యుం', 'U'), ('డి', '|'), ('న', '|'), ('నే', 'U'), ('మి', '|'), ('లే', 'U'), ('కు', 'U'), ('న్న', '|'), ('నే', 'U'), ('మి', '|')]",0.8645833333333334,-1.0,1.0,0.96875,0.625,-1.0
teytageethi,"బవరమునఁ జొచ్చి పొడువని బంటుచేతి । దాయుధంబైననేమి తెడ్డయిననేమి
మదరిపువిఫాల మునిజనహృదయలోల । వేణుగోపాల భక్తసంత్రాణశీల!",vupajaathi,Venugopaala,"[('బ', '|'), ('వ', '|'), ('ర', '|'), ('ము', '|'), ('న', '|'), ('జొ', 'U'), ('చ్చి', '|'), ('పొ', '|'), ('డు', '|'), ('వ', '|'), ('ని', '|'), ('బం', 'U'), ('టు', '|'), ('చే', 'U'), ('తి', '|'), ('దా', 'U'), ('యు', '|'), ('ధం', 'U'), ('బై', 'U'), ('న', '|'), ('నే', 'U'), ('మి', '|'), ('తె', 'U'), ('డ్డ', '|'), ('యి', '|'), ('న', '|'), ('నే', 'U'), ('మి', '|'), ('మ', '|'), ('ద', '|'), ('రి', '|'), ('పు', '|'), ('వి', '|'), ('ఫా', 'U'), ('ల', '|'), ('ము', '|'), ('ని', '|'), ('జ', '|'), ('న', '|'), ('హృ', '|'), ('ద', '|'), ('య', '|'), ('లో', 'U'), ('ల', '|'), ('వే', 'U'), ('ణు', '|'), ('గో', 'U'), ('పా', 'U'), ('ల', '|'), ('భ', 'U'), ('క్త', '|'), ('సం', 'U'), ('త్రా', 'U'), ('ణ', '|'), ('శీ', 'U'), ('ల', '|')]",1.0,-1.0,1.0,1.0,1.0,-1.0
seesamu,"ఎనుబోతు వానకు జంకునా యెంతైన । వెలహెచ్చుగల తేజి వెఱచుఁగాక
గుణహీనుఁడెంతైన గులముకు వెఱచునా । గుణవంతుఁ డెప్పుడు వెఱచుఁగాక
గడుసైన పెనుమొద్దు గాలికి వెఱచునా । విరుగఁగాచిన మ్రాను వెఱచుఁగాక
ఱంకుముండ బజారురచ్చకు వెఱచునా । వీరపతివ్రత వెఱచుఁగాక",vupajaathi,Venugopaala,"[('ఎ', '|'), ('ను', '|'), ('బో', 'U'), ('తు', '|'), ('వా', 'U'), ('న', '|'), ('కు', '|'), ('జం', 'U'), ('కు', '|'), ('నా', 'U'), ('యెం', 'U'), ('తై', 'U'), ('న', '|'), ('వె', '|'), ('ల', '|'), ('హె', 'U'), ('చ్చు', '|'), ('గ', '|'), ('ల', '|'), ('తే', 'U'), ('జి', '|'), ('వె', '|'), ('ఱ', '|'), ('చు', '|'), ('గా', 'U'), ('క', '|'), ('గు', '|'), ('ణ', '|'), ('హీ', 'U'), ('ను', '|'), ('డెం', 'U'), ('తై', 'U'), ('న', '|'), ('గు', '|'), ('ల', '|'), ('ము', '|'), ('కు', '|'), ('వె', '|'), ('ఱ', '|'), ('చు', '|'), ('నా', 'U'), ('గు', '|'), ('ణ', '|'), ('వం', 'U'), ('తు', '|'), ('డె', 'U'), ('ప్పు', '|'), ('డు', '|'), ('వె', '|'), ('ఱ', '|'), ('చు', '|'), ('గా', 'U'), ('క', '|'), ('గ', '|'), ('డు', '|'), ('సై', 'U'), ('న', '|'), ('పె', '|'), ('ను', '|'), ('మొ', 'U'), ('ద్దు', '|'), ('గా', 'U'), ('లి', '|'), ('కి', '|'), ('వె', '|'), ('ఱ', '|'), ('చు', '|'), ('నా', 'U'), ('వి', '|'), ('రు', '|'), ('గ', '|'), ('గా', 'U'), ('చి', '|'), ('న', '|'), ('మ్రా', 'U'), ('ను', '|'), ('వె', '|'), ('ఱ', '|'), ('చు', '|'), ('గా', 'U'), ('క', '|'), ('ఱం', 'U'), ('కు', '|'), ('ముం', 'U'), ('డ', '|'), ('బ', '|'), ('జా', 'U'), ('రు', '|'), ('ర', 'U'), ('చ్చ', '|'), ('కు', '|'), ('వె', '|'), ('ఱ', '|'), ('చు', '|'), ('నా', 'U'), ('వీ', 'U'), ('ర', '|'), ('ప', '|'), ('తి', '|'), ('వ్ర', '|'), ('త', '|'), ('వె', '|'), ('ఱ', '|'), ('చు', '|'), ('గా', 'U'), ('క', '|')]",0.8541666666666666,-1.0,1.0,0.9375,0.625,-1.0
teytageethi,"ఘనతగల్గిన దొరబిడ్డ గాక సుకవి । నోటితిట్లకు వెఱచునా మోటువాడు
మదరిపువిఫాల మునిజనహృదయలోల । వేణుగోపాల భక్తసంత్రాణశీల!",vupajaathi,Venugopaala,"[('ఘ', '|'), ('న', '|'), ('త', '|'), ('గ', 'U'), ('ల్గి', '|'), ('న', '|'), ('దొ', '|'), ('ర', '|'), ('బి', 'U'), ('డ్డ', '|'), ('గా', 'U'), ('క', '|'), ('సు', '|'), ('క', '|'), ('వి', '|'), ('నో', 'U'), ('టి', '|'), ('తి', 'U'), ('ట్ల', '|'), ('కు', '|'), ('వె', '|'), ('ఱ', '|'), ('చు', '|'), ('నా', 'U'), ('మో', 'U'), ('టు', '|'), ('వా', 'U'), ('డు', '|'), ('మ', '|'), ('ద', '|'), ('రి', '|'), ('పు', '|'), ('వి', '|'), ('ఫా', 'U'), ('ల', '|'), ('ము', '|'), ('ని', '|'), ('జ', '|'), ('న', '|'), ('హృ', '|'), ('ద', '|'), ('య', '|'), ('లో', 'U'), ('ల', '|'), ('వే', 'U'), ('ణు', '|'), ('గో', 'U'), ('పా', 'U'), ('ల', '|'), ('భ', 'U'), ('క్త', '|'), ('సం', 'U'), ('త్రా', 'U'), ('ణ', '|'), ('శీ', 'U'), ('ల', '|')]",1.0,-1.0,1.0,1.0,1.0,-1.0
seesamu,"ఏదంబులకు మంగలెంకఁడే దగునేటు । ప్రశ్న సెప్పను మాల పాపిగాఁడు
కయితముల్ సెప్ప బోగము చినెంకఁడె సరి । సంగీత యిద్దెకు సాకలెల్లి
చాత్రపురండాల సాతాననంతమ్మ । సిందులు ద్రొక్క దాసరి పెదక్క
యీణె గొట్టను కోమటీరేశమే సరి । మతి రతాలకు మాఱుమనుము లచ్చి",vupajaathi,Venugopaala,"[('ఏ', 'U'), ('దం', 'U'), ('బు', '|'), ('ల', '|'), ('కు', '|'), ('మం', 'U'), ('గ', '|'), ('లెం', 'U'), ('క', '|'), ('డే', 'U'), ('ద', '|'), ('గు', '|'), ('నే', 'U'), ('టు', '|'), ('ప్ర', 'U'), ('శ్న', '|'), ('సె', 'U'), ('ప్ప', '|'), ('ను', '|'), ('మా', 'U'), ('ల', '|'), ('పా', 'U'), ('పి', '|'), ('గా', 'U'), ('డు', '|'), ('క', '|'), ('యి', '|'), ('త', '|'), ('ము', 'U'), ('ల్సె', 'U'), ('ప్ప', '|'), ('బో', 'U'), ('గ', '|'), ('ము', '|'), ('చి', '|'), ('నెం', 'U'), ('క', '|'), ('డె', '|'), ('స', '|'), ('రి', '|'), ('సం', 'U'), ('గీ', 'U'), ('త', '|'), ('యి', 'U'), ('ద్దె', '|'), ('కు', '|'), ('సా', 'U'), ('క', '|'), ('లె', 'U'), ('ల్లి', '|'), ('చా', 'U'), ('త్ర', '|'), ('పు', '|'), ('రం', 'U'), ('డా', 'U'), ('ల', '|'), ('సా', 'U'), ('తా', 'U'), ('న', '|'), ('నం', 'U'), ('త', 'U'), ('మ్మ', '|'), ('సిం', 'U'), ('దు', '|'), ('లు', '|'), ('ద్రొ', 'U'), ('క్క', '|'), ('దా', 'U'), ('స', '|'), ('రి', '|'), ('పె', '|'), ('ద', 'U'), ('క్క', '|'), ('యీ', 'U'), ('ణె', '|'), ('గొ', 'U'), ('ట్ట', '|'), ('ను', '|'), ('కో', 'U'), ('మ', '|'), ('టీ', 'U'), ('రే', 'U'), ('శ', '|'), ('మే', 'U'), ('స', '|'), ('రి', '|'), ('మ', '|'), ('తి', '|'), ('ర', '|'), ('తా', 'U'), ('ల', '|'), ('కు', '|'), ('మా', 'U'), ('ఱు', '|'), ('మ', '|'), ('ను', '|'), ('ము', '|'), ('ల', 'U'), ('చ్చి', '|')]",0.875,-1.0,1.0,1.0,0.625,-1.0
teytageethi,"అనుచు మూర్ఖాళి యీ రీతి ననుదినంబు । భూతలమునందు వచియింత్రు నీతిలేక
మదరిపువిఫాల మునిజనహృదయలోల । వేణుగోపాల భక్తసంత్రాణశీల!",vupajaathi,Venugopaala,"[('అ', '|'), ('ను', '|'), ('చు', '|'), ('మూ', 'U'), ('ర్ఖా', 'U'), ('ళి', '|'), ('యీ', 'U'), ('రీ', 'U'), ('తి', '|'), ('న', '|'), ('ను', '|'), ('ది', '|'), ('నం', 'U'), ('బు', '|'), ('భూ', 'U'), ('త', '|'), ('ల', '|'), ('ము', '|'), ('నం', 'U'), ('దు', '|'), ('వ', '|'), ('చి', '|'), ('యిం', 'U'), ('త్రు', '|'), ('నీ', 'U'), ('తి', '|'), ('లే', 'U'), ('క', '|'), ('మ', '|'), ('ద', '|'), ('రి', '|'), ('పు', '|'), ('వి', '|'), ('ఫా', 'U'), ('ల', '|'), ('ము', '|'), ('ని', '|'), ('జ', '|'), ('న', '|'), ('హృ', '|'), ('ద', '|'), ('య', '|'), ('లో', 'U'), ('ల', '|'), ('వే', 'U'), ('ణు', '|'), ('గో', 'U'), ('పా', 'U'), ('ల', '|'), ('భ', 'U'), ('క్త', '|'), ('సం', 'U'), ('త్రా', 'U'), ('ణ', '|'), ('శీ', 'U'), ('ల', '|')]",1.0,-1.0,1.0,1.0,1.0,-1.0
seesamu,"ఒంటిజందెము ద్వాదశోర్ధ్వపుండ్రంబులు । నమరిన పసపు కృష్ణాజినంబు
దండంబు గోచి కమండలు వక్షమా- । లిక పుస్తకంబు పాదుకలు గొడుగు
దర్భ మౌంజీ పవిత్రములు కటి కరాన । చెవిలోనఁ దగు తులసీదళంబు
వేదమంత్రములు వినోదమౌ నపరంజి । పడగకుండలములు పంచశిఖల-",vupajaathi,Venugopaala,"[('ఒం', 'U'), ('టి', '|'), ('జం', 'U'), ('దె', '|'), ('ము', 'U'), ('ద్వా', 'U'), ('ద', '|'), ('శో', 'U'), ('ర్ధ్వ', '|'), ('పుం', 'U'), ('డ్రం', 'U'), ('బు', '|'), ('లు', '|'), ('న', '|'), ('మ', '|'), ('రి', '|'), ('న', '|'), ('ప', '|'), ('స', '|'), ('పు', '|'), ('కృ', 'U'), ('ష్ణా', 'U'), ('జి', '|'), ('నం', 'U'), ('బు', '|'), ('దం', 'U'), ('డం', 'U'), ('బు', '|'), ('గో', 'U'), ('చి', '|'), ('క', '|'), ('మం', 'U'), ('డ', '|'), ('లు', '|'), ('వ', 'U'), ('క్ష', '|'), ('మా', 'U'), ('లి', '|'), ('క', '|'), ('పు', 'U'), ('స్త', '|'), ('కం', 'U'), ('బు', '|'), ('పా', 'U'), ('దు', '|'), ('క', '|'), ('లు', '|'), ('గొ', '|'), ('డు', '|'), ('గు', '|'), ('ద', 'U'), ('ర్భ', '|'), ('మౌం', 'U'), ('జీ', 'U'), ('ప', '|'), ('వి', '|'), ('త్ర', '|'), ('ము', '|'), ('లు', '|'), ('క', '|'), ('టి', '|'), ('క', '|'), ('రా', 'U'), ('న', '|'), ('చె', '|'), ('వి', '|'), ('లో', 'U'), ('న', '|'), ('ద', '|'), ('గు', '|'), ('తు', '|'), ('ల', '|'), ('సీ', 'U'), ('ద', '|'), ('ళం', 'U'), ('బు', '|'), ('వే', 'U'), ('ద', '|'), ('మం', 'U'), ('త్ర', '|'), ('ము', '|'), ('లు', '|'), ('వి', '|'), ('నో', 'U'), ('ద', '|'), ('మౌ', 'U'), ('న', '|'), ('ప', '|'), ('రం', 'U'), ('జి', '|'), ('ప', '|'), ('డ', '|'), ('గ', '|'), ('కుం', 'U'), ('డ', '|'), ('ల', '|'), ('ము', '|'), ('లు', '|'), ('పం', 'U'), ('చ', '|'), ('శి', '|'), ('ఖ', '|'), ('ల', '|')]",0.9479166666666666,-1.0,1.0,0.96875,0.875,-1.0
teytageethi,"తో నరుగుదెంచి బలిని భూదాన మడిగి । తెచ్చి సురపతి కిచ్చితి విచ్చతోడ
మదరిపువిఫాల మునిజనహృదయలోల । వేణుగోపాల భక్తసంత్రాణశీల!",vupajaathi,Venugopaala,"[('తో', 'U'), ('న', '|'), ('రు', '|'), ('గు', '|'), ('దెం', 'U'), ('చి', '|'), ('బ', '|'), ('లి', '|'), ('ని', '|'), ('భూ', 'U'), ('దా', 'U'), ('న', '|'), ('మ', '|'), ('డి', '|'), ('గి', '|'), ('తె', 'U'), ('చ్చి', '|'), ('సు', '|'), ('ర', '|'), ('ప', '|'), ('తి', '|'), ('కి', 'U'), ('చ్చి', '|'), ('తి', '|'), ('వి', 'U'), ('చ్చ', '|'), ('తో', 'U'), ('డ', '|'), ('మ', '|'), ('ద', '|'), ('రి', '|'), ('పు', '|'), ('వి', '|'), ('ఫా', 'U'), ('ల', '|'), ('ము', '|'), ('ని', '|'), ('జ', '|'), ('న', '|'), ('హృ', '|'), ('ద', '|'), ('య', '|'), ('లో', 'U'), ('ల', '|'), ('వే', 'U'), ('ణు', '|'), ('గో', 'U'), ('పా', 'U'), ('ల', '|'), ('భ', 'U'), ('క్త', '|'), ('సం', 'U'), ('త్రా', 'U'), ('ణ', '|'), ('శీ', 'U'), ('ల', '|')]",1.0,-1.0,1.0,1.0,1.0,-1.0
seesamu,"కనుముక్కుతీరు చక్కనికాంతి పొందిన । శుభలక్షణంబులు సూక్ష్మబుద్ధి
ఘనత వివేకవిక్రమము బాంధవ్యంబు । మర్మవిలాసంబు మానుషంబు
సరసవాచాలత సాహసం బొకవేళ । విద్యావిచక్షణ విప్రపూజ
వితరణగుణము భూపతియందు భయభక్తి । నీతియు సర్వంబు నేర్చునోర్పు
స్నానసంధ్యాద్యనుష్ఠానసంపన్నత । గాంభీర్యము పరోపకారచింత",vupajaathi,Venugopaala,"[('క', '|'), ('ను', '|'), ('ము', 'U'), ('క్కు', '|'), ('తీ', 'U'), ('రు', '|'), ('చ', 'U'), ('క్క', '|'), ('ని', '|'), ('కాం', 'U'), ('తి', '|'), ('పొం', 'U'), ('ది', '|'), ('న', '|'), ('శు', '|'), ('భ', '|'), ('ల', 'U'), ('క్ష', '|'), ('ణం', 'U'), ('బు', '|'), ('లు', '|'), ('సూ', 'U'), ('క్ష్మ', '|'), ('బు', 'U'), ('ద్ధి', '|'), ('ఘ', '|'), ('న', '|'), ('త', '|'), ('వి', '|'), ('వే', 'U'), ('క', '|'), ('వి', '|'), ('క్ర', '|'), ('మ', '|'), ('ము', '|'), ('బాం', 'U'), ('ధ', 'U'), ('వ్యం', 'U'), ('బు', '|'), ('మ', 'U'), ('ర్మ', '|'), ('వి', '|'), ('లా', 'U'), ('సం', 'U'), ('బు', '|'), ('మా', 'U'), ('ను', '|'), ('షం', 'U'), ('బు', '|'), ('స', '|'), ('ర', '|'), ('స', '|'), ('వా', 'U'), ('చా', 'U'), ('ల', '|'), ('త', '|'), ('సా', 'U'), ('హ', '|'), ('సం', 'U'), ('బొ', '|'), ('క', '|'), ('వే', 'U'), ('ళ', '|'), ('వి', 'U'), ('ద్యా', 'U'), ('వి', '|'), ('చ', 'U'), ('క్ష', '|'), ('ణ', '|'), ('వి', '|'), ('ప్ర', '|'), ('పూ', 'U'), ('జ', '|'), ('వి', '|'), ('త', '|'), ('ర', '|'), ('ణ', '|'), ('గు', '|'), ('ణ', '|'), ('ము', '|'), ('భూ', 'U'), ('ప', '|'), ('తి', '|'), ('యం', 'U'), ('దు', '|'), ('భ', '|'), ('య', '|'), ('భ', 'U'), ('క్తి', '|'), ('నీ', 'U'), ('తి', '|'), ('యు', '|'), ('స', 'U'), ('ర్వం', 'U'), ('బు', '|'), ('నే', 'U'), ('ర్చు', '|'), ('నో', 'U'), ('ర్పు', 'U'), ('స్నా', 'U'), ('న', '|'), ('సం', 'U'), ('ధ్యా', 'U'), ('ద్య', '|'), ('ను', 'U'), ('ష్ఠా', 'U'), ('న', '|'), ('సం', 'U'), ('ప', 'U'), ('న్న', '|'), ('త', '|'), ('గాం', 'U'), ('భీ', 'U'), ('ర్య', '|'), ('ము', '|'), ('ప', '|'), ('రో', 'U'), ('ప', '|'), ('కా', 'U'), ('ర', '|'), ('చిం', 'U'), ('త', '|')]",0.84375,-1.0,1.0,0.78125,0.75,-1.0
teytageethi,"గలుగు మంత్రిని జేర్చుకొన్నట్టి దొరకుఁ । గీర్తి సౌఖ్యము సకల దిగ్విజయము సిరి
గలుగుచుండును దోషము ల్దొలగిపోవు
మదరిపువిఫాల మునిజనహృదయలోల । వేణుగోపాల భక్తసంత్రాణశీల!",vupajaathi,Venugopaala,"[('గ', '|'), ('లు', '|'), ('గు', '|'), ('మం', 'U'), ('త్రి', '|'), ('ని', '|'), ('జే', 'U'), ('ర్చు', '|'), ('కొ', 'U'), ('న్న', 'U'), ('ట్టి', '|'), ('దొ', '|'), ('ర', '|'), ('కు', '|'), ('గీ', 'U'), ('ర్తి', '|'), ('సౌ', 'U'), ('ఖ్య', '|'), ('ము', '|'), ('స', '|'), ('క', '|'), ('ల', '|'), ('ది', 'U'), ('గ్వి', '|'), ('జ', '|'), ('య', '|'), ('ము', '|'), ('సి', '|'), ('రి', '|'), ('గ', '|'), ('లు', '|'), ('గు', '|'), ('చుం', 'U'), ('డు', '|'), ('ను', '|'), ('దో', 'U'), ('ష', '|'), ('ము', 'U'), ('ల్దొ', '|'), ('ల', '|'), ('గి', '|'), ('పో', 'U'), ('వు', '|'), ('మ', '|'), ('ద', '|'), ('రి', '|'), ('పు', '|'), ('వి', '|'), ('ఫా', 'U'), ('ల', '|'), ('ము', '|'), ('ని', '|'), ('జ', '|'), ('న', '|'), ('హృ', '|'), ('ద', '|'), ('య', '|'), ('లో', 'U'), ('ల', '|'), ('వే', 'U'), ('ణు', '|'), ('గో', 'U'), ('పా', 'U'), ('ల', '|'), ('భ', 'U'), ('క్త', '|'), ('సం', 'U'), ('త్రా', 'U'), ('ణ', '|'), ('శీ', 'U'), ('ల', '|')]",0.9166666666666666,-1.0,1.0,1.0,0.75,-1.0
seesamu,"కన్నెనిచ్చినవానిఁ గబ్బమిచ్చినవాని । సొంపుగా నింపుగాఁ జూడవలయు
అన్నమిచ్చినవాని నాదరించినవాని । దాతఁగాఁ దండ్రిఁగా దలపవలయు
విద్యనేర్పినవాని వెఱపుదీర్చినవాని । గురునిగా హరునిగా నెఱుఁగవలయు
కొల్వు గాచినవానిఁ గూర్మి చూపినవాని । సుతునిగా హితునిగాఁ జూడవలయు",vupajaathi,Venugopaala,"[('క', 'U'), ('న్నె', '|'), ('ని', 'U'), ('చ్చి', '|'), ('న', '|'), ('వా', 'U'), ('ని', '|'), ('గ', 'U'), ('బ్బ', '|'), ('మి', 'U'), ('చ్చి', '|'), ('న', '|'), ('వా', 'U'), ('ని', '|'), ('సొం', 'U'), ('పు', '|'), ('గా', 'U'), ('నిం', 'U'), ('పు', '|'), ('గా', 'U'), ('జూ', 'U'), ('డ', '|'), ('వ', '|'), ('ల', '|'), ('యు', '|'), ('అ', 'U'), ('న్న', '|'), ('మి', 'U'), ('చ్చి', '|'), ('న', '|'), ('వా', 'U'), ('ని', '|'), ('నా', 'U'), ('ద', '|'), ('రిం', 'U'), ('చి', '|'), ('న', '|'), ('వా', 'U'), ('ని', '|'), ('దా', 'U'), ('త', '|'), ('గా', 'U'), ('దం', 'U'), ('డ్రి', '|'), ('గా', 'U'), ('ద', '|'), ('ల', '|'), ('ప', '|'), ('వ', '|'), ('ల', '|'), ('యు', '|'), ('వి', 'U'), ('ద్య', '|'), ('నే', 'U'), ('ర్పి', '|'), ('న', '|'), ('వా', 'U'), ('ని', '|'), ('వె', '|'), ('ఱ', '|'), ('పు', '|'), ('దీ', 'U'), ('ర్చి', '|'), ('న', '|'), ('వా', 'U'), ('ని', '|'), ('గు', '|'), ('రు', '|'), ('ని', '|'), ('గా', 'U'), ('హ', '|'), ('రు', '|'), ('ని', '|'), ('గా', 'U'), ('నె', '|'), ('ఱు', '|'), ('గ', '|'), ('వ', '|'), ('ల', '|'), ('యు', '|'), ('కొ', 'U'), ('ల్వు', '|'), ('గా', 'U'), ('చి', '|'), ('న', '|'), ('వా', 'U'), ('ని', '|'), ('గూ', 'U'), ('ర్మి', '|'), ('చూ', 'U'), ('పి', '|'), ('న', '|'), ('వా', 'U'), ('ని', '|'), ('సు', '|'), ('తు', '|'), ('ని', '|'), ('గా', 'U'), ('హి', '|'), ('తు', '|'), ('ని', '|'), ('గా', 'U'), ('జూ', 'U'), ('డ', '|'), ('వ', '|'), ('ల', '|'), ('యు', '|')]",0.9166666666666666,-1.0,1.0,1.0,0.75,-1.0
teytageethi,"నిట్టివారలపైఁ బ్రేమ పెట్టుకొనక । కసరుబెట్టిన మనుజుండు గనఁడు కీర్తి
మదరిపువిఫాల మునిజనహృదయలోల । వేణుగోపాల భక్తసంత్రాణశీల!",vupajaathi,Venugopaala,"[('ని', 'U'), ('ట్టి', '|'), ('వా', 'U'), ('ర', '|'), ('ల', '|'), ('పై', 'U'), ('బ్రే', 'U'), ('మ', '|'), ('పె', 'U'), ('ట్టు', '|'), ('కొ', '|'), ('న', '|'), ('క', '|'), ('క', '|'), ('స', '|'), ('రు', '|'), ('బె', 'U'), ('ట్టి', '|'), ('న', '|'), ('మ', '|'), ('ను', '|'), ('జుం', 'U'), ('డు', '|'), ('గ', '|'), ('న', '|'), ('డు', '|'), ('కీ', 'U'), ('ర్తి', '|'), ('మ', '|'), ('ద', '|'), ('రి', '|'), ('పు', '|'), ('వి', '|'), ('ఫా', 'U'), ('ల', '|'), ('ము', '|'), ('ని', '|'), ('జ', '|'), ('న', '|'), ('హృ', '|'), ('ద', '|'), ('య', '|'), ('లో', 'U'), ('ల', '|'), ('వే', 'U'), ('ణు', '|'), ('గో', 'U'), ('పా', 'U'), ('ల', '|'), ('భ', 'U'), ('క్త', '|'), ('సం', 'U'), ('త్రా', 'U'), ('ణ', '|'), ('శీ', 'U'), ('ల', '|')]",1.0,-1.0,1.0,1.0,1.0,-1.0
seesamu,"కలకొద్దిలోపలఁ కడదెచ్చి మన్నించి । యిచ్చినవారి దీవించవలయు
సిరిచేత మత్తుఁడై పరు నెఱుంగని లోభి । దేబెను పెళ్ళునఁ దిట్టవలయుఁ
దిట్టిన యప్పుడేఁ దెలిసి ఖేదము నొంది । యింద్రుడైనను బిచ్చమెత్తవలయు
దీవించినను యల దీర్ఘాయును బొంది । బీదైన నందలం బెక్కవలయు",vupajaathi,Venugopaala,"[('క', '|'), ('ల', '|'), ('కొ', 'U'), ('ద్ది', '|'), ('లో', 'U'), ('ప', '|'), ('ల', '|'), ('క', '|'), ('డ', '|'), ('దె', 'U'), ('చ్చి', '|'), ('మ', 'U'), ('న్నిం', 'U'), ('చి', '|'), ('యి', 'U'), ('చ్చి', '|'), ('న', '|'), ('వా', 'U'), ('రి', '|'), ('దీ', 'U'), ('విం', 'U'), ('చ', '|'), ('వ', '|'), ('ల', '|'), ('యు', '|'), ('సి', '|'), ('రి', '|'), ('చే', 'U'), ('త', '|'), ('మ', 'U'), ('త్తు', '|'), ('డై', 'U'), ('ప', '|'), ('రు', '|'), ('నె', '|'), ('ఱుం', 'U'), ('గ', '|'), ('ని', '|'), ('లో', 'U'), ('భి', '|'), ('దే', 'U'), ('బె', '|'), ('ను', '|'), ('పె', 'U'), ('ళ్ళు', '|'), ('న', '|'), ('ది', 'U'), ('ట్ట', '|'), ('వ', '|'), ('ల', '|'), ('యు', '|'), ('ది', 'U'), ('ట్టి', '|'), ('న', '|'), ('య', 'U'), ('ప్పు', '|'), ('డే', 'U'), ('దె', '|'), ('లి', '|'), ('సి', '|'), ('ఖే', 'U'), ('ద', '|'), ('ము', '|'), ('నొం', 'U'), ('ది', '|'), ('యిం', 'U'), ('ద్రు', '|'), ('డై', 'U'), ('న', '|'), ('ను', '|'), ('బి', 'U'), ('చ్చ', '|'), ('మె', 'U'), ('త్త', '|'), ('వ', '|'), ('ల', '|'), ('యు', '|'), ('దీ', 'U'), ('విం', 'U'), ('చి', '|'), ('న', '|'), ('ను', '|'), ('య', '|'), ('ల', '|'), ('దీ', 'U'), ('ర్ఘా', 'U'), ('యు', '|'), ('ను', '|'), ('బొం', 'U'), ('ది', '|'), ('బీ', 'U'), ('దై', 'U'), ('న', '|'), ('నం', 'U'), ('ద', '|'), ('లం', 'U'), ('బె', 'U'), ('క్క', '|'), ('వ', '|'), ('ల', '|'), ('యు', '|')]",0.84375,-1.0,1.0,0.90625,0.625,-1.0
teytageethi,"నట్టియాతఁడు సుకవి కానట్టి యతనిఁ । గవియనఁగనేల కవిమాలకాకి గాఁడె
మదరిపువిఫాల మునిజనహృదయలోల । వేణుగోపాల భక్తసంత్రాణశీల!",vupajaathi,Venugopaala,"[('న', 'U'), ('ట్టి', '|'), ('యా', 'U'), ('త', '|'), ('డు', '|'), ('సు', '|'), ('క', '|'), ('వి', '|'), ('కా', 'U'), ('న', 'U'), ('ట్టి', '|'), ('య', '|'), ('త', '|'), ('ని', '|'), ('గ', '|'), ('వి', '|'), ('య', '|'), ('న', '|'), ('గ', '|'), ('నే', 'U'), ('ల', '|'), ('క', '|'), ('వి', '|'), ('మా', 'U'), ('ల', '|'), ('కా', 'U'), ('కి', '|'), ('గా', 'U'), ('డె', '|'), ('మ', '|'), ('ద', '|'), ('రి', '|'), ('పు', '|'), ('వి', '|'), ('ఫా', 'U'), ('ల', '|'), ('ము', '|'), ('ని', '|'), ('జ', '|'), ('న', '|'), ('హృ', '|'), ('ద', '|'), ('య', '|'), ('లో', 'U'), ('ల', '|'), ('వే', 'U'), ('ణు', '|'), ('గో', 'U'), ('పా', 'U'), ('ల', '|'), ('భ', 'U'), ('క్త', '|'), ('సం', 'U'), ('త్రా', 'U'), ('ణ', '|'), ('శీ', 'U'), ('ల', '|')]",1.0,-1.0,1.0,1.0,1.0,-1.0
seesamu,"కొండసిగల్ తలగుడ్డలు పాకోళ్ళు । చలువవస్త్రములు బొజ్జలు కఠార్లు
కాసెకోకలు గంపెడేసి జందెములును । దలవార్లు జలతారు డాలువార్లు
సన్నపు తిరుచూర్ణచిన్నెలు కుట్టాలు । జొల్లువీడెమ్ములు వల్లెవాట్లు
దాడీలు వెదురాకు తరహా సొగసుకోర్లు । నంతకు దొరగార్లటంచుఁ బేర్లు",vupajaathi,Venugopaala,"[('కొం', 'U'), ('డ', '|'), ('సి', '|'), ('గ', 'U'), ('ల్త', '|'), ('ల', '|'), ('గు', 'U'), ('డ్డ', '|'), ('లు', '|'), ('పా', 'U'), ('కో', 'U'), ('ళ్ళు', '|'), ('చ', '|'), ('లు', '|'), ('వ', '|'), ('వ', 'U'), ('స్త్ర', '|'), ('ము', '|'), ('లు', '|'), ('బొ', 'U'), ('జ్జ', '|'), ('లు', '|'), ('క', '|'), ('ఠా', 'U'), ('ర్లు', '|'), ('కా', 'U'), ('సె', '|'), ('కో', 'U'), ('క', '|'), ('లు', '|'), ('గం', 'U'), ('పె', '|'), ('డే', 'U'), ('సి', '|'), ('జం', 'U'), ('దె', '|'), ('ము', '|'), ('లు', '|'), ('ను', '|'), ('ద', '|'), ('ల', '|'), ('వా', 'U'), ('ర్లు', '|'), ('జ', '|'), ('ల', '|'), ('తా', 'U'), ('రు', '|'), ('డా', 'U'), ('లు', '|'), ('వా', 'U'), ('ర్లు', '|'), ('స', 'U'), ('న్న', '|'), ('పు', '|'), ('తి', '|'), ('రు', '|'), ('చూ', 'U'), ('ర్ణ', '|'), ('చి', 'U'), ('న్నె', '|'), ('లు', '|'), ('కు', 'U'), ('ట్టా', 'U'), ('లు', '|'), ('జొ', 'U'), ('ల్లు', '|'), ('వీ', 'U'), ('డె', 'U'), ('మ్ము', '|'), ('లు', '|'), ('వ', 'U'), ('ల్లె', '|'), ('వా', 'U'), ('ట్లు', '|'), ('దా', 'U'), ('డీ', 'U'), ('లు', '|'), ('వె', '|'), ('దు', '|'), ('రా', 'U'), ('కు', '|'), ('త', '|'), ('ర', '|'), ('హా', 'U'), ('సొ', '|'), ('గ', '|'), ('సు', '|'), ('కో', 'U'), ('ర్లు', '|'), ('నం', 'U'), ('త', '|'), ('కు', '|'), ('దొ', '|'), ('ర', '|'), ('గా', 'U'), ('ర్ల', '|'), ('టం', 'U'), ('చు', '|'), ('బే', 'U'), ('ర్లు', '|')]",0.9583333333333334,-1.0,1.0,1.0,0.875,-1.0
teytageethi,"సమరమున జొచ్చి ఱొమ్ముగాయములకోర్చి । శాత్రవుల ద్రుంచనేరని క్షత్రియులకు
నేల కాల్పనె యీ వట్టి యెమ్మెలెల్ల
మదరిపువిఫాల మునిజనహృదయలోల । వేణుగోపాల భక్తసంత్రాణశీల!",vupajaathi,Venugopaala,"[('స', '|'), ('మ', '|'), ('ర', '|'), ('ము', '|'), ('న', '|'), ('జొ', 'U'), ('చ్చి', '|'), ('ఱొ', 'U'), ('మ్ము', '|'), ('గా', 'U'), ('య', '|'), ('ము', '|'), ('ల', '|'), ('కో', 'U'), ('ర్చి', '|'), ('శా', 'U'), ('త్ర', '|'), ('వు', '|'), ('ల', '|'), ('ద్రుం', 'U'), ('చ', '|'), ('నే', 'U'), ('ర', '|'), ('ని', 'U'), ('క్ష', '|'), ('త్రి', '|'), ('యు', '|'), ('ల', '|'), ('కు', '|'), ('నే', 'U'), ('ల', '|'), ('కా', 'U'), ('ల్ప', '|'), ('నె', '|'), ('యీ', 'U'), ('వ', 'U'), ('ట్టి', '|'), ('యె', 'U'), ('మ్మె', '|'), ('లె', 'U'), ('ల్ల', '|'), ('మ', '|'), ('ద', '|'), ('రి', '|'), ('పు', '|'), ('వి', '|'), ('ఫా', 'U'), ('ల', '|'), ('ము', '|'), ('ని', '|'), ('జ', '|'), ('న', '|'), ('హృ', '|'), ('ద', '|'), ('య', '|'), ('లో', 'U'), ('ల', '|'), ('వే', 'U'), ('ణు', '|'), ('గో', 'U'), ('పా', 'U'), ('ల', '|'), ('భ', 'U'), ('క్త', '|'), ('సం', 'U'), ('త్రా', 'U'), ('ణ', '|'), ('శీ', 'U'), ('ల', '|')]",0.8333333333333334,-1.0,1.0,0.75,0.75,-1.0
seesamu,"కోమటి యత్యంతక్షామము గోరును । ధారుణి క్షితిపతి ధనము గోరు
ధరఁ గరణము గ్రామదండుగ గోరును । జంబుకంబేవేళ శవము గోరు
కుజనుఁడౌ వైద్యుండు ప్రజల రోగము గోరు । సామాన్యవిప్రుండు చావు గోరు
అతిశూరులగువారు ధృతిని గోరుచునుందు । రాఁబోతు వేదల యశము గోరుఁ",vupajaathi,Venugopaala,"[('కో', 'U'), ('మ', '|'), ('టి', '|'), ('య', 'U'), ('త్యం', 'U'), ('త', 'U'), ('క్షా', 'U'), ('మ', '|'), ('ము', '|'), ('గో', 'U'), ('రు', '|'), ('ను', '|'), ('ధా', 'U'), ('రు', '|'), ('ణి', 'U'), ('క్షి', '|'), ('తి', '|'), ('ప', '|'), ('తి', '|'), ('ధ', '|'), ('న', '|'), ('ము', '|'), ('గో', 'U'), ('రు', '|'), ('ధ', '|'), ('ర', '|'), ('గ', '|'), ('ర', '|'), ('ణ', '|'), ('ము', '|'), ('గ్రా', 'U'), ('మ', '|'), ('దం', 'U'), ('డు', '|'), ('గ', '|'), ('గో', 'U'), ('రు', '|'), ('ను', '|'), ('జం', 'U'), ('బు', '|'), ('కం', 'U'), ('బే', 'U'), ('వే', 'U'), ('ళ', '|'), ('శ', '|'), ('వ', '|'), ('ము', '|'), ('గో', 'U'), ('రు', '|'), ('కు', '|'), ('జ', '|'), ('ను', '|'), ('డౌ', 'U'), ('వై', 'U'), ('ద్యుం', 'U'), ('డు', '|'), ('ప్ర', '|'), ('జ', '|'), ('ల', '|'), ('రో', 'U'), ('గ', '|'), ('ము', '|'), ('గో', 'U'), ('రు', '|'), ('సా', 'U'), ('మా', 'U'), ('న్య', '|'), ('వి', '|'), ('ప్రుం', 'U'), ('డు', '|'), ('చా', 'U'), ('వు', '|'), ('గో', 'U'), ('రు', '|'), ('అ', '|'), ('తి', '|'), ('శూ', 'U'), ('రు', '|'), ('ల', '|'), ('గు', '|'), ('వా', 'U'), ('రు', '|'), ('ధృ', '|'), ('తి', '|'), ('ని', '|'), ('గో', 'U'), ('రు', '|'), ('చు', '|'), ('నుం', 'U'), ('దు', '|'), ('రా', 'U'), ('బో', 'U'), ('తు', '|'), ('వే', 'U'), ('ద', '|'), ('ల', '|'), ('య', '|'), ('శ', '|'), ('ము', '|'), ('గో', 'U'), ('రు', '|')]",0.53125,-1.0,1.0,0.59375,0.0,-1.0
teytageethi,"గాఁపువానికి గ్రామాధికారమైన । దేవభూసురవృత్తులు దియ్యఁగోరు
మదరిపువిఫాల మునిజనహృదయలోల । వేణుగోపాల భక్తసంత్రాణశీల!",vupajaathi,Venugopaala,"[('గా', 'U'), ('పు', '|'), ('వా', 'U'), ('ని', '|'), ('కి', '|'), ('గ్రా', 'U'), ('మా', 'U'), ('ధి', '|'), ('కా', 'U'), ('ర', '|'), ('మై', 'U'), ('న', '|'), ('దే', 'U'), ('వ', '|'), ('భూ', 'U'), ('సు', '|'), ('ర', '|'), ('వృ', 'U'), ('త్తు', '|'), ('లు', '|'), ('ది', 'U'), ('య్య', '|'), ('గో', 'U'), ('రు', '|'), ('మ', '|'), ('ద', '|'), ('రి', '|'), ('పు', '|'), ('వి', '|'), ('ఫా', 'U'), ('ల', '|'), ('ము', '|'), ('ని', '|'), ('జ', '|'), ('న', '|'), ('హృ', '|'), ('ద', '|'), ('య', '|'), ('లో', 'U'), ('ల', '|'), ('వే', 'U'), ('ణు', '|'), ('గో', 'U'), ('పా', 'U'), ('ల', '|'), ('భ', 'U'), ('క్త', '|'), ('సం', 'U'), ('త్రా', 'U'), ('ణ', '|'), ('శీ', 'U'), ('ల', '|')]",1.0,-1.0,1.0,1.0,1.0,-1.0
seesamu,"కండచక్కెర పానకముఁ బోసి పెంచిన । ముషిచెట్టుకుఁ దీపి పుట్టబోదు
పాలమున్నీటి లోపల ముంచి కశిగినఁ । గాకిఱెక్కకుఁ దెల్పు గలుగఁబోదు
పన్నీరుగంధంబు పట్టించి విసరినఁ । దేలుకొండి విసంబు తియ్యఁబోదు
వెదురుబద్దలు చుట్టు వేసి బిగించినఁ । గుక్కతోఁకకు వంక కుదురబోదు",vupajaathi,Venugopaala,"[('కం', 'U'), ('డ', '|'), ('చ', 'U'), ('క్కె', '|'), ('ర', '|'), ('పా', 'U'), ('న', '|'), ('క', '|'), ('ము', '|'), ('బో', 'U'), ('సి', '|'), ('పెం', 'U'), ('చి', '|'), ('న', '|'), ('ము', '|'), ('షి', '|'), ('చె', 'U'), ('ట్టు', '|'), ('కు', '|'), ('దీ', 'U'), ('పి', '|'), ('పు', 'U'), ('ట్ట', '|'), ('బో', 'U'), ('దు', '|'), ('పా', 'U'), ('ల', '|'), ('ము', 'U'), ('న్నీ', 'U'), ('టి', '|'), ('లో', 'U'), ('ప', '|'), ('ల', '|'), ('ముం', 'U'), ('చి', '|'), ('క', '|'), ('శి', '|'), ('గి', '|'), ('న', '|'), ('గా', 'U'), ('కి', '|'), ('ఱె', 'U'), ('క్క', '|'), ('కు', '|'), ('దె', 'U'), ('ల్పు', '|'), ('గ', '|'), ('లు', '|'), ('గ', '|'), ('బో', 'U'), ('దు', '|'), ('ప', 'U'), ('న్నీ', 'U'), ('రు', '|'), ('గం', 'U'), ('ధం', 'U'), ('బు', '|'), ('ప', 'U'), ('ట్టిం', 'U'), ('చి', '|'), ('వి', '|'), ('స', '|'), ('రి', '|'), ('న', '|'), ('దే', 'U'), ('లు', '|'), ('కొం', 'U'), ('డి', '|'), ('వి', '|'), ('సం', 'U'), ('బు', '|'), ('తి', 'U'), ('య్య', '|'), ('బో', 'U'), ('దు', '|'), ('వె', '|'), ('దు', '|'), ('రు', '|'), ('బ', 'U'), ('ద్ద', '|'), ('లు', '|'), ('చు', 'U'), ('ట్టు', '|'), ('వే', 'U'), ('సి', '|'), ('బి', '|'), ('గిం', 'U'), ('చి', '|'), ('న', '|'), ('గు', 'U'), ('క్క', '|'), ('తో', 'U'), ('క', '|'), ('కు', '|'), ('వం', 'U'), ('క', '|'), ('కు', '|'), ('దు', '|'), ('ర', '|'), ('బో', 'U'), ('దు', '|')]",0.6666666666666666,-1.0,1.0,0.625,0.375,-1.0
teytageethi,"మంచిమాటల నెంత బోధించి చెప్ప । మడియ రండకుని గుణంబు విడువబోదు
మదరిపువిఫాల మునిజనహృదయలోల । వేణుగోపాల భక్తసంత్రాణశీల!",vupajaathi,Venugopaala,"[('మం', 'U'), ('చి', '|'), ('మా', 'U'), ('ట', '|'), ('ల', '|'), ('నెం', 'U'), ('త', '|'), ('బో', 'U'), ('ధిం', 'U'), ('చి', '|'), ('చె', 'U'), ('ప్ప', '|'), ('మ', '|'), ('డి', '|'), ('య', '|'), ('రం', 'U'), ('డ', '|'), ('కు', '|'), ('ని', '|'), ('గు', '|'), ('ణం', 'U'), ('బు', '|'), ('వి', '|'), ('డు', '|'), ('వ', '|'), ('బో', 'U'), ('దు', '|'), ('మ', '|'), ('ద', '|'), ('రి', '|'), ('పు', '|'), ('వి', '|'), ('ఫా', 'U'), ('ల', '|'), ('ము', '|'), ('ని', '|'), ('జ', '|'), ('న', '|'), ('హృ', '|'), ('ద', '|'), ('య', '|'), ('లో', 'U'), ('ల', '|'), ('వే', 'U'), ('ణు', '|'), ('గో', 'U'), ('పా', 'U'), ('ల', '|'), ('భ', 'U'), ('క్త', '|'), ('సం', 'U'), ('త్రా', 'U'), ('ణ', '|'), ('శీ', 'U'), ('ల', '|')]",1.0,-1.0,1.0,1.0,1.0,-1.0
seesamu,"ఖేదమోదంబుల భేదంబు తెలియక । గోలనై కడిపితిఁ గొన్నినాళ్ళు
పరకామినుల కాసపడి పాపమెఱుఁగక । కొమరుప్రాయంబునఁ గొన్నినాళ్ళు
ఉదరపోషణమున కుర్వీశులను వేడి । కొదవచేఁ గుందుచుఁ గొన్నినాళ్ళు
ఘోరమైనట్టి సంసారసాగర మీఁదు- । కొనుచుఁ బామరముచేఁ గొన్నినాళ్ళు",vupajaathi,Venugopaala,"[('ఖే', 'U'), ('ద', '|'), ('మో', 'U'), ('దం', 'U'), ('బు', '|'), ('ల', '|'), ('భే', 'U'), ('దం', 'U'), ('బు', '|'), ('తె', '|'), ('లి', '|'), ('య', '|'), ('క', '|'), ('గో', 'U'), ('ల', '|'), ('నై', 'U'), ('క', '|'), ('డి', '|'), ('పి', '|'), ('తి', '|'), ('గొ', 'U'), ('న్ని', '|'), ('నా', 'U'), ('ళ్ళు', '|'), ('ప', '|'), ('ర', '|'), ('కా', 'U'), ('మి', '|'), ('ను', '|'), ('ల', '|'), ('కా', 'U'), ('స', '|'), ('ప', '|'), ('డి', '|'), ('పా', 'U'), ('ప', '|'), ('మె', '|'), ('ఱు', '|'), ('గ', '|'), ('క', '|'), ('కొ', '|'), ('మ', '|'), ('రు', '|'), ('ప్రా', 'U'), ('యం', 'U'), ('బు', '|'), ('న', '|'), ('గొ', 'U'), ('న్ని', '|'), ('నా', 'U'), ('ళ్ళు', '|'), ('ఉ', '|'), ('ద', '|'), ('ర', '|'), ('పో', 'U'), ('ష', '|'), ('ణ', '|'), ('ము', '|'), ('న', '|'), ('కు', 'U'), ('ర్వీ', 'U'), ('శు', '|'), ('ల', '|'), ('ను', '|'), ('వే', 'U'), ('డి', '|'), ('కొ', '|'), ('ద', '|'), ('వ', '|'), ('చే', 'U'), ('గుం', 'U'), ('దు', '|'), ('చు', '|'), ('గొ', 'U'), ('న్ని', '|'), ('నా', 'U'), ('ళ్ళు', '|'), ('ఘో', 'U'), ('ర', '|'), ('మై', 'U'), ('న', 'U'), ('ట్టి', '|'), ('సం', 'U'), ('సా', 'U'), ('ర', '|'), ('సా', 'U'), ('గ', '|'), ('ర', '|'), ('మీ', 'U'), ('దు', '|'), ('కొ', '|'), ('ను', '|'), ('చు', '|'), ('బా', 'U'), ('మ', '|'), ('ర', '|'), ('ము', '|'), ('చే', 'U'), ('గొ', 'U'), ('న్ని', '|'), ('నా', 'U'), ('ళ్ళు', '|')]",0.9583333333333334,-1.0,1.0,1.0,0.875,-1.0
teytageethi,"జన్మమెత్తుట మొదలు నీ సరణిఁ గడచె । నెటుల గృపఁ జూచెదో గతం బెంచఁబోకు
మదరిపువిఫాల మునిజనహృదయలోల । వేణుగోపాల భక్తసంత్రాణశీల!",vupajaathi,Venugopaala,"[('జ', 'U'), ('న్మ', '|'), ('మె', 'U'), ('త్తు', '|'), ('ట', '|'), ('మొ', '|'), ('ద', '|'), ('లు', '|'), ('నీ', 'U'), ('స', '|'), ('ర', '|'), ('ణి', '|'), ('గ', '|'), ('డ', '|'), ('చె', '|'), ('నె', '|'), ('టు', '|'), ('ల', '|'), ('గృ', '|'), ('ప', '|'), ('జూ', 'U'), ('చె', '|'), ('దో', 'U'), ('గ', '|'), ('తం', 'U'), ('బెం', 'U'), ('చ', '|'), ('బో', 'U'), ('కు', '|'), ('మ', '|'), ('ద', '|'), ('రి', '|'), ('పు', '|'), ('వి', '|'), ('ఫా', 'U'), ('ల', '|'), ('ము', '|'), ('ని', '|'), ('జ', '|'), ('న', '|'), ('హృ', '|'), ('ద', '|'), ('య', '|'), ('లో', 'U'), ('ల', '|'), ('వే', 'U'), ('ణు', '|'), ('గో', 'U'), ('పా', 'U'), ('ల', '|'), ('భ', 'U'), ('క్త', '|'), ('సం', 'U'), ('త్రా', 'U'), ('ణ', '|'), ('శీ', 'U'), ('ల', '|')]",0.9166666666666666,-1.0,1.0,1.0,0.75,-1.0
seesamu,"గజముపై చౌడోలు గాడిదకెత్తితే । మోయునా పడవేసి కూయుఁ గాక
చిలుక పంజరములోపల గూబ నుంచితే । పలుకునా భయపడి యులుకుఁ గాక
కుక్క నందలములోఁ గూర్చుండఁబెట్టితే । కూర్చుండునా తోళ్ళు కొఱుకుఁ గాక
ధర్మకార్యములలో దరిబేసి నుంచితే । యిచ్చునా తన్నుక చచ్చుఁ గాక",vupajaathi,Venugopaala,"[('గ', '|'), ('జ', '|'), ('ము', '|'), ('పై', 'U'), ('చౌ', 'U'), ('డో', 'U'), ('లు', '|'), ('గా', 'U'), ('డి', '|'), ('ద', '|'), ('కె', 'U'), ('త్తి', '|'), ('తే', 'U'), ('మో', 'U'), ('యు', '|'), ('నా', 'U'), ('ప', '|'), ('డ', '|'), ('వే', 'U'), ('సి', '|'), ('కూ', 'U'), ('యు', '|'), ('గా', 'U'), ('క', '|'), ('చి', '|'), ('లు', '|'), ('క', '|'), ('పం', 'U'), ('జ', '|'), ('ర', '|'), ('ము', '|'), ('లో', 'U'), ('ప', '|'), ('ల', '|'), ('గూ', 'U'), ('బ', '|'), ('నుం', 'U'), ('చి', '|'), ('తే', 'U'), ('ప', '|'), ('లు', '|'), ('కు', '|'), ('నా', 'U'), ('భ', '|'), ('య', '|'), ('ప', '|'), ('డి', '|'), ('యు', '|'), ('లు', '|'), ('కు', '|'), ('గా', 'U'), ('క', '|'), ('కు', 'U'), ('క్క', '|'), ('నం', 'U'), ('ద', '|'), ('ల', '|'), ('ము', '|'), ('లో', 'U'), ('గూ', 'U'), ('ర్చుం', 'U'), ('డ', '|'), ('బె', 'U'), ('ట్టి', '|'), ('తే', 'U'), ('కూ', 'U'), ('ర్చుం', 'U'), ('డు', '|'), ('నా', 'U'), ('తో', 'U'), ('ళ్ళు', '|'), ('కొ', '|'), ('ఱు', '|'), ('కు', '|'), ('గా', 'U'), ('క', '|'), ('ధ', 'U'), ('ర్మ', '|'), ('కా', 'U'), ('ర్య', '|'), ('ము', '|'), ('ల', '|'), ('లో', 'U'), ('ద', '|'), ('రి', '|'), ('బే', 'U'), ('సి', '|'), ('నుం', 'U'), ('చి', '|'), ('తే', 'U'), ('యి', 'U'), ('చ్చు', '|'), ('నా', 'U'), ('త', 'U'), ('న్ను', '|'), ('క', '|'), ('చ', 'U'), ('చ్చు', '|'), ('గా', 'U'), ('క', '|')]",1.0,-1.0,1.0,1.0,1.0,-1.0
teytageethi,"చెడి బ్రతికినట్టి శుంఠను జేర్చుకొనిన । వాఁడు చెడు నుంచుకొన్నట్టివాఁడు జెడును
మదరిపువిఫాల మునిజనహృదయలోల । వేణుగోపాల భక్తసంత్రాణశీల!",vupajaathi,Venugopaala,"[('చె', '|'), ('డి', '|'), ('బ్ర', '|'), ('తి', '|'), ('కి', '|'), ('న', 'U'), ('ట్టి', '|'), ('శుం', 'U'), ('ఠ', '|'), ('ను', '|'), ('జే', 'U'), ('ర్చు', '|'), ('కొ', '|'), ('ని', '|'), ('న', '|'), ('వా', 'U'), ('డు', '|'), ('చె', '|'), ('డు', '|'), ('నుం', 'U'), ('చు', '|'), ('కొ', 'U'), ('న్న', 'U'), ('ట్టి', '|'), ('వా', 'U'), ('డు', '|'), ('జె', '|'), ('డు', '|'), ('ను', '|'), ('మ', '|'), ('ద', '|'), ('రి', '|'), ('పు', '|'), ('వి', '|'), ('ఫా', 'U'), ('ల', '|'), ('ము', '|'), ('ని', '|'), ('జ', '|'), ('న', '|'), ('హృ', '|'), ('ద', '|'), ('య', '|'), ('లో', 'U'), ('ల', '|'), ('వే', 'U'), ('ణు', '|'), ('గో', 'U'), ('పా', 'U'), ('ల', '|'), ('భ', 'U'), ('క్త', '|'), ('సం', 'U'), ('త్రా', 'U'), ('ణ', '|'), ('శీ', 'U'), ('ల', '|')]",1.0,-1.0,1.0,1.0,1.0,-1.0
seesamu,"గోవుల నఱకంగఁ గోసి వండుక తిను । మాలమాదిగలు భూపాలురయిరి
మానాభిమానముల్ మాని ప్రవర్తించు । మంకుగులాములు మంత్రులైరి
అక్షరం బెఱుగక యాకారపుష్టిచే । వర్ణసంకరులు విద్వాంసులైరి
బాజారిఱంకుకైఁ బంచాయతీ చెప్పు । పాతలంజెలు వీరమాతలైరి",vupajaathi,Venugopaala,"[('గో', 'U'), ('వు', '|'), ('ల', '|'), ('న', '|'), ('ఱ', '|'), ('కం', 'U'), ('గ', '|'), ('గో', 'U'), ('సి', '|'), ('వం', 'U'), ('డు', '|'), ('క', '|'), ('తి', '|'), ('ను', '|'), ('మా', 'U'), ('ల', '|'), ('మా', 'U'), ('ది', '|'), ('గ', '|'), ('లు', '|'), ('భూ', 'U'), ('పా', 'U'), ('లు', '|'), ('ర', '|'), ('యి', '|'), ('రి', '|'), ('మా', 'U'), ('నా', 'U'), ('భి', '|'), ('మా', 'U'), ('న', '|'), ('ము', 'U'), ('ల్మా', 'U'), ('ని', '|'), ('ప్ర', '|'), ('వ', 'U'), ('ర్తిం', 'U'), ('చు', '|'), ('మం', 'U'), ('కు', '|'), ('గు', '|'), ('లా', 'U'), ('ము', '|'), ('లు', '|'), ('మం', 'U'), ('త్రు', '|'), ('లై', 'U'), ('రి', '|'), ('అ', 'U'), ('క్ష', '|'), ('రం', 'U'), ('బె', '|'), ('ఱు', '|'), ('గ', '|'), ('క', '|'), ('యా', 'U'), ('కా', 'U'), ('ర', '|'), ('పు', 'U'), ('ష్టి', '|'), ('చే', 'U'), ('వ', 'U'), ('ర్ణ', '|'), ('సం', 'U'), ('క', '|'), ('రు', '|'), ('లు', '|'), ('వి', 'U'), ('ద్వాం', 'U'), ('సు', '|'), ('లై', 'U'), ('రి', '|'), ('బా', 'U'), ('జా', 'U'), ('రి', '|'), ('ఱం', 'U'), ('కు', '|'), ('కై', 'U'), ('బం', 'U'), ('చా', 'U'), ('య', '|'), ('తీ', 'U'), ('చె', 'U'), ('ప్పు', '|'), ('పా', 'U'), ('త', '|'), ('లం', 'U'), ('జె', '|'), ('లు', '|'), ('వీ', 'U'), ('ర', '|'), ('మా', 'U'), ('త', '|'), ('లై', 'U'), ('రి', '|')]",1.0,-1.0,1.0,1.0,1.0,-1.0
teytageethi,"అహహ! కలియుగధర్మ మేమనఁగ వచ్చు । నన్నిటికి నోర్చి యూరక యుండదగునే
మదరిపువిఫాల మునిజనహృదయలోల । వేణుగోపాల భక్తసంత్రాణశీల!",vupajaathi,Venugopaala,"[('అ', '|'), ('హ', '|'), ('హ', '|'), ('క', '|'), ('లి', '|'), ('యు', '|'), ('గ', '|'), ('ధ', 'U'), ('ర్మ', '|'), ('మే', 'U'), ('మ', '|'), ('న', '|'), ('గ', '|'), ('వ', 'U'), ('చ్చు', '|'), ('న', 'U'), ('న్ని', '|'), ('టి', '|'), ('కి', '|'), ('నో', 'U'), ('ర్చి', '|'), ('యూ', 'U'), ('ర', '|'), ('క', '|'), ('యుం', 'U'), ('డ', '|'), ('ద', '|'), ('గు', '|'), ('నే', 'U'), ('మ', '|'), ('ద', '|'), ('రి', '|'), ('పు', '|'), ('వి', '|'), ('ఫా', 'U'), ('ల', '|'), ('ము', '|'), ('ని', '|'), ('జ', '|'), ('న', '|'), ('హృ', '|'), ('ద', '|'), ('య', '|'), ('లో', 'U'), ('ల', '|'), ('వే', 'U'), ('ణు', '|'), ('గో', 'U'), ('పా', 'U'), ('ల', '|'), ('భ', 'U'), ('క్త', '|'), ('సం', 'U'), ('త్రా', 'U'), ('ణ', '|'), ('శీ', 'U'), ('ల', '|')]",0.8166666666666668,-1.0,1.0,0.95,0.5,-1.0
seesamu,"చదువుచుండెడివేళ సభలోనఁ గూర్చుండి । దున్నపోతుల కొడుకెన్నుఁ దప్పు
విద్యాధికుల కిచ్చువేళడ్డుపడి మాల- । ధగిడీల కొడుకు వద్దనుచుఁ జెప్పు
ధనమెక్కుడుగఁ గూర్చి తినలేక యేడ్చెడి । పెనులుబ్ధుఁ డర్థుల గనిన ఱొప్పు
బిరుదుగల్గిన యింటఁ బెరిగినఁ గొణతంబు । విప్పినంతనె కుక్క వెదకుఁ జెప్పు",vupajaathi,Venugopaala,"[('చ', '|'), ('దు', '|'), ('వు', '|'), ('చుం', 'U'), ('డె', '|'), ('డి', '|'), ('వే', 'U'), ('ళ', '|'), ('స', '|'), ('భ', '|'), ('లో', 'U'), ('న', '|'), ('గూ', 'U'), ('ర్చుం', 'U'), ('డి', '|'), ('దు', 'U'), ('న్న', '|'), ('పో', 'U'), ('తు', '|'), ('ల', '|'), ('కొ', '|'), ('డు', '|'), ('కె', 'U'), ('న్ను', '|'), ('ద', 'U'), ('ప్పు', '|'), ('వి', 'U'), ('ద్యా', 'U'), ('ధి', '|'), ('కు', '|'), ('ల', '|'), ('కి', 'U'), ('చ్చు', '|'), ('వే', 'U'), ('ళ', 'U'), ('డ్డు', '|'), ('ప', '|'), ('డి', '|'), ('మా', 'U'), ('ల', '|'), ('ధ', '|'), ('గి', '|'), ('డీ', 'U'), ('ల', '|'), ('కొ', '|'), ('డు', '|'), ('కు', '|'), ('వ', 'U'), ('ద్ద', '|'), ('ను', '|'), ('చు', '|'), ('జె', 'U'), ('ప్పు', '|'), ('ధ', '|'), ('న', '|'), ('మె', 'U'), ('క్కు', '|'), ('డు', '|'), ('గ', '|'), ('గూ', 'U'), ('ర్చి', '|'), ('తి', '|'), ('న', '|'), ('లే', 'U'), ('క', '|'), ('యే', 'U'), ('డ్చె', '|'), ('డి', '|'), ('పె', '|'), ('ను', '|'), ('లు', 'U'), ('బ్ధు', '|'), ('డ', 'U'), ('ర్థు', '|'), ('ల', '|'), ('గ', '|'), ('ని', '|'), ('న', '|'), ('ఱొ', 'U'), ('ప్పు', '|'), ('బి', '|'), ('రు', '|'), ('దు', '|'), ('గ', 'U'), ('ల్గి', '|'), ('న', '|'), ('యిం', 'U'), ('ట', '|'), ('బె', '|'), ('రి', '|'), ('గి', '|'), ('న', '|'), ('గొ', '|'), ('ణ', '|'), ('తం', 'U'), ('బు', '|'), ('వి', 'U'), ('ప్పి', '|'), ('నం', 'U'), ('త', '|'), ('నె', '|'), ('కు', 'U'), ('క్క', '|'), ('వె', '|'), ('ద', '|'), ('కు', '|'), ('జె', 'U'), ('ప్పు', '|')]",1.0,-1.0,1.0,1.0,1.0,-1.0
teytageethi,"రాజసభలందుఁ బండితరత్నములకుఁ । బనులు చెఱచును నొక్కొక్క ప్రల్లదుండు
మదరిపువిఫాల మునిజనహృదయలోల । వేణుగోపాల భక్తసంత్రాణశీల!",vupajaathi,Venugopaala,"[('రా', 'U'), ('జ', '|'), ('స', '|'), ('భ', '|'), ('లం', 'U'), ('దు', '|'), ('బం', 'U'), ('డి', '|'), ('త', '|'), ('ర', 'U'), ('త్న', '|'), ('ము', '|'), ('ల', '|'), ('కు', '|'), ('బ', '|'), ('ను', '|'), ('లు', '|'), ('చె', '|'), ('ఱ', '|'), ('చు', '|'), ('ను', '|'), ('నొ', 'U'), ('క్కొ', 'U'), ('క్క', '|'), ('ప్ర', 'U'), ('ల్ల', '|'), ('దుం', 'U'), ('డు', '|'), ('మ', '|'), ('ద', '|'), ('రి', '|'), ('పు', '|'), ('వి', '|'), ('ఫా', 'U'), ('ల', '|'), ('ము', '|'), ('ని', '|'), ('జ', '|'), ('న', '|'), ('హృ', '|'), ('ద', '|'), ('య', '|'), ('లో', 'U'), ('ల', '|'), ('వే', 'U'), ('ణు', '|'), ('గో', 'U'), ('పా', 'U'), ('ల', '|'), ('భ', 'U'), ('క్త', '|'), ('సం', 'U'), ('త్రా', 'U'), ('ణ', '|'), ('శీ', 'U'), ('ల', '|')]",1.0,-1.0,1.0,1.0,1.0,-1.0
seesamu,"జన్నిరోగికి బఱ్ఱెజున్ను వేసినయట్లు । పిల్లినెత్తిన వెన్నఁ బెట్టినట్లు
కుక్కపోతుకు నెయ్యికూడు వేసినయట్లు । చెడ్డజాతికి విద్య చెప్పినట్లు
సాతాని నొసట విభూది రాసినయట్లు । గూబదృష్టికి దివ్వె గూడినట్లు
ధనపిశాచికి సుదర్శనము గన్పడినట్లు । చలిచీమలకు మ్రుగ్గు చల్లినట్లు",vupajaathi,Venugopaala,"[('జ', 'U'), ('న్ని', '|'), ('రో', 'U'), ('గి', '|'), ('కి', '|'), ('బ', 'U'), ('ఱ్ఱె', '|'), ('జు', 'U'), ('న్ను', '|'), ('వే', 'U'), ('సి', '|'), ('న', '|'), ('య', 'U'), ('ట్లు', '|'), ('పి', 'U'), ('ల్లి', '|'), ('నె', 'U'), ('త్తి', '|'), ('న', '|'), ('వె', 'U'), ('న్న', '|'), ('బె', 'U'), ('ట్టి', '|'), ('న', 'U'), ('ట్లు', '|'), ('కు', 'U'), ('క్క', '|'), ('పో', 'U'), ('తు', '|'), ('కు', '|'), ('నె', 'U'), ('య్యి', '|'), ('కూ', 'U'), ('డు', '|'), ('వే', 'U'), ('సి', '|'), ('న', '|'), ('య', 'U'), ('ట్లు', '|'), ('చె', 'U'), ('డ్డ', '|'), ('జా', 'U'), ('తి', '|'), ('కి', '|'), ('వి', 'U'), ('ద్య', '|'), ('చె', 'U'), ('ప్పి', '|'), ('న', 'U'), ('ట్లు', '|'), ('సా', 'U'), ('తా', 'U'), ('ని', '|'), ('నొ', '|'), ('స', '|'), ('ట', '|'), ('వి', '|'), ('భూ', 'U'), ('ది', '|'), ('రా', 'U'), ('సి', '|'), ('న', '|'), ('య', 'U'), ('ట్లు', '|'), ('గూ', 'U'), ('బ', '|'), ('దృ', 'U'), ('ష్టి', '|'), ('కి', '|'), ('ది', 'U'), ('వ్వె', '|'), ('గూ', 'U'), ('డి', '|'), ('న', 'U'), ('ట్లు', '|'), ('ధ', '|'), ('న', '|'), ('పి', '|'), ('శా', 'U'), ('చి', '|'), ('కి', '|'), ('సు', '|'), ('ద', 'U'), ('ర్శ', '|'), ('న', '|'), ('ము', '|'), ('గ', 'U'), ('న్ప', '|'), ('డి', '|'), ('న', 'U'), ('ట్లు', '|'), ('చ', '|'), ('లి', '|'), ('చీ', 'U'), ('మ', '|'), ('ల', '|'), ('కు', '|'), ('మ్రు', 'U'), ('గ్గు', '|'), ('చ', 'U'), ('ల్లి', '|'), ('న', 'U'), ('ట్లు', '|')]",0.9583333333333334,-1.0,1.0,1.0,0.875,-1.0
teytageethi,"సురభిబదనిక పాముకుఁ జూపినట్లు । దుష్టునకు నీతి వెగటుగాఁ దోఁచునయ్య
మదరిపువిఫాల మునిజనహృదయలోల । వేణుగోపాల భక్తసంత్రాణశీల!",vupajaathi,Venugopaala,"[('సు', '|'), ('ర', '|'), ('భి', '|'), ('బ', '|'), ('ద', '|'), ('ని', '|'), ('క', '|'), ('పా', 'U'), ('ము', '|'), ('కు', '|'), ('జూ', 'U'), ('పి', '|'), ('న', 'U'), ('ట్లు', '|'), ('దు', 'U'), ('ష్టు', '|'), ('న', '|'), ('కు', '|'), ('నీ', 'U'), ('తి', '|'), ('వె', '|'), ('గ', '|'), ('టు', '|'), ('గా', 'U'), ('దో', 'U'), ('చు', '|'), ('న', 'U'), ('య్య', '|'), ('మ', '|'), ('ద', '|'), ('రి', '|'), ('పు', '|'), ('వి', '|'), ('ఫా', 'U'), ('ల', '|'), ('ము', '|'), ('ని', '|'), ('జ', '|'), ('న', '|'), ('హృ', '|'), ('ద', '|'), ('య', '|'), ('లో', 'U'), ('ల', '|'), ('వే', 'U'), ('ణు', '|'), ('గో', 'U'), ('పా', 'U'), ('ల', '|'), ('భ', 'U'), ('క్త', '|'), ('సం', 'U'), ('త్రా', 'U'), ('ణ', '|'), ('శీ', 'U'), ('ల', '|')]",1.0,-1.0,1.0,1.0,1.0,-1.0
seesamu,"దొరవద్ద నెంత చౌదరియైన దన మనవి । తాఁ జెప్పఁ గార్యసాధకము లేదు
రంభైన తన కుచకుంభముల్ దన చేత । దా బిగించిన సుఖతరము లేదు
తగవులో నా పురందరుఁడైనఁ దన ప్రజ్ఞ । తాఁ జెప్పుకొనినఁ బెత్తనము లేదు
తనుఁ జేయు పుణ్య మింతని యొరులతోఁ జెప్ప । బ్రహ్మదేవునికైన ఫలము లేదు",vupajaathi,Venugopaala,"[('దొ', '|'), ('ర', '|'), ('వ', 'U'), ('ద్ద', '|'), ('నెం', 'U'), ('త', '|'), ('చౌ', 'U'), ('ద', '|'), ('రి', '|'), ('యై', 'U'), ('న', '|'), ('ద', '|'), ('న', '|'), ('మ', '|'), ('న', '|'), ('వి', '|'), ('తా', 'U'), ('జె', 'U'), ('ప్ప', '|'), ('గా', 'U'), ('ర్య', '|'), ('సా', 'U'), ('ధ', '|'), ('క', '|'), ('ము', '|'), ('లే', 'U'), ('దు', '|'), ('రం', 'U'), ('భై', 'U'), ('న', '|'), ('త', '|'), ('న', '|'), ('కు', '|'), ('చ', '|'), ('కుం', 'U'), ('భ', '|'), ('ము', 'U'), ('ల్ద', '|'), ('న', '|'), ('చే', 'U'), ('త', '|'), ('దా', 'U'), ('బి', '|'), ('గిం', 'U'), ('చి', '|'), ('న', '|'), ('సు', '|'), ('ఖ', '|'), ('త', '|'), ('ర', '|'), ('ము', '|'), ('లే', 'U'), ('దు', '|'), ('త', '|'), ('గ', '|'), ('వు', '|'), ('లో', 'U'), ('నా', 'U'), ('పు', '|'), ('రం', 'U'), ('ద', '|'), ('రు', '|'), ('డై', 'U'), ('న', '|'), ('ద', '|'), ('న', '|'), ('ప్ర', 'U'), ('జ్ఞ', '|'), ('తా', 'U'), ('జె', 'U'), ('ప్పు', '|'), ('కొ', '|'), ('ని', '|'), ('న', '|'), ('బె', 'U'), ('త్త', '|'), ('న', '|'), ('ము', '|'), ('లే', 'U'), ('దు', '|'), ('త', '|'), ('ను', '|'), ('జే', 'U'), ('యు', '|'), ('పు', 'U'), ('ణ్య', '|'), ('మిం', 'U'), ('త', '|'), ('ని', '|'), ('యొ', '|'), ('రు', '|'), ('ల', '|'), ('తో', 'U'), ('జె', 'U'), ('ప్ప', '|'), ('బ్ర', 'U'), ('హ్మ', '|'), ('దే', 'U'), ('వు', '|'), ('ని', '|'), ('కై', 'U'), ('న', '|'), ('ఫ', '|'), ('ల', '|'), ('ము', '|'), ('లే', 'U'), ('దు', '|')]",0.9375,-1.0,1.0,0.9375,0.875,-1.0
teytageethi,"గనుక నివియెల్ల నొరులచేఁ గాని భువిని । తమదు శక్తికి మంత్రతంత్రములు లేవు
మదరిపువిఫాల మునిజనహృదయలోల । వేణుగోపాల భక్తసంత్రాణశీల!",vupajaathi,Venugopaala,"[('గ', '|'), ('ను', '|'), ('క', '|'), ('ని', '|'), ('వి', '|'), ('యె', 'U'), ('ల్ల', '|'), ('నొ', '|'), ('రు', '|'), ('ల', '|'), ('చే', 'U'), ('గా', 'U'), ('ని', '|'), ('భు', '|'), ('వి', '|'), ('ని', '|'), ('త', '|'), ('మ', '|'), ('దు', '|'), ('శ', 'U'), ('క్తి', '|'), ('కి', '|'), ('మం', 'U'), ('త్ర', '|'), ('తం', 'U'), ('త్ర', '|'), ('ము', '|'), ('లు', '|'), ('లే', 'U'), ('వు', '|'), ('మ', '|'), ('ద', '|'), ('రి', '|'), ('పు', '|'), ('వి', '|'), ('ఫా', 'U'), ('ల', '|'), ('ము', '|'), ('ని', '|'), ('జ', '|'), ('న', '|'), ('హృ', '|'), ('ద', '|'), ('య', '|'), ('లో', 'U'), ('ల', '|'), ('వే', 'U'), ('ణు', '|'), ('గో', 'U'), ('పా', 'U'), ('ల', '|'), ('భ', 'U'), ('క్త', '|'), ('సం', 'U'), ('త్రా', 'U'), ('ణ', '|'), ('శీ', 'U'), ('ల', '|')]",1.0,-1.0,1.0,1.0,1.0,-1.0
seesamu,"దొర సొమ్ము దిని కార్యసరణి వచ్చినవేళఁ । బాఱిపోఁ జూచిన బంటువాని
నగ్నిసాక్షిగను బెండ్లాడిన తన యింతి । నేలక పరకాంత నెనయువానిఁ
గబ్బము ల్సేయు సత్కవిజనాళికిఁ గల్గి- । నంతలో నేమియ్యనట్టివాని
యిచ్చిన దీవెన లియ్యక యత్యాశ- । తో బోవు యాచకుండైనవాని",vupajaathi,Venugopaala,"[('దొ', '|'), ('ర', '|'), ('సొ', 'U'), ('మ్ము', '|'), ('ది', '|'), ('ని', '|'), ('కా', 'U'), ('ర్య', '|'), ('స', '|'), ('ర', '|'), ('ణి', '|'), ('వ', 'U'), ('చ్చి', '|'), ('న', '|'), ('వే', 'U'), ('ళ', '|'), ('బా', 'U'), ('ఱి', '|'), ('పో', 'U'), ('జూ', 'U'), ('చి', '|'), ('న', '|'), ('బం', 'U'), ('టు', '|'), ('వా', 'U'), ('ని', '|'), ('న', 'U'), ('గ్ని', '|'), ('సా', 'U'), ('క్షి', '|'), ('గ', '|'), ('ను', '|'), ('బెం', 'U'), ('డ్లా', 'U'), ('డి', '|'), ('న', '|'), ('త', '|'), ('న', '|'), ('యిం', 'U'), ('తి', '|'), ('నే', 'U'), ('ల', '|'), ('క', '|'), ('ప', '|'), ('ర', '|'), ('కాం', 'U'), ('త', '|'), ('నె', '|'), ('న', '|'), ('యు', '|'), ('వా', 'U'), ('ని', '|'), ('గ', 'U'), ('బ్బ', '|'), ('ము', 'U'), ('ల్సే', 'U'), ('యు', '|'), ('స', 'U'), ('త్క', '|'), ('వి', '|'), ('జ', '|'), ('నా', 'U'), ('ళి', '|'), ('కి', '|'), ('గ', 'U'), ('ల్గి', '|'), ('నం', 'U'), ('త', '|'), ('లో', 'U'), ('నే', 'U'), ('మి', 'U'), ('య్య', '|'), ('న', 'U'), ('ట్టి', '|'), ('వా', 'U'), ('ని', '|'), ('యి', 'U'), ('చ్చి', '|'), ('న', '|'), ('దీ', 'U'), ('వె', '|'), ('న', '|'), ('లి', 'U'), ('య్య', '|'), ('క', '|'), ('య', 'U'), ('త్యా', 'U'), ('శ', '|'), ('తో', 'U'), ('బో', 'U'), ('వు', '|'), ('యా', 'U'), ('చ', '|'), ('కుం', 'U'), ('డై', 'U'), ('న', '|'), ('వా', 'U'), ('ని', '|')]",0.875,-1.0,1.0,1.0,0.625,-1.0
teytageethi,"గట్టిముచ్చెలతోఁ బడగొట్టి విఱుగ- । గట్టి పంపించవలయునుఁ గాలుపురికి
మదరిపువిఫాల మునిజనహృదయలోల । వేణుగోపాల భక్తసంత్రాణశీల!",vupajaathi,Venugopaala,"[('గ', 'U'), ('ట్టి', '|'), ('ము', 'U'), ('చ్చె', '|'), ('ల', '|'), ('తో', 'U'), ('బ', '|'), ('డ', '|'), ('గొ', 'U'), ('ట్టి', '|'), ('వి', '|'), ('ఱు', '|'), ('గ', '|'), ('గ', 'U'), ('ట్టి', '|'), ('పం', 'U'), ('పిం', 'U'), ('చ', '|'), ('వ', '|'), ('ల', '|'), ('యు', '|'), ('ను', '|'), ('గా', 'U'), ('లు', '|'), ('పు', '|'), ('రి', '|'), ('కి', '|'), ('మ', '|'), ('ద', '|'), ('రి', '|'), ('పు', '|'), ('వి', '|'), ('ఫా', 'U'), ('ల', '|'), ('ము', '|'), ('ని', '|'), ('జ', '|'), ('న', '|'), ('హృ', '|'), ('ద', '|'), ('య', '|'), ('లో', 'U'), ('ల', '|'), ('వే', 'U'), ('ణు', '|'), ('గో', 'U'), ('పా', 'U'), ('ల', '|'), ('భ', 'U'), ('క్త', '|'), ('సం', 'U'), ('త్రా', 'U'), ('ణ', '|'), ('శీ', 'U'), ('ల', '|')]",1.0,-1.0,1.0,1.0,1.0,-1.0
seesamu,"నత్తు లేకుండిన ముత్తైదు ముక్కందు । మూలలందును ఋతుస్త్రీలయందు
మధ్యపక్వస్థలమందుఁ గిన్నెరమీటు । నతనిచేఁ గుమ్మరి యావమందుఁ
కాటుకపొగయందుఁ గాళ్ళచప్పుడు లందు । దొమ్మరి వాయించు డోలునందు
దీపము లేనట్టి దివ్వెకంబమునందు । మార్జాలముఖమందు మాంసమందు",vupajaathi,Venugopaala,"[('న', 'U'), ('త్తు', '|'), ('లే', 'U'), ('కుం', 'U'), ('డి', '|'), ('న', '|'), ('ము', 'U'), ('త్తై', 'U'), ('దు', '|'), ('ము', 'U'), ('క్కం', 'U'), ('దు', '|'), ('మూ', 'U'), ('ల', '|'), ('లం', 'U'), ('దు', '|'), ('ను', '|'), ('ఋ', '|'), ('తు', 'U'), ('స్త్రీ', 'U'), ('ల', '|'), ('యం', 'U'), ('దు', '|'), ('మ', 'U'), ('ధ్య', '|'), ('ప', 'U'), ('క్వ', 'U'), ('స్థ', '|'), ('ల', '|'), ('మం', 'U'), ('దు', '|'), ('గి', 'U'), ('న్నె', '|'), ('ర', '|'), ('మీ', 'U'), ('టు', '|'), ('న', '|'), ('త', '|'), ('ని', '|'), ('చే', 'U'), ('గు', 'U'), ('మ్మ', '|'), ('రి', '|'), ('యా', 'U'), ('వ', '|'), ('మం', 'U'), ('దు', '|'), ('కా', 'U'), ('టు', '|'), ('క', '|'), ('పొ', '|'), ('గ', '|'), ('యం', 'U'), ('దు', '|'), ('గా', 'U'), ('ళ్ళ', '|'), ('చ', 'U'), ('ప్పు', '|'), ('డు', '|'), ('లం', 'U'), ('దు', '|'), ('దొ', 'U'), ('మ్మ', '|'), ('రి', '|'), ('వా', 'U'), ('యిం', 'U'), ('చు', '|'), ('డో', 'U'), ('లు', '|'), ('నం', 'U'), ('దు', '|'), ('దీ', 'U'), ('ప', '|'), ('ము', '|'), ('లే', 'U'), ('న', 'U'), ('ట్టి', '|'), ('ది', 'U'), ('వ్వె', '|'), ('కం', 'U'), ('బ', '|'), ('ము', '|'), ('నం', 'U'), ('దు', '|'), ('మా', 'U'), ('ర్జా', 'U'), ('ల', '|'), ('ము', '|'), ('ఖ', '|'), ('మం', 'U'), ('దు', '|'), ('మాం', 'U'), ('స', '|'), ('మం', 'U'), ('దు', '|')]",0.9583333333333334,-1.0,1.0,1.0,0.875,-1.0
teytageethi,"ముదముతో సంతతము నీదు వదినెగారు । విడిది చేసియు వీరిని విడువకుండు
మదరిపువిఫాల మునిజనహృదయలోల । వేణుగోపాల భక్తసంత్రాణశీల!",vupajaathi,Venugopaala,"[('ము', '|'), ('ద', '|'), ('ము', '|'), ('తో', 'U'), ('సం', 'U'), ('త', '|'), ('త', '|'), ('ము', '|'), ('నీ', 'U'), ('దు', '|'), ('వ', '|'), ('ది', '|'), ('నె', '|'), ('గా', 'U'), ('రు', '|'), ('వి', '|'), ('డి', '|'), ('ది', '|'), ('చే', 'U'), ('సి', '|'), ('యు', '|'), ('వీ', 'U'), ('రి', '|'), ('ని', '|'), ('వి', '|'), ('డు', '|'), ('వ', '|'), ('కుం', 'U'), ('డు', '|'), ('మ', '|'), ('ద', '|'), ('రి', '|'), ('పు', '|'), ('వి', '|'), ('ఫా', 'U'), ('ల', '|'), ('ము', '|'), ('ని', '|'), ('జ', '|'), ('న', '|'), ('హృ', '|'), ('ద', '|'), ('య', '|'), ('లో', 'U'), ('ల', '|'), ('వే', 'U'), ('ణు', '|'), ('గో', 'U'), ('పా', 'U'), ('ల', '|'), ('భ', 'U'), ('క్త', '|'), ('సం', 'U'), ('త్రా', 'U'), ('ణ', '|'), ('శీ', 'U'), ('ల', '|')]",1.0,-1.0,1.0,1.0,1.0,-1.0
seesamu,"పంచాంగములు మోసి బడవాతనముఁ జేసి । పల్లెకూటము చెప్పి పసులఁ గాచి
హీనవృత్తిని బిచ్చమెత్తి గోడలు దాఁటి । ముష్టికూళ్ళకుఁ బోయి మొత్తెలఁ బడి
విస్తళ్ళు గుట్టి కోవెలనంబి వాకిటఁ । గసవూడ్చి లంజెల కాళ్ళు పిసికి
కన్నతొత్తులఁ దమ్మ కళ్ళెత్తి గతి చెడి । యాలుబిడ్డలఁ బరు లంటఁజేయు-",vupajaathi,Venugopaala,"[('పం', 'U'), ('చాం', 'U'), ('గ', '|'), ('ము', '|'), ('లు', '|'), ('మో', 'U'), ('సి', '|'), ('బ', '|'), ('డ', '|'), ('వా', 'U'), ('త', '|'), ('న', '|'), ('ము', '|'), ('జే', 'U'), ('సి', '|'), ('ప', 'U'), ('ల్లె', '|'), ('కూ', 'U'), ('ట', '|'), ('ము', '|'), ('చె', 'U'), ('ప్పి', '|'), ('ప', '|'), ('సు', '|'), ('ల', '|'), ('గా', 'U'), ('చి', '|'), ('హీ', 'U'), ('న', '|'), ('వృ', 'U'), ('త్తి', '|'), ('ని', '|'), ('బి', 'U'), ('చ్చ', '|'), ('మె', 'U'), ('త్తి', '|'), ('గో', 'U'), ('డ', '|'), ('లు', '|'), ('దా', 'U'), ('టి', '|'), ('ము', 'U'), ('ష్టి', '|'), ('కూ', 'U'), ('ళ్ళ', '|'), ('కు', '|'), ('బో', 'U'), ('యి', '|'), ('మొ', 'U'), ('త్తె', '|'), ('ల', '|'), ('బ', '|'), ('డి', '|'), ('వి', 'U'), ('స్త', 'U'), ('ళ్ళు', '|'), ('గు', 'U'), ('ట్టి', '|'), ('కో', 'U'), ('వె', '|'), ('ల', '|'), ('నం', 'U'), ('బి', '|'), ('వా', 'U'), ('కి', '|'), ('ట', '|'), ('గ', '|'), ('స', '|'), ('వూ', 'U'), ('డ్చి', '|'), ('లం', 'U'), ('జె', '|'), ('ల', '|'), ('కా', 'U'), ('ళ్ళు', '|'), ('పి', '|'), ('సి', '|'), ('కి', '|'), ('క', 'U'), ('న్న', '|'), ('తొ', 'U'), ('త్తు', '|'), ('ల', '|'), ('ద', 'U'), ('మ్మ', '|'), ('క', 'U'), ('ళ్ళె', 'U'), ('త్తి', '|'), ('గ', '|'), ('తి', '|'), ('చె', '|'), ('డి', '|'), ('యా', 'U'), ('లు', '|'), ('బి', 'U'), ('డ్డ', '|'), ('ల', '|'), ('బ', '|'), ('రు', '|'), ('లం', 'U'), ('ట', '|'), ('జే', 'U'), ('యు', '|')]",0.9166666666666666,-1.0,1.0,1.0,0.75,-1.0
teytageethi,"నట్టి దేబెకు సిరి గల్గెనేని వాఁడు । కవివరుల దూఱు బంధువర్గముల గేరు
మదరిపువిఫాల మునిజనహృదయలోల । వేణుగోపాల భక్తసంత్రాణశీల!",vupajaathi,Venugopaala,"[('న', 'U'), ('ట్టి', '|'), ('దే', 'U'), ('బె', '|'), ('కు', '|'), ('సి', '|'), ('రి', '|'), ('గ', 'U'), ('ల్గె', '|'), ('నే', 'U'), ('ని', '|'), ('వా', 'U'), ('డు', '|'), ('క', '|'), ('వి', '|'), ('వ', '|'), ('రు', '|'), ('ల', '|'), ('దూ', 'U'), ('ఱు', '|'), ('బం', 'U'), ('ధు', '|'), ('వ', 'U'), ('ర్గ', '|'), ('ము', '|'), ('ల', '|'), ('గే', 'U'), ('రు', '|'), ('మ', '|'), ('ద', '|'), ('రి', '|'), ('పు', '|'), ('వి', '|'), ('ఫా', 'U'), ('ల', '|'), ('ము', '|'), ('ని', '|'), ('జ', '|'), ('న', '|'), ('హృ', '|'), ('ద', '|'), ('య', '|'), ('లో', 'U'), ('ల', '|'), ('వే', 'U'), ('ణు', '|'), ('గో', 'U'), ('పా', 'U'), ('ల', '|'), ('భ', 'U'), ('క్త', '|'), ('సం', 'U'), ('త్రా', 'U'), ('ణ', '|'), ('శీ', 'U'), ('ల', '|')]",0.9166666666666666,-1.0,1.0,1.0,0.75,-1.0
seesamu,"పతికి మోహములేని సతి జవ్వనంబేల । పరిమళింపని సుమప్రచయమేల
పండితకవివర్యులుండని సభ యేల । శశి లేని నక్షత్రసమితి యేల
పుత్రసంపద లేని పురుషుని కలిమేల । కలహంసములు లేని కొలనదేల
శుకపికరవ మొకించుక లేని వనమేల । రాజు పాలింపని రాజ్యమేల",vupajaathi,Venugopaala,"[('ప', '|'), ('తి', '|'), ('కి', '|'), ('మో', 'U'), ('హ', '|'), ('ము', '|'), ('లే', 'U'), ('ని', '|'), ('స', '|'), ('తి', '|'), ('జ', 'U'), ('వ్వ', '|'), ('నం', 'U'), ('బే', 'U'), ('ల', '|'), ('ప', '|'), ('రి', '|'), ('మ', '|'), ('ళిం', 'U'), ('ప', '|'), ('ని', '|'), ('సు', '|'), ('మ', '|'), ('ప్ర', '|'), ('చ', '|'), ('య', '|'), ('మే', 'U'), ('ల', '|'), ('పం', 'U'), ('డి', '|'), ('త', '|'), ('క', '|'), ('వి', '|'), ('వ', 'U'), ('ర్యు', '|'), ('లుం', 'U'), ('డ', '|'), ('ని', '|'), ('స', '|'), ('భ', '|'), ('యే', 'U'), ('ల', '|'), ('శ', '|'), ('శి', '|'), ('లే', 'U'), ('ని', '|'), ('న', 'U'), ('క్ష', '|'), ('త్ర', '|'), ('స', '|'), ('మి', '|'), ('తి', '|'), ('యే', 'U'), ('ల', '|'), ('పు', '|'), ('త్ర', '|'), ('సం', 'U'), ('ప', '|'), ('ద', '|'), ('లే', 'U'), ('ని', '|'), ('పు', '|'), ('రు', '|'), ('షు', '|'), ('ని', '|'), ('క', '|'), ('లి', '|'), ('మే', 'U'), ('ల', '|'), ('క', '|'), ('ల', '|'), ('హం', 'U'), ('స', '|'), ('ము', '|'), ('లు', '|'), ('లే', 'U'), ('ని', '|'), ('కొ', '|'), ('ల', '|'), ('న', '|'), ('దే', 'U'), ('ల', '|'), ('శు', '|'), ('క', '|'), ('పి', '|'), ('క', '|'), ('ర', '|'), ('వ', '|'), ('మొ', '|'), ('కిం', 'U'), ('చు', '|'), ('క', '|'), ('లే', 'U'), ('ని', '|'), ('వ', '|'), ('న', '|'), ('మే', 'U'), ('ల', '|'), ('రా', 'U'), ('జు', '|'), ('పా', 'U'), ('లిం', 'U'), ('ప', '|'), ('ని', '|'), ('రా', 'U'), ('జ్య', '|'), ('మే', 'U'), ('ల', '|')]",0.7604166666666666,-1.0,1.0,0.65625,0.625,-1.0
teytageethi,"రవివికాసంబు లేనట్టి దివసమేల । ధైర్యమొదవని వస్తాదుతనమదేల
మదరిపువిఫాల మునిజనహృదయలోల । వేణుగోపాల భక్తసంత్రాణశీల!",vupajaathi,Venugopaala,"[('ర', '|'), ('వి', '|'), ('వి', '|'), ('కా', 'U'), ('సం', 'U'), ('బు', '|'), ('లే', 'U'), ('న', 'U'), ('ట్టి', '|'), ('ది', '|'), ('వ', '|'), ('స', '|'), ('మే', 'U'), ('ల', '|'), ('ధై', 'U'), ('ర్య', '|'), ('మొ', '|'), ('ద', '|'), ('వ', '|'), ('ని', '|'), ('వ', 'U'), ('స్తా', 'U'), ('దు', '|'), ('త', '|'), ('న', '|'), ('మ', '|'), ('దే', 'U'), ('ల', '|'), ('మ', '|'), ('ద', '|'), ('రి', '|'), ('పు', '|'), ('వి', '|'), ('ఫా', 'U'), ('ల', '|'), ('ము', '|'), ('ని', '|'), ('జ', '|'), ('న', '|'), ('హృ', '|'), ('ద', '|'), ('య', '|'), ('లో', 'U'), ('ల', '|'), ('వే', 'U'), ('ణు', '|'), ('గో', 'U'), ('పా', 'U'), ('ల', '|'), ('భ', 'U'), ('క్త', '|'), ('సం', 'U'), ('త్రా', 'U'), ('ణ', '|'), ('శీ', 'U'), ('ల', '|')]",1.0,-1.0,1.0,1.0,1.0,-1.0
seesamu,"పరకాంతపయి నాసపడెడి మానవులకు । నగుబాటు మనమున తగని దిగులు
నగుడు విరుద్ధంబు నాచారహీనత । చేసొమ్ముపోవుట సిగ్గుచెడుట
యపకీర్తి బంధుజనాళి దూషించుట । నీతియుఁ దొలగుట నిద్రచెడుట
పరలోకహాని లంపటనొంది మూల్గుట । పరువుదప్పుట దేహబలము చెడుట
తన యాలి చేతిపోటునఁ గృశించుట దాని । పరుడు గన్గొనిన జీవంబు విడుట",vupajaathi,Venugopaala,"[('ప', '|'), ('ర', '|'), ('కాం', 'U'), ('త', '|'), ('ప', '|'), ('యి', '|'), ('నా', 'U'), ('స', '|'), ('ప', '|'), ('డె', '|'), ('డి', '|'), ('మా', 'U'), ('న', '|'), ('వు', '|'), ('ల', '|'), ('కు', '|'), ('న', '|'), ('గు', '|'), ('బా', 'U'), ('టు', '|'), ('మ', '|'), ('న', '|'), ('ము', '|'), ('న', '|'), ('త', '|'), ('గ', '|'), ('ని', '|'), ('ది', '|'), ('గు', '|'), ('లు', '|'), ('న', '|'), ('గు', '|'), ('డు', '|'), ('వి', '|'), ('రు', 'U'), ('ద్ధం', 'U'), ('బు', '|'), ('నా', 'U'), ('చా', 'U'), ('ర', '|'), ('హీ', 'U'), ('న', '|'), ('త', '|'), ('చే', 'U'), ('సొ', 'U'), ('మ్ము', '|'), ('పో', 'U'), ('వు', '|'), ('ట', '|'), ('సి', 'U'), ('గ్గు', '|'), ('చె', '|'), ('డు', '|'), ('ట', '|'), ('య', '|'), ('ప', '|'), ('కీ', 'U'), ('ర్తి', '|'), ('బం', 'U'), ('ధు', '|'), ('జ', '|'), ('నా', 'U'), ('ళి', '|'), ('దూ', 'U'), ('షిం', 'U'), ('చు', '|'), ('ట', '|'), ('నీ', 'U'), ('తి', '|'), ('యు', '|'), ('దొ', '|'), ('ల', '|'), ('గు', '|'), ('ట', '|'), ('ని', '|'), ('ద్ర', '|'), ('చె', '|'), ('డు', '|'), ('ట', '|'), ('ప', '|'), ('ర', '|'), ('లో', 'U'), ('క', '|'), ('హా', 'U'), ('ని', '|'), ('లం', 'U'), ('ప', '|'), ('ట', '|'), ('నొం', 'U'), ('ది', '|'), ('మూ', 'U'), ('ల్గు', '|'), ('ట', '|'), ('ప', '|'), ('రు', '|'), ('వు', '|'), ('ద', 'U'), ('ప్పు', '|'), ('ట', '|'), ('దే', 'U'), ('హ', '|'), ('బ', '|'), ('ల', '|'), ('ము', '|'), ('చె', '|'), ('డు', '|'), ('ట', '|'), ('త', '|'), ('న', '|'), ('యా', 'U'), ('లి', '|'), ('చే', 'U'), ('తి', '|'), ('పో', 'U'), ('టు', '|'), ('న', '|'), ('గృ', '|'), ('శిం', 'U'), ('చు', '|'), ('ట', '|'), ('దా', 'U'), ('ని', '|'), ('ప', '|'), ('రు', '|'), ('డు', '|'), ('గ', 'U'), ('న్గొ', '|'), ('ని', '|'), ('న', '|'), ('జీ', 'U'), ('వం', 'U'), ('బు', '|'), ('వి', '|'), ('డు', '|'), ('ట', '|')]",0.84375,-1.0,1.0,0.90625,0.625,-1.0
teytageethi,"ముజ్జగము లేలు నా విరాణ్మూర్తికయినఁ । గాని దుర్వృత్తి దగదెంతవానికైన
మదరిపువిఫాల మునిజనహృదయలోల । వేణుగోపాల భక్తసంత్రాణశీల!",vupajaathi,Venugopaala,"[('ము', 'U'), ('జ్జ', '|'), ('గ', '|'), ('ము', '|'), ('లే', 'U'), ('లు', '|'), ('నా', 'U'), ('వి', '|'), ('రా', 'U'), ('ణ్మూ', 'U'), ('ర్తి', '|'), ('క', '|'), ('యి', '|'), ('న', '|'), ('గా', 'U'), ('ని', '|'), ('దు', 'U'), ('ర్వృ', 'U'), ('త్తి', '|'), ('ద', '|'), ('గ', '|'), ('దెం', 'U'), ('త', '|'), ('వా', 'U'), ('ని', '|'), ('కై', 'U'), ('న', '|'), ('మ', '|'), ('ద', '|'), ('రి', '|'), ('పు', '|'), ('వి', '|'), ('ఫా', 'U'), ('ల', '|'), ('ము', '|'), ('ని', '|'), ('జ', '|'), ('న', '|'), ('హృ', '|'), ('ద', '|'), ('య', '|'), ('లో', 'U'), ('ల', '|'), ('వే', 'U'), ('ణు', '|'), ('గో', 'U'), ('పా', 'U'), ('ల', '|'), ('భ', 'U'), ('క్త', '|'), ('సం', 'U'), ('త్రా', 'U'), ('ణ', '|'), ('శీ', 'U'), ('ల', '|')]",1.0,-1.0,1.0,1.0,1.0,-1.0
seesamu,"పరదళంబులఁ గాంచి భయముచే నురికిన । రాజుగాఁడతడు గోరాజు గాని
ధర్మంబులకు విఘాతముసేయ మంత్రిశే- । ఖరుఁడు గాఁడతఁడు సంకరుఁడు గాని
విద్యాప్రసంగము ల్విన రసజ్ఞత లేని । ప్రాజ్ఞుల సభగాదు రచ్చ గాని
పతితోడ కలహించి పడుకొని యేడ్చెడి । దాలుగా దది యెఱ్ఱతేలు గాని",vupajaathi,Venugopaala,"[('ప', '|'), ('ర', '|'), ('ద', '|'), ('ళం', 'U'), ('బు', '|'), ('ల', '|'), ('గాం', 'U'), ('చి', '|'), ('భ', '|'), ('య', '|'), ('ము', '|'), ('చే', 'U'), ('ను', '|'), ('రి', '|'), ('కి', '|'), ('న', '|'), ('రా', 'U'), ('జు', '|'), ('గా', 'U'), ('డ', '|'), ('త', '|'), ('డు', '|'), ('గో', 'U'), ('రా', 'U'), ('జు', '|'), ('గా', 'U'), ('ని', '|'), ('ధ', 'U'), ('ర్మం', 'U'), ('బు', '|'), ('ల', '|'), ('కు', '|'), ('వి', '|'), ('ఘా', 'U'), ('త', '|'), ('ము', '|'), ('సే', 'U'), ('య', '|'), ('మం', 'U'), ('త్రి', '|'), ('శే', 'U'), ('ఖ', '|'), ('రు', '|'), ('డు', '|'), ('గా', 'U'), ('డ', '|'), ('త', '|'), ('డు', '|'), ('సం', 'U'), ('క', '|'), ('రు', '|'), ('డు', '|'), ('గా', 'U'), ('ని', '|'), ('వి', 'U'), ('ద్యా', 'U'), ('ప్ర', '|'), ('సం', 'U'), ('గ', '|'), ('ము', 'U'), ('ల్వి', '|'), ('న', '|'), ('ర', '|'), ('స', 'U'), ('జ్ఞ', '|'), ('త', '|'), ('లే', 'U'), ('ని', '|'), ('ప్రా', 'U'), ('జ్ఞు', '|'), ('ల', '|'), ('స', '|'), ('భ', '|'), ('గా', 'U'), ('దు', '|'), ('ర', 'U'), ('చ్చ', '|'), ('గా', 'U'), ('ని', '|'), ('ప', '|'), ('తి', '|'), ('తో', 'U'), ('డ', '|'), ('క', '|'), ('ల', '|'), ('హిం', 'U'), ('చి', '|'), ('ప', '|'), ('డు', '|'), ('కొ', '|'), ('ని', '|'), ('యే', 'U'), ('డ్చె', '|'), ('డి', '|'), ('దా', 'U'), ('లు', '|'), ('గా', 'U'), ('ద', '|'), ('ది', '|'), ('యె', 'U'), ('ఱ్ఱ', '|'), ('తే', 'U'), ('లు', '|'), ('గా', 'U'), ('ని', '|')]",1.0,-1.0,1.0,1.0,1.0,-1.0
teytageethi,"శాస్త్రముల మించినట్టి యాచారమైన । నిష్ఠగాదతనికి పెనుచేష్టగాని
మదరిపువిఫాల మునిజనహృదయలోల । వేణుగోపాల భక్తసంత్రాణశీల!",vupajaathi,Venugopaala,"[('శా', 'U'), ('స్త్ర', '|'), ('ము', '|'), ('ల', '|'), ('మిం', 'U'), ('చి', '|'), ('న', 'U'), ('ట్టి', '|'), ('యా', 'U'), ('చా', 'U'), ('ర', '|'), ('మై', 'U'), ('న', '|'), ('ని', 'U'), ('ష్ఠ', '|'), ('గా', 'U'), ('ద', '|'), ('త', '|'), ('ని', '|'), ('కి', '|'), ('పె', '|'), ('ను', '|'), ('చే', 'U'), ('ష్ట', '|'), ('గా', 'U'), ('ని', '|'), ('మ', '|'), ('ద', '|'), ('రి', '|'), ('పు', '|'), ('వి', '|'), ('ఫా', 'U'), ('ల', '|'), ('ము', '|'), ('ని', '|'), ('జ', '|'), ('న', '|'), ('హృ', '|'), ('ద', '|'), ('య', '|'), ('లో', 'U'), ('ల', '|'), ('వే', 'U'), ('ణు', '|'), ('గో', 'U'), ('పా', 'U'), ('ల', '|'), ('భ', 'U'), ('క్త', '|'), ('సం', 'U'), ('త్రా', 'U'), ('ణ', '|'), ('శీ', 'U'), ('ల', '|')]",0.9166666666666666,-1.0,1.0,1.0,0.75,-1.0
seesamu,"పానంబు జూదంబు పరసతిపై బాళి । ధనకాంక్ష మోహంబు తగని యాశ
యనుదినంబును వేఁట యధికనిద్దుర గొంట । పేదఱికంబును బిఱికితనము
నతిలోభమును మందగతి హెచ్చుకోపము । నమితవాచాలత యనృతములును
ఖండితంబాడుట గర్వంబు సంధ్యల । వేళలఁ బయనంబు విప్రనింద",vupajaathi,Venugopaala,"[('పా', 'U'), ('నం', 'U'), ('బు', '|'), ('జూ', 'U'), ('దం', 'U'), ('బు', '|'), ('ప', '|'), ('ర', '|'), ('స', '|'), ('తి', '|'), ('పై', 'U'), ('బా', 'U'), ('ళి', '|'), ('ధ', '|'), ('న', '|'), ('కాం', 'U'), ('క్ష', '|'), ('మో', 'U'), ('హం', 'U'), ('బు', '|'), ('త', '|'), ('గ', '|'), ('ని', '|'), ('యా', 'U'), ('శ', '|'), ('య', '|'), ('ను', '|'), ('ది', '|'), ('నం', 'U'), ('బు', '|'), ('ను', '|'), ('వే', 'U'), ('ట', '|'), ('య', '|'), ('ధి', '|'), ('క', '|'), ('ని', 'U'), ('ద్దు', '|'), ('ర', '|'), ('గొం', 'U'), ('ట', '|'), ('పే', 'U'), ('ద', '|'), ('ఱి', '|'), ('కం', 'U'), ('బు', '|'), ('ను', '|'), ('బి', '|'), ('ఱి', '|'), ('కి', '|'), ('త', '|'), ('న', '|'), ('ము', '|'), ('న', '|'), ('తి', '|'), ('లో', 'U'), ('భ', '|'), ('ము', '|'), ('ను', '|'), ('మం', 'U'), ('ద', '|'), ('గ', '|'), ('తి', '|'), ('హె', 'U'), ('చ్చు', '|'), ('కో', 'U'), ('ప', '|'), ('ము', '|'), ('న', '|'), ('మి', '|'), ('త', '|'), ('వా', 'U'), ('చా', 'U'), ('ల', '|'), ('త', '|'), ('య', '|'), ('నృ', '|'), ('త', '|'), ('ము', '|'), ('లు', '|'), ('ను', '|'), ('ఖం', 'U'), ('డి', '|'), ('తం', 'U'), ('బా', 'U'), ('డు', '|'), ('ట', '|'), ('గ', 'U'), ('ర్వం', 'U'), ('బు', '|'), ('సం', 'U'), ('ధ్య', '|'), ('ల', '|'), ('వే', 'U'), ('ళ', '|'), ('ల', '|'), ('బ', '|'), ('య', '|'), ('నం', 'U'), ('బు', '|'), ('వి', '|'), ('ప్ర', '|'), ('నిం', 'U'), ('ద', '|')]",0.9375,-1.0,1.0,0.9375,0.875,-1.0
teytageethi,"యాప్తజనముల దూఱుట నసురుతిండి । మానవేంద్రుల పదవికి హానులివియ
మదరిపువిఫాల మునిజనహృదయలోల । వేణుగోపాల భక్తసంత్రాణశీల!",vupajaathi,Venugopaala,"[('యా', 'U'), ('ప్త', '|'), ('జ', '|'), ('న', '|'), ('ము', '|'), ('ల', '|'), ('దూ', 'U'), ('ఱు', '|'), ('ట', '|'), ('న', '|'), ('సు', '|'), ('రు', '|'), ('తిం', 'U'), ('డి', '|'), ('మా', 'U'), ('న', '|'), ('వేం', 'U'), ('ద్రు', '|'), ('ల', '|'), ('ప', '|'), ('ద', '|'), ('వి', '|'), ('కి', '|'), ('హా', 'U'), ('ను', '|'), ('లి', '|'), ('వి', '|'), ('య', '|'), ('మ', '|'), ('ద', '|'), ('రి', '|'), ('పు', '|'), ('వి', '|'), ('ఫా', 'U'), ('ల', '|'), ('ము', '|'), ('ని', '|'), ('జ', '|'), ('న', '|'), ('హృ', '|'), ('ద', '|'), ('య', '|'), ('లో', 'U'), ('ల', '|'), ('వే', 'U'), ('ణు', '|'), ('గో', 'U'), ('పా', 'U'), ('ల', '|'), ('భ', 'U'), ('క్త', '|'), ('సం', 'U'), ('త్రా', 'U'), ('ణ', '|'), ('శీ', 'U'), ('ల', '|')]",0.9166666666666666,-1.0,1.0,1.0,0.75,-1.0
seesamu,"పాలనలేని భూపతియైన నతని ద- । గ్గెరనుండు మంత్రి ధగ్డీయునైన
చెవిటి రాయసమైన సేవకుఁడయినను । వారసుగాఁడు దివాను నయిన
వరుస బక్షీ చిత్తవైకల్యుండయినను । గడుదీర నత్తి వకాలతైన
కోశపాలకునకు గుందేటి తెవులైన । నుగ్రాణగాని కత్యుగ్రమైన",vupajaathi,Venugopaala,"[('పా', 'U'), ('ల', '|'), ('న', '|'), ('లే', 'U'), ('ని', '|'), ('భూ', 'U'), ('ప', '|'), ('తి', '|'), ('యై', 'U'), ('న', '|'), ('న', '|'), ('త', '|'), ('ని', '|'), ('ద', 'U'), ('గ్గె', '|'), ('ర', '|'), ('నుం', 'U'), ('డు', '|'), ('మం', 'U'), ('త్రి', '|'), ('ధ', 'U'), ('గ్డీ', 'U'), ('యు', '|'), ('నై', 'U'), ('న', '|'), ('చె', '|'), ('వి', '|'), ('టి', '|'), ('రా', 'U'), ('య', '|'), ('స', '|'), ('మై', 'U'), ('న', '|'), ('సే', 'U'), ('వ', '|'), ('కు', '|'), ('డ', '|'), ('యి', '|'), ('న', '|'), ('ను', '|'), ('వా', 'U'), ('ర', '|'), ('సు', '|'), ('గా', 'U'), ('డు', '|'), ('ది', '|'), ('వా', 'U'), ('ను', '|'), ('న', '|'), ('యి', '|'), ('న', '|'), ('వ', '|'), ('రు', '|'), ('స', '|'), ('బ', 'U'), ('క్షీ', 'U'), ('చి', 'U'), ('త్త', '|'), ('వై', 'U'), ('క', 'U'), ('ల్యుం', 'U'), ('డ', '|'), ('యి', '|'), ('న', '|'), ('ను', '|'), ('గ', '|'), ('డు', '|'), ('దీ', 'U'), ('ర', '|'), ('న', 'U'), ('త్తి', '|'), ('వ', '|'), ('కా', 'U'), ('ల', '|'), ('తై', 'U'), ('న', '|'), ('కో', 'U'), ('శ', '|'), ('పా', 'U'), ('ల', '|'), ('కు', '|'), ('న', '|'), ('కు', '|'), ('గుం', 'U'), ('దే', 'U'), ('టి', '|'), ('తె', '|'), ('వు', '|'), ('లై', 'U'), ('న', '|'), ('ను', '|'), ('గ్రా', 'U'), ('ణ', '|'), ('గా', 'U'), ('ని', '|'), ('క', 'U'), ('త్యు', '|'), ('గ్ర', '|'), ('మై', 'U'), ('న', '|')]",0.8229166666666666,-1.0,1.0,0.84375,0.625,-1.0
teytageethi,"దాతలకు మోస మచటి విద్వాంసులకును । బ్రాణసంకట మా భూమిఁ బ్రజకుఁ గీడు
మదరిపువిఫాల మునిజనహృదయలోల । వేణుగోపాల భక్తసంత్రాణశీల!",vupajaathi,Venugopaala,"[('దా', 'U'), ('త', '|'), ('ల', '|'), ('కు', '|'), ('మో', 'U'), ('స', '|'), ('మ', '|'), ('చ', '|'), ('టి', '|'), ('వి', 'U'), ('ద్వాం', 'U'), ('సు', '|'), ('ల', '|'), ('కు', '|'), ('ను', '|'), ('బ్రా', 'U'), ('ణ', '|'), ('సం', 'U'), ('క', '|'), ('ట', '|'), ('మా', 'U'), ('భూ', 'U'), ('మి', '|'), ('బ్ర', '|'), ('జ', '|'), ('కు', '|'), ('గీ', 'U'), ('డు', '|'), ('మ', '|'), ('ద', '|'), ('రి', '|'), ('పు', '|'), ('వి', '|'), ('ఫా', 'U'), ('ల', '|'), ('ము', '|'), ('ని', '|'), ('జ', '|'), ('న', '|'), ('హృ', '|'), ('ద', '|'), ('య', '|'), ('లో', 'U'), ('ల', '|'), ('వే', 'U'), ('ణు', '|'), ('గో', 'U'), ('పా', 'U'), ('ల', '|'), ('భ', 'U'), ('క్త', '|'), ('సం', 'U'), ('త్రా', 'U'), ('ణ', '|'), ('శీ', 'U'), ('ల', '|')]",1.0,-1.0,1.0,1.0,1.0,-1.0
seesamu,"పీనుగందపుమోము పిల్లిమీసంబులు । కట్టెశరీరంబు కాకినలుపు
ఆర్చుకన్నులు వెన్నునంటిన యుదరంబు । జొళ్ళుకారెడి నోరు ఒళ్ళుకంపు
చేచెయ్యి దిగరాచి చెక్కిళ్ళు రుద్దుట । దవడలు సొట్టపాదములు మిట్ట
యొకరిని జూచి మేలోర్చక యేడ్చుట । దౌర్భాగ్యగుణములు తగని యాశ",vupajaathi,Venugopaala,"[('పీ', 'U'), ('ను', '|'), ('గం', 'U'), ('ద', '|'), ('పు', '|'), ('మో', 'U'), ('ము', '|'), ('పి', 'U'), ('ల్లి', '|'), ('మీ', 'U'), ('సం', 'U'), ('బు', '|'), ('లు', '|'), ('క', 'U'), ('ట్టె', '|'), ('శ', '|'), ('రీ', 'U'), ('రం', 'U'), ('బు', '|'), ('కా', 'U'), ('కి', '|'), ('న', '|'), ('లు', '|'), ('పు', '|'), ('ఆ', 'U'), ('ర్చు', '|'), ('క', 'U'), ('న్ను', '|'), ('లు', '|'), ('వె', 'U'), ('న్ను', '|'), ('నం', 'U'), ('టి', '|'), ('న', '|'), ('యు', '|'), ('ద', '|'), ('రం', 'U'), ('బు', '|'), ('జొ', 'U'), ('ళ్ళు', '|'), ('కా', 'U'), ('రె', '|'), ('డి', '|'), ('నో', 'U'), ('రు', '|'), ('ఒ', 'U'), ('ళ్ళు', '|'), ('కం', 'U'), ('పు', '|'), ('చే', 'U'), ('చె', 'U'), ('య్యి', '|'), ('ది', '|'), ('గ', '|'), ('రా', 'U'), ('చి', '|'), ('చె', 'U'), ('క్కి', 'U'), ('ళ్ళు', '|'), ('రు', 'U'), ('ద్దు', '|'), ('ట', '|'), ('ద', '|'), ('వ', '|'), ('డ', '|'), ('లు', '|'), ('సొ', 'U'), ('ట్ట', '|'), ('పా', 'U'), ('ద', '|'), ('ము', '|'), ('లు', '|'), ('మి', 'U'), ('ట్ట', '|'), ('యొ', '|'), ('క', '|'), ('రి', '|'), ('ని', '|'), ('జూ', 'U'), ('చి', '|'), ('మే', 'U'), ('లో', 'U'), ('ర్చ', '|'), ('క', '|'), ('యే', 'U'), ('డ్చు', '|'), ('ట', '|'), ('దౌ', 'U'), ('ర్భా', 'U'), ('గ్య', '|'), ('గు', '|'), ('ణ', '|'), ('ము', '|'), ('లు', '|'), ('త', '|'), ('గ', '|'), ('ని', '|'), ('యా', 'U'), ('శ', '|')]",0.9166666666666666,-1.0,1.0,1.0,0.75,-1.0
teytageethi,"యిట్టి యవలక్షణపు మంత్రి నేర్పరింప । దొరకు నపకీర్తి దెచ్చు నా దుర్జనుండు
మదరిపువిఫాల మునిజనహృదయలోల । వేణుగోపాల భక్తసంత్రాణశీల!",vupajaathi,Venugopaala,"[('యి', 'U'), ('ట్టి', '|'), ('య', '|'), ('వ', '|'), ('ల', 'U'), ('క్ష', '|'), ('ణ', '|'), ('పు', '|'), ('మం', 'U'), ('త్రి', '|'), ('నే', 'U'), ('ర్ప', '|'), ('రిం', 'U'), ('ప', '|'), ('దొ', '|'), ('ర', '|'), ('కు', '|'), ('న', '|'), ('ప', '|'), ('కీ', 'U'), ('ర్తి', '|'), ('దె', 'U'), ('చ్చు', '|'), ('నా', 'U'), ('దు', 'U'), ('ర్జ', '|'), ('నుం', 'U'), ('డు', '|'), ('మ', '|'), ('ద', '|'), ('రి', '|'), ('పు', '|'), ('వి', '|'), ('ఫా', 'U'), ('ల', '|'), ('ము', '|'), ('ని', '|'), ('జ', '|'), ('న', '|'), ('హృ', '|'), ('ద', '|'), ('య', '|'), ('లో', 'U'), ('ల', '|'), ('వే', 'U'), ('ణు', '|'), ('గో', 'U'), ('పా', 'U'), ('ల', '|'), ('భ', 'U'), ('క్త', '|'), ('సం', 'U'), ('త్రా', 'U'), ('ణ', '|'), ('శీ', 'U'), ('ల', '|')]",0.9166666666666666,-1.0,1.0,1.0,0.75,-1.0
seesamu,"పూపొదలో దాఁగి పులి యున్నరీతిని । మొగిలిరేకున ముండ్లు మొలచినట్లు
నందనవనములో నాగుఁబామున్నట్లు । చందురునకు నల్పు చెందినట్లు
సొగసైన లేమకు సెగరోగమున్నట్లు । మృగనాభిలోఁ బిప్పి తగిలినట్లు
జలధిలోన విషంబు సంభవంబైనట్లు । కమలాప్తునకు శని గలిగినట్లు
పద్మరాగమునకుఁ బటలమేర్పడినట్లు । బుగ్గవాకిటి చుట్టు పుట్టినట్లు",vupajaathi,Venugopaala,"[('పూ', 'U'), ('పొ', '|'), ('ద', '|'), ('లో', 'U'), ('దా', 'U'), ('గి', '|'), ('పు', '|'), ('లి', '|'), ('యు', 'U'), ('న్న', '|'), ('రీ', 'U'), ('తి', '|'), ('ని', '|'), ('మొ', '|'), ('గి', '|'), ('లి', '|'), ('రే', 'U'), ('కు', '|'), ('న', '|'), ('ముం', 'U'), ('డ్లు', '|'), ('మొ', '|'), ('ల', '|'), ('చి', '|'), ('న', 'U'), ('ట్లు', '|'), ('నం', 'U'), ('ద', '|'), ('న', '|'), ('వ', '|'), ('న', '|'), ('ము', '|'), ('లో', 'U'), ('నా', 'U'), ('గు', '|'), ('బా', 'U'), ('ము', 'U'), ('న్న', 'U'), ('ట్లు', '|'), ('చం', 'U'), ('దు', '|'), ('రు', '|'), ('న', '|'), ('కు', '|'), ('న', 'U'), ('ల్పు', '|'), ('చెం', 'U'), ('ది', '|'), ('న', 'U'), ('ట్లు', '|'), ('సొ', '|'), ('గ', '|'), ('సై', 'U'), ('న', '|'), ('లే', 'U'), ('మ', '|'), ('కు', '|'), ('సె', '|'), ('గ', '|'), ('రో', 'U'), ('గ', '|'), ('ము', 'U'), ('న్న', 'U'), ('ట్లు', '|'), ('మృ', '|'), ('గ', '|'), ('నా', 'U'), ('భి', '|'), ('లో', 'U'), ('బి', 'U'), ('ప్పి', '|'), ('త', '|'), ('గి', '|'), ('లి', '|'), ('న', 'U'), ('ట్లు', '|'), ('జ', '|'), ('ల', '|'), ('ధి', '|'), ('లో', 'U'), ('న', '|'), ('వి', '|'), ('షం', 'U'), ('బు', '|'), ('సం', 'U'), ('భ', '|'), ('వం', 'U'), ('బై', 'U'), ('న', 'U'), ('ట్లు', '|'), ('క', '|'), ('మ', '|'), ('లా', 'U'), ('ప్తు', '|'), ('న', '|'), ('కు', '|'), ('శ', '|'), ('ని', '|'), ('గ', '|'), ('లి', '|'), ('గి', '|'), ('న', 'U'), ('ట్లు', '|'), ('ప', 'U'), ('ద్మ', '|'), ('రా', 'U'), ('గ', '|'), ('ము', '|'), ('న', '|'), ('కు', '|'), ('బ', '|'), ('ట', '|'), ('ల', '|'), ('మే', 'U'), ('ర్ప', '|'), ('డి', '|'), ('న', 'U'), ('ట్లు', '|'), ('బు', 'U'), ('గ్గ', '|'), ('వా', 'U'), ('కి', '|'), ('టి', '|'), ('చు', 'U'), ('ట్టు', '|'), ('పు', 'U'), ('ట్టి', '|'), ('న', 'U'), ('ట్లు', '|')]",1.0,-1.0,1.0,1.0,1.0,-1.0
teytageethi,"ధర్మవిధులైన రాజసంస్థానములను । జేరు నొక్కొక్క చీవాట్లమారిశుంఠ
మదరిపువిఫాల మునిజనహృదయలోల । వేణుగోపాల భక్తసంత్రాణశీల!",vupajaathi,Venugopaala,"[('ధ', 'U'), ('ర్మ', '|'), ('వి', '|'), ('ధు', '|'), ('లై', 'U'), ('న', '|'), ('రా', 'U'), ('జ', '|'), ('సం', 'U'), ('స్థా', 'U'), ('న', '|'), ('ము', '|'), ('ల', '|'), ('ను', '|'), ('జే', 'U'), ('రు', '|'), ('నొ', 'U'), ('క్కొ', 'U'), ('క్క', '|'), ('చీ', 'U'), ('వా', 'U'), ('ట్ల', '|'), ('మా', 'U'), ('రి', '|'), ('శుం', 'U'), ('ఠ', '|'), ('మ', '|'), ('ద', '|'), ('రి', '|'), ('పు', '|'), ('వి', '|'), ('ఫా', 'U'), ('ల', '|'), ('ము', '|'), ('ని', '|'), ('జ', '|'), ('న', '|'), ('హృ', '|'), ('ద', '|'), ('య', '|'), ('లో', 'U'), ('ల', '|'), ('వే', 'U'), ('ణు', '|'), ('గో', 'U'), ('పా', 'U'), ('ల', '|'), ('భ', 'U'), ('క్త', '|'), ('సం', 'U'), ('త్రా', 'U'), ('ణ', '|'), ('శీ', 'U'), ('ల', '|')]",1.0,-1.0,1.0,1.0,1.0,-1.0
seesamu,"పయిమాట లొకలక్ష పలికిననే సరా య । హంకారవర్తన నడఁపవలయు
నడఁపజాలక కానలందుఁబోయిన సరా । యెఱుక దెల్పెడి మూర్తి దొరకవలయు
దొరికినాఁడని వేడ్క నరసిననే సరా । గురుపదంబుల భక్తి కుదరవలయు
కుదిరెనంచని యూరకుండిననే సరా । పాయ కాత్మను బాటి సేయవలయు",vupajaathi,Venugopaala,"[('ప', '|'), ('యి', '|'), ('మా', 'U'), ('ట', '|'), ('లొ', '|'), ('క', '|'), ('ల', 'U'), ('క్ష', '|'), ('ప', '|'), ('లి', '|'), ('కి', '|'), ('న', '|'), ('నే', 'U'), ('స', '|'), ('రా', 'U'), ('య', '|'), ('హం', 'U'), ('కా', 'U'), ('ర', '|'), ('వ', 'U'), ('ర్త', '|'), ('న', '|'), ('న', '|'), ('డ', '|'), ('ప', '|'), ('వ', '|'), ('ల', '|'), ('యు', '|'), ('న', '|'), ('డ', '|'), ('ప', '|'), ('జా', 'U'), ('ల', '|'), ('క', '|'), ('కా', 'U'), ('న', '|'), ('లం', 'U'), ('దు', '|'), ('బో', 'U'), ('యి', '|'), ('న', '|'), ('స', '|'), ('రా', 'U'), ('యె', '|'), ('ఱు', '|'), ('క', '|'), ('దె', 'U'), ('ల్పె', '|'), ('డి', '|'), ('మూ', 'U'), ('ర్తి', '|'), ('దొ', '|'), ('ర', '|'), ('క', '|'), ('వ', '|'), ('ల', '|'), ('యు', '|'), ('దొ', '|'), ('రి', '|'), ('కి', '|'), ('నా', 'U'), ('డ', '|'), ('ని', '|'), ('వే', 'U'), ('డ్క', '|'), ('న', '|'), ('ర', '|'), ('సి', '|'), ('న', '|'), ('నే', 'U'), ('స', '|'), ('రా', 'U'), ('గు', '|'), ('రు', '|'), ('ప', '|'), ('దం', 'U'), ('బు', '|'), ('ల', '|'), ('భ', 'U'), ('క్తి', '|'), ('కు', '|'), ('ద', '|'), ('ర', '|'), ('వ', '|'), ('ల', '|'), ('యు', '|'), ('కు', '|'), ('ది', '|'), ('రె', '|'), ('నం', 'U'), ('చ', '|'), ('ని', '|'), ('యూ', 'U'), ('ర', '|'), ('కుం', 'U'), ('డి', '|'), ('న', '|'), ('నే', 'U'), ('స', '|'), ('రా', 'U'), ('పా', 'U'), ('య', '|'), ('కా', 'U'), ('త్మ', '|'), ('ను', '|'), ('బా', 'U'), ('టి', '|'), ('సే', 'U'), ('య', '|'), ('వ', '|'), ('ల', '|'), ('యు', '|')]",0.8645833333333334,-1.0,1.0,0.96875,0.625,-1.0
teytageethi,"చేసినను కాదు పాచిని ద్రోసి శుద్ధ- । గంగ యెత్తినయటు ముక్తి గాంచవలయు
మదరిపువిఫాల మునిజనహృదయలోల । వేణుగోపాల భక్తసంత్రాణశీల!",vupajaathi,Venugopaala,"[('చే', 'U'), ('సి', '|'), ('న', '|'), ('ను', '|'), ('కా', 'U'), ('దు', '|'), ('పా', 'U'), ('చి', '|'), ('ని', '|'), ('ద్రో', 'U'), ('సి', '|'), ('శు', 'U'), ('ద్ధ', '|'), ('గం', 'U'), ('గ', '|'), ('యె', 'U'), ('త్తి', '|'), ('న', '|'), ('య', '|'), ('టు', '|'), ('ము', 'U'), ('క్తి', '|'), ('గాం', 'U'), ('చ', '|'), ('వ', '|'), ('ల', '|'), ('యు', '|'), ('మ', '|'), ('ద', '|'), ('రి', '|'), ('పు', '|'), ('వి', '|'), ('ఫా', 'U'), ('ల', '|'), ('ము', '|'), ('ని', '|'), ('జ', '|'), ('న', '|'), ('హృ', '|'), ('ద', '|'), ('య', '|'), ('లో', 'U'), ('ల', '|'), ('వే', 'U'), ('ణు', '|'), ('గో', 'U'), ('పా', 'U'), ('ల', '|'), ('భ', 'U'), ('క్త', '|'), ('సం', 'U'), ('త్రా', 'U'), ('ణ', '|'), ('శీ', 'U'), ('ల', '|')]",1.0,-1.0,1.0,1.0,1.0,-1.0
seesamu,"మంగలకత్తిపై నంగవేసిన యట్లు । క్రోడెత్రాచును ముద్దులాడినట్లు
కొఱవితో నడినెత్తి గోఁకినట్లీనిన । పులితోడ సాముకుఁ బూనినట్లు
పెదసింగమును ఱాల నదలించికొనినట్లు । మినుకువజ్రపురవ మ్రింగినట్లు
కొర్తిమీదను గొంతు కూర్చుండుకొనినట్లు । నూతిపైఁ బసిబిడ్డ నునిచినట్లు",vupajaathi,Venugopaala,"[('మం', 'U'), ('గ', '|'), ('ల', '|'), ('క', 'U'), ('త్తి', '|'), ('పై', 'U'), ('నం', 'U'), ('గ', '|'), ('వే', 'U'), ('సి', '|'), ('న', '|'), ('య', 'U'), ('ట్లు', '|'), ('క్రో', 'U'), ('డె', '|'), ('త్రా', 'U'), ('చు', '|'), ('ను', '|'), ('ము', 'U'), ('ద్దు', '|'), ('లా', 'U'), ('డి', '|'), ('న', 'U'), ('ట్లు', '|'), ('కొ', '|'), ('ఱ', '|'), ('వి', '|'), ('తో', 'U'), ('న', '|'), ('డి', '|'), ('నె', 'U'), ('త్తి', '|'), ('గో', 'U'), ('కి', '|'), ('న', 'U'), ('ట్లీ', 'U'), ('ని', '|'), ('న', '|'), ('పు', '|'), ('లి', '|'), ('తో', 'U'), ('డ', '|'), ('సా', 'U'), ('ము', '|'), ('కు', '|'), ('బూ', 'U'), ('ని', '|'), ('న', 'U'), ('ట్లు', '|'), ('పె', '|'), ('ద', '|'), ('సిం', 'U'), ('గ', '|'), ('ము', '|'), ('ను', '|'), ('ఱా', 'U'), ('ల', '|'), ('న', '|'), ('ద', '|'), ('లిం', 'U'), ('చి', '|'), ('కొ', '|'), ('ని', '|'), ('న', 'U'), ('ట్లు', '|'), ('మి', '|'), ('ను', '|'), ('కు', '|'), ('వ', '|'), ('జ్ర', '|'), ('పు', '|'), ('ర', '|'), ('వ', '|'), ('మ్రిం', 'U'), ('గి', '|'), ('న', 'U'), ('ట్లు', '|'), ('కొ', 'U'), ('ర్తి', '|'), ('మీ', 'U'), ('ద', '|'), ('ను', '|'), ('గొం', 'U'), ('తు', '|'), ('కూ', 'U'), ('ర్చుం', 'U'), ('డు', '|'), ('కొ', '|'), ('ని', '|'), ('న', 'U'), ('ట్లు', '|'), ('నూ', 'U'), ('తి', '|'), ('పై', 'U'), ('బ', '|'), ('సి', '|'), ('బి', 'U'), ('డ్డ', '|'), ('ను', '|'), ('ని', '|'), ('చి', '|'), ('న', 'U'), ('ట్లు', '|')]",1.0,-1.0,1.0,1.0,1.0,-1.0
teytageethi,"క్ష్మాతలేంద్రుని సేవ కష్టంబు వార- । లిచ్చిరని గర్వమున నిక్కి మెచ్చరాదు
మదరిపువిఫాల మునిజనహృదయలోల । వేణుగోపాల భక్తసంత్రాణశీల!",vupajaathi,Venugopaala,"[('క్ష్మా', 'U'), ('త', '|'), ('లేం', 'U'), ('ద్రు', '|'), ('ని', '|'), ('సే', 'U'), ('వ', '|'), ('క', 'U'), ('ష్టం', 'U'), ('బు', '|'), ('వా', 'U'), ('ర', '|'), ('లి', 'U'), ('చ్చి', '|'), ('ర', '|'), ('ని', '|'), ('గ', 'U'), ('ర్వ', '|'), ('ము', '|'), ('న', '|'), ('ని', 'U'), ('క్కి', '|'), ('మె', 'U'), ('చ్చ', '|'), ('రా', 'U'), ('దు', '|'), ('మ', '|'), ('ద', '|'), ('రి', '|'), ('పు', '|'), ('వి', '|'), ('ఫా', 'U'), ('ల', '|'), ('ము', '|'), ('ని', '|'), ('జ', '|'), ('న', '|'), ('హృ', '|'), ('ద', '|'), ('య', '|'), ('లో', 'U'), ('ల', '|'), ('వే', 'U'), ('ణు', '|'), ('గో', 'U'), ('పా', 'U'), ('ల', '|'), ('భ', 'U'), ('క్త', '|'), ('సం', 'U'), ('త్రా', 'U'), ('ణ', '|'), ('శీ', 'U'), ('ల', '|')]",1.0,-1.0,1.0,1.0,1.0,-1.0
seesamu,"మకరందపానంబు మధుకరాళికిఁ గాక । జోఱీగఁ చవిగని జుఱ్ఱగలదె
హరిపదాబ్జధ్యాన మమనస్కులకుఁ గాక । చెనఁటి సద్భక్తితోఁ జేయగలడె
కవితారసజ్ఞత సువివేకులకుఁ గాక । యవివేకి చెవియొగ్గి యాఁనగలడె
పద్మినీరతి వేడ్క పాంచాలునకుఁ గాక । దేబైన షండుఁడు తెలియఁగలఁడె",vupajaathi,Venugopaala,"[('మ', '|'), ('క', '|'), ('రం', 'U'), ('ద', '|'), ('పా', 'U'), ('నం', 'U'), ('బు', '|'), ('మ', '|'), ('ధు', '|'), ('క', '|'), ('రా', 'U'), ('ళి', '|'), ('కి', '|'), ('గా', 'U'), ('క', '|'), ('జో', 'U'), ('ఱీ', 'U'), ('గ', '|'), ('చ', '|'), ('వి', '|'), ('గ', '|'), ('ని', '|'), ('జు', 'U'), ('ఱ్ఱ', '|'), ('గ', '|'), ('ల', '|'), ('దె', '|'), ('హ', '|'), ('రి', '|'), ('ప', '|'), ('దా', 'U'), ('బ్జ', 'U'), ('ధ్యా', 'U'), ('న', '|'), ('మ', '|'), ('మ', '|'), ('న', 'U'), ('స్కు', '|'), ('ల', '|'), ('కు', '|'), ('గా', 'U'), ('క', '|'), ('చె', '|'), ('న', '|'), ('టి', '|'), ('స', 'U'), ('ద్భ', 'U'), ('క్తి', '|'), ('తో', 'U'), ('జే', 'U'), ('య', '|'), ('గ', '|'), ('ల', '|'), ('డె', '|'), ('క', '|'), ('వి', '|'), ('తా', 'U'), ('ర', '|'), ('స', 'U'), ('జ్ఞ', '|'), ('త', '|'), ('సు', '|'), ('వి', '|'), ('వే', 'U'), ('కు', '|'), ('ల', '|'), ('కు', '|'), ('గా', 'U'), ('క', '|'), ('య', '|'), ('వి', '|'), ('వే', 'U'), ('కి', '|'), ('చె', '|'), ('వి', '|'), ('యొ', 'U'), ('గ్గి', '|'), ('యా', 'U'), ('న', '|'), ('గ', '|'), ('ల', '|'), ('డె', '|'), ('ప', 'U'), ('ద్మి', '|'), ('నీ', 'U'), ('ర', '|'), ('తి', '|'), ('వే', 'U'), ('డ్క', '|'), ('పాం', 'U'), ('చా', 'U'), ('లు', '|'), ('న', '|'), ('కు', '|'), ('గా', 'U'), ('క', '|'), ('దే', 'U'), ('బై', 'U'), ('న', '|'), ('షం', 'U'), ('డు', '|'), ('డు', '|'), ('తె', '|'), ('లి', '|'), ('య', '|'), ('గ', '|'), ('ల', '|'), ('డె', '|')]",0.9583333333333334,-1.0,1.0,1.0,0.875,-1.0
teytageethi,"రాజసభలఁ బరోపకారములు తెలుప । శ్రేష్ఠులే కాక దుష్టులు చెప్పఁగలరె
మదరిపువిఫాల మునిజనహృదయలోల । వేణుగోపాల భక్తసంత్రాణశీల!",vupajaathi,Venugopaala,"[('రా', 'U'), ('జ', '|'), ('స', '|'), ('భ', '|'), ('ల', '|'), ('బ', '|'), ('రో', 'U'), ('ప', '|'), ('కా', 'U'), ('ర', '|'), ('ము', '|'), ('లు', '|'), ('తె', '|'), ('లు', '|'), ('ప', '|'), ('శ్రే', 'U'), ('ష్ఠు', '|'), ('లే', 'U'), ('కా', 'U'), ('క', '|'), ('దు', 'U'), ('ష్టు', '|'), ('లు', '|'), ('చె', 'U'), ('ప్ప', '|'), ('గ', '|'), ('ల', '|'), ('రె', '|'), ('మ', '|'), ('ద', '|'), ('రి', '|'), ('పు', '|'), ('వి', '|'), ('ఫా', 'U'), ('ల', '|'), ('ము', '|'), ('ని', '|'), ('జ', '|'), ('న', '|'), ('హృ', '|'), ('ద', '|'), ('య', '|'), ('లో', 'U'), ('ల', '|'), ('వే', 'U'), ('ణు', '|'), ('గో', 'U'), ('పా', 'U'), ('ల', '|'), ('భ', 'U'), ('క్త', '|'), ('సం', 'U'), ('త్రా', 'U'), ('ణ', '|'), ('శీ', 'U'), ('ల', '|')]",1.0,-1.0,1.0,1.0,1.0,-1.0
seesamu,"మద్యపాయీలతో మచ్చిక కారాదు । బడవాల గొప్పగాఁ బట్టరాదు
శాత్రవునింట భోజనము చేయఁగరాదు । సన్యాసులను గేలి సలుపరాదు
దేవభూసురవృత్తి తెరువు పోవఁగరాదు । పరునాలిపై నాస పడగఁరాదు
కంకోష్ఠునకు నధికార మియ్యగరాదు । చెలగి లోభినిఁ జేర బిలువరాదు",vupajaathi,Venugopaala,"[('మ', 'U'), ('ద్య', '|'), ('పా', 'U'), ('యీ', 'U'), ('ల', '|'), ('తో', 'U'), ('మ', 'U'), ('చ్చి', '|'), ('క', '|'), ('కా', 'U'), ('రా', 'U'), ('దు', '|'), ('బ', '|'), ('డ', '|'), ('వా', 'U'), ('ల', '|'), ('గొ', 'U'), ('ప్ప', '|'), ('గా', 'U'), ('బ', 'U'), ('ట్ట', '|'), ('రా', 'U'), ('దు', '|'), ('శా', 'U'), ('త్ర', '|'), ('వు', '|'), ('నిం', 'U'), ('ట', '|'), ('భో', 'U'), ('జ', '|'), ('న', '|'), ('ము', '|'), ('చే', 'U'), ('య', '|'), ('గ', '|'), ('రా', 'U'), ('దు', '|'), ('స', 'U'), ('న్యా', 'U'), ('సు', '|'), ('ల', '|'), ('ను', '|'), ('గే', 'U'), ('లి', '|'), ('స', '|'), ('లు', '|'), ('ప', '|'), ('రా', 'U'), ('దు', '|'), ('దే', 'U'), ('వ', '|'), ('భూ', 'U'), ('సు', '|'), ('ర', '|'), ('వృ', 'U'), ('త్తి', '|'), ('తె', '|'), ('రు', '|'), ('వు', '|'), ('పో', 'U'), ('వ', '|'), ('గ', '|'), ('రా', 'U'), ('దు', '|'), ('ప', '|'), ('రు', '|'), ('నా', 'U'), ('లి', '|'), ('పై', 'U'), ('నా', 'U'), ('స', '|'), ('ప', '|'), ('డ', '|'), ('గ', '|'), ('రా', 'U'), ('దు', '|'), ('కం', 'U'), ('కో', 'U'), ('ష్ఠు', '|'), ('న', '|'), ('కు', '|'), ('న', '|'), ('ధి', '|'), ('కా', 'U'), ('ర', '|'), ('మి', 'U'), ('య్య', '|'), ('గ', '|'), ('రా', 'U'), ('దు', '|'), ('చె', '|'), ('ల', '|'), ('గి', '|'), ('లో', 'U'), ('భి', '|'), ('ని', '|'), ('జే', 'U'), ('ర', '|'), ('బి', '|'), ('లు', '|'), ('వ', '|'), ('రా', 'U'), ('దు', '|')]",1.0,-1.0,1.0,1.0,1.0,-1.0
teytageethi,"లంచగాండ్లను దగవుల నుంచరాదు । మాతృపితరుల యెడ భక్తి మఱువరాదు
మదరిపువిఫాల మునిజనహృదయలోల । వేణుగోపాల భక్తసంత్రాణశీల!",vupajaathi,Venugopaala,"[('లం', 'U'), ('చ', '|'), ('గాం', 'U'), ('డ్ల', '|'), ('ను', '|'), ('ద', '|'), ('గ', '|'), ('వు', '|'), ('ల', '|'), ('నుం', 'U'), ('చ', '|'), ('రా', 'U'), ('దు', '|'), ('మా', 'U'), ('తృ', '|'), ('పి', '|'), ('త', '|'), ('రు', '|'), ('ల', '|'), ('యె', '|'), ('డ', '|'), ('భ', 'U'), ('క్తి', '|'), ('మ', '|'), ('ఱు', '|'), ('వ', '|'), ('రా', 'U'), ('దు', '|'), ('మ', '|'), ('ద', '|'), ('రి', '|'), ('పు', '|'), ('వి', '|'), ('ఫా', 'U'), ('ల', '|'), ('ము', '|'), ('ని', '|'), ('జ', '|'), ('న', '|'), ('హృ', '|'), ('ద', '|'), ('య', '|'), ('లో', 'U'), ('ల', '|'), ('వే', 'U'), ('ణు', '|'), ('గో', 'U'), ('పా', 'U'), ('ల', '|'), ('భ', 'U'), ('క్త', '|'), ('సం', 'U'), ('త్రా', 'U'), ('ణ', '|'), ('శీ', 'U'), ('ల', '|')]",1.0,-1.0,1.0,1.0,1.0,-1.0
seesamu,"మన్ననలేని భూమండలేంద్రుని కొల్వు । లాలింపనేరని లంజ పొందు
వచ్చిపోవనియట్టివాని చుట్టఱికంబు । బుద్ధితక్కువవాని యొద్ద ఋణము
సరిగానివానితో సరసోక్తులాడుట । బలవంతు నింటను బడుచుఁ గొనుట
సామాన్యజాతితో జగడంబు పూనుట । మూర్ఖుని మైత్రికి మోహపడుట",vupajaathi,Venugopaala,"[('మ', 'U'), ('న్న', '|'), ('న', '|'), ('లే', 'U'), ('ని', '|'), ('భూ', 'U'), ('మం', 'U'), ('డ', '|'), ('లేం', 'U'), ('ద్రు', '|'), ('ని', '|'), ('కొ', 'U'), ('ల్వు', '|'), ('లా', 'U'), ('లిం', 'U'), ('ప', '|'), ('నే', 'U'), ('ర', '|'), ('ని', '|'), ('లం', 'U'), ('జ', '|'), ('పొం', 'U'), ('దు', '|'), ('వ', 'U'), ('చ్చి', '|'), ('పో', 'U'), ('వ', '|'), ('ని', '|'), ('య', 'U'), ('ట్టి', '|'), ('వా', 'U'), ('ని', '|'), ('చు', 'U'), ('ట్ట', '|'), ('ఱి', '|'), ('కం', 'U'), ('బు', '|'), ('బు', 'U'), ('ద్ధి', '|'), ('త', 'U'), ('క్కు', '|'), ('వ', '|'), ('వా', 'U'), ('ని', '|'), ('యొ', 'U'), ('ద్ద', '|'), ('ఋ', '|'), ('ణ', '|'), ('ము', '|'), ('స', '|'), ('రి', '|'), ('గా', 'U'), ('ని', '|'), ('వా', 'U'), ('ని', '|'), ('తో', 'U'), ('స', '|'), ('ర', '|'), ('సో', 'U'), ('క్తు', '|'), ('లా', 'U'), ('డు', '|'), ('ట', '|'), ('బ', '|'), ('ల', '|'), ('వం', 'U'), ('తు', '|'), ('నిం', 'U'), ('ట', '|'), ('ను', '|'), ('బ', '|'), ('డు', '|'), ('చు', '|'), ('గొ', '|'), ('ను', '|'), ('ట', '|'), ('సా', 'U'), ('మా', 'U'), ('న్య', '|'), ('జా', 'U'), ('తి', '|'), ('తో', 'U'), ('జ', '|'), ('గ', '|'), ('డం', 'U'), ('బు', '|'), ('పూ', 'U'), ('ను', '|'), ('ట', '|'), ('మూ', 'U'), ('ర్ఖు', '|'), ('ని', '|'), ('మై', 'U'), ('త్రి', '|'), ('కి', '|'), ('మో', 'U'), ('హ', '|'), ('ప', '|'), ('డు', '|'), ('ట', '|')]",0.9583333333333334,-1.0,1.0,1.0,0.875,-1.0
teytageethi,"అధమమిది భువి నరులకు నజునకైన । మఱచి యప్పని చేసిన మానహాని
మదరిపువిఫాల మునిజనహృదయలోల । వేణుగోపాల భక్తసంత్రాణశీల!",vupajaathi,Venugopaala,"[('అ', '|'), ('ధ', '|'), ('మ', '|'), ('మి', '|'), ('ది', '|'), ('భు', '|'), ('వి', '|'), ('న', '|'), ('రు', '|'), ('ల', '|'), ('కు', '|'), ('న', '|'), ('జు', '|'), ('న', '|'), ('కై', 'U'), ('న', '|'), ('మ', '|'), ('ఱ', '|'), ('చి', '|'), ('య', 'U'), ('ప్ప', '|'), ('ని', '|'), ('చే', 'U'), ('సి', '|'), ('న', '|'), ('మా', 'U'), ('న', '|'), ('హా', 'U'), ('ని', '|'), ('మ', '|'), ('ద', '|'), ('రి', '|'), ('పు', '|'), ('వి', '|'), ('ఫా', 'U'), ('ల', '|'), ('ము', '|'), ('ని', '|'), ('జ', '|'), ('న', '|'), ('హృ', '|'), ('ద', '|'), ('య', '|'), ('లో', 'U'), ('ల', '|'), ('వే', 'U'), ('ణు', '|'), ('గో', 'U'), ('పా', 'U'), ('ల', '|'), ('భ', 'U'), ('క్త', '|'), ('సం', 'U'), ('త్రా', 'U'), ('ణ', '|'), ('శీ', 'U'), ('ల', '|')]",0.9166666666666666,-1.0,1.0,1.0,0.75,-1.0
seesamu,"మన్నించు నరపతి మమత తప్పిన వెన్క । నుత్తముం డాభూమి నుండరాదు
పైవిటుం డొక్కఁ డేర్పడినట్టి వేశ్యపై । నెంతవాఁడైన నాసింపరాదు
అన్నదమ్ములతో గొట్లాడి మానసము ని- । ర్జింపక తా తామసింపరాదు
పగతుఁడు నెనరుగా భాషించినను వాని । నెయ్యంబుగొని చనువియ్యరాదు",vupajaathi,Venugopaala,"[('మ', 'U'), ('న్నిం', 'U'), ('చు', '|'), ('న', '|'), ('ర', '|'), ('ప', '|'), ('తి', '|'), ('మ', '|'), ('మ', '|'), ('త', '|'), ('త', 'U'), ('ప్పి', '|'), ('న', '|'), ('వె', 'U'), ('న్క', '|'), ('ను', 'U'), ('త్త', '|'), ('ముం', 'U'), ('డా', 'U'), ('భూ', 'U'), ('మి', '|'), ('నుం', 'U'), ('డ', '|'), ('రా', 'U'), ('దు', '|'), ('పై', 'U'), ('వి', '|'), ('టుం', 'U'), ('డొ', 'U'), ('క్క', '|'), ('డే', 'U'), ('ర్ప', '|'), ('డి', '|'), ('న', 'U'), ('ట్టి', '|'), ('వే', 'U'), ('శ్య', '|'), ('పై', 'U'), ('నెం', 'U'), ('త', '|'), ('వా', 'U'), ('డై', 'U'), ('న', '|'), ('నా', 'U'), ('సిం', 'U'), ('ప', '|'), ('రా', 'U'), ('దు', '|'), ('అ', 'U'), ('న్న', '|'), ('ద', 'U'), ('మ్ము', '|'), ('ల', '|'), ('తో', 'U'), ('గొ', 'U'), ('ట్లా', 'U'), ('డి', '|'), ('మా', 'U'), ('న', '|'), ('స', '|'), ('ము', '|'), ('ని', 'U'), ('ర్జిం', 'U'), ('ప', '|'), ('క', '|'), ('తా', 'U'), ('తా', 'U'), ('మ', '|'), ('సిం', 'U'), ('ప', '|'), ('రా', 'U'), ('దు', '|'), ('ప', '|'), ('గ', '|'), ('తు', '|'), ('డు', '|'), ('నె', '|'), ('న', '|'), ('రు', '|'), ('గా', 'U'), ('భా', 'U'), ('షిం', 'U'), ('చి', '|'), ('న', '|'), ('ను', '|'), ('వా', 'U'), ('ని', '|'), ('నె', 'U'), ('య్యం', 'U'), ('బు', '|'), ('గొ', '|'), ('ని', '|'), ('చ', '|'), ('ను', '|'), ('వి', 'U'), ('య్య', '|'), ('రా', 'U'), ('దు', '|')]",0.90625,-1.0,1.0,0.96875,0.75,-1.0
teytageethi,"చెలులతో రాజకార్యముల్ చెప్పరాదు । పలువ మంత్రైన దొరలకుఁ బరువులేదు
మదరిపువిఫాల మునిజనహృదయలోల । వేణుగోపాల భక్తసంత్రాణశీల!",vupajaathi,Venugopaala,"[('చె', '|'), ('లు', '|'), ('ల', '|'), ('తో', 'U'), ('రా', 'U'), ('జ', '|'), ('కా', 'U'), ('ర్య', '|'), ('ము', 'U'), ('ల్చె', 'U'), ('ప్ప', '|'), ('రా', 'U'), ('దు', '|'), ('ప', '|'), ('లు', '|'), ('వ', '|'), ('మం', 'U'), ('త్రై', 'U'), ('న', '|'), ('దొ', '|'), ('ర', '|'), ('ల', '|'), ('కు', '|'), ('బ', '|'), ('రు', '|'), ('వు', '|'), ('లే', 'U'), ('దు', '|'), ('మ', '|'), ('ద', '|'), ('రి', '|'), ('పు', '|'), ('వి', '|'), ('ఫా', 'U'), ('ల', '|'), ('ము', '|'), ('ని', '|'), ('జ', '|'), ('న', '|'), ('హృ', '|'), ('ద', '|'), ('య', '|'), ('లో', 'U'), ('ల', '|'), ('వే', 'U'), ('ణు', '|'), ('గో', 'U'), ('పా', 'U'), ('ల', '|'), ('భ', 'U'), ('క్త', '|'), ('సం', 'U'), ('త్రా', 'U'), ('ణ', '|'), ('శీ', 'U'), ('ల', '|')]",1.0,-1.0,1.0,1.0,1.0,-1.0
seesamu,"రణభేరి తగవైన రాజు శ్వేతచ్ఛత్ర । మేనుఁగు నివి నాలు గేకరాశి
మారుండు కీరంబు మందసమీరుండు । రాకాసుధాకరుం డేకరాశి
వేదము ల్గోవులు విప్రోత్తములు దర్భ । లేర్పరింపఁగ నాలు గేకరాశి
మూఢాత్ముఁ డత్యంతమూర్ఖుఁడు గాడిద । కాకి వీరలు నాలు గేకరాశి",vupajaathi,Venugopaala,"[('ర', '|'), ('ణ', '|'), ('భే', 'U'), ('రి', '|'), ('త', '|'), ('గ', '|'), ('వై', 'U'), ('న', '|'), ('రా', 'U'), ('జు', 'U'), ('శ్వే', 'U'), ('త', 'U'), ('చ్ఛ', '|'), ('త్ర', '|'), ('మే', 'U'), ('ను', '|'), ('గు', '|'), ('ని', '|'), ('వి', '|'), ('నా', 'U'), ('లు', '|'), ('గే', 'U'), ('క', '|'), ('రా', 'U'), ('శి', '|'), ('మా', 'U'), ('రుం', 'U'), ('డు', '|'), ('కీ', 'U'), ('రం', 'U'), ('బు', '|'), ('మం', 'U'), ('ద', '|'), ('స', '|'), ('మీ', 'U'), ('రుం', 'U'), ('డు', '|'), ('రా', 'U'), ('కా', 'U'), ('సు', '|'), ('ధా', 'U'), ('క', '|'), ('రుం', 'U'), ('డే', 'U'), ('క', '|'), ('రా', 'U'), ('శి', '|'), ('వే', 'U'), ('ద', '|'), ('ము', 'U'), ('ల్గో', 'U'), ('వు', '|'), ('లు', '|'), ('వి', '|'), ('ప్రో', 'U'), ('త్త', '|'), ('ము', '|'), ('లు', '|'), ('ద', 'U'), ('ర్భ', '|'), ('లే', 'U'), ('ర్ప', '|'), ('రిం', 'U'), ('ప', '|'), ('గ', '|'), ('నా', 'U'), ('లు', '|'), ('గే', 'U'), ('క', '|'), ('రా', 'U'), ('శి', '|'), ('మూ', 'U'), ('ఢా', 'U'), ('త్ము', '|'), ('డ', 'U'), ('త్యం', 'U'), ('త', '|'), ('మూ', 'U'), ('ర్ఖు', '|'), ('డు', '|'), ('గా', 'U'), ('డి', '|'), ('ద', '|'), ('కా', 'U'), ('కి', '|'), ('వీ', 'U'), ('ర', '|'), ('లు', '|'), ('నా', 'U'), ('లు', '|'), ('గే', 'U'), ('క', '|'), ('రా', 'U'), ('శి', '|')]",0.5,-1.0,0.875,0.5,0.125,-1.0
teytageethi,"ద్విపదకావ్యంబు ముదికాంత దిడ్డిగంత । యియ్యనేరని రండ నాల్గేక రాశి
మదరిపువిఫాల మునిజనహృదయలోల । వేణుగోపాల భక్తసంత్రాణశీల!",vupajaathi,Venugopaala,"[('ద్వి', '|'), ('ప', '|'), ('ద', '|'), ('కా', 'U'), ('వ్యం', 'U'), ('బు', '|'), ('ము', '|'), ('ది', '|'), ('కాం', 'U'), ('త', '|'), ('ది', 'U'), ('డ్డి', '|'), ('గం', 'U'), ('త', '|'), ('యి', 'U'), ('య్య', '|'), ('నే', 'U'), ('ర', '|'), ('ని', '|'), ('రం', 'U'), ('డ', '|'), ('నా', 'U'), ('ల్గే', 'U'), ('క', '|'), ('రా', 'U'), ('శి', '|'), ('మ', '|'), ('ద', '|'), ('రి', '|'), ('పు', '|'), ('వి', '|'), ('ఫా', 'U'), ('ల', '|'), ('ము', '|'), ('ని', '|'), ('జ', '|'), ('న', '|'), ('హృ', '|'), ('ద', '|'), ('య', '|'), ('లో', 'U'), ('ల', '|'), ('వే', 'U'), ('ణు', '|'), ('గో', 'U'), ('పా', 'U'), ('ల', '|'), ('భ', 'U'), ('క్త', '|'), ('సం', 'U'), ('త్రా', 'U'), ('ణ', '|'), ('శీ', 'U'), ('ల', '|')]",0.9166666666666666,-1.0,1.0,1.0,0.75,-1.0
seesamu,"రతికి దార్కొని సిగ్గు రణమున భీతి భో- । జనకాలమందున సంశయంబు
యిచ్చెడిదేఁ జింత నిచ్చినయెడ లేమి । వచ్చినవానిపై హుంకరింపు
తగవున మొగమోటదాన మిచ్చకులకుఁ । దపమొనర్చెడివేళఁ దామసంబు
గూర్మి చేసినచోటఁ గూహకం బద్భుత- । ద్రోహవర్తనులపై యీహదృష్టి",vupajaathi,Venugopaala,"[('ర', '|'), ('తి', '|'), ('కి', '|'), ('దా', 'U'), ('ర్కొ', '|'), ('ని', '|'), ('సి', 'U'), ('గ్గు', '|'), ('ర', '|'), ('ణ', '|'), ('ము', '|'), ('న', '|'), ('భీ', 'U'), ('తి', '|'), ('భో', 'U'), ('జ', '|'), ('న', '|'), ('కా', 'U'), ('ల', '|'), ('మం', 'U'), ('దు', '|'), ('న', '|'), ('సం', 'U'), ('శ', '|'), ('యం', 'U'), ('బు', '|'), ('యి', 'U'), ('చ్చె', '|'), ('డి', '|'), ('దే', 'U'), ('జిం', 'U'), ('త', '|'), ('ని', 'U'), ('చ్చి', '|'), ('న', '|'), ('యె', '|'), ('డ', '|'), ('లే', 'U'), ('మి', '|'), ('వ', 'U'), ('చ్చి', '|'), ('న', '|'), ('వా', 'U'), ('ని', '|'), ('పై', 'U'), ('హుం', 'U'), ('క', '|'), ('రిం', 'U'), ('పు', '|'), ('త', '|'), ('గ', '|'), ('వు', '|'), ('న', '|'), ('మొ', '|'), ('గ', '|'), ('మో', 'U'), ('ట', '|'), ('దా', 'U'), ('న', '|'), ('మి', 'U'), ('చ్చ', '|'), ('కు', '|'), ('ల', '|'), ('కు', '|'), ('ద', '|'), ('ప', '|'), ('మొ', '|'), ('న', 'U'), ('ర్చె', '|'), ('డి', '|'), ('వే', 'U'), ('ళ', '|'), ('దా', 'U'), ('మ', '|'), ('సం', 'U'), ('బు', '|'), ('గూ', 'U'), ('ర్మి', '|'), ('చే', 'U'), ('సి', '|'), ('న', '|'), ('చో', 'U'), ('ట', '|'), ('గూ', 'U'), ('హ', '|'), ('కం', 'U'), ('బ', 'U'), ('ద్భు', '|'), ('త', '|'), ('ద్రో', 'U'), ('హ', '|'), ('వ', 'U'), ('ర్త', '|'), ('ను', '|'), ('ల', '|'), ('పై', 'U'), ('యీ', 'U'), ('హ', '|'), ('దృ', 'U'), ('ష్టి', '|')]",0.9583333333333334,-1.0,1.0,1.0,0.875,-1.0
teytageethi,"అవని సత్కీర్తికోసమై యాశనొందు । రాజవరులకు నివియఁ గారాని పనులు
మదరిపువిఫాల మునిజనహృదయలోల । వేణుగోపాల భక్తసంత్రాణశీల!",vupajaathi,Venugopaala,"[('అ', '|'), ('వ', '|'), ('ని', '|'), ('స', 'U'), ('త్కీ', 'U'), ('ర్తి', '|'), ('కో', 'U'), ('స', '|'), ('మై', 'U'), ('యా', 'U'), ('శ', '|'), ('నొం', 'U'), ('దు', '|'), ('రా', 'U'), ('జ', '|'), ('వ', '|'), ('రు', '|'), ('ల', '|'), ('కు', '|'), ('ని', '|'), ('వి', '|'), ('య', '|'), ('గా', 'U'), ('రా', 'U'), ('ని', '|'), ('ప', '|'), ('ను', '|'), ('లు', '|'), ('మ', '|'), ('ద', '|'), ('రి', '|'), ('పు', '|'), ('వి', '|'), ('ఫా', 'U'), ('ల', '|'), ('ము', '|'), ('ని', '|'), ('జ', '|'), ('న', '|'), ('హృ', '|'), ('ద', '|'), ('య', '|'), ('లో', 'U'), ('ల', '|'), ('వే', 'U'), ('ణు', '|'), ('గో', 'U'), ('పా', 'U'), ('ల', '|'), ('భ', 'U'), ('క్త', '|'), ('సం', 'U'), ('త్రా', 'U'), ('ణ', '|'), ('శీ', 'U'), ('ల', '|')]",1.0,-1.0,1.0,1.0,1.0,-1.0
seesamu,"రాజులమంచు బొజ్జలు పెంచగా రాదు । అని మొనలో నఱుకాడవలయు
మంత్రులమని బొంకుమాటలాడిన గాదు । యిప్పింప నేర్చి తామియ్యవలయు
కవులమంచని వింతగా నల్లినను గాదు । చిత్రప్రబంధముల్ సేయవలయు
తపసులమని నిక్కి తలలు పెంచినఁ గాదు । నిర్వికల్పసమాధి నెఱుగవలయు",vupajaathi,Venugopaala,"[('రా', 'U'), ('జు', '|'), ('ల', '|'), ('మం', 'U'), ('చు', '|'), ('బొ', 'U'), ('జ్జ', '|'), ('లు', '|'), ('పెం', 'U'), ('చ', '|'), ('గా', 'U'), ('రా', 'U'), ('దు', '|'), ('అ', '|'), ('ని', '|'), ('మొ', '|'), ('న', '|'), ('లో', 'U'), ('న', '|'), ('ఱు', '|'), ('కా', 'U'), ('డ', '|'), ('వ', '|'), ('ల', '|'), ('యు', '|'), ('మం', 'U'), ('త్రు', '|'), ('ల', '|'), ('మ', '|'), ('ని', '|'), ('బొం', 'U'), ('కు', '|'), ('మా', 'U'), ('ట', '|'), ('లా', 'U'), ('డి', '|'), ('న', '|'), ('గా', 'U'), ('దు', '|'), ('యి', 'U'), ('ప్పిం', 'U'), ('ప', '|'), ('నే', 'U'), ('ర్చి', '|'), ('తా', 'U'), ('మి', 'U'), ('య్య', '|'), ('వ', '|'), ('ల', '|'), ('యు', '|'), ('క', '|'), ('వు', '|'), ('ల', '|'), ('మం', 'U'), ('చ', '|'), ('ని', '|'), ('విం', 'U'), ('త', '|'), ('గా', 'U'), ('న', 'U'), ('ల్లి', '|'), ('న', '|'), ('ను', '|'), ('గా', 'U'), ('దు', '|'), ('చి', '|'), ('త్ర', '|'), ('ప్ర', '|'), ('బం', 'U'), ('ధ', '|'), ('ము', 'U'), ('ల్సే', 'U'), ('య', '|'), ('వ', '|'), ('ల', '|'), ('యు', '|'), ('త', '|'), ('ప', '|'), ('సు', '|'), ('ల', '|'), ('మ', '|'), ('ని', '|'), ('ని', 'U'), ('క్కి', '|'), ('త', '|'), ('ల', '|'), ('లు', '|'), ('పెం', 'U'), ('చి', '|'), ('న', '|'), ('గా', 'U'), ('దు', '|'), ('ని', 'U'), ('ర్వి', '|'), ('క', 'U'), ('ల్ప', '|'), ('స', '|'), ('మా', 'U'), ('ధి', '|'), ('నె', '|'), ('ఱు', '|'), ('గ', '|'), ('వ', '|'), ('ల', '|'), ('యు', '|')]",0.71875,-1.0,1.0,0.90625,0.25,-1.0
teytageethi,"యిచ్చినను నేమి వినయోక్తు లెఱుఁగవలయు । గడుసుకూఁతల సత్కీర్తి కలుగబోదు
మదరిపువిఫాల మునిజనహృదయలోల । వేణుగోపాల భక్తసంత్రాణశీల!",vupajaathi,Venugopaala,"[('యి', 'U'), ('చ్చి', '|'), ('న', '|'), ('ను', '|'), ('నే', 'U'), ('మి', '|'), ('వి', '|'), ('న', '|'), ('యో', 'U'), ('క్తు', '|'), ('లె', '|'), ('ఱు', '|'), ('గ', '|'), ('వ', '|'), ('ల', '|'), ('యు', '|'), ('గ', '|'), ('డు', '|'), ('సు', '|'), ('కూ', 'U'), ('త', '|'), ('ల', '|'), ('స', 'U'), ('త్కీ', 'U'), ('ర్తి', '|'), ('క', '|'), ('లు', '|'), ('గ', '|'), ('బో', 'U'), ('దు', '|'), ('మ', '|'), ('ద', '|'), ('రి', '|'), ('పు', '|'), ('వి', '|'), ('ఫా', 'U'), ('ల', '|'), ('ము', '|'), ('ని', '|'), ('జ', '|'), ('న', '|'), ('హృ', '|'), ('ద', '|'), ('య', '|'), ('లో', 'U'), ('ల', '|'), ('వే', 'U'), ('ణు', '|'), ('గో', 'U'), ('పా', 'U'), ('ల', '|'), ('భ', 'U'), ('క్త', '|'), ('సం', 'U'), ('త్రా', 'U'), ('ణ', '|'), ('శీ', 'U'), ('ల', '|')]",0.9166666666666666,-1.0,1.0,1.0,0.75,-1.0
seesamu,"రామాండకథలెల్ల మేమెఱుంగనియవె । కాటమరాజుకుఁ గర్ణుడోడె
భోగతకథలంత పోల నెఱుంగమే । వేయి గణేశుఁ డర్జుని నిరఁగబొడిచె
భారతకథలలో బాలరాజొక్కఁడు । కుంభకర్ణుని బట్టి కూలదన్నె
కందపురాణాలకథ పిల్లకాటేరి । వీరభద్రుని నలయించి చంపె",vupajaathi,Venugopaala,"[('రా', 'U'), ('మాం', 'U'), ('డ', '|'), ('క', '|'), ('థ', '|'), ('లె', 'U'), ('ల్ల', '|'), ('మే', 'U'), ('మె', '|'), ('ఱుం', 'U'), ('గ', '|'), ('ని', '|'), ('య', '|'), ('వె', '|'), ('కా', 'U'), ('ట', '|'), ('మ', '|'), ('రా', 'U'), ('జు', '|'), ('కు', '|'), ('గ', 'U'), ('ర్ణు', '|'), ('డో', 'U'), ('డె', '|'), ('భో', 'U'), ('గ', '|'), ('త', '|'), ('క', '|'), ('థ', '|'), ('లం', 'U'), ('త', '|'), ('పో', 'U'), ('ల', '|'), ('నె', '|'), ('ఱుం', 'U'), ('గ', '|'), ('మే', 'U'), ('వే', 'U'), ('యి', '|'), ('గ', '|'), ('ణే', 'U'), ('శు', '|'), ('డ', 'U'), ('ర్జు', '|'), ('ని', '|'), ('ని', '|'), ('ర', '|'), ('గ', '|'), ('బొ', '|'), ('డి', '|'), ('చె', '|'), ('భా', 'U'), ('ర', '|'), ('త', '|'), ('క', '|'), ('థ', '|'), ('ల', '|'), ('లో', 'U'), ('బా', 'U'), ('ల', '|'), ('రా', 'U'), ('జొ', 'U'), ('క్క', '|'), ('డు', '|'), ('కుం', 'U'), ('భ', '|'), ('క', 'U'), ('ర్ణు', '|'), ('ని', '|'), ('బ', 'U'), ('ట్టి', '|'), ('కూ', 'U'), ('ల', '|'), ('ద', 'U'), ('న్నె', '|'), ('కం', 'U'), ('ద', '|'), ('పు', '|'), ('రా', 'U'), ('ణా', 'U'), ('ల', '|'), ('క', '|'), ('థ', '|'), ('పి', 'U'), ('ల్ల', '|'), ('కా', 'U'), ('టే', 'U'), ('రి', '|'), ('వీ', 'U'), ('ర', '|'), ('భ', '|'), ('ద్రు', '|'), ('ని', '|'), ('న', '|'), ('ల', '|'), ('యిం', 'U'), ('చి', '|'), ('చం', 'U'), ('పె', '|')]",0.8229166666666666,-1.0,1.0,0.96875,0.5,-1.0
teytageethi,"ననుచు మూర్ఖులు పలుకుదు రవనియందుఁ । గవివరులు బోయిన కానికాలమందు
మదరిపువిఫాల మునిజనహృదయలోల । వేణుగోపాల భక్తసంత్రాణశీల!",vupajaathi,Venugopaala,"[('న', '|'), ('ను', '|'), ('చు', '|'), ('మూ', 'U'), ('ర్ఖు', '|'), ('లు', '|'), ('ప', '|'), ('లు', '|'), ('కు', '|'), ('దు', '|'), ('ర', '|'), ('వ', '|'), ('ని', '|'), ('యం', 'U'), ('దు', '|'), ('గ', '|'), ('వి', '|'), ('వ', '|'), ('రు', '|'), ('లు', '|'), ('బో', 'U'), ('యి', '|'), ('న', '|'), ('కా', 'U'), ('ని', '|'), ('కా', 'U'), ('ల', '|'), ('మం', 'U'), ('దు', '|'), ('మ', '|'), ('ద', '|'), ('రి', '|'), ('పు', '|'), ('వి', '|'), ('ఫా', 'U'), ('ల', '|'), ('ము', '|'), ('ని', '|'), ('జ', '|'), ('న', '|'), ('హృ', '|'), ('ద', '|'), ('య', '|'), ('లో', 'U'), ('ల', '|'), ('వే', 'U'), ('ణు', '|'), ('గో', 'U'), ('పా', 'U'), ('ల', '|'), ('భ', 'U'), ('క్త', '|'), ('సం', 'U'), ('త్రా', 'U'), ('ణ', '|'), ('శీ', 'U'), ('ల', '|')]",0.5666666666666667,-1.0,1.0,0.7,0.0,-1.0
seesamu,"లత్తుకరంగు చల్లడము మిటారంపు । చౌకట్లు తగటుఁ మిర్జాకుళాయి
మగవాల పంచిక మొగమందు జవ్వాది । తిలకము జాతికెంపుల బులాకి
పులిగోరు తాళి పచ్చలబాజుబందు ని- । ద్దా మేల్కడాని జల్తారుపాగ
కుడిపదంబున కుజాగుల్కి ఘంటలు ఘల్ల- । ని మ్రోయుచుండు మానికపుటందె",vupajaathi,Venugopaala,"[('ల', 'U'), ('త్తు', '|'), ('క', '|'), ('రం', 'U'), ('గు', '|'), ('చ', 'U'), ('ల్ల', '|'), ('డ', '|'), ('ము', '|'), ('మి', '|'), ('టా', 'U'), ('రం', 'U'), ('పు', '|'), ('చౌ', 'U'), ('క', 'U'), ('ట్లు', '|'), ('త', '|'), ('గ', '|'), ('టు', '|'), ('మి', 'U'), ('ర్జా', 'U'), ('కు', '|'), ('ళా', 'U'), ('యి', '|'), ('మ', '|'), ('గ', '|'), ('వా', 'U'), ('ల', '|'), ('పం', 'U'), ('చి', '|'), ('క', '|'), ('మొ', '|'), ('గ', '|'), ('మం', 'U'), ('దు', '|'), ('జ', 'U'), ('వ్వా', 'U'), ('ది', '|'), ('తి', '|'), ('ల', '|'), ('క', '|'), ('ము', '|'), ('జా', 'U'), ('తి', '|'), ('కెం', 'U'), ('పు', '|'), ('ల', '|'), ('బు', '|'), ('లా', 'U'), ('కి', '|'), ('పు', '|'), ('లి', '|'), ('గో', 'U'), ('రు', '|'), ('తా', 'U'), ('ళి', '|'), ('ప', 'U'), ('చ్చ', '|'), ('ల', '|'), ('బా', 'U'), ('జు', '|'), ('బం', 'U'), ('దు', '|'), ('ని', 'U'), ('ద్దా', 'U'), ('మే', 'U'), ('ల్క', '|'), ('డా', 'U'), ('ని', '|'), ('జ', 'U'), ('ల్తా', 'U'), ('రు', '|'), ('పా', 'U'), ('గ', '|'), ('కు', '|'), ('డి', '|'), ('ప', '|'), ('దం', 'U'), ('బు', '|'), ('న', '|'), ('కు', '|'), ('జా', 'U'), ('గు', 'U'), ('ల్కి', '|'), ('ఘం', 'U'), ('ట', '|'), ('లు', '|'), ('ఘ', 'U'), ('ల్ల', '|'), ('ని', '|'), ('మ్రో', 'U'), ('యు', '|'), ('చుం', 'U'), ('డు', '|'), ('మా', 'U'), ('ని', '|'), ('క', '|'), ('పు', '|'), ('టం', 'U'), ('దె', '|')]",0.9166666666666666,-1.0,1.0,0.875,0.875,-1.0
teytageethi,"నీటుగాఁ బిన్నవై పల్లెకూటమునకు । నరుగుచున్నట్లె ధేనుకాసురుని బట్టి
కొట్టి ధరఁ గూలద్రోయవా గుండెలవియ
మదరిపువిఫాల మునిజనహృదయలోల । వేణుగోపాల భక్తసంత్రాణశీల!",vupajaathi,Venugopaala,"[('నీ', 'U'), ('టు', '|'), ('గా', 'U'), ('బి', 'U'), ('న్న', '|'), ('వై', 'U'), ('ప', 'U'), ('ల్లె', '|'), ('కూ', 'U'), ('ట', '|'), ('ము', '|'), ('న', '|'), ('కు', '|'), ('న', '|'), ('రు', '|'), ('గు', '|'), ('చు', 'U'), ('న్న', 'U'), ('ట్లె', '|'), ('ధే', 'U'), ('ను', '|'), ('కా', 'U'), ('సు', '|'), ('రు', '|'), ('ని', '|'), ('బ', 'U'), ('ట్టి', '|'), ('కొ', 'U'), ('ట్టి', '|'), ('ధ', '|'), ('ర', '|'), ('గూ', 'U'), ('ల', '|'), ('ద్రో', 'U'), ('య', '|'), ('వా', 'U'), ('గుం', 'U'), ('డె', '|'), ('ల', '|'), ('వి', '|'), ('య', '|'), ('మ', '|'), ('ద', '|'), ('రి', '|'), ('పు', '|'), ('వి', '|'), ('ఫా', 'U'), ('ల', '|'), ('ము', '|'), ('ని', '|'), ('జ', '|'), ('న', '|'), ('హృ', '|'), ('ద', '|'), ('య', '|'), ('లో', 'U'), ('ల', '|'), ('వే', 'U'), ('ణు', '|'), ('గో', 'U'), ('పా', 'U'), ('ల', '|'), ('భ', 'U'), ('క్త', '|'), ('సం', 'U'), ('త్రా', 'U'), ('ణ', '|'), ('శీ', 'U'), ('ల', '|')]",1.0,-1.0,1.0,1.0,1.0,-1.0
seesamu,"వంకరపాగాలు వంపుముచ్చెల జోళ్ళు । చెవిసందుకలములు చేరుమాళ్ళు
మీఁగాళ్ళపైఁ బింజె బాగైన దోవతుల్ । జిగితరంబైన పార్శీమొహర్లు
చేఁపలవలె బుస్తిమీసముల్ కంఠదా। వలములు కడుపెద్ద వస్త్రములును
సొగసుగా దొరయొద్దఁ దగినట్లు కూర్చుండి । రచ్చగాండ్లకు శిఫారసులు చేసి",vupajaathi,Venugopaala,"[('వం', 'U'), ('క', '|'), ('ర', '|'), ('పా', 'U'), ('గా', 'U'), ('లు', '|'), ('వం', 'U'), ('పు', '|'), ('ము', 'U'), ('చ్చె', '|'), ('ల', '|'), ('జో', 'U'), ('ళ్ళు', '|'), ('చె', '|'), ('వి', '|'), ('సం', 'U'), ('దు', '|'), ('క', '|'), ('ల', '|'), ('ము', '|'), ('లు', '|'), ('చే', 'U'), ('రు', '|'), ('మా', 'U'), ('ళ్ళు', '|'), ('మీ', 'U'), ('గా', 'U'), ('ళ్ళ', '|'), ('పై', 'U'), ('బిం', 'U'), ('జె', '|'), ('బా', 'U'), ('గై', 'U'), ('న', '|'), ('దో', 'U'), ('వ', '|'), ('తు', 'U'), ('ల్జి', '|'), ('గి', '|'), ('త', '|'), ('రం', 'U'), ('బై', 'U'), ('న', '|'), ('పా', 'U'), ('ర్శీ', 'U'), ('మొ', '|'), ('హ', 'U'), ('ర్లు', '|'), ('చే', 'U'), ('ప', '|'), ('ల', '|'), ('వ', '|'), ('లె', '|'), ('బు', 'U'), ('స్తి', '|'), ('మీ', 'U'), ('స', '|'), ('ము', 'U'), ('ల్కం', 'U'), ('ఠ', '|'), ('దా', 'U'), ('వ', '|'), ('ల', '|'), ('ము', '|'), ('లు', '|'), ('క', '|'), ('డు', '|'), ('పె', 'U'), ('ద్ద', '|'), ('వ', 'U'), ('స్త్ర', '|'), ('ము', '|'), ('లు', '|'), ('ను', '|'), ('సొ', '|'), ('గ', '|'), ('సు', '|'), ('గా', 'U'), ('దొ', '|'), ('ర', '|'), ('యొ', 'U'), ('ద్ద', '|'), ('ద', '|'), ('గి', '|'), ('న', 'U'), ('ట్లు', '|'), ('కూ', 'U'), ('ర్చుం', 'U'), ('డి', '|'), ('ర', 'U'), ('చ్చ', '|'), ('గాం', 'U'), ('డ్ల', '|'), ('కు', '|'), ('శి', '|'), ('ఫా', 'U'), ('ర', '|'), ('సు', '|'), ('లు', '|'), ('చే', 'U'), ('సి', '|')]",0.9583333333333334,-1.0,1.0,1.0,0.875,-1.0
teytageethi,"కవిభటుల కార్యములకు విఘ్నములు చేయు । రాయసాల్ పిండములు తిను వాయసాలు
మదరిపువిఫాల మునిజనహృదయలోల । వేణుగోపాల భక్తసంత్రాణశీల!",vupajaathi,Venugopaala,"[('క', '|'), ('వి', '|'), ('భ', '|'), ('టు', '|'), ('ల', '|'), ('కా', 'U'), ('ర్య', '|'), ('ము', '|'), ('ల', '|'), ('కు', '|'), ('వి', 'U'), ('ఘ్న', '|'), ('ము', '|'), ('లు', '|'), ('చే', 'U'), ('యు', '|'), ('రా', 'U'), ('య', '|'), ('సా', 'U'), ('ల్పిం', 'U'), ('డ', '|'), ('ము', '|'), ('లు', '|'), ('తి', '|'), ('ను', '|'), ('వా', 'U'), ('య', '|'), ('సా', 'U'), ('లు', '|'), ('మ', '|'), ('ద', '|'), ('రి', '|'), ('పు', '|'), ('వి', '|'), ('ఫా', 'U'), ('ల', '|'), ('ము', '|'), ('ని', '|'), ('జ', '|'), ('న', '|'), ('హృ', '|'), ('ద', '|'), ('య', '|'), ('లో', 'U'), ('ల', '|'), ('వే', 'U'), ('ణు', '|'), ('గో', 'U'), ('పా', 'U'), ('ల', '|'), ('భ', 'U'), ('క్త', '|'), ('సం', 'U'), ('త్రా', 'U'), ('ణ', '|'), ('శీ', 'U'), ('ల', '|')]",1.0,-1.0,1.0,1.0,1.0,-1.0
seesamu,"వలపు రూపెఱుగదు వసుధ మర్త్యులకు సూ- । కరమైన మనిసిగాఁ గానుపించు
నాకలిలో నాల్క యరుచి యెఱుంగదు । యంబలైనను సుధయనుచుఁ గ్రోలు
గోపం బెదుటి గొప్పకొద్ది యెఱుంగదు । ప్రాణబంధువునైనఁ బగతుఁ జేయు
నిదుర సుఖంబెఱుంగదు వచ్చినప్పుడు । కసవైన విరిశయ్యగా గానుపించు
గామంబు నిర్ణయకాలం బెఱుంగదు । హెచ్చు చెందినవేళ నెనయగోఁరు",vupajaathi,Venugopaala,"[('వ', '|'), ('ల', '|'), ('పు', '|'), ('రూ', 'U'), ('పె', '|'), ('ఱు', '|'), ('గ', '|'), ('దు', '|'), ('వ', '|'), ('సు', '|'), ('ధ', '|'), ('మ', 'U'), ('ర్త్యు', '|'), ('ల', '|'), ('కు', '|'), ('సూ', 'U'), ('క', '|'), ('ర', '|'), ('మై', 'U'), ('న', '|'), ('మ', '|'), ('ని', '|'), ('సి', '|'), ('గా', 'U'), ('గా', 'U'), ('ను', '|'), ('పిం', 'U'), ('చు', '|'), ('నా', 'U'), ('క', '|'), ('లి', '|'), ('లో', 'U'), ('నా', 'U'), ('ల్క', '|'), ('య', '|'), ('రు', '|'), ('చి', '|'), ('యె', '|'), ('ఱుం', 'U'), ('గ', '|'), ('దు', '|'), ('యం', 'U'), ('బ', '|'), ('లై', 'U'), ('న', '|'), ('ను', '|'), ('సు', '|'), ('ధ', '|'), ('య', '|'), ('ను', '|'), ('చు', '|'), ('గ్రో', 'U'), ('లు', '|'), ('గో', 'U'), ('పం', 'U'), ('బె', '|'), ('దు', '|'), ('టి', '|'), ('గొ', 'U'), ('ప్ప', '|'), ('కొ', 'U'), ('ద్ది', '|'), ('యె', '|'), ('ఱుం', 'U'), ('గ', '|'), ('దు', '|'), ('ప్రా', 'U'), ('ణ', '|'), ('బం', 'U'), ('ధు', '|'), ('వు', '|'), ('నై', 'U'), ('న', '|'), ('బ', '|'), ('గ', '|'), ('తు', '|'), ('జే', 'U'), ('యు', '|'), ('ని', '|'), ('దు', '|'), ('ర', '|'), ('సు', '|'), ('ఖం', 'U'), ('బె', '|'), ('ఱుం', 'U'), ('గ', '|'), ('దు', '|'), ('వ', 'U'), ('చ్చి', '|'), ('న', 'U'), ('ప్పు', '|'), ('డు', '|'), ('క', '|'), ('స', '|'), ('వై', 'U'), ('న', '|'), ('వి', '|'), ('రి', '|'), ('శ', 'U'), ('య్య', '|'), ('గా', 'U'), ('గా', 'U'), ('ను', '|'), ('పిం', 'U'), ('చు', '|'), ('గా', 'U'), ('మం', 'U'), ('బు', '|'), ('ని', 'U'), ('ర్ణ', '|'), ('య', '|'), ('కా', 'U'), ('లం', 'U'), ('బె', '|'), ('ఱుం', 'U'), ('గ', '|'), ('దు', '|'), ('హె', 'U'), ('చ్చు', '|'), ('చెం', 'U'), ('ది', '|'), ('న', '|'), ('వే', 'U'), ('ళ', '|'), ('నె', '|'), ('న', '|'), ('య', '|'), ('గో', 'U'), ('రు', '|')]",0.9479166666666666,-1.0,1.0,0.96875,0.875,-1.0
teytageethi,"హరునకైనను నివి గెల్వ నలవికాదు । ఇతరులగు మానవులనంగ నెంతవారు
మదరిపువిఫాల మునిజనహృదయలోల । వేణుగోపాల భక్తసంత్రాణశీల!",vupajaathi,Venugopaala,"[('హ', '|'), ('రు', '|'), ('న', '|'), ('కై', 'U'), ('న', '|'), ('ను', '|'), ('ని', '|'), ('వి', '|'), ('గె', 'U'), ('ల్వ', '|'), ('న', '|'), ('ల', '|'), ('వి', '|'), ('కా', 'U'), ('దు', '|'), ('ఇ', '|'), ('త', '|'), ('రు', '|'), ('ల', '|'), ('గు', '|'), ('మా', 'U'), ('న', '|'), ('వు', '|'), ('ల', '|'), ('నం', 'U'), ('గ', '|'), ('నెం', 'U'), ('త', '|'), ('వా', 'U'), ('రు', '|'), ('మ', '|'), ('ద', '|'), ('రి', '|'), ('పు', '|'), ('వి', '|'), ('ఫా', 'U'), ('ల', '|'), ('ము', '|'), ('ని', '|'), ('జ', '|'), ('న', '|'), ('హృ', '|'), ('ద', '|'), ('య', '|'), ('లో', 'U'), ('ల', '|'), ('వే', 'U'), ('ణు', '|'), ('గో', 'U'), ('పా', 'U'), ('ల', '|'), ('భ', 'U'), ('క్త', '|'), ('సం', 'U'), ('త్రా', 'U'), ('ణ', '|'), ('శీ', 'U'), ('ల', '|')]",0.8333333333333334,-1.0,1.0,1.0,0.5,-1.0
seesamu,"వాగ్భూషణంబు నీ వర్ణన సేయుట । కర్ణభూషణము నీ కథలు వినుట
హస్తభూషణము నీ కర్చన సేయుట । నేత్రభూషణము నీ నీటు గనుట
హృదయభూషణము నిన్మదిఁ బాయకుండుట । మూర్ధభూషణము నిన్ మ్రొక్కుటరయ
అంఘ్రిభూషణము నీ యానందనిలయప్ర । దక్షిణం బేగుట ధర్మచరిత!",vupajaathi,Venugopaala,"[('వా', 'U'), ('గ్భూ', 'U'), ('ష', '|'), ('ణం', 'U'), ('బు', '|'), ('నీ', 'U'), ('వ', 'U'), ('ర్ణ', '|'), ('న', '|'), ('సే', 'U'), ('యు', '|'), ('ట', '|'), ('క', 'U'), ('ర్ణ', '|'), ('భూ', 'U'), ('ష', '|'), ('ణ', '|'), ('ము', '|'), ('నీ', 'U'), ('క', '|'), ('థ', '|'), ('లు', '|'), ('వి', '|'), ('ను', '|'), ('ట', '|'), ('హ', 'U'), ('స్త', '|'), ('భూ', 'U'), ('ష', '|'), ('ణ', '|'), ('ము', '|'), ('నీ', 'U'), ('క', 'U'), ('ర్చ', '|'), ('న', '|'), ('సే', 'U'), ('యు', '|'), ('ట', '|'), ('నే', 'U'), ('త్ర', '|'), ('భూ', 'U'), ('ష', '|'), ('ణ', '|'), ('ము', '|'), ('నీ', 'U'), ('నీ', 'U'), ('టు', '|'), ('గ', '|'), ('ను', '|'), ('ట', '|'), ('హృ', '|'), ('ద', '|'), ('య', '|'), ('భూ', 'U'), ('ష', '|'), ('ణ', '|'), ('ము', '|'), ('ని', 'U'), ('న్మ', '|'), ('ది', '|'), ('బా', 'U'), ('య', '|'), ('కుం', 'U'), ('డు', '|'), ('ట', '|'), ('మూ', 'U'), ('ర్ధ', '|'), ('భూ', 'U'), ('ష', '|'), ('ణ', '|'), ('ము', '|'), ('ని', 'U'), ('న్మ్రొ', 'U'), ('క్కు', '|'), ('ట', '|'), ('ర', '|'), ('య', '|'), ('అం', 'U'), ('ఘ్రి', '|'), ('భూ', 'U'), ('ష', '|'), ('ణ', '|'), ('ము', '|'), ('నీ', 'U'), ('యా', 'U'), ('నం', 'U'), ('ద', '|'), ('ని', '|'), ('ల', '|'), ('య', '|'), ('ప్ర', '|'), ('ద', 'U'), ('క్షి', '|'), ('ణం', 'U'), ('బే', 'U'), ('గు', '|'), ('ట', '|'), ('ధ', 'U'), ('ర్మ', '|'), ('చ', '|'), ('రి', '|'), ('త', '|')]",0.9583333333333334,-1.0,1.0,1.0,0.875,-1.0
teytageethi,"సతముగల భూషణము లెన్నిజన్మములకు । యెట్టివైనను వీని కెచ్చేమిగలదు
మదరిపువిఫాల మునిజనహృదయలోల । వేణుగోపాల భక్తసంత్రాణశీల!",vupajaathi,Venugopaala,"[('స', '|'), ('త', '|'), ('ము', '|'), ('గ', '|'), ('ల', '|'), ('భూ', 'U'), ('ష', '|'), ('ణ', '|'), ('ము', '|'), ('లె', 'U'), ('న్ని', '|'), ('జ', 'U'), ('న్మ', '|'), ('ము', '|'), ('ల', '|'), ('కు', '|'), ('యె', 'U'), ('ట్టి', '|'), ('వై', 'U'), ('న', '|'), ('ను', '|'), ('వీ', 'U'), ('ని', '|'), ('కె', 'U'), ('చ్చే', 'U'), ('మి', '|'), ('గ', '|'), ('ల', '|'), ('దు', '|'), ('మ', '|'), ('ద', '|'), ('రి', '|'), ('పు', '|'), ('వి', '|'), ('ఫా', 'U'), ('ల', '|'), ('ము', '|'), ('ని', '|'), ('జ', '|'), ('న', '|'), ('హృ', '|'), ('ద', '|'), ('య', '|'), ('లో', 'U'), ('ల', '|'), ('వే', 'U'), ('ణు', '|'), ('గో', 'U'), ('పా', 'U'), ('ల', '|'), ('భ', 'U'), ('క్త', '|'), ('సం', 'U'), ('త్రా', 'U'), ('ణ', '|'), ('శీ', 'U'), ('ల', '|')]",0.9166666666666666,-1.0,1.0,1.0,0.75,-1.0
seesamu,"వార్ధక్యమున మంచివయసు పెండ్లామైన । దారిద్ర్యమునఁ బెక్కుతనయులైన
ఆత్రుఁడౌ భూపతి కతిభాషి మంత్రైనఁ । బొరుగున నత్తిల్లు పొసగుటైన
సంగీతపరునకు జడదారి తోడైన । నెనుముతో నట్టేట యీదటైన
బెను వానకాలమందున పైనమైనను । జలికాలమున దీక్ష సలుపుటైన",vupajaathi,Venugopaala,"[('వా', 'U'), ('ర్ధ', 'U'), ('క్య', '|'), ('ము', '|'), ('న', '|'), ('మం', 'U'), ('చి', '|'), ('వ', '|'), ('య', '|'), ('సు', '|'), ('పెం', 'U'), ('డ్లా', 'U'), ('మై', 'U'), ('న', '|'), ('దా', 'U'), ('రి', 'U'), ('ద్ర్య', '|'), ('ము', '|'), ('న', '|'), ('బె', 'U'), ('క్కు', '|'), ('త', '|'), ('న', '|'), ('యు', '|'), ('లై', 'U'), ('న', '|'), ('ఆ', 'U'), ('త్రు', '|'), ('డౌ', 'U'), ('భూ', 'U'), ('ప', '|'), ('తి', '|'), ('క', '|'), ('తి', '|'), ('భా', 'U'), ('షి', '|'), ('మం', 'U'), ('త్రై', 'U'), ('న', '|'), ('బొ', '|'), ('రు', '|'), ('గు', '|'), ('న', '|'), ('న', 'U'), ('త్తి', 'U'), ('ల్లు', '|'), ('పొ', '|'), ('స', '|'), ('గు', '|'), ('టై', 'U'), ('న', '|'), ('సం', 'U'), ('గీ', 'U'), ('త', '|'), ('ప', '|'), ('రు', '|'), ('న', '|'), ('కు', '|'), ('జ', '|'), ('డ', '|'), ('దా', 'U'), ('రి', '|'), ('తో', 'U'), ('డై', 'U'), ('న', '|'), ('నె', '|'), ('ను', '|'), ('ము', '|'), ('తో', 'U'), ('న', 'U'), ('ట్టే', 'U'), ('ట', '|'), ('యీ', 'U'), ('ద', '|'), ('టై', 'U'), ('న', '|'), ('బె', '|'), ('ను', '|'), ('వా', 'U'), ('న', '|'), ('కా', 'U'), ('ల', '|'), ('మం', 'U'), ('దు', '|'), ('న', '|'), ('పై', 'U'), ('న', '|'), ('మై', 'U'), ('న', '|'), ('ను', '|'), ('జ', '|'), ('లి', '|'), ('కా', 'U'), ('ల', '|'), ('ము', '|'), ('న', '|'), ('దీ', 'U'), ('క్ష', '|'), ('స', '|'), ('లు', '|'), ('పు', '|'), ('టై', 'U'), ('న', '|')]",0.9166666666666666,-1.0,1.0,1.0,0.75,-1.0
teytageethi,"మరణమిక వేరు లేదు భూమండలమున । లెక్క సేయంగనగునె యీ దుఃఖమహిమ
మదరిపువిఫాల మునిజనహృదయలోల । వేణుగోపాల భక్తసంత్రాణశీల!",vupajaathi,Venugopaala,"[('మ', '|'), ('ర', '|'), ('ణ', '|'), ('మి', '|'), ('క', '|'), ('వే', 'U'), ('రు', '|'), ('లే', 'U'), ('దు', '|'), ('భూ', 'U'), ('మం', 'U'), ('డ', '|'), ('ల', '|'), ('ము', '|'), ('న', '|'), ('లె', 'U'), ('క్క', '|'), ('సే', 'U'), ('యం', 'U'), ('గ', '|'), ('న', '|'), ('గు', '|'), ('నె', '|'), ('యీ', 'U'), ('దుః', 'U'), ('ఖ', '|'), ('మ', '|'), ('హి', '|'), ('మ', '|'), ('మ', '|'), ('ద', '|'), ('రి', '|'), ('పు', '|'), ('వి', '|'), ('ఫా', 'U'), ('ల', '|'), ('ము', '|'), ('ని', '|'), ('జ', '|'), ('న', '|'), ('హృ', '|'), ('ద', '|'), ('య', '|'), ('లో', 'U'), ('ల', '|'), ('వే', 'U'), ('ణు', '|'), ('గో', 'U'), ('పా', 'U'), ('ల', '|'), ('భ', 'U'), ('క్త', '|'), ('సం', 'U'), ('త్రా', 'U'), ('ణ', '|'), ('శీ', 'U'), ('ల', '|')]",0.9166666666666666,-1.0,1.0,1.0,0.75,-1.0
seesamu,"వితరణశౌర్యప్రతిష్ఠునకే కాక । మీసము పిసినారికోసకేల
సిరిగల ఘనసువాసిని కొప్పునకుఁ గాక । బొండుమల్లెలు బోడిముండకేల
ప్రజ సుఖింపగజేయు పంటచెర్వుకు గాక । గండిగుంటకు ఱాతికట్ట యేల
జాతైన బారాహజారితేజికిఁ గాక । కఱకుల కళ్ళెంబు గాడ్దెకేల",vupajaathi,Venugopaala,"[('వి', '|'), ('త', '|'), ('ర', '|'), ('ణ', '|'), ('శౌ', 'U'), ('ర్య', '|'), ('ప్ర', '|'), ('తి', 'U'), ('ష్ఠు', '|'), ('న', '|'), ('కే', 'U'), ('కా', 'U'), ('క', '|'), ('మీ', 'U'), ('స', '|'), ('ము', '|'), ('పి', '|'), ('సి', '|'), ('నా', 'U'), ('రి', '|'), ('కో', 'U'), ('స', '|'), ('కే', 'U'), ('ల', '|'), ('సి', '|'), ('రి', '|'), ('గ', '|'), ('ల', '|'), ('ఘ', '|'), ('న', '|'), ('సు', '|'), ('వా', 'U'), ('సి', '|'), ('ని', '|'), ('కొ', 'U'), ('ప్పు', '|'), ('న', '|'), ('కు', '|'), ('గా', 'U'), ('క', '|'), ('బొం', 'U'), ('డు', '|'), ('మ', 'U'), ('ల్లె', '|'), ('లు', '|'), ('బో', 'U'), ('డి', '|'), ('ముం', 'U'), ('డ', '|'), ('కే', 'U'), ('ల', '|'), ('ప్ర', '|'), ('జ', '|'), ('సు', '|'), ('ఖిం', 'U'), ('ప', '|'), ('గ', '|'), ('జే', 'U'), ('యు', '|'), ('పం', 'U'), ('ట', '|'), ('చె', 'U'), ('ర్వు', '|'), ('కు', '|'), ('గా', 'U'), ('క', '|'), ('గం', 'U'), ('డి', '|'), ('గుం', 'U'), ('ట', '|'), ('కు', '|'), ('ఱా', 'U'), ('తి', '|'), ('క', 'U'), ('ట్ట', '|'), ('యే', 'U'), ('ల', '|'), ('జా', 'U'), ('తై', 'U'), ('న', '|'), ('బా', 'U'), ('రా', 'U'), ('హ', '|'), ('జా', 'U'), ('రి', '|'), ('తే', 'U'), ('జి', '|'), ('కి', '|'), ('గా', 'U'), ('క', '|'), ('క', '|'), ('ఱ', '|'), ('కు', '|'), ('ల', '|'), ('క', 'U'), ('ళ్ళెం', 'U'), ('బు', '|'), ('గా', 'U'), ('డ్దె', '|'), ('కే', 'U'), ('ల', '|')]",0.9583333333333334,-1.0,1.0,1.0,0.875,-1.0
teytageethi,"నతులితంబైన యల పతివ్రతకుఁ గాక । శుద్ధవేశ్యకు మంగళసూత్రమేల
మదరిపువిఫాల మునిజనహృదయలోల । వేణుగోపాల భక్తసంత్రాణశీల!",vupajaathi,Venugopaala,"[('న', '|'), ('తు', '|'), ('లి', '|'), ('తం', 'U'), ('బై', 'U'), ('న', '|'), ('య', '|'), ('ల', '|'), ('ప', '|'), ('తి', '|'), ('వ్ర', '|'), ('త', '|'), ('కు', '|'), ('గా', 'U'), ('క', '|'), ('శు', 'U'), ('ద్ధ', '|'), ('వే', 'U'), ('శ్య', '|'), ('కు', '|'), ('మం', 'U'), ('గ', '|'), ('ళ', '|'), ('సూ', 'U'), ('త్ర', '|'), ('మే', 'U'), ('ల', '|'), ('మ', '|'), ('ద', '|'), ('రి', '|'), ('పు', '|'), ('వి', '|'), ('ఫా', 'U'), ('ల', '|'), ('ము', '|'), ('ని', '|'), ('జ', '|'), ('న', '|'), ('హృ', '|'), ('ద', '|'), ('య', '|'), ('లో', 'U'), ('ల', '|'), ('వే', 'U'), ('ణు', '|'), ('గో', 'U'), ('పా', 'U'), ('ల', '|'), ('భ', 'U'), ('క్త', '|'), ('సం', 'U'), ('త్రా', 'U'), ('ణ', '|'), ('శీ', 'U'), ('ల', '|')]",1.0,-1.0,1.0,1.0,1.0,-1.0
seesamu,"విద్యాధికుల రాజు వివరించి నిలిపెనా । యిందఱేమిటికంచుఁ గుందుచుండు
మోమీను కుగ్రాణమును జెప్ప నొడ్లగిం- । జలకు బరాతముల్ సరవి వ్రాయు
తిండికిఁ జేటుగాఁ బండితులేల తె- । ప్పున సెలవిమ్మని పోరుచుండు
బారిశాల్వలు దెచ్చి బహుమతినిమ్మన్నఁ । తలపక సీమవస్త్రముల నిచ్చు",vupajaathi,Venugopaala,"[('వి', 'U'), ('ద్యా', 'U'), ('ధి', '|'), ('కు', '|'), ('ల', '|'), ('రా', 'U'), ('జు', '|'), ('వి', '|'), ('వ', '|'), ('రిం', 'U'), ('చి', '|'), ('ని', '|'), ('లి', '|'), ('పె', '|'), ('నా', 'U'), ('యిం', 'U'), ('ద', '|'), ('ఱే', 'U'), ('మి', '|'), ('టి', '|'), ('కం', 'U'), ('చు', '|'), ('గుం', 'U'), ('దు', '|'), ('చుం', 'U'), ('డు', '|'), ('మో', 'U'), ('మీ', 'U'), ('ను', '|'), ('కు', '|'), ('గ్రా', 'U'), ('ణ', '|'), ('ము', '|'), ('ను', '|'), ('జె', 'U'), ('ప్ప', '|'), ('నొ', 'U'), ('డ్ల', '|'), ('గిం', 'U'), ('జ', '|'), ('ల', '|'), ('కు', '|'), ('బ', '|'), ('రా', 'U'), ('త', '|'), ('ము', 'U'), ('ల్స', '|'), ('ర', '|'), ('వి', '|'), ('వ్రా', 'U'), ('యు', '|'), ('తిం', 'U'), ('డి', '|'), ('కి', '|'), ('జే', 'U'), ('టు', '|'), ('గా', 'U'), ('బం', 'U'), ('డి', '|'), ('తు', '|'), ('లే', 'U'), ('ల', '|'), ('తె', 'U'), ('ప్పు', '|'), ('న', '|'), ('సె', '|'), ('ల', '|'), ('వి', 'U'), ('మ్మ', '|'), ('ని', '|'), ('పో', 'U'), ('రు', '|'), ('చుం', 'U'), ('డు', '|'), ('బా', 'U'), ('రి', '|'), ('శా', 'U'), ('ల్వ', '|'), ('లు', '|'), ('దె', 'U'), ('చ్చి', '|'), ('బ', '|'), ('హు', '|'), ('మ', '|'), ('తి', '|'), ('ని', 'U'), ('మ్మ', 'U'), ('న్న', '|'), ('త', '|'), ('ల', '|'), ('ప', '|'), ('క', '|'), ('సీ', 'U'), ('మ', '|'), ('వ', 'U'), ('స్త్ర', '|'), ('ము', '|'), ('ల', '|'), ('ని', 'U'), ('చ్చు', '|')]",0.6354166666666666,-1.0,1.0,0.65625,0.25,-1.0
teytageethi,"నిట్టి యపకీర్తి మంత్రిని బెట్టఁదగదు । మంచిమాటల జరగఁ బోయించవలయు
మదరిపువిఫాల మునిజనహృదయలోల । వేణుగోపాల భక్తసంత్రాణశీల!",vupajaathi,Venugopaala,"[('ని', 'U'), ('ట్టి', '|'), ('య', '|'), ('ప', '|'), ('కీ', 'U'), ('ర్తి', '|'), ('మం', 'U'), ('త్రి', '|'), ('ని', '|'), ('బె', 'U'), ('ట్ట', '|'), ('ద', '|'), ('గ', '|'), ('దు', '|'), ('మం', 'U'), ('చి', '|'), ('మా', 'U'), ('ట', '|'), ('ల', '|'), ('జ', '|'), ('ర', '|'), ('గ', '|'), ('బో', 'U'), ('యిం', 'U'), ('చ', '|'), ('వ', '|'), ('ల', '|'), ('యు', '|'), ('మ', '|'), ('ద', '|'), ('రి', '|'), ('పు', '|'), ('వి', '|'), ('ఫా', 'U'), ('ల', '|'), ('ము', '|'), ('ని', '|'), ('జ', '|'), ('న', '|'), ('హృ', '|'), ('ద', '|'), ('య', '|'), ('లో', 'U'), ('ల', '|'), ('వే', 'U'), ('ణు', '|'), ('గో', 'U'), ('పా', 'U'), ('ల', '|'), ('భ', 'U'), ('క్త', '|'), ('సం', 'U'), ('త్రా', 'U'), ('ణ', '|'), ('శీ', 'U'), ('ల', '|')]",1.0,-1.0,1.0,1.0,1.0,-1.0
seesamu,"వండలేనమ్మకు వక్కణంబులు గొప్ప । యారిపొయ్యెడి దివ్వె కధికదీప్తి
కట్టనిల్వని చెర్వు గడియలోపల నిండు । బ్రతుకనేరని బిడ్డ బారెడుండు
వృద్ధినొందని చెట్టు వెఱ్ఱితీగిడు జాడ్య - । మెచ్చు ముందటికన్న నిచ్చు తళుకు
మన్నించుటకు దొరల్ గని చనవిచ్చుట । పొయిసాలకే పాలు పొంగుటెల్ల",vupajaathi,Venugopaala,"[('వం', 'U'), ('డ', '|'), ('లే', 'U'), ('న', 'U'), ('మ్మ', '|'), ('కు', '|'), ('వ', 'U'), ('క్క', '|'), ('ణం', 'U'), ('బు', '|'), ('లు', '|'), ('గొ', 'U'), ('ప్ప', '|'), ('యా', 'U'), ('రి', '|'), ('పొ', 'U'), ('య్యె', '|'), ('డి', '|'), ('ది', 'U'), ('వ్వె', '|'), ('క', '|'), ('ధి', '|'), ('క', '|'), ('దీ', 'U'), ('ప్తి', '|'), ('క', 'U'), ('ట్ట', '|'), ('ని', 'U'), ('ల్వ', '|'), ('ని', '|'), ('చె', 'U'), ('ర్వు', '|'), ('గ', '|'), ('డి', '|'), ('య', '|'), ('లో', 'U'), ('ప', '|'), ('ల', '|'), ('నిం', 'U'), ('డు', '|'), ('బ్ర', '|'), ('తు', '|'), ('క', '|'), ('నే', 'U'), ('ర', '|'), ('ని', '|'), ('బి', 'U'), ('డ్డ', '|'), ('బా', 'U'), ('రె', '|'), ('డుం', 'U'), ('డు', '|'), ('వృ', 'U'), ('ద్ధి', '|'), ('నొం', 'U'), ('ద', '|'), ('ని', '|'), ('చె', 'U'), ('ట్టు', '|'), ('వె', 'U'), ('ఱ్ఱి', '|'), ('తీ', 'U'), ('గి', '|'), ('డు', '|'), ('జా', 'U'), ('డ్య', '|'), ('మె', 'U'), ('చ్చు', '|'), ('ముం', 'U'), ('ద', '|'), ('టి', '|'), ('క', 'U'), ('న్న', '|'), ('ని', 'U'), ('చ్చు', '|'), ('త', '|'), ('ళు', '|'), ('కు', '|'), ('మ', 'U'), ('న్నిం', 'U'), ('చు', '|'), ('ట', '|'), ('కు', '|'), ('దొ', '|'), ('ర', 'U'), ('ల్గ', '|'), ('ని', '|'), ('చ', '|'), ('న', '|'), ('వి', 'U'), ('చ్చు', '|'), ('ట', '|'), ('పొ', '|'), ('యి', '|'), ('సా', 'U'), ('ల', '|'), ('కే', 'U'), ('పా', 'U'), ('లు', '|'), ('పొం', 'U'), ('గు', '|'), ('టె', 'U'), ('ల్ల', '|')]",0.9166666666666666,-1.0,1.0,1.0,0.75,-1.0
teytageethi,"పెరుగుట విరుగుటకనియు నెఱుగలేక । యదరిపడుచుండు నొక్కొక్క యల్పజనుడు
మదరిపువిఫాల మునిజనహృదయలోల । వేణుగోపాల భక్తసంత్రాణశీల!",vupajaathi,Venugopaala,"[('పె', '|'), ('రు', '|'), ('గు', '|'), ('ట', '|'), ('వి', '|'), ('రు', '|'), ('గు', '|'), ('ట', '|'), ('క', '|'), ('ని', '|'), ('యు', '|'), ('నె', '|'), ('ఱు', '|'), ('గ', '|'), ('లే', 'U'), ('క', '|'), ('య', '|'), ('ద', '|'), ('రి', '|'), ('ప', '|'), ('డు', '|'), ('చుం', 'U'), ('డు', '|'), ('నొ', 'U'), ('క్కొ', 'U'), ('క్క', '|'), ('య', 'U'), ('ల్ప', '|'), ('జ', '|'), ('ను', '|'), ('డు', '|'), ('మ', '|'), ('ద', '|'), ('రి', '|'), ('పు', '|'), ('వి', '|'), ('ఫా', 'U'), ('ల', '|'), ('ము', '|'), ('ని', '|'), ('జ', '|'), ('న', '|'), ('హృ', '|'), ('ద', '|'), ('య', '|'), ('లో', 'U'), ('ల', '|'), ('వే', 'U'), ('ణు', '|'), ('గో', 'U'), ('పా', 'U'), ('ల', '|'), ('భ', 'U'), ('క్త', '|'), ('సం', 'U'), ('త్రా', 'U'), ('ణ', '|'), ('శీ', 'U'), ('ల', '|')]",0.9166666666666666,-1.0,1.0,1.0,0.75,-1.0
seesamu,"హేమాచలము శృంగమెక్కి ఱెక్కార్చుచుఁ । గాకి యుండిననే పికంబు గాదు
గంగాది నదులలోఁ గలయ ముంచంగనే । చీపురుపుల్లలు వేప గాదు
తెగఁ దిని తలపిక్క లెగసి బలసిన గాని । దున్నపో తేనుగుగున్న గాదు
పొదుగు లావై యెంత పొడుగుగాఁ బెరిగినఁ । గుక్కపో తెన్నఁడు గోవు గాదు",vupajaathi,Venugopaala,"[('హే', 'U'), ('మా', 'U'), ('చ', '|'), ('ల', '|'), ('ము', '|'), ('శృం', 'U'), ('గ', '|'), ('మె', 'U'), ('క్కి', '|'), ('ఱె', 'U'), ('క్కా', 'U'), ('ర్చు', '|'), ('చు', '|'), ('గా', 'U'), ('కి', '|'), ('యుం', 'U'), ('డి', '|'), ('న', '|'), ('నే', 'U'), ('పి', '|'), ('కం', 'U'), ('బు', '|'), ('గా', 'U'), ('దు', '|'), ('గం', 'U'), ('గా', 'U'), ('ది', '|'), ('న', '|'), ('దు', '|'), ('ల', '|'), ('లో', 'U'), ('గ', '|'), ('ల', '|'), ('య', '|'), ('ముం', 'U'), ('చం', 'U'), ('గ', '|'), ('నే', 'U'), ('చీ', 'U'), ('పు', '|'), ('రు', '|'), ('పు', 'U'), ('ల్ల', '|'), ('లు', '|'), ('వే', 'U'), ('ప', '|'), ('గా', 'U'), ('దు', '|'), ('తె', '|'), ('గ', '|'), ('ది', '|'), ('ని', '|'), ('త', '|'), ('ల', '|'), ('పి', 'U'), ('క్క', '|'), ('లె', '|'), ('గ', '|'), ('సి', '|'), ('బ', '|'), ('ల', '|'), ('సి', '|'), ('న', '|'), ('గా', 'U'), ('ని', '|'), ('దు', 'U'), ('న్న', '|'), ('పో', 'U'), ('తే', 'U'), ('ను', '|'), ('గు', '|'), ('గు', 'U'), ('న్న', '|'), ('గా', 'U'), ('దు', '|'), ('పొ', '|'), ('దు', '|'), ('గు', '|'), ('లా', 'U'), ('వై', 'U'), ('యెం', 'U'), ('త', '|'), ('పొ', '|'), ('డు', '|'), ('గు', '|'), ('గా', 'U'), ('బె', '|'), ('రి', '|'), ('గి', '|'), ('న', '|'), ('గు', 'U'), ('క్క', '|'), ('పో', 'U'), ('తె', 'U'), ('న్న', '|'), ('డు', '|'), ('గో', 'U'), ('వు', '|'), ('గా', 'U'), ('దు', '|')]",0.90625,-1.0,1.0,0.96875,0.75,-1.0
teytageethi,"ఉన్నతస్థానమందు గూర్చుండగానె । భ్రష్టు భ్రష్టగు గాక శిష్టుండు గాడు
మదరిపువిఫాల మునిజనహృదయలోల । వేణుగోపాల భక్తసంత్రాణశీల!",vupajaathi,Venugopaala,"[('ఉ', 'U'), ('న్న', '|'), ('త', 'U'), ('స్థా', 'U'), ('న', '|'), ('మం', 'U'), ('దు', '|'), ('గూ', 'U'), ('ర్చుం', 'U'), ('డ', '|'), ('గా', 'U'), ('నె', '|'), ('భ్ర', 'U'), ('ష్టు', '|'), ('భ్ర', 'U'), ('ష్ట', '|'), ('గు', '|'), ('గా', 'U'), ('క', '|'), ('శి', 'U'), ('ష్టుం', 'U'), ('డు', '|'), ('గా', 'U'), ('డు', '|'), ('మ', '|'), ('ద', '|'), ('రి', '|'), ('పు', '|'), ('వి', '|'), ('ఫా', 'U'), ('ల', '|'), ('ము', '|'), ('ని', '|'), ('జ', '|'), ('న', '|'), ('హృ', '|'), ('ద', '|'), ('య', '|'), ('లో', 'U'), ('ల', '|'), ('వే', 'U'), ('ణు', '|'), ('గో', 'U'), ('పా', 'U'), ('ల', '|'), ('భ', 'U'), ('క్త', '|'), ('సం', 'U'), ('త్రా', 'U'), ('ణ', '|'), ('శీ', 'U'), ('ల', '|')]",0.8333333333333334,-1.0,1.0,1.0,0.5,-1.0
seesamu,"పాలన లేని భూపతిని గొల్చుట రోత । యౌదార్యహీనుని నడుగ రోత
కులహీనజనులతోఁ గలహింపగను రోత । గుణహీనజనులతో గూడ రోత
పాషండజనులపై భ్రాంతినొందుట రోత । మధ్యపాయీలతో మైత్రి రోత
తుచ్ఛపు జనులకు నిచ్చనొందుట రోత । చెలఁగి సద్గురు నిందసేయ రోత",vupajaathi,Venugopaala,"[('పా', 'U'), ('ల', '|'), ('న', '|'), ('లే', 'U'), ('ని', '|'), ('భూ', 'U'), ('ప', '|'), ('తి', '|'), ('ని', '|'), ('గొ', 'U'), ('ల్చు', '|'), ('ట', '|'), ('రో', 'U'), ('త', '|'), ('యౌ', 'U'), ('దా', 'U'), ('ర్య', '|'), ('హీ', 'U'), ('ను', '|'), ('ని', '|'), ('న', '|'), ('డు', '|'), ('గ', '|'), ('రో', 'U'), ('త', '|'), ('కు', '|'), ('ల', '|'), ('హీ', 'U'), ('న', '|'), ('జ', '|'), ('ను', '|'), ('ల', '|'), ('తో', 'U'), ('గ', '|'), ('ల', '|'), ('హిం', 'U'), ('ప', '|'), ('గ', '|'), ('ను', '|'), ('రో', 'U'), ('త', '|'), ('గు', '|'), ('ణ', '|'), ('హీ', 'U'), ('న', '|'), ('జ', '|'), ('ను', '|'), ('ల', '|'), ('తో', 'U'), ('గూ', 'U'), ('డ', '|'), ('రో', 'U'), ('త', '|'), ('పా', 'U'), ('షం', 'U'), ('డ', '|'), ('జ', '|'), ('ను', '|'), ('ల', '|'), ('పై', 'U'), ('భ్రాం', 'U'), ('తి', '|'), ('నొం', 'U'), ('దు', '|'), ('ట', '|'), ('రో', 'U'), ('త', '|'), ('మ', 'U'), ('ధ్య', '|'), ('పా', 'U'), ('యీ', 'U'), ('ల', '|'), ('తో', 'U'), ('మై', 'U'), ('త్రి', '|'), ('రో', 'U'), ('త', '|'), ('తు', 'U'), ('చ్ఛ', '|'), ('పు', '|'), ('జ', '|'), ('ను', '|'), ('ల', '|'), ('కు', '|'), ('ని', 'U'), ('చ్చ', '|'), ('నొం', 'U'), ('దు', '|'), ('ట', '|'), ('రో', 'U'), ('త', '|'), ('చె', '|'), ('ల', '|'), ('గి', '|'), ('స', 'U'), ('ద్గు', '|'), ('రు', '|'), ('నిం', 'U'), ('ద', '|'), ('సే', 'U'), ('య', '|'), ('రో', 'U'), ('త', '|')]",0.9166666666666666,-1.0,1.0,1.0,0.75,-1.0
teytageethi,"వేదబాహ్యుల విద్యలు వినగ రోత । క్రూరుఁడైయున్న హరిభక్తుఁ గూడ రోత
మదరిపువిఫాల మునిజనహృదయలోల । వేణుగోపాల భక్తసంత్రాణశీల!",vupajaathi,Venugopaala,"[('వే', 'U'), ('ద', '|'), ('బా', 'U'), ('హ్యు', '|'), ('ల', '|'), ('వి', 'U'), ('ద్య', '|'), ('లు', '|'), ('వి', '|'), ('న', '|'), ('గ', '|'), ('రో', 'U'), ('త', '|'), ('క్రూ', 'U'), ('రు', '|'), ('డై', 'U'), ('యు', 'U'), ('న్న', '|'), ('హ', '|'), ('రి', '|'), ('భ', 'U'), ('క్తు', '|'), ('గూ', 'U'), ('డ', '|'), ('రో', 'U'), ('త', '|'), ('మ', '|'), ('ద', '|'), ('రి', '|'), ('పు', '|'), ('వి', '|'), ('ఫా', 'U'), ('ల', '|'), ('ము', '|'), ('ని', '|'), ('జ', '|'), ('న', '|'), ('హృ', '|'), ('ద', '|'), ('య', '|'), ('లో', 'U'), ('ల', '|'), ('వే', 'U'), ('ణు', '|'), ('గో', 'U'), ('పా', 'U'), ('ల', '|'), ('భ', 'U'), ('క్త', '|'), ('సం', 'U'), ('త్రా', 'U'), ('ణ', '|'), ('శీ', 'U'), ('ల', '|')]",1.0,-1.0,1.0,1.0,1.0,-1.0
seesamu,"పసచెడి యత్తింటఁ బడి యుండుటది రోత । పరువు దప్పినయెడ బ్రతుకు రోత
ఋణపడి సౌఖ్యంబు లనుభవించుట రోత । పరుల కల్మికి దుఃఖపడుట రోత
తన కులాచారంబుఁ దప్పి నడచుట రోత । ధరణీశునకు పిర్కితనము రోత
పిలువని పెత్తనంబులకుఁ బోవుట రోత । యల్పుతో సరసంబులాడ రోత",vupajaathi,Venugopaala,"[('ప', '|'), ('స', '|'), ('చె', '|'), ('డి', '|'), ('య', 'U'), ('త్తిం', 'U'), ('ట', '|'), ('బ', '|'), ('డి', '|'), ('యుం', 'U'), ('డు', '|'), ('ట', '|'), ('ది', '|'), ('రో', 'U'), ('త', '|'), ('ప', '|'), ('రు', '|'), ('వు', '|'), ('ద', 'U'), ('ప్పి', '|'), ('న', '|'), ('యె', '|'), ('డ', '|'), ('బ్ర', '|'), ('తు', '|'), ('కు', '|'), ('రో', 'U'), ('త', '|'), ('ఋ', '|'), ('ణ', '|'), ('ప', '|'), ('డి', '|'), ('సౌ', 'U'), ('ఖ్యం', 'U'), ('బు', '|'), ('ల', '|'), ('ను', '|'), ('భ', '|'), ('విం', 'U'), ('చు', '|'), ('ట', '|'), ('రో', 'U'), ('త', '|'), ('ప', '|'), ('రు', '|'), ('ల', '|'), ('క', 'U'), ('ల్మి', '|'), ('కి', '|'), ('దుః', 'U'), ('ఖ', '|'), ('ప', '|'), ('డు', '|'), ('ట', '|'), ('రో', 'U'), ('త', '|'), ('త', '|'), ('న', '|'), ('కు', '|'), ('లా', 'U'), ('చా', 'U'), ('రం', 'U'), ('బు', '|'), ('ద', 'U'), ('ప్పి', '|'), ('న', '|'), ('డ', '|'), ('చు', '|'), ('ట', '|'), ('రో', 'U'), ('త', '|'), ('ధ', '|'), ('ర', '|'), ('ణీ', 'U'), ('శు', '|'), ('న', '|'), ('కు', '|'), ('పి', 'U'), ('ర్కి', '|'), ('త', '|'), ('న', '|'), ('ము', '|'), ('రో', 'U'), ('త', '|'), ('పి', '|'), ('లు', '|'), ('వ', '|'), ('ని', '|'), ('పె', 'U'), ('త్త', '|'), ('నం', 'U'), ('బు', '|'), ('ల', '|'), ('కు', '|'), ('బో', 'U'), ('వు', '|'), ('ట', '|'), ('రో', 'U'), ('త', '|'), ('య', 'U'), ('ల్పు', '|'), ('తో', 'U'), ('స', '|'), ('ర', '|'), ('సం', 'U'), ('బు', '|'), ('లా', 'U'), ('డ', '|'), ('రో', 'U'), ('త', '|')]",0.8645833333333334,-1.0,1.0,0.96875,0.625,-1.0
teytageethi,"పరుల సంపద కనుగొని బ్రమయ రోత । బలము లేనట్టి రాజుల బ్రతుకు రోత
మదరిపువిఫాల మునిజనహృదయలోల । వేణుగోపాల భక్తసంత్రాణశీల!",vupajaathi,Venugopaala,"[('ప', '|'), ('రు', '|'), ('ల', '|'), ('సం', 'U'), ('ప', '|'), ('ద', '|'), ('క', '|'), ('ను', '|'), ('గొ', '|'), ('ని', '|'), ('బ్ర', '|'), ('మ', '|'), ('య', '|'), ('రో', 'U'), ('త', '|'), ('బ', '|'), ('ల', '|'), ('ము', '|'), ('లే', 'U'), ('న', 'U'), ('ట్టి', '|'), ('రా', 'U'), ('జు', '|'), ('ల', '|'), ('బ్ర', '|'), ('తు', '|'), ('కు', '|'), ('రో', 'U'), ('త', '|'), ('మ', '|'), ('ద', '|'), ('రి', '|'), ('పు', '|'), ('వి', '|'), ('ఫా', 'U'), ('ల', '|'), ('ము', '|'), ('ని', '|'), ('జ', '|'), ('న', '|'), ('హృ', '|'), ('ద', '|'), ('య', '|'), ('లో', 'U'), ('ల', '|'), ('వే', 'U'), ('ణు', '|'), ('గో', 'U'), ('పా', 'U'), ('ల', '|'), ('భ', 'U'), ('క్త', '|'), ('సం', 'U'), ('త్రా', 'U'), ('ణ', '|'), ('శీ', 'U'), ('ల', '|')]",1.0,-1.0,1.0,1.0,1.0,-1.0
seesamu,"నందిగణం బెక్కి నడువీథినే వచ్చు । దైవమో గంగ మోదమ్ము రాజో
ఇసకాప్పసీనఁడో యీరుఁడో యీసుఁడో । యీసుడైతే యెనకఁ దోఁకలేదె
ఆళ్ళరో గణపతో అమ్మ చీతమ్మరో । చీతామ్మరైయుంటె సింగమేది
మంచిది చూతాము మారమ్మ కాబోలు । మారెమ్మయైతేను మాలయేది",vupajaathi,Venugopaala,"[('నం', 'U'), ('ది', '|'), ('గ', '|'), ('ణం', 'U'), ('బె', 'U'), ('క్కి', '|'), ('న', '|'), ('డు', '|'), ('వీ', 'U'), ('థి', '|'), ('నే', 'U'), ('వ', 'U'), ('చ్చు', '|'), ('దై', 'U'), ('వ', '|'), ('మో', 'U'), ('గం', 'U'), ('గ', '|'), ('మో', 'U'), ('ద', 'U'), ('మ్ము', '|'), ('రా', 'U'), ('జో', 'U'), ('ఇ', '|'), ('స', '|'), ('కా', 'U'), ('ప్ప', '|'), ('సీ', 'U'), ('న', '|'), ('డో', 'U'), ('యీ', 'U'), ('రు', '|'), ('డో', 'U'), ('యీ', 'U'), ('సు', '|'), ('డో', 'U'), ('యీ', 'U'), ('సు', '|'), ('డై', 'U'), ('తే', 'U'), ('యె', '|'), ('న', '|'), ('క', '|'), ('దో', 'U'), ('క', '|'), ('లే', 'U'), ('దె', '|'), ('ఆ', 'U'), ('ళ్ళ', '|'), ('రో', 'U'), ('గ', '|'), ('ణ', '|'), ('ప', '|'), ('తో', 'U'), ('అ', 'U'), ('మ్మ', '|'), ('చీ', 'U'), ('త', 'U'), ('మ్మ', '|'), ('రో', 'U'), ('చీ', 'U'), ('తా', 'U'), ('మ్మ', '|'), ('రై', 'U'), ('యుం', 'U'), ('టె', '|'), ('సిం', 'U'), ('గ', '|'), ('మే', 'U'), ('ది', '|'), ('మం', 'U'), ('చి', '|'), ('ది', '|'), ('చూ', 'U'), ('తా', 'U'), ('ము', '|'), ('మా', 'U'), ('ర', 'U'), ('మ్మ', '|'), ('కా', 'U'), ('బో', 'U'), ('లు', '|'), ('మా', 'U'), ('రె', 'U'), ('మ్మ', '|'), ('యై', 'U'), ('తే', 'U'), ('ను', '|'), ('మా', 'U'), ('ల', '|'), ('యే', 'U'), ('ది', '|')]",0.6354166666666666,-1.0,1.0,0.65625,0.25,-1.0
teytageethi,"ప్రాకృతజనంబు లీరీతిఁ బలుకుచుంద్రు । తెలివి యించుక లేకను దెలిసికొనక
మదరిపువిఫాల మునిజనహృదయలోల । వేణుగోపాల భక్తసంత్రాణశీల!",vupajaathi,Venugopaala,"[('ప్రా', 'U'), ('కృ', '|'), ('త', '|'), ('జ', '|'), ('నం', 'U'), ('బు', '|'), ('లీ', 'U'), ('రీ', 'U'), ('తి', '|'), ('బ', '|'), ('లు', '|'), ('కు', '|'), ('చుం', 'U'), ('ద్రు', '|'), ('తె', '|'), ('లి', '|'), ('వి', '|'), ('యిం', 'U'), ('చు', '|'), ('క', '|'), ('లే', 'U'), ('క', '|'), ('ను', '|'), ('దె', '|'), ('లి', '|'), ('సి', '|'), ('కొ', '|'), ('న', '|'), ('క', '|'), ('మ', '|'), ('ద', '|'), ('రి', '|'), ('పు', '|'), ('వి', '|'), ('ఫా', 'U'), ('ల', '|'), ('ము', '|'), ('ని', '|'), ('జ', '|'), ('న', '|'), ('హృ', '|'), ('ద', '|'), ('య', '|'), ('లో', 'U'), ('ల', '|'), ('వే', 'U'), ('ణు', '|'), ('గో', 'U'), ('పా', 'U'), ('ల', '|'), ('భ', 'U'), ('క్త', '|'), ('సం', 'U'), ('త్రా', 'U'), ('ణ', '|'), ('శీ', 'U'), ('ల', '|')]",1.0,-1.0,1.0,1.0,1.0,-1.0
seesamu,"వేదశాస్త్రములు విన సొంపు లేదాయె । సంగీతవిద్య బల్ చౌకనాయె
కవితారసజ్ఞత కలలోను లేదాయె । బారమార్థికబుద్ధి భస్మమాయె
భూతలేంద్రులకు దుర్బుద్ధులు మెండాయె । నీచమహత్త్వంబు నెగడిపోయె
వర్ణాశ్రమాచారవర్ణన లేదాయె । హీనకులంబులు హెచ్చులాయె",vupajaathi,Venugopaala,"[('వే', 'U'), ('ద', '|'), ('శా', 'U'), ('స్త్ర', '|'), ('ము', '|'), ('లు', '|'), ('వి', '|'), ('న', '|'), ('సొం', 'U'), ('పు', '|'), ('లే', 'U'), ('దా', 'U'), ('యె', '|'), ('సం', 'U'), ('గీ', 'U'), ('త', '|'), ('వి', 'U'), ('ద్య', '|'), ('బ', 'U'), ('ల్చౌ', 'U'), ('క', '|'), ('నా', 'U'), ('యె', '|'), ('క', '|'), ('వి', '|'), ('తా', 'U'), ('ర', '|'), ('స', 'U'), ('జ్ఞ', '|'), ('త', '|'), ('క', '|'), ('ల', '|'), ('లో', 'U'), ('ను', '|'), ('లే', 'U'), ('దా', 'U'), ('యె', '|'), ('బా', 'U'), ('ర', '|'), ('మా', 'U'), ('ర్థి', '|'), ('క', '|'), ('బు', 'U'), ('ద్ధి', '|'), ('భ', 'U'), ('స్మ', '|'), ('మా', 'U'), ('యె', '|'), ('భూ', 'U'), ('త', '|'), ('లేం', 'U'), ('ద్రు', '|'), ('ల', '|'), ('కు', '|'), ('దు', 'U'), ('ర్బు', 'U'), ('ద్ధు', '|'), ('లు', '|'), ('మెం', 'U'), ('డా', 'U'), ('యె', '|'), ('నీ', 'U'), ('చ', '|'), ('మ', '|'), ('హ', 'U'), ('త్త్వం', 'U'), ('బు', '|'), ('నె', '|'), ('గ', '|'), ('డి', '|'), ('పో', 'U'), ('యె', '|'), ('వ', 'U'), ('ర్ణా', 'U'), ('శ్ర', '|'), ('మా', 'U'), ('చా', 'U'), ('ర', '|'), ('వ', 'U'), ('ర్ణ', '|'), ('న', '|'), ('లే', 'U'), ('దా', 'U'), ('యె', '|'), ('హీ', 'U'), ('న', '|'), ('కు', '|'), ('లం', 'U'), ('బు', '|'), ('లు', '|'), ('హె', 'U'), ('చ్చు', '|'), ('లా', 'U'), ('యె', '|')]",0.46875,-1.0,0.875,0.53125,0.0,-1.0
teytageethi,"వావివరుసలు లేవాయె వసుధలోన । నీదు కరుణయు రాదాయె నీరజాక్ష
మదరిపువిఫాల మునిజనహృదయలోల । వేణుగోపాల భక్తసంత్రాణశీల!",vupajaathi,Venugopaala,"[('వా', 'U'), ('వి', '|'), ('వ', '|'), ('రు', '|'), ('స', '|'), ('లు', '|'), ('లే', 'U'), ('వా', 'U'), ('యె', '|'), ('వ', '|'), ('సు', '|'), ('ధ', '|'), ('లో', 'U'), ('న', '|'), ('నీ', 'U'), ('దు', '|'), ('క', '|'), ('రు', '|'), ('ణ', '|'), ('యు', '|'), ('రా', 'U'), ('దా', 'U'), ('యె', '|'), ('నీ', 'U'), ('ర', '|'), ('జా', 'U'), ('క్ష', '|'), ('మ', '|'), ('ద', '|'), ('రి', '|'), ('పు', '|'), ('వి', '|'), ('ఫా', 'U'), ('ల', '|'), ('ము', '|'), ('ని', '|'), ('జ', '|'), ('న', '|'), ('హృ', '|'), ('ద', '|'), ('య', '|'), ('లో', 'U'), ('ల', '|'), ('వే', 'U'), ('ణు', '|'), ('గో', 'U'), ('పా', 'U'), ('ల', '|'), ('భ', 'U'), ('క్త', '|'), ('సం', 'U'), ('త్రా', 'U'), ('ణ', '|'), ('శీ', 'U'), ('ల', '|')]",1.0,-1.0,1.0,1.0,1.0,-1.0
seesamu,"మౌనంబు దాల్చుట మనసిచ్చగింపమి । గదిసివేయుట లోభకారణంబు
దర్శనంబియ్యమి తప్పుసైపకయున్కి । పెడమోముపెట్టుట ప్రియములేమి
గర్వంబు దెల్పుట కార్యాంతరాసక్తి । సమయంబుగాదంట జరుపునేర్పు
నరయుదమన్న రంధ్రాన్వేషణాసక్తి । యతివినయంబు ధౌర్త్యంబు తెరువు",vupajaathi,Venugopaala,"[('మౌ', 'U'), ('నం', 'U'), ('బు', '|'), ('దా', 'U'), ('ల్చు', '|'), ('ట', '|'), ('మ', '|'), ('న', '|'), ('సి', 'U'), ('చ్చ', '|'), ('గిం', 'U'), ('ప', '|'), ('మి', '|'), ('గ', '|'), ('ది', '|'), ('సి', '|'), ('వే', 'U'), ('యు', '|'), ('ట', '|'), ('లో', 'U'), ('భ', '|'), ('కా', 'U'), ('ర', '|'), ('ణం', 'U'), ('బు', '|'), ('ద', 'U'), ('ర్శ', '|'), ('నం', 'U'), ('బి', 'U'), ('య్య', '|'), ('మి', '|'), ('త', 'U'), ('ప్పు', '|'), ('సై', 'U'), ('ప', '|'), ('క', '|'), ('యు', 'U'), ('న్కి', '|'), ('పె', '|'), ('డ', '|'), ('మో', 'U'), ('ము', '|'), ('పె', 'U'), ('ట్టు', '|'), ('ట', '|'), ('ప్రి', '|'), ('య', '|'), ('ము', '|'), ('లే', 'U'), ('మి', '|'), ('గ', 'U'), ('ర్వం', 'U'), ('బు', '|'), ('దె', 'U'), ('ల్పు', '|'), ('ట', '|'), ('కా', 'U'), ('ర్యాం', 'U'), ('త', '|'), ('రా', 'U'), ('స', 'U'), ('క్తి', '|'), ('స', '|'), ('మ', '|'), ('యం', 'U'), ('బు', '|'), ('గా', 'U'), ('దం', 'U'), ('ట', '|'), ('జ', '|'), ('రు', '|'), ('పు', '|'), ('నే', 'U'), ('ర్పు', '|'), ('న', '|'), ('ర', '|'), ('యు', '|'), ('ద', '|'), ('మ', 'U'), ('న్న', '|'), ('రం', 'U'), ('ధ్రా', 'U'), ('న్వే', 'U'), ('ష', '|'), ('ణా', 'U'), ('స', 'U'), ('క్తి', '|'), ('య', '|'), ('తి', '|'), ('వి', '|'), ('న', '|'), ('యం', 'U'), ('బు', '|'), ('ధౌ', 'U'), ('ర్త్యం', 'U'), ('బు', '|'), ('తె', '|'), ('రు', '|'), ('వు', '|')]",0.9583333333333334,-1.0,1.0,1.0,0.875,-1.0
teytageethi,"లిట్టి ప్రభు దుర్ణయపుఁ జేష్ట లెఱుగలేక । వెంబడించెడివాడెపో వెఱ్ఱివాడు
వాని కొడబడఁ డింగితజ్ఞానశాలి
మదరిపువిఫాల మునిజనహృదయలోల । వేణుగోపాల భక్తసంత్రాణశీల!",vupajaathi,Venugopaala,"[('లి', 'U'), ('ట్టి', '|'), ('ప్ర', '|'), ('భు', '|'), ('దు', 'U'), ('ర్ణ', '|'), ('య', '|'), ('పు', '|'), ('జే', 'U'), ('ష్ట', '|'), ('లె', '|'), ('ఱు', '|'), ('గ', '|'), ('లే', 'U'), ('క', '|'), ('వెం', 'U'), ('బ', '|'), ('డిం', 'U'), ('చె', '|'), ('డి', '|'), ('వా', 'U'), ('డె', '|'), ('పో', 'U'), ('వె', 'U'), ('ఱ్ఱి', '|'), ('వా', 'U'), ('డు', '|'), ('వా', 'U'), ('ని', '|'), ('కొ', '|'), ('డ', '|'), ('బ', '|'), ('డ', '|'), ('డిం', 'U'), ('గి', '|'), ('త', 'U'), ('జ్ఞా', 'U'), ('న', '|'), ('శా', 'U'), ('లి', '|'), ('మ', '|'), ('ద', '|'), ('రి', '|'), ('పు', '|'), ('వి', '|'), ('ఫా', 'U'), ('ల', '|'), ('ము', '|'), ('ని', '|'), ('జ', '|'), ('న', '|'), ('హృ', '|'), ('ద', '|'), ('య', '|'), ('లో', 'U'), ('ల', '|'), ('వే', 'U'), ('ణు', '|'), ('గో', 'U'), ('పా', 'U'), ('ల', '|'), ('భ', 'U'), ('క్త', '|'), ('సం', 'U'), ('త్రా', 'U'), ('ణ', '|'), ('శీ', 'U'), ('ల', '|')]",1.0,-1.0,1.0,1.0,1.0,-1.0
seesamu,"తన తల్లి చోటనే తప్ప నటించిన । దురితాత్మునకుఁ గురుద్రోహమెంత
కొంకింతయును లేక గురున కెగ్గొనరించు । కఠినాత్మునకుఁ గృతఘ్నత్వమెంత
కృతమెఱుంగని మహాకిల్బిషాయత్తచి- । త్తునకు మిత్రద్రోహ మనఁగనెంత
పరమమిత్రుల బాధపఱుచు దుర్ణయునకుఁ । బ్రజలనందఱ గష్టపఱచుటెంత",vupajaathi,Venugopaala,"[('త', '|'), ('న', '|'), ('త', 'U'), ('ల్లి', '|'), ('చో', 'U'), ('ట', '|'), ('నే', 'U'), ('త', 'U'), ('ప్ప', '|'), ('న', '|'), ('టిం', 'U'), ('చి', '|'), ('న', '|'), ('దు', '|'), ('రి', '|'), ('తా', 'U'), ('త్ము', '|'), ('న', '|'), ('కు', '|'), ('గు', '|'), ('రు', '|'), ('ద్రో', 'U'), ('హ', '|'), ('మెం', 'U'), ('త', '|'), ('కొం', 'U'), ('కిం', 'U'), ('త', '|'), ('యు', '|'), ('ను', '|'), ('లే', 'U'), ('క', '|'), ('గు', '|'), ('రు', '|'), ('న', '|'), ('కె', 'U'), ('గ్గొ', '|'), ('న', '|'), ('రిం', 'U'), ('చు', '|'), ('క', '|'), ('ఠి', '|'), ('నా', 'U'), ('త్ము', '|'), ('న', '|'), ('కు', '|'), ('గృ', '|'), ('త', 'U'), ('ఘ్న', 'U'), ('త్వ', '|'), ('మెం', 'U'), ('త', '|'), ('కృ', '|'), ('త', '|'), ('మె', '|'), ('ఱుం', 'U'), ('గ', '|'), ('ని', '|'), ('మ', '|'), ('హా', 'U'), ('కి', 'U'), ('ల్బి', '|'), ('షా', 'U'), ('య', 'U'), ('త్త', '|'), ('చి', 'U'), ('త్తు', '|'), ('న', '|'), ('కు', '|'), ('మి', '|'), ('త్ర', '|'), ('ద్రో', 'U'), ('హ', '|'), ('మ', '|'), ('న', '|'), ('గ', '|'), ('నెం', 'U'), ('త', '|'), ('ప', '|'), ('ర', '|'), ('మ', '|'), ('మి', '|'), ('త్రు', '|'), ('ల', '|'), ('బా', 'U'), ('ధ', '|'), ('ప', '|'), ('ఱు', '|'), ('చు', '|'), ('దు', 'U'), ('ర్ణ', '|'), ('యు', '|'), ('న', '|'), ('కు', '|'), ('బ్ర', '|'), ('జ', '|'), ('ల', '|'), ('నం', 'U'), ('ద', '|'), ('ఱ', '|'), ('గ', 'U'), ('ష్ట', '|'), ('ప', '|'), ('ఱ', '|'), ('చు', '|'), ('టెం', 'U'), ('త', '|')]",0.8229166666666666,-1.0,1.0,0.84375,0.625,-1.0
teytageethi,"యనుచుఁ దనదు చరిత్రంబు లవనిజనులు । నిందసేయంగ బ్రతుకు దుర్నీతిపరుని
వైభవంబౌర యని మెచ్చువాఁడెవండు
మదరిపువిఫాల మునిజనహృదయలోల । వేణుగోపాల భక్తసంత్రాణశీల!",vupajaathi,Venugopaala,"[('య', '|'), ('ను', '|'), ('చు', '|'), ('ద', '|'), ('న', '|'), ('దు', '|'), ('చ', '|'), ('రి', '|'), ('త్రం', 'U'), ('బు', '|'), ('ల', '|'), ('వ', '|'), ('ని', '|'), ('జ', '|'), ('ను', '|'), ('లు', '|'), ('నిం', 'U'), ('ద', '|'), ('సే', 'U'), ('యం', 'U'), ('గ', '|'), ('బ్ర', '|'), ('తు', '|'), ('కు', '|'), ('దు', 'U'), ('ర్నీ', 'U'), ('తి', '|'), ('ప', '|'), ('రు', '|'), ('ని', '|'), ('వై', 'U'), ('భ', '|'), ('వం', 'U'), ('బౌ', 'U'), ('ర', '|'), ('య', '|'), ('ని', '|'), ('మె', 'U'), ('చ్చు', '|'), ('వా', 'U'), ('డె', '|'), ('వం', 'U'), ('డు', '|'), ('మ', '|'), ('ద', '|'), ('రి', '|'), ('పు', '|'), ('వి', '|'), ('ఫా', 'U'), ('ల', '|'), ('ము', '|'), ('ని', '|'), ('జ', '|'), ('న', '|'), ('హృ', '|'), ('ద', '|'), ('య', '|'), ('లో', 'U'), ('ల', '|'), ('వే', 'U'), ('ణు', '|'), ('గో', 'U'), ('పా', 'U'), ('ల', '|'), ('భ', 'U'), ('క్త', '|'), ('సం', 'U'), ('త్రా', 'U'), ('ణ', '|'), ('శీ', 'U'), ('ల', '|')]",0.65,-1.0,1.0,0.7,0.25,-1.0
seesamu,"జలధివేష్టిత మహీచక్రమేలెడు రాజు । వెంట జేనెడు భూమి గొంచుబోడు
కొండంత ధనరాశి గూర్చు సంపన్నుండు । వెంట దానొకటైన గొంచుబోడు
అతిధాన్యరాసుల నార్జించునాతండు । వెంట సోలెడు కొల్చు కొంచుబోడు
బహుమాల్యవస్త్ర సంపాదకుండగువాఁడు । వెంట వ్రేలెడు గుడ్డ గొంచుబోడు",vupajaathi,Venugopaala,"[('జ', '|'), ('ల', '|'), ('ధి', '|'), ('వే', 'U'), ('ష్టి', '|'), ('త', '|'), ('మ', '|'), ('హీ', 'U'), ('చ', '|'), ('క్ర', '|'), ('మే', 'U'), ('లె', '|'), ('డు', '|'), ('రా', 'U'), ('జు', '|'), ('వెం', 'U'), ('ట', '|'), ('జే', 'U'), ('నె', '|'), ('డు', '|'), ('భూ', 'U'), ('మి', '|'), ('గొం', 'U'), ('చు', '|'), ('బో', 'U'), ('డు', '|'), ('కొం', 'U'), ('డం', 'U'), ('త', '|'), ('ధ', '|'), ('న', '|'), ('రా', 'U'), ('శి', '|'), ('గూ', 'U'), ('ర్చు', '|'), ('సం', 'U'), ('ప', 'U'), ('న్నుం', 'U'), ('డు', '|'), ('వెం', 'U'), ('ట', '|'), ('దా', 'U'), ('నొ', '|'), ('క', '|'), ('టై', 'U'), ('న', '|'), ('గొం', 'U'), ('చు', '|'), ('బో', 'U'), ('డు', '|'), ('అ', '|'), ('తి', '|'), ('ధా', 'U'), ('న్య', '|'), ('రా', 'U'), ('సు', '|'), ('ల', '|'), ('నా', 'U'), ('ర్జిం', 'U'), ('చు', '|'), ('నా', 'U'), ('తం', 'U'), ('డు', '|'), ('వెం', 'U'), ('ట', '|'), ('సో', 'U'), ('లె', '|'), ('డు', '|'), ('కొ', 'U'), ('ల్చు', '|'), ('కొం', 'U'), ('చు', '|'), ('బో', 'U'), ('డు', '|'), ('బ', '|'), ('హు', '|'), ('మా', 'U'), ('ల్య', '|'), ('వ', 'U'), ('స్త్ర', '|'), ('సం', 'U'), ('పా', 'U'), ('ద', '|'), ('కుం', 'U'), ('డ', '|'), ('గు', '|'), ('వా', 'U'), ('డు', '|'), ('వెం', 'U'), ('ట', '|'), ('వ్రే', 'U'), ('లె', '|'), ('డు', '|'), ('గు', 'U'), ('డ్డ', '|'), ('గొం', 'U'), ('చు', '|'), ('బో', 'U'), ('డు', '|')]",0.6458333333333334,-1.0,1.0,0.8125,0.125,-1.0
teytageethi,"నిన్నియు నెఱింగి దుర్ణయుఁ డెందుకొఱకు । త్యాగభోగంబు లుడిగి లుబ్ధత వహించు
వాని జన్మంబు జన్మమే వసుధలోన
మదరిపువిఫాల మునిజనహృదయలోల । వేణుగోపాల భక్తసంత్రాణశీల!",vupajaathi,Venugopaala,"[('ని', 'U'), ('న్ని', '|'), ('యు', '|'), ('నె', '|'), ('ఱిం', 'U'), ('గి', '|'), ('దు', 'U'), ('ర్ణ', '|'), ('యు', '|'), ('డెం', 'U'), ('దు', '|'), ('కొ', '|'), ('ఱ', '|'), ('కు', 'U'), ('త్యా', 'U'), ('గ', '|'), ('భో', 'U'), ('గం', 'U'), ('బు', '|'), ('లు', '|'), ('డి', '|'), ('గి', '|'), ('లు', 'U'), ('బ్ధ', '|'), ('త', '|'), ('వ', '|'), ('హిం', 'U'), ('చు', '|'), ('వా', 'U'), ('ని', '|'), ('జ', 'U'), ('న్మం', 'U'), ('బు', '|'), ('జ', 'U'), ('న్మ', '|'), ('మే', 'U'), ('వ', '|'), ('సు', '|'), ('ధ', '|'), ('లో', 'U'), ('న', '|'), ('మ', '|'), ('ద', '|'), ('రి', '|'), ('పు', '|'), ('వి', '|'), ('ఫా', 'U'), ('ల', '|'), ('ము', '|'), ('ని', '|'), ('జ', '|'), ('న', '|'), ('హృ', '|'), ('ద', '|'), ('య', '|'), ('లో', 'U'), ('ల', '|'), ('వే', 'U'), ('ణు', '|'), ('గో', 'U'), ('పా', 'U'), ('ల', '|'), ('భ', 'U'), ('క్త', '|'), ('సం', 'U'), ('త్రా', 'U'), ('ణ', '|'), ('శీ', 'U'), ('ల', '|')]",0.9,-1.0,1.0,0.95,0.75,-1.0
seesamu,"అబ్బినవాని యిల్లాలిఁ గట్టఁగ జూచు । దానియ్యవలసిన దలవ డీగ
నలుసైనవాని యిల్లాక్రమింపఁగ జూచు । దనకుఁ గీడయినఁ బాదములు పట్టు
నణువుగాఁ జూచుఁ గొండంతైనఁ దన తప్పు । గోరంత యొరు తప్పు కొండసేయు
బంధులకిడరంచుఁ బరుల దూషించును । దన యిల్లు చొచ్చినఁ దడకవెట్టు",vupajaathi,Venugopaala,"[('అ', 'U'), ('బ్బి', '|'), ('న', '|'), ('వా', 'U'), ('ని', '|'), ('యి', 'U'), ('ల్లా', 'U'), ('లి', '|'), ('గ', 'U'), ('ట్ట', '|'), ('గ', '|'), ('జూ', 'U'), ('చు', '|'), ('దా', 'U'), ('ని', 'U'), ('య్య', '|'), ('వ', '|'), ('ల', '|'), ('సి', '|'), ('న', '|'), ('ద', '|'), ('ల', '|'), ('వ', '|'), ('డీ', 'U'), ('గ', '|'), ('న', '|'), ('లు', '|'), ('సై', 'U'), ('న', '|'), ('వా', 'U'), ('ని', '|'), ('యి', 'U'), ('ల్లా', 'U'), ('క్ర', '|'), ('మిం', 'U'), ('ప', '|'), ('గ', '|'), ('జూ', 'U'), ('చు', '|'), ('ద', '|'), ('న', '|'), ('కు', '|'), ('గీ', 'U'), ('డ', '|'), ('యి', '|'), ('న', '|'), ('బా', 'U'), ('ద', '|'), ('ము', '|'), ('లు', '|'), ('ప', 'U'), ('ట్టు', '|'), ('న', '|'), ('ణు', '|'), ('వు', '|'), ('గా', 'U'), ('జూ', 'U'), ('చు', '|'), ('గొం', 'U'), ('డం', 'U'), ('తై', 'U'), ('న', '|'), ('ద', '|'), ('న', '|'), ('త', 'U'), ('ప్పు', '|'), ('గో', 'U'), ('రం', 'U'), ('త', '|'), ('యొ', '|'), ('రు', '|'), ('త', 'U'), ('ప్పు', '|'), ('కొం', 'U'), ('డ', '|'), ('సే', 'U'), ('యు', '|'), ('బం', 'U'), ('ధు', '|'), ('ల', '|'), ('కి', '|'), ('డ', '|'), ('రం', 'U'), ('చు', '|'), ('బ', '|'), ('రు', '|'), ('ల', '|'), ('దూ', 'U'), ('షిం', 'U'), ('చు', '|'), ('ను', '|'), ('ద', '|'), ('న', '|'), ('యి', 'U'), ('ల్లు', '|'), ('చొ', 'U'), ('చ్చి', '|'), ('న', '|'), ('ద', '|'), ('డ', '|'), ('క', '|'), ('వె', 'U'), ('ట్టు', '|')]",0.875,-1.0,1.0,1.0,0.625,-1.0
teytageethi,"దుర్ణయుల దుర్గుణంబులు ద్రోయరాదు । దానికి ఫలంబు యమసన్నిధానమునను
దేటపడు గాక యొరులకు దెలుప వశమె
మదరిపువిఫాల మునిజనహృదయలోల । వేణుగోపాల భక్తసంత్రాణశీల!",vupajaathi,Venugopaala,"[('దు', 'U'), ('ర్ణ', '|'), ('యు', '|'), ('ల', '|'), ('దు', 'U'), ('ర్గు', '|'), ('ణం', 'U'), ('బు', '|'), ('లు', '|'), ('ద్రో', 'U'), ('య', '|'), ('రా', 'U'), ('దు', '|'), ('దా', 'U'), ('ని', '|'), ('కి', '|'), ('ఫ', '|'), ('లం', 'U'), ('బు', '|'), ('య', '|'), ('మ', '|'), ('స', 'U'), ('న్ని', '|'), ('ధా', 'U'), ('న', '|'), ('ము', '|'), ('న', '|'), ('ను', '|'), ('దే', 'U'), ('ట', '|'), ('ప', '|'), ('డు', '|'), ('గా', 'U'), ('క', '|'), ('యొ', '|'), ('రు', '|'), ('ల', '|'), ('కు', '|'), ('దె', '|'), ('లు', '|'), ('ప', '|'), ('వ', '|'), ('శ', '|'), ('మె', '|'), ('మ', '|'), ('ద', '|'), ('రి', '|'), ('పు', '|'), ('వి', '|'), ('ఫా', 'U'), ('ల', '|'), ('ము', '|'), ('ని', '|'), ('జ', '|'), ('న', '|'), ('హృ', '|'), ('ద', '|'), ('య', '|'), ('లో', 'U'), ('ల', '|'), ('వే', 'U'), ('ణు', '|'), ('గో', 'U'), ('పా', 'U'), ('ల', '|'), ('భ', 'U'), ('క్త', '|'), ('సం', 'U'), ('త్రా', 'U'), ('ణ', '|'), ('శీ', 'U'), ('ల', '|')]",1.0,-1.0,1.0,1.0,1.0,-1.0
seesamu,"కందిరీగల పట్టు కడఁగి రేపఁగవచ్చు । మానిపింపఁగరాదు దాని పోటు
చెట్లలో బెబ్బులిఁ జెనకి రావచ్చును । దప్పించుకొనరాదు దాని కాటు
పఱచునశ్వము తోఁకబట్టి యీడ్వఁగవచ్చు । దప్పించుకోరాదు దాని తన్ను
కాఁకచే బొరుగిల్లు గాల్చిరావచ్చును । దన యిల్లు కాపాడఁ దరము గాదు",vupajaathi,Venugopaala,"[('కం', 'U'), ('ది', '|'), ('రీ', 'U'), ('గ', '|'), ('ల', '|'), ('ప', 'U'), ('ట్టు', '|'), ('క', '|'), ('డ', '|'), ('గి', '|'), ('రే', 'U'), ('ప', '|'), ('గ', '|'), ('వ', 'U'), ('చ్చు', '|'), ('మా', 'U'), ('ని', '|'), ('పిం', 'U'), ('ప', '|'), ('గ', '|'), ('రా', 'U'), ('దు', '|'), ('దా', 'U'), ('ని', '|'), ('పో', 'U'), ('టు', '|'), ('చె', 'U'), ('ట్ల', '|'), ('లో', 'U'), ('బె', 'U'), ('బ్బు', '|'), ('లి', '|'), ('జె', '|'), ('న', '|'), ('కి', '|'), ('రా', 'U'), ('వ', 'U'), ('చ్చు', '|'), ('ను', '|'), ('ద', 'U'), ('ప్పిం', 'U'), ('చు', '|'), ('కొ', '|'), ('న', '|'), ('రా', 'U'), ('దు', '|'), ('దా', 'U'), ('ని', '|'), ('కా', 'U'), ('టు', '|'), ('ప', '|'), ('ఱ', '|'), ('చు', '|'), ('న', 'U'), ('శ్వ', '|'), ('ము', '|'), ('తో', 'U'), ('క', '|'), ('బ', 'U'), ('ట్టి', '|'), ('యీ', 'U'), ('డ్వ', '|'), ('గ', '|'), ('వ', 'U'), ('చ్చు', '|'), ('ద', 'U'), ('ప్పిం', 'U'), ('చు', '|'), ('కో', 'U'), ('రా', 'U'), ('దు', '|'), ('దా', 'U'), ('ని', '|'), ('త', 'U'), ('న్ను', '|'), ('కా', 'U'), ('క', '|'), ('చే', 'U'), ('బొ', '|'), ('రు', '|'), ('గి', 'U'), ('ల్లు', '|'), ('గా', 'U'), ('ల్చి', '|'), ('రా', 'U'), ('వ', 'U'), ('చ్చు', '|'), ('ను', '|'), ('ద', '|'), ('న', '|'), ('యి', 'U'), ('ల్లు', '|'), ('కా', 'U'), ('పా', 'U'), ('డ', '|'), ('ద', '|'), ('ర', '|'), ('ము', '|'), ('గా', 'U'), ('దు', '|')]",1.0,-1.0,1.0,1.0,1.0,-1.0
teytageethi,"దుర్ణయులు మీదెఱుంగల దుండగమున । గార్యతతులెల్లఁ జేసి తత్కార్యఫలము
లనుభవింపుదు రాయాయి యవసరముల
మదరిపువిఫాల మునిజనహృదయలోల । వేణుగోపాల భక్తసంత్రాణశీల!",vupajaathi,Venugopaala,"[('దు', 'U'), ('ర్ణ', '|'), ('యు', '|'), ('లు', '|'), ('మీ', 'U'), ('దె', '|'), ('ఱుం', 'U'), ('గ', '|'), ('ల', '|'), ('దుం', 'U'), ('డ', '|'), ('గ', '|'), ('ము', '|'), ('న', '|'), ('గా', 'U'), ('ర్య', '|'), ('త', '|'), ('తు', '|'), ('లె', 'U'), ('ల్ల', '|'), ('జే', 'U'), ('సి', '|'), ('త', 'U'), ('త్కా', 'U'), ('ర్య', '|'), ('ఫ', '|'), ('ల', '|'), ('ము', '|'), ('ల', '|'), ('ను', '|'), ('భ', '|'), ('విం', 'U'), ('పు', '|'), ('దు', '|'), ('రా', 'U'), ('యా', 'U'), ('యి', '|'), ('య', '|'), ('వ', '|'), ('స', '|'), ('ర', '|'), ('ము', '|'), ('ల', '|'), ('మ', '|'), ('ద', '|'), ('రి', '|'), ('పు', '|'), ('వి', '|'), ('ఫా', 'U'), ('ల', '|'), ('ము', '|'), ('ని', '|'), ('జ', '|'), ('న', '|'), ('హృ', '|'), ('ద', '|'), ('య', '|'), ('లో', 'U'), ('ల', '|'), ('వే', 'U'), ('ణు', '|'), ('గో', 'U'), ('పా', 'U'), ('ల', '|'), ('భ', 'U'), ('క్త', '|'), ('సం', 'U'), ('త్రా', 'U'), ('ణ', '|'), ('శీ', 'U'), ('ల', '|')]",0.9166666666666666,-1.0,1.0,1.0,0.75,-1.0
seesamu,"కన్నంబు ద్రవ్వి తస్కరు డింటివానికి । వాడలేదని ముంత వైచి చనునె
తెరవాటుకాడు చింతించునే కట్టిన । బట్ట నూడ్చిన మానభంగమనుచు
వలబడ్డ మెకము చూల్ వహియించెనంచును । విడువంగఁ జూచునే వేఁటకాఁడు
జారుండు పరకాంత శయ్యపై దారిచి । వావి గాదని పల్కి వదలి చనునె",vupajaathi,Venugopaala,"[('క', 'U'), ('న్నం', 'U'), ('బు', '|'), ('ద్ర', 'U'), ('వ్వి', '|'), ('త', 'U'), ('స్క', '|'), ('రు', '|'), ('డిం', 'U'), ('టి', '|'), ('వా', 'U'), ('ని', '|'), ('కి', '|'), ('వా', 'U'), ('డ', '|'), ('లే', 'U'), ('ద', '|'), ('ని', '|'), ('ముం', 'U'), ('త', '|'), ('వై', 'U'), ('చి', '|'), ('చ', '|'), ('ను', '|'), ('నె', '|'), ('తె', '|'), ('ర', '|'), ('వా', 'U'), ('టు', '|'), ('కా', 'U'), ('డు', '|'), ('చిం', 'U'), ('తిం', 'U'), ('చు', '|'), ('నే', 'U'), ('క', 'U'), ('ట్టి', '|'), ('న', '|'), ('బ', 'U'), ('ట్ట', '|'), ('నూ', 'U'), ('డ్చి', '|'), ('న', '|'), ('మా', 'U'), ('న', '|'), ('భం', 'U'), ('గ', '|'), ('మ', '|'), ('ను', '|'), ('చు', '|'), ('వ', '|'), ('ల', '|'), ('బ', 'U'), ('డ్డ', '|'), ('మె', '|'), ('క', '|'), ('ము', '|'), ('చూ', 'U'), ('ల్వ', '|'), ('హి', '|'), ('యిం', 'U'), ('చె', '|'), ('నం', 'U'), ('చు', '|'), ('ను', '|'), ('వి', '|'), ('డు', '|'), ('వం', 'U'), ('గ', '|'), ('జూ', 'U'), ('చు', '|'), ('నే', 'U'), ('వే', 'U'), ('ట', '|'), ('కా', 'U'), ('డు', '|'), ('జా', 'U'), ('రుం', 'U'), ('డు', '|'), ('ప', '|'), ('ర', '|'), ('కాం', 'U'), ('త', '|'), ('శ', 'U'), ('య్య', '|'), ('పై', 'U'), ('దా', 'U'), ('రి', '|'), ('చి', '|'), ('వా', 'U'), ('వి', '|'), ('గా', 'U'), ('ద', '|'), ('ని', '|'), ('ప', 'U'), ('ల్కి', '|'), ('వ', '|'), ('ద', '|'), ('లి', '|'), ('చ', '|'), ('ను', '|'), ('నె', '|')]",1.0,-1.0,1.0,1.0,1.0,-1.0
teytageethi,"యాత్మజను గుత్తరూకల కమ్మునాతఁ । డాదరమొసంగఁ జూచునె యల్లునకును
నెఱుగరింతియె గాక పరేంగితంబు
మదరిపువిఫాల మునిజనహృదయలోల । వేణుగోపాల భక్తసంత్రాణశీల!",vupajaathi,Venugopaala,"[('యా', 'U'), ('త్మ', '|'), ('జ', '|'), ('ను', '|'), ('గు', 'U'), ('త్త', '|'), ('రూ', 'U'), ('క', '|'), ('ల', '|'), ('క', 'U'), ('మ్ము', '|'), ('నా', 'U'), ('త', '|'), ('డా', 'U'), ('ద', '|'), ('ర', '|'), ('మొ', '|'), ('సం', 'U'), ('గ', '|'), ('జూ', 'U'), ('చు', '|'), ('నె', '|'), ('య', 'U'), ('ల్లు', '|'), ('న', '|'), ('కు', '|'), ('ను', '|'), ('నె', '|'), ('ఱు', '|'), ('గ', '|'), ('రిం', 'U'), ('తి', '|'), ('యె', '|'), ('గా', 'U'), ('క', '|'), ('ప', '|'), ('రేం', 'U'), ('గి', '|'), ('తం', 'U'), ('బు', '|'), ('మ', '|'), ('ద', '|'), ('రి', '|'), ('పు', '|'), ('వి', '|'), ('ఫా', 'U'), ('ల', '|'), ('ము', '|'), ('ని', '|'), ('జ', '|'), ('న', '|'), ('హృ', '|'), ('ద', '|'), ('య', '|'), ('లో', 'U'), ('ల', '|'), ('వే', 'U'), ('ణు', '|'), ('గో', 'U'), ('పా', 'U'), ('ల', '|'), ('భ', 'U'), ('క్త', '|'), ('సం', 'U'), ('త్రా', 'U'), ('ణ', '|'), ('శీ', 'U'), ('ల', '|')]",0.75,-1.0,1.0,1.0,0.25,-1.0
seesamu,"గోముఖవ్యాఘ్రంబు కూరలో నిడు నాభి । కప్పకూఁతలు గూయు కాలభుజగ
మెరచిలోపల గాల మేటిలోపలి యూబి । పైఁ బూరి గ్రమ్మిన పాడునుయ్యి
పైఁబండ్లుగలిగి లోపల బుచ్చు తరుశాఖ । గొంగళిమూల దా గొలువురాయి
చొర నేమరించి ముంచుకొను ప్రవాహంబు । కునుకువట్టినఁ జుట్టుకొను దావాగ్ని",vupajaathi,Venugopaala,"[('గో', 'U'), ('ము', '|'), ('ఖ', 'U'), ('వ్యా', 'U'), ('ఘ్రం', 'U'), ('బు', '|'), ('కూ', 'U'), ('ర', '|'), ('లో', 'U'), ('ని', '|'), ('డు', '|'), ('నా', 'U'), ('భి', '|'), ('క', 'U'), ('ప్ప', '|'), ('కూ', 'U'), ('త', '|'), ('లు', '|'), ('గూ', 'U'), ('యు', '|'), ('కా', 'U'), ('ల', '|'), ('భు', '|'), ('జ', '|'), ('గ', '|'), ('మె', '|'), ('ర', '|'), ('చి', '|'), ('లో', 'U'), ('ప', '|'), ('ల', '|'), ('గా', 'U'), ('ల', '|'), ('మే', 'U'), ('టి', '|'), ('లో', 'U'), ('ప', '|'), ('లి', '|'), ('యూ', 'U'), ('బి', '|'), ('పై', 'U'), ('బూ', 'U'), ('రి', '|'), ('గ్ర', 'U'), ('మ్మి', '|'), ('న', '|'), ('పా', 'U'), ('డు', '|'), ('ను', 'U'), ('య్యి', '|'), ('పై', 'U'), ('బం', 'U'), ('డ్లు', '|'), ('గ', '|'), ('లి', '|'), ('గి', '|'), ('లో', 'U'), ('ప', '|'), ('ల', '|'), ('బు', 'U'), ('చ్చు', '|'), ('త', '|'), ('రు', '|'), ('శా', 'U'), ('ఖ', '|'), ('గొం', 'U'), ('గ', '|'), ('ళి', '|'), ('మూ', 'U'), ('ల', '|'), ('దా', 'U'), ('గొ', '|'), ('లు', '|'), ('వు', '|'), ('రా', 'U'), ('యి', '|'), ('చొ', '|'), ('ర', '|'), ('నే', 'U'), ('మ', '|'), ('రిం', 'U'), ('చి', '|'), ('ముం', 'U'), ('చు', '|'), ('కొ', '|'), ('ను', '|'), ('ప్ర', '|'), ('వా', 'U'), ('హం', 'U'), ('బు', '|'), ('కు', '|'), ('ను', '|'), ('కు', '|'), ('వ', 'U'), ('ట్టి', '|'), ('న', '|'), ('జు', 'U'), ('ట్టు', '|'), ('కొ', '|'), ('ను', '|'), ('దా', 'U'), ('వా', 'U'), ('గ్ని', '|')]",0.9895833333333334,-1.0,1.0,0.96875,1.0,-1.0
teytageethi,"దుర్జనుఁడు వాని నమ్మిన దొడరకున్నె । హాని యెంతటివానికినైన గాని
తలదడవి బాసజేసిన తగదు నమ్మ
మదరిపువిఫాల మునిజనహృదయలోల । వేణుగోపాల భక్తసంత్రాణశీల!",vupajaathi,Venugopaala,"[('దు', 'U'), ('ర్జ', '|'), ('ను', '|'), ('డు', '|'), ('వా', 'U'), ('ని', '|'), ('న', 'U'), ('మ్మి', '|'), ('న', '|'), ('దొ', '|'), ('డ', '|'), ('ర', '|'), ('కు', 'U'), ('న్నె', '|'), ('హా', 'U'), ('ని', '|'), ('యెం', 'U'), ('త', '|'), ('టి', '|'), ('వా', 'U'), ('ని', '|'), ('కి', '|'), ('నై', 'U'), ('న', '|'), ('గా', 'U'), ('ని', '|'), ('త', '|'), ('ల', '|'), ('ద', '|'), ('డ', '|'), ('వి', '|'), ('బా', 'U'), ('స', '|'), ('జే', 'U'), ('సి', '|'), ('న', '|'), ('త', '|'), ('గ', '|'), ('దు', '|'), ('న', 'U'), ('మ్మ', '|'), ('మ', '|'), ('ద', '|'), ('రి', '|'), ('పు', '|'), ('వి', '|'), ('ఫా', 'U'), ('ల', '|'), ('ము', '|'), ('ని', '|'), ('జ', '|'), ('న', '|'), ('హృ', '|'), ('ద', '|'), ('య', '|'), ('లో', 'U'), ('ల', '|'), ('వే', 'U'), ('ణు', '|'), ('గో', 'U'), ('పా', 'U'), ('ల', '|'), ('భ', 'U'), ('క్త', '|'), ('సం', 'U'), ('త్రా', 'U'), ('ణ', '|'), ('శీ', 'U'), ('ల', '|')]",1.0,-1.0,1.0,1.0,1.0,-1.0
seesamu,"తన తల్లి శిశువుల తల ద్రుంచివైచినఁ । జెడుముండ యనుచు వచింపరాదె
తన తండ్రి యొరుల విత్త మపహరించిన । నన్యాయవర్తనుం డనఁగరాదె
తన దేశికుఁడు పరదారసంగ మొనర్పఁ । బాపకర్ముండని పలుకరాదె
తన రాజు ప్రజలపట్ల నదప జూచినఁ । గ్రూరాత్ముఁడనుచు వాక్రువ్వరాదె",vupajaathi,Venugopaala,"[('త', '|'), ('న', '|'), ('త', 'U'), ('ల్లి', '|'), ('శి', '|'), ('శు', '|'), ('వు', '|'), ('ల', '|'), ('త', '|'), ('ల', '|'), ('ద్రుం', 'U'), ('చి', '|'), ('వై', 'U'), ('చి', '|'), ('న', '|'), ('జె', '|'), ('డు', '|'), ('ముం', 'U'), ('డ', '|'), ('య', '|'), ('ను', '|'), ('చు', '|'), ('వ', '|'), ('చిం', 'U'), ('ప', '|'), ('రా', 'U'), ('దె', '|'), ('త', '|'), ('న', '|'), ('తం', 'U'), ('డ్రి', '|'), ('యొ', '|'), ('రు', '|'), ('ల', '|'), ('వి', 'U'), ('త్త', '|'), ('మ', '|'), ('ప', '|'), ('హ', '|'), ('రిం', 'U'), ('చి', '|'), ('న', '|'), ('న', 'U'), ('న్యా', 'U'), ('య', '|'), ('వ', 'U'), ('ర్త', '|'), ('నుం', 'U'), ('డ', '|'), ('న', '|'), ('గ', '|'), ('రా', 'U'), ('దె', '|'), ('త', '|'), ('న', '|'), ('దే', 'U'), ('శి', '|'), ('కు', '|'), ('డు', '|'), ('ప', '|'), ('ర', '|'), ('దా', 'U'), ('ర', '|'), ('సం', 'U'), ('గ', '|'), ('మొ', '|'), ('న', 'U'), ('ర్ప', '|'), ('బా', 'U'), ('ప', '|'), ('క', 'U'), ('ర్ముం', 'U'), ('డ', '|'), ('ని', '|'), ('ప', '|'), ('లు', '|'), ('క', '|'), ('రా', 'U'), ('దె', '|'), ('త', '|'), ('న', '|'), ('రా', 'U'), ('జు', '|'), ('ప్ర', '|'), ('జ', '|'), ('ల', '|'), ('ప', 'U'), ('ట్ల', '|'), ('న', '|'), ('ద', '|'), ('ప', '|'), ('జూ', 'U'), ('చి', '|'), ('న', '|'), ('గ్రూ', 'U'), ('రా', 'U'), ('త్ము', '|'), ('డ', '|'), ('ను', '|'), ('చు', '|'), ('వా', 'U'), ('క్రు', 'U'), ('వ్వ', '|'), ('రా', 'U'), ('దె', '|')]",0.9583333333333334,-1.0,1.0,1.0,0.875,-1.0
teytageethi,"యిట్టి పలుకులు తప్పుగా నెన్నునట్టి । కుటిలచిత్తుల గర్వంబు కొంచెపఱుప
మీకు గాకన్యులకు శక్యమే తలంప
మదరిపువిఫాల మునిజనహృదయలోల । వేణుగోపాల భక్తసంత్రాణశీల!",vupajaathi,Venugopaala,"[('యి', 'U'), ('ట్టి', '|'), ('ప', '|'), ('లు', '|'), ('కు', '|'), ('లు', '|'), ('త', 'U'), ('ప్పు', '|'), ('గా', 'U'), ('నె', 'U'), ('న్ను', '|'), ('న', 'U'), ('ట్టి', '|'), ('కు', '|'), ('టి', '|'), ('ల', '|'), ('చి', 'U'), ('త్తు', '|'), ('ల', '|'), ('గ', 'U'), ('ర్వం', 'U'), ('బు', '|'), ('కొం', 'U'), ('చె', '|'), ('ప', '|'), ('ఱు', '|'), ('ప', '|'), ('మీ', 'U'), ('కు', '|'), ('గా', 'U'), ('క', 'U'), ('న్యు', '|'), ('ల', '|'), ('కు', '|'), ('శ', 'U'), ('క్య', '|'), ('మే', 'U'), ('త', '|'), ('లం', 'U'), ('ప', '|'), ('మ', '|'), ('ద', '|'), ('రి', '|'), ('పు', '|'), ('వి', '|'), ('ఫా', 'U'), ('ల', '|'), ('ము', '|'), ('ని', '|'), ('జ', '|'), ('న', '|'), ('హృ', '|'), ('ద', '|'), ('య', '|'), ('లో', 'U'), ('ల', '|'), ('వే', 'U'), ('ణు', '|'), ('గో', 'U'), ('పా', 'U'), ('ల', '|'), ('భ', 'U'), ('క్త', '|'), ('సం', 'U'), ('త్రా', 'U'), ('ణ', '|'), ('శీ', 'U'), ('ల', '|')]",0.9166666666666666,-1.0,1.0,1.0,0.75,-1.0
seesamu,"ఆశకు ముదిమియు నర్థికి సౌఖ్యంబు । ధనపరాయణునకు ధర్మచింత
కఠినమానసునకుఁ గరుణాపరత్వము । వెఱ్ఱిమానిసికి వివేకగరిమ
యల్పవిదునకు నహంకారదూరత । జారకామినికి లజ్జాభరంబు
బహుజనద్వేషికిఁ బరమాయురభివృద్ధి । గ్రామపాచకునకుఁ గౌరవంబు",vupajaathi,Venugopaala,"[('ఆ', 'U'), ('శ', '|'), ('కు', '|'), ('ము', '|'), ('ది', '|'), ('మి', '|'), ('యు', '|'), ('న', 'U'), ('ర్థి', '|'), ('కి', '|'), ('సౌ', 'U'), ('ఖ్యం', 'U'), ('బు', '|'), ('ధ', '|'), ('న', '|'), ('ప', '|'), ('రా', 'U'), ('య', '|'), ('ణు', '|'), ('న', '|'), ('కు', '|'), ('ధ', 'U'), ('ర్మ', '|'), ('చిం', 'U'), ('త', '|'), ('క', '|'), ('ఠి', '|'), ('న', '|'), ('మా', 'U'), ('న', '|'), ('సు', '|'), ('న', '|'), ('కు', '|'), ('గ', '|'), ('రు', '|'), ('ణా', 'U'), ('ప', '|'), ('ర', 'U'), ('త్వ', '|'), ('ము', '|'), ('వె', 'U'), ('ఱ్ఱి', '|'), ('మా', 'U'), ('ని', '|'), ('సి', '|'), ('కి', '|'), ('వి', '|'), ('వే', 'U'), ('క', '|'), ('గ', '|'), ('రి', '|'), ('మ', '|'), ('య', 'U'), ('ల్ప', '|'), ('వి', '|'), ('దు', '|'), ('న', '|'), ('కు', '|'), ('న', '|'), ('హం', 'U'), ('కా', 'U'), ('ర', '|'), ('దూ', 'U'), ('ర', '|'), ('త', '|'), ('జా', 'U'), ('ర', '|'), ('కా', 'U'), ('మి', '|'), ('ని', '|'), ('కి', '|'), ('ల', 'U'), ('జ్జా', 'U'), ('భ', '|'), ('రం', 'U'), ('బు', '|'), ('బ', '|'), ('హు', '|'), ('జ', '|'), ('న', 'U'), ('ద్వే', 'U'), ('షి', '|'), ('కి', '|'), ('బ', '|'), ('ర', '|'), ('మా', 'U'), ('యు', '|'), ('ర', '|'), ('భి', '|'), ('వృ', 'U'), ('ద్ధి', '|'), ('గ్రా', 'U'), ('మ', '|'), ('పా', 'U'), ('చ', '|'), ('కు', '|'), ('న', '|'), ('కు', '|'), ('గౌ', 'U'), ('ర', '|'), ('వం', 'U'), ('బు', '|')]",0.9583333333333334,-1.0,1.0,1.0,0.875,-1.0
teytageethi,"తామసగుణాఢ్యునకు సత్త్వగుణయుక్తి । పాపభీరుత సంతానబాహ్యునకును
గలదనెడు వార్త గలదె లోకములయందు
మదరిపువిఫాల మునిజనహృదయలోల । వేణుగోపాల భక్తసంత్రాణశీల!",vupajaathi,Venugopaala,"[('తా', 'U'), ('మ', '|'), ('స', '|'), ('గు', '|'), ('ణా', 'U'), ('ఢ్యు', '|'), ('న', '|'), ('కు', '|'), ('స', 'U'), ('త్త్వ', '|'), ('గు', '|'), ('ణ', '|'), ('యు', 'U'), ('క్తి', '|'), ('పా', 'U'), ('ప', '|'), ('భీ', 'U'), ('రు', '|'), ('త', '|'), ('సం', 'U'), ('తా', 'U'), ('న', '|'), ('బా', 'U'), ('హ్యు', '|'), ('న', '|'), ('కు', '|'), ('ను', '|'), ('గ', '|'), ('ల', '|'), ('ద', '|'), ('నె', '|'), ('డు', '|'), ('వా', 'U'), ('ర్త', '|'), ('గ', '|'), ('ల', '|'), ('దె', '|'), ('లో', 'U'), ('క', '|'), ('ము', '|'), ('ల', '|'), ('యం', 'U'), ('దు', '|'), ('మ', '|'), ('ద', '|'), ('రి', '|'), ('పు', '|'), ('వి', '|'), ('ఫా', 'U'), ('ల', '|'), ('ము', '|'), ('ని', '|'), ('జ', '|'), ('న', '|'), ('హృ', '|'), ('ద', '|'), ('య', '|'), ('లో', 'U'), ('ల', '|'), ('వే', 'U'), ('ణు', '|'), ('గో', 'U'), ('పా', 'U'), ('ల', '|'), ('భ', 'U'), ('క్త', '|'), ('సం', 'U'), ('త్రా', 'U'), ('ణ', '|'), ('శీ', 'U'), ('ల', '|')]",0.65,-1.0,1.0,0.7,0.25,-1.0
seesamu,"శక్తి చాలనివాఁడు సాధుత్వము వహించు । విత్తహీనుఁడు ధర్మవృత్తిఁ దలచు
వ్యాధిపీడితుఁడు దైవతభక్తి దొరలాడు । ముండ పాతివ్రత్యమునకు జొచ్చు
నాపద ప్రాప్తింప నన్యార్తికి గృశించు । భారంబు పైఁబడ బరువెఱుంగు
రమణి లేకున్న విరక్తి మంచిదియనుఁ । బనిపోవ మౌనివర్తనము దాల్చు",vupajaathi,Venugopaala,"[('శ', 'U'), ('క్తి', '|'), ('చా', 'U'), ('ల', '|'), ('ని', '|'), ('వా', 'U'), ('డు', '|'), ('సా', 'U'), ('ధు', 'U'), ('త్వ', '|'), ('ము', '|'), ('వ', '|'), ('హిం', 'U'), ('చు', '|'), ('వి', 'U'), ('త్త', '|'), ('హీ', 'U'), ('ను', '|'), ('డు', '|'), ('ధ', 'U'), ('ర్మ', '|'), ('వృ', 'U'), ('త్తి', '|'), ('ద', '|'), ('ల', '|'), ('చు', 'U'), ('వ్యా', 'U'), ('ధి', '|'), ('పీ', 'U'), ('డి', '|'), ('తు', '|'), ('డు', '|'), ('దై', 'U'), ('వ', '|'), ('త', '|'), ('భ', 'U'), ('క్తి', '|'), ('దొ', '|'), ('ర', '|'), ('లా', 'U'), ('డు', '|'), ('ముం', 'U'), ('డ', '|'), ('పా', 'U'), ('తి', '|'), ('వ్ర', 'U'), ('త్య', '|'), ('ము', '|'), ('న', '|'), ('కు', '|'), ('జొ', 'U'), ('చ్చు', '|'), ('నా', 'U'), ('ప', '|'), ('ద', '|'), ('ప్రా', 'U'), ('ప్తిం', 'U'), ('ప', '|'), ('న', 'U'), ('న్యా', 'U'), ('ర్తి', '|'), ('కి', '|'), ('గృ', '|'), ('శిం', 'U'), ('చు', '|'), ('భా', 'U'), ('రం', 'U'), ('బు', '|'), ('పై', 'U'), ('బ', '|'), ('డ', '|'), ('బ', '|'), ('రు', '|'), ('వె', '|'), ('ఱుం', 'U'), ('గు', '|'), ('ర', '|'), ('మ', '|'), ('ణి', '|'), ('లే', 'U'), ('కు', 'U'), ('న్న', '|'), ('వి', '|'), ('ర', 'U'), ('క్తి', '|'), ('మం', 'U'), ('చి', '|'), ('ది', '|'), ('య', '|'), ('ను', '|'), ('బ', '|'), ('ని', '|'), ('పో', 'U'), ('వ', '|'), ('మౌ', 'U'), ('ని', '|'), ('వ', 'U'), ('ర్త', '|'), ('న', '|'), ('ము', '|'), ('దా', 'U'), ('ల్చు', '|')]",0.6875,-1.0,1.0,0.6875,0.375,-1.0
teytageethi,"నీ యభావవిరక్తుల కేమి ఫలము । తినక చవిచూడకయె లోఁతు తెలియబడునె
యెంతవానికినైన మహీస్థలమున
మదరిపువిఫాల మునిజనహృదయలోల । వేణుగోపాల భక్తసంత్రాణశీల!",vupajaathi,Venugopaala,"[('నీ', 'U'), ('య', '|'), ('భా', 'U'), ('వ', '|'), ('వి', '|'), ('ర', 'U'), ('క్తు', '|'), ('ల', '|'), ('కే', 'U'), ('మి', '|'), ('ఫ', '|'), ('ల', '|'), ('ము', '|'), ('తి', '|'), ('న', '|'), ('క', '|'), ('చ', '|'), ('వి', '|'), ('చూ', 'U'), ('డ', '|'), ('క', '|'), ('యె', '|'), ('లో', 'U'), ('తు', '|'), ('తె', '|'), ('లి', '|'), ('య', '|'), ('బ', '|'), ('డు', '|'), ('నె', '|'), ('యెం', 'U'), ('త', '|'), ('వా', 'U'), ('ని', '|'), ('కి', '|'), ('నై', 'U'), ('న', '|'), ('మ', '|'), ('హీ', 'U'), ('స్థ', '|'), ('ల', '|'), ('ము', '|'), ('న', '|'), ('మ', '|'), ('ద', '|'), ('రి', '|'), ('పు', '|'), ('వి', '|'), ('ఫా', 'U'), ('ల', '|'), ('ము', '|'), ('ని', '|'), ('జ', '|'), ('న', '|'), ('హృ', '|'), ('ద', '|'), ('య', '|'), ('లో', 'U'), ('ల', '|'), ('వే', 'U'), ('ణు', '|'), ('గో', 'U'), ('పా', 'U'), ('ల', '|'), ('భ', 'U'), ('క్త', '|'), ('సం', 'U'), ('త్రా', 'U'), ('ణ', '|'), ('శీ', 'U'), ('ల', '|')]",0.9166666666666666,-1.0,1.0,1.0,0.75,-1.0
seesamu,"తల్లిని సేవించ దైవతార్చన యేల । తండ్రి గల్గిన పెన్నిధానమేల
దీనరక్షణమున్న దీర్థాటనంబేల । విద్యాధికతయున్న వేషమేల
పరమమిత్రుండున్న బంధువర్గంబేల । పతిభక్తి గల్గిన వ్రతములేల
రసికత్వమున్న సురత్నభూషణమేల । ఘనవాహనంబున్నఁ గవచమేల",vupajaathi,Venugopaala,"[('త', 'U'), ('ల్లి', '|'), ('ని', '|'), ('సే', 'U'), ('విం', 'U'), ('చ', '|'), ('దై', 'U'), ('వ', '|'), ('తా', 'U'), ('ర్చ', '|'), ('న', '|'), ('యే', 'U'), ('ల', '|'), ('తం', 'U'), ('డ్రి', '|'), ('గ', 'U'), ('ల్గి', '|'), ('న', '|'), ('పె', 'U'), ('న్ని', '|'), ('ధా', 'U'), ('న', '|'), ('మే', 'U'), ('ల', '|'), ('దీ', 'U'), ('న', '|'), ('ర', 'U'), ('క్ష', '|'), ('ణ', '|'), ('ము', 'U'), ('న్న', '|'), ('దీ', 'U'), ('ర్థా', 'U'), ('ట', '|'), ('నం', 'U'), ('బే', 'U'), ('ల', '|'), ('వి', 'U'), ('ద్యా', 'U'), ('ధి', '|'), ('క', '|'), ('త', '|'), ('యు', 'U'), ('న్న', '|'), ('వే', 'U'), ('ష', '|'), ('మే', 'U'), ('ల', '|'), ('ప', '|'), ('ర', '|'), ('మ', '|'), ('మి', '|'), ('త్రుం', 'U'), ('డు', 'U'), ('న్న', '|'), ('బం', 'U'), ('ధు', '|'), ('వ', 'U'), ('ర్గం', 'U'), ('బే', 'U'), ('ల', '|'), ('ప', '|'), ('తి', '|'), ('భ', 'U'), ('క్తి', '|'), ('గ', 'U'), ('ల్గి', '|'), ('న', '|'), ('వ్ర', '|'), ('త', '|'), ('ము', '|'), ('లే', 'U'), ('ల', '|'), ('ర', '|'), ('సి', '|'), ('క', 'U'), ('త్వ', '|'), ('ము', 'U'), ('న్న', '|'), ('సు', '|'), ('ర', 'U'), ('త్న', '|'), ('భూ', 'U'), ('ష', '|'), ('ణ', '|'), ('మే', 'U'), ('ల', '|'), ('ఘ', '|'), ('న', '|'), ('వా', 'U'), ('హ', '|'), ('నం', 'U'), ('బు', 'U'), ('న్న', '|'), ('గ', '|'), ('వ', '|'), ('చ', '|'), ('మే', 'U'), ('ల', '|')]",1.0,-1.0,1.0,1.0,1.0,-1.0
teytageethi,"యిష్టసంసిద్ధిగన దంతి నెక్కనేల । కవిత గల్గిన రాజ్యాధికారమేల
తగు వినయమున్న వశ్యౌషంబులేల
మదరిపువిఫాల మునిజనహృదయలోల । వేణుగోపాల భక్తసంత్రాణశీల!",vupajaathi,Venugopaala,"[('యి', 'U'), ('ష్ట', '|'), ('సం', 'U'), ('సి', 'U'), ('ద్ధి', '|'), ('గ', '|'), ('న', '|'), ('దం', 'U'), ('తి', '|'), ('నె', 'U'), ('క్క', '|'), ('నే', 'U'), ('ల', '|'), ('క', '|'), ('వి', '|'), ('త', '|'), ('గ', 'U'), ('ల్గి', '|'), ('న', '|'), ('రా', 'U'), ('జ్యా', 'U'), ('ధి', '|'), ('కా', 'U'), ('ర', '|'), ('మే', 'U'), ('ల', '|'), ('త', '|'), ('గు', '|'), ('వి', '|'), ('న', '|'), ('య', '|'), ('ము', 'U'), ('న్న', '|'), ('వ', 'U'), ('శ్యౌ', 'U'), ('షం', 'U'), ('బు', '|'), ('లే', 'U'), ('ల', '|'), ('మ', '|'), ('ద', '|'), ('రి', '|'), ('పు', '|'), ('వి', '|'), ('ఫా', 'U'), ('ల', '|'), ('ము', '|'), ('ని', '|'), ('జ', '|'), ('న', '|'), ('హృ', '|'), ('ద', '|'), ('య', '|'), ('లో', 'U'), ('ల', '|'), ('వే', 'U'), ('ణు', '|'), ('గో', 'U'), ('పా', 'U'), ('ల', '|'), ('భ', 'U'), ('క్త', '|'), ('సం', 'U'), ('త్రా', 'U'), ('ణ', '|'), ('శీ', 'U'), ('ల', '|')]",0.7166666666666667,-1.0,1.0,0.9,0.25,-1.0
seesamu,"అర్థాతురునకు గృత్యాకృత్యములు లేవు । కవిజనంబుల కెఱుంగనివి లేవు
కుక్షింభరుఁడు కాని కూటికి రోయఁడు । కామాతురుం డర్థకాంక్ష వీడఁడు
వెలిచవుల్గొను కాంత వెఱవదు నిందకు । నీతకు మిక్కిలిలోతు లేదు
పాపశీలికి దయాపరత యెందును లేదు । వెఱ్ఱివానికి సాధువృత్తి లేదు",vupajaathi,Venugopaala,"[('అ', 'U'), ('ర్థా', 'U'), ('తు', '|'), ('రు', '|'), ('న', '|'), ('కు', '|'), ('గృ', 'U'), ('త్యా', 'U'), ('కృ', 'U'), ('త్య', '|'), ('ము', '|'), ('లు', '|'), ('లే', 'U'), ('వు', '|'), ('క', '|'), ('వి', '|'), ('జ', '|'), ('నం', 'U'), ('బు', '|'), ('ల', '|'), ('కె', '|'), ('ఱుం', 'U'), ('గ', '|'), ('ని', '|'), ('వి', '|'), ('లే', 'U'), ('వు', '|'), ('కు', 'U'), ('క్షిం', 'U'), ('భ', '|'), ('రు', '|'), ('డు', '|'), ('కా', 'U'), ('ని', '|'), ('కూ', 'U'), ('టి', '|'), ('కి', '|'), ('రో', 'U'), ('య', '|'), ('డు', '|'), ('కా', 'U'), ('మా', 'U'), ('తు', '|'), ('రుం', 'U'), ('డ', 'U'), ('ర్థ', '|'), ('కాం', 'U'), ('క్ష', '|'), ('వీ', 'U'), ('డ', '|'), ('డు', '|'), ('వె', '|'), ('లి', '|'), ('చ', '|'), ('వు', 'U'), ('ల్గొ', '|'), ('ను', '|'), ('కాం', 'U'), ('త', '|'), ('వె', '|'), ('ఱ', '|'), ('వ', '|'), ('దు', '|'), ('నిం', 'U'), ('ద', '|'), ('కు', '|'), ('నీ', 'U'), ('త', '|'), ('కు', '|'), ('మి', 'U'), ('క్కి', '|'), ('లి', '|'), ('లో', 'U'), ('తు', '|'), ('లే', 'U'), ('దు', '|'), ('పా', 'U'), ('ప', '|'), ('శీ', 'U'), ('లి', '|'), ('కి', '|'), ('ద', '|'), ('యా', 'U'), ('ప', '|'), ('ర', '|'), ('త', '|'), ('యెం', 'U'), ('దు', '|'), ('ను', '|'), ('లే', 'U'), ('దు', '|'), ('వె', 'U'), ('ఱ్ఱి', '|'), ('వా', 'U'), ('ని', '|'), ('కి', '|'), ('సా', 'U'), ('ధు', '|'), ('వృ', 'U'), ('త్తి', '|'), ('లే', 'U'), ('దు', '|')]",0.8645833333333334,-1.0,1.0,0.96875,0.625,-1.0
teytageethi,"మద్యపానుల కనరాని మాటలేదు । గ్రామ్యునకు గల్గదెందు నాగరికముద్ర
తప్పెఱుంగక పోవఁ డుత్తమకులజుఁడు
మదరిపువిఫాల మునిజనహృదయలోల । వేణుగోపాల భక్తసంత్రాణశీల!",vupajaathi,Venugopaala,"[('మ', 'U'), ('ద్య', '|'), ('పా', 'U'), ('ను', '|'), ('ల', '|'), ('క', '|'), ('న', '|'), ('రా', 'U'), ('ని', '|'), ('మా', 'U'), ('ట', '|'), ('లే', 'U'), ('దు', '|'), ('గ్రా', 'U'), ('మ్యు', '|'), ('న', '|'), ('కు', '|'), ('గ', 'U'), ('ల్గ', '|'), ('దెం', 'U'), ('దు', '|'), ('నా', 'U'), ('గ', '|'), ('రి', '|'), ('క', '|'), ('ము', '|'), ('ద్ర', '|'), ('త', 'U'), ('ప్పె', '|'), ('ఱుం', 'U'), ('గ', '|'), ('క', '|'), ('పో', 'U'), ('వ', '|'), ('డు', 'U'), ('త్త', '|'), ('మ', '|'), ('కు', '|'), ('ల', '|'), ('జు', '|'), ('డు', '|'), ('మ', '|'), ('ద', '|'), ('రి', '|'), ('పు', '|'), ('వి', '|'), ('ఫా', 'U'), ('ల', '|'), ('ము', '|'), ('ని', '|'), ('జ', '|'), ('న', '|'), ('హృ', '|'), ('ద', '|'), ('య', '|'), ('లో', 'U'), ('ల', '|'), ('వే', 'U'), ('ణు', '|'), ('గో', 'U'), ('పా', 'U'), ('ల', '|'), ('భ', 'U'), ('క్త', '|'), ('సం', 'U'), ('త్రా', 'U'), ('ణ', '|'), ('శీ', 'U'), ('ల', '|')]",0.7333333333333334,-1.0,1.0,0.7,0.5,-1.0
seesamu,"మరణంబు మేలవమాన మొందుటకంటెఁ । గొంచమైనను బంచి కొడుచుటొప్పు
తన విత్తహానియౌనని మది దలపక । హితవున్నచోట నప్పియ్యదగదు
విత్తంబు చాలని విభవంబు కొఱగాదు । కుదువ బెట్టగరాదు కుందనంబు
యాలస్యమొనరింప నమృతంబు విషమగు । డగవు దప్పిన మాట దలఁపరాదు",vupajaathi,Venugopaala,"[('మ', '|'), ('ర', '|'), ('ణం', 'U'), ('బు', '|'), ('మే', 'U'), ('ల', '|'), ('వ', '|'), ('మా', 'U'), ('న', '|'), ('మొం', 'U'), ('దు', '|'), ('ట', '|'), ('కం', 'U'), ('టె', '|'), ('గొం', 'U'), ('చ', '|'), ('మై', 'U'), ('న', '|'), ('ను', '|'), ('బం', 'U'), ('చి', '|'), ('కొ', '|'), ('డు', '|'), ('చు', '|'), ('టొ', 'U'), ('ప్పు', '|'), ('త', '|'), ('న', '|'), ('వి', 'U'), ('త్త', '|'), ('హా', 'U'), ('ని', '|'), ('యౌ', 'U'), ('న', '|'), ('ని', '|'), ('మ', '|'), ('ది', '|'), ('ద', '|'), ('ల', '|'), ('ప', '|'), ('క', '|'), ('హి', '|'), ('త', '|'), ('వు', 'U'), ('న్న', '|'), ('చో', 'U'), ('ట', '|'), ('న', 'U'), ('ప్పి', 'U'), ('య్య', '|'), ('ద', '|'), ('గ', '|'), ('దు', '|'), ('వి', 'U'), ('త్తం', 'U'), ('బు', '|'), ('చా', 'U'), ('ల', '|'), ('ని', '|'), ('వి', '|'), ('భ', '|'), ('వం', 'U'), ('బు', '|'), ('కొ', '|'), ('ఱ', '|'), ('గా', 'U'), ('దు', '|'), ('కు', '|'), ('దు', '|'), ('వ', '|'), ('బె', 'U'), ('ట్ట', '|'), ('గ', '|'), ('రా', 'U'), ('దు', '|'), ('కుం', 'U'), ('ద', '|'), ('నం', 'U'), ('బు', '|'), ('యా', 'U'), ('ల', 'U'), ('స్య', '|'), ('మొ', '|'), ('న', '|'), ('రిం', 'U'), ('ప', '|'), ('న', '|'), ('మృ', '|'), ('తం', 'U'), ('బు', '|'), ('వి', '|'), ('ష', '|'), ('మ', '|'), ('గు', '|'), ('డ', '|'), ('గ', '|'), ('వు', '|'), ('ద', 'U'), ('ప్పి', '|'), ('న', '|'), ('మా', 'U'), ('ట', '|'), ('ద', '|'), ('ల', '|'), ('ప', '|'), ('రా', 'U'), ('దు', '|')]",0.9166666666666666,-1.0,1.0,1.0,0.75,-1.0
teytageethi,"వదలవలయును నుపద్రవంపు వృత్తి । విడువవలయును భయద పృథ్వీతలేంద్రు
త్రోయవలయును కపటవృత్తులను భువిని
మదరిపువిఫాల మునిజనహృదయలోల । వేణుగోపాల భక్తసంత్రాణశీల!",vupajaathi,Venugopaala,"[('వ', '|'), ('ద', '|'), ('ల', '|'), ('వ', '|'), ('ల', '|'), ('యు', '|'), ('ను', '|'), ('ను', '|'), ('ప', '|'), ('ద్ర', '|'), ('వం', 'U'), ('పు', '|'), ('వృ', 'U'), ('త్తి', '|'), ('వి', '|'), ('డు', '|'), ('వ', '|'), ('వ', '|'), ('ల', '|'), ('యు', '|'), ('ను', '|'), ('భ', '|'), ('య', '|'), ('ద', '|'), ('పృ', 'U'), ('థ్వీ', 'U'), ('త', '|'), ('లేం', 'U'), ('ద్రు', '|'), ('త్రో', 'U'), ('య', '|'), ('వ', '|'), ('ల', '|'), ('యు', '|'), ('ను', '|'), ('క', '|'), ('ప', '|'), ('ట', '|'), ('వృ', 'U'), ('త్తు', '|'), ('ల', '|'), ('ను', '|'), ('భు', '|'), ('వి', '|'), ('ని', '|'), ('మ', '|'), ('ద', '|'), ('రి', '|'), ('పు', '|'), ('వి', '|'), ('ఫా', 'U'), ('ల', '|'), ('ము', '|'), ('ని', '|'), ('జ', '|'), ('న', '|'), ('హృ', '|'), ('ద', '|'), ('య', '|'), ('లో', 'U'), ('ల', '|'), ('వే', 'U'), ('ణు', '|'), ('గో', 'U'), ('పా', 'U'), ('ల', '|'), ('భ', 'U'), ('క్త', '|'), ('సం', 'U'), ('త్రా', 'U'), ('ణ', '|'), ('శీ', 'U'), ('ల', '|')]",0.6166666666666667,-1.0,1.0,0.85,0.0,-1.0
seesamu,"పాపాత్మునకు బారుపత్య మియ్యగరాదు । చాలని పనికిఁ గాల్సాచరాదు
పలుగాకివానితో భాషింపగా రాదు । చెడ్డవానికి మేలు సేయరాదు
యాదాయమెఱుఁగక యప్పు తీయగరాదు । పలువురితో ద్వేషపడగరాదు
తప్పు సేయనివాని దండింపబోరాదు । చేసిన కృత్యంబు చెప్పరాదు",vupajaathi,Venugopaala,"[('పా', 'U'), ('పా', 'U'), ('త్ము', '|'), ('న', '|'), ('కు', '|'), ('బా', 'U'), ('రు', '|'), ('ప', 'U'), ('త్య', '|'), ('మి', 'U'), ('య్య', '|'), ('గ', '|'), ('రా', 'U'), ('దు', '|'), ('చా', 'U'), ('ల', '|'), ('ని', '|'), ('ప', '|'), ('ని', '|'), ('కి', '|'), ('గా', 'U'), ('ల్సా', 'U'), ('చ', '|'), ('రా', 'U'), ('దు', '|'), ('ప', '|'), ('లు', '|'), ('గా', 'U'), ('కి', '|'), ('వా', 'U'), ('ని', '|'), ('తో', 'U'), ('భా', 'U'), ('షిం', 'U'), ('ప', '|'), ('గా', 'U'), ('రా', 'U'), ('దు', '|'), ('చె', 'U'), ('డ్డ', '|'), ('వా', 'U'), ('ని', '|'), ('కి', '|'), ('మే', 'U'), ('లు', '|'), ('సే', 'U'), ('య', '|'), ('రా', 'U'), ('దు', '|'), ('యా', 'U'), ('దా', 'U'), ('య', '|'), ('మె', '|'), ('ఱు', '|'), ('గ', '|'), ('క', '|'), ('య', 'U'), ('ప్పు', '|'), ('తీ', 'U'), ('య', '|'), ('గ', '|'), ('రా', 'U'), ('దు', '|'), ('ప', '|'), ('లు', '|'), ('వు', '|'), ('రి', '|'), ('తో', 'U'), ('ద్వే', 'U'), ('ష', '|'), ('ప', '|'), ('డ', '|'), ('గ', '|'), ('రా', 'U'), ('దు', '|'), ('త', 'U'), ('ప్పు', '|'), ('సే', 'U'), ('య', '|'), ('ని', '|'), ('వా', 'U'), ('ని', '|'), ('దం', 'U'), ('డిం', 'U'), ('ప', '|'), ('బో', 'U'), ('రా', 'U'), ('దు', '|'), ('చే', 'U'), ('సి', '|'), ('న', '|'), ('కృ', 'U'), ('త్యం', 'U'), ('బు', '|'), ('చె', 'U'), ('ప్ప', '|'), ('రా', 'U'), ('దు', '|')]",1.0,-1.0,1.0,1.0,1.0,-1.0
teytageethi,"పరుల ధనసంపదల కసూయ పడగరాదు । తనదు లేమికి ఖేదమొందంగరాదు
సాధువర్తనలివి గాదు చర్చసేయ
మదరిపువిఫాల మునిజనహృదయలోల । వేణుగోపాల భక్తసంత్రాణశీల!",vupajaathi,Venugopaala,"[('ప', '|'), ('రు', '|'), ('ల', '|'), ('ధ', '|'), ('న', '|'), ('సం', 'U'), ('ప', '|'), ('ద', '|'), ('ల', '|'), ('క', '|'), ('సూ', 'U'), ('య', '|'), ('ప', '|'), ('డ', '|'), ('గ', '|'), ('రా', 'U'), ('దు', '|'), ('త', '|'), ('న', '|'), ('దు', '|'), ('లే', 'U'), ('మి', '|'), ('కి', '|'), ('ఖే', 'U'), ('ద', '|'), ('మొం', 'U'), ('దం', 'U'), ('గ', '|'), ('రా', 'U'), ('దు', '|'), ('సా', 'U'), ('ధు', '|'), ('వ', 'U'), ('ర్త', '|'), ('న', '|'), ('లి', '|'), ('వి', '|'), ('గా', 'U'), ('దు', '|'), ('చ', 'U'), ('ర్చ', '|'), ('సే', 'U'), ('య', '|'), ('మ', '|'), ('ద', '|'), ('రి', '|'), ('పు', '|'), ('వి', '|'), ('ఫా', 'U'), ('ల', '|'), ('ము', '|'), ('ని', '|'), ('జ', '|'), ('న', '|'), ('హృ', '|'), ('ద', '|'), ('య', '|'), ('లో', 'U'), ('ల', '|'), ('వే', 'U'), ('ణు', '|'), ('గో', 'U'), ('పా', 'U'), ('ల', '|'), ('భ', 'U'), ('క్త', '|'), ('సం', 'U'), ('త్రా', 'U'), ('ణ', '|'), ('శీ', 'U'), ('ల', '|')]",0.9,-1.0,1.0,0.95,0.75,-1.0
seesamu,"ఎరువు నిత్యంబౌనె యిల్లౌనె పందిలి । యిల నెండమావులు జలములౌనె
వరవు డిల్లాలౌనె పాపు బంటౌనె । గులటతనూజుండు గొమరుఁడౌనె
మెఱపు దీపంబౌనె మేఘంబు గొడుగౌనె । స్వాంగవాద్యంబులు తూర్యంబులౌనె
కంతి తలగడౌనె కల యథార్థంబౌనె । పెనుదిబ్బ ముక్కాలిపీఁటయౌనె",vupajaathi,Venugopaala,"[('ఎ', '|'), ('రు', '|'), ('వు', '|'), ('ని', 'U'), ('త్యం', 'U'), ('బౌ', 'U'), ('నె', '|'), ('యి', 'U'), ('ల్లౌ', 'U'), ('నె', '|'), ('పం', 'U'), ('ది', '|'), ('లి', '|'), ('యి', '|'), ('ల', '|'), ('నెం', 'U'), ('డ', '|'), ('మా', 'U'), ('వు', '|'), ('లు', '|'), ('జ', '|'), ('ల', '|'), ('ము', '|'), ('లౌ', 'U'), ('నె', '|'), ('వ', '|'), ('ర', '|'), ('వు', '|'), ('డి', 'U'), ('ల్లా', 'U'), ('లౌ', 'U'), ('నె', '|'), ('పా', 'U'), ('పు', '|'), ('బం', 'U'), ('టౌ', 'U'), ('నె', '|'), ('గు', '|'), ('ల', '|'), ('ట', '|'), ('త', '|'), ('నూ', 'U'), ('జుం', 'U'), ('డు', '|'), ('గొ', '|'), ('మ', '|'), ('రు', '|'), ('డౌ', 'U'), ('నె', '|'), ('మె', '|'), ('ఱ', '|'), ('పు', '|'), ('దీ', 'U'), ('పం', 'U'), ('బౌ', 'U'), ('నె', '|'), ('మే', 'U'), ('ఘం', 'U'), ('బు', '|'), ('గొ', '|'), ('డు', '|'), ('గౌ', 'U'), ('నె', 'U'), ('స్వాం', 'U'), ('గ', '|'), ('వా', 'U'), ('ద్యం', 'U'), ('బు', '|'), ('లు', '|'), ('తూ', 'U'), ('ర్యం', 'U'), ('బు', '|'), ('లౌ', 'U'), ('నె', '|'), ('కం', 'U'), ('తి', '|'), ('త', '|'), ('ల', '|'), ('గ', '|'), ('డౌ', 'U'), ('నె', '|'), ('క', '|'), ('ల', '|'), ('య', '|'), ('థా', 'U'), ('ర్థం', 'U'), ('బౌ', 'U'), ('నె', '|'), ('పె', '|'), ('ను', '|'), ('ది', 'U'), ('బ్బ', '|'), ('ము', 'U'), ('క్కా', 'U'), ('లి', '|'), ('పీ', 'U'), ('ట', '|'), ('యౌ', 'U'), ('నె', '|')]",0.6770833333333334,-1.0,1.0,0.78125,0.25,-1.0
teytageethi,"గాని వస్తువుఁ బెట్టుకోఁ గాంక్షచేత । బెనఁగుమాత్రంబె కాని లభింపదేమి
దాని కొడఁబడఁ డింగితజ్ఞానశాలి
మదరిపువిఫాల మునిజనహృదయలోల । వేణుగోపాల భక్తసంత్రాణశీల!",vupajaathi,Venugopaala,"[('గా', 'U'), ('ని', '|'), ('వ', 'U'), ('స్తు', '|'), ('వు', '|'), ('బె', 'U'), ('ట్టు', '|'), ('కో', 'U'), ('గాం', 'U'), ('క్ష', '|'), ('చే', 'U'), ('త', '|'), ('బె', '|'), ('న', '|'), ('గు', '|'), ('మా', 'U'), ('త్రం', 'U'), ('బె', '|'), ('కా', 'U'), ('ని', '|'), ('ల', '|'), ('భిం', 'U'), ('ప', '|'), ('దే', 'U'), ('మి', '|'), ('దా', 'U'), ('ని', '|'), ('కొ', '|'), ('డ', '|'), ('బ', '|'), ('డ', '|'), ('డిం', 'U'), ('గి', '|'), ('త', 'U'), ('జ్ఞా', 'U'), ('న', '|'), ('శా', 'U'), ('లి', '|'), ('మ', '|'), ('ద', '|'), ('రి', '|'), ('పు', '|'), ('వి', '|'), ('ఫా', 'U'), ('ల', '|'), ('ము', '|'), ('ని', '|'), ('జ', '|'), ('న', '|'), ('హృ', '|'), ('ద', '|'), ('య', '|'), ('లో', 'U'), ('ల', '|'), ('వే', 'U'), ('ణు', '|'), ('గో', 'U'), ('పా', 'U'), ('ల', '|'), ('భ', 'U'), ('క్త', '|'), ('సం', 'U'), ('త్రా', 'U'), ('ణ', '|'), ('శీ', 'U'), ('ల', '|')]",1.0,-1.0,1.0,1.0,1.0,-1.0
seesamu,"పొరుగూరి కేగినఁ బోవునే దుర్దశ । గాదె పెండిలి సన్నికల్లు దాఁచ
డొంకల డాఁగ బిడుగుపాటు దప్పునె । కాలడ్డ నిలుచునే గాంగఝురము
కుమతిచేఁ జెడునె యెక్కుడు మంత్రి యత్నంబు । లింకిపోవునె యనావృష్టి జలధి
ధవుడు పిన్నైన వైధవ్యంబు దప్పునే । మనదె దీర్ఘాయువు మందు లేక",vupajaathi,Venugopaala,"[('పొ', '|'), ('రు', '|'), ('గూ', 'U'), ('రి', '|'), ('కే', 'U'), ('గి', '|'), ('న', '|'), ('బో', 'U'), ('వు', '|'), ('నే', 'U'), ('దు', 'U'), ('ర్ద', '|'), ('శ', '|'), ('గా', 'U'), ('దె', '|'), ('పెం', 'U'), ('డి', '|'), ('లి', '|'), ('స', 'U'), ('న్ని', '|'), ('క', 'U'), ('ల్లు', '|'), ('దా', 'U'), ('చ', '|'), ('డొం', 'U'), ('క', '|'), ('ల', '|'), ('డా', 'U'), ('గ', '|'), ('బి', '|'), ('డు', '|'), ('గు', '|'), ('పా', 'U'), ('టు', '|'), ('ద', 'U'), ('ప్పు', '|'), ('నె', '|'), ('కా', 'U'), ('ల', 'U'), ('డ్డ', '|'), ('ని', '|'), ('లు', '|'), ('చు', '|'), ('నే', 'U'), ('గాం', 'U'), ('గ', '|'), ('ఝు', '|'), ('ర', '|'), ('ము', '|'), ('కు', '|'), ('మ', '|'), ('తి', '|'), ('చే', 'U'), ('జె', '|'), ('డు', '|'), ('నె', '|'), ('యె', 'U'), ('క్కు', '|'), ('డు', '|'), ('మం', 'U'), ('త్రి', '|'), ('య', 'U'), ('త్నం', 'U'), ('బు', '|'), ('లిం', 'U'), ('కి', '|'), ('పో', 'U'), ('వు', '|'), ('నె', '|'), ('య', '|'), ('నా', 'U'), ('వృ', 'U'), ('ష్టి', '|'), ('జ', '|'), ('ల', '|'), ('ధి', '|'), ('ధ', '|'), ('వు', '|'), ('డు', '|'), ('పి', 'U'), ('న్నై', 'U'), ('న', '|'), ('వై', 'U'), ('ధ', 'U'), ('వ్యం', 'U'), ('బు', '|'), ('ద', 'U'), ('ప్పు', '|'), ('నే', 'U'), ('మ', '|'), ('న', '|'), ('దె', '|'), ('దీ', 'U'), ('ర్ఘా', 'U'), ('యు', '|'), ('వు', '|'), ('మం', 'U'), ('దు', '|'), ('లే', 'U'), ('క', '|')]",0.9583333333333334,-1.0,1.0,1.0,0.875,-1.0
teytageethi,"యర్కుఁ డుదయింపఁ జెడునె గుహాతిమిరము । తాళ మెత్తుకపోవ మందసములోని
విత్త మలవడకుండునే వెచ్చమునకు
మదరిపువిఫాల మునిజనహృదయలోల । వేణుగోపాల భక్తసంత్రాణశీల!",vupajaathi,Venugopaala,"[('య', 'U'), ('ర్కు', '|'), ('డు', '|'), ('ద', '|'), ('యిం', 'U'), ('ప', '|'), ('జె', '|'), ('డు', '|'), ('నె', '|'), ('గు', '|'), ('హా', 'U'), ('తి', '|'), ('మి', '|'), ('ర', '|'), ('ము', '|'), ('తా', 'U'), ('ళ', '|'), ('మె', 'U'), ('త్తు', '|'), ('క', '|'), ('పో', 'U'), ('వ', '|'), ('మం', 'U'), ('ద', '|'), ('స', '|'), ('ము', '|'), ('లో', 'U'), ('ని', '|'), ('వి', 'U'), ('త్త', '|'), ('మ', '|'), ('ల', '|'), ('వ', '|'), ('డ', '|'), ('కుం', 'U'), ('డు', '|'), ('నే', 'U'), ('వె', 'U'), ('చ్చ', '|'), ('ము', '|'), ('న', '|'), ('కు', '|'), ('మ', '|'), ('ద', '|'), ('రి', '|'), ('పు', '|'), ('వి', '|'), ('ఫా', 'U'), ('ల', '|'), ('ము', '|'), ('ని', '|'), ('జ', '|'), ('న', '|'), ('హృ', '|'), ('ద', '|'), ('య', '|'), ('లో', 'U'), ('ల', '|'), ('వే', 'U'), ('ణు', '|'), ('గో', 'U'), ('పా', 'U'), ('ల', '|'), ('భ', 'U'), ('క్త', '|'), ('సం', 'U'), ('త్రా', 'U'), ('ణ', '|'), ('శీ', 'U'), ('ల', '|')]",1.0,-1.0,1.0,1.0,1.0,-1.0
seesamu,"ఆరగించంగ యోగ్యముగాక యుండునే । పైతోలు బిరుసైన బనసఫలము
మాధుర్య మెడలునే మామిడిపండుకుఁ । దొడిమపట్టున జీడి తొరలియున్న
గేదంగి నెఱిమౌళిఁ గీలింపకుందురే । యగ్రభాగమున ముళ్ళలమికొన్న
నఖిలాంగసీమ యొయ్యారంబు గల్గిన । యతివకు వాల్‍కన్నులైననేమి",vupajaathi,Venugopaala,"[('ఆ', 'U'), ('ర', '|'), ('గిం', 'U'), ('చం', 'U'), ('గ', '|'), ('యో', 'U'), ('గ్య', '|'), ('ము', '|'), ('గా', 'U'), ('క', '|'), ('యుం', 'U'), ('డు', '|'), ('నే', 'U'), ('పై', 'U'), ('తో', 'U'), ('లు', '|'), ('బి', '|'), ('రు', '|'), ('సై', 'U'), ('న', '|'), ('బ', '|'), ('న', '|'), ('స', '|'), ('ఫ', '|'), ('ల', '|'), ('ము', '|'), ('మా', 'U'), ('ధు', 'U'), ('ర్య', '|'), ('మె', '|'), ('డ', '|'), ('లు', '|'), ('నే', 'U'), ('మా', 'U'), ('మి', '|'), ('డి', '|'), ('పం', 'U'), ('డు', '|'), ('కు', '|'), ('దొ', '|'), ('డి', '|'), ('మ', '|'), ('ప', 'U'), ('ట్టు', '|'), ('న', '|'), ('జీ', 'U'), ('డి', '|'), ('తొ', '|'), ('ర', '|'), ('లి', '|'), ('యు', 'U'), ('న్న', '|'), ('గే', 'U'), ('దం', 'U'), ('గి', '|'), ('నె', '|'), ('ఱి', '|'), ('మౌ', 'U'), ('ళి', '|'), ('గీ', 'U'), ('లిం', 'U'), ('ప', '|'), ('కుం', 'U'), ('దు', '|'), ('రే', 'U'), ('య', '|'), ('గ్ర', '|'), ('భా', 'U'), ('గ', '|'), ('ము', '|'), ('న', '|'), ('ము', 'U'), ('ళ్ళ', '|'), ('ల', '|'), ('మి', '|'), ('కొ', 'U'), ('న్న', '|'), ('న', '|'), ('ఖి', '|'), ('లాం', 'U'), ('గ', '|'), ('సీ', 'U'), ('మ', '|'), ('యొ', 'U'), ('య్యా', 'U'), ('రం', 'U'), ('బు', '|'), ('గ', 'U'), ('ల్గి', '|'), ('న', '|'), ('య', '|'), ('తి', '|'), ('వ', '|'), ('కు', '|'), ('వా', 'U'), ('ల్క', 'U'), ('న్ను', '|'), ('లై', 'U'), ('న', '|'), ('నే', 'U'), ('మి', '|')]",0.8229166666666666,-1.0,1.0,0.84375,0.625,-1.0
teytageethi,"గుణము బహుళంబు దోషంబు గొంచమైనఁ । గొదవఁ జెందక యుండు నెక్కుడు గుణంబు
తాఱుమాఱైన నిదియె పద్ధతి తలంప
మదరిపువిఫాల మునిజనహృదయలోల । వేణుగోపాల భక్తసంత్రాణశీల!",vupajaathi,Venugopaala,"[('గు', '|'), ('ణ', '|'), ('ము', '|'), ('బ', '|'), ('హు', '|'), ('ళం', 'U'), ('బు', '|'), ('దో', 'U'), ('షం', 'U'), ('బు', '|'), ('గొం', 'U'), ('చ', '|'), ('మై', 'U'), ('న', '|'), ('గొ', '|'), ('ద', '|'), ('వ', '|'), ('జెం', 'U'), ('ద', '|'), ('క', '|'), ('యుం', 'U'), ('డు', '|'), ('నె', 'U'), ('క్కు', '|'), ('డు', '|'), ('గు', '|'), ('ణం', 'U'), ('బు', '|'), ('తా', 'U'), ('ఱు', '|'), ('మా', 'U'), ('ఱై', 'U'), ('న', '|'), ('ని', '|'), ('ది', '|'), ('యె', '|'), ('ప', 'U'), ('ద్ధ', '|'), ('తి', '|'), ('త', '|'), ('లం', 'U'), ('ప', '|'), ('మ', '|'), ('ద', '|'), ('రి', '|'), ('పు', '|'), ('వి', '|'), ('ఫా', 'U'), ('ల', '|'), ('ము', '|'), ('ని', '|'), ('జ', '|'), ('న', '|'), ('హృ', '|'), ('ద', '|'), ('య', '|'), ('లో', 'U'), ('ల', '|'), ('వే', 'U'), ('ణు', '|'), ('గో', 'U'), ('పా', 'U'), ('ల', '|'), ('భ', 'U'), ('క్త', '|'), ('సం', 'U'), ('త్రా', 'U'), ('ణ', '|'), ('శీ', 'U'), ('ల', '|')]",1.0,-1.0,1.0,1.0,1.0,-1.0
seesamu,"గోవధ గావించి గోరోజనమ్ము రో- । గార్తుల కొసఁగఁ బుణ్యాత్ముఁడగునె
ఫలశాఖిఁ బడ మొత్తి ఫలము లేఱించి భూ- । సురుల కర్పించిన సుకృతియగునె
నిండుతటాకంబు ఖండించి చేఁపల । మత్స్యభుక్కులఁ దన్ప మాన్యుడగునె
గుడి కొట్టి యిటికలు గూరిచి తులసితి- । న్నెలు రచించిన ధర్మనిరతుఁడగునె",vupajaathi,Venugopaala,"[('గో', 'U'), ('వ', '|'), ('ధ', '|'), ('గా', 'U'), ('విం', 'U'), ('చి', '|'), ('గో', 'U'), ('రో', 'U'), ('జ', '|'), ('న', 'U'), ('మ్ము', '|'), ('రో', 'U'), ('గా', 'U'), ('ర్తు', '|'), ('ల', '|'), ('కొ', '|'), ('స', '|'), ('గ', '|'), ('బు', 'U'), ('ణ్యా', 'U'), ('త్ము', '|'), ('డ', '|'), ('గు', '|'), ('నె', '|'), ('ఫ', '|'), ('ల', '|'), ('శా', 'U'), ('ఖి', '|'), ('బ', '|'), ('డ', '|'), ('మొ', 'U'), ('త్తి', '|'), ('ఫ', '|'), ('ల', '|'), ('ము', '|'), ('లే', 'U'), ('ఱిం', 'U'), ('చి', '|'), ('భూ', 'U'), ('సు', '|'), ('రు', '|'), ('ల', '|'), ('క', 'U'), ('ర్పిం', 'U'), ('చి', '|'), ('న', '|'), ('సు', '|'), ('కృ', '|'), ('తి', '|'), ('య', '|'), ('గు', '|'), ('నె', '|'), ('నిం', 'U'), ('డు', '|'), ('త', '|'), ('టా', 'U'), ('కం', 'U'), ('బు', '|'), ('ఖం', 'U'), ('డిం', 'U'), ('చి', '|'), ('చే', 'U'), ('ప', '|'), ('ల', '|'), ('మ', 'U'), ('త్స్య', '|'), ('భు', 'U'), ('క్కు', '|'), ('ల', '|'), ('ద', 'U'), ('న్ప', '|'), ('మా', 'U'), ('న్యు', '|'), ('డ', '|'), ('గు', '|'), ('నె', '|'), ('గు', '|'), ('డి', '|'), ('కొ', 'U'), ('ట్టి', '|'), ('యి', '|'), ('టి', '|'), ('క', '|'), ('లు', '|'), ('గూ', 'U'), ('రి', '|'), ('చి', '|'), ('తు', '|'), ('ల', '|'), ('సి', '|'), ('తి', 'U'), ('న్నె', '|'), ('లు', '|'), ('ర', '|'), ('చిం', 'U'), ('చి', '|'), ('న', '|'), ('ధ', 'U'), ('ర్మ', '|'), ('ని', '|'), ('ర', '|'), ('తు', '|'), ('డ', '|'), ('గు', '|'), ('నె', '|')]",0.9583333333333334,-1.0,1.0,1.0,0.875,-1.0
teytageethi,"ప్రబలపాతకపూర్ణుఁ డల్పంపు సుకృత- । మునను శుద్ధుండు గాకుండుననుట నిక్క-
మాడు గాకేమి యిచ్చకం బనృతవాది
మదరిపువిఫాల మునిజనహృదయలోల । వేణుగోపాల భక్తసంత్రాణశీల!",vupajaathi,Venugopaala,"[('ప్ర', '|'), ('బ', '|'), ('ల', '|'), ('పా', 'U'), ('త', '|'), ('క', '|'), ('పూ', 'U'), ('ర్ణు', '|'), ('డ', 'U'), ('ల్పం', 'U'), ('పు', '|'), ('సు', '|'), ('కృ', '|'), ('త', '|'), ('ము', '|'), ('న', '|'), ('ను', '|'), ('శు', 'U'), ('ద్ధుం', 'U'), ('డు', '|'), ('గా', 'U'), ('కుం', 'U'), ('డు', '|'), ('న', '|'), ('ను', '|'), ('ట', '|'), ('ని', 'U'), ('క్క', '|'), ('మా', 'U'), ('డు', '|'), ('గా', 'U'), ('కే', 'U'), ('మి', '|'), ('యి', 'U'), ('చ్చ', '|'), ('కం', 'U'), ('బ', '|'), ('నృ', '|'), ('త', '|'), ('వా', 'U'), ('ది', '|'), ('మ', '|'), ('ద', '|'), ('రి', '|'), ('పు', '|'), ('వి', '|'), ('ఫా', 'U'), ('ల', '|'), ('ము', '|'), ('ని', '|'), ('జ', '|'), ('న', '|'), ('హృ', '|'), ('ద', '|'), ('య', '|'), ('లో', 'U'), ('ల', '|'), ('వే', 'U'), ('ణు', '|'), ('గో', 'U'), ('పా', 'U'), ('ల', '|'), ('భ', 'U'), ('క్త', '|'), ('సం', 'U'), ('త్రా', 'U'), ('ణ', '|'), ('శీ', 'U'), ('ల', '|')]",1.0,-1.0,1.0,1.0,1.0,-1.0
seesamu,"మందుమాకిడి గండమాల మాన్పఁగలేఁడు । చక్కఁజేయగలండె నక్కనోరు
వ్రేలివంకర మీఁద వీద నొత్తఁగలేఁడు । కుదురుసేయగలండె గూనివీఁపు
త్రోయఁజాలఁడు కుక్కతోక వంకరైన । నేటివంకలు దీర్ప నెట్టులోపు
తనవారి యొచ్చెంబు తాను దీర్పఁగఁజాలఁ । డొరుల యొచ్చెము దీర్ప నోపునెట్లు",vupajaathi,Venugopaala,"[('మం', 'U'), ('దు', '|'), ('మా', 'U'), ('కి', '|'), ('డి', '|'), ('గం', 'U'), ('డ', '|'), ('మా', 'U'), ('ల', '|'), ('మా', 'U'), ('న్ప', '|'), ('గ', '|'), ('లే', 'U'), ('డు', '|'), ('చ', 'U'), ('క్క', '|'), ('జే', 'U'), ('య', '|'), ('గ', '|'), ('లం', 'U'), ('డె', '|'), ('న', 'U'), ('క్క', '|'), ('నో', 'U'), ('రు', '|'), ('వ్రే', 'U'), ('లి', '|'), ('వం', 'U'), ('క', '|'), ('ర', '|'), ('మీ', 'U'), ('ద', '|'), ('వీ', 'U'), ('ద', '|'), ('నొ', 'U'), ('త్త', '|'), ('గ', '|'), ('లే', 'U'), ('డు', '|'), ('కు', '|'), ('దు', '|'), ('రు', '|'), ('సే', 'U'), ('య', '|'), ('గ', '|'), ('లం', 'U'), ('డె', '|'), ('గూ', 'U'), ('ని', '|'), ('వీ', 'U'), ('పు', '|'), ('త్రో', 'U'), ('య', '|'), ('జా', 'U'), ('ల', '|'), ('డు', '|'), ('కు', 'U'), ('క్క', '|'), ('తో', 'U'), ('క', '|'), ('వం', 'U'), ('క', '|'), ('రై', 'U'), ('న', '|'), ('నే', 'U'), ('టి', '|'), ('వం', 'U'), ('క', '|'), ('లు', '|'), ('దీ', 'U'), ('ర్ప', '|'), ('నె', 'U'), ('ట్టు', '|'), ('లో', 'U'), ('పు', '|'), ('త', '|'), ('న', '|'), ('వా', 'U'), ('రి', '|'), ('యొ', 'U'), ('చ్చెం', 'U'), ('బు', '|'), ('తా', 'U'), ('ను', '|'), ('దీ', 'U'), ('ర్ప', '|'), ('గ', '|'), ('జా', 'U'), ('ల', '|'), ('డొ', '|'), ('రు', '|'), ('ల', '|'), ('యొ', 'U'), ('చ్చె', '|'), ('ము', '|'), ('దీ', 'U'), ('ర్ప', '|'), ('నో', 'U'), ('పు', '|'), ('నె', 'U'), ('ట్లు', '|')]",0.8020833333333334,-1.0,1.0,0.78125,0.625,-1.0
teytageethi,"దైవకృతమైన వంకర దలఁగద్రోయ । వశము గాకుండు గద యెంతవానికైన
బొరలు దాని నెఱుంగడు బుద్ధి జడుఁడు
మదరిపువిఫాల మునిజనహృదయలోల । వేణుగోపాల భక్తసంత్రాణశీల!",vupajaathi,Venugopaala,"[('దై', 'U'), ('వ', '|'), ('కృ', '|'), ('త', '|'), ('మై', 'U'), ('న', '|'), ('వం', 'U'), ('క', '|'), ('ర', '|'), ('ద', '|'), ('ల', '|'), ('గ', '|'), ('ద్రో', 'U'), ('య', '|'), ('వ', '|'), ('శ', '|'), ('ము', '|'), ('గా', 'U'), ('కుం', 'U'), ('డు', '|'), ('గ', '|'), ('ద', '|'), ('యెం', 'U'), ('త', '|'), ('వా', 'U'), ('ని', '|'), ('కై', 'U'), ('న', '|'), ('బొ', '|'), ('ర', '|'), ('లు', '|'), ('దా', 'U'), ('ని', '|'), ('నె', '|'), ('ఱుం', 'U'), ('గ', '|'), ('డు', '|'), ('బు', 'U'), ('ద్ధి', '|'), ('జ', '|'), ('డు', '|'), ('డు', '|'), ('మ', '|'), ('ద', '|'), ('రి', '|'), ('పు', '|'), ('వి', '|'), ('ఫా', 'U'), ('ల', '|'), ('ము', '|'), ('ని', '|'), ('జ', '|'), ('న', '|'), ('హృ', '|'), ('ద', '|'), ('య', '|'), ('లో', 'U'), ('ల', '|'), ('వే', 'U'), ('ణు', '|'), ('గో', 'U'), ('పా', 'U'), ('ల', '|'), ('భ', 'U'), ('క్త', '|'), ('సం', 'U'), ('త్రా', 'U'), ('ణ', '|'), ('శీ', 'U'), ('ల', '|')]",1.0,-1.0,1.0,1.0,1.0,-1.0
seesamu,"ఋణశేషమున్నను రిపుశేషమున్నను । వహ్నిశేషంబున్న వచ్చుఁ గీడు
భుక్తి వధూజనరక్తి నిద్రాసక్తి । యగ్గలంబైనఁ గీ డావహిల్లు
గుత్సితాత్మునితోడఁ గోవధజనముతో । గొండికవానితో గోష్ఠి తగదు
అర్భక పశు మందిరాంగరక్షల యందు । నేమఱుపాటొంద నెగ్గుఁ జెందు",vupajaathi,Venugopaala,"[('ఋ', '|'), ('ణ', '|'), ('శే', 'U'), ('ష', '|'), ('ము', 'U'), ('న్న', '|'), ('ను', '|'), ('రి', '|'), ('పు', '|'), ('శే', 'U'), ('ష', '|'), ('ము', 'U'), ('న్న', '|'), ('ను', '|'), ('వ', 'U'), ('హ్ని', '|'), ('శే', 'U'), ('షం', 'U'), ('బు', 'U'), ('న్న', '|'), ('వ', 'U'), ('చ్చు', '|'), ('గీ', 'U'), ('డు', '|'), ('భు', 'U'), ('క్తి', '|'), ('వ', '|'), ('ధూ', 'U'), ('జ', '|'), ('న', '|'), ('ర', 'U'), ('క్తి', '|'), ('ని', '|'), ('ద్రా', 'U'), ('స', 'U'), ('క్తి', '|'), ('య', 'U'), ('గ్గ', '|'), ('లం', 'U'), ('బై', 'U'), ('న', '|'), ('గీ', 'U'), ('డా', 'U'), ('వ', '|'), ('హి', 'U'), ('ల్లు', '|'), ('గు', 'U'), ('త్సి', '|'), ('తా', 'U'), ('త్ము', '|'), ('ని', '|'), ('తో', 'U'), ('డ', '|'), ('గో', 'U'), ('వ', '|'), ('ధ', '|'), ('జ', '|'), ('న', '|'), ('ము', '|'), ('తో', 'U'), ('గొం', 'U'), ('డి', '|'), ('క', '|'), ('వా', 'U'), ('ని', '|'), ('తో', 'U'), ('గో', 'U'), ('ష్ఠి', '|'), ('త', '|'), ('గ', '|'), ('దు', '|'), ('అ', 'U'), ('ర్భ', '|'), ('క', '|'), ('ప', '|'), ('శు', '|'), ('మం', 'U'), ('ది', '|'), ('రాం', 'U'), ('గ', '|'), ('ర', 'U'), ('క్ష', '|'), ('ల', '|'), ('యం', 'U'), ('దు', '|'), ('నే', 'U'), ('మ', '|'), ('ఱు', '|'), ('పా', 'U'), ('టొం', 'U'), ('ద', '|'), ('నె', 'U'), ('గ్గు', '|'), ('జెం', 'U'), ('దు', '|')]",0.875,-1.0,1.0,1.0,0.625,-1.0
teytageethi,"నిట్టి నయమార్గ మెఱుఁగక యిచ్చవచ్చి- । నట్లు చరియించువారికి హాని వచ్చు
మదరిపువిఫాల మునిజనహృదయలోల । వేణుగోపాల భక్తసంత్రాణశీల!",vupajaathi,Venugopaala,"[('ని', 'U'), ('ట్టి', '|'), ('న', '|'), ('య', '|'), ('మా', 'U'), ('ర్గ', '|'), ('మె', '|'), ('ఱు', '|'), ('గ', '|'), ('క', '|'), ('యి', 'U'), ('చ్చ', '|'), ('వ', 'U'), ('చ్చి', '|'), ('న', 'U'), ('ట్లు', '|'), ('చ', '|'), ('రి', '|'), ('యిం', 'U'), ('చు', '|'), ('వా', 'U'), ('రి', '|'), ('కి', '|'), ('హా', 'U'), ('ని', '|'), ('వ', 'U'), ('చ్చు', '|'), ('మ', '|'), ('ద', '|'), ('రి', '|'), ('పు', '|'), ('వి', '|'), ('ఫా', 'U'), ('ల', '|'), ('ము', '|'), ('ని', '|'), ('జ', '|'), ('న', '|'), ('హృ', '|'), ('ద', '|'), ('య', '|'), ('లో', 'U'), ('ల', '|'), ('వే', 'U'), ('ణు', '|'), ('గో', 'U'), ('పా', 'U'), ('ల', '|'), ('భ', 'U'), ('క్త', '|'), ('సం', 'U'), ('త్రా', 'U'), ('ణ', '|'), ('శీ', 'U'), ('ల', '|')]",0.8333333333333334,-1.0,1.0,1.0,0.5,-1.0
seesamu,"నంబి కవిత్వంబు తంబళ జోస్యంబు । వలనొప్ప కోమటి వైష్ణవంబు
వరుసనె యుప్పరివాని సన్యాసంబు । తరువాత శూద్ర సంతర్పణంబు
రజకుని గానంబు రండా ప్రభుత్వంబు । వెలయఁగా వెలమల వితరణంబు
సాని పండితశాస్త్రవాదము వేశ్య- । తనయుఁ డబ్బకుఁ బెట్టు తద్దినంబు",vupajaathi,Venugopaala,"[('నం', 'U'), ('బి', '|'), ('క', '|'), ('వి', 'U'), ('త్వం', 'U'), ('బు', '|'), ('తం', 'U'), ('బ', '|'), ('ళ', '|'), ('జో', 'U'), ('స్యం', 'U'), ('బు', '|'), ('వ', '|'), ('ల', '|'), ('నొ', 'U'), ('ప్ప', '|'), ('కో', 'U'), ('మ', '|'), ('టి', '|'), ('వై', 'U'), ('ష్ణ', '|'), ('వం', 'U'), ('బు', '|'), ('వ', '|'), ('రు', '|'), ('స', '|'), ('నె', '|'), ('యు', 'U'), ('ప్ప', '|'), ('రి', '|'), ('వా', 'U'), ('ని', '|'), ('స', 'U'), ('న్యా', 'U'), ('సం', 'U'), ('బు', '|'), ('త', '|'), ('రు', '|'), ('వా', 'U'), ('త', '|'), ('శూ', 'U'), ('ద్ర', '|'), ('సం', 'U'), ('త', 'U'), ('ర్ప', '|'), ('ణం', 'U'), ('బు', '|'), ('ర', '|'), ('జ', '|'), ('కు', '|'), ('ని', '|'), ('గా', 'U'), ('నం', 'U'), ('బు', '|'), ('రం', 'U'), ('డా', 'U'), ('ప్ర', '|'), ('భు', 'U'), ('త్వం', 'U'), ('బు', '|'), ('వె', '|'), ('ల', '|'), ('య', '|'), ('గా', 'U'), ('వె', '|'), ('ల', '|'), ('మ', '|'), ('ల', '|'), ('వి', '|'), ('త', '|'), ('ర', '|'), ('ణం', 'U'), ('బు', '|'), ('సా', 'U'), ('ని', '|'), ('పం', 'U'), ('డి', '|'), ('త', '|'), ('శా', 'U'), ('స్త్ర', '|'), ('వా', 'U'), ('ద', '|'), ('ము', '|'), ('వే', 'U'), ('శ్య', '|'), ('త', '|'), ('న', '|'), ('యు', '|'), ('డ', 'U'), ('బ్బ', '|'), ('కు', '|'), ('బె', 'U'), ('ట్టు', '|'), ('త', 'U'), ('ద్ది', '|'), ('నం', 'U'), ('బు', '|')]",0.8854166666666666,-1.0,1.0,0.90625,0.75,-1.0
teytageethi,"నుభయభ్రష్టత్వములు గాన నుర్విలోన । రాజసభలందు నెన్నగా రాదు గదర
మదరిపువిఫాల మునిజనహృదయలోల । వేణుగోపాల భక్తసంత్రాణశీల!",vupajaathi,Venugopaala,"[('ను', '|'), ('భ', '|'), ('య', '|'), ('భ్ర', 'U'), ('ష్ట', 'U'), ('త్వ', '|'), ('ము', '|'), ('లు', '|'), ('గా', 'U'), ('న', '|'), ('ను', 'U'), ('ర్వి', '|'), ('లో', 'U'), ('న', '|'), ('రా', 'U'), ('జ', '|'), ('స', '|'), ('భ', '|'), ('లం', 'U'), ('దు', '|'), ('నె', 'U'), ('న్న', '|'), ('గా', 'U'), ('రా', 'U'), ('దు', '|'), ('గ', '|'), ('ద', '|'), ('ర', '|'), ('మ', '|'), ('ద', '|'), ('రి', '|'), ('పు', '|'), ('వి', '|'), ('ఫా', 'U'), ('ల', '|'), ('ము', '|'), ('ని', '|'), ('జ', '|'), ('న', '|'), ('హృ', '|'), ('ద', '|'), ('య', '|'), ('లో', 'U'), ('ల', '|'), ('వే', 'U'), ('ణు', '|'), ('గో', 'U'), ('పా', 'U'), ('ల', '|'), ('భ', 'U'), ('క్త', '|'), ('సం', 'U'), ('త్రా', 'U'), ('ణ', '|'), ('శీ', 'U'), ('ల', '|')]",1.0,-1.0,1.0,1.0,1.0,-1.0
seesamu,"భట్టరాచార్యుల బట్టలు కాగానె । మడి గట్టుకొను పట్టుమడతలౌనె
అల రాచకూతురు నధరంబు కాగానె । తేనెఁ జిల్కునె యనుపానమునకు
అల్ల యేలేశ్వరోపాధ్యాయు బుఱ్ఱయు । రాచూరి పెద్దఫిరంగియౌనె
అల తాళ్ళపాక చిన్నన్న రోమములైన । దంబుఱ దండెకు దంతులౌనె",vupajaathi,Venugopaala,"[('భ', 'U'), ('ట్ట', '|'), ('రా', 'U'), ('చా', 'U'), ('ర్యు', '|'), ('ల', '|'), ('బ', 'U'), ('ట్ట', '|'), ('లు', '|'), ('కా', 'U'), ('గా', 'U'), ('నె', '|'), ('మ', '|'), ('డి', '|'), ('గ', 'U'), ('ట్టు', '|'), ('కొ', '|'), ('ను', '|'), ('ప', 'U'), ('ట్టు', '|'), ('మ', '|'), ('డ', '|'), ('త', '|'), ('లౌ', 'U'), ('నె', '|'), ('అ', '|'), ('ల', '|'), ('రా', 'U'), ('చ', '|'), ('కూ', 'U'), ('తు', '|'), ('రు', '|'), ('న', '|'), ('ధ', '|'), ('రం', 'U'), ('బు', '|'), ('కా', 'U'), ('గా', 'U'), ('నె', '|'), ('తే', 'U'), ('నె', '|'), ('జి', 'U'), ('ల్కు', '|'), ('నె', '|'), ('య', '|'), ('ను', '|'), ('పా', 'U'), ('న', '|'), ('ము', '|'), ('న', '|'), ('కు', '|'), ('అ', 'U'), ('ల్ల', '|'), ('యే', 'U'), ('లే', 'U'), ('శ్వ', '|'), ('రో', 'U'), ('పా', 'U'), ('ధ్యా', 'U'), ('యు', '|'), ('బు', 'U'), ('ఱ్ఱ', '|'), ('యు', '|'), ('రా', 'U'), ('చూ', 'U'), ('రి', '|'), ('పె', 'U'), ('ద్ద', '|'), ('ఫి', '|'), ('రం', 'U'), ('గి', '|'), ('యౌ', 'U'), ('నె', '|'), ('అ', '|'), ('ల', '|'), ('తా', 'U'), ('ళ్ళ', '|'), ('పా', 'U'), ('క', '|'), ('చి', 'U'), ('న్న', 'U'), ('న్న', '|'), ('రో', 'U'), ('మ', '|'), ('ము', '|'), ('లై', 'U'), ('న', '|'), ('దం', 'U'), ('బు', '|'), ('ఱ', '|'), ('దం', 'U'), ('డె', '|'), ('కు', '|'), ('దం', 'U'), ('తు', '|'), ('లౌ', 'U'), ('నె', '|')]",0.875,-1.0,1.0,1.0,0.625,-1.0
teytageethi,"హుంకరించిన నెటువంటి మంకునైనఁ । దిట్టవలయును గవులకు దిట్టమదియె
మదరిపువిఫాల మునిజనహృదయలోల । వేణుగోపాల భక్తసంత్రాణశీల!",vupajaathi,Venugopaala,"[('హుం', 'U'), ('క', '|'), ('రిం', 'U'), ('చి', '|'), ('న', '|'), ('నె', '|'), ('టు', '|'), ('వం', 'U'), ('టి', '|'), ('మం', 'U'), ('కు', '|'), ('నై', 'U'), ('న', '|'), ('ది', 'U'), ('ట్ట', '|'), ('వ', '|'), ('ల', '|'), ('యు', '|'), ('ను', '|'), ('గ', '|'), ('వు', '|'), ('ల', '|'), ('కు', '|'), ('ది', 'U'), ('ట్ట', '|'), ('మ', '|'), ('ది', '|'), ('యె', '|'), ('మ', '|'), ('ద', '|'), ('రి', '|'), ('పు', '|'), ('వి', '|'), ('ఫా', 'U'), ('ల', '|'), ('ము', '|'), ('ని', '|'), ('జ', '|'), ('న', '|'), ('హృ', '|'), ('ద', '|'), ('య', '|'), ('లో', 'U'), ('ల', '|'), ('వే', 'U'), ('ణు', '|'), ('గో', 'U'), ('పా', 'U'), ('ల', '|'), ('భ', 'U'), ('క్త', '|'), ('సం', 'U'), ('త్రా', 'U'), ('ణ', '|'), ('శీ', 'U'), ('ల', '|')]",1.0,-1.0,1.0,1.0,1.0,-1.0
seesamu,"వెల్లుల్లి వనములో వెలయంగ జోఱీఁగ । పికము పాడూరను బెస్త రాజు
సాలె జేండ్రులలోన సాతాని పండితుం । డంధులలోన నేకాక్షి శ్రేష్ఠుఁ
డతిలోభి రాజన కర్థంబు నడుగని- । వాఁడె పో పండితవర్యుఁ డరయఁ
గాఁపు మంత్రులలోనఁ గాటేరి దైవంబు । కొక్కెరాయలలోనఁ గొంగ ఘనము",vupajaathi,Venugopaala,"[('వె', 'U'), ('ల్లు', 'U'), ('ల్లి', '|'), ('వ', '|'), ('న', '|'), ('ము', '|'), ('లో', 'U'), ('వె', '|'), ('ల', '|'), ('యం', 'U'), ('గ', '|'), ('జో', 'U'), ('ఱీ', 'U'), ('గ', '|'), ('పి', '|'), ('క', '|'), ('ము', '|'), ('పా', 'U'), ('డూ', 'U'), ('ర', '|'), ('ను', '|'), ('బె', 'U'), ('స్త', '|'), ('రా', 'U'), ('జు', '|'), ('సా', 'U'), ('లె', '|'), ('జేం', 'U'), ('డ్రు', '|'), ('ల', '|'), ('లో', 'U'), ('న', '|'), ('సా', 'U'), ('తా', 'U'), ('ని', '|'), ('పం', 'U'), ('డి', '|'), ('తుం', 'U'), ('డం', 'U'), ('ధు', '|'), ('ల', '|'), ('లో', 'U'), ('న', '|'), ('నే', 'U'), ('కా', 'U'), ('క్షి', '|'), ('శ్రే', 'U'), ('ష్ఠు', '|'), ('డ', '|'), ('తి', '|'), ('లో', 'U'), ('భి', '|'), ('రా', 'U'), ('జ', '|'), ('న', '|'), ('క', 'U'), ('ర్థం', 'U'), ('బు', '|'), ('న', '|'), ('డు', '|'), ('గ', '|'), ('ని', '|'), ('వా', 'U'), ('డె', '|'), ('పో', 'U'), ('పం', 'U'), ('డి', '|'), ('త', '|'), ('వ', 'U'), ('ర్యు', '|'), ('డ', '|'), ('ర', '|'), ('య', '|'), ('గా', 'U'), ('పు', '|'), ('మం', 'U'), ('త్రు', '|'), ('ల', '|'), ('లో', 'U'), ('న', '|'), ('గా', 'U'), ('టే', 'U'), ('రి', '|'), ('దై', 'U'), ('వం', 'U'), ('బు', '|'), ('కొ', 'U'), ('క్కె', '|'), ('రా', 'U'), ('య', '|'), ('ల', '|'), ('లో', 'U'), ('న', '|'), ('గొం', 'U'), ('గ', '|'), ('ఘ', '|'), ('న', '|'), ('ము', '|')]",0.9166666666666666,-1.0,1.0,1.0,0.75,-1.0
teytageethi,"గుడిసెవేటుల నిల్లాలు గుత్తులంజె । గనుక నీ రీతిఁ బెక్కులు గలవు తలప
మదరిపువిఫాల మునిజనహృదయలోల । వేణుగోపాల భక్తసంత్రాణశీల!",vupajaathi,Venugopaala,"[('గు', '|'), ('డి', '|'), ('సె', '|'), ('వే', 'U'), ('టు', '|'), ('ల', '|'), ('ని', 'U'), ('ల్లా', 'U'), ('లు', '|'), ('గు', 'U'), ('త్తు', '|'), ('లం', 'U'), ('జె', '|'), ('గ', '|'), ('ను', '|'), ('క', '|'), ('నీ', 'U'), ('రీ', 'U'), ('తి', '|'), ('బె', 'U'), ('క్కు', '|'), ('లు', '|'), ('గ', '|'), ('ల', '|'), ('వు', '|'), ('త', '|'), ('ల', '|'), ('ప', '|'), ('మ', '|'), ('ద', '|'), ('రి', '|'), ('పు', '|'), ('వి', '|'), ('ఫా', 'U'), ('ల', '|'), ('ము', '|'), ('ని', '|'), ('జ', '|'), ('న', '|'), ('హృ', '|'), ('ద', '|'), ('య', '|'), ('లో', 'U'), ('ల', '|'), ('వే', 'U'), ('ణు', '|'), ('గో', 'U'), ('పా', 'U'), ('ల', '|'), ('భ', 'U'), ('క్త', '|'), ('సం', 'U'), ('త్రా', 'U'), ('ణ', '|'), ('శీ', 'U'), ('ల', '|')]",1.0,-1.0,1.0,1.0,1.0,-1.0
seesamu,"పెట్టి పోసిననాఁడె చుట్టాల రాకడ । కలిమివేళనె వారకాంత వలపు
సేవ చేసిననాఁడె క్షితినాథు మన్నన । వయసు గల్గిననాఁడె వనిత రక్తి
విభవంబు గలనాఁడె వెనువెంట దిరుగుట । పని యున్ననాఁడె మావారలనుట
పోడిమి గలనాడె పొరుగింటి పోరచి । మగుడింపఁగలనాఁడె తగవు సూటి",vupajaathi,Venugopaala,"[('పె', 'U'), ('ట్టి', '|'), ('పో', 'U'), ('సి', '|'), ('న', '|'), ('నా', 'U'), ('డె', '|'), ('చు', 'U'), ('ట్టా', 'U'), ('ల', '|'), ('రా', 'U'), ('క', '|'), ('డ', '|'), ('క', '|'), ('లి', '|'), ('మి', '|'), ('వే', 'U'), ('ళ', '|'), ('నె', '|'), ('వా', 'U'), ('ర', '|'), ('కాం', 'U'), ('త', '|'), ('వ', '|'), ('ల', '|'), ('పు', '|'), ('సే', 'U'), ('వ', '|'), ('చే', 'U'), ('సి', '|'), ('న', '|'), ('నా', 'U'), ('డె', 'U'), ('క్షి', '|'), ('తి', '|'), ('నా', 'U'), ('థు', '|'), ('మ', 'U'), ('న్న', '|'), ('న', '|'), ('వ', '|'), ('య', '|'), ('సు', '|'), ('గ', 'U'), ('ల్గి', '|'), ('న', '|'), ('నా', 'U'), ('డె', '|'), ('వ', '|'), ('ని', '|'), ('త', '|'), ('ర', 'U'), ('క్తి', '|'), ('వి', '|'), ('భ', '|'), ('వం', 'U'), ('బు', '|'), ('గ', '|'), ('ల', '|'), ('నా', 'U'), ('డె', '|'), ('వె', '|'), ('ను', '|'), ('వెం', 'U'), ('ట', '|'), ('ది', '|'), ('రు', '|'), ('గు', '|'), ('ట', '|'), ('ప', '|'), ('ని', '|'), ('యు', 'U'), ('న్న', '|'), ('నా', 'U'), ('డె', '|'), ('మా', 'U'), ('వా', 'U'), ('ర', '|'), ('ల', '|'), ('ను', '|'), ('ట', '|'), ('పో', 'U'), ('డి', '|'), ('మి', '|'), ('గ', '|'), ('ల', '|'), ('నా', 'U'), ('డె', '|'), ('పొ', '|'), ('రు', '|'), ('గిం', 'U'), ('టి', '|'), ('పో', 'U'), ('ర', '|'), ('చి', '|'), ('మ', '|'), ('గు', '|'), ('డిం', 'U'), ('ప', '|'), ('గ', '|'), ('ల', '|'), ('నా', 'U'), ('డె', '|'), ('త', '|'), ('గ', '|'), ('వు', '|'), ('సూ', 'U'), ('టి', '|')]",0.9479166666666666,-1.0,1.0,0.96875,0.875,-1.0
teytageethi,"యాత్మశక్తి తొలగిన యవసరమునఁ । దనకు నెవ్వరు గానిది తథ్యమరయ
బలిమిచే నవయవములు పనికిరావు
మదరిపువిఫాల మునిజనహృదయలోల । వేణుగోపాల భక్తసంత్రాణశీల!",vupajaathi,Venugopaala,"[('యా', 'U'), ('త్మ', '|'), ('శ', 'U'), ('క్తి', '|'), ('తొ', '|'), ('ల', '|'), ('గి', '|'), ('న', '|'), ('య', '|'), ('వ', '|'), ('స', '|'), ('ర', '|'), ('ము', '|'), ('న', '|'), ('ద', '|'), ('న', '|'), ('కు', '|'), ('నె', 'U'), ('వ్వ', '|'), ('రు', '|'), ('గా', 'U'), ('ని', '|'), ('ది', '|'), ('త', 'U'), ('థ్య', '|'), ('మ', '|'), ('ర', '|'), ('య', '|'), ('బ', '|'), ('లి', '|'), ('మి', '|'), ('చే', 'U'), ('న', '|'), ('వ', '|'), ('య', '|'), ('వ', '|'), ('ము', '|'), ('లు', '|'), ('ప', '|'), ('ని', '|'), ('కి', '|'), ('రా', 'U'), ('వు', '|'), ('మ', '|'), ('ద', '|'), ('రి', '|'), ('పు', '|'), ('వి', '|'), ('ఫా', 'U'), ('ల', '|'), ('ము', '|'), ('ని', '|'), ('జ', '|'), ('న', '|'), ('హృ', '|'), ('ద', '|'), ('య', '|'), ('లో', 'U'), ('ల', '|'), ('వే', 'U'), ('ణు', '|'), ('గో', 'U'), ('పా', 'U'), ('ల', '|'), ('భ', 'U'), ('క్త', '|'), ('సం', 'U'), ('త్రా', 'U'), ('ణ', '|'), ('శీ', 'U'), ('ల', '|')]",0.5499999999999999,-1.0,1.0,0.65,0.0,-1.0
seesamu,"చెఱువులో నీరు నిల్చిన బానయోగ్యమౌ- । నది యబ్ధి జేర బానార్హమగునె
యుదక మల్పంబైన నుచ్చులో బడు చేప । చెఱువు నిండినవేళ చిక్కదట్లు
చరణాయుధాండంబు చట్టెడౌనోర్చిన । నవయగ జేసిన నల్పభుక్తి
వహ్ని యల్పంబైన వలన నేనునగూడ । దరియు ధాడింప మేడంత గాల్చు",vupajaathi,Venugopaala,"[('చె', '|'), ('ఱు', '|'), ('వు', '|'), ('లో', 'U'), ('నీ', 'U'), ('రు', '|'), ('ని', 'U'), ('ల్చి', '|'), ('న', '|'), ('బా', 'U'), ('న', '|'), ('యో', 'U'), ('గ్య', '|'), ('మౌ', 'U'), ('న', '|'), ('ది', '|'), ('య', 'U'), ('బ్ధి', '|'), ('జే', 'U'), ('ర', '|'), ('బా', 'U'), ('నా', 'U'), ('ర్హ', '|'), ('మ', '|'), ('గు', '|'), ('నె', '|'), ('యు', '|'), ('ద', '|'), ('క', '|'), ('మ', 'U'), ('ల్పం', 'U'), ('బై', 'U'), ('న', '|'), ('ను', 'U'), ('చ్చు', '|'), ('లో', 'U'), ('బ', '|'), ('డు', '|'), ('చే', 'U'), ('ప', '|'), ('చె', '|'), ('ఱు', '|'), ('వు', '|'), ('నిం', 'U'), ('డి', '|'), ('న', '|'), ('వే', 'U'), ('ళ', '|'), ('చి', 'U'), ('క్క', '|'), ('ద', 'U'), ('ట్లు', '|'), ('చ', '|'), ('ర', '|'), ('ణా', 'U'), ('యు', '|'), ('ధాం', 'U'), ('డం', 'U'), ('బు', '|'), ('చ', 'U'), ('ట్టె', '|'), ('డౌ', 'U'), ('నో', 'U'), ('ర్చి', '|'), ('న', '|'), ('న', '|'), ('వ', '|'), ('య', '|'), ('గ', '|'), ('జే', 'U'), ('సి', '|'), ('న', '|'), ('న', 'U'), ('ల్ప', '|'), ('భు', 'U'), ('క్తి', '|'), ('వ', 'U'), ('హ్ని', '|'), ('య', 'U'), ('ల్పం', 'U'), ('బై', 'U'), ('న', '|'), ('వ', '|'), ('ల', '|'), ('న', '|'), ('నే', 'U'), ('ను', '|'), ('న', '|'), ('గూ', 'U'), ('డ', '|'), ('ద', '|'), ('రి', '|'), ('యు', '|'), ('ధా', 'U'), ('డిం', 'U'), ('ప', '|'), ('మే', 'U'), ('డం', 'U'), ('త', '|'), ('గా', 'U'), ('ల్చు', '|')]",0.9583333333333334,-1.0,1.0,1.0,0.875,-1.0
teytageethi,"నాక్రమింపగ దగినచో నరి వధింప । దగు ఫలాపేక్ష కొద్దియే రర్మమునకు
వసుధ తత్త్వంబు పరికింపవలయు జూడ
మదరిపువిఫాల మునిజనహృదయలోల । వేణుగోపాల భక్తసంత్రాణశీల!",vupajaathi,Venugopaala,"[('నా', 'U'), ('క్ర', '|'), ('మిం', 'U'), ('ప', '|'), ('గ', '|'), ('ద', '|'), ('గి', '|'), ('న', '|'), ('చో', 'U'), ('న', '|'), ('రి', '|'), ('వ', '|'), ('ధిం', 'U'), ('ప', '|'), ('ద', '|'), ('గు', '|'), ('ఫ', '|'), ('లా', 'U'), ('పే', 'U'), ('క్ష', '|'), ('కొ', 'U'), ('ద్ది', '|'), ('యే', 'U'), ('ర', 'U'), ('ర్మ', '|'), ('ము', '|'), ('న', '|'), ('కు', '|'), ('వ', '|'), ('సు', '|'), ('ధ', '|'), ('త', 'U'), ('త్త్వం', 'U'), ('బు', '|'), ('ప', '|'), ('రి', '|'), ('కిం', 'U'), ('ప', '|'), ('వ', '|'), ('ల', '|'), ('యు', '|'), ('జూ', 'U'), ('డ', '|'), ('మ', '|'), ('ద', '|'), ('రి', '|'), ('పు', '|'), ('వి', '|'), ('ఫా', 'U'), ('ల', '|'), ('ము', '|'), ('ని', '|'), ('జ', '|'), ('న', '|'), ('హృ', '|'), ('ద', '|'), ('య', '|'), ('లో', 'U'), ('ల', '|'), ('వే', 'U'), ('ణు', '|'), ('గో', 'U'), ('పా', 'U'), ('ల', '|'), ('భ', 'U'), ('క్త', '|'), ('సం', 'U'), ('త్రా', 'U'), ('ణ', '|'), ('శీ', 'U'), ('ల', '|')]",0.9166666666666666,-1.0,1.0,1.0,0.75,-1.0
seesamu,"చేరువ పగయును దూరపు మైత్రియు । గావించెనేనియుఁ గార్యహాని
స్వనృపుతో వైర మన్యనృపాలమైత్రి । యొనరించెనేనిఁ గీడొదవకున్నె
త్యాగంబునకు నాత్మభోగంబునకు గాని । విత్తార్జనంబుఁ గావింపనేల
బాసకు లోనైనఁ బ్రతిబాషలాడినఁ । బొలఁతితో భాషింపఁ బోవఁదగదు",vupajaathi,Venugopaala,"[('చే', 'U'), ('రు', '|'), ('వ', '|'), ('ప', '|'), ('గ', '|'), ('యు', '|'), ('ను', '|'), ('దూ', 'U'), ('ర', '|'), ('పు', '|'), ('మై', 'U'), ('త్రి', '|'), ('యు', '|'), ('గా', 'U'), ('విం', 'U'), ('చె', '|'), ('నే', 'U'), ('ని', '|'), ('యు', '|'), ('గా', 'U'), ('ర్య', '|'), ('హా', 'U'), ('ని', 'U'), ('స్వ', '|'), ('నృ', '|'), ('పు', '|'), ('తో', 'U'), ('వై', 'U'), ('ర', '|'), ('మ', 'U'), ('న్య', '|'), ('నృ', '|'), ('పా', 'U'), ('ల', '|'), ('మై', 'U'), ('త్రి', '|'), ('యొ', '|'), ('న', '|'), ('రిం', 'U'), ('చె', '|'), ('నే', 'U'), ('ని', '|'), ('గీ', 'U'), ('డొ', '|'), ('ద', '|'), ('వ', '|'), ('కు', 'U'), ('న్నె', 'U'), ('త్యా', 'U'), ('గం', 'U'), ('బు', '|'), ('న', '|'), ('కు', '|'), ('నా', 'U'), ('త్మ', '|'), ('భో', 'U'), ('గం', 'U'), ('బు', '|'), ('న', '|'), ('కు', '|'), ('గా', 'U'), ('ని', '|'), ('వి', 'U'), ('త్తా', 'U'), ('ర్జ', '|'), ('నం', 'U'), ('బు', '|'), ('గా', 'U'), ('విం', 'U'), ('ప', '|'), ('నే', 'U'), ('ల', '|'), ('బా', 'U'), ('స', '|'), ('కు', '|'), ('లో', 'U'), ('నై', 'U'), ('న', '|'), ('బ్ర', '|'), ('తి', '|'), ('బా', 'U'), ('ష', '|'), ('లా', 'U'), ('డి', '|'), ('న', '|'), ('బొ', '|'), ('ల', '|'), ('తి', '|'), ('తో', 'U'), ('భా', 'U'), ('షిం', 'U'), ('ప', '|'), ('బో', 'U'), ('వ', '|'), ('ద', '|'), ('గ', '|'), ('దు', '|')]",0.6354166666666666,-1.0,1.0,0.65625,0.25,-1.0
teytageethi,"యిట్టి నయమార్గ మెఱుగక యిచ్చ వచ్చి- । నట్లు చరియించువారికి హాని జెందు
నాడికలు గల్గు నిది నిక్క మరసిచూడ
మదరిపువిఫాల మునిజనహృదయలోల । వేణుగోపాల భక్తసంత్రాణశీల!",vupajaathi,Venugopaala,"[('యి', 'U'), ('ట్టి', '|'), ('న', '|'), ('య', '|'), ('మా', 'U'), ('ర్గ', '|'), ('మె', '|'), ('ఱు', '|'), ('గ', '|'), ('క', '|'), ('యి', 'U'), ('చ్చ', '|'), ('వ', 'U'), ('చ్చి', '|'), ('న', 'U'), ('ట్లు', '|'), ('చ', '|'), ('రి', '|'), ('యిం', 'U'), ('చు', '|'), ('వా', 'U'), ('రి', '|'), ('కి', '|'), ('హా', 'U'), ('ని', '|'), ('జెం', 'U'), ('దు', '|'), ('నా', 'U'), ('డి', '|'), ('క', '|'), ('లు', '|'), ('గ', 'U'), ('ల్గు', '|'), ('ని', '|'), ('ది', '|'), ('ని', 'U'), ('క్క', '|'), ('మ', '|'), ('ర', '|'), ('సి', '|'), ('చూ', 'U'), ('డ', '|'), ('మ', '|'), ('ద', '|'), ('రి', '|'), ('పు', '|'), ('వి', '|'), ('ఫా', 'U'), ('ల', '|'), ('ము', '|'), ('ని', '|'), ('జ', '|'), ('న', '|'), ('హృ', '|'), ('ద', '|'), ('య', '|'), ('లో', 'U'), ('ల', '|'), ('వే', 'U'), ('ణు', '|'), ('గో', 'U'), ('పా', 'U'), ('ల', '|'), ('భ', 'U'), ('క్త', '|'), ('సం', 'U'), ('త్రా', 'U'), ('ణ', '|'), ('శీ', 'U'), ('ల', '|')]",0.8333333333333334,-1.0,1.0,1.0,0.5,-1.0
seesamu,"సూర్యుఁడు దశశతాంశువులఁ బో దఱిమినఁ । గలుగవే గుహల చీకటులుఁ డాగ
ఝుంఝూనిలము దాడి సలుప దీపమునకుఁ । గలుగదే వసియింపఁ గలశమొకటి
వని సాళువంబు గువ్వను బాఱఁ దఱిమినఁ । దరుకోటరము లేదె దానిఁ బ్రోవ
గరుడుండు వెనుదాక గాకోదరము డాఁగ । గలుగదే వాల్మీకబిల మొకండు",vupajaathi,Venugopaala,"[('సూ', 'U'), ('ర్యు', '|'), ('డు', '|'), ('ద', '|'), ('శ', '|'), ('శ', '|'), ('తాం', 'U'), ('శు', '|'), ('వు', '|'), ('ల', '|'), ('బో', 'U'), ('ద', '|'), ('ఱి', '|'), ('మి', '|'), ('న', '|'), ('గ', '|'), ('లు', '|'), ('గ', '|'), ('వే', 'U'), ('గు', '|'), ('హ', '|'), ('ల', '|'), ('చీ', 'U'), ('క', '|'), ('టు', '|'), ('లు', '|'), ('డా', 'U'), ('గ', '|'), ('ఝుం', 'U'), ('ఝూ', 'U'), ('ని', '|'), ('ల', '|'), ('ము', '|'), ('దా', 'U'), ('డి', '|'), ('స', '|'), ('లు', '|'), ('ప', '|'), ('దీ', 'U'), ('ప', '|'), ('ము', '|'), ('న', '|'), ('కు', '|'), ('గ', '|'), ('లు', '|'), ('గ', '|'), ('దే', 'U'), ('వ', '|'), ('సి', '|'), ('యిం', 'U'), ('ప', '|'), ('గ', '|'), ('ల', '|'), ('శ', '|'), ('మొ', '|'), ('క', '|'), ('టి', '|'), ('వ', '|'), ('ని', '|'), ('సా', 'U'), ('ళు', '|'), ('వం', 'U'), ('బు', '|'), ('గు', 'U'), ('వ్వ', '|'), ('ను', '|'), ('బా', 'U'), ('ఱ', '|'), ('ద', '|'), ('ఱి', '|'), ('మి', '|'), ('న', '|'), ('ద', '|'), ('రు', '|'), ('కో', 'U'), ('ట', '|'), ('ర', '|'), ('ము', '|'), ('లే', 'U'), ('దె', '|'), ('దా', 'U'), ('ని', '|'), ('బ్రో', 'U'), ('వ', '|'), ('గ', '|'), ('రు', '|'), ('డుం', 'U'), ('డు', '|'), ('వె', '|'), ('ను', '|'), ('దా', 'U'), ('క', '|'), ('గా', 'U'), ('కో', 'U'), ('ద', '|'), ('ర', '|'), ('ము', '|'), ('డా', 'U'), ('గ', '|'), ('గ', '|'), ('లు', '|'), ('గ', '|'), ('దే', 'U'), ('వా', 'U'), ('ల్మీ', 'U'), ('క', '|'), ('బి', '|'), ('ల', '|'), ('మొ', '|'), ('కం', 'U'), ('డు', '|')]",0.9583333333333334,-1.0,1.0,1.0,0.875,-1.0
teytageethi,"బలము గలవాడు దుర్బలు బాఱఁ దఱుమ । దైవమొక ప్రాపు గల్పింపఁ దలఁపకున్నె
పొరలునే ప్రొద్దహంకారమున నరుండు
మదరిపువిఫాల మునిజనహృదయలోల । వేణుగోపాల భక్తసంత్రాణశీల!",vupajaathi,Venugopaala,"[('బ', '|'), ('ల', '|'), ('ము', '|'), ('గ', '|'), ('ల', '|'), ('వా', 'U'), ('డు', '|'), ('దు', 'U'), ('ర్బ', '|'), ('లు', '|'), ('బా', 'U'), ('ఱ', '|'), ('ద', '|'), ('ఱు', '|'), ('మ', '|'), ('దై', 'U'), ('వ', '|'), ('మొ', '|'), ('క', '|'), ('ప్రా', 'U'), ('పు', '|'), ('గ', 'U'), ('ల్పిం', 'U'), ('ప', '|'), ('ద', '|'), ('ల', '|'), ('ప', '|'), ('కు', 'U'), ('న్నె', '|'), ('పొ', '|'), ('ర', '|'), ('లు', '|'), ('నే', 'U'), ('ప్రొ', 'U'), ('ద్ద', '|'), ('హం', 'U'), ('కా', 'U'), ('ర', '|'), ('ము', '|'), ('న', '|'), ('న', '|'), ('రుం', 'U'), ('డు', '|'), ('మ', '|'), ('ద', '|'), ('రి', '|'), ('పు', '|'), ('వి', '|'), ('ఫా', 'U'), ('ల', '|'), ('ము', '|'), ('ని', '|'), ('జ', '|'), ('న', '|'), ('హృ', '|'), ('ద', '|'), ('య', '|'), ('లో', 'U'), ('ల', '|'), ('వే', 'U'), ('ణు', '|'), ('గో', 'U'), ('పా', 'U'), ('ల', '|'), ('భ', 'U'), ('క్త', '|'), ('సం', 'U'), ('త్రా', 'U'), ('ణ', '|'), ('శీ', 'U'), ('ల', '|')]",1.0,-1.0,1.0,1.0,1.0,-1.0
seesamu,"తండ్రి మధ్వాచారి తనయు డారాధ్యుండు । తల్లి రామాన్జ మతస్థురాలు
తనది కూచిమతంబు తమ్ముఁడు బౌద్ధుండు । సర్వేశ్వరమతంబు సడ్డకునిది
ఆలు కోమటిజాతి దక్క జంగమురాలు । బావగారిది లింగబలిజకులము
ఆఁడుబిడ్డ సుకారి యల్లుఁడు పింజారి । మఱదలు కోడలు మారువాడి",vupajaathi,Venugopaala,"[('తం', 'U'), ('డ్రి', '|'), ('మ', 'U'), ('ధ్వా', 'U'), ('చా', 'U'), ('రి', '|'), ('త', '|'), ('న', '|'), ('యు', '|'), ('డా', 'U'), ('రా', 'U'), ('ధ్యుం', 'U'), ('డు', '|'), ('త', 'U'), ('ల్లి', '|'), ('రా', 'U'), ('మా', 'U'), ('న్జ', '|'), ('మ', '|'), ('త', 'U'), ('స్థు', '|'), ('రా', 'U'), ('లు', '|'), ('త', '|'), ('న', '|'), ('ది', '|'), ('కూ', 'U'), ('చి', '|'), ('మ', '|'), ('తం', 'U'), ('బు', '|'), ('త', 'U'), ('మ్ము', '|'), ('డు', '|'), ('బౌ', 'U'), ('ద్ధుం', 'U'), ('డు', '|'), ('స', 'U'), ('ర్వే', 'U'), ('శ్వ', '|'), ('ర', '|'), ('మ', '|'), ('తం', 'U'), ('బు', '|'), ('స', 'U'), ('డ్డ', '|'), ('కు', '|'), ('ని', '|'), ('ది', '|'), ('ఆ', 'U'), ('లు', '|'), ('కో', 'U'), ('మ', '|'), ('టి', '|'), ('జా', 'U'), ('తి', '|'), ('ద', 'U'), ('క్క', '|'), ('జం', 'U'), ('గ', '|'), ('ము', '|'), ('రా', 'U'), ('లు', '|'), ('బా', 'U'), ('వ', '|'), ('గా', 'U'), ('రి', '|'), ('ది', '|'), ('లిం', 'U'), ('గ', '|'), ('బ', '|'), ('లి', '|'), ('జ', '|'), ('కు', '|'), ('ల', '|'), ('ము', '|'), ('ఆ', 'U'), ('డు', '|'), ('బి', 'U'), ('డ్డ', '|'), ('సు', '|'), ('కా', 'U'), ('రి', '|'), ('య', 'U'), ('ల్లు', '|'), ('డు', '|'), ('పిం', 'U'), ('జా', 'U'), ('రి', '|'), ('మ', '|'), ('ఱ', '|'), ('ద', '|'), ('లు', '|'), ('కో', 'U'), ('డ', '|'), ('లు', '|'), ('మా', 'U'), ('రు', '|'), ('వా', 'U'), ('డి', '|')]",0.9583333333333334,-1.0,1.0,1.0,0.875,-1.0
teytageethi,"గలియుగమ్మున వర్ణసంకరము ప్రబలి । యుత్తమకులంబు లొకమూల నొత్తిగిల్లె
మదరిపువిఫాల మునిజనహృదయలోల । వేణుగోపాల భక్తసంత్రాణశీల!",vupajaathi,Venugopaala,"[('గ', '|'), ('లి', '|'), ('యు', '|'), ('గ', 'U'), ('మ్ము', '|'), ('న', '|'), ('వ', 'U'), ('ర్ణ', '|'), ('సం', 'U'), ('క', '|'), ('ర', '|'), ('ము', '|'), ('ప్ర', '|'), ('బ', '|'), ('లి', '|'), ('యు', 'U'), ('త్త', '|'), ('మ', '|'), ('కు', '|'), ('లం', 'U'), ('బు', '|'), ('లొ', '|'), ('క', '|'), ('మూ', 'U'), ('ల', '|'), ('నొ', 'U'), ('త్తి', '|'), ('గి', 'U'), ('ల్లె', '|'), ('మ', '|'), ('ద', '|'), ('రి', '|'), ('పు', '|'), ('వి', '|'), ('ఫా', 'U'), ('ల', '|'), ('ము', '|'), ('ని', '|'), ('జ', '|'), ('న', '|'), ('హృ', '|'), ('ద', '|'), ('య', '|'), ('లో', 'U'), ('ల', '|'), ('వే', 'U'), ('ణు', '|'), ('గో', 'U'), ('పా', 'U'), ('ల', '|'), ('భ', 'U'), ('క్త', '|'), ('సం', 'U'), ('త్రా', 'U'), ('ణ', '|'), ('శీ', 'U'), ('ల', '|')]",1.0,-1.0,1.0,1.0,1.0,-1.0
seesamu,"తల్లి ఱంకునఁ దండ్రి ధనము పోయినయట్లు । మూలనిక్షేపంబు మునిఁగినట్లు
కూఁతురి ముడుపెల్లఁ గొల్లవోయినయట్లు । కాణాచివల్లెలు కాలినట్లు
తన యాలి గడనెల్ల దండుగ కైనట్లు । దండ్రి తద్దినమేమొ తప్పినట్లు
చెల్లెపైఁ బడి దొంగ చెఱచిపోయినయట్లు । కొడుకు నప్పుడు తలగొట్టినట్లు",vupajaathi,Venugopaala,"[('త', 'U'), ('ల్లి', '|'), ('ఱం', 'U'), ('కు', '|'), ('న', '|'), ('దం', 'U'), ('డ్రి', '|'), ('ధ', '|'), ('న', '|'), ('ము', '|'), ('పో', 'U'), ('యి', '|'), ('న', '|'), ('య', 'U'), ('ట్లు', '|'), ('మూ', 'U'), ('ల', '|'), ('ని', 'U'), ('క్షే', 'U'), ('పం', 'U'), ('బు', '|'), ('ము', '|'), ('ని', '|'), ('గి', '|'), ('న', 'U'), ('ట్లు', '|'), ('కూ', 'U'), ('తు', '|'), ('రి', '|'), ('ము', '|'), ('డు', '|'), ('పె', 'U'), ('ల్ల', '|'), ('గొ', 'U'), ('ల్ల', '|'), ('వో', 'U'), ('యి', '|'), ('న', '|'), ('య', 'U'), ('ట్లు', '|'), ('కా', 'U'), ('ణా', 'U'), ('చి', '|'), ('వ', 'U'), ('ల్లె', '|'), ('లు', '|'), ('కా', 'U'), ('లి', '|'), ('న', 'U'), ('ట్లు', '|'), ('త', '|'), ('న', '|'), ('యా', 'U'), ('లి', '|'), ('గ', '|'), ('డ', '|'), ('నె', 'U'), ('ల్ల', '|'), ('దం', 'U'), ('డు', '|'), ('గ', '|'), ('కై', 'U'), ('న', 'U'), ('ట్లు', '|'), ('దం', 'U'), ('డ్రి', '|'), ('త', 'U'), ('ద్ది', '|'), ('న', '|'), ('మే', 'U'), ('మొ', '|'), ('త', 'U'), ('ప్పి', '|'), ('న', 'U'), ('ట్లు', '|'), ('చె', 'U'), ('ల్లె', '|'), ('పై', 'U'), ('బ', '|'), ('డి', '|'), ('దొం', 'U'), ('గ', '|'), ('చె', '|'), ('ఱ', '|'), ('చి', '|'), ('పో', 'U'), ('యి', '|'), ('న', '|'), ('య', 'U'), ('ట్లు', '|'), ('కొ', '|'), ('డు', '|'), ('కు', '|'), ('న', 'U'), ('ప్పు', '|'), ('డు', '|'), ('త', '|'), ('ల', '|'), ('గొ', 'U'), ('ట్టి', '|'), ('న', 'U'), ('ట్లు', '|')]",1.0,-1.0,1.0,1.0,1.0,-1.0
teytageethi,"దిగులుపడి చూచి మూర్ఛిల్లి తెప్పరిల్లి । కవుల కియ్యంగవద్దని కన్ను మీటు
మదరిపువిఫాల మునిజనహృదయలోల । వేణుగోపాల భక్తసంత్రాణశీల!",vupajaathi,Venugopaala,"[('ది', '|'), ('గు', '|'), ('లు', '|'), ('ప', '|'), ('డి', '|'), ('చూ', 'U'), ('చి', '|'), ('మూ', 'U'), ('ర్ఛి', 'U'), ('ల్లి', '|'), ('తె', 'U'), ('ప్ప', '|'), ('రి', 'U'), ('ల్లి', '|'), ('క', '|'), ('వు', '|'), ('ల', '|'), ('కి', 'U'), ('య్యం', 'U'), ('గ', '|'), ('వ', 'U'), ('ద్ద', '|'), ('ని', '|'), ('క', 'U'), ('న్ను', '|'), ('మీ', 'U'), ('టు', '|'), ('మ', '|'), ('ద', '|'), ('రి', '|'), ('పు', '|'), ('వి', '|'), ('ఫా', 'U'), ('ల', '|'), ('ము', '|'), ('ని', '|'), ('జ', '|'), ('న', '|'), ('హృ', '|'), ('ద', '|'), ('య', '|'), ('లో', 'U'), ('ల', '|'), ('వే', 'U'), ('ణు', '|'), ('గో', 'U'), ('పా', 'U'), ('ల', '|'), ('భ', 'U'), ('క్త', '|'), ('సం', 'U'), ('త్రా', 'U'), ('ణ', '|'), ('శీ', 'U'), ('ల', '|')]",1.0,-1.0,1.0,1.0,1.0,-1.0
seesamu,"దూదేకుల హుస్సేను దొమ్మరి గోపాలు । పట్ర మంగఁడు గాండ్ల బాలిగాడు
బయశేని నాగఁడు పటసాలె నారాయఁ । డగముడి లచ్చిగాఁ డా ముకుందు
చాకలి మల్లఁడు సాతాని తిరుమల । గొల్ల కాటడు బెస్త గుర్విగాడు
కోమటి శంభుడు కుమ్మరి చెంగడు । మంగ లెల్లడు బోయ సింగడొకడు",vupajaathi,Venugopaala,"[('దూ', 'U'), ('దే', 'U'), ('కు', '|'), ('ల', '|'), ('హు', 'U'), ('స్సే', 'U'), ('ను', '|'), ('దొ', 'U'), ('మ్మ', '|'), ('రి', '|'), ('గో', 'U'), ('పా', 'U'), ('లు', '|'), ('ప', '|'), ('ట్ర', '|'), ('మం', 'U'), ('గ', '|'), ('డు', '|'), ('గాం', 'U'), ('డ్ల', '|'), ('బా', 'U'), ('లి', '|'), ('గా', 'U'), ('డు', '|'), ('బ', '|'), ('య', '|'), ('శే', 'U'), ('ని', '|'), ('నా', 'U'), ('గ', '|'), ('డు', '|'), ('ప', '|'), ('ట', '|'), ('సా', 'U'), ('లె', '|'), ('నా', 'U'), ('రా', 'U'), ('య', '|'), ('డ', '|'), ('గ', '|'), ('ము', '|'), ('డి', '|'), ('ల', 'U'), ('చ్చి', '|'), ('గా', 'U'), ('డా', 'U'), ('ము', '|'), ('కుం', 'U'), ('దు', '|'), ('చా', 'U'), ('క', '|'), ('లి', '|'), ('మ', 'U'), ('ల్ల', '|'), ('డు', '|'), ('సా', 'U'), ('తా', 'U'), ('ని', '|'), ('తి', '|'), ('రు', '|'), ('మ', '|'), ('ల', '|'), ('గొ', 'U'), ('ల్ల', '|'), ('కా', 'U'), ('ట', '|'), ('డు', '|'), ('బె', 'U'), ('స్త', '|'), ('గు', 'U'), ('ర్వి', '|'), ('గా', 'U'), ('డు', '|'), ('కో', 'U'), ('మ', '|'), ('టి', '|'), ('శం', 'U'), ('భు', '|'), ('డు', '|'), ('కు', 'U'), ('మ్మ', '|'), ('రి', '|'), ('చెం', 'U'), ('గ', '|'), ('డు', '|'), ('మం', 'U'), ('గ', '|'), ('లె', 'U'), ('ల్ల', '|'), ('డు', '|'), ('బో', 'U'), ('య', '|'), ('సిం', 'U'), ('గ', '|'), ('డొ', '|'), ('క', '|'), ('డు', '|')]",0.5520833333333334,-1.0,1.0,0.53125,0.125,-1.0
teytageethi,"కన్నవారెల్లఁ బండితుల్ కవులుఁ గాగ । వేదశాస్త్రంబు లేడను విప్రులేడ
మదరిపువిఫాల మునిజనహృదయలోల । వేణుగోపాల భక్తసంత్రాణశీల!",vupajaathi,Venugopaala,"[('క', 'U'), ('న్న', '|'), ('వా', 'U'), ('రె', 'U'), ('ల్ల', '|'), ('బం', 'U'), ('డి', '|'), ('తు', 'U'), ('ల్క', '|'), ('వు', '|'), ('లు', '|'), ('గా', 'U'), ('గ', '|'), ('వే', 'U'), ('ద', '|'), ('శా', 'U'), ('స్త్రం', 'U'), ('బు', '|'), ('లే', 'U'), ('డ', '|'), ('ను', '|'), ('వి', '|'), ('ప్రు', '|'), ('లే', 'U'), ('డ', '|'), ('మ', '|'), ('ద', '|'), ('రి', '|'), ('పు', '|'), ('వి', '|'), ('ఫా', 'U'), ('ల', '|'), ('ము', '|'), ('ని', '|'), ('జ', '|'), ('న', '|'), ('హృ', '|'), ('ద', '|'), ('య', '|'), ('లో', 'U'), ('ల', '|'), ('వే', 'U'), ('ణు', '|'), ('గో', 'U'), ('పా', 'U'), ('ల', '|'), ('భ', 'U'), ('క్త', '|'), ('సం', 'U'), ('త్రా', 'U'), ('ణ', '|'), ('శీ', 'U'), ('ల', '|')]",0.7333333333333334,-1.0,1.0,0.7,0.5,-1.0
seesamu,"బడవాకుఁ బ్రతి యెన్న బహుమతు లేనూరు । దళవాయి కొక్క యూర ధర్మచేట
పడుపుతొత్తుకు మేలుపౌజు కమ్మలు । తాటాకు దుద్దులు తల్లిచెవుల
దండెదాసర్లకుఁ దాజీతవాజము । కవివరులకుఁ గన్నగాని మన్ను
బైనీని సుద్దికి బారిశాలువజోడు । విద్వాంసులకు బేడ వెలితిగుడ్డ",vupajaathi,Venugopaala,"[('బ', '|'), ('డ', '|'), ('వా', 'U'), ('కు', '|'), ('బ్ర', '|'), ('తి', '|'), ('యె', 'U'), ('న్న', '|'), ('బ', '|'), ('హు', '|'), ('మ', '|'), ('తు', '|'), ('లే', 'U'), ('నూ', 'U'), ('రు', '|'), ('ద', '|'), ('ళ', '|'), ('వా', 'U'), ('యి', '|'), ('కొ', 'U'), ('క్క', '|'), ('యూ', 'U'), ('ర', '|'), ('ధ', 'U'), ('ర్మ', '|'), ('చే', 'U'), ('ట', '|'), ('ప', '|'), ('డు', '|'), ('పు', '|'), ('తొ', 'U'), ('త్తు', '|'), ('కు', '|'), ('మే', 'U'), ('లు', '|'), ('పౌ', 'U'), ('జు', '|'), ('క', 'U'), ('మ్మ', '|'), ('లు', '|'), ('తా', 'U'), ('టా', 'U'), ('కు', '|'), ('దు', 'U'), ('ద్దు', '|'), ('లు', '|'), ('త', 'U'), ('ల్లి', '|'), ('చె', '|'), ('వు', '|'), ('ల', '|'), ('దం', 'U'), ('డె', '|'), ('దా', 'U'), ('స', 'U'), ('ర్ల', '|'), ('కు', '|'), ('దా', 'U'), ('జీ', 'U'), ('త', '|'), ('వా', 'U'), ('జ', '|'), ('ము', '|'), ('క', '|'), ('వి', '|'), ('వ', '|'), ('రు', '|'), ('ల', '|'), ('కు', '|'), ('గ', 'U'), ('న్న', '|'), ('గా', 'U'), ('ని', '|'), ('మ', 'U'), ('న్ను', '|'), ('బై', 'U'), ('నీ', 'U'), ('ని', '|'), ('సు', 'U'), ('ద్ది', '|'), ('కి', '|'), ('బా', 'U'), ('రి', '|'), ('శా', 'U'), ('లు', '|'), ('వ', '|'), ('జో', 'U'), ('డు', '|'), ('వి', 'U'), ('ద్వాం', 'U'), ('సు', '|'), ('ల', '|'), ('కు', '|'), ('బే', 'U'), ('డ', '|'), ('వె', '|'), ('లి', '|'), ('తి', '|'), ('గు', 'U'), ('డ్డ', '|')]",0.6145833333333334,-1.0,1.0,0.59375,0.25,-1.0
teytageethi,"ఘనము నీచం బెఱుంగక కలియుగమున । నవని నడుతురు మూఢులైనట్టి దొరలు
మదరిపువిఫాల మునిజనహృదయలోల । వేణుగోపాల భక్తసంత్రాణశీల!",vupajaathi,Venugopaala,"[('ఘ', '|'), ('న', '|'), ('ము', '|'), ('నీ', 'U'), ('చం', 'U'), ('బె', '|'), ('ఱుం', 'U'), ('గ', '|'), ('క', '|'), ('క', '|'), ('లి', '|'), ('యు', '|'), ('గ', '|'), ('ము', '|'), ('న', '|'), ('న', '|'), ('వ', '|'), ('ని', '|'), ('న', '|'), ('డు', '|'), ('తు', '|'), ('రు', '|'), ('మూ', 'U'), ('ఢు', '|'), ('లై', 'U'), ('న', 'U'), ('ట్టి', '|'), ('దొ', '|'), ('ర', '|'), ('లు', '|'), ('మ', '|'), ('ద', '|'), ('రి', '|'), ('పు', '|'), ('వి', '|'), ('ఫా', 'U'), ('ల', '|'), ('ము', '|'), ('ని', '|'), ('జ', '|'), ('న', '|'), ('హృ', '|'), ('ద', '|'), ('య', '|'), ('లో', 'U'), ('ల', '|'), ('వే', 'U'), ('ణు', '|'), ('గో', 'U'), ('పా', 'U'), ('ల', '|'), ('భ', 'U'), ('క్త', '|'), ('సం', 'U'), ('త్రా', 'U'), ('ణ', '|'), ('శీ', 'U'), ('ల', '|')]",1.0,-1.0,1.0,1.0,1.0,-1.0
seesamu,"వసుధాధిపతికి విశ్వాసగుణంబు జా- । రునకు సత్యంబు చోరునకు భయము
లంజెకు మోమోట పంజకు ధైర్య మెం- । గిలి కెగ్గు మద్యపాయులకు సిగ్గు
ద్రవ్యాధికులకును దానధర్మములపై । దృష్టియు జారిణిస్త్రీకి వావి
పలుగాకులకు మేలు పందగొడ్డుకుఁ బాలు । మానికిఁ గఱవు కోమటికి బరువు",vupajaathi,Venugopaala,"[('వ', '|'), ('సు', '|'), ('ధా', 'U'), ('ధి', '|'), ('ప', '|'), ('తి', '|'), ('కి', '|'), ('వి', 'U'), ('శ్వా', 'U'), ('స', '|'), ('గు', '|'), ('ణం', 'U'), ('బు', '|'), ('జా', 'U'), ('రు', '|'), ('న', '|'), ('కు', '|'), ('స', 'U'), ('త్యం', 'U'), ('బు', '|'), ('చో', 'U'), ('రు', '|'), ('న', '|'), ('కు', '|'), ('భ', '|'), ('య', '|'), ('ము', '|'), ('లం', 'U'), ('జె', '|'), ('కు', '|'), ('మో', 'U'), ('మో', 'U'), ('ట', '|'), ('పం', 'U'), ('జ', '|'), ('కు', '|'), ('ధై', 'U'), ('ర్య', '|'), ('మెం', 'U'), ('గి', '|'), ('లి', '|'), ('కె', 'U'), ('గ్గు', '|'), ('మ', 'U'), ('ద్య', '|'), ('పా', 'U'), ('యు', '|'), ('ల', '|'), ('కు', '|'), ('సి', 'U'), ('గ్గు', '|'), ('ద్ర', 'U'), ('వ్యా', 'U'), ('ధి', '|'), ('కు', '|'), ('ల', '|'), ('కు', '|'), ('ను', '|'), ('దా', 'U'), ('న', '|'), ('ధ', 'U'), ('ర్మ', '|'), ('ము', '|'), ('ల', '|'), ('పై', 'U'), ('దృ', 'U'), ('ష్టి', '|'), ('యు', '|'), ('జా', 'U'), ('రి', '|'), ('ణి', 'U'), ('స్త్రీ', 'U'), ('కి', '|'), ('వా', 'U'), ('వి', '|'), ('ప', '|'), ('లు', '|'), ('గా', 'U'), ('కు', '|'), ('ల', '|'), ('కు', '|'), ('మే', 'U'), ('లు', '|'), ('పం', 'U'), ('ద', '|'), ('గొ', 'U'), ('డ్డు', '|'), ('కు', '|'), ('బా', 'U'), ('లు', '|'), ('మా', 'U'), ('ని', '|'), ('కి', '|'), ('గ', '|'), ('ఱ', '|'), ('వు', '|'), ('కో', 'U'), ('మ', '|'), ('టి', '|'), ('కి', '|'), ('బ', '|'), ('రు', '|'), ('వు', '|')]",1.0,-1.0,1.0,1.0,1.0,-1.0
teytageethi,"మేకమెడచన్నులకుఁ బాలు మేడి పూలు । లేవు త్రిభువనములను గాలించి చూడ
మదరిపువిఫాల మునిజనహృదయలోల । వేణుగోపాల భక్తసంత్రాణశీల!",vupajaathi,Venugopaala,"[('మే', 'U'), ('క', '|'), ('మె', '|'), ('డ', '|'), ('చ', 'U'), ('న్ను', '|'), ('ల', '|'), ('కు', '|'), ('బా', 'U'), ('లు', '|'), ('మే', 'U'), ('డి', '|'), ('పూ', 'U'), ('లు', '|'), ('లే', 'U'), ('వు', '|'), ('త్రి', '|'), ('భు', '|'), ('వ', '|'), ('న', '|'), ('ము', '|'), ('ల', '|'), ('ను', '|'), ('గా', 'U'), ('లిం', 'U'), ('చి', '|'), ('చూ', 'U'), ('డ', '|'), ('మ', '|'), ('ద', '|'), ('రి', '|'), ('పు', '|'), ('వి', '|'), ('ఫా', 'U'), ('ల', '|'), ('ము', '|'), ('ని', '|'), ('జ', '|'), ('న', '|'), ('హృ', '|'), ('ద', '|'), ('య', '|'), ('లో', 'U'), ('ల', '|'), ('వే', 'U'), ('ణు', '|'), ('గో', 'U'), ('పా', 'U'), ('ల', '|'), ('భ', 'U'), ('క్త', '|'), ('సం', 'U'), ('త్రా', 'U'), ('ణ', '|'), ('శీ', 'U'), ('ల', '|')]",1.0,-1.0,1.0,1.0,1.0,-1.0
seesamu,"వ్యాసాదులగు మౌనివర్యులు తపసెల్లఁ । బోగొట్టుకొనుట సంభోగమునకె
జలజాతభవ శివాదులు గూడఁ భ్రమగొని । మురియుట యీ పాడు భోగమునకె
నేర్తుమంచని నెఱ్ఱనీల్గుచు విద్యలు । కోటి నేర్చుట పొట్టకూటి కొరకె
ఏకచక్రమ్ముగ నేలిన రాజైన । గడ కేడుజేనల కాటి కొరకె",vupajaathi,Venugopaala,"[('వ్యా', 'U'), ('సా', 'U'), ('దు', '|'), ('ల', '|'), ('గు', '|'), ('మౌ', 'U'), ('ని', '|'), ('వ', 'U'), ('ర్యు', '|'), ('లు', '|'), ('త', '|'), ('ప', '|'), ('సె', 'U'), ('ల్ల', '|'), ('బో', 'U'), ('గొ', 'U'), ('ట్టు', '|'), ('కొ', '|'), ('ను', '|'), ('ట', '|'), ('సం', 'U'), ('భో', 'U'), ('గ', '|'), ('ము', '|'), ('న', '|'), ('కె', '|'), ('జ', '|'), ('ల', '|'), ('జా', 'U'), ('త', '|'), ('భ', '|'), ('వ', '|'), ('శి', '|'), ('వా', 'U'), ('దు', '|'), ('లు', '|'), ('గూ', 'U'), ('డ', '|'), ('భ్ర', '|'), ('మ', '|'), ('గొ', '|'), ('ని', '|'), ('ము', '|'), ('రి', '|'), ('యు', '|'), ('ట', '|'), ('యీ', 'U'), ('పా', 'U'), ('డు', '|'), ('భో', 'U'), ('గ', '|'), ('ము', '|'), ('న', '|'), ('కె', '|'), ('నే', 'U'), ('ర్తు', '|'), ('మం', 'U'), ('చ', '|'), ('ని', '|'), ('నె', 'U'), ('ఱ్ఱ', '|'), ('నీ', 'U'), ('ల్గు', '|'), ('చు', '|'), ('వి', 'U'), ('ద్య', '|'), ('లు', '|'), ('కో', 'U'), ('టి', '|'), ('నే', 'U'), ('ర్చు', '|'), ('ట', '|'), ('పొ', 'U'), ('ట్ట', '|'), ('కూ', 'U'), ('టి', '|'), ('కొ', '|'), ('ర', '|'), ('కె', '|'), ('ఏ', 'U'), ('క', '|'), ('చ', '|'), ('క్ర', 'U'), ('మ్ము', '|'), ('గ', '|'), ('నే', 'U'), ('లి', '|'), ('న', '|'), ('రా', 'U'), ('జై', 'U'), ('న', '|'), ('గ', '|'), ('డ', '|'), ('కే', 'U'), ('డు', '|'), ('జే', 'U'), ('న', '|'), ('ల', '|'), ('కా', 'U'), ('టి', '|'), ('కొ', '|'), ('ర', '|'), ('కె', '|')]",0.9583333333333334,-1.0,1.0,1.0,0.875,-1.0
teytageethi,"కీర్తి యపకీర్తి దక్కఁ దక్కినవి నిల్వఁ- । బోవు శాశ్వతమౌనట్లు పుడమిమీద
మదరిపువిఫాల మునిజనహృదయలోల । వేణుగోపాల భక్తసంత్రాణశీల!",vupajaathi,Venugopaala,"[('కీ', 'U'), ('ర్తి', '|'), ('య', '|'), ('ప', '|'), ('కీ', 'U'), ('ర్తి', '|'), ('ద', 'U'), ('క్క', '|'), ('ద', 'U'), ('క్కి', '|'), ('న', '|'), ('వి', '|'), ('ని', 'U'), ('ల్వ', '|'), ('బో', 'U'), ('వు', '|'), ('శా', 'U'), ('శ్వ', '|'), ('త', '|'), ('మౌ', 'U'), ('న', 'U'), ('ట్లు', '|'), ('పు', '|'), ('డ', '|'), ('మి', '|'), ('మీ', 'U'), ('ద', '|'), ('మ', '|'), ('ద', '|'), ('రి', '|'), ('పు', '|'), ('వి', '|'), ('ఫా', 'U'), ('ల', '|'), ('ము', '|'), ('ని', '|'), ('జ', '|'), ('న', '|'), ('హృ', '|'), ('ద', '|'), ('య', '|'), ('లో', 'U'), ('ల', '|'), ('వే', 'U'), ('ణు', '|'), ('గో', 'U'), ('పా', 'U'), ('ల', '|'), ('భ', 'U'), ('క్త', '|'), ('సం', 'U'), ('త్రా', 'U'), ('ణ', '|'), ('శీ', 'U'), ('ల', '|')]",1.0,-1.0,1.0,1.0,1.0,-1.0
seesamu,"సుంకరులకు వర్ణసంకరులకుఁ దన । పొత్తొసంగెడి తొత్తుముండలకును
సారాయినీళ్ళకు జాతరగాండ్లకు । బంగుభాయీలకు బందెనకును
బడవాలకును లేని భడవాలకును ఱంకు- । రాట్నాలకును శుంఠరండలకును
కలిమిదండుగులకు గారడీవిద్యకుఁ । దోడఁబోతుల కాటదొమ్మరులకు",vupajaathi,Venugopaala,"[('సుం', 'U'), ('క', '|'), ('రు', '|'), ('ల', '|'), ('కు', '|'), ('వ', 'U'), ('ర్ణ', '|'), ('సం', 'U'), ('క', '|'), ('రు', '|'), ('ల', '|'), ('కు', '|'), ('ద', '|'), ('న', '|'), ('పొ', 'U'), ('త్తొ', '|'), ('సం', 'U'), ('గె', '|'), ('డి', '|'), ('తొ', 'U'), ('త్తు', '|'), ('ముం', 'U'), ('డ', '|'), ('ల', '|'), ('కు', '|'), ('ను', '|'), ('సా', 'U'), ('రా', 'U'), ('యి', '|'), ('నీ', 'U'), ('ళ్ళ', '|'), ('కు', '|'), ('జా', 'U'), ('త', '|'), ('ర', '|'), ('గాం', 'U'), ('డ్ల', '|'), ('కు', '|'), ('బం', 'U'), ('గు', '|'), ('భా', 'U'), ('యీ', 'U'), ('ల', '|'), ('కు', '|'), ('బం', 'U'), ('దె', '|'), ('న', '|'), ('కు', '|'), ('ను', '|'), ('బ', '|'), ('డ', '|'), ('వా', 'U'), ('ల', '|'), ('కు', '|'), ('ను', '|'), ('లే', 'U'), ('ని', '|'), ('భ', '|'), ('డ', '|'), ('వా', 'U'), ('ల', '|'), ('కు', '|'), ('ను', '|'), ('ఱం', 'U'), ('కు', '|'), ('రా', 'U'), ('ట్నా', 'U'), ('ల', '|'), ('కు', '|'), ('ను', '|'), ('శుం', 'U'), ('ఠ', '|'), ('రం', 'U'), ('డ', '|'), ('ల', '|'), ('కు', '|'), ('ను', '|'), ('క', '|'), ('లి', '|'), ('మి', '|'), ('దం', 'U'), ('డు', '|'), ('గు', '|'), ('ల', '|'), ('కు', '|'), ('గా', 'U'), ('ర', '|'), ('డీ', 'U'), ('వి', 'U'), ('ద్య', '|'), ('కు', '|'), ('దో', 'U'), ('డ', '|'), ('బో', 'U'), ('తు', '|'), ('ల', '|'), ('కా', 'U'), ('ట', '|'), ('దొ', 'U'), ('మ్మ', '|'), ('రు', '|'), ('ల', '|'), ('కు', '|')]",1.0,-1.0,1.0,1.0,1.0,-1.0
teytageethi,"లోభితనమున నేడ్చె నిద్రాభవాని । గడన వీండ్లకె కాక సత్కవులకౌనె
మదరిపువిఫాల మునిజనహృదయలోల । వేణుగోపాల భక్తసంత్రాణశీల!",vupajaathi,Venugopaala,"[('లో', 'U'), ('భి', '|'), ('త', '|'), ('న', '|'), ('ము', '|'), ('న', '|'), ('నే', 'U'), ('డ్చె', '|'), ('ని', '|'), ('ద్రా', 'U'), ('భ', '|'), ('వా', 'U'), ('ని', '|'), ('గ', '|'), ('డ', '|'), ('న', '|'), ('వీం', 'U'), ('డ్ల', '|'), ('కె', '|'), ('కా', 'U'), ('క', '|'), ('స', 'U'), ('త్క', '|'), ('వు', '|'), ('ల', '|'), ('కౌ', 'U'), ('నె', '|'), ('మ', '|'), ('ద', '|'), ('రి', '|'), ('పు', '|'), ('వి', '|'), ('ఫా', 'U'), ('ల', '|'), ('ము', '|'), ('ని', '|'), ('జ', '|'), ('న', '|'), ('హృ', '|'), ('ద', '|'), ('య', '|'), ('లో', 'U'), ('ల', '|'), ('వే', 'U'), ('ణు', '|'), ('గో', 'U'), ('పా', 'U'), ('ల', '|'), ('భ', 'U'), ('క్త', '|'), ('సం', 'U'), ('త్రా', 'U'), ('ణ', '|'), ('శీ', 'U'), ('ల', '|')]",1.0,-1.0,1.0,1.0,1.0,-1.0
vutpalamaala,"శ్రీగురులింగమూర్తి! సువిశేష మహోజ్జ్వలకీర్తి! సత్క్రియో
ద్యోగ కళాప్రపూర్తి! యవధూత పునర్భవజార్తి! పాలితా
భ్యాగత సంశ్రితార్ధి కవిపండితగాయక చక్రవర్తి! దే
వా! గతి నీవె మాకు బసవా! బసవా! బసవా! వృషాధిపా!",vruttamu,Vrushadhipa,"[('శ్రీ', 'U'), ('గు', '|'), ('రు', '|'), ('లిం', 'U'), ('గ', '|'), ('మూ', 'U'), ('ర్తి', '|'), ('సు', '|'), ('వి', '|'), ('శే', 'U'), ('ష', '|'), ('మ', '|'), ('హో', 'U'), ('జ్జ్వ', '|'), ('ల', '|'), ('కీ', 'U'), ('ర్తి', '|'), ('స', 'U'), ('త్క్రి', '|'), ('యో', 'U'), ('ద్యో', 'U'), ('గ', '|'), ('క', '|'), ('ళా', 'U'), ('ప్ర', '|'), ('పూ', 'U'), ('ర్తి', '|'), ('య', '|'), ('వ', '|'), ('ధూ', 'U'), ('త', '|'), ('పు', '|'), ('న', 'U'), ('ర్భ', '|'), ('వ', '|'), ('జా', 'U'), ('ర్తి', '|'), ('పా', 'U'), ('లి', '|'), ('తా', 'U'), ('భ్యా', 'U'), ('గ', '|'), ('త', '|'), ('సం', 'U'), ('శ్రి', '|'), ('తా', 'U'), ('ర్ధి', '|'), ('క', '|'), ('వి', '|'), ('పం', 'U'), ('డి', '|'), ('త', '|'), ('గా', 'U'), ('య', '|'), ('క', '|'), ('చ', '|'), ('క్ర', '|'), ('వ', 'U'), ('ర్తి', '|'), ('దే', 'U'), ('వా', 'U'), ('గ', '|'), ('తి', '|'), ('నీ', 'U'), ('వె', '|'), ('మా', 'U'), ('కు', '|'), ('బ', '|'), ('స', '|'), ('వా', 'U'), ('బ', '|'), ('స', '|'), ('వా', 'U'), ('బ', '|'), ('స', '|'), ('వా', 'U'), ('వృ', '|'), ('షా', 'U'), ('ధి', '|'), ('పా', 'U')]",0.9928571428571429,1.0,1.0,0.9642857142857143,1.0,1.0
champakamaala,"ప్రమథవిలోల! భక్తపరిపాల ధురంధరశీల! సంతతా
స్తమిత సమస్తదేహ గుణజాల! సుఖప్రదలీల! లింగ జం
గమ మహిమానుపాల! గతకాల సమంచిత నాదమూల! దే
వ మము భరింపుమయ్య బసవా! బసవా! బసవా! వృషాధిపా!	",vruttamu,Vrushadhipa,"[('ప్ర', '|'), ('మ', '|'), ('థ', '|'), ('వి', '|'), ('లో', 'U'), ('ల', '|'), ('భ', 'U'), ('క్త', '|'), ('ప', '|'), ('రి', '|'), ('పా', 'U'), ('ల', '|'), ('ధు', '|'), ('రం', 'U'), ('ధ', '|'), ('ర', '|'), ('శీ', 'U'), ('ల', '|'), ('సం', 'U'), ('త', '|'), ('తా', 'U'), ('స్త', '|'), ('మి', '|'), ('త', '|'), ('స', '|'), ('మ', 'U'), ('స్త', '|'), ('దే', 'U'), ('హ', '|'), ('గు', '|'), ('ణ', '|'), ('జా', 'U'), ('ల', '|'), ('సు', '|'), ('ఖ', '|'), ('ప్ర', '|'), ('ద', '|'), ('లీ', 'U'), ('ల', '|'), ('లిం', 'U'), ('గ', '|'), ('జం', 'U'), ('గ', '|'), ('మ', '|'), ('మ', '|'), ('హి', '|'), ('మా', 'U'), ('ను', '|'), ('పా', 'U'), ('ల', '|'), ('గ', '|'), ('త', '|'), ('కా', 'U'), ('ల', '|'), ('స', '|'), ('మం', 'U'), ('చి', '|'), ('త', '|'), ('నా', 'U'), ('ద', '|'), ('మూ', 'U'), ('ల', '|'), ('దే', 'U'), ('వ', '|'), ('మ', '|'), ('ము', '|'), ('భ', '|'), ('రిం', 'U'), ('పు', '|'), ('మ', 'U'), ('య్య', '|'), ('బ', '|'), ('స', '|'), ('వా', 'U'), ('బ', '|'), ('స', '|'), ('వా', 'U'), ('బ', '|'), ('స', '|'), ('వా', 'U'), ('వృ', '|'), ('షా', 'U'), ('ధి', '|'), ('పా', 'U')]",0.9928571428571429,1.0,1.0,0.9642857142857143,1.0,1.0
vutpalamaala,"అప్రతిమప్రతాప! సముదంచిత నాదకళాకలాప! దీ
ప్త ప్రమథస్వరూప! శివభక్తగణాత్మ గతప్రదీప! ధూ
త ప్రబలేక్షుచాప! విగతప్రకటాఖిలపాప లింగ త
త్త్వప్రద! నీవె దిక్కు బసవా! బసవా! బసవా! వృషాధిపా!",vruttamu,Vrushadhipa,"[('అ', '|'), ('ప్ర', '|'), ('తి', '|'), ('మ', '|'), ('ప్ర', '|'), ('తా', 'U'), ('ప', '|'), ('స', '|'), ('ము', '|'), ('దం', 'U'), ('చి', '|'), ('త', '|'), ('నా', 'U'), ('ద', '|'), ('క', '|'), ('ళా', 'U'), ('క', '|'), ('లా', 'U'), ('ప', '|'), ('దీ', 'U'), ('ప్త', '|'), ('ప్ర', '|'), ('మ', '|'), ('థ', 'U'), ('స్వ', '|'), ('రూ', 'U'), ('ప', '|'), ('శి', '|'), ('వ', '|'), ('భ', 'U'), ('క్త', '|'), ('గ', '|'), ('ణా', 'U'), ('త్మ', '|'), ('గ', '|'), ('త', '|'), ('ప్ర', '|'), ('దీ', 'U'), ('ప', '|'), ('ధూ', 'U'), ('త', '|'), ('ప్ర', '|'), ('బ', '|'), ('లే', 'U'), ('క్షు', '|'), ('చా', 'U'), ('ప', '|'), ('వి', '|'), ('గ', '|'), ('త', '|'), ('ప్ర', '|'), ('క', '|'), ('టా', 'U'), ('ఖి', '|'), ('ల', '|'), ('పా', 'U'), ('ప', '|'), ('లిం', 'U'), ('గ', '|'), ('త', 'U'), ('త్త్వ', '|'), ('ప్ర', '|'), ('ద', '|'), ('నీ', 'U'), ('వె', '|'), ('ది', 'U'), ('క్కు', '|'), ('బ', '|'), ('స', '|'), ('వా', 'U'), ('బ', '|'), ('స', '|'), ('వా', 'U'), ('బ', '|'), ('స', '|'), ('వా', 'U'), ('వృ', '|'), ('షా', 'U'), ('ధి', '|'), ('పా', 'U')]",0.9,1.0,1.0,0.75,0.75,1.0
vutpalamaala,"భక్తిరసాభిషిక్త! భవపాశవితాన విముక్త! జంగమా
సక్త! దయాభిషిక్త! తనుసంగతసౌఖ్యవిరక్త! సంతతో
ద్యుక్త గుణానురక్త! పరితోషితభక్త! శివైక్యయుక్త! ప్ర
వ్యక్తమ నీవె దిక్కు బసవా! బసవా! బసవా! వృషాధిపా!",vruttamu,Vrushadhipa,"[('భ', 'U'), ('క్తి', '|'), ('ర', '|'), ('సా', 'U'), ('భి', '|'), ('షి', 'U'), ('క్త', '|'), ('భ', '|'), ('వ', '|'), ('పా', 'U'), ('శ', '|'), ('వి', '|'), ('తా', 'U'), ('న', '|'), ('వి', '|'), ('ము', 'U'), ('క్త', '|'), ('జం', 'U'), ('గ', '|'), ('మా', 'U'), ('స', 'U'), ('క్త', '|'), ('ద', '|'), ('యా', 'U'), ('భి', '|'), ('షి', 'U'), ('క్త', '|'), ('త', '|'), ('ను', '|'), ('సం', 'U'), ('గ', '|'), ('త', '|'), ('సౌ', 'U'), ('ఖ్య', '|'), ('వి', '|'), ('ర', 'U'), ('క్త', '|'), ('సం', 'U'), ('త', '|'), ('తో', 'U'), ('ద్యు', 'U'), ('క్త', '|'), ('గు', '|'), ('ణా', 'U'), ('ను', '|'), ('ర', 'U'), ('క్త', '|'), ('ప', '|'), ('రి', '|'), ('తో', 'U'), ('షి', '|'), ('త', '|'), ('భ', 'U'), ('క్త', '|'), ('శి', '|'), ('వై', 'U'), ('క్య', '|'), ('యు', 'U'), ('క్త', '|'), ('ప్ర', 'U'), ('వ్య', 'U'), ('క్త', '|'), ('మ', '|'), ('నీ', 'U'), ('వె', '|'), ('ది', 'U'), ('క్కు', '|'), ('బ', '|'), ('స', '|'), ('వా', 'U'), ('బ', '|'), ('స', '|'), ('వా', 'U'), ('బ', '|'), ('స', '|'), ('వా', 'U'), ('వృ', '|'), ('షా', 'U'), ('ధి', '|'), ('పా', 'U')]",1.0,1.0,1.0,1.0,1.0,1.0
vutpalamaala,"శత్రు లతాలవిత్ర! గుణజైత్ర! భవాబ్ధివహిత్ర! జంగమ
క్షేత్రవిచిత్ర! సూత్ర బుధగీత చరిత్ర! శిలాదపుత్ర! స
త్పాత్ర! విశుద్ధగాత్ర! శివభక్తి కళత్ర! శరణ్యమయ్య! భా
స్వత్త్రిజగత్పవిత్ర బసవా! బసవా! బసవా! వృషాధిపా!",vruttamu,Vrushadhipa,"[('శ', '|'), ('త్రు', '|'), ('ల', '|'), ('తా', 'U'), ('ల', '|'), ('వి', '|'), ('త్ర', '|'), ('గు', '|'), ('ణ', '|'), ('జై', 'U'), ('త్ర', '|'), ('భ', '|'), ('వా', 'U'), ('బ్ధి', '|'), ('వ', '|'), ('హి', '|'), ('త్ర', '|'), ('జం', 'U'), ('గ', '|'), ('మ', 'U'), ('క్షే', 'U'), ('త్ర', '|'), ('వి', '|'), ('చి', '|'), ('త్ర', '|'), ('సూ', 'U'), ('త్ర', '|'), ('బు', '|'), ('ధ', '|'), ('గీ', 'U'), ('త', '|'), ('చ', '|'), ('రి', '|'), ('త్ర', '|'), ('శి', '|'), ('లా', 'U'), ('ద', '|'), ('పు', '|'), ('త్ర', '|'), ('స', 'U'), ('త్పా', 'U'), ('త్ర', '|'), ('వి', '|'), ('శు', 'U'), ('ద్ధ', '|'), ('గా', 'U'), ('త్ర', '|'), ('శి', '|'), ('వ', '|'), ('భ', 'U'), ('క్తి', '|'), ('క', '|'), ('ళ', '|'), ('త్ర', '|'), ('శ', '|'), ('ర', 'U'), ('ణ్య', '|'), ('మ', 'U'), ('య్య', '|'), ('భా', 'U'), ('స్వ', 'U'), ('త్త్రి', '|'), ('జ', '|'), ('గ', 'U'), ('త్ప', '|'), ('వి', '|'), ('త్ర', '|'), ('బ', '|'), ('స', '|'), ('వా', 'U'), ('బ', '|'), ('స', '|'), ('వా', 'U'), ('బ', '|'), ('స', '|'), ('వా', 'U'), ('వృ', '|'), ('షా', 'U'), ('ధి', '|'), ('పా', 'U')]",0.8928571428571429,1.0,1.0,0.7142857142857143,1.0,0.75
vutpalamaala,"త్ర్యక్షసదృక్ష! సంచితదయాక్ష! శివాత్మక దీక్ష! సత్ప్రసా
దాక్ష! ప్రతాప శిక్షిత మహాప్రతిపక్ష! మహోక్ష! భూరి క
ర్మక్షయదక్ష! జంగమ సమక్షమ భక్తిపరోక్ష! లింగ త
త్త్వక్షమ! నీవె దిక్కు బసవా! బసవా! బసవా! వృషాధిపా!",vruttamu,Vrushadhipa,"[('త్ర్య', 'U'), ('క్ష', '|'), ('స', '|'), ('దృ', 'U'), ('క్ష', '|'), ('సం', 'U'), ('చి', '|'), ('త', '|'), ('ద', '|'), ('యా', 'U'), ('క్ష', '|'), ('శి', '|'), ('వా', 'U'), ('త్మ', '|'), ('క', '|'), ('దీ', 'U'), ('క్ష', '|'), ('స', 'U'), ('త్ప్ర', '|'), ('సా', 'U'), ('దా', 'U'), ('క్ష', '|'), ('ప్ర', '|'), ('తా', 'U'), ('ప', '|'), ('శి', 'U'), ('క్షి', '|'), ('త', '|'), ('మ', '|'), ('హా', 'U'), ('ప్ర', '|'), ('తి', '|'), ('ప', 'U'), ('క్ష', '|'), ('మ', '|'), ('హో', 'U'), ('క్ష', '|'), ('భూ', 'U'), ('రి', '|'), ('క', 'U'), ('ర్మ', 'U'), ('క్ష', '|'), ('య', '|'), ('ద', 'U'), ('క్ష', '|'), ('జం', 'U'), ('గ', '|'), ('మ', '|'), ('స', '|'), ('మ', 'U'), ('క్ష', '|'), ('మ', '|'), ('భ', 'U'), ('క్తి', '|'), ('ప', '|'), ('రో', 'U'), ('క్ష', '|'), ('లిం', 'U'), ('గ', '|'), ('త', 'U'), ('త్త్వ', 'U'), ('క్ష', '|'), ('మ', '|'), ('నీ', 'U'), ('వె', '|'), ('ది', 'U'), ('క్కు', '|'), ('బ', '|'), ('స', '|'), ('వా', 'U'), ('బ', '|'), ('స', '|'), ('వా', 'U'), ('బ', '|'), ('స', '|'), ('వా', 'U'), ('వృ', '|'), ('షా', 'U'), ('ధి', '|'), ('పా', 'U')]",0.95,1.0,1.0,1.0,0.75,1.0
vutpalamaala,"అక్షయభక్తిపక్ష! బసవాక్షర పాఠక కల్పవృక్ష! రు
ద్రాక్ష విభూతిపక్ష! ఫలితార్థ ముముక్ష! శివప్రయుక్త ఫా
లాక్ష! కృపాసమంచిత కటాక్ష! శుభాశుభ పాశమోక్ష! త
త్త్వక్షమ! నీవె దిక్కు బసవా! బసవా! బసవా! వృషాధిపా!",vruttamu,Vrushadhipa,"[('అ', 'U'), ('క్ష', '|'), ('య', '|'), ('భ', 'U'), ('క్తి', '|'), ('ప', 'U'), ('క్ష', '|'), ('బ', '|'), ('స', '|'), ('వా', 'U'), ('క్ష', '|'), ('ర', '|'), ('పా', 'U'), ('ఠ', '|'), ('క', '|'), ('క', 'U'), ('ల్ప', '|'), ('వృ', 'U'), ('క్ష', '|'), ('రు', '|'), ('ద్రా', 'U'), ('క్ష', '|'), ('వి', '|'), ('భూ', 'U'), ('తి', '|'), ('ప', 'U'), ('క్ష', '|'), ('ఫ', '|'), ('లి', '|'), ('తా', 'U'), ('ర్థ', '|'), ('ము', '|'), ('ము', 'U'), ('క్ష', '|'), ('శి', '|'), ('వ', '|'), ('ప్ర', '|'), ('యు', 'U'), ('క్త', '|'), ('ఫా', 'U'), ('లా', 'U'), ('క్ష', '|'), ('కృ', '|'), ('పా', 'U'), ('స', '|'), ('మం', 'U'), ('చి', '|'), ('త', '|'), ('క', '|'), ('టా', 'U'), ('క్ష', '|'), ('శు', '|'), ('భా', 'U'), ('శు', '|'), ('భ', '|'), ('పా', 'U'), ('శ', '|'), ('మో', 'U'), ('క్ష', '|'), ('త', 'U'), ('త్త్వ', 'U'), ('క్ష', '|'), ('మ', '|'), ('నీ', 'U'), ('వె', '|'), ('ది', 'U'), ('క్కు', '|'), ('బ', '|'), ('స', '|'), ('వా', 'U'), ('బ', '|'), ('స', '|'), ('వా', 'U'), ('బ', '|'), ('స', '|'), ('వా', 'U'), ('వృ', '|'), ('షా', 'U'), ('ధి', '|'), ('పా', 'U')]",0.8857142857142858,1.0,1.0,0.9285714285714286,0.5,1.0
vutpalamaala,"ఆర్య వితానవర్య! భువనాదిక శౌర్య! యుదాత్త సత్పదా
చార్య! యవార్యవీర్య! బుధసన్నుతచర్య! విశేష భక్తి తా
త్పర్య! వివేకధుర్య! పరిపాలితతుర్య! శరణ్యమయ్య! దు
ర్వార్య యనూన ధైర్య! బసవా! బసవా! బసవా! వృషాధిపా!",vruttamu,Vrushadhipa,"[('ఆ', 'U'), ('ర్య', '|'), ('వి', '|'), ('తా', 'U'), ('న', '|'), ('వ', 'U'), ('ర్య', '|'), ('భు', '|'), ('వ', '|'), ('నా', 'U'), ('ది', '|'), ('క', '|'), ('శౌ', 'U'), ('ర్య', '|'), ('యు', '|'), ('దా', 'U'), ('త్త', '|'), ('స', 'U'), ('త్ప', '|'), ('దా', 'U'), ('చా', 'U'), ('ర్య', '|'), ('య', '|'), ('వా', 'U'), ('ర్య', '|'), ('వీ', 'U'), ('ర్య', '|'), ('బు', '|'), ('ధ', '|'), ('స', 'U'), ('న్ను', '|'), ('త', '|'), ('చ', 'U'), ('ర్య', '|'), ('వి', '|'), ('శే', 'U'), ('ష', '|'), ('భ', 'U'), ('క్తి', '|'), ('తా', 'U'), ('త్ప', 'U'), ('ర్య', '|'), ('వి', '|'), ('వే', 'U'), ('క', '|'), ('ధు', 'U'), ('ర్య', '|'), ('ప', '|'), ('రి', '|'), ('పా', 'U'), ('లి', '|'), ('త', '|'), ('తు', 'U'), ('ర్య', '|'), ('శ', '|'), ('ర', 'U'), ('ణ్య', '|'), ('మ', 'U'), ('య్య', '|'), ('దు', 'U'), ('ర్వా', 'U'), ('ర్య', '|'), ('య', '|'), ('నూ', 'U'), ('న', '|'), ('ధై', 'U'), ('ర్య', '|'), ('బ', '|'), ('స', '|'), ('వా', 'U'), ('బ', '|'), ('స', '|'), ('వా', 'U'), ('బ', '|'), ('స', '|'), ('వా', 'U'), ('వృ', '|'), ('షా', 'U'), ('ధి', '|'), ('పా', 'U')]",0.95,1.0,1.0,1.0,0.75,1.0
vutpalamaala,"తజ్ఞ! జితప్రతిజ్ఞ! యుచిత ప్రమథానుగతజ్ఞ! నమ్ర దై
వజ్ఞ! కళావిధిజ్ఞ! బలవచ్ఛివభక్తి మనోజ్ఞ! ధూతశా
స్త్రజ్ఞ! సువాదపూరిత రసజ్ఞ! తృణీకృత పంచయజ్ఞ! స
ర్వజ్ఞ! శరణ్యమయ్య బసవా! బసవా! బసవా! వృషాధిపా!",vruttamu,Vrushadhipa,"[('త', 'U'), ('జ్ఞ', '|'), ('జి', '|'), ('త', '|'), ('ప్ర', '|'), ('తి', 'U'), ('జ్ఞ', '|'), ('యు', '|'), ('చి', '|'), ('త', '|'), ('ప్ర', '|'), ('మ', '|'), ('థా', 'U'), ('ను', '|'), ('గ', '|'), ('త', 'U'), ('జ్ఞ', '|'), ('న', '|'), ('మ్ర', '|'), ('దై', 'U'), ('వ', 'U'), ('జ్ఞ', '|'), ('క', '|'), ('ళా', 'U'), ('వి', '|'), ('ధి', 'U'), ('జ్ఞ', '|'), ('బ', '|'), ('ల', '|'), ('వ', 'U'), ('చ్ఛి', '|'), ('వ', '|'), ('భ', 'U'), ('క్తి', '|'), ('మ', '|'), ('నో', 'U'), ('జ్ఞ', '|'), ('ధూ', 'U'), ('త', '|'), ('శా', 'U'), ('స్త్ర', 'U'), ('జ్ఞ', '|'), ('సు', '|'), ('వా', 'U'), ('ద', '|'), ('పూ', 'U'), ('రి', '|'), ('త', '|'), ('ర', '|'), ('స', 'U'), ('జ్ఞ', '|'), ('తృ', '|'), ('ణీ', 'U'), ('కృ', '|'), ('త', '|'), ('పం', 'U'), ('చ', '|'), ('య', 'U'), ('జ్ఞ', '|'), ('స', 'U'), ('ర్వ', 'U'), ('జ్ఞ', '|'), ('శ', '|'), ('ర', 'U'), ('ణ్య', '|'), ('మ', 'U'), ('య్య', '|'), ('బ', '|'), ('స', '|'), ('వా', 'U'), ('బ', '|'), ('స', '|'), ('వా', 'U'), ('బ', '|'), ('స', '|'), ('వా', 'U'), ('వృ', '|'), ('షా', 'U'), ('ధి', '|'), ('పా', 'U')]",0.9785714285714284,1.0,1.0,0.8928571428571429,1.0,1.0
vutpalamaala,"క్షీణజనప్రమాణ! యసికృత్త కుయంత్రక ఘోణ! జంగమ
ప్రాణ! వినిర్జిత ప్రసవబాణ! సమంచిత భక్తియోగ సం
త్రాణ! కళాప్రవీణ! శివధర్మ రహస్యధురీణ! దత్తని
ర్వాణ! శరణ్యమయ్య బసవా! బసవా! బసవా! వృషాధిపా!",vruttamu,Vrushadhipa,"[('క్షీ', 'U'), ('ణ', '|'), ('జ', '|'), ('న', '|'), ('ప్ర', '|'), ('మా', 'U'), ('ణ', '|'), ('య', '|'), ('సి', '|'), ('కృ', 'U'), ('త్త', '|'), ('కు', '|'), ('యం', 'U'), ('త్ర', '|'), ('క', '|'), ('ఘో', 'U'), ('ణ', '|'), ('జం', 'U'), ('గ', '|'), ('మ', '|'), ('ప్రా', 'U'), ('ణ', '|'), ('వి', '|'), ('ని', 'U'), ('ర్జి', '|'), ('త', '|'), ('ప్ర', '|'), ('స', '|'), ('వ', '|'), ('బా', 'U'), ('ణ', '|'), ('స', '|'), ('మం', 'U'), ('చి', '|'), ('త', '|'), ('భ', 'U'), ('క్తి', '|'), ('యో', 'U'), ('గ', '|'), ('సం', 'U'), ('త్రా', 'U'), ('ణ', '|'), ('క', '|'), ('ళా', 'U'), ('ప్ర', '|'), ('వీ', 'U'), ('ణ', '|'), ('శి', '|'), ('వ', '|'), ('ధ', 'U'), ('ర్మ', '|'), ('ర', '|'), ('హ', 'U'), ('స్య', '|'), ('ధు', '|'), ('రీ', 'U'), ('ణ', '|'), ('ద', 'U'), ('త్త', '|'), ('ని', 'U'), ('ర్వా', 'U'), ('ణ', '|'), ('శ', '|'), ('ర', 'U'), ('ణ్య', '|'), ('మ', 'U'), ('య్య', '|'), ('బ', '|'), ('స', '|'), ('వా', 'U'), ('బ', '|'), ('స', '|'), ('వా', 'U'), ('బ', '|'), ('స', '|'), ('వా', 'U'), ('వృ', '|'), ('షా', 'U'), ('ధి', '|'), ('పా', 'U')]",0.9285714285714285,1.0,1.0,0.8928571428571429,0.75,1.0
vutpalamaala,"గానరసప్రవీణ! గతకాల వితాన! సమస్త భక్తస
న్మాన! మహాకులీన! యసమాన చరాచర రూపభేద సం
ధాన! జితాభిమాన! తనుధర్మవిహీన! మహాప్రదాన! దే
వా ననుఁ గావుమయ్య బసవా! బసవా! బసవా! వృషాధిపా!",vruttamu,Vrushadhipa,"[('గా', 'U'), ('న', '|'), ('ర', '|'), ('స', '|'), ('ప్ర', '|'), ('వీ', 'U'), ('ణ', '|'), ('గ', '|'), ('త', '|'), ('కా', 'U'), ('ల', '|'), ('వి', '|'), ('తా', 'U'), ('న', '|'), ('స', '|'), ('మ', 'U'), ('స్త', '|'), ('భ', 'U'), ('క్త', '|'), ('స', 'U'), ('న్మా', 'U'), ('న', '|'), ('మ', '|'), ('హా', 'U'), ('కు', '|'), ('లీ', 'U'), ('న', '|'), ('య', '|'), ('స', '|'), ('మా', 'U'), ('న', '|'), ('చ', '|'), ('రా', 'U'), ('చ', '|'), ('ర', '|'), ('రూ', 'U'), ('ప', '|'), ('భే', 'U'), ('ద', '|'), ('సం', 'U'), ('ధా', 'U'), ('న', '|'), ('జి', '|'), ('తా', 'U'), ('భి', '|'), ('మా', 'U'), ('న', '|'), ('త', '|'), ('ను', '|'), ('ధ', 'U'), ('ర్మ', '|'), ('వి', '|'), ('హీ', 'U'), ('న', '|'), ('మ', '|'), ('హా', 'U'), ('ప్ర', '|'), ('దా', 'U'), ('న', '|'), ('దే', 'U'), ('వా', 'U'), ('న', '|'), ('ను', '|'), ('గా', 'U'), ('వు', '|'), ('మ', 'U'), ('య్య', '|'), ('బ', '|'), ('స', '|'), ('వా', 'U'), ('బ', '|'), ('స', '|'), ('వా', 'U'), ('బ', '|'), ('స', '|'), ('వా', 'U'), ('వృ', '|'), ('షా', 'U'), ('ధి', '|'), ('పా', 'U')]",0.9928571428571429,1.0,1.0,0.9642857142857143,1.0,1.0
vutpalamaala,"లింగమయాంతరంగ! గురులింగ పదాంబుజ భృంగ! సత్ప్రసా
దాంగ! కృపాపరిస్ఫురదపాంగ! విముక్త భుజంగ! జంగమో
త్తుంగ! జితాభిషంగ! గతదుష్కృత భంగ! మదీయలింగ! నీ
వంగడ మేఁ జుమయ్య బసవా! బసవా! బసవా! వృషాధిపా!",vruttamu,Vrushadhipa,"[('లిం', 'U'), ('గ', '|'), ('మ', '|'), ('యాం', 'U'), ('త', '|'), ('రం', 'U'), ('గ', '|'), ('గు', '|'), ('రు', '|'), ('లిం', 'U'), ('గ', '|'), ('ప', '|'), ('దాం', 'U'), ('బు', '|'), ('జ', '|'), ('భృం', 'U'), ('గ', '|'), ('స', 'U'), ('త్ప్ర', '|'), ('సా', 'U'), ('దాం', 'U'), ('గ', '|'), ('కృ', '|'), ('పా', 'U'), ('ప', '|'), ('రి', 'U'), ('స్ఫు', '|'), ('ర', '|'), ('ద', '|'), ('పాం', 'U'), ('గ', '|'), ('వి', '|'), ('ము', 'U'), ('క్త', '|'), ('భు', '|'), ('జం', 'U'), ('గ', '|'), ('జం', 'U'), ('గ', '|'), ('మో', 'U'), ('త్తుం', 'U'), ('గ', '|'), ('జి', '|'), ('తా', 'U'), ('భి', '|'), ('షం', 'U'), ('గ', '|'), ('గ', '|'), ('త', '|'), ('దు', 'U'), ('ష్కృ', '|'), ('త', '|'), ('భం', 'U'), ('గ', '|'), ('మ', '|'), ('దీ', 'U'), ('య', '|'), ('లిం', 'U'), ('గ', '|'), ('నీ', 'U'), ('వం', 'U'), ('గ', '|'), ('డ', '|'), ('మే', 'U'), ('జు', '|'), ('మ', 'U'), ('య్య', '|'), ('బ', '|'), ('స', '|'), ('వా', 'U'), ('బ', '|'), ('స', '|'), ('వా', 'U'), ('బ', '|'), ('స', '|'), ('వా', 'U'), ('వృ', '|'), ('షా', 'U'), ('ధి', '|'), ('పా', 'U')]",0.95,1.0,1.0,1.0,0.75,1.0
vutpalamaala,"ఉత్తమ భక్తివృత్త! భజనోత్సుకచిత్త! యుదాత్త చిత్సుఖా
యత్త! క్రియాప్రమత్త! నిఖిలాగమవేత్త! గుణోపయుక్త స
ద్వృత్త! ప్రసాద భోగ సముదీర్ణ విశేషసుఖప్రమత్త! భా
స్వత్తమ! నీవె దిక్కు బసవా! బసవా! బసవా! వృషాధిపా!",vruttamu,Vrushadhipa,"[('ఉ', 'U'), ('త్త', '|'), ('మ', '|'), ('భ', 'U'), ('క్తి', '|'), ('వృ', 'U'), ('త్త', '|'), ('భ', '|'), ('జ', '|'), ('నో', 'U'), ('త్సు', '|'), ('క', '|'), ('చి', 'U'), ('త్త', '|'), ('యు', '|'), ('దా', 'U'), ('త్త', '|'), ('చి', 'U'), ('త్సు', '|'), ('ఖా', 'U'), ('య', 'U'), ('త్త', '|'), ('క్రి', '|'), ('యా', 'U'), ('ప్ర', '|'), ('మ', 'U'), ('త్త', '|'), ('ని', '|'), ('ఖి', '|'), ('లా', 'U'), ('గ', '|'), ('మ', '|'), ('వే', 'U'), ('త్త', '|'), ('గు', '|'), ('ణో', 'U'), ('ప', '|'), ('యు', 'U'), ('క్త', '|'), ('స', 'U'), ('ద్వృ', 'U'), ('త్త', '|'), ('ప్ర', '|'), ('సా', 'U'), ('ద', '|'), ('భో', 'U'), ('గ', '|'), ('స', '|'), ('ము', '|'), ('దీ', 'U'), ('ర్ణ', '|'), ('వి', '|'), ('శే', 'U'), ('ష', '|'), ('సు', '|'), ('ఖ', '|'), ('ప్ర', '|'), ('మ', 'U'), ('త్త', '|'), ('భా', 'U'), ('స్వ', 'U'), ('త్త', '|'), ('మ', '|'), ('నీ', 'U'), ('వె', '|'), ('ది', 'U'), ('క్కు', '|'), ('బ', '|'), ('స', '|'), ('వా', 'U'), ('బ', '|'), ('స', '|'), ('వా', 'U'), ('బ', '|'), ('స', '|'), ('వా', 'U'), ('వృ', '|'), ('షా', 'U'), ('ధి', '|'), ('పా', 'U')]",0.8928571428571429,1.0,1.0,0.9642857142857143,0.5,1.0
vutpalamaala,"దేహజవైరివాహ! శివదీపితదేహ! సుఖప్రవాహ! ని
ర్మోహ! వినమ్ర సంయమిసమూహ! లసద్గుణగేహ! సంతతో
త్సాహ! నిరీహ! జంగమ వితానదయావిహితావగాహ! ని
ర్వాహమ నీవె దిక్కు బసవా! బసవా! బసవా! వృషాధిపా!",vruttamu,Vrushadhipa,"[('దే', 'U'), ('హ', '|'), ('జ', '|'), ('వై', 'U'), ('రి', '|'), ('వా', 'U'), ('హ', '|'), ('శి', '|'), ('వ', '|'), ('దీ', 'U'), ('పి', '|'), ('త', '|'), ('దే', 'U'), ('హ', '|'), ('సు', '|'), ('ఖ', '|'), ('ప్ర', '|'), ('వా', 'U'), ('హ', '|'), ('ని', 'U'), ('ర్మో', 'U'), ('హ', '|'), ('వి', '|'), ('న', '|'), ('మ్ర', '|'), ('సం', 'U'), ('య', '|'), ('మి', '|'), ('స', '|'), ('మూ', 'U'), ('హ', '|'), ('ల', '|'), ('స', 'U'), ('ద్గు', '|'), ('ణ', '|'), ('గే', 'U'), ('హ', '|'), ('సం', 'U'), ('త', '|'), ('తో', 'U'), ('త్సా', 'U'), ('హ', '|'), ('ని', '|'), ('రీ', 'U'), ('హ', '|'), ('జం', 'U'), ('గ', '|'), ('మ', '|'), ('వి', '|'), ('తా', 'U'), ('న', '|'), ('ద', '|'), ('యా', 'U'), ('వి', '|'), ('హి', '|'), ('తా', 'U'), ('వ', '|'), ('గా', 'U'), ('హ', '|'), ('ని', 'U'), ('ర్వా', 'U'), ('హ', '|'), ('మ', '|'), ('నీ', 'U'), ('వె', '|'), ('ది', 'U'), ('క్కు', '|'), ('బ', '|'), ('స', '|'), ('వా', 'U'), ('బ', '|'), ('స', '|'), ('వా', 'U'), ('బ', '|'), ('స', '|'), ('వా', 'U'), ('వృ', '|'), ('షా', 'U'), ('ధి', '|'), ('పా', 'U')]",0.9857142857142858,1.0,1.0,0.9285714285714286,1.0,1.0
vutpalamaala,"న్యాసఫలానివాస! దరహాస ముఖప్రతిభాస! దత్తకై
లాస! విశేష జంగమవిలాస! శివైక్య సమాస! నిర్జితా
యాస! సమస్త భక్తహృదయాంబుజ నిత్యనివాస! ధిక్కృత
వ్యాస! శరణ్యమయ్య బసవా! బసవా! బసవా! వృషాధిపా!",vruttamu,Vrushadhipa,"[('న్యా', 'U'), ('స', '|'), ('ఫ', '|'), ('లా', 'U'), ('ని', '|'), ('వా', 'U'), ('స', '|'), ('ద', '|'), ('ర', '|'), ('హా', 'U'), ('స', '|'), ('ము', '|'), ('ఖ', '|'), ('ప్ర', '|'), ('తి', '|'), ('భా', 'U'), ('స', '|'), ('ద', 'U'), ('త్త', '|'), ('కై', 'U'), ('లా', 'U'), ('స', '|'), ('వి', '|'), ('శే', 'U'), ('ష', '|'), ('జం', 'U'), ('గ', '|'), ('మ', '|'), ('వి', '|'), ('లా', 'U'), ('స', '|'), ('శి', '|'), ('వై', 'U'), ('క్య', '|'), ('స', '|'), ('మా', 'U'), ('స', '|'), ('ని', 'U'), ('ర్జి', '|'), ('తా', 'U'), ('యా', 'U'), ('స', '|'), ('స', '|'), ('మ', 'U'), ('స్త', '|'), ('భ', 'U'), ('క్త', '|'), ('హృ', '|'), ('ద', '|'), ('యాం', 'U'), ('బు', '|'), ('జ', '|'), ('ని', 'U'), ('త్య', '|'), ('ని', '|'), ('వా', 'U'), ('స', '|'), ('ధి', 'U'), ('క్కృ', '|'), ('త', 'U'), ('వ్యా', 'U'), ('స', '|'), ('శ', '|'), ('ర', 'U'), ('ణ్య', '|'), ('మ', 'U'), ('య్య', '|'), ('బ', '|'), ('స', '|'), ('వా', 'U'), ('బ', '|'), ('స', '|'), ('వా', 'U'), ('బ', '|'), ('స', '|'), ('వా', 'U'), ('వృ', '|'), ('షా', 'U'), ('ధి', '|'), ('పా', 'U')]",0.9928571428571429,1.0,1.0,0.9642857142857143,1.0,1.0
vutpalamaala,"రాగపరోపభోగ! గతరాగ! విధూతభవాదిరోగ! ని
ర్యాగ! మహానురాగ! బహిరంతర నిష్ఠితయోగ! సత్క్రియో
ద్యోగ! యకర్మయోగ! శివయోగ సమగ్ర సుఖాతిభోగ! దే
వా గతి నీవె మాకు బసవా! బసవా! బసవా! వృషాధిపా!",vruttamu,Vrushadhipa,"[('రా', 'U'), ('గ', '|'), ('ప', '|'), ('రో', 'U'), ('ప', '|'), ('భో', 'U'), ('గ', '|'), ('గ', '|'), ('త', '|'), ('రా', 'U'), ('గ', '|'), ('వి', '|'), ('ధూ', 'U'), ('త', '|'), ('భ', '|'), ('వా', 'U'), ('ది', '|'), ('రో', 'U'), ('గ', '|'), ('ని', 'U'), ('ర్యా', 'U'), ('గ', '|'), ('మ', '|'), ('హా', 'U'), ('ను', '|'), ('రా', 'U'), ('గ', '|'), ('బ', '|'), ('హి', '|'), ('రం', 'U'), ('త', '|'), ('ర', '|'), ('ని', 'U'), ('ష్ఠి', '|'), ('త', '|'), ('యో', 'U'), ('గ', '|'), ('స', 'U'), ('త్క్రి', '|'), ('యో', 'U'), ('ద్యో', 'U'), ('గ', '|'), ('య', '|'), ('క', 'U'), ('ర్మ', '|'), ('యో', 'U'), ('గ', '|'), ('శి', '|'), ('వ', '|'), ('యో', 'U'), ('గ', '|'), ('స', '|'), ('మ', '|'), ('గ్ర', '|'), ('సు', '|'), ('ఖా', 'U'), ('తి', '|'), ('భో', 'U'), ('గ', '|'), ('దే', 'U'), ('వా', 'U'), ('గ', '|'), ('తి', '|'), ('నీ', 'U'), ('వె', '|'), ('మా', 'U'), ('కు', '|'), ('బ', '|'), ('స', '|'), ('వా', 'U'), ('బ', '|'), ('స', '|'), ('వా', 'U'), ('బ', '|'), ('స', '|'), ('వా', 'U'), ('వృ', '|'), ('షా', 'U'), ('ధి', '|'), ('పా', 'U')]",0.9928571428571429,1.0,1.0,0.9642857142857143,1.0,1.0
vutpalamaala,"శీలలతాలవాల! యవశిష్ట భవప్రతికూల! లాలితో
త్తాల గుణానుకూల! శివధర్మ మతప్రతిపాల! నిత్య స
ల్లీల యశోవిశాల! చరలింగ సుఖోదయకాల! జియ్య! దే
వా లలిఁ బ్రోవుమయ్య బసవా! బసవా! బసవా! వృషాధిపా!",vruttamu,Vrushadhipa,"[('శీ', 'U'), ('ల', '|'), ('ల', '|'), ('తా', 'U'), ('ల', '|'), ('వా', 'U'), ('ల', '|'), ('య', '|'), ('వ', '|'), ('శి', 'U'), ('ష్ట', '|'), ('భ', '|'), ('వ', '|'), ('ప్ర', '|'), ('తి', '|'), ('కూ', 'U'), ('ల', '|'), ('లా', 'U'), ('లి', '|'), ('తో', 'U'), ('త్తా', 'U'), ('ల', '|'), ('గు', '|'), ('ణా', 'U'), ('ను', '|'), ('కూ', 'U'), ('ల', '|'), ('శి', '|'), ('వ', '|'), ('ధ', 'U'), ('ర్మ', '|'), ('మ', '|'), ('త', '|'), ('ప్ర', '|'), ('తి', '|'), ('పా', 'U'), ('ల', '|'), ('ని', 'U'), ('త్య', '|'), ('స', 'U'), ('ల్లీ', 'U'), ('ల', '|'), ('య', '|'), ('శో', 'U'), ('వి', '|'), ('శా', 'U'), ('ల', '|'), ('చ', '|'), ('ర', '|'), ('లిం', 'U'), ('గ', '|'), ('సు', '|'), ('ఖో', 'U'), ('ద', '|'), ('య', '|'), ('కా', 'U'), ('ల', '|'), ('జి', 'U'), ('య్య', '|'), ('దే', 'U'), ('వా', 'U'), ('ల', '|'), ('లి', '|'), ('బ్రో', 'U'), ('వు', '|'), ('మ', 'U'), ('య్య', '|'), ('బ', '|'), ('స', '|'), ('వా', 'U'), ('బ', '|'), ('స', '|'), ('వా', 'U'), ('బ', '|'), ('స', '|'), ('వా', 'U'), ('వృ', '|'), ('షా', 'U'), ('ధి', '|'), ('పా', 'U')]",0.9857142857142858,1.0,1.0,0.9285714285714286,1.0,1.0
vutpalamaala,"కామితభక్తిభామ! గతకామ! మహాగణ సార్వభౌమ! ని
స్సీమ యశోభిరామ! సవిశేష విముక్తిలలామ! సద్గుణ
స్తోమ! శివైక్యదామ! సుఖదుఃఖ విరామ! ప్రమోదసీమ! దే
వా మముఁ గావుమయ్య బసవా! బసవా! బసవా! వృషాధిపా!",vruttamu,Vrushadhipa,"[('కా', 'U'), ('మి', '|'), ('త', '|'), ('భ', 'U'), ('క్తి', '|'), ('భా', 'U'), ('మ', '|'), ('గ', '|'), ('త', '|'), ('కా', 'U'), ('మ', '|'), ('మ', '|'), ('హా', 'U'), ('గ', '|'), ('ణ', '|'), ('సా', 'U'), ('ర్వ', '|'), ('భౌ', 'U'), ('మ', '|'), ('ని', 'U'), ('స్సీ', 'U'), ('మ', '|'), ('య', '|'), ('శో', 'U'), ('భి', '|'), ('రా', 'U'), ('మ', '|'), ('స', '|'), ('వి', '|'), ('శే', 'U'), ('ష', '|'), ('వి', '|'), ('ము', 'U'), ('క్తి', '|'), ('ల', '|'), ('లా', 'U'), ('మ', '|'), ('స', 'U'), ('ద్గు', '|'), ('ణ', 'U'), ('స్తో', 'U'), ('మ', '|'), ('శి', '|'), ('వై', 'U'), ('క్య', '|'), ('దా', 'U'), ('మ', '|'), ('సు', '|'), ('ఖ', '|'), ('దుః', 'U'), ('ఖ', '|'), ('వి', '|'), ('రా', 'U'), ('మ', '|'), ('ప్ర', '|'), ('మో', 'U'), ('ద', '|'), ('సీ', 'U'), ('మ', '|'), ('దే', 'U'), ('వా', 'U'), ('మ', '|'), ('ము', '|'), ('గా', 'U'), ('వు', '|'), ('మ', 'U'), ('య్య', '|'), ('బ', '|'), ('స', '|'), ('వా', 'U'), ('బ', '|'), ('స', '|'), ('వా', 'U'), ('బ', '|'), ('స', '|'), ('వా', 'U'), ('వృ', '|'), ('షా', 'U'), ('ధి', '|'), ('పా', 'U')]",1.0,1.0,1.0,1.0,1.0,1.0
vutpalamaala,"సాధిత జన్మబాధ! గతసర్వనిషేధ! హతాపరాధ దు
ర్బోధ కళావిరోధ! పరిపోషిత శాంభవవేధ! వర్జిత
క్రోధ! నిరాకృతాఖిల విరోధ! శివైక్య సుబోధ! యీ భవ
వ్యాధికి నీవె మందు బసవా! బసవా! బసవా! వృషాధిపా!",vruttamu,Vrushadhipa,"[('సా', 'U'), ('ధి', '|'), ('త', '|'), ('జ', 'U'), ('న్మ', '|'), ('బా', 'U'), ('ధ', '|'), ('గ', '|'), ('త', '|'), ('స', 'U'), ('ర్వ', '|'), ('ని', '|'), ('షే', 'U'), ('ధ', '|'), ('హ', '|'), ('తా', 'U'), ('ప', '|'), ('రా', 'U'), ('ధ', '|'), ('దు', 'U'), ('ర్బో', 'U'), ('ధ', '|'), ('క', '|'), ('ళా', 'U'), ('వి', '|'), ('రో', 'U'), ('ధ', '|'), ('ప', '|'), ('రి', '|'), ('పో', 'U'), ('షి', '|'), ('త', '|'), ('శాం', 'U'), ('భ', '|'), ('వ', '|'), ('వే', 'U'), ('ధ', '|'), ('వ', 'U'), ('ర్జి', '|'), ('త', '|'), ('క్రో', 'U'), ('ధ', '|'), ('ని', '|'), ('రా', 'U'), ('కృ', '|'), ('తా', 'U'), ('ఖి', '|'), ('ల', '|'), ('వి', '|'), ('రో', 'U'), ('ధ', '|'), ('శి', '|'), ('వై', 'U'), ('క్య', '|'), ('సు', '|'), ('బో', 'U'), ('ధ', '|'), ('యీ', 'U'), ('భ', '|'), ('వ', 'U'), ('వ్యా', 'U'), ('ధి', '|'), ('కి', '|'), ('నీ', 'U'), ('వె', '|'), ('మం', 'U'), ('దు', '|'), ('బ', '|'), ('స', '|'), ('వా', 'U'), ('బ', '|'), ('స', '|'), ('వా', 'U'), ('బ', '|'), ('స', '|'), ('వా', 'U'), ('వృ', '|'), ('షా', 'U'), ('ధి', '|'), ('పా', 'U')]",0.9928571428571429,1.0,1.0,0.9642857142857143,1.0,1.0
vutpalamaala,"శ్రీవిలసత్ప్రభావ! ప్రవిశిష్ట పరాజిత యన్యదైవ! స
ద్భావ! యుత స్వభావ! శివతత్త్వ విశిష్ట మహానుభావ! యం
హోవనదావ! పాలిత మహోద్ధతశైవ! విభుండవీవ దే
వా వరదానశీల బసవా! బసవా! బసవా! వృషాధిపా!",vruttamu,Vrushadhipa,"[('శ్రీ', 'U'), ('వి', '|'), ('ల', '|'), ('స', 'U'), ('త్ప్ర', '|'), ('భా', 'U'), ('వ', '|'), ('ప్ర', '|'), ('వి', '|'), ('శి', 'U'), ('ష్ట', '|'), ('ప', '|'), ('రా', 'U'), ('జి', '|'), ('త', '|'), ('య', 'U'), ('న్య', '|'), ('దై', 'U'), ('వ', '|'), ('స', 'U'), ('ద్భా', 'U'), ('వ', '|'), ('యు', '|'), ('త', 'U'), ('స్వ', '|'), ('భా', 'U'), ('వ', '|'), ('శి', '|'), ('వ', '|'), ('త', 'U'), ('త్త్వ', '|'), ('వి', '|'), ('శి', 'U'), ('ష్ట', '|'), ('మ', '|'), ('హా', 'U'), ('ను', '|'), ('భా', 'U'), ('వ', '|'), ('యం', 'U'), ('హో', 'U'), ('వ', '|'), ('న', '|'), ('దా', 'U'), ('వ', '|'), ('పా', 'U'), ('లి', '|'), ('త', '|'), ('మ', '|'), ('హో', 'U'), ('ద్ధ', '|'), ('త', '|'), ('శై', 'U'), ('వ', '|'), ('వి', '|'), ('భుం', 'U'), ('డ', '|'), ('వీ', 'U'), ('వ', '|'), ('దే', 'U'), ('వా', 'U'), ('వ', '|'), ('ర', '|'), ('దా', 'U'), ('న', '|'), ('శీ', 'U'), ('ల', '|'), ('బ', '|'), ('స', '|'), ('వా', 'U'), ('బ', '|'), ('స', '|'), ('వా', 'U'), ('బ', '|'), ('స', '|'), ('వా', 'U'), ('వృ', '|'), ('షా', 'U'), ('ధి', '|'), ('పా', 'U')]",1.0,1.0,1.0,1.0,1.0,1.0
vutpalamaala,"ఆద్య! సమర్పితాఖిల పురాతనభక్తగణానువేద్య! సం
పాద్య! గుణానవద్య! యనుభావశివాంకిత గద్యపద్య! ని
ర్భేద్య! గణైకవేద్య యురరీకృతవాద్య! భవాదిరోగ స
ద్వైద్య! శరణ్యమయ్య బసవా! బసవా! బసవా! వృషాధిపా!",vruttamu,Vrushadhipa,"[('ఆ', 'U'), ('ద్య', '|'), ('స', '|'), ('మ', 'U'), ('ర్పి', '|'), ('తా', 'U'), ('ఖి', '|'), ('ల', '|'), ('పు', '|'), ('రా', 'U'), ('త', '|'), ('న', '|'), ('భ', 'U'), ('క్త', '|'), ('గ', '|'), ('ణా', 'U'), ('ను', '|'), ('వే', 'U'), ('ద్య', '|'), ('సం', 'U'), ('పా', 'U'), ('ద్య', '|'), ('గు', '|'), ('ణా', 'U'), ('న', '|'), ('వ', 'U'), ('ద్య', '|'), ('య', '|'), ('ను', '|'), ('భా', 'U'), ('వ', '|'), ('శి', '|'), ('వాం', 'U'), ('కి', '|'), ('త', '|'), ('గ', 'U'), ('ద్య', '|'), ('ప', 'U'), ('ద్య', '|'), ('ని', 'U'), ('ర్భే', 'U'), ('ద్య', '|'), ('గ', '|'), ('ణై', 'U'), ('క', '|'), ('వే', 'U'), ('ద్య', '|'), ('యు', '|'), ('ర', '|'), ('రీ', 'U'), ('కృ', '|'), ('త', '|'), ('వా', 'U'), ('ద్య', '|'), ('భ', '|'), ('వా', 'U'), ('ది', '|'), ('రో', 'U'), ('గ', '|'), ('స', 'U'), ('ద్వై', 'U'), ('ద్య', '|'), ('శ', '|'), ('ర', 'U'), ('ణ్య', '|'), ('మ', 'U'), ('య్య', '|'), ('బ', '|'), ('స', '|'), ('వా', 'U'), ('బ', '|'), ('స', '|'), ('వా', 'U'), ('బ', '|'), ('స', '|'), ('వా', 'U'), ('వృ', '|'), ('షా', 'U'), ('ధి', '|'), ('పా', 'U')]",0.95,1.0,1.0,1.0,0.75,1.0
vutpalamaala,"నాద కళావినోద! యభినందిత వేదహృతాపవాద! సం
పాదితభక్తిమోద! బుధవందితపాద! చిరప్రమోదనా
స్వాదిత సుప్రసాద! యవిషాదశిలాద సుతావిభేద! దే
వా దయఁ జూడుమయ్య బసవా! బసవా! బసవా! వృషాధిపా!	",vruttamu,Vrushadhipa,"[('నా', 'U'), ('ద', '|'), ('క', '|'), ('ళా', 'U'), ('వి', '|'), ('నో', 'U'), ('ద', '|'), ('య', '|'), ('భి', '|'), ('నం', 'U'), ('ది', '|'), ('త', '|'), ('వే', 'U'), ('ద', '|'), ('హృ', '|'), ('తా', 'U'), ('ప', '|'), ('వా', 'U'), ('ద', '|'), ('సం', 'U'), ('పా', 'U'), ('ది', '|'), ('త', '|'), ('భ', 'U'), ('క్తి', '|'), ('మో', 'U'), ('ద', '|'), ('బు', '|'), ('ధ', '|'), ('వం', 'U'), ('ది', '|'), ('త', '|'), ('పా', 'U'), ('ద', '|'), ('చి', '|'), ('ర', '|'), ('ప్ర', '|'), ('మో', 'U'), ('ద', '|'), ('నా', 'U'), ('స్వా', 'U'), ('ది', '|'), ('త', '|'), ('సు', '|'), ('ప్ర', '|'), ('సా', 'U'), ('ద', '|'), ('య', '|'), ('వి', '|'), ('షా', 'U'), ('ద', '|'), ('శి', '|'), ('లా', 'U'), ('ద', '|'), ('సు', '|'), ('తా', 'U'), ('వి', '|'), ('భే', 'U'), ('ద', '|'), ('దే', 'U'), ('వా', 'U'), ('ద', '|'), ('య', '|'), ('జూ', 'U'), ('డు', '|'), ('మ', 'U'), ('య్య', '|'), ('బ', '|'), ('స', '|'), ('వా', 'U'), ('బ', '|'), ('స', '|'), ('వా', 'U'), ('బ', '|'), ('స', '|'), ('వా', 'U'), ('వృ', '|'), ('షా', 'U'), ('ధి', '|'), ('పా', 'U')]",0.9357142857142857,1.0,1.0,0.9285714285714286,0.75,1.0
vutpalamaala,"కాయ గుణావిధేయ! జితకాయ! వినమ్ర జగన్నికాయ! యా
మ్నాయవచోప్రమేయ! యసమాన సమంచితగేయ! భక్తి ధౌ
రేయ! సదానపాయ! సుచరిత్రసహాయ! జితాంతకాయ! దే
వా యొడయండ వీవ బసవా! బసవా! బసవా! వృషాధిపా!",vruttamu,Vrushadhipa,"[('కా', 'U'), ('య', '|'), ('గు', '|'), ('ణా', 'U'), ('వి', '|'), ('ధే', 'U'), ('య', '|'), ('జి', '|'), ('త', '|'), ('కా', 'U'), ('య', '|'), ('వి', '|'), ('న', '|'), ('మ్ర', '|'), ('జ', '|'), ('గ', 'U'), ('న్ని', '|'), ('కా', 'U'), ('య', '|'), ('యా', 'U'), ('మ్నా', 'U'), ('య', '|'), ('వ', '|'), ('చో', 'U'), ('ప్ర', '|'), ('మే', 'U'), ('య', '|'), ('య', '|'), ('స', '|'), ('మా', 'U'), ('న', '|'), ('స', '|'), ('మం', 'U'), ('చి', '|'), ('త', '|'), ('గే', 'U'), ('య', '|'), ('భ', 'U'), ('క్తి', '|'), ('ధౌ', 'U'), ('రే', 'U'), ('య', '|'), ('స', '|'), ('దా', 'U'), ('న', '|'), ('పా', 'U'), ('య', '|'), ('సు', '|'), ('చ', '|'), ('రి', '|'), ('త్ర', '|'), ('స', '|'), ('హా', 'U'), ('య', '|'), ('జి', '|'), ('తాం', 'U'), ('త', '|'), ('కా', 'U'), ('య', '|'), ('దే', 'U'), ('వా', 'U'), ('యొ', '|'), ('డ', '|'), ('యం', 'U'), ('డ', '|'), ('వీ', 'U'), ('వ', '|'), ('బ', '|'), ('స', '|'), ('వా', 'U'), ('బ', '|'), ('స', '|'), ('వా', 'U'), ('బ', '|'), ('స', '|'), ('వా', 'U'), ('వృ', '|'), ('షా', 'U'), ('ధి', '|'), ('పా', 'U')]",0.9857142857142858,1.0,1.0,0.9285714285714286,1.0,1.0
vutpalamaala,"స్వీకృత భక్తలోక! యవశీకృత కర్కశవావదూక! యూ
రీకృత సద్వివేక! యురరీకృత జంగమభక్తి శూక! దూ
రీకృత దుష్టపాక! యధరీకృత వేద విరుద్ధబౌద్ధ చా
ర్వాక! శరణ్యమయ్య బసవా! బసవా! బసవా! వృషాధిపా!",vruttamu,Vrushadhipa,"[('స్వీ', 'U'), ('కృ', '|'), ('త', '|'), ('భ', 'U'), ('క్త', '|'), ('లో', 'U'), ('క', '|'), ('య', '|'), ('వ', '|'), ('శీ', 'U'), ('కృ', '|'), ('త', '|'), ('క', 'U'), ('ర్క', '|'), ('శ', '|'), ('వా', 'U'), ('వ', '|'), ('దూ', 'U'), ('క', '|'), ('యూ', 'U'), ('రీ', 'U'), ('కృ', '|'), ('త', '|'), ('స', 'U'), ('ద్వి', '|'), ('వే', 'U'), ('క', '|'), ('యు', '|'), ('ర', '|'), ('రీ', 'U'), ('కృ', '|'), ('త', '|'), ('జం', 'U'), ('గ', '|'), ('మ', '|'), ('భ', 'U'), ('క్తి', '|'), ('శూ', 'U'), ('క', '|'), ('దూ', 'U'), ('రీ', 'U'), ('కృ', '|'), ('త', '|'), ('దు', 'U'), ('ష్ట', '|'), ('పా', 'U'), ('క', '|'), ('య', '|'), ('ధ', '|'), ('రీ', 'U'), ('కృ', '|'), ('త', '|'), ('వే', 'U'), ('ద', '|'), ('వి', '|'), ('రు', 'U'), ('ద్ధ', '|'), ('బౌ', 'U'), ('ద్ధ', '|'), ('చా', 'U'), ('ర్వా', 'U'), ('క', '|'), ('శ', '|'), ('ర', 'U'), ('ణ్య', '|'), ('మ', 'U'), ('య్య', '|'), ('బ', '|'), ('స', '|'), ('వా', 'U'), ('బ', '|'), ('స', '|'), ('వా', 'U'), ('బ', '|'), ('స', '|'), ('వా', 'U'), ('వృ', '|'), ('షా', 'U'), ('ధి', '|'), ('పా', 'U')]",1.0,1.0,1.0,1.0,1.0,1.0
vutpalamaala,"నిత్య యుదాత్తసత్య! యతినిశ్చల జంగమ భృత్య! సజ్జన
స్తుత్య! కృపాకటాక్ష పరిశోభితచైత్య! మహిష్ఠ భక్తి సం
గత్యభిరామ సత్య! గురుకార్య పరాయణకృత్య! వర్జిత
వ్రాత్య! శరణ్యమయ్య బసవా! బసవా! బసవా! వృషాధిపా!",vruttamu,Vrushadhipa,"[('ని', 'U'), ('త్య', '|'), ('యు', '|'), ('దా', 'U'), ('త్త', '|'), ('స', 'U'), ('త్య', '|'), ('య', '|'), ('తి', '|'), ('ని', 'U'), ('శ్చ', '|'), ('ల', '|'), ('జం', 'U'), ('గ', '|'), ('మ', '|'), ('భృ', 'U'), ('త్య', '|'), ('స', 'U'), ('జ్జ', '|'), ('న', 'U'), ('స్తు', 'U'), ('త్య', '|'), ('కృ', '|'), ('పా', 'U'), ('క', '|'), ('టా', 'U'), ('క్ష', '|'), ('ప', '|'), ('రి', '|'), ('శో', 'U'), ('భి', '|'), ('త', '|'), ('చై', 'U'), ('త్య', '|'), ('మ', '|'), ('హి', 'U'), ('ష్ఠ', '|'), ('భ', 'U'), ('క్తి', '|'), ('సం', 'U'), ('గ', 'U'), ('త్య', '|'), ('భి', '|'), ('రా', 'U'), ('మ', '|'), ('స', 'U'), ('త్య', '|'), ('గు', '|'), ('రు', '|'), ('కా', 'U'), ('ర్య', '|'), ('ప', '|'), ('రా', 'U'), ('య', '|'), ('ణ', '|'), ('కృ', 'U'), ('త్య', '|'), ('వ', 'U'), ('ర్జి', '|'), ('త', '|'), ('వ్రా', 'U'), ('త్య', '|'), ('శ', '|'), ('ర', 'U'), ('ణ్య', '|'), ('మ', 'U'), ('య్య', '|'), ('బ', '|'), ('స', '|'), ('వా', 'U'), ('బ', '|'), ('స', '|'), ('వా', 'U'), ('బ', '|'), ('స', '|'), ('వా', 'U'), ('వృ', '|'), ('షా', 'U'), ('ధి', '|'), ('పా', 'U')]",0.9928571428571429,1.0,1.0,0.9642857142857143,1.0,1.0
vutpalamaala,"ధన్య మహావదాన్య! గతదైన్య! విధూత జఘన్య! భక్తిచై
తన్య! గుణైక్యమాన్య! హతదర్పక సైన్య! నిరస్త మాతృకా
స్తన్య! జితారిఘోరభవజన్య! శరణ్యము చిత్సుఖాత్మ భా
వన్య! శరణ్యమయ్య బసవా! బసవా! బసవా! వృషాధిపా!",vruttamu,Vrushadhipa,"[('ధ', 'U'), ('న్య', '|'), ('మ', '|'), ('హా', 'U'), ('వ', '|'), ('దా', 'U'), ('న్య', '|'), ('గ', '|'), ('త', '|'), ('దై', 'U'), ('న్య', '|'), ('వి', '|'), ('ధూ', 'U'), ('త', '|'), ('జ', '|'), ('ఘ', 'U'), ('న్య', '|'), ('భ', 'U'), ('క్తి', '|'), ('చై', 'U'), ('త', 'U'), ('న్య', '|'), ('గు', '|'), ('ణై', 'U'), ('క్య', '|'), ('మా', 'U'), ('న్య', '|'), ('హ', '|'), ('త', '|'), ('ద', 'U'), ('ర్ప', '|'), ('క', '|'), ('సై', 'U'), ('న్య', '|'), ('ని', '|'), ('ర', 'U'), ('స్త', '|'), ('మా', 'U'), ('తృ', '|'), ('కా', 'U'), ('స్త', 'U'), ('న్య', '|'), ('జి', '|'), ('తా', 'U'), ('రి', '|'), ('ఘో', 'U'), ('ర', '|'), ('భ', '|'), ('వ', '|'), ('జ', 'U'), ('న్య', '|'), ('శ', '|'), ('ర', 'U'), ('ణ్య', '|'), ('ము', '|'), ('చి', 'U'), ('త్సు', '|'), ('ఖా', 'U'), ('త్మ', '|'), ('భా', 'U'), ('వ', 'U'), ('న్య', '|'), ('శ', '|'), ('ర', 'U'), ('ణ్య', '|'), ('మ', 'U'), ('య్య', '|'), ('బ', '|'), ('స', '|'), ('వా', 'U'), ('బ', '|'), ('స', '|'), ('వా', 'U'), ('బ', '|'), ('స', '|'), ('వా', 'U'), ('వృ', '|'), ('షా', 'U'), ('ధి', '|'), ('పా', 'U')]",1.0,1.0,1.0,1.0,1.0,1.0
vutpalamaala,"చర్వితశృంగిగర్వ! గుణసంపద ఖర్వ! యపూర్వగీతగాం
ధర్వ! దిగంతపూర్ణ సముదాత్త యశః కృతకర్ణపర్వ! యం
తర్వినివిష్టశర్వ! విదితస్ఫురణాంచిత దర్వ! కావుమో
పర్వఘనప్రసాద బసవా! బసవా! బసవా! వృషాధిపా!",vruttamu,Vrushadhipa,"[('చ', 'U'), ('ర్వి', '|'), ('త', '|'), ('శృం', 'U'), ('గి', '|'), ('గ', 'U'), ('ర్వ', '|'), ('గు', '|'), ('ణ', '|'), ('సం', 'U'), ('ప', '|'), ('ద', '|'), ('ఖ', 'U'), ('ర్వ', '|'), ('య', '|'), ('పూ', 'U'), ('ర్వ', '|'), ('గీ', 'U'), ('త', '|'), ('గాం', 'U'), ('ధ', 'U'), ('ర్వ', '|'), ('ది', '|'), ('గం', 'U'), ('త', '|'), ('పూ', 'U'), ('ర్ణ', '|'), ('స', '|'), ('ము', '|'), ('దా', 'U'), ('త్త', '|'), ('య', '|'), ('శః', 'U'), ('కృ', '|'), ('త', '|'), ('క', 'U'), ('ర్ణ', '|'), ('ప', 'U'), ('ర్వ', '|'), ('యం', 'U'), ('త', 'U'), ('ర్వి', '|'), ('ని', '|'), ('వి', 'U'), ('ష్ట', '|'), ('శ', 'U'), ('ర్వ', '|'), ('వి', '|'), ('ది', '|'), ('త', 'U'), ('స్ఫు', '|'), ('ర', '|'), ('ణాం', 'U'), ('చి', '|'), ('త', '|'), ('ద', 'U'), ('ర్వ', '|'), ('కా', 'U'), ('వు', '|'), ('మో', 'U'), ('ప', 'U'), ('ర్వ', '|'), ('ఘ', '|'), ('న', '|'), ('ప్ర', '|'), ('సా', 'U'), ('ద', '|'), ('బ', '|'), ('స', '|'), ('వా', 'U'), ('బ', '|'), ('స', '|'), ('వా', 'U'), ('బ', '|'), ('స', '|'), ('వా', 'U'), ('వృ', '|'), ('షా', 'U'), ('ధి', '|'), ('పా', 'U')]",0.9428571428571428,1.0,1.0,0.9642857142857143,0.75,1.0
vutpalamaala,"ఖ్యాత దయాభిజాత! విపదంబుధిపోత! యజాతతత్త్వ ని
ర్ణేత! వినేత భక్తిపరిణేత! మనోరథదాత! జంగమ
స్తోత! ముముక్షుగీత పరిశోభిత నీతిసమేత! సద్గుణ
వ్రాత శరణ్యమయ్య బసవా! బసవా! బసవా! వృషాధిపా!",vruttamu,Vrushadhipa,"[('ఖ్యా', 'U'), ('త', '|'), ('ద', '|'), ('యా', 'U'), ('భి', '|'), ('జా', 'U'), ('త', '|'), ('వి', '|'), ('ప', '|'), ('దం', 'U'), ('బు', '|'), ('ధి', '|'), ('పో', 'U'), ('త', '|'), ('య', '|'), ('జా', 'U'), ('త', '|'), ('త', 'U'), ('త్త్వ', '|'), ('ని', 'U'), ('ర్ణే', 'U'), ('త', '|'), ('వి', '|'), ('నే', 'U'), ('త', '|'), ('భ', 'U'), ('క్తి', '|'), ('ప', '|'), ('రి', '|'), ('ణే', 'U'), ('త', '|'), ('మ', '|'), ('నో', 'U'), ('ర', '|'), ('థ', '|'), ('దా', 'U'), ('త', '|'), ('జం', 'U'), ('గ', '|'), ('మ', 'U'), ('స్తో', 'U'), ('త', '|'), ('ము', '|'), ('ము', 'U'), ('క్షు', '|'), ('గీ', 'U'), ('త', '|'), ('ప', '|'), ('రి', '|'), ('శో', 'U'), ('భి', '|'), ('త', '|'), ('నీ', 'U'), ('తి', '|'), ('స', '|'), ('మే', 'U'), ('త', '|'), ('స', 'U'), ('ద్గు', '|'), ('ణ', '|'), ('వ్రా', 'U'), ('త', '|'), ('శ', '|'), ('ర', 'U'), ('ణ్య', '|'), ('మ', 'U'), ('య్య', '|'), ('బ', '|'), ('స', '|'), ('వా', 'U'), ('బ', '|'), ('స', '|'), ('వా', 'U'), ('బ', '|'), ('స', '|'), ('వా', 'U'), ('వృ', '|'), ('షా', 'U'), ('ధి', '|'), ('పా', 'U')]",0.9428571428571428,1.0,1.0,0.9642857142857143,0.75,1.0
vutpalamaala,"మారమదాపహార! సుకుమార శరీర! గణప్రసాద వి
స్తార! వృషావతార సముదార విహార! సమద్దయాపరి
ష్కార! శుభప్రకార! యవికార! మహా జగదేకవీర! దు
ర్వార శరణ్యమయ్య బసవా! బసవా! బసవా! వృషాధిపా!",vruttamu,Vrushadhipa,"[('మా', 'U'), ('ర', '|'), ('మ', '|'), ('దా', 'U'), ('ప', '|'), ('హా', 'U'), ('ర', '|'), ('సు', '|'), ('కు', '|'), ('మా', 'U'), ('ర', '|'), ('శ', '|'), ('రీ', 'U'), ('ర', '|'), ('గ', '|'), ('ణ', '|'), ('ప్ర', '|'), ('సా', 'U'), ('ద', '|'), ('వి', 'U'), ('స్తా', 'U'), ('ర', '|'), ('వృ', '|'), ('షా', 'U'), ('వ', '|'), ('తా', 'U'), ('ర', '|'), ('స', '|'), ('ము', '|'), ('దా', 'U'), ('ర', '|'), ('వి', '|'), ('హా', 'U'), ('ర', '|'), ('స', '|'), ('మ', 'U'), ('ద్ద', '|'), ('యా', 'U'), ('ప', '|'), ('రి', 'U'), ('ష్కా', 'U'), ('ర', '|'), ('శు', '|'), ('భ', '|'), ('ప్ర', '|'), ('కా', 'U'), ('ర', '|'), ('య', '|'), ('వి', '|'), ('కా', 'U'), ('ర', '|'), ('మ', '|'), ('హా', 'U'), ('జ', '|'), ('గ', '|'), ('దే', 'U'), ('క', '|'), ('వీ', 'U'), ('ర', '|'), ('దు', 'U'), ('ర్వా', 'U'), ('ర', '|'), ('శ', '|'), ('ర', 'U'), ('ణ్య', '|'), ('మ', 'U'), ('య్య', '|'), ('బ', '|'), ('స', '|'), ('వా', 'U'), ('బ', '|'), ('స', '|'), ('వా', 'U'), ('బ', '|'), ('స', '|'), ('వా', 'U'), ('వృ', '|'), ('షా', 'U'), ('ధి', '|'), ('పా', 'U')]",0.9857142857142858,1.0,1.0,0.9285714285714286,1.0,1.0
vutpalamaala,"దేశిక జన్మదేశ! యవిదేశ యనావృతపాశ! సంహృత
క్లేశ! మహాప్రకాశ! కృత కిల్బిషనాశ! దయానివేశ! నం
దీశనికాశ! జంగమ సమీహితకారి గుణావకాశ! దే
వా శరణీయవయ్య బసవా! బసవా! బసవా! వృషాధిపా!",vruttamu,Vrushadhipa,"[('దే', 'U'), ('శి', '|'), ('క', '|'), ('జ', 'U'), ('న్మ', '|'), ('దే', 'U'), ('శ', '|'), ('య', '|'), ('వి', '|'), ('దే', 'U'), ('శ', '|'), ('య', '|'), ('నా', 'U'), ('వృ', '|'), ('త', '|'), ('పా', 'U'), ('శ', '|'), ('సం', 'U'), ('హృ', '|'), ('త', 'U'), ('క్లే', 'U'), ('శ', '|'), ('మ', '|'), ('హా', 'U'), ('ప్ర', '|'), ('కా', 'U'), ('శ', '|'), ('కృ', '|'), ('త', '|'), ('కి', 'U'), ('ల్బి', '|'), ('ష', '|'), ('నా', 'U'), ('శ', '|'), ('ద', '|'), ('యా', 'U'), ('ని', '|'), ('వే', 'U'), ('శ', '|'), ('నం', 'U'), ('దీ', 'U'), ('శ', '|'), ('ని', '|'), ('కా', 'U'), ('శ', '|'), ('జం', 'U'), ('గ', '|'), ('మ', '|'), ('స', '|'), ('మీ', 'U'), ('హి', '|'), ('త', '|'), ('కా', 'U'), ('రి', '|'), ('గు', '|'), ('ణా', 'U'), ('వ', '|'), ('కా', 'U'), ('శ', '|'), ('దే', 'U'), ('వా', 'U'), ('శ', '|'), ('ర', '|'), ('ణీ', 'U'), ('య', '|'), ('వ', 'U'), ('య్య', '|'), ('బ', '|'), ('స', '|'), ('వా', 'U'), ('బ', '|'), ('స', '|'), ('వా', 'U'), ('బ', '|'), ('స', '|'), ('వా', 'U'), ('వృ', '|'), ('షా', 'U'), ('ధి', '|'), ('పా', 'U')]",0.95,1.0,1.0,1.0,0.75,1.0
vutpalamaala,"ఉద్ధతభక్తవృద్ధ! వినుతోత్తమ సిద్ధపరీత జంగమ
శ్రద్ధ! సదాత్మశుద్ధ! గుణరాజిసమృద్ధ! విముక్తపాశస
న్నద్ధ! మహాప్రసిద్ధ యగుణ త్రయబద్ధ! శరణ్యమయ్య! భా
స్వద్ధత చిత్ప్రబుద్ధ! బసవా! బసవా! బసవా! వృషాధిపా!",vruttamu,Vrushadhipa,"[('ఉ', 'U'), ('ద్ధ', '|'), ('త', '|'), ('భ', 'U'), ('క్త', '|'), ('వృ', 'U'), ('ద్ధ', '|'), ('వి', '|'), ('ను', '|'), ('తో', 'U'), ('త్త', '|'), ('మ', '|'), ('సి', 'U'), ('ద్ధ', '|'), ('ప', '|'), ('రీ', 'U'), ('త', '|'), ('జం', 'U'), ('గ', '|'), ('మ', '|'), ('శ్ర', 'U'), ('ద్ధ', '|'), ('స', '|'), ('దా', 'U'), ('త్మ', '|'), ('శు', 'U'), ('ద్ధ', '|'), ('గు', '|'), ('ణ', '|'), ('రా', 'U'), ('జి', '|'), ('స', '|'), ('మృ', 'U'), ('ద్ధ', '|'), ('వి', '|'), ('ము', 'U'), ('క్త', '|'), ('పా', 'U'), ('శ', '|'), ('స', 'U'), ('న్న', 'U'), ('ద్ధ', '|'), ('మ', '|'), ('హా', 'U'), ('ప్ర', '|'), ('సి', 'U'), ('ద్ధ', '|'), ('య', '|'), ('గు', '|'), ('ణ', '|'), ('త్ర', '|'), ('య', '|'), ('బ', 'U'), ('ద్ధ', '|'), ('శ', '|'), ('ర', 'U'), ('ణ్య', '|'), ('మ', 'U'), ('య్య', '|'), ('భా', 'U'), ('స్వ', 'U'), ('ద్ధ', '|'), ('త', '|'), ('చి', 'U'), ('త్ప్ర', '|'), ('బు', 'U'), ('ద్ధ', '|'), ('బ', '|'), ('స', '|'), ('వా', 'U'), ('బ', '|'), ('స', '|'), ('వా', 'U'), ('బ', '|'), ('స', '|'), ('వా', 'U'), ('వృ', '|'), ('షా', 'U'), ('ధి', '|'), ('పా', 'U')]",0.9357142857142857,1.0,1.0,0.9285714285714286,0.75,1.0
vutpalamaala,"నందితభక్తబృంద! యవినాశిరదాంశు ముఖారవింద! సా
నంద వినీతికంద! కరుణామకరంద! రసోపలాలిత
స్కంద! యుదాత్త భక్తి తరుకంద! యశోజితకుంద! నాకరా
డ్వందిత! నీవె దిక్కు బసవా! బసవా! బసవా! వృషాధిపా!",vruttamu,Vrushadhipa,"[('నం', 'U'), ('ది', '|'), ('త', '|'), ('భ', 'U'), ('క్త', '|'), ('బృం', 'U'), ('ద', '|'), ('య', '|'), ('వి', '|'), ('నా', 'U'), ('శి', '|'), ('ర', '|'), ('దాం', 'U'), ('శు', '|'), ('ము', '|'), ('ఖా', 'U'), ('ర', '|'), ('విం', 'U'), ('ద', '|'), ('సా', 'U'), ('నం', 'U'), ('ద', '|'), ('వి', '|'), ('నీ', 'U'), ('తి', '|'), ('కం', 'U'), ('ద', '|'), ('క', '|'), ('రు', '|'), ('ణా', 'U'), ('మ', '|'), ('క', '|'), ('రం', 'U'), ('ద', '|'), ('ర', '|'), ('సో', 'U'), ('ప', '|'), ('లా', 'U'), ('లి', '|'), ('త', 'U'), ('స్కం', 'U'), ('ద', '|'), ('యు', '|'), ('దా', 'U'), ('త్త', '|'), ('భ', 'U'), ('క్తి', '|'), ('త', '|'), ('రు', '|'), ('కం', 'U'), ('ద', '|'), ('య', '|'), ('శో', 'U'), ('జి', '|'), ('త', '|'), ('కుం', 'U'), ('ద', '|'), ('నా', 'U'), ('క', '|'), ('రా', 'U'), ('డ్వం', 'U'), ('ది', '|'), ('త', '|'), ('నీ', 'U'), ('వె', '|'), ('ది', 'U'), ('క్కు', '|'), ('బ', '|'), ('స', '|'), ('వా', 'U'), ('బ', '|'), ('స', '|'), ('వా', 'U'), ('బ', '|'), ('స', '|'), ('వా', 'U'), ('వృ', '|'), ('షా', 'U'), ('ధి', '|'), ('పా', 'U')]",1.0,1.0,1.0,1.0,1.0,1.0
vutpalamaala,"లౌల్యపరాయణాత్మ గుణలౌల్య! యమూల్య సదోపయుక్త ని
ర్మాల్య! వినీతికల్య! యసమానదయా రసకుల్య! నిత్యనై
ర్మల్య! యమూల్య! దుష్టజనమానసశల్య! పదాబ్జలబ్ధ కై
వల్య! శరణ్యమయ్య బసవా! బసవా! బసవా! వృషాధిపా!",vruttamu,Vrushadhipa,"[('లౌ', 'U'), ('ల్య', '|'), ('ప', '|'), ('రా', 'U'), ('య', '|'), ('ణా', 'U'), ('త్మ', '|'), ('గు', '|'), ('ణ', '|'), ('లౌ', 'U'), ('ల్య', '|'), ('య', '|'), ('మూ', 'U'), ('ల్య', '|'), ('స', '|'), ('దో', 'U'), ('ప', '|'), ('యు', 'U'), ('క్త', '|'), ('ని', 'U'), ('ర్మా', 'U'), ('ల్య', '|'), ('వి', '|'), ('నీ', 'U'), ('తి', '|'), ('క', 'U'), ('ల్య', '|'), ('య', '|'), ('స', '|'), ('మా', 'U'), ('న', '|'), ('ద', '|'), ('యా', 'U'), ('ర', '|'), ('స', '|'), ('కు', 'U'), ('ల్య', '|'), ('ని', 'U'), ('త్య', '|'), ('నై', 'U'), ('ర్మ', 'U'), ('ల్య', '|'), ('య', '|'), ('మూ', 'U'), ('ల్య', '|'), ('దు', 'U'), ('ష్ట', '|'), ('జ', '|'), ('న', '|'), ('మా', 'U'), ('న', '|'), ('స', '|'), ('శ', 'U'), ('ల్య', '|'), ('ప', '|'), ('దా', 'U'), ('బ్జ', '|'), ('ల', 'U'), ('బ్ధ', '|'), ('కై', 'U'), ('వ', 'U'), ('ల్య', '|'), ('శ', '|'), ('ర', 'U'), ('ణ్య', '|'), ('మ', 'U'), ('య్య', '|'), ('బ', '|'), ('స', '|'), ('వా', 'U'), ('బ', '|'), ('స', '|'), ('వా', 'U'), ('బ', '|'), ('స', '|'), ('వా', 'U'), ('వృ', '|'), ('షా', 'U'), ('ధి', '|'), ('పా', 'U')]",1.0,1.0,1.0,1.0,1.0,1.0
champakamaala,"గురుపద సద్మ సద్మ! యవికుంఠిత జంగమశీలఖేల! సు
స్థిర మృదుపాదమోద! సముదీర్ణ విశేషమహత్వ తత్త్వ! ని
ర్భర భుజశౌర్య ధుర్య! పరిరంభితభక్తి కళత్ర గోత్ర! మ
ద్వరద శరణ్యమయ్య బసవా! బసవా! బసవా! వృషాధిపా!",vruttamu,Vrushadhipa,"[('గు', '|'), ('రు', '|'), ('ప', '|'), ('ద', '|'), ('స', 'U'), ('ద్మ', '|'), ('స', 'U'), ('ద్మ', '|'), ('య', '|'), ('వి', '|'), ('కుం', 'U'), ('ఠి', '|'), ('త', '|'), ('జం', 'U'), ('గ', '|'), ('మ', '|'), ('శీ', 'U'), ('ల', '|'), ('ఖే', 'U'), ('ల', '|'), ('సు', 'U'), ('స్థి', '|'), ('ర', '|'), ('మృ', '|'), ('దు', '|'), ('పా', 'U'), ('ద', '|'), ('మో', 'U'), ('ద', '|'), ('స', '|'), ('ము', '|'), ('దీ', 'U'), ('ర్ణ', '|'), ('వి', '|'), ('శే', 'U'), ('ష', '|'), ('మ', '|'), ('హ', 'U'), ('త్వ', '|'), ('త', 'U'), ('త్త్వ', '|'), ('ని', 'U'), ('ర్భ', '|'), ('ర', '|'), ('భు', '|'), ('జ', '|'), ('శౌ', 'U'), ('ర్య', '|'), ('ధు', 'U'), ('ర్య', '|'), ('ప', '|'), ('రి', '|'), ('రం', 'U'), ('భి', '|'), ('త', '|'), ('భ', 'U'), ('క్తి', '|'), ('క', '|'), ('ళ', '|'), ('త్ర', '|'), ('గో', 'U'), ('త్ర', '|'), ('మ', 'U'), ('ద్వ', '|'), ('ర', '|'), ('ద', '|'), ('శ', '|'), ('ర', 'U'), ('ణ్య', '|'), ('మ', 'U'), ('య్య', '|'), ('బ', '|'), ('స', '|'), ('వా', 'U'), ('బ', '|'), ('స', '|'), ('వా', 'U'), ('బ', '|'), ('స', '|'), ('వా', 'U'), ('వృ', '|'), ('షా', 'U'), ('ధి', '|'), ('పా', 'U')]",0.9928571428571429,1.0,1.0,0.9642857142857143,1.0,1.0
champakamaala,"భువన హితార్థ తీర్థ! భవభూరుహ శాతకుఠారధార! గౌ
రవ సముదాత్తవృత్త! యనురాగ రసామృతసారపూర! శాం
భవమయ వేదబోధ! శివభక్తహృదబ్జ వికాసభాస! దే
వ వరద కావుమయ్య బసవా! బసవా! బసవా! వృషాధిపా!",vruttamu,Vrushadhipa,"[('భు', '|'), ('వ', '|'), ('న', '|'), ('హి', '|'), ('తా', 'U'), ('ర్థ', '|'), ('తీ', 'U'), ('ర్థ', '|'), ('భ', '|'), ('వ', '|'), ('భూ', 'U'), ('రు', '|'), ('హ', '|'), ('శా', 'U'), ('త', '|'), ('కు', '|'), ('ఠా', 'U'), ('ర', '|'), ('ధా', 'U'), ('ర', '|'), ('గౌ', 'U'), ('ర', '|'), ('వ', '|'), ('స', '|'), ('ము', '|'), ('దా', 'U'), ('త్త', '|'), ('వృ', 'U'), ('త్త', '|'), ('య', '|'), ('ను', '|'), ('రా', 'U'), ('గ', '|'), ('ర', '|'), ('సా', 'U'), ('మృ', '|'), ('త', '|'), ('సా', 'U'), ('ర', '|'), ('పూ', 'U'), ('ర', '|'), ('శాం', 'U'), ('భ', '|'), ('వ', '|'), ('మ', '|'), ('య', '|'), ('వే', 'U'), ('ద', '|'), ('బో', 'U'), ('ధ', '|'), ('శి', '|'), ('వ', '|'), ('భ', 'U'), ('క్త', '|'), ('హృ', '|'), ('ద', 'U'), ('బ్జ', '|'), ('వి', '|'), ('కా', 'U'), ('స', '|'), ('భా', 'U'), ('స', '|'), ('దే', 'U'), ('వ', '|'), ('వ', '|'), ('ర', '|'), ('ద', '|'), ('కా', 'U'), ('వు', '|'), ('మ', 'U'), ('య్య', '|'), ('బ', '|'), ('స', '|'), ('వా', 'U'), ('బ', '|'), ('స', '|'), ('వా', 'U'), ('బ', '|'), ('స', '|'), ('వా', 'U'), ('వృ', '|'), ('షా', 'U'), ('ధి', '|'), ('పా', 'U')]",1.0,1.0,1.0,1.0,1.0,1.0
champakamaala,"వినుత నవీనగాన గుణవిశ్రుత భక్తవిధేయకాయ! య
త్యనుపమగణ్యపుణ్య నయనాంచలదూర భవోపతాప! స
ద్వినయ వికాసభాస సముదీర్ణ శివైక సుఖైకపాక! దే
వ నను భరింపుమయ్య బసవా! బసవా! బసవా! వృషాధిపా!",vruttamu,Vrushadhipa,"[('వి', '|'), ('ను', '|'), ('త', '|'), ('న', '|'), ('వీ', 'U'), ('న', '|'), ('గా', 'U'), ('న', '|'), ('గు', '|'), ('ణ', '|'), ('వి', '|'), ('శ్రు', '|'), ('త', '|'), ('భ', 'U'), ('క్త', '|'), ('వి', '|'), ('ధే', 'U'), ('య', '|'), ('కా', 'U'), ('య', '|'), ('య', 'U'), ('త్య', '|'), ('ను', '|'), ('ప', '|'), ('మ', '|'), ('గ', 'U'), ('ణ్య', '|'), ('పు', 'U'), ('ణ్య', '|'), ('న', '|'), ('య', '|'), ('నాం', 'U'), ('చ', '|'), ('ల', '|'), ('దూ', 'U'), ('ర', '|'), ('భ', '|'), ('వో', 'U'), ('ప', '|'), ('తా', 'U'), ('ప', '|'), ('స', 'U'), ('ద్వి', '|'), ('న', '|'), ('య', '|'), ('వి', '|'), ('కా', 'U'), ('స', '|'), ('భా', 'U'), ('స', '|'), ('స', '|'), ('ము', '|'), ('దీ', 'U'), ('ర్ణ', '|'), ('శి', '|'), ('వై', 'U'), ('క', '|'), ('సు', '|'), ('ఖై', 'U'), ('క', '|'), ('పా', 'U'), ('క', '|'), ('దే', 'U'), ('వ', '|'), ('న', '|'), ('ను', '|'), ('భ', '|'), ('రిం', 'U'), ('పు', '|'), ('మ', 'U'), ('య్య', '|'), ('బ', '|'), ('స', '|'), ('వా', 'U'), ('బ', '|'), ('స', '|'), ('వా', 'U'), ('బ', '|'), ('స', '|'), ('వా', 'U'), ('వృ', '|'), ('షా', 'U'), ('ధి', '|'), ('పా', 'U')]",0.9428571428571428,1.0,1.0,0.9642857142857143,0.75,1.0
vutpalamaala,"అంచిత భక్తియుక్త! యసహాయ విశృంఖల వీరపూర! ని
శ్చంచలశైవభావ! శ్రిత జంగమపాదకిరీట కూట! హృ
త్సంచిత సత్త్వ తత్త్వ! దురితవ్రజశైలకదంబశంబ! ని
ర్వంచక నీవె దిక్కు బసవా! బసవా! బసవా! వృషాధిపా!",vruttamu,Vrushadhipa,"[('అం', 'U'), ('చి', '|'), ('త', '|'), ('భ', 'U'), ('క్తి', '|'), ('యు', 'U'), ('క్త', '|'), ('య', '|'), ('స', '|'), ('హా', 'U'), ('య', '|'), ('వి', '|'), ('శృం', 'U'), ('ఖ', '|'), ('ల', '|'), ('వీ', 'U'), ('ర', '|'), ('పూ', 'U'), ('ర', '|'), ('ని', 'U'), ('శ్చం', 'U'), ('చ', '|'), ('ల', '|'), ('శై', 'U'), ('వ', '|'), ('భా', 'U'), ('వ', '|'), ('శ్రి', '|'), ('త', '|'), ('జం', 'U'), ('గ', '|'), ('మ', '|'), ('పా', 'U'), ('ద', '|'), ('కి', '|'), ('రీ', 'U'), ('ట', '|'), ('కూ', 'U'), ('ట', '|'), ('హృ', 'U'), ('త్సం', 'U'), ('చి', '|'), ('త', '|'), ('స', 'U'), ('త్త్వ', '|'), ('త', 'U'), ('త్త్వ', '|'), ('దు', '|'), ('రి', '|'), ('త', '|'), ('వ్ర', '|'), ('జ', '|'), ('శై', 'U'), ('ల', '|'), ('క', '|'), ('దం', 'U'), ('బ', '|'), ('శం', 'U'), ('బ', '|'), ('ని', 'U'), ('ర్వం', 'U'), ('చ', '|'), ('క', '|'), ('నీ', 'U'), ('వె', '|'), ('ది', 'U'), ('క్కు', '|'), ('బ', '|'), ('స', '|'), ('వా', 'U'), ('బ', '|'), ('స', '|'), ('వా', 'U'), ('బ', '|'), ('స', '|'), ('వా', 'U'), ('వృ', '|'), ('షా', 'U'), ('ధి', '|'), ('పా', 'U')]",0.9928571428571429,1.0,1.0,0.9642857142857143,1.0,1.0
vutpalamaala,"నిర్గతధర్మ కర్మ! యవినీత పునర్చవ యంత్ర తంత్ర! దు
ర్మార్గ విహీనయాన! గుణమాన్య మహావృషసామ్య! సౌమష
డ్వర్గ విరక్త శక్త! మదడంబర వర్జిత వేషభూష! నీ
వర్గమునేఁ జుమయ్య బసవా! బసవా! బసవా! వృషాధిపా!",vruttamu,Vrushadhipa,"[('ని', 'U'), ('ర్గ', '|'), ('త', '|'), ('ధ', 'U'), ('ర్మ', '|'), ('క', 'U'), ('ర్మ', '|'), ('య', '|'), ('వి', '|'), ('నీ', 'U'), ('త', '|'), ('పు', '|'), ('న', 'U'), ('ర్చ', '|'), ('వ', '|'), ('యం', 'U'), ('త్ర', '|'), ('తం', 'U'), ('త్ర', '|'), ('దు', 'U'), ('ర్మా', 'U'), ('ర్గ', '|'), ('వి', '|'), ('హీ', 'U'), ('న', '|'), ('యా', 'U'), ('న', '|'), ('గు', '|'), ('ణ', '|'), ('మా', 'U'), ('న్య', '|'), ('మ', '|'), ('హా', 'U'), ('వృ', '|'), ('ష', '|'), ('సా', 'U'), ('మ్య', '|'), ('సౌ', 'U'), ('మ', '|'), ('ష', 'U'), ('డ్వ', 'U'), ('ర్గ', '|'), ('వి', '|'), ('ర', 'U'), ('క్త', '|'), ('శ', 'U'), ('క్త', '|'), ('మ', '|'), ('ద', '|'), ('డం', 'U'), ('బ', '|'), ('ర', '|'), ('వ', 'U'), ('ర్జి', '|'), ('త', '|'), ('వే', 'U'), ('ష', '|'), ('భూ', 'U'), ('ష', '|'), ('నీ', 'U'), ('వ', 'U'), ('ర్గ', '|'), ('ము', '|'), ('నే', 'U'), ('జు', '|'), ('మ', 'U'), ('య్య', '|'), ('బ', '|'), ('స', '|'), ('వా', 'U'), ('బ', '|'), ('స', '|'), ('వా', 'U'), ('బ', '|'), ('స', '|'), ('వా', 'U'), ('వృ', '|'), ('షా', 'U'), ('ధి', '|'), ('పా', 'U')]",1.0,1.0,1.0,1.0,1.0,1.0
champakamaala,"సరసవచస్క! నిర్మలయశస్క! శివైక్యమనస్క! భక్తహృ
త్సరసిజగేహ! క్లుప్తభవదాహ! దయాపరివాహ! చిత్సుఖో
త్తర నిజశిల్ప! భక్తపరతల్ప! మహావృషకల్ప! మన్మనో
వరద! శరణ్యమయ్య బసవా! బసవా! బసవా! వృషాధిపా!",vruttamu,Vrushadhipa,"[('స', '|'), ('ర', '|'), ('స', '|'), ('వ', '|'), ('చ', 'U'), ('స్క', '|'), ('ని', 'U'), ('ర్మ', '|'), ('ల', '|'), ('య', '|'), ('శ', 'U'), ('స్క', '|'), ('శి', '|'), ('వై', 'U'), ('క్య', '|'), ('మ', '|'), ('న', 'U'), ('స్క', '|'), ('భ', 'U'), ('క్త', '|'), ('హృ', 'U'), ('త్స', '|'), ('ర', '|'), ('సి', '|'), ('జ', '|'), ('గే', 'U'), ('హ', 'U'), ('క్లు', 'U'), ('ప్త', '|'), ('భ', '|'), ('వ', '|'), ('దా', 'U'), ('హ', '|'), ('ద', '|'), ('యా', 'U'), ('ప', '|'), ('రి', '|'), ('వా', 'U'), ('హ', '|'), ('చి', 'U'), ('త్సు', '|'), ('ఖో', 'U'), ('త్త', '|'), ('ర', '|'), ('ని', '|'), ('జ', '|'), ('శి', 'U'), ('ల్ప', '|'), ('భ', 'U'), ('క్త', '|'), ('ప', '|'), ('ర', '|'), ('త', 'U'), ('ల్ప', '|'), ('మ', '|'), ('హా', 'U'), ('వృ', '|'), ('ష', '|'), ('క', 'U'), ('ల్ప', '|'), ('మ', 'U'), ('న్మ', '|'), ('నో', 'U'), ('వ', '|'), ('ర', '|'), ('ద', '|'), ('శ', '|'), ('ర', 'U'), ('ణ్య', '|'), ('మ', 'U'), ('య్య', '|'), ('బ', '|'), ('స', '|'), ('వా', 'U'), ('బ', '|'), ('స', '|'), ('వా', 'U'), ('బ', '|'), ('స', '|'), ('వా', 'U'), ('వృ', '|'), ('షా', 'U'), ('ధి', '|'), ('పా', 'U')]",0.9928571428571429,1.0,1.0,0.9642857142857143,1.0,1.0
champakamaala,"హర సమసౌఖ్య! యాదివృషభాఖ్య! పురాతనముఖ్య తత్త్వవి
త్పరిషదుపాస్య! వీతగుణదాస్య! త్రిలోకసమస్య! తార్కికో
త్కర జయశౌండ! దీర్ఘభుజదండ! మహాగుణషండ! మన్మనో
వరద! శరణ్యమయ్య బసవా! బసవా! బసవా! వృషాధిపా!",vruttamu,Vrushadhipa,"[('హ', '|'), ('ర', '|'), ('స', '|'), ('మ', '|'), ('సౌ', 'U'), ('ఖ్య', '|'), ('యా', 'U'), ('ది', '|'), ('వృ', '|'), ('ష', '|'), ('భా', 'U'), ('ఖ్య', '|'), ('పు', '|'), ('రా', 'U'), ('త', '|'), ('న', '|'), ('ము', 'U'), ('ఖ్య', '|'), ('త', 'U'), ('త్త్వ', '|'), ('వి', 'U'), ('త్ప', '|'), ('రి', '|'), ('ష', '|'), ('దు', '|'), ('పా', 'U'), ('స్య', '|'), ('వీ', 'U'), ('త', '|'), ('గు', '|'), ('ణ', '|'), ('దా', 'U'), ('స్య', '|'), ('త్రి', '|'), ('లో', 'U'), ('క', '|'), ('స', '|'), ('మ', 'U'), ('స్య', '|'), ('తా', 'U'), ('ర్కి', '|'), ('కో', 'U'), ('త్క', '|'), ('ర', '|'), ('జ', '|'), ('య', '|'), ('శౌం', 'U'), ('డ', '|'), ('దీ', 'U'), ('ర్ఘ', '|'), ('భు', '|'), ('జ', '|'), ('దం', 'U'), ('డ', '|'), ('మ', '|'), ('హా', 'U'), ('గు', '|'), ('ణ', '|'), ('షం', 'U'), ('డ', '|'), ('మ', 'U'), ('న్మ', '|'), ('నో', 'U'), ('వ', '|'), ('ర', '|'), ('ద', '|'), ('శ', '|'), ('ర', 'U'), ('ణ్య', '|'), ('మ', 'U'), ('య్య', '|'), ('బ', '|'), ('స', '|'), ('వా', 'U'), ('బ', '|'), ('స', '|'), ('వా', 'U'), ('బ', '|'), ('స', '|'), ('వా', 'U'), ('వృ', '|'), ('షా', 'U'), ('ధి', '|'), ('పా', 'U')]",0.95,1.0,1.0,1.0,0.75,1.0
champakamaala,"వరగుణదీప్ర! భక్తజనవప్ర! తృణీకృతవిప్ర! తాత్త్వికాం
కుర పదపద్మ భక్తిరసగుంభ! నిరాకృతదంభ! సద్గుణ
స్ఫురిత విశిష్ట! శాంతగుణపుష్ట! నిరస్త నికృష్ట! మన్మనో
వరద! శరణ్యమయ్య బసవా! బసవా! బసవా! వృషాధిపా!",vruttamu,Vrushadhipa,"[('వ', '|'), ('ర', '|'), ('గు', '|'), ('ణ', '|'), ('దీ', 'U'), ('ప్ర', '|'), ('భ', 'U'), ('క్త', '|'), ('జ', '|'), ('న', '|'), ('వ', '|'), ('ప్ర', '|'), ('తృ', '|'), ('ణీ', 'U'), ('కృ', '|'), ('త', '|'), ('వి', '|'), ('ప్ర', '|'), ('తా', 'U'), ('త్త్వి', '|'), ('కాం', 'U'), ('కు', '|'), ('ర', '|'), ('ప', '|'), ('ద', '|'), ('ప', 'U'), ('ద్మ', '|'), ('భ', 'U'), ('క్తి', '|'), ('ర', '|'), ('స', '|'), ('గుం', 'U'), ('భ', '|'), ('ని', '|'), ('రా', 'U'), ('కృ', '|'), ('త', '|'), ('దం', 'U'), ('భ', '|'), ('స', 'U'), ('ద్గు', '|'), ('ణ', 'U'), ('స్ఫు', '|'), ('రి', '|'), ('త', '|'), ('వి', '|'), ('శి', 'U'), ('ష్ట', '|'), ('శాం', 'U'), ('త', '|'), ('గు', '|'), ('ణ', '|'), ('పు', 'U'), ('ష్ట', '|'), ('ని', '|'), ('ర', 'U'), ('స్త', '|'), ('ని', '|'), ('కృ', 'U'), ('ష్ట', '|'), ('మ', 'U'), ('న్మ', '|'), ('నో', 'U'), ('వ', '|'), ('ర', '|'), ('ద', '|'), ('శ', '|'), ('ర', 'U'), ('ణ్య', '|'), ('మ', 'U'), ('య్య', '|'), ('బ', '|'), ('స', '|'), ('వా', 'U'), ('బ', '|'), ('స', '|'), ('వా', 'U'), ('బ', '|'), ('స', '|'), ('వా', 'U'), ('వృ', '|'), ('షా', 'U'), ('ధి', '|'), ('పా', 'U')]",0.9857142857142858,1.0,1.0,0.9285714285714286,1.0,1.0
vutpalamaala,"లింగనిరూఢ! సంచితవిలీఢ! పరాక్రమగూఢ! మానసా
సంగి వృషాంక! నిర్గళితశంక! నిరస్తకళంక! సంతతా
భంగురపుణ్య! శీలముఖమణ్య త్రిలోకవరేణ్య! దేవ నీ
వంగడమేఁ జుమయ్య బసవా! బసవా! బసవా! వృషాధిపా!",vruttamu,Vrushadhipa,"[('లిం', 'U'), ('గ', '|'), ('ని', '|'), ('రూ', 'U'), ('ఢ', '|'), ('సం', 'U'), ('చి', '|'), ('త', '|'), ('వి', '|'), ('లీ', 'U'), ('ఢ', '|'), ('ప', '|'), ('రా', 'U'), ('క్ర', '|'), ('మ', '|'), ('గూ', 'U'), ('ఢ', '|'), ('మా', 'U'), ('న', '|'), ('సా', 'U'), ('సం', 'U'), ('గి', '|'), ('వృ', '|'), ('షాం', 'U'), ('క', '|'), ('ని', 'U'), ('ర్గ', '|'), ('ళి', '|'), ('త', '|'), ('శం', 'U'), ('క', '|'), ('ని', '|'), ('ర', 'U'), ('స్త', '|'), ('క', '|'), ('ళం', 'U'), ('క', '|'), ('సం', 'U'), ('త', '|'), ('తా', 'U'), ('భం', 'U'), ('గు', '|'), ('ర', '|'), ('పు', 'U'), ('ణ్య', '|'), ('శీ', 'U'), ('ల', '|'), ('ము', '|'), ('ఖ', '|'), ('మ', 'U'), ('ణ్య', '|'), ('త్రి', '|'), ('లో', 'U'), ('క', '|'), ('వ', '|'), ('రే', 'U'), ('ణ్య', '|'), ('దే', 'U'), ('వ', '|'), ('నీ', 'U'), ('వం', 'U'), ('గ', '|'), ('డ', '|'), ('మే', 'U'), ('జు', '|'), ('మ', 'U'), ('య్య', '|'), ('బ', '|'), ('స', '|'), ('వా', 'U'), ('బ', '|'), ('స', '|'), ('వా', 'U'), ('బ', '|'), ('స', '|'), ('వా', 'U'), ('వృ', '|'), ('షా', 'U'), ('ధి', '|'), ('పా', 'U')]",1.0,1.0,1.0,1.0,1.0,1.0
champakamaala,"ఉరుతరభాగ్య! మన్మహితయోగ్య! జగత్త్రయమృగ్య! పాపసం
హరణసమర్థ! నమ్రచరితార్థ! లసద్గుణసార్థ! భావ భా
స్వర నయసాంద్ర! కీర్తిజితచంద్ర! వివర్జితతంద్ర! మన్మనో
వరద! శరణ్యమయ్య బసవా! బసవా! బసవా! వృషాధిపా!",vruttamu,Vrushadhipa,"[('ఉ', '|'), ('రు', '|'), ('త', '|'), ('ర', '|'), ('భా', 'U'), ('గ్య', '|'), ('మ', 'U'), ('న్మ', '|'), ('హి', '|'), ('త', '|'), ('యో', 'U'), ('గ్య', '|'), ('జ', '|'), ('గ', 'U'), ('త్త్ర', '|'), ('య', '|'), ('మృ', 'U'), ('గ్య', '|'), ('పా', 'U'), ('ప', '|'), ('సం', 'U'), ('హ', '|'), ('ర', '|'), ('ణ', '|'), ('స', '|'), ('మ', 'U'), ('ర్థ', '|'), ('న', '|'), ('మ్ర', '|'), ('చ', '|'), ('రి', '|'), ('తా', 'U'), ('ర్థ', '|'), ('ల', '|'), ('స', 'U'), ('ద్గు', '|'), ('ణ', '|'), ('సా', 'U'), ('ర్థ', '|'), ('భా', 'U'), ('వ', '|'), ('భా', 'U'), ('స్వ', '|'), ('ర', '|'), ('న', '|'), ('య', '|'), ('సాం', 'U'), ('ద్ర', '|'), ('కీ', 'U'), ('ర్తి', '|'), ('జి', '|'), ('త', '|'), ('చం', 'U'), ('ద్ర', '|'), ('వి', '|'), ('వ', 'U'), ('ర్జి', '|'), ('త', '|'), ('తం', 'U'), ('ద్ర', '|'), ('మ', 'U'), ('న్మ', '|'), ('నో', 'U'), ('వ', '|'), ('ర', '|'), ('ద', '|'), ('శ', '|'), ('ర', 'U'), ('ణ్య', '|'), ('మ', 'U'), ('య్య', '|'), ('బ', '|'), ('స', '|'), ('వా', 'U'), ('బ', '|'), ('స', '|'), ('వా', 'U'), ('బ', '|'), ('స', '|'), ('వా', 'U'), ('వృ', '|'), ('షా', 'U'), ('ధి', '|'), ('పా', 'U')]",0.8928571428571429,1.0,1.0,0.9642857142857143,0.5,1.0
champakamaala,"అసమవదాన్య మాన్య! ప్రణుతార్యయవార్య! రసజ్ఞతజ్ఞ! దు
ర్వ్యసన విదూర! శూరగణవంద్య! యనింద్య! యమాఢ్య యాఢ్య! భ
క్తిసుఖసమృద్ధ వృద్ధ! చిరదీప్తి పవిత్రచరిత్రపాత్ర! నా
వసి గని ప్రోవుమయ్య బసవా! బసవా! బసవా! వృషాధిపా!",vruttamu,Vrushadhipa,"[('అ', '|'), ('స', '|'), ('మ', '|'), ('వ', '|'), ('దా', 'U'), ('న్య', '|'), ('మా', 'U'), ('న్య', '|'), ('ప్ర', '|'), ('ణు', '|'), ('తా', 'U'), ('ర్య', '|'), ('య', '|'), ('వా', 'U'), ('ర్య', '|'), ('ర', '|'), ('స', 'U'), ('జ్ఞ', '|'), ('త', 'U'), ('జ్ఞ', '|'), ('దు', 'U'), ('ర్వ్య', '|'), ('స', '|'), ('న', '|'), ('వి', '|'), ('దూ', 'U'), ('ర', '|'), ('శూ', 'U'), ('ర', '|'), ('గ', '|'), ('ణ', '|'), ('వం', 'U'), ('ద్య', '|'), ('య', '|'), ('నిం', 'U'), ('ద్య', '|'), ('య', '|'), ('మా', 'U'), ('ఢ్య', '|'), ('యా', 'U'), ('ఢ్య', '|'), ('భ', 'U'), ('క్తి', '|'), ('సు', '|'), ('ఖ', '|'), ('స', '|'), ('మృ', 'U'), ('ద్ధ', '|'), ('వృ', 'U'), ('ద్ధ', '|'), ('చి', '|'), ('ర', '|'), ('దీ', 'U'), ('ప్తి', '|'), ('ప', '|'), ('వి', '|'), ('త్ర', '|'), ('చ', '|'), ('రి', '|'), ('త్ర', '|'), ('పా', 'U'), ('త్ర', '|'), ('నా', 'U'), ('వ', '|'), ('సి', '|'), ('గ', '|'), ('ని', '|'), ('ప్రో', 'U'), ('వు', '|'), ('మ', 'U'), ('య్య', '|'), ('బ', '|'), ('స', '|'), ('వా', 'U'), ('బ', '|'), ('స', '|'), ('వా', 'U'), ('బ', '|'), ('స', '|'), ('వా', 'U'), ('వృ', '|'), ('షా', 'U'), ('ధి', '|'), ('పా', 'U')]",0.9357142857142857,1.0,1.0,0.9285714285714286,0.75,1.0
champakamaala,"అసమశిలీముఖ స్ఫురదహంకృతికర్తన! కర్మకర్మఠా
భ్యసన ధురీణ విభ్రమ! గణాధిప పాదసరోజ సంతత
ప్రసృమరసౌర భోరుమకరంద కసిక్త వన క్రియాకళా
వ్యసన! శరణ్యమయ్య బసవా! బసవా! బసవా! వృషాధిపా!",vruttamu,Vrushadhipa,"[('అ', '|'), ('స', '|'), ('మ', '|'), ('శి', '|'), ('లీ', 'U'), ('ము', '|'), ('ఖ', 'U'), ('స్ఫు', '|'), ('ర', '|'), ('ద', '|'), ('హం', 'U'), ('కృ', '|'), ('తి', '|'), ('క', 'U'), ('ర్త', '|'), ('న', '|'), ('క', 'U'), ('ర్మ', '|'), ('క', 'U'), ('ర్మ', '|'), ('ఠా', 'U'), ('భ్య', '|'), ('స', '|'), ('న', '|'), ('ధు', '|'), ('రీ', 'U'), ('ణ', '|'), ('వి', '|'), ('భ్ర', '|'), ('మ', '|'), ('గ', '|'), ('ణా', 'U'), ('ధి', '|'), ('ప', '|'), ('పా', 'U'), ('ద', '|'), ('స', '|'), ('రో', 'U'), ('జ', '|'), ('సం', 'U'), ('త', '|'), ('త', '|'), ('ప్ర', '|'), ('సృ', '|'), ('మ', '|'), ('ర', '|'), ('సౌ', 'U'), ('ర', '|'), ('భో', 'U'), ('రు', '|'), ('మ', '|'), ('క', '|'), ('రం', 'U'), ('ద', '|'), ('క', '|'), ('సి', 'U'), ('క్త', '|'), ('వ', '|'), ('న', '|'), ('క్రి', '|'), ('యా', 'U'), ('క', '|'), ('ళా', 'U'), ('వ్య', '|'), ('స', '|'), ('న', '|'), ('శ', '|'), ('ర', 'U'), ('ణ్య', '|'), ('మ', 'U'), ('య్య', '|'), ('బ', '|'), ('స', '|'), ('వా', 'U'), ('బ', '|'), ('స', '|'), ('వా', 'U'), ('బ', '|'), ('స', '|'), ('వా', 'U'), ('వృ', '|'), ('షా', 'U'), ('ధి', '|'), ('పా', 'U')]",0.9285714285714285,1.0,1.0,0.8928571428571429,0.75,1.0
champakamaala,"సురవరమల్ల! మల్లవిత సూత్రసుధాంబుధిఖేల! ఖేలసం
గర కలకంఠ! కంఠమణినాయకభీమభుజంగ! జంగమ
స్థిరతరనాథ! నాథక నిధీకృతరూప! విరూప సమ్మతా
వర! కరుణాబ్ధి! ప్రోవు బసవా! బసవా! బసవా! వృషాధిపా!",vruttamu,Vrushadhipa,"[('సు', '|'), ('ర', '|'), ('వ', '|'), ('ర', '|'), ('మ', 'U'), ('ల్ల', '|'), ('మ', 'U'), ('ల్ల', '|'), ('వి', '|'), ('త', '|'), ('సూ', 'U'), ('త్ర', '|'), ('సు', '|'), ('ధాం', 'U'), ('బు', '|'), ('ధి', '|'), ('ఖే', 'U'), ('ల', '|'), ('ఖే', 'U'), ('ల', '|'), ('సం', 'U'), ('గ', '|'), ('ర', '|'), ('క', '|'), ('ల', '|'), ('కం', 'U'), ('ఠ', '|'), ('కం', 'U'), ('ఠ', '|'), ('మ', '|'), ('ణి', '|'), ('నా', 'U'), ('య', '|'), ('క', '|'), ('భీ', 'U'), ('మ', '|'), ('భు', '|'), ('జం', 'U'), ('గ', '|'), ('జం', 'U'), ('గ', '|'), ('మ', 'U'), ('స్థి', '|'), ('ర', '|'), ('త', '|'), ('ర', '|'), ('నా', 'U'), ('థ', '|'), ('నా', 'U'), ('థ', '|'), ('క', '|'), ('ని', '|'), ('ధీ', 'U'), ('కృ', '|'), ('త', '|'), ('రూ', 'U'), ('ప', '|'), ('వి', '|'), ('రూ', 'U'), ('ప', '|'), ('స', 'U'), ('మ్మ', '|'), ('తా', 'U'), ('వ', '|'), ('ర', '|'), ('క', '|'), ('రు', '|'), ('ణా', 'U'), ('బ్ధి', '|'), ('ప్రో', 'U'), ('వు', '|'), ('బ', '|'), ('స', '|'), ('వా', 'U'), ('బ', '|'), ('స', '|'), ('వా', 'U'), ('బ', '|'), ('స', '|'), ('వా', 'U'), ('వృ', '|'), ('షా', 'U'), ('ధి', '|'), ('పా', 'U')]",0.95,1.0,1.0,1.0,0.75,1.0
champakamaala,"సురవర పూజ్య! పూజ్యగుణశోభిత! శోభితరూప! రూప వి
స్ఫురతరశీల! శీలగుణపుంగవ! పుంగవ సత్త్వ! సత్త్వసం
వర పరవాద! వాద భయవర్జిత పాపవిచారచార! ఈ
శ్వర సమ! నీవె దిక్కు బసవా! బసవా! బసవా! వృషాధిపా!",vruttamu,Vrushadhipa,"[('సు', '|'), ('ర', '|'), ('వ', '|'), ('ర', '|'), ('పూ', 'U'), ('జ్య', '|'), ('పూ', 'U'), ('జ్య', '|'), ('గు', '|'), ('ణ', '|'), ('శో', 'U'), ('భి', '|'), ('త', '|'), ('శో', 'U'), ('భి', '|'), ('త', '|'), ('రూ', 'U'), ('ప', '|'), ('రూ', 'U'), ('ప', '|'), ('వి', 'U'), ('స్ఫు', '|'), ('ర', '|'), ('త', '|'), ('ర', '|'), ('శీ', 'U'), ('ల', '|'), ('శీ', 'U'), ('ల', '|'), ('గు', '|'), ('ణ', '|'), ('పుం', 'U'), ('గ', '|'), ('వ', '|'), ('పుం', 'U'), ('గ', '|'), ('వ', '|'), ('స', 'U'), ('త్త్వ', '|'), ('స', 'U'), ('త్త్వ', '|'), ('సం', 'U'), ('వ', '|'), ('ర', '|'), ('ప', '|'), ('ర', '|'), ('వా', 'U'), ('ద', '|'), ('వా', 'U'), ('ద', '|'), ('భ', '|'), ('య', '|'), ('వ', 'U'), ('ర్జి', '|'), ('త', '|'), ('పా', 'U'), ('ప', '|'), ('వి', '|'), ('చా', 'U'), ('ర', '|'), ('చా', 'U'), ('ర', '|'), ('ఈ', 'U'), ('శ్వ', '|'), ('ర', '|'), ('స', '|'), ('మ', '|'), ('నీ', 'U'), ('వె', '|'), ('ది', 'U'), ('క్కు', '|'), ('బ', '|'), ('స', '|'), ('వా', 'U'), ('బ', '|'), ('స', '|'), ('వా', 'U'), ('బ', '|'), ('స', '|'), ('వా', 'U'), ('వృ', '|'), ('షా', 'U'), ('ధి', '|'), ('పా', 'U')]",1.0,1.0,1.0,1.0,1.0,1.0
champakamaala,"ఇహపరసిద్ధ! సిద్ధ వృషభేశ్వర! ఈశ్వర భక్త! భక్త హృ
ద్గహన విలోక! లోకహిత కారణ! కారణజన్మ! జన్మదో
షహరణ దక్ష! దక్షరిపుసన్నిభ! సన్నిభరూప! రూప ని
ర్వహణ! శరణ్యమయ్య బసవా! బసవా! బసవా! వృషాధిపా!",vruttamu,Vrushadhipa,"[('ఇ', '|'), ('హ', '|'), ('ప', '|'), ('ర', '|'), ('సి', 'U'), ('ద్ధ', '|'), ('సి', 'U'), ('ద్ధ', '|'), ('వృ', '|'), ('ష', '|'), ('భే', 'U'), ('శ్వ', '|'), ('ర', '|'), ('ఈ', 'U'), ('శ్వ', '|'), ('ర', '|'), ('భ', 'U'), ('క్త', '|'), ('భ', 'U'), ('క్త', '|'), ('హృ', 'U'), ('ద్గ', '|'), ('హ', '|'), ('న', '|'), ('వి', '|'), ('లో', 'U'), ('క', '|'), ('లో', 'U'), ('క', '|'), ('హి', '|'), ('త', '|'), ('కా', 'U'), ('ర', '|'), ('ణ', '|'), ('కా', 'U'), ('ర', '|'), ('ణ', '|'), ('జ', 'U'), ('న్మ', '|'), ('జ', 'U'), ('న్మ', '|'), ('దో', 'U'), ('ష', '|'), ('హ', '|'), ('ర', '|'), ('ణ', '|'), ('ద', 'U'), ('క్ష', '|'), ('ద', 'U'), ('క్ష', '|'), ('రి', '|'), ('పు', '|'), ('స', 'U'), ('న్ని', '|'), ('భ', '|'), ('స', 'U'), ('న్ని', '|'), ('భ', '|'), ('రూ', 'U'), ('ప', '|'), ('రూ', 'U'), ('ప', '|'), ('ని', 'U'), ('ర్వ', '|'), ('హ', '|'), ('ణ', '|'), ('శ', '|'), ('ర', 'U'), ('ణ్య', '|'), ('మ', 'U'), ('య్య', '|'), ('బ', '|'), ('స', '|'), ('వా', 'U'), ('బ', '|'), ('స', '|'), ('వా', 'U'), ('బ', '|'), ('స', '|'), ('వా', 'U'), ('వృ', '|'), ('షా', 'U'), ('ధి', '|'), ('పా', 'U')]",0.95,1.0,1.0,1.0,0.75,1.0
vutpalamaala,"రుద్ర గణాదిరుద్ర! వినిరూపిత లింగసుఖాదిసంద్ర య
చ్ఛిద్ర! దయాసముద్ర! సవిశేష పరాక్రమ వీరభద్ర! య
క్షుద్ర జనావళీభవ నిషూదన రౌద్ర! సమస్త భక్త దే
వ ద్రుమ! నీవె దిక్కు బసవా! బసవా! బసవా! వృషాధిపా!",vruttamu,Vrushadhipa,"[('రు', '|'), ('ద్ర', '|'), ('గ', '|'), ('ణా', 'U'), ('ది', '|'), ('రు', '|'), ('ద్ర', '|'), ('వి', '|'), ('ని', '|'), ('రూ', 'U'), ('పి', '|'), ('త', '|'), ('లిం', 'U'), ('గ', '|'), ('సు', '|'), ('ఖా', 'U'), ('ది', '|'), ('సం', 'U'), ('ద్ర', '|'), ('య', 'U'), ('చ్ఛి', '|'), ('ద్ర', '|'), ('ద', '|'), ('యా', 'U'), ('స', '|'), ('ము', '|'), ('ద్ర', '|'), ('స', '|'), ('వి', '|'), ('శే', 'U'), ('ష', '|'), ('ప', '|'), ('రా', 'U'), ('క్ర', '|'), ('మ', '|'), ('వీ', 'U'), ('ర', '|'), ('భ', '|'), ('ద్ర', '|'), ('య', 'U'), ('క్షు', '|'), ('ద్ర', '|'), ('జ', '|'), ('నా', 'U'), ('వ', '|'), ('ళీ', 'U'), ('భ', '|'), ('వ', '|'), ('ని', '|'), ('షూ', 'U'), ('ద', '|'), ('న', '|'), ('రౌ', 'U'), ('ద్ర', '|'), ('స', '|'), ('మ', 'U'), ('స్త', '|'), ('భ', 'U'), ('క్త', '|'), ('దే', 'U'), ('వ', '|'), ('ద్రు', '|'), ('మ', '|'), ('నీ', 'U'), ('వె', '|'), ('ది', 'U'), ('క్కు', '|'), ('బ', '|'), ('స', '|'), ('వా', 'U'), ('బ', '|'), ('స', '|'), ('వా', 'U'), ('బ', '|'), ('స', '|'), ('వా', 'U'), ('వృ', '|'), ('షా', 'U'), ('ధి', '|'), ('పా', 'U')]",0.95,1.0,1.0,0.75,1.0,1.0
champakamaala,"విరచిత శుద్ధసాళగ నవీన మృదుస్వర మంద్ర మధ్య తా
ర రుచిర దేశిమార్గ మధురస్వర గీతసుధాతరంగిణీ
తరళ తరంగజాల సముదంచిత కేళివిలోల సంగమే
శ్వర శరణయ్య నీకు బసవా! బసవా! బసవా! వృషాధిపా!",vruttamu,Vrushadhipa,"[('వి', '|'), ('ర', '|'), ('చి', '|'), ('త', '|'), ('శు', 'U'), ('ద్ధ', '|'), ('సా', 'U'), ('ళ', '|'), ('గ', '|'), ('న', '|'), ('వీ', 'U'), ('న', '|'), ('మృ', '|'), ('దు', 'U'), ('స్వ', '|'), ('ర', '|'), ('మం', 'U'), ('ద్ర', '|'), ('మ', 'U'), ('ధ్య', '|'), ('తా', 'U'), ('ర', '|'), ('రు', '|'), ('చి', '|'), ('ర', '|'), ('దే', 'U'), ('శి', '|'), ('మా', 'U'), ('ర్గ', '|'), ('మ', '|'), ('ధు', '|'), ('ర', 'U'), ('స్వ', '|'), ('ర', '|'), ('గీ', 'U'), ('త', '|'), ('సు', '|'), ('ధా', 'U'), ('త', '|'), ('రం', 'U'), ('గి', '|'), ('ణీ', 'U'), ('త', '|'), ('ర', '|'), ('ళ', '|'), ('త', '|'), ('రం', 'U'), ('గ', '|'), ('జా', 'U'), ('ల', '|'), ('స', '|'), ('ము', '|'), ('దం', 'U'), ('చి', '|'), ('త', '|'), ('కే', 'U'), ('ళి', '|'), ('వి', '|'), ('లో', 'U'), ('ల', '|'), ('సం', 'U'), ('గ', '|'), ('మే', 'U'), ('శ్వ', '|'), ('ర', '|'), ('శ', '|'), ('ర', '|'), ('ణ', 'U'), ('య్య', '|'), ('నీ', 'U'), ('కు', '|'), ('బ', '|'), ('స', '|'), ('వా', 'U'), ('బ', '|'), ('స', '|'), ('వా', 'U'), ('బ', '|'), ('స', '|'), ('వా', 'U'), ('వృ', '|'), ('షా', 'U'), ('ధి', '|'), ('పా', 'U')]",1.0,1.0,1.0,1.0,1.0,1.0
champakamaala,"అసదృశ విస్ఫురద్గుణ దృగంచల కల్పిత సృష్టిపాలన
గ్రసనకళాకలాప ఘనకౌశల ఖేలన లింగమూర్తి మా
నసకలనా వశీకరణ నైపుణతత్పరశీల జంగమ
శ్వసన శరణ్యమయ్య బసవా! బసవా! బసవా! వృషాధిపా!",vruttamu,Vrushadhipa,"[('అ', '|'), ('స', '|'), ('దృ', '|'), ('శ', '|'), ('వి', 'U'), ('స్ఫు', '|'), ('ర', 'U'), ('ద్గు', '|'), ('ణ', '|'), ('దృ', '|'), ('గం', 'U'), ('చ', '|'), ('ల', '|'), ('క', 'U'), ('ల్పి', '|'), ('త', '|'), ('సృ', 'U'), ('ష్టి', '|'), ('పా', 'U'), ('ల', '|'), ('న', '|'), ('గ్ర', '|'), ('స', '|'), ('న', '|'), ('క', '|'), ('ళా', 'U'), ('క', '|'), ('లా', 'U'), ('ప', '|'), ('ఘ', '|'), ('న', '|'), ('కౌ', 'U'), ('శ', '|'), ('ల', '|'), ('ఖే', 'U'), ('ల', '|'), ('న', '|'), ('లిం', 'U'), ('గ', '|'), ('మూ', 'U'), ('ర్తి', '|'), ('మా', 'U'), ('న', '|'), ('స', '|'), ('క', '|'), ('ల', '|'), ('నా', 'U'), ('వ', '|'), ('శీ', 'U'), ('క', '|'), ('ర', '|'), ('ణ', '|'), ('నై', 'U'), ('పు', '|'), ('ణ', '|'), ('త', 'U'), ('త్ప', '|'), ('ర', '|'), ('శీ', 'U'), ('ల', '|'), ('జం', 'U'), ('గ', '|'), ('మ', 'U'), ('శ్వ', '|'), ('స', '|'), ('న', '|'), ('శ', '|'), ('ర', 'U'), ('ణ్య', '|'), ('మ', 'U'), ('య్య', '|'), ('బ', '|'), ('స', '|'), ('వా', 'U'), ('బ', '|'), ('స', '|'), ('వా', 'U'), ('బ', '|'), ('స', '|'), ('వా', 'U'), ('వృ', '|'), ('షా', 'U'), ('ధి', '|'), ('పా', 'U')]",0.9428571428571428,1.0,1.0,0.9642857142857143,0.75,1.0
champakamaala,"ప్రమథగణాధినాథ సముపాసన భాసుర పార్వతీమనో
రమ రమణీయ హృత్కమలరాజిత నవ్యపతంగ సౌరభ
భ్రమరవిలోలతా మధుకరాయిత దివ్యశరీర! సత్ప్రభా
వమహిత! నీవె దిక్కు బసవా! బసవా! బసవా! వృషాధిపా!",vruttamu,Vrushadhipa,"[('ప్ర', '|'), ('మ', '|'), ('థ', '|'), ('గ', '|'), ('ణా', 'U'), ('ధి', '|'), ('నా', 'U'), ('థ', '|'), ('స', '|'), ('ము', '|'), ('పా', 'U'), ('స', '|'), ('న', '|'), ('భా', 'U'), ('సు', '|'), ('ర', '|'), ('పా', 'U'), ('ర్వ', '|'), ('తీ', 'U'), ('మ', '|'), ('నో', 'U'), ('ర', '|'), ('మ', '|'), ('ర', '|'), ('మ', '|'), ('ణీ', 'U'), ('య', '|'), ('హృ', 'U'), ('త్క', '|'), ('మ', '|'), ('ల', '|'), ('రా', 'U'), ('జి', '|'), ('త', '|'), ('న', 'U'), ('వ్య', '|'), ('ప', '|'), ('తం', 'U'), ('గ', '|'), ('సౌ', 'U'), ('ర', '|'), ('భ', '|'), ('భ్ర', '|'), ('మ', '|'), ('ర', '|'), ('వి', '|'), ('లో', 'U'), ('ల', '|'), ('తా', 'U'), ('మ', '|'), ('ధు', '|'), ('క', '|'), ('రా', 'U'), ('యి', '|'), ('త', '|'), ('ది', 'U'), ('వ్య', '|'), ('శ', '|'), ('రీ', 'U'), ('ర', '|'), ('స', 'U'), ('త్ప్ర', '|'), ('భా', 'U'), ('వ', '|'), ('మ', '|'), ('హి', '|'), ('త', '|'), ('నీ', 'U'), ('వె', '|'), ('ది', 'U'), ('క్కు', '|'), ('బ', '|'), ('స', '|'), ('వా', 'U'), ('బ', '|'), ('స', '|'), ('వా', 'U'), ('బ', '|'), ('స', '|'), ('వా', 'U'), ('వృ', '|'), ('షా', 'U'), ('ధి', '|'), ('పా', 'U')]",0.9928571428571429,1.0,1.0,0.9642857142857143,1.0,1.0
vutpalamaala,"కందళితాత్మయంత్రిక వికర్తనశీల మరీచిమన్మనో
మందవిహార విస్ఫురిత మధ్యమయాన చిదంబరేందు ని
ష్యంద సుధారసానుభావ సంతతదివ్యశరీర యోగిరా
డ్వందిత నీవె దిక్కు బసవా! బసవా! బసవా! వృషాధిపా!",vruttamu,Vrushadhipa,"[('కం', 'U'), ('ద', '|'), ('ళి', '|'), ('తా', 'U'), ('త్మ', '|'), ('యం', 'U'), ('త్రి', '|'), ('క', '|'), ('వి', '|'), ('క', 'U'), ('ర్త', '|'), ('న', '|'), ('శీ', 'U'), ('ల', '|'), ('మ', '|'), ('రీ', 'U'), ('చి', '|'), ('మ', 'U'), ('న్మ', '|'), ('నో', 'U'), ('మం', 'U'), ('ద', '|'), ('వి', '|'), ('హా', 'U'), ('ర', '|'), ('వి', 'U'), ('స్ఫు', '|'), ('రి', '|'), ('త', '|'), ('మ', 'U'), ('ధ్య', '|'), ('మ', '|'), ('యా', 'U'), ('న', '|'), ('చి', '|'), ('దం', 'U'), ('బ', '|'), ('రేం', 'U'), ('దు', '|'), ('ని', 'U'), ('ష్యం', 'U'), ('ద', '|'), ('సు', '|'), ('ధా', 'U'), ('ర', '|'), ('సా', 'U'), ('ను', '|'), ('భా', 'U'), ('వ', '|'), ('సం', 'U'), ('త', '|'), ('త', '|'), ('ది', 'U'), ('వ్య', '|'), ('శ', '|'), ('రీ', 'U'), ('ర', '|'), ('యో', 'U'), ('గి', '|'), ('రా', 'U'), ('డ్వం', 'U'), ('ది', '|'), ('త', '|'), ('నీ', 'U'), ('వె', '|'), ('ది', 'U'), ('క్కు', '|'), ('బ', '|'), ('స', '|'), ('వా', 'U'), ('బ', '|'), ('స', '|'), ('వా', 'U'), ('బ', '|'), ('స', '|'), ('వా', 'U'), ('వృ', '|'), ('షా', 'U'), ('ధి', '|'), ('పా', 'U')]",0.9928571428571429,1.0,1.0,0.9642857142857143,1.0,1.0
vutpalamaala,"ఖ్యాతయశఃప్రపూరిత జగత్త్రియాయ నమోనమో, మహా
పాతక సూతకఘ్న పదపద్మ యుగాయ నమోనమో, సము
ద్ద్యోత వృషాయతే"" యనుచు నుత్సుకతన్‌ బ్రణుతింతు సంయమి
వ్రాత శరణ్యమయ్య బసవా! బసవా! బసవా! వృషాధిపా!",vruttamu,Vrushadhipa,"[('ఖ్యా', 'U'), ('త', '|'), ('య', '|'), ('శః', 'U'), ('ప్ర', '|'), ('పూ', 'U'), ('రి', '|'), ('త', '|'), ('జ', '|'), ('గ', 'U'), ('త్త్రి', '|'), ('యా', 'U'), ('య', '|'), ('న', '|'), ('మో', 'U'), ('న', '|'), ('మో', 'U'), ('మ', '|'), ('హా', 'U'), ('పా', 'U'), ('త', '|'), ('క', '|'), ('సూ', 'U'), ('త', '|'), ('క', 'U'), ('ఘ్న', '|'), ('ప', '|'), ('ద', '|'), ('ప', 'U'), ('ద్మ', '|'), ('యు', '|'), ('గా', 'U'), ('య', '|'), ('న', '|'), ('మో', 'U'), ('న', '|'), ('మో', 'U'), ('స', '|'), ('ము', 'U'), ('ద్ద్యో', 'U'), ('త', '|'), ('వృ', '|'), ('షా', 'U'), ('య', '|'), ('తే', 'U'), ('య', '|'), ('ను', '|'), ('చు', '|'), ('ను', 'U'), ('త్సు', '|'), ('క', '|'), ('త', 'U'), ('న్బ్ర', '|'), ('ణు', '|'), ('తిం', 'U'), ('తు', '|'), ('సం', 'U'), ('య', '|'), ('మి', '|'), ('వ్రా', 'U'), ('త', '|'), ('శ', '|'), ('ర', 'U'), ('ణ్య', '|'), ('మ', 'U'), ('య్య', '|'), ('బ', '|'), ('స', '|'), ('వా', 'U'), ('బ', '|'), ('స', '|'), ('వా', 'U'), ('బ', '|'), ('స', '|'), ('వా', 'U'), ('వృ', '|'), ('షా', 'U'), ('ధి', '|'), ('పా', 'U')]",0.5760714285714286,0.9875,1.0,0.1428571428571428,0.5,0.25
vutpalamaala,"అస్తగణ ప్రవిష్ట సకలార్తి హరాయ నమోనమో, సుఖా
వాప్తి కరస్మితాంచిత కటాక్ష దయాయ నమోనమో, సము
ద్దీప్త గుణాయతే"" యనుచు దీనగతిన్‌ బ్రణుతింతు నిన్ను ని
ర్వ్యాప్త జగత్ప్రపంచ బసవా! బసవా! బసవా! వృషాధిపా!",vruttamu,Vrushadhipa,"[('అ', 'U'), ('స్త', '|'), ('గ', '|'), ('ణ', '|'), ('ప్ర', '|'), ('వి', 'U'), ('ష్ట', '|'), ('స', '|'), ('క', '|'), ('లా', 'U'), ('ర్తి', '|'), ('హ', '|'), ('రా', 'U'), ('య', '|'), ('న', '|'), ('మో', 'U'), ('న', '|'), ('మో', 'U'), ('సు', '|'), ('ఖా', 'U'), ('వా', 'U'), ('ప్తి', '|'), ('క', '|'), ('ర', 'U'), ('స్మి', '|'), ('తాం', 'U'), ('చి', '|'), ('త', '|'), ('క', '|'), ('టా', 'U'), ('క్ష', '|'), ('ద', '|'), ('యా', 'U'), ('య', '|'), ('న', '|'), ('మో', 'U'), ('న', '|'), ('మో', 'U'), ('స', '|'), ('ము', 'U'), ('ద్దీ', 'U'), ('ప్త', '|'), ('గు', '|'), ('ణా', 'U'), ('య', '|'), ('తే', 'U'), ('య', '|'), ('ను', '|'), ('చు', '|'), ('దీ', 'U'), ('న', '|'), ('గ', '|'), ('తి', 'U'), ('న్బ్ర', '|'), ('ణు', '|'), ('తిం', 'U'), ('తు', '|'), ('ని', 'U'), ('న్ను', '|'), ('ని', 'U'), ('ర్వ్యా', 'U'), ('ప్త', '|'), ('జ', '|'), ('గ', 'U'), ('త్ప్ర', '|'), ('పం', 'U'), ('చ', '|'), ('బ', '|'), ('స', '|'), ('వా', 'U'), ('బ', '|'), ('స', '|'), ('వా', 'U'), ('బ', '|'), ('స', '|'), ('వా', 'U'), ('వృ', '|'), ('షా', 'U'), ('ధి', '|'), ('పా', 'U')]",0.8428571428571429,1.0,1.0,0.9642857142857143,0.5,0.75
vutpalamaala,"కల్పితలింగ జంగమసుఖ స్ఫురణాయ నమోనమో, యసం
కల్ప వికల్ప మార్గకథిత ప్రథితాయ నమోనమో, గుణా
కల్ప వరాయతే"" యనుచు గౌరవలీల నుతింతు నిన్ను న
స్వల్పతర ప్రభావ బసవా! బసవా! బసవా! వృషాధిపా!",vruttamu,Vrushadhipa,"[('క', 'U'), ('ల్పి', '|'), ('త', '|'), ('లిం', 'U'), ('గ', '|'), ('జం', 'U'), ('గ', '|'), ('మ', '|'), ('సు', '|'), ('ఖ', 'U'), ('స్ఫు', '|'), ('ర', '|'), ('ణా', 'U'), ('య', '|'), ('న', '|'), ('మో', 'U'), ('న', '|'), ('మో', 'U'), ('య', '|'), ('సం', 'U'), ('క', 'U'), ('ల్ప', '|'), ('వి', '|'), ('క', 'U'), ('ల్ప', '|'), ('మా', 'U'), ('ర్గ', '|'), ('క', '|'), ('థి', '|'), ('త', '|'), ('ప్ర', '|'), ('థి', '|'), ('తా', 'U'), ('య', '|'), ('న', '|'), ('మో', 'U'), ('న', '|'), ('మో', 'U'), ('గు', '|'), ('ణా', 'U'), ('క', 'U'), ('ల్ప', '|'), ('వ', '|'), ('రా', 'U'), ('య', '|'), ('తే', 'U'), ('య', '|'), ('ను', '|'), ('చు', '|'), ('గౌ', 'U'), ('ర', '|'), ('వ', '|'), ('లీ', 'U'), ('ల', '|'), ('ను', '|'), ('తిం', 'U'), ('తు', '|'), ('ని', 'U'), ('న్ను', '|'), ('న', 'U'), ('స్వ', 'U'), ('ల్ప', '|'), ('త', '|'), ('ర', '|'), ('ప్ర', '|'), ('భా', 'U'), ('వ', '|'), ('బ', '|'), ('స', '|'), ('వా', 'U'), ('బ', '|'), ('స', '|'), ('వా', 'U'), ('బ', '|'), ('స', '|'), ('వా', 'U'), ('వృ', '|'), ('షా', 'U'), ('ధి', '|'), ('పా', 'U')]",0.9357142857142857,1.0,1.0,0.9285714285714286,0.75,1.0
vutpalamaala,"తర్జిత దుష్కృతాయ! భవతాపనికృంతన కల్మషాయ! భ
క్త్యూర్జిత మానసాయ! సుగుణోత్తమరత్న కరండకాయ! తే
యార్జిత సత్క్రియాయ! సదయాయ నమో"" యని సన్నుతింతు నా
వర్జిత భక్తలోక! బసవా! బసవా! బసవా! వృషాధిపా!",vruttamu,Vrushadhipa,"[('త', 'U'), ('ర్జి', '|'), ('త', '|'), ('దు', 'U'), ('ష్కృ', '|'), ('తా', 'U'), ('య', '|'), ('భ', '|'), ('వ', '|'), ('తా', 'U'), ('ప', '|'), ('ని', '|'), ('కృం', 'U'), ('త', '|'), ('న', '|'), ('క', 'U'), ('ల్మ', '|'), ('షా', 'U'), ('య', '|'), ('భ', 'U'), ('క్త్యూ', 'U'), ('ర్జి', '|'), ('త', '|'), ('మా', 'U'), ('న', '|'), ('సా', 'U'), ('య', '|'), ('సు', '|'), ('గు', '|'), ('ణో', 'U'), ('త్త', '|'), ('మ', '|'), ('ర', 'U'), ('త్న', '|'), ('క', '|'), ('రం', 'U'), ('డ', '|'), ('కా', 'U'), ('య', '|'), ('తే', 'U'), ('యా', 'U'), ('ర్జి', '|'), ('త', '|'), ('స', 'U'), ('త్క్రి', '|'), ('యా', 'U'), ('య', '|'), ('స', '|'), ('ద', '|'), ('యా', 'U'), ('య', '|'), ('న', '|'), ('మో', 'U'), ('య', '|'), ('ని', '|'), ('స', 'U'), ('న్ను', '|'), ('తిం', 'U'), ('తు', '|'), ('నా', 'U'), ('వ', 'U'), ('ర్జి', '|'), ('త', '|'), ('భ', 'U'), ('క్త', '|'), ('లో', 'U'), ('క', '|'), ('బ', '|'), ('స', '|'), ('వా', 'U'), ('బ', '|'), ('స', '|'), ('వా', 'U'), ('బ', '|'), ('స', '|'), ('వా', 'U'), ('వృ', '|'), ('షా', 'U'), ('ధి', '|'), ('పా', 'U')]",0.95,1.0,1.0,1.0,0.75,1.0
vutpalamaala,"చూర్ణిత మన్మథాయ! పరిశోభితభస్మవిలేపనాయ! సం
పూర్ణమనోరథాయ! గతపూర్వ భవాశ్రిత వర్తనాయ! తే
వర్ణ నిరాసకాయ! సశివాయ నమో"" యని సంతతంబు ని
న్వర్ణన సేయువాడ బసవా! బసవా! బసవా! వృషాధిపా!",vruttamu,Vrushadhipa,"[('చూ', 'U'), ('ర్ణి', '|'), ('త', '|'), ('మ', 'U'), ('న్మ', '|'), ('థా', 'U'), ('య', '|'), ('ప', '|'), ('రి', '|'), ('శో', 'U'), ('భి', '|'), ('త', '|'), ('భ', 'U'), ('స్మ', '|'), ('వి', '|'), ('లే', 'U'), ('ప', '|'), ('నా', 'U'), ('య', '|'), ('సం', 'U'), ('పూ', 'U'), ('ర్ణ', '|'), ('మ', '|'), ('నో', 'U'), ('ర', '|'), ('థా', 'U'), ('య', '|'), ('గ', '|'), ('త', '|'), ('పూ', 'U'), ('ర్వ', '|'), ('భ', '|'), ('వా', 'U'), ('శ్రి', '|'), ('త', '|'), ('వ', 'U'), ('ర్త', '|'), ('నా', 'U'), ('య', '|'), ('తే', 'U'), ('వ', 'U'), ('ర్ణ', '|'), ('ని', '|'), ('రా', 'U'), ('స', '|'), ('కా', 'U'), ('య', '|'), ('స', '|'), ('శి', '|'), ('వా', 'U'), ('య', '|'), ('న', '|'), ('మో', 'U'), ('య', '|'), ('ని', '|'), ('సం', 'U'), ('త', '|'), ('తం', 'U'), ('బు', '|'), ('ని', 'U'), ('న్వ', 'U'), ('ర్ణ', '|'), ('న', '|'), ('సే', 'U'), ('యు', '|'), ('వా', 'U'), ('డ', '|'), ('బ', '|'), ('స', '|'), ('వా', 'U'), ('బ', '|'), ('స', '|'), ('వా', 'U'), ('బ', '|'), ('స', '|'), ('వా', 'U'), ('వృ', '|'), ('షా', 'U'), ('ధి', '|'), ('పా', 'U')]",1.0,1.0,1.0,1.0,1.0,1.0
vutpalamaala,"హృన్నళినే స్మరామి భవదీయ పదద్వితయం భవాటన
స్విన్న తను శ్రమాపహ మశేష జగత్ప్రణుతం మదీశ ని
ష్పన్న దయానిధే"" యనుచు 'సంస్కృతభాష' నుతింతు నిన్ను వి
ద్వన్నుత నామధేయ బసవా! బసవా! బసవా! వృషాధిపా!",vruttamu,Vrushadhipa,"[('హృ', 'U'), ('న్న', '|'), ('ళి', '|'), ('నే', 'U'), ('స్మ', '|'), ('రా', 'U'), ('మి', '|'), ('భ', '|'), ('వ', '|'), ('దీ', 'U'), ('య', '|'), ('ప', '|'), ('ద', 'U'), ('ద్వి', '|'), ('త', '|'), ('యం', 'U'), ('భ', '|'), ('వా', 'U'), ('ట', '|'), ('న', 'U'), ('స్వి', 'U'), ('న్న', '|'), ('త', '|'), ('ను', '|'), ('శ్ర', '|'), ('మా', 'U'), ('ప', '|'), ('హ', '|'), ('మ', '|'), ('శే', 'U'), ('ష', '|'), ('జ', '|'), ('గ', 'U'), ('త్ప్ర', '|'), ('ణు', '|'), ('తం', 'U'), ('మ', '|'), ('దీ', 'U'), ('శ', '|'), ('ని', 'U'), ('ష్ప', 'U'), ('న్న', '|'), ('ద', '|'), ('యా', 'U'), ('ని', '|'), ('ధే', 'U'), ('య', '|'), ('ను', '|'), ('చు', '|'), ('సం', 'U'), ('స్కృ', '|'), ('త', '|'), ('భా', 'U'), ('ష', '|'), ('ను', '|'), ('తిం', 'U'), ('తు', '|'), ('ని', 'U'), ('న్ను', '|'), ('వి', 'U'), ('ద్వ', 'U'), ('న్ను', '|'), ('త', '|'), ('నా', 'U'), ('మ', '|'), ('ధే', 'U'), ('య', '|'), ('బ', '|'), ('స', '|'), ('వా', 'U'), ('బ', '|'), ('స', '|'), ('వా', 'U'), ('బ', '|'), ('స', '|'), ('వా', 'U'), ('వృ', '|'), ('షా', 'U'), ('ధి', '|'), ('పా', 'U')]",0.9428571428571428,1.0,1.0,0.9642857142857143,0.75,1.0
champakamaala,"పరమనె యన్నె యాండవనె పన్నగతానె యనాథ నాధనే
పెరియనెపే నివుందనవె పేరు డయాననె పేరు జెప్పనే
తరి మురియాయనే"" యనుచు 'ద్రావిడభాష' నుతింతు మన్మనో
వరకరుణా విధేయ! బసవా! బసవా! బసవా! వృషాధిపా!",vruttamu,Vrushadhipa,"[('ప', '|'), ('ర', '|'), ('మ', '|'), ('నె', '|'), ('య', 'U'), ('న్నె', '|'), ('యాం', 'U'), ('డ', '|'), ('వ', '|'), ('నె', '|'), ('ప', 'U'), ('న్న', '|'), ('గ', '|'), ('తా', 'U'), ('నె', '|'), ('య', '|'), ('నా', 'U'), ('థ', '|'), ('నా', 'U'), ('ధ', '|'), ('నే', 'U'), ('పె', '|'), ('రి', '|'), ('య', '|'), ('నె', '|'), ('పే', 'U'), ('ని', '|'), ('వుం', 'U'), ('ద', '|'), ('న', '|'), ('వె', '|'), ('పే', 'U'), ('రు', '|'), ('డ', '|'), ('యా', 'U'), ('న', '|'), ('నె', '|'), ('పే', 'U'), ('రు', '|'), ('జె', 'U'), ('ప్ప', '|'), ('నే', 'U'), ('త', '|'), ('రి', '|'), ('ము', '|'), ('రి', '|'), ('యా', 'U'), ('య', '|'), ('నే', 'U'), ('య', '|'), ('ను', '|'), ('చు', '|'), ('ద్రా', 'U'), ('వి', '|'), ('డ', '|'), ('భా', 'U'), ('ష', '|'), ('ను', '|'), ('తిం', 'U'), ('తు', '|'), ('మ', 'U'), ('న్మ', '|'), ('నో', 'U'), ('వ', '|'), ('ర', '|'), ('క', '|'), ('రు', '|'), ('ణా', 'U'), ('వి', '|'), ('ధే', 'U'), ('య', '|'), ('బ', '|'), ('స', '|'), ('వా', 'U'), ('బ', '|'), ('స', '|'), ('వా', 'U'), ('బ', '|'), ('స', '|'), ('వా', 'U'), ('వృ', '|'), ('షా', 'U'), ('ధి', '|'), ('పా', 'U')]",1.0,1.0,1.0,1.0,1.0,1.0
champakamaala,"""హసుళెయరన్న రక్షిసు వుహారయ లెన్న వనీవనెందు మ
న్నిసువుడు నిమ్మడింగెరగ నిమ్మ ప్రసాదిత నిమ్మదాత్మ వే
కసిగతి"" యంచు భక్తి నినుఁ 'గన్నడభాష' నుతింతు షడ్గుణ
శ్వసన పురాతనాత్మ! బసవా! బసవా! బసవా! వృషాధిపా!",vruttamu,Vrushadhipa,"[('హ', '|'), ('సు', '|'), ('ళె', '|'), ('య', '|'), ('ర', 'U'), ('న్న', '|'), ('ర', 'U'), ('క్షి', '|'), ('సు', '|'), ('వు', '|'), ('హా', 'U'), ('ర', '|'), ('య', '|'), ('లె', 'U'), ('న్న', '|'), ('వ', '|'), ('నీ', 'U'), ('వ', '|'), ('నెం', 'U'), ('దు', '|'), ('మ', 'U'), ('న్ని', '|'), ('సు', '|'), ('వు', '|'), ('డు', '|'), ('ని', 'U'), ('మ్మ', '|'), ('డిం', 'U'), ('గె', '|'), ('ర', '|'), ('గ', '|'), ('ని', 'U'), ('మ్మ', '|'), ('ప్ర', '|'), ('సా', 'U'), ('ది', '|'), ('త', '|'), ('ని', 'U'), ('మ్మ', '|'), ('దా', 'U'), ('త్మ', '|'), ('వే', 'U'), ('క', '|'), ('సి', '|'), ('గ', '|'), ('తి', '|'), ('యం', 'U'), ('చు', '|'), ('భ', 'U'), ('క్తి', '|'), ('ని', '|'), ('ను', '|'), ('గ', 'U'), ('న్న', '|'), ('డ', '|'), ('భా', 'U'), ('ష', '|'), ('ను', '|'), ('తిం', 'U'), ('తు', '|'), ('ష', 'U'), ('డ్గు', '|'), ('ణ', 'U'), ('శ్వ', '|'), ('స', '|'), ('న', '|'), ('పు', '|'), ('రా', 'U'), ('త', '|'), ('నా', 'U'), ('త్మ', '|'), ('బ', '|'), ('స', '|'), ('వా', 'U'), ('బ', '|'), ('స', '|'), ('వా', 'U'), ('బ', '|'), ('స', '|'), ('వా', 'U'), ('వృ', '|'), ('షా', 'U'), ('ధి', '|'), ('పా', 'U')]",1.0,1.0,1.0,1.0,1.0,1.0
champakamaala,"""దేవ పరీ తుహేచి గురుదేవ మణూను తరీ తుమ్హీచ గో
సావి తరీ తుహేచి తుమచాచ ప్రసాదయమీ కృపా కరా
హే వరదా"" యటంచు నుతియించెద నిన్నును 'నారెభాష' దే
వా వినుతార్య లీల బసవా! బసవా! బసవా! వృషాధిపా!",vruttamu,Vrushadhipa,"[('దే', 'U'), ('వ', '|'), ('ప', '|'), ('రీ', 'U'), ('తు', '|'), ('హే', 'U'), ('చి', '|'), ('గు', '|'), ('రు', '|'), ('దే', 'U'), ('వ', '|'), ('మ', '|'), ('ణూ', 'U'), ('ను', '|'), ('త', '|'), ('రీ', 'U'), ('తు', 'U'), ('మ్హీ', 'U'), ('చ', '|'), ('గో', 'U'), ('సా', 'U'), ('వి', '|'), ('త', '|'), ('రీ', 'U'), ('తు', '|'), ('హే', 'U'), ('చి', '|'), ('తు', '|'), ('మ', '|'), ('చా', 'U'), ('చ', '|'), ('ప్ర', '|'), ('సా', 'U'), ('ద', '|'), ('య', '|'), ('మీ', 'U'), ('కృ', '|'), ('పా', 'U'), ('క', '|'), ('రా', 'U'), ('హే', 'U'), ('వ', '|'), ('ర', '|'), ('దా', 'U'), ('య', '|'), ('టం', 'U'), ('చు', '|'), ('ను', '|'), ('తి', '|'), ('యిం', 'U'), ('చె', '|'), ('ద', '|'), ('ని', 'U'), ('న్ను', '|'), ('ను', '|'), ('నా', 'U'), ('రె', '|'), ('భా', 'U'), ('ష', '|'), ('దే', 'U'), ('వా', 'U'), ('వి', '|'), ('ను', '|'), ('తా', 'U'), ('ర్య', '|'), ('లీ', 'U'), ('ల', '|'), ('బ', '|'), ('స', '|'), ('వా', 'U'), ('బ', '|'), ('స', '|'), ('వా', 'U'), ('బ', '|'), ('స', '|'), ('వా', 'U'), ('వృ', '|'), ('షా', 'U'), ('ధి', '|'), ('పా', 'U')]",0.4761904761904762,0.9523809523809523,1.0,0.1785714285714286,0.0,0.25
champakamaala,"""అనయముఁ జేతులందు భవదంఘ్రి సరోజయుగం నమామి నె
మ్మనమున సంస్మరామి యను మాటల నిన్‌ వరివస్క రోమ్య హ""
మ్మనుచు 'మణిప్రవాళము'న నంకన సేయుదు భక్తలోక హృ
ద్వనజ విహారలోల బసవా! బసవా! బసవా! వృషాధిపా!",vruttamu,Vrushadhipa,"[('అ', '|'), ('న', '|'), ('య', '|'), ('ము', '|'), ('జే', 'U'), ('తు', '|'), ('లం', 'U'), ('దు', '|'), ('భ', '|'), ('వ', '|'), ('దం', 'U'), ('ఘ్రి', '|'), ('స', '|'), ('రో', 'U'), ('జ', '|'), ('యు', '|'), ('గం', 'U'), ('న', '|'), ('మా', 'U'), ('మి', '|'), ('నె', 'U'), ('మ్మ', '|'), ('న', '|'), ('ము', '|'), ('న', '|'), ('సం', 'U'), ('స్మ', '|'), ('రా', 'U'), ('మి', '|'), ('య', '|'), ('ను', '|'), ('మా', 'U'), ('ట', '|'), ('ల', '|'), ('ని', 'U'), ('న్వ', '|'), ('రి', '|'), ('వ', 'U'), ('స్క', '|'), ('రో', 'U'), ('మ్య', '|'), ('హ', 'U'), ('మ్మ', '|'), ('ను', '|'), ('చు', '|'), ('మ', '|'), ('ణి', '|'), ('ప్ర', '|'), ('వా', 'U'), ('ళ', '|'), ('ము', '|'), ('న', '|'), ('నం', 'U'), ('క', '|'), ('న', '|'), ('సే', 'U'), ('యు', '|'), ('దు', '|'), ('భ', 'U'), ('క్త', '|'), ('లో', 'U'), ('క', '|'), ('హృ', 'U'), ('ద్వ', '|'), ('న', '|'), ('జ', '|'), ('వి', '|'), ('హా', 'U'), ('ర', '|'), ('లో', 'U'), ('ల', '|'), ('బ', '|'), ('స', '|'), ('వా', 'U'), ('బ', '|'), ('స', '|'), ('వా', 'U'), ('బ', '|'), ('స', '|'), ('వా', 'U'), ('వృ', '|'), ('షా', 'U'), ('ధి', '|'), ('పా', 'U')]",0.8928571428571429,1.0,1.0,0.9642857142857143,0.5,1.0
champakamaala,"""అరశుగిరి ప్రసాముదయానె భవద్గుణ వర్ణసల్పి నా
కొరువని నేస్మరామి సురయేశ్వరురే గణవర్య"" యంచు ని
'ట్లరుదు మణిప్రవాళము'న నంకన సేయుదు నిన్ను మన్మనో
వర కరుణావిధేయ బసవా! బసవా! బసవా! వృషాధిపా!",vruttamu,Vrushadhipa,"[('అ', '|'), ('ర', '|'), ('శు', '|'), ('గి', '|'), ('రి', '|'), ('ప్ర', '|'), ('సా', 'U'), ('ము', '|'), ('ద', '|'), ('యా', 'U'), ('నె', '|'), ('భ', '|'), ('వ', 'U'), ('ద్గు', '|'), ('ణ', '|'), ('వ', 'U'), ('ర్ణ', '|'), ('స', 'U'), ('ల్పి', '|'), ('నా', 'U'), ('కొ', '|'), ('రు', '|'), ('వ', '|'), ('ని', '|'), ('నే', 'U'), ('స్మ', '|'), ('రా', 'U'), ('మి', '|'), ('సు', '|'), ('ర', '|'), ('యే', 'U'), ('శ్వ', '|'), ('రు', '|'), ('రే', 'U'), ('గ', '|'), ('ణ', '|'), ('వ', 'U'), ('ర్య', '|'), ('యం', 'U'), ('చు', '|'), ('ని', 'U'), ('ట్ల', '|'), ('రు', '|'), ('దు', '|'), ('మ', '|'), ('ణి', '|'), ('ప్ర', '|'), ('వా', 'U'), ('ళ', '|'), ('ము', '|'), ('న', '|'), ('నం', 'U'), ('క', '|'), ('న', '|'), ('సే', 'U'), ('యు', '|'), ('దు', '|'), ('ని', 'U'), ('న్ను', '|'), ('మ', 'U'), ('న్మ', '|'), ('నో', 'U'), ('వ', '|'), ('ర', '|'), ('క', '|'), ('రు', '|'), ('ణా', 'U'), ('వి', '|'), ('ధే', 'U'), ('య', '|'), ('బ', '|'), ('స', '|'), ('వా', 'U'), ('బ', '|'), ('స', '|'), ('వా', 'U'), ('బ', '|'), ('స', '|'), ('వా', 'U'), ('వృ', '|'), ('షా', 'U'), ('ధి', '|'), ('పా', 'U')]",0.4833333333333334,0.9880952380952381,1.0,0.1785714285714286,0.0,0.25
vutpalamaala,"""వాయువు వొందు యీవిగతవావ అమా పరహంబ భౌ
న్యాయ విధేయమీశతరి యన్యన బాణు కళాభి"" దంచు 'వా
గ్దేయ మణిప్రవాళము'నఁ దెల్లము నిన్ను నలంకరింతు దే
వా యమిబృంద వంద్య బసవా! బసవా! బసవా! వృషాధిపా!",vruttamu,Vrushadhipa,"[('వా', 'U'), ('యు', '|'), ('వు', '|'), ('వొం', 'U'), ('దు', '|'), ('యీ', 'U'), ('వి', '|'), ('గ', '|'), ('త', '|'), ('వా', 'U'), ('వ', '|'), ('అ', '|'), ('మా', 'U'), ('ప', '|'), ('ర', '|'), ('హం', 'U'), ('బ', '|'), ('భౌ', 'U'), ('న్యా', 'U'), ('య', '|'), ('వి', '|'), ('ధే', 'U'), ('య', '|'), ('మీ', 'U'), ('శ', '|'), ('త', '|'), ('రి', '|'), ('య', 'U'), ('న్య', '|'), ('న', '|'), ('బా', 'U'), ('ణు', '|'), ('క', '|'), ('ళా', 'U'), ('భి', '|'), ('దం', 'U'), ('చు', '|'), ('వా', 'U'), ('గ్దే', 'U'), ('య', '|'), ('మ', '|'), ('ణి', '|'), ('ప్ర', '|'), ('వా', 'U'), ('ళ', '|'), ('ము', '|'), ('న', '|'), ('దె', 'U'), ('ల్ల', '|'), ('ము', '|'), ('ని', 'U'), ('న్ను', '|'), ('న', '|'), ('లం', 'U'), ('క', '|'), ('రిం', 'U'), ('తు', '|'), ('దే', 'U'), ('వా', 'U'), ('య', '|'), ('మి', '|'), ('బృం', 'U'), ('ద', '|'), ('వం', 'U'), ('ద్య', '|'), ('బ', '|'), ('స', '|'), ('వా', 'U'), ('బ', '|'), ('స', '|'), ('వా', 'U'), ('బ', '|'), ('స', '|'), ('వా', 'U'), ('వృ', '|'), ('షా', 'U'), ('ధి', '|'), ('పా', 'U')]",0.5592857142857143,0.975,1.0,0.3214285714285715,0.25,0.25
vutpalamaala,"హాడువె దామహార సదినంఘ్రియుగ భ్రమగొండు సద్గుణా
మాడు వదర్చనంబిడె సమగ్రనుతిత్వయి సత్క్రియన్‌ దగన్‌
'గూఢమణిప్రవాళము'నఁ గోరి నుతింతును సంచితార్థముల్‌
పాడిగ నివ్వటిల్ల బసవా! బసవా! బసవా! వృషాధిపా!",vruttamu,Vrushadhipa,"[('హా', 'U'), ('డు', '|'), ('వె', '|'), ('దా', 'U'), ('మ', '|'), ('హా', 'U'), ('ర', '|'), ('స', '|'), ('ది', '|'), ('నం', 'U'), ('ఘ్రి', '|'), ('యు', '|'), ('గ', '|'), ('భ్ర', '|'), ('మ', '|'), ('గొం', 'U'), ('డు', '|'), ('స', 'U'), ('ద్గు', '|'), ('ణా', 'U'), ('మా', 'U'), ('డు', '|'), ('వ', '|'), ('ద', 'U'), ('ర్చ', '|'), ('నం', 'U'), ('బి', '|'), ('డె', '|'), ('స', '|'), ('మ', '|'), ('గ్ర', '|'), ('ను', '|'), ('తి', 'U'), ('త్వ', '|'), ('యి', '|'), ('స', 'U'), ('త్క్రి', '|'), ('య', 'U'), ('న్ద', '|'), ('గన్', 'U'), ('గూ', 'U'), ('ఢ', '|'), ('మ', '|'), ('ణి', '|'), ('ప్ర', '|'), ('వా', 'U'), ('ళ', '|'), ('ము', '|'), ('న', '|'), ('గో', 'U'), ('రి', '|'), ('ను', '|'), ('తిం', 'U'), ('తు', '|'), ('ను', '|'), ('సం', 'U'), ('చి', '|'), ('తా', 'U'), ('ర్థ', '|'), ('ముల్', 'U'), ('పా', 'U'), ('డి', '|'), ('గ', '|'), ('ని', 'U'), ('వ్వ', '|'), ('టి', 'U'), ('ల్ల', '|'), ('బ', '|'), ('స', '|'), ('వా', 'U'), ('బ', '|'), ('స', '|'), ('వా', 'U'), ('బ', '|'), ('స', '|'), ('వా', 'U'), ('వృ', '|'), ('షా', 'U'), ('ధి', '|'), ('పా', 'U')]",0.8285714285714285,1.0,1.0,0.8928571428571429,0.5,0.75
champakamaala,"బలుపొడ తోలు చీరయును పాపసరుల్‌ గిలుపాడు కన్ను వె
న్నెల తలఁ జేఁదు కుత్తుకయు నిండినవేలుపుటేఱు పల్గు పూ
సలు గలఱేని లెంకవని 'జానుఁదెనుంగు'న విన్నవించెదన్‌
వలపు మదిన్‌ దలిర్ప బసవా! బసవా! బసవా! వృషాధిపా!",vruttamu,Vrushadhipa,"[('బ', '|'), ('లు', '|'), ('పొ', '|'), ('డ', '|'), ('తో', 'U'), ('లు', '|'), ('చీ', 'U'), ('ర', '|'), ('యు', '|'), ('ను', '|'), ('పా', 'U'), ('ప', '|'), ('స', '|'), ('రు', 'U'), ('ల్గి', '|'), ('లు', '|'), ('పా', 'U'), ('డు', '|'), ('క', 'U'), ('న్ను', '|'), ('వె', 'U'), ('న్నె', '|'), ('ల', '|'), ('త', '|'), ('ల', '|'), ('జే', 'U'), ('దు', '|'), ('కు', 'U'), ('త్తు', '|'), ('క', '|'), ('యు', '|'), ('నిం', 'U'), ('డి', '|'), ('న', '|'), ('వే', 'U'), ('లు', '|'), ('పు', '|'), ('టే', 'U'), ('ఱు', '|'), ('ప', 'U'), ('ల్గు', '|'), ('పూ', 'U'), ('స', '|'), ('లు', '|'), ('గ', '|'), ('ల', '|'), ('ఱే', 'U'), ('ని', '|'), ('లెం', 'U'), ('క', '|'), ('వ', '|'), ('ని', '|'), ('జా', 'U'), ('ను', '|'), ('దె', '|'), ('నుం', 'U'), ('గు', '|'), ('న', '|'), ('వి', 'U'), ('న్న', '|'), ('విం', 'U'), ('చె', '|'), ('దన్', 'U'), ('వ', '|'), ('ల', '|'), ('పు', '|'), ('మ', '|'), ('ది', 'U'), ('న్ద', '|'), ('లి', 'U'), ('ర్ప', '|'), ('బ', '|'), ('స', '|'), ('వా', 'U'), ('బ', '|'), ('స', '|'), ('వా', 'U'), ('బ', '|'), ('స', '|'), ('వా', 'U'), ('వృ', '|'), ('షా', 'U'), ('ధి', '|'), ('పా', 'U')]",1.0,1.0,1.0,1.0,1.0,1.0
champakamaala,"తిరువడి నెమ్మనంబునను నే హృదయేశ్వర కింపరీయ తాం
బరి కరితంబు రాణి నిను బాహిరిఁ బోలుట శాసితాహ తా
వరద నెగిల్లె యంచు నిను బ్రస్తుతిసేయుదుఁ బెక్కుభాషలన్‌
వరద వివేకశీల బసవా! బసవా! బసవా! వృషాధిపా!",vruttamu,Vrushadhipa,"[('తి', '|'), ('రు', '|'), ('వ', '|'), ('డి', '|'), ('నె', 'U'), ('మ్మ', '|'), ('నం', 'U'), ('బు', '|'), ('న', '|'), ('ను', '|'), ('నే', 'U'), ('హృ', '|'), ('ద', '|'), ('యే', 'U'), ('శ్వ', '|'), ('ర', '|'), ('కిం', 'U'), ('ప', '|'), ('రీ', 'U'), ('య', '|'), ('తాం', 'U'), ('బ', '|'), ('రి', '|'), ('క', '|'), ('రి', '|'), ('తం', 'U'), ('బు', '|'), ('రా', 'U'), ('ణి', '|'), ('ని', '|'), ('ను', '|'), ('బా', 'U'), ('హి', '|'), ('రి', '|'), ('బో', 'U'), ('లు', '|'), ('ట', '|'), ('శా', 'U'), ('సి', '|'), ('తా', 'U'), ('హ', '|'), ('తా', 'U'), ('వ', '|'), ('ర', '|'), ('ద', '|'), ('నె', '|'), ('గి', 'U'), ('ల్లె', '|'), ('యం', 'U'), ('చు', '|'), ('ని', '|'), ('ను', '|'), ('బ్ర', 'U'), ('స్తు', '|'), ('తి', '|'), ('సే', 'U'), ('యు', '|'), ('దు', '|'), ('బె', 'U'), ('క్కు', '|'), ('భా', 'U'), ('ష', '|'), ('లన్', 'U'), ('వ', '|'), ('ర', '|'), ('ద', '|'), ('వి', '|'), ('వే', 'U'), ('క', '|'), ('శీ', 'U'), ('ల', '|'), ('బ', '|'), ('స', '|'), ('వా', 'U'), ('బ', '|'), ('స', '|'), ('వా', 'U'), ('బ', '|'), ('స', '|'), ('వా', 'U'), ('వృ', '|'), ('షా', 'U'), ('ధి', '|'), ('పా', 'U')]",0.9,1.0,1.0,1.0,0.5,1.0
vutpalamaala,"సన్నుత జంగమాగమము స్వాతిజలంబులు భక్తనిమ్నగం
జెన్నుగ నీదు చూడ్కులను చిప్పల జొన్నలు ముత్తియంబులై
యున్న నొకయ్య మ్రుగ్గు నియమోన్నతి నిల్పిన ధన్యు నిన్ను శ
శ్వన్నుతులన్‌ భజింతు బసవా! బసవా! బసవా! వృషాధిపా!",vruttamu,Vrushadhipa,"[('స', 'U'), ('న్ను', '|'), ('త', '|'), ('జం', 'U'), ('గ', '|'), ('మా', 'U'), ('గ', '|'), ('మ', '|'), ('ము', 'U'), ('స్వా', 'U'), ('తి', '|'), ('జ', '|'), ('లం', 'U'), ('బు', '|'), ('లు', '|'), ('భ', 'U'), ('క్త', '|'), ('ని', 'U'), ('మ్న', '|'), ('గం', 'U'), ('జె', 'U'), ('న్ను', '|'), ('గ', '|'), ('నీ', 'U'), ('దు', '|'), ('చూ', 'U'), ('డ్కు', '|'), ('ల', '|'), ('ను', '|'), ('చి', 'U'), ('ప్ప', '|'), ('ల', '|'), ('జొ', 'U'), ('న్న', '|'), ('లు', '|'), ('ము', 'U'), ('త్తి', '|'), ('యం', 'U'), ('బు', '|'), ('లై', 'U'), ('యు', 'U'), ('న్న', '|'), ('నొ', '|'), ('క', 'U'), ('య్య', '|'), ('మ్రు', 'U'), ('గ్గు', '|'), ('ని', '|'), ('య', '|'), ('మో', 'U'), ('న్న', '|'), ('తి', '|'), ('ని', 'U'), ('ల్పి', '|'), ('న', '|'), ('ధ', 'U'), ('న్యు', '|'), ('ని', 'U'), ('న్ను', '|'), ('శ', 'U'), ('శ్వ', 'U'), ('న్ను', '|'), ('తు', '|'), ('ల', 'U'), ('న్భ', '|'), ('జిం', 'U'), ('తు', '|'), ('బ', '|'), ('స', '|'), ('వా', 'U'), ('బ', '|'), ('స', '|'), ('వా', 'U'), ('బ', '|'), ('స', '|'), ('వా', 'U'), ('వృ', '|'), ('షా', 'U'), ('ధి', '|'), ('పా', 'U')]",0.9428571428571428,1.0,1.0,0.9642857142857143,0.75,1.0
vutpalamaala,"బల్లహు నొద్దనున్న నినుఁ బట్టణవీధులఁ జల్లలమ్ము చో
గొల్లతఁ జీరువాఱి కడుఁ గూర్మిమెయిన్‌ బసవా యనన్‌ భువిన్‌
ద్రెళ్ళఁగనీక పట్టిన యతిస్థిర సర్వగతైక భావ! మ
ద్వల్లభ! నీవె దిక్కు బసవా! బసవా! బసవా! వృషాధిపా!",vruttamu,Vrushadhipa,"[('బ', 'U'), ('ల్ల', '|'), ('హు', '|'), ('నొ', 'U'), ('ద్ద', '|'), ('ను', 'U'), ('న్న', '|'), ('ని', '|'), ('ను', '|'), ('బ', 'U'), ('ట్ట', '|'), ('ణ', '|'), ('వీ', 'U'), ('ధు', '|'), ('ల', '|'), ('జ', 'U'), ('ల్ల', '|'), ('ల', 'U'), ('మ్ము', '|'), ('చో', 'U'), ('గొ', 'U'), ('ల్ల', '|'), ('త', '|'), ('జీ', 'U'), ('రు', '|'), ('వా', 'U'), ('ఱి', '|'), ('క', '|'), ('డు', '|'), ('గూ', 'U'), ('ర్మి', '|'), ('మె', '|'), ('యి', 'U'), ('న్బ', '|'), ('స', '|'), ('వా', 'U'), ('య', '|'), ('న', 'U'), ('న్భు', '|'), ('విన్', 'U'), ('ద్రె', 'U'), ('ళ్ళ', '|'), ('గ', '|'), ('నీ', 'U'), ('క', '|'), ('ప', 'U'), ('ట్టి', '|'), ('న', '|'), ('య', '|'), ('తి', 'U'), ('స్థి', '|'), ('ర', '|'), ('స', 'U'), ('ర్వ', '|'), ('గ', '|'), ('తై', 'U'), ('క', '|'), ('భా', 'U'), ('వ', '|'), ('మ', 'U'), ('ద్వ', 'U'), ('ల్ల', '|'), ('భ', '|'), ('నీ', 'U'), ('వె', '|'), ('ది', 'U'), ('క్కు', '|'), ('బ', '|'), ('స', '|'), ('వా', 'U'), ('బ', '|'), ('స', '|'), ('వా', 'U'), ('బ', '|'), ('స', '|'), ('వా', 'U'), ('వృ', '|'), ('షా', 'U'), ('ధి', '|'), ('పా', 'U')]",0.95,1.0,1.0,1.0,1.0,0.75
vutpalamaala,"వేఁడిన మిండ జంగమము వెక్కసమందగఁ దత్సభాస్థలి
న్నాఁడట నారి వల్వొలువ నైజపుమానము దూలకుండఁగాఁ
బోఁడిమిఁ బట్టుపుట్టములు ప్రోవులు పెట్టిన పుణ్యమూర్తి నీ
వాఁడఁ జుమయ్య జియ్య బసవా! బసవా! బసవా! వృషాధిపా!",vruttamu,Vrushadhipa,"[('వే', 'U'), ('డి', '|'), ('న', '|'), ('మిం', 'U'), ('డ', '|'), ('జం', 'U'), ('గ', '|'), ('మ', '|'), ('ము', '|'), ('వె', 'U'), ('క్క', '|'), ('స', '|'), ('మం', 'U'), ('ద', '|'), ('గ', '|'), ('ద', 'U'), ('త్స', '|'), ('భా', 'U'), ('స్థ', '|'), ('లి', 'U'), ('న్నా', 'U'), ('డ', '|'), ('ట', '|'), ('నా', 'U'), ('రి', '|'), ('వ', 'U'), ('ల్వొ', '|'), ('లు', '|'), ('వ', '|'), ('నై', 'U'), ('జ', '|'), ('పు', '|'), ('మా', 'U'), ('న', '|'), ('ము', '|'), ('దూ', 'U'), ('ల', '|'), ('కుం', 'U'), ('డ', '|'), ('గా', 'U'), ('బో', 'U'), ('డి', '|'), ('మి', '|'), ('బ', 'U'), ('ట్టు', '|'), ('పు', 'U'), ('ట్ట', '|'), ('ము', '|'), ('లు', '|'), ('ప్రో', 'U'), ('వు', '|'), ('లు', '|'), ('పె', 'U'), ('ట్టి', '|'), ('న', '|'), ('పు', 'U'), ('ణ్య', '|'), ('మూ', 'U'), ('ర్తి', '|'), ('నీ', 'U'), ('వా', 'U'), ('డ', '|'), ('జు', '|'), ('మ', 'U'), ('య్య', '|'), ('జి', 'U'), ('య్య', '|'), ('బ', '|'), ('స', '|'), ('వా', 'U'), ('బ', '|'), ('స', '|'), ('వా', 'U'), ('బ', '|'), ('స', '|'), ('వా', 'U'), ('వృ', '|'), ('షా', 'U'), ('ధి', '|'), ('పా', 'U')]",1.0,1.0,1.0,1.0,1.0,1.0
champakamaala,"అరయఁగ సిద్ధరాము రజతాద్రిపయిన్‌ బసవాఖ్యు నిన్నుఁ బే
రరులున జంగమాజ్ఞ మెయినారయ నప్పుడు భక్తిపెంపు సొం
పరుదుగఁ బార్వతీశు హృదయాంబుజ కర్ణిక నత్తమిల్లు భా
స్వరుఁడగు నీవె దిక్కు బసవా! బసవా! బసవా! వృషాధిపా!",vruttamu,Vrushadhipa,"[('అ', '|'), ('ర', '|'), ('య', '|'), ('గ', '|'), ('సి', 'U'), ('ద్ధ', '|'), ('రా', 'U'), ('ము', '|'), ('ర', '|'), ('జ', '|'), ('తా', 'U'), ('ద్రి', '|'), ('ప', '|'), ('యి', 'U'), ('న్బ', '|'), ('స', '|'), ('వా', 'U'), ('ఖ్యు', '|'), ('ని', 'U'), ('న్ను', '|'), ('బే', 'U'), ('ర', '|'), ('రు', '|'), ('లు', '|'), ('న', '|'), ('జం', 'U'), ('గ', '|'), ('మా', 'U'), ('జ్ఞ', '|'), ('మె', '|'), ('యి', '|'), ('నా', 'U'), ('ర', '|'), ('య', '|'), ('న', 'U'), ('ప్పు', '|'), ('డు', '|'), ('భ', 'U'), ('క్తి', '|'), ('పెం', 'U'), ('పు', '|'), ('సొం', 'U'), ('ప', '|'), ('రు', '|'), ('దు', '|'), ('గ', '|'), ('బా', 'U'), ('ర్వ', '|'), ('తీ', 'U'), ('శు', '|'), ('హృ', '|'), ('ద', '|'), ('యాం', 'U'), ('బు', '|'), ('జ', '|'), ('క', 'U'), ('ర్ణి', '|'), ('క', '|'), ('న', 'U'), ('త్త', '|'), ('మి', 'U'), ('ల్లు', '|'), ('భా', 'U'), ('స్వ', '|'), ('రు', '|'), ('డ', '|'), ('గు', '|'), ('నీ', 'U'), ('వె', '|'), ('ది', 'U'), ('క్కు', '|'), ('బ', '|'), ('స', '|'), ('వా', 'U'), ('బ', '|'), ('స', '|'), ('వా', 'U'), ('బ', '|'), ('స', '|'), ('వా', 'U'), ('వృ', '|'), ('షా', 'U'), ('ధి', '|'), ('పా', 'U')]",0.85,1.0,1.0,1.0,0.25,1.0
vutpalamaala,"వర్ణవిహీనుఁడంచు ద్విజవర్గము దా గళమెత్తి పల్కుడున్‌
వర్ణములెల్లఁజూడ శివనాగయగారి కరంబులందు స
ద్వర్ణుఁడితండనా నమృతధారలు చూపిన భక్తిరూఢ! నీ
వర్ణము నేఁజుమయ్య బసవా! బసవా! బసవా! వృషాధిపా!",vruttamu,Vrushadhipa,"[('వ', 'U'), ('ర్ణ', '|'), ('వి', '|'), ('హీ', 'U'), ('ను', '|'), ('డం', 'U'), ('చు', 'U'), ('ద్వి', '|'), ('జ', '|'), ('వ', 'U'), ('ర్గ', '|'), ('ము', '|'), ('దా', 'U'), ('గ', '|'), ('ళ', '|'), ('మె', 'U'), ('త్తి', '|'), ('ప', 'U'), ('ల్కు', '|'), ('డున్', 'U'), ('వ', 'U'), ('ర్ణ', '|'), ('ము', '|'), ('లె', 'U'), ('ల్ల', '|'), ('జూ', 'U'), ('డ', '|'), ('శి', '|'), ('వ', '|'), ('నా', 'U'), ('గ', '|'), ('య', '|'), ('గా', 'U'), ('రి', '|'), ('క', '|'), ('రం', 'U'), ('బు', '|'), ('లం', 'U'), ('దు', '|'), ('స', 'U'), ('ద్వ', 'U'), ('ర్ణు', '|'), ('డి', '|'), ('తం', 'U'), ('డ', '|'), ('నా', 'U'), ('న', '|'), ('మృ', '|'), ('త', '|'), ('ధా', 'U'), ('ర', '|'), ('లు', '|'), ('చూ', 'U'), ('పి', '|'), ('న', '|'), ('భ', 'U'), ('క్తి', '|'), ('రూ', 'U'), ('ఢ', '|'), ('నీ', 'U'), ('వ', 'U'), ('ర్ణ', '|'), ('ము', '|'), ('నే', 'U'), ('జు', '|'), ('మ', 'U'), ('య్య', '|'), ('బ', '|'), ('స', '|'), ('వా', 'U'), ('బ', '|'), ('స', '|'), ('వా', 'U'), ('బ', '|'), ('స', '|'), ('వా', 'U'), ('వృ', '|'), ('షా', 'U'), ('ధి', '|'), ('పా', 'U')]",0.9428571428571428,1.0,1.0,0.9642857142857143,0.75,1.0
vutpalamaala,"బిజ్జలు నర్థమంతయు బ్రీతిగ జంగమకోటికిచ్చె నా
నజ్జగతీశ్వరుండడుగ, నక్షయ బండరువా క్షణంబులో
నిజ్జగమెల్లఁ జోద్యపడ నిచ్చిన, లింగ సదర్థ నమ్ర వి
ద్వజ్జన నీవె దిక్కు బసవా! బసవా! బసవా! వృషాధిపా!",vruttamu,Vrushadhipa,"[('బి', 'U'), ('జ్జ', '|'), ('లు', '|'), ('న', 'U'), ('ర్థ', '|'), ('మం', 'U'), ('త', '|'), ('యు', '|'), ('బ్రీ', 'U'), ('తి', '|'), ('గ', '|'), ('జం', 'U'), ('గ', '|'), ('మ', '|'), ('కో', 'U'), ('టి', '|'), ('కి', 'U'), ('చ్చె', '|'), ('నా', 'U'), ('న', 'U'), ('జ్జ', '|'), ('గ', '|'), ('తీ', 'U'), ('శ్వ', '|'), ('రుం', 'U'), ('డ', '|'), ('డు', '|'), ('గ', '|'), ('న', 'U'), ('క్ష', '|'), ('య', '|'), ('బం', 'U'), ('డ', '|'), ('రు', '|'), ('వా', 'U'), ('క్ష', '|'), ('ణం', 'U'), ('బు', '|'), ('లో', 'U'), ('ని', 'U'), ('జ్జ', '|'), ('గ', '|'), ('మె', 'U'), ('ల్ల', '|'), ('జో', 'U'), ('ద్య', '|'), ('ప', '|'), ('డ', '|'), ('ని', 'U'), ('చ్చి', '|'), ('న', '|'), ('లిం', 'U'), ('గ', '|'), ('స', '|'), ('ద', 'U'), ('ర్థ', '|'), ('న', '|'), ('మ్ర', '|'), ('వి', 'U'), ('ద్వ', 'U'), ('జ్జ', '|'), ('న', '|'), ('నీ', 'U'), ('వె', '|'), ('ది', 'U'), ('క్కు', '|'), ('బ', '|'), ('స', '|'), ('వా', 'U'), ('బ', '|'), ('స', '|'), ('వా', 'U'), ('బ', '|'), ('స', '|'), ('వా', 'U'), ('వృ', '|'), ('షా', 'U'), ('ధి', '|'), ('పా', 'U')]",0.5617857142857143,0.9875,1.0,0.07142857142857142,0.25,0.5
champakamaala,"ఉరు శివయోగనిద్ర మెయినున్న తఱిన్‌ ఫణిహారి యేఁగుడున్‌
మరచి చనంగ జంగమసమన్వితమై మును బ్రాణమేగి యు
ద్ధుర గతివారు వచ్చుటయుఁ దోడనె వచ్చిన జంగమాత్మ! నీ
వరవుఁడ నేఁజుమయ్య బసవా! బసవా! బసవా! వృషాధిపా!",vruttamu,Vrushadhipa,"[('ఉ', '|'), ('రు', '|'), ('శి', '|'), ('వ', '|'), ('యో', 'U'), ('గ', '|'), ('ని', '|'), ('ద్ర', '|'), ('మె', '|'), ('యి', '|'), ('ను', 'U'), ('న్న', '|'), ('త', '|'), ('ఱి', 'U'), ('న్ఫ', '|'), ('ణి', '|'), ('హా', 'U'), ('రి', '|'), ('యే', 'U'), ('గు', '|'), ('డున్', 'U'), ('మ', '|'), ('ర', '|'), ('చి', '|'), ('చ', '|'), ('నం', 'U'), ('గ', '|'), ('జం', 'U'), ('గ', '|'), ('మ', '|'), ('స', '|'), ('మ', 'U'), ('న్వి', '|'), ('త', '|'), ('మై', 'U'), ('ము', '|'), ('ను', '|'), ('బ్రా', 'U'), ('ణ', '|'), ('మే', 'U'), ('గి', '|'), ('యు', 'U'), ('ద్ధు', '|'), ('ర', '|'), ('గ', '|'), ('తి', '|'), ('వా', 'U'), ('రు', '|'), ('వ', 'U'), ('చ్చు', '|'), ('ట', '|'), ('యు', '|'), ('దో', 'U'), ('డ', '|'), ('నె', '|'), ('వ', 'U'), ('చ్చి', '|'), ('న', '|'), ('జం', 'U'), ('గ', '|'), ('మా', 'U'), ('త్మ', '|'), ('నీ', 'U'), ('వ', '|'), ('ర', '|'), ('వు', '|'), ('డ', '|'), ('నే', 'U'), ('జు', '|'), ('మ', 'U'), ('య్య', '|'), ('బ', '|'), ('స', '|'), ('వా', 'U'), ('బ', '|'), ('స', '|'), ('వా', 'U'), ('బ', '|'), ('స', '|'), ('వా', 'U'), ('వృ', '|'), ('షా', 'U'), ('ధి', '|'), ('పా', 'U')]",0.9428571428571428,1.0,1.0,0.9642857142857143,0.75,1.0
vutpalamaala,"సంగయదేవుఁడర్థి నొక జంగమమై చనుదెంచి వేఁడ ను
ప్పొంగి లలాటలోచనము భోరున నద్దము వట్టి చూపుడున్‌
జెంగి యదృశ్యుఁడైన శివుఁ జేకొని యార్చిన యప్రతర్క్య! నీ
వంగడ మేఁజుమయ్య బసవా! బసవా! బసవా! వృషాధిపా!",vruttamu,Vrushadhipa,"[('సం', 'U'), ('గ', '|'), ('య', '|'), ('దే', 'U'), ('వు', '|'), ('డ', 'U'), ('ర్థి', '|'), ('నొ', '|'), ('క', '|'), ('జం', 'U'), ('గ', '|'), ('మ', '|'), ('మై', 'U'), ('చ', '|'), ('ను', '|'), ('దెం', 'U'), ('చి', '|'), ('వే', 'U'), ('డ', '|'), ('ను', 'U'), ('ప్పొం', 'U'), ('గి', '|'), ('ల', '|'), ('లా', 'U'), ('ట', '|'), ('లో', 'U'), ('చ', '|'), ('న', '|'), ('ము', '|'), ('భో', 'U'), ('రు', '|'), ('న', '|'), ('న', 'U'), ('ద్ద', '|'), ('ము', '|'), ('వ', 'U'), ('ట్టి', '|'), ('చూ', 'U'), ('పు', '|'), ('డున్', 'U'), ('జెం', 'U'), ('గి', '|'), ('య', '|'), ('దృ', 'U'), ('శ్యు', '|'), ('డై', 'U'), ('న', '|'), ('శి', '|'), ('వు', '|'), ('జే', 'U'), ('కొ', '|'), ('ని', '|'), ('యా', 'U'), ('ర్చి', '|'), ('న', '|'), ('య', '|'), ('ప్ర', '|'), ('త', 'U'), ('ర్క్య', '|'), ('నీ', 'U'), ('వం', 'U'), ('గ', '|'), ('డ', '|'), ('మే', 'U'), ('జు', '|'), ('మ', 'U'), ('య్య', '|'), ('బ', '|'), ('స', '|'), ('వా', 'U'), ('బ', '|'), ('స', '|'), ('వా', 'U'), ('బ', '|'), ('స', '|'), ('వా', 'U'), ('వృ', '|'), ('షా', 'U'), ('ధి', '|'), ('పా', 'U')]",0.9928571428571429,1.0,1.0,0.9642857142857143,1.0,1.0
vutpalamaala,"కర్ణవతంసమీక పెనఁగన్‌ సతిచెక్కిలి వ్రేయుడున్‌ మహా
తూర్ణతఁజెంది జంగమము దో స్థలమెత్తి పసిండియాకు సం
పూర్ణ నికృష్టభక్తి మెయిఁబొల్పుగ నిచ్చిన నిష్ప్రపంచ! నీ
వర్ణము నేఁజుమయ్య బసవా! బసవా! బసవా! వృషాధిపా!",vruttamu,Vrushadhipa,"[('క', 'U'), ('ర్ణ', '|'), ('వ', '|'), ('తం', 'U'), ('స', '|'), ('మీ', 'U'), ('క', '|'), ('పె', '|'), ('న', '|'), ('గ', 'U'), ('న్స', '|'), ('తి', '|'), ('చె', 'U'), ('క్కి', '|'), ('లి', '|'), ('వ్రే', 'U'), ('యు', '|'), ('డు', 'U'), ('న్మ', '|'), ('హా', 'U'), ('తూ', 'U'), ('ర్ణ', '|'), ('త', '|'), ('జెం', 'U'), ('ది', '|'), ('జం', 'U'), ('గ', '|'), ('మ', '|'), ('ము', '|'), ('దో', 'U'), ('స్థ', '|'), ('ల', '|'), ('మె', 'U'), ('త్తి', '|'), ('ప', '|'), ('సిం', 'U'), ('డి', '|'), ('యా', 'U'), ('కు', '|'), ('సం', 'U'), ('పూ', 'U'), ('ర్ణ', '|'), ('ని', '|'), ('కృ', 'U'), ('ష్ట', '|'), ('భ', 'U'), ('క్తి', '|'), ('మె', '|'), ('యి', '|'), ('బొ', 'U'), ('ల్పు', '|'), ('గ', '|'), ('ని', 'U'), ('చ్చి', '|'), ('న', '|'), ('ని', 'U'), ('ష్ప్ర', '|'), ('పం', 'U'), ('చ', '|'), ('నీ', 'U'), ('వ', 'U'), ('ర్ణ', '|'), ('ము', '|'), ('నే', 'U'), ('జు', '|'), ('మ', 'U'), ('య్య', '|'), ('బ', '|'), ('స', '|'), ('వా', 'U'), ('బ', '|'), ('స', '|'), ('వా', 'U'), ('బ', '|'), ('స', '|'), ('వా', 'U'), ('వృ', '|'), ('షా', 'U'), ('ధి', '|'), ('పా', 'U')]",1.0,1.0,1.0,1.0,1.0,1.0
vutpalamaala,"శృంగి పురోగమాఖిల విశేషవిషంబులు గూర్చి మండుచున్‌
బొంగి భుగిల్లు భుగ్గురను భూరివిషాగ్ని నిషాదులార్తులై
చెంగి చనన్‌ శివార్పితము చేసి భుజించిన సుప్రసాద! నీ
వంగడమేఁ జుమయ్య బసవా! బసవా! బసవా! వృషాధిపా!	7",vruttamu,Vrushadhipa,"[('శృం', 'U'), ('గి', '|'), ('పు', '|'), ('రో', 'U'), ('గ', '|'), ('మా', 'U'), ('ఖి', '|'), ('ల', '|'), ('వి', '|'), ('శే', 'U'), ('ష', '|'), ('వి', '|'), ('షం', 'U'), ('బు', '|'), ('లు', '|'), ('గూ', 'U'), ('ర్చి', '|'), ('మం', 'U'), ('డు', '|'), ('చున్', 'U'), ('బొం', 'U'), ('గి', '|'), ('భు', '|'), ('గి', 'U'), ('ల్లు', '|'), ('భు', 'U'), ('గ్గు', '|'), ('ర', '|'), ('ను', '|'), ('భూ', 'U'), ('రి', '|'), ('వి', '|'), ('షా', 'U'), ('గ్ని', '|'), ('ని', '|'), ('షా', 'U'), ('దు', '|'), ('లా', 'U'), ('ర్తు', '|'), ('లై', 'U'), ('చెం', 'U'), ('గి', '|'), ('చ', '|'), ('న', 'U'), ('న్శి', '|'), ('వా', 'U'), ('ర్పి', '|'), ('త', '|'), ('ము', '|'), ('చే', 'U'), ('సి', '|'), ('భు', '|'), ('జిం', 'U'), ('చి', '|'), ('న', '|'), ('సు', '|'), ('ప్ర', '|'), ('సా', 'U'), ('ద', '|'), ('నీ', 'U'), ('వం', 'U'), ('గ', '|'), ('డ', '|'), ('మే', 'U'), ('జు', '|'), ('మ', 'U'), ('య్య', '|'), ('బ', '|'), ('స', '|'), ('వా', 'U'), ('బ', '|'), ('స', '|'), ('వా', 'U'), ('బ', '|'), ('స', '|'), ('వా', 'U'), ('వృ', '|'), ('షా', 'U'), ('ధి', '|'), ('పా', 'U')]",0.9928571428571429,1.0,1.0,0.9642857142857143,1.0,1.0
vutpalamaala,"చిత్తజవైరి విక్రమముఁ జెప్పకు చెప్పకు త్రావనోడి తాఁ
గుత్తుక నిల్పెనంచుఁ గడు గ్రూరతరంబగు కాలకూటమున్‌
గుత్తుక బంటి గ్రోలిన యకుంఠితవిక్రమ చక్రవర్తి! భా
స్వత్తమ! నీవె దిక్కు బసవా! బసవా! బసవా! వృషాధిపా!",vruttamu,Vrushadhipa,"[('చి', 'U'), ('త్త', '|'), ('జ', '|'), ('వై', 'U'), ('రి', '|'), ('వి', '|'), ('క్ర', '|'), ('మ', '|'), ('ము', '|'), ('జె', 'U'), ('ప్ప', '|'), ('కు', '|'), ('చె', 'U'), ('ప్ప', '|'), ('కు', '|'), ('త్రా', 'U'), ('వ', '|'), ('నో', 'U'), ('డి', '|'), ('తా', 'U'), ('గు', 'U'), ('త్తు', '|'), ('క', '|'), ('ని', 'U'), ('ల్పె', '|'), ('నం', 'U'), ('చు', '|'), ('గ', '|'), ('డు', '|'), ('గ్రూ', 'U'), ('ర', '|'), ('త', '|'), ('రం', 'U'), ('బ', '|'), ('గు', '|'), ('కా', 'U'), ('ల', '|'), ('కూ', 'U'), ('ట', '|'), ('మున్', 'U'), ('గు', 'U'), ('త్తు', '|'), ('క', '|'), ('బం', 'U'), ('టి', '|'), ('గ్రో', 'U'), ('లి', '|'), ('న', '|'), ('య', '|'), ('కుం', 'U'), ('ఠి', '|'), ('త', '|'), ('వి', '|'), ('క్ర', '|'), ('మ', '|'), ('చ', '|'), ('క్ర', '|'), ('వ', 'U'), ('ర్తి', '|'), ('భా', 'U'), ('స్వ', 'U'), ('త్త', '|'), ('మ', '|'), ('నీ', 'U'), ('వె', '|'), ('ది', 'U'), ('క్కు', '|'), ('బ', '|'), ('స', '|'), ('వా', 'U'), ('బ', '|'), ('స', '|'), ('వా', 'U'), ('బ', '|'), ('స', '|'), ('వా', 'U'), ('వృ', '|'), ('షా', 'U'), ('ధి', '|'), ('పా', 'U')]",0.9785714285714284,1.0,1.0,0.8928571428571429,1.0,1.0
vutpalamaala,"తంగెటిజున్ను, ముంగటి నిధానము, పండిన కల్పవల్లి, ముం
గొంగున ముత్తియంబనఁగ, గూర్మి మనంబునఁ దొంగలింపగా
జంగమకోటికర్చనలు సల్పుచునున్న యగణ్యపుణ్య! నీ
వంగడమేఁ జుమయ్య బసవా! బసవా! బసవా! వృషాధిపా!",vruttamu,Vrushadhipa,"[('తం', 'U'), ('గె', '|'), ('టి', '|'), ('జు', 'U'), ('న్ను', '|'), ('ముం', 'U'), ('గ', '|'), ('టి', '|'), ('ని', '|'), ('ధా', 'U'), ('న', '|'), ('ము', '|'), ('పం', 'U'), ('డి', '|'), ('న', '|'), ('క', 'U'), ('ల్ప', '|'), ('వ', 'U'), ('ల్లి', '|'), ('ముం', 'U'), ('గొం', 'U'), ('గు', '|'), ('న', '|'), ('ము', 'U'), ('త్తి', '|'), ('యం', 'U'), ('బ', '|'), ('న', '|'), ('గ', '|'), ('గూ', 'U'), ('ర్మి', '|'), ('మ', '|'), ('నం', 'U'), ('బు', '|'), ('న', '|'), ('దొం', 'U'), ('గ', '|'), ('లిం', 'U'), ('ప', '|'), ('గా', 'U'), ('జం', 'U'), ('గ', '|'), ('మ', '|'), ('కో', 'U'), ('టి', '|'), ('క', 'U'), ('ర్చ', '|'), ('న', '|'), ('లు', '|'), ('స', 'U'), ('ల్పు', '|'), ('చు', '|'), ('ను', 'U'), ('న్న', '|'), ('య', '|'), ('గ', 'U'), ('ణ్య', '|'), ('పు', 'U'), ('ణ్య', '|'), ('నీ', 'U'), ('వం', 'U'), ('గ', '|'), ('డ', '|'), ('మే', 'U'), ('జు', '|'), ('మ', 'U'), ('య్య', '|'), ('బ', '|'), ('స', '|'), ('వా', 'U'), ('బ', '|'), ('స', '|'), ('వా', 'U'), ('బ', '|'), ('స', '|'), ('వా', 'U'), ('వృ', '|'), ('షా', 'U'), ('ధి', '|'), ('పా', 'U')]",1.0,1.0,1.0,1.0,1.0,1.0
vutpalamaala,"భీమగజంబు డీకొనిన బిట్టరఁజంపుడు బిజ్జలేంద్రుఁడు
ద్దామతఁ దక్కి మ్రొక్కుటయుఁ దత్కరినెత్తిన విక్రమోద్ధతుం
డా మడివాలు మాచయకు నగ్గలమైన మహానుభావ! నా
స్వామివి నీవె దిక్కు బసవా! బసవా! బసవా! వృషాధిపా!",vruttamu,Vrushadhipa,"[('భీ', 'U'), ('మ', '|'), ('గ', '|'), ('జం', 'U'), ('బు', '|'), ('డీ', 'U'), ('కొ', '|'), ('ని', '|'), ('న', '|'), ('బి', 'U'), ('ట్ట', '|'), ('ర', '|'), ('జం', 'U'), ('పు', '|'), ('డు', '|'), ('బి', 'U'), ('జ్జ', '|'), ('లేం', 'U'), ('ద్రు', '|'), ('డు', 'U'), ('ద్దా', 'U'), ('మ', '|'), ('త', '|'), ('ద', 'U'), ('క్కి', '|'), ('మ్రొ', 'U'), ('క్కు', '|'), ('ట', '|'), ('యు', '|'), ('ద', 'U'), ('త్క', '|'), ('రి', '|'), ('నె', 'U'), ('త్తి', '|'), ('న', '|'), ('వి', '|'), ('క్ర', '|'), ('మో', 'U'), ('ద్ధ', '|'), ('తుం', 'U'), ('డా', 'U'), ('మ', '|'), ('డి', '|'), ('వా', 'U'), ('లు', '|'), ('మా', 'U'), ('చ', '|'), ('య', '|'), ('కు', '|'), ('న', 'U'), ('గ్గ', '|'), ('ల', '|'), ('మై', 'U'), ('న', '|'), ('మ', '|'), ('హా', 'U'), ('ను', '|'), ('భా', 'U'), ('వ', '|'), ('నా', 'U'), ('స్వా', 'U'), ('మి', '|'), ('వి', '|'), ('నీ', 'U'), ('వె', '|'), ('ది', 'U'), ('క్కు', '|'), ('బ', '|'), ('స', '|'), ('వా', 'U'), ('బ', '|'), ('స', '|'), ('వా', 'U'), ('బ', '|'), ('స', '|'), ('వా', 'U'), ('వృ', '|'), ('షా', 'U'), ('ధి', '|'), ('పా', 'U')]",0.9428571428571428,1.0,1.0,0.9642857142857143,0.75,1.0
vutpalamaala,"శంకదలిర్చ నెంతయు వెసన్‌ బరదైవ పతంగ కోట్లకున్‌
బింకముతోడ ఫాలతట భీమవిలోచన వహ్ని నేర్చు నా
శంకరదాసి దేవునకు సద్భటుఁడంచు నుతించు నన్ను నీ
వంకను ద్రిప్పుమయ్య బసవా! బసవా! బసవా! వృషాధిపా!",vruttamu,Vrushadhipa,"[('శం', 'U'), ('క', '|'), ('ద', '|'), ('లి', 'U'), ('ర్చ', '|'), ('నెం', 'U'), ('త', '|'), ('యు', '|'), ('వె', '|'), ('స', 'U'), ('న్బ', '|'), ('ర', '|'), ('దై', 'U'), ('వ', '|'), ('ప', '|'), ('తం', 'U'), ('గ', '|'), ('కో', 'U'), ('ట్ల', '|'), ('కున్', 'U'), ('బిం', 'U'), ('క', '|'), ('ము', '|'), ('తో', 'U'), ('డ', '|'), ('ఫా', 'U'), ('ల', '|'), ('త', '|'), ('ట', '|'), ('భీ', 'U'), ('మ', '|'), ('వి', '|'), ('లో', 'U'), ('చ', '|'), ('న', '|'), ('వ', 'U'), ('హ్ని', '|'), ('నే', 'U'), ('ర్చు', '|'), ('నా', 'U'), ('శం', 'U'), ('క', '|'), ('ర', '|'), ('దా', 'U'), ('సి', '|'), ('దే', 'U'), ('వు', '|'), ('న', '|'), ('కు', '|'), ('స', 'U'), ('ద్భ', '|'), ('టు', '|'), ('డం', 'U'), ('చు', '|'), ('ను', '|'), ('తిం', 'U'), ('చు', '|'), ('న', 'U'), ('న్ను', '|'), ('నీ', 'U'), ('వం', 'U'), ('క', '|'), ('ను', '|'), ('ద్రి', 'U'), ('ప్పు', '|'), ('మ', 'U'), ('య్య', '|'), ('బ', '|'), ('స', '|'), ('వా', 'U'), ('బ', '|'), ('స', '|'), ('వా', 'U'), ('బ', '|'), ('స', '|'), ('వా', 'U'), ('వృ', '|'), ('షా', 'U'), ('ధి', '|'), ('పా', 'U')]",1.0,1.0,1.0,1.0,1.0,1.0
vutpalamaala,"ఏఁడులు నూఱటంచు శ్రుతులెన్నఁగ శ్రీగిరిమీఁద నాఱునూ
ఱేఁడులు సంచరించు సకలేశ్వర దేవర మాదిరాజు నా
నేఁడులు నూఱుమన్న భువి నిష్ఠురకాలమహోగ్రదృష్టి క్రొ
వ్వాఁడులణంపుమయ్య బసవా! బసవా! బసవా! వృషాధిపా!",vruttamu,Vrushadhipa,"[('ఏ', 'U'), ('డు', '|'), ('లు', '|'), ('నూ', 'U'), ('ఱ', '|'), ('టం', 'U'), ('చు', '|'), ('శ్రు', '|'), ('తు', '|'), ('లె', 'U'), ('న్న', '|'), ('గ', '|'), ('శ్రీ', 'U'), ('గి', '|'), ('రి', '|'), ('మీ', 'U'), ('ద', '|'), ('నా', 'U'), ('ఱు', '|'), ('నూ', 'U'), ('ఱే', 'U'), ('డు', '|'), ('లు', '|'), ('సం', 'U'), ('చ', '|'), ('రిం', 'U'), ('చు', '|'), ('స', '|'), ('క', '|'), ('లే', 'U'), ('శ్వ', '|'), ('ర', '|'), ('దే', 'U'), ('వ', '|'), ('ర', '|'), ('మా', 'U'), ('ది', '|'), ('రా', 'U'), ('జు', '|'), ('నా', 'U'), ('నే', 'U'), ('డు', '|'), ('లు', '|'), ('నూ', 'U'), ('ఱు', '|'), ('మ', 'U'), ('న్న', '|'), ('భు', '|'), ('వి', '|'), ('ని', 'U'), ('ష్ఠు', '|'), ('ర', '|'), ('కా', 'U'), ('ల', '|'), ('మ', '|'), ('హో', 'U'), ('గ్ర', '|'), ('దృ', 'U'), ('ష్టి', '|'), ('క్రొ', 'U'), ('వ్వా', 'U'), ('డు', '|'), ('ల', '|'), ('ణం', 'U'), ('పు', '|'), ('మ', 'U'), ('య్య', '|'), ('బ', '|'), ('స', '|'), ('వా', 'U'), ('బ', '|'), ('స', '|'), ('వా', 'U'), ('బ', '|'), ('స', '|'), ('వా', 'U'), ('వృ', '|'), ('షా', 'U'), ('ధి', '|'), ('పా', 'U')]",0.9,1.0,1.0,1.0,0.5,1.0
vutpalamaala,"సూత్రము దప్పి గొఱ్ఱె గుడిఁ జొచ్చిన మిండనిఁ జంపి సాక్షిగా
నో త్రిపురాంతకా! యనుచు నో యని పిల్చిన యల్ల సద్యశః
పాత్రుఁడు కిన్నరయ్యకును బ్రాణసఖుండగు నిన్నుఁ గొల్తు దే
వా త్రిజగత్పవిత్ర! బసవా! బసవా! బసవా! వృషాధిపా!",vruttamu,Vrushadhipa,"[('సూ', 'U'), ('త్ర', '|'), ('ము', '|'), ('ద', 'U'), ('ప్పి', '|'), ('గొ', 'U'), ('ఱ్ఱె', '|'), ('గు', '|'), ('డి', '|'), ('జొ', 'U'), ('చ్చి', '|'), ('న', '|'), ('మిం', 'U'), ('డ', '|'), ('ని', '|'), ('జం', 'U'), ('పి', '|'), ('సా', 'U'), ('క్షి', '|'), ('గా', 'U'), ('నో', 'U'), ('త్రి', '|'), ('పు', '|'), ('రాం', 'U'), ('త', '|'), ('కా', 'U'), ('య', '|'), ('ను', '|'), ('చు', '|'), ('నో', 'U'), ('య', '|'), ('ని', '|'), ('పి', 'U'), ('ల్చి', '|'), ('న', '|'), ('య', 'U'), ('ల్ల', '|'), ('స', 'U'), ('ద్య', '|'), ('శః', 'U'), ('పా', 'U'), ('త్రు', '|'), ('డు', '|'), ('కి', 'U'), ('న్న', '|'), ('ర', 'U'), ('య్య', '|'), ('కు', '|'), ('ను', '|'), ('బ్రా', 'U'), ('ణ', '|'), ('స', '|'), ('ఖుం', 'U'), ('డ', '|'), ('గు', '|'), ('ని', 'U'), ('న్ను', '|'), ('గొ', 'U'), ('ల్తు', '|'), ('దే', 'U'), ('వా', 'U'), ('త్రి', '|'), ('జ', '|'), ('గ', 'U'), ('త్ప', '|'), ('వి', '|'), ('త్ర', '|'), ('బ', '|'), ('స', '|'), ('వా', 'U'), ('బ', '|'), ('స', '|'), ('వా', 'U'), ('బ', '|'), ('స', '|'), ('వా', 'U'), ('వృ', '|'), ('షా', 'U'), ('ధి', '|'), ('పా', 'U')]",0.9928571428571429,1.0,1.0,0.9642857142857143,1.0,1.0
vutpalamaala,"ఒక్కఁడె రుద్రుఁడన్న శ్రుతులొల్లక ప్రేలు పురాణభట్టులన్‌
వ్రక్కలుసేసి తత్తనువు వారిలు బ్రువ్వులుగాఁగఁ జూచు నా
కక్కయగారి బిడ్డఁడనగా నుతికెక్కిన నిన్నుఁ బూన్తు మ
ద్వాక్కలికాసమూహి బసవా! బసవా! బసవా! వృషాధిపా!",vruttamu,Vrushadhipa,"[('ఒ', 'U'), ('క్క', '|'), ('డె', '|'), ('రు', '|'), ('ద్రు', '|'), ('డ', 'U'), ('న్న', '|'), ('శ్రు', '|'), ('తు', '|'), ('లొ', 'U'), ('ల్ల', '|'), ('క', '|'), ('ప్రే', 'U'), ('లు', '|'), ('పు', '|'), ('రా', 'U'), ('ణ', '|'), ('భ', 'U'), ('ట్టు', '|'), ('లన్', 'U'), ('వ్ర', 'U'), ('క్క', '|'), ('లు', '|'), ('సే', 'U'), ('సి', '|'), ('త', 'U'), ('త్త', '|'), ('ను', '|'), ('వు', '|'), ('వా', 'U'), ('రి', '|'), ('లు', '|'), ('బ్రు', 'U'), ('వ్వు', '|'), ('లు', '|'), ('గా', 'U'), ('గ', '|'), ('జూ', 'U'), ('చు', '|'), ('నా', 'U'), ('క', 'U'), ('క్క', '|'), ('య', '|'), ('గా', 'U'), ('రి', '|'), ('బి', 'U'), ('డ్డ', '|'), ('డ', '|'), ('న', '|'), ('గా', 'U'), ('ను', '|'), ('తి', '|'), ('కె', 'U'), ('క్కి', '|'), ('న', '|'), ('ని', 'U'), ('న్ను', '|'), ('బూ', 'U'), ('న్తు', '|'), ('మ', 'U'), ('ద్వా', 'U'), ('క్క', '|'), ('లి', '|'), ('కా', 'U'), ('స', '|'), ('మూ', 'U'), ('హి', '|'), ('బ', '|'), ('స', '|'), ('వా', 'U'), ('బ', '|'), ('స', '|'), ('వా', 'U'), ('బ', '|'), ('స', '|'), ('వా', 'U'), ('వృ', '|'), ('షా', 'U'), ('ధి', '|'), ('పా', 'U')]",0.9428571428571428,1.0,1.0,0.9642857142857143,0.75,1.0
vutpalamaala,"డంభమయాన్య దర్శన విడంబనుఁ డష్టమదాపహారి యా
శుంభ దుదాత్తకీర్తి యగు చోడలదేవర బాచిరాజు వి
స్రంభసఖుండ వీవని ప్రశంస యొనర్తు జగత్ప్రపూత వి
శ్వంభర శంభుమూర్తి! బసవా! బసవా! బసవా! వృషాధిపా!",vruttamu,Vrushadhipa,"[('డం', 'U'), ('భ', '|'), ('మ', '|'), ('యా', 'U'), ('న్య', '|'), ('ద', 'U'), ('ర్శ', '|'), ('న', '|'), ('వి', '|'), ('డం', 'U'), ('బ', '|'), ('ను', '|'), ('డ', 'U'), ('ష్ట', '|'), ('మ', '|'), ('దా', 'U'), ('ప', '|'), ('హా', 'U'), ('రి', '|'), ('యా', 'U'), ('శుం', 'U'), ('భ', '|'), ('దు', '|'), ('దా', 'U'), ('త్త', '|'), ('కీ', 'U'), ('ర్తి', '|'), ('య', '|'), ('గు', '|'), ('చో', 'U'), ('డ', '|'), ('ల', '|'), ('దే', 'U'), ('వ', '|'), ('ర', '|'), ('బా', 'U'), ('చి', '|'), ('రా', 'U'), ('జు', '|'), ('వి', '|'), ('స్రం', 'U'), ('భ', '|'), ('స', '|'), ('ఖుం', 'U'), ('డ', '|'), ('వీ', 'U'), ('వ', '|'), ('ని', '|'), ('ప్ర', '|'), ('శం', 'U'), ('స', '|'), ('యొ', '|'), ('న', 'U'), ('ర్తు', '|'), ('జ', '|'), ('గ', 'U'), ('త్ప్ర', '|'), ('పూ', 'U'), ('త', '|'), ('వి', 'U'), ('శ్వం', 'U'), ('భ', '|'), ('ర', '|'), ('శం', 'U'), ('భు', '|'), ('మూ', 'U'), ('ర్తి', '|'), ('బ', '|'), ('స', '|'), ('వా', 'U'), ('బ', '|'), ('స', '|'), ('వా', 'U'), ('బ', '|'), ('స', '|'), ('వా', 'U'), ('వృ', '|'), ('షా', 'U'), ('ధి', '|'), ('పా', 'U')]",0.9928571428571429,1.0,1.0,0.9642857142857143,1.0,1.0
vutpalamaala,"	దీవ్రము నీ మహామహిమ దివ్యము నీ మహనీయ విక్రమం
బప్రతిమంబు నీ చరిత మాద్యము నీ నిజరూపమంచు న
ల్ల ప్రభుఁడర్జితోడ నుపలాలన సేయఁగ నొప్పుచున్న దే
వా ప్రణుతింతు నిన్ను బసవా! బసవా! బసవా! వృషాధిపా!",vruttamu,Vrushadhipa,"[('దీ', 'U'), ('వ్ర', '|'), ('ము', '|'), ('నీ', 'U'), ('మ', '|'), ('హా', 'U'), ('మ', '|'), ('హి', '|'), ('మ', '|'), ('ది', 'U'), ('వ్య', '|'), ('ము', '|'), ('నీ', 'U'), ('మ', '|'), ('హ', '|'), ('నీ', 'U'), ('య', '|'), ('వి', '|'), ('క్ర', '|'), ('మం', 'U'), ('బ', '|'), ('ప్ర', '|'), ('తి', '|'), ('మం', 'U'), ('బు', '|'), ('నీ', 'U'), ('చ', '|'), ('రి', '|'), ('త', '|'), ('మా', 'U'), ('ద్య', '|'), ('ము', '|'), ('నీ', 'U'), ('ని', '|'), ('జ', '|'), ('రూ', 'U'), ('ప', '|'), ('మం', 'U'), ('చు', '|'), ('న', 'U'), ('ల్ల', '|'), ('ప్ర', '|'), ('భు', '|'), ('డ', 'U'), ('ర్జి', '|'), ('తో', 'U'), ('డ', '|'), ('ను', '|'), ('ప', '|'), ('లా', 'U'), ('ల', '|'), ('న', '|'), ('సే', 'U'), ('య', '|'), ('గ', '|'), ('నొ', 'U'), ('ప్పు', '|'), ('చు', 'U'), ('న్న', '|'), ('దే', 'U'), ('వా', 'U'), ('ప్ర', '|'), ('ణు', '|'), ('తిం', 'U'), ('తు', '|'), ('ని', 'U'), ('న్ను', '|'), ('బ', '|'), ('స', '|'), ('వా', 'U'), ('బ', '|'), ('స', '|'), ('వా', 'U'), ('బ', '|'), ('స', '|'), ('వా', 'U'), ('వృ', '|'), ('షా', 'U'), ('ధి', '|'), ('పా', 'U')]",0.9285714285714285,1.0,1.0,0.8928571428571429,1.0,0.75
vutpalamaala,"మేదురభక్తి నీశ్వరుఁడు మెచ్చగ జిహ్వయె పళ్ళెరంబు గా
నాదటఁబ్రాచి యంబలి సమర్పణ చేసి పొగడ్తకెక్కు నా
మాదర చెన్నలింగము కుమారుఁడ! నిన్ను భజింతు సంతతా
స్వాదిత సుప్రసాద! బసవా! బసవా! బసవా! వృషాధిపా!",vruttamu,Vrushadhipa,"[('మే', 'U'), ('దు', '|'), ('ర', '|'), ('భ', 'U'), ('క్తి', '|'), ('నీ', 'U'), ('శ్వ', '|'), ('రు', '|'), ('డు', '|'), ('మె', 'U'), ('చ్చ', '|'), ('గ', '|'), ('జి', 'U'), ('హ్వ', '|'), ('యె', '|'), ('ప', 'U'), ('ళ్ళె', '|'), ('రం', 'U'), ('బు', '|'), ('గా', 'U'), ('నా', 'U'), ('ద', '|'), ('ట', '|'), ('బ్రా', 'U'), ('చి', '|'), ('యం', 'U'), ('బ', '|'), ('లి', '|'), ('స', '|'), ('మ', 'U'), ('ర్ప', '|'), ('ణ', '|'), ('చే', 'U'), ('సి', '|'), ('పొ', '|'), ('గ', 'U'), ('డ్త', '|'), ('కె', 'U'), ('క్కు', '|'), ('నా', 'U'), ('మా', 'U'), ('ద', '|'), ('ర', '|'), ('చె', 'U'), ('న్న', '|'), ('లిం', 'U'), ('గ', '|'), ('ము', '|'), ('కు', '|'), ('మా', 'U'), ('రు', '|'), ('డ', '|'), ('ని', 'U'), ('న్ను', '|'), ('భ', '|'), ('జిం', 'U'), ('తు', '|'), ('సం', 'U'), ('త', '|'), ('తా', 'U'), ('స్వా', 'U'), ('ది', '|'), ('త', '|'), ('సు', '|'), ('ప్ర', '|'), ('సా', 'U'), ('ద', '|'), ('బ', '|'), ('స', '|'), ('వా', 'U'), ('బ', '|'), ('స', '|'), ('వా', 'U'), ('బ', '|'), ('స', '|'), ('వా', 'U'), ('వృ', '|'), ('షా', 'U'), ('ధి', '|'), ('పా', 'U')]",0.9428571428571428,1.0,1.0,0.9642857142857143,0.75,1.0
vutpalamaala,"బల్లిదుఁడై గణాధిపుల పాదజలంబులు కట్టెమోపుపైఁ
జల్లికడాని గావుడును జంగమకోటికిఁ బంచి యిచ్చుచున్‌
మొల్లపు భక్తిఁ బేర్కొనిన మోళిగ మారయ కూర్మిబంట! మ
ద్వల్లభ! నీవె దిక్కు బసవా! బసవా! బసవా! వృషాధిపా!",vruttamu,Vrushadhipa,"[('బ', 'U'), ('ల్లి', '|'), ('దు', '|'), ('డై', 'U'), ('గ', '|'), ('ణా', 'U'), ('ధి', '|'), ('పు', '|'), ('ల', '|'), ('పా', 'U'), ('ద', '|'), ('జ', '|'), ('లం', 'U'), ('బు', '|'), ('లు', '|'), ('క', 'U'), ('ట్టె', '|'), ('మో', 'U'), ('పు', '|'), ('పై', 'U'), ('జ', 'U'), ('ల్లి', '|'), ('క', '|'), ('డా', 'U'), ('ని', '|'), ('గా', 'U'), ('వు', '|'), ('డు', '|'), ('ను', '|'), ('జం', 'U'), ('గ', '|'), ('మ', '|'), ('కో', 'U'), ('టి', '|'), ('కి', '|'), ('బం', 'U'), ('చి', '|'), ('యి', 'U'), ('చ్చు', '|'), ('చున్', 'U'), ('మొ', 'U'), ('ల్ల', '|'), ('పు', '|'), ('భ', 'U'), ('క్తి', '|'), ('బే', 'U'), ('ర్కొ', '|'), ('ని', '|'), ('న', '|'), ('మో', 'U'), ('ళి', '|'), ('గ', '|'), ('మా', 'U'), ('ర', '|'), ('య', '|'), ('కూ', 'U'), ('ర్మి', '|'), ('బం', 'U'), ('ట', '|'), ('మ', 'U'), ('ద్వ', 'U'), ('ల్ల', '|'), ('భ', '|'), ('నీ', 'U'), ('వె', '|'), ('ది', 'U'), ('క్కు', '|'), ('బ', '|'), ('స', '|'), ('వా', 'U'), ('బ', '|'), ('స', '|'), ('వా', 'U'), ('బ', '|'), ('స', '|'), ('వా', 'U'), ('వృ', '|'), ('షా', 'U'), ('ధి', '|'), ('పా', 'U')]",1.0,1.0,1.0,1.0,1.0,1.0
vutpalamaala,"భీకర రుద్రనేత్ర శిఖిఁ బెద్దఁగఁ జేయఁగ వీరభద్రు ను
ద్రేక గజంబునా నితర దేవతలన్‌ బడఁదాఁకు నుద్ధతుం
డా కలికేత బ్రహ్మయకు నర్మిలి భృత్యుఁడ! నిన్నుగొల్తు దే
వా కరుణింపుమయ్య బసవా! బసవా! బసవా! వృషాధిపా!",vruttamu,Vrushadhipa,"[('భీ', 'U'), ('క', '|'), ('ర', '|'), ('రు', '|'), ('ద్ర', '|'), ('నే', 'U'), ('త్ర', '|'), ('శి', '|'), ('ఖి', '|'), ('బె', 'U'), ('ద్ద', '|'), ('గ', '|'), ('జే', 'U'), ('య', '|'), ('గ', '|'), ('వీ', 'U'), ('ర', '|'), ('భ', '|'), ('ద్రు', '|'), ('ను', '|'), ('ద్రే', 'U'), ('క', '|'), ('గ', '|'), ('జం', 'U'), ('బు', '|'), ('నా', 'U'), ('ని', '|'), ('త', '|'), ('ర', '|'), ('దే', 'U'), ('వ', '|'), ('త', '|'), ('ల', 'U'), ('న్బ', '|'), ('డ', '|'), ('దా', 'U'), ('కు', '|'), ('ను', 'U'), ('ద్ధ', '|'), ('తుం', 'U'), ('డా', 'U'), ('క', '|'), ('లి', '|'), ('కే', 'U'), ('త', '|'), ('బ్ర', 'U'), ('హ్మ', '|'), ('య', '|'), ('కు', '|'), ('న', 'U'), ('ర్మి', '|'), ('లి', '|'), ('భృ', 'U'), ('త్యు', '|'), ('డ', '|'), ('ని', 'U'), ('న్ను', '|'), ('గొ', 'U'), ('ల్తు', '|'), ('దే', 'U'), ('వా', 'U'), ('క', '|'), ('రు', '|'), ('ణిం', 'U'), ('పు', '|'), ('మ', 'U'), ('య్య', '|'), ('బ', '|'), ('స', '|'), ('వా', 'U'), ('బ', '|'), ('స', '|'), ('వా', 'U'), ('బ', '|'), ('స', '|'), ('వా', 'U'), ('వృ', '|'), ('షా', 'U'), ('ధి', '|'), ('పా', 'U')]",0.9285714285714285,1.0,1.0,0.8928571428571429,0.75,1.0
champakamaala,"పసిగ మెయిన్‌ వృషాధిపుని ప్రాణము జంగమకోటి ప్రాణముల్‌
మసలక యెత్తుచున్‌ భువన మాన్యచరిత్రతఁ దేజరిల్లు న
మ్ముసిఁడిగ చౌడరాయనికి మున్నిటి భృత్యుఁడ! నిన్భజింతు న
న్వసిగొని ప్రోవుమయ్య బసవా! బసవా! బసవా! వృషాధిపా!",vruttamu,Vrushadhipa,"[('ప', '|'), ('సి', '|'), ('గ', '|'), ('మె', '|'), ('యి', 'U'), ('న్వృ', '|'), ('షా', 'U'), ('ధి', '|'), ('పు', '|'), ('ని', '|'), ('ప్రా', 'U'), ('ణ', '|'), ('ము', '|'), ('జం', 'U'), ('గ', '|'), ('మ', '|'), ('కో', 'U'), ('టి', '|'), ('ప్రా', 'U'), ('ణ', '|'), ('ముల్', 'U'), ('మ', '|'), ('స', '|'), ('ల', '|'), ('క', '|'), ('యె', 'U'), ('త్తు', '|'), ('చు', 'U'), ('న్భు', '|'), ('వ', '|'), ('న', '|'), ('మా', 'U'), ('న్య', '|'), ('చ', '|'), ('రి', '|'), ('త్ర', '|'), ('త', '|'), ('దే', 'U'), ('జ', '|'), ('రి', 'U'), ('ల్లు', '|'), ('న', 'U'), ('మ్ము', '|'), ('సి', '|'), ('డి', '|'), ('గ', '|'), ('చౌ', 'U'), ('డ', '|'), ('రా', 'U'), ('య', '|'), ('ని', '|'), ('కి', '|'), ('ము', 'U'), ('న్ని', '|'), ('టి', '|'), ('భృ', 'U'), ('త్యు', '|'), ('డ', '|'), ('ని', 'U'), ('న్భ', '|'), ('జిం', 'U'), ('తు', '|'), ('న', 'U'), ('న్వ', '|'), ('సి', '|'), ('గొ', '|'), ('ని', '|'), ('ప్రో', 'U'), ('వు', '|'), ('మ', 'U'), ('య్య', '|'), ('బ', '|'), ('స', '|'), ('వా', 'U'), ('బ', '|'), ('స', '|'), ('వా', 'U'), ('బ', '|'), ('స', '|'), ('వా', 'U'), ('వృ', '|'), ('షా', 'U'), ('ధి', '|'), ('పా', 'U')]",0.9928571428571429,1.0,1.0,0.9642857142857143,1.0,1.0
vutpalamaala,"ఎన్నఁగ జంగమంబుఁ దన యింటికి నెప్పుడు వచ్చునప్డు దాఁ
గన్నము వెట్టితెచ్చి యధికంబగు నర్థము వానికిచ్చు నా
కన్నడబ్రహ్మ సంయమికి గాదిలిభృత్యుఁడవైన నిన్ను శ
శ్వన్నుతులన్‌ భజింతు బసవా! బసవా! బసవా! వృషాధిపా!",vruttamu,Vrushadhipa,"[('ఎ', 'U'), ('న్న', '|'), ('గ', '|'), ('జం', 'U'), ('గ', '|'), ('మం', 'U'), ('బు', '|'), ('ద', '|'), ('న', '|'), ('యిం', 'U'), ('టి', '|'), ('కి', '|'), ('నె', 'U'), ('ప్పు', '|'), ('డు', '|'), ('వ', 'U'), ('చ్చు', '|'), ('న', 'U'), ('ప్డు', '|'), ('దా', 'U'), ('గ', 'U'), ('న్న', '|'), ('ము', '|'), ('వె', 'U'), ('ట్టి', '|'), ('తె', 'U'), ('చ్చి', '|'), ('య', '|'), ('ధి', '|'), ('కం', 'U'), ('బ', '|'), ('గు', '|'), ('న', 'U'), ('ర్థ', '|'), ('ము', '|'), ('వా', 'U'), ('ని', '|'), ('కి', 'U'), ('చ్చు', '|'), ('నా', 'U'), ('క', 'U'), ('న్న', '|'), ('డ', '|'), ('బ్ర', 'U'), ('హ్మ', '|'), ('సం', 'U'), ('య', '|'), ('మి', '|'), ('కి', '|'), ('గా', 'U'), ('ది', '|'), ('లి', '|'), ('భృ', 'U'), ('త్యు', '|'), ('డ', '|'), ('వై', 'U'), ('న', '|'), ('ని', 'U'), ('న్ను', '|'), ('శ', 'U'), ('శ్వ', 'U'), ('న్ను', '|'), ('తు', '|'), ('ల', 'U'), ('న్భ', '|'), ('జిం', 'U'), ('తు', '|'), ('బ', '|'), ('స', '|'), ('వా', 'U'), ('బ', '|'), ('స', '|'), ('వా', 'U'), ('బ', '|'), ('స', '|'), ('వా', 'U'), ('వృ', '|'), ('షా', 'U'), ('ధి', '|'), ('పా', 'U')]",0.95,1.0,1.0,1.0,0.75,1.0
vutpalamaala,"అసురవృత్తిఁ జూపఱు భయంపడి మ్రొక్కఁ బ్రసాద వహ్నిచే
భూసురులిండు లన్నియును బొగ్గుల ప్రోఁకలుఁ సేయు ధూత సం
త్రాసుల బిబ్బబాచయల దాసియనన్‌ విలసిల్లు సద్గుణా
వాస! శరణ్యమయ్య బసవా! బసవా! బసవా! వృషాధిపా!",vruttamu,Vrushadhipa,"[('అ', '|'), ('సు', '|'), ('ర', '|'), ('వృ', 'U'), ('త్తి', '|'), ('జూ', 'U'), ('ప', '|'), ('ఱు', '|'), ('భ', '|'), ('యం', 'U'), ('ప', '|'), ('డి', '|'), ('మ్రొ', 'U'), ('క్క', '|'), ('బ్ర', '|'), ('సా', 'U'), ('ద', '|'), ('వ', 'U'), ('హ్ని', '|'), ('చే', 'U'), ('భూ', 'U'), ('సు', '|'), ('రు', '|'), ('లిం', 'U'), ('డు', '|'), ('ల', 'U'), ('న్ని', '|'), ('యు', '|'), ('ను', '|'), ('బొ', 'U'), ('గ్గు', '|'), ('ల', '|'), ('ప్రో', 'U'), ('క', '|'), ('లు', '|'), ('సే', 'U'), ('యు', '|'), ('ధూ', 'U'), ('త', '|'), ('సం', 'U'), ('త్రా', 'U'), ('సు', '|'), ('ల', '|'), ('బి', 'U'), ('బ్బ', '|'), ('బా', 'U'), ('చ', '|'), ('య', '|'), ('ల', '|'), ('దా', 'U'), ('సి', '|'), ('య', '|'), ('న', 'U'), ('న్వి', '|'), ('ల', '|'), ('సి', 'U'), ('ల్లు', '|'), ('స', 'U'), ('ద్గు', '|'), ('ణా', 'U'), ('వా', 'U'), ('స', '|'), ('శ', '|'), ('ర', 'U'), ('ణ్య', '|'), ('మ', 'U'), ('య్య', '|'), ('బ', '|'), ('స', '|'), ('వా', 'U'), ('బ', '|'), ('స', '|'), ('వా', 'U'), ('బ', '|'), ('స', '|'), ('వా', 'U'), ('వృ', '|'), ('షా', 'U'), ('ధి', '|'), ('పా', 'U')]",0.9928571428571429,1.0,1.0,0.9642857142857143,1.0,1.0
vutpalamaala,"సుంకపుఁ బైఁడి భక్తులకుఁ జూరలు విడ్వఁ బసిండి క్రాగులన్‌
శంకరుఁ బూటవెట్టి నరనాయకుచేతను మ్రొక్కుగొన్న యా
సుంకర బంకిదేవునకు సూనుడవైన ప్రసాది! దేవ! నీ
వంకకుఁ ద్రిప్పుమయ్య బసవా! బసవా! బసవా! వృషాధిపా!",vruttamu,Vrushadhipa,"[('సుం', 'U'), ('క', '|'), ('పు', '|'), ('బై', 'U'), ('డి', '|'), ('భ', 'U'), ('క్తు', '|'), ('ల', '|'), ('కు', '|'), ('జూ', 'U'), ('ర', '|'), ('లు', '|'), ('వి', 'U'), ('డ్వ', '|'), ('బ', '|'), ('సిం', 'U'), ('డి', '|'), ('క్రా', 'U'), ('గు', '|'), ('లన్', 'U'), ('శం', 'U'), ('క', '|'), ('రు', '|'), ('బూ', 'U'), ('ట', '|'), ('వె', 'U'), ('ట్టి', '|'), ('న', '|'), ('ర', '|'), ('నా', 'U'), ('య', '|'), ('కు', '|'), ('చే', 'U'), ('త', '|'), ('ను', '|'), ('మ్రొ', 'U'), ('క్కు', '|'), ('గొ', 'U'), ('న్న', '|'), ('యా', 'U'), ('సుం', 'U'), ('క', '|'), ('ర', '|'), ('బం', 'U'), ('కి', '|'), ('దే', 'U'), ('వు', '|'), ('న', '|'), ('కు', '|'), ('సూ', 'U'), ('ను', '|'), ('డ', '|'), ('వై', 'U'), ('న', '|'), ('ప్ర', '|'), ('సా', 'U'), ('ది', '|'), ('దే', 'U'), ('వ', '|'), ('నీ', 'U'), ('వం', 'U'), ('క', '|'), ('కు', '|'), ('ద్రి', 'U'), ('ప్పు', '|'), ('మ', 'U'), ('య్య', '|'), ('బ', '|'), ('స', '|'), ('వా', 'U'), ('బ', '|'), ('స', '|'), ('వా', 'U'), ('బ', '|'), ('స', '|'), ('వా', 'U'), ('వృ', '|'), ('షా', 'U'), ('ధి', '|'), ('పా', 'U')]",0.95,1.0,1.0,1.0,0.75,1.0
vutpalamaala,"దివ్యవిమానపంక్తి దివిఁ దేజరిలన్‌ రజతాద్రికిన్‌ జగ
త్సేవ్యముగాఁగ మున్ను దనచే మృతిబొందు మృగాళిఁ బుచ్చు సం
భావ్యుఁడు తెన్గు జొమ్మయకుఁ బ్రాణసఖుండగు నిన్నుఁ గొల్తు దే
వా వ్యసనాది దూర బసవా! బసవా! బసవా! వృషాధిపా!",vruttamu,Vrushadhipa,"[('ది', 'U'), ('వ్య', '|'), ('వి', '|'), ('మా', 'U'), ('న', '|'), ('పం', 'U'), ('క్తి', '|'), ('ది', '|'), ('వి', '|'), ('దే', 'U'), ('జ', '|'), ('రి', '|'), ('ల', '|'), ('న్ర', '|'), ('జ', '|'), ('తా', 'U'), ('ద్రి', '|'), ('కి', 'U'), ('న్జ', '|'), ('గ', 'U'), ('త్సే', 'U'), ('వ్య', '|'), ('ము', '|'), ('గా', 'U'), ('గ', '|'), ('ము', 'U'), ('న్ను', '|'), ('ద', '|'), ('న', '|'), ('చే', 'U'), ('మృ', '|'), ('తి', '|'), ('బొం', 'U'), ('దు', '|'), ('మృ', '|'), ('గా', 'U'), ('ళి', '|'), ('బు', 'U'), ('చ్చు', '|'), ('సం', 'U'), ('భా', 'U'), ('వ్యు', '|'), ('డు', '|'), ('తె', 'U'), ('న్గు', '|'), ('జొ', 'U'), ('మ్మ', '|'), ('య', '|'), ('కు', '|'), ('బ్రా', 'U'), ('ణ', '|'), ('స', '|'), ('ఖుం', 'U'), ('డ', '|'), ('గు', '|'), ('ని', 'U'), ('న్ను', '|'), ('గొ', 'U'), ('ల్తు', '|'), ('దే', 'U'), ('వా', 'U'), ('వ్య', '|'), ('స', '|'), ('నా', 'U'), ('ది', '|'), ('దూ', 'U'), ('ర', '|'), ('బ', '|'), ('స', '|'), ('వా', 'U'), ('బ', '|'), ('స', '|'), ('వా', 'U'), ('బ', '|'), ('స', '|'), ('వా', 'U'), ('వృ', '|'), ('షా', 'U'), ('ధి', '|'), ('పా', 'U')]",0.9928571428571429,1.0,1.0,0.9642857142857143,1.0,1.0
vutpalamaala,"చెన్నగు ప్రాణ లింగరతిచేగ ప్రసాదము పుట్టినిల్లు న
త్యున్నత భక్తిసీమ శివయోగ సమగ్రత కల్మియైన మా
యన్నకు నాది చెన్నబసవన్నకు సద్గురుఁడైన నిన్ను శ
శ్వన్నుతులన్‌ భజింతు బసవా! బసవా! బసవా! వృషాధిపా!",vruttamu,Vrushadhipa,"[('చె', 'U'), ('న్న', '|'), ('గు', '|'), ('ప్రా', 'U'), ('ణ', '|'), ('లిం', 'U'), ('గ', '|'), ('ర', '|'), ('తి', '|'), ('చే', 'U'), ('గ', '|'), ('ప్ర', '|'), ('సా', 'U'), ('ద', '|'), ('ము', '|'), ('పు', 'U'), ('ట్టి', '|'), ('ని', 'U'), ('ల్లు', '|'), ('న', 'U'), ('త్యు', 'U'), ('న్న', '|'), ('త', '|'), ('భ', 'U'), ('క్తి', '|'), ('సీ', 'U'), ('మ', '|'), ('శి', '|'), ('వ', '|'), ('యో', 'U'), ('గ', '|'), ('స', '|'), ('మ', '|'), ('గ్ర', '|'), ('త', '|'), ('క', 'U'), ('ల్మి', '|'), ('యై', 'U'), ('న', '|'), ('మా', 'U'), ('య', 'U'), ('న్న', '|'), ('కు', '|'), ('నా', 'U'), ('ది', '|'), ('చె', 'U'), ('న్న', '|'), ('బ', '|'), ('స', '|'), ('వ', 'U'), ('న్న', '|'), ('కు', '|'), ('స', 'U'), ('ద్గు', '|'), ('రు', '|'), ('డై', 'U'), ('న', '|'), ('ని', 'U'), ('న్ను', '|'), ('శ', 'U'), ('శ్వ', 'U'), ('న్ను', '|'), ('తు', '|'), ('ల', 'U'), ('న్భ', '|'), ('జిం', 'U'), ('తు', '|'), ('బ', '|'), ('స', '|'), ('వా', 'U'), ('బ', '|'), ('స', '|'), ('వా', 'U'), ('బ', '|'), ('స', '|'), ('వా', 'U'), ('వృ', '|'), ('షా', 'U'), ('ధి', '|'), ('పా', 'U')]",0.9428571428571428,1.0,1.0,0.9642857142857143,0.75,1.0
champakamaala,"అడరఁగఁ గళ్ళుచేసి రుచిరాన్నము లాదటనంది యిచ్చుచోఁ
గడిఁగడి నందుకొంచు నతికాంక్షమెయి\న్‌ శివుఁడారగింపఁగా
సడినను భక్తుఁడా సురియ చౌడయగారి ప్రసాది దేవ నీ
వడుగఁ జుమయ్య జియ్య! బసవా! బసవా! బసవా! వృషాధిపా!",vruttamu,Vrushadhipa,"[('అ', '|'), ('డ', '|'), ('ర', '|'), ('గ', '|'), ('గ', 'U'), ('ళ్ళు', '|'), ('చే', 'U'), ('సి', '|'), ('రు', '|'), ('చి', '|'), ('రా', 'U'), ('న్న', '|'), ('ము', '|'), ('లా', 'U'), ('ద', '|'), ('ట', '|'), ('నం', 'U'), ('ది', '|'), ('యి', 'U'), ('చ్చు', '|'), ('చో', 'U'), ('గ', '|'), ('డి', '|'), ('గ', '|'), ('డి', '|'), ('నం', 'U'), ('దు', '|'), ('కొం', 'U'), ('చు', '|'), ('న', '|'), ('తి', '|'), ('కాం', 'U'), ('క్ష', '|'), ('మె', '|'), ('యి', 'U'), ('న్శి', '|'), ('వు', '|'), ('డా', 'U'), ('ర', '|'), ('గిం', 'U'), ('ప', '|'), ('గా', 'U'), ('స', '|'), ('డి', '|'), ('న', '|'), ('ను', '|'), ('భ', 'U'), ('క్తు', '|'), ('డా', 'U'), ('సు', '|'), ('రి', '|'), ('య', '|'), ('చౌ', 'U'), ('డ', '|'), ('య', '|'), ('గా', 'U'), ('రి', '|'), ('ప్ర', '|'), ('సా', 'U'), ('ది', '|'), ('దే', 'U'), ('వ', '|'), ('నీ', 'U'), ('వ', '|'), ('డు', '|'), ('గ', '|'), ('జు', '|'), ('మ', 'U'), ('య్య', '|'), ('జి', 'U'), ('య్య', '|'), ('బ', '|'), ('స', '|'), ('వా', 'U'), ('బ', '|'), ('స', '|'), ('వా', 'U'), ('బ', '|'), ('స', '|'), ('వా', 'U'), ('వృ', '|'), ('షా', 'U'), ('ధి', '|'), ('పా', 'U')]",0.95,1.0,1.0,1.0,0.75,1.0
vutpalamaala,"జంగమమారగింపక విషంబును మీకు ననర్హమంచుఁ దా
ముంగల నారగించిన సముద్ధతభక్తియుతుండు సత్ప్రసా
దాంగుఁడు శృంగిబొప్పయకు నగ్గలమైన మహానుభావ నీ
వంగడమేఁ జుమయ్య బసవా! బసవా! బసవా! వృషాధిపా!",vruttamu,Vrushadhipa,"[('జం', 'U'), ('గ', '|'), ('మ', '|'), ('మా', 'U'), ('ర', '|'), ('గిం', 'U'), ('ప', '|'), ('క', '|'), ('వి', '|'), ('షం', 'U'), ('బు', '|'), ('ను', '|'), ('మీ', 'U'), ('కు', '|'), ('న', '|'), ('న', 'U'), ('ర్హ', '|'), ('మం', 'U'), ('చు', '|'), ('దా', 'U'), ('ముం', 'U'), ('గ', '|'), ('ల', '|'), ('నా', 'U'), ('ర', '|'), ('గిం', 'U'), ('చి', '|'), ('న', '|'), ('స', '|'), ('ము', 'U'), ('ద్ధ', '|'), ('త', '|'), ('భ', 'U'), ('క్తి', '|'), ('యు', '|'), ('తుం', 'U'), ('డు', '|'), ('స', 'U'), ('త్ప్ర', '|'), ('సా', 'U'), ('దాం', 'U'), ('గు', '|'), ('డు', '|'), ('శృం', 'U'), ('గి', '|'), ('బొ', 'U'), ('ప్ప', '|'), ('య', '|'), ('కు', '|'), ('న', 'U'), ('గ్గ', '|'), ('ల', '|'), ('మై', 'U'), ('న', '|'), ('మ', '|'), ('హా', 'U'), ('ను', '|'), ('భా', 'U'), ('వ', '|'), ('నీ', 'U'), ('వం', 'U'), ('గ', '|'), ('డ', '|'), ('మే', 'U'), ('జు', '|'), ('మ', 'U'), ('య్య', '|'), ('బ', '|'), ('స', '|'), ('వా', 'U'), ('బ', '|'), ('స', '|'), ('వా', 'U'), ('బ', '|'), ('స', '|'), ('వా', 'U'), ('వృ', '|'), ('షా', 'U'), ('ధి', '|'), ('పా', 'U')]",0.95,1.0,1.0,1.0,0.75,1.0
champakamaala,"కొఱటను లేఁత పత్తిరియ గొడ్డునఁ బాలును రేయి జంగమం
బఱిముఱివేఁడినన్‌ బడసి యా క్షణమాత్రన యిచ్చినట్టి యా
మొఱటదవంక దేవునకు ముద్దుతనూజుఁడవైన నిన్ను నే
వఱలఁగఁ బ్రస్తుతింతు బసవా! బసవా! బసవా! వృషాధిపా!",vruttamu,Vrushadhipa,"[('కొ', '|'), ('ఱ', '|'), ('ట', '|'), ('ను', '|'), ('లే', 'U'), ('త', '|'), ('ప', 'U'), ('త్తి', '|'), ('రి', '|'), ('య', '|'), ('గొ', 'U'), ('డ్డు', '|'), ('న', '|'), ('బా', 'U'), ('లు', '|'), ('ను', '|'), ('రే', 'U'), ('యి', '|'), ('జం', 'U'), ('గ', '|'), ('మం', 'U'), ('బ', '|'), ('ఱి', '|'), ('ము', '|'), ('ఱి', '|'), ('వే', 'U'), ('డి', '|'), ('న', 'U'), ('న్బ', '|'), ('డ', '|'), ('సి', '|'), ('యా', 'U'), ('క్ష', '|'), ('ణ', '|'), ('మా', 'U'), ('త్ర', '|'), ('న', '|'), ('యి', 'U'), ('చ్చి', '|'), ('న', 'U'), ('ట్టి', '|'), ('యా', 'U'), ('మొ', '|'), ('ఱ', '|'), ('ట', '|'), ('ద', '|'), ('వం', 'U'), ('క', '|'), ('దే', 'U'), ('వు', '|'), ('న', '|'), ('కు', '|'), ('ము', 'U'), ('ద్దు', '|'), ('త', '|'), ('నూ', 'U'), ('జు', '|'), ('డ', '|'), ('వై', 'U'), ('న', '|'), ('ని', 'U'), ('న్ను', '|'), ('నే', 'U'), ('వ', '|'), ('ఱ', '|'), ('ల', '|'), ('గ', '|'), ('బ్ర', 'U'), ('స్తు', '|'), ('తిం', 'U'), ('తు', '|'), ('బ', '|'), ('స', '|'), ('వా', 'U'), ('బ', '|'), ('స', '|'), ('వా', 'U'), ('బ', '|'), ('స', '|'), ('వా', 'U'), ('వృ', '|'), ('షా', 'U'), ('ధి', '|'), ('పా', 'U')]",0.95,1.0,1.0,1.0,0.75,1.0
champakamaala,"అనయము భక్తులీడ్యకులులంచును వేదములా ద్విజోత్తముల్‌
విన నుతియింపఁ గుక్కఁ జదివించిన హావినహళ్ళికళ్ళి దే
వునకు ననుంగువాడవని యుత్సుకతన్‌ నుతియింతు భక్తహృ
ద్వనజవిహారలోల బసవా! బసవా! బసవా! వృషాధిపా!",vruttamu,Vrushadhipa,"[('అ', '|'), ('న', '|'), ('య', '|'), ('ము', '|'), ('భ', 'U'), ('క్తు', '|'), ('లీ', 'U'), ('డ్య', '|'), ('కు', '|'), ('లు', '|'), ('లం', 'U'), ('చు', '|'), ('ను', '|'), ('వే', 'U'), ('ద', '|'), ('ము', '|'), ('లా', 'U'), ('ద్వి', '|'), ('జో', 'U'), ('త్త', '|'), ('ముల్', 'U'), ('వి', '|'), ('న', '|'), ('ను', '|'), ('తి', '|'), ('యిం', 'U'), ('ప', '|'), ('గు', 'U'), ('క్క', '|'), ('జ', '|'), ('ది', '|'), ('విం', 'U'), ('చి', '|'), ('న', '|'), ('హా', 'U'), ('వి', '|'), ('న', '|'), ('హ', 'U'), ('ళ్ళి', '|'), ('క', 'U'), ('ళ్ళి', '|'), ('దే', 'U'), ('వు', '|'), ('న', '|'), ('కు', '|'), ('న', '|'), ('నుం', 'U'), ('గు', '|'), ('వా', 'U'), ('డ', '|'), ('వ', '|'), ('ని', '|'), ('యు', 'U'), ('త్సు', '|'), ('క', '|'), ('త', 'U'), ('న్ను', '|'), ('తి', '|'), ('యిం', 'U'), ('తు', '|'), ('భ', 'U'), ('క్త', '|'), ('హృ', 'U'), ('ద్వ', '|'), ('న', '|'), ('జ', '|'), ('వి', '|'), ('హా', 'U'), ('ర', '|'), ('లో', 'U'), ('ల', '|'), ('బ', '|'), ('స', '|'), ('వా', 'U'), ('బ', '|'), ('స', '|'), ('వా', 'U'), ('బ', '|'), ('స', '|'), ('వా', 'U'), ('వృ', '|'), ('షా', 'U'), ('ధి', '|'), ('పా', 'U')]",0.9,1.0,1.0,1.0,0.5,1.0
vutpalamaala,"	భక్తుని మ్రింగఁ జంప మును భర్గునకున్‌ జిఱుతొండనంబికి\న్‌
యుక్తమెయంచు వారిపయి నొక్కట నుద్ధత ఘంట వ్రేసి యు
ద్రిక్తత నొప్పఁగా నలరు దిట్ట హలాయుధు కట్టనుంగ! ప్ర
వ్యక్తమ! నీవె దిక్కు బసవా! బసవా! బసవా! వృషాధిపా!",vruttamu,Vrushadhipa,"[('భ', 'U'), ('క్తు', '|'), ('ని', '|'), ('మ్రిం', 'U'), ('గ', '|'), ('జం', 'U'), ('ప', '|'), ('ము', '|'), ('ను', '|'), ('భ', 'U'), ('ర్గు', '|'), ('న', '|'), ('కు', 'U'), ('న్జి', '|'), ('ఱు', '|'), ('తొం', 'U'), ('డ', '|'), ('నం', 'U'), ('బి', '|'), ('కిన్', 'U'), ('యు', 'U'), ('క్త', '|'), ('మె', '|'), ('యం', 'U'), ('చు', '|'), ('వా', 'U'), ('రి', '|'), ('ప', '|'), ('యి', '|'), ('నొ', 'U'), ('క్క', '|'), ('ట', '|'), ('ను', 'U'), ('ద్ధ', '|'), ('త', '|'), ('ఘం', 'U'), ('ట', '|'), ('వ్రే', 'U'), ('సి', '|'), ('యు', '|'), ('ద్రి', 'U'), ('క్త', '|'), ('త', '|'), ('నొ', 'U'), ('ప్ప', '|'), ('గా', 'U'), ('న', '|'), ('ల', '|'), ('రు', '|'), ('ది', 'U'), ('ట్ట', '|'), ('హ', '|'), ('లా', 'U'), ('యు', '|'), ('ధు', '|'), ('క', 'U'), ('ట్ట', '|'), ('నుం', 'U'), ('గ', '|'), ('ప్ర', 'U'), ('వ్య', 'U'), ('క్త', '|'), ('మ', '|'), ('నీ', 'U'), ('వె', '|'), ('ది', 'U'), ('క్కు', '|'), ('బ', '|'), ('స', '|'), ('వా', 'U'), ('బ', '|'), ('స', '|'), ('వా', 'U'), ('బ', '|'), ('స', '|'), ('వా', 'U'), ('వృ', '|'), ('షా', 'U'), ('ధి', '|'), ('పా', 'U')]",0.9428571428571428,1.0,1.0,0.9642857142857143,0.75,1.0
champakamaala,"ధర నురులింగమూర్తి ధ్వజదండముగా మలమచ్చతోక శ్రీ
కరముగ భక్తికిం బడగఁగా శివుగర్భముఁ జొచ్చి పొల్చు మా
యరి యమరాజుగారి పరమాప్తుఁడవైన మహానుభావ! నీ
వరవుఁడనేఁ జుమయ్య బసవా! బసవా! బసవా! వృషాధిపా!",vruttamu,Vrushadhipa,"[('ధ', '|'), ('ర', '|'), ('ను', '|'), ('రు', '|'), ('లిం', 'U'), ('గ', '|'), ('మూ', 'U'), ('ర్తి', 'U'), ('ధ్వ', '|'), ('జ', '|'), ('దం', 'U'), ('డ', '|'), ('ము', '|'), ('గా', 'U'), ('మ', '|'), ('ల', '|'), ('మ', 'U'), ('చ్చ', '|'), ('తో', 'U'), ('క', '|'), ('శ్రీ', 'U'), ('క', '|'), ('ర', '|'), ('ము', '|'), ('గ', '|'), ('భ', 'U'), ('క్తి', '|'), ('కిం', 'U'), ('బ', '|'), ('డ', '|'), ('గ', '|'), ('గా', 'U'), ('శి', '|'), ('వు', '|'), ('గ', 'U'), ('ర్భ', '|'), ('ము', '|'), ('జొ', 'U'), ('చ్చి', '|'), ('పొ', 'U'), ('ల్చు', '|'), ('మా', 'U'), ('య', '|'), ('రి', '|'), ('య', '|'), ('మ', '|'), ('రా', 'U'), ('జు', '|'), ('గా', 'U'), ('రి', '|'), ('ప', '|'), ('ర', '|'), ('మా', 'U'), ('ప్తు', '|'), ('డ', '|'), ('వై', 'U'), ('న', '|'), ('మ', '|'), ('హా', 'U'), ('ను', '|'), ('భా', 'U'), ('వ', '|'), ('నీ', 'U'), ('వ', '|'), ('ర', '|'), ('వు', '|'), ('డ', '|'), ('నే', 'U'), ('జు', '|'), ('మ', 'U'), ('య్య', '|'), ('బ', '|'), ('స', '|'), ('వా', 'U'), ('బ', '|'), ('స', '|'), ('వా', 'U'), ('బ', '|'), ('స', '|'), ('వా', 'U'), ('వృ', '|'), ('షా', 'U'), ('ధి', '|'), ('పా', 'U')]",0.9428571428571428,1.0,1.0,0.9642857142857143,0.75,1.0
vutpalamaala,"దండితవాదియై శివుఁడ దైవముగా కని కన్నులిచ్చి తా
నిండు మనంబుతో నిలువు నిద్దపుఁగన్నులు దాల్చి పొల్చు మా
పండిత మల్లికార్జునుఁడు ప్రస్తుతి సేయఁగ నేర్చు నిన్ను నె
వ్వండు నుతింప నేర్చు బసవా! బసవా! బసవా! వృషాధిపా!",vruttamu,Vrushadhipa,"[('దం', 'U'), ('డి', '|'), ('త', '|'), ('వా', 'U'), ('ది', '|'), ('యై', 'U'), ('శి', '|'), ('వు', '|'), ('డ', '|'), ('దై', 'U'), ('వ', '|'), ('ము', '|'), ('గా', 'U'), ('క', '|'), ('ని', '|'), ('క', 'U'), ('న్ను', '|'), ('లి', 'U'), ('చ్చి', '|'), ('తా', 'U'), ('నిం', 'U'), ('డు', '|'), ('మ', '|'), ('నం', 'U'), ('బు', '|'), ('తో', 'U'), ('ని', '|'), ('లు', '|'), ('వు', '|'), ('ని', 'U'), ('ద్ద', '|'), ('పు', '|'), ('గ', 'U'), ('న్ను', '|'), ('లు', '|'), ('దా', 'U'), ('ల్చి', '|'), ('పొ', 'U'), ('ల్చు', '|'), ('మా', 'U'), ('పం', 'U'), ('డి', '|'), ('త', '|'), ('మ', 'U'), ('ల్లి', '|'), ('కా', 'U'), ('ర్జు', '|'), ('ను', '|'), ('డు', '|'), ('ప్ర', 'U'), ('స్తు', '|'), ('తి', '|'), ('సే', 'U'), ('య', '|'), ('గ', '|'), ('నే', 'U'), ('ర్చు', '|'), ('ని', 'U'), ('న్ను', '|'), ('నె', 'U'), ('వ్వం', 'U'), ('డు', '|'), ('ను', '|'), ('తిం', 'U'), ('ప', '|'), ('నే', 'U'), ('ర్చు', '|'), ('బ', '|'), ('స', '|'), ('వా', 'U'), ('బ', '|'), ('స', '|'), ('వా', 'U'), ('బ', '|'), ('స', '|'), ('వా', 'U'), ('వృ', '|'), ('షా', 'U'), ('ధి', '|'), ('పా', 'U')]",1.0,1.0,1.0,1.0,1.0,1.0
champakamaala,"వసుమతిఁ బేరుకొన్న నరువత్తురు మువ్వురి కూర్మిబంట! షో
డసుల సుతుండ! తేరసుల దక్కిన భృత్యుఁడ! వీరలాది గా
నెసగు మహానుభావులకు నెల్ల ననర్గళమైన భక్తినన్‌
వసిగొని ప్రోవుమయ్య బసవా! బసవా! బసవా! వృషాధిపా!",vruttamu,Vrushadhipa,"[('వ', '|'), ('సు', '|'), ('మ', '|'), ('తి', '|'), ('బే', 'U'), ('రు', '|'), ('కొ', 'U'), ('న్న', '|'), ('న', '|'), ('రు', '|'), ('వ', 'U'), ('త్తు', '|'), ('రు', '|'), ('ము', 'U'), ('వ్వు', '|'), ('రి', '|'), ('కూ', 'U'), ('ర్మి', '|'), ('బం', 'U'), ('ట', '|'), ('షో', 'U'), ('డ', '|'), ('సు', '|'), ('ల', '|'), ('సు', '|'), ('తుం', 'U'), ('డ', '|'), ('తే', 'U'), ('ర', '|'), ('సు', '|'), ('ల', '|'), ('ద', 'U'), ('క్కి', '|'), ('న', '|'), ('భృ', 'U'), ('త్యు', '|'), ('డ', '|'), ('వీ', 'U'), ('ర', '|'), ('లా', 'U'), ('ది', '|'), ('గా', 'U'), ('నె', '|'), ('స', '|'), ('గు', '|'), ('మ', '|'), ('హా', 'U'), ('ను', '|'), ('భా', 'U'), ('వు', '|'), ('ల', '|'), ('కు', '|'), ('నె', 'U'), ('ల్ల', '|'), ('న', '|'), ('న', 'U'), ('ర్గ', '|'), ('ళ', '|'), ('మై', 'U'), ('న', '|'), ('భ', 'U'), ('క్తి', '|'), ('నన్', 'U'), ('వ', '|'), ('సి', '|'), ('గొ', '|'), ('ని', '|'), ('ప్రో', 'U'), ('వు', '|'), ('మ', 'U'), ('య్య', '|'), ('బ', '|'), ('స', '|'), ('వా', 'U'), ('బ', '|'), ('స', '|'), ('వా', 'U'), ('బ', '|'), ('స', '|'), ('వా', 'U'), ('వృ', '|'), ('షా', 'U'), ('ధి', '|'), ('పా', 'U')]",1.0,1.0,1.0,1.0,1.0,1.0
champakamaala,"బసవ నిధానమా! బసవ భవ్యనిధీ! బసవామృతాంబుధీ!
బసవ మహానిధీ! బసవ భర్మగిరీ! బసవామరద్రుమా!
బసవ మహాబలీ! బసవ బండరువా! బసవోల్లసన్మణీ!
వసిగని ప్రోవుమయ్య బసవా! బసవా! బసవా! వృషాధిపా!",vruttamu,Vrushadhipa,"[('బ', '|'), ('స', '|'), ('వ', '|'), ('ని', '|'), ('ధా', 'U'), ('న', '|'), ('మా', 'U'), ('బ', '|'), ('స', '|'), ('వ', '|'), ('భ', 'U'), ('వ్య', '|'), ('ని', '|'), ('ధీ', 'U'), ('బ', '|'), ('స', '|'), ('వా', 'U'), ('మృ', '|'), ('తాం', 'U'), ('బు', '|'), ('ధీ', 'U'), ('బ', '|'), ('స', '|'), ('వ', '|'), ('మ', '|'), ('హా', 'U'), ('ని', '|'), ('ధీ', 'U'), ('బ', '|'), ('స', '|'), ('వ', '|'), ('భ', 'U'), ('ర్మ', '|'), ('గి', '|'), ('రీ', 'U'), ('బ', '|'), ('స', '|'), ('వా', 'U'), ('మ', '|'), ('ర', '|'), ('ద్రు', '|'), ('మా', 'U'), ('బ', '|'), ('స', '|'), ('వ', '|'), ('మ', '|'), ('హా', 'U'), ('బ', '|'), ('లీ', 'U'), ('బ', '|'), ('స', '|'), ('వ', '|'), ('బం', 'U'), ('డ', '|'), ('రు', '|'), ('వా', 'U'), ('బ', '|'), ('స', '|'), ('వో', 'U'), ('ల్ల', '|'), ('స', 'U'), ('న్మ', '|'), ('ణీ', 'U'), ('వ', '|'), ('సి', '|'), ('గ', '|'), ('ని', '|'), ('ప్రో', 'U'), ('వు', '|'), ('మ', 'U'), ('య్య', '|'), ('బ', '|'), ('స', '|'), ('వా', 'U'), ('బ', '|'), ('స', '|'), ('వా', 'U'), ('బ', '|'), ('స', '|'), ('వా', 'U'), ('వృ', '|'), ('షా', 'U'), ('ధి', '|'), ('పా', 'U')]",0.9928571428571429,1.0,1.0,0.9642857142857143,1.0,1.0
vutpalamaala,"నా యొడయండ! నా విభుఁడ! నా హృదయేశ్వర! నా మనోరమా!
నా యిలవేల్ప! నా వరుఁడ! నా గురులింగమ! నాదు జంగమా!
నా యదినాథ! నా వరద! నన్నుఁ గృపామతిఁ బ్రోవుమయ్య దే
వా యమిబృందవంద్య! బసవా! బసవా! బసవా! వృషాధిపా!",vruttamu,Vrushadhipa,"[('నా', 'U'), ('యొ', '|'), ('డ', '|'), ('యం', 'U'), ('డ', '|'), ('నా', 'U'), ('వి', '|'), ('భు', '|'), ('డ', '|'), ('నా', 'U'), ('హృ', '|'), ('ద', '|'), ('యే', 'U'), ('శ్వ', '|'), ('ర', '|'), ('నా', 'U'), ('మ', '|'), ('నో', 'U'), ('ర', '|'), ('మా', 'U'), ('నా', 'U'), ('యి', '|'), ('ల', '|'), ('వే', 'U'), ('ల్ప', '|'), ('నా', 'U'), ('వ', '|'), ('రు', '|'), ('డ', '|'), ('నా', 'U'), ('గు', '|'), ('రు', '|'), ('లిం', 'U'), ('గ', '|'), ('మ', '|'), ('నా', 'U'), ('దు', '|'), ('జం', 'U'), ('గ', '|'), ('మా', 'U'), ('నా', 'U'), ('య', '|'), ('ది', '|'), ('నా', 'U'), ('థ', '|'), ('నా', 'U'), ('వ', '|'), ('ర', '|'), ('ద', '|'), ('న', 'U'), ('న్ను', '|'), ('గృ', '|'), ('పా', 'U'), ('మ', '|'), ('తి', '|'), ('బ్రో', 'U'), ('వు', '|'), ('మ', 'U'), ('య్య', '|'), ('దే', 'U'), ('వా', 'U'), ('య', '|'), ('మి', '|'), ('బృం', 'U'), ('ద', '|'), ('వం', 'U'), ('ద్య', '|'), ('బ', '|'), ('స', '|'), ('వా', 'U'), ('బ', '|'), ('స', '|'), ('వా', 'U'), ('బ', '|'), ('స', '|'), ('వా', 'U'), ('వృ', '|'), ('షా', 'U'), ('ధి', '|'), ('పా', 'U')]",1.0,1.0,1.0,1.0,1.0,1.0
vutpalamaala,"నోరికి వచ్చినట్టు నిను నూఱువిధంబులఁ బ్రస్తుతింతు నే
నేరుతు నేరఁ బొమ్మనక నీపయి నొచ్చెములేని మచ్చికన్‌
గారవమంద మత్ప్రణుతిఁ గైకొనఁగాఁ దగు గౌరవంబునన్‌
వారని కూర్మి పేర్మి బసవా! బసవా! బసవా! వృషాధిపా!",vruttamu,Vrushadhipa,"[('నో', 'U'), ('రి', '|'), ('కి', '|'), ('వ', 'U'), ('చ్చి', '|'), ('న', 'U'), ('ట్టు', '|'), ('ని', '|'), ('ను', '|'), ('నూ', 'U'), ('ఱు', '|'), ('వి', '|'), ('ధం', 'U'), ('బు', '|'), ('ల', '|'), ('బ్ర', 'U'), ('స్తు', '|'), ('తిం', 'U'), ('తు', '|'), ('నే', 'U'), ('నే', 'U'), ('రు', '|'), ('తు', '|'), ('నే', 'U'), ('ర', '|'), ('బొ', 'U'), ('మ్మ', '|'), ('న', '|'), ('క', '|'), ('నీ', 'U'), ('ప', '|'), ('యి', '|'), ('నొ', 'U'), ('చ్చె', '|'), ('ము', '|'), ('లే', 'U'), ('ని', '|'), ('మ', 'U'), ('చ్చి', '|'), ('కన్', 'U'), ('గా', 'U'), ('ర', '|'), ('వ', '|'), ('మం', 'U'), ('ద', '|'), ('మ', 'U'), ('త్ప్ర', '|'), ('ణు', '|'), ('తి', '|'), ('గై', 'U'), ('కొ', '|'), ('న', '|'), ('గా', 'U'), ('ద', '|'), ('గు', '|'), ('గౌ', 'U'), ('ర', '|'), ('వం', 'U'), ('బు', '|'), ('నన్', 'U'), ('వా', 'U'), ('ర', '|'), ('ని', '|'), ('కూ', 'U'), ('ర్మి', '|'), ('పే', 'U'), ('ర్మి', '|'), ('బ', '|'), ('స', '|'), ('వా', 'U'), ('బ', '|'), ('స', '|'), ('వా', 'U'), ('బ', '|'), ('స', '|'), ('వా', 'U'), ('వృ', '|'), ('షా', 'U'), ('ధి', '|'), ('పా', 'U')]",1.0,1.0,1.0,1.0,1.0,1.0
champakamaala,"	బసవఁడు ప్రీతిఁ గైకొనియె భక్తిమెయిన్‌ రచియించినాఁడ నే
బసవపురాణమంచు మునుఁ బ్రస్తుతి సేయుదురట్లుగాన నీ
యసమదయాధురీణతకు నంకిలిపాటు ఘటిల్లకుండ నన్‌
వసిఁగొని బ్రోవుమయ్య బసవా! బసవా! బసవా! వృషాధిపా!",vruttamu,Vrushadhipa,"[('బ', '|'), ('స', '|'), ('వ', '|'), ('డు', '|'), ('ప్రీ', 'U'), ('తి', '|'), ('గై', 'U'), ('కొ', '|'), ('ని', '|'), ('యె', '|'), ('భ', 'U'), ('క్తి', '|'), ('మె', '|'), ('యి', '|'), ('న్ర', '|'), ('చి', '|'), ('యిం', 'U'), ('చి', '|'), ('నా', 'U'), ('డ', '|'), ('నే', 'U'), ('బ', '|'), ('స', '|'), ('వ', '|'), ('పు', '|'), ('రా', 'U'), ('ణ', '|'), ('మం', 'U'), ('చు', '|'), ('ము', '|'), ('ను', '|'), ('బ్ర', 'U'), ('స్తు', '|'), ('తి', '|'), ('సే', 'U'), ('యు', '|'), ('దు', '|'), ('ర', 'U'), ('ట్లు', '|'), ('గా', 'U'), ('న', '|'), ('నీ', 'U'), ('య', '|'), ('స', '|'), ('మ', '|'), ('ద', '|'), ('యా', 'U'), ('ధు', '|'), ('రీ', 'U'), ('ణ', '|'), ('త', '|'), ('కు', '|'), ('నం', 'U'), ('కి', '|'), ('లి', '|'), ('పా', 'U'), ('టు', '|'), ('ఘ', '|'), ('టి', 'U'), ('ల్ల', '|'), ('కుం', 'U'), ('డ', '|'), ('నన్', 'U'), ('వ', '|'), ('సి', '|'), ('గొ', '|'), ('ని', '|'), ('బ్రో', 'U'), ('వు', '|'), ('మ', 'U'), ('య్య', '|'), ('బ', '|'), ('స', '|'), ('వా', 'U'), ('బ', '|'), ('స', '|'), ('వా', 'U'), ('బ', '|'), ('స', '|'), ('వా', 'U'), ('వృ', '|'), ('షా', 'U'), ('ధి', '|'), ('పా', 'U')]",0.9428571428571428,1.0,1.0,0.9642857142857143,0.75,1.0
champakamaala,"అకుటిల లింగ జంగమ సమగ్రదయాకలిత ప్రసాది పా
లకురికి సోమనాథుఁడతి లౌల్యమునన్‌ బసవన్న దండ నా
యకునకు నొప్ప నీ శతక మర్పణచేసె నలిన్‌ బఠించు వా
రికి వినువారికిన్‌ గలుగు శ్రీయును నాయువు భుక్తిముక్తియున్‌",vruttamu,Vrushadhipa,"[('అ', '|'), ('కు', '|'), ('టి', '|'), ('ల', '|'), ('లిం', 'U'), ('గ', '|'), ('జం', 'U'), ('గ', '|'), ('మ', '|'), ('స', '|'), ('మ', '|'), ('గ్ర', '|'), ('ద', '|'), ('యా', 'U'), ('క', '|'), ('లి', '|'), ('త', '|'), ('ప్ర', '|'), ('సా', 'U'), ('ది', '|'), ('పా', 'U'), ('ల', '|'), ('కు', '|'), ('రి', '|'), ('కి', '|'), ('సో', 'U'), ('మ', '|'), ('నా', 'U'), ('థు', '|'), ('డ', '|'), ('తి', '|'), ('లౌ', 'U'), ('ల్య', '|'), ('ము', '|'), ('న', 'U'), ('న్బ', '|'), ('స', '|'), ('వ', 'U'), ('న్న', '|'), ('దం', 'U'), ('డ', '|'), ('నా', 'U'), ('య', '|'), ('కు', '|'), ('న', '|'), ('కు', '|'), ('నొ', 'U'), ('ప్ప', '|'), ('నీ', 'U'), ('శ', '|'), ('త', '|'), ('క', '|'), ('మ', 'U'), ('ర్ప', '|'), ('ణ', '|'), ('చే', 'U'), ('సె', '|'), ('న', '|'), ('లి', 'U'), ('న్బ', '|'), ('ఠిం', 'U'), ('చు', '|'), ('వా', 'U'), ('రి', '|'), ('కి', '|'), ('వి', '|'), ('ను', '|'), ('వా', 'U'), ('రి', '|'), ('కి', 'U'), ('న్గ', '|'), ('లు', '|'), ('గు', '|'), ('శ్రీ', 'U'), ('యు', '|'), ('ను', '|'), ('నా', 'U'), ('యు', '|'), ('వు', '|'), ('భు', 'U'), ('క్తి', '|'), ('ము', 'U'), ('క్తి', '|'), ('యున్', 'U')]",0.8857142857142858,1.0,1.0,0.9285714285714286,0.5,1.0
